;GO:0043507;GO:1902311;GO:0015031;GO:1901224;GO:0051092;GO:0045766;GO:0000187;GO:0050796;GO:0032725;GO:0001666;GO:0045892;GO:0030949;GO:0070164;GO:0032729;GO:0035434;GO:0035556;GO:0060231;GO:0060355;GO:0051260;GO:1902600;GO:0045410;GO:0001315;GO:0033092;GO:0046627;GO:0003069;GO:0061844;GO:0010829;GO:0001954;GO:0001836;GO:0019752;GO:0031622;GO:0033129;GO:0071407;GO:0034976;GO:0051017;GO:2001076;GO:0045429;GO:1903140;GO:0060421;GO:0043407;GO:0008285;GO:1902176;GO:0043123;GO:0097191;GO:0045665;GO:0097192;GO:0045944;GO:0043525;GO:0043524;GO:0032308;GO:0000165;GO:0043491;GO:0051781;GO:2000778;GO:0071398;GO:0019221;GO:0051384;GO:0050691;GO:0033591;GO:2001240;GO:0033198;GO:0014050;GO:0060539;GO:0001660;GO:0071260;GO:0001933;GO:0072112;GO:0001934;GO:0030593;GO:2001238;GO:0050900;GO:2000660;GO:0071548;GO:0045727;GO:1905461;GO:0030073;GO:0048711;GO:0045840;GO:0006887;GO:0050870;GO:0006878;GO:0051289;GO:0002711;GO:0051044;GO:0071333;GO:0002439;GO:0006914;GO:0050999;GO:0050995;GO:0051601;GO:0010575;GO:0050996;GO:0035234;GO:0046827;GO:0007186;GO:0090023;GO:0050805;GO:2000173;GO:0010193;GO:0060559;GO:0043312;GO:0000303;GO:0043278;GO:1904706;GO:0043434;GO:1900745;GO:0032757;GO:0019430;GO:0010506;GO:0032355;GO:0031663;GO:0035505;GO:0010469;GO:0032755;GO:0030213;GO:0050766;GO:0030336;GO:0030335;GO:0046718;GO:0035066;GO:0071639;GO:0033280;GO:0010718;GO:0000122;GO:0045471;GO:0043171;GO:2000178;GO:0071874;GO:0071236;GO:0035176;GO:0035690;GO:0007565;GO:1905932;GO:0042246;GO:0006357;GO:0007204;GO:0045086;GO:0008406;GO:0071222;GO:2000866;GO:0043066;GO:0070098;GO:0006508;GO:0070374;GO:0034116;GO:0034115;GO:0034599;GO:0070498;GO:0030036;GO:0035722;GO:0045080
GO:0043507;1.0;0.11829653109708016;0.0;0.426259771248652;0.3188944451529629;0.14177477374327196;0.9133865349776632;0.18473435597721966;0.14896336847496836;0.0;0.22792475756494118;0.3862343813109003;0.1579697816190533;0.1488954325665638;0.0;0.15994362163634174;0.0;0.21874427444500516;0.0;0.0;0.39966991001594415;0.0;0.14193964394133007;0.2389835325393723;0.07487301998868635;0.0;0.11805606361500057;0.14929995451262593;0.0;0.0;0.19866784039139748;0.586214691280729;0.0;0.0;0.0;0.13477645792017154;0.32063896096112615;0.15059393692591752;0.13739064842604876;0.5165245476938636;0.1590932677778349;0.2562551219302707;0.4261175158728525;0.15619666319341563;0.13705873581166755;0.1527714073365634;0.3460209310529641;0.19901136412333617;0.1449571298646797;0.12715256713459042;0.12517184909086604;0.15812581802206396;0.21856364033717748;0.1690840644420745;0.0;0.15794475244956221;0.0;0.16636321903229898;0.0;0.2175615482547757;0.0;0.13266934842518288;0.0;0.07691500739753308;0.0;0.38567280354944444;0.0;0.651529061478669;0.0;0.35830858121614517;0.0;0.23420103320918073;0.0;0.4362117737725427;0.1951968811912575;0.06822371104182405;0.18082222880020965;0.19068143572591592;0.0;0.18690775716121974;0.07323067098002489;0.0;0.17736134121245978;0.45761425025462166;0.06716332250506288;0.0;0.0;0.20514970793608606;0.1733319944222309;0.0;0.14893816638083665;0.22740291337121313;0.0;0.1278161477003058;0.1599704236829323;0.20952544051004204;0.20126985247374943;0.11258389527065048;0.0;0.3175035019104142;0.0;0.0;0.0;0.15210266049537965;0.0;0.841948402571067;0.14891242854376888;0.0;0.21815097092625474;0.0;0.15806320686012923;0.780063330673621;0.2886434731397123;0.14888293185942345;0.0;0.19876505365150757;0.14663167356453097;0.2009734882822309;0.0;0.4627071492446186;0.14565902685340104;0.0;0.20055658204476648;0.223746821723468;0.0;0.0;0.15552806371261993;0.0;0.0;0.0;0.0;0.0;0.17825917934699062;0.0;0.2657358183358451;0.07158624080486448;0.39973845708486827;0.0;0.0;0.2629814422709207;0.15144930731918968;0.15615317141152432;0.0;0.7847070925452857;0.14930439098665632;0.14058723122987382;0.0;0.15616290260346974;0.0;0.1561652939730337;0.3997243665172892
GO:1902311;0.11829653109708016;1.0;0.0;0.28715310576831116;0.22763426258499148;0.33861317832705795;0.1303480332811071;0.3858227880994429;0.395484252641181;0.0;0.18248281654874793;0.2969035471297521;0.26859145644534527;0.394887445684744;0.0;0.42367653509242387;0.0;0.418536250187977;0.0;0.0;0.19394457452393704;0.0;0.14607079105043017;0.2900398530338754;0.21090811148577046;0.0;0.6216019144488463;0.3984597765681839;0.0;0.0;0.26726323929384066;0.16836682406711878;0.0;0.0;0.0;0.29323988881472246;0.23549542782579566;0.3484509431125002;0.30921106581958563;0.13494864879993823;0.41594582923695944;0.19055363412962306;0.28689651859610793;0.39105672874292896;0.26804803153896495;0.3642188392590202;0.17810844293998282;0.31192046398578804;0.31164219818038813;0.41156492358742;0.21550727742420928;0.40739143030399977;0.4173472449337918;0.29767554795231727;0.0;0.40581803397708216;0.0;0.35531210088540655;0.0;0.22919977386950893;0.0;0.40319353599696595;0.0;0.22795559003385046;0.0;0.21175599129386288;0.0;0.21017897836515076;0.0;0.2447200199037562;0.0;0.2749060380567806;0.0;0.19168610233423908;0.29560823472573566;0.16547754319092;0.24291932140533237;0.2776679399177254;0.0;0.2636999795163151;0.19837585748238998;0.0;0.26898394952808796;0.21279272943319047;0.15937437860743164;0.0;0.0;0.4101629534754169;0.34818776312682453;0.0;0.3952627091433749;0.34729250682854573;0.0;0.36566322196183987;0.4239235085345175;0.2491459734334237;0.3419254153570889;0.3294610021161558;0.0;0.15712994586488224;0.0;0.0;0.0;0.3592752816102444;0.0;0.14648721479227153;0.3950366348710292;0.0;0.3974282910466539;0.0;0.40684639133852957;0.16190858517179907;0.3808276215772511;0.39477776576302404;0.0;0.4448978581932824;0.3926019573113904;0.39106929030819715;0.0;0.18219536547074588;0.36784330481730865;0.0;0.31885765497920926;0.17570146746088;0.0;0.0;0.3856087034707173;0.0;0.0;0.0;0.0;0.0;0.23474994659832527;0.0;0.2585132319543874;0.18675460331728636;0.19401557199855038;0.0;0.0;0.3303578836642884;0.3545329183900538;0.39069909884569654;0.0;0.16021329224172726;0.3984992050869492;0.28650901698667786;0.0;0.39077907823356106;0.0;0.39079873607199045;0.19400097546910655
GO:0015031;0.0;0.0;1.0;0.0;0.0;0.0;0.0;0.0;0.0;0.0;0.0;0.0;0.0;0.0;0.3525211451746023;0.0;0.0;0.0;0.0;0.37609428463822003;0.0;0.0;0.0;0.0;0.0;0.0;0.0;0.0;0.0;0.0;0.0;0.0;0.0;0.0;0.0;0.0;0.0;0.0;0.0;0.0;0.0;0.0;0.0;0.0;0.0;0.0;0.0;0.0;0.0;0.0;0.0;0.0;0.0;0.0;0.0;0.0;0.0;0.0;0.0;0.0;0.0;0.0;0.0;0.0;0.0;0.0;0.0;0.0;0.0;0.0;0.0;0.0;0.0;0.0;0.0;0.6578292201384391;0.0;0.0;0.42466345399203964;0.0;0.0;0.0;0.0;0.0;0.0;0.0;0.0;0.0;0.0;0.409974097632287;0.0;0.0;0.0;0.0;0.0;0.0;0.0;0.0;0.0;0.0;0.2707442606343554;0.0;0.0;0.0;0.0;0.0;0.0;0.0;0.0;0.0;0.0;0.0;0.0;0.0;0.0;0.0;0.0;0.0;0.0;0.0;0.0;0.0;0.0;0.0;0.0;0.0;0.0;0.0;0.0;0.0;0.0;0.0;0.0;0.0;0.0;0.0;0.0;0.0;0.0;0.0;0.0;0.0;0.0;0.0;0.0;0.0;0.0;0.0;0.0;0.0;0.0
GO:1901224;0.426259771248652;0.28715310576831116;0.0;1.0;0.29613049688473747;0.32581198018054863;0.46523417276966206;0.3849768551751457;0.3664515566549303;0.0;0.20652667183574386;0.8385945410032435;0.2845188897279739;0.3660407055290304;0.0;0.40560325596156294;0.0;0.5517341176979826;0.0;0.0;0.29866816479679953;0.0;0.2333086859450886;0.5137230706507911;0.16577610573559282;0.0;0.2857403045228839;0.3684952011233273;0.0;0.0;0.36736566804100174;0.26434269831426854;0.0;0.0;0.0;0.29107782738854143;0.35171099887869495;0.3504303676336364;0.3035518950250244;0.29371884182108354;0.4001790429939911;0.3974297787001015;0.9117468557262215;0.38234399531093255;0.28494879961377856;0.36245175629533943;0.2775729009316545;0.441353466149495;0.3213520724598298;0.2577066013094054;0.2379662181990335;0.39411377785236934;0.550586385785344;0.3169434596093191;0.0;0.3929909013116004;0.0;0.33393247348705324;0.0;0.4239828831144632;0.0;0.2666100412856159;0.0;0.17612919368374538;0.0;0.2344722234350746;0.0;0.3197808162582764;0.0;0.7172261411868759;0.0;0.4921208227310283;0.0;0.2956903032200575;0.42302049415764986;0.13635222315541426;0.36085287481007605;0.40237109148669264;0.0;0.38592877157723227;0.15793379419456513;0.0;0.36927977407202406;0.32313265738176283;0.13218132265704619;0.0;0.0;0.3017329090044971;0.2667984575780288;0.0;0.36629907993500177;0.33221493190219753;0.0;0.26044708898080127;0.40577566052738395;0.3900453288517803;0.46450389580698215;0.25566328804587773;0.0;0.24883521381702203;0.0;0.0;0.0;0.35870999106249085;0.0;0.5162855793387429;0.3661434395906878;0.0;0.38696467627629694;0.0;0.39372506145010416;0.255462667467129;0.6342974140356095;0.36596516545167407;0.0;0.44014385396505196;0.3296990237495909;0.4511211034218941;0.0;0.2830654056412743;0.3470821252839059;0.0;0.44902589498802653;0.1998756589782353;0.0;0.0;0.37836248485148993;0.0;0.0;0.0;0.0;0.0;0.3507875542470735;0.0;0.2766845965802835;0.15047886630987808;0.2987616137438423;0.0;0.0;0.5139533878414386;0.3550972676916215;0.38208350162571025;0.0;0.5587076221796584;0.3685222283331273;0.30063597447759577;0.0;0.3821417682894124;0.0;0.3821560885062392;0.298742402177468
GO:0051092;0.3188944451529629;0.22763426258499148;0.0;0.29613049688473747;1.0;0.2632225908626729;0.3452451102620252;0.23882808704027314;0.2891272405642801;0.0;0.675733089520923;0.3027005420607241;0.1844818793744248;0.2888714219645798;0.0;0.3165451548216479;0.0;0.37365154221461777;0.0;0.0;0.5089605446249351;0.0;0.18074977868475697;0.25078008241111277;0.13561587323720872;0.0;0.22674552733082212;0.2903979301325175;0.0;0.0;0.22568372883792046;0.3662066644588971;0.0;0.0;0.0;0.24007768151123296;0.4631201094043773;0.28190633696803996;0.24850025177819482;0.30510563311444244;0.31323169031214726;0.18660820069120032;0.2959555595790459;0.30219794732279004;0.23792269276587738;0.28963416270794873;0.6969057523896641;0.31253171805764696;0.2627778879580453;0.2169106610928286;0.20425167608237993;0.30950344048071404;0.373043468801959;0.2365977185241204;0.0;0.3088105167124015;0.0;0.21733885540701559;0.0;0.2134586939001675;0.0;0.2250002262732797;0.0;0.14246665901673686;0.0;0.3966289704671366;0.0;0.4323223257056129;0.0;0.26568340525085293;0.0;0.24200489010963036;0.0;0.5717246353844166;0.30183636244441836;0.11526735958691055;0.2643201387050894;0.28959238133770476;0.0;0.27969003884205396;0.130321978776562;0.0;0.22666510211817734;0.4362176421267673;0.11227249472316543;0.0;0.0;0.3509905253175279;0.3244007745233991;0.0;0.2890323142642083;0.37696039516739904;0.0;0.21884890342436694;0.31665015177755174;0.23358155095276487;0.2786291069038629;0.20738525407774253;0.0;0.39649035493478785;0.0;0.0;0.0;0.28723986935219475;0.0;0.32848905505425163;0.288935401215819;0.0;0.42400545590072153;0.0;0.30926366069779365;0.4100817691141316;0.3483333592623949;0.2888243733638517;0.0;0.31183103269042206;0.26833298947209094;0.3181642011435305;0.0;0.3888978954133963;0.276933618127215;0.0;0.31695982296786324;0.6566213835733777;0.0;0.0;0.299705239574936;0.0;0.0;0.0;0.0;0.0;0.2580576788977599;0.0;0.8683207660314634;0.1252036574383817;0.5090989001406128;0.0;0.0;0.25498970346239974;0.2849186854114812;0.3020351925625427;0.0;0.3524190229415345;0.29041471499634414;0.24876083459484127;0.0;0.3020716012316681;0.0;0.3020805490459502;0.5090704574495933
GO:0045766;0.14177477374327196;0.33861317832705795;0.0;0.32581198018054863;0.2632225908626729;1.0;0.15559329966656918;0.24650869898511232;0.5837710530243098;0.0;0.1716189733174015;0.33584206686997525;0.21509814324577145;0.5829962471217757;0.0;0.3693874238422023;0.0;0.45598367993825134;0.0;0.0;0.305032966114378;0.0;0.32208112152721885;0.26352574945966456;0.19038594203574155;0.0;0.33665036501893825;0.4367670932909683;0.0;0.0;0.4105634721484922;0.19847111758327918;0.0;0.0;0.0;0.6711291835640549;0.27162625910374705;0.513365462259073;0.6469530331269755;0.12891382957279882;0.3634972088152537;0.17873868109233307;0.3255472006965336;0.34434463830701034;0.4049870155853858;0.3233634334666919;0.20928634060833315;0.35116991138526665;0.28123844729268493;0.2893357770666354;0.2005170101715065;0.35694714058016513;0.4548521140861644;0.32561387706297346;0.0;0.3557386871867551;0.0;0.31632349839597207;0.0;0.2123187512790043;0.0;0.22755990229259193;0.0;0.2041688543120783;0.0;0.19726550158183218;0.0;0.24440997146030505;0.0;0.281433571710483;0.0;0.2509725137770844;0.0;0.22424603072952295;0.33451314921677655;0.1525738431427195;0.5190323190206766;0.31599539041546165;0.0;0.3014316179430596;0.1801145173852262;0.0;0.306956159070275;0.24724047579853087;0.1473704341700169;0.0;0.0;0.3590730113681924;0.31066444226801093;0.0;0.5834834666329142;0.3867111019485948;0.0;0.29279475855723147;0.3695751449910131;0.2380857752853664;0.30566943802801905;0.548806512034733;0.0;0.1859097520925322;0.0;0.0;0.0;0.31946079488201845;0.0;0.17392663392989896;0.5831899587506887;0.0;0.34927533899293856;0.0;0.35652865206995366;0.19126297925620922;0.336388470177919;0.582853824236238;0.0;0.3500645467536266;0.28966333929114707;0.36012892736473434;0.0;0.21380320275734624;0.5475875779336906;0.0;0.6651261768445029;0.16560772554231373;0.0;0.0;0.3401133797440875;0.0;0.0;0.0;0.0;0.0;0.5874978086459443;0.0;0.23723849709314618;0.17048241322993563;0.30513758845114675;0.0;0.0;0.2666206346426432;0.3157057855698553;0.3440673137121457;0.0;0.18936576714389258;0.43680506352400345;0.48372652784256065;0.0;0.34412933909867105;0.0;0.34414458362538836;0.30511607930546164
GO:0000187;0.9133865349776632;0.1303480332811071;0.0;0.46523417276966206;0.3452451102620252;0.15559329966656918;1.0;0.20118774651876337;0.16429450637292192;0.0;0.24481721355872363;0.4220280198071374;0.1698476870783625;0.16421187097589676;0.0;0.17677781767345258;0.0;0.2416777606504896;0.0;0.0;0.4302296237475047;0.0;0.1512529588209966;0.26092358571326474;0.08193734770185157;0.0;0.13005613510946773;0.164704034954674;0.0;0.0;0.19261886297233255;0.6278476388972053;0.0;0.0;0.0;0.14720463357364294;0.3475510252108124;0.16542627681251348;0.15032876717462382;0.5488833104153766;0.17573962390072412;0.23599221836516376;0.465064719499232;0.17221186877402841;0.149236863431506;0.16805754556038416;0.3713428097435201;0.21781597263271302;0.1586494083888062;0.13815706126999577;0.13525152390727466;0.17455987941085122;0.24145728423053167;0.18246807482161476;0.0;0.17433924792142502;0.0;0.1563983427315361;0.0;0.23559615606533588;0.0;0.14404756522873183;0.0;0.08438914819507375;0.0;0.41646893047909483;0.0;0.7033662597142556;0.0;0.3889083471627747;0.0;0.2552331111384308;0.0;0.469368504196075;0.2132548313190836;0.07404028139408085;0.1962136118305883;0.20787678927311445;0.0;0.20339980369468125;0.07997452682017253;0.0;0.19314378094982676;0.4942410272825299;0.07279302612435162;0.0;0.0;0.22651810585474982;0.19039919189515636;0.0;0.16426385032385743;0.24977335777210427;0.0;0.1389408260885376;0.1768105590777616;0.22596880597844926;0.2209574930114644;0.12344610964966753;0.0;0.33921462050845624;0.0;0.0;0.0;0.1672486295374415;0.0;0.7976872062559494;0.16423254369418988;0.0;0.24063944446952512;0.0;0.17448358070218023;0.834295884265924;0.3179744598263875;0.16419666629964502;0.0;0.217520949694608;0.16065743001198582;0.22016860984439673;0.0;0.4969722164878266;0.16028416166142465;0.0;0.21966836155342023;0.24000357962812072;0.0;0.0;0.17139949082791817;0.0;0.0;0.0;0.0;0.0;0.19319930158787582;0.0;0.28898366516580004;0.07801732504066781;0.4303090551627325;0.0;0.0;0.28485162377653617;0.16645901742925556;0.17215900265150905;0.0;0.8389471679557817;0.16470943414207626;0.15342984464218465;0.0;0.1721708310697191;0.0;0.17217373784049714;0.4302927270337205
GO:0050796;0.18473435597721966;0.3858227880994429;0.0;0.3849768551751457;0.23882808704027314;0.24650869898511232;0.20118774651876337;1.0;0.27533226704040625;0.0;0.19939621750998732;0.39482317982650866;0.6879764176332279;0.27504287348084533;0.0;0.37898683269678923;0.0;0.37584139255319354;0.0;0.0;0.20971256559725002;0.0;0.16513201209783376;0.3879087152839296;0.20950249304148122;0.0;0.38404029763537967;0.27677115740671554;0.0;0.0;0.2531749845113901;0.18638847619113785;0.0;0.0;0.0;0.22155230226117067;0.28774035098361944;0.3303836000325197;0.23054932830441113;0.20736831407405906;0.37424699574054604;0.27796885034759555;0.38471557163729514;0.35860333785005116;0.2715507383285034;0.3410480065662;0.19540148989467804;0.3046159960364133;0.30441378273181213;0.32222466887721385;0.22854908036213106;0.3689371181956618;0.37511033800899635;0.5668801028597649;0.0;0.36795294274640267;0.0;0.2552415951344784;0.0;0.32296409182443514;0.0;0.41686520886256023;0.0;0.22185765610762206;0.0;0.22532427871528923;0.0;0.22396212588796416;0.0;0.34018373798862117;0.0;0.37237902719749844;0.0;0.2076968289120118;0.29260390171252226;0.2122242731248056;0.25147488061863754;0.279010714490668;0.0;0.26813868762798837;0.20008947747415182;0.0;0.2074205281224806;0.22621767491876887;0.16884614222468658;0.0;0.0;0.28236742239342333;0.25154427642623134;0.0;0.2752248708794519;0.2510766927864103;0.0;0.4462015075715499;0.37913734847451885;0.2554475122889969;0.4382927326655299;0.24162233484514795;0.0;0.2328220546955116;0.0;0.0;0.0;0.33773309468198354;0.0;0.22263183614563736;0.27511524066791093;0.0;0.3626649674981146;0.0;0.3685964577597545;0.18032264891382038;0.4734044901853499;0.27498966046397905;0.0;0.4036514674042938;0.36397064216040054;0.36292119093493463;0.0;0.1991346995651917;0.26164458998831697;0.0;0.3096275009863698;0.19318963587719384;0.0;0.0;0.35509865380506167;0.0;0.0;0.0;0.0;0.0;0.2447577270458788;0.0;0.2640351682424238;0.19109779354029624;0.20977579826553933;0.0;0.0;0.5925929370622962;0.33452866415328625;0.3583741795036238;0.0;0.24035891601117648;0.27679018001318284;0.2857606153239389;0.0;0.3584254388300007;0.0;0.3584380367027507;0.20976279878638027
GO:0032725;0.14896336847496836;0.395484252641181;0.0;0.3664515566549303;0.2891272405642801;0.5837710530243098;0.16429450637292192;0.27533226704040625;1.0;0.0;0.18511028680783143;0.37918877478777935;0.23249374913237242;0.8460995948204564;0.0;0.4381145459440025;0.0;0.5397586915172221;0.0;0.0;0.40895784988320394;0.0;0.24801203774395636;0.296734236929837;0.21613203240769815;0.0;0.39280935562442343;0.513039255919204;0.0;0.0;0.4581519089845554;0.2128504044504428;0.0;0.0;0.0;0.5037213810948005;0.299298325608353;0.4372620732539806;0.5318324471349601;0.1363801941961626;0.4298531068370988;0.19342048420450791;0.3661166379884552;0.40332490721375786;0.3342181135298702;0.37483802775378106;0.2253388332190141;0.39884443821462684;0.31938423100904934;0.3209437475399161;0.21918137655813338;0.420723384734528;0.5381738619618492;0.43902780936759467;0.0;0.4190455361312519;0.0;0.365411068426521;0.0;0.23336008722437704;0.0;0.25190372080640405;0.0;0.234070370405015;0.0;0.2153022428592435;0.0;0.2665881187459656;0.0;0.31124963535323696;0.0;0.2809128094203042;0.0;0.24277698716922796;0.3774955403983313;0.1686762705754556;0.41561702362502306;0.354079822061182;0.0;0.33589500019775187;0.2029906156977081;0.0;0.3427694299126924;0.2699591609791133;0.16233939154101745;0.0;0.0;0.42367993139789256;0.35788027968815206;0.0;0.8469291519117077;0.4453294553455815;0.0;0.325205314882561;0.4383786441211307;0.2590817385629836;0.35126773943777234;0.4128053473268036;0.0;0.19846890038109877;0.0;0.0;0.0;0.369604069587151;0.0;0.18487126316039626;0.846429386328999;0.0;0.41010598207218757;0.0;0.4201421145287789;0.2045817242570603;0.3924528420640005;0.8458571459115819;0.0;0.3974191834416132;0.3302938627641748;0.4104412758005366;0.0;0.23058384741588644;0.7864470997968803;0.0;0.5488462214150278;0.17813598170507916;0.0;0.0;0.397532222356643;0.0;0.0;0.0;0.0;0.0;0.40137986190196734;0.0;0.26381807581145444;0.19083894912990548;0.409109851346165;0.0;0.0;0.2932322369336178;0.364587014718504;0.4029444972205167;0.0;0.20241258296272888;0.5130916462606386;0.3577610273229082;0.0;0.40302956919285654;0.0;0.4030504788859515;0.40907860088656317
GO:0001666;0.0;0.0;0.0;0.0;0.0;0.0;0.0;0.0;0.0;1.0;0.0;0.0;0.0;0.0;0.0;0.0;0.0;0.0;0.0;0.0;0.0;0.45292344797377626;0.0;0.0;0.0;0.2811733725196484;0.0;0.0;0.0;0.0;0.0;0.0;0.29575208413835663;0.48093472063699166;0.0;0.0;0.0;0.0;0.0;0.0;0.0;0.0;0.0;0.0;0.0;0.0;0.0;0.0;0.0;0.0;0.0;0.0;0.0;0.0;0.22862833045204317;0.0;0.2954321957277418;0.0;0.2584434808637815;0.0;0.23667060403811693;0.0;0.0;0.3301161688604087;0.38461635914409864;0.0;0.0;0.0;0.0;0.0;0.0;0.0;0.22867278180988856;0.0;0.0;0.0;0.0;0.0;0.0;0.0;0.0;0.0;0.0;0.0;0.15833692823889645;0.4286442595245833;0.0;0.0;0.0;0.0;0.0;0.0;0.0;0.0;0.0;0.0;0.0;0.0;0.3873772938169635;0.0;0.0;0.42872761409306015;0.2593373978314866;0.0;0.29388680160303554;0.0;0.0;0.0;0.0;0.3092752564709322;0.0;0.0;0.0;0.0;0.0;0.0;0.0;0.0;0.0;0.0;0.0;0.2686790090440259;0.0;0.0;0.3110222752459553;0.0;0.0;0.1759166562786482;0.331436632085957;0.0;0.3305278076129819;0.0;0.0;0.0;0.0;0.0;0.0;0.0;0.19760088938547313;0.0;0.0;0.0;0.0;0.0;0.0;0.0;0.4062856925203867;0.0;0.0;0.0;0.0
GO:0045892;0.22792475756494118;0.18248281654874793;0.0;0.20652667183574386;0.675733089520923;0.1716189733174015;0.24481721355872363;0.19939621750998732;0.18511028680783143;0.0;1.0;0.21031080222492024;0.218260764958136;0.18497943330502647;0.0;0.2508066562126518;0.0;0.24942521594766204;0.0;0.0;0.40922296262021113;0.0;0.13505698605062866;0.2832111262976402;0.11141801660078095;0.0;0.22576234192998165;0.18575956603113428;0.0;0.0;0.1511654403400231;0.29294024017585013;0.0;0.0;0.0;0.15913895653036808;0.3576368509078605;0.22855546706688146;0.1637283929117807;0.38270317793631464;0.3392138827879119;0.22043973161778438;0.20642552118623653;0.24171419589396276;0.27108077139744036;0.2336088665558338;0.5784876350895732;0.2159201089387629;0.29433917252876235;0.1462231108359523;0.17470457024809166;0.24636549847736153;0.24910303080640092;0.17088222737809425;0.0;0.24592624757038098;0.0;0.17580667025151694;0.0;0.24739398379792654;0.0;0.2586696406428308;0.0;0.11600084064161295;0.0;0.5181199365179807;0.0;0.3382953788653111;0.0;0.18860856388067374;0.0;0.27495544939848343;0.0;0.4643036287515936;0.2098146978085216;0.09730538171276974;0.18779126812808317;0.202732318232543;0.0;0.1969304739463868;0.10781968991025685;0.0;0.1517143759392608;0.3409059980305552;0.09516249026379932;0.0;0.0;0.23693226350116509;0.34346899088613203;0.0;0.18506173659292163;0.26269250522857496;0.0;0.14732048514508012;0.25087256655511403;0.16900866316240987;0.30876581347480114;0.21003194238631193;0.0;0.2758171764836436;0.0;0.0;0.0;0.3164744733681102;0.0;0.26614961496130224;0.18501216363411982;0.0;0.3384969085114309;0.0;0.24621354521828054;0.28527157297157746;0.23869529719567026;0.18495536245138502;0.0;0.2155224126935856;0.29943029447795416;0.21910545862894937;0.0;0.3087322809473172;0.17882088035036467;0.0;0.21842606518332333;0.9753063251973928;0.0;0.0;0.3274778853506435;0.0;0.0;0.0;0.0;0.0;0.18401993817326479;0.0;0.7283268735815236;0.10429238074371702;0.4093191434741959;0.0;0.0;0.18216216854007938;0.31440522353639216;0.2416100596737004;0.0;0.28322624493169674;0.18576813484924046;0.28132023551651153;0.0;0.24163335717034334;0.0;0.2416390826037525;0.4092993714952499
GO:0030949;0.3862343813109003;0.2969035471297521;0.0;0.8385945410032435;0.3027005420607241;0.33584206686997525;0.4220280198071374;0.39482317982650866;0.37918877478777935;0.0;0.21031080222492024;1.0;0.2898613124439929;0.37874888350027136;0.0;0.4204610938093833;0.0;0.5717590120961156;0.0;0.0;0.304440055535137;0.0;0.236815956298531;0.5276798964946162;0.1705397781887453;0.0;0.29539342435430643;0.38137737954790196;0.0;0.0;0.37669506613378967;0.2688540985269707;0.0;0.0;0.0;0.2990571468614047;0.3597426579374658;0.361466008627501;0.31223997881029714;0.27181928430063157;0.41463506270469735;0.36962407852641416;0.837979604090571;0.3955189752879923;0.29220283419750637;0.37427029927514494;0.28255144052696407;0.4540750612029212;0.3306080632208324;0.26394159360466646;0.24300421019042442;0.4081272440459465;0.5705265487111479;0.3234510121637564;0.0;0.4069232178053423;0.0;0.3446115273207637;0.0;0.4334445780026477;0.0;0.27295002297040954;0.0;0.18151611714067395;0.0;0.2393618386035837;0.0;0.32640662268902476;0.0;0.7341454465973808;0.0;0.5049139328193663;0.0;0.3013465809601127;0.43469320245602044;0.1395585888826442;0.3693125085841811;0.4129178201377223;0.0;0.3956207764429376;0.16225155113810127;0.0;0.37870789193414656;0.3298995605932316;0.13519236259475056;0.0;0.0;0.31251720970039265;0.275195373680759;0.0;0.3790255165656214;0.3426494335010448;0.0;0.266817032786112;0.42064636346389944;0.39793322934510283;0.47891456999546517;0.26336380404228205;0.0;0.2528288251995785;0.0;0.0;0.0;0.3702818811648353;0.0;0.4690362542334637;0.378858875891929;0.0;0.400465645718441;0.0;0.40771040770604805;0.25967364271236704;0.6557111554446563;0.378668007760045;0.0;0.45279481333008775;0.3394493930143708;0.4644204988788642;0.0;0.2882447596003723;0.35848747965611855;0.0;0.4622002367722792;0.20341789446228475;0.0;0.0;0.39125987221291886;0.0;0.0;0.0;0.0;0.0;0.3587766141752093;0.0;0.28351891785268274;0.15439357082956973;0.3045371518520611;0.0;0.0;0.5254913353050316;0.36643355737943994;0.3952402264254752;0.0;0.5082052735498257;0.3814063295443163;0.308722034124802;0.0;0.39530257523138224;0.0;0.39531789881786417;0.3045171903505484
GO:0070164;0.1579697816190533;0.26859145644534527;0.0;0.2845188897279739;0.1844818793744248;0.21509814324577145;0.1698476870783625;0.6879764176332279;0.23249374913237242;0.0;0.218260764958136;0.2898613124439929;1.0;0.23232467731746562;0.0;0.2582585620679066;0.0;0.2567940519248834;0.0;0.0;0.19464650261467129;0.0;0.1602705801883478;0.4308910246865894;0.15240159112413268;0.0;0.349908233425575;0.19112124403777495;0.0;0.0;0.22392559927152889;0.15154700105979557;0.0;0.0;0.0;0.19907116593020105;0.2208861915570334;0.2742204136730711;0.2049577700925103;0.26239212222475167;0.34920628311842894;0.3335780390237933;0.28437615096148067;0.24862814240364706;0.3435064398144101;0.24006071245315327;0.1574519831458834;0.22142038211058648;0.3018334468451338;0.2442111423108347;0.1782880089002826;0.2535520507448106;0.25645256180675907;0.4743251236351542;0.0;0.25308682412251277;0.0;0.1806017732055234;0.0;0.37523562499887586;0.0;0.4742848980872218;0.0;0.1588362262800101;0.0;0.24046936329969895;0.0;0.17548431364503467;0.0;0.2592867253584392;0.0;0.41803219258289454;0.0;0.16533887497872365;0.2150045762317276;0.16187025839780955;0.22423161059590357;0.20757369492850716;0.0;0.20149559238504922;0.14735868852145295;0.0;0.15527200340377106;0.17686607805879084;0.12968570575369381;0.0;0.0;0.19377319515944796;0.22183013840332996;0.0;0.23243101808020608;0.17850658411926276;0.0;0.3373428723663684;0.25832844776478336;0.20113894930846563;0.47081091346207715;0.2896036646657152;0.0;0.19133511385121774;0.0;0.0;0.0;0.3251549426337314;0.0;0.18488160441264928;0.2323669665314554;0.0;0.25057379962736126;0.0;0.25339110604318577;0.1475124363445;0.330086942053931;0.2322935768511479;0.0;0.2936158627031406;0.34479791531141457;0.26230140302420785;0.0;0.15986696817033946;0.2243751670346609;0.0;0.2617539036324208;0.21277436710540898;0.0;0.0;0.3367813380351948;0.0;0.0;0.0;0.0;0.0;0.2196310677329381;0.0;0.19916951769606642;0.1424233378354135;0.19469312807332512;0.0;0.0;0.4565916312343058;0.3229710142270502;0.2485179649542234;0.0;0.19694378061618187;0.19113031465946007;0.3237074843700478;0.0;0.24854261376706357;0.0;0.24854867131150207;0.1946835432043193
GO:0032729;0.1488954325665638;0.394887445684744;0.0;0.3660407055290304;0.2888714219645798;0.5829962471217757;0.16421187097589676;0.27504287348084533;0.8460995948204564;0.0;0.18497943330502647;0.37874888350027136;0.23232467731746562;1.0;0.0;0.43738226085320686;0.0;0.5388678090508656;0.0;0.0;0.40865033766970854;0.0;0.24787208385084075;0.29639813231555556;0.21586934433249966;0.0;0.392220588483193;0.5122343264966197;0.0;0.0;0.4576745436666845;0.21271172744944897;0.0;0.0;0.0;0.5031443919706173;0.29902420028837634;0.43666441324016025;0.5311893023453904;0.1363091534229921;0.42914815625185887;0.19327762264206172;0.36570653709451445;0.40270422031583036;0.3338688361520845;0.37430186457039005;0.22518341176666903;0.398357789723519;0.318994891432388;0.3206285595575498;0.21899794458262034;0.4200480377479515;0.5372881991083944;0.4386734325350675;0.0;0.41837556069450543;0.0;0.3649015161802847;0.0;0.23315216668718994;0.0;0.2516614602841673;0.0;0.2337622991619364;0.0;0.21512524366731356;0.0;0.2663706155558745;0.0;0.3109531915361191;0.0;0.28061157230869627;0.0;0.24259658957743593;0.3770595666733005;0.16851623152083128;0.41522414307363054;0.35369622953638663;0.0;0.3355497777546172;0.20275888364922998;0.0;0.34240993978171796;0.26973612459787527;0.16219114611410543;0.0;0.0;0.42299506706335205;0.3573914997844568;0.0;0.8456113508767747;0.4447228455930094;0.0;0.32488170526695315;0.437645476650922;0.2588763067808454;0.35079684311759346;0.41227263295641753;0.0;0.19834832475461864;0.0;0.0;0.0;0.36908276461899514;0.0;0.1847666391183519;0.845113138872695;0.0;0.4094642651903186;0.0;0.41946863087434577;0.20445360920925992;0.3918651423677769;0.8445426762067242;0.0;0.39693600466760426;0.3298774878683237;0.4099259344976766;0.0;0.23042110915484848;0.7853106690603623;0.0;0.5481612954166041;0.17801479942623555;0.0;0.0;0.3969292231161773;0.0;0.0;0.0;0.0;0.0;0.40101342508957694;0.0;0.2635523689148265;0.1906341170889963;0.4088021105839028;0.0;0.0;0.2929691059035168;0.3640797565106294;0.4023249797163182;0.0;0.20228716943876582;0.5122865525637161;0.35736083884629805;0.0;0.40240979026998847;0.0;0.4024306357010108;0.4087709071192897
GO:0035434;0.0;0.0;0.3525211451746023;0.0;0.0;0.0;0.0;0.0;0.0;0.0;0.0;0.0;0.0;0.0;1.0;0.0;0.0;0.0;0.0;0.8108404972939214;0.0;0.0;0.0;0.0;0.0;0.0;0.0;0.0;0.0;0.0;0.0;0.0;0.0;0.0;0.0;0.0;0.0;0.0;0.0;0.0;0.0;0.0;0.0;0.0;0.0;0.0;0.0;0.0;0.0;0.0;0.0;0.0;0.0;0.0;0.0;0.0;0.0;0.0;0.0;0.0;0.0;0.0;0.0;0.0;0.0;0.0;0.0;0.0;0.0;0.0;0.0;0.0;0.0;0.0;0.0;0.23875453014462084;0.0;0.0;0.38567417945929766;0.0;0.0;0.0;0.0;0.0;0.0;0.0;0.0;0.0;0.0;0.21574213028120565;0.0;0.0;0.0;0.0;0.0;0.0;0.0;0.0;0.0;0.0;0.25435074938706864;0.0;0.0;0.0;0.0;0.0;0.0;0.0;0.0;0.0;0.0;0.0;0.0;0.0;0.0;0.0;0.0;0.0;0.0;0.0;0.0;0.0;0.0;0.0;0.0;0.0;0.0;0.0;0.0;0.0;0.0;0.0;0.0;0.0;0.0;0.0;0.0;0.0;0.0;0.0;0.0;0.0;0.0;0.0;0.0;0.0;0.0;0.0;0.0;0.0;0.0
GO:0035556;0.15994362163634174;0.42367653509242387;0.0;0.40560325596156294;0.3165451548216479;0.3693874238422023;0.17677781767345258;0.37898683269678923;0.4381145459440025;0.0;0.2508066562126518;0.4204610938093833;0.2582585620679066;0.43738226085320686;0.0;1.0;0.36101093931395545;0.6124855546438476;0.3223775560572934;0.0;0.2673492110661436;0.0;0.19889589905056795;0.4099941162733139;0.22836745203412562;0.0;0.42060816206955143;0.44176908627260775;0.3416053122788376;0.3098391877903565;0.28607458928166746;0.2305670431067724;0.3084485789697571;0.3576089148543707;0.3257335048947776;0.31604167413756623;0.32814912851059547;0.5003053453888752;0.3346720967834436;0.18323144197843683;0.60826256104844;0.26244492974952066;0.40521330116662746;0.8236730981521859;0.3767119969208409;0.7615809440210993;0.24451892566169234;0.4434950820637116;0.44306658237281726;0.2688759382058129;0.48114894972065975;0.9572804788549838;0.6105464524329159;0.287731904965704;0.24460697037595347;0.858213174991957;0.0;0.38934904529214465;0.0;0.31885223408996904;0.0;0.345310799750936;0.0;0.24848882907076747;0.2994079394428602;0.29325144273901943;0.30266424056650715;0.29094841368692187;0.24144097622827856;0.34182658290057943;0.34496523342187274;0.3870493605416523;0.0;0.26408185140098783;0.4184828533072562;0.2665990332578237;0.33915147085166664;0.3912230682352536;0.32177455576881875;0.37017731784323343;0.3237078350403571;0.2961892519165673;0.28804694253452234;0.2947664958403059;0.256163403309834;0.0;0.3320259189321026;0.45620067338055736;0.3808107857368184;0.0;0.4378426831732101;0.3797401684607792;0.31328433151978236;0.27260989408513675;0.9009607727337513;0.28245952184730866;0.49007539216240714;0.3585227831940239;0.0;0.2145600664014186;0.19491503682796166;0.0;0.0;0.5173539277099526;0.0;0.19948411870218333;0.4375652943930552;0.30802105700782745;0.5782483994472242;0.0;0.8606298230316236;0.2213559915082769;0.551597720344145;0.4372477089553386;0.15943257820686021;0.4418205222960211;0.45909155942361846;0.45714576364224885;0.0;0.2503930386752747;0.4044470923645986;0.0;0.4541981958836002;0.24106516920884494;0.0;0.23804455605170685;0.5592485983408632;0.1921111196878587;0.34109568753409564;0.0;0.340274936316628;0.0;0.32704666884316747;0.0;0.3624016937564364;0.3033673888843011;0.26745198581080243;0.0;0.2139677314839197;0.3212244685632914;0.5098723512689382;0.8228397214393071;0.0;0.21894313257072878;0.4418175522307201;0.404624486272992;0.30826107617185466;0.8230260814788357;0.3396483642331439;0.8230718874671727;0.26743085581349785
GO:0060231;0.0;0.0;0.0;0.0;0.0;0.0;0.0;0.0;0.0;0.0;0.0;0.0;0.0;0.0;0.0;0.36101093931395545;1.0;0.0;0.35138514642360136;0.0;0.0;0.0;0.0;0.0;0.0;0.0;0.0;0.0;0.3743520703324768;0.3365408026707773;0.0;0.0;0.3349008179761002;0.393657691784818;0.35537594238432213;0.0;0.0;0.0;0.0;0.0;0.0;0.0;0.0;0.32767636928382443;0.0;0.30107026168390183;0.0;0.0;0.0;0.0;0.16574980691657265;0.34422929120585266;0.0;0.0;0.26095228918194313;0.34262278969362914;0.0;0.0;0.0;0.0;0.0;0.0;0.3334051344918693;0.0;0.32426977804115553;0.0;0.7368913063408502;0.0;0.25735215064145534;0.0;0.3783908485448468;0.0;0.0;0.0;0.0;0.19002722849844592;0.0;0.0;0.3506688683893426;0.0;0.23316384549636235;0.3204977263383026;0.0;0.0;0.18224176393484207;0.0;0.3628789021026399;0.0;0.0;0.0;0.0;0.0;0.5653216194185161;0.0;0.3612676239743411;0.0;0.0;0.0;0.0;0.0;0.20515481416098003;0.0;0.0;0.0;0.0;0.0;0.0;0.33439688395504236;0.0;0.0;0.3436724902711827;0.0;0.0;0.0;0.16621867974634957;0.0;0.0;0.0;0.0;0.0;0.0;0.0;0.0;0.0;0.0;0.2534968998563111;0.0;0.20205089910280005;0.3737401432850908;0.0;0.3727550018789148;0.0;0.0;0.332506527553548;0.0;0.21769606733172045;0.0;0.3297697679370353;0.2263708906779011;0.0;0.0;0.327317044181525;0.0;0.0;0.0;0.0;0.3346797875903868;0.3273973913111677;0.3720032374856238;0.3274171405381615;0.0
GO:0060355;0.21874427444500516;0.418536250187977;0.0;0.5517341176979826;0.37365154221461777;0.45598367993825134;0.2416777606504896;0.37584139255319354;0.5397586915172221;0.0;0.24942521594766204;0.5717590120961156;0.2567940519248834;0.5388678090508656;0.0;0.6124855546438476;0.0;1.0;0.0;0.0;0.3647736415442948;0.0;0.27178376055012715;0.4063154225884067;0.2261616236847555;0.0;0.4155416168694635;0.5442041693173238;0.0;0.0;0.3539854919072282;0.31484195404978405;0.0;0.0;0.0;0.39072979600985536;0.4471327801711524;0.4948383191125199;0.4135417181062249;0.1824930295877031;0.6002006089545501;0.26093269441653366;0.5512083743378826;0.5609550808764213;0.37360404908595873;0.5191525778307903;0.3337910918287155;0.6027777225222474;0.43877356990365174;0.3328686625676113;0.29677947361027895;0.5866594348208948;0.8268056496853813;0.3924083818824435;0.0;0.5841748330065994;0.0;0.385003705687547;0.0;0.31662285246795907;0.0;0.34269759216887674;0.0;0.24587938744301333;0.0;0.2913646261898514;0.0;0.39676704797233897;0.0;0.46562992023716077;0.0;0.38376924443603705;0.0;0.3603414737944607;0.5690935574165678;0.174723414177598;0.46201301989829996;0.5323405777269079;0.0;0.5039356418657388;0.21181274107703327;0.0;0.356405849900094;0.40194010304339245;0.16793317429092303;0.0;0.0;0.45024643923441515;0.3766529217240657;0.0;0.539427953411592;0.4686242926773805;0.0;0.33745505969582346;0.6128787711736174;0.3852624852951829;0.4848284809447309;0.35483502076312745;0.0;0.29308731793632226;0.0;0.0;0.0;0.5115101365075383;0.0;0.2725840153213427;0.539090487263437;0.0;0.5709576689423222;0.0;0.5857985351728786;0.3023253399685353;0.5449596854128386;0.5387041120119415;0.0;0.6005237306974767;0.4544840036026133;0.6211456640916073;0.0;0.34176570828484354;0.4987609319285602;0.0;0.6171804347553598;0.23978868383152785;0.0;0.0;0.5524262807803915;0.0;0.0;0.0;0.0;0.0;0.4456413506805048;0.0;0.35952448491121275;0.19861621418516348;0.3649130449936467;0.0;0.0;0.4377637657425921;0.504195427528615;0.5603945408593021;0.0;0.29904574276851803;0.5442631183194964;0.40104109907277236;0.0;0.5605198902656724;0.0;0.560550700161467;0.36488438436073256
GO:0051260;0.0;0.0;0.0;0.0;0.0;0.0;0.0;0.0;0.0;0.0;0.0;0.0;0.0;0.0;0.0;0.3223775560572934;0.35138514642360136;0.0;1.0;0.0;0.0;0.0;0.0;0.0;0.0;0.0;0.0;0.0;0.5648094805843612;0.3027219254458006;0.0;0.0;0.30139433285648776;0.3481613126317268;0.6382134597344645;0.0;0.0;0.0;0.0;0.0;0.0;0.0;0.0;0.295530510752979;0.0;0.27371481868289094;0.0;0.0;0.0;0.0;0.15710565424712689;0.3089285772739914;0.0;0.0;0.24014955238205823;0.3076340548926335;0.0;0.0;0.0;0.0;0.0;0.0;0.0;0.0;0.2927566951379961;0.0;0.29586917601758383;0.0;0.23709717337089678;0.0;0.336165663798045;0.0;0.0;0.0;0.0;0.17875153661394777;0.0;0.0;0.31410518805468635;0.0;0.21641352252742946;0.9205507452578384;0.0;0.0;0.17184580789617843;0.0;0.3238662886023468;0.0;0.0;0.0;0.0;0.0;0.3060097716679174;0.0;0.3225822267903518;0.0;0.0;0.0;0.0;0.0;0.19207419458754096;0.0;0.0;0.0;0.0;0.0;0.0;0.3009861292731899;0.0;0.0;0.3084800462116797;0.0;0.0;0.0;0.15752683505228124;0.0;0.0;0.0;0.0;0.0;0.0;0.0;0.0;0.0;0.0;0.23382103575473095;0.0;0.18935084374914277;0.3324899614602671;0.0;0.33171005499691436;0.0;0.0;0.0;0.0;0.2030244967242962;0.0;0.0;0.2105492383746566;0.0;0.0;0.2952381973803716;0.0;0.0;0.0;0.0;0.3012153059089663;0.29530356576715777;0.5616551626716735;0.29531963275578665;0.0
GO:1902600;0.0;0.0;0.37609428463822003;0.0;0.0;0.0;0.0;0.0;0.0;0.0;0.0;0.0;0.0;0.0;0.8108404972939214;0.0;0.0;0.0;0.0;1.0;0.0;0.0;0.0;0.0;0.0;0.0;0.0;0.0;0.0;0.0;0.0;0.0;0.0;0.0;0.0;0.0;0.0;0.0;0.0;0.0;0.0;0.0;0.0;0.0;0.0;0.0;0.0;0.0;0.0;0.0;0.0;0.0;0.0;0.0;0.0;0.0;0.0;0.0;0.0;0.0;0.0;0.0;0.0;0.0;0.0;0.0;0.0;0.0;0.0;0.0;0.0;0.0;0.0;0.0;0.0;0.24933920981129612;0.0;0.0;0.41406827511470046;0.0;0.0;0.0;0.0;0.0;0.0;0.0;0.0;0.0;0.0;0.23169294538659654;0.0;0.0;0.0;0.0;0.0;0.0;0.0;0.0;0.0;0.0;0.2663983357594283;0.0;0.0;0.0;0.0;0.0;0.0;0.0;0.0;0.0;0.0;0.0;0.0;0.0;0.0;0.0;0.0;0.0;0.0;0.0;0.0;0.0;0.0;0.0;0.0;0.0;0.0;0.0;0.0;0.0;0.0;0.0;0.0;0.0;0.0;0.0;0.0;0.0;0.0;0.0;0.0;0.0;0.0;0.0;0.0;0.0;0.0;0.0;0.0;0.0;0.0
GO:0045410;0.39966991001594415;0.19394457452393704;0.0;0.29866816479679953;0.5089605446249351;0.305032966114378;0.4302296237475047;0.20971256559725002;0.40895784988320394;0.0;0.40922296262021113;0.304440055535137;0.19464650261467129;0.40865033766970854;0.0;0.2673492110661436;0.0;0.3647736415442948;0.0;0.0;1.0;0.0;0.23761605165813002;0.2188721756215882;0.11767386108786287;0.0;0.19329906384152465;0.2465981245997829;0.0;0.0;0.266807823758925;0.5180248806636033;0.0;0.0;0.0;0.28164584616899646;0.608101254304061;0.2829653886176591;0.2902230829952299;0.2813855564107673;0.2649817879075317;0.1683461845517279;0.29851403669147286;0.2570424100791419;0.24418077215678324;0.24789594270240461;0.6500967606043857;0.31301681005827064;0.22795584345356093;0.19150399744288618;0.18257370748416774;0.2623087651225423;0.364271606633403;0.4095914262566864;0.0;0.2618108808700976;0.0;0.186420720879127;0.0;0.1898950615848433;0.0;0.19897491133204795;0.0;0.12279759401743241;0.0;0.3853858286700805;0.0;0.6017837151100442;0.0;0.2714913511766819;0.0;0.21215804899210708;0.0;0.7389658238945345;0.30368270581773615;0.10204312046008424;0.33490276397139923;0.29289207114467714;0.0;0.2840819787109058;0.11366738138144233;0.0;0.19906735657204566;0.6066351362963741;0.09968900105249968;0.0;0.0;0.252316055928641;0.2787424106291927;0.0;0.40884375123817296;0.365507527542696;0.0;0.19301320043451806;0.26742410399127386;0.24205085493633063;0.23978976642879518;0.21859496678928528;0.0;0.4388219712731265;0.0;0.0;0.0;0.24613990313286738;0.0;0.4690129713881281;0.4087272529643268;0.0;0.3601362737085306;0.0;0.26213651540662486;0.5039605932454709;0.25363118825730546;0.4839431856492062;0.0;0.31240789791483536;0.23212454601965318;0.3178984518933851;0.0;0.5470760542356751;0.394208724601664;0.0;0.39264792860390035;0.39872064013519065;0.0;0.0;0.2552367602712174;0.0;0.0;0.0;0.0;0.0;0.3278571939483634;0.0;0.5119864909606603;0.10975402693053808;0.9021172184640672;0.0;0.0;0.26177548937389084;0.2444334804249898;0.25692465078331744;0.0;0.5002142138012603;0.24661022797625176;0.2538986870817867;0.0;0.2569509954942015;0.0;0.2569574698394342;0.9020718103526769
