;GO:0043507;GO:1902311;GO:0015031;GO:1901224;GO:0051092;GO:0045766;GO:0000187;GO:0050796;GO:0032725;GO:0001666;GO:0045892;GO:0030949;GO:0070164;GO:0032729;GO:0035434;GO:0035556;GO:0060231;GO:0060355;GO:0051260;GO:1902600;GO:0045410;GO:0001315;GO:0033092;GO:0046627;GO:0003069;GO:0061844;GO:0010829;GO:0001954;GO:0001836;GO:0019752;GO:0031622;GO:0033129;GO:0071407;GO:0034976;GO:0051017;GO:2001076;GO:0045429;GO:1903140;GO:0060421;GO:0043407;GO:0008285;GO:1902176;GO:0043123;GO:0097191;GO:0045665;GO:0097192;GO:0045944;GO:0043525;GO:0043524;GO:0032308;GO:0000165;GO:0043491;GO:0051781;GO:2000778;GO:0071398;GO:0019221;GO:0051384;GO:0050691;GO:0033591;GO:2001240;GO:0033198;GO:0014050;GO:0060539;GO:0001660;GO:0071260;GO:0001933;GO:0072112;GO:0001934;GO:0030593;GO:2001238;GO:0050900;GO:2000660;GO:0071548;GO:0045727;GO:1905461;GO:0030073;GO:0048711;GO:0045840;GO:0006887;GO:0050870;GO:0006878;GO:0051289;GO:0002711;GO:0051044;GO:0071333;GO:0002439;GO:0006914;GO:0050999;GO:0050995;GO:0051601;GO:0010575;GO:0050996;GO:0035234;GO:0046827;GO:0007186;GO:0090023;GO:0050805;GO:2000173;GO:0010193;GO:0060559;GO:0043312;GO:0000303;GO:0043278;GO:1904706;GO:0043434;GO:1900745;GO:0032757;GO:0019430;GO:0010506;GO:0032355;GO:0031663;GO:0035505;GO:0010469;GO:0032755;GO:0030213;GO:0050766;GO:0030336;GO:0030335;GO:0046718;GO:0035066;GO:0071639;GO:0033280;GO:0010718;GO:0000122;GO:0045471;GO:0043171;GO:2000178;GO:0071874;GO:0071236;GO:0035176;GO:0035690;GO:0007565;GO:1905932;GO:0042246;GO:0006357;GO:0007204;GO:0045086;GO:0008406;GO:0071222;GO:2000866;GO:0043066;GO:0070098;GO:0006508;GO:0070374;GO:0034116;GO:0034115;GO:0034599;GO:0070498;GO:0030036;GO:0035722;GO:0045080
GO:0043507;1.0;0.053984164015493524;0.0;0.5178409701703229;0.4514728656562125;0.22139093446895067;0.8221878059609148;0.32686630937480793;0.17764364918679748;0.0;0.26176143959683945;0.39099202486842227;0.2378297775928858;0.20291556436281794;0.0;0.11891387605779175;0.0;0.1800908039034332;0.0;0.0;0.3598326250621659;0.0;0.1764263022764012;0.29683135263697913;0.047089581623179076;0.0;0.06691535745992984;0.19769432978659737;0.0;0.0;0.38418434066937784;0.44141700498074826;0.0;0.0;0.0;0.15478027408550077;0.30559579955332505;0.07329824071132221;0.19270514688370996;0.7228062256274099;0.1069258596434191;0.5458611582707769;0.5662316392431725;0.08705356502706132;0.09478196297772008;0.07897292413200045;0.4344363781094097;0.21986414810070048;0.09053473831156897;0.174040194839756;0.09808239988159029;0.07981701015540076;0.23057544548994663;0.2068500679211187;0.0;0.10658971866002312;0.0;0.43920620097521723;0.0;0.2991084684584521;0.0;0.07032568474214707;0.0;0.05265107920726094;0.0;0.5503808760502994;0.0;0.6944249232315421;0.0;0.4325601387557177;0.0;0.2563970312076661;0.0;0.464961098292028;0.18552189963877905;0.06171545454001906;0.19909020542619701;0.2224828226854598;0.0;0.2505987342278561;0.0569543247214031;0.0;0.3596992516021427;0.39204433350273943;0.06429609101380394;0.0;0.0;0.35403807164645035;0.17143077536768736;0.0;0.18851706486651196;0.2764981027499034;0.0;0.18463119485636148;0.11589345999864437;0.34902645204920196;0.2969326114965553;0.053984164015493524;0.0;0.3572952714814849;0.0;0.0;0.0;0.07570543229612542;0.0;0.7797145360476984;0.19732163972577152;0.0;0.2167427574036439;0.0;0.07919232429866183;0.5174707728148034;0.39124623572791406;0.2073813891025214;0.0;0.22102184404976882;0.09568219798832267;0.27334475611550674;0.0;0.45611194790495874;0.174040194839756;0.0;0.21779785800703721;0.2503620716152303;0.0;0.0;0.07635704662816539;0.0;0.0;0.0;0.0;0.0;0.16370539660272357;0.0;0.2899746206308833;0.0744703826464592;0.37504218358199165;0.0;0.0;0.33327037653140734;0.11083410032418321;0.08559999850089568;0.0;0.713578626799013;0.17764364918679748;0.07168110081997063;0.0;0.08267976904746918;0.0;0.08193193984420935;0.3634845333148469
GO:1902311;0.053984164015493524;1.0;0.0;0.05358746129213542;0.0563174591406258;0.0567845705552097;0.05658291311861606;0.31979432964037985;0.04841537023134746;0.0;0.0660103759958608;0.04882663939968755;0.2533854060259757;0.05337341103410523;0.0;0.06754497299885331;0.0;0.04527438167562236;0.0;0.0;0.04671326840924201;0.0;0.044568651499123986;0.05112613595807175;0.036692364793703955;0.0;0.42240083758748975;0.05237763145067347;0.0;0.0;0.04671326840924201;0.04707022364997294;0.0;0.0;0.0;0.04361053511999991;0.05159170005518278;0.048188336269153004;0.05141250266304422;0.05393664751535349;0.06298688701626835;0.04967494214054717;0.05709433820639078;0.05463796075480087;0.05801156037177137;0.05092186334953819;0.06582734634276656;0.0525169924242748;0.05617858380794982;0.3884384658836116;0.05940175553211055;0.05131951903144695;0.05434566509379558;0.28110909377178356;0.0;0.06285420405097152;0.0;0.05159170005518278;0.0;0.05141250266304422;0.0;0.38057020132048447;0.0;0.03998325582277077;0.0;0.06085539284246412;0.0;0.0648639209470663;0.0;0.05258482115457967;0.0;0.04583737136342332;0.0;0.055273214569837636;0.046307867842103195;0.04500267097087679;0.04882663939968755;0.0529685836056823;0.0;0.05763727567318554;0.04241703162520308;0.0;0.05215856160843516;0.04882663939968755;0.04635950076046049;0.0;0.0;0.052005150896063286;0.04996252627028004;0.0;0.05059186880199425;0.050097794513653704;0.0;0.27883545707892166;0.06642753415705416;0.23864140411907792;0.05337341103410523;0.042064647228987374;0.0;0.044568651499123986;0.0;0.0;0.0;0.04936086100569289;0.0;0.04982174430043363;0.05230599979054912;0.0;0.059344420729346724;0.0;0.051025442896625695;0.042064647228987374;0.062088334497919256;0.05421379955540991;0.0;0.2950392387786072;0.27310193370025165;0.28617341581026956;0.0;0.050705289685758395;0.04767906224485228;0.0;0.05215856160843516;0.06410296433700415;0.0;0.0;0.04967494214054717;0.0;0.0;0.0;0.0;0.0;0.042064647228987374;0.0;0.07049255725306815;0.05142534705206728;0.048188336269153004;0.0;0.0;0.24943567285020246;0.06450956009159448;0.053984164015493524;0.0;0.0583054092098877;0.04841537023134746;0.04738963936284801;0.0;0.052651476907797014;0.0;0.05230599979054912;0.04707022364997294
GO:0015031;0.0;0.0;1.0;0.0;0.0;0.0;0.0;0.0;0.0;0.0;0.0;0.0;0.0;0.0;0.27206877626646475;0.0;0.0;0.0;0.0;0.3876538407598618;0.0;0.0;0.0;0.0;0.0;0.0;0.0;0.0;0.0;0.0;0.0;0.0;0.0;0.0;0.0;0.0;0.0;0.0;0.0;0.0;0.0;0.0;0.0;0.0;0.0;0.0;0.0;0.0;0.0;0.0;0.0;0.0;0.0;0.0;0.0;0.0;0.0;0.0;0.0;0.0;0.0;0.0;0.0;0.0;0.0;0.0;0.0;0.0;0.0;0.0;0.0;0.0;0.0;0.0;0.0;0.5897945235961225;0.0;0.0;0.5008555736349677;0.0;0.0;0.0;0.0;0.0;0.0;0.0;0.0;0.0;0.0;0.4405103381730106;0.0;0.0;0.0;0.0;0.0;0.0;0.0;0.0;0.0;0.0;0.46491548921239084;0.0;0.0;0.0;0.0;0.0;0.0;0.0;0.0;0.0;0.0;0.0;0.0;0.0;0.0;0.0;0.0;0.0;0.0;0.0;0.0;0.0;0.0;0.0;0.0;0.0;0.0;0.0;0.0;0.0;0.0;0.0;0.0;0.0;0.0;0.0;0.0;0.0;0.0;0.0;0.0;0.0;0.0;0.0;0.0;0.0;0.0;0.0;0.0;0.0;0.0
GO:1901224;0.5178409701703229;0.05358746129213542;0.0;1.0;0.21643253865174567;0.21896189139254638;0.5529140145142296;0.32324829150651746;0.17607632978293355;0.0;0.11321164752017362;0.38750331925195775;0.23590857016147176;0.2008731488743468;0.0;0.11723156834451996;0.0;0.17863601638989962;0.0;0.0;0.18609430737877;0.0;0.17502988714103412;0.29401394843461737;0.04674354375054762;0.0;0.06630691398678795;0.1957551668829914;0.0;0.0;0.3073399513846452;0.1879669077934957;0.0;0.0;0.0;0.15358907926698723;0.21249014136118202;0.07265556665158078;0.19086216945003723;0.4119161451517092;0.10556370721292793;0.368291770583818;0.5599712366780989;0.08614853542328735;0.0937100971809419;0.0782273936490206;0.30085811640695365;0.21769967989560873;0.08955628602834452;0.1725355465627545;0.09693503858275253;0.07905553443534903;0.22819608498514912;0.20493313526909532;0.0;0.10523606290669221;0.0;0.24859373608880586;0.0;0.29624787980005995;0.0;0.06973386961672676;0.0;0.052218852331852854;0.0;0.10037830858371054;0.0;0.2942706174256961;0.0;0.4282942479355932;0.0;0.2542921989928021;0.0;0.23362468387349428;0.1839784194168699;0.06112243129058685;0.19731378270226246;0.22026674781886582;0.0;0.2477906969238067;0.05644889668120696;0.0;0.3561911214537219;0.19731378270226246;0.06365269475441498;0.0;0.0;0.07083650833248913;0.06709990608140798;0.0;0.18675295753440194;0.184301298687423;0.0;0.18293873800061086;0.11429495384975691;0.3457224598764182;0.2939438818411584;0.05358746129213542;0.0;0.17502988714103412;0.0;0.0;0.0;0.07502005025565787;0.0;0.4642694616129331;0.19538974556207092;0.0;0.09680073385774225;0.0;0.07844266530264267;0.16250240721046255;0.3863662249719393;0.20524855665925368;0.0;0.2188346351713582;0.09458999174064713;0.2700072264298058;0.0;0.20756190489527243;0.1725355465627545;0.0;0.2156736855809542;0.10834589096997933;0.0;0.0;0.0756598696516044;0.0;0.0;0.0;0.0;0.0;0.16250240721046255;0.0;0.1252294246504656;0.07360861654245406;0.19389125295285226;0.0;0.0;0.33063253970122286;0.10937123334934776;0.08472478789269494;0.0;0.5768925936577554;0.17607632978293355;0.07106635296718629;0.0;0.0818629702705181;0.0;0.08112977827376186;0.1879669077934957
GO:0051092;0.4514728656562125;0.0563174591406258;0.0;0.21643253865174567;1.0;0.23604600659497413;0.4844237867574766;0.09894645002366734;0.18695738195937356;0.0;0.41209605098935975;0.1892061001989861;0.0707068951991919;0.21515909099987232;0.0;0.12929819309392823;0.0;0.17028768667203606;0.0;0.0;0.22572378754296787;0.0;0.16666071322070966;0.0839057691190397;0.049124880182481546;0.0;0.0705378566944791;0.20929786941777434;0.0;0.0;0.17781530225420056;0.17971088165993143;0.0;0.0;0.0;0.16180347217199048;0.25276956755663116;0.07711583769781888;0.20371409600494908;0.3327748945490937;0.11524870349172699;0.08050893986872731;0.23800742873141398;0.09249159740240301;0.10126435429707631;0.08342245401443021;0.41020412355443236;0.21011197796958453;0.09643111740200874;0.1829704093233735;0.10504067395562847;0.0843649029034733;0.2209825195120503;0.19698810406711748;0.0;0.11485829270820155;0.0;0.07481382432559981;0.0;0.08458621711481278;0.0;0.07383251359515379;0.0;0.05520857917639869;0.0;0.248799058486661;0.0;0.2911256714931088;0.0;0.21050893730362535;0.0;0.07192094945161553;0.0;0.2914972691664038;0.17567614619713603;0.06525898384036143;0.1892061001989861;0.21276381638385972;0.0;0.24147226179692458;0.059958893178017954;0.0;0.20802214537381572;0.1892061001989861;0.06815141835248596;0.0;0.0;0.31543158486504375;0.18082943512665314;0.0;0.19903963183449572;0.19625716981644592;0.0;0.19471283348554322;0.12573512294327713;0.20150104151582326;0.08933841075533043;0.0563174591406258;0.0;0.34387981812015567;0.0;0.0;0.0;0.0797848722529315;0.0;0.19471283348554322;0.2088801920460363;0.0;0.23209608763368364;0.0;0.08366731208479679;0.31801329472225304;0.41305881888018986;0.22018676900020653;0.0;0.21128387623069492;0.10229260709992594;0.26501883238570667;0.0;0.1996817399773058;0.1829704093233735;0.0;0.20802214537381572;0.392712625543692;0.0;0.0;0.08050893986872731;0.0;0.0;0.0;0.0;0.0;0.15412455084397975;0.0;0.46068525772303276;0.07969193641274272;0.2357617005991113;0.0;0.0;0.16666071322070966;0.11980199274852306;0.0908524666511571;0.0;0.2457839058347041;0.18695738195937356;0.07532791434547129;0.0;0.08756973980181704;0.0;0.08673128478532274;0.22813008979944263
GO:0045766;0.22139093446895067;0.0567845705552097;0.0;0.21896189139254638;0.23604600659497413;1.0;0.23775427894024578;0.0881966273747978;0.4091905014888855;0.0;0.11127655376309391;0.19113627464635394;0.28248222453829136;0.4716321663943502;0.0;0.11570811327593267;0.0;0.171849575141975;0.0;0.0;0.3889896689512553;0.0;0.3927392829504053;0.07464383796284187;0.049532334507010015;0.0;0.07127218354008283;0.21166230033483077;0.0;0.0;0.3889896689512553;0.18145129643181185;0.0;0.0;0.0;0.41768550953652617;0.20700583608147766;0.37631006233788866;0.4810161279295607;0.08079009220712578;0.10294626066823072;0.07159036811400396;0.24106975564078578;0.08237382140833258;0.49570415646711674;0.07420921300216073;0.3031109330528307;0.2124949432855816;0.08592642781408179;0.18477484756562984;0.0937031058869548;0.07505676824434146;0.22361998536740962;0.4313778481213941;0.0;0.10259229916406047;0.0;0.0756404002577833;0.0;0.07525582878780797;0.0;0.06559665593473807;0.0;0.055723731175084695;0.0;0.09737209314194506;0.0;0.2957206175591093;0.0;0.21290096653358734;0.0;0.06388247547797929;0.0;0.22940824932209197;0.17733892769855703;0.06597999370568301;0.4464099241315216;0.21520766225363663;0.0;0.24462498889358053;0.06056699777200376;0.0;0.21035767969223637;0.19113627464635394;0.06893814364684428;0.0;0.0;0.07653246671408742;0.07218920704065353;0.0;0.43591866035190086;0.1983346768124035;0.0;0.19675760323146416;0.11246716456894365;0.20369167073479322;0.07953294243041228;0.39769844185434367;0.0;0.16815648441611383;0.0;0.0;0.0;0.07093983928030155;0.0;0.19675760323146416;0.45771354812584436;0.0;0.09356051697768561;0.0;0.07442939675136517;0.15540289930048715;0.10056749576154903;0.4827839722718671;0.0;0.21369365005987875;0.09121898870048349;0.26882123960689736;0.0;0.20183277936846172;0.4003782237986299;0.0;0.49130263737556573;0.10596152079101853;0.0;0.0;0.07159036811400396;0.0;0.0;0.0;0.0;0.0;0.6360389833629353;0.0;0.1246357469719947;0.08076977036049934;0.406461185027031;0.0;0.0;0.16815648441611383;0.10707711302497341;0.08089674771335831;0.0;0.24905098772511985;0.18884172026283708;0.4688110294966302;0.0;0.0779404692710408;0.0;0.07718579831188675;0.3931766077930244
GO:0000187;0.8221878059609148;0.05658291311861606;0.0;0.5529140145142296;0.4844237867574766;0.23775427894024578;1.0;0.3512577489780385;0.18802741181862007;0.0;0.28637075034446235;0.4141230765907681;0.25048559944809473;0.21657751206450299;0.0;0.13053549207622814;0.0;0.189674116619912;0.0;0.0;0.37983173135683024;0.0;0.18561363090712335;0.31559367367792396;0.04935643173082417;0.0;0.07095478833117141;0.2106398227063073;0.0;0.0;0.32717486230948906;0.4662134572858428;0.0;0.0;0.0;0.16260432375349562;0.3251687813871338;0.07755427034540745;0.20498518413882388;0.7722368506064202;0.11623070124852675;0.3942224248304853;0.608432989329043;0.09312300946147874;0.10202171506977219;0.08393576862071421;0.47509036842661834;0.23431773476366685;0.09711766240262013;0.18399516274271907;0.10585580184960743;0.0848899176629005;0.24652270391920086;0.21959364931426853;0.0;0.11583362044816504;0.0;0.26708220632824026;0.0;0.31816900314259533;0.0;0.07423430988184991;0.0;0.05550120416315479;0.0;0.5956982240187559;0.0;0.7578345799814754;0.0;0.4610501564116724;0.0;0.2702763968021568;0.0;0.49794717447752646;0.19570829353755265;0.06566824274045457;0.21086836340953585;0.237294353383647;0.0;0.26954981414119894;0.06030419875259485;0.0;0.38310872821647485;0.41523763970573985;0.0685978840005173;0.0;0.0;0.37697986017982466;0.18191196288212316;0.0;0.20025288224319668;0.29346896059027405;0.0;0.19587375520719727;0.12690486056004419;0.37102487206638046;0.31692456145825104;0.05658291311861606;0.0;0.37590127883383967;0.0;0.0;0.0;0.08025427140375978;0.0;0.6078723658989312;0.21021677754032944;0.0;0.23389445563210948;0.0;0.08418365375759061;0.5423813504123122;0.4245112637050872;0.2216724826553077;0.0;0.23563309998647122;0.1030654853566755;0.29604805757735997;0.0;0.4845986028487608;0.18399516274271907;0.0;0.23197229356940743;0.2727828519877218;0.0;0.0;0.08098692302880486;0.0;0.0;0.0;0.0;0.0;0.1715860271608915;0.0;0.3204838517464921;0.08030308815973969;0.396818840591311;0.0;0.0;0.3506252971558935;0.12086347492862959;0.09146162362270946;0.0;0.768512540215783;0.18802741181862007;0.07574619749374094;0.0;0.08813553426089435;0.0;0.08728626214344351;0.3839031551447292
GO:0050796;0.32686630937480793;0.31979432964037985;0.0;0.32324829150651746;0.09894645002366734;0.0881966273747978;0.3512577489780385;1.0;0.06952902716928104;0.0;0.12800890826654485;0.28185311941352675;0.6470588988990712;0.08023231932465802;0.0;0.13317231030016058;0.0;0.0718499167063563;0.0;0.0;0.07507971512795371;0.0;0.07029537494338661;0.3013927956319695;0.22687943492360932;0.0;0.4020267482982965;0.07800309593994022;0.0;0.0;0.26234256831429636;0.0758937605564527;0.0;0.0;0.0;0.06003077078707783;0.30284658941050124;0.07847745434770959;0.07588171032028403;0.3264315138702253;0.1183166535947838;0.288966158371645;0.3562037797100301;0.09445723695950256;0.10362531538269479;0.08501819053475428;0.12740437508313934;0.08898951241896169;0.09856970488832939;0.5272930065248423;0.1075832174667201;0.0859972508788826;0.09369060491916241;0.666700543552296;0.0;0.11790521758279739;0.0;0.07627272175341379;0.0;0.30388440975981007;0.0;0.5243466707039439;0.0;0.2554386594160985;0.0;0.11184112752326884;0.0;0.12426082893918915;0.0;0.31422374410211723;0.0;0.2576347806779016;0.0;0.09613821514126626;0.07416141918200261;0.6566481629828952;0.07997584360893462;0.09013543249199546;0.0;0.10257819239276852;0.2778105400704807;0.0;0.07751822429251308;0.07997584360893462;0.3165430650072346;0.0;0.0;0.07717985457310494;0.0727649242828912;0.0;0.07410752338604917;0.07305219290583273;0.0;0.5836685672228251;0.12939564160181208;0.3509625823603432;0.3213073466415648;0.0571401911614203;0.0;0.5325776635656324;0.0;0.0;0.0;0.08124326429030926;0.0;0.2902082728121125;0.07784433396214231;0.0;0.1074178109253085;0.0;0.08527251995387085;0.06493053510876767;0.407232517448289;0.08214650356834649;0.0;0.4407828108483487;0.4309313228498229;0.46440269896294817;0.0;0.08448798093782363;0.06802049529257032;0.0;0.08808685588354685;0.12182282610244051;0.0;0.0;0.08199416894264892;0.0;0.0;0.0;0.0;0.0;0.06493053510876767;0.0;0.14358972452058943;0.3714273066051883;0.07847745434770959;0.0;0.0;0.6330591598937955;0.12312064141116866;0.09274833961030376;0.0;0.36811562888762406;0.06952902716928104;0.07662659337288799;0.0;0.08932975561944884;0.0;0.08845742649107864;0.0758937605564527
GO:0032725;0.17764364918679748;0.04841537023134746;0.0;0.17607632978293355;0.18695738195937356;0.4091905014888855;0.18802741181862007;0.06952902716928104;1.0;0.0;0.08311999690668995;0.15762379994397405;0.23714946111874247;0.593322146665024;0.0;0.08556796544010549;0.0;0.1442711455739045;0.0;0.0;0.5066614362740758;0.0;0.30695350537592414;0.06082305747289283;0.04223200580953978;0.0;0.05856549841260175;0.17132507424704566;0.0;0.0;0.3242423489243271;0.15097823960022572;0.0;0.0;0.0;0.29931613737798335;0.1682614484082626;0.2551120976777673;0.3630880957154759;0.0648427035668068;0.07838227647717164;0.05878017127718541;0.19009501314835944;0.06585897492919264;0.3186021884130012;0.06053416800930507;0.22668168029290026;0.17187018930924078;0.06811041084621475;0.15327215318010234;0.07290656950257489;0.06109695031990374;0.17907595747518298;0.5518625929781366;0.0;0.07817691117302042;0.0;0.06148311345456868;0.0;0.06122878520877092;0.0;0.05467809430313081;0.0;0.04665143701862533;0.0;0.07510855148554375;0.0;0.22252285365574287;0.0;0.17213570867101213;0.0;0.05348186882875756;0.0;0.18276886279843577;0.14812027553824456;0.05363080344515776;0.3415461459252093;0.17364050232918546;0.0;0.19229881161743012;0.0499986673238072;0.0;0.17046931910451102;0.15762379994397405;0.05556898796092361;0.0;0.0;0.06207120332118121;0.059183271437901926;0.0;0.5566094225778796;0.1624871456186773;0.0;0.16142711775250584;0.08378251742119282;0.16606519946045317;0.06403037998324589;0.21779840271873513;0.0;0.1416592706452938;0.0;0.0;0.0;0.05834090710762114;0.0;0.16142711775250584;0.5791437296969003;0.0;0.07282022040552029;0.0;0.06068059912636079;0.1324988254924403;0.07699562527179787;0.6045649430769705;0.0;0.17265352650963683;0.07139384351840618;0.2069410301574973;0.0;0.16482755051735593;0.5189660732778248;0.0;0.36938037884719993;0.08011813664554113;0.0;0.0;0.05878017127718541;0.0;0.0;0.0;0.0;0.0;0.2871042520396358;0.0;0.09035414765915366;0.06300895071252056;0.5254895704128937;0.0;0.0;0.1416592706452938;0.08075428301328803;0.06491139081921234;0.0;0.19502330221656308;0.1560600374584209;0.25015054350396176;0.0;0.06299416831012751;0.0;0.06250026783231279;0.5111990830040705
GO:0001666;0.0;0.0;0.0;0.0;0.0;0.0;0.0;0.0;0.0;1.0;0.0;0.0;0.0;0.0;0.0;0.0;0.0;0.0;0.0;0.0;0.0;0.25191682320409836;0.0;0.0;0.0;0.2339571347611714;0.0;0.0;0.0;0.0;0.0;0.0;0.2852630127824237;0.41447869449966773;0.0;0.0;0.0;0.0;0.0;0.0;0.0;0.0;0.0;0.0;0.0;0.0;0.0;0.0;0.0;0.0;0.0;0.0;0.0;0.0;0.2310527632441035;0.0;0.25692969716943287;0.0;0.18969713383737946;0.0;0.21860329097554507;0.0;0.0;0.28473644421793365;0.5904123052961725;0.0;0.0;0.0;0.0;0.0;0.0;0.0;0.22631727742439686;0.0;0.0;0.0;0.0;0.0;0.0;0.0;0.0;0.0;0.0;0.0;0.23355937072423236;0.2796845416384519;0.0;0.0;0.0;0.0;0.0;0.0;0.0;0.0;0.0;0.0;0.0;0.0;0.28900165515091103;0.0;0.0;0.2927088095453337;0.220593910091249;0.0;0.27699226204478805;0.0;0.0;0.0;0.0;0.2529758537961181;0.0;0.0;0.0;0.0;0.0;0.0;0.0;0.0;0.0;0.0;0.0;0.21860329097554507;0.0;0.0;0.2511706242611495;0.0;0.0;0.17947617359680862;0.24902141564577113;0.0;0.2771116323563803;0.0;0.0;0.0;0.0;0.0;0.0;0.0;0.2573219569208564;0.0;0.0;0.0;0.0;0.0;0.0;0.0;0.4040535694395425;0.0;0.0;0.0;0.0
GO:0045892;0.26176143959683945;0.0660103759958608;0.0;0.11321164752017362;0.41209605098935975;0.11127655376309391;0.28637075034446235;0.12800890826654485;0.08311999690668995;0.0;1.0;0.095838254975791;0.24436302110882274;0.09889120955723382;0.0;0.1838390859175512;0.0;0.08439978236404573;0.0;0.0;0.27176325926348277;0.0;0.08226283237521054;0.3008542092517048;0.057579867079940575;0.0;0.26310893654012474;0.09552630259656933;0.0;0.0;0.07822647747273057;0.2053297565564841;0.0;0.0;0.0;0.06989858801060886;0.31402512229327284;0.09369450595961193;0.09236404966443872;0.49238616439310784;0.4536411091024532;0.2859147041793787;0.12780655108908698;0.1174084781830524;0.3819348388837507;0.10317085439541049;0.5730594812118888;0.10907801325605052;0.3585259906671613;0.0809731787683997;0.13839678756159693;0.10461619087708303;0.1162263630085154;0.10069076362213845;0.0;0.15596098388735916;0.0;0.09294402233690725;0.0;0.3038816096589582;0.0;0.2573684023029141;0.0;0.0661199664954233;0.0;0.6253020997290217;0.0;0.3814872421845437;0.0;0.10933579117759859;0.0;0.24938804194842504;0.0;0.37177012531005404;0.08760732017402162;0.08107368533046573;0.095838254975791;0.11080470726709807;0.0;0.13022305229920683;0.07305140435852694;0.0;0.09480012472464854;0.21856426220261382;0.08558634656313928;0.0;0.0;0.21957947994505764;0.39269109938078595;0.0;0.08974869217284784;0.22327903707038674;0.0;0.08735334236124351;0.17671882397224614;0.10354562405259542;0.3253562403397266;0.20093702339249356;0.0;0.24459033698962548;0.0;0.0;0.0;0.28276706015694064;0.0;0.22637427563168222;0.09528830628348313;0.0;0.3056534809843224;0.0;0.10354562405259542;0.17106444523258257;0.1518703360713783;0.10181547497003332;0.0;0.10983972539840982;0.38700250447216433;0.1472106627863745;0.0;0.23350836653564463;0.0809731787683997;0.0;0.10772492533951027;0.9353838375615017;0.0;0.0;0.2859147041793787;0.0;0.0;0.0;0.0;0.0;0.0750100577023631;0.0;0.6766411420672525;0.10461105964472768;0.286446684900065;0.0;0.0;0.08226283237521054;0.4783581557709454;0.1147797875924292;0.0;0.30390482281457565;0.08311999690668995;0.2636703732794975;0.0;0.10958964942521003;0.0;0.10827966429296977;0.2752588641175059
GO:0030949;0.39099202486842227;0.04882663939968755;0.0;0.38750331925195775;0.1892061001989861;0.19113627464635394;0.4141230765907681;0.28185311941352675;0.15762379994397405;0.0;0.095838254975791;1.0;0.21307058316062844;0.17720660027402074;0.0;0.09870344222603673;0.0;0.16134250722487628;0.0;0.0;0.16740215029395716;0.0;0.15839503037102087;0.2611274110822358;0.04259074977501249;0.0;0.05916835975373168;0.17321156686161526;0.0;0.0;0.27646933137138674;0.16891592856541815;0.0;0.0;0.0;0.13935837015105215;0.188461621941344;0.06508381250634568;0.169369594501782;0.2785815789399434;0.09030009075155482;0.2522662126338619;0.4187325918705945;0.07570543229612542;0.0814833755506735;0.06951937510977287;0.2548520443355094;0.19254825064078612;0.07832451110526596;0.15478027408550074;0.0839107758465734;0.07017263604069093;0.2007139177065115;0.18249308162483435;0.0;0.09006023801542805;0.0;0.2204825993697299;0.0;0.26288804857624454;0.0;0.06272948316682497;0.0;0.047089581623179076;0.0;0.08647867023091985;0.0;0.25010929810491167;0.0;0.3787349724474924;0.0;0.22931398768610903;0.0;0.204901697939795;0.16568801607007622;0.05421066814785743;0.1764263022764012;0.19455369067773054;0.0;0.21571792262474943;0.05050228043488589;0.0;0.31537849553085445;0.1764263022764012;0.05619176525923524;0.0;0.0;0.06274881637617478;0.05979898517499056;0.0;0.1661258703712239;0.1641830628509812;0.0;0.16310086566741333;0.09661344752641352;0.3071436751660533;0.25931189043590647;0.04882663939968755;0.0;0.15839503037102087;0.0;0.0;0.0;0.06697473644713542;0.0;0.3549295145387838;0.1729254031441036;0.0;0.08381011836844865;0.0;0.06968933554240778;0.14806535422888026;0.33150267091445507;0.18060302066275427;0.0;0.19343557175727277;0.08214782838104775;0.23236230722371026;0.0;0.18457474924979675;0.15478027408550074;0.0;0.19096164499134832;0.09232815197622297;0.0;0.0;0.06748421709113606;0.0;0.0;0.0;0.0;0.0;0.14806535422888026;0.0;0.10431251878312732;0.06381085852635004;0.1736849980720551;0.0;0.0;0.2992091923445295;0.09307169330174879;0.07460373518519356;0.0;0.42972467883421067;0.15762379994397405;0.06380566320889053;0.0;0.0723758230831306;0.0;0.07180212848235264;0.16891592856541815
GO:0070164;0.2378297775928858;0.2533854060259757;0.0;0.23590857016147176;0.0707068951991919;0.28248222453829136;0.25048559944809473;0.6470588988990712;0.23714946111874247;0.0;0.24436302110882274;0.21307058316062844;1.0;0.26383561661277627;0.0;0.08661395254755712;0.0;0.05569691407432494;0.0;0.0;0.22809969334487476;0.0;0.21677708171896629;0.3548460037333318;0.1797653441876531;0.0;0.4845205908224889;0.057449031765552334;0.0;0.0;0.22809969334487476;0.05809653937669278;0.0;0.0;0.0;0.21174720915260087;0.22435700460383817;0.23593909638909366;0.2532228531648811;0.3763031817641271;0.23184111264623997;0.34385354501595183;0.25299066813447524;0.0683844064831006;0.4384523817822283;0.06329673112888025;0.08413656066341083;0.06547204325562081;0.20416033274164885;0.40190272109952824;0.0750100577023631;0.06383782472827598;0.0679816850970475;0.4988996439272079;0.0;0.07988621433706766;0.0;0.05650491035374544;0.0;0.35702212047450005;0.0;0.5679454927196605;0.0;0.19723810112696502;0.0;0.22309890003977287;0.0;0.08275402879042539;0.0;0.2310654098054507;0.0;0.31506563077232175;0.0;0.06926116022558619;0.05707594597774237;0.4864628497623979;0.2393445918476802;0.06609022054887986;0.0;0.07254221761466258;0.21031575276344325;0.0;0.05718559252074501;0.06045879382841809;0.23178688512656162;0.0;0.0;0.057001237644075636;0.16607123522894898;0.0;0.24880420775566459;0.05471784726286207;0.0;0.43806294301569576;0.08500039628043281;0.26109492988251876;0.3719851906038563;0.3087285429603729;0.0;0.41486368600613205;0.0;0.0;0.0;0.17713559007674695;0.0;0.217811095568287;0.25804906819423706;0.0;0.07492961163174648;0.0;0.06343759630592836;0.05144697224782045;0.2777058233257293;0.2684075728190091;0.0;0.32380919566313354;0.3029134178764013;0.31907884927032315;0.0;0.06300237100903477;0.2332277155349465;0.0;0.25725158456969777;0.23644673524259163;0.0;0.0;0.17836568160965977;0.0;0.0;0.0;0.0;0.0;0.20366854504903545;0.0;0.09090328877114173;0.25990923487769196;0.23593909638909366;0.0;0.0;0.49313607103824697;0.23812943096262693;0.06748421709113606;0.0;0.2589418490485211;0.05271700259003229;0.23168907898998048;0.0;0.06565602934599338;0.0;0.06518357189996392;0.22999288646643917
GO:0032729;0.20291556436281794;0.05337341103410523;0.0;0.2008731488743468;0.21515909099987232;0.4716321663943502;0.21657751206450299;0.08023231932465802;0.593322146665024;0.0;0.09889120955723382;0.17720660027402074;0.26383561661277627;1.0;0.0;0.10237573656563452;0.0;0.16050581128187277;0.0;0.0;0.5660449926086772;0.0;0.3408003460869592;0.06885887467506738;0.046556830900940795;0.0;0.06597950133406383;0.19471283348554325;0.0;0.0;0.36224536714297745;0.168850975603436;0.0;0.0;0.0;0.33141157632325285;0.19076531508620514;0.2862594659381911;0.4114211370108507;0.0740561986916218;0.09225680233505665;0.06625209332682176;0.21932526021693424;0.07538475059229333;0.36870448349035256;0.06848883984237283;0.2695139139771843;0.19541724128016275;0.07834923652944811;0.17172531018880466;0.08476366349991266;0.06921012965791012;0.20478653205872813;0.6230588989050103;0.0;0.09197243038670115;0.0;0.06970607718877653;0.0;0.06937935097747128;0.0;0.06108667301240953;0.0;0.05198594539089076;0.0;0.08775481481753014;0.0;0.263655265864887;0.0;0.19576057208521286;0.0;0.059597424860129214;0.0;0.20963030914452516;0.1652843043341657;0.06080357214516561;0.3839790144484127;0.19770910090445043;0.0;0.2222641453775145;0.056176825953773345;0.0;0.1936082443027876;0.17720660027402074;0.06330696445162537;0.0;0.0;0.07046296099187317;0.06676463506910185;0.0;0.6291162414105828;0.18337708519721097;0.0;0.18202810586682017;0.09983041581047314;0.1879472328515961;0.07299851139424397;0.24010233971839035;0.0;0.15727961276486202;0.0;0.0;0.0;0.0656945855407625;0.0;0.18202810586682017;0.6580564281643226;0.0;0.08464696634593234;0.0;0.06867634357246788;0.14606754509470526;0.09034179507829636;0.6910747597433935;0.0;0.1964305567394859;0.08272576133089488;0.24206009236666665;0.0;0.18636348586944618;0.5814468451185681;0.0;0.4195188143190775;0.094671048839829;0.0;0.0;0.06625209332682176;0.0;0.0;0.0;0.0;0.0;0.31650554731954067;0.0;0.10930295483048447;0.073146669306017;0.5896481003911007;0.0;0.0;0.15727961276486202;0.09556057058437606;0.07414580572934336;0.0;0.22591194361794092;0.17523257806508816;0.28002720939514136;0.0;0.0716547533893265;0.0;0.07101640042027273;0.5717146002058041
GO:0035434;0.0;0.0;0.27206877626646475;0.0;0.0;0.0;0.0;0.0;0.0;0.0;0.0;0.0;0.0;0.0;1.0;0.0;0.0;0.0;0.0;0.5331202924802253;0.0;0.0;0.0;0.0;0.0;0.0;0.0;0.0;0.0;0.0;0.0;0.0;0.0;0.0;0.0;0.0;0.0;0.0;0.0;0.0;0.0;0.0;0.0;0.0;0.0;0.0;0.0;0.0;0.0;0.0;0.0;0.0;0.0;0.0;0.0;0.0;0.0;0.0;0.0;0.0;0.0;0.0;0.0;0.0;0.0;0.0;0.0;0.0;0.0;0.0;0.0;0.0;0.0;0.0;0.0;0.20310187825538795;0.0;0.0;0.25789089539862853;0.0;0.0;0.0;0.0;0.0;0.0;0.0;0.0;0.0;0.0;0.16747841584485726;0.0;0.0;0.0;0.0;0.0;0.0;0.0;0.0;0.0;0.0;0.24801871616548365;0.0;0.0;0.0;0.0;0.0;0.0;0.0;0.0;0.0;0.0;0.0;0.0;0.0;0.0;0.0;0.0;0.0;0.0;0.0;0.0;0.0;0.0;0.0;0.0;0.0;0.0;0.0;0.0;0.0;0.0;0.0;0.0;0.0;0.0;0.0;0.0;0.0;0.0;0.0;0.0;0.0;0.0;0.0;0.0;0.0;0.0;0.0;0.0;0.0;0.0
GO:0035556;0.11891387605779175;0.06754497299885331;0.0;0.11723156834451996;0.12929819309392823;0.11570811327593267;0.13053549207622814;0.13317231030016058;0.08556796544010549;0.0;0.1838390859175512;0.09870344222603673;0.08661395254755712;0.10237573656563452;0.0;1.0;0.03052811151583636;0.08661395254755712;0.0444639727801271;0.0;0.091351229638843;0.0;0.0843649029034733;0.10728781064025236;0.05891847317209682;0.0;0.08908485604226439;0.0987738388518881;0.03159801605360953;0.05342599095963574;0.08039093957335108;0.09255919341714261;0.04551408560350151;0.0428459789371485;0.03529600178027174;0.07162165377891783;0.10910603952702484;0.09643111740200874;0.0953967222536132;0.11871114939657873;0.16448778166884373;0.10179596007278027;0.13295331318071513;0.322416026112659;0.13740538938472086;0.28205682148887773;0.18259479521804664;0.1128049071220474;0.12865561608267323;0.08329456255717056;0.7419997813792928;0.5549620145461929;0.12046723743296153;0.10385823264421895;0.03498309747259977;0.4335343433664882;0.0;0.09601553329256093;0.0;0.1084028614124018;0.0;0.091351229638843;0.0;0.06789120396349689;0.03671154409144968;0.1522339267246701;0.028061574753642068;0.17620612251033832;0.03688955666975394;0.11308062335281427;0.0455952974473127;0.08844277323034869;0.0;0.12454425721172839;0.08999536430888157;0.08375291855543948;0.09870344222603673;0.11465260894278065;0.05163781174581038;0.13557035049052396;0.0752195577299737;0.03665107511377288;0.09799764764641822;0.09870344222603673;0.08857764164130763;0.0;0.04223732485187286;0.09745749734197853;0.0905221542805189;0.0;0.09260939185554294;0.09096716697918136;0.02764507552902291;0.09006107487304346;0.494499403273472;0.10689824248700905;0.11633337624969287;0.06754497299885331;0.0;0.0843649029034733;0.04782236114521608;0.0;0.0;0.10064112362664952;0.0;0.10233976584813632;0.09851940706056897;0.029868687584173347;0.14415398386506728;0.0;0.2831145709604308;0.07675387763987655;0.15919317023969592;0.10551298012252847;0.028061574753642068;0.11361975409847225;0.13930546541566274;0.15408086946456345;0.0;0.10566818521948632;0.08329456255717056;0.0;0.11135839015845951;0.17134361582043567;0.0;0.03307384819547502;0.10179596007278027;0.025915491655330004;0.03835255911973935;0.0;0.04385879692881905;0.0;0.07675387763987655;0.0;0.21777620083515525;0.10911500089714175;0.09643111740200874;0.0;0.03994854272555451;0.0843649029034733;0.173922169788529;0.314937366771347;0.0;0.13886416075369035;0.08556796544010549;0.09365152307159791;0.041490240334961036;0.3002075252313001;0.04501314347636934;0.2964972973458249;0.09255919341714261
GO:0060231;0.0;0.0;0.0;0.0;0.0;0.0;0.0;0.0;0.0;0.0;0.0;0.0;0.0;0.0;0.0;0.03052811151583636;1.0;0.0;0.025957148769113186;0.0;0.0;0.0;0.0;0.0;0.0;0.0;0.0;0.0;0.020972067521626378;0.02877499445060255;0.0;0.0;0.026311541789357316;0.02539725920997828;0.022539409182826105;0.0;0.0;0.0;0.0;0.0;0.0;0.0;0.0;0.02337765010816656;0.0;0.021458197157809184;0.0;0.0;0.0;0.0;0.025926206044113703;0.021660817699326165;0.0;0.0;0.02241140053959446;0.027838116185694456;0.0;0.0;0.0;0.0;0.0;0.0;0.1746495612699634;0.0;0.02310840246881013;0.0;0.5438347331288547;0.0;0.023178807812114018;0.0;0.02633866202772791;0.0;0.0;0.0;0.0;0.02179988323303752;0.0;0.0;0.028248133951995043;0.0;0.02030181390824431;0.02308442892073447;0.0;0.0;0.022600594379872017;0.0;0.025182157503934606;0.0;0.0;0.0;0.0;0.0;0.2466086834353786;0.0;0.029877353201374416;0.0;0.0;0.0;0.0;0.0;0.027066797439943873;0.0;0.0;0.0;0.0;0.0;0.0;0.020195985138444682;0.0;0.0;0.021510911652872108;0.0;0.0;0.0;0.0193532780096808;0.0;0.0;0.0;0.0;0.0;0.0;0.0;0.0;0.0;0.0;0.02161214347188439;0.0;0.018307684229438063;0.023748008692430385;0.0;0.025749730841081574;0.0;0.0;0.19527516244752874;0.0;0.02568272069272882;0.0;0.21035629584451818;0.024350382562045435;0.0;0.0;0.02303568721655709;0.0;0.0;0.0;0.0;0.024914687087106945;0.022344310956209142;0.026143348024288474;0.02216631393546865;0.0
GO:0060355;0.1800908039034332;0.04527438167562236;0.0;0.17863601638989962;0.17028768667203606;0.171849575141975;0.189674116619912;0.0718499167063563;0.1442711455739045;0.0;0.08439978236404573;0.16134250722487628;0.05569691407432494;0.16050581128187277;0.0;0.08661395254755712;0.0;1.0;0.0;0.0;0.15376230621040549;0.0;0.1461297186764444;0.06357458753706137;0.03949216830960482;0.0;0.054031133275955365;0.15722133690687112;0.0;0.0;0.13876567085026614;0.15503851020789744;0.0;0.0;0.0;0.12881754945766785;0.1713494860605127;0.05959856069666081;0.154049479763725;0.06741887838059657;0.0800748794215754;0.06160516693876491;0.19157101884186942;0.0683844064831006;0.07306434092955379;0.06329673112888025;0.2245298456538492;0.17472104458412427;0.07051430111061184;0.1418853306310641;0.0750100577023631;0.06383782472827598;0.18141836487935503;0.16640138517407832;0.0;0.07988621433706766;0.0;0.05650491035374544;0.0;0.06396446292750323;0.0;0.05761831602629059;0.0;0.04333071161169873;0.0;0.07705543385236444;0.0;0.22084037147514127;0.0;0.1749686512231958;0.0;0.056447493596425494;0.0;0.1848328181308731;0.15231491803185873;0.04928839108167835;0.16134250722487628;0.17637073469681422;0.0;0.19358876564455746;0.046203705969182066;0.0;0.15650038010412864;0.16134250722487628;0.05092064168843242;0.0;0.0;0.057001237644075636;0.05455651972183785;0.0;0.15136137314916537;0.14974687710040022;0.0;0.14884610066562312;0.08500039628043281;0.16929184643288536;0.06664526249056335;0.04527438167562236;0.0;0.1461297186764444;0.0;0.0;0.0;0.06118030945748724;0.0;0.1649321447338968;0.15698553354089362;0.0;0.07492961163174648;0.0;0.06343759630592836;0.13729323669851928;0.07879904803538271;0.16328718534140169;0.0;0.17545135389833091;0.07359813201864368;0.20688815204094083;0.0;0.16813038858429202;0.1418853306310641;0.0;0.17341363480007796;0.08166560105784909;0.0;0.0;0.06160516693876491;0.0;0.0;0.0;0.0;0.0;0.13729323669851928;0.0;0.09090328877114173;0.05709876559018886;0.15904685821359235;0.0;0.0;0.1461297186764444;0.08224678208888833;0.06748421709113606;0.0;0.19607740557709097;0.1442711455739045;0.0585250000880146;0.0;0.06565602934599338;0.0;0.06518357189996392;0.15503851020789744
GO:0051260;0.0;0.0;0.0;0.0;0.0;0.0;0.0;0.0;0.0;0.0;0.0;0.0;0.0;0.0;0.0;0.0444639727801271;0.025957148769113186;0.0;1.0;0.0;0.0;0.0;0.0;0.0;0.0;0.0;0.0;0.0;0.22586076179711526;0.04083996321639761;0.0;0.0;0.03604959976841498;0.03435510949431659;0.4078024187962714;0.0;0.0;0.0;0.0;0.0;0.0;0.0;0.0;0.030760406444515612;0.0;0.027521172014080202;0.0;0.0;0.0;0.0;0.03533015083811516;0.027855360202980673;0.0;0.0;0.029109054543404886;0.03897815602288921;0.0;0.0;0.0;0.0;0.0;0.0;0.0;0.0;0.03029593653981285;0.0;0.024152105575009256;0.0;0.030417065026592034;0.0;0.03610052904523184;0.0;0.0;0.0;0.0;0.0280857617968616;0.0;0.0;0.03978675441081201;0.0;0.0256475317157401;0.8549523714360713;0.0;0.0;0.029429034107523226;0.0;0.03396268382594315;0.0;0.0;0.0;0.0;0.0;0.023842934341519084;0.0;0.04309677696390853;0.0;0.0;0.0;0.0;0.0;0.03748258184514128;0.0;0.0;0.0;0.0;0.0;0.0;0.025478864950831494;0.0;0.0;0.02760794389097917;0.0;0.0;0.0;0.024152105575009256;0.0;0.0;0.0;0.0;0.0;0.0;0.0;0.0;0.0;0.0;0.027774917263730374;0.0;0.022545221496724492;0.031404847378721;0.0;0.035003242650041635;0.0;0.0;0.0;0.0;0.03487953237020891;0.0;0.0;0.03246696222460386;0.0;0.0;0.030171074742409248;0.0;0.0;0.0;0.0;0.03347796659854169;0.028995974766257697;0.3019854486453961;0.028696937337742853;0.0
GO:1902600;0.0;0.0;0.3876538407598618;0.0;0.0;0.0;0.0;0.0;0.0;0.0;0.0;0.0;0.0;0.0;0.5331202924802253;0.0;0.0;0.0;0.0;1.0;0.0;0.0;0.0;0.0;0.0;0.0;0.0;0.0;0.0;0.0;0.0;0.0;0.0;0.0;0.0;0.0;0.0;0.0;0.0;0.0;0.0;0.0;0.0;0.0;0.0;0.0;0.0;0.0;0.0;0.0;0.0;0.0;0.0;0.0;0.0;0.0;0.0;0.0;0.0;0.0;0.0;0.0;0.0;0.0;0.0;0.0;0.0;0.0;0.0;0.0;0.0;0.0;0.0;0.0;0.0;0.2612523204381521;0.0;0.0;0.35949387057060755;0.0;0.0;0.0;0.0;0.0;0.0;0.0;0.0;0.0;0.0;0.2099693944032274;0.0;0.0;0.0;0.0;0.0;0.0;0.0;0.0;0.0;0.0;0.3405955576590087;0.0;0.0;0.0;0.0;0.0;0.0;0.0;0.0;0.0;0.0;0.0;0.0;0.0;0.0;0.0;0.0;0.0;0.0;0.0;0.0;0.0;0.0;0.0;0.0;0.0;0.0;0.0;0.0;0.0;0.0;0.0;0.0;0.0;0.0;0.0;0.0;0.0;0.0;0.0;0.0;0.0;0.0;0.0;0.0;0.0;0.0;0.0;0.0;0.0;0.0
