;GO:0036498;GO:0030073;GO:0006241;GO:0015031;GO:0007179;GO:0023019;GO:0007212;GO:0006366;GO:0006641;GO:0051492;GO:0042177;GO:1901303;GO:0006165;GO:1902511;GO:0006446;GO:0009749;GO:0045892;GO:0097720;GO:0001701;GO:0030308;GO:0045893;GO:0015949;GO:0051923;GO:0034504;GO:0035556;GO:0070723;GO:0010894;GO:0007182;GO:0007183;GO:0035278;GO:0035194;GO:0060395;GO:0006695;GO:1901796;GO:0007223;GO:0042420;GO:0045652;GO:1900224;GO:0098989;GO:0036315;GO:0010389;GO:0016567;GO:0036316;GO:0035265;GO:0032076;GO:0090630;GO:0007352;GO:0008285;GO:0006183;GO:0006068;GO:0008202;GO:0042795;GO:0045944;GO:0038092;GO:0000398;GO:0000122;GO:0010718;GO:0048340;GO:0000086;GO:0019221;GO:0016197;GO:0070862;GO:0016236;GO:0016579;GO:0045717;GO:1903351;GO:0045839;GO:0031053;GO:0006351;GO:0045599;GO:0048701;GO:0006355;GO:1901215;GO:0060213;GO:0070371;GO:0030513;GO:0032933;GO:0001731;GO:0006228;GO:0001657;GO:0006309;GO:0097711;GO:0043065;GO:0050427;GO:0030512
GO:0036498;1.0;0.20422132422477868;0.07578622377119441;0.0;0.5681041375728735;0.642450547182496;0.6155778762439387;0.134588675161899;0.2218141465786222;0.3387239550623202;0.25446486618096276;0.2685161170691853;0.15858338943973144;0.19774937339041224;0.2912147050232362;0.24961203761797038;0.2059455170938568;0.5681014599144467;0.0;0.3888286167746201;0.21001245347331812;0.19922297939731237;0.28357505805730077;0.0;0.642450547182496;0.23969725505965997;0.2546249158961445;0.17190998329823828;0.2492202068801268;0.19810721205647633;0.3222345143910106;0.642450547182496;0.0;0.4040662209099215;0.5470802565329604;0.14065287149054181;0.37481373119345723;0.17133113527633756;0.5680707688682186;0.32827680704238893;0.38949957114022704;0.1822038377885004;0.21064152492068414;0.0;0.23195093302581984;0.2299177204664099;0.0;0.4384692298346258;0.07400475299561564;0.16287865781222055;0.0;0.12156603656840427;0.20203014163135774;0.5470327237137593;0.16310965361297733;0.198263972210836;0.3384152440945205;0.0;0.26026318975583734;0.6155694911036339;0.0;0.2209340096561202;0.24844697333978827;0.17703420397709388;0.24976445671975903;0.23799305504011165;0.2916376780047938;0.17691722614459043;0.13753174483479577;0.37535343239189456;0.0;0.29975242686763137;0.40439740447899947;0.21876138638336337;0.3407490527131881;0.2051920277015628;0.3726246839115112;0.23065718544135266;0.07578622377119441;0.0;0.13457650844921276;0.25821047959451865;0.37534692417564847;0.12386196504597305;0.27620922794467806
GO:0030073;0.20422132422477868;1.0;0.06592141246510295;0.6670612287040955;0.22129857098162523;0.24019347962928173;0.23354187044093666;0.10633079445914587;0.1542532316350987;0.1435498102145601;0.13713316208922477;0.12089893709755152;0.12076713775420084;0.09501413017699913;0.12852528760143514;0.0;0.0981886806718523;0.2212978619431954;0.0;0.15815288302831537;0.0997457805017642;0.14297828841696703;0.18178609342255805;0.281150232273123;0.24019347962928173;0.0;0.13719604823153436;0.12834391324347152;0.16702623667512426;0.0951537594655188;0.1867933441881161;0.24019347962928173;0.0;0.16236366139044858;0.21566473409519402;0.11008039649263598;0.15418796737910176;0.08443708448923909;0.2212897348645776;0.1401564695629105;0.15834046336720217;0.1339956969808404;0.17748326930342795;0.0;0.10794459989142645;0.1581290264673748;0.0;0.1715061362037211;0.06456939579089796;0.12324214484623977;0.0;0.0980339354799349;0.09667830196385614;0.2156518434646078;0.12337434877421653;0.09521489770976783;0.14345603928934925;0.0;0.17191488243854355;0.23353976429498177;0.2807290745638199;0.1234685370210788;0.1666785738992596;0.13117861826509183;0.11436258137609209;0.10998109106254904;0.12866453710404635;0.1311143806149599;0.10815936731874176;0.1543423233833093;0.0;0.13131631287695864;0.16245405084605177;0.10305553466368711;0.15224607232433662;0.09789888359997778;0.113534516369623;0.15847845631950339;0.06592141246510295;0.0;0.10632320024959516;0.23336205614942207;0.1543404628216546;0.09952158926493125;0.12351794311090268
GO:0006241;0.07578622377119441;0.06592141246510295;1.0;0.0;0.07886814398916205;0.08200532813634542;0.08093145855205736;0.4362971068807625;0.18303000099507752;0.0;0.0;0.0;0.44782220663820127;0.0;0.0;0.0;0.0;0.07886802110161972;0.0;0.0;0.0;0.37110573819131404;0.14098122081217285;0.0;0.08200532813634542;0.0;0.0;0.25859532562414955;0.07999780462163503;0.0;0.0723671561545172;0.08200532813634542;0.24621673576506484;0.0;0.07787877430078963;0.2157155153048684;0.0;0.0;0.07886661252182982;0.07327004332610518;0.0;0.2180160764873685;0.054808346153628215;0.0;0.0;0.0;0.0;0.0;0.7542070824787794;0.16261828164429226;0.165765050824168;0.4155199983294507;0.0;0.07787648048454371;0.2976330651944484;0.0;0.0;0.0;0.08110239729646514;0.08093111341856798;0.0;0.0;0.13536352243839705;0.2155443914070376;0.0;0.06407902010425773;0.0;0.3077045507745428;0.44069906767411315;0.0;0.0;0.0;0.0;0.0;0.23902423302685064;0.0;0.05396035548880287;0.07798325552505032;0.9706870872685294;0.0;0.27332902134569853;0.08090198061564109;0.0;0.47836487257501875;0.0
GO:0015031;0.0;0.6670612287040955;0.0;1.0;0.0;0.0;0.0;0.0;0.0;0.0;0.0;0.0;0.0;0.0;0.0;0.0;0.0;0.0;0.0;0.0;0.0;0.0;0.0;0.4398756198477143;0.0;0.0;0.0;0.0;0.0;0.0;0.0;0.0;0.0;0.0;0.0;0.0;0.0;0.0;0.0;0.0;0.0;0.0;0.10449343837550315;0.0;0.0;0.0;0.0;0.0;0.0;0.0;0.0;0.0;0.0;0.0;0.0;0.0;0.0;0.0;0.0;0.0;0.43884556459913765;0.0;0.0;0.0;0.0;0.0;0.0;0.0;0.0;0.0;0.0;0.0;0.0;0.0;0.0;0.0;0.0;0.0;0.0;0.0;0.0;0.27135426897472026;0.0;0.0;0.0
GO:0007179;0.5681041375728735;0.22129857098162523;0.07886814398916205;0.0;1.0;0.7462651347143983;0.7102494097407946;0.14462516598675898;0.25045965404319687;0.37774347017386484;0.28178832287185906;0.29246487918979314;0.17270527904022637;0.21043997928091396;0.31959753624134385;0.0;0.2197466112977023;0.6477878662750307;0.0;0.441136917978399;0.22438302490883424;0.2220307045697619;0.33213945520821037;0.0;0.7462651347143983;0.0;0.2819846022012866;0.18863019682892412;0.28596789619535096;0.21084526749255222;0.35674153014627435;0.7462651347143983;0.0;0.46085400205424776;0.7051879085984534;0.1516511254576414;0.4231846566669062;0.18077646614745774;0.7360397057201391;0.2152993623838856;0.44200073981760535;0.20109642202512243;0.22239347421597386;0.0;0.2496069084619555;0.2608403746536987;0.0;0.5061485719177713;0.07694067918135661;0.17781191499076404;0.0;0.1296955955979004;0.21529456013328682;0.8737450541282321;0.178087245230479;0.21102284375957303;0.3773595786053859;0.0;0.3006031835669244;0.8070477736626505;0.0;0.24124370378449567;0.28495028915305626;0.194817607876505;0.2703568592287794;0.15146271874431358;0.3201070481664283;0.19467595780682778;0.14802909124885474;0.42387277469166684;0.0;0.32991006029088726;0.46128486629001286;0.23439880456138115;0.3678935874785509;0.21888896076353917;0.24990294258540324;0.2617925353475866;0.07886814398916205;0.0;0.14461111712855;0.29786817494427026;0.4238644752043875;0.13231217038882853;0.30161485395494525
GO:0023019;0.642450547182496;0.24019347962928173;0.08200532813634542;0.0;0.7462651347143983;1.0;0.8303885688799914;0.15553635577636976;0.28509537832350634;0.42365421103820566;0.3134507289236948;0.3192511327609332;0.18849608383802724;0.22396089986605605;0.35185849510584893;0.0;0.23453190389329304;0.7462605142573947;0.0;0.5050540147260838;0.23982072189214948;0.24882921998304344;0.39592630356554376;0.0;0.8800448626754314;0.0;0.3136936141733676;0.20762752212419153;0.3320234930632193;0.22441999809999758;0.3967056803486377;0.8800448626754314;0.0;0.5310671806746815;0.710403338211722;0.16369234061906274;0.4816605397326661;0.1906646823730723;0.7462075560286646;0.24040572968568474;0.5061866139576081;0.22283238981928957;0.23471227819676635;0.0;0.268859433092366;0.29862322489570153;0.0;0.5921291278727606;0.079923497607348;0.19459572161954747;0.0;0.13840253652242035;0.22946750361879942;0.7103231906689442;0.19492553042760216;0.22462118693014754;0.42317139236558965;0.0;0.3519164227215028;0.8303733106208108;0.0;0.264081005534925;0.33065250286408016;0.2151488315685165;0.2930891352026786;0.16347284847715135;0.3524761608047312;0.21497608659845277;0.15948027459181627;0.4825521659611356;0.0;0.36439888600060993;0.5316394157996855;0.2512973410426568;0.3976970655247446;0.23355521597283285;0.26330666960424826;0.2998718655694019;0.08200532813634542;0.0;0.15552010725132587;0.3481737949560652;0.48254140954539615;0.14138626572750676;0.33018524579851466
GO:0007212;0.6155778762439387;0.23354187044093666;0.08093145855205736;0.0;0.7102494097407946;0.8303885688799914;1.0;0.15171813086675942;0.2725238854660935;0.40714734138091785;0.3021265782971444;0.3097866531336695;0.18291717928685372;0.21926156593836008;0.3403966404443901;0.0;0.22938358017154845;0.7102452244993053;0.0;0.48176891032821234;0.2344402487165595;0.23919864542475522;0.37208919791943607;0.0;0.8303885688799914;0.0;0.3023522246298508;0.2008789566043442;0.3150955870574067;0.21970158101525705;0.3824151678324782;0.8303885688799914;0.0;0.5053826641569139;0.6776900477916634;0.15946861512418264;0.46043723095789985;0.1872481203258443;0.7101972543956477;0.2314043628561469;0.48279937533628947;0.21507767631633087;0.23045407212214566;0.0;0.2621154043182963;0.2848591853153142;0.0;0.5603752367152579;0.07890312036605393;0.18865560323997654;0.0;0.13537100692542872;0.22453678430290855;0.677617111328969;0.18896556821586968;0.2198943951799644;0.40670139412683;0.0;0.33295721981204235;0.7860229905240506;0.0;0.25599712883826237;0.3138605704374334;0.20791099854351092;0.2850928614529524;0.15926029667642724;0.340974687374114;0.2077496763620503;0.1554684553038043;0.4612519467670912;0.0;0.35211971702029404;0.5059008596537602;0.24539591706167652;0.3872327085094387;0.2284492157034422;0.25867848894430917;0.2859951558853554;0.08093145855205736;0.0;0.1517026702723609;0.3296050706110064;0.4612421189765343;0.138224110881296;0.3200716303520802
GO:0006366;0.134588675161899;0.10633079445914587;0.4362971068807625;0.0;0.14462516598675898;0.15553635577636976;0.15171813086675942;1.0;0.3289490772756115;0.0;0.0;0.0;0.48190807523783896;0.0;0.0;0.0;0.0;0.14462475275680586;0.0;0.0;0.0;0.5619730941073514;0.27103677586335095;0.0;0.15553635577636976;0.0;0.0;0.3954773226722705;0.14846975724085654;0.0;0.12417025193201103;0.15553635577636976;0.3280978917049965;0.0;0.14133267702408459;0.3090466688585044;0.0;0.0;0.14462001624791304;0.12685239387416192;0.0;0.41130558484154117;0.08012543309241064;0.0;0.0;0.0;0.0;0.0;0.4277612865686686;0.22976039493970854;0.3148536094039215;0.9273040985832467;0.0;0.1413251227079218;0.6011656421970512;0.0;0.0;0.0;0.152319974669754;0.15171691796475154;0.0;0.0;0.2510098414679303;0.40343137486419983;0.0;0.10161809374110008;0.0;0.6355107822000309;0.98409060801846;0.0;0.0;0.0;0.0;0.0;0.34777850152962275;0.0;0.07832595865828511;0.1416771539944321;0.4362971068807624;0.0;0.5245782410759086;0.15161456921315497;0.0;0.4030059917851727;0.0
GO:0006641;0.2218141465786222;0.1542532316350987;0.18303000099507752;0.0;0.25045965404319687;0.28509537832350634;0.2725238854660935;0.3289490772756115;1.0;0.0;0.0;0.0;0.3895048223167033;0.0;0.0;0.0;0.0;0.25045841473678154;0.0;0.0;0.0;0.49344039122862887;0.5090252111847788;0.0;0.28509537832350634;0.0;0.0;0.4233958107632443;0.262218633481748;0.0;0.1948675085452554;0.28509537832350634;0.3219379394928762;0.0;0.24074702982089977;0.2946445782024006;0.0;0.0;0.250444209975335;0.20155556219192763;0.0;0.44970182718120005;0.10461712131211799;0.0;0.0;0.0;0.0;0.0;0.17866332482251546;0.34276283576373906;0.576609421161226;0.29633167077334255;0.0;0.24072511108347006;0.4009947837269578;0.0;0.0;0.0;0.2744718987292802;0.27251997204008;0.0;0.0;0.4426912763386501;0.4364768356649363;0.0;0.14452955107227747;0.0;0.4361779083486049;0.3363445616991062;0.0;0.0;0.0;0.0;0.0;0.3503536842086463;0.0;0.10157035389113123;0.24174827885968242;0.18303000099507752;0.0;0.3289185226509694;0.2721899233748257;0.0;0.3020696337513257;0.0
GO:0051492;0.3387239550623202;0.1435498102145601;0.0;0.0;0.37774347017386484;0.42365421103820566;0.40714734138091785;0.0;0.0;1.0;0.24154320724753417;0.4082894474171127;0.0;0.22883770292715666;0.2776127153096876;0.0;0.1990485040407006;0.37774180290056236;0.0;0.4363793633749374;0.2028450914929047;0.0;0.0;0.0;0.42365421103820566;0.0;0.24168741049348205;0.0;0.0;0.19171706510919248;0.24098478336744403;0.42365421103820566;0.0;0.3783450691845243;0.3646218630269014;0.0;0.35257948939673506;0.16653070248488422;0.37772269271365055;0.0;0.365544522787182;0.0;0.16837146773840325;0.0;0.22323897198200002;0.21580306281867598;0.0;0.4083449871828211;0.0;0.0;0.0;0.0;0.19538865506079778;0.3645921263332161;0.0;0.19186387170534108;0.3201846741938917;0.0;0.0;0.4071421752976372;0.0;0.21112774735969184;0.0;0.0;0.23969203224007235;0.0;0.3862869887087113;0.0;0.0;0.35305701800111444;0.0;0.28536089721693747;0.37863541608142104;0.21099545490594923;0.23248377256522895;0.198344551292039;0.1636974592604451;0.0;0.0;0.0;0.0;0.0;0.35305126000541404;0.0;0.2639433484697825
GO:0042177;0.25446486618096276;0.13713316208922477;0.0;0.0;0.28178832287185906;0.3134507289236948;0.3021265782971444;0.0;0.0;0.24154320724753417;1.0;0.24478582298919657;0.0;0.5074531823542228;0.46909401872332096;0.0;0.4528399434919919;0.2817871635479054;0.0;0.34096412932214226;0.3103814401627869;0.0;0.0;0.0;0.3134507289236948;0.0;0.4533038988750227;0.0;0.0;0.5067962309430779;0.5062198896920689;0.3134507289236948;0.0;0.28220659415534727;0.2726427658729792;0.0;0.2642112913895065;0.2565437672396797;0.2817738753964469;0.0;0.27328725825162764;0.0;0.2918566280993903;0.0;0.5056030477379463;0.2016204790401901;0.0;0.3785449195873307;0.0;0.0;0.0;0.0;0.2993862141948823;0.2726219907606;0.0;0.4370777573974985;0.24134703441852498;0.0;0.0;0.30212302376626166;0.0;0.2510422930098386;0.0;0.0;0.3639156542542613;0.0;0.2638560791176883;0.0;0.0;0.3305579245060156;0.0;0.4300583823588565;0.3528771088470492;0.3622374662830799;0.17807609381438094;0.30374860734952275;0.2523126290838196;0.0;0.0;0.0;0.0;0.0;0.2645422916882643;0.0;0.2511631039746269
GO:1901303;0.2685161170691853;0.12089893709755152;0.0;0.0;0.29246487918979314;0.3192511327609332;0.3097866531336695;0.0;0.0;0.4082894474171127;0.24478582298919657;1.0;0.0;0.29636080650110375;0.22862079952079453;0.0;0.24009312663010754;0.2924638797405591;0.0;0.4519511302205318;0.17538367152790096;0.0;0.0;0.0;0.3192511327609332;0.0;0.24490433519556928;0.0;0.0;0.2323899081036627;0.24432663472752783;0.3192511327609332;0.0;0.29282537855455565;0.284536950175024;0.0;0.2771499878595435;0.14756197865932646;0.29245242397093923;0.0;0.28509850505515594;0.0;0.20734639920633355;0.0;0.2649827524107162;0.16837843640939126;0.0;0.43204327832684164;0.0;0.0;0.0;0.0;0.16978161744317338;0.28451884126163823;0.0;0.2325449044212446;0.25673200658785833;0.0;0.0;0.3097836623505582;0.0;0.4746915362725831;0.0;0.0;0.281463159586004;0.0;0.49448373893521846;0.0;0.0;0.38607453175291506;0.0;0.23384980065166552;0.40771890199403665;0.1814436387468604;0.19711074219228505;0.17200908619940686;0.145333099053317;0.0;0.0;0.0;0.0;0.0;0.2774414097808227;0.0;0.3051207195074811
GO:0006165;0.15858338943973144;0.12076713775420084;0.44782220663820127;0.0;0.17270527904022637;0.18849608383802724;0.18291717928685372;0.48190807523783896;0.3895048223167033;0.0;0.0;0.0;1.0;0.0;0.0;0.0;0.0;0.17270468976926814;0.0;0.0;0.0;0.7574092317984706;0.3304905466752387;0.0;0.18849608383802724;0.0;0.0;0.4986057525804684;0.1782161595987356;0.0;0.1443158930122724;0.18849608383802724;0.29343033131773105;0.0;0.16803080876246426;0.34894342395114647;0.0;0.0;0.17269793549645518;0.1479516899466957;0.0;0.38395979736951497;0.08805749480913115;0.0;0.0;0.0;0.0;0.0;0.43840910363249225;0.3073946322966782;0.38182109385270163;0.44286659858421296;0.0;0.16802013092177281;0.5629089016720471;0.0;0.0;0.0;0.1837927117059238;0.18291541625960364;0.0;0.0;0.30118880900898604;0.37546884957935134;0.0;0.11472426015943327;0.0;0.6000544903664501;0.49054669833220405;0.0;0.0;0.0;0.0;0.0;0.43059525282421746;0.0;0.08588892666816188;0.16851794772043013;0.4478222066382012;0.0;0.48187222413928527;0.18276666696896973;0.0;0.6849488242824181;0.0
GO:1902511;0.19774937339041224;0.09501413017699913;0.0;0.0;0.21043997928091396;0.22396089986605605;0.21926156593836008;0.0;0.0;0.22883770292715666;0.5074531823542228;0.29636080650110375;0.0;1.0;0.34725516730335226;0.0;0.49281413707550986;0.2104394618287418;0.0;0.3276239409243366;0.30867220384895766;0.0;0.0;0.0;0.22396089986605602;0.0;0.2932850872485053;0.0;0.0;0.42823670428891725;0.32783942271576333;0.22396089986605602;0.0;0.21062655857756665;0.2063039542141846;0.0;0.2023927114898262;0.26775360200755705;0.21043353067838996;0.0;0.20659900336419593;0.0;0.31861371981685344;0.0;0.5908911713113114;0.12206462338326907;0.0;0.3055929385997925;0.0;0.0;0.0;0.0;0.3006319791054926;0.20629443419658908;0.0;0.48014282375400524;0.19128332917799756;0.0;0.0;0.21926006768326803;0.0;0.16962787845364866;0.0;0.0;0.37616706225991214;0.0;0.31170737239850804;0.0;0.0;0.2818554884057032;0.0;0.3871219439497246;0.3745277216412719;0.37379785700668067;0.15610304323488725;0.3038406011647747;0.264365505809947;0.0;0.0;0.0;0.0;0.0;0.3208595445556651;0.0;0.2361199645967173
GO:0006446;0.2912147050232362;0.12852528760143514;0.0;0.0;0.31959753624134385;0.35185849510584893;0.3403966404443901;0.0;0.0;0.2776127153096876;0.46909401872332096;0.22862079952079453;0.0;0.34725516730335226;1.0;0.0;0.5347141361182296;0.3195963427479895;0.0;0.31039405944301385;0.5440053718587474;0.0;0.0;0.0;0.35185849510584893;0.0;0.36734432404146905;0.0;0.0;0.6836896275367369;0.4168085957250462;0.35185849510584893;0.0;0.32002807630730373;0.31015413679142445;0.0;0.3013976521480533;0.45384610636252726;0.3195826628826927;0.0;0.3108214768440827;0.0;0.4584864414771487;0.0;0.3994469163878331;0.18354680965526673;0.0;0.3412333723472082;0.0;0.0;0.0;0.0;0.5257281358403405;0.31013262048528617;0.0;0.5170463470891262;0.2774053145414565;0.0;0.0;0.3403930294265816;0.0;0.18732603284160043;0.0;0.0;0.42446080901295075;0.0;0.2451703763239326;0.0;0.0;0.30174653502483667;0.0;0.7385625683205994;0.32023579033442057;0.41686151617271927;0.209073299990459;0.5329879722211219;0.44668895710275563;0.0;0.0;0.0;0.0;0.0;0.30174232904436754;0.0;0.2341740590749829
GO:0009749;0.24961203761797038;0.0;0.0;0.0;0.0;0.0;0.0;0.0;0.0;0.0;0.0;0.0;0.0;0.0;0.0;1.0;0.0;0.0;0.0;0.0;0.0;0.0;0.0;0.0;0.0;0.5800129895419566;0.0;0.0;0.0;0.0;0.0;0.0;0.0;0.0;0.0;0.0;0.0;0.0;0.0;0.4514568550844709;0.0;0.0;0.0;0.0;0.0;0.0;0.0;0.0;0.0;0.0;0.0;0.0;0.0;0.0;0.0;0.0;0.0;0.0;0.0;0.0;0.0;0.0;0.0;0.0;0.0;0.3137327611717178;0.0;0.0;0.0;0.0;0.0;0.0;0.0;0.0;0.0;0.0;0.1070282130217625;0.0;0.0;0.0;0.0;0.0;0.0;0.0;0.0
GO:0045892;0.2059455170938568;0.0981886806718523;0.0;0.0;0.2197466112977023;0.23453190389329304;0.22938358017154845;0.0;0.0;0.1990485040407006;0.4528399434919919;0.24009312663010754;0.0;0.49281413707550986;0.5347141361182296;0.0;1.0;0.21974604706527834;0.0;0.29967567704486886;0.5690051754656396;0.0;0.0;0.0;0.23453190389329298;0.0;0.3788130812676037;0.0;0.0;0.7082527901346742;0.41401940707486173;0.23453190389329298;0.0;0.2199500662910475;0.2152405851222265;0.0;0.2109866439910615;0.49165643248568924;0.219739579718179;0.0;0.21556176956238102;0.0;0.5456959616570228;0.0;0.5503845976396781;0.1273543879915257;0.0;0.31972371301034963;0.0;0.0;0.0;0.0;0.5537590352754593;0.2152302224894876;0.0;0.9735606020461115;0.19894185883918336;0.0;0.0;0.2293819403927906;0.0;0.17562332493785282;0.0;0.0;0.5146576805859302;0.0;0.2529808507591131;0.0;0.0;0.29383323765857206;0.0;0.7190010501133614;0.30620483923791075;0.38467877754544;0.16116627302690437;0.5598405269803097;0.4852788499338084;0.0;0.0;0.0;0.0;0.0;0.21115549101657594;0.0;0.24446836316233508
GO:0097720;0.5681014599144467;0.2212978619431954;0.07886802110161972;0.0;0.6477878662750307;0.7462605142573947;0.7102452244993053;0.14462475275680586;0.25045841473678154;0.37774180290056236;0.2817871635479054;0.2924638797405591;0.17270468976926814;0.2104394618287418;0.3195963427479895;0.0;0.21974604706527834;1.0;0.0;0.44113464414127773;0.22438243661588986;0.22202973063590564;0.3321372757759141;0.0;0.8479800813661731;0.0;0.2819834412617223;0.18862949387621106;0.2859662805821197;0.21084474804533185;0.35674006640935846;0.7462605142573947;0.0;0.46085152041202637;0.6205938008330092;0.15165067110268673;0.4231825641332091;0.18077608429318975;0.6477444806874674;0.21529844660856792;0.44199845706666113;0.20109562308863513;0.22239299881198585;0.0;0.24960618046977;0.2608390304883772;0.0;0.5061455784937136;0.07694056222692967;0.17781129035695548;0.0;0.12969526327930997;0.215294018531857;0.6205326360716977;0.17808661866076617;0.21102232343701666;0.3773579147191731;0.0;0.30060139835464134;0.7102340620355231;0.0;0.24124285407385493;0.28494868501754433;0.19481685805129917;0.27035600516914804;0.15146226551760927;0.3201058508646423;0.1946752090716053;0.14802865833830442;0.4238706753473388;0.0;0.329908788533627;0.46128238000533284;0.23439816257712612;0.41803830710569123;0.21888840092680792;0.24990242445013156;0.26179118135101076;0.07886802110161972;0.0;0.144610703978875;0.29786642206926917;0.42386237594226933;0.13231182452611398;0.30161379099058677
GO:0001701;0.0;0.0;0.0;0.0;0.0;0.0;0.0;0.0;0.0;0.0;0.0;0.0;0.0;0.0;0.0;0.0;0.0;0.0;1.0;0.0;0.0;0.0;0.0;0.0;0.0;0.0;0.0;0.0;0.0;0.0;0.0;0.0;0.0;0.0;0.0;0.0;0.0;0.0;0.0;0.0;0.0;0.0;0.0;0.47735389797752187;0.0;0.0;0.3167947254509974;0.0;0.0;0.0;0.0;0.0;0.0;0.0;0.0;0.0;0.0;0.3339387471453607;0.0;0.0;0.0;0.0;0.0;0.0;0.0;0.0;0.0;0.0;0.0;0.0;0.30148930633413573;0.0;0.0;0.0;0.0;0.0;0.0;0.0;0.0;0.3855885220421715;0.0;0.0;0.0;0.0;0.0
GO:0030308;0.3888286167746201;0.15815288302831537;0.0;0.0;0.441136917978399;0.5050540147260838;0.48176891032821234;0.0;0.0;0.4363793633749374;0.34096412932214226;0.4519511302205318;0.0;0.3276239409243366;0.31039405944301385;0.0;0.29967567704486886;0.44113464414127773;0.0;1.0;0.21980722463987296;0.0;0.0;0.0;0.5050540147260838;0.0;0.3411941095849573;0.0;0.0;0.2877695224330226;0.3400738717819351;0.5050540147260838;0.0;0.44195760219785357;0.42334529756051786;0.0;0.4071975395449773;0.177794549944298;0.4411085817967177;0.0;0.42458959061307083;0.0;0.2503293391848084;0.0;0.3394754817805046;0.25058717835372757;0.0;0.6727332646738403;0.0;0.0;0.0;0.0;0.2110784490073623;0.42330521171544744;0.0;0.2880072313518864;0.36459515042037893;0.0;0.0;0.4817616770573618;0.0;0.2932397822688803;0.0;0.0;0.36700572336076875;0.0;0.49343506222010614;0.0;0.0;0.5675163553232269;0.0;0.3201121640761203;0.6155510954449036;0.22940992866420815;0.25504048324901113;0.21453232062658337;0.1745687855733262;0.0;0.0;0.0;0.0;0.0;0.4078269255925873;0.0;0.40828297765178245
GO:0045893;0.21001245347331812;0.0997457805017642;0.0;0.0;0.22438302490883424;0.23982072189214948;0.2344402487165595;0.0;0.0;0.2028450914929047;0.3103814401627869;0.17538367152790096;0.0;0.30867220384895766;0.5440053718587474;0.0;0.5690051754656396;0.22438243661588986;0.0;0.21980722463987296;1.0;0.0;0.0;0.0;0.23982072189214945;0.0;0.272096388032952;0.0;0.0;0.4190358624247931;0.27121277088007006;0.23982072189214945;0.0;0.22459515997350804;0.21968688010918494;0.0;0.21525718210256076;0.5476795950420904;0.22437569348675132;0.0;0.22002148154445914;0.0;0.5017883266347802;0.0;0.345270388485135;0.12998630389160432;0.0;0.23483684439180433;0.0;0.0;0.0;0.0;0.9728419195819074;0.21967608493661608;0.0;0.5537595493375639;0.28211476517628825;0.0;0.0;0.23443853584467453;0.0;0.1429118302943321;0.0;0.0;0.330240291895163;0.0;0.1849616535289126;0.0;0.0;0.21543508030988115;0.0;0.731724428990507;0.2246974436668032;0.6238288128404267;0.16364626484047673;0.6246755722683814;0.8511075075445378;0.0;0.0;0.0;0.0;0.0;0.29978548346182954;0.0;0.17863338624949857
GO:0015949;0.19922297939731237;0.14297828841696703;0.37110573819131404;0.0;0.2220307045697619;0.24882921998304344;0.23919864542475522;0.5619730941073514;0.49344039122862887;0.0;0.0;0.0;0.7574092317984706;0.0;0.0;0.0;0.0;0.22202973063590564;0.0;0.0;0.0;1.0;0.44123567239125305;0.0;0.24882921998304344;0.0;0.0;0.4439525449230683;0.23122274431000744;0.0;0.17721339274468503;0.24882921998304344;0.3492781297412343;0.0;0.21436410169510903;0.40941970407611106;0.0;0.0;0.22201856746047752;0.18272737917973922;0.0;0.46910482024691863;0.09930597641659177;0.0;0.0;0.0;0.0;0.0;0.36257940139251016;0.36868096889493396;0.5046304983806877;0.5095862398428459;0.0;0.21434672360245424;0.6752894555994594;0.0;0.0;0.0;0.24069805662421667;0.2391956305715038;0.0;0.0;0.3905130528510154;0.45649235708286034;0.0;0.13458546635354515;0.0;0.7294609013500272;0.573755731852245;0.0;0.0;0.0;0.0;0.0;0.3727271733050217;0.0;0.09655664481472656;0.21515756429527727;0.371105738191314;0.0;0.5619243412876613;0.23894132720150701;0.0;0.5977526458046631;0.0
GO:0051923;0.28357505805730077;0.18178609342255805;0.14098122081217285;0.0;0.33213945520821037;0.39592630356554376;0.37208919791943607;0.27103677586335095;0.5090252111847788;0.0;0.0;0.0;0.3304905466752387;0.0;0.0;0.0;0.0;0.3321372757759141;0.0;0.0;0.0;0.44123567239125305;1.0;0.0;0.39592630356554376;0.0;0.0;0.3653367567666568;0.3531402635045421;0.0;0.24097452128093474;0.39592630356554376;0.1899185643914168;0.0;0.3152722146544614;0.2856810752242465;0.0;0.0;0.3321122959219157;0.25128560380105425;0.0;0.39320948861770555;0.11659374623727654;0.0;0.0;0.0;0.0;0.0;0.1373499277889087;0.3415734711260412;0.399015276061761;0.24041622619043237;0.0;0.31523462634326344;0.342173446530018;0.0;0.0;0.0;0.3757301296455187;0.3720819026753163;0.0;0.0;0.5955159893126033;0.3791045614059719;0.0;0.16843169770686126;0.0;0.37878791529189865;0.2781126618857863;0.0;0.0;0.0;0.0;0.0;0.2916548257047412;0.0;0.11282203229612583;0.3169915124848752;0.14098122081217285;0.0;0.27100764535824956;0.37146691517572966;0.0;0.29314520085895435;0.0
GO:0034504;0.0;0.281150232273123;0.0;0.4398756198477143;0.0;0.0;0.0;0.0;0.0;0.0;0.0;0.0;0.0;0.0;0.0;0.0;0.0;0.0;0.0;0.0;0.0;0.0;0.0;1.0;0.0;0.0;0.0;0.0;0.0;0.0;0.0;0.0;0.0;0.0;0.0;0.0;0.0;0.0;0.0;0.0;0.0;0.0;0.11028026296229343;0.0;0.0;0.0;0.0;0.0;0.0;0.0;0.0;0.0;0.0;0.0;0.0;0.0;0.0;0.0;0.0;0.0;0.40329965353259056;0.0;0.0;0.0;0.0;0.0;0.0;0.0;0.0;0.0;0.0;0.0;0.0;0.0;0.0;0.0;0.0;0.0;0.0;0.0;0.0;0.42276107626524984;0.0;0.0;0.0
GO:0035556;0.642450547182496;0.24019347962928173;0.08200532813634542;0.0;0.7462651347143983;0.8800448626754314;0.8303885688799914;0.15553635577636976;0.28509537832350634;0.42365421103820566;0.3134507289236948;0.3192511327609332;0.18849608383802724;0.22396089986605602;0.35185849510584893;0.0;0.23453190389329298;0.8479800813661731;0.0;0.5050540147260838;0.23982072189214945;0.24882921998304344;0.39592630356554376;0.0;1.0;0.0;0.3136936141733676;0.20762752212419153;0.3320234930632193;0.22441999809999758;0.3967056803486377;0.8800448626754314;0.0;0.5310671806746815;0.710403338211722;0.16369234061906274;0.4816605397326661;0.1906646823730723;0.7462075560286646;0.24040572968568474;0.5061866139576081;0.22283238981928957;0.23471227819676635;0.0;0.268859433092366;0.29862322489570153;0.0;0.5921291278727606;0.079923497607348;0.19459572161954747;0.0;0.13840253652242035;0.22946750361879942;0.7103231906689442;0.19492553042760216;0.22462118693014754;0.42317139236558965;0.0;0.3519164227215028;0.8303733106208108;0.0;0.264081005534925;0.33065250286408016;0.2151488315685165;0.2930891352026786;0.16347284847715135;0.3524761608047312;0.21497608659845277;0.15948027459181627;0.4825521659611356;0.0;0.36439888600060993;0.5316394157996855;0.2512973410426568;0.4519054452698044;0.23355521597283285;0.26330666960424826;0.2998718655694019;0.08200532813634542;0.0;0.15552010725132587;0.3481737949560652;0.48254140954539615;0.14138626572750676;0.33018524579851466
GO:0070723;0.23969725505965997;0.0;0.0;0.0;0.0;0.0;0.0;0.0;0.0;0.0;0.0;0.0;0.0;0.0;0.0;0.5800129895419566;0.0;0.0;0.0;0.0;0.0;0.0;0.0;0.0;0.0;1.0;0.0;0.0;0.0;0.0;0.0;0.0;0.0;0.0;0.0;0.0;0.0;0.0;0.0;0.6472247636678298;0.0;0.0;0.0;0.0;0.0;0.0;0.0;0.0;0.0;0.0;0.0;0.0;0.0;0.0;0.0;0.0;0.0;0.0;0.0;0.0;0.0;0.0;0.0;0.0;0.0;0.35591257298836154;0.0;0.0;0.0;0.0;0.0;0.0;0.0;0.0;0.0;0.0;0.10516305312717737;0.0;0.0;0.0;0.0;0.0;0.0;0.0;0.0
GO:0010894;0.2546249158961445;0.13719604823153436;0.0;0.0;0.2819846022012866;0.3136936141733676;0.3023522246298508;0.0;0.0;0.24168741049348205;0.4533038988750227;0.24490433519556928;0.0;0.2932850872485053;0.36734432404146905;0.0;0.3788130812676037;0.2819834412617223;0.0;0.3411941095849573;0.272096388032952;0.0;0.0;0.0;0.3136936141733676;0.0;1.0;0.0;0.0;0.3653528668701211;0.39631295165230246;0.3136936141733676;0.0;0.2824034568135284;0.27282650714598133;0.0;0.2643838403946339;0.22488444636244356;0.2819701345926371;0.0;0.27347186952685737;0.0;0.25986963825325243;0.0;0.3401101876944318;0.20175644585464703;0.0;0.378828411264746;0.0;0.0;0.0;0.0;0.26245381619188884;0.27280570402342386;0.0;0.3656227540698257;0.24149100345625754;0.0;0.0;0.3023486647875409;0.0;0.25116694227444575;0.0;0.0;0.6281661536693;0.0;0.2639937814038139;0.0;0.0;0.33077407657044894;0.0;0.3770675005494219;0.3531234462678259;0.2427178919773451;0.17815445996214724;0.2662795076767904;0.22117429676065362;0.0;0.0;0.0;0.0;0.0;0.2647152734398055;0.0;0.2512878732697151
GO:0007182;0.17190998329823828;0.12834391324347152;0.25859532562414955;0.0;0.18863019682892412;0.20762752212419153;0.2008789566043442;0.3954773226722705;0.4233958107632443;0.0;0.0;0.0;0.4986057525804684;0.0;0.0;0.0;0.0;0.18862949387621106;0.0;0.0;0.0;0.4439525449230683;0.3653367567666568;0.0;0.20762752212419153;0.0;0.0;1.0;0.1952236346803077;0.0;0.15526959577397279;0.20762752212419153;0.22298760457470101;0.0;0.18306781138820463;0.3290442798124298;0.0;0.0;0.18862143660524422;0.15948632187898365;0.0;0.8052589225802874;0.09201846599571495;0.0;0.0;0.0;0.0;0.0;0.2529780073050393;0.2808841873455588;0.3512568687087808;0.3617603623804982;0.0;0.18305513699691062;0.421837462488585;0.0;0.0;0.0;0.20193537584287766;0.20087683033386028;0.0;0.0;0.32986187213293033;0.7861632874705728;0.0;0.12154036347754867;0.0;0.4516862187973193;0.40298009713966454;0.0;0.0;0.0;0.0;0.0;0.8160221330594858;0.0;0.08965303885425727;0.18364618929361037;0.25859532562414955;0.0;0.39544621753475456;0.2006974481532083;0.0;0.40281309956460604;0.0
GO:0007183;0.2492202068801268;0.16702623667512426;0.07999780462163503;0.0;0.28596789619535096;0.3320234930632193;0.3150955870574067;0.14846975724085654;0.262218633481748;0.0;0.0;0.0;0.1782161595987356;0.0;0.0;0.0;0.0;0.2859662805821197;0.0;0.0;0.0;0.23122274431000744;0.3531402635045421;0.0;0.3320234930632193;0.0;0.0;0.1952236346803077;1.0;0.0;0.21570650447899095;0.3320234930632193;0.0;0.0;0.2733753236135132;0.15588380050624;0.0;0.0;0.28594776280505363;0.22393166295363456;0.0;0.20860750531491012;0.1103399349774959;0.0;0.0;0.0;0.0;0.0;0.07801542257867479;0.1836590274143713;0.0;0.1327789450363635;0.0;0.2733470613513872;0.18395277808636132;0.0;0.0;0.0;0.31770265661152897;0.3150903554921044;0.0;0.0;0.3002699547457648;0.201858766468112;0.0;0.1556847368346178;0.0;0.20170669624011503;0.15205930784551328;0.0;0.0;0.0;0.0;0.0;0.15889164736969888;0.0;0.1069561099781092;0.8230558887067166;0.07999780462163503;0.0;0.14845495156749405;0.314649222667164;0.0;0.13552272622853706;0.0
GO:0035278;0.19810721205647633;0.0951537594655188;0.0;0.0;0.21084526749255222;0.22441999809999758;0.21970158101525705;0.0;0.0;0.19171706510919248;0.5067962309430779;0.2323899081036627;0.0;0.42823670428891725;0.6836896275367369;0.0;0.7082527901346742;0.21084474804533185;0.0;0.2877695224330226;0.4190358624247931;0.0;0.0;0.0;0.22441999809999758;0.0;0.3653528668701211;0.0;0.0;1.0;0.43506719475160893;0.22441999809999752;0.0;0.2110325664704965;0.20669345302563272;0.0;0.2027675681446616;0.3634244530991058;0.21083879402765068;0.0;0.20698961812388358;0.0;0.41512409425039826;0.0;0.47680149124633625;0.12229517145929761;0.0;0.3062071759738432;0.0;0.0;0.0;0.0;0.408107088485932;0.2066838970276312;0.0;0.6900193219622748;0.1916181292800728;0.0;0.0;0.21970007674074193;0.0;0.16989111110068708;0.0;0.0;0.49888188801618416;0.0;0.24444315345635592;0.0;0.0;0.282377926456025;0.0;0.5257084927930319;0.2937849747513161;0.3184315670776446;0.15632594540543773;0.4124683585529108;0.3588206387218997;0.0;0.0;0.0;0.0;0.0;0.20292351152072244;0.0;0.2364865005861033
GO:0035194;0.3222345143910106;0.1867933441881161;0.0723671561545172;0.0;0.35674153014627435;0.3967056803486377;0.3824151678324782;0.12417025193201103;0.1948675085452554;0.24098478336744403;0.5062198896920689;0.24432663472752783;0.1443158930122724;0.32783942271576333;0.4168085957250462;0.0;0.41401940707486173;0.35674006640935846;0.0;0.3400738717819351;0.27121277088007006;0.17721339274468503;0.24097452128093474;0.0;0.3967056803486377;0.0;0.39631295165230246;0.15526959577397279;0.21570650447899095;0.43506719475160893;1.0;0.3967056803486377;0.0;0.2814446210494464;0.3451935407624898;0.1293139944578244;0.26354328155563644;0.22422736350539757;0.3567232890793808;0.17289885235966307;0.27257262839220864;0.16361867739144484;0.294268189760239;0.0;0.3800733947022535;0.2010941488377784;0.0;0.3774479157260687;0.07074107585679924;0.14786440458774847;0.0;0.11300207716894023;0.2616189600684403;0.3451673059667961;0.148054751671131;0.3996289056131014;0.24078951618742458;0.0;0.22393018594722086;0.38241068170597303;0.0;0.25055935518849654;0.2151270065386774;0.15943778295025643;0.31830013441962773;0.12917697708626152;0.26332263491527363;0.15934289736899082;0.12667108160491997;0.32972111225063866;0.0;0.3755703315824634;0.35192364192130204;0.2816679446900772;0.22566668934095882;0.26542545874730294;0.25470749346236643;0.2016596018405132;0.0723671561545172;0.0;0.12415989587625871;0.22240891750306635;0.26387260917995015;0.11498328144548477;0.25067970167338466
GO:0060395;0.642450547182496;0.24019347962928173;0.08200532813634542;0.0;0.7462651347143983;0.8800448626754314;0.8303885688799914;0.15553635577636976;0.28509537832350634;0.42365421103820566;0.3134507289236948;0.3192511327609332;0.18849608383802724;0.22396089986605602;0.35185849510584893;0.0;0.23453190389329298;0.7462605142573947;0.0;0.5050540147260838;0.23982072189214945;0.24882921998304344;0.39592630356554376;0.0;0.8800448626754314;0.0;0.3136936141733676;0.20762752212419153;0.3320234930632193;0.22441999809999752;0.3967056803486377;1.0;0.0;0.5310671806746815;0.710403338211722;0.16369234061906274;0.4816605397326661;0.1906646823730723;0.7462075560286646;0.24040572968568474;0.5061866139576081;0.22283238981928957;0.23471227819676635;0.0;0.268859433092366;0.29862322489570153;0.0;0.5921291278727606;0.079923497607348;0.19459572161954747;0.0;0.13840253652242035;0.22946750361879942;0.7103231906689442;0.19492553042760216;0.22462118693014754;0.42317139236558965;0.0;0.3519164227215028;0.8303733106208108;0.0;0.264081005534925;0.33065250286408016;0.2151488315685165;0.2930891352026786;0.16347284847715135;0.3524761608047312;0.21497608659845277;0.15948027459181627;0.4825521659611356;0.0;0.36439888600060993;0.5316394157996855;0.2512973410426568;0.3976970655247446;0.23355521597283285;0.26330666960424826;0.2998718655694019;0.08200532813634542;0.0;0.15552010725132587;0.3481737949560652;0.48254140954539615;0.14138626572750676;0.33018524579851466
GO:0006695;0.0;0.0;0.24621673576506484;0.0;0.0;0.0;0.0;0.3280978917049965;0.3219379394928762;0.0;0.0;0.0;0.29343033131773105;0.0;0.0;0.0;0.0;0.0;0.0;0.0;0.0;0.3492781297412343;0.1899185643914168;0.0;0.0;0.0;0.0;0.22298760457470101;0.0;0.0;0.0;0.0;1.0;0.0;0.0;0.22703417397584413;0.0;0.0;0.0;0.0;0.0;0.233127181534578;0.0;0.0;0.0;0.0;0.0;0.0;0.24108895606578654;0.2973579957553647;0.49147348601077273;0.3018916559307104;0.0;0.0;0.2564408258752539;0.0;0.0;0.0;0.0;0.0;0.0;0.0;0.17349017337039807;0.22806972197647876;0.0;0.0;0.0;0.2730416494820374;0.3338877085592573;0.0;0.0;0.0;0.0;0.0;0.19306098125555196;0.0;0.0;0.0;0.24621673576506484;0.0;0.22008856742903146;0.0;0.0;0.24057040587392786;0.0
GO:1901796;0.4040662209099215;0.16236366139044858;0.0;0.0;0.46085400205424776;0.5310671806746815;0.5053826641569139;0.0;0.0;0.3783450691845243;0.28220659415534727;0.29282537855455565;0.0;0.21062655857756665;0.32002807630730373;0.0;0.2199500662910475;0.46085152041202637;0.0;0.44195760219785357;0.22459515997350804;0.0;0.0;0.0;0.5310671806746815;0.0;0.2824034568135284;0.0;0.0;0.2110325664704965;0.2814446210494464;0.5310671806746815;0.0;1.0;0.4414713479538157;0.0;0.4239398466501394;0.32302575222938473;0.4608230763214832;0.0;0.44282464426663154;0.0;0.32690845594297413;0.0;0.24986944625188232;0.26132551703495643;0.0;0.5072292700280154;0.0;0.0;0.0;0.0;0.21548985100627915;0.4414277561492439;0.0;0.2112104585013692;0.3779599544845592;0.0;0.0;0.505374704441365;0.0;0.2415502043612524;0.0;0.0;0.27066488807035055;0.0;0.3205389630138623;0.0;0.0;0.42463042481854835;0.0;0.33036885322880893;0.46218230456879233;0.23463031020174416;0.2615089538155745;0.3911909927335729;0.17757524208727643;0.0;0.0;0.0;0.0;0.0;0.4246220956352563;0.0;0.5392238741749541
GO:0007223;0.5470802565329604;0.21566473409519402;0.07787877430078963;0.0;0.7051879085984534;0.710403338211722;0.6776900477916634;0.14133267702408459;0.24074702982089977;0.3646218630269014;0.2726427658729792;0.284536950175024;0.16803080876246426;0.2063039542141846;0.31015413679142445;0.0;0.2152405851222265;0.6205938008330092;0.0;0.42334529756051786;0.21968688010918494;0.21436410169510903;0.3152722146544614;0.0;0.710403338211722;0.0;0.27282650714598133;0.18306781138820463;0.2733753236135132;0.20669345302563272;0.3451935407624898;0.710403338211722;0.0;0.4414713479538157;1.0;0.14803496400532026;0.40678472968647067;0.1777158046210793;0.7051426609917695;0.20808301794736683;0.424140783583399;0.19478682258756067;0.21858376188424977;0.0;0.24380923028632487;0.2503228582833705;0.0;0.48286492344942156;0.07599878837810466;0.1728608860359943;0.0;0.12704154698331946;0.2109674702996756;0.6767127314611541;0.17312108582480532;0.20686410190706742;0.3642641659545054;0.0;0.28671998872230137;0.7700515211296852;0.0;0.2345091478292493;0.2724452180947773;0.18889005850758986;0.26356829518257624;0.1478554300623841;0.3106339610561792;0.18875689409131988;0.14458164032199708;0.40742050699650484;0.0;0.3198569889749363;0.4418667161111283;0.22927884261808706;0.35896047614024906;0.2144176813070566;0.245748656335362;0.2511996525848156;0.07787877430078963;0.0;0.1413192605183935;0.28423073009373845;0.4074128392752263;0.12955109195628048;0.29319024781729003
GO:0042420;0.14065287149054181;0.11008039649263598;0.2157155153048684;0.0;0.1516511254576414;0.16369234061906274;0.15946861512418264;0.3090466688585044;0.2946445782024006;0.0;0.0;0.0;0.34894342395114647;0.0;0.0;0.0;0.0;0.15165067110268673;0.0;0.0;0.0;0.40941970407611106;0.2856810752242465;0.0;0.16369234061906274;0.0;0.0;0.3290442798124298;0.15588380050624;0.0;0.1293139944578244;0.16369234061906274;0.22703417397584413;0.0;0.14803496400532026;1.0;0.0;0.0;0.15164546322135014;0.13222555930797195;0.0;0.34274831429719743;0.08223624628878182;0.0;0.0;0.0;0.0;0.0;0.21141025843796135;0.5070775009170729;0.27518071338080735;0.2859031032377691;0.0;0.14802667623912621;0.3560988794092329;0.0;0.0;0.0;0.16013365439000413;0.15946727513585385;0.0;0.0;0.36717198255079575;0.33592551246145436;0.0;0.10503734415374814;0.0;0.3772522260064223;0.31412623321341215;0.0;0.0;0.0;0.0;0.0;0.2880041979211417;0.0;0.0803418336189456;0.14841293095687938;0.21571551530486843;0.0;0.47531145696671495;0.15935420635569705;0.0;0.3211742890564781;0.0
