;GO:1901741;GO:0051092;GO:0045766;GO:0002244;GO:0097368;GO:0070560;GO:0014739;GO:0051926;GO:2000352;GO:2000473;GO:0019886;GO:1902042;GO:0050849;GO:1900027;GO:0043113;GO:2000406;GO:0002523;GO:2000648;GO:0045660;GO:0034698;GO:0030890;GO:2000363;GO:0031623;GO:0071404;GO:0051017;GO:0090557;GO:0045429;GO:0090314;GO:0060305;GO:0061515;GO:1904996;GO:2001190;GO:0048539;GO:0002576;GO:0048661;GO:0050730;GO:0007229;GO:0006933;GO:0071673;GO:0071157;GO:0019221;GO:0048662;GO:0051384;GO:0071672;GO:0071315;GO:0071312;GO:0050857;GO:0010477;GO:0050731;GO:0050852;GO:0050853;GO:0046488;GO:0001541;GO:0001774;GO:1990830;GO:0002503;GO:0010925;GO:0001934;GO:0002506;GO:0030593;GO:0010920;GO:0033625;GO:0071549;GO:0032930;GO:0016601;GO:0070528;GO:0045963;GO:0043542;GO:0043547;GO:0030866;GO:0002438;GO:0071333;GO:0051607;GO:0071456;GO:0051209;GO:0090026;GO:0002291;GO:0034142;GO:0042100;GO:0043312;GO:0042102;GO:0002693;GO:0043315;GO:0030217;GO:0010629;GO:0031668;GO:0097178;GO:0031669;GO:0045860;GO:0035987;GO:0071447;GO:0032870;GO:0001915;GO:0032233;GO:0008360;GO:0046718;GO:1903980;GO:0045907;GO:0043200;GO:0006469;GO:0045744;GO:0001960;GO:0002378;GO:0045471;GO:0030845;GO:0032868;GO:0071354;GO:0072683;GO:0071356;GO:0035335;GO:0031532;GO:0050776;GO:0010572;GO:0060333;GO:1900087;GO:0030041;GO:0007166;GO:0048864;GO:1901216;GO:0007569;GO:0006357;GO:0002399;GO:0070493;GO:0001975;GO:0071222;GO:0045123;GO:0030836;GO:0043066;GO:0006904;GO:0030838;GO:0070374;GO:0071347;GO:0071346
GO:1901741;1.0;0.2472038951747548;0.41934205193894325;0.0;0.0;0.0;0.2639718915591091;0.2225741432110169;0.2515818404246414;0.3417044169944258;0.0;0.20267227686355616;0.23982449406583836;0.3418186878097174;0.0;0.2995257384202828;0.0;0.40906558297832546;0.43084221908592146;0.0;0.2822867046105222;0.17354836895831785;0.0;0.0;0.0;0.0;0.2871679132050088;0.20677156427015547;0.17285391858109925;0.0;0.27813398366697994;0.2612337702532773;0.0;0.0;0.40906487213489545;0.24557253176368227;0.3108174332668286;0.30235593853863035;0.2874964312089377;0.358285668011863;0.3108174332668286;0.29396474430683306;0.0;0.20660314603126823;0.0;0.0;0.3186827778776893;0.0;0.2575885542484934;0.2623818361535063;0.2623818361535063;0.0;0.0;0.0;0.0;0.0;0.2812020968468256;0.2668960883026372;0.0;0.0;0.18818247639322144;0.46947476871480315;0.0;0.35872512754833596;0.2933812807029436;0.31081695324602726;0.2345979652848702;0.0;0.17359969567841077;0.0;0.0;0.11691173214408;0.0;0.0;0.1410600680745015;0.25707619919835395;0.0;0.2375989615107272;0.0;0.0;0.2524725745422948;0.3122213457012355;0.22169897467124502;0.0;0.2351807982468837;0.0;0.0;0.0;0.224866761976381;0.0;0.0;0.0;0.1560304459945954;0.398792019869894;0.46645029997222365;0.0;0.3499696204488185;0.22258778332206838;0.0;0.16159596257600534;0.2512206057801845;0.2396166546299579;0.0;0.0;0.3108204440442698;0.0;0.0;0.0;0.0;0.0;0.0;0.26523547295030714;0.27031465176728164;0.30185625383392706;0.3195780417526222;0.0;0.3203491685058866;0.0;0.4090078926772283;0.0;0.2293757826127678;0.0;0.3108204440442698;0.0;0.0;0.0;0.3263848156397243;0.2782714148817749;0.0;0.3152145862230683;0.2123297427931464;0.0;0.0
GO:0051092;0.2472038951747548;1.0;0.2501964469164423;0.0;0.0;0.0;0.25009441823531864;0.21028083016803575;0.2389453467311709;0.280134022405457;0.0;0.19439059920716334;0.22831448362847015;0.26966557241251254;0.0;0.2470521913750121;0.0;0.33214377367895914;0.2292374288553593;0.0;0.23341477365903682;0.2769589045772669;0.0;0.0;0.0;0.0;0.43018251122305146;0.19815860359820353;0.16284921710081254;0.0;0.2627708449657177;0.21666758476101708;0.0;0.0;0.33214323009442953;0.46276557494443205;0.2917552447866604;0.28428732935652756;0.23754325026387538;0.2930296173252276;0.2917552447866604;0.2768567505583473;0.0;0.198003918635653;0.0;0.0;0.2621274071226446;0.0;0.38867519005358325;0.25084933053730823;0.25084933053730823;0.0;0.0;0.0;0.0;0.0;0.3880890507944501;0.4021750428503817;0.0;0.0;0.35757125126156264;0.3002272427855462;0.0;0.3891643708766556;0.2763391631795124;0.29175482183892565;0.3990890706787219;0.0;0.2770360546457338;0.0;0.0;0.11224756346845349;0.0;0.0;0.13699781980247752;0.21334819576327588;0.0;0.22810271553953568;0.0;0.0;0.20966799353485394;0.25705203574742846;0.18493993645195408;0.0;0.3850984935436597;0.0;0.0;0.0;0.40509951747877476;0.0;0.0;0.0;0.14988760032728896;0.2570618508791505;0.2760571460677434;0.0;0.286569718166663;0.21263849685011701;0.0;0.3423588190276582;0.23861946554183622;0.2281261074984906;0.0;0.0;0.29175789758965925;0.0;0.0;0.0;0.0;0.0;0.0;0.2479608241939861;0.2239037961536755;0.2838455382686787;0.26282987981324046;0.0;0.30013791802303214;0.0;0.3320996573404249;0.0;0.8508267791723823;0.0;0.29175789758965925;0.0;0.0;0.0;0.21212282521906542;0.262893509714855;0.0;0.20512403400432944;0.3225065332218749;0.0;0.0
GO:0045766;0.41934205193894325;0.2501964469164423;1.0;0.0;0.0;0.0;0.4746098270648514;0.2921390436466851;0.2566190506656692;0.31092913986258736;0.0;0.1962552944145588;0.24152737148283268;0.3029292000408495;0.0;0.26387789080091634;0.0;0.392840048019713;0.4740205854669233;0.0;0.24549820143538809;0.23178144644832627;0.0;0.0;0.0;0.0;0.25065432173123986;0.2512534103552849;0.2305444320377407;0.0;0.3650727564735832;0.22368238403335397;0.0;0.0;0.39283913576140683;0.24885745848827187;0.33895133182623394;0.32650072441191097;0.2510026934427648;0.33028374849003106;0.33895133182623394;0.31439164846389983;0.0;0.20087975076848189;0.0;0.0;0.2848714503362733;0.0;0.21997329188053;0.26909751584327846;0.26909751584327846;0.0;0.0;0.0;0.0;0.0;0.24435759351594777;0.22948340313353657;0.0;0.0;0.17952931828430171;0.34134963026039644;0.0;0.33080360513014523;0.3135583103054281;0.33895061853055286;0.23494069987412397;0.0;0.23187300583554277;0.0;0.0;0.1407303396400696;0.0;0.0;0.1283982786739309;0.21945354290950875;0.0;0.23849019296973964;0.0;0.0;0.21480088638772368;0.2777221177990468;0.18448345518751988;0.0;0.3142489409143892;0.0;0.0;0.0;0.18754276385712626;0.0;0.0;0.0;0.18729579071723976;0.2777358630173352;0.4680032679636831;0.0;0.3205138579750937;0.3826835525453396;0.0;0.15009244079292736;0.2561496072361754;0.2412640282412381;0.0;0.0;0.3389558057642082;0.0;0.0;0.0;0.0;0.0;0.0;0.3703185996940951;0.3242533597341333;0.3257730744003175;0.28586760760239915;0.0;0.3532744784699892;0.0;0.39276601485213697;0.0;0.2284327716814446;0.0;0.3389558057642082;0.0;0.0;0.0;0.21790021526558404;0.2923581583251952;0.0;0.20910759516116828;0.17551535388473466;0.0;0.0
GO:0002244;0.0;0.0;0.0;1.0;0.532388884328775;0.22226087226435656;0.0;0.0;0.0;0.0;0.0;0.0;0.0;0.0;0.0;0.0;0.34983732105273535;0.0;0.0;0.0;0.0;0.0;0.24869510880451254;0.2989069237869576;0.35251705760816676;0.5650611548977446;0.0;0.0;0.32967448099250596;0.6736929327793072;0.0;0.0;0.39985897221652145;0.3149190458150008;0.0;0.0;0.37203890385366706;0.0;0.0;0.0;0.37203890385366706;0.0;0.0;0.0;0.1638643148626186;0.2504638826472782;0.0;0.0;0.0;0.20084614071849163;0.20084614071849163;0.262236802919023;0.3978631397400754;0.35173020241935304;0.3002543026038131;0.3341521319796681;0.0;0.0;0.33395650731133963;0.24011123551111754;0.0;0.0;0.1483370726320841;0.0;0.33209470538218977;0.3720377410246612;0.0;0.35212149281199606;0.0;0.33303461885474017;0.0;0.17236847918713022;0.0;0.2605891764853905;0.1082907554869873;0.0;0.2865247556089758;0.17285164481783213;0.2977925379679556;0.1940115752924505;0.0;0.0;0.0;0.5759767161921346;0.0;0.34988790968538214;0.3167053433711825;0.31391428792744186;0.0;0.8613692629559758;0.27289457293167396;0.2990114634786874;0.0;0.0;0.0;0.0;0.0;0.0;0.0;0.0;0.0;0.0;0.0;0.0;0.3720461974117501;0.0;0.3002543026038131;0.29925061433263883;0.3002543026038131;0.21567835402247396;0.35198538913079747;0.0;0.0;0.35095321838712384;0.0;0.2871400026334399;0.3958776174692267;0.6736929327793072;0.0;0.7197617395934459;0.0;0.3341521319796681;0.3720461974117501;0.0;0.21526537934928722;0.34983732105273535;0.15491337186183;0.0;0.33077282035840777;0.14746013555416598;0.0;0.3002543026038131;0.3002543026038131
GO:0097368;0.0;0.0;0.0;0.532388884328775;1.0;0.18746344675525015;0.0;0.0;0.0;0.0;0.0;0.0;0.0;0.0;0.0;0.0;0.27073657625553454;0.0;0.0;0.0;0.0;0.0;0.20592471744064048;0.23919560399935866;0.2723387224920702;0.699781831068959;0.0;0.0;0.25850140437603375;0.7044292668368212;0.0;0.0;0.4023548297285328;0.24934080218756183;0.0;0.0;0.2838452263100885;0.0;0.0;0.0;0.2838452263100885;0.0;0.0;0.0;0.14413862251296264;0.20713593983662465;0.0;0.0;0.0;0.17199592013884143;0.17199592013884143;0.21512301531500358;0.6078716548343763;0.2718688566531421;0.24005765558482708;0.26124635041063354;0.0;0.0;0.26112676145133756;0.200004312520671;0.0;0.0;0.1319860393531495;0.0;0.2599870766482532;0.2838445494441573;0.0;0.27210257300448404;0.0;0.2605627825566833;0.0;0.15067773577722732;0.0;0.21401298271778485;0.09930926047575175;0.0;0.23120020785103948;0.1510468198794632;0.23848144718736014;0.16695919490876246;0.0;0.0;0.0;0.3899084311852584;0.0;0.27076687330452043;0.2504592867087286;0.24871051437126743;0.0;0.532388884328775;0.22224323224049525;0.2392625439382135;0.0;0.0;0.0;0.0;0.0;0.0;0.0;0.0;0.0;0.0;0.0;0.0;0.2838494717617919;0.0;0.24005765558482708;0.239415644325113;0.24005765558482708;0.18275890168298645;0.2720212921522108;0.0;0.0;0.27140441669851356;0.0;0.23160063326564242;0.2975137677878834;0.7044292668368212;0.0;0.5312277424542277;0.0;0.26124635041063354;0.2838494717617919;0.0;0.18246228585669744;0.27073657625553454;0.13716712767807687;0.0;0.2591762111688398;0.13129132204624744;0.0;0.24005765558482708;0.24005765558482708
GO:0070560;0.0;0.0;0.0;0.22226087226435656;0.18746344675525015;1.0;0.0;0.0;0.0;0.0;0.0;0.0;0.0;0.0;0.32659015700704147;0.0;0.19954327769779284;0.0;0.0;0.0;0.0;0.0;0.3319108600934636;0.18186792221851691;0.20041225252636383;0.1941588382802618;0.0;0.0;0.19281688229250812;0.2142663285208893;0.0;0.0;0.0;0.5080067707803608;0.0;0.0;0.2065747082605873;0.0;0.0;0.0;0.2065747082605873;0.0;0.0;0.0;0.12113015374751152;0.16271898610147428;0.0;0.0;0.0;0.14021492627967608;0.14021492627967608;0.16760750320300563;0.0;0.20015768584842536;0.18236584742820358;0.19433998041475828;0.0;0.0;0.19427379445831566;0.15828522361948297;0.0;0.0;0.11243059890741156;0.0;0.19364226155460396;0.20657434975655567;0.0;0.20028433907298457;0.0;0.19396145364345566;0.0;0.12571504381064688;0.0;0.16693290660321833;0.17995413455603612;0.0;0.1772084251398124;0.1259718618148047;0.18145476981394829;0.37043197698055663;0.0;0.0;0.0;0.17662334271973318;0.0;0.19955973535027727;0.18830683072759175;0.1873165820104955;0.0;0.22226087226435656;0.17189834959383923;0.1819066178560094;0.0;0.0;0.0;0.0;0.0;0.0;0.0;0.0;0.0;0.0;0.0;0.0;0.20657695686595562;0.0;0.18236584742820358;0.18199510032692423;0.18236584742820358;0.14728610709084988;0.20024029868087195;0.0;0.0;0.19990583064099715;0.0;0.177443571525281;0.21372061043205956;0.2142663285208893;0.0;0.22191788482936914;0.0;0.19433998041475828;0.20657695686595562;0.0;0.14709340002494056;0.19954327769779284;0.11616839377611334;0.0;0.3291479710923138;0.11192610027133283;0.0;0.18236584742820358;0.18236584742820358
GO:0014739;0.2639718915591091;0.25009441823531864;0.4746098270648514;0.0;0.0;0.0;1.0;0.2919652620627157;0.25648494913188563;0.31077158208001404;0.0;0.24512837756759714;0.30164666159881315;0.3027423482437751;0.0;0.26376440113417626;0.0;0.3925885754911734;0.3338235386284646;0.0;0.24539996785980184;0.2316334308254886;0.0;0.0;0.0;0.0;0.2505519193473659;0.2511505179832449;0.23039799161452382;0.0;0.36485556761709986;0.31116609115642296;0.0;0.0;0.3925876644004377;0.2487313442432584;0.3387174169516609;0.32628367307874023;0.34915601171311794;0.33010597061113617;0.3387174169516609;0.314190393375896;0.0;0.25090209044491074;0.0;0.0;0.3962470987725154;0.0;0.21989442016283134;0.3743156822172336;0.3743156822172336;0.0;0.0;0.0;0.0;0.0;0.24426027044395152;0.22939756560153324;0.0;0.0;0.17946367430455754;0.3411597436456545;0.0;0.3306252673278958;0.3133581203721463;0.338716704640149;0.2348282933170865;0.0;0.231724873287334;0.0;0.0;0.1406757594991286;0.0;0.0;0.12836469812653872;0.30528542569837785;0.0;0.3317573278638358;0.0;0.0;0.21472567957372873;0.2775964102236609;0.2566525919817424;0.0;0.31404786843249405;0.0;0.0;0.0;0.18748543081676378;0.0;0.0;0.0;0.23394197444154993;0.2776101430012423;0.31290518777708237;0.0;0.3203464393200326;0.4363534373257486;0.0;0.15004655610124512;0.31989903548272725;0.30131793040528987;0.0;0.0;0.3387218847166756;0.0;0.0;0.0;0.0;0.0;0.0;0.46237442524384736;0.4153452585108123;0.3255569891241133;0.28573441974210134;0.0;0.3530203841172432;0.0;0.3925146370674865;0.0;0.22832650485675082;0.0;0.3387218847166756;0.0;0.0;0.0;0.21782282289008761;0.292184116036372;0.0;0.2090363215607744;0.24417977747195693;0.0;0.0
GO:0051926;0.2225741432110169;0.21028083016803575;0.2921390436466851;0.0;0.0;0.0;0.2919652620627157;1.0;0.341570229290889;0.33055859504424234;0.0;0.2572757670958418;0.3202539688731426;0.3265347861670619;0.0;0.27788221385840417;0.0;0.3398917231559056;0.20128201391372313;0.0;0.206137881303209;0.25053277748479785;0.0;0.0;0.0;0.0;0.2106850052744726;0.31588288767549916;0.24908813941928074;0.0;0.3140663741402647;0.18700228726522033;0.0;0.0;0.33989086983331795;0.2645695775634976;0.3687811237878556;0.44244535122475775;0.2636410248505764;0.3525204238075515;0.3687811237878556;0.42470520312948784;0.0;0.3162922408992577;0.0;0.0;0.24110067006050254;0.0;0.18376543804590237;0.2270271278552828;0.2270271278552828;0.0;0.0;0.0;0.0;0.0;0.2051332610010003;0.19207433482572264;0.0;0.0;0.23436784066192984;0.29223446281396626;0.0;0.2825969737471607;0.3389188338744244;0.36878027941902863;0.3110016046899483;0.0;0.25063975401945626;0.0;0.0;0.14743015666090123;0.0;0.0;0.19856017893402267;0.22905369849865193;0.0;0.19997264114393032;0.0;0.0;0.17925956912754284;0.2932777607594075;0.2288721192514091;0.0;0.4244967932556584;0.0;0.0;0.0;0.1556665727849644;0.0;0.0;0.0;0.24498100800726647;0.2347231903884096;0.33838905836970895;0.0;0.27323354289140694;0.23228040270092068;0.0;0.19451168371132926;0.3409046989713955;0.319883455645684;0.0;0.0;0.368786419850832;0.0;0.0;0.0;0.0;0.0;0.0;0.4062172466598569;0.19516279891408658;0.3532344600898248;0.2419924549432455;0.0;0.3857995431900626;0.0;0.3398224738874371;0.0;0.24160337284665448;0.0;0.368786419850832;0.0;0.0;0.0;0.1819583908685781;0.39270823441745023;0.0;0.17431065812525476;0.14533718400360265;0.0;0.0
GO:2000352;0.2515818404246414;0.2389453467311709;0.2566190506656692;0.0;0.0;0.0;0.25648494913188563;0.341570229290889;1.0;0.2937405366620751;0.0;0.5964203600366835;0.39738805353872547;0.3533471786477121;0.0;0.2513933638874769;0.0;0.3657960993996481;0.22961012754631338;0.0;0.23465653014330048;0.21586088391257452;0.0;0.0;0.0;0.0;0.23936293269812933;0.19199993349733485;0.21478757543658022;0.0;0.2733854172540476;0.21464649556390455;0.0;0.0;0.365795308421428;0.2937629436798977;0.3922627881626581;0.527226834766589;0.23968060481168954;0.4327051520773544;0.3922627881626581;0.509019448683691;0.0;0.33352672798827004;0.0;0.0;0.27037598005441993;0.0;0.21122872684638802;0.2561263439268677;0.2561263439268677;0.0;0.0;0.0;0.0;0.0;0.23361422672995455;0.21998271387509152;0.0;0.0;0.2995139083206715;0.3207445638861629;0.0;0.3114159047400598;0.3648939322524659;0.39226202361710905;0.38711830572983286;0.0;0.21594029509419702;0.0;0.0;0.1346984136268867;0.0;0.0;0.21671068762150786;0.21074943450776312;0.0;0.22824574656755894;0.0;0.0;0.206454920898322;0.2639274783648086;0.1782932147746277;0.0;0.3656423273960459;0.0;0.0;0.0;0.1811490719939466;0.0;0.0;0.0;0.22415836244980905;0.26393989199643997;0.3644023662275265;0.0;0.30228027978207783;0.20925139111704397;0.0;0.25207780497788723;0.42007937364582204;0.39697803414747385;0.0;0.0;0.39226758354498215;0.0;0.0;0.0;0.0;0.0;0.0;0.34065326906253984;0.22322053649870208;0.37809702436063225;0.2712731795023002;0.0;0.40756729858700474;0.0;0.4373101172569973;0.0;0.27088181871096445;0.0;0.39226758354498215;0.0;0.0;0.0;0.20931647917048007;0.869689788386289;0.0;0.20119003187459195;0.16990317024865323;0.0;0.0
GO:2000473;0.3417044169944258;0.280134022405457;0.31092913986258736;0.0;0.0;0.0;0.31077158208001404;0.33055859504424234;0.2937405366620751;1.0;0.0;0.2291691411684426;0.27783711305389464;0.34157620075032985;0.0;0.766375132795476;0.0;0.49148937131550496;0.3125155454540366;0.0;0.3192303837385863;0.20844143200121282;0.0;0.0;0.0;0.0;0.32548699088570826;0.28123819066341926;0.2074404667952112;0.0;0.33058891764421344;0.29256659547168196;0.0;0.0;0.4914883451529103;0.28558112548795855;0.37780928729038654;0.36538015526956014;0.7314842548806083;0.4199730531453844;0.37780928729038654;0.3531966690010919;0.0;0.4619955663059503;0.0;0.0;0.3665752472354936;0.0;0.2880021517273102;0.2997857446842817;0.2997857446842817;0.0;0.0;0.0;0.0;0.0;0.31784400472938357;0.2996871798227923;0.0;0.0;0.2108145156796946;0.4327934962995212;0.0;0.420576994261163;0.35235472574631743;0.37780857804840795;0.2708465974418765;0.0;0.20851547710750776;0.0;0.0;0.13177157984596644;0.0;0.0;0.18403955529080232;0.6449670985675776;0.0;0.26786320644433886;0.0;0.0;0.2816217220694612;0.803626650877496;0.2788595474243702;0.0;0.2825488119352369;0.0;0.0;0.0;0.24770169513074114;0.0;0.0;0.0;0.17555658122150614;0.3580681926739979;0.3518963423460109;0.0;0.40859235654292375;0.2549638367737088;0.0;0.17800598225018988;0.2932482091572137;0.27755820455733854;0.0;0.0;0.37781373579535216;0.0;0.0;0.0;0.0;0.0;0.0;0.32707546098340723;0.3040041548460278;0.3646506987986727;0.36776031595574993;0.0;0.3919863605970463;0.0;0.4914060928253302;0.0;0.26390979776663087;0.0;0.37781373579535216;0.0;0.0;0.0;0.2854470363719451;0.3307830930974228;0.0;0.2745781786754981;0.23257479904387715;0.0;0.0
GO:0019886;0.0;0.0;0.0;0.0;0.0;0.0;0.0;0.0;0.0;0.0;1.0;0.0;0.0;0.0;0.0;0.0;0.29883997226278397;0.0;0.0;0.0;0.0;0.0;0.0;0.0;0.0;0.0;0.0;0.0;0.0;0.0;0.0;0.0;0.0;0.0;0.0;0.0;0.0;0.0;0.0;0.0;0.0;0.0;0.0;0.0;0.0;0.0;0.0;0.0;0.0;0.18292448594461447;0.18292448594461447;0.0;0.0;0.30022012159428085;0.0;0.0;0.0;0.0;0.0;0.2149364734641415;0.0;0.0;0.0;0.0;0.0;0.0;0.0;0.0;0.0;0.0;0.2857055233571006;0.0;0.23879837246021626;0.0;0.0;0.0;0.2513888653929361;0.1594105869676765;0.2600209742202068;0.17723794308642096;0.0;0.0;0.0;0.2502130461288012;0.0;0.0;0.0;0.0;0.0;0.0;0.0;0.0;0.0;0.0;0.0;0.0;0.0;0.0;0.0;0.0;0.0;0.0;0.0;0.0;0.0;0.0;0.0;0.2611319376951748;0.0;0.0;0.0;0.0;0.0;0.0;0.0;0.0;0.0;0.0;0.0;0.0;0.0;0.0;0.0;0.0;0.0;0.29883997226278397;0.0;0.0;0.0;0.0;0.0;0.0;0.0
GO:1902042;0.20267227686355616;0.19439059920716334;0.1962552944145588;0.0;0.0;0.0;0.24512837756759714;0.2572757670958418;0.5964203600366835;0.2291691411684426;0.0;1.0;0.658989132408446;0.2639008425176199;0.0;0.2025499418810396;0.0;0.2707834645669682;0.18816683347406732;0.0;0.1915425546082458;0.15988582331442153;0.0;0.0;0.0;0.0;0.19466688449404876;0.15608142591476598;0.1592962241063668;0.0;0.20591313776095788;0.21354351122914988;0.0;0.0;0.2707830311250498;0.22918277950123478;0.28501919235313256;0.3866909193434256;0.2337933835049948;0.33329218373119657;0.28501919235313256;0.3768054594479682;0.0;0.3474943092460134;0.0;0.0;0.3833415486629882;0.0;0.17564108277959092;0.24667129162947976;0.24667129162947976;0.0;0.0;0.0;0.0;0.0;0.19084750789015226;0.18165185548892207;0.0;0.0;0.24825778881776633;0.24528019578920254;0.0;0.239787220454541;0.27028877648305516;0.285018788709985;0.3055751390764062;0.0;0.15992938575906288;0.0;0.0;0.11054802459084817;0.0;0.0;0.1885449527084169;0.21031844253209506;0.0;0.22464281265021555;0.0;0.0;0.17232772898600413;0.21060861411734094;0.18265900249107306;0.0;0.270699191104664;0.0;0.0;0.0;0.1543319531250041;0.0;0.0;0.0;0.25673596005185084;0.21061651867862646;0.27001896755700044;0.0;0.23433404979698746;0.16729351925773098;0.0;0.2147601640252209;0.6881686071402799;0.6584552834318821;0.0;0.0;0.2850217240737301;0.0;0.0;0.0;0.0;0.0;0.0;0.3022480130854473;0.22056916970095342;0.27746578058111393;0.2152599877914209;0.0;0.2930139518696805;0.0;0.32373703982016033;0.0;0.21501348626580505;0.0;0.2850217240737301;0.0;0.0;0.0;0.17431688364934578;0.6549498273950874;0.0;0.16864403394294278;0.2608528939104789;0.0;0.0
GO:0050849;0.23982449406583836;0.22831448362847015;0.24152737148283268;0.0;0.0;0.0;0.30164666159881315;0.3202539688731426;0.39738805353872547;0.27783711305389464;0.0;0.658989132408446;1.0;0.3305846356721321;0.0;0.23965321629828892;0.0;0.3414566300545862;0.2197766078667178;0.0;0.22439567374686445;0.20152791494135444;0.0;0.0;0.0;0.0;0.22869570909105444;0.18342478947324256;0.20059209889755972;0.0;0.2563228276232512;0.24717230451041114;0.0;0.0;0.3414559408351011;0.2778571593902621;0.3644079023395785;0.4909774038678182;0.2747135502968278;0.4079835345509343;0.3644079023395785;0.4751500609206334;0.0;0.408315675026659;0.0;0.0;0.4585993519531567;0.0;0.2028779973471851;0.2926670187765434;0.2926670187765434;0.0;0.0;0.0;0.0;0.0;0.2234423460936678;0.2109402956215018;0.0;0.0;0.28745710377568967;0.30187659167650555;0.0;0.2935990159078038;0.34067039710053826;0.3644072425206425;0.3672114745875846;0.0;0.201597128881161;0.0;0.0;0.12897449671648475;0.0;0.0;0.21032777158779772;0.24286174006343733;0.0;0.262165422401187;0.0;0.0;0.19847024787272577;0.2510175118936149;0.20671592781576442;0.0;0.3413226369714018;0.0;0.0;0.0;0.1749725702224134;0.0;0.0;0.0;0.29888335844465164;0.2510287407797708;0.34024189178883707;0.0;0.2854651802077261;0.19910675077769097;0.0;0.24348282018574627;0.8381384485515748;0.7944742321964119;0.0;0.0;0.3644120408515114;0.0;0.0;0.0;0.0;0.0;0.0;0.39305346861174484;0.25663401989405427;0.3521511196670237;0.2576531276248913;0.0;0.3775795231523503;0.0;0.34140069595829736;0.0;0.25730005349752477;0.0;0.3644120408515114;0.0;0.0;0.0;0.20111332719710256;0.4459379989997401;0.0;0.19359992098959383;0.3249164294345655;0.0;0.0
GO:1900027;0.3418186878097174;0.26966557241251254;0.3029292000408495;0.0;0.0;0.0;0.3027423482437751;0.3265347861670619;0.3533471786477121;0.34157620075032985;0.0;0.2639008425176199;0.3305846356721321;1.0;0.0;0.28562703202051226;0.0;0.44306545280094123;0.2578350906584036;0.0;0.26421565030391886;0.2613347585178531;0.0;0.0;0.0;0.0;0.2701975549054902;0.21679701222126932;0.25976325144351514;0.0;0.32657175907433184;0.23911647610520922;0.0;0.0;0.44306429236288586;0.34160650035024953;0.4824972092778361;0.46240886366970074;0.27060241258566775;0.3650784579445148;0.4824972092778361;0.4430666901858469;0.0;0.2706048369399663;0.0;0.0;0.3103861885428316;0.0;0.2348827140622093;0.2917525177595069;0.2917525177595069;0.0;0.0;0.0;0.0;0.0;0.26289495383362993;0.24575753882429208;0.0;0.0;0.2398530658424963;0.5283671217349774;0.0;0.3657137210289994;0.4417425789053182;0.4824960525303636;0.32073490270914445;0.0;0.2614511608730392;0.0;0.0;0.15110558989915185;0.0;0.0;0.16822537055826056;0.2342902168674493;0.0;0.2561159139796483;0.0;0.0;0.22899477679659533;0.3019178676531046;0.19485664807253764;0.0;0.3544058561825836;0.0;0.0;0.0;0.19827285404118275;0.0;0.0;0.0;0.2008604228979333;0.42132180195934243;0.527335833514381;0.0;0.35317874601790783;0.2390505692196289;0.0;0.19827494788350578;0.3526350115523952;0.3301898478034637;0.0;0.0;0.48250446465258356;0.0;0.0;0.0;0.0;0.0;0.0;0.427384993119631;0.24980552706600048;0.46124116285380284;0.31156915075446445;0.0;0.505862449370784;0.0;0.4429712811611724;0.0;0.3110529965856921;0.0;0.48250446465258356;0.0;0.0;0.0;0.2780277306732232;0.40835629170375665;0.0;0.31052823493896925;0.18487894339684427;0.0;0.0
GO:0043113;0.0;0.0;0.0;0.0;0.0;0.32659015700704147;0.0;0.0;0.0;0.0;0.0;0.0;0.0;0.0;1.0;0.0;0.0;0.0;0.0;0.0;0.0;0.0;0.21367219895036152;0.0;0.0;0.0;0.0;0.0;0.0;0.0;0.0;0.0;0.0;0.26079036612448286;0.0;0.0;0.0;0.0;0.0;0.0;0.0;0.0;0.0;0.0;0.0;0.0;0.0;0.0;0.0;0.0;0.0;0.0;0.0;0.0;0.0;0.0;0.0;0.0;0.0;0.0;0.0;0.0;0.0;0.0;0.0;0.0;0.0;0.0;0.0;0.0;0.0;0.0;0.0;0.0;0.10107670120058646;0.0;0.0;0.0;0.0;0.17201608423957904;0.0;0.0;0.0;0.0;0.0;0.0;0.0;0.0;0.0;0.0;0.0;0.0;0.0;0.0;0.0;0.0;0.0;0.0;0.0;0.0;0.0;0.0;0.0;0.0;0.0;0.0;0.0;0.0;0.0;0.0;0.0;0.0;0.0;0.0;0.0;0.0;0.0;0.0;0.0;0.0;0.0;0.0;0.0;0.0;0.0;0.0;0.0;0.0;0.36544213550472465;0.0;0.0;0.0;0.0
GO:2000406;0.2995257384202828;0.2470521913750121;0.26387789080091634;0.0;0.0;0.0;0.26376440113417626;0.27788221385840417;0.2513933638874769;0.766375132795476;0.0;0.2025499418810396;0.23965321629828892;0.28562703202051226;0.0;1.0;0.0;0.4087075431904071;0.35480376201740826;0.0;0.361540906928728;0.17339674208580552;0.0;0.0;0.0;0.0;0.28699141897153296;0.24791056993153301;0.17270350221878217;0.0;0.2779036420085381;0.33459227262507885;0.0;0.0;0.4087068335907807;0.24539294841677986;0.3105298041458954;0.302083749857354;0.6448721957561131;0.358010972559229;0.3105298041458954;0.29370744749688205;0.0;0.4072921867413627;0.0;0.0;0.40812367131513205;0.0;0.25744653758227737;0.34783689524745365;0.34783689524745365;0.0;0.0;0.0;0.0;0.0;0.2810328574960503;0.26674362618202657;0.0;0.0;0.18807700393404286;0.3672857019135151;0.0;0.3584497580794597;0.2931250038037509;0.31052932501310065;0.23443406898032043;0.0;0.17344797914491028;0.0;0.0;0.11684290256092253;0.0;0.0;0.16915830342347205;0.718816883682466;0.0;0.31500187295532694;0.0;0.0;0.3233768609489214;0.8729065117554616;0.315779856038573;0.0;0.23497502278492596;0.0;0.0;0.0;0.22475852712123076;0.0;0.0;0.0;0.19485112883944536;0.3120251907745613;0.29280770429927655;0.0;0.44816141153535277;0.2224402334417594;0.0;0.16151818111149577;0.25103266990164014;0.23944567349732615;0.0;0.0;0.3105328093535669;0.0;0.0;0.0;0.0;0.0;0.0;0.3310920241114323;0.2701582601274005;0.30158496366397475;0.31935947583797536;0.0;0.3200436363024519;0.0;0.40864995382632646;0.0;0.2292190993668388;0.0;0.3105328093535669;0.0;0.0;0.0;0.2554029082164642;0.27804084562918424;0.0;0.24666658867987587;0.21223323776763234;0.0;0.0
GO:0002523;0.0;0.0;0.0;0.34983732105273535;0.27073657625553454;0.19954327769779284;0.0;0.0;0.0;0.0;0.29883997226278397;0.0;0.0;0.0;0.0;0.0;1.0;0.0;0.0;0.0;0.0;0.0;0.22059401654890484;0.2592184726324639;0.2985993706374558;0.2849265663592782;0.0;0.0;0.2820459274074736;0.33043182501715784;0.0;0.0;0.0;0.27117570630956744;0.0;0.0;0.3124885100324245;0.0;0.0;0.0;0.3124885100324245;0.0;0.0;0.0;0.15117531218301086;0.22198453386082212;0.0;0.0;0.0;0.24850038474094513;0.24850038474094513;0.23118319082877284;0.0;0.4066849067655496;0.2602311935998881;0.28531683216363574;0.0;0.0;0.28517419683982403;0.6516032774200403;0.0;0.0;0.1378620120082617;0.0;0.28381548323107597;0.3124876896667737;0.0;0.7038307818530155;0.0;0.28450169392715424;0.2837255347751938;0.15838444119993422;0.23741358679902544;0.22990172444361712;0.10259961454330872;0.0;0.34094068364265046;0.21668097344991777;0.352573908945217;0.24080859379286762;0.0;0.0;0.0;0.33935569118180037;0.0;0.2967108217850342;0.2724991804712441;0.2704303607960596;0.0;0.34983732105273535;0.2394265921106839;0.2592970904516286;0.0;0.0;0.0;0.0;0.0;0.0;0.0;0.0;0.0;0.0;0.0;0.0;0.3124936555548746;0.0;0.2602311935998881;0.7907622484601264;0.2602311935998881;0.19422149793863247;0.2982178143540269;0.0;0.0;0.29747656552385265;0.0;0.2503223899191125;0.32913576545084117;0.33043182501715784;0.0;0.3489883361984379;0.0;0.28531683216363574;0.3124936555548746;0.0;0.19388654203766084;0.9041226245706416;0.14352458573110094;0.0;0.2828494471825819;0.13710423819609688;0.0;0.2602311935998881;0.2602311935998881
GO:2000648;0.40906558297832546;0.33214377367895914;0.392840048019713;0.0;0.0;0.0;0.3925885754911734;0.3398917231559056;0.3657960993996481;0.49148937131550496;0.0;0.2707834645669682;0.3414566300545862;0.44306545280094123;0.0;0.4087075431904071;0.0;1.0;0.36792696936288793;0.0;0.48186240985628137;0.27295093717630603;0.0;0.0;0.0;0.0;0.38603938390422105;0.2781510652011252;0.271237078136794;0.0;0.4247541218983304;0.3405861057645388;0.0;0.0;0.8225764678133944;0.3532282788939484;0.5060123127763027;0.48396293190978373;0.38663329531575613;0.5265388719155083;0.5060123127763027;0.5533956941597192;0.0;0.2778463831621932;0.0;0.0;0.445227502864243;0.0;0.33441615686744197;0.36013453204155405;0.36013453204155405;0.0;0.0;0.0;0.0;0.0;0.37533489418778204;0.35027464634974453;0.0;0.0;0.2455250109256448;0.5468483241448222;0.0;0.5274885384294693;0.46137218925429074;0.5060110405303841;0.3309586708253922;0.0;0.2730779200621669;0.0;0.0;0.1549176788750686;0.0;0.0;0.170995935181471;0.3335531090986809;0.0;0.3150327369330765;0.0;0.0;0.41617979765996455;0.43271647421898846;0.2763387557366285;0.0;0.37019536805602976;0.0;0.0;0.0;0.2812778161985997;0.0;0.0;0.0;0.2058361066053713;0.4327404538026463;0.4605865978232453;0.0;0.5087720058762776;0.307548158584015;0.0;0.20213506523203495;0.36503292120965225;0.3410354648231078;0.0;0.0;0.5060202925895042;0.0;0.0;0.0;0.0;0.0;0.0;0.4505593735490439;0.35618642159476854;0.4826839854500595;0.4469768764930922;0.0;0.5317713121667144;0.0;0.6438873627533406;0.0;0.3206595949364475;0.0;0.5060202925895042;0.0;0.0;0.0;0.33097604116355844;0.4250747234470604;0.0;0.31645170342361495;0.2619322001952236;0.0;0.0
GO:0045660;0.43084221908592146;0.2292374288553593;0.4740205854669233;0.0;0.0;0.0;0.3338235386284646;0.20128201391372313;0.22961012754631338;0.3125155454540366;0.0;0.18816683347406732;0.2197766078667178;0.2578350906584036;0.0;0.35480376201740826;0.0;0.36792696936288793;1.0;0.0;0.3358459918947321;0.15612337755009642;0.0;0.0;0.0;0.0;0.26626775488682025;0.1916952317023807;0.1555611520476383;0.0;0.2515249716118648;0.31246790360554744;0.0;0.0;0.3679263943052273;0.2245941575670876;0.2779567776870187;0.2711703277471753;0.26655017026789396;0.3263277465422645;0.2779567776870187;0.2644014598592354;0.0;0.1915504692577625;0.0;0.0;0.37567797546604986;0.0;0.24064521963752472;0.3213328745733953;0.3213328745733953;0.0;0.0;0.0;0.0;0.0;0.2611309584832363;0.24874932374168993;0.0;0.0;0.17561266939994125;0.3340158997338656;0.0;0.32669226583045796;0.263929355871478;0.2779563937995587;0.21537935831833194;0.0;0.156164913621767;0.0;0.0;0.10873619449787315;0.0;0.0;0.13387709945643075;0.3078214321171818;0.0;0.29310803888609;0.0;0.0;0.30266492881840734;0.3686598726680861;0.2678812619728834;0.0;0.21153649211137804;0.0;0.0;0.0;0.21184588075554764;0.0;0.0;0.0;0.18150460608559912;0.2876817984383135;0.31632674627578694;0.0;0.4093402534639407;0.2855734684419042;0.0;0.15223869306607632;0.22930919624821558;0.21960205166761926;0.0;0.0;0.27795918549586546;0.0;0.0;0.0;0.0;0.0;0.0;0.29431785394649096;0.32255074614280616;0.2707683357413198;0.2939049094360185;0.0;0.2855549647856945;0.0;0.3678802984464507;0.0;0.2109697051773457;0.0;0.27795918549586546;0.0;0.0;0.0;0.238858701020771;0.2516373593577312;0.0;0.23120057821484216;0.20068269530641203;0.0;0.0
GO:0034698;0.0;0.0;0.0;0.0;0.0;0.0;0.0;0.0;0.0;0.0;0.0;0.0;0.0;0.0;0.0;0.0;0.0;0.0;0.0;1.0;0.0;0.0;0.0;0.5763941285319923;0.0;0.0;0.0;0.0;0.0;0.0;0.0;0.0;0.0;0.0;0.0;0.0;0.0;0.0;0.0;0.0;0.0;0.0;0.7071083598298389;0.0;0.32273375912328933;0.4866292772782957;0.0;0.5365777779536586;0.0;0.0;0.0;0.0;0.0;0.0;0.48051668058604485;0.0;0.0;0.0;0.0;0.0;0.0;0.0;0.33994604003077744;0.0;0.0;0.0;0.0;0.0;0.0;0.0;0.31499604242860946;0.2814235716591276;0.25892186833168856;0.33590188643411384;0.0;0.0;0.0;0.0;0.0;0.0;0.0;0.0;0.0;0.0;0.0;0.33108252526455595;0.0;0.2986929417129009;0.0;0.0;0.35109077702851427;0.669263296384916;0.0;0.0;0.0;0.0;0.0;0.0;0.559617539752428;0.0;0.0;0.0;0.0;0.5301104936489714;0.0;0.6731758964539644;0.48051668058604485;0.0;0.48051668058604485;0.0;0.0;0.0;0.0;0.0;0.0;0.0;0.0;0.0;0.0;0.0;0.0;0.0;0.0;0.48056135754863766;0.3490958895275167;0.0;0.0;0.0;0.0;0.0;0.0;0.48051668058604485;0.48051668058604485
GO:0030890;0.2822867046105222;0.23341477365903682;0.24549820143538809;0.0;0.0;0.0;0.24539996785980184;0.206137881303209;0.23465653014330048;0.3192303837385863;0.0;0.1915425546082458;0.22439567374686445;0.26421565030391886;0.0;0.361540906928728;0.0;0.48186240985628137;0.3358459918947321;0.0;1.0;0.1600812064022191;0.0;0.0;0.0;0.0;0.27112679779079907;0.1951999180109573;0.15949016797739526;0.0;0.25759336879823114;0.5219123200755318;0.0;0.0;0.48186163759708217;0.22942016802830353;0.285386435400216;0.2782370051652942;0.2714196203207238;0.33365621000410645;0.285386435400216;0.3241759781151691;0.0;0.19504981598506613;0.0;0.0;0.38323962191171124;0.0;0.24460714314985568;0.32752676572200234;0.32752676572200234;0.0;0.0;0.0;0.0;0.0;0.2658026853050605;0.25298493685963447;0.0;0.0;0.17854945735236977;0.3416978067181421;0.0;0.3340372949815764;0.270619018613402;0.2853860307162226;0.2198135738297162;0.0;0.16012487539449077;0.0;0.0;0.11064139414577313;0.0;0.0;0.1355771070766132;0.312879754989653;0.0;0.2982529043689835;0.0;0.0;0.7690836654146949;0.3759389002501943;0.3884763320927996;0.0;0.2169063349498496;0.0;0.0;0.0;0.21491021972770868;0.0;0.0;0.0;0.18464352387604085;0.29336216283216926;0.27034855030275806;0.0;0.5981246747425225;0.20923533060344335;0.0;0.15444083547246912;0.23434223471911914;0.2242137061521379;0.0;0.0;0.2853889736492155;0.0;0.0;0.0;0.0;0.0;0.0;0.30266102835479947;0.32705496292365055;0.27781380474782474;0.2998362197642095;0.0;0.2934021001514875;0.0;0.3772206164628025;0.0;0.21522241556738175;0.0;0.2853889736492155;0.0;0.0;0.0;0.24276154026304636;0.25771124626196945;0.0;0.23485525445387007;0.20343049899543092;0.0;0.0
GO:2000363;0.17354836895831785;0.2769589045772669;0.23178144644832627;0.0;0.0;0.0;0.2316334308254886;0.25053277748479785;0.21586088391257452;0.20844143200121282;0.0;0.15988582331442153;0.20152791494135444;0.2613347585178531;0.0;0.17339674208580552;0.0;0.27295093717630603;0.15612337755009642;0.0;0.1600812064022191;1.0;0.0;0.0;0.0;0.0;0.16379599119498972;0.16422865106688497;0.270475244043975;0.0;0.25056222850615967;0.14453917361503624;0.0;0.0;0.27295019253721536;0.20846050950374045;0.29834788297346293;0.2853859641165523;0.16404755772163632;0.2232715172606959;0.29834788297346293;0.27295173119144056;0.0;0.16404906420003307;0.0;0.0;0.188860177693445;0.0;0.1419246072632954;0.17721583823814974;0.17721583823814974;0.0;0.0;0.0;0.0;0.0;0.3761496992277292;0.14864448507654585;0.0;0.0;0.14499426413619682;0.23186272367441038;0.0;0.22367327484998284;0.27210217033553136;0.29834713517368133;0.19534458157200854;0.0;0.6431413160808302;0.0;0.0;0.1546688575010049;0.0;0.0;0.10102745435740232;0.14155887237073433;0.0;0.15505777823952735;0.0;0.0;0.1382918910677331;0.18356326537361511;0.11730686290693178;0.0;0.272806189680011;0.0;0.0;0.0;0.28200531094100045;0.0;0.0;0.0;0.15187678117449044;0.18357341839481725;0.2716401612389839;0.0;0.21575460317120518;0.1815528447292305;0.0;0.2023026846684666;0.2154115302806906;0.20127986252113023;0.0;0.0;0.2983525733420029;0.0;0.0;0.0;0.0;0.0;0.0;0.33182435856035825;0.1511493009484536;0.2846340169982033;0.18960077999868136;0.0;0.31348610126805226;0.0;0.2728905088998585;0.0;0.18927761784562588;0.0;0.2983525733420029;0.0;0.0;0.0;0.14046676833166316;0.2507508587288969;0.0;0.13431121329936108;0.11119828669550377;0.0;0.0
GO:0031623;0.0;0.0;0.0;0.24869510880451254;0.20592471744064048;0.3319108600934636;0.0;0.0;0.0;0.0;0.0;0.0;0.0;0.0;0.21367219895036152;0.0;0.22059401654890484;0.0;0.0;0.0;0.0;0.0;1.0;0.19919262853378908;0.22165649471701024;0.21403227347627884;0.0;0.0;0.21240269478031507;0.23872848145893913;0.0;0.0;0.0;0.49098857627355064;0.0;0.0;0.22921932015726565;0.0;0.0;0.0;0.22921932015726565;0.0;0.0;0.0;0.128578450471889;0.17644978740228426;0.0;0.0;0.0;0.1502928006198859;0.1502928006198859;0.37102689059049243;0.0;0.22134513998803623;0.19979009249122207;0.214252416615578;0.0;0.0;0.21417197554467357;0.17124814100917699;0.0;0.0;0.11881922938600407;0.0;0.21340470549146529;0.229218878747329;0.0;0.22150003619416167;0.0;0.213792438589004;0.0;0.1337565780240891;0.0;0.18141573632816918;0.18784287672188443;0.0;0.19361673182131392;0.13404734027220377;0.1986971205835845;0.34871112021011796;0.0;0.0;0.0;0.1929184972649187;0.0;0.2206141299224664;0.2069428435210432;0.20574751577028078;0.0;0.24869510880451254;0.18729531502515379;0.19923904853240276;0.0;0.0;0.0;0.0;0.0;0.0;0.0;0.0;0.0;0.0;0.38594563587610214;0.0;0.22922208876804495;0.0;0.19979009249122207;0.19934520080354642;0.19979009249122207;0.4266053893154835;0.2214461726803767;0.0;0.0;0.22103718408569042;0.0;0.19389747467439303;0.23805124130226443;0.23872848145893913;0.0;0.24826576325208782;0.0;0.214252416615578;0.22922208876804495;0.0;0.15822354471458458;0.22059401654890484;0.12300177877728644;0.0;0.29045674873969285;0.11825591130572514;0.0;0.19979009249122207;0.19979009249122207
GO:0071404;0.0;0.0;0.0;0.2989069237869576;0.23919560399935866;0.18186792221851691;0.0;0.0;0.0;0.0;0.0;0.0;0.0;0.0;0.0;0.0;0.2592184726324639;0.0;0.0;0.5763941285319923;0.0;0.0;0.19919262853378908;1.0;0.26068682693040257;0.2502046791604493;0.0;0.0;0.24798060535830302;0.28462502980428656;0.0;0.0;0.0;0.23953831151321242;0.0;0.0;0.27121076805526406;0.0;0.0;0.0;0.27121076805526406;0.0;0.4865095993267047;0.0;0.4751867538087402;0.6760439036373901;0.0;0.40215541003400257;0.0;0.16727404175296634;0.16727404175296634;0.20778678590690464;0.0;0.2602562752283956;0.5479212415980295;0.2505055727813319;0.0;0.0;0.25039561307297353;0.1936477840966821;0.0;0.0;0.3508633824268222;0.0;0.2493474874786322;0.27121015010521765;0.0;0.2604704442482324;0.0;0.24987698972176145;0.24927805730477462;0.3488386645071498;0.21280623553902758;0.42126556757639416;0.09771658919511818;0.0;0.2227480006261555;0.1473929227313715;0.2294988243455508;0.16250623812533915;0.0;0.0;0.0;0.22182435024058234;0.0;0.4391662081527859;0.24057039934905583;0.404795221491598;0.0;0.2989069237869576;0.43689596306779016;0.6252651823582073;0.0;0.0;0.0;0.0;0.0;0.0;0.6092605032611873;0.0;0.0;0.0;0.0;0.41927629695207635;0.2712146439706132;0.6200685207559072;0.5479212415980295;0.23036384442987695;0.5479212415980295;0.17743671469665911;0.26039596326534753;0.0;0.0;0.25983063294584485;0.0;0.22311966020083765;0.28366287797587014;0.28462502980428656;0.0;0.2982869218032148;0.0;0.2505055727813319;0.2712146439706132;0.5398296311658686;0.420284525305878;0.2592184726324639;0.13414717813116228;0.0;0.24860153576151697;0.12852194921901128;0.0;0.5479212415980295;0.5479212415980295
GO:0051017;0.0;0.0;0.0;0.35251705760816676;0.2723387224920702;0.20041225252636383;0.0;0.0;0.0;0.0;0.0;0.0;0.0;0.0;0.0;0.0;0.2985993706374558;0.0;0.0;0.0;0.0;0.0;0.22165649471701024;0.26068682693040257;1.0;0.28670160945220813;0.0;0.0;0.48133927432720935;0.33282150128110694;0.0;0.0;0.0;0.27278306949637;0.0;0.0;0.3146248625542398;0.0;0.0;0.0;0.3146248625542398;0.0;0.0;0.0;0.15167354984275772;0.22306048160252265;0.0;0.0;0.0;0.1828343079616977;0.1828343079616977;0.23235039138960467;0.0;0.29997729337218054;0.26171107626389833;0.5812228629160974;0.0;0.0;0.5809304867774367;0.2148119819920229;0.0;0.0;0.13827623861898863;0.0;0.2855766668204275;0.31462403093327107;0.0;0.30026186103222396;0.0;0.48555635289131727;0.0;0.15893141698170452;0.0;0.23105598879756534;0.10282886308877388;0.0;0.2512185833776208;0.15934209830689586;0.2598388014901111;0.1771532833545784;0.0;0.0;0.0;0.250044352771354;0.0;0.2986362250286882;0.5549563175345134;0.272028874181506;0.0;0.35251705760816676;0.2406787409071478;0.26076633807688376;0.0;0.0;0.0;0.0;0.0;0.0;0.0;0.0;0.0;0.0;0.0;0.0;0.31463007867331866;0.0;0.26171107626389833;0.26094820549007924;0.26171107626389833;0.1950446444744738;0.5091182083976069;0.0;0.0;0.29941195206687277;0.0;0.6744716959359898;0.3315066650726725;0.33282150128110694;0.0;0.35165503260025366;0.0;0.5812228629160974;0.31463007867331866;0.0;0.194706845816201;0.2985993706374558;0.24419933679161793;0.0;0.2845986249846823;0.23324282052712325;0.0;0.26171107626389833;0.26171107626389833
