;GO:0061333;GO:0032330;GO:0051091;GO:0060401;GO:0051092;GO:0007016;GO:0045766;GO:0002634;GO:0032967;GO:0002755;GO:0071498;GO:0071374;GO:0032729;GO:0018277;GO:0071897;GO:0001947;GO:2000111;GO:0019886;GO:0035556;GO:0042307;GO:0060998;GO:0051260;GO:0045652;GO:0048251;GO:0045540;GO:0001954;GO:0001558;GO:0051496;GO:0014902;GO:0030890;GO:0086091;GO:0034059;GO:0070278;GO:0070318;GO:0034614;GO:1905563;GO:0060025;GO:1904753;GO:0008284;GO:0002062;GO:0038095;GO:0045666;GO:0097190;GO:0060548;GO:0045663;GO:0045669;GO:0045944;GO:0043524;GO:0050850;GO:0000165;GO:0051145;GO:0007229;GO:0030889;GO:0071277;GO:0051385;GO:0046641;GO:0001649;GO:0001805;GO:0050731;GO:0050852;GO:0050853;GO:0016358;GO:0043537;GO:0046928;GO:0031295;GO:0060536;GO:0038083;GO:0048667;GO:0048666;GO:0007249;GO:0001782;GO:0007517;GO:0050982;GO:0002587;GO:0002467;GO:0001812;GO:0002902;GO:0032496;GO:0050867;GO:0032012;GO:0001818;GO:0086073;GO:0060045;GO:0007172;GO:0055012;GO:0006366;GO:0008543;GO:0051291;GO:0006367;GO:1903966;GO:0002159;GO:0009749;GO:0035914;GO:0048167;GO:0030220;GO:2000311;GO:2000310;GO:0030224;GO:0019722;GO:0010694;GO:0014898;GO:0051966;GO:0030501;GO:0051963;GO:0046949;GO:0014033;GO:0007186;GO:0030182;GO:0090263;GO:0042100;GO:0043312;GO:1904706;GO:0043434;GO:0045579;GO:2000727;GO:0030217;GO:0043280;GO:0045580;GO:0071560;GO:0071681;GO:0010629;GO:0002721;GO:0010628;GO:2001016;GO:0032355;GO:0010469;GO:0035984;GO:0072659;GO:0032753;GO:0043200;GO:0090073;GO:0000122;GO:0018057;GO:0098911;GO:0070542;GO:0060297;GO:0060452;GO:0035690;GO:0006351;GO:0007169;GO:0045597;GO:0048469;GO:0072160;GO:0045879;GO:0002553;GO:0045086;GO:0030318;GO:0098761;GO:0071222;GO:2000987;GO:0002669;GO:0046330;GO:0045087;GO:0070374;GO:0071864;GO:0071226;GO:0030279
GO:0061333;1.0;0.0;0.0;0.0;0.0;0.0;0.0;0.0;0.0;0.0;0.0;0.0;0.0;0.0;0.0;0.8048811255146895;0.0;0.0;0.0;0.0;0.0;0.0;0.0;0.0;0.0;0.0;0.0;0.0;0.3181537797278079;0.0;0.0;0.0;0.0;0.0;0.0;0.0;0.0;0.0;0.0;0.35429422801473626;0.0;0.0;0.0;0.0;0.0;0.0;0.0;0.0;0.0;0.0;0.3352110658427117;0.0;0.0;0.0;0.0;0.0;0.3540381411725519;0.0;0.0;0.0;0.0;0.28050881710556846;0.0;0.0;0.0;0.6324714675954168;0.0;0.36348299091883446;0.3325799286111177;0.0;0.0;0.37167350174838554;0.0;0.0;0.3102440371120299;0.0;0.0;0.0;0.0;0.0;0.0;0.0;0.0;0.0;0.2888362146622838;0.0;0.0;0.0;0.0;0.0;0.0;0.0;0.35424343621608695;0.0;0.316856374636519;0.0;0.0;0.28806412926755176;0.0;0.0;0.0;0.0;0.0;0.0;0.0;0.31821016096364624;0.0;0.35367668730074175;0.0;0.0;0.0;0.0;0.0;0.0;0.0;0.24897721893234812;0.0;0.0;0.0;0.0;0.0;0.0;0.0;0.0;0.0;0.0;0.0;0.0;0.0;0.0;0.0;0.0;0.0;0.0;0.0;0.0;0.0;0.0;0.0;0.0;0.0;0.35602235203307686;0.3027053295275054;0.0;0.0;0.0;0.3355745502574901;0.0;0.0;0.0;0.0;0.0;0.0;0.0;0.0;0.0;0.0
GO:0032330;0.0;1.0;0.3073569881700596;0.0;0.300573262652072;0.22973252307310427;0.5640770699042967;0.46862957071613315;0.3643725406910442;0.29997733187237446;0.0;0.0;0.48704131562624847;0.0;0.0;0.0;0.3909758287078591;0.0;0.5622786012849068;0.2341280906427585;0.6454947428077409;0.0;0.7879231819853604;0.0;0.3315874824242202;0.40257837686716197;0.5854981627253842;0.3316112756738851;0.0;0.3161588792004185;0.4224144715427037;0.0;0.0;0.47460035261292993;0.0;0.4450530744874498;0.5358906144037578;0.3799202791817495;0.5503014344038327;0.0;0.42992453818608284;0.5845294346519522;0.5640794648668391;0.5513804878035263;0.6248629343339158;0.6137958191449995;0.23487786270386948;0.41239391155718846;0.37982053302052005;0.284471431304805;0.0;0.5394122787725616;0.3179434814475134;0.0;0.0;0.256166446466412;0.0;0.1754073109723836;0.2664600757172827;0.3369165029228592;0.336911569000268;0.0;0.39665183119115793;0.4005351419051548;0.32295025011076184;0.0;0.0;0.0;0.0;0.5402589861217927;0.29218798103305144;0.0;0.0;0.3516583261356378;0.0;0.1813995360289626;0.51804200222148;0.0;0.5522018603474748;0.471592251722256;0.5287276862661853;0.0;0.40631352514467295;0.39530752441162104;0.0;0.0;0.49842440538633886;0.0;0.0;0.0;0.0;0.0;0.0;0.5113205858155747;0.0;0.3378578578530612;0.33788533934332265;0.0;0.5190680048388645;0.30658766909686;0.0;0.5352673610196944;0.5490399097436394;0.7105839705086192;0.0;0.0;0.5626099767285572;0.0;0.3811220093375658;0.0;0.0;0.47601328907092816;0.0;0.4641875820171405;0.48955049822195174;0.0;0.22168068895844126;0.6679436522989689;0.0;0.0;0.3848247512610565;0.3845558333571414;0.3835726087424067;0.5620997590134169;0.0;0.5048505182527769;0.0;0.0;0.4875839814727125;0.0;0.2816487838129883;0.23168931544594862;0.0;0.4126520289230947;0.0;0.492131225387618;0.37372305891218743;0.0;0.0;0.5171675786327214;0.6702474696776615;0.0;0.0;0.406073065210788;0.15646854262104398;0.2990254668115149;0.0;0.0;0.0;0.38084692726288844;0.48761002948925986;0.19288092018856515;0.0;0.21118142291582276;0.5105598286514487;0.0;0.5300144225200111
GO:0051091;0.0;0.3073569881700596;1.0;0.0;0.9841546289270872;0.14532632194929893;0.2686866867839106;0.23178568561148274;0.3905118516479779;0.25613266773030774;0.0;0.0;0.2954655975586629;0.0;0.0;0.0;0.307551519951794;0.0;0.32407801791383245;0.20838860667352585;0.25810062699797154;0.0;0.2932216903877659;0.0;0.36919987971545104;0.2970627861814133;0.33165887157290275;0.27497513008866625;0.0;0.26590881160225194;0.21710026780887404;0.0;0.0;0.34814723302162803;0.0;0.2813634441323577;0.3151341856705352;0.2538502677000523;0.38044494896129905;0.0;0.2752403264210131;0.28696133589404144;0.324675449244512;0.3204277223257475;0.3464966206421494;0.31757652257911767;0.7061018741556365;0.26794817252701936;0.30168781589650995;0.2073617383473027;0.0;0.31634872782918144;0.22459736215306614;0.0;0.0;0.22810914810475505;0.0;0.16821532562315233;0.42595101399142504;0.27802920658288754;0.2780263799187808;0.0;0.2351570553483645;0.2628909370457921;0.2699252052051671;0.0;0.0;0.0;0.0;0.31663976069973715;0.16804937915784532;0.0;0.0;0.2193157808863074;0.0;0.1725977260400272;0.30887607672581335;0.0;0.38120799355107476;0.2917429586989655;0.24844576233196441;0.0;0.23822806137306116;0.26062876280609254;0.0;0.0;0.3017937485947026;0.0;0.0;0.0;0.0;0.0;0.0;0.3064740352087234;0.0;0.2744049675401549;0.27442044958562367;0.0;0.3092405283705207;0.41820253892054104;0.0;0.31491855452037654;0.2641259997255463;0.2930154705585789;0.0;0.0;0.32418807244888376;0.0;0.3023778096272834;0.0;0.0;0.29342889712736947;0.0;0.24371676324072158;0.25332348151222506;0.0;0.4275555639504542;0.2639793653266317;0.0;0.0;0.4054804471145427;0.20446969990601996;0.46197098118507585;0.2793325714302068;0.0;0.35611265525457847;0.0;0.0;0.29566093795447207;0.0;0.27021762196651894;0.6651956458513631;0.0;0.2416464796480067;0.0;0.24980200918723258;0.2503952304979129;0.0;0.0;0.3085650078589788;0.3616538529207306;0.0;0.0;0.2652653611055701;0.1121171927489548;0.5162686042556919;0.0;0.0;0.0;0.25350408563107957;0.24451209208617766;0.3320151159784817;0.0;0.3567017471144116;0.363967273732397;0.0;0.24879226375770558
GO:0060401;0.0;0.0;0.0;1.0;0.0;0.20287300218640383;0.0;0.0;0.0;0.0;0.0;0.0;0.0;0.0;0.0;0.0;0.0;0.0;0.0;0.0;0.0;0.0;0.0;0.0;0.0;0.0;0.0;0.0;0.0;0.0;0.0;0.0;0.4750773709022377;0.0;0.0;0.0;0.0;0.0;0.0;0.0;0.0;0.0;0.0;0.0;0.0;0.0;0.0;0.0;0.0;0.0;0.0;0.0;0.0;0.0;0.0;0.0;0.0;0.0;0.0;0.0;0.0;0.0;0.0;0.0;0.0;0.0;0.0;0.0;0.0;0.0;0.0;0.0;0.0;0.0;0.0;0.0;0.0;0.0;0.0;0.0;0.0;0.0;0.0;0.0;0.0;0.0;0.0;0.0;0.0;0.0;0.0;0.0;0.0;0.0;0.0;0.0;0.0;0.0;0.0;0.0;0.0;0.0;0.0;0.0;0.0;0.0;0.0;0.0;0.0;0.0;0.2815246798125103;0.0;0.0;0.0;0.0;0.0;0.0;0.0;0.0;0.0;0.0;0.0;0.0;0.0;0.0;0.0;0.0;0.2518912597988282;0.0;0.0;0.0;0.0;0.0;0.0;0.0;0.0;0.0;0.0;0.0;0.0;0.0;0.0;0.0;0.0;0.3424310169099778;0.0;0.0;0.0;0.0;0.0;0.0;0.0;0.0;0.0;0.0;0.0;0.0
GO:0051092;0.0;0.300573262652072;0.9841546289270872;0.0;1.0;0.1423876087236256;0.2632225908626729;0.22672022765004773;0.3822511701122034;0.25214305745843113;0.0;0.0;0.2888714219645798;0.0;0.0;0.0;0.3018172203684342;0.0;0.3165451548216479;0.2050867323160288;0.2532999878927202;0.0;0.2870413083189137;0.0;0.36182894942841;0.2903979301325175;0.3237737554881722;0.27038219828940613;0.0;0.26161139096826524;0.21265018634246916;0.0;0.0;0.3408172494579724;0.0;0.27566798380218616;0.3080067936975011;0.24920501616539517;0.37170893520730847;0.0;0.2697876594356083;0.28196290324237905;0.3171151111473077;0.31306166982345596;0.3392352523308669;0.3114660114954237;0.6969057523896641;0.2627778879580453;0.296168127311992;0.20425167608237993;0.0;0.30916691738898683;0.22095334789517787;0.0;0.0;0.22493938582232206;0.0;0.16605722179304178;0.41985820135881097;0.27333455416536795;0.27333182215393204;0.0;0.2311653761630652;0.25791216467452255;0.26549806489877437;0.0;0.0;0.0;0.0;0.3094448802796575;0.16413221764635927;0.0;0.0;0.21477535938448677;0.0;0.17032646934273005;0.3020258766566554;0.0;0.37243730558170607;0.28562410499876834;0.24263508149019533;0.0;0.2347729703197768;0.2557345087664868;0.0;0.0;0.29525076102702835;0.0;0.0;0.0;0.0;0.0;0.0;0.2997288016234912;0.0;0.2697626839898682;0.26977764661287484;0.0;0.3023743329498403;0.4115876181305032;0.0;0.30780080292021494;0.258844001319984;0.2868436871443429;0.0;0.0;0.31665015177755174;0.0;0.29683307590105956;0.0;0.0;0.28723986935219475;0.0;0.24010183757453468;0.24942023820720485;0.0;0.42222672596428107;0.25895967470488046;0.0;0.0;0.3966194981301161;0.2005176412512207;0.45189492438283513;0.2745941750761823;0.0;0.3483333592623949;0.0;0.0;0.28905813772231176;0.0;0.2640486326651103;0.6566213835733777;0.0;0.23743342435767464;0.0;0.2453024227951224;0.24564319370446575;0.0;0.0;0.30172844580831143;0.3537505486166504;0.0;0.0;0.2601971132361089;0.11035997915733707;0.5090989001406128;0.0;0.0;0.0;0.24863446312286905;0.23997871267344134;0.32830159083050553;0.0;0.3524190229415345;0.3559636534357545;0.0;0.2429655536359873
GO:0007016;0.0;0.22973252307310427;0.14532632194929893;0.20287300218640383;0.1423876087236256;1.0;0.2040065419363832;0.22640775415898756;0.21588793097437284;0.21524692354732117;0.26225024747016473;0.2133953014307887;0.23354954819142495;0.18472321427137114;0.1383452028533638;0.0;0.18065944172242765;0.0;0.3759594697154504;0.14531941755050495;0.18005824467522394;0.425220275959167;0.21476603971177904;0.4290625670675574;0.19873516473556477;0.23538844316777438;0.25694960481267026;0.15574314435020864;0.26394651068971553;0.1491228076229388;0.2752190277159025;0.0;0.35019380070310796;0.21442349954631407;0.21272777833595355;0.2026664651320314;0.2382316102864569;0.17608039046201454;0.2437190098994472;0.28424375523112605;0.297701733243426;0.16470074450538802;0.37698717354421973;0.24412823684105536;0.2129869166350565;0.18870361380827164;0.11334247840338021;0.18945261449041872;0.176038951302304;0.20500721940383038;0.27369588044580423;0.36282613732095753;0.14989029210562;0.22847875695682998;0.0;0.12287254410945868;0.2841046382169979;0.11125910050283033;0.12743963221947763;0.2392874946473458;0.23928431631167815;0.40927156411016574;0.15911244211148645;0.24623825908374083;0.15203944671779462;0.0;0.1519715480587081;0.3963108304342727;0.2722121916875199;0.3633152445593958;0.3325647824171196;0.0;0.0;0.20928276532035378;0.0;0.1148030886824053;0.23137752068625414;0.0;0.24443958505175203;0.2132350124380498;0.2505909914353829;0.0;0.12969430104195817;0.4070667760969039;0.24643606454507905;0.1295178254530178;0.3388874304757452;0.4255559837357526;0.13884173891428475;0.14747451234522652;0.40166893023676287;0.0;0.2842161681805346;0.30517522015678256;0.26319210890551464;0.1584033695154463;0.1584150527654003;0.24596145803614072;0.3510086566358797;0.14499361048188336;0.0;0.23799335209360256;0.19920577403859788;0.21455214101454875;0.16362335670689845;0.26397925282789236;0.376148648867054;0.2839081708311285;0.17657946745348438;0.23177364677261883;0.22294897428160557;0.2149810883356149;0.0;0.13345589773949074;0.1401463586444172;0.22096849113822756;0.10737653700865821;0.18563608928526415;0.21339032205176736;0.16003895941171195;0.22639104599613055;0.18989778998350443;0.22575229220869997;0.15897214983744368;0.0;0.2262703475571168;0.17153821217283954;0.2108391088946455;0.23377396639958248;0.0;0.24159881008614081;0.11190515838105795;0.16722655819774387;0.2199747872268785;0.0;0.1723337508788737;0.18513133064425105;0.2613715972149573;0.13197782925941973;0.34989828973251047;0.22639510191484116;0.2851808482632663;0.25484208221142357;0.18686820856128156;0.31520744924390737;0.12278075281572691;0.2739002786241888;0.22775803195038277;0.17983113643230172;0.18826924065878556;0.17926914112806963;0.09420008575647079;0.0;0.10259805677492685;0.22848510229175098;0.22786039247934445;0.25111070749947606
GO:0045766;0.0;0.5640770699042967;0.2686866867839106;0.0;0.2632225908626729;0.2040065419363832;1.0;0.4787911216349155;0.4002711190002227;0.2627416592681527;0.0;0.0;0.5829962471217757;0.0;0.0;0.0;0.33448374617937604;0.0;0.3693874238422023;0.2686738475899893;0.4412314334506532;0.0;0.5270132299595075;0.0;0.29512766232871884;0.4367670932909683;0.3824678210476692;0.2880655256910839;0.0;0.27574757839558467;0.3741798477900209;0.0;0.0;0.39753267626968125;0.0;0.3010130623175339;0.35434047561061055;0.2612480723328641;0.45237545153236847;0.0;0.29189358861163434;0.5658599842022222;0.3704072297774383;0.3631967287380647;0.5294315866681197;0.5893307022925077;0.20928634060833315;0.28123844729268493;0.32586895175859626;0.2005170101715065;0.0;0.35635989992590156;0.22215782286328709;0.0;0.0;0.22696972703765306;0.0;0.20542234478307814;0.23544888816022572;0.2922718708046217;0.2922679642263127;0.0;0.28801746159055724;0.2739766843992866;0.28117354074505424;0.0;0.0;0.0;0.0;0.3568449045003951;0.2518023000318096;0.0;0.0;0.31092225092243964;0.0;0.21199568529307267;0.34405144443309765;0.0;0.453726028505709;0.31684400702773524;0.45526948242921866;0.0;0.44496706792567753;0.2707615751256299;0.0;0.0;0.3326373125579627;0.0;0.0;0.0;0.0;0.0;0.0;0.34015321389224623;0.0;0.23485512393189586;0.2348725554906909;0.0;0.34464535637412996;0.2680679954734043;0.0;0.35398271908704915;0.6853523881732637;0.5264838408363999;0.0;0.0;0.3695751449910131;0.0;0.3268765670516776;0.0;0.0;0.31946079488201845;0.0;0.4579413631280893;0.4810273562738844;0.0;0.19822314938392868;0.45500127093626486;0.0;0.0;0.3365695340370849;0.34416641453892916;0.41872553982265487;0.5460534675556462;0.0;0.336388470177919;0.0;0.0;0.5835616913869625;0.0;0.24393595810461724;0.16560772554231373;0.0;0.2985769536384806;0.0;0.3636523619420717;0.4612387425462374;0.0;0.0;0.3435450374679566;0.5630628867704621;0.0;0.0;0.277373307848576;0.14409271026133028;0.30513758845114675;0.0;0.0;0.0;0.4691153826410839;0.6162707962842991;0.17380746788836274;0.0;0.18936576714389258;0.42384070648694416;0.0;0.4562231910206279
GO:0002634;0.0;0.46862957071613315;0.23178568561148274;0.0;0.22672022765004773;0.22640775415898756;0.4787911216349155;1.0;0.35870195167046853;0.3727508447699078;0.0;0.0;0.392144894214927;0.0;0.0;0.0;0.2940403121824754;0.0;0.42052111552272364;0.23177376468718625;0.35672835885912085;0.0;0.5090379388038817;0.0;0.32688484275669033;0.3956675553566482;0.43755706867711386;0.24987816402061896;0.0;0.28836181350617607;0.3408796777978246;0.0;0.0;0.35596034742273924;0.0;0.33412051097220447;0.4011293306612973;0.2858288978824635;0.41172355175710057;0.0;0.5319605499941099;0.32342454585802344;0.4218433088089986;0.41251642700863683;0.4301730693694798;0.3757384859720736;0.17754838092516023;0.309931564718648;0.35216367867270476;0.21468786163920509;0.0;0.4037192237547961;0.289972584955103;0.0;0.0;0.23410336627079445;0.0;0.35391511092891026;0.20121352887991809;0.41814584760096296;0.4181397915627112;0.0;0.2557763173128986;0.3011356354621749;0.29449066114145644;0.0;0.0;0.0;0.0;0.404341818708878;0.2868308061098514;0.0;0.0;0.41904320284266583;0.0;0.3659110688355797;0.3879940364949499;0.0;0.4131199242874642;0.4359470962111674;0.4250899621349722;0.0;0.24966298966337902;0.3663377878097226;0.0;0.0;0.37353930931627605;0.0;0.0;0.0;0.0;0.0;0.0;0.38304360762161094;0.0;0.3136861977950848;0.31371143136035684;0.0;0.38874951332467284;0.23121134242132832;0.0;0.40067091760710677;0.3990905354353988;0.43373536757165343;0.0;0.0;0.42076442283503046;0.0;0.3533553761537247;0.0;0.0;0.3570036656620305;0.0;0.3018070109579285;0.2713801327525713;0.0;0.1676449606473249;0.4325441643559095;0.0;0.0;0.3785052372287377;0.6317448841901266;0.3772938171690088;0.31115162517542566;0.0;0.46618697317605573;0.0;0.0;0.39257438370597786;0.0;0.2766678106713176;0.17515641746868485;0.0;0.26597479872267177;0.0;0.3970679858963434;0.30210173349817127;0.0;0.0;0.3873501321371484;0.4609039563944813;0.0;0.0;0.3761822631363789;0.15491908519586772;0.19335118927388487;0.0;0.0;0.0;0.3793117850647129;0.41616857780728694;0.17993412345525378;0.0;0.1968879042189465;0.38248316174715646;0.0;0.42610535569209673
GO:0032967;0.0;0.3643725406910442;0.3905118516479779;0.0;0.3822511701122034;0.21588793097437284;0.4002711190002227;0.35870195167046853;1.0;0.2732791819767565;0.0;0.0;0.4627512106531462;0.0;0.0;0.0;0.3517505870171642;0.0;0.39618370846614037;0.27970256159556395;0.28093689998703714;0.0;0.3389448204563078;0.0;0.4661688366375851;0.4666809949728164;0.4112694617475618;0.3007813716718253;0.0;0.28737724097535544;0.32471052156962366;0.0;0.0;0.42216215178023175;0.0;0.3185715965181981;0.37892548889232436;0.2743727908923484;0.48454430317325947;0.0;0.3083752077786701;0.3190098527740243;0.39735707456813957;0.38907090595207067;0.41913422002208;0.36838411911003827;0.37731962178805123;0.29650728294619133;0.3422360533804832;0.20815965438465006;0.0;0.38123577334085323;0.23157790286816193;0.0;0.0;0.234790533789581;0.0;0.2118078121940939;0.3384805130853287;0.3053702254640148;0.30536596089040796;0.0;0.24656377519497097;0.2884469120454114;0.2932754297686955;0.0;0.0;0.0;0.0;0.381790905941393;0.27015352636426165;0.0;0.0;0.3296918904374365;0.0;0.2188031213615201;0.3671828280895723;0.0;0.4860941203771259;0.33635785585801886;0.4002364713407037;0.0;0.24837085331170647;0.2848854261622012;0.0;0.0;0.35421123744310706;0.0;0.0;0.0;0.0;0.0;0.0;0.36274618218619437;0.0;0.24540834993868818;0.24542738333386607;0.0;0.3678593633205926;0.38729401318474904;0.0;0.37851639475892507;0.39023302525112163;0.3385832397558338;0.0;0.0;0.39639966096274365;0.0;0.3433476001833172;0.0;0.0;0.3393083967150623;0.0;0.2558847795651342;0.2692944005741113;0.0;0.2833614549188555;0.2901701284632147;0.0;0.0;0.45139482642535816;0.2972475108161087;0.6192096230067629;0.30734006291872;0.0;0.3584678665895449;0.0;0.0;0.46323054212130566;0.0;0.261119381445687;0.25518801315406753;0.0;0.25602723918096637;0.0;0.2682058334673657;0.3609866016683257;0.0;0.0;0.3666060952923605;0.4475076550420194;0.0;0.0;0.2922142661334757;0.14992041505264983;0.4099806967234951;0.0;0.0;0.0;0.3674836877183594;0.3488846445274838;0.2475454743941499;0.0;0.2703378215672518;0.45195318610102625;0.0;0.40113647728512625
GO:0002755;0.0;0.29997733187237446;0.25613266773030774;0.0;0.25214305745843113;0.21524692354732117;0.2627416592681527;0.3727508447699078;0.2732791819767565;1.0;0.17100520324531165;0.14879264553856406;0.28829230160189995;0.13426192006661264;0.1079573303697455;0.0;0.3013115581613104;0.13973324000021398;0.4580800948929951;0.2047946620078211;0.25287663658150933;0.1660096343582614;0.33228682213176336;0.16700000297465095;0.20674699240712685;0.289812679206831;0.3230823832219447;0.2699763119409829;0.17172482422976207;0.3307213884175425;0.2122585751904553;0.0;0.17048255925328573;0.34017260301597846;0.14846780442516902;0.27516663597389984;0.30738105296891266;0.24879523134624454;0.3709422624932505;0.18009157240000245;0.5642318452231493;0.28152153174917943;0.4589031672875012;0.31241524333092113;0.338596570999784;0.3109275303165367;0.21057657634319712;0.2623222907566871;0.3807190293445002;0.2957965823918196;0.17579901993069777;0.4474246435089668;0.2558931641004246;0.1559722231565436;0.0;0.28441963471274656;0.18003571727153744;0.41567140063316266;0.23124954929198616;0.7411728400201442;0.7411654431511759;0.16183332417602508;0.23081272966372726;0.25747326929604725;0.3725047152685014;0.0;0.11607927086027324;0.15835967421370084;0.17518570703966252;0.44782608881399827;0.21616580999596047;0.0;0.0;0.25935213974739635;0.13765218599896178;0.42634546022927605;0.30142417768110835;0.0;0.3716676284165246;0.3355568775484229;0.2421253776058146;0.0;0.23446689358915482;0.36841094638776023;0.16413701116216126;0.10250555940347889;0.42732448302436105;0.16609640557475375;0.10825945394439733;0.11343712396795935;0.15980455426015724;0.0;0.18008049786164015;0.2991362113758821;0.17140517700864932;0.27076618399394875;0.27078117944172825;0.16392633392530565;0.43761405943664305;0.2556828682156032;0.0;0.3071758980365637;0.25837892267467094;0.2863009056256254;0.12275631541739407;0.1717386829307631;0.45823172117915256;0.17995680197532482;0.381572400827775;0.20642952063824033;0.16276944783291888;0.28669558886468627;0.0;0.3035659005626187;0.24907480651444103;0.1997906487725025;0.20152760434996833;0.29983430367616537;0.14879022466850764;0.12072771757750018;0.2262638068413958;0.3297459747394981;0.2817572794937425;0.2741755543370803;0.0;0.3494743784854043;0.12715805696291513;0.0;0.28847826922529746;0.0;0.16042354947705378;0.1753351396995181;0.12477330437397269;0.23706140995599076;0.0;0.24490536185653888;0.24522430422106847;0.170631170662285;0.1040403691861105;0.4366811536973789;0.3530560977434258;0.18046729153211594;0.16782403172651442;0.30573602579052267;0.16689905574707983;0.2245248971246854;0.1758833257211823;0.1556360156324005;0.13165870866506146;0.45840824298757055;0.3192821520355336;0.2570657462309618;0.14440197342427863;0.2499816744175661;0.3552604948863964;0.15568380634698237;0.24245446182171482
GO:0071498;0.0;0.0;0.0;0.0;0.0;0.26225024747016473;0.0;0.0;0.0;0.17100520324531165;1.0;0.4508386995193005;0.0;0.2259251944149751;0.16022984584349767;0.0;0.0;0.0;0.3417656702552117;0.0;0.0;0.3331265322389697;0.0;0.33713856766381145;0.0;0.0;0.0;0.0;0.35696622418062385;0.0;0.0;0.45800783607546874;0.35163991350664314;0.0;0.6159989103458252;0.0;0.0;0.0;0.0;0.3951247498303018;0.2528657898264894;0.0;0.34301627856861233;0.0;0.0;0.0;0.0;0.0;0.0;0.1615725067552388;0.37503336319303165;0.3259845243920421;0.0;0.4919871964298507;0.2712846655138203;0.0;0.3948559778798344;0.0;0.0;0.1937579867891341;0.19375492090560975;0.3167250486213756;0.0;0.0;0.0;0.0;0.178797538820687;0.30368787750226556;0.37225316805023845;0.32656564617510087;0.0;0.0;0.30125160727638917;0.0;0.2971001209297568;0.0;0.0;0.26926364022099025;0.0;0.0;0.0;0.0;0.0;0.23055494669284599;0.3256706602438704;0.148507116791668;0.2981457542931377;0.3334761199218306;0.160896278175656;0.1726050928987591;0.3090464518405051;0.2990618934673829;0.39507144391157933;0.0;0.35558778415218095;0.0;0.0;0.3248423107861313;0.312095529704026;0.0;0.3323588962159091;0.0;0.0;0.0;0.19514723542522774;0.3570261133685449;0.3419957082660306;0.39447658061696544;0.0;0.30054457661995865;0.19879332631461213;0.0;0.26972095916143163;0.0;0.0;0.2826239000023955;0.0;0.0;0.45082537185726906;0.31696033435478876;0.0;0.0;0.0;0.0;0.28262715775345104;0.0;0.344378115332643;0.0;0.0;0.29734711419117116;0.0;0.0;0.2002944140499287;0.0;0.31332576349491137;0.0;0.0;0.5874490815755414;0.15175038085714343;0.31080531904920383;0.0;0.3969378767091133;0.3405138880555803;0.0;0.17261773288647614;0.0;0.3754172475472165;0.48998505149330074;0.3646207814974971;0.0;0.0;0.0;0.45177694697636334;0.0;0.0;0.4902691809252606;0.0
GO:0071374;0.0;0.0;0.0;0.0;0.0;0.2133953014307887;0.0;0.0;0.0;0.14879264553856406;0.4508386995193005;1.0;0.0;0.18870663111893798;0.14056746887911442;0.0;0.0;0.0;0.2632293531613842;0.0;0.0;0.25807454812744374;0.0;0.26047592242501244;0.0;0.0;0.0;0.0;0.2721553142231747;0.0;0.0;0.24841005318165202;0.2690482643950803;0.0;0.4976300376156968;0.0;0.0;0.0;0.0;0.29378642225307994;0.2071399471996558;0.0;0.2639706088420359;0.0;0.0;0.0;0.0;0.0;0.0;0.14159976147990175;0.28253245028176577;0.25376734817939833;0.0;0.5354638098302857;0.511725148089919;0.0;0.29363780997604666;0.0;0.0;0.16572577032263267;0.16572352738337773;0.24812050912045358;0.0;0.0;0.0;0.0;0.15465738767324916;0.24004753765904815;0.28095168658786573;0.2541193729240567;0.0;0.0;0.23022066040292447;0.0;0.22778819361825708;0.0;0.0;0.36483941365446393;0.0;0.0;0.0;0.0;0.0;0.19192576535784725;0.25357710378403525;0.13146355299861004;0.2365715370956234;0.2582843094238301;0.14108011452624475;0.15000242679001063;0.24338322968841694;0.39574768567368784;0.2937569518936403;0.0;0.27135332987587085;0.0;0.0;0.2530746212168493;0.24527032073425206;0.0;0.19378727301803436;0.0;0.0;0.0;0.16674106140259984;0.2721901247423189;0.26336579394200005;0.29342794126562843;0.0;0.23807934064195538;0.16939571754712898;0.0;0.509413967318246;0.0;0.0;0.22669269365930259;0.0;0.0;0.7586444568391738;0.5654364545931966;0.0;0.0;0.0;0.0;0.5283176659918439;0.0;0.6068769979908866;0.0;0.0;0.39400824472130325;0.0;0.0;0.1704844537076431;0.0;0.410037436592567;0.0;0.0;0.6149249555467098;0.1339987479420922;0.24447276669329518;0.0;0.29478760269194293;0.2624861522752313;0.0;0.15001197301896152;0.0;0.282750265210918;0.6751010645269966;0.530059617838064;0.0;0.0;0.0;0.24588163400994875;0.0;0.0;0.5354350894651007;0.0
GO:0032729;0.0;0.48704131562624847;0.2954655975586629;0.0;0.2888714219645798;0.23354954819142495;0.5829962471217757;0.392144894214927;0.4627512106531462;0.28829230160189995;0.0;0.0;1.0;0.0;0.0;0.0;0.3770222089086777;0.0;0.43738226085320686;0.2954500716425077;0.3675341559536083;0.0;0.4500741705078808;0.0;0.33698296992641685;0.5122343264966197;0.45584172835693815;0.3190694248418246;0.0;0.30402651020004523;0.4295916285130869;0.0;0.0;0.459095037652448;0.0;0.34467785357753;0.4164429567555243;0.29351987914725824;0.5338358664105133;0.0;0.3327730719556365;0.4569782435805405;0.4388127890304778;0.42872939818252426;0.4555163790923895;0.533046274426715;0.22518341176666903;0.318994891432388;0.3661126160267295;0.21899794458262034;0.0;0.41923505761835245;0.2450710516594885;0.0;0.0;0.24578746913129812;0.0;0.2207163799942485;0.255761798935652;0.3242380587863848;0.32423325094820665;0.0;0.31976545373492565;0.3096847284279225;0.31063578109110873;0.0;0.0;0.0;0.0;0.4199064673981611;0.29839054000415;0.0;0.0;0.3577327375158088;0.0;0.22832307123162301;0.4023032816532125;0.0;0.5357176528038592;0.3655943452818669;0.62878445484915;0.0;0.35076143396473536;0.3055832126889759;0.0;0.0;0.38678403443195813;0.0;0.0;0.0;0.0;0.0;0.0;0.39698347848818566;0.0;0.26061423291188496;0.2606356981614047;0.0;0.40311556843593654;0.29471760736268543;0.0;0.415948896140776;0.5672011637682799;0.4495520051578155;0.0;0.0;0.437645476650922;0.0;0.36738495855771214;0.0;0.0;0.36908276461899514;0.0;0.361916923989205;0.3819090823645763;0.0;0.21242692396649004;0.38050856152629814;0.0;0.0;0.39211087418321294;0.4546813928231986;0.4875953425090521;0.43922143582233425;0.0;0.3918651423677769;0.0;0.0;0.8457441471953703;0.0;0.2874075515007808;0.17801479942623555;0.0;0.3328339960361552;0.0;0.28647322040346807;0.5215514546389779;0.0;0.0;0.40161104939533687;0.48922749945718114;0.0;0.0;0.31403145247147407;0.15822986559854055;0.4088021105839028;0.0;0.0;0.0;0.5316452535928079;0.5028213742054145;0.184632161842601;0.0;0.20228716943876582;0.49454548100671253;0.0;0.5413628045585558
GO:0018277;0.0;0.0;0.0;0.0;0.0;0.18472321427137114;0.0;0.0;0.0;0.13426192006661264;0.2259251944149751;0.18870663111893798;0.0;1.0;0.4843829129730831;0.0;0.0;0.0;0.22092932465839954;0.0;0.0;0.21728666009183678;0.0;0.2189864585161366;0.0;0.0;0.0;0.0;0.22718296618708958;0.0;0.0;0.0;0.22501383315494866;0.0;0.18818444164304557;0.0;0.0;0.0;0.0;0.24206046249701732;0.1800173538187541;0.0;0.2214512515188359;0.0;0.0;0.0;0.0;0.0;0.0;0.7399294810599829;0.2343686420928931;0.21422527551114767;0.0;0.2004061606047953;0.0;0.0;0.2419595656379759;0.0;0.0;0.14789769609699238;0.14789590977037761;0.21018711293204012;0.0;0.0;0.0;0.0;0.801262584617708;0.2043649286040666;0.23327985312886187;0.21447608806222926;0.0;0.0;0.0;0.0;0.0;0.0;0.0;0.0;0.0;0.0;0.0;0.0;0.0;0.16841498755093834;0.2140896839866367;0.4557496108118723;0.20184008845962056;0.21743533762627495;0.4396239262691868;0.3589553578701473;0.2067776546628619;0.0;0.24204045570856922;0.0;0.22662385869323334;0.0;0.0;0.21373140079057187;0.20813819869554448;0.0;0.0;0.0;0.0;0.0;0.3341245888795927;0.22720722218877945;0.22102542968859218;0.24181704952619215;0.0;0.20293663848126234;0.15081357298518172;0.0;0.0;0.0;0.0;0.19460461987926828;0.0;0.0;0.18870273725318074;0.14573922832374325;0.0;0.0;0.0;0.0;0.0;0.0;0.15521450248053917;0.0;0.0;0.0;0.0;0.0;0.8742144704452764;0.0;0.0;0.0;0.0;0.22527279261804747;0.46375792632546275;0.2075635696740645;0.0;0.24273972263681662;0.22040555371240936;0.0;0.13525392930693828;0.0;0.23451850456980636;0.19985144749743816;0.16197310872935555;0.0;0.0;0.0;0.0;0.0;0.0;0.1999302564944344;0.0
GO:0071897;0.0;0.0;0.0;0.0;0.0;0.1383452028533638;0.0;0.0;0.0;0.1079573303697455;0.16022984584349767;0.14056746887911442;0.0;0.4843829129730831;1.0;0.0;0.0;0.0;0.15770072154952047;0.0;0.0;0.15583591414416023;0.0;0.15670829602934144;0.0;0.0;0.0;0.0;0.16086146726987438;0.0;0.0;0.0;0.15977090386030068;0.0;0.14027751419785287;0.0;0.0;0.0;0.0;0.16818057404887873;0.13568869583942603;0.0;0.15796647367565242;0.0;0.0;0.0;0.0;0.0;0.0;0.39547161280486487;0.16443114040346496;0.15425495447587306;0.0;0.1469581733845856;0.0;0.0;0.16813186194975432;0.0;0.0;0.11660146968792486;0.11660035937035988;0.15215011771710613;0.0;0.0;0.0;0.0;0.42164831892177923;0.1490757709277846;0.16389446051960474;0.15438495460153245;0.0;0.0;0.0;0.0;0.0;0.0;0.0;0.0;0.0;0.0;0.0;0.0;0.0;0.12899057310793616;0.1541846397440281;0.895781263076647;0.14772777275000704;0.15591237344011458;0.8733188139058012;0.3977887954700524;0.15035551898772961;0.0;0.16817091593594605;0.0;0.16058094976602752;0.0;0.0;0.15399872210575613;0.15107358623478528;0.0;0.0;0.0;0.0;0.0;0.3812783667113355;0.16087362795933294;0.1577496828208372;0.1680630353243492;0.0;0.14831432378278653;0.11840634137527975;0.0;0.0;0.0;0.0;0.14381422985760384;0.0;0.0;0.14056530825814018;0.11525568961758936;0.0;0.0;0.0;0.0;0.0;0.0;0.12110220994442317;0.0;0.0;0.0;0.0;0.0;0.45175156064730715;0.0;0.0;0.0;0.0;0.1599014198849885;0.9086665446601122;0.1507706230192586;0.0;0.1685081924379917;0.15743366895438743;0.0;0.1085977815985916;0.0;0.16450489331609575;0.14665966639818703;0.12517751695657417;0.0;0.0;0.0;0.0;0.0;0.0;0.14670210264926503;0.0
GO:0001947;0.8048811255146895;0.0;0.0;0.0;0.0;0.0;0.0;0.0;0.0;0.0;0.0;0.0;0.0;0.0;0.0;1.0;0.0;0.0;0.0;0.0;0.0;0.0;0.0;0.0;0.0;0.0;0.0;0.0;0.2878102533911225;0.0;0.0;0.0;0.0;0.0;0.0;0.0;0.0;0.0;0.0;0.3170687549289394;0.0;0.0;0.0;0.0;0.0;0.0;0.0;0.0;0.0;0.0;0.30169804724232524;0.0;0.0;0.0;0.0;0.0;0.31686363918858695;0.0;0.0;0.0;0.0;0.25665193114168716;0.0;0.0;0.0;0.5626500981172565;0.0;0.33379327985407203;0.29956503797496076;0.0;0.0;0.33091645862998487;0.0;0.0;0.28132194192044313;0.0;0.0;0.0;0.0;0.0;0.0;0.0;0.0;0.0;0.2636055391609235;0.0;0.0;0.0;0.0;0.0;0.0;0.0;0.31702807512281467;0.0;0.28674811064168537;0.0;0.0;0.26296229991817327;0.0;0.0;0.0;0.0;0.0;0.0;0.0;0.28785639211732716;0.0;0.31657407546802174;0.0;0.0;0.0;0.0;0.0;0.0;0.0;0.23000090494141662;0.0;0.0;0.0;0.0;0.0;0.0;0.0;0.0;0.0;0.0;0.0;0.0;0.0;0.0;0.0;0.0;0.0;0.0;0.0;0.0;0.0;0.0;0.0;0.0;0.0;0.31845210192451806;0.275109216858767;0.0;0.0;0.0;0.3019924534887139;0.0;0.0;0.0;0.0;0.0;0.0;0.0;0.0;0.0;0.0
GO:2000111;0.0;0.3909758287078591;0.307551519951794;0.0;0.3018172203684342;0.18065944172242765;0.33448374617937604;0.2940403121824754;0.3517505870171642;0.3013115581613104;0.0;0.0;0.3770222089086777;0.0;0.0;0.0;1.0;0.0;0.41843911723766836;0.24590556756356155;0.3146024246720861;0.0;0.3683857125451646;0.0;0.26189491271493415;0.37962671113320956;0.4311639366012383;0.37840877610863216;0.0;0.36363187637391553;0.2708023204704076;0.0;0.0;0.5048808439579576;0.0;0.3498608568337074;0.403647584208129;0.30831013332440793;0.5651391130795036;0.0;0.3404434103589601;0.3982340825258584;0.41943563851515364;0.4787832946389547;0.501878049572941;0.4504231614046536;0.281884502069627;0.48789808333486034;0.42305442789083647;0.24232745057092023;0.0;0.4056423717866998;0.2662003377491496;0.0;0.0;0.3039741778544965;0.0;0.19184150217125792;0.31447781840982547;0.3320778986779024;0.332073866195789;0.0;0.28116469342897493;0.3217486675450489;0.37015508269846414;0.0;0.0;0.0;0.0;0.40612101210114887;0.217162683081316;0.0;0.0;0.2742581797252431;0.0;0.19756231988330847;0.6400848958567343;0.0;0.566598202834828;0.36605471568842674;0.32137937815780615;0.0;0.31964372644769007;0.3183666764753262;0.0;0.0;0.38201789090165106;0.0;0.0;0.0;0.0;0.0;0.0;0.3895482110460877;0.0;0.2800194305149606;0.2800383079298215;0.0;0.3940287330488766;0.3543611483626981;0.0;0.40329387878379797;0.32744514202462144;0.36806027661104773;0.0;0.0;0.4186226088827329;0.0;0.4242301117262654;0.0;0.0;0.368712824129083;0.0;0.32823378538146153;0.34342471627373655;0.0;0.4513861535232418;0.323380534901366;0.0;0.0;0.2940211843939908;0.2514291140558513;0.3659229135290961;0.38557754940334166;0.0;0.3857815598026501;0.0;0.0;0.37734032918379096;0.0;0.21128651404457152;0.20294345344622924;0.0;0.2904921418856599;0.0;0.3023589233416897;0.30660164007699775;0.0;0.0;0.392932655014337;0.5297286676827647;0.0;0.0;0.3253125195554727;0.13204022891332914;0.3037625268429633;0.0;0.0;0.0;0.3112758626557234;0.29782715894127043;0.2367990453029916;0.0;0.25669746444872954;0.5340347022862671;0.0;0.3219594151563428
GO:0019886;0.0;0.0;0.0;0.0;0.0;0.0;0.0;0.0;0.0;0.13973324000021398;0.0;0.0;0.0;0.0;0.0;0.0;0.0;1.0;0.0;0.0;0.0;0.0;0.0;0.0;0.0;0.0;0.0;0.0;0.0;0.0;0.0;0.0;0.0;0.0;0.0;0.0;0.0;0.0;0.0;0.0;0.0;0.0;0.0;0.0;0.0;0.0;0.0;0.0;0.0;0.0;0.0;0.0;0.0;0.0;0.0;0.0;0.0;0.0;0.0;0.15848733188222766;0.15848480222526254;0.0;0.0;0.0;0.1513533199923725;0.0;0.0;0.0;0.0;0.0;0.28306850617896234;0.0;0.0;0.0;0.2871047675226075;0.0;0.0;0.0;0.0;0.0;0.0;0.0;0.0;0.0;0.0;0.0;0.0;0.0;0.0;0.0;0.0;0.0;0.0;0.0;0.0;0.0;0.0;0.0;0.0;0.0;0.0;0.0;0.0;0.0;0.0;0.0;0.0;0.0;0.0;0.24702237887599857;0.1626429271302895;0.0;0.0;0.0;0.0;0.23210496587371032;0.0;0.0;0.0;0.0;0.0;0.0;0.0;0.0;0.0;0.0;0.0;0.0;0.0;0.0;0.0;0.0;0.0;0.0;0.0;0.0;0.0;0.0;0.0;0.0;0.0;0.0;0.0;0.0;0.0;0.0;0.0;0.0;0.0;0.0;0.0;0.0;0.3181192238819049;0.0;0.0;0.0;0.0
GO:0035556;0.0;0.5622786012849068;0.32407801791383245;0.0;0.3165451548216479;0.3759594697154504;0.3693874238422023;0.42052111552272364;0.39618370846614037;0.4580800948929951;0.3417656702552117;0.2632293531613842;0.43738226085320686;0.22092932465839954;0.15770072154952047;0.0;0.41843911723766836;0.0;1.0;0.24686457773775558;0.41677260424098544;0.3223775560572934;0.5167101445067435;0.3261333968116355;0.35772632718106573;0.44176908627260775;0.6493176153892058;0.3511593451243153;0.3446521656016771;0.3338789208363109;0.37455453444784825;0.0;0.3396844369500589;0.5156853438563179;0.2622143951282788;0.4809879688448035;0.5888645065134817;0.40580097290074457;0.6063116026998181;0.38009274548729577;0.6719511326134603;0.37493201907481927;0.9035601415415181;0.6076217498893681;0.5113960906625784;0.44095020049722344;0.24451892566169234;0.44306658237281726;0.4056871762081522;0.48114894972065975;0.3614649465757573;0.8601133380556581;0.3358698054517338;0.2865654554605201;0.0;0.26767720618059987;0.3798440282554884;0.1824599659571242;0.27893703268205855;0.5178695833065575;0.5178615448109393;0.3069930066813413;0.3600477692465694;0.4294073823668884;0.3414620398673605;0.0;0.17565404387161881;0.294729204072476;0.35888159008290166;0.9569327151109983;0.32281091601350664;0.0;0.0;0.38119823448495355;0.0;0.18895265868735164;0.5673834627059624;0.0;0.6086193810645066;0.5121358401101933;0.47876784946472467;0.0;0.28453503907243355;0.5360287442006287;0.3153900315217427;0.1463320144507278;0.7887889056309879;0.3227049363753562;0.15834623913670723;0.16967378504225317;0.29977366415203405;0.0;0.38004341807247033;0.5593306455386531;0.3433670165371848;0.3581718771537198;0.3582027628446821;0.3146130921676811;0.9158154610373539;0.32322283241119854;0.0;0.5881120296117508;0.35876180805143515;0.5160701157638666;0.1914085678198574;0.34470799380906414;0.9009607727337513;0.3794929182303676;0.4071723022334523;0.2917677158526025;0.19491503682796166;0.5173539277099526;0.0;0.2939329583069215;0.31083127909777775;0.2748489771541025;0.2302490152698101;0.4323189575533974;0.26322177660697815;0.1865216422072287;0.4204819941150016;0.33848143404015346;0.4189875087785891;0.35967639248467254;0.0;0.551597720344145;0.202329438416814;0.0;0.4379166241451954;0.0;0.30999526772844577;0.24106516920884494;0.19635791343097886;0.3754868908768854;0.0;0.3955535868929377;0.32825684620234863;0.340274936316628;0.1494799627141214;0.8212711850621527;0.5519811112740202;0.38177024761757433;0.3292909215922986;0.4357788247047039;0.2496455232309053;0.26745198581080243;0.36182154292703855;0.2854325922845713;0.2139677314839197;0.33497592422385086;0.31582774919249845;0.19933513594945068;0.0;0.21894313257072878;0.5584204471573518;0.28559337585582784;0.4800562582428818
GO:0042307;0.0;0.2341280906427585;0.20838860667352585;0.0;0.2050867323160288;0.14531941755050495;0.2686738475899893;0.23177376468718625;0.27970256159556395;0.2047946620078211;0.0;0.0;0.2954500716425077;0.0;0.0;0.0;0.24590556756356155;0.0;0.24686457773775558;1.0;0.1966088699656722;0.0;0.2233611116016896;0.0;0.21132787769159336;0.29704709196016515;0.2526389259481611;0.2198598422970184;0.0;0.2126110268251452;0.21708980956318816;0.0;0.0;0.2783626259404799;0.0;0.21432854279081526;0.24005202755737498;0.2357548337441989;0.3041850073233462;0.0;0.20966447620139889;0.2294431736241659;0.24731964266348558;0.2440841365421427;0.27704293670226837;0.2539207860543458;0.17079236966852607;0.20410992538762765;0.24121739169888912;0.15795973526927912;0.0;0.2409771500313896;0.1710886337584341;0.0;0.0;0.18238876934060644;0.0;0.16821029311665955;0.18782425141917797;0.22230167122891226;0.2222994112242219;0.0;0.21839483632153028;0.32720883136912554;0.21582226598923582;0.0;0.0;0.0;0.0;0.2411988310811515;0.16804014690049032;0.0;0.0;0.21930510810345943;0.0;0.1725924279049882;0.23528519052234528;0.0;0.3047950670505405;0.22223474586344089;0.2484320661887647;0.0;0.19047925422265655;0.19853459960229786;0.0;0.0;0.2298905288991383;0.0;0.0;0.0;0.0;0.0;0.0;0.2334555392130265;0.0;0.2555196217398526;0.25553403769491534;0.0;0.23556279568127175;0.20801625428479262;0.0;0.23988778025651855;0.2641135926872593;0.22320403178664222;0.0;0.0;0.2469484065568573;0.0;0.24176905909288457;0.0;0.0;0.22351894314576212;0.0;0.1948676860378908;0.20254861654184678;0.0;0.16335226922136387;0.20108681540569795;0.0;0.0;0.23176188006053705;0.20446042312600557;0.2885903765068725;0.22334375122491398;0.0;0.23167601055924752;0.0;0.0;0.2956453915028542;0.0;0.16450004009917849;0.13546492234265867;0.0;0.22442144209644144;0.0;0.19028764170875787;0.250384079878842;0.0;0.0;0.23504824734118776;0.28916134690463347;0.0;0.0;0.20206638136664062;0.11211308327295023;0.18227872728173408;0.0;0.0;0.0;0.25349265641190166;0.24450145927717457;0.14640404173795996;0.0;0.15728945416161325;0.291010953231234;0.0;0.2487785293855475
