;GO:0007094;GO:0043988;GO:1905342;GO:0030071;GO:0007093;GO:0007098;GO:0007052;GO:0015031;GO:0046777;GO:0042177;GO:0032091;GO:0007019;GO:0044878;GO:1990001;GO:0045892;GO:0031915;GO:0045132;GO:0034501;GO:0071897;GO:0072425;GO:0031110;GO:0007091;GO:0019886;GO:0071459;GO:0036089;GO:1900182;GO:0007062;GO:0090267;GO:0007063;GO:1901673;GO:0007140;GO:0007064;GO:1901796;GO:0051382;GO:1904668;GO:1904667;GO:0045736;GO:0009966;GO:0051973;GO:0051256;GO:0070194;GO:0071168;GO:0045860;GO:0045143;GO:0031145;GO:0000070;GO:0016321;GO:0018105;GO:0032436;GO:0016202;GO:0010389;GO:0016567;GO:0090307;GO:0090435;GO:0070507;GO:0007077;GO:1904355;GO:0008284;GO:0007079;GO:0006468;GO:0000122;GO:0050773;GO:0071392;GO:0000086;GO:0072520;GO:0000281;GO:0051383;GO:0019221;GO:0034644;GO:0032465;GO:0099606;GO:0032466;GO:0099607;GO:0032467;GO:0031577;GO:0016579;GO:0090129;GO:0006351;GO:0040020;GO:0034080;GO:0007517;GO:0000132;GO:0051310;GO:0001578;GO:0043066;GO:0097711;GO:0002903;GO:0032212;GO:0010800;GO:0007080;GO:0051754;GO:0051315;GO:0030951
GO:0007094;1.0;0.0756489985419312;0.13372919691842267;0.614557547914608;0.49384819487470494;0.13895552374911038;0.1598978852839539;0.0;0.08627727673153489;0.15244520667787115;0.10377039805601358;0.09149115841056574;0.5784470406618497;0.143143102009503;0.16825602741183968;0.1669305757144461;0.13898574249316567;0.0;0.07857698715876853;0.36582827939389617;0.23606053165568114;0.5678948181537591;0.0;0.0;0.13442706259265452;0.13372937179240063;0.13901336349948268;0.5274088765992291;0.3877904332062013;0.34413832145331286;0.12796746931099579;0.1677663992271715;0.16979270288142584;0.09583893471539244;0.12059232051299065;0.16780950522877;0.18846166852335108;0.17545531493331387;0.11914501644377852;0.16766936422155948;0.10214307618355253;0.0;0.1152924720768405;0.1367065356615542;0.07966135998651201;0.16235463771134453;0.134462852438689;0.08396943756607397;0.11828633892315886;0.1381879379499783;0.3290695134374619;0.08879497824015817;0.15061277339461693;0.0;0.23994439792340042;0.16248671380844915;0.20264034960592903;0.17558136515726525;0.1499779642011363;0.08747959712679335;0.164513792324853;0.18228367871447032;0.08624069096112238;0.17376803953427813;0.0;0.1767168385873468;0.1038675691775397;0.21316849544047972;0.0956643790885553;0.24410851855181387;0.0;0.3447088393884412;0.17678313500313408;0.22172533870813912;0.3958694457959732;0.08754907293510197;0.17955788861314306;0.07666014364654859;0.32426112716995925;0.08528469545494613;0.0;0.139710899212026;0.0;0.10209409550796926;0.22891313437587818;0.10366616379800866;0.20924011896530859;0.1787449840770843;0.12678316633644046;0.15704255146655544;0.12610048092788984;0.17985892665331352;0.09876791099114428
GO:0043988;0.0756489985419312;1.0;0.0;0.0;0.12892249148652574;0.25690740958625957;0.22875676723153243;0.0;0.772418598305014;0.0;0.0;0.21484532914414756;0.1049802448298992;0.0;0.0;0.0;0.15151403273189945;0.0;0.34849877790550216;0.10290731056201648;0.0;0.10848585004460495;0.0;0.0;0.24486619276135763;0.0;0.25706354015890726;0.0;0.0;0.0;0.22829261142385093;0.24494827218780624;0.0;0.22924350279636763;0.0;0.0;0.0;0.0;0.0;0.24474454405501905;0.2510987098065764;0.0;0.0;0.14791385169530977;0.4228383103295519;0.23374168462698397;0.14442204096988207;0.8523908667637545;0.0;0.0;0.0;0.6458621847542675;0.21046985660646858;0.0;0.0;0.23401146406581783;0.0;0.0;0.12336871065053467;0.7870741244270308;0.0;0.0;0.11682054616550676;0.15196442269347488;0.0;0.15576244513997717;0.2572899580618885;0.15136417251822998;0.1348091292452909;0.0;0.0;0.0;0.1558485231533274;0.0;0.14089589802335184;0.6335201687423369;0.0;0.33741927089803003;0.0;0.23296398595095796;0.0;0.19005390424273547;0.0;0.2509242318106038;0.0;0.15126229898014623;0.0;0.0;0.0;0.1314993786319668;0.22362900308257716;0.159875928658585;0.23924911704618912
GO:1905342;0.13372919691842267;0.0;1.0;0.24178550558429285;0.29061125946256017;0.0;0.0;0.0;0.0;0.27306242590867713;0.2856366437760839;0.0;0.21059951353149353;0.1313608703685499;0.17242500195567653;0.3388784466714545;0.0;0.0;0.0;0.20449259688053475;0.35451424408232196;0.2211962662945883;0.0;0.0;0.0;0.8385437668056884;0.0;0.22438924725131595;0.3264418840732831;0.24860121976749514;0.0;0.0;0.3540156721190466;0.0;0.2144308157538724;0.1716113433598937;0.13793340426127268;0.3865143096649899;0.20989706323993435;0.0;0.0;0.0;0.1982278430796318;0.0;0.0;0.0;0.0;0.0;0.207246650536423;0.3700798344972291;0.3400916582567595;0.0;0.0;0.0;0.3701364179200105;0.0;0.23924903350004306;0.48391654169514403;0.0;0.0;0.16570849796892334;0.2730727520599421;0.0;0.0;0.0;0.0;0.0;0.38593046712744783;0.0;0.3873297330242813;0.0;0.30301808390249174;0.0;0.3786265397076273;0.33853645395597703;0.0;0.3299993789098648;0.0;0.32607192734801405;0.0;0.0;0.0;0.0;0.0;0.32665579484192325;0.0;0.2648665510662223;0.19143753004207997;0.23481954622231713;0.0;0.0;0.0;0.0
GO:0030071;0.614557547914608;0.0;0.24178550558429285;1.0;0.37490271506868106;0.0;0.0;0.0;0.0;0.2059873593954901;0.19551951974302703;0.0;0.4140357459130648;0.1419092381545277;0.17870501377346706;0.30156976458628304;0.0;0.0;0.0;0.32529336024728606;0.4326315683548928;0.7661337752427784;0.0;0.0;0.0;0.24178607723888962;0.0;0.7880995581690832;0.6923036478119144;0.5646703995892479;0.0;0.0;0.3110417382139834;0.0;0.17800340692523367;0.17800497991492037;0.17697332566462687;0.3305867229837163;0.1748679362122221;0.0;0.0;0.0;0.1666927489552425;0.0;0.0;0.0;0.0;0.0;0.1730244609617788;0.25676444352012817;0.5951591882951834;0.0;0.0;0.0;0.4458580737443538;0.0;0.3082026536556179;0.3310344953941267;0.0;0.0;0.17289248286888642;0.3077694175680348;0.0;0.0;0.0;0.0;0.0;0.33024474622945366;0.0;0.4602521423470201;0.0;0.3866597344134333;0.0;0.38665755974175886;0.360331411887889;0.0;0.30007811457181655;0.0;0.5786800504075567;0.0;0.0;0.0;0.0;0.0;0.29374197569369653;0.0;0.2515158749183095;0.25612591430252585;0.19182994518744437;0.0;0.0;0.0;0.0
GO:0007093;0.49384819487470494;0.12892249148652574;0.29061125946256017;0.37490271506868106;1.0;0.32075257962685016;0.33501683872052446;0.0;0.163180314104219;0.30038217757428354;0.23956041263618236;0.18289323722320355;0.7507944532328029;0.21439085281281586;0.27611452506556633;0.36233555943274187;0.3209136399913892;0.0;0.13766472041539604;0.4622123972062758;0.37654661280208485;0.4986264563734604;0.0;0.0;0.2976102949973504;0.2906120853070125;0.3210609351040967;0.2863606900714298;0.4195711049707146;0.38430742176710214;0.26769414471483105;0.3715259074520416;0.3760963731548743;0.20113336395354237;0.1975597281914878;0.2749140805574339;0.28665815949892015;0.40505258980077424;0.193704915231717;0.3710503623662858;0.23106206016382577;0.0;0.18372384780502188;0.30901777975391376;0.14102800452323844;0.3459861490727077;0.29778577300575726;0.15511697440607433;0.19144545180389766;0.3125248134002384;0.5052691834823883;0.17242714259633266;0.29669397309846085;0.0;0.39055877896207286;0.34658650947472297;0.2184361537703467;0.40572501172716013;0.29424059063982566;0.16753534479546406;0.2661783308318221;0.3003921779224904;0.1630494891004689;0.4022960839572438;0.0;0.41846195570428296;0.24007891750810875;0.4917629997910138;0.2003660908744298;0.4851829967514996;0.0;0.5847881299922285;0.41883389244685504;0.39340708256898227;0.7901949656936736;0.16779034980108973;0.29166761578193007;0.13188713023113238;0.41916198884249595;0.15966569767365718;0.0;0.25716388561900766;0.0;0.23081156380543852;0.488560021910746;0.23900562962683738;0.40690761270558323;0.17787619705606392;0.21473785365568065;0.3227228399547512;0.25965228824565567;0.43651990610736696;0.21448187164414198
GO:0007098;0.13895552374911038;0.25690740958625957;0.0;0.0;0.32075257962685016;1.0;0.6194692973562111;0.0;0.20105611300037193;0.0;0.0;0.47187943570806673;0.2252947691929499;0.0;0.0;0.0;0.4436475584923841;0.0;0.1636776163775981;0.162972687703144;0.0;0.23759855628186546;0.0;0.0;0.6084080862637702;0.0;0.6746950140253063;0.0;0.0;0.0;0.5289028239291237;0.6088305134146346;0.0;0.4443214046730273;0.0;0.0;0.0;0.0;0.0;0.709067328804894;0.5344887319762947;0.0;0.0;0.4212303290050365;0.16845407873979268;0.5538301941508816;0.4006318547209001;0.18895399908453553;0.0;0.0;0.0;0.21528077433807166;0.530336437933262;0.0;0.0;0.5550937890761682;0.0;0.0;0.37096512834082085;0.20770867497042697;0.0;0.0;0.200857545128488;0.44654126973398606;0.0;0.47178295014824423;0.5633438610362619;0.3305677947234281;0.26066034842872515;0.0;0.0;0.0;0.4723730366796356;0.0;0.28441786224837023;0.20810078109676608;0.0;0.1555745481113486;0.0;0.33201449012357337;0.0;0.4444097474672701;0.0;0.6404229636031232;0.0;0.3300822934532784;0.0;0.0;0.0;0.33287113570054927;0.5084317798540021;0.5009335758905313;0.5802025074309419
GO:0007052;0.1598978852839539;0.22875676723153243;0.0;0.0;0.33501683872052446;0.6194692973562111;1.0;0.0;0.17282526776122228;0.0;0.0;0.5878259189665603;0.24730284650468168;0.0;0.0;0.0;0.3495619526565628;0.0;0.14446637502760495;0.14391693570758238;0.0;0.25910700679675597;0.0;0.0;0.489521290184236;0.0;0.6172886659933059;0.0;0.0;0.0;0.5071536242279532;0.648642817418232;0.0;0.43727002164946316;0.0;0.0;0.0;0.0;0.0;0.6503478674682044;0.5079187946293057;0.0;0.0;0.33549393083210205;0.14817468759520103;0.6006549622488372;0.32229589261265823;0.16380691269523345;0.0;0.0;0.0;0.1832323451729598;0.8782134640529384;0.0;0.0;0.5284704951862486;0.0;0.0;0.3766518310790031;0.17771804886395604;0.0;0.0;0.17267852755539084;0.43839381116929876;0.0;0.45766041225901316;0.5295125756041664;0.26058270938081024;0.21510625818158735;0.0;0.0;0.0;0.4581053302600254;0.0;0.23103178983565867;0.17800502056392425;0.0;0.13811693583902943;0.0;0.2864575053573174;0.0;0.6506235154191552;0.0;0.7550364283542801;0.0;0.26028092584685913;0.0;0.0;0.0;0.3455476563922395;0.49083610022325186;0.47934755230121906;0.6973898086899006
GO:0015031;0.0;0.0;0.0;0.0;0.0;0.0;0.0;1.0;0.0;0.0;0.0;0.0;0.0;0.0;0.0;0.0;0.0;0.405738356469418;0.0;0.0;0.0;0.0;0.0;0.42211422082910954;0.0;0.0;0.0;0.0;0.0;0.0;0.0;0.0;0.0;0.0;0.0;0.0;0.0;0.0;0.0;0.0;0.0;0.42211422082910954;0.0;0.0;0.0;0.0;0.0;0.0;0.0;0.0;0.0;0.0;0.0;0.42211514769754005;0.0;0.0;0.0;0.0;0.2597829919663164;0.0;0.0;0.0;0.0;0.0;0.0;0.0;0.0;0.0;0.0;0.0;0.33634150652528394;0.0;0.0;0.0;0.0;0.0;0.0;0.0;0.0;0.0;0.0;0.22432638233501023;0.33634150652528394;0.0;0.0;0.27135426897472026;0.0;0.0;0.0;0.28761054979353834;0.0;0.0;0.0
GO:0046777;0.08627727673153489;0.772418598305014;0.0;0.0;0.163180314104219;0.20105611300037193;0.17282526776122228;0.0;1.0;0.0;0.0;0.15958397720539377;0.12662726427148568;0.0;0.0;0.0;0.2011408525866871;0.0;0.41888487359393994;0.1236235396124052;0.0;0.13176300442132294;0.0;0.0;0.18873642906802557;0.0;0.20121833782364187;0.0;0.0;0.0;0.17237616671007458;0.1888191460154544;0.0;0.17329676746750314;0.0;0.0;0.0;0.0;0.0;0.188613866844399;0.19506622351443909;0.0;0.0;0.19484503317444232;0.5101139320424826;0.17768103420653747;0.1888309304360761;0.9120599211446692;0.0;0.0;0.0;0.8052589225802874;0.1555109159931929;0.0;0.0;0.17794553400271784;0.0;0.0;0.15438353344713893;0.9764610026424874;0.0;0.0;0.14426413547678668;0.20193537584287766;0.0;0.20869748969736646;0.20145370825256356;0.20087683033386028;0.17272687620459318;0.0;0.0;0.0;0.20885204458518886;0.0;0.18284776680733042;0.7861632874705728;0.0;0.40298009713966454;0.0;0.1416087895417454;0.0;0.1370593166189588;0.0;0.19488766455790085;0.0;0.2006974481532083;0.0;0.0;0.0;0.16733067964227244;0.16789210871168705;0.2161488236306362;0.18311593353673375
GO:0042177;0.15244520667787115;0.0;0.27306242590867713;0.2059873593954901;0.30038217757428354;0.0;0.0;0.0;0.0;1.0;0.22353603564713856;0.0;0.22855321259774747;0.41111488266976115;0.4528399434919919;0.2725033092962342;0.0;0.0;0.0;0.22277498087625952;0.28252332703124217;0.1908527492857729;0.0;0.0;0.0;0.2730631550256302;0.0;0.15904974894391477;0.26440323356033224;0.21091368580340517;0.0;0.0;0.28220659415534727;0.0;0.33980996518157347;0.5232530514694224;0.4298292900352373;0.30248071030667123;0.2977778891598383;0.0;0.0;0.0;0.3167611921798802;0.0;0.0;0.0;0.0;0.0;0.40115592546714507;0.2923216507161208;0.27328725825162764;0.0;0.0;0.0;0.29235695329123124;0.0;0.33438155746346193;0.3029492129164236;0.0;0.0;0.4370777573974985;0.228268946297329;0.0;0.0;0.0;0.0;0.0;0.30212302376626166;0.0;0.30297987999838616;0.0;0.3109126128830236;0.0;0.24882257493671428;0.3402240092155419;0.0;0.22196455583564043;0.0;0.2641604796429775;0.0;0.0;0.0;0.0;0.0;0.3305544459737559;0.0;0.27802768582777937;0.27418742963703663;0.3682751603084432;0.0;0.0;0.0;0.0
GO:0032091;0.10377039805601358;0.0;0.2856366437760839;0.19551951974302703;0.23956041263618236;0.0;0.0;0.0;0.0;0.22353603564713856;1.0;0.0;0.16825624962156882;0.17255126486083008;0.13576178944061099;0.28480949859382665;0.0;0.0;0.0;0.162993963634965;0.29984939067591315;0.17744635778069234;0.0;0.0;0.0;0.2856377233349171;0.0;0.14177969370341265;0.2729822402818061;0.2015663917818107;0.0;0.0;0.2993668618611499;0.0;0.18278014049030436;0.22886457522875125;0.181630728402781;0.3312354080127798;0.17866968492523153;0.0;0.0;0.0;0.16814175253499167;0.0;0.0;0.0;0.0;0.0;0.13026824080097762;0.31501337528998397;0.2859696528063984;0.0;0.0;0.0;0.3150688520543357;0.0;0.1518558874397135;0.3319961879245763;0.0;0.0;0.1301417776414878;0.22354539953351094;0.0;0.0;0.0;0.0;0.0;0.33065534112985423;0.0;0.3320460264177383;0.0;0.25102494288709715;0.0;0.25102278840491643;0.28448266820437274;0.0;0.21543685225470094;0.0;0.272632224277062;0.0;0.0;0.0;0.0;0.0;0.27318466885069337;0.0;0.21612789353507705;0.11975768771978922;0.14884275059534702;0.0;0.0;0.0;0.0
GO:0007019;0.09149115841056574;0.21484532914414756;0.0;0.0;0.18289323722320355;0.47187943570806673;0.5878259189665603;0.0;0.15958397720539377;0.0;0.0;1.0;0.1381850285627998;0.0;0.0;0.0;0.23195823098613866;0.0;0.1350962807418827;0.13461568478297586;0.0;0.1443237972362324;0.0;0.0;0.3657148686339072;0.0;0.4698044170652653;0.0;0.0;0.0;0.3938113322149148;0.43672976556950155;0.0;0.46044258786553627;0.0;0.0;0.0;0.0;0.0;0.4385216168162863;0.5268378647463114;0.0;0.0;0.22362538184865463;0.13833376089229343;0.40754235228927693;0.21573934466486983;0.15186372988475014;0.0;0.0;0.0;0.16841668376505825;0.5221934461563743;0.0;0.0;0.40822983259079887;0.0;0.0;0.2302237736719571;0.16374671338671812;0.0;0.0;0.1594588529606638;0.23301550737273563;0.0;0.24206598367652557;0.5467371643079497;0.23160717837919934;0.19497101450850082;0.0;0.0;0.0;0.24227393766302255;0.0;0.2079645875425679;0.16399030708740486;0.0;0.12952790673311282;0.0;0.31626690383785844;0.0;0.4540669048293372;0.0;0.6739530489868634;0.0;0.23136874650580946;0.0;0.0;0.0;0.18812300695825074;0.38228928501522064;0.25214814077041803;0.6276432546897491
GO:0044878;0.5784470406618497;0.1049802448298992;0.21059951353149353;0.4140357459130648;0.7507944532328029;0.2252947691929499;0.24730284650468168;0.0;0.12662726427148568;0.22855321259774747;0.16825624962156882;0.1381850285627998;1.0;0.1846295891541745;0.22864682036340983;0.2627341306725377;0.22537421768966134;0.0;0.11070484330926557;0.5861780525611631;0.2701264404374367;0.43399895389462867;0.0;0.0;0.21362680783640148;0.21059994722984368;0.22544685522640628;0.3335886868318087;0.35682393325650724;0.3397991762672634;0.1977625862311927;0.26664513203213086;0.26989465442532484;0.14834971023028762;0.1637192634260869;0.22782302634437074;0.24527076780899273;0.2844892265151147;0.16106306815375324;0.26640009159210765;0.16401926286899768;0.0;0.15410201267872098;0.21944158617199427;0.11286944782011839;0.25322933023378097;0.21371720733941685;0.1217174187891626;0.15949786589379175;0.22187353185304273;0.6190016511255163;0.13212563102882027;0.22577558858849342;0.0;0.2772624982011477;0.25355078556985494;0.17780138616745214;0.28482076667866496;0.22435207694003292;0.12923414713201048;0.22179088090345808;0.2285590020570125;0.12654847126425997;0.28213265992786796;0.0;0.2899892223274619;0.16851186410154098;0.34552071947496094;0.14793188936460736;0.3959942237874316;0.0;0.5290084728695739;0.2901677897968049;0.34027088129773153;0.5731165051650378;0.12938583096085682;0.22347284349520602;0.10693764154329995;0.35656936766973985;0.12450060827635893;0.0;0.20213162301727985;0.0;0.16389300150501354;0.3573083367671156;0.16798238563988832;0.31158159955979775;0.1499667662428802;0.17534332100063357;0.24053873188015076;0.19333885665826558;0.298547851907129;0.15548709414179981
GO:1990001;0.143143102009503;0.0;0.1313608703685499;0.1419092381545277;0.21439085281281586;0.0;0.0;0.0;0.0;0.41111488266976115;0.17255126486083008;0.0;0.1846295891541745;1.0;0.4200447382151901;0.16397717222466637;0.0;0.0;0.0;0.18189079788044318;0.16682651726887363;0.13596463265662673;0.0;0.0;0.0;0.1313610391033809;0.0;0.12205049331234025;0.16159314596085925;0.14376056224960623;0.0;0.0;0.16673808195337148;0.0;0.3299628550541337;0.5591157585451841;0.49237540813887964;0.1721955082421778;0.28141837412298604;0.0;0.0;0.0;0.31563966511790814;0.0;0.0;0.0;0.0;0.0;0.2979695070905127;0.13566054355006602;0.1642040113408325;0.0;0.0;0.0;0.16952108393612067;0.0;0.25032575346058866;0.1723169165497415;0.0;0.0;0.4108200606003268;0.1499808322021994;0.0;0.0;0.0;0.0;0.0;0.1721026790201662;0.0;0.1723248565194666;0.0;0.21818105881245045;0.0;0.1567910842220989;0.22809083353407453;0.0;0.14777384336319185;0.0;0.16152054597763654;0.0;0.0;0.0;0.0;0.0;0.41125889282538347;0.0;0.37647916850669366;0.2211627630007462;0.2953147154735816;0.0;0.0;0.0;0.0
GO:0045892;0.16825602741183968;0.0;0.17242500195567653;0.17870501377346706;0.27611452506556633;0.0;0.0;0.0;0.0;0.4528399434919919;0.13576178944061099;0.0;0.22864682036340983;0.4200447382151901;1.0;0.2151710129859216;0.0;0.0;0.0;0.22446126134997643;0.22010398018935864;0.16937927138920267;0.0;0.0;0.0;0.17242529267463877;0.0;0.14831543529887806;0.21108457447438422;0.18165083342106705;0.0;0.0;0.2199500662910475;0.0;0.2851649750848851;0.4511213198745932;0.38761166585913637;0.2295468727492733;0.4168437908186251;0.0;0.0;0.0;0.2703362858861852;0.0;0.0;0.0;0.0;0.0;0.2786821206001838;0.17990963545532765;0.21556176956238102;0.0;0.0;0.0;0.2248187506642741;0.0;0.33583333752906736;0.22976267179755847;0.0;0.0;0.9735606020461115;0.19169665940120303;0.0;0.0;0.0;0.0;0.0;0.2293819403927906;0.0;0.22977678834961104;0.0;0.2824334753927107;0.0;0.20296449985432216;0.2992644885745195;0.0;0.18810592056581527;0.0;0.2109607108203418;0.0;0.0;0.0;0.0;0.0;0.29383126246312263;0.0;0.26218898689347175;0.3913431747045368;0.30280880296148666;0.0;0.0;0.0;0.0
GO:0031915;0.1669305757144461;0.0;0.3388784466714545;0.30156976458628304;0.36233555943274187;0.0;0.0;0.0;0.0;0.2725033092962342;0.28480949859382665;0.0;0.2627341306725377;0.16397717222466637;0.2151710129859216;1.0;0.0;0.0;0.0;0.2551271148352486;0.4417984439547159;0.2759322091982566;0.0;0.0;0.0;0.33887956962420424;0.0;0.22408687543829495;0.406900048977326;0.3100548927872796;0.0;0.0;0.61562515117662;0.0;0.21415467049618772;0.2141569472974633;0.17217314163713657;0.6719758813444064;0.20963246451712578;0.0;0.0;0.0;0.19799183070856577;0.0;0.0;0.0;0.0;0.0;0.2069886878013542;0.3690535836721056;0.4238707169941823;0.0;0.0;0.0;0.4612129247292313;0.0;0.28880407097231636;0.48251242949045053;0.0;0.0;0.20679983864923934;0.34051323770833475;0.0;0.0;0.0;0.0;0.0;0.48083638387664135;0.0;0.4825746904847758;0.0;0.377769309110197;0.0;0.37776642326923465;0.4219373177242613;0.0;0.32934581492378057;0.0;0.40644003605292645;0.0;0.0;0.0;0.0;0.0;0.4071660295120077;0.0;0.33030068500668314;0.2311558581635589;0.23448843148768353;0.0;0.0;0.0;0.0
GO:0045132;0.13898574249316567;0.15151403273189945;0.0;0.0;0.3209136399913892;0.4436475584923841;0.3495619526565628;0.0;0.2011408525866871;0.0;0.0;0.23195823098613866;0.22537421768966134;0.0;0.0;0.0;1.0;0.0;0.16373377239895867;0.16302836097703724;0.0;0.23768692110768874;0.0;0.0;0.4005652031845988;0.0;0.44423768828342175;0.0;0.0;0.0;0.5277204111347428;0.40084349624052634;0.0;0.26210424760503176;0.0;0.0;0.0;0.0;0.0;0.4001531167907639;0.3153289059933882;0.0;0.0;0.9494373090684719;0.1685135606842289;0.5457729440209688;0.9029800006501781;0.1890288423854199;0.0;0.0;0.0;0.2153779315893394;0.29924138772842945;0.0;0.0;0.3654439346811063;0.0;0.0;0.2961341025977896;0.20779911633417675;0.0;0.0;0.20094211738053144;0.44685348713029643;0.33184288464373485;0.4721314764358799;0.3323642381380419;0.3307969293798506;0.2608027963072681;0.0;0.0;0.0;0.47272243567977346;0.0;0.28458746832606435;0.20819156432235916;0.0;0.15562528075185403;0.0;0.19582745381469926;0.0;0.25073838442448515;0.0;0.3148625688260125;0.0;0.33031075531629456;0.0;0.0;0.0;0.33304459950883136;0.5072844349716226;0.5013265203456907;0.28523761548468
GO:0034501;0.0;0.0;0.0;0.0;0.0;0.0;0.0;0.405738356469418;0.0;0.0;0.0;0.0;0.0;0.0;0.0;0.0;0.0;1.0;0.0;0.0;0.0;0.0;0.0;0.9577336337587063;0.0;0.0;0.0;0.0;0.0;0.0;0.0;0.0;0.0;0.0;0.0;0.0;0.0;0.0;0.0;0.0;0.0;0.8731640836970855;0.0;0.0;0.0;0.0;0.0;0.0;0.0;0.0;0.0;0.0;0.0;0.7885250772571497;0.0;0.0;0.0;0.0;0.26913233311646567;0.0;0.0;0.0;0.0;0.0;0.0;0.0;0.0;0.0;0.0;0.0;0.3521813633586253;0.0;0.0;0.0;0.0;0.0;0.0;0.0;0.0;0.0;0.0;0.23126371082151784;0.3521813633586253;0.0;0.0;0.38389817814493155;0.0;0.0;0.0;0.299114491793143;0.0;0.0;0.0
GO:0071897;0.07857698715876853;0.34849877790550216;0.0;0.0;0.13766472041539604;0.1636776163775981;0.14446637502760495;0.0;0.41888487359393994;0.0;0.0;0.1350962807418827;0.11070484330926557;0.0;0.0;0.0;0.16373377239895867;0.0;1.0;0.10840214927403674;0.0;0.11461030720128423;0.0;0.0;0.1554187714180718;0.0;0.16378511333888104;0.0;0.0;0.0;0.1441524337877002;0.1554748576644483;0.0;0.14479568594172657;0.0;0.0;0.0;0.0;0.0;0.1553356521145363;0.15968575977226912;0.0;0.0;0.15953749986937074;0.37420813837431594;0.14784374954143606;0.15548284738751644;0.40296366371487347;0.0;0.0;0.0;0.4366844406467559;0.1321658370776655;0.0;0.0;0.14802682940538153;0.0;0.0;0.13135064328176702;0.42732794813101455;0.0;0.0;0.12395314173216869;0.1642598667691038;0.0;0.1687063403615067;0.16394102232240945;0.16355877865386612;0.144397617939037;0.0;0.0;0.0;0.16880732364246806;0.0;0.15140353844781074;0.4278189965093193;0.0;0.8996468645489626;0.0;0.12198776266805811;0.0;0.11859658334361489;0.0;0.1595660796632696;0.0;0.1634398355199366;0.0;0.0;0.0;0.14060692159772173;0.14100313073991802;0.1735425063148338;0.1515873564763679
GO:0072425;0.36582827939389617;0.10290731056201648;0.20449259688053475;0.32529336024728606;0.4622123972062758;0.162972687703144;0.14391693570758238;0.0;0.1236235396124052;0.22277498087625952;0.162993963634965;0.13461568478297586;0.5861780525611631;0.18189079788044318;0.22446126134997643;0.2551271148352486;0.16302836097703724;0.0;0.10840214927403674;1.0;0.2620918845100076;0.31024266656551347;0.0;0.0;0.15478304841780674;0.2044930057909731;0.16307926041855975;0.26328150586440796;0.3467245318985643;0.29101092099023484;0.14360537533517126;0.15483867669150167;0.2618736762113073;0.1442437436593671;0.16073287898244207;0.2236672992997664;0.24148891997878802;0.2755916230694081;0.15817194473831467;0.15470060752355488;0.15901472567217215;0.0;0.15145333950065432;0.15886770861797206;0.11047679768296398;0.1472683712013947;0.15484660116106017;0.1189395561371872;0.15666216635131544;0.21510577713960463;0.45415087835928647;0.12885875446651576;0.13170582920437113;0.0;0.2688044756938056;0.14745002794230383;0.174284684114428;0.27590273788595177;0.1308962827756369;0.12610700083243176;0.2178504024550121;0.2227804812967862;0.2092925175410367;0.16354992476535904;0.0;0.1679575298356843;0.16323382784421342;0.38779725343913835;0.2436814002131345;0.3835943258470912;0.0;0.5147113783111302;0.16805761840268432;0.331074692981647;0.5081569601615781;0.12625142862733105;0.21794553207598463;0.10478747694646154;0.34648416777173147;0.12159577193748115;0.0;0.11822605074928788;0.0;0.15889604891942674;0.34719117416318424;0.16273694911479789;0.3038602606932697;0.14745717980208217;0.17192224663728314;0.14008639405606915;0.1404796709891701;0.1727502501863392;0.15098253008216334
GO:0031110;0.23606053165568114;0.0;0.35451424408232196;0.4326315683548928;0.37654661280208485;0.0;0.0;0.0;0.0;0.28252332703124217;0.29984939067591315;0.0;0.2701264404374367;0.16682651726887363;0.22010398018935864;0.4417984439547159;0.0;0.0;0.0;0.2620918845100076;1.0;0.39476361108448177;0.0;0.0;0.0;0.3545154730516178;0.0;0.3188182452474992;0.5904259339553982;0.6307943530897323;0.0;0.0;0.4624286183050835;0.0;0.2190406177419658;0.21904299961957502;0.1753171697642116;0.506991879477235;0.21431198735641216;0.0;0.0;0.0;0.20216091850503531;0.0;0.0;0.0;0.0;0.0;0.21154963945183214;0.387674410426842;0.4434489556643409;0.0;0.0;0.0;0.9538382093046616;0.0;0.34043911132842986;0.5080457870603241;0.0;0.0;0.21135238007140628;0.42212765726630574;0.0;0.0;0.0;0.0;0.0;0.5061880052328346;0.0;0.5081148122670398;0.0;0.3932426411008403;0.0;0.39323951401270013;0.44133327310653675;0.0;0.40779183943734604;0.0;0.5897289322939562;0.0;0.0;0.0;0.0;0.0;0.4251986993811416;0.0;0.3420691536651357;0.2711030559665129;0.24035897529269049;0.0;0.0;0.0;0.0
GO:0007091;0.5678948181537591;0.10848585004460495;0.2211962662945883;0.7661337752427784;0.4986264563734604;0.23759855628186546;0.25910700679675597;0.0;0.13176300442132294;0.1908527492857729;0.17744635778069234;0.1443237972362324;0.43399895389462867;0.13596463265662673;0.16937927138920267;0.2759322091982566;0.23768692110768874;0.0;0.11461030720128423;0.31024266656551347;0.39476361108448177;1.0;0.0;0.0;0.2246579757058701;0.22119674473589915;0.2377677135730631;0.6125355567789265;0.6348741139771057;0.5258517289896087;0.20718009565474046;0.28041940044314306;0.28384102718542653;0.15544800762944427;0.1687488515762945;0.16875026525494144;0.1692552385792954;0.30002810157069;0.1659283543225235;0.2801484025333422;0.17274035749111868;0.0;0.15855002985070318;0.23109783223389907;0.11693193366374564;0.265620204160469;0.2247579544583793;0.1264551632119046;0.16426765016682401;0.23366697103432782;0.4382973557668587;0.1377269234965798;0.23557342314018223;0.0;0.40574664493892304;0.26597390966286377;0.2907545560656724;0.30039687193449477;0.23402410419303388;0.13458799380335912;0.16414868832110682;0.2851559267912237;0.13167769259378806;0.41426785338847816;0.0;0.306354880919448;0.1777306816107106;0.36437543071545986;0.15498930786502105;0.4176518552042666;0.0;0.35614186115239704;0.3065541790981252;0.3561400162132682;0.3891737237882422;0.13475251371863;0.27854119897146556;0.11057745841740756;0.530712001976275;0.12946191204778973;0.0;0.2099492588278045;0.0;0.17260031796983855;0.2693642912829901;0.1771417871095787;0.23342733432799379;0.24395966452658333;0.1811250751761252;0.2516914387074322;0.20233018215215848;0.31592272508539615;0.16330283970512877
GO:0019886;0.0;0.0;0.0;0.0;0.0;0.0;0.0;0.0;0.0;0.0;0.0;0.0;0.0;0.0;0.0;0.0;0.0;0.0;0.0;0.0;0.0;0.0;1.0;0.0;0.0;0.0;0.0;0.0;0.0;0.0;0.0;0.0;0.0;0.0;0.0;0.0;0.0;0.0;0.0;0.0;0.0;0.0;0.0;0.0;0.0;0.0;0.0;0.0;0.0;0.0;0.0;0.0;0.0;0.0;0.0;0.0;0.0;0.0;0.0;0.0;0.0;0.0;0.0;0.0;0.0;0.0;0.0;0.0;0.0;0.0;0.0;0.0;0.0;0.0;0.0;0.0;0.0;0.0;0.0;0.0;0.0;0.0;0.0;0.0;0.0;0.0;0.0;0.0;0.0;0.0;0.0;0.0;0.0
GO:0071459;0.0;0.0;0.0;0.0;0.0;0.0;0.0;0.42211422082910954;0.0;0.0;0.0;0.0;0.0;0.0;0.0;0.0;0.0;0.9577336337587063;0.0;0.0;0.0;0.0;0.0;1.0;0.0;0.0;0.0;0.0;0.0;0.0;0.0;0.0;0.0;0.0;0.0;0.0;0.0;0.0;0.0;0.0;0.0;0.9116982560905579;0.0;0.0;0.0;0.0;0.0;0.0;0.0;0.0;0.0;0.0;0.0;0.8233240741280604;0.0;0.0;0.0;0.0;0.2780911917893083;0.0;0.0;0.0;0.0;0.0;0.0;0.0;0.0;0.0;0.0;0.0;0.3676815819140795;0.0;0.0;0.0;0.0;0.0;0.0;0.0;0.0;0.0;0.0;0.2378479637199808;0.3676815819140795;0.0;0.0;0.40238924601277526;0.0;0.0;0.0;0.3102218138237862;0.0;0.0;0.0
GO:0036089;0.13442706259265452;0.24486619276135763;0.0;0.0;0.2976102949973504;0.6084080862637702;0.489521290184236;0.0;0.18873642906802557;0.0;0.0;0.3657148686339072;0.21362680783640148;0.0;0.0;0.0;0.4005652031845988;0.0;0.1554187714180718;0.15478304841780674;0.0;0.2246579757058701;0.0;0.0;1.0;0.0;0.6091382344460465;0.0;0.0;0.0;0.4877528161605146;0.5549372436908317;0.0;0.409494843729693;0.0;0.0;0.0;0.0;0.0;0.5540664832514713;0.48488211223904404;0.0;0.0;0.3822003077139981;0.15971904120833605;0.508874798633839;0.36516499485200665;0.17803250771091061;0.0;0.0;0.0;0.20121716413237659;0.42384816139965165;0.0;0.0;0.592206879633432;0.0;0.0;0.2761786893682024;0.1945868377598647;0.0;0.0;0.1885614394965615;0.4029226963589847;0.0;0.4233611064153585;0.5085112360325995;0.2985291700987994;0.2403228908138815;0.0;0.0;0.0;0.42383621993152903;0.0;0.2603751757320523;0.1949309257289407;0.0;0.148094505956369;0.0;0.3121754480001764;0.0;0.35910877280777004;0.0;0.4842319179431631;0.0;0.2981331614592836;0.0;0.0;0.0;0.3080148667676991;0.4702906719976844;0.4466870838001808;0.44255558931855504
GO:1900182;0.13372937179240063;0.0;0.8385437668056884;0.24178607723888962;0.2906120853070125;0.0;0.0;0.0;0.0;0.2730631550256302;0.2856377233349171;0.0;0.21059994722984368;0.1313610391033809;0.17242529267463877;0.33887956962420424;0.0;0.0;0.0;0.2044930057909731;0.3545154730516178;0.22119674473589915;0.0;0.0;0.0;1.0;0.0;0.22438964128301767;0.3264429261154327;0.24860182410523277;0.0;0.0;0.3540168976340393;0.0;0.21443117558724772;0.1716116313415724;0.13793359030354868;0.38651577051269975;0.20989740801810114;0.0;0.0;0.0;0.1982281505875498;0.0;0.0;0.0;0.0;0.0;0.207246986662389;0.3700811737561946;0.34009278926443454;0.0;0.0;0.0;0.3701377575885405;0.0;0.23924948144795394;0.483918374300277;0.0;0.0;0.16570876648012833;0.273073481232041;0.0;0.0;0.0;0.0;0.0;0.38593192356516587;0.0;0.38733120004236116;0.0;0.3030189817664332;0.0;0.3786276615961628;0.33853757464332146;0.0;0.33000023113371646;0.0;0.32607296702960464;0.0;0.0;0.0;0.0;0.0;0.32665683825018077;0.0;0.26486723707157767;0.19143781684339184;0.23481997773702737;0.0;0.0;0.0;0.0
GO:0007062;0.13901336349948268;0.25706354015890726;0.0;0.0;0.3210609351040967;0.6746950140253063;0.6172886659933059;0.0;0.20121833782364187;0.0;0.0;0.4698044170652653;0.22544685522640628;0.0;0.0;0.0;0.44423768828342175;0.0;0.16378511333888104;0.16307926041855975;0.0;0.2377677135730631;0.0;0.0;0.6091382344460465;0.0;1.0;0.0;0.0;0.0;0.6148679475284106;0.9022616175923488;0.0;0.6164800098049656;0.0;0.0;0.0;0.0;0.0;0.6085112172842867;0.7417422231089066;0.0;0.0;0.42176229200309673;0.16856794340921796;0.73278589872087;0.40111303330988957;0.1890972752102114;0.0;0.0;0.0;0.2154667765169726;0.5283899511620689;0.0;0.0;0.5557015155000583;0.0;0.0;0.2962595245161198;0.2078818174412212;0.0;0.0;0.2010194495466692;0.4471391281148108;0.0;0.47245035977835065;0.7818396269797268;0.33100655733046785;0.2609330807342067;0.0;0.0;0.0;0.47304211807422697;0.0;0.28474260674119084;0.20827457816426545;0.0;0.1556716618290853;0.0;0.3322753011429915;0.0;0.44271433765226226;0.0;0.6378187893035298;0.0;0.33051976734234945;0.0;0.0;0.0;0.3332032437495974;0.7533256630928662;0.5016860754188973;0.5777745738398875
GO:0090267;0.5274088765992291;0.0;0.22438924725131595;0.7880995581690832;0.2863606900714298;0.0;0.0;0.0;0.0;0.15904974894391477;0.14177969370341265;0.0;0.3335886868318087;0.12205049331234025;0.14831543529887806;0.22408687543829495;0.0;0.0;0.0;0.26328150586440796;0.3188182452474992;0.6125355567789265;0.0;0.0;0.0;0.22438964128301767;0.0;1.0;0.517944100279031;0.44297553212028734;0.0;0.0;0.22927496017416693;0.0;0.2057152450043428;0.14783292379357518;0.15129800237644914;0.2397220635666881;0.20269682839627234;0.0;0.0;0.0;0.194741153824507;0.0;0.0;0.0;0.0;0.0;0.2009137202976167;0.1877125478760661;0.4419545869265042;0.0;0.0;0.0;0.32594375776207496;0.0;0.31428037885072213;0.3339125149096462;0.0;0.0;0.14428943944327843;0.2376375450901365;0.0;0.0;0.0;0.0;0.0;0.23954219085326647;0.0;0.3336154754818845;0.0;0.2931696713379308;0.0;0.4557837754834073;0.26780024991988455;0.0;0.30933271811761204;0.0;0.4330260705135608;0.0;0.0;0.0;0.0;0.0;0.21973574180817104;0.0;0.1952185184626658;0.2694894302270697;0.2188134163808241;0.0;0.0;0.0;0.0
GO:0007063;0.3877904332062013;0.0;0.3264418840732831;0.6923036478119144;0.4195711049707146;0.0;0.0;0.0;0.0;0.26440323356033224;0.2729822402818061;0.0;0.35682393325650724;0.16159314596085925;0.21108457447438422;0.406900048977326;0.0;0.0;0.0;0.3467245318985643;0.5904259339553982;0.6348741139771057;0.0;0.0;0.0;0.3264429261154327;0.0;0.517944100279031;1.0;0.5368467723422643;0.0;0.0;0.42433541355828747;0.0;0.21010638156987155;0.21010857310494216;0.202729122919709;0.46156361943191826;0.2057517930678433;0.0;0.0;0.0;0.19452660925254725;0.0;0.0;0.0;0.0;0.0;0.2032043977091855;0.3543516511757551;0.5676271725161889;0.0;0.0;0.0;0.615337981238719;0.0;0.37007602914304033;0.4624369582779074;0.0;0.0;0.20302238770229294;0.39505282146912957;0.0;0.0;0.0;0.0;0.0;0.46089725630965794;0.0;0.6429694874583263;0.0;0.5079197583622126;0.0;0.507916005822906;0.4860635191623152;0.0;0.38246958921170676;0.0;0.6978460982523835;0.0;0.0;0.0;0.0;0.0;0.39277729438841014;0.0;0.32076821369928044;0.2974545002067443;0.2296435803487771;0.0;0.0;0.0;0.0
GO:1901673;0.34413832145331286;0.0;0.24860121976749514;0.5646703995892479;0.38430742176710214;0.0;0.0;0.0;0.0;0.21091368580340517;0.2015663917818107;0.0;0.3397991762672634;0.14376056224960623;0.18165083342106705;0.3100548927872796;0.0;0.0;0.0;0.29101092099023484;0.6307943530897323;0.5258517289896087;0.0;0.0;0.0;0.24860182410523277;0.0;0.44297553212028734;0.5368467723422643;1.0;0.0;0.0;0.3200762383129842;0.0;0.1809259519003478;0.1809275769664878;0.1793826406050412;0.3408109617908258;0.17768761320453744;0.0;0.0;0.0;0.16925301528924747;0.0;0.0;0.0;0.0;0.0;0.1757845315115964;0.2644642481370537;0.4926405966883006;0.0;0.0;0.0;0.6506575053874171;0.0;0.2755179736961565;0.3412868794491831;0.0;0.0;0.17564831088739477;0.3151301454279394;0.0;0.0;0.0;0.0;0.0;0.3404475165496598;0.0;0.4745077937659596;0.0;0.39667143313739495;0.0;0.39666914439144707;0.3704623952600775;0.0;0.30707136351945635;0.0;0.5945069438244657;0.0;0.0;0.0;0.0;0.0;0.30178645192994397;0.0;0.2573906354161994;0.22826992286561343;0.1952284790054804;0.0;0.0;0.0;0.0
GO:0007140;0.12796746931099579;0.22829261142385093;0.0;0.0;0.26769414471483105;0.5289028239291237;0.5071536242279532;0.0;0.17237616671007458;0.0;0.0;0.3938113322149148;0.1977625862311927;0.0;0.0;0.0;0.5277204111347428;0.0;0.1441524337877002;0.14360537533517126;0.0;0.20718009565474046;0.0;0.0;0.4877528161605146;0.0;0.6148679475284106;0.0;0.0;0.0;1.0;0.5667540243776517;0.0;0.4358508568871835;0.0;0.0;0.0;0.0;0.0;0.487350714032484;0.5060050045166254;0.0;0.0;0.5065623589802117;0.1478444407833856;0.524964847416274;0.5653644748698381;0.16340340396173367;0.0;0.0;0.0;0.18272760726656295;0.4455646599536312;0.0;0.0;0.4528816215683317;0.0;0.0;0.25022821364301073;0.1772431941878118;0.0;0.0;0.17223018782490582;0.34997176288844156;0.2602066135947209;0.36528913191469;0.5274329328685649;0.2595630664654855;0.21441097827509464;0.0;0.0;0.0;0.36564278880541273;0.0;0.23022993979223574;0.17752863315393724;0.0;0.13782995680504015;0.0;0.2857300370372015;0.0;0.38305452697321335;0.0;0.5054116682635277;0.0;0.2592636386720578;0.0;0.0;0.0;0.2760826098699788;0.6322421405439852;0.38252453917121854;0.4669579387338496
GO:0007064;0.1677663992271715;0.24494827218780624;0.0;0.0;0.3715259074520416;0.6088305134146346;0.648642817418232;0.0;0.1888191460154544;0.0;0.0;0.43672976556950155;0.26664513203213086;0.0;0.0;0.0;0.40084349624052634;0.0;0.1554748576644483;0.15483867669150167;0.0;0.28041940044314306;0.0;0.0;0.5549372436908317;0.0;0.9022616175923488;0.0;0.0;0.0;0.5667540243776517;1.0;0.0;0.5678808196251564;0.0;0.0;0.0;0.0;0.0;0.6447824264890392;0.6724960795203778;0.0;0.0;0.38245365961182515;0.15977827467595804;0.7559510166267978;0.36539625859137925;0.17810610653153752;0.0;0.0;0.0;0.201311185305543;0.5615802024489104;0.0;0.0;0.5934029552249344;0.0;0.0;0.3447586546999695;0.19467476346341073;0.0;0.0;0.18864400309724025;0.5030859685765001;0.0;0.5286239386925532;0.7052907696526334;0.2987361686550535;0.24045702063244412;0.0;0.0;0.0;0.5292176186743979;0.0;0.26053262999946547;0.1950191627360245;0.0;0.14814542965521263;0.0;0.3123088659186822;0.0;0.47576821266357333;0.0;0.5783544275235434;0.0;0.29833961100928097;0.0;0.0;0.0;0.38452153563232633;0.696488864936829;0.5577721616945959;0.5285471042790231
GO:1901796;0.16979270288142584;0.0;0.3540156721190466;0.3110417382139834;0.3760963731548743;0.0;0.0;0.0;0.0;0.28220659415534727;0.2993668618611499;0.0;0.26989465442532484;0.16673808195337148;0.2199500662910475;0.61562515117662;0.0;0.0;0.0;0.2618736762113073;0.4624286183050835;0.28384102718542653;0.0;0.0;0.0;0.3540168976340393;0.0;0.22927496017416693;0.42433541355828747;0.3200762383129842;0.0;0.0;1.0;0.0;0.21888818690848574;0.21889056547212304;0.17521950615995968;0.9037872109479322;0.21416606462010648;0.0;0.0;0.0;0.20203106872803267;0.0;0.0;0.0;0.0;0.0;0.2114074529308313;0.38707828503886227;0.44282464426663154;0.0;0.0;0.0;0.4837423216671348;0.0;0.24481128867286908;0.507226510286227;0.0;0.0;0.2112104585013692;0.35263869073374854;0.0;0.0;0.0;0.0;0.0;0.505374704441365;0.0;0.5072953130366902;0.0;0.39275161516867635;0.0;0.3927484958849627;0.44071490048905265;0.0;0.3406757489626959;0.0;0.4238351578330908;0.0;0.0;0.0;0.0;0.0;0.4246246846875326;0.0;0.3416975486033759;0.1949823290257607;0.24017544202909713;0.0;0.0;0.0;0.0
GO:0051382;0.09583893471539244;0.22924350279636763;0.0;0.0;0.20113336395354237;0.4443214046730273;0.43727002164946316;0.0;0.17329676746750314;0.0;0.0;0.46044258786553627;0.14834971023028762;0.0;0.0;0.0;0.26210424760503176;0.0;0.14479568594172657;0.1442437436593671;0.0;0.15544800762944427;0.0;0.0;0.409494843729693;0.0;0.6164800098049656;0.0;0.0;0.0;0.4358508568871835;0.5678808196251564;0.0;1.0;0.0;0.0;0.0;0.0;0.0;0.4883603161939718;0.5921415905011422;0.0;0.0;0.2515141697616429;0.14852114195136684;0.5257199850193645;0.24158219185671645;0.16423042845648247;0.0;0.0;0.0;0.18376242659490194;0.5071638643054488;0.0;0.0;0.3800164481381236;0.0;0.0;0.187934241597645;0.1782166618296419;0.0;0.0;0.17314922584170936;0.2634549958677629;0.0;0.2750834992964145;0.7881767809612759;0.2616561059314703;0.2158371666661129;0.0;0.0;0.0;0.2753520830223944;0.0;0.2318751433604943;0.1785052473748396;0.0;0.13841790564960887;0.0;0.5074315960360465;0.0;0.32973417840534913;0.0;0.5093302960864723;0.0;0.2613518325050922;0.0;0.0;0.0;0.20747637966281005;0.4897788936968403;0.28817801090658;0.47030098894135003
GO:1904668;0.12059232051299065;0.0;0.2144308157538724;0.17800340692523367;0.1975597281914878;0.0;0.0;0.0;0.0;0.33980996518157347;0.18278014049030436;0.0;0.1637192634260869;0.3299628550541337;0.2851649750848851;0.21415467049618772;0.0;0.0;0.0;0.16073287898244207;0.2190406177419658;0.1687488515762945;0.0;0.0;0.0;0.21443117558724772;0.0;0.2057152450043428;0.21010638156987155;0.1809259519003478;0.0;0.0;0.21888818690848574;0.0;1.0;0.5616056467868171;0.38952477800634255;0.22839055209705375;0.6121626588503;0.0;0.0;0.0;0.7430012018618526;0.0;0.0;0.0;0.0;0.0;0.5455377087265467;0.17902199840443872;0.21454174105768917;0.0;0.0;0.0;0.2237094592653402;0.0;0.4832319825963454;0.3181139162235163;0.0;0.0;0.27764868351709115;0.19088956284247066;0.0;0.0;0.0;0.0;0.0;0.22822727662665251;0.0;0.22861815602706392;0.0;0.20206078271248304;0.0;0.2811763277696748;0.21404531140143757;0.0;0.260677083612897;0.0;0.20998366292214884;0.0;0.0;0.0;0.0;0.0;0.21017727656537322;0.0;0.18763725173064297;0.4162547550867841;0.6500776902833724;0.0;0.0;0.0;0.0
GO:1904667;0.16780950522877;0.0;0.1716113433598937;0.17800497991492037;0.2749140805574339;0.0;0.0;0.0;0.0;0.5232530514694224;0.22886457522875125;0.0;0.22782302634437074;0.5591157585451841;0.4511213198745932;0.2141569472974633;0.0;0.0;0.0;0.2236672992997664;0.21904299961957502;0.16875026525494144;0.0;0.0;0.0;0.1716116313415724;0.0;0.14783292379357518;0.21010857310494216;0.1809275769664878;0.0;0.0;0.21889056547212304;0.0;0.5616056467868171;1.0;0.6736042616599622;0.228393141660768;0.36628521074090886;0.0;0.0;0.0;0.4296527295808363;0.0;0.0;0.0;0.0;0.0;0.33101726805808573;0.17902398646157877;0.21454402609678536;0.0;0.0;0.0;0.22371194376491912;0.0;0.3054617003597659;0.2286067758854775;0.0;0.0;0.4392307188084001;0.1908913718229919;0.0;0.0;0.0;0.0;0.0;0.22822986248913224;0.0;0.22862075075466873;0.0;0.2811775821785097;0.0;0.20206198397447772;0.29785482435708704;0.0;0.1873304576826399;0.0;0.20998585189789618;0.0;0.0;0.0;0.0;0.0;0.2924722030306039;0.0;0.26110633781496895;0.2631236238400772;0.3883920800055153;0.0;0.0;0.0;0.0
