;GO:0007094;GO:0043988;GO:1905342;GO:0030071;GO:0007093;GO:0007098;GO:0007052;GO:0015031;GO:0046777;GO:0042177;GO:0032091;GO:0007019;GO:0044878;GO:1990001;GO:0045892;GO:0031915;GO:0045132;GO:0034501;GO:0071897;GO:0072425;GO:0031110;GO:0007091;GO:0019886;GO:0071459;GO:0036089;GO:1900182;GO:0007062;GO:0090267;GO:0007063;GO:1901673;GO:0007140;GO:0007064;GO:1901796;GO:0051382;GO:1904668;GO:1904667;GO:0045736;GO:0009966;GO:0051973;GO:0051256;GO:0070194;GO:0071168;GO:0045860;GO:0045143;GO:0031145;GO:0000070;GO:0016321;GO:0018105;GO:0032436;GO:0016202;GO:0010389;GO:0016567;GO:0090307;GO:0090435;GO:0070507;GO:0007077;GO:1904355;GO:0008284;GO:0007079;GO:0006468;GO:0000122;GO:0050773;GO:0071392;GO:0000086;GO:0072520;GO:0000281;GO:0051383;GO:0019221;GO:0034644;GO:0032465;GO:0099606;GO:0032466;GO:0099607;GO:0032467;GO:0031577;GO:0016579;GO:0090129;GO:0006351;GO:0040020;GO:0034080;GO:0007517;GO:0000132;GO:0051310;GO:0001578;GO:0043066;GO:0097711;GO:0002903;GO:0032212;GO:0010800;GO:0007080;GO:0051754;GO:0051315;GO:0030951
GO:0007094;1.0;0.08037818480401453;0.15474633281413913;0.6233507933183471;0.5322752792018335;0.14737579905031387;0.16631015541232771;0.0;0.09105994470094858;0.17219318691488744;0.11153455721556368;0.10090040673382412;0.6080369568692686;0.16805106987714652;0.19210091576347543;0.20115872584827107;0.1485434299899652;0.0;0.08204239232290407;0.4038792409209931;0.2714914300228934;0.5913909948747007;0.0;0.0;0.1429433321323334;0.15459607278142493;0.14711116213233918;0.5376343341247334;0.4128774520651271;0.3705728774822154;0.13630774343825408;0.17424965466041262;0.20333427026127832;0.10504702235371462;0.14327784458781695;0.19613618039412056;0.21186306288187803;0.20991709467862102;0.14045499909262074;0.1742209248842013;0.11220196491243672;0.0;0.1362530896670022;0.14630447107542324;0.08496170484366111;0.16913354381283663;0.14402265750079615;0.08876350536287711;0.1409184101542491;0.15982115985625403;0.35659120113824333;0.09366002358627773;0.15688185979172012;0.0;0.2755963390601184;0.169435726845831;0.22368906515014855;0.21000822937803754;0.15717081441098235;0.09222671538614201;0.18783801480826387;0.2143334665268374;0.0950778609003412;0.18144008591069594;0.0;0.18451422668893028;0.1137483051962649;0.2636320272312361;0.10577804350733254;0.2777259097387983;0.0;0.3803340089738514;0.18472639497698917;0.2520571830089554;0.44289170578960624;0.09244042224300682;0.21037855263341648;0.0797603657399879;0.35462760074743677;0.09435508273294849;0.0;0.1459153732068098;0.0;0.11196819222634467;0.2688045704094757;0.11438589997031993;0.24772940313451225;0.1970464354449027;0.14940385725543287;0.16416745811199948;0.13451476036893645;0.18761082473287977;0.1086943183694997
GO:0043988;0.08037818480401453;1.0;0.0;0.0;0.1290347711655114;0.26133665966852776;0.23506039853100485;0.0;0.8003478683150657;0.0;0.0;0.22229986309860972;0.1078296515829186;0.0;0.0;0.0;0.15572082229902307;0.0;0.38332917727746313;0.10490410389437534;0.0;0.1118090708385906;0.0;0.0;0.2508264483377016;0.0;0.2607029253489095;0.0;0.0;0.0;0.23549668298119095;0.2500540786772791;0.0;0.2343131412807508;0.0;0.0;0.0;0.0;0.0;0.24999899478479776;0.2557597896476055;0.0;0.0;0.15255717411673708;0.47209957928768975;0.24034023501094373;0.14936744280548575;0.8692025652017903;0.0;0.0;0.0;0.686429420659012;0.21783235493945713;0.0;0.0;0.24090870392969752;0.0;0.0;0.12872545622081658;0.8133338892495396;0.0;0.0;0.12139724411455029;0.1556575458177102;0.0;0.15925256409166952;0.26051905600254627;0.14832055936261948;0.13940232620495277;0.0;0.0;0.0;0.1595022872661257;0.0;0.13939061640294245;0.6751036756600969;0.0;0.37029646060271554;0.0;0.23861127504669866;0.0;0.1985411616689503;0.0;0.2550442149798452;0.0;0.15474941594073888;0.0;0.0;0.0;0.13623599196324757;0.23143522165378266;0.16291809322408377;0.24512950370967423
GO:1905342;0.15474633281413913;0.0;1.0;0.2741176256956751;0.31402611238036987;0.0;0.0;0.0;0.0;0.2955113343428691;0.30005447526616996;0.0;0.23533497293800798;0.14641433406521145;0.1819438181657066;0.3700518929507826;0.0;0.0;0.0;0.22573564249046926;0.3879989568374907;0.24883978607231122;0.0;0.0;0.0;0.8576271141626147;0.0;0.2578181848519302;0.3602850630604701;0.28124143419701236;0.0;0.0;0.3798666440658588;0.0;0.23370540401772136;0.18852050544484247;0.15286830605605678;0.41151393930221797;0.2259132851250219;0.0;0.0;0.0;0.2147078923709117;0.0;0.0;0.0;0.0;0.0;0.22717756389852584;0.4109135231907871;0.3744565074899816;0.0;0.0;0.0;0.40290249258328553;0.0;0.25865805524705593;0.5139994359111856;0.0;0.0;0.17520172993616204;0.30149844647370383;0.0;0.0;0.0;0.0;0.0;0.40316196664614995;0.0;0.4216242138423671;0.0;0.3339333970516006;0.0;0.4155125409770502;0.35943121261786376;0.0;0.36153348442348265;0.0;0.36036978950239507;0.0;0.0;0.0;0.0;0.0;0.352504073301543;0.0;0.2938190439417342;0.20819490736787882;0.2513958191242137;0.0;0.0;0.0;0.0
GO:0030071;0.6233507933183471;0.0;0.2741176256956751;1.0;0.41007614066846715;0.0;0.0;0.0;0.0;0.22762259745315272;0.20748115061708602;0.0;0.44036566232455127;0.16745380479722818;0.20178461625888117;0.3536766155337725;0.0;0.0;0.0;0.3526237279462423;0.4845092495040224;0.7724352795242888;0.0;0.0;0.0;0.2736464840551522;0.0;0.7963259949345689;0.7198608176140242;0.5990178078051722;0.0;0.0;0.36045738166522573;0.0;0.20679575966611954;0.20791253523522943;0.20116887041663187;0.38167525285995507;0.2009662030561362;0.0;0.0;0.0;0.19247329102308164;0.0;0.0;0.0;0.0;0.0;0.2019162735047451;0.29045500640246574;0.6292929395731357;0.0;0.0;0.0;0.49773981549591495;0.0;0.3316107147744774;0.3819766439824218;0.0;0.0;0.19543082630220837;0.35375895153030834;0.0;0.0;0.0;0.0;0.0;0.37616926482288765;0.0;0.508882928748479;0.0;0.4297229943661807;0.0;0.42885878389172827;0.4006377078886206;0.0;0.3431128642870631;0.0;0.6183464040468762;0.0;0.0;0.0;0.0;0.0;0.3413063203197106;0.0;0.2974814657470854;0.27624013365226746;0.21980386340707403;0.0;0.0;0.0;0.0
GO:0007093;0.5322752792018335;0.1290347711655114;0.31402611238036987;0.41007614066846715;1.0;0.316849325678133;0.3286796458773527;0.0;0.15897140826594633;0.31582158268895355;0.24174145427778299;0.1915919772398657;0.7779285134801301;0.24273366299580013;0.2963167593166159;0.4041608956893079;0.322296028939041;0.0;0.13337809525713873;0.5115208104430703;0.4203374334296206;0.5419697265971327;0.0;0.0;0.29704626527926287;0.31340795304611974;0.31562862887608045;0.31936338204484194;0.45735927027634743;0.4193154030828995;0.2697569997077006;0.36120557173584716;0.4130399110223933;0.2071161474019895;0.22308931784390257;0.30602863587905255;0.3098466291867624;0.441141012073822;0.21631997867513506;0.36108214181433435;0.23690157582876953;0.0;0.20651144940100485;0.3119384340636599;0.14126945489632778;0.3398930427593446;0.30174544969653055;0.15210157973921806;0.21742116270784437;0.33565453693169534;0.5347151233248038;0.1670682925972531;0.29378605386201445;0.0;0.43357330044588255;0.3411156282276273;0.24448784079801994;0.44154368344794964;0.29480100502241047;0.16256177523580645;0.2862945913679955;0.33986598813400204;0.17163380580565502;0.3935341524190121;0.0;0.40828815518384265;0.24390230915073954;0.5491920507979644;0.20997727296864926;0.5206620414826064;0.0;0.6202803929225315;0.40932845945531765;0.4280876978145438;0.8226855818328347;0.16322691052237592;0.3284515273613285;0.1274499422975574;0.45744915129997066;0.16929280450086667;0.0;0.257539351188765;0.0;0.23586183699637062;0.5292840942254817;0.2468527107406466;0.45334363920883614;0.20076988172869867;0.2383034111511202;0.3204146961396858;0.2628239645433429;0.42376524123954684;0.2217897174328121
GO:0007098;0.14737579905031387;0.26133665966852776;0.0;0.0;0.316849325678133;1.0;0.6420974450135667;0.0;0.19875643768531417;0.0;0.0;0.5010452383242306;0.23067537394276336;0.0;0.0;0.0;0.46978511529602957;0.0;0.1602993822280248;0.1705815560619327;0.0;0.24511308714406824;0.0;0.0;0.6431418003859094;0.0;0.7012364077845086;0.0;0.0;0.0;0.5629975404997362;0.6388267135122732;0.0;0.4752678372447449;0.0;0.0;0.0;0.0;0.0;0.7309867325512674;0.5726712908407523;0.0;0.0;0.44809773576128376;0.17183561715343945;0.5871226810697038;0.427360135506537;0.18813266979113202;0.0;0.0;0.0;0.21157660608854167;0.5530809166600569;0.0;0.0;0.5900234134240334;0.0;0.0;0.38568781840824806;0.2044006703148071;0.0;0.0;0.21895242319062624;0.4693398300163713;0.0;0.4954276864132281;0.5970953210640595;0.3255275505553029;0.2854480518892444;0.0;0.0;0.0;0.497301523289071;0.0;0.2853989582237138;0.20545334779608868;0.0;0.15181275073332665;0.0;0.36496129679597866;0.0;0.46721204082186973;0.0;0.6657265362280778;0.0;0.35818634420234163;0.0;0.0;0.0;0.35221612474982006;0.5435486514982599;0.5237902047414764;0.6106173772236306
GO:0007052;0.16631015541232771;0.23506039853100485;0.0;0.0;0.3286796458773527;0.6420974450135667;1.0;0.0;0.17370620694671254;0.0;0.0;0.6123033926290582;0.2495357376206424;0.0;0.0;0.0;0.3717553631186533;0.0;0.143597896183915;0.15179432425202613;0.0;0.2632649763654515;0.0;0.0;0.5209212169573024;0.0;0.6456197159348066;0.0;0.0;0.0;0.5400313321973691;0.6737134623781502;0.0;0.467317873467836;0.0;0.0;0.0;0.0;0.0;0.6675464746666462;0.5442475850245867;0.0;0.0;0.3580425376942667;0.1527865582780355;0.6288047336563438;0.3446784149880049;0.16553657568362812;0.0;0.0;0.0;0.18341948181668116;0.8821386160227985;0.0;0.0;0.5555157150018292;0.0;0.0;0.38711828855796426;0.1780019822909403;0.0;0.0;0.18893714972744702;0.45388033532056465;0.0;0.4736196339051842;0.5627370767588097;0.26333115887374103;0.23647216585811529;0.0;0.0;0.0;0.47502007006877106;0.0;0.2364384725101868;0.17879977783858694;0.0;0.13674979741474072;0.0;0.3156804400136338;0.0;0.6648759511364337;0.0;0.7741537229549141;0.0;0.28430041935796824;0.0;0.0;0.0;0.35931106181974487;0.5244629029600476;0.49457317055747035;0.7217658758077136
GO:0015031;0.0;0.0;0.0;0.0;0.0;0.0;0.0;1.0;0.0;0.0;0.0;0.0;0.0;0.0;0.0;0.0;0.0;0.39420288117177854;0.0;0.0;0.0;0.0;0.0;0.40904905275879533;0.0;0.0;0.0;0.0;0.0;0.0;0.0;0.0;0.0;0.0;0.0;0.0;0.0;0.0;0.0;0.0;0.0;0.4090408190653329;0.0;0.0;0.0;0.0;0.0;0.0;0.0;0.0;0.0;0.0;0.0;0.4089451212138519;0.0;0.0;0.0;0.0;0.25307903900151313;0.0;0.0;0.0;0.0;0.0;0.0;0.0;0.0;0.0;0.0;0.0;0.3321326331897189;0.0;0.0;0.0;0.0;0.0;0.0;0.0;0.0;0.0;0.0;0.2169276097540332;0.33174910369440913;0.0;0.0;0.2516936337315072;0.0;0.0;0.0;0.27874509164543615;0.0;0.0;0.0
GO:0046777;0.09105994470094858;0.8003478683150657;0.0;0.0;0.15897140826594633;0.19875643768531417;0.17370620694671254;0.0;1.0;0.0;0.0;0.16204627420296425;0.1279676131009506;0.0;0.0;0.0;0.20151787076521632;0.0;0.44954120479431336;0.12386806556782194;0.0;0.13361109381937045;0.0;0.0;0.18856330686597944;0.0;0.19813508953460535;0.0;0.0;0.0;0.1741105381801503;0.18782350319746705;0.0;0.17301456163008405;0.0;0.0;0.0;0.0;0.0;0.18777078970270245;0.1933183813918591;0.0;0.0;0.19625121684260122;0.5578977160446292;0.17862505793483588;0.191004101963823;0.9253305293165569;0.0;0.0;0.0;0.8308360630969409;0.1580385549010215;0.0;0.0;0.17915802186364513;0.0;0.0;0.15850218021171916;0.9804408562649994;0.0;0.0;0.14753593818561528;0.2014119151010076;0.0;0.2074721499750871;0.19795497731546094;0.18929556583920593;0.1750065538486824;0.0;0.0;0.0;0.20789619487691763;0.0;0.17498809907095317;0.8143011914974098;0.0;0.4317220440406627;0.0;0.14580283620576873;0.0;0.14115940953142858;0.0;0.1926254576023749;0.0;0.1998940478599957;0.0;0.0;0.0;0.17004505163262423;0.17036119466388214;0.21373714506551478;0.18313586600700793
GO:0042177;0.17219318691488744;0.0;0.2955113343428691;0.22762259745315272;0.31582158268895355;0.0;0.0;0.0;0.0;1.0;0.2257028810401803;0.0;0.24848835070399644;0.44105703855149403;0.4669636804380561;0.2900659656173438;0.0;0.0;0.0;0.23981195754726603;0.3009786784324435;0.20991566249081883;0.0;0.0;0.0;0.2949638551735417;0.0;0.17906925416065048;0.284030558391254;0.23251316076877504;0.0;0.0;0.2960620116918523;0.0;0.3676493644682212;0.5522735972781877;0.4585107235600453;0.314938875665558;0.32160452652979865;0.0;0.0;0.0;0.3411605879372389;0.0;0.0;0.0;0.0;0.0;0.42281765189106757;0.3145870848358779;0.2927653224853598;0.0;0.0;0.0;0.30987016329253886;0.0;0.3619815121898448;0.31520827128403384;0.0;0.0;0.4516581408867798;0.24618810667174781;0.0;0.0;0.0;0.0;0.0;0.31002362109983034;0.0;0.3208266279971033;0.0;0.3318533904329337;0.0;0.26681996486242904;0.35183939971265277;0.0;0.23831296891410675;0.0;0.2840832128283039;0.0;0.0;0.0;0.0;0.0;0.34646919166643075;0.0;0.29914928682398234;0.2991706461579077;0.3918456878079988;0.0;0.0;0.0;0.0
GO:0032091;0.11153455721556368;0.0;0.30005447526616996;0.20748115061708602;0.24174145427778299;0.0;0.0;0.0;0.0;0.2257028810401803;1.0;0.0;0.17527044057272603;0.171865841101067;0.132579963716349;0.2918580028033208;0.0;0.0;0.0;0.16745660639071278;0.30843615012617015;0.18636891639709566;0.0;0.0;0.0;0.29922363115226197;0.0;0.15209742717239383;0.28294513494850276;0.2135122475001909;0.0;0.0;0.30089171458579234;0.0;0.18200382093567063;0.22507030015987772;0.1799047079497366;0.3305590891011045;0.1754912342808225;0.0;0.0;0.0;0.16618331341853265;0.0;0.0;0.0;0.0;0.0;0.13268990658723226;0.32998844663923854;0.29590248575746764;0.0;0.0;0.0;0.3224037926396894;0.0;0.15263487968383482;0.33099654886366553;0.0;0.0;0.12731989056634446;0.23086164859691738;0.0;0.0;0.0;0.0;0.0;0.32264861060167477;0.0;0.3402141089522053;0.0;0.2592718534620762;0.0;0.25847521812868895;0.2821695470420311;0.0;0.22078172538406518;0.0;0.28302212699274226;0.0;0.0;0.0;0.0;0.0;0.2758986085710588;0.0;0.22424947075049062;0.12085870148072729;0.1479973597987257;0.0;0.0;0.0;0.0
GO:0007019;0.10090040673382412;0.22229986309860972;0.0;0.0;0.1915919772398657;0.5010452383242306;0.6123033926290582;0.0;0.16204627420296425;0.0;0.0;1.0;0.14829175754418317;0.0;0.0;0.0;0.2569818798610025;0.0;0.1355358738747646;0.14281446774576753;0.0;0.15592367254019204;0.0;0.0;0.40079349440800166;0.0;0.5047602869775262;0.0;0.0;0.0;0.42952733868608994;0.47187585504277435;0.0;0.49078834336862953;0.0;0.0;0.0;0.0;0.0;0.46638019080269094;0.5580061362493526;0.0;0.0;0.24847833726919083;0.14369243749500077;0.44329928163549853;0.24012627476326456;0.15491408105094734;0.0;0.0;0.0;0.1704677082568434;0.5458234065380158;0.0;0.0;0.4385475299184017;0.0;0.0;0.24589660259907895;0.16577850642291853;0.0;0.0;0.17522354932071793;0.25680959813797005;0.0;0.26674420615737454;0.5805717298626121;0.23743213444756353;0.21537531587689843;0.0;0.0;0.0;0.2674455579029525;0.0;0.21534736589802936;0.16647028121158494;0.0;0.12941875763291677;0.0;0.3456294223589829;0.0;0.47714410685545067;0.0;0.6963270123185914;0.0;0.2543470388027847;0.0;0.0;0.0;0.2079097013802465;0.41821345856738024;0.2771903005995506;0.6536526289108259
GO:0044878;0.6080369568692686;0.1078296515829186;0.23533497293800798;0.44036566232455127;0.7779285134801301;0.23067537394276336;0.2495357376206424;0.0;0.1279676131009506;0.24848835070399644;0.17527044057272603;0.14829175754418317;1.0;0.21211115862620483;0.2519187161569326;0.3043748781481921;0.23354883229687082;0.0;0.11084605492099425;0.6153345960077542;0.3134598576674958;0.4752571101214581;0.0;0.0;0.21999774344361414;0.2349876318721774;0.23002769468137085;0.359034920577224;0.3922804521425079;0.37190485552314717;0.2046637858357276;0.26784716608703946;0.3093835727407004;0.15742461698515628;0.1889048730289408;0.25890400014206094;0.26937470203558894;0.3248853413490916;0.18402847599725197;0.26777928886784896;0.1740583383016949;0.0;0.176881369585752;0.22806145689040624;0.11624245409179787;0.2559464148507755;0.2225647816493045;0.1234782604394354;0.18482483117456058;0.24727580810638433;0.6312253637311545;0.13316263433457975;0.2288956304747501;0.0;0.3207621092110033;0.25663905415755917;0.2040257094155699;0.32510369057747424;0.22951127004639424;0.13028389920853342;0.2446379581732538;0.26641827060918516;0.13604709341647314;0.2852219652409708;0.0;0.2928929757180971;0.17780812097866125;0.40624228505941173;0.1590720861313398;0.43205768762449853;0.0;0.5631000509369429;0.29342794900202285;0.3729691199199357;0.6232594796485568;0.1307107754002965;0.2593529542406079;0.10672067408035063;0.3923388252111679;0.13457205115566373;0.0;0.2062762614390151;0.0;0.1734964060561086;0.4025583474943843;0.1793710209865975;0.3570663890567124;0.17265232452881185;0.1997008018041052;0.24474284460317308;0.20064808146704757;0.30077332297210363;0.16576014641880976
GO:1990001;0.16805106987714652;0.0;0.14641433406521145;0.16745380479722818;0.24273366299580013;0.0;0.0;0.0;0.0;0.44105703855149403;0.171865841101067;0.0;0.21211115862620483;1.0;0.4526251538455276;0.19042755998245067;0.0;0.0;0.0;0.20766530286171195;0.19394429814777814;0.1598951173036202;0.0;0.0;0.0;0.14627981227237646;0.0;0.14536507105545649;0.18842518010083645;0.16945122155861314;0.0;0.0;0.19237605506229608;0.0;0.36333755912532134;0.5935515226408763;0.5251352900130603;0.19825820467713598;0.31119168516414386;0.0;0.0;0.0;0.34617848431117215;0.0;0.0;0.0;0.0;0.0;0.3329610076905384;0.1509493782904693;0.19130971257042698;0.0;0.0;0.0;0.1967151067387967;0.0;0.286387958881335;0.19833949521890273;0.0;0.0;0.4429541167632933;0.174843063019215;0.0;0.0;0.0;0.0;0.0;0.19676220738189673;0.0;0.20001850674282726;0.0;0.2491464179697681;0.0;0.18247688839294446;0.25673644068549284;0.0;0.17177208017483592;0.0;0.18844283136808684;0.0;0.0;0.0;0.0;0.0;0.43183040312802495;0.0;0.39961288473524104;0.25350928228006425;0.3300547712730189;0.0;0.0;0.0;0.0
GO:0045892;0.19210091576347543;0.0;0.1819438181657066;0.20178461625888117;0.2963167593166159;0.0;0.0;0.0;0.0;0.4669636804380561;0.132579963716349;0.0;0.2519187161569326;0.4526251538455276;1.0;0.23610946357405832;0.0;0.0;0.0;0.2456721089034409;0.24153990970550054;0.19090955085294498;0.0;0.0;0.0;0.18173613406725694;0.0;0.17055490295183082;0.2330388898535538;0.20469210547507172;0.0;0.0;0.23911231492965723;0.0;0.31499617547995823;0.4822018682557588;0.41873336152135954;0.24826768758202808;0.4478517765654955;0.0;0.0;0.0;0.29783121042716887;0.0;0.0;0.0;0.0;0.0;0.3092088227255328;0.18899993158025727;0.23746713223316138;0.0;0.0;0.0;0.24585267308114886;0.0;0.36661625666405906;0.24839517372962028;0.0;0.0;0.9753063251973928;0.21261225518849475;0.0;0.0;0.0;0.0;0.0;0.24592624757038098;0.0;0.25103424068386304;0.0;0.30592927912129386;0.0;0.22400786330511527;0.31745323846068146;0.0;0.20808836044648812;0.0;0.23306588989623647;0.0;0.0;0.0;0.0;0.0;0.31440522353639216;0.0;0.28595150895107935;0.42406746119117483;0.330127819025357;0.0;0.0;0.0;0.0
GO:0031915;0.20115872584827107;0.0;0.3700518929507826;0.3536766155337725;0.4041608956893079;0.0;0.0;0.0;0.0;0.2900659656173438;0.2918580028033208;0.0;0.3043748781481921;0.19042755998245067;0.23610946357405832;1.0;0.0;0.0;0.0;0.2921349288567068;0.4970759370476372;0.3215697638940579;0.0;0.0;0.0;0.36919378550942766;0.0;0.2677464268707306;0.4623653656584181;0.3627066803300356;0.0;0.0;0.6548379525914673;0.0;0.2429995719315578;0.2445430642038785;0.1987409106485354;0.7080036803389447;0.23498970659002485;0.0;0.0;0.0;0.22346016398532986;0.0;0.0;0.0;0.0;0.0;0.2362897419565057;0.4004599234018417;0.4801294622141305;0.0;0.0;0.0;0.5156927600923867;0.0;0.3149842565388985;0.5270076661214522;0.0;0.0;0.22745652680468764;0.38834043168073834;0.0;0.0;0.0;0.0;0.0;0.5160165789434097;0.0;0.5390304354002138;0.0;0.42924992893981784;0.0;0.42812040473395924;0.4612940538073258;0.0;0.3735087696282268;0.0;0.46247166430966935;0.0;0.0;0.0;0.0;0.0;0.4525984860646224;0.0;0.3786303378665395;0.2541766943748715;0.26116103943201974;0.0;0.0;0.0;0.0
GO:0045132;0.1485434299899652;0.15572082229902307;0.0;0.0;0.322296028939041;0.46978511529602957;0.3717553631186533;0.0;0.20151787076521632;0.0;0.0;0.2569818798610025;0.23354883229687082;0.0;0.0;0.0;1.0;0.0;0.16209077117464799;0.17261158280738184;0.0;0.24836002645237515;0.0;0.0;0.4275262823371382;0.0;0.46710660149466354;0.0;0.0;0.0;0.5393344517089383;0.42459288355157837;0.0;0.28570542969362744;0.0;0.0;0.0;0.0;0.0;0.4243845293246939;0.3456545332994311;0.0;0.0;0.952705184596413;0.17389578207500697;0.5541137793432505;0.9075863223224104;0.19060495262094973;0.0;0.0;0.0;0.21470857021668063;0.31933961471456473;0.0;0.0;0.39147873423227875;0.0;0.0;0.32080648259919703;0.20732231991357597;0.0;0.0;0.22230829354038803;0.48139049167873604;0.3037333460819466;0.5088744221142025;0.36076312809646893;0.3330012101875713;0.2911784671116556;0.0;0.0;0.0;0.5108515604882454;0.0;0.2911273827108158;0.20840538558881608;0.0;0.1534185299009671;0.0;0.21839662620324324;0.0;0.2690488998784933;0.0;0.34344551787568245;0.0;0.3672557188960253;0.0;0.0;0.0;0.35895955272766783;0.5203452134410855;0.5388440139953785;0.3143986715259827
GO:0034501;0.0;0.0;0.0;0.0;0.0;0.0;0.0;0.39420288117177854;0.0;0.0;0.0;0.0;0.0;0.0;0.0;0.0;0.0;1.0;0.0;0.0;0.0;0.0;0.0;0.9595823593366413;0.0;0.0;0.0;0.0;0.0;0.0;0.0;0.0;0.0;0.0;0.0;0.0;0.0;0.0;0.0;0.0;0.0;0.8784816712560009;0.0;0.0;0.0;0.0;0.0;0.0;0.0;0.0;0.0;0.0;0.0;0.7961054113868579;0.0;0.0;0.0;0.0;0.2609289418883991;0.0;0.0;0.0;0.0;0.0;0.0;0.0;0.0;0.0;0.0;0.0;0.34841140561914347;0.0;0.0;0.0;0.0;0.0;0.0;0.0;0.0;0.0;0.0;0.22191530276467444;0.3479796121002936;0.0;0.0;0.37079717474333496;0.0;0.0;0.0;0.2890006788102627;0.0;0.0;0.0
GO:0071897;0.08204239232290407;0.38332917727746313;0.0;0.0;0.13337809525713873;0.1602993822280248;0.143597896183915;0.0;0.44954120479431336;0.0;0.0;0.1355358738747646;0.11084605492099425;0.0;0.0;0.0;0.16209077117464799;0.0;1.0;0.10775688518355413;0.0;0.11505557278122748;0.0;0.0;0.15360269682330097;0.0;0.1598949748465258;0.0;0.0;0.0;0.14387409867343423;0.15311143183165285;0.0;0.14312490967927669;0.0;0.0;0.0;0.0;0.0;0.15307640025377606;0.15674331293547758;0.0;0.0;0.15866584978434695;0.4111815011094002;0.14694294739011685;0.1552184447626264;0.4349165097295737;0.0;0.0;0.0;0.46636880346187726;0.1327208085625447;0.0;0.0;0.14730342705710525;0.0;0.0;0.13304763337438189;0.4570567288058567;0.0;0.0;0.125233980696567;0.16202221314898557;0.0;0.16592091646940688;0.1597776564232772;0.1540882484738537;0.14448538229632857;0.0;0.0;0.0;0.16619200851374014;0.0;0.1444728030099925;0.45843956348173026;0.0;0.9086665446601122;0.0;0.1239830169924488;0.0;0.12060932164834738;0.0;0.1562874735665433;0.0;0.16103853474456906;0.0;0.0;0.0;0.14108674358808954;0.1413043093511367;0.16990368305292108;0.14998191592627547
GO:0072425;0.4038792409209931;0.10490410389437534;0.22573564249046926;0.3526237279462423;0.5115208104430703;0.1705815560619327;0.15179432425202613;0.0;0.12386806556782194;0.23981195754726603;0.16745660639071278;0.14281446774576753;0.6153345960077542;0.20766530286171195;0.2456721089034409;0.2921349288567068;0.17261158280738184;0.0;0.10775688518355413;1.0;0.30049389081924205;0.3562480297808875;0.0;0.0;0.16301848580951403;0.22541604040093854;0.17012367862078526;0.28927283214832816;0.3767585702415224;0.3217907797520651;0.1521029912397167;0.16246525455373015;0.29674583858334747;0.1512659008800695;0.18411719604858495;0.2523107074633526;0.26353321782276684;0.3109779081589066;0.17948181259064636;0.16242581251241237;0.16656037972247373;0.0;0.17267697137178284;0.16873294978053827;0.11284978116663165;0.15553711474797022;0.16483956892336815;0.11965701299392047;0.18023922290183905;0.23669951844138976;0.4732465353803456;0.12872924273348718;0.13969241506056343;0.0;0.3071980749458825;0.1559410517827231;0.19845220745206682;0.31117795790732466;0.14005452363907686;0.1260370628829777;0.2387429778113039;0.25699344383346007;0.21916045755444544;0.17253383830777502;0.0;0.17696174192103264;0.16999087627899534;0.4456503782767622;0.25478612876166407;0.4133036185181084;0.0;0.5418388482275147;0.1772701462644947;0.35891047142447885;0.5565146628124209;0.1264365204053388;0.25041299796403493;0.10385419289054765;0.37681241493555284;0.13004591022650344;0.0;0.12633912560739521;0.0;0.16604574617341503;0.38684065250858946;0.17141882113877546;0.344645587945941;0.16864429049823013;0.19435799408763843;0.1489911200490153;0.14923376788759615;0.18149944001314786;0.15894607875997027
GO:0031110;0.2714914300228934;0.0;0.3879989568374907;0.4845092495040224;0.4203374334296206;0.0;0.0;0.0;0.0;0.3009786784324435;0.30843615012617015;0.0;0.3134598576674958;0.19394429814777814;0.24153990970550054;0.4970759370476372;0.0;0.0;0.0;0.30049389081924205;1.0;0.43913604061202544;0.0;0.0;0.0;0.38705570277473383;0.0;0.36371188221243117;0.6402616208755175;0.6654420555755609;0.0;0.0;0.5105749093081994;0.0;0.2487554465207342;0.2503731688708906;0.20257449709302794;0.5542156526270627;0.24036818005139002;0.0;0.0;0.0;0.22831835007736262;0.0;0.0;0.0;0.0;0.0;0.2417285794623132;0.42156177196344363;0.503131875647008;0.0;0.0;0.0;0.9606132459235459;0.0;0.3649120068621836;0.5548513568332116;0.0;0.0;0.23249199222755487;0.4701184770275312;0.0;0.0;0.0;0.0;0.0;0.5426816023770564;0.0;0.5681941798631442;0.0;0.44754263089085183;0.0;0.44631492256412975;0.4824872732297388;0.0;0.45150137909893373;0.0;0.6404155989462715;0.0;0.0;0.0;0.0;0.0;0.47298258228905354;0.0;0.39279189952794946;0.29298130667491207;0.267821229193737;0.0;0.0;0.0;0.0
GO:0007091;0.5913909948747007;0.1118090708385906;0.24883978607231122;0.7724352795242888;0.5419697265971327;0.24511308714406824;0.2632649763654515;0.0;0.13361109381937045;0.20991566249081883;0.18636891639709566;0.15592367254019204;0.4752571101214581;0.1598951173036202;0.19090955085294498;0.3215697638940579;0.24836002645237515;0.0;0.11505557278122748;0.3562480297808875;0.43913604061202544;1.0;0.0;0.0;0.23309185388349107;0.24845146939331886;0.24438192413641083;0.6244848802278027;0.6556637146467986;0.5540408300885419;0.21594935843400903;0.28372941649696787;0.3271655521525605;0.16605288291794965;0.19538910877680657;0.19638578477939259;0.19175777256542972;0.3445505398397963;0.19017681612643117;0.28365325207786607;0.18466772525008635;0.0;0.18255405715122439;0.2421638178512446;0.12088039373808163;0.27041057918529315;0.23597556528192776;0.128724601436931;0.19102739518518005;0.26222939178404114;0.47435146418512913;0.13928458594363843;0.2403952647734175;0.0;0.4499768887028068;0.27118383432004745;0.311800841103134;0.34479613226368866;0.2410744090240415;0.1361382024825719;0.18521250526823219;0.3258460348394829;0.1424435046126238;0.4104738124051025;0.0;0.3119902130566551;0.18889411057688218;0.43051131779197893;0.16788694492358155;0.4586161938933362;0.0;0.39331916193959277;0.3125972957430273;0.39259504860375805;0.4488608835603618;0.13660437257508537;0.31679220133597225;0.11061718240654977;0.5631936833917248;0.14082732397048509;0.0;0.2155692785843563;0.0;0.18403532674555467;0.3113109079299255;0.19065894072478173;0.27443444948929685;0.2623549415358194;0.2069616086365019;0.2579358048544962;0.2114834076174469;0.3209474059244253;0.17535416754429506
GO:0019886;0.0;0.0;0.0;0.0;0.0;0.0;0.0;0.0;0.0;0.0;0.0;0.0;0.0;0.0;0.0;0.0;0.0;0.0;0.0;0.0;0.0;0.0;1.0;0.0;0.0;0.0;0.0;0.0;0.0;0.0;0.0;0.0;0.0;0.0;0.0;0.0;0.0;0.0;0.0;0.0;0.0;0.0;0.0;0.0;0.0;0.0;0.0;0.0;0.0;0.0;0.0;0.0;0.0;0.0;0.0;0.0;0.0;0.0;0.0;0.0;0.0;0.0;0.0;0.0;0.0;0.0;0.0;0.0;0.0;0.0;0.0;0.0;0.0;0.0;0.0;0.0;0.0;0.0;0.0;0.0;0.0;0.0;0.0;0.0;0.0;0.0;0.0;0.0;0.0;0.0;0.0;0.0;0.0
GO:0071459;0.0;0.0;0.0;0.0;0.0;0.0;0.0;0.40904905275879533;0.0;0.0;0.0;0.0;0.0;0.0;0.0;0.0;0.0;0.9595823593366413;0.0;0.0;0.0;0.0;0.0;1.0;0.0;0.0;0.0;0.0;0.0;0.0;0.0;0.0;0.0;0.0;0.0;0.0;0.0;0.0;0.0;0.0;0.0;0.9154825152809127;0.0;0.0;0.0;0.0;0.0;0.0;0.0;0.0;0.0;0.0;0.0;0.8296278693741821;0.0;0.0;0.0;0.0;0.2690897569895062;0.0;0.0;0.0;0.0;0.0;0.0;0.0;0.0;0.0;0.0;0.0;0.363115958315222;0.0;0.0;0.0;0.0;0.0;0.0;0.0;0.0;0.0;0.0;0.22779070172754334;0.3626469728875708;0.0;0.0;0.38749727939523193;0.0;0.0;0.0;0.2990456924905473;0.0;0.0;0.0
GO:0036089;0.1429433321323334;0.2508264483377016;0.0;0.0;0.29704626527926287;0.6431418003859094;0.5209212169573024;0.0;0.18856330686597944;0.0;0.0;0.40079349440800166;0.21999774344361414;0.0;0.0;0.0;0.4275262823371382;0.0;0.15360269682330097;0.16301848580951403;0.0;0.23309185388349107;0.0;0.0;1.0;0.0;0.6398770793234869;0.0;0.0;0.0;0.5227516537525201;0.5875035789730467;0.0;0.4416151194767806;0.0;0.0;0.0;0.0;0.0;0.5872443022383484;0.5245101168260777;0.0;0.0;0.4094902318389389;0.16416343634383482;0.5434873862448919;0.39210280804071973;0.17897498359190622;0.0;0.0;0.0;0.20006419660376648;0.45317922679553285;0.0;0.0;0.6254479118941013;0.0;0.0;0.2957805104904549;0.1936360729591984;0.0;0.0;0.2066466920720928;0.42715747249634695;0.0;0.44865930101827334;0.5449255837204815;0.29905095441453805;0.26488385384588076;0.0;0.0;0.0;0.45019550735050173;0.0;0.2648415784535582;0.1945805370681649;0.0;0.14579305828269426;0.0;0.3447853730191412;0.0;0.38653968097834024;0.0;0.5215094122899643;0.0;0.3263901409744849;0.0;0.0;0.0;0.32791502233252057;0.5059424773137534;0.4717946934871028;0.4816727251879241
GO:1900182;0.15459607278142493;0.0;0.8576271141626147;0.2736464840551522;0.31340795304611974;0.0;0.0;0.0;0.0;0.2949638551735417;0.29922363115226197;0.0;0.2349876318721774;0.14627981227237646;0.18173613406725694;0.36919378550942766;0.0;0.0;0.0;0.22541604040093854;0.38705570277473383;0.24845146939331886;0.0;0.0;0.0;1.0;0.0;0.2574839931896417;0.3594716043702925;0.28074550831261147;0.0;0.0;0.3789624700579242;0.0;0.23343076724907105;0.18829754495541973;0.15272166932463566;0.4104530436073582;0.2256566466716596;0.0;0.0;0.0;0.214476068220606;0.0;0.0;0.0;0.0;0.0;0.22691804660533627;0.4098557170413015;0.3735778751470846;0.0;0.0;0.0;0.40188547860031154;0.0;0.2583216841283053;0.5126728518010666;0.0;0.0;0.17500914434660977;0.3009285799174715;0.0;0.0;0.0;0.0;0.0;0.4021436439582474;0.0;0.4205106191104457;0.0;0.3332344658562374;0.0;0.41464519453554405;0.3586216007072994;0.0;0.36087667531294;0.0;0.35955594860529955;0.0;0.0;0.0;0.0;0.0;0.3517253333683017;0.0;0.2932778115206052;0.2079769271473564;0.25107805955161344;0.0;0.0;0.0;0.0
GO:0007062;0.14711116213233918;0.2607029253489095;0.0;0.0;0.31562862887608045;0.7012364077845086;0.6456197159348066;0.0;0.19813508953460535;0.0;0.0;0.5047602869775262;0.23002769468137085;0.0;0.0;0.0;0.46710660149466354;0.0;0.1598949748465258;0.17012367862078526;0.0;0.24438192413641083;0.0;0.0;0.6398770793234869;0.0;1.0;0.0;0.0;0.0;0.6480521169756237;0.9114492575008624;0.0;0.6384889706080248;0.0;0.0;0.0;0.0;0.0;0.6353020838231576;0.7686503282505305;0.0;0.0;0.4456601763585226;0.17137099179670467;0.7585319467188749;0.42514241366786043;0.18757587698616293;0.0;0.0;0.0;0.21087265849291184;0.5564566100777613;0.0;0.0;0.5872745496594545;0.0;0.0;0.3141999375381288;0.203743589662579;0.0;0.0;0.2181986265823865;0.46666637701306446;0.0;0.49244971316052066;0.8012516601301685;0.32386412639275325;0.28416821391699526;0.0;0.0;0.0;0.4943010487054018;0.0;0.2841195594608068;0.20478949268569063;0.0;0.15144998196897982;0.0;0.36372653613541395;0.0;0.47034244156904054;0.0;0.6697890432489491;0.0;0.3561734406496839;0.0;0.0;0.0;0.35070835862352395;0.776094451923682;0.5204626472336501;0.614611493897132
GO:0090267;0.5376343341247334;0.0;0.2578181848519302;0.7963259949345689;0.31936338204484194;0.0;0.0;0.0;0.0;0.17906925416065048;0.15209742717239383;0.0;0.359034920577224;0.14536507105545649;0.17055490295183082;0.2677464268707306;0.0;0.0;0.0;0.28927283214832816;0.36371188221243117;0.6244848802278027;0.0;0.0;0.0;0.2574839931896417;0.0;1.0;0.5475363927665275;0.4750548746590601;0.0;0.0;0.27161450410694676;0.0;0.23897515774014327;0.1749123176090084;0.17375751686440455;0.2834897953845408;0.23327751115749806;0.0;0.0;0.0;0.2248849334868507;0.0;0.0;0.0;0.0;0.0;0.23420955846912356;0.21579308901849872;0.4754005525642058;0.0;0.0;0.0;0.3711171798250744;0.0;0.34498232365414494;0.3893077194382595;0.0;0.0;0.16599341225381045;0.2773808553356481;0.0;0.0;0.0;0.0;0.0;0.2804409401898341;0.0;0.3763050866154412;0.0;0.3311905066228951;0.0;0.5001808620075063;0.3048576622100919;0.0;0.3573076191542202;0.0;0.47030366913281335;0.0;0.0;0.0;0.0;0.0;0.2605961787195863;0.0;0.23424747785677136;0.2957538950246281;0.25150772779778596;0.0;0.0;0.0;0.0
GO:0007063;0.4128774520651271;0.0;0.3602850630604701;0.7198608176140242;0.45735927027634743;0.0;0.0;0.0;0.0;0.284030558391254;0.28294513494850276;0.0;0.3922804521425079;0.18842518010083645;0.2330388898535538;0.4623653656584181;0.0;0.0;0.0;0.3767585702415224;0.6402616208755175;0.6556637146467986;0.0;0.0;0.0;0.3594716043702925;0.0;0.5475363927665275;1.0;0.5810768378710572;0.0;0.0;0.4740228012209705;0.0;0.23974840723360796;0.24125074642749778;0.2274504112994932;0.5114099446654119;0.23194800080294797;0.0;0.0;0.0;0.22070786472322132;0.0;0.0;0.0;0.0;0.0;0.23321450798692;0.3890467711314587;0.6128833635229994;0.0;0.0;0.0;0.6635703397528525;0.0;0.3899387904934852;0.5119511939986192;0.0;0.0;0.22460553097897903;0.4431309960089044;0.0;0.0;0.0;0.0;0.0;0.5015729768140073;0.0;0.6858745808373737;0.0;0.5494552322663172;0.0;0.5480431380296474;0.5203900897651182;0.0;0.426552313587962;0.0;0.7368848732116821;0.0;0.0;0.0;0.0;0.0;0.4414485864117658;0.0;0.37079554272483667;0.3155609664026;0.25740948999361124;0.0;0.0;0.0;0.0
GO:1901673;0.3705728774822154;0.0;0.28124143419701236;0.5990178078051722;0.4193154030828995;0.0;0.0;0.0;0.0;0.23251316076877504;0.2135122475001909;0.0;0.37190485552314717;0.16945122155861314;0.20469210547507172;0.3627066803300356;0.0;0.0;0.0;0.3217907797520651;0.6654420555755609;0.5540408300885419;0.0;0.0;0.0;0.28074550831261147;0.0;0.4750548746590601;0.5810768378710572;1.0;0.0;0.0;0.3698416120951587;0.0;0.20985054500061123;0.21100065001200607;0.20366121705913642;0.39221292967013943;0.20384998674455418;0.0;0.0;0.0;0.19511688215286943;0.0;0.0;0.0;0.0;0.0;0.20482758539419751;0.29846568380730504;0.5355707048965291;0.0;0.0;0.0;0.6841074064131977;0.0;0.30272017946766394;0.3925311996915578;0.0;0.0;0.1981568595302193;0.3614802465470075;0.0;0.0;0.0;0.0;0.0;0.3864010296503442;0.0;0.5231816293948117;0.0;0.43987481405355877;0.0;0.4389693318922533;0.4106459711777896;0.0;0.35037165208928506;0.0;0.6338235301543077;0.0;0.0;0.0;0.0;0.0;0.3497082526228625;0.0;0.30384414081259026;0.2514976004741474;0.22325825698478322;0.0;0.0;0.0;0.0
GO:0007140;0.13630774343825408;0.23549668298119095;0.0;0.0;0.2697569997077006;0.5629975404997362;0.5400313321973691;0.0;0.1741105381801503;0.0;0.0;0.42952733868608994;0.2046637858357276;0.0;0.0;0.0;0.5393344517089383;0.0;0.14387409867343423;0.1521029912397167;0.0;0.21594935843400903;0.0;0.0;0.5227516537525201;0.0;0.6480521169756237;0.0;0.0;0.0;1.0;0.601113315196117;0.0;0.46877715465997805;0.0;0.0;0.0;0.0;0.0;0.5196942194121734;0.5462278829425004;0.0;0.0;0.5193662451725721;0.15309927793855438;0.5609133393236229;0.5751871378453002;0.16590372862294372;0.0;0.0;0.0;0.1838703546533095;0.47620628056343567;0.0;0.0;0.48710743735521433;0.0;0.0;0.26871271991059453;0.17842658356624724;0.0;0.0;0.18941559248161047;0.37290917580898225;0.23417292924344596;0.3891923111271502;0.564854473584143;0.264261480270079;0.23722211549506944;0.0;0.0;0.0;0.3903477518049036;0.0;0.23718820811289779;0.17922819830480452;0.0;0.13700026122460784;0.0;0.3164678169625866;0.0;0.4116995990624035;0.0;0.543475456643032;0.0;0.2853851095299369;0.0;0.0;0.0;0.2949737949282905;0.6577170389281121;0.4064830618224184;0.5065737613410387
GO:0007064;0.17424965466041262;0.2500540786772791;0.0;0.0;0.36120557173584716;0.6388267135122732;0.6737134623781502;0.0;0.18782350319746705;0.0;0.0;0.47187585504277435;0.26784716608703946;0.0;0.0;0.0;0.42459288355157837;0.0;0.15311143183165285;0.16246525455373015;0.0;0.28372941649696787;0.0;0.0;0.5875035789730467;0.0;0.9114492575008624;0.0;0.0;0.0;0.601113315196117;1.0;0.0;0.5926785117057618;0.0;0.0;0.0;0.0;0.0;0.6677897120600612;0.7032154523122887;0.0;0.0;0.4067983357431703;0.16360241999690442;0.7793349357625615;0.3896339714447509;0.1783083711394485;0.0;0.0;0.0;0.19923159557024825;0.5865169791104088;0.0;0.0;0.6211242286917243;0.0;0.0;0.3596737470996443;0.19285601152833237;0.0;0.0;0.20575852299295905;0.518334994107489;0.0;0.5442386186991501;0.7304042030037414;0.29719445314570314;0.26342630210675627;0.0;0.0;0.0;0.5460886290107835;0.0;0.26338449064740754;0.1937928630237216;0.0;0.14535040625874723;0.0;0.34332764820616163;0.0;0.5006189720509154;0.0;0.6130943078941656;0.0;0.32417993615094376;0.0;0.0;0.0;0.39854384423842754;0.7216794522839861;0.5720902735739642;0.5665378525297641
GO:1901796;0.20333427026127832;0.0;0.3798666440658588;0.36045738166522573;0.4130399110223933;0.0;0.0;0.0;0.0;0.2960620116918523;0.30089171458579234;0.0;0.3093835727407004;0.19237605506229608;0.23911231492965723;0.6548379525914673;0.0;0.0;0.0;0.29674583858334747;0.5105749093081994;0.3271655521525605;0.0;0.0;0.0;0.3789624700579242;0.0;0.27161450410694676;0.4740228012209705;0.3698416120951587;0.0;0.0;1.0;0.0;0.24618141880218977;0.24776572858995885;0.2008641956975146;0.9164720571109266;0.23796396384516671;0.0;0.0;0.0;0.2261480538143143;0.0;0.0;0.0;0.0;0.0;0.23929720984539973;0.41197905385954725;0.49271205199878776;0.0;0.0;0.0;0.5302366050623732;0.0;0.2725004735838843;0.5422061356336375;0.0;0.0;0.23024201600347902;0.3965308885633254;0.0;0.0;0.0;0.0;0.0;0.5305789525634579;0.0;0.5549407361690286;0.0;0.4392791999704195;0.0;0.43809635001534203;0.47289685301295614;0.0;0.3810794485411248;0.0;0.4741345282232035;0.0;0.0;0.0;0.0;0.0;0.4637626804750141;0.0;0.3864122219888837;0.21928082832853585;0.26483987398725717;0.0;0.0;0.0;0.0
GO:0051382;0.10504702235371462;0.2343131412807508;0.0;0.0;0.2071161474019895;0.4752678372447449;0.467317873467836;0.0;0.17301456163008405;0.0;0.0;0.49078834336862953;0.15742461698515628;0.0;0.0;0.0;0.28570542969362744;0.0;0.14312490967927669;0.1512659008800695;0.0;0.16605288291794965;0.0;0.0;0.4416151194767806;0.0;0.6384889706080248;0.0;0.0;0.0;0.46877715465997805;0.5926785117057618;0.0;1.0;0.0;0.0;0.0;0.0;0.0;0.5196805890072769;0.6168504780584239;0.0;0.0;0.275233455251361;0.15225121621873006;0.5533912728381455;0.26502288223652126;0.1649083408168112;0.0;0.0;0.0;0.18264849490293894;0.5352837618257195;0.0;0.0;0.4117692050298841;0.0;0.0;0.20632038063612038;0.17727577654320315;0.0;0.0;0.18811918252772722;0.2854924988133651;0.0;0.29782349453006196;0.7971243411642063;0.26174492954888046;0.23519222929797512;0.0;0.0;0.0;0.2986980691471625;0.0;0.23515889967655745;0.17806706126872507;0.0;0.13632078070980372;0.0;0.5380367044870665;0.0;0.35698426630744545;0.0;0.5381732233991083;0.0;0.28245239281251855;0.0;0.0;0.0;0.22631787617415336;0.519295919900436;0.31090530997844185;0.5019640670238297
GO:1904668;0.14327784458781695;0.0;0.23370540401772136;0.20679575966611954;0.22308931784390257;0.0;0.0;0.0;0.0;0.3676493644682212;0.18200382093567063;0.0;0.1889048730289408;0.36333755912532134;0.31499617547995823;0.2429995719315578;0.0;0.0;0.0;0.18411719604858495;0.2487554465207342;0.19538910877680657;0.0;0.0;0.0;0.23343076724907105;0.0;0.23897515774014327;0.23974840723360796;0.20985054500061123;0.0;0.0;0.24618141880218977;0.0;1.0;0.5803812560339114;0.41980562120933296;0.2558971293390752;0.6365088409239881;0.0;0.0;0.0;0.7652499254290817;0.0;0.0;0.0;0.0;0.0;0.5891543400927248;0.1948040158065033;0.24443787663841912;0.0;0.0;0.0;0.2533321706933832;0.0;0.5271534370720926;0.351395513302376;0.0;0.0;0.30707191454983757;0.2181830406409442;0.0;0.0;0.0;0.0;0.0;0.25341029065647935;0.0;0.2588373382393024;0.0;0.2305266878817891;0.0;0.3159419416066906;0.2394600428995091;0.0;0.29291352061394127;0.0;0.23977698449157325;0.0;0.0;0.0;0.0;0.0;0.23709541288899483;0.0;0.21508401948046782;0.45625034895065225;0.6844980555352966;0.0;0.0;0.0;0.0
GO:1904667;0.19613618039412056;0.0;0.18852050544484247;0.20791253523522943;0.30602863587905255;0.0;0.0;0.0;0.0;0.5522735972781877;0.22507030015987772;0.0;0.25890400014206094;0.5935515226408763;0.4822018682557588;0.2445430642038785;0.0;0.0;0.0;0.2523107074633526;0.2503731688708906;0.19638578477939259;0.0;0.0;0.0;0.18829754495541973;0.0;0.1749123176090084;0.24125074642749778;0.21100065001200607;0.0;0.0;0.24776572858995885;0.0;0.5803812560339114;1.0;0.7004860183479933;0.2576093932764134;0.3941727418151466;0.0;0.0;0.0;0.45768040857986864;0.0;0.0;0.0;0.0;0.0;0.3703688068326461;0.1961065846551038;0.24599975344380565;0.0;0.0;0.0;0.2550101687139397;0.0;0.34472198481373495;0.2577466565589292;0.0;0.0;0.47002186956372083;0.21942656355617685;0.0;0.0;0.0;0.0;0.0;0.2550893271535774;0.0;0.260589310083386;0.0;0.31629250135080256;0.0;0.23158523186533175;0.3286261604551264;0.0;0.21461132024035617;0.0;0.2412796829774485;0.0;0.0;0.0;0.0;0.0;0.32536092055059784;0.0;0.2949854630402224;0.29817366832551734;0.42388560813223086;0.0;0.0;0.0;0.0
