;GO:0007094;GO:0043988;GO:1905342;GO:0030071;GO:0007093;GO:0007098;GO:0007052;GO:0015031;GO:0046777;GO:0042177;GO:0032091;GO:0007019;GO:0044878;GO:1990001;GO:0045892;GO:0031915;GO:0045132;GO:0034501;GO:0071897;GO:0072425;GO:0031110;GO:0007091;GO:0019886;GO:0071459;GO:0036089;GO:1900182;GO:0007062;GO:0090267;GO:0007063;GO:1901673;GO:0007140;GO:0007064;GO:1901796;GO:0051382;GO:1904668;GO:1904667;GO:0045736;GO:0009966;GO:0051973;GO:0051256;GO:0070194;GO:0071168;GO:0045860;GO:0045143;GO:0031145;GO:0000070;GO:0016321;GO:0018105;GO:0032436;GO:0016202;GO:0010389;GO:0016567;GO:0090307;GO:0090435;GO:0070507;GO:0007077;GO:1904355;GO:0008284;GO:0007079;GO:0006468;GO:0000122;GO:0050773;GO:0071392;GO:0000086;GO:0072520;GO:0000281;GO:0051383;GO:0019221;GO:0034644;GO:0032465;GO:0099606;GO:0032466;GO:0099607;GO:0032467;GO:0031577;GO:0016579;GO:0090129;GO:0006351;GO:0040020;GO:0034080;GO:0007517;GO:0000132;GO:0051310;GO:0001578;GO:0043066;GO:0097711;GO:0002903;GO:0032212;GO:0010800;GO:0007080;GO:0051754;GO:0051315;GO:0030951
GO:0007094;1.0;0.018571933505860526;0.05421379955540991;0.9292558065578569;0.8625427811870853;0.4527389865716073;0.5526910000744647;0.0;0.025476012282727677;0.21178977107665845;0.06002453029109549;0.020827074288089328;0.6778676189061259;0.19228934052043858;0.2859147041793787;0.06508381250634568;0.4262892922567087;0.0;0.024250039016390085;0.6554566984926479;0.43213652340932;0.7719244488332144;0.0;0.0;0.3987365984917079;0.06726854118996672;0.4518500769864702;0.8055091713474026;0.804962480920586;0.6718194507933174;0.45529754195840866;0.4845396271842289;0.07968226396088318;0.0205180357274168;0.06679410581653009;0.18843741777355508;0.5361465459660971;0.10959718096986035;0.07203765028479697;0.47562216086462145;0.01809729474646061;0.0;0.09063742122959559;0.40241392088663697;0.022080823654154244;0.5178763319347918;0.3840294061800822;0.025187241707018592;0.0771458609496841;0.07002572419354106;0.6803199705284944;0.0284798950392215;0.5225774907160317;0.0;0.4659338934254693;0.48178382082664045;0.5827850708520786;0.0956739294967129;0.4385818338836128;0.02944325556657959;0.2751367160359442;0.3427035553492341;0.022080823654154244;0.576435016981654;0.0;0.5454296171547948;0.021006549578978136;0.0926278174876124;0.02353100656421573;0.532664767726546;0.0;0.5709180745022198;0.40948295015467323;0.4983718977498174;0.9929228823511795;0.026205792853120427;0.27772995255601474;0.032744130416609944;0.6797683378257219;0.021876643500360515;0.0;0.5051351143986464;0.0;0.022808676565513043;0.277417804211934;0.023917490658381616;0.19228934052043858;0.6137821657507001;0.07103941365552983;0.5225774907160317;0.389761817508726;0.47882342992836135;0.018924080213231
GO:0043988;0.018571933505860526;1.0;0.0;0.0;0.020774362079759415;0.1643144864101153;0.17129279771003839;0.0;0.4511557419087485;0.0;0.0;0.15471425959919308;0.016820808509603918;0.0;0.0;0.0;0.018446220176376486;0.0;0.15070764266727427;0.01797790430867298;0.0;0.017043617088630857;0.0;0.0;0.14696732623217218;0.0;0.1640332472187097;0.0;0.0;0.0;0.16512318802776546;0.15269263677324443;0.0;0.15269263677324443;0.0;0.0;0.0;0.0;0.0;0.1502125268459646;0.13660187164919196;0.0;0.0;0.017532779044369076;0.19270408154641933;0.1618684417450976;0.016820808509603918;0.6946227037463301;0.0;0.0;0.0;0.29437065050546946;0.16315040354567042;0.0;0.0;0.15192736117815683;0.0;0.0;0.016542012253947143;0.5099698400278434;0.0;0.0;0.019269451414091393;0.02101931183919318;0.0;0.020038414336241286;0.15588499677107343;0.0239508132967792;0.02036470446401519;0.0;0.0;0.0;0.01555730723324292;0.0;0.018687140325755247;0.2743346380293325;0.0;0.19410660788059522;0.0;0.4302784264983212;0.0;0.1583791750960942;0.0;0.16750671063254335;0.0;0.020653538310306335;0.0;0.0;0.0;0.019305952003115197;0.1440319029820089;0.01788048761237731;0.14214899611599074
GO:1905342;0.05421379955540991;0.0;1.0;0.05761672934141255;0.060779633133711146;0.0;0.0;0.0;0.0;0.06123879299283058;0.052901621291111804;0.0;0.04901441689918224;0.052447945261009606;0.07427352462420468;0.05150319009614524;0.0;0.0;0.0;0.052447945261009606;0.05932998383738329;0.04967494214054717;0.0;0.0;0.0;0.585414596484526;0.0;0.13876567085026614;0.05455651972183785;0.054031133275955365;0.0;0.0;0.061661673351929465;0.0;0.1442711455739045;0.05150319009614524;0.05570241043814931;0.08113602927722922;0.15434703938861866;0.0;0.0;0.0;0.18881871356914548;0.0;0.0;0.0;0.0;0.0;0.1640084296713622;0.06158720574463339;0.06264142502646004;0.0;0.0;0.0;0.06339459702892576;0.0;0.1467950231346112;0.1978268985860042;0.0;0.0;0.07186738947924788;0.062088334497919256;0.0;0.0;0.0;0.0;0.0;0.070301492983782;0.0;0.05982526519169627;0.0;0.050705289685758395;0.0;0.15434703938861866;0.05455651972183785;0.0;0.1409492928432617;0.0;0.05606427273734381;0.0;0.0;0.0;0.0;0.0;0.0723788406040129;0.0;0.052447945261009606;0.15374448933909993;0.15244134093957587;0.0;0.0;0.0;0.0
GO:0030071;0.9292558065578569;0.0;0.05761672934141255;1.0;0.605050546169633;0.0;0.0;0.0;0.0;0.07528177116841962;0.06488900529910857;0.0;0.549051768662858;0.07093050095117616;0.10907801325605052;0.06941506995496509;0.0;0.0;0.0;0.5811514771721225;0.4662290956915624;0.8211465164277126;0.0;0.0;0.0;0.07258805195140842;0.0;0.8581327633691685;0.8623406461468219;0.7191550906069029;0.0;0.0;0.08627283396069077;0.0;0.07136398233395802;0.06941506995496509;0.4469483820560236;0.12246479055138737;0.07738189250116176;0.0;0.0;0.0;0.09926286818033006;0.0;0.0;0.0;0.0;0.0;0.08330731195636878;0.07580898577481077;0.7376945681754756;0.0;0.0;0.0;0.5058138267826796;0.0;0.6234914468829101;0.10533569332946487;0.0;0.0;0.10455399178221278;0.3712906582989214;0.0;0.0;0.0;0.0;0.0;0.1016551186361573;0.0;0.5751173046557336;0.0;0.4714295033939177;0.0;0.5353445103333029;0.4359214067816047;0.0;0.29621258102212783;0.0;0.7298374903572398;0.0;0.0;0.0;0.0;0.0;0.10550850387814875;0.0;0.07093050095117616;0.6591022357647911;0.07623123284770177;0.0;0.0;0.0;0.0
GO:0007093;0.8625427811870853;0.020774362079759415;0.060779633133711146;0.605050546169633;1.0;0.5188121932049654;0.637916537983073;0.0;0.029811433813277246;0.24587749040074244;0.06956279301011184;0.02363731429420187;0.7599641701597967;0.21763505630557378;0.3457936262344981;0.07346854217462857;0.4843725949502134;0.0;0.028146328432699257;0.5673079078556635;0.08804992244141416;0.5094213842504127;0.0;0.0;0.4491106352596265;0.07768087461693081;0.5176452284923053;0.5142983773832649;0.463300465953014;0.5571829406670348;0.5221748126249242;0.548820727642018;0.09262425345903558;0.02324004615090918;0.0756552977296284;0.21271375848832952;0.6124380528021667;0.1356707339490222;0.08245318669054713;0.5374081215985717;0.020182268837947173;0.0;0.10776518558969306;0.45378123317822155;0.02526545704444461;0.5919832941893656;0.43053920978783633;0.029416777693051288;0.08921464252313445;0.08138114872393305;0.6751608758850883;0.03400891529390139;0.5981341594560597;0.0;0.09609671839049172;0.5452878910964669;0.07733453384262934;0.11496060159518354;0.49059285161816546;0.035391714153319015;0.33015194244989987;0.09347336172523996;0.02526545704444461;0.6697587863896541;0.0;0.6282626264020178;0.02386876028871172;0.11059063414436639;0.027182270727944144;0.5218848147003365;0.0;0.5437385714518773;0.45446735893003276;0.48342807809928173;0.8237477276583158;0.030815627348566885;0.07346854217462857;0.04027160751897703;0.4797456766663432;0.024998489483297467;0.0;0.5753931022615457;0.0;0.0262229531707652;0.3334419224057065;0.027699318079852462;0.21763505630557378;0.08203952308295441;0.08114803778695143;0.5981341594560597;0.4377572556220037;0.5414987154281757;0.021215975677512273
GO:0007098;0.4527389865716073;0.1643144864101153;0.0;0.0;0.5188121932049654;1.0;0.5657603097865804;0.0;0.02714554284897731;0.0;0.0;0.5001701427196555;0.402413920886637;0.0;0.0;0.0;0.4490625938726438;0.0;0.025757995831347764;0.021458197157809184;0.0;0.40871282260651415;0.0;0.0;0.41859262604245284;0.0;0.477518504247162;0.0;0.0;0.0;0.4813704470117246;0.43807526091057347;0.0;0.1824298739011182;0.0;0.0;0.0;0.0;0.0;0.48283715724949144;0.15992328806272188;0.0;0.0;0.42264717128663176;0.023324151066833197;0.4699000349508884;0.402413920886637;0.026817927215267892;0.0;0.0;0.0;0.030582593988002515;0.5331950064025004;0.0;0.0;0.43545464928050176;0.0;0.0;0.44346989458454766;0.03169623876183269;0.0;0.0;0.023324151066833197;0.5263609417039954;0.0;0.496377087042883;0.18700538396898586;0.030552414707985507;0.0249482518415595;0.0;0.0;0.0;0.3672513156063503;0.0;0.022476386615345928;0.027975665965673482;0.0;0.035554703739050245;0.0;0.19518306240923644;0.0;0.5144291938611238;0.0;0.5505321932013377;0.0;0.02538312307691892;0.0;0.0;0.0;0.47440641699711594;0.40871282260651415;0.43264121937274547;0.4522811779860687
GO:0007052;0.5526910000744647;0.17129279771003839;0.0;0.0;0.637916537983073;0.5657603097865804;1.0;0.0;0.02878258810947527;0.0;0.0;0.6118334711909064;0.4885923743211734;0.0;0.0;0.0;0.470895631044733;0.0;0.027227433210055246;0.022468373465070406;0.0;0.4965771584239506;0.0;0.0;0.43750095691256163;0.0;0.5022825086580894;0.0;0.0;0.0;0.5065461163853479;0.5339419060978455;0.0;0.31868521239525166;0.0;0.0;0.0;0.0;0.0;0.523133622383498;0.27774536745016803;0.0;0.0;0.44193201128180565;0.024522556886335638;0.5747089552108277;0.4198584188125438;0.028414534343978993;0.0;0.0;0.0;0.03267642263156155;0.9394751471308246;0.0;0.0;0.5305974434801257;0.0;0.0;0.47866942921753625;0.033950955806880366;0.0;0.0;0.024522556886335638;0.6477316735772889;0.0;0.6088408464756528;0.32706674135068;0.03264197178448869;0.026324285391871323;0.0;0.0;0.0;0.4442169349350944;0.0;0.023587184142736667;0.029717577738028852;0.0;0.038416560238936935;0.0;0.20510877634124772;0.0;0.8578957133259184;0.0;0.6767204996315018;0.0;0.026808916581757256;0.0;0.0;0.0;0.5805043307814789;0.42671992342077547;0.5270090120612473;0.5507138312582834
GO:0015031;0.0;0.0;0.0;0.0;0.0;0.0;0.0;1.0;0.0;0.0;0.0;0.0;0.0;0.0;0.0;0.0;0.0;0.45705474939948776;0.0;0.0;0.0;0.0;0.0;0.4727680671646093;0.0;0.0;0.0;0.0;0.0;0.0;0.0;0.0;0.0;0.0;0.0;0.0;0.0;0.0;0.0;0.0;0.0;0.47548401984115857;0.0;0.0;0.0;0.0;0.0;0.0;0.0;0.0;0.0;0.0;0.0;0.4354614856353068;0.0;0.0;0.0;0.0;0.25054531373281486;0.0;0.0;0.0;0.0;0.0;0.0;0.0;0.0;0.0;0.0;0.0;0.22826844665045215;0.0;0.0;0.0;0.0;0.0;0.0;0.0;0.0;0.0;0.0;0.30589295341507533;0.33075759804872534;0.0;0.0;0.33411944110050024;0.0;0.0;0.0;0.3215154634042144;0.0;0.0;0.0
GO:0046777;0.025476012282727677;0.4511557419087485;0.0;0.0;0.029811433813277246;0.02714554284897731;0.02878258810947527;0.0;1.0;0.0;0.0;0.02498139262978561;0.022292520168939445;0.0;0.0;0.0;0.025240052211241273;0.0;0.2168423204800139;0.024371366747052696;0.0;0.022685555746831114;0.0;0.0;0.023305123784276436;0.0;0.027080720646513876;0.0;0.0;0.0;0.027332429417384015;0.02453808426775922;0.0;0.02453808426775922;0.0;0.0;0.0;0.0;0.0;0.023999945204943005;0.021154061359467347;0.0;0.0;0.02356048679189128;0.2680844227618198;0.026584684340687864;0.022292520168939445;0.6523117094272922;0.0;0.0;0.0;0.45271266888470785;0.02687780537822991;0.0;0.0;0.024371366747052696;0.0;0.0;0.0218054670890184;0.7964134636792829;0.0;0.0;0.026807111286012153;0.030318448648408616;0.0;0.02831892939940016;0.025240052211241273;0.03681863876644079;0.02897501880826483;0.0;0.0;0.0;0.020126232879360377;0.0;0.02569329716516224;0.4069984272951978;0.0;0.3196838477246783;0.0;0.0265067636003936;0.0;0.025795909270829653;0.0;0.02788752026154234;0.0;0.029563254643165483;0.0;0.0;0.0;0.02687780537822991;0.022685555746831114;0.024192685514444076;0.022292520168939445
GO:0042177;0.21178977107665845;0.0;0.06123879299283058;0.07528177116841962;0.24587749040074244;0.0;0.0;0.0;0.0;1.0;0.07025393685218015;0.0;0.18641222072269462;0.4537288232624951;0.5199316713227158;0.06517362167135549;0.0;0.0;0.0;0.20301759300909872;0.07823353658398924;0.06227335637819089;0.0;0.0;0.0;0.07843247893340143;0.0;0.06390116810711248;0.07014111662172107;0.06927507688034941;0.0;0.0;0.08233917459690385;0.0;0.3016905882793387;0.4433863384864779;0.49014439368633045;0.12117776958954522;0.1897372674936388;0.0;0.0;0.0;0.4312509019901622;0.0;0.0;0.0;0.0;0.0;0.7484451938898737;0.08220644310984059;0.08409555519278887;0.0;0.0;0.0;0.08545859673588228;0.0;0.17785874637757432;0.10244621445627598;0.0;0.0;0.49611820859385397;0.08310173522868951;0.0;0.0;0.0;0.0;0.0;0.09850463138171184;0.0;0.07909700432062937;0.0;0.19451654860368714;0.0;0.07321584769209982;0.21351108789742612;0.0;0.06517362167135549;0.0;0.0726531444472559;0.0;0.0;0.0;0.0;0.0;0.31241402073767766;0.0;0.20301759300909872;0.188776810825801;0.32378865707054877;0.0;0.0;0.0;0.0
GO:0032091;0.06002453029109549;0.0;0.052901621291111804;0.06488900529910857;0.06956279301011184;0.0;0.0;0.0;0.0;0.07025393685218015;1.0;0.0;0.052901621291111804;0.4436685994696402;0.09133489754993127;0.056265827365420885;0.0;0.0;0.0;0.0575644937945887;0.06740195747318402;0.053786558582145406;0.0;0.0;0.0;0.06757124084071423;0.0;0.05517835974545515;0.06050698773077374;0.05976805595784252;0.0;0.0;0.07089336743866576;0.0;0.27680989678424134;0.4336593476231263;0.4788727198037207;0.10369981251409521;0.30161753210654346;0.0;0.0;0.0;0.3938954980375377;0.0;0.0;0.0;0.0;0.0;0.06829103885620481;0.07078056388906426;0.07238560666543807;0.0;0.0;0.0;0.07354309321379206;0.0;0.05921937077926615;0.08792738186137264;0.0;0.0;0.0872182853921153;0.07154134811242575;0.0;0.0;0.0;0.0;0.0;0.08459666989858569;0.0;0.06813661978090911;0.0;0.05517835974545515;0.0;0.06312881505161429;0.06050698773077374;0.0;0.056265827365420885;0.0;0.0626491870446091;0.0;0.0;0.0;0.0;0.0;0.08808426582328115;0.0;0.0575644937945887;0.06281292044709812;0.06213210883188819;0.0;0.0;0.0;0.0
GO:0007019;0.020827074288089328;0.15471425959919308;0.0;0.0;0.02363731429420187;0.5001701427196555;0.6118334711909064;0.0;0.02498139262978561;0.0;0.0;1.0;0.01864978894956986;0.0;0.0;0.0;0.020669107130772676;0.0;0.023801459636255753;0.020082913816025467;0.0;0.018924080213231;0.0;0.0;0.16355034533917207;0.0;0.3084998568839853;0.0;0.0;0.0;0.31081326892082467;0.28466001366698457;0.0;0.32081084333618953;0.0;0.0;0.0;0.0;0.0;0.45228117798606865;0.4868457572836918;0.0;0.0;0.019529053387198653;0.021708291142540363;0.3039166467287014;0.01864978894956986;0.02470366511003241;0.0;0.0;0.0;0.02786316916443898;0.5790611902331723;0.0;0.0;0.547860776938992;0.0;0.0;0.4175597532157502;0.028784583787566174;0.0;0.0;0.021708291142540363;0.023954946227021073;0.0;0.02268917370486198;0.32832633041538684;0.027838116185694456;0.02310840246881013;0.0;0.0;0.0;0.017109163434613224;0.0;0.020972067521626378;0.02568272069272882;0.0;0.03193153105353898;0.0;0.34169829602180113;0.0;0.5600495746457022;0.0;0.5965430853462611;0.0;0.023481019219191282;0.0;0.0;0.0;0.021754626933136182;0.2667326646957665;0.019961425850583678;0.4964171079526084
GO:0044878;0.6778676189061259;0.016820808509603918;0.04901441689918224;0.549051768662858;0.7599641701597967;0.402413920886637;0.4885923743211734;0.0;0.022292520168939445;0.18641222072269462;0.052901621291111804;0.01864978894956986;1.0;0.17255594668189217;0.24436302110882274;0.0585250000880146;0.38138096329203014;0.0;0.021348120299372372;0.7268450831795253;0.06741887838059657;0.40948295015467323;0.0;0.0;0.35917649100223836;0.05944433037187599;0.40171149163966924;0.48319002659038635;0.42889201198000587;0.43828895485053215;0.40443401822879754;0.4345594139355387;0.07006846433419076;0.018401602429566784;0.05990430059695317;0.1694476624384488;0.47771120311115095;0.09219790292070464;0.06408801570823591;0.42737309584542366;0.016430515760039975;0.0;0.0784013527513156;0.36215760181489065;0.019648816607209404;0.46118450972623726;0.3471990078248929;0.022071096543193832;0.06809962056088802;0.06158720574463339;0.7219795931611876;0.02455917899945468;0.4649090343920833;0.0;0.07203765028479697;0.43234150719822984;0.060952265659301896;0.0821417335525926;0.3972284868034445;0.02527223245117497;0.23644673524259163;0.07055329534291062;0.019648816607209404;0.5070563118727204;0.0;0.4829089488685952;0.018793571078130667;0.07988621433706766;0.020788895273728073;0.4703118616459955;0.0;0.5142752168352216;0.37320803157674926;0.4433746226488772;0.6462638591026554;0.022849315921731388;0.0585250000880146;0.027666107247553737;0.4407450998911548;0.01948697196488797;0.0;0.4510528761143871;0.0;0.020223081134937714;0.23812943096262693;0.02108997603455521;0.17255594668189217;0.06383782472827598;0.06329673112888025;0.4649090343920833;0.3518779109508225;0.4299560455011141;0.017109163434613224
GO:1990001;0.19228934052043858;0.0;0.052447945261009606;0.07093050095117616;0.21763505630557378;0.0;0.0;0.0;0.0;0.4537288232624951;0.4436685994696402;0.0;0.17255594668189217;1.0;0.471005095097252;0.06284830663696661;0.0;0.0;0.0;0.18555428339594493;0.0732211650945847;0.06045879382841808;0.0;0.0;0.0;0.06457101205271581;0.0;0.0618039145768774;0.06686706065219274;0.06617303721314609;0.0;0.0;0.07635704662816539;0.0;0.2806810761833934;0.4132135504537468;0.44961216794238296;0.10340356674690691;0.3018807726637337;0.0;0.0;0.0;0.37614614555694265;0.0;0.0;0.0;0.0;0.0;0.4898332898166555;0.06710732898423087;0.07768107141443797;0.0;0.0;0.0;0.07870147286468851;0.0;0.14973208367352964;0.09091990065110615;0.0;0.0;0.4541264439393097;0.07693316698224824;0.0;0.0;0.0;0.0;0.0;0.08816463060553939;0.0;0.07388549166957566;0.0;0.17894111642627963;0.0;0.06930893627529043;0.19360046312865217;0.0;0.06284830663696661;0.0;0.06886461412120384;0.0;0.0;0.0;0.0;0.0;0.5793191172927917;0.0;0.4077756830153567;0.15739562134182894;0.2844980922732698;0.0;0.0;0.0;0.0
GO:0045892;0.2859147041793787;0.0;0.07427352462420468;0.10907801325605052;0.3457936262344981;0.0;0.0;0.0;0.0;0.5199316713227158;0.09133489754993127;0.0;0.24436302110882274;0.471005095097252;1.0;0.09106828856370207;0.0;0.0;0.0;0.27127407081256677;0.1145909004609081;0.0861353586526052;0.0;0.0;0.0;0.10117310779121842;0.0;0.08889167044662898;0.09975570253926454;0.09821891545258864;0.0;0.0;0.12246180565258145;0.0;0.21540365350242044;0.391311745726469;0.4433153162126169;0.21095758479729482;0.3261508088847526;0.0;0.0;0.0;0.34299516041547295;0.0;0.0;0.0;0.0;0.0;0.2658475597169498;0.10754161459992177;0.1259034832940076;0.0;0.0;0.0;0.12860602281432404;0.0;0.29281473346457054;0.16479527159272941;0.0;0.0;0.9353838375615017;0.1239504787955762;0.0;0.0;0.0;0.0;0.0;0.15596098388735916;0.0;0.1162263630085154;0.0;0.2573684023029141;0.0;0.10528979061283708;0.28882307705703475;0.0;0.09106828856370207;0.0;0.10426779491608762;0.0;0.0;0.0;0.0;0.0;0.4783581557709454;0.0;0.27127407081256677;0.3240642333734708;0.23528664704341962;0.0;0.0;0.0;0.0
GO:0031915;0.06508381250634568;0.0;0.05150319009614524;0.06941506995496509;0.07346854217462857;0.0;0.0;0.0;0.0;0.06517362167135549;0.056265827365420885;0.0;0.0585250000880146;0.06284830663696661;0.09106828856370207;1.0;0.0;0.0;0.0;0.06284830663696661;0.0716073869326104;0.05935430562821362;0.0;0.0;0.0;0.06314496779019174;0.0;0.06065020204840553;0.06551863670048165;0.06485218253718107;0.0;0.0;0.26292058367857457;0.0;0.06318839301536254;0.06165564890834163;0.06697473644713542;0.3531774615582982;0.06786129567721351;0.0;0.0;0.0;0.08412352711175144;0.0;0.0;0.0;0.0;0.0;0.0723758230831306;0.06556839090658069;0.0758671504813815;0.0;0.0;0.0;0.07684015533548144;0.0;0.22487026238162072;0.08844486782712574;0.0;0.0;0.08789310525120185;0.07515360627040177;0.0;0.0;0.0;0.0;0.0;0.085835411942985;0.0;0.07224262596102264;0.0;0.06065020204840553;0.0;0.06786129567721351;0.06551863670048165;0.0;0.06165564890834163;0.0;0.06743528356058355;0.0;0.0;0.0;0.0;0.0;0.08856666863610387;0.0;0.06284830663696661;0.23614009990757998;0.06697473644713542;0.0;0.0;0.0;0.0
GO:0045132;0.4262892922567087;0.018446220176376486;0.0;0.0;0.4843725949502134;0.4490625938726438;0.470895631044733;0.0;0.025240052211241273;0.0;0.0;0.020669107130772676;0.38138096329203014;0.0;0.0;0.0;1.0;0.0;0.024036147225061304;0.020249741408514595;0.0;0.3870339986429339;0.0;0.0;0.3958821700379734;0.0;0.4481880482186562;0.0;0.0;0.0;0.7185247803669844;0.4132642260140455;0.0;0.02036470446401519;0.0;0.0;0.0;0.0;0.0;0.4057143111647062;0.01797790430867298;0.0;0.0;0.9443971717409371;0.0219033464565488;0.8887760307406735;0.9015493860962396;0.024956576316768307;0.0;0.0;0.0;0.028185331927755387;0.4454454273255185;0.0;0.0;0.41093126222193077;0.0;0.0;0.3743321155259173;0.02912853774769322;0.0;0.0;0.0219033464565488;0.490946061701732;0.3579237704491999;0.4647608893169038;0.020845858660619696;0.028159696525351777;0.023329558156412696;0.0;0.0;0.0;0.3496530827207484;0.0;0.021154061359467343;0.025956186855668754;0.0;0.03235535707366127;0.0;0.02170242042218144;0.0;0.43069332690528206;0.0;0.02261935628093327;0.0;0.02370939980386463;0.0;0.0;0.0;0.4454454273255185;0.6158238507667111;0.4084248837573063;0.018793571078130667
GO:0034501;0.0;0.0;0.0;0.0;0.0;0.0;0.0;0.45705474939948776;0.0;0.0;0.0;0.0;0.0;0.0;0.0;0.0;0.0;1.0;0.0;0.0;0.0;0.0;0.0;0.9769184755380952;0.0;0.0;0.0;0.0;0.0;0.0;0.0;0.0;0.0;0.0;0.0;0.0;0.0;0.0;0.0;0.0;0.0;0.8165355337211028;0.0;0.0;0.0;0.0;0.0;0.0;0.0;0.0;0.0;0.0;0.0;0.4496659132027624;0.0;0.0;0.0;0.0;0.26420802588707215;0.0;0.0;0.0;0.0;0.0;0.0;0.0;0.0;0.0;0.0;0.0;0.24712292359156188;0.0;0.0;0.0;0.0;0.0;0.0;0.0;0.0;0.0;0.0;0.30305399555127666;0.319015404367939;0.0;0.0;0.33762057705449605;0.0;0.0;0.0;0.3131822167833615;0.0;0.0;0.0
GO:0071897;0.024250039016390085;0.15070764266727427;0.0;0.0;0.028146328432699257;0.025757995831347764;0.027227433210055246;0.0;0.2168423204800139;0.0;0.0;0.023801459636255753;0.021348120299372372;0.0;0.0;0.0;0.024036147225061304;0.0;1.0;0.02324705947286056;0.0;0.021708291142540363;0.0;0.0;0.022274961864690142;0.0;0.025699623925739136;0.0;0.0;0.0;0.025926206044113703;0.023398701818713973;0.0;0.023398701818713973;0.0;0.0;0.0;0.0;0.0;0.022908878776287125;0.020301813908244315;0.0;0.0;0.022508135151639904;0.1835302490155508;0.025252474731338074;0.021348120299372372;0.2139468208509938;0.0;0.0;0.0;0.247679934229744;0.025516808086732738;0.0;0.0;0.02324705947286056;0.0;0.0;0.020901046312813445;0.2578556473957454;0.0;0.0;0.025453083643177322;0.02859785788306325;0.0;0.026812163448350888;0.024036147225061304;0.0343116819969783;0.027399569017324075;0.0;0.0;0.0;0.0193532780096808;0.0;0.024446833663443416;0.22421288771595982;0.0;0.5063431852487834;0.0;0.02518215750393461;0.0;0.024539713195627318;0.0;0.02642512727584011;0.0;0.02792499598353303;0.0;0.0;0.0;0.025516808086732738;0.021708291142540363;0.023084428920734472;0.021348120299372372
GO:0072425;0.6554566984926479;0.01797790430867298;0.052447945261009606;0.5811514771721225;0.5673079078556635;0.021458197157809184;0.022468373465070406;0.0;0.024371366747052696;0.20301759300909872;0.0575644937945887;0.020082913816025467;0.7268450831795253;0.18555428339594493;0.27127407081256677;0.06284830663696661;0.020249741408514595;0.0;0.02324705947286056;1.0;0.0732211650945847;0.4182668881732333;0.0;0.0;0.01898513217417398;0.06457101205271581;0.021417671458441475;0.5063750540278172;0.46260065094347425;0.45779924810713657;0.02157480869171149;0.01979541245547476;0.07635704662816539;0.01979541245547476;0.06444168885358036;0.18196494885661285;0.5161087549460927;0.10340356674690691;0.06930893627529043;0.019443700530977902;0.017532779044369076;0.0;0.08635955514014158;0.019154254597201287;0.021246167726588917;0.02110621004689814;0.018307684229438067;0.024106965613491845;0.07402482157388071;0.06710732898423087;0.7724507444531232;0.02710641583581767;0.021290549717543024;0.0;0.07870147286468851;0.01968676996160056;0.06565602934599338;0.09091990065110615;0.01797790430867298;0.027977677055724025;0.261552858755413;0.07693316698224824;0.276721161153931;0.023393457114963385;0.0;0.02218483009939226;0.020249741408514595;0.23349955047956503;0.29416485256855135;0.5111556603244158;0.0;0.551633990062923;0.016820808509603918;0.47949406964246044;0.5046570877037071;0.025038403971077983;0.06284830663696661;0.030941579472333947;0.4764201537905556;0.021057065768047428;0.0;0.020605974847087632;0.0;0.021919196294401498;0.26361342312505454;0.022941277152828832;0.18555428339594493;0.06901641438639028;0.0683844064831006;0.021290549717543024;0.018571933505860526;0.01957001359577429;0.018307684229438067
GO:0031110;0.43213652340932;0.0;0.05932998383738329;0.4662290956915624;0.08804992244141416;0.0;0.0;0.0;0.0;0.07823353658398924;0.06740195747318402;0.0;0.06741887838059657;0.0732211650945847;0.1145909004609081;0.0716073869326104;0.0;0.0;0.0;0.0732211650945847;1.0;0.38821862520238787;0.0;0.0;0.0;0.07532851267769393;0.0;0.3980369580525063;0.4355238805306521;0.7450430194704047;0.0;0.0;0.0896854531351339;0.0;0.07368318787380325;0.0716073869326104;0.07888345958019238;0.12945724013548954;0.0801162266667956;0.0;0.0;0.0;0.10380759414309844;0.0;0.0;0.0;0.0;0.0;0.08648503347474007;0.07880306182206553;0.09151759195699567;0.0;0.0;0.0;0.911615722169609;0.0;0.4264804787002871;0.11046789101527746;0.0;0.0;0.10960847195541727;0.3861078065386984;0.0;0.0;0.0;0.0;0.0;0.10642680662467549;0.0;0.0862949107876043;0.0;0.07025473082669588;0.0;0.0801162266667956;0.07687128638753891;0.0;0.30556778113628547;0.0;0.45054822361796076;0.0;0.0;0.0;0.0;0.0;0.1106579664419066;0.0;0.0732211650945847;0.451695487254258;0.07888345958019238;0.0;0.0;0.0;0.0
GO:0007091;0.7719244488332144;0.017043617088630857;0.04967494214054717;0.8211465164277126;0.5094213842504127;0.40871282260651415;0.4965771584239506;0.0;0.022685555746831114;0.06227335637819089;0.053786558582145406;0.018924080213231;0.40948295015467323;0.06045879382841808;0.0861353586526052;0.05935430562821362;0.3870339986429339;0.0;0.021708291142540363;0.4182668881732333;0.38821862520238787;1.0;0.0;0.0;0.3641861118356267;0.06041866872696805;0.4079882510956552;0.7212716870223793;0.729835244224779;0.6097312687979122;0.4107968189753553;0.44086439730161453;0.07126050873699602;0.018668589620516856;0.06077344669460559;0.05935430562821362;0.3768066503183076;0.09427295537760216;0.06508381250634568;0.433469809362036;0.016643039333390182;0.0;0.07989680968003426;0.36725131560635027;0.0199535213561624;0.46829208194031485;0.3518779109508225;0.022456295677098836;0.06922507795988793;0.06263367531681392;0.5169181840213243;0.025037060767133825;0.4721327707294286;0.0;0.4152803436868167;0.4385818338836128;0.5293216905535646;0.08378478027826482;0.4024901788703368;0.025778552837786822;0.08328946695206205;0.30622770793788295;0.0199535213561624;0.6573548105263689;0.0;0.49070756896947504;0.019072139574988347;0.08143941439615732;0.021130292664295988;0.47807085007683164;0.0;0.40417555629477075;0.3778488961320644;0.4502637582340212;0.3689386645554144;0.0232624121425586;0.2532806215756296;0.02827404523039869;0.6145450645181152;0.01978663948571285;0.0;0.4578492890061929;0.0;0.020546003372359907;0.08389407612451821;0.021441417378219852;0.06045879382841808;0.5547682823956542;0.06426790352577431;0.4721327707294286;0.3566846438546922;0.4361272081888106;0.017339728950274563
GO:0019886;0.0;0.0;0.0;0.0;0.0;0.0;0.0;0.0;0.0;0.0;0.0;0.0;0.0;0.0;0.0;0.0;0.0;0.0;0.0;0.0;0.0;0.0;1.0;0.0;0.0;0.0;0.0;0.0;0.0;0.0;0.0;0.0;0.0;0.0;0.0;0.0;0.0;0.0;0.0;0.0;0.0;0.0;0.0;0.0;0.0;0.0;0.0;0.0;0.0;0.0;0.0;0.0;0.0;0.0;0.0;0.0;0.0;0.0;0.0;0.0;0.0;0.0;0.0;0.0;0.0;0.0;0.0;0.0;0.0;0.0;0.0;0.0;0.0;0.0;0.0;0.0;0.0;0.0;0.0;0.0;0.0;0.0;0.0;0.0;0.0;0.0;0.0;0.0;0.0;0.0;0.0;0.0;0.0
GO:0071459;0.0;0.0;0.0;0.0;0.0;0.0;0.0;0.4727680671646093;0.0;0.0;0.0;0.0;0.0;0.0;0.0;0.0;0.0;0.9769184755380952;0.0;0.0;0.0;0.0;0.0;1.0;0.0;0.0;0.0;0.0;0.0;0.0;0.0;0.0;0.0;0.0;0.0;0.0;0.0;0.0;0.0;0.0;0.0;0.8359037410006083;0.0;0.0;0.0;0.0;0.0;0.0;0.0;0.0;0.0;0.0;0.0;0.45969937522521076;0.0;0.0;0.0;0.0;0.26973184910979775;0.0;0.0;0.0;0.0;0.0;0.0;0.0;0.0;0.0;0.0;0.0;0.2519489208578971;0.0;0.0;0.0;0.0;0.0;0.0;0.0;0.0;0.0;0.0;0.3103439503238911;0.3271037311316731;0.0;0.0;0.34669326231777264;0.0;0.0;0.0;0.32097384596886763;0.0;0.0;0.0
GO:0036089;0.3987365984917079;0.14696732623217218;0.0;0.0;0.4491106352596265;0.41859262604245284;0.43750095691256163;0.0;0.023305123784276436;0.0;0.0;0.16355034533917207;0.35917649100223836;0.0;0.0;0.0;0.3958821700379734;0.0;0.022274961864690142;0.01898513217417398;0.0;0.3641861118356267;0.0;0.0;1.0;0.0;0.4178326336166665;0.0;0.0;0.0;0.4207788623952745;0.38731828904241594;0.0;0.1612928940171964;0.0;0.0;0.0;0.0;0.0;0.38067901108607405;0.1434444290391519;0.0;0.0;0.3752087821754666;0.020431274075746683;0.411987977841617;0.35917649100223836;0.023063236771685217;0.0;0.0;0.0;0.02579387286611131;0.4154479542991376;0.0;0.0;0.4162721145706987;0.0;0.0;0.35291780018104574;0.026581574771059352;0.0;0.0;0.020431274075746683;0.4547562750679415;0.0;0.43220058424940383;0.16485919385087416;0.02577240146140143;0.021666816202049213;0.0;0.0;0.0;0.33089856964548187;0.0;0.019777817580782155;0.02391434273800446;0.0;0.029242987391330848;0.0;0.17118192732250798;0.0;0.4025871610231767;0.0;0.17791356265559338;0.0;0.02199406350893194;0.0;0.0;0.0;0.4154479542991376;0.3641861118356267;0.38306440027663247;0.14957366418178156
GO:1900182;0.06726854118996672;0.0;0.585414596484526;0.07258805195140842;0.07768087461693081;0.0;0.0;0.0;0.0;0.07843247893340143;0.06757124084071423;0.0;0.05944433037187599;0.06457101205271581;0.10117310779121842;0.06314496779019174;0.0;0.0;0.0;0.06457101205271581;0.07532851267769393;0.06041866872696805;0.0;0.0;0.0;1.0;0.0;0.16953855236639784;0.06779699325527164;0.06698753849191677;0.0;0.0;0.07912750162035488;0.0;0.17782952721358908;0.06314496779019174;0.06957564208333833;0.11434736438487761;0.1933908142686918;0.0;0.0;0.0;0.2507487746626058;0.0;0.0;0.0;0.0;0.0;0.208802367589262;0.07900491497605189;0.08074818927924249;0.0;0.0;0.0;0.08200407029281395;0.0;0.18167976818677806;0.2668876876032371;0.0;0.0;0.09676028640746422;0.0798314801502469;0.0;0.0;0.0;0.0;0.0;0.09394301760712788;0.0;0.07612871723553989;0.0;0.06194977012663529;0.0;0.1933908142686918;0.06779699325527164;0.0;0.17280946170563913;0.0;0.07014111662172108;0.0;0.0;0.0;0.0;0.0;0.09768969470126639;0.0;0.06457101205271581;0.19244579744900012;0.1904083520351955;0.0;0.0;0.0;0.0
GO:0007062;0.4518500769864702;0.1640332472187097;0.0;0.0;0.5176452284923053;0.477518504247162;0.5022825086580894;0.0;0.027080720646513876;0.0;0.0;0.3084998568839853;0.40171149163966924;0.0;0.0;0.0;0.4481880482186562;0.0;0.025699623925739136;0.021417671458441475;0.0;0.4079882510956552;0.0;0.0;0.4178326336166665;0.0;1.0;0.0;0.0;0.0;0.48036567685636533;0.9175564852655944;0.0;0.5869296590213937;0.0;0.0;0.0;0.0;0.0;0.42880043060732087;0.5146400940002441;0.0;0.0;0.42187239840211177;0.023276278751782824;0.6294813479671947;0.40171149163966924;0.02675465840717078;0.0;0.0;0.0;0.030500342442077718;0.47343047927829546;0.0;0.0;0.4346322547393745;0.0;0.0;0.39389879539298633;0.03160789653150271;0.0;0.0;0.023276278751782824;0.525159810436941;0.0;0.4953087628293466;0.6016217295295572;0.030470325197771996;0.024893488377238083;0.0;0.0;0.0;0.3666661893863891;0.0;0.022431927775403124;0.02790682358578132;0.0;0.03544358182766539;0.0;0.19478635641171627;0.0;0.4568011543621412;0.0;0.33949668234335145;0.0;0.025326435986149483;0.0;0.0;0.0;0.47343047927829546;0.8561653602842983;0.4318294074178982;0.27901398924048715
GO:0090267;0.8055091713474026;0.0;0.13876567085026614;0.8581327633691685;0.5142983773832649;0.0;0.0;0.0;0.0;0.06390116810711248;0.05517835974545515;0.0;0.48319002659038635;0.0618039145768774;0.08889167044662898;0.06065020204840553;0.0;0.0;0.0;0.5063750540278172;0.3980369580525063;0.7212716870223793;0.0;0.0;0.0;0.16953855236639784;0.0;1.0;0.7467509984638009;0.6237220263064069;0.0;0.0;0.07313666887232652;0.0;0.1658097198801888;0.06065020204840553;0.3857307456163892;0.09758468281700794;0.17785193954420708;0.0;0.0;0.0;0.2195295470912551;0.0;0.0;0.0;0.0;0.0;0.18945783014645762;0.06428062795383853;0.6235067660721013;0.0;0.0;0.0;0.4265350478248228;0.0;0.5413759556416341;0.23054461129780585;0.0;0.0;0.08586392994990241;0.3143483764000931;0.0;0.0;0.0;0.0;0.0;0.083899089231953;0.0;0.49026682645883973;0.0;0.4128584202003267;0.0;0.5964272790402795;0.37748973937439123;0.0;0.25881055655389035;0.0;0.6291979355007906;0.0;0.0;0.0;0.0;0.0;0.08650663771588157;0.0;0.0618039145768774;0.5680239109123033;0.17556953285534016;0.0;0.0;0.0;0.0
GO:0007063;0.804962480920586;0.0;0.05455651972183785;0.8623406461468219;0.463300465953014;0.0;0.0;0.0;0.0;0.07014111662172107;0.06050698773077374;0.0;0.42889201198000587;0.06686706065219274;0.09975570253926454;0.06551863670048165;0.0;0.0;0.0;0.46260065094347425;0.4355238805306521;0.729835244224779;0.0;0.0;0.0;0.06779699325527164;0.0;0.7467509984638009;1.0;0.4783255721365805;0.0;0.0;0.08033500717415575;0.0;0.06725216359697771;0.06551863670048165;0.41954760890852677;0.11083585064544921;0.07257073585711789;0.0;0.0;0.0;0.091482940518482;0.0;0.0;0.0;0.0;0.0;0.07775755050452782;0.0705985685790458;0.5659231079088857;0.0;0.0;0.0;0.4698742359437702;0.0;0.5868603307366909;0.09661651519067593;0.0;0.0;0.09595846434251631;0.3455332172180922;0.0;0.0;0.0;0.0;0.0;0.09351106063677413;0.0;0.5368799172756459;0.0;0.4454251471318908;0.0;0.5020598979454136;0.4098165176850205;0.0;0.27958546313778676;0.0;0.49869086270500873;0.0;0.0;0.0;0.0;0.0;0.09676188121017118;0.0;0.06686706065219274;0.6183041449538172;0.07155777434136341;0.0;0.0;0.0;0.0
GO:1901673;0.6718194507933174;0.0;0.054031133275955365;0.7191550906069029;0.5571829406670348;0.0;0.0;0.0;0.0;0.06927507688034941;0.05976805595784252;0.0;0.43828895485053215;0.06617303721314609;0.09821891545258864;0.06485218253718107;0.0;0.0;0.0;0.45779924810713657;0.7450430194704047;0.6097312687979122;0.0;0.0;0.0;0.06698753849191677;0.0;0.6237220263064069;0.4783255721365805;1.0;0.0;0.0;0.07933534698010304;0.0;0.06655016501606317;0.06485218253718107;0.41489097974373995;0.10894195408015873;0.07175398724971883;0.0;0.0;0.0;0.09018882313125573;0.0;0.0;0.0;0.0;0.0;0.07682063313575468;0.06972126623186478;0.5765484351502984;0.0;0.0;0.0;0.8030509916559876;0.0;0.3843903825746378;0.09517422858178687;0.0;0.0;0.0945356128624475;0.3411998081851364;0.0;0.0;0.0;0.0;0.0;0.09215935156008564;0.0;0.5304235711617027;0.0;0.44097194384200744;0.0;0.496409456102228;0.40537225328339954;0.0;0.276741525820252;0.0;0.6771093716262441;0.0;0.0;0.0;0.0;0.0;0.09531528379342732;0.0;0.06617303721314609;0.4047551328644729;0.07076354262155429;0.0;0.0;0.0;0.0
GO:0007140;0.45529754195840866;0.16512318802776546;0.0;0.0;0.5221748126249242;0.4813704470117246;0.5065461163853479;0.0;0.027332429417384015;0.0;0.0;0.31081326892082467;0.40443401822879754;0.0;0.0;0.0;0.7185247803669844;0.0;0.025926206044113703;0.02157480869171149;0.0;0.4107968189753553;0.0;0.0;0.4207788623952745;0.0;0.48036567685636533;0.0;0.0;0.0;1.0;0.44047032426122945;0.0;0.30593444517244267;0.0;0.0;0.0;0.0;0.0;0.4319039364767702;0.2680101837905847;0.0;0.0;0.6760357573132951;0.023461990035503484;0.4726568207924663;0.643509653828856;0.02700031483661122;0.0;0.0;0.0;0.030820009125229676;0.4772164901118788;0.0;0.0;0.4378210659101956;0.0;0.0;0.39651610852319763;0.03195133145181815;0.0;0.0;0.023461990035503484;0.5298224520687957;0.38119282325577064;0.49945431107201765;0.3136505730444262;0.03078935969288509;0.025106019984287794;0.0;0.0;0.0;0.3689330699917575;0.0;0.022604360111454225;0.02817419925536085;0.0;0.035875997560018684;0.0;0.19632521096191438;0.0;0.46032487796401234;0.0;0.3423004464599612;0.0;0.025546457250775128;0.0;0.0;0.0;0.4772164901118788;0.6536337371681636;0.4349770743976179;0.28090495581788183
GO:0007064;0.4845396271842289;0.15269263677324443;0.0;0.0;0.548820727642018;0.43807526091057347;0.5339419060978455;0.0;0.02453808426775922;0.0;0.0;0.28466001366698457;0.4345594139355387;0.0;0.0;0.0;0.4132642260140455;0.0;0.023398701818713973;0.01979541245547476;0.0;0.44086439730161453;0.0;0.0;0.38731828904241594;0.0;0.9175564852655944;0.0;0.0;0.0;0.44047032426122945;1.0;0.0;0.5422265929187131;0.0;0.0;0.0;0.0;0.0;0.4616713674354502;0.4799451890004464;0.0;0.0;0.39078710162990044;0.02137275845175194;0.5783438548744705;0.37342668040730875;0.02427007326713173;0.0;0.0;0.0;0.02731281084813907;0.5057847974092632;0.0;0.0;0.4674746597851529;0.0;0.0;0.4266921800979272;0.028197607125796317;0.0;0.0;0.02137275845175194;0.556070048406544;0.0;0.5271618049358369;0.5547420092870619;0.027288737369326178;0.02272857122711136;0.0;0.0;0.0;0.399099984436228;0.0;0.020658743440912678;0.025214405352653832;0.0;0.031210799945853004;0.0;0.17899946164048514;0.0;0.4894278650885185;0.0;0.31084794429785895;0.0;0.023088943782413336;0.0;0.0;0.0;0.5057847974092632;0.7950074627079251;0.46468699819655074;0.25936840234267955
GO:1901796;0.07968226396088318;0.0;0.061661673351929465;0.08627283396069077;0.09262425345903558;0.0;0.0;0.0;0.0;0.08233917459690385;0.07089336743866576;0.0;0.07006846433419076;0.07635704662816539;0.12246180565258145;0.26292058367857457;0.0;0.0;0.0;0.07635704662816539;0.0896854531351339;0.07126050873699602;0.0;0.0;0.0;0.07912750162035488;0.0;0.07313666887232652;0.08033500717415575;0.07933534698010304;0.0;0.0;1.0;0.0;0.07685962725317257;0.07460373518519356;0.08253519251258881;0.5218204633541308;0.0838857148552923;0.0;0.0;0.0;0.11022537057204639;0.0;0.0;0.0;0.0;0.0;0.09089414150964902;0.08297028598272013;0.09646945109452612;0.0;0.0;0.0;0.09804816072692715;0.0;0.07859336378166192;0.11776455860536592;0.0;0.0;0.1167883582599105;0.09531869002325008;0.0;0.0;0.0;0.0;0.0;0.11318306702418353;0.0;0.09068416285819884;0.0;0.07313666887232652;0.0;0.0838857148552923;0.08033500717415575;0.0;0.07460373518519356;0.0;0.08323571933574522;0.0;0.0;0.0;0.0;0.0;0.11798059773900064;0.0;0.07635704662816539;0.08345758985264563;0.08253519251258881;0.0;0.0;0.0;0.0
GO:0051382;0.0205180357274168;0.15269263677324443;0.0;0.0;0.02324004615090918;0.1824298739011182;0.31868521239525166;0.0;0.02453808426775922;0.0;0.0;0.32081084333618953;0.018401602429566784;0.0;0.0;0.0;0.02036470446401519;0.0;0.023398701818713973;0.01979541245547476;0.0;0.018668589620516856;0.0;0.0;0.1612928940171964;0.0;0.5869296590213937;0.0;0.0;0.0;0.30593444517244267;0.5422265929187131;0.0;1.0;0.0;0.0;0.0;0.0;0.0;0.27186019922793436;0.4799451890004464;0.0;0.0;0.019257083802776378;0.02137275845175194;0.5783438548744705;0.018401602429566784;0.02427007326713173;0.0;0.0;0.0;0.02731281084813907;0.5178101536270996;0.0;0.0;0.16728672742699072;0.0;0.0;0.018068461080748513;0.028197607125796317;0.0;0.0;0.02137275845175194;0.02354702170894645;0.0;0.022322889895836126;0.9769184755380952;0.027288737369326178;0.02272857122711136;0.0;0.0;0.0;0.016900057869488838;0.0;0.020658743440912678;0.025214405352653832;0.0;0.031210799945853004;0.0;0.4471581545507854;0.0;0.2921168414702156;0.0;0.31084794429785895;0.0;0.023088943782413336;0.0;0.0;0.0;0.021417671458441475;0.5085392196553008;0.01967736774486301;0.25936840234267955
GO:1904668;0.06679410581653009;0.0;0.1442711455739045;0.07136398233395802;0.0756552977296284;0.0;0.0;0.0;0.0;0.3016905882793387;0.27680989678424134;0.0;0.05990430059695317;0.2806810761833934;0.21540365350242044;0.06318839301536254;0.0;0.0;0.0;0.06444168885358036;0.07368318787380325;0.06077344669460559;0.0;0.0;0.0;0.17782952721358908;0.0;0.1658097198801888;0.06725216359697771;0.06655016501606317;0.0;0.0;0.07685962725317257;0.0;1.0;0.9040080088607938;0.4242572091166177;0.10432739712197911;0.4912005429946451;0.0;0.0;0.0;0.6129406055413813;0.0;0.0;0.0;0.0;0.0;0.3914838307515627;0.06754844307988965;0.078201291936798;0.0;0.0;0.0;0.07923549713232435;0.0;0.2509735492305905;0.24453608085080733;0.0;0.0;0.20762439830970109;0.07744338558295856;0.0;0.0;0.0;0.0;0.0;0.08883534640748726;0.0;0.07435596316649003;0.0;0.062132762415870395;0.0;0.18606467716100655;0.06725216359697771;0.0;0.16862681358716422;0.0;0.06927313977766766;0.0;0.0;0.0;0.0;0.0;0.09176411037136836;0.0;0.06444168885358036;0.2638951647281921;0.3995999252649;0.0;0.0;0.0;0.0
