;GO:0021915;GO:0007050;GO:0061098;GO:0006366;GO:0006564;GO:0085029;GO:0000413;GO:0002244;GO:0006566;GO:0050796;GO:0010934;GO:0045892;GO:0071333;GO:0010977;GO:0043154;GO:2000510;GO:0070168;GO:2000352;GO:0032689;GO:0050711;GO:0015867;GO:0032008;GO:0015866;GO:0032720;GO:0035754;GO:0033138;GO:0046827;GO:1900142;GO:0030182;GO:0043277;GO:0043433;GO:0021782;GO:0046902;GO:0060314;GO:0009448;GO:0042985;GO:0033209;GO:0043161;GO:0006888;GO:0010628;GO:0071363;GO:0016241;GO:0010469;GO:0031100;GO:0018105;GO:0050766;GO:0051897;GO:0072659;GO:0046718;GO:0043407;GO:0006541;GO:0022900;GO:0045944;GO:0043687;GO:0006544;GO:0060546;GO:0002576;GO:0003104;GO:0032825;GO:0007628;GO:0001961;GO:0043491;GO:0030889;GO:0019064;GO:0048146;GO:0097028;GO:0033159;GO:0070588;GO:2000533;GO:0032148;GO:0035457;GO:0016579;GO:2000270;GO:0035690;GO:1900165;GO:0007167;GO:0009267;GO:0001782;GO:0048747;GO:2000669;GO:0010804;GO:0070374;GO:0019530;GO:0019896;GO:2001238;GO:0071307;GO:0015853
GO:0021915;1.0;0.0;0.0;0.0;0.0;0.0;0.0;0.3998540636032579;0.0;0.0;0.0;0.0;0.0;0.0;0.0;0.0;0.0;0.0;0.0;0.0;0.0;0.0;0.0;0.0;0.0;0.0;0.0;0.0;0.3998540636032579;0.0;0.0;0.5029522402203949;0.0;0.0;0.0;0.0;0.0;0.0;0.0;0.0;0.0;0.0;0.0;0.538660143197962;0.0;0.0;0.0;0.0;0.0;0.0;0.0;0.0;0.0;0.0;0.0;0.0;0.0;0.0;0.0;0.0;0.0;0.0;0.0;0.0;0.0;0.37547254530777596;0.0;0.0;0.0;0.0;0.0;0.0;0.0;0.0;0.0;0.0;0.0;0.0;0.4487303465058315;0.0;0.0;0.0;0.0;0.0;0.0;0.0;0.0
GO:0007050;0.0;1.0;0.1839928772507904;0.1410198331869045;0.15137412925018093;0.2844412136290386;0.19419368574660723;0.31368914380898777;0.2069797001665266;0.2988133171118565;0.0;0.2989176286679829;0.20540798928369938;0.3484871482763428;0.2648130751337898;0.24423271919911907;0.42204978322967024;0.4891131246448917;0.44014773625807546;0.31070187827434764;0.0;0.32895690524516585;0.0;0.4059917522774535;0.21349946215585908;0.23406135424980928;0.22158355126126056;0.4890880084791857;0.31368914380898777;0.0;0.33057603308022604;0.2979967994700754;0.3246965277708036;0.23190036113849094;0.25456199880749214;0.325478201743097;0.5568532155354157;0.1591934425077601;0.0;0.35207383374041584;0.259826894870313;0.4403400865545523;0.4378833466962502;0.0;0.17251162400732145;0.3510502088137278;0.3289568434349068;0.0;0.0;0.21127458616645767;0.2069795684759069;0.297815339735553;0.2105550922367377;0.20700708675302323;0.2401144279317462;0.5242690916989753;0.24893928032469312;0.28843709343585033;0.23366956294315072;0.0;0.3285657539654562;0.5823304419401569;0.36622254827391354;0.23928279084915957;0.44015141067913294;0.2984836315799026;0.23924987267699993;0.0;0.4396861765809906;0.19060350067212956;0.23968545277087988;0.18833166896215972;0.5242021825649487;0.28379206675754043;0.3173832988979089;0.582331828041228;0.2135299063055052;0.2705392134894047;0.27187058639297834;0.4891060329109118;0.43049914505924003;0.18436969682742918;0.23010684991795308;0.16271146554593657;0.2765847063759752;0.18774561586768634;0.0
GO:0061098;0.0;0.1839928772507904;1.0;0.0;0.0;0.0;0.0;0.0;0.0;0.15628988317559886;0.0;0.25713003759672515;0.08472346848866803;0.1419472328957255;0.3336856085092057;0.19472432979463253;0.14762502509907482;0.1695831134979157;0.15032654893964517;0.13279366361438488;0.0;0.22843331832328173;0.0;0.14511641166571743;0.0;0.7898201932035412;0.15007044662449895;0.16957891198442904;0.0;0.0;0.3278860423989526;0.0;0.10680892367921643;0.16415879369589362;0.0950537558183583;0.29641963540748373;0.19102930303883567;0.0;0.0;0.334045118716015;0.0;0.2614683449121772;0.22656959968016577;0.0;0.0;0.23584012595599993;0.2284332969040944;0.0;0.0;0.4461205398937309;0.0;0.0;0.40186890258717234;0.0;0.09222628362906975;0.17525304698410862;0.0;0.17163219058075413;0.18980818827286938;0.0;0.22829769139591638;0.1945793472817175;0.14595354732654578;0.0;0.2613855426444958;0.0;0.110668545239306;0.0;0.15025923434028923;0.9319743188050286;0.0;0.0;0.1752426422256103;0.0;0.13447735182283038;0.1945795354055827;0.0;0.11291425706795992;0.0;0.16958192719232898;0.15912993439110296;0.6825157067736705;0.0;0.0;0.20871174833440534;0.0;0.0
GO:0006366;0.0;0.1410198331869045;0.0;1.0;0.3840605658894595;0.15203640254859777;0.41130638934117614;0.16001084115038958;0.34474742380617157;0.0;0.0;0.0;0.10304119322347231;0.0;0.0;0.0;0.0;0.0;0.0;0.0;0.0;0.0;0.0;0.0;0.12910622731413995;0.0;0.0;0.0;0.16001084115038958;0.0;0.0;0.15582518263673154;0.13766017450706022;0.0;0.3230929196966825;0.0;0.14808859642551378;0.36146701830905803;0.0;0.0;0.14470893142334212;0.0;0.0;0.0;0.3812555648159725;0.0;0.0;0.0;0.0;0.0;0.3447472895442288;0.26384965112946657;0.0;0.4279174430460192;0.31117612420546137;0.0;0.14126785829740796;0.0;0.0;0.0;0.0;0.15171672458634766;0.0;0.13810508967405138;0.0;0.15595819528519794;0.0;0.0;0.0;0.0;0.1382391277204172;0.40343137486419983;0.0;0.15185074410565147;0.0;0.15171691796475154;0.12911735949310837;0.0;0.1483695407783423;0.0;0.0;0.0;0.3211167977238534;0.10860645773523857;0.0;0.11921703092196446;0.0
GO:0006564;0.0;0.15137412925018093;0.0;0.3840605658894595;1.0;0.16414109125988952;0.3943791055392482;0.17347485889335798;0.6741481847203106;0.0;0.0;0.0;0.10846217454201694;0.0;0.0;0.0;0.0;0.0;0.0;0.0;0.0;0.0;0.0;0.0;0.1377314228348586;0.0;0.0;0.0;0.17347485889335798;0.0;0.0;0.16856597016245328;0.14750975616402642;0.0;0.5889369672533388;0.0;0.15954912839844826;0.3439741436335833;0.0;0.0;0.1556330360330329;0.0;0.0;0.0;0.3638958776113245;0.0;0.0;0.0;0.0;0.0;0.6741479049825427;0.2854154472179731;0.0;0.4113494937056029;0.6433400103812278;0.0;0.15165995059762127;0.0;0.0;0.0;0.0;0.16376854563812232;0.0;0.14802073452753844;0.0;0.16872163401425277;0.0;0.0;0.0;0.0;0.14817472154064915;0.3863637700976155;0.0;0.16392471383637663;0.0;0.16376877095933687;0.1377440921858602;0.0;0.1598752876579257;0.0;0.0;0.0;0.486682024707259;0.11464598906764636;0.0;0.12653405441995427;0.0
GO:0085029;0.0;0.2844412136290386;0.0;0.15203640254859777;0.16414109125988952;1.0;0.21571859225377446;0.37396593489257635;0.23161215483838865;0.0;0.0;0.0;0.1631502255410791;0.0;0.0;0.0;0.0;0.0;0.0;0.0;0.0;0.0;0.0;0.0;0.2398067978710284;0.0;0.0;0.0;0.37396593489257635;0.0;0.0;0.3518758088084741;0.4598168630979833;0.0;0.2063311416999902;0.0;0.314744698031293;0.1733752244109801;0.0;0.0;0.2998602079238401;0.0;0.0;0.0;0.18929062333494465;0.0;0.0;0.0;0.0;0.0;0.23161198993787985;0.3516228277061468;0.0;0.23164644834778716;0.1934568527771143;0.0;0.28545208953079804;0.0;0.0;0.0;0.0;0.3315985261004935;0.0;0.4627526966633338;0.0;0.35255479842963544;0.0;0.0;0.0;0.0;0.2733505806618592;0.2085091560058132;0.0;0.3322394130317447;0.0;0.3315994498769603;0.23984520756866012;0.0;0.3160165077222731;0.0;0.0;0.0;0.2609618185274613;0.1775562058582249;0.0;0.2077910381141498;0.0
GO:0000413;0.0;0.19419368574660723;0.0;0.41130638934117614;0.3943791055392482;0.21571859225377446;1.0;0.2321330963776271;0.5119863182578568;0.0;0.0;0.0;0.12881363304271412;0.0;0.0;0.0;0.0;0.0;0.0;0.0;0.0;0.0;0.0;0.0;0.17229922424185395;0.0;0.0;0.0;0.2321330963776271;0.0;0.0;0.223426498539561;0.187879446653814;0.0;0.47019133687823517;0.0;0.2078565058157741;0.5437285685804479;0.0;0.0;0.20125906101362806;0.0;0.0;0.0;0.8142609777162096;0.0;0.0;0.0;0.0;0.0;0.5119860538106958;0.3782627306974748;0.0;0.8928676511684767;0.4478991818084705;0.0;0.1946643308883987;0.0;0.0;0.0;0.0;0.21507559315831273;0.0;0.1887091665031697;0.0;0.22370005556127726;0.0;0.0;0.0;0.0;0.18895951742095557;0.8263476331544856;0.0;0.2153450217239132;0.0;0.2150759817768787;0.17231905160546143;0.0;0.2084104129692602;0.0;0.0;0.0;0.494818585294675;0.1376300989772019;0.0;0.15512629958451404;0.0
GO:0002244;0.3998540636032579;0.31368914380898777;0.0;0.16001084115038958;0.17347485889335798;0.37396593489257635;0.2321330963776271;1.0;0.2506411970097249;0.0;0.0;0.0;0.17236847918713022;0.0;0.0;0.0;0.0;0.0;0.0;0.0;0.0;0.0;0.0;0.0;0.2602656605106244;0.0;0.0;0.0;0.8613692629559758;0.0;0.0;0.6736929327793072;0.297536402344103;0.0;0.22129854515971403;0.0;0.35095321838712384;0.18382213729149627;0.0;0.0;0.33254722512617985;0.0;0.0;0.427862056727465;0.20181283406743863;0.0;0.0;0.0;0.0;0.0;0.25064100389998095;0.39743087636740304;0.0;0.2506813575393429;0.20655542147425696;0.0;0.3149190458150008;0.0;0.0;0.0;0.0;0.3720377410246612;0.0;0.29962268917158774;0.0;0.8056081319431126;0.0;0.0;0.0;0.0;0.3002543026038131;0.2238059298183756;0.0;0.37284466497360663;0.0;0.37203890385366706;0.26031090415549946;0.0;0.597103802400908;0.0;0.0;0.0;0.2853732567571833;0.18852899769315995;0.0;0.22297878996327716;0.0
GO:0006566;0.0;0.2069797001665266;0.0;0.34474742380617157;0.6741481847203106;0.23161215483838865;0.5119863182578568;0.2506411970097249;1.0;0.0;0.0;0.0;0.13431748458510423;0.0;0.0;0.0;0.0;0.0;0.0;0.0;0.0;0.0;0.0;0.0;0.18229046943933042;0.0;0.0;0.0;0.2506411970097249;0.0;0.0;0.24052115137469776;0.19982193319405478;0.0;0.7585520729216357;0.0;0.22257314769958805;0.4301554149991608;0.0;0.0;0.21502536879592982;0.0;0.0;0.0;0.4617690486965719;0.0;0.0;0.0;0.0;0.0;0.8865367870667961;0.4071898796944804;0.0;0.5409590649645588;0.7701227120819691;0.0;0.207514446954836;0.0;0.0;0.0;0.0;0.23087107920249608;0.0;0.20076075069783803;0.0;0.24083819990332286;0.0;0.0;0.0;0.0;0.20104412314044612;0.49855908903463736;0.0;0.231181564045495;0.0;0.2308715269987024;0.18231266311073133;0.0;0.223208386788108;0.0;0.0;0.0;0.6544737550987749;0.14393156807553945;0.0;0.16317861946879036;0.0
GO:0050796;0.0;0.2988133171118565;0.15628988317559886;0.0;0.0;0.0;0.0;0.0;0.0;1.0;0.0;0.17797960472608398;0.16358118657361095;0.20175732843804742;0.16081933105876733;0.23719612414574284;0.2401318683386114;0.26257803933062335;0.24736285254474183;0.5403126154421336;0.0;0.3485661174978257;0.0;0.2335641692420577;0.0;0.19099431746125586;0.43173088436992185;0.2625679665017746;0.0;0.0;0.2177469904209379;0.0;0.23204385725064972;0.3792709865526412;0.1936032638701533;0.19088592552376074;0.3178258638291929;0.0;0.0;0.24727530981634305;0.0;0.3091815366433597;0.42974201842319015;0.0;0.0;0.36637153472018236;0.3485660677640815;0.0;0.0;0.184828412520214;0.0;0.0;0.17504782152644155;0.0;0.1850631757053226;0.276425370666109;0.0;0.21409963621204597;0.1907333598064455;0.0;0.3482512994536277;0.32777539501562436;0.20994849054488895;0.0;0.30908850676354344;0.0;0.3840518129480647;0.0;0.24718063871467444;0.16103404059339102;0.0;0.0;0.27639948604775433;0.0;0.5498385412329945;0.3277759288461389;0.0;0.2541029788022789;0.0;0.26257519521988;0.3325768855164707;0.21846770661386855;0.0;0.0;0.3047476290291508;0.0;0.0
GO:0010934;0.0;0.0;0.0;0.0;0.0;0.0;0.0;0.0;0.0;0.0;1.0;0.0;0.0;0.0;0.0;0.0;0.0;0.0;0.0;0.0;0.0;0.0;0.0;0.0;0.2392412269528213;0.0;0.0;0.0;0.0;0.0;0.0;0.0;0.0;0.0;0.0;0.0;0.0;0.0;0.0;0.0;0.0;0.0;0.0;0.0;0.0;0.0;0.0;0.0;0.0;0.0;0.0;0.0;0.0;0.0;0.0;0.0;0.0;0.2388154946644754;0.0;0.33116166001573966;0.0;0.0;0.0;0.0;0.0;0.0;0.0;0.0;0.0;0.0;0.0;0.0;0.0;0.0;0.0;0.0;0.0;0.3132487753730007;0.0;0.0;0.0;0.0;0.0;0.0;0.0;0.0;0.0
GO:0045892;0.0;0.2989176286679829;0.25713003759672515;0.0;0.0;0.0;0.0;0.0;0.0;0.17797960472608398;0.0;1.0;0.09537692198550128;0.22210815372086937;0.416507010771745;0.15707203287412458;0.21545042486169244;0.27194001189719474;0.22006971171089004;0.2061309903317507;0.0;0.18825435464382465;0.0;0.21118635215100667;0.0;0.30280880296148666;0.1360181557152617;0.27193224780233244;0.0;0.0;0.6927214495988748;0.0;0.1243143263115152;0.15187765426573296;0.10867233015307565;0.7114403204070158;0.22446419629691636;0.0;0.0;0.3061304220577927;0.0;0.3063456870415781;0.21950217579963885;0.0;0.0;0.1952878746463419;0.18825433440092854;0.0;0.0;0.35389767706625025;0.0;0.0;0.5537590352754593;0.0;0.10499230488309728;0.2824713358824365;0.0;0.15858039320037112;0.1526345228107991;0.0;0.18812618719571642;0.22938167895525668;0.2291819752966913;0.0;0.22007063027762208;0.0;0.15499596660705317;0.0;0.2199542656179414;0.2635766212831899;0.0;0.0;0.2824519113205909;0.0;0.2090506734954587;0.2293819403927906;0.0;0.1326631348240601;0.0;0.2719378196838185;0.2528029669212997;0.2575011746568744;0.0;0.0;0.16984909658869513;0.0;0.0
GO:0071333;0.0;0.20540798928369938;0.08472346848866803;0.10304119322347231;0.10846217454201694;0.1631502255410791;0.12881363304271412;0.17236847918713022;0.13431748458510423;0.16358118657361095;0.0;0.09537692198550128;1.0;0.10677918742106403;0.08696855267740494;0.10485990789448842;0.15106192063362797;0.1346984136268867;0.1549168049417578;0.09817218781442746;0.0;0.1289737125909578;0.0;0.14753058515417544;0.13703308067194683;0.10165314762533366;0.11467411782927536;0.13469393182828304;0.17236847918713022;0.0;0.11428918992669655;0.16752113131829327;0.2520023872880134;0.1366167175435349;0.2154111552911124;0.10160123022532151;0.2164359980191691;0.11241864978039066;0.0;0.15487034097208235;0.46700222239574724;0.15495708653597845;0.15444152731065772;0.0;0.11890088590104717;0.13458875319241514;0.1289736965261515;0.0;0.0;0.07272796474816752;0.13431742912706235;0.16746377093144094;0.093951179938621;0.13432901718764637;0.2070369690537657;0.14081680512164044;0.15081365635230384;0.1368933004638139;0.10152814454115983;0.0;0.1288720095900621;0.22212536364517507;0.11064197189587342;0.14721446019538087;0.15491757456483837;0.16767487053794078;0.10329814727691507;0.0;0.154820087916581;0.08707470760761274;0.44474436760479596;0.12620785857121386;0.14080544740340303;0.38478651585139834;0.09973300871678162;0.222125667415994;0.23215690453793572;0.26770836073740467;0.15893510770249136;0.13469714817452957;0.12377866383590304;0.08485849917993206;0.1436892553243798;0.11416171728241764;0.11458996834903781;0.29742704810256754;0.0
GO:0010977;0.0;0.3484871482763428;0.1419472328957255;0.0;0.0;0.0;0.0;0.0;0.0;0.20175732843804742;0.0;0.22210815372086937;0.10677918742106403;1.0;0.20270997167867308;0.17530530637916397;0.4963780133032664;0.3123609365150611;0.35848354645931735;0.29286261649127976;0.0;0.21506346409221;0.0;0.34166037819384487;0.0;0.17000261510419942;0.15326709339979125;0.3123506928304651;0.0;0.0;0.2289940192754819;0.0;0.1444141453635086;0.16885972643401936;0.12372595254289541;0.2364451761699653;0.26365178207001183;0.0;0.0;0.20610479544786955;0.0;0.2576754843927997;0.25683227541803927;0.0;0.0;0.26818868970375304;0.21506343767324185;0.0;0.0;0.16977684293328132;0.0;0.0;0.1572517622719702;0.0;0.1189780478065045;0.3263361139771138;0.0;0.22807641172542453;0.30279965646758317;0.0;0.21489620919446553;0.27046220894238265;0.25723552481920164;0.0;0.2576108649321161;0.0;0.17272323774000406;0.0;0.35826343071353056;0.14584973466461473;0.0;0.0;0.3263101884197889;0.0;0.2974690218270962;0.27046257240835125;0.0;0.1558046570283835;0.0;0.31235804417394697;0.28737342966765617;0.1421714052701524;0.0;0.0;0.1913726421563367;0.0;0.0
GO:0043154;0.0;0.2648130751337898;0.3336856085092057;0.0;0.0;0.0;0.0;0.0;0.0;0.16081933105876733;0.0;0.416507010771745;0.08696855267740494;0.20270997167867308;1.0;0.14355353388255948;0.1908041698990338;0.44508352993600536;0.1944182026861461;0.1893175857709943;0.0;0.1691618392360989;0.0;0.1874522781629105;0.0;0.330509851978787;0.12344006890618883;0.4450721551410377;0.0;0.0;0.3987329961260704;0.0;0.11040186915419933;0.16827680044347415;0.09788886128766179;0.49165311809002993;0.1978399786694404;0.0;0.0;0.2326004982273992;0.0;0.2706308872776934;0.23448957508480262;0.0;0.0;0.17481960482076978;0.16916182289100626;0.0;0.0;0.4965875932315002;0.0;0.0;0.2600352344389067;0.0;0.09489286555906283;0.39118031212264903;0.0;0.1417416898207671;0.13983795350419673;0.0;0.16905834349935453;0.20165019590237368;0.20858579854156284;0.0;0.19441891959476218;0.0;0.14181747051384874;0.0;0.19432809556908007;0.3414336987737589;0.0;0.0;0.46042177111729204;0.0;0.1917775545698817;0.20165039794719372;0.0;0.11693743275556646;0.0;0.44508031823850064;0.22797244030721076;0.2846315272262788;0.0;0.0;0.2441941107908792;0.0;0.0
GO:2000510;0.0;0.24423271919911907;0.19472432979463253;0.0;0.0;0.0;0.0;0.0;0.0;0.23719612414574284;0.0;0.15707203287412458;0.10485990789448842;0.17530530637916397;0.14355353388255948;1.0;0.19612147283159262;0.2194774836893828;0.20091834189554258;0.19381400518056469;0.0;0.3753103223821169;0.0;0.19171849612534286;0.0;0.23255885172134;0.22537996997483983;0.21947044620681835;0.0;0.0;0.18725292866316198;0.0;0.1409256203853954;0.2323243054788351;0.12115644744541626;0.16703929360566375;0.2567880987519479;0.0;0.0;0.25098082862357823;0.0;0.25111556698142495;0.30030189470165686;0.0;0.0;0.3489687664932375;0.3753102772617619;0.0;0.0;0.14458294022927512;0.0;0.0;0.21538975202516955;0.0;0.11660007000042273;0.22906897245223834;0.0;0.2229219323616796;0.29767526040381953;0.0;0.37502466680539814;0.26324420613522115;0.21769311532462762;0.0;0.3493542102954243;0.0;0.16975079012657907;0.0;0.2007981122359952;0.19999980799317219;0.0;0.0;0.2290511968031861;0.0;0.19681178456637657;0.26324455045993855;0.0;0.1517518440883046;0.0;0.21947549663196111;0.24267516562598127;0.24991274444632797;0.0;0.0;0.33475397770616777;0.0;0.0
GO:0070168;0.0;0.42204978322967024;0.14762502509907482;0.0;0.0;0.0;0.0;0.0;0.0;0.2401318683386114;0.0;0.21545042486169244;0.15106192063362797;0.4963780133032664;0.1908041698990338;0.19612147283159262;1.0;0.3532059640807812;0.6162447781076148;0.3116720218506047;0.0;0.26446634645912864;0.0;0.5681538508529924;0.0;0.18792727452202085;0.2224339682240408;0.3531877383496625;0.0;0.0;0.2766019394725761;0.0;0.23927964375020078;0.18618664472043414;0.18736908493666407;0.2346564821645421;0.3689399071583821;0.0;0.0;0.3542256592547106;0.0;0.3545611604505673;0.3525709635187408;0.0;0.0;0.28231487526202353;0.2644662965397455;0.0;0.0;0.15214735990085781;0.0;0.0;0.1689991229084104;0.0;0.17669115429710086;0.37872610397657064;0.0;0.3622127259189461;0.32624587885815587;0.0;0.2641504454264002;0.385932098801788;0.2641386323341725;0.0;0.35440830992419714;0.0;0.24004289979033486;0.0;0.6155946073063938;0.15294299581628704;0.0;0.0;0.3786775168299357;0.0;0.3183954800320584;0.38593302353969805;0.0;0.2722589039556739;0.0;0.3532008179107238;0.310697131729953;0.14792813456543974;0.0;0.0;0.22220006293869493;0.0;0.0
GO:2000352;0.0;0.4891131246448917;0.1695831134979157;0.0;0.0;0.0;0.0;0.0;0.0;0.26257803933062335;0.0;0.27194001189719474;0.1346984136268867;0.3123609365150611;0.44508352993600536;0.2194774836893828;0.3532059640807812;1.0;0.3657932176052899;0.2816585879080464;0.0;0.28557293465531514;0.0;0.34188913577838814;0.0;0.21122872445231253;0.196462579488589;0.7693917626643226;0.0;0.0;0.2932576969256021;0.0;0.2006661740782833;0.2094671896556871;0.16283329471414484;0.29374780657747496;0.37809702436063225;0.0;0.0;0.2926226207374631;0.0;0.3659260595276667;0.3642278977328243;0.0;0.0;0.302076846708724;0.2855728880734741;0.0;0.0;0.19743121037978115;0.0;0.0;0.191895435938215;0.0;0.15470815621853445;0.6936947829610202;0.0;0.24727882346863994;0.210909591065132;0.0;0.2852781065098995;0.39226202361710905;0.3265350416956366;0.0;0.3657957554360739;0.0;0.21544522126829693;0.0;0.36547437294025936;0.17518307823381712;0.0;0.0;0.8164445626549534;0.0;0.287138264577937;0.3922627881626581;0.0;0.22335563328662375;0.0;0.7694161573373614;0.376681409472235;0.16990317024865323;0.0;0.0;0.38851599334196635;0.0;0.0
GO:0032689;0.0;0.44014773625807546;0.15032654893964517;0.0;0.0;0.0;0.0;0.0;0.0;0.24736285254474183;0.0;0.22006971171089004;0.1549168049417578;0.35848354645931735;0.1944182026861461;0.20091834189554258;0.6162447781076148;0.3657932176052899;1.0;0.40698439468260217;0.0;0.27326398146058245;0.0;0.7557745274740068;0.0;0.19232718274695126;0.22862463264857938;0.3657736697371367;0.0;0.0;0.28426216548786637;0.0;0.24909788287023946;0.19050448794371966;0.19333626403840648;0.24014653058786728;0.3862891813986089;0.0;0.0;0.37018872632970423;0.0;0.37055516302058406;0.3683819138708811;0.0;0.0;0.2923626235046133;0.2732639281647611;0.0;0.0;0.15443654976306023;0.0;0.0;0.17254897257096077;0.0;0.18198797554442514;0.39323535867058046;0.0;0.3754621553439602;0.23990511116593802;0.0;0.2729267269696727;0.4049574842261815;0.27111538604906893;0.0;0.3703882147554149;0.0;0.24579097035859968;0.0;0.6433202857389514;0.15584457491444884;0.0;0.0;0.3931829776563554;0.0;0.4159641184277758;0.4049585023855703;0.0;0.2850423917296874;0.0;0.3657876981127726;0.3203953222923155;0.1506408654719229;0.0;0.0;0.22837753355806278;0.0;0.0
GO:0050711;0.0;0.31070187827434764;0.13279366361438488;0.0;0.0;0.0;0.0;0.0;0.0;0.5403126154421336;0.0;0.2061309903317507;0.09817218781442746;0.29286261649127976;0.1893175857709943;0.19381400518056469;0.3116720218506047;0.2816585879080464;0.40698439468260217;1.0;0.0;0.19472684926916542;0.0;0.389919710909766;0.0;0.15703836070801946;0.34609068880974436;0.28165025895985435;0.0;0.0;0.2095688298918718;0.0;0.12910567590473274;0.2179566098067382;0.11231611213740883;0.21842248324510258;0.2337273183073912;0.0;0.0;0.18319441292654662;0.0;0.22901853699384708;0.22835220852014687;0.0;0.0;0.2824785169280284;0.19472682761037208;0.0;0.0;0.16028061070543165;0.0;0.0;0.1460955039588057;0.0;0.10838962545218508;0.292971755711066;0.0;0.20533442849887762;0.18818683120160634;0.0;0.19458972030878097;0.23906386664901758;0.23604607800012056;0.0;0.22896748996006117;0.0;0.43775659722773946;0.0;0.318450558407255;0.1362030379007142;0.0;0.0;0.29295086020658145;0.0;0.8972818946961885;0.23906415062289013;0.0;0.13813381865912716;0.0;0.2816562362050688;0.26118076486507324;0.13298983637753042;0.0;0.0;0.17510020178173968;0.0;0.0
GO:0015867;0.0;0.0;0.0;0.0;0.0;0.0;0.0;0.0;0.0;0.0;0.0;0.0;0.0;0.0;0.0;0.0;0.0;0.0;0.0;0.0;1.0;0.0;0.9203065901749218;0.0;0.0;0.0;0.0;0.0;0.0;0.35212711332661467;0.0;0.0;0.0;0.0;0.0;0.0;0.0;0.0;0.3395223462224613;0.0;0.0;0.0;0.0;0.0;0.0;0.0;0.0;0.20207440615966557;0.0;0.0;0.0;0.0;0.0;0.0;0.0;0.0;0.3285947979376608;0.0;0.0;0.0;0.0;0.0;0.0;0.0;0.0;0.0;0.0;0.3407660757524223;0.0;0.0;0.0;0.0;0.0;0.0;0.0;0.0;0.0;0.0;0.0;0.0;0.0;0.0;0.0;0.23218497830853155;0.0;0.0;0.4910667276074649
GO:0032008;0.0;0.32895690524516585;0.22843331832328173;0.0;0.0;0.0;0.0;0.0;0.0;0.3485661174978257;0.0;0.18825435464382465;0.1289737125909578;0.21506346409221;0.1691618392360989;0.3753103223821169;0.26446634645912864;0.28557293465531514;0.27326398146058245;0.19472684926916542;0.0;1.0;0.0;0.25652210494583816;0.0;0.28231307097258657;0.23427674789004682;0.28556102038957343;0.0;0.0;0.23332720870700624;0.0;0.1882201828593805;0.3976077305948282;0.15454097592717175;0.20275455346288188;0.35214766231246325;0.0;0.0;0.3413173794481816;0.0;0.3415666155121916;0.6072312557322493;0.0;0.0;0.3969831460399684;0.8976623603071304;0.0;0.0;0.27276690725891656;0.0;0.0;0.2574051316626721;0.0;0.1472036697954625;0.30202777649170304;0.0;0.29143203973046816;0.2819033806479123;0.0;0.794476001448644;0.36440354032279404;0.2243956754350142;0.0;0.4751486859063044;0.0;0.16547329059067434;0.0;0.2730416281177377;0.23572758941352845;0.0;0.0;0.30199687524729146;0.0;0.1983688026158073;0.36440420012832325;0.0;0.20804335255291204;0.0;0.2855695705980678;0.45910970148167524;0.5457229995064939;0.0;0.0;0.6881059536449284;0.0;0.0
GO:0015866;0.0;0.0;0.0;0.0;0.0;0.0;0.0;0.0;0.0;0.0;0.0;0.0;0.0;0.0;0.0;0.0;0.0;0.0;0.0;0.0;0.9203065901749218;0.0;1.0;0.0;0.0;0.0;0.0;0.0;0.0;0.3647874575436739;0.0;0.0;0.0;0.0;0.0;0.0;0.0;0.0;0.3512774028663995;0.0;0.0;0.0;0.0;0.0;0.0;0.0;0.0;0.2090899266413539;0.0;0.0;0.0;0.0;0.0;0.0;0.0;0.0;0.33959310124782166;0.0;0.0;0.0;0.0;0.0;0.0;0.0;0.0;0.0;0.0;0.3506020992851111;0.0;0.0;0.0;0.0;0.0;0.0;0.0;0.0;0.0;0.0;0.0;0.0;0.0;0.0;0.0;0.23762284375600812;0.0;0.0;0.5087254229742837
GO:0032720;0.0;0.4059917522774535;0.14511641166571743;0.0;0.0;0.0;0.0;0.0;0.0;0.2335641692420577;0.0;0.21118635215100667;0.14753058515417544;0.34166037819384487;0.1874522781629105;0.19171849612534286;0.5681538508529924;0.34188913577838814;0.7557745274740068;0.389919710909766;0.0;0.25652210494583816;0.0;1.0;0.0;0.18388073966750546;0.21678730122572296;0.3418720592249609;0.0;0.0;0.2696130600977009;0.0;0.2305388322773196;0.1822139304546128;0.1819666246164971;0.2296072020966369;0.3536607389417179;0.0;0.0;0.34011762881441354;0.0;0.3404269259806057;0.33859183023701706;0.0;0.0;0.27328046964026215;0.25652205798044403;0.0;0.0;0.15000845460439366;0.0;0.0;0.16571956381779046;0.0;0.17187900007741672;0.36574490163876366;0.0;0.3503210957684894;0.22938649832928829;0.0;0.25622488675415434;0.3692449295906162;0.2577581181946017;0.0;0.34028601660570634;0.0;0.23476176052148448;0.0;0.5910897347347991;0.15025203615792035;0.0;0.0;0.36569958795325047;0.0;0.39815457139688104;0.3692457760885361;0.0;0.26099929427913093;0.0;0.341884314092877;0.30190647995303443;0.14540929687490253;0.0;0.0;0.21656511502272308;0.0;0.0
GO:0035754;0.0;0.21349946215585908;0.0;0.12910622731413995;0.1377314228348586;0.2398067978710284;0.17229922424185395;0.2602656605106244;0.18229046943933042;0.0;0.2392412269528213;0.0;0.13703308067194683;0.0;0.0;0.0;0.0;0.0;0.0;0.0;0.0;0.0;0.0;0.0;1.0;0.0;0.0;0.0;0.2602656605106244;0.0;0.0;0.2493703784912243;0.20589194758736562;0.0;0.16625751379472148;0.0;0.2301302208284064;0.14417480959584902;0.0;0.0;0.22207047803501942;0.0;0.0;0.0;0.15501305695664475;0.0;0.0;0.0;0.0;0.0;0.18229036729193573;0.2492432947603902;0.0;0.18231171183382164;0.1577959342292794;0.0;0.21406847437591808;0.0;0.0;0.0;0.0;0.23901244465327365;0.0;0.20688881081505422;0.0;0.24971120234719135;0.0;0.0;0.0;0.0;0.20718975968041273;0.16766876479605336;0.0;0.2393452290553108;0.0;0.23901292458825016;0.18735210706575814;0.22984910230962477;0.2308093948629198;0.0;0.0;0.0;0.19999336749264635;0.19693200019626378;0.0;0.16720409667023792;0.0
GO:0033138;0.0;0.23406135424980928;0.7898201932035412;0.0;0.0;0.0;0.0;0.0;0.0;0.19099431746125586;0.0;0.30280880296148666;0.10165314762533366;0.17000261510419942;0.330509851978787;0.23255885172134;0.18792727452202085;0.21122872445231253;0.19232718274695126;0.15703836070801946;0.0;0.28231307097258657;0.0;0.18388073966750546;0.0;1.0;0.18178750140035077;0.21122220600944394;0.0;0.0;0.3591165190404253;0.0;0.13519392218762377;0.16125433621718377;0.11689574292153464;0.35232322233178215;0.24556810711311106;0.0;0.0;0.42735029946699454;0.0;0.33453897749786365;0.23964149333117782;0.0;0.0;0.2937131618540841;0.2823130382576521;0.0;0.0;0.39084331774031755;0.0;0.0;0.47224831500124254;0.0;0.1126485814338234;0.22009822785221922;0.0;0.21441724808597487;0.22558095526516733;0.0;0.2821059480412501;0.2514658802301641;0.1757813372330202;0.0;0.3344159459646051;0.0;0.13186907118182759;0.0;0.19221701235385544;0.8106844726982612;0.0;0.0;0.2200818171432635;0.0;0.159398431146728;0.2514661944319615;0.0;0.1451263766899917;0.0;0.21122688394912698;0.1952528628265078;0.7910198894802347;0.0;0.0;0.2527921616740101;0.0;0.0
GO:0046827;0.0;0.22158355126126056;0.15007044662449895;0.0;0.0;0.0;0.0;0.0;0.0;0.43173088436992185;0.0;0.1360181557152617;0.11467411782927536;0.15326709339979125;0.12344006890618883;0.22537996997483983;0.2224339682240408;0.196462579488589;0.22862463264857938;0.34609068880974436;0.0;0.23427674789004682;0.0;0.21678730122572296;0.0;0.18178750140035077;1.0;0.1964555335111093;0.0;0.0;0.16475074311599;0.0;0.15924144752032163;0.25155461707693677;0.13445158791150058;0.1454064037513064;0.23458636126689714;0.0;0.0;0.2855793284288447;0.0;0.2286894693902466;0.22785986250541307;0.0;0.0;0.3895224921018362;0.23427671653980126;0.0;0.0;0.10240689092256319;0.0;0.0;0.16728296513098656;0.0;0.12886341391369974;0.2061156720100244;0.0;0.24980257596941788;0.1815510805396169;0.0;0.23407828753175222;0.24134283401160353;0.15916144545689148;0.0;0.2856743209680003;0.0;0.5426673245763306;0.0;0.22846897063213967;0.15443925925739338;0.0;0.0;0.20609768923953786;0.0;0.351904143747768;0.24134319564229856;0.0;0.17320407971971155;0.0;0.1964605900271739;0.1794029657553307;0.15032103321787005;0.0;0.0;0.20643784351650407;0.0;0.0
GO:1900142;0.0;0.4890880084791857;0.16957891198442904;0.0;0.0;0.0;0.0;0.0;0.0;0.2625679665017746;0.0;0.27193224780233244;0.13469393182828304;0.3123506928304651;0.4450721551410377;0.21947044620681835;0.3531877383496625;0.7693917626643226;0.3657736697371367;0.28165025895985435;0.0;0.28556102038957343;0.0;0.3418720592249609;0.0;0.21122220600944394;0.1964555335111093;1.0;0.0;0.0;0.29324722412376497;0.0;0.20065622761602447;0.20946077947849995;0.16282674517446774;0.2937387473142424;0.3780761393912934;0.0;0.0;0.2926069896305153;0.0;0.3659064974592586;0.3642085168026283;0.0;0.0;0.3020635155768453;0.28556097381161916;0.0;0.0;0.1974271179652133;0.0;0.0;0.19189005610975213;0.0;0.15470224398406596;0.6936622597354344;0.0;0.24726766122777535;0.21090309230376544;0.0;0.28526621683174347;0.39223954451535076;0.32652384727280226;0.0;0.36577620729668536;0.0;0.21543843999302345;0.0;0.36545485913425135;0.1751785946581435;0.0;0.0;0.8164062885827992;0.0;0.28712960840233553;0.39224030897327555;0.0;0.2233433104217901;0.0;0.7693821654682427;0.3766665128362182;0.16989895286123946;0.0;0.0;0.38850207246102547;0.0;0.0
GO:0030182;0.3998540636032579;0.31368914380898777;0.0;0.16001084115038958;0.17347485889335798;0.37396593489257635;0.2321330963776271;0.8613692629559758;0.2506411970097249;0.0;0.0;0.0;0.17236847918713022;0.0;0.0;0.0;0.0;0.0;0.0;0.0;0.0;0.0;0.0;0.0;0.2602656605106244;0.0;0.0;0.0;1.0;0.0;0.0;0.6736929327793072;0.297536402344103;0.0;0.22129854515971403;0.0;0.35095321838712384;0.18382213729149627;0.0;0.0;0.33254722512617985;0.0;0.0;0.427862056727465;0.20181283406743863;0.0;0.0;0.0;0.0;0.0;0.25064100389998095;0.39743087636740304;0.0;0.2506813575393429;0.20655542147425696;0.0;0.3149190458150008;0.0;0.0;0.0;0.0;0.3720377410246612;0.0;0.29962268917158774;0.0;0.8056081319431126;0.0;0.0;0.0;0.0;0.3002543026038131;0.2238059298183756;0.0;0.37284466497360663;0.0;0.37203890385366706;0.26031090415549946;0.0;0.597103802400908;0.0;0.0;0.0;0.2853732567571833;0.18852899769315995;0.0;0.22297878996327716;0.0
GO:0043277;0.0;0.0;0.0;0.0;0.0;0.0;0.0;0.0;0.0;0.0;0.0;0.0;0.0;0.0;0.0;0.0;0.0;0.0;0.0;0.0;0.35212711332661467;0.0;0.3647874575436739;0.0;0.0;0.0;0.0;0.0;0.0;1.0;0.0;0.0;0.0;0.0;0.0;0.0;0.0;0.0;0.5767338194555605;0.0;0.0;0.0;0.0;0.0;0.0;0.0;0.0;0.28704137411757175;0.0;0.0;0.0;0.0;0.0;0.0;0.0;0.0;0.5507463907922927;0.0;0.0;0.0;0.0;0.0;0.0;0.0;0.0;0.0;0.0;0.37826420586411813;0.0;0.0;0.0;0.0;0.0;0.0;0.0;0.0;0.0;0.0;0.0;0.0;0.0;0.0;0.0;0.2909192455086752;0.0;0.0;0.507640514778586
GO:0043433;0.0;0.33057603308022604;0.3278860423989526;0.0;0.0;0.0;0.0;0.0;0.0;0.2177469904209379;0.0;0.6927214495988748;0.11428918992669655;0.2289940192754819;0.3987329961260704;0.18725292866316198;0.2766019394725761;0.2932576969256021;0.28426216548786637;0.2095688298918718;0.0;0.23332720870700624;0.0;0.2696130600977009;0.0;0.3591165190404253;0.16475074311599;0.29324722412376497;0.0;0.0;1.0;0.0;0.15850014646984287;0.21749547203872235;0.13392274206282134;0.5340858527019977;0.2916371741521463;0.0;0.0;0.39539698463689893;0.0;0.39572932175470527;0.34249050600482517;0.0;0.0;0.2442294511626479;0.23332717761037494;0.0;0.0;0.3309428367980709;0.0;0.0;0.6485391063739658;0.0;0.1283775356193828;0.30760259409182317;0.0;0.19905387877265399;0.1809803271159426;0.0;0.23313035315861014;0.2999930327508706;0.2377703614522384;0.0;0.28426369808783525;0.0;0.18430986837738167;0.0;0.28406957698324553;0.3374058383954572;0.0;0.0;0.3075758765103707;0.0;0.21307819957761373;0.29999347992119346;0.0;0.1723274395170014;0.0;0.29325473988622097;0.2678917592464069;0.29711721476929237;0.0;0.0;0.205700207080184;0.0;0.0
GO:0021782;0.5029522402203949;0.2979967994700754;0.0;0.15582518263673154;0.16856597016245328;0.3518758088084741;0.223426498539561;0.6736929327793072;0.24052115137469776;0.0;0.0;0.0;0.16752113131829327;0.0;0.0;0.0;0.0;0.0;0.0;0.0;0.0;0.0;0.0;0.0;0.2493703784912243;0.0;0.0;0.0;0.6736929327793072;0.0;0.0;1.0;0.2833820753416439;0.0;0.21337184532508785;0.0;0.3314271819948827;0.1783194692383903;0.0;0.0;0.31496428952010086;0.0;0.0;0.5358209770680415;0.19519973916680838;0.0;0.0;0.0;0.0;0.0;0.24052097354436633;0.37257376727469904;0.0;0.24055813404434104;0.19963319049200398;0.0;0.29910650962116947;0.0;0.0;0.0;0.0;0.3501681632855919;0.0;0.28527395589018173;0.0;0.6328164546892091;0.0;0.0;0.0;0.0;0.2858464649590105;0.21570187715650074;0.0;0.3508829172232143;0.0;0.35016919342285113;0.24941191312747063;0.0;0.785272338540518;0.0;0.0;0.0;0.27232714927444757;0.1827453576923978;0.0;0.21493345170345815;0.0
GO:0046902;0.0;0.3246965277708036;0.10680892367921643;0.13766017450706022;0.14750975616402642;0.4598168630979833;0.187879446653814;0.297536402344103;0.19982193319405478;0.23204385725064972;0.0;0.1243143263115152;0.2520023872880134;0.1444141453635086;0.11040186915419933;0.1409256203853954;0.23927964375020078;0.2006661740782833;0.24909788287023946;0.12910567590473274;0.0;0.1882201828593805;0.0;0.2305388322773196;0.20589194758736562;0.13519392218762377;0.15924144752032163;0.20065622761602447;0.297536402344103;0.0;0.15850014646984287;0.2833820753416439;1.0;0.18128730251911368;0.31042034950830455;0.1351021074433098;0.35313944586173796;0.15492515410161628;0.0;0.24897777260138226;0.2486461068761487;0.24920204703083138;0.24787134456888477;0.0;0.1675105064761623;0.2004228975450874;0.1882201486452548;0.0;0.0;0.08842297685523187;0.19982181045418546;0.2832179729937648;0.12190313608097006;0.1998474582511915;0.2933232218564704;0.21455389116209844;0.23865734471586955;0.20557655534012828;0.13497290948992355;0.0;0.1880036586520992;0.36854113664086297;0.15157095870411866;0.4651613401844771;0.24909987272970469;0.2838222914944089;0.13811917627360826;0.0;0.24884791675852524;0.11057299333990656;0.23013907354942564;0.18238705030200894;0.2145275256284634;0.2705063683242055;0.13181866422512054;0.3685419728638115;0.20592026064638447;0.3497056508402257;0.25965362343473186;0.20066336562515658;0.1773569983262528;0.10702361801397108;0.22129420573507;0.15825508294091312;0.15907922579505412;0.18183735640838897;0.0
GO:0060314;0.0;0.23190036113849094;0.16415879369589362;0.0;0.0;0.0;0.0;0.0;0.0;0.3792709865526412;0.0;0.15187765426573296;0.1366167175435349;0.16885972643401936;0.16827680044347415;0.2323243054788351;0.18618664472043414;0.2094671896556871;0.19050448794371966;0.2179566098067382;0.0;0.3976077305948282;0.0;0.1822139304546128;0.0;0.16125433621718377;0.25155461707693677;0.20946077947849995;0.0;0.0;0.21749547203872235;0.0;0.18128730251911368;1.0;0.15694206180884376;0.16117706508592827;0.24319049609144805;0.0;0.0;0.19045256050881967;0.0;0.23809685125372393;0.4734203172380315;0.0;0.0;0.29232218641906327;0.39760768488851983;0.0;0.0;0.25654061562838193;0.0;0.0;0.14973757635755655;0.0;0.15128281518332562;0.21818632283504744;0.0;0.17014619818799417;0.1610682799265388;0.0;0.35907667938907517;0.24897327192613325;0.17455970912253782;0.0;0.23804167747785998;0.0;0.22816509424020764;0.0;0.19039639525011046;0.16847123251128315;0.0;0.0;0.21817019598383552;0.0;0.2212115415982375;0.2489735799298658;0.0;0.1944772990920732;0.0;0.20946537972199714;0.3459386597147178;0.268694228520153;0.0;0.0;0.3220327410175821;0.0;0.0
GO:0009448;0.0;0.25456199880749214;0.0950537558183583;0.3230929196966825;0.5889369672533388;0.2063311416999902;0.47019133687823517;0.22129854515971403;0.7585520729216357;0.1936032638701533;0.0;0.10867233015307565;0.2154111552911124;0.12372595254289541;0.09788886128766179;0.12115644744541626;0.18736908493666407;0.16283329471414484;0.19333626403840648;0.11231611213740883;0.0;0.15454097592717175;0.0;0.1819666246164971;0.16625751379472148;0.11689574292153464;0.13445158791150058;0.16282674517446774;0.22129854515971403;0.0;0.13392274206282134;0.21337184532508785;0.31042034950830455;0.15694206180884376;1.0;0.11682709373328834;0.2717199476935344;0.4002629362779106;0.0;0.19326390153380443;0.19306400263548013;0.19339900688788986;0.1925965793187829;0.0;0.4274963437663718;0.16267306702228632;0.1545409528618042;0.0;0.0;0.08021094235438883;0.758551694529926;0.36124755098186007;0.10682523924922156;0.4945145301847801;0.8627844291169522;0.17186019851587842;0.1869872913791668;0.16605180022654667;0.11673047202412659;0.0;0.15439497662436721;0.28074757740794654;0.12894209553492458;0.18148593917110614;0.19333746273204408;0.2136213213443236;0.11907634610812669;0.0;0.19318565006195612;0.09802336950138828;0.18171747974662092;0.4588425429405228;0.17184328145106498;0.20598935139001304;0.1143637643056089;0.2807480626762664;0.16627597496117236;0.26916308231443375;0.19963531280493413;0.16283144541824995;0.1471411673756001;0.09522375545940202;0.5934831307735156;0.13374774444093282;0.13433592409100534;0.15021173990606898;0.0
GO:0042985;0.0;0.325478201743097;0.29641963540748373;0.0;0.0;0.0;0.0;0.0;0.0;0.19088592552376074;0.0;0.7114403204070158;0.10160123022532151;0.2364451761699653;0.49165311809002993;0.16703929360566375;0.2346564821645421;0.29374780657747496;0.24014653058786728;0.21842248324510258;0.0;0.20275455346288188;0.0;0.2296072020966369;0.0;0.35232322233178215;0.1454064037513064;0.2937387473142424;0.0;0.0;0.5340858527019977;0.0;0.1351021074433098;0.16117706508592827;0.11682709373328834;1.0;0.24538895184082127;0.0;0.0;0.28729448675607533;0.0;0.33430007032682124;0.23947087827658836;0.0;0.0;0.21093685538539692;0.2027545299814912;0.0;0.0;0.41443641424021027;0.0;0.0;0.4139322977053423;0.0;0.11258482871123275;0.3060742238938945;0.0;0.17148933832860566;0.16202971689727783;0.0;0.20260588935315768;0.25127801941942357;0.2444782130680947;0.0;0.2401476244005689;0.0;0.16469335484179715;0.0;0.24000906609312544;0.30424674145721864;0.0;0.0;0.3060514176648289;0.0;0.22170351768408306;0.2512783331519391;0.0;0.1450205807186785;0.0;0.29374524866557145;0.27154366884199443;0.2968696986291911;0.0;0.0;0.18156436277436774;0.0;0.0
GO:0033209;0.0;0.5568532155354157;0.19102930303883567;0.14808859642551378;0.15954912839844826;0.314744698031293;0.2078565058157741;0.35095321838712384;0.22257314769958805;0.3178258638291929;0.0;0.22446419629691636;0.2164359980191691;0.26365178207001183;0.1978399786694404;0.2567880987519479;0.3689399071583821;0.37809702436063225;0.3862891813986089;0.2337273183073912;0.0;0.35214766231246325;0.0;0.3536607389417179;0.2301302208284064;0.24556810711311106;0.23458636126689714;0.3780761393912934;0.35095321838712384;0.0;0.2916371741521463;0.3314271819948827;0.35313944586173796;0.24319049609144805;0.2717199476935344;0.24538895184082127;1.0;0.16826011609137506;0.0;0.38607573447764565;0.28488165245328134;0.48291029718675027;0.47995717460949056;0.0;0.18320977248471398;0.3775862752041342;0.35214759148002966;0.0;0.0;0.15658788877426827;0.22257299541889344;0.33120274024114454;0.21982095690379427;0.22260481654735306;0.2553218840558713;0.4074904699224738;0.2718457176416009;0.3108667332470424;0.24513688248442925;0.0;0.3516994539485832;0.7462289730478271;0.277815959131168;0.2603713169356666;0.4826833865422692;0.3320294806114521;0.2011044476899504;0.0;0.3858450025936752;0.19816501839121764;0.26084815215431567;0.20115484090729116;0.40743422263343343;0.313950060289313;0.23899393269596117;0.8479464733357255;0.23016559305593087;0.2978109302945306;0.2994250510885224;0.3780911273195951;0.329795397997663;0.19143552690392837;0.24954330659535945;0.1721952331604407;0.29279705665922573;0.20048640584441155;0.0
GO:0043161;0.0;0.1591934425077601;0.0;0.36146701830905803;0.3439741436335833;0.1733752244109801;0.5437285685804479;0.18382213729149627;0.4301554149991608;0.0;0.0;0.0;0.11241864978039066;0.0;0.0;0.0;0.0;0.0;0.0;0.0;0.0;0.0;0.0;0.0;0.14417480959584902;0.0;0.0;0.0;0.18382213729149627;0.0;0.0;0.1783194692383903;0.15492515410161628;0.0;0.4002629362779106;0.0;0.16826011609137506;1.0;0.0;0.0;0.16391056113754535;0.0;0.0;0.0;0.5000072086218065;0.0;0.0;0.0;0.0;0.0;0.43015522832980774;0.30192402653596967;0.0;0.5681974236252134;0.38399371894294915;0.0;0.15950958586136638;0.0;0.0;0.0;0.0;0.1729596359755464;0.0;0.15548889627900547;0.0;0.17849367747934367;0.0;0.0;0.0;0.0;0.15565882255590394;0.5746584931164198;0.0;0.17313383446451253;0.0;0.17295988729763354;0.14418869213613203;0.0;0.1686229030641383;0.0;0.0;0.0;0.40991112419984577;0.11907568307036952;0.0;0.13195174687629269;0.0
