;GO:0021915;GO:0007050;GO:0061098;GO:0006366;GO:0006564;GO:0085029;GO:0000413;GO:0002244;GO:0006566;GO:0050796;GO:0010934;GO:0045892;GO:0071333;GO:0010977;GO:0043154;GO:2000510;GO:0070168;GO:2000352;GO:0032689;GO:0050711;GO:0015867;GO:0032008;GO:0015866;GO:0032720;GO:0035754;GO:0033138;GO:0046827;GO:1900142;GO:0030182;GO:0043277;GO:0043433;GO:0021782;GO:0046902;GO:0060314;GO:0009448;GO:0042985;GO:0033209;GO:0043161;GO:0006888;GO:0010628;GO:0071363;GO:0016241;GO:0010469;GO:0031100;GO:0018105;GO:0050766;GO:0051897;GO:0072659;GO:0046718;GO:0043407;GO:0006541;GO:0022900;GO:0045944;GO:0043687;GO:0006544;GO:0060546;GO:0002576;GO:0003104;GO:0032825;GO:0007628;GO:0001961;GO:0043491;GO:0030889;GO:0019064;GO:0048146;GO:0097028;GO:0033159;GO:0070588;GO:2000533;GO:0032148;GO:0035457;GO:0016579;GO:2000270;GO:0035690;GO:1900165;GO:0007167;GO:0009267;GO:0001782;GO:0048747;GO:2000669;GO:0010804;GO:0070374;GO:0019530;GO:0019896;GO:2001238;GO:0071307;GO:0015853
GO:0021915;1.0;0.0;0.0;0.0;0.0;0.0;0.0;0.493621815514597;0.0;0.0;0.0;0.0;0.0;0.0;0.0;0.0;0.0;0.0;0.0;0.0;0.0;0.0;0.0;0.0;0.0;0.0;0.0;0.0;0.5505476463239718;0.0;0.0;0.561670908735242;0.0;0.0;0.0;0.0;0.0;0.0;0.0;0.0;0.0;0.0;0.0;0.528011578765408;0.0;0.0;0.0;0.0;0.0;0.0;0.0;0.0;0.0;0.0;0.0;0.0;0.0;0.0;0.0;0.0;0.0;0.0;0.0;0.0;0.0;0.493621815514597;0.0;0.0;0.0;0.0;0.0;0.0;0.0;0.0;0.0;0.0;0.0;0.0;0.528011578765408;0.0;0.0;0.0;0.0;0.0;0.0;0.0;0.0
GO:0007050;0.0;1.0;0.3100672603584969;0.5318270900175323;0.2558316857420769;0.48331317322567313;0.28815008952026205;0.4800710211029094;0.33588220420272735;0.36692777328236226;0.0;0.49391110029452934;0.27132042453534516;0.588553320805642;0.4167477174389854;0.3033083921806614;0.43129613930274896;0.3634583311036392;0.39180523732841543;0.40976277536994477;0.0;0.3131531150965377;0.0;0.37217518096290303;0.4496538432558393;0.2878196533873931;0.31725838117917554;0.3634583311036392;0.5369968519122842;0.0;0.4618414838106864;0.4931578961415494;0.4969006860878263;0.3131531150965377;0.3844035971881231;0.3830883874691516;0.47465686883211494;0.4931578961415494;0.0;0.41967809337614065;0.3891477299055639;0.38555185668223;0.47497776079175946;0.0;0.3543870212275542;0.3620147392110343;0.2864787271957445;0.0;0.0;0.41070517393562617;0.3468564365506349;0.4292204062187966;0.38444661929048496;0.3965862796526363;0.4200063700405249;0.42257928944348505;0.33092665472566934;0.4315152920827658;0.3033083921806614;0.0;0.373972104817643;0.44798248093132176;0.3634583311036392;0.4496538432558393;0.3500981082974453;0.4800710211029094;0.34550079306210985;0.0;0.38779208641703883;0.256978719853612;0.30826541773625277;0.35595402131040804;0.3830883874691516;0.4669849220298539;0.3830883874691516;0.5646244684209601;0.44848010500502705;0.3414967097965865;0.4594985661717156;0.3634583311036392;0.3830883874691516;0.2878196533873931;0.46648350824075624;0.4594985661717156;0.32013805716557836;0.30826541773625277;0.0
GO:0061098;0.0;0.3100672603584969;1.0;0.0;0.0;0.0;0.0;0.0;0.0;0.2795219158505593;0.0;0.4258298531972573;0.19193871340103363;0.34372659032833075;0.3946644810754622;0.30108953681445916;0.26305472700200333;0.20321418733618574;0.2344582195360983;0.24003101387622594;0.0;0.32270110221132353;0.0;0.22356382502766997;0.0;0.6437665425677078;0.31193933043177524;0.20321418733618574;0.0;0.0;0.42705640156442876;0.0;0.30547901276901473;0.36419265327830597;0.24127433829124328;0.35449578558476635;0.2894948054273031;0.0;0.0;0.5519664658129402;0.0;0.38037017236459325;0.4992147444118671;0.0;0.0;0.36703907550322135;0.29602671431053035;0.0;0.0;0.6033441130495998;0.0;0.0;0.5002678028787285;0.0;0.27687711114364505;0.24108068546877803;0.0;0.31875062343570537;0.3128563792954473;0.0;0.3789964411098301;0.2628204175265099;0.20321418733618574;0.0;0.34950365677298423;0.0;0.1968894371268768;0.0;0.21955067411629325;0.6493628303777708;0.0;0.0;0.21335662597543276;0.0;0.21335662597543276;0.3794624050161483;0.0;0.2196627728943789;0.0;0.20321418733618574;0.21335662597543276;0.6109628669390443;0.0;0.0;0.3296860442803642;0.0;0.0
GO:0006366;0.0;0.5318270900175323;0.0;1.0;0.43652437710419495;0.535069242140296;0.4483348119515774;0.5318270900175323;0.45884352513458204;0.0;0.0;0.0;0.30758775465669974;0.0;0.0;0.0;0.0;0.0;0.0;0.0;0.0;0.0;0.0;0.0;0.5014099121704623;0.0;0.0;0.0;0.5887529208269071;0.0;0.0;0.5449139650561723;0.5486567550024493;0.0;0.4877348617544654;0.0;0.5112546350863385;0.6360276817374695;0.0;0.0;0.4182425618307702;0.0;0.0;0.0;0.5168868631889867;0.0;0.0;0.0;0.0;0.0;0.4698177574824896;0.5468937346355562;0.0;0.5621173022379731;0.5233376346068672;0.0;0.323076493449968;0.0;0.0;0.0;0.0;0.48458024718554527;0.0;0.5014099121704623;0.0;0.5318270900175323;0.0;0.0;0.0;0.0;0.34039143028536323;0.5411151002612571;0.0;0.49193843638281615;0.0;0.6012222346751837;0.47343361935798933;0.0;0.5112546350863385;0.0;0.0;0.0;0.5698147728070986;0.5112546350863385;0.0;0.34039143028536323;0.0
GO:0006564;0.0;0.2558316857420769;0.0;0.43652437710419495;1.0;0.2590738378648406;0.2658140740403737;0.2558316857420769;0.5020938360510999;0.0;0.0;0.0;0.1394909949935002;0.0;0.0;0.0;0.0;0.0;0.0;0.0;0.0;0.0;0.0;0.0;0.22541450789500678;0.0;0.0;0.0;0.3127575165514517;0.0;0.0;0.2689185607807169;0.27266135072699377;0.0;0.4667151727433524;0.0;0.23525923081088307;0.38855441348192044;0.0;0.0;0.2282365210473356;0.0;0.0;0.0;0.3275273549250671;0.0;0.0;0.0;0.0;0.0;0.5130680683990074;0.31318962371502984;0.0;0.3641078255335011;0.6647764562880958;0.0;0.17001544586744105;0.0;0.0;0.0;0.0;0.20858484291008988;0.0;0.22541450789500678;0.0;0.2558316857420769;0.0;0.0;0.0;0.0;0.15912105135901272;0.3431056235567852;0.0;0.2910380010909532;0.0;0.3252268303997283;0.2725331840661263;0.0;0.23525923081088307;0.0;0.0;0.0;0.40600589372891693;0.23525923081088307;0.0;0.15912105135901272;0.0
GO:0085029;0.0;0.48331317322567313;0.0;0.535069242140296;0.2590738378648406;1.0;0.27590350284975756;0.48331317322567313;0.3391243563254911;0.0;0.0;0.0;0.2590738378648406;0.0;0.0;0.0;0.0;0.0;0.0;0.0;0.0;0.0;0.0;0.0;0.4528959953786031;0.0;0.0;0.0;0.540239004035048;0.0;0.0;0.49640004826431317;0.5917671219035194;0.0;0.36084319474922627;0.0;0.4627407182944793;0.49640004826431317;0.0;0.0;0.36972864503891106;0.0;0.0;0.0;0.34031423651492276;0.0;0.0;0.0;0.0;0.0;0.35009858867339866;0.43246255834156033;0.0;0.3801983754098877;0.39644596760162804;0.0;0.2918775134935041;0.0;0.0;0.0;0.0;0.43606633039368614;0.0;0.5445202790715324;0.0;0.48331317322567313;0.0;0.0;0.0;0.0;0.2918775134935041;0.35919617343317173;0.0;0.443424519590957;0.0;0.5527083178833245;0.4249197025661302;0.0;0.4627407182944793;0.0;0.0;0.0;0.46972566036352;0.4627407182944793;0.0;0.2918775134935041;0.0
GO:0000413;0.0;0.28815008952026205;0.0;0.4483348119515774;0.2658140740403737;0.27590350284975756;1.0;0.27266135072699377;0.32585220288515715;0.0;0.0;0.0;0.1658082777046826;0.0;0.0;0.0;0.0;0.0;0.0;0.0;0.0;0.0;0.0;0.0;0.257732911673192;0.0;0.0;0.0;0.3450759203296369;0.0;0.0;0.3012369645589021;0.2894910157119107;0.0;0.33477975529609594;0.0;0.2675776345890683;0.4482847887167227;0.0;0.0;0.2568330285132407;0.0;0.0;0.0;0.5397489381660581;0.0;0.0;0.0;0.0;0.0;0.33682643523306477;0.345508027493215;0.0;0.5379574728338548;0.3703825281484977;0.0;0.19861195333334608;0.0;0.0;0.0;0.0;0.24090324668827506;0.0;0.24224417287992372;0.0;0.27266135072699377;0.0;0.0;0.0;0.0;0.18684511085235794;0.4674914793060617;0.0;0.3206589520886665;0.0;0.35754523417791345;0.30215413506383965;0.0;0.2675776345890683;0.0;0.0;0.0;0.3590796342005318;0.2520888957958;0.0;0.18684511085235794;0.0
GO:0002244;0.493621815514597;0.4800710211029094;0.0;0.5318270900175323;0.2558316857420769;0.48331317322567313;0.27266135072699377;1.0;0.33588220420272735;0.0;0.0;0.0;0.2558316857420769;0.0;0.0;0.0;0.0;0.0;0.0;0.0;0.0;0.0;0.0;0.0;0.4496538432558393;0.0;0.0;0.0;0.6866038911143202;0.0;0.0;0.6077141019008105;0.4969006860878263;0.0;0.35760104262646253;0.0;0.4594985661717156;0.4931578961415494;0.0;0.0;0.3664864929161473;0.0;0.0;0.5202962034153902;0.337072084392159;0.0;0.0;0.0;0.0;0.0;0.3468564365506349;0.4292204062187966;0.0;0.3769562232871239;0.3932038154788643;0.0;0.28863536137074036;0.0;0.0;0.0;0.0;0.4328241782709224;0.0;0.4496538432558393;0.0;0.6296780603049454;0.0;0.0;0.0;0.0;0.28863536137074036;0.35595402131040804;0.0;0.44018236746819334;0.0;0.5494661657605608;0.42167755044336647;0.0;0.5740547719309768;0.0;0.0;0.0;0.46648350824075624;0.4594985661717156;0.0;0.28863536137074036;0.0
GO:0006566;0.0;0.33588220420272735;0.0;0.45884352513458204;0.5020938360510999;0.3391243563254911;0.32585220288515715;0.33588220420272735;1.0;0.0;0.0;0.0;0.1962254555517527;0.0;0.0;0.0;0.0;0.0;0.0;0.0;0.0;0.0;0.0;0.0;0.30546502635565725;0.0;0.0;0.0;0.39280803501210215;0.0;0.0;0.3489690792413674;0.35271186918764424;0.0;0.540764570137;0.0;0.31530974927153355;0.458462493303324;0.0;0.0;0.28725020636031073;0.0;0.0;0.0;0.38878546630591837;0.0;0.0;0.0;0.0;0.0;0.587117465792655;0.3932401421756803;0.0;0.42684340715875635;0.5911735513659555;0.0;0.21726228869942804;0.0;0.0;0.0;0.0;0.28863536137074036;0.0;0.30546502635565725;0.0;0.33588220420272735;0.0;0.0;0.0;0.0;0.21726228869942804;0.4058412051820405;0.0;0.3510761299357366;0.0;0.40527734886037875;0.33257131291090974;0.0;0.31530974927153355;0.0;0.0;0.0;0.4759139735503205;0.31530974927153355;0.0;0.21726228869942804;0.0
GO:0050796;0.0;0.36692777328236226;0.2795219158505593;0.0;0.0;0.0;0.0;0.0;0.0;1.0;0.0;0.39355865007484536;0.34340052893097445;0.38095704688668364;0.31639526721930145;0.3442207402191949;0.2942840624933535;0.2672471984561994;0.2634431289595723;0.60576716858301;0.0;0.41626646127981964;0.0;0.25065184294677584;0.0;0.28407686344111627;0.5720448628162775;0.2672471984561994;0.0;0.0;0.32998278008145465;0.0;0.4599107687420542;0.4173229785997503;0.40287859246043106;0.28273593724946766;0.326725261985656;0.0;0.0;0.369120359252336;0.0;0.38180906673595316;0.5339736155779856;0.0;0.0;0.4488696658788517;0.3895920733790265;0.0;0.0;0.4195239793756183;0.0;0.0;0.3807038293442081;0.0;0.4384813653128328;0.31688053906977975;0.0;0.3032137416018193;0.29956560223438455;0.0;0.4794005705310422;0.31968093045037527;0.2672471984561994;0.0;0.3463553183511684;0.0;0.502136782994874;0.0;0.2507800096076434;0.22867780141355054;0.0;0.0;0.28273593724946766;0.0;0.5790927806822169;0.43632291794001365;0.0;0.36023019391589134;0.0;0.2672471984561994;0.3895920733790265;0.3891068015285482;0.0;0.0;0.4232514033488603;0.0;0.0
GO:0010934;0.0;0.0;0.0;0.0;0.0;0.0;0.0;0.0;0.0;0.0;1.0;0.0;0.0;0.0;0.0;0.0;0.0;0.0;0.0;0.0;0.0;0.0;0.0;0.0;0.5469259582019668;0.0;0.0;0.0;0.0;0.0;0.0;0.0;0.0;0.0;0.0;0.0;0.0;0.0;0.0;0.0;0.0;0.0;0.0;0.0;0.0;0.0;0.0;0.0;0.0;0.0;0.0;0.0;0.0;0.0;0.0;0.0;0.0;0.5032980343937457;0.0;0.40140051084849265;0.0;0.0;0.0;0.0;0.0;0.0;0.0;0.0;0.0;0.0;0.0;0.0;0.0;0.0;0.0;0.0;0.0;0.4718309892183743;0.0;0.0;0.0;0.0;0.0;0.0;0.0;0.0;0.0
GO:0045892;0.0;0.49391110029452934;0.4258298531972573;0.0;0.0;0.0;0.0;0.0;0.0;0.39355865007484536;0.0;1.0;0.27457854877881904;0.5079403738988508;0.5081620804375119;0.3373842548319197;0.4722107723067231;0.39423052546836646;0.4357510509562938;0.4363936521624279;0.0;0.34722897774779593;0.0;0.4184361141208986;0.0;0.4175935147750178;0.35133424383043377;0.39423052546836646;0.0;0.0;0.6564357892363062;0.0;0.3927131924316401;0.34722897774779593;0.3258110651733968;0.6551274410544856;0.37672898508992847;0.0;0.0;0.7121735986662494;0.0;0.49893055741147807;0.4521448460331654;0.0;0.0;0.39278693357576155;0.32055458984700275;0.0;0.0;0.521749593299665;0.0;0.0;0.7226455772923279;0.0;0.3614138380257986;0.4438638660819469;0.0;0.3509023451759745;0.3373842548319197;0.0;0.4047442991823703;0.3500545971891353;0.39423052546836646;0.0;0.37672898508992847;0.0;0.3917617262201054;0.0;0.428706719421013;0.3739612952284402;0.0;0.0;0.40971926426163474;0.0;0.40971926426163474;0.4666965846787737;0.0;0.30317505624472413;0.0;0.39423052546836646;0.40971926426163474;0.4035822462261536;0.0;0.0;0.3542139198168366;0.0;0.0
GO:0071333;0.0;0.27132042453534516;0.19193871340103363;0.30758775465669974;0.1394909949935002;0.2590738378648406;0.1658082777046826;0.2558316857420769;0.1962254555517527;0.34340052893097445;0.0;0.27457854877881904;1.0;0.28323140579791095;0.1865207714148468;0.18058550093835818;0.231818017332936;0.14271900280576594;0.2021970663352226;0.19043022385423447;0.0;0.19043022385423447;0.0;0.19043022385423447;0.24090324668827506;0.15954866779068283;0.21100267878542828;0.14271900280576594;0.32824625534471996;0.0;0.2495720758280771;0.2844072995739852;0.3967766594908317;0.3420596027393258;0.3420596027393258;0.15286144144501296;0.25074796960415136;0.2844072995739852;0.0;0.3078742966279863;0.5159387106815865;0.2455140286045316;0.3199042206333886;0.0;0.22487271121582658;0.23374375361432398;0.1637558359534413;0.0;0.0;0.20010828427699995;0.20719968789966026;0.2660647712926923;0.2663180723330217;0.2583363077838246;0.37766237559172755;0.18058550093835818;0.1817822883484292;0.2351289086247536;0.16969110642992985;0.0;0.24570111922093268;0.22407358170335817;0.15286144144501296;0.22541450789500678;0.2021970663352226;0.2558316857420769;0.1637558359534413;0.0;0.18831396444722587;0.14271900280576594;0.4350563985122754;0.21629727265943338;0.15286144144501296;0.5240040564404779;0.1637558359534413;0.34071556919299656;0.44042276766815813;0.4184918983297066;0.25074796960415136;0.14271900280576594;0.1637558359534413;0.16969110642992985;0.257732911673192;0.23525923081088307;0.19741516592327513;0.3778033504970463;0.0
GO:0010977;0.0;0.588553320805642;0.34372659032833075;0.0;0.0;0.0;0.0;0.0;0.0;0.38095704688668364;0.0;0.5079403738988508;0.28323140579791095;1.0;0.43077699104330686;0.3369677221504953;0.54784992223682;0.3798027242380778;0.4963090693441465;0.4766790129786341;0.0;0.34681244506637154;0.0;0.4766790129786341;0.0;0.30746771480836277;0.3509177111490094;0.3798027242380778;0.0;0.0;0.46869825921885966;0.0;0.5243004061436605;0.34681244506637154;0.3850007626822966;0.397117661073473;0.5083161988019488;0.0;0.0;0.45333742334597443;0.0;0.40189624981666866;0.5086370907615932;0.0;0.0;0.5025134068274768;0.32013805716557836;0.0;0.0;0.4270495670700648;0.0;0.0;0.4181059492603188;0.0;0.42060353553469837;0.43357738242390237;0.0;0.5365079336792543;0.4280585845783211;0.0;0.4076314347874769;0.4816418109011556;0.3798027242380778;0.0;0.36412738190176674;0.0;0.3618451861965485;0.0;0.4922959184327699;0.2906380498234458;0.0;0.0;0.397117661073473;0.0;0.4500046250778409;0.598283798390794;0.0;0.37515603976642037;0.0;0.3798027242380778;0.397117661073473;0.321478983357227;0.0;0.0;0.3537973871354122;0.0;0.0
GO:0043154;0.0;0.4167477174389854;0.3946644810754622;0.0;0.0;0.0;0.0;0.0;0.0;0.31639526721930145;0.0;0.5081620804375119;0.1865207714148468;0.43077699104330686;1.0;0.24742958596357933;0.37541733308566677;0.6118954345297456;0.3412727312653547;0.359230269306884;0.0;0.270065594892252;0.0;0.3257839924720864;0.0;0.38155417718901635;0.2613795749620934;0.6118954345297456;0.0;0.0;0.5106598374881393;0.0;0.3000610707828279;0.3715659973049156;0.23585639630505645;0.4338374364743795;0.28407686344111627;0.0;0.0;0.4559520851281138;0.0;0.38896349892727067;0.47648186559028505;0.0;0.0;0.31562355072021764;0.24339120699145883;0.0;0.0;0.4861038952697824;0.0;0.0;0.410254543260905;0.0;0.2714591691574582;0.6202366532733075;0.0;0.2564240254850354;0.2602208719763758;0.0;0.3275809163268264;0.27289121433359137;0.31706714261282254;0.0;0.29956560223438455;0.0;0.2991096045712932;0.0;0.3319132801999567;0.3438203666384534;0.0;0.0;0.6541867278846745;0.0;0.3325558814060908;0.38953320182322976;0.0;0.21424483090819207;0.0;0.6118954345297456;0.3325558814060908;0.3687628911762199;0.0;0.0;0.5304649027090196;0.0;0.0
GO:2000510;0.0;0.3033083921806614;0.30108953681445916;0.0;0.0;0.0;0.0;0.0;0.0;0.3442207402191949;0.0;0.3373842548319197;0.18058550093835818;0.3369677221504953;0.24742958596357933;1.0;0.2830984133858286;0.2020034135127573;0.2507800096076434;0.327391075234278;0.0;0.41147659405362713;0.0;0.23676874105877915;0.0;0.30340005833713996;0.3774635375076043;0.2020034135127573;0.0;0.0;0.3206233290160566;0.0;0.29872014459117924;0.34140234378314227;0.231818017332936;0.21377025599374544;0.28273593724946766;0.0;0.0;0.4461695714935537;0.0;0.3083197346576322;0.43600675021367935;0.0;0.0;0.40575270669090713;0.3848022061528339;0.0;0.0;0.3343484000241084;0.0;0.0;0.414038292789096;0.0;0.26742079018533776;0.24339120699145883;0.0;0.3334480096655092;0.43206210684964375;0.0;0.4746107033048496;0.2560615493486744;0.3370429140040283;0.0;0.360059725430544;0.0;0.3007166873334848;0.0;0.23959436050011845;0.2511178703500101;0.0;0.0;0.21377025599374544;0.0;0.3007166873334848;0.3727035368383128;0.0;0.20918200840426326;0.0;0.2020034135127573;0.3011128257409857;0.38431693430235564;0.0;0.0;0.4184615361226678;0.0;0.0
GO:0070168;0.0;0.43129613930274896;0.26305472700200333;0.0;0.0;0.0;0.0;0.0;0.0;0.2942840624933535;0.0;0.4722107723067231;0.231818017332936;0.54784992223682;0.37541733308566677;0.2830984133858286;1.0;0.3244430662804378;0.5411744166077763;0.508370740979113;0.0;0.2929431363017048;0.0;0.508370740979113;0.0;0.25359840604369605;0.3135155912328987;0.3244430662804378;0.0;0.0;0.49090236949307303;0.0;0.36233952569288;0.2929431363017048;0.28799241257586167;0.341758003115833;0.3298881295026124;0.0;0.0;0.41593530342986373;0.0;0.348026941052002;0.4053039904458494;0.0;0.0;0.3418047604162014;0.2662687484009117;0.0;0.0;0.38900484594782;0.0;0.0;0.36423664049565213;0.0;0.32359518542826343;0.3782177244662623;0.0;0.42401084477955114;0.3988349526189152;0.0;0.35376212602281015;0.3032137416018193;0.341758003115833;0.0;0.3102580731371;0.0;0.3613880594813454;0.0;0.5567913220619123;0.21221061256499457;0.0;0.0;0.341758003115833;0.0;0.48169635307831976;0.4198557290914577;0.0;0.26265895086671714;0.0;0.3244430662804378;0.3613880594813454;0.2676096745925603;0.0;0.0;0.2999280783707455;0.0;0.0
GO:2000352;0.0;0.3634583311036392;0.20321418733618574;0.0;0.0;0.0;0.0;0.0;0.0;0.2672471984561994;0.0;0.39423052546836646;0.14271900280576594;0.3798027242380778;0.6118954345297456;0.2020034135127573;0.3244430662804378;1.0;0.29212466250225255;0.3100822005437819;0.0;0.22361497890962173;0.0;0.2781133939533883;0.0;0.2020034135127573;0.21595340251127143;0.5454324289312482;0.0;0.0;0.34550079306210985;0.0;0.25239047226412975;0.22361497890962173;0.19043022385423447;0.2834078126429887;0.23640626492241817;0.0;0.0;0.3128250203538295;0.0;0.2914900696727153;0.3258333944145194;0.0;0.0;0.26795295220151955;0.19694059100882855;0.0;0.0;0.31664338692611144;0.0;0.0;0.29863037941584913;0.0;0.22603299670663624;0.5537736476748101;0.0;0.20727595672193327;0.21377025599374544;0.0;0.27991031780812825;0.22374314557048924;0.26939654409412445;0.0;0.2504175334712824;0.0;0.2514390060525951;0.0;0.28093901339472765;0.15464929765389956;0.0;0.0;0.5782361045599117;0.0;0.2834078126429887;0.34038513306012763;0.0;0.16969110642992985;0.0;0.5454324289312482;0.2834078126429887;0.2020034135127573;0.0;0.0;0.4741443357497691;0.0;0.0
GO:0032689;0.0;0.39180523732841543;0.2344582195360983;0.0;0.0;0.0;0.0;0.0;0.0;0.2634431289595723;0.0;0.4357510509562938;0.2021970663352226;0.4963090693441465;0.3412727312653547;0.2507800096076434;0.5411744166077763;0.29212466250225255;1.0;0.6062365351155773;0.0;0.26062473252351964;0.0;0.6062365351155773;0.0;0.2239774550459827;0.28119718745471345;0.29212466250225255;0.0;0.0;0.4412690288794926;0.0;0.32587980434245073;0.26062473252351964;0.2556740087976765;0.30761340129552084;0.29342840815218313;0.0;0.0;0.3817907016095516;0.0;0.31570853727381676;0.36884426909542006;0.0;0.0;0.3076601585958893;0.23395034462272646;0.0;0.0;0.35486024412750783;0.0;0.0;0.33339570696187093;0.0;0.29127678165007825;0.341758003115833;0.0;0.3803786252329736;0.3376020600275664;0.0;0.31961752420249806;0.26675402025138994;0.30761340129552084;0.0;0.27611347131678793;0.0;0.32492833813091604;0.0;0.4976703637220663;0.1844865530716493;0.0;0.0;0.30761340129552084;0.0;0.579562147214784;0.38339600774102833;0.0;0.231818017332936;0.0;0.29212466250225255;0.32492833813091604;0.23676874105877915;0.0;0.0;0.2676096745925603;0.0;0.0
GO:0050711;0.0;0.40976277536994477;0.24003101387622594;0.0;0.0;0.0;0.0;0.0;0.0;0.60576716858301;0.0;0.4363936521624279;0.19043022385423447;0.4766790129786341;0.359230269306884;0.327391075234278;0.508370740979113;0.3100822005437819;0.6062365351155773;1.0;0.0;0.26308065282321136;0.0;0.5734328594869138;0.0;0.24044464389453868;0.5129239044764315;0.3100822005437819;0.0;0.0;0.414466474317832;0.0;0.30856486750705553;0.3536783694373057;0.24166274024881224;0.32557093933705017;0.2925806601653439;0.0;0.0;0.3663019628162833;0.0;0.3321757261223727;0.36799652110858083;0.0;0.0;0.3992363252652713;0.23640626492241817;0.0;0.0;0.3573290433757689;0.0;0.0;0.33707160979763046;0.0;0.277265513101214;0.3597155411573623;0.0;0.35771738824355703;0.3221133212342981;0.0;0.32059597425778574;0.2659062722645507;0.3100822005437819;0.0;0.2925806601653439;0.0;0.5401976153140673;0.0;0.4648666880934028;0.19081130328095824;0.0;0.0;0.32557093933705017;0.0;0.7129105696473059;0.3825482597541891;0.0;0.21902673132013956;0.0;0.3100822005437819;0.32557093933705017;0.24044464389453868;0.0;0.0;0.270065594892252;0.0;0.0
GO:0015867;0.0;0.0;0.0;0.0;0.0;0.0;0.0;0.0;0.0;0.0;0.0;0.0;0.0;0.0;0.0;0.0;0.0;0.0;0.0;0.0;1.0;0.0;0.7444190386370533;0.0;0.0;0.0;0.0;0.0;0.0;0.38280420480179356;0.0;0.0;0.0;0.0;0.0;0.0;0.0;0.0;0.5073629653364632;0.0;0.0;0.0;0.0;0.0;0.0;0.0;0.0;0.40251475854602825;0.0;0.0;0.0;0.0;0.0;0.0;0.0;0.0;0.38280420480179356;0.0;0.0;0.0;0.0;0.0;0.0;0.0;0.0;0.0;0.0;0.48079626024798655;0.0;0.0;0.0;0.0;0.0;0.0;0.0;0.0;0.0;0.0;0.0;0.0;0.0;0.0;0.0;0.5340373532372564;0.0;0.0;0.4613609769822782
GO:0032008;0.0;0.3131531150965377;0.32270110221132353;0.0;0.0;0.0;0.0;0.0;0.0;0.41626646127981964;0.0;0.34722897774779593;0.19043022385423447;0.34681244506637154;0.270065594892252;0.41147659405362713;0.2929431363017048;0.22361497890962173;0.26062473252351964;0.26308065282321136;0.0;1.0;0.0;0.2466134639746554;0.0;0.3272560498018805;0.35359458221246487;0.22361497890962173;0.0;0.0;0.3304680519319329;0.0;0.30856486750705553;0.5414197938983609;0.24166274024881224;0.23640626492241817;0.2925806601653439;0.0;0.0;0.4560142944094299;0.0;0.3321757261223727;0.5566757564955005;0.0;0.0;0.4014511356255216;0.6425239328674341;0.0;0.0;0.5351896942678941;0.0;0.0;0.4238830157049723;0.0;0.277265513101214;0.2672471984561994;0.0;0.3432927325813855;0.3427447885951488;0.0;0.6137120004176022;0.2659062722645507;0.22361497890962173;0.0;0.3895345047119326;0.0;0.2199390760738622;0.0;0.24943908341599474;0.2718569877743147;0.0;0.0;0.23640626492241817;0.0;0.23640626492241817;0.3825482597541891;0.0;0.21902673132013956;0.0;0.22361497890962173;0.40512171610039327;0.617062304497422;0.0;0.0;0.5443892139722692;0.0;0.0
GO:0015866;0.0;0.0;0.0;0.0;0.0;0.0;0.0;0.0;0.0;0.0;0.0;0.0;0.0;0.0;0.0;0.0;0.0;0.0;0.0;0.0;0.7444190386370533;0.0;1.0;0.0;0.0;0.0;0.0;0.0;0.0;0.35332942552040486;0.0;0.0;0.0;0.0;0.0;0.0;0.0;0.0;0.39562071887533384;0.0;0.0;0.0;0.0;0.0;0.0;0.0;0.0;0.3458550914526242;0.0;0.0;0.0;0.0;0.0;0.0;0.0;0.0;0.35332942552040486;0.0;0.0;0.0;0.0;0.0;0.0;0.0;0.0;0.0;0.0;0.47095153733211026;0.0;0.0;0.0;0.0;0.0;0.0;0.0;0.0;0.0;0.0;0.0;0.0;0.0;0.0;0.0;0.3996338697867105;0.0;0.0;0.4515162540664019
GO:0032720;0.0;0.37217518096290303;0.22356382502766997;0.0;0.0;0.0;0.0;0.0;0.0;0.25065184294677584;0.0;0.4184361141208986;0.19043022385423447;0.4766790129786341;0.3257839924720864;0.23676874105877915;0.508370740979113;0.2781133939533883;0.6062365351155773;0.5734328594869138;0.0;0.2466134639746554;0.0;1.0;0.0;0.21221061256499457;0.2671859189058492;0.2781133939533883;0.0;0.0;0.414466474317832;0.0;0.30856486750705553;0.2466134639746554;0.24166274024881224;0.29212466250225255;0.27611347131678793;0.0;0.0;0.3663019628162833;0.0;0.3016972687249525;0.35152933226002486;0.0;0.0;0.292171419802621;0.2199390760738622;0.0;0.0;0.33937150533423954;0.0;0.0;0.3206044209490745;0.0;0.277265513101214;0.3244430662804378;0.0;0.35771738824355703;0.3221133212342981;0.0;0.3041287854092298;0.24943908341599474;0.29212466250225255;0.0;0.26062473252351964;0.0;0.30761340129552084;0.0;0.4648666880934028;0.17434411443240228;0.0;0.0;0.29212466250225255;0.0;0.5467584715861207;0.36608107090563313;0.0;0.21902673132013956;0.0;0.2781133939533883;0.30761340129552084;0.2239774550459827;0.0;0.0;0.25359840604369605;0.0;0.0
GO:0035754;0.0;0.4496538432558393;0.0;0.5014099121704623;0.22541450789500678;0.4528959953786031;0.257732911673192;0.4496538432558393;0.30546502635565725;0.0;0.5469259582019668;0.0;0.24090324668827506;0.0;0.0;0.0;0.0;0.0;0.0;0.0;0.0;0.0;0.0;0.0;1.0;0.0;0.0;0.0;0.5065796740652142;0.0;0.0;0.4627407182944793;0.46648350824075624;0.0;0.35398641934105307;0.0;0.42908138832464554;0.4627407182944793;0.0;0.0;0.35873055205849386;0.0;0.0;0.0;0.3239698433804841;0.0;0.0;0.0;0.0;0.0;0.3164392587035649;0.3988032283717265;0.0;0.3661691018055663;0.38958919219345484;0.0;0.30050947687859925;0.0;0.0;0.0;0.0;0.4024070004238523;0.0;0.41923666540876925;0.0;0.4496538432558393;0.0;0.0;0.0;0.0;0.27784823988918267;0.32553684346333794;0.0;0.4365677441827838;0.0;0.5190489879134907;0.41806292715795695;0.46185809964163066;0.42908138832464554;0.0;0.0;0.0;0.4360663303936862;0.5909326425736667;0.0;0.27784823988918267;0.0
GO:0033138;0.0;0.2878196533873931;0.6437665425677078;0.0;0.0;0.0;0.0;0.0;0.0;0.28407686344111627;0.0;0.4175935147750178;0.15954866779068283;0.30746771480836277;0.38155417718901635;0.30340005833713996;0.25359840604369605;0.2020034135127573;0.2239774550459827;0.24044464389453868;0.0;0.3272560498018805;0.0;0.21221061256499457;0.0;1.0;0.31424985195445604;0.2020034135127573;0.0;0.0;0.354017644781627;0.0;0.2692201372490467;0.24044464389453868;0.20725988883915142;0.3462594471625268;0.2532359299073351;0.0;0.0;0.5493489152073487;0.0;0.387622572735622;0.3426630593994363;0.0;0.0;0.37429147587425016;0.30058166190108726;0.0;0.0;0.5485044750811918;0.0;0.0;0.493508934700893;0.0;0.24286266169155318;0.24339120699145883;0.0;0.2965030164646016;0.3174113268860042;0.0;0.38624884148085886;0.24057281055540614;0.2020034135127573;0.0;0.360059725430544;0.0;0.18553622466420133;0.0;0.2100943531579859;0.5718855949830236;0.0;0.0;0.21377025599374544;0.0;0.21377025599374544;0.3572147980450445;0.0;0.1865207714148468;0.0;0.2020034135127573;0.21377025599374544;0.621518935596604;0.0;0.0;0.33424099187092116;0.0;0.0
GO:0046827;0.0;0.31725838117917554;0.31193933043177524;0.0;0.0;0.0;0.0;0.0;0.0;0.5720448628162775;0.0;0.35133424383043377;0.21100267878542828;0.3509177111490094;0.2613795749620934;0.3774635375076043;0.3135155912328987;0.21595340251127143;0.28119718745471345;0.5129239044764315;0.0;0.35359458221246487;0.0;0.2671859189058492;0.0;0.31424985195445604;1.0;0.21595340251127143;0.0;0.0;0.33457331801457074;0.0;0.3291373224382493;0.46955447674498657;0.26223519518000604;0.22772024499225957;0.29668592624798173;0.0;0.0;0.4765867493406238;0.0;0.3222697236561463;0.3721017871912187;0.0;0.0;0.550998984154585;0.3269201943116717;0.0;0.0;0.27496708782424656;0.0;0.0;0.4248880864064121;0.0;0.2978379680324078;0.2573411959899729;0.0;0.3638651875125793;0.3282611205033203;0.0;0.41441357193357015;0.27001153834718855;0.22772024499225957;0.0;0.37090951904786007;0.0;0.6111973359751414;0.0;0.27001153834718855;0.26196766396732624;0.0;0.0;0.22772024499225957;0.0;0.4862495165756384;0.38665352583682694;0.0;0.2395991862513333;0.0;0.21595340251127143;0.240511531005056;0.3282611205033203;0.0;0.0;0.3605795242815055;0.0;0.0
GO:1900142;0.0;0.3634583311036392;0.20321418733618574;0.0;0.0;0.0;0.0;0.0;0.0;0.2672471984561994;0.0;0.39423052546836646;0.14271900280576594;0.3798027242380778;0.6118954345297456;0.2020034135127573;0.3244430662804378;0.5454324289312482;0.29212466250225255;0.3100822005437819;0.0;0.22361497890962173;0.0;0.2781133939533883;0.0;0.2020034135127573;0.21595340251127143;1.0;0.0;0.0;0.34550079306210985;0.0;0.25239047226412975;0.22361497890962173;0.19043022385423447;0.2834078126429887;0.23640626492241817;0.0;0.0;0.3128250203538295;0.0;0.2914900696727153;0.3258333944145194;0.0;0.0;0.26795295220151955;0.19694059100882855;0.0;0.0;0.31664338692611144;0.0;0.0;0.29863037941584913;0.0;0.22603299670663624;0.5537736476748101;0.0;0.20727595672193327;0.21377025599374544;0.0;0.27991031780812825;0.22374314557048924;0.26939654409412445;0.0;0.2504175334712824;0.0;0.2514390060525951;0.0;0.28093901339472765;0.15464929765389956;0.0;0.0;0.5782361045599117;0.0;0.2834078126429887;0.34038513306012763;0.0;0.16969110642992985;0.0;0.5454324289312482;0.2834078126429887;0.2020034135127573;0.0;0.0;0.4741443357497691;0.0;0.0
GO:0030182;0.5505476463239718;0.5369968519122842;0.0;0.5887529208269071;0.3127575165514517;0.540239004035048;0.3450759203296369;0.6866038911143202;0.39280803501210215;0.0;0.0;0.0;0.32824625534471996;0.0;0.0;0.0;0.0;0.0;0.0;0.0;0.0;0.0;0.0;0.0;0.5065796740652142;0.0;0.0;0.0;1.0;0.0;0.0;0.6646399327101853;0.5538265168972012;0.0;0.4413294279974979;0.0;0.5164243969810904;0.5500837269509242;0.0;0.0;0.4460735607149387;0.0;0.0;0.5772220342247649;0.411312852036929;0.0;0.0;0.0;0.0;0.0;0.4037822673600097;0.4861462370281714;0.0;0.4535121104620112;0.4769322008498997;0.0;0.38785248553504414;0.0;0.0;0.0;0.0;0.4897500090802972;0.0;0.5065796740652142;0.0;0.6866038911143202;0.0;0.0;0.0;0.0;0.36519124854562757;0.4128798521197828;0.0;0.5239107528392286;0.0;0.6063919965699356;0.5054059358144019;0.0;0.6309806027403515;0.0;0.0;0.0;0.5234093390501311;0.5164243969810904;0.0;0.36519124854562757;0.0
GO:0043277;0.0;0.0;0.0;0.0;0.0;0.0;0.0;0.0;0.0;0.0;0.0;0.0;0.0;0.0;0.0;0.0;0.0;0.0;0.0;0.0;0.38280420480179356;0.0;0.35332942552040486;0.0;0.0;0.0;0.0;0.0;0.0;1.0;0.0;0.0;0.0;0.0;0.0;0.0;0.0;0.0;0.4942625755896353;0.0;0.0;0.0;0.0;0.0;0.0;0.0;0.0;0.3162341404549109;0.0;0.0;0.0;0.0;0.0;0.0;0.0;0.0;0.47160133860021874;0.0;0.0;0.0;0.0;0.0;0.0;0.0;0.0;0.0;0.0;0.37518728183829114;0.0;0.0;0.0;0.0;0.0;0.0;0.0;0.0;0.0;0.0;0.0;0.0;0.0;0.0;0.0;0.36317414843628115;0.0;0.0;0.33601448868500966
GO:0043433;0.0;0.4618414838106864;0.42705640156442876;0.0;0.0;0.0;0.0;0.0;0.0;0.32998278008145465;0.0;0.6564357892363062;0.2495720758280771;0.46869825921885966;0.5106598374881393;0.3206233290160566;0.49090236949307303;0.34550079306210985;0.4412690288794926;0.414466474317832;0.0;0.3304680519319329;0.0;0.414466474317832;0.0;0.354017644781627;0.33457331801457074;0.34550079306210985;0.0;0.0;1.0;0.0;0.38874355262857346;0.43196845434459646;0.3090501393575338;0.4397773811217487;0.3727593452868619;0.0;0.0;0.6157940530441952;0.0;0.4353546874180873;0.6092818388330865;0.0;0.0;0.3816447955765467;0.3037936640311397;0.0;0.0;0.5242473503502925;0.0;0.0;0.6262660316702737;0.0;0.34465291220993555;0.4046217514019557;0.0;0.3564203230991733;0.3033083921806614;0.0;0.3936021611831554;0.3460849573860687;0.36513084942762225;0.0;0.3500981082974453;0.0;0.38779208641703883;0.0;0.4473983166073629;0.3724903908151398;0.0;0.0;0.36513084942762225;0.0;0.38779208641703883;0.4627269448757071;0.0;0.2818904796062623;0.0;0.34550079306210985;0.38779208641703883;0.3695063835748953;0.0;0.0;0.33745299400097356;0.0;0.0
GO:0021782;0.561670908735242;0.4931578961415494;0.0;0.5449139650561723;0.2689185607807169;0.49640004826431317;0.3012369645589021;0.6077141019008105;0.3489690792413674;0.0;0.0;0.0;0.2844072995739852;0.0;0.0;0.0;0.0;0.0;0.0;0.0;0.0;0.0;0.0;0.0;0.4627407182944793;0.0;0.0;0.0;0.6646399327101853;0.0;0.0;1.0;0.5099875611264664;0.0;0.39749047222676315;0.0;0.4725854412103556;0.5062447711801894;0.0;0.0;0.40223460494420393;0.0;0.0;0.5883452966360352;0.36747389626619426;0.0;0.0;0.0;0.0;0.0;0.35994331158927495;0.4423072812574366;0.0;0.40967315469127635;0.4330932450791649;0.0;0.3440135297643094;0.0;0.0;0.0;0.0;0.44591105330956243;0.0;0.4627407182944793;0.0;0.6077141019008105;0.0;0.0;0.0;0.0;0.3213522927748928;0.3690408963490481;0.0;0.48007179706849396;0.0;0.5625530407992008;0.4615669800436671;0.0;0.6781510862339712;0.0;0.0;0.0;0.4795703832793963;0.4725854412103556;0.0;0.3213522927748928;0.0
GO:0046902;0.0;0.4969006860878263;0.30547901276901473;0.5486567550024493;0.27266135072699377;0.5917671219035194;0.2894910157119107;0.4969006860878263;0.35271186918764424;0.4599107687420542;0.0;0.3927131924316401;0.3967766594908317;0.5243004061436605;0.3000610707828279;0.29872014459117924;0.36233952569288;0.25239047226412975;0.32587980434245073;0.30856486750705553;0.0;0.30856486750705553;0.0;0.30856486750705553;0.46648350824075624;0.2692201372490467;0.3291373224382493;0.25239047226412975;0.5538265168972012;0.0;0.38874355262857346;0.5099875611264664;1.0;0.4657423407465539;0.4657423407465539;0.266401740812994;0.47632823115663253;0.5099875611264664;0.0;0.4315570346352144;0.38331615790106427;0.3636486722573526;0.47038951320227723;0.0;0.3539017493770759;0.3574264916215521;0.2818904796062623;0.0;0.0;0.313648583644981;0.36368610153555186;0.4460500712037135;0.37985837170100273;0.39378588827204086;0.5013451135989557;0.29872014459117924;0.28815008952026205;0.4433942333418395;0.28323140579791095;0.0;0.3693838572281608;0.4496538432558393;0.266401740812994;0.6544912159868471;0.32587980434245073;0.4969006860878263;0.2818904796062623;0.0;0.3188354728071699;0.25239047226412975;0.30546502635565725;0.37278368629532493;0.266401740812994;0.45701203245311023;0.2818904796062623;0.5662958307454777;0.43850721542828336;0.4558976178306776;0.47632823115663253;0.25239047226412975;0.2818904796062623;0.28323140579791095;0.4833131732256732;0.47632823115663253;0.3155498095760962;0.30546502635565725;0.0
GO:0060314;0.0;0.3131531150965377;0.36419265327830597;0.0;0.0;0.0;0.0;0.0;0.0;0.4173229785997503;0.0;0.34722897774779593;0.3420596027393258;0.34681244506637154;0.3715659973049156;0.34140234378314227;0.2929431363017048;0.22361497890962173;0.26062473252351964;0.3536783694373057;0.0;0.5414197938983609;0.0;0.2466134639746554;0.0;0.24044464389453868;0.46955447674498657;0.22361497890962173;0.0;0.0;0.43196845434459646;0.0;0.4657423407465539;1.0;0.4056789838410266;0.23640626492241817;0.2925806601653439;0.0;0.0;0.3663019628162833;0.0;0.3321757261223727;0.5566757564955005;0.0;0.0;0.4147250640585396;0.5147454059975677;0.0;0.0;0.5351896942678941;0.0;0.0;0.33707160979763046;0.0;0.44128175669342834;0.2672471984561994;0.0;0.26675402025138994;0.2532359299073351;0.0;0.49796139387631316;0.2659062722645507;0.22361497890962173;0.0;0.2925806601653439;0.0;0.4049926970776044;0.0;0.24943908341599474;0.31334853884129715;0.0;0.0;0.23640626492241817;0.0;0.3270039815365125;0.3825482597541891;0.0;0.35888926772424273;0.0;0.22361497890962173;0.40512171610039327;0.5047725164208241;0.0;0.0;0.4387810460702271;0.0;0.0
GO:0009448;0.0;0.3844035971881231;0.24127433829124328;0.4877348617544654;0.4667151727433524;0.36084319474922627;0.33477975529609594;0.35760104262646253;0.540764570137;0.40287859246043106;0.0;0.3258110651733968;0.3420596027393258;0.3850007626822966;0.23585639630505645;0.231818017332936;0.28799241257586167;0.19043022385423447;0.2556740087976765;0.24166274024881224;0.0;0.24166274024881224;0.0;0.24166274024881224;0.35398641934105307;0.20725988883915142;0.26223519518000604;0.19043022385423447;0.4413294279974979;0.0;0.3090501393575338;0.39749047222676315;0.4657423407465539;0.4056789838410266;1.0;0.2021970663352226;0.3638311422569293;0.49749626856245427;0.0;0.36135123909044015;0.3262839816194411;0.29674654499910935;0.3835236017350893;0.0;0.40101668700338805;0.28722069607677786;0.21498835234801905;0.0;0.0;0.2494439091672096;0.5517388024849075;0.4417615351610761;0.31565369722323133;0.4432159454284702;0.7311166252538912;0.231818017332936;0.26806290643954656;0.3040945898804758;0.21902673132013956;0.0;0.2991780616833866;0.3371567543561361;0.2021970663352226;0.3271838647793925;0.2556740087976765;0.35760104262646253;0.21498835234801905;0.0;0.2444883596901516;0.19043022385423447;0.25074796960415136;0.4222137434517542;0.2021970663352226;0.3969486755475829;0.21498835234801905;0.4537987418457745;0.3784438585227561;0.35888926772424273;0.3638311422569293;0.19043022385423447;0.21498835234801905;0.21902673132013956;0.5149477488094507;0.3370285876952687;0.2486476823178529;0.25074796960415136;0.0
GO:0042985;0.0;0.3830883874691516;0.35449578558476635;0.0;0.0;0.0;0.0;0.0;0.0;0.28273593724946766;0.0;0.6551274410544856;0.15286144144501296;0.397117661073473;0.4338374364743795;0.21377025599374544;0.341758003115833;0.2834078126429887;0.30761340129552084;0.32557093933705017;0.0;0.23640626492241817;0.0;0.29212466250225255;0.0;0.3462594471625268;0.22772024499225957;0.2834078126429887;0.0;0.0;0.4397773811217487;0.0;0.266401740812994;0.23640626492241817;0.2021970663352226;1.0;0.2504175334712824;0.0;0.0;0.4550964307869435;0.0;0.3881078445861003;0.3413221332077877;0.0;0.0;0.2819642207503838;0.209731877021625;0.0;0.0;0.44742494933653265;0.0;0.0;0.5059871691777704;0.0;0.23779983918762437;0.3330411532565691;0.0;0.22276469551520156;0.22656154200654188;0.0;0.2939215863569925;0.23923188436375753;0.2834078126429887;0.0;0.2659062722645507;0.0;0.26545027460145937;0.0;0.29825395023012286;0.30262722761594923;0.0;0.0;0.298896551436257;0.0;0.298896551436257;0.3558738718533959;0.0;0.18058550093835818;0.0;0.2834078126429887;0.298896551436257;0.33224817861366257;0.0;0.0;0.24339120699145883;0.0;0.0
GO:0033209;0.0;0.47465686883211494;0.2894948054273031;0.5112546350863385;0.23525923081088307;0.4627407182944793;0.2675776345890683;0.4594985661717156;0.31530974927153355;0.326725261985656;0.0;0.37672898508992847;0.25074796960415136;0.5083161988019488;0.28407686344111627;0.28273593724946766;0.3298881295026124;0.23640626492241817;0.29342840815218313;0.2925806601653439;0.0;0.2925806601653439;0.0;0.27611347131678793;0.42908138832464554;0.2532359299073351;0.29668592624798173;0.23640626492241817;0.5164243969810904;0.0;0.3727593452868619;0.4725854412103556;0.47632823115663253;0.2925806601653439;0.3638311422569293;0.2504175334712824;1.0;0.4725854412103556;0.0;0.3991056384449468;0.3685752749743701;0.347664464915641;0.4544053058605656;0.0;0.3338145662963604;0.34144228427984047;0.2659062722645507;0.0;0.0;0.2976643763032694;0.3262839816194411;0.4086479512876028;0.36387416435929115;0.37601382472144257;0.3994339151093311;0.28273593724946766;0.31035419979447554;0.410942837151572;0.2672471984561994;0.0;0.35339964988644923;0.5452113864407775;0.2504175334712824;0.42908138832464554;0.3098955970007391;0.4594985661717156;0.24943908341599474;0.0;0.28638407661690235;0.23640626492241817;0.28769296280505896;0.3353815663792142;0.2504175334712824;0.44641246709866006;0.2659062722645507;0.6986155429484201;0.42790765007383325;0.3209242548653927;0.4389261112405218;0.23640626492241817;0.2659062722645507;0.2672471984561994;0.44591105330956243;0.4389261112405218;0.29956560223438455;0.28769296280505896;0.0
GO:0043161;0.0;0.4931578961415494;0.0;0.6360276817374695;0.38855441348192044;0.49640004826431317;0.4482847887167227;0.4931578961415494;0.458462493303324;0.0;0.0;0.0;0.2844072995739852;0.0;0.0;0.0;0.0;0.0;0.0;0.0;0.0;0.0;0.0;0.0;0.4627407182944793;0.0;0.0;0.0;0.5500837269509242;0.0;0.0;0.5062447711801894;0.5099875611264664;0.0;0.49749626856245427;0.0;0.4725854412103556;1.0;0.0;0.0;0.40223460494420393;0.0;0.0;0.0;0.5198680205780363;0.0;0.0;0.0;0.0;0.0;0.46943672565123157;0.5082245407595734;0.0;0.5692397771992666;0.533099041414856;0.0;0.3440135297643094;0.0;0.0;0.0;0.0;0.44591105330956243;0.0;0.4627407182944793;0.0;0.4931578961415494;0.0;0.0;0.0;0.0;0.3213522927748928;0.6669427177842457;0.0;0.48007179706849396;0.0;0.5625530407992008;0.4615669800436671;0.0;0.4725854412103556;0.0;0.0;0.0;0.546772503986424;0.4725854412103556;0.0;0.3213522927748928;0.0
GO:0006888;0.0;0.0;0.0;0.0;0.0;0.0;0.0;0.0;0.0;0.0;0.0;0.0;0.0;0.0;0.0;0.0;0.0;0.0;0.0;0.0;0.5073629653364632;0.0;0.39562071887533384;0.0;0.0;0.0;0.0;0.0;0.0;0.4942625755896353;0.0;0.0;0.0;0.0;0.0;0.0;0.0;0.0;1.0;0.0;0.0;0.0;0.0;0.0;0.0;0.0;0.0;0.47483074388157026;0.0;0.0;0.0;0.0;0.0;0.0;0.0;0.0;0.4942625755896353;0.0;0.0;0.0;0.0;0.0;0.0;0.0;0.0;0.0;0.0;0.40799095746695463;0.0;0.0;0.0;0.0;0.0;0.0;0.0;0.0;0.0;0.0;0.0;0.0;0.0;0.0;0.0;0.5945860073038634;0.0;0.0;0.37295948188591727
