;GO:0016601;GO:0030031;GO:0051491;GO:0046854;GO:0043547;GO:0060326;GO:0043304;GO:0045893;GO:0035556;GO:0010592;GO:0034260;GO:0045859;GO:0007186;GO:0007264;GO:0090023;GO:0043312;GO:1900027;GO:0007266;GO:0009967;GO:0060753;GO:0030217;GO:0051497;GO:0048010;GO:0032956;GO:0051058;GO:0051056;GO:2000249;GO:0051897;GO:0071526;GO:0008360;GO:0035023;GO:0090630;GO:1901164;GO:0008284;GO:0008361;GO:0045742;GO:0038095;GO:0048812;GO:0043124;GO:0051270;GO:0038096;GO:0007229;GO:0050771;GO:0050772;GO:0001921;GO:0019221;GO:0010310;GO:0042129;GO:0031295;GO:1903078;GO:0007162;GO:0006355;GO:0046847;GO:1903955;GO:0042326;GO:0045954;GO:0030517;GO:0043066;GO:0043065;GO:0030593;GO:0010764;GO:0030037;GO:0030036
GO:0016601;1.0;0.3149032456908612;0.34086749950080675;0.19529525622833493;0.272228364536037;0.28393243765962767;0.25577974914947926;0.22438019358759656;0.8479600636848046;0.32008141579797095;0.3367339283655984;0.3089281906403226;0.7462428977997437;0.9035774100081213;0.2289786742111881;0.17184267938618508;0.4417425789053182;0.9121122072524467;0.3910861547158685;0.36352301113756924;0.23959340714901206;0.29323761033975276;0.6477911747409282;0.4827500447235573;0.3406703202736681;0.46084205859585387;0.4615271691013198;0.3406670952121962;0.7102181054065656;0.45915719712782815;0.42375961446684685;0.26083390555165265;0.2690707826167166;0.5061314175857057;0.38582765598559104;0.34066117461378287;0.5497925766061609;0.2397978698307726;0.3406703202736681;0.5608533601131795;0.3782949893149303;0.7102181054065656;0.22425094345775953;0.22424941783109856;0.3639295512688537;0.7102181054065656;0.48328877554035116;0.3917115136731798;0.2762322843947266;0.3026950652465778;0.5055857618405273;0.32990393963884396;0.27324382053543944;0.22871780866966293;0.3651071800827224;0.20038598367302043;0.18797168982939758;0.4238569517177535;0.423854372019139;0.20705301791301967;0.35235747543884277;0.285089975522463;0.29898678251522787
GO:0030031;0.3149032456908612;1.0;0.0;0.21645504509962818;0.0;0.3309713581161196;0.0;0.0;0.37168882875616455;0.0;0.0;0.0;0.37168882875616455;0.3505956476068829;0.0;0.18801512691972244;0.0;0.3149032456908612;0.0;0.0;0.2722434902038249;0.0;0.3149220071567667;0.0;0.0;0.0;0.0;0.0;0.35059668026085844;0.0;0.0;0.0;0.0;0.0;0.5586494953312856;0.0;0.2610547820272573;0.5516871551996791;0.0;0.0;0.1725887341001279;0.35059668026085844;0.0;0.0;0.0;0.35059668026085844;0.0;0.0;0.0;0.0;0.0;0.0;0.8467461402311639;0.0;0.0;0.0;0.0;0.0;0.0;0.23099352188278038;0.0;0.5640432449362099;0.5963767324900693
GO:0051491;0.34086749950080675;0.0;1.0;0.0;0.20171383199840467;0.0;0.2569441462448139;0.2667741558165658;0.3778216635275667;0.8535866505255348;0.255186614256478;0.25022000772458725;0.3778216635275667;0.3646327778734422;0.2714315215471517;0.0;0.7156508837185763;0.34086749950080675;0.41958788062539676;0.28487250719612817;0.0;0.3346556312152475;0.3408805007134685;0.42237135255193653;0.27064522187879;0.3413638503472645;0.4086222477201486;0.3766132507412334;0.36463343850936897;0.4070664783501991;0.3205833873252306;0.1953892385845774;0.22341481293629264;0.5087453898142948;0.2074331659432247;0.37660805078755255;0.3011046845900913;0.0;0.27064522187879;0.39331645000249876;0.26764638033975113;0.36463343850936897;0.30330607064781284;0.45103219986748005;0.3967613711078639;0.36463343850936897;0.353526654255548;0.3018973703304092;0.3177323473589466;0.29382313930306303;0.3653116746414725;0.26380559676217713;0.0;0.34634189807523846;0.28584442486778744;0.2103806211332771;0.26036730889919;0.3206390927750507;0.4461829491431522;0.0;0.27796991060008003;0.0;0.0
GO:0046854;0.19529525622833493;0.21645504509962818;0.0;1.0;0.0;0.2013578370959316;0.0;0.0;0.21573595145001387;0.0;0.0;0.0;0.21573595145001387;0.208456575054217;0.0;0.13767288396006178;0.0;0.19529525622833493;0.0;0.0;0.17799751649582177;0.0;0.19530247205438975;0.0;0.0;0.0;0.0;0.0;0.2084569401211171;0.0;0.0;0.0;0.0;0.0;0.20076223431334014;0.0;0.17314556876076845;0.17811033931364428;0.0;0.0;0.12921575359117163;0.2084569401211171;0.0;0.0;0.0;0.2084569401211171;0.0;0.0;0.0;0.0;0.0;0.0;0.19592271276247822;0.0;0.0;0.0;0.0;0.0;0.0;0.15938796970923869;0.0;0.2019393075447705;0.20881413570380036
GO:0043547;0.272228364536037;0.0;0.20171383199840467;0.0;1.0;0.0;0.1513408509010083;0.13275545243699197;0.31365361198620384;0.18940693179125065;0.5875997213244503;0.30972367488388525;0.31365361198620384;0.2984988536792672;0.13547717477092827;0.0;0.2614511608730392;0.272228364536037;0.2314504256987869;0.21512851928011462;0.0;0.17351464246632367;0.27224238543101636;0.2857410217292515;0.20159708339245896;0.2727639101141422;0.27316971869171097;0.20159517385404696;0.2984996022398005;0.27176592716767256;0.25080037327368326;0.9581137339183853;0.15920838575400884;0.2995919083294895;0.28296940811880955;0.20159166830538613;0.23103110266795768;0.0;0.20159708339245896;0.33201274598577707;0.15893377361358524;0.2984996022398005;0.13267895319939985;0.1326780502273738;0.2153692471564461;0.2984996022398005;0.2860601485115272;0.23182075784683145;0.16344772787780898;0.2238348128667662;0.29926865543299097;0.19522248934727013;0.0;0.1353227740819946;0.21606656776953104;0.14814922323336333;0.11120763230686885;0.25085802162415327;0.2508564937877765;0.0;0.20851710524485545;0.0;0.0
GO:0060326;0.28393243765962767;0.3309713581161196;0.0;0.2013578370959316;0.0;1.0;0.0;0.0;0.32929306346355525;0.0;0.0;0.0;0.32929306346355525;0.31262947405354913;0.0;0.176519171748835;0.0;0.28393243765962767;0.0;0.0;0.24878292544238462;0.0;0.2839476901223395;0.0;0.0;0.0;0.0;0.0;0.31263029516381546;0.0;0.0;0.0;0.0;0.0;0.295636782154175;0.0;0.239406292377737;0.2490033803045228;0.0;0.0;0.1628530023066676;0.31263029516381546;0.0;0.0;0.0;0.31263029516381546;0.0;0.0;0.0;0.0;0.0;0.0;0.2852606393506058;0.0;0.0;0.0;0.0;0.0;0.0;0.7203052173397133;0.0;0.2981963187565183;0.3134343904806841
GO:0043304;0.25577974914947926;0.0;0.2569441462448139;0.0;0.1513408509010083;0.0;1.0;0.19374557588462568;0.2760392090343671;0.2468710328382265;0.19462285244340397;0.2011099103614066;0.2760392090343671;0.2689323235184627;0.3262297527134733;0.0;0.2500519467625325;0.25577974914947926;0.326017789396435;0.35644185955482943;0.0;0.19434038341973386;0.2557870696512821;0.2626828163341689;0.25685073717341206;0.30719349625140474;0.25627050035607135;0.29960344193562033;0.2689326828841249;0.25553811635594875;0.2929495672690138;0.1477525613468679;0.22005121291199287;0.3232659035602843;0.15453770044010334;0.2996001695738617;0.3703707744256747;0.0;0.25685073717341206;0.34097771683663736;0.3633459917758464;0.2689326828841249;0.16142839032274528;0.19366428890589987;0.26759897421240064;0.2689326828841249;0.26284224617827406;0.37009793152797615;0.3694969562202672;0.3189065202209875;0.26930144231991093;0.20979347171483828;0.0;0.3249214059369767;0.2234972028201762;0.4128332667549479;0.1417362678420051;0.2442185109930789;0.29298731123382377;0.0;0.2623187486026598;0.0;0.0
GO:0045893;0.22438019358759656;0.0;0.2667741558165658;0.0;0.13275545243699197;0.0;0.19374557588462568;1.0;0.23982072189214945;0.25737396881391866;0.17176909952081487;0.35903752611532164;0.23982072189214945;0.2344382627536141;0.20926386317171117;0.0;0.21996021382880074;0.2243801935875965;0.2875400503103482;0.19867395613476865;0.0;0.1756629944861104;0.2243858270584099;0.2296749056125442;0.19164782933093688;0.22459515997350804;0.22475776214429005;0.2666859216932492;0.23443853584467453;0.2241942235556856;0.21540845403404943;0.12998630389160432;0.16669419743432262;0.3267861487913735;0.13520897161100714;0.26668331427792863;0.20643523885948986;0.0;0.19164782933093688;0.24597147189110133;0.1997688683008077;0.23443853584467453;0.1483282315138796;0.20640507089193447;0.5072129711473532;0.23443853584467453;0.3198162782439817;0.2068075228582048;0.23574961155429566;0.20298641623991695;0.2347187161468908;0.731724428990507;0.0;0.2091072290107556;0.27715878356643703;0.15932904328543174;0.1315362861115215;0.21543360278321796;0.29978548346182954;0.0;0.19529183472947845;0.0;0.0
GO:0035556;0.8479600636848046;0.37168882875616455;0.3778216635275667;0.21573595145001387;0.31365361198620384;0.32929306346355525;0.2760392090343671;0.23982072189214945;1.0;0.352452068359161;0.3829709039079838;0.33897634980929986;0.8800448626754314;0.9435551676684039;0.24508127789139614;0.1874723451898795;0.505862449370784;0.8479600636848046;0.4405205909828561;0.4058577278814046;0.2711069276702833;0.3201778792815677;0.7462871432700279;0.5603730586737176;0.37757942877642914;0.5310671806746815;0.5319772065372138;0.37757546703976974;0.8303733106208108;0.5288309478384625;0.48241859883791827;0.29862322489570153;0.2915830786224651;0.5921253669683854;0.44716930327733573;0.3775681940672202;0.6191462711759125;0.2713687425384645;0.37757942877642914;0.6684235691853407;0.40988660070025457;0.8303733106208108;0.2396730770946818;0.239671334413217;0.40636453629206865;0.8303733106208108;0.5610990970967548;0.44131419655430737;0.30001184159482097;0.33954525876722275;0.5913786776657989;0.36439888600060993;0.3150023932773086;0.24478245619821887;0.4078333586456249;0.21589740231281299;0.1986882540442322;0.48254475307504696;0.48254140954539615;0.23017476920544852;0.3919897636305481;0.3308510126853048;0.34971473933666786
GO:0010592;0.32008141579797095;0.0;0.8535866505255348;0.0;0.18940693179125065;0.0;0.2468710328382265;0.25737396881391866;0.352452068359161;1.0;0.24057237880407195;0.23883466740373402;0.352452068359161;0.340947941110189;0.26170623362010315;0.0;0.6732266192358495;0.32008141579797095;0.3967941051254049;0.2702077474411125;0.0;0.32003324987684106;0.3200928797030434;0.39573936086971817;0.2573745595624066;0.32051903859182007;0.3836446266730235;0.35814674505517724;0.3409485187097694;0.3822729222948163;0.3021305852705298;0.18381985576451257;0.21429369692845254;0.4756180235061921;0.19444095476810905;0.3581420425357988;0.28476901776183794;0.0;0.2573745595624066;0.3658988302281596;0.25673447893378576;0.3409485187097694;0.2926237020168224;0.43514704072350346;0.3763197866457568;0.3409485187097694;0.33121851309185574;0.2854779251002769;0.30448714748456784;0.27824756786265936;0.3415414345925661;0.25118155652575186;0.0;0.3339442138121088;0.27108202177245405;0.2022734160424843;0.252455986456749;0.3021800619675251;0.4204965333175319;0.0;0.26398977111562016;0.0;0.0
GO:0034260;0.3367339283655984;0.0;0.255186614256478;0.0;0.5875997213244503;0.0;0.19462285244340397;0.17176909952081487;0.3829709039079838;0.24057237880407195;1.0;0.3520722249787814;0.3829709039079838;0.3661948658756131;0.17513339902468128;0.0;0.32450615788538556;0.3367339283655984;0.29002392188651316;0.27098471532751905;0.0;0.27680445932936615;0.33674978226648133;0.3519483672811858;0.31869015098909786;0.33733938829176163;0.33779803813878023;0.2550462637724915;0.36619569844666877;0.3362109561730416;0.3123395850650996;0.5650209630818137;0.25517045543027767;0.36741017814073007;0.25779791287877174;0.25504211719793735;0.2895372750521976;0.0;0.31869015098909786;0.4030832625261083;0.20387962492499884;0.36619569844666877;0.21451195455369726;0.17167333489612008;0.27126697038774467;0.36619569844666877;0.3523061239720641;0.2904536037440008;0.20936096731808804;0.2811652221909771;0.45864015055527985;0.2474927469580454;0.0;0.17494270708033052;0.3399768705534757;0.190718062748224;0.18108053042863592;0.39035947259198056;0.31240390815803537;0.0;0.3288952510219143;0.0;0.0
GO:0045859;0.3089281906403226;0.0;0.25022000772458725;0.0;0.30972367488388525;0.0;0.2011099103614066;0.35903752611532164;0.33897634980929986;0.23883466740373402;0.3520722249787814;1.0;0.33897634980929986;0.32832181055181436;0.1841617013800638;0.0;0.300611421488259;0.3089281906403226;0.27626041257418665;0.26221604100064927;0.0;0.22356382981212694;0.30893886953251326;0.3190548733441691;0.25011374013001436;0.30933582746281174;0.30964436261240014;0.2501120017465054;0.3283223461636503;0.3085757764399394;0.29217381575623746;0.30089695863942834;0.20923627887496923;0.32910291674648523;0.18748854338403823;0.2501088103828112;0.27590689502426224;0.0;0.25011374013001436;0.3513963995594114;0.2089556462328229;0.3283223461636503;0.18109112499742638;0.18109013010846114;0.4168383385859869;0.3283223461636503;0.4443672979653554;0.2765723144283812;0.21354136788686517;0.21590613753300877;0.32887212546575734;0.48405554508997717;0.0;0.1839929209340008;0.5169319360973943;0.15826900517512954;0.15667248277763118;0.2922200849099487;0.29221885873822834;0.0;0.2563564451293574;0.0;0.0
GO:0007186;0.7462428977997437;0.37168882875616455;0.3778216635275667;0.21573595145001387;0.31365361198620384;0.32929306346355525;0.2760392090343671;0.23982072189214945;0.8800448626754314;0.352452068359161;0.3829709039079838;0.33897634980929986;1.0;0.8303708779574338;0.24508127789139614;0.1874723451898795;0.505862449370784;0.7462428977997437;0.4405205909828561;0.4058577278814046;0.2711069276702833;0.3201778792815677;0.7462871432700279;0.5603730586737176;0.37757942877642914;0.5310671806746815;0.5319772065372138;0.37757546703976974;0.8303733106208108;0.5288309478384625;0.48241859883791827;0.29862322489570153;0.2915830786224651;0.5921253669683854;0.44716930327733573;0.3775681940672202;0.6191462711759125;0.2713687425384645;0.37757942877642914;0.6684235691853407;0.40988660070025457;0.8303733106208108;0.2396730770946818;0.239671334413217;0.40636453629206865;0.8303733106208108;0.5610990970967548;0.44131419655430737;0.30001184159482097;0.33954525876722275;0.5913786776657989;0.36439888600060993;0.3150023932773086;0.24478245619821887;0.4078333586456249;0.21589740231281299;0.1986882540442322;0.48254475307504696;0.48254140954539615;0.23017476920544852;0.3919897636305481;0.3308510126853048;0.34971473933666786
GO:0007264;0.9035774100081213;0.3505956476068829;0.3646327778734422;0.208456575054217;0.2984988536792672;0.31262947405354913;0.2689323235184627;0.2344382627536141;0.9435551676684039;0.340947941110189;0.3661948658756131;0.32832181055181436;0.8303708779574338;1.0;0.2394628624774122;0.1819509652905695;0.4824960525303636;0.9035774100081213;0.4226944120758309;0.3906781907572133;0.25971006161091975;0.3106557034595257;0.7102564021978164;0.5318415303434977;0.36440715461467865;0.5053734353996472;0.5061974665398148;0.3644034644741684;0.7860071394480033;0.5033479393569709;0.46112222608242914;0.2848542279162168;0.28366475518942597;0.560360522061594;0.424644441568883;0.3643966900919209;0.5941408180241009;0.25995031692088316;0.36440715461467865;0.6282230933980787;0.3987758190027197;0.7860071394480033;0.23429716901983907;0.2342955036386238;0.3911477757692581;0.7860071394480033;0.5324954749415771;0.42342503557397176;0.29163568849129884;0.32629221143539683;0.559691751668137;0.3521152369416701;0.29972019220527196;0.23917757656361419;0.39250847025815433;0.21046199040684488;0.19497951127975405;0.46123748667651293;0.46123443190093194;0.22190706556967793;0.3778117393636499;0.3140333993787793;0.3309790165629356
GO:0090023;0.2289786742111881;0.0;0.2714315215471517;0.0;0.13547717477092827;0.0;0.3262297527134733;0.20926386317171117;0.24508127789139614;0.26170623362010315;0.17513339902468128;0.1841617013800638;0.24508127789139614;0.2394628624774122;1.0;0.0;0.22437752810051734;0.22897867421118803;0.3754032669831996;0.6348188864557238;0.0;0.17846893014329757;0.22898454095749005;0.23449529912754785;0.23393204665113285;0.2749737233861279;0.22937189080173226;0.34770160853085597;0.23946314739997687;0.22878500676534394;0.26350525562260924;0.13259455011750054;0.333799154376324;0.33380214046853246;0.1380332967313589;0.34769814968850477;0.2943224797191144;0.0;0.23393204665113285;0.3500464349133363;0.33521001017133945;0.23946314739997687;0.15032389189657325;0.20918210490658268;0.28164463830516756;0.23946314739997687;0.23462234082620329;0.25278547169559396;0.30677230214590934;0.24802842239993417;0.23975547383861825;0.191416947328197;0.0;0.24237547632933557;0.20276020711357404;0.28825482124604124;0.13310328670560637;0.219669227492237;0.3056795258930394;0.0;0.3920836580920497;0.0;0.0
GO:0043312;0.17184267938618508;0.18801512691972244;0.0;0.13767288396006178;0.0;0.176519171748835;0.0;0.0;0.1874723451898795;0.0;0.0;0.0;0.1874723451898795;0.1819509652905695;0.0;1.0;0.0;0.17184267938618508;0.0;0.0;0.32155395324020986;0.0;0.17184826618215548;0.0;0.0;0.0;0.0;0.0;0.18195124342188715;0.0;0.0;0.0;0.0;0.0;0.17606128096910906;0.0;0.15445658650517688;0.15839523492020413;0.0;0.0;0.2023502414434102;0.18195124342188715;0.0;0.0;0.0;0.18195124342188715;0.0;0.0;0.12100599174645235;0.0;0.0;0.0;0.17232829741237152;0.0;0.0;0.0;0.0;0.0;0.0;0.19569633340862339;0.0;0.1769658755602904;0.18222331852673077
GO:1900027;0.4417425789053182;0.0;0.7156508837185763;0.0;0.2614511608730392;0.0;0.2500519467625325;0.21996021382880074;0.505862449370784;0.6732266192358495;0.32450615788538556;0.300611421488259;0.505862449370784;0.4824960525303636;0.22437752810051734;0.0;1.0;0.4417425789053182;0.3778523065424249;0.3520614951376274;0.0;0.39871593816119555;0.44176441405127165;0.5533090055523655;0.3305845633269389;0.4425765351987545;0.5299496782389166;0.3305815263977782;0.4824972092778361;0.527335833514381;0.40826594285867807;0.2509235857144722;0.262739616160299;0.48418487344475486;0.27114101806291424;0.33057595117001365;0.3771912882164767;0.0;0.3305845633269389;0.5340303863883427;0.26229726577373214;0.4824972092778361;0.34797535112127675;0.3479730303781472;0.3524427903516053;0.4824972092778361;0.46323926824597295;0.37843602731541764;0.269563792588236;0.2927780426510382;0.4836854891538908;0.3204367421145456;0.0;0.26799143853456303;0.35354714022892475;0.19599116170365785;0.2926119781831234;0.40835629170375665;0.4083538972362454;0.0;0.341578784789161;0.0;0.0
GO:0007266;0.9121122072524467;0.3149032456908612;0.34086749950080675;0.19529525622833493;0.272228364536037;0.28393243765962767;0.25577974914947926;0.2243801935875965;0.8479600636848046;0.32008141579797095;0.3367339283655984;0.3089281906403226;0.7462428977997437;0.9035774100081213;0.22897867421118803;0.17184267938618508;0.4417425789053182;1.0;0.3910861547158685;0.36352301113756924;0.23959340714901206;0.29323761033975276;0.6477911747409282;0.4827500447235573;0.3406703202736681;0.46084205859585387;0.4615271691013198;0.3406670952121962;0.7102181054065656;0.45915719712782815;0.42375961446684685;0.26083390555165265;0.2690707826167166;0.5061314175857057;0.38582765598559104;0.34066117461378287;0.5497925766061609;0.2397978698307726;0.3406703202736681;0.5608533601131795;0.3782949893149303;0.7102181054065656;0.22425094345775953;0.22424941783109856;0.3639295512688537;0.7102181054065656;0.48328877554035116;0.3917115136731798;0.2762322843947266;0.3026950652465778;0.5055857618405273;0.32990393963884396;0.27324382053543944;0.22871780866966293;0.3651071800827224;0.20038598367302043;0.18797168982939758;0.4238569517177535;0.423854372019139;0.20705301791301967;0.35235747543884277;0.285089975522463;0.29898678251522787
GO:0009967;0.3910861547158685;0.0;0.41958788062539676;0.0;0.2314504256987869;0.0;0.326017789396435;0.2875400503103482;0.4405205909828561;0.3967941051254049;0.29002392188651316;0.27626041257418665;0.4405205909828561;0.4226944120758309;0.3754032669831996;0.0;0.3778523065424249;0.3910861547158685;1.0;0.3828456476865892;0.0;0.2636450407351458;0.3911032690495612;0.40745807610697093;0.5381046976985971;0.6994588972004919;0.392234612295131;0.8859512283579323;0.42269529985288173;0.3905215409478448;0.6510309700926427;0.22316195452340218;0.24394593024086253;0.5900028276423508;0.23901194687789304;0.8859376071878626;0.40745139122629065;0.0;0.5381046976985971;0.46172909747682056;0.38758712471504386;0.42269529985288173;0.2065234606733137;0.2873857110496838;0.5696587779449465;0.42269529985288173;0.4078417987714605;0.3406372744982203;0.34763377621037156;0.33039305384253453;0.42360699873761004;0.29291495220332453;0.0;0.29265117683014724;0.3203386247457761;0.3179684426229245;0.17535476767310493;0.36468913609347525;0.5074801389040653;0.0;0.3104816970467816;0.0;0.0
GO:0060753;0.36352301113756924;0.0;0.28487250719612817;0.0;0.21512851928011462;0.0;0.35644185955482943;0.19867395613476865;0.4058577278814046;0.2702077474411125;0.27098471532751905;0.26221604100064927;0.4058577278814046;0.3906781907572133;0.6348188864557238;0.0;0.3520614951376274;0.36352301113756924;0.3828456476865892;1.0;0.0;0.25082428605323975;0.36353779805295233;0.37762690784634445;0.34159560078593165;0.4367949720210659;0.3645150850165976;0.34159289793025605;0.39067894914122325;0.3630351293711721;0.40854959738316426;0.20794970708200985;0.45947393456579794;0.39178467498737074;0.2216461501431801;0.3415879359803206;0.4459128315153821;0.0;0.34159560078593165;0.5898285947948622;0.3254737099046267;0.39067894914122325;0.1985726180965864;0.19857142185533713;0.3008029425349606;0.39067894914122325;0.3779564777257666;0.3833450291188797;0.285860561048712;0.3105036391976025;0.3914576410526804;0.2771744311258954;0.0;0.24241940350604285;0.30160701324789985;0.2624896880236679;0.1695892244611034;0.340606700245415;0.3406050343902392;0.0;0.5776791714899265;0.0;0.0
GO:0030217;0.23959340714901206;0.2722434902038249;0.0;0.17799751649582177;0.0;0.24878292544238462;0.0;0.0;0.2711069276702833;0.0;0.0;0.0;0.2711069276702833;0.25971006161091975;0.0;0.32155395324020986;0.0;0.23959340714901206;0.0;0.0;1.0;0.0;0.23960426780440142;0.0;0.0;0.0;0.0;0.0;0.2597106282662778;0.0;0.0;0.0;0.0;0.0;0.24787435557650644;0.0;0.20709196450467368;0.3628580010917886;0.0;0.0;0.20089807307378424;0.2597106282662778;0.0;0.0;0.0;0.2597106282662778;0.0;0.0;0.15109129422829798;0.0;0.0;0.0;0.24053848285075655;0.0;0.0;0.0;0.0;0.0;0.0;0.25614473849839875;0.0;0.24967115903842602;0.26026529972299733
GO:0051497;0.29323761033975276;0.0;0.3346556312152475;0.0;0.17351464246632367;0.0;0.19434038341973386;0.1756629944861104;0.3201778792815677;0.32003324987684106;0.27680445932936615;0.22356382981212694;0.3201778792815677;0.3106557034595257;0.17846893014329757;0.0;0.39871593816119555;0.29323761033975276;0.2636450407351458;0.25082428605323975;0.0;1.0;0.29324723199299896;0.5952370347283599;0.3335906504720511;0.2936048660561761;0.578574205082606;0.23972684639129938;0.3106561829823926;0.35024810850186494;0.2781002401782811;0.16881417204738416;0.2809768695366452;0.31135492320721486;0.17772994068725131;0.2397239145476212;0.2633230537940168;0.0;0.3335906504720511;0.3312361095243664;0.2016572125865553;0.3106561829823926;0.31206434797283905;0.20994654012698305;0.25101776255796604;0.3106561829823926;0.3025578050116607;0.2639290924839682;0.2059249158609672;0.20626775935827923;0.4329739826955096;0.2343466594271619;0.0;0.2477687766984208;0.3500789667226178;0.15302730208238413;0.27109676711402203;0.3870447010923687;0.27814104806007267;0.0;0.34156290743771656;0.0;0.0
GO:0048010;0.6477911747409282;0.3149220071567667;0.3408805007134685;0.19530247205438975;0.27224238543101636;0.2839476901223395;0.2557870696512821;0.2243858270584099;0.7462871432700279;0.3200928797030434;0.33674978226648133;0.30893886953251326;0.7462871432700279;0.7102564021978164;0.22898454095749005;0.17184826618215548;0.44176441405127165;0.6477911747409282;0.3911032690495612;0.36353779805295233;0.23960426780440142;0.29324723199299896;1.0;0.48277612211900617;0.3406833064489535;0.46086582276959076;0.46155100398738824;0.34068008114160275;0.8070704257339065;0.45918078784876565;0.4237797079779138;0.2608467772585093;0.2690788836845263;0.5061600822788369;0.3858482957727575;0.3406741600918088;0.6247597319775982;0.2398087490308846;0.3406833064489535;0.560888558439662;0.42987167503128465;0.8070704257339065;0.22425657044024397;0.2242550447370192;0.36394437127682405;0.8070704257339065;0.4833149111726284;0.3917286827845401;0.276240822438982;0.3027078758916723;0.5056143647589311;0.32991611795216924;0.2732579462286504;0.22872366205594577;0.36512209615908275;0.20039159788475114;0.18797564340578182;0.423877054461027;0.42387447451770693;0.20706112877036337;0.3523713679326017;0.28510535260474945;0.29900369530171117
GO:0032956;0.4827500447235573;0.0;0.42237135255193653;0.0;0.2857410217292515;0.0;0.2626828163341689;0.2296749056125442;0.5603730586737176;0.39573936086971817;0.3519483672811858;0.3190548733441691;0.5603730586737176;0.5318415303434977;0.23449529912754785;0.0;0.5533090055523655;0.4827500447235573;0.40745807610697093;0.37762690784634445;0.0;0.5952370347283599;0.48277612211900617;1.0;0.3530265491879401;0.4837461965365962;0.9538491768348838;0.3530230859368043;0.5318429357942471;0.5762018091441566;0.4430488705029585;0.2732133379717531;0.2767206225356173;0.5338941857876176;0.2973549557305693;0.35301672807373985;0.4066895198191277;0.0;0.3530265491879401;0.5951473578800214;0.27622998650875435;0.5318429357942471;0.2744631715154744;0.274461260249521;0.37806562469928595;0.5318429357942471;0.5085396123747251;0.40813693486510944;0.2843008602823853;0.3149331608645816;0.5332870625721102;0.3414782418481104;0.0;0.3254595525394466;0.37933667504215457;0.20567705098699804;0.22918618982174938;0.4431552720040699;0.4431524520497735;0.0;0.3655925093304789;0.0;0.0
GO:0051058;0.3406703202736681;0.0;0.27064522187879;0.0;0.20159708339245896;0.0;0.25685073717341206;0.19164782933093688;0.37757942877642914;0.2573745595624066;0.31869015098909786;0.25011374013001436;0.37757942877642914;0.36440715461467865;0.23393204665113285;0.0;0.3305845633269389;0.3406703202736681;0.5381046976985971;0.34159560078593165;0.0;0.3335906504720511;0.3406833064489535;0.3530265491879401;1.0;0.7388549469436703;0.34154143287664407;0.5344580664883437;0.36440781443329634;0.3402418151551156;0.6939017553725008;0.19527969435478795;0.3107717589449422;0.36536964850010484;0.20730970499492565;0.4830101013327147;0.36104994169933485;0.0;0.8976611591966538;0.3930539462367154;0.2675450294019898;0.36440781443329634;0.2665535467331499;0.19155241734400452;0.34189474949857374;0.36440781443329634;0.35331456192373206;0.30174268919434316;0.22824148613201922;0.23503013078135243;0.5080290481337624;0.26368747911708895;0.0;0.1948033190330648;0.3975697103765374;0.21030549386156983;0.22882834284977763;0.44593790439802516;0.3204631412637417;0.0;0.3866225268171758;0.0;0.0
GO:0051056;0.46084205859585387;0.0;0.3413638503472645;0.0;0.2727639101141422;0.0;0.30719349625140474;0.22459515997350804;0.5310671806746815;0.32051903859182007;0.33733938829176163;0.30933582746281174;0.5310671806746815;0.5053734353996472;0.2749737233861279;0.0;0.4425765351987545;0.46084205859585387;0.6994588972004919;0.4367949720210659;0.0;0.2936048660561761;0.46086582276959076;0.4837461965365962;0.7388549469436703;1.0;0.4624375770330205;0.67402782340196;0.505374704441365;0.46005826993097226;0.9193875743526426;0.26132551703495643;0.2693799669508941;0.507226510286227;0.2833273909672959;0.609142408696105;0.4691167741018738;0.0;0.6740342136424357;0.5621983671288169;0.3226166481371191;0.505374704441365;0.22446566214154973;0.22446413359194667;0.43728421417341223;0.505374704441365;0.48428715422861596;0.39236712219478753;0.2765581560221219;0.3031842167620798;0.5066784920456829;0.33036885322880893;0.0;0.22894117079044968;0.3656766926312759;0.25065552082784204;0.18812253065529552;0.4246246846875326;0.4246220956352563;0.0;0.352887878319366;0.0;0.0
GO:2000249;0.4615271691013198;0.0;0.4086222477201486;0.0;0.27316971869171097;0.0;0.25627050035607135;0.22475776214429005;0.5319772065372138;0.3836446266730235;0.33779803813878023;0.30964436261240014;0.5319772065372138;0.5061974665398148;0.22937189080173226;0.0;0.5299496782389166;0.4615271691013198;0.392234612295131;0.3645150850165976;0.0;0.578574205082606;0.46155100398738824;0.9538491768348838;0.34154143287664407;0.4624375770330205;1.0;0.341538191300847;0.5061987397233559;0.5509137115109429;0.4251083157398085;0.26169798073180384;0.2696139146857077;0.5080566004904878;0.28376526536806274;0.34153224038568775;0.39152236262564705;0.0;0.34154143287664407;0.5632183141059067;0.26914813476433186;0.5061987397233559;0.2685905400144611;0.26858870966313564;0.3649238483630625;0.5061987397233559;0.4850438044406251;0.39286365243798843;0.2768047436292252;0.303554641979468;0.5075067880603772;0.33072079583615965;0.0;0.3183568120536411;0.366107931268287;0.20076233374928942;0.2250768018938316;0.4252062736395644;0.42520367749024063;0.0;0.3532894644209379;0.0;0.0
GO:0051897;0.3406670952121962;0.0;0.3766132507412334;0.0;0.20159517385404696;0.0;0.29960344193562033;0.2666859216932492;0.37757546703976974;0.35814674505517724;0.2550462637724915;0.2501120017465054;0.37757546703976974;0.3644034644741684;0.34770160853085597;0.0;0.3305815263977782;0.3406670952121962;0.8859512283579323;0.34159289793025605;0.0;0.23972684639129938;0.34068008114160275;0.3530230859368043;0.5344580664883437;0.67402782340196;0.341538191300847;1.0;0.3644041242794228;0.34023859820165664;0.6330191894160727;0.19527790261799505;0.22332870409618572;0.5084246005883869;0.20730768570322472;0.7952425640270299;0.36104692221569434;0.0;0.5344580664883437;0.3930496531161111;0.3548768725191501;0.3644041242794228;0.1915525108604341;0.266553152653705;0.508222606842344;0.3644041242794228;0.3533110930194101;0.30174015906116136;0.317607193428799;0.2936742227238313;0.36508150681589585;0.26368554692924656;0.0;0.2710768930236369;0.2857034841458734;0.29266240139404853;0.16444229382182998;0.3204617620799853;0.44593618706642907;0.0;0.2778366264480266;0.0;0.0
GO:0071526;0.7102181054065656;0.35059668026085844;0.36463343850936897;0.2084569401211171;0.2984996022398005;0.31263029516381546;0.2689326828841249;0.23443853584467453;0.8303733106208108;0.3409485187097694;0.36619569844666877;0.3283223461636503;0.8303733106208108;0.7860071394480033;0.23946314739997687;0.18195124342188715;0.4824972092778361;0.7102181054065656;0.42269529985288173;0.39067894914122325;0.2597106282662778;0.3106561829823926;0.8070704257339065;0.5318429357942471;0.36440781443329634;0.505374704441365;0.5061987397233559;0.3644041242794228;1.0;0.503349198246627;0.4611232826154996;0.2848549096061497;0.2836651550065205;0.5603620822831025;0.42464555176876606;0.3643973498726436;0.6751270175465083;0.2599508846251422;0.36440781443329634;0.6282250544050542;0.4531318765177647;0.8931468751811964;0.23429744178228534;0.2342957763971925;0.39114853597748117;0.8931468751811964;0.5324968838506997;0.4234259264227076;0.29163611109369614;0.3262928724485683;0.5596933081677248;0.35211585299794546;0.29972094690396855;0.2391778608076935;0.3925092357646889;0.21046226541383517;0.19497970017819113;0.4612385437378251;0.4612354889482423;0.22190747926782156;0.3778124486174978;0.3140342278803347;0.3309799368909279
GO:0008360;0.45915719712782815;0.0;0.4070664783501991;0.0;0.27176592716767256;0.0;0.25553811635594875;0.2241942235556856;0.5288309478384625;0.3822729222948163;0.3362109561730416;0.3085757764399394;0.5288309478384625;0.5033479393569709;0.22878500676534394;0.0;0.527335833514381;0.45915719712782815;0.3905215409478448;0.3630351293711721;0.0;0.35024810850186494;0.45918078784876565;0.5762018091441566;0.3402418151551156;0.46005826993097226;0.5509137115109429;0.34023859820165664;0.503349198246627;1.0;0.4230967979351075;0.2604093396206244;0.3224827671295407;0.5051861630457902;0.38192651505785274;0.3402326924878111;0.38981549354534434;0.0;0.3402418151551156;0.5596928921745511;0.26834041260122465;0.503349198246627;0.3994128065979189;0.39941009155883006;0.3634405783966777;0.503349198246627;0.4824268451296067;0.39114509409904785;0.27595048527919347;0.3022724124844017;0.5046425424437314;0.3295020751006328;0.0;0.2732496390431021;0.36461503972469944;0.2002006677568366;0.3348407882699032;0.4231938308924145;0.4231912592592973;0.0;0.3518990848889318;0.0;0.0
GO:0035023;0.42375961446684685;0.0;0.3205833873252306;0.0;0.25080037327368326;0.0;0.2929495672690138;0.21540845403404943;0.48241859883791827;0.3021305852705298;0.3123395850650996;0.29217381575623746;0.48241859883791827;0.46112222608242914;0.26350525562260924;0.0;0.40826594285867807;0.42375961446684685;0.6510309700926427;0.40854959738316426;0.0;0.2781002401782811;0.4237797079779138;0.4430488705029585;0.6939017553725008;0.9193875743526426;0.4251083157398085;0.6330191894160727;0.4611232826154996;0.4230967979351075;1.0;0.24109713879772357;0.2562712019099006;0.46266449763398;0.2597033939792531;0.5720820843352277;0.4366917108021331;0.0;0.6330248257284355;0.5079702487920759;0.30694302275134533;0.4611232826154996;0.21528933053491192;0.2152879244069504;0.4089775805876179;0.4611232826154996;0.44350259328357716;0.3651605900923487;0.2627593554810468;0.2828378606772781;0.46220849778178574;0.31086723186366416;0.0;0.21940304115448472;0.3419336792146416;0.23926726440980367;0.1816341691031539;0.3929414334751818;0.3929392163705329;0.0;0.330726229981277;0.0;0.0
GO:0090630;0.26083390555165265;0.0;0.1953892385845774;0.0;0.9581137339183853;0.0;0.1477525613468679;0.12998630389160432;0.29862322489570153;0.18381985576451257;0.5650209630818137;0.30089695863942834;0.29862322489570153;0.2848542279162168;0.13259455011750054;0.0;0.2509235857144722;0.26083390555165265;0.22316195452340218;0.20794970708200985;0.0;0.16881417204738416;0.2608467772585093;0.2732133379717531;0.19527969435478795;0.26132551703495643;0.26169798073180384;0.19527790261799505;0.2848549096061497;0.2604093396206244;0.24109713879772357;1.0;0.15524220918546955;0.2858494710543517;0.27067834930381784;0.19527461332789095;0.2227721012016705;0.0;0.19527969435478795;0.31521841791474536;0.15498109759760195;0.2848549096061497;0.12991296188588303;0.12991209617026267;0.20817462850263552;0.2848549096061497;0.27350508107379856;0.2235062179405334;0.15927029047406946;0.2160736683686864;0.28555517899272337;0.1892924254440575;0.0;0.1324466464813705;0.20882606749292612;0.14470896450228182;0.10925786142161989;0.24115041224233125;0.24114900036495254;0.0;0.20176583327375708;0.0;0.0
GO:1901164;0.2690707826167166;0.0;0.22341481293629264;0.0;0.15920838575400884;0.0;0.22005121291199287;0.16669419743432262;0.2915830786224651;0.21429369692845254;0.25517045543027767;0.20923627887496923;0.2915830786224651;0.28366475518942597;0.333799154376324;0.0;0.262739616160299;0.2690707826167166;0.24394593024086253;0.45947393456579794;0.0;0.2809768695366452;0.2690788836845263;0.2767206225356173;0.3107717589449422;0.2693799669508941;0.2696139146857077;0.22332870409618572;0.2836651550065205;0.3224827671295407;0.2562712019099006;0.15524220918546955;1.0;0.2842476374782783;0.16275014388592765;0.2233261596286094;0.2436702371820095;0.0;0.31077175894494224;0.4185469928854516;0.18992628724212865;0.28366515500652045;0.39435567661299564;0.2651584793907994;0.23309630699735037;0.28366515500652045;0.27689755333187493;0.24418910049504097;0.1937072510087917;0.23887951006664312;0.39530109225015564;0.21865221047199876;0.0;0.2028404774021567;0.32503327824736256;0.1445608974670565;0.3448956944494633;0.35666001993811247;0.2563058545185548;0.0;0.7130105041468174;0.0;0.0
GO:0008284;0.5061314175857057;0.0;0.5087453898142948;0.0;0.2995919083294895;0.0;0.3232659035602843;0.3267861487913735;0.5921253669683854;0.4756180235061921;0.36741017814073007;0.32910291674648523;0.5921253669683854;0.560360522061594;0.33380214046853246;0.0;0.48418487344475486;0.5061314175857057;0.5900028276423508;0.39178467498737074;0.0;0.31135492320721486;0.5061600822788369;0.5338941857876176;0.36536964850010484;0.507226510286227;0.5080566004904878;0.5084246005883869;0.5603620822831025;0.5051861630457902;0.46266449763398;0.2858494710543517;0.2842476374782783;1.0;0.3123842726551885;0.5084151238411694;0.4231578581092625;0.0;0.36536964850010484;0.6310891398185482;0.34039013998680634;0.5603620822831025;0.23469467979246142;0.3265868176327397;0.5458447254515553;0.5603620822831025;0.5345531910846594;0.5078489926375694;0.4066827289936845;0.40891631982140475;0.5619654725817714;0.3530138136041709;0.0;0.3334037739517451;0.39362536107941254;0.2634789435026755;0.19525472440689096;0.4627805306166598;0.643977497336612;0.0;0.37884644611405704;0.0;0.0
GO:0008361;0.38582765598559104;0.5586494953312856;0.2074331659432247;0.20076223431334014;0.28296940811880955;0.295636782154175;0.15453770044010334;0.13520897161100714;0.44716930327733573;0.19444095476810905;0.25779791287877174;0.18748854338403823;0.44716930327733573;0.424644441568883;0.1380332967313589;0.17606128096910906;0.27114101806291424;0.38582765598559104;0.23901194687789304;0.2216461501431801;0.24787435557650644;0.17772994068725131;0.3858482957727575;0.2973549557305693;0.20730970499492565;0.2833273909672959;0.28376526536806274;0.20730768570322472;0.42464555176876606;0.38192651505785274;0.2597033939792531;0.27067834930381784;0.16275014388592765;0.3123842726551885;1.0;0.20730397867126066;0.3255350225356397;0.42080074226687575;0.20730970499492565;0.34779654718800834;0.22169011070391814;0.42464555176876606;0.13512961944850013;0.13512868281157253;0.22190169404207036;0.42464555176876606;0.297700567197342;0.23940689255824485;0.1671828270033579;0.23089931997384983;0.31203284124143577;0.20057475544714387;0.4818168860817876;0.13787301820015868;0.22264203028665847;0.15121129374734368;0.11292416894302709;0.25976520833145417;0.25976357007181067;0.21320846535516905;0.21463459121942657;0.5035702049012953;0.5291847596789075
GO:0045742;0.34066117461378287;0.0;0.37660805078755255;0.0;0.20159166830538613;0.0;0.2996001695738617;0.26668331427792863;0.3775681940672202;0.3581420425357988;0.25504211719793735;0.2501088103828112;0.3775681940672202;0.3643966900919209;0.34769814968850477;0.0;0.33057595117001365;0.34066117461378287;0.8859376071878626;0.3415879359803206;0.0;0.2397239145476212;0.3406741600918088;0.35301672807373985;0.4830101013327147;0.609142408696105;0.34153224038568775;0.7952425640270299;0.3643973498726436;0.3402326924878111;0.5720820843352277;0.19527461332789095;0.2233261596286094;0.5084151238411694;0.20730397867126066;1.0;0.36104137900166183;0.0;0.4830101013327147;0.39304177179715527;0.3548728350615667;0.3643973498726436;0.1915506389535927;0.2665505478339183;0.5082152179782469;0.3643973498726436;0.3533047247783274;0.30173551420444006;0.3176034952331562;0.2936698228732641;0.36507470720036184;0.26368199977897583;0.0;0.271074199039949;0.2856993198889099;0.29265926144117693;0.1644409142758297;0.3204565229628311;0.4459288966453766;0.0;0.27783268835822056;0.0;0.0
GO:0038095;0.5497925766061609;0.2610547820272573;0.3011046845900913;0.17314556876076845;0.23103110266795768;0.239406292377737;0.3703707744256747;0.20643523885948986;0.6191462711759125;0.28476901776183794;0.2895372750521976;0.27590689502426224;0.6191462711759125;0.5941408180241009;0.2943224797191144;0.15445658650517688;0.3771912882164767;0.5497925766061609;0.40745139122629065;0.4459128315153821;0.20709196450467368;0.2633230537940168;0.6247597319775982;0.4066895198191277;0.36104994169933485;0.4691167741018738;0.39152236262564705;0.36104692221569434;0.6751270175465083;0.38981549354534434;0.4366917108021331;0.2227721012016705;0.2436702371820095;0.4231578581092625;0.3255350225356397;0.36104137900166183;1.0;0.2072447002011488;0.36104994169933485;0.46074242000610405;0.6714606355948954;0.6751270175465083;0.20632583072139724;0.20632453924298005;0.31895918276151164;0.6751270175465083;0.40707179559770856;0.40801707403741405;0.29935899961929163;0.2640098268431915;0.42277637639720794;0.2925175564269734;0.23176205688188387;0.21010112285645033;0.3198633949981605;0.3176732257076983;0.17521226865887865;0.36407333356862204;0.3640714302632955;0.18232484920188696;0.31003524292492024;0.24022872199109566;0.25002097121470646
GO:0048812;0.2397978698307726;0.5516871551996791;0.0;0.17811033931364428;0.0;0.2490033803045228;0.0;0.0;0.2713687425384645;0.0;0.0;0.0;0.2713687425384645;0.25995031692088316;0.0;0.15839523492020413;0.0;0.2397978698307726;0.0;0.0;0.3628580010917886;0.0;0.2398087490308846;0.0;0.0;0.0;0.0;0.0;0.2599508846251422;0.0;0.0;0.0;0.0;0.0;0.42080074226687575;0.0;0.2072447002011488;1.0;0.0;0.0;0.14730314735879163;0.2599508846251422;0.0;0.0;0.0;0.2599508846251422;0.0;0.0;0.0;0.0;0.0;0.0;0.4873835760990635;0.0;0.0;0.0;0.0;0.0;0.0;0.18783836773494175;0.0;0.4238537754259576;0.4418555719826143
