;GO:2000481;GO:0018108;GO:1901660;GO:1903243;GO:0002480;GO:1903249;GO:0006366;GO:0051091;GO:0006886;GO:0006843;GO:0002244;GO:0002479;GO:0097201;GO:0051001;GO:0051482;GO:0006914;GO:0070885;GO:0098736;GO:0140199;GO:0032720;GO:0051127;GO:0030225;GO:0033138;GO:0070206;GO:0046949;GO:0006094;GO:0045814;GO:0065003;GO:0043312;GO:0021547;GO:0042147;GO:0042742;GO:1903779;GO:0045019;GO:0044206;GO:0007218;GO:0006206;GO:0001916;GO:0098703;GO:0010469;GO:0070873;GO:0030851;GO:1902083;GO:0035589;GO:0035025;GO:0090630;GO:1900034;GO:0008284;GO:0044211;GO:0045944;GO:0006986;GO:0006469;GO:0000122;GO:0031338;GO:0071872;GO:0019221;GO:2000852;GO:0016310;GO:0072643;GO:0010751;GO:1900082;GO:1900041;GO:0060333;GO:0032781;GO:0006351;GO:1902187;GO:0042089;GO:0051085;GO:0090281;GO:0090084;GO:1902305;GO:0060337;GO:0002476;GO:0006357;GO:0051599;GO:0002820;GO:0071222;GO:0045087;GO:0006909;GO:0034314;GO:0070534;GO:2000744;GO:0032897
GO:2000481;1.0;0.0;0.0;0.12547705725568825;0.0;0.25344214392217007;0.0;0.38797910078517023;0.0;0.0;0.0;0.0;0.22810489261635597;0.23854277650657102;0.09137072953360864;0.0;0.15456555173290001;0.1501179864995569;0.14193165333085636;0.14511705445506867;0.17958556702231585;0.0;0.7898228274629627;0.0;0.0;0.0;0.21693618941700407;0.0;0.0;0.0;0.0;0.0;0.15299707298937595;0.23470317166288227;0.0;0.1945816402363811;0.0;0.14182128823206383;0.06650417157380131;0.22657063700703603;0.3073852944629471;0.0;0.3883980719188976;0.1811501580459024;0.21508425921412172;0.257548425976333;0.19483651682219477;0.27114938452254056;0.0;0.4018701609769499;0.0;0.5301698013915878;0.2510038730546734;0.1877186177636545;0.0;0.1945804602831511;0.1539083516610531;0.0;0.0;0.16415896886620535;0.24681715989804218;0.13279399427341956;0.19103019447421601;0.262137347318296;0.0;0.13781845204567256;0.0;0.0;0.14019907944023213;0.18442992433016359;0.14511009407038392;0.19103019447421601;0.0;0.31547903172535013;0.0;0.14509210321003752;0.0;0.0;0.0;0.17520817557220228;0.0;0.19483811324214245;0.1476278126514573
GO:0018108;0.0;1.0;0.0;0.0;0.0;0.0;0.38125555272126516;0.0;0.0;0.0;0.201812822621988;0.0;0.08852340206103561;0.0;0.13242004587024103;0.320032885548098;0.0;0.0;0.0;0.0;0.10300041238815238;0.18386115659767305;0.0;0.1837899510364646;0.30624523845505436;0.2560969408239388;0.0;0.19533473083567393;0.12881330167067667;0.0;0.0;0.0;0.0;0.0;0.23266307096505207;0.18879750955587196;0.4397094754961409;0.0;0.08588148334581357;0.0;0.0;0.18386115659767305;0.0;0.16832299611367982;0.0;0.0;0.0;0.0;0.23266305135855522;0.0;0.0;0.0;0.0;0.0;0.12669651483145863;0.18879563135334065;0.0;0.5218138297913583;0.14088569361907818;0.0;0.0;0.0;0.18320976305208814;0.0;0.38822366094925254;0.0;0.4929695317423109;0.19546260112603037;0.0;0.0;0.0;0.18320976305208814;0.0;0.0;0.0;0.0;0.1378498338745927;0.0;0.0;0.09964105746849483;0.7343322852257612;0.0;0.0
GO:1901660;0.0;0.0;1.0;0.0;0.0;0.0;0.0;0.0;0.34989485353448535;0.323250971452929;0.0;0.0;0.0;0.0;0.0;0.0;0.0;0.0;0.0;0.0;0.0;0.0;0.0;0.0;0.0;0.0;0.0;0.0;0.28235909161702294;0.0;0.42338532305377574;0.0;0.0;0.0;0.0;0.0;0.0;0.0;0.37049480642559635;0.0;0.0;0.0;0.0;0.0;0.0;0.0;0.0;0.0;0.0;0.0;0.0;0.0;0.0;0.0;0.0;0.0;0.0;0.0;0.3177914793297601;0.0;0.0;0.0;0.0;0.0;0.0;0.0;0.0;0.0;0.0;0.0;0.0;0.0;0.0;0.0;0.0;0.0;0.0;0.0;0.48365709520878836;0.0;0.0;0.0;0.0
GO:1903243;0.12547705725568825;0.0;0.0;1.0;0.0;0.2026516460278084;0.0;0.17503579117705068;0.0;0.0;0.0;0.0;0.15199734547086635;0.26282016107636597;0.13551764144124995;0.0;0.31909495469128896;0.371102725882779;0.40086298371041346;0.4085406285094818;0.14189743781809488;0.0;0.1534471190117689;0.0;0.0;0.0;0.2934687223284688;0.0;0.0;0.0;0.0;0.0;0.3830269494379635;0.2146378159051537;0.0;0.26407660929737165;0.0;0.20232814966503096;0.08717377499006286;0.30990234476097356;0.21638241708154207;0.0;0.22433204693818257;0.23458132639932142;0.22929870033278624;0.17840764221055078;0.39551349211829995;0.2647048702789294;0.0;0.1405899065332362;0.0;0.1666235878041507;0.17281649193618034;0.2486600320402782;0.0;0.26407389370274165;0.27248923681432136;0.0;0.0;0.3493854395596204;0.19517418181825164;0.2566632715578202;0.2560056235727563;0.18366805135056616;0.0;0.27039660956131073;0.0;0.0;0.27780343168635147;0.3018000571609793;0.23493543349231097;0.2560056235727563;0.0;0.1917840339078066;0.0;0.40843381901294923;0.0;0.0;0.0;0.13718846622823405;0.0;0.26466741152109546;0.301894037812542
GO:0002480;0.0;0.0;0.0;0.0;1.0;0.0;0.0;0.0;0.0;0.0;0.0;0.9027790188566274;0.0;0.0;0.0;0.0;0.0;0.0;0.0;0.0;0.0;0.0;0.0;0.0;0.0;0.0;0.0;0.0;0.17731126799900182;0.0;0.0;0.0;0.0;0.0;0.0;0.0;0.0;0.0;0.0;0.0;0.0;0.0;0.0;0.0;0.0;0.0;0.0;0.0;0.0;0.0;0.0;0.0;0.0;0.0;0.0;0.0;0.0;0.0;0.0;0.0;0.0;0.0;0.0;0.0;0.0;0.0;0.0;0.0;0.0;0.0;0.0;0.0;0.5055832449244552;0.0;0.0;0.0;0.0;0.33256686015570913;0.0;0.0;0.0;0.0;0.0
GO:1903249;0.25344214392217007;0.0;0.0;0.2026516460278084;0.0;1.0;0.0;0.4147022084843031;0.0;0.0;0.0;0.0;0.48503396933568715;0.31135313596351055;0.11759503452519218;0.0;0.27685390984711417;0.20585740834768157;0.2483934504140137;0.24561735685532418;0.15860010082009243;0.0;0.303546765419266;0.0;0.0;0.0;0.34173138874582804;0.0;0.0;0.0;0.0;0.0;0.2113102891431459;0.6230143175084781;0.0;0.2705826114307457;0.0;0.1427168206633096;0.07939036327558541;0.2569384604295068;0.4090672865170399;0.0;0.5364234518422957;0.24529161449627376;0.19895416586760212;0.14859308210856026;0.27107572645889305;0.27111026421688117;0.0;0.3416299915625459;0.0;0.41219879176378416;0.5446198645547654;0.25749171585759745;0.0;0.2705803297240721;0.19786812227305753;0.0;0.0;0.2993737934487794;0.7049617676428968;0.22860931769371678;0.2637636821016587;0.15222432328645652;0.0;0.22917746279983306;0.0;0.0;0.23447609216059037;0.34975405935739423;0.19655541241427193;0.2637636821016587;0.0;0.44892740989731955;0.0;0.24556015618544424;0.0;0.0;0.0;0.1538755432624285;0.0;0.21694505291742502;0.25140914331412184
GO:0006366;0.0;0.38125555272126516;0.0;0.0;0.0;0.0;1.0;0.0;0.0;0.0;0.16001084115038958;0.0;0.07942220082777982;0.0;0.11304267454181174;0.25713951112550326;0.0;0.0;0.0;0.0;0.0908827431444649;0.14851389463498124;0.0;0.14846743236234916;0.33606542468541784;0.29886874393999285;0.0;0.15591120229268055;0.11040374897214753;0.0;0.0;0.0;0.0;0.0;0.4039222873275281;0.15171813086675942;0.529052240627614;0.0;0.07728904932610096;0.0;0.0;0.14851389463498124;0.0;0.1382084254615436;0.0;0.0;0.0;0.0;0.403922255851742;0.0;0.0;0.0;0.0;0.0;0.10884511368439738;0.15171691796475154;0.0;0.2641775943950129;0.11915481886190889;0.0;0.0;0.0;0.14808859642551378;0.0;0.98409060801846;0.0;0.4530947987036673;0.15599265546078;0.0;0.0;0.0;0.14808859642551378;0.0;0.0;0.0;0.0;0.11697602062172255;0.0;0.0;0.08825725277057536;0.39593641636378335;0.0;0.0
GO:0051091;0.38797910078517023;0.0;0.0;0.17503579117705068;0.0;0.4147022084843031;0.0;1.0;0.0;0.0;0.0;0.0;0.5649867912686343;0.2942930430129585;0.12672513672906574;0.0;0.21441326188266907;0.22701682822797847;0.19084740128476932;0.21577199801007238;0.2018737110857515;0.0;0.3953047474625194;0.0;0.0;0.0;0.37501090792613856;0.0;0.0;0.0;0.0;0.0;0.23366639211827187;0.3980990947855609;0.0;0.29999627496537795;0.0;0.19064790750347488;0.08344932056005254;0.3424904955594932;0.4461114977305873;0.0;0.416283861430122;0.26922060466106384;0.25722893692594234;0.2769760182428194;0.30060254519013496;0.3606830776453692;0.0;0.6818482943141718;0.0;0.34747026707441175;0.6385250534290378;0.28398878406276384;0.0;0.2999934702333682;0.21315067560720932;0.0;0.0;0.23332867179453434;0.3289551414770189;0.1746845492195994;0.29163716499651215;0.2844408012055648;0.0;0.20002179058545425;0.0;0.0;0.20507573528134687;0.2765289954747347;0.21575661021628065;0.29163716499651215;0.0;0.8687196231415284;0.0;0.2157168399322688;0.0;0.0;0.0;0.19550496566423342;0.0;0.30060634527828073;0.2213699874253375
GO:0006886;0.0;0.0;0.34989485353448535;0.0;0.0;0.0;0.0;0.0;1.0;0.2847145348619365;0.0;0.0;0.0;0.0;0.0;0.0;0.0;0.0;0.0;0.0;0.0;0.0;0.0;0.0;0.0;0.0;0.0;0.0;0.24734912573580228;0.0;0.5581819450937369;0.0;0.0;0.0;0.0;0.0;0.0;0.0;0.1892729353581307;0.0;0.0;0.0;0.0;0.0;0.0;0.0;0.0;0.0;0.0;0.0;0.0;0.0;0.0;0.0;0.0;0.0;0.0;0.0;0.7048958797926984;0.0;0.0;0.0;0.0;0.0;0.0;0.0;0.0;0.0;0.0;0.0;0.0;0.0;0.0;0.0;0.0;0.0;0.0;0.0;0.3892777995900292;0.0;0.0;0.0;0.0
GO:0006843;0.0;0.0;0.323250971452929;0.0;0.0;0.0;0.0;0.0;0.2847145348619365;1.0;0.0;0.0;0.0;0.0;0.0;0.0;0.0;0.0;0.0;0.0;0.0;0.0;0.0;0.0;0.0;0.0;0.0;0.0;0.20456540836204223;0.0;0.26963355973380027;0.0;0.0;0.0;0.0;0.0;0.0;0.0;0.22059542334982407;0.0;0.0;0.0;0.0;0.0;0.0;0.0;0.0;0.0;0.0;0.0;0.0;0.0;0.0;0.0;0.0;0.0;0.0;0.0;0.26642124112564386;0.0;0.0;0.0;0.0;0.0;0.0;0.0;0.0;0.0;0.0;0.0;0.0;0.0;0.0;0.0;0.0;0.0;0.0;0.0;0.29287696530898927;0.0;0.0;0.0;0.0
GO:0002244;0.0;0.201812822621988;0.0;0.0;0.0;0.0;0.16001084115038958;0.0;0.0;0.0;1.0;0.0;0.11510650761713966;0.0;0.20231100090542756;0.3726227244412419;0.0;0.0;0.0;0.0;0.14084790315741433;0.7141169729036233;0.0;0.3530883812720785;0.1957999986730454;0.0;0.0;0.3983150460483676;0.1940115752924505;0.39613528791294517;0.0;0.0;0.0;0.0;0.07524241410506309;0.3720461974117501;0.231438127904404;0.0;0.1106793175399238;0.0;0.0;0.7141169729036233;0.0;0.3001095008542735;0.0;0.0;0.0;0.0;0.07524240651974584;0.0;0.0;0.0;0.0;0.0;0.18924930884587182;0.37203890385366706;0.0;0.398693588331937;0.2227612555946435;0.0;0.0;0.0;0.35095321838712384;0.0;0.1641879891682977;0.0;0.0;0.39884710489037184;0.0;0.0;0.0;0.35095321838712384;0.0;0.0;0.0;0.0;0.21526537934928722;0.0;0.0;0.13464057176704955;0.21614019816821858;0.0;0.0
GO:0002479;0.0;0.0;0.0;0.0;0.9027790188566274;0.0;0.0;0.0;0.0;0.0;0.0;1.0;0.0;0.0;0.0;0.0;0.0;0.0;0.0;0.0;0.0;0.0;0.0;0.0;0.0;0.0;0.0;0.0;0.17731126799900182;0.0;0.0;0.0;0.0;0.0;0.0;0.0;0.0;0.0;0.0;0.0;0.0;0.0;0.0;0.0;0.0;0.0;0.0;0.0;0.0;0.0;0.0;0.0;0.0;0.0;0.0;0.0;0.0;0.0;0.0;0.0;0.0;0.0;0.0;0.0;0.0;0.0;0.0;0.0;0.0;0.0;0.0;0.0;0.5055832449244552;0.0;0.0;0.0;0.0;0.33256686015570913;0.0;0.0;0.0;0.0;0.0
GO:0097201;0.22810489261635597;0.08852340206103561;0.0;0.15199734547086635;0.0;0.48503396933568715;0.07942220082777982;0.5649867912686343;0.0;0.0;0.11510650761713966;0.0;1.0;0.22761554969339268;0.12092574999558128;0.11080282120059069;0.20860316044899643;0.14466416427794476;0.19202523106336053;0.17495181542189528;0.1529139054579122;0.1090345328223329;0.26334559735464685;0.10900948727494611;0.08734681994932254;0.0;0.37833233444220493;0.11296962610881334;0.08698910099452116;0.0;0.0;0.13868599792960384;0.14733599338412223;0.4759933988855588;0.05093792586100424;0.2276336012917958;0.09378953282205402;0.11035440972375544;0.08874310381681043;0.180620551125653;0.29710276310523137;0.1090345328223329;0.46325246771226997;0.21247261079433458;0.14990774738818566;0.10514943828711058;0.18749441917358925;0.18751094154997547;0.050937922384595484;0.5094227949849376;0.15181313273327063;0.3771995001902996;0.9021041595167179;0.1808937784304287;0.1457164773363241;0.22763227286141366;0.1492903366700091;0.11300005518596018;0.09233207627383967;0.22113699591335545;0.3696904098297471;0.1799838894346862;0.22363251865163855;0.10695486537458841;0.08043796304428386;0.16644704496523718;0.0;0.11301238379899943;0.16922440480710782;0.2474677927006904;0.1400078946097424;0.22363251865163855;0.0;0.6288320828013445;0.14365197747102953;0.17492279197330612;0.15418623612094215;0.1515928866191703;0.0;0.14927862778414683;0.09117442491321462;0.15005343432201834;0.17787055217041955
GO:0051001;0.23854277650657102;0.0;0.0;0.26282016107636597;0.0;0.31135313596351055;0.0;0.2942930430129585;0.0;0.0;0.0;0.0;0.22761554969339268;1.0;0.1516603111259694;0.0;0.2566371653404322;0.2901789987593555;0.2235911189051286;0.33994175603917703;0.15463368757116458;0.0;0.2104837653789744;0.0;0.0;0.0;0.4729082874348581;0.0;0.0;0.0;0.0;0.0;0.301132748763799;0.33180813224403205;0.0;0.31188281566959103;0.0;0.1787214300459956;0.09358117646547487;0.3653370357159404;0.3092124440127117;0.0;0.34853781956551405;0.27155712278826083;0.20538533850282978;0.3515348131117772;0.31270208326023924;0.3127595140363945;0.0;0.19128040641355976;0.0;0.3968159668213698;0.261513447685623;0.2906041084259121;0.0;0.3118790278685832;0.20394143183794908;0.0;0.0;0.2842151677698848;0.29871934980490955;0.20172409958367024;0.3006870621943134;0.3636472570747186;0.0;0.3092396774524802;0.0;0.0;0.31896563048056137;0.35101039759665376;0.2720317727998348;0.3006870621943134;0.0;0.2696578964545282;0.0;0.3398321957435269;0.0;0.0;0.0;0.1490580632649313;0.0;0.3127072215357708;0.3511375316316782
GO:0051482;0.09137072953360864;0.13242004587024103;0.0;0.13551764144124995;0.0;0.11759503452519218;0.11304267454181174;0.12672513672906574;0.0;0.0;0.20231100090542756;0.0;0.12092574999558128;0.1516603111259694;1.0;0.18938246941665215;0.13272975323732503;0.24124616026740348;0.11753878652394538;0.16892988567561065;0.17714664938473004;0.18427455795896164;0.11137427774251708;0.18420303189674164;0.12980451069258628;0.0;0.16886697930250982;0.19580140289996126;0.12901607978961924;0.0;0.0;0.0;0.18384507733420713;0.16834704174255694;0.06294448035333428;0.2582196073043841;0.14456195312553038;0.1174108510389354;0.6208230100146804;0.17805308350960333;0.1559112405656063;0.18427455795896164;0.12991359473493647;0.23015884790107655;0.13272860897631053;0.17344389684243686;0.18964135735174703;0.1896699384966971;0.06294447504493451;0.10219529749074331;0.0;0.09701396303895789;0.1005615191592413;0.17850246744196363;0.1268926781357885;0.25821703254307266;0.17849609497082622;0.19589283164897422;0.1411282973822065;0.14503615477330015;0.11333488403364698;0.10720924151035227;0.25056008682989;0.17841158735357937;0.1151116278625993;0.15592294709873866;0.0;0.1959298851081266;0.1600843768160737;0.17352752829898618;0.1689171229917658;0.25056008682989;0.0;0.13858123569775369;0.0;0.16888413789577372;0.13808208622812085;0.0;0.0;0.17136198460919178;0.13844151435864438;0.18964391455561397;0.17358006022523972
GO:0006914;0.0;0.320032885548098;0.0;0.0;0.0;0.0;0.25713951112550326;0.0;0.0;0.0;0.3726227244412419;0.0;0.11080282120059069;0.0;0.18938246941665215;1.0;0.0;0.0;0.0;0.0;0.13445754096223828;0.31570841061107124;0.0;0.31549852355941965;0.3110887427981425;0.23214091666716047;0.0;0.3511223192127115;0.18209077248522912;0.0;0.0;0.0;0.0;0.0;0.12428854977688118;0.330548671073852;0.3636093044435254;0.0;0.10669458855173958;0.0;0.0;0.31570841061107124;0.0;0.2725128341394398;0.0;0.0;0.0;0.0;0.1242885375573844;0.0;0.0;0.0;0.0;0.0;0.1778894135339496;0.3305429137920651;0.0;0.5952224535462589;0.207187507469561;0.0;0.0;0.0;0.3137926827551499;0.0;0.26349986163721795;0.0;0.2611005936085438;0.35153570390102107;0.0;0.0;0.0;0.3137926827551499;0.0;0.0;0.0;0.0;0.20068781030912994;0.0;0.0;0.1287893594896736;0.3412086841479031;0.0;0.0
GO:0070885;0.15456555173290001;0.0;0.0;0.31909495469128896;0.0;0.27685390984711417;0.0;0.21441326188266907;0.0;0.0;0.0;0.0;0.20860316044899643;0.2566371653404322;0.13272975323732503;0.0;1.0;0.24147947617322887;0.6598725323643799;0.2858872428403078;0.17446906030140372;0.0;0.18842460907299968;0.0;0.0;0.0;0.28578068618945435;0.0;0.0;0.0;0.0;0.0;0.311154031047015;0.2929129264373799;0.0;0.32028307555257796;0.0;0.19864387326026142;0.08601164597451971;0.5380515981380728;0.2638366035920896;0.0;0.30587592069817;0.2854460268326228;0.443694078818068;0.17360707981843418;0.3850719580786606;0.32102263320375396;0.0;0.1728868726038721;0.0;0.22837441894761984;0.23673004951557058;0.30210301746041524;0.0;0.3202798786650847;0.31144895579908805;0.0;0.0;0.8143664796424314;0.2668180764007727;0.2523884298213337;0.3107731144826249;0.1785842564521703;0.0;0.2638564304116629;0.0;0.0;0.2709046130664286;0.40865969326308993;0.2287789718622352;0.3107731144826249;0.0;0.23448832773821487;0.0;0.3977329399223847;0.0;0.0;0.0;0.1687687494398255;0.0;0.2568799271250048;0.2937643412895914
GO:0098736;0.1501179864995569;0.0;0.0;0.371102725882779;0.0;0.20585740834768157;0.0;0.22701682822797847;0.0;0.0;0.0;0.0;0.14466416427794476;0.2901789987593555;0.24124616026740348;0.0;0.24147947617322887;1.0;0.30741845718776706;0.42385592636432023;0.21971433930560744;0.0;0.19198480370219173;0.0;0.0;0.0;0.33902554007592656;0.0;0.0;0.0;0.0;0.0;0.7633103979038354;0.2793858263885482;0.0;0.40344990940037906;0.0;0.2054404801111252;0.1394821715588404;0.36712786258582514;0.30181480167064084;0.0;0.23464078100406685;0.3384373703682246;0.24147667717254018;0.2607553154692347;0.40482191914431515;0.4049181766654599;0.0;0.17227334027417193;0.0;0.1615262018775724;0.16885575273804393;0.36854164655344823;0.0;0.4034435709665832;0.420355811240465;0.0;0.0;0.2725758246330957;0.1963110251806576;0.22857781584206557;0.384910474569404;0.27214758103698367;0.0;0.3018472224815151;0.0;0.0;0.3135065276326;0.3530958717976008;0.339174925885648;0.384910474569404;0.0;0.2560137033987827;0.0;0.3390766533505739;0.0;0.0;0.0;0.21082821590286077;0.0;0.4048305307865858;0.3532566374986317
GO:0140199;0.14193165333085636;0.0;0.0;0.40086298371041346;0.0;0.2483934504140137;0.0;0.19084740128476932;0.0;0.0;0.0;0.0;0.19202523106336053;0.2235911189051286;0.11753878652394538;0.0;0.6598725323643799;0.30741845718776706;1.0;0.34159347406350576;0.1585395824024281;0.0;0.16997956312432635;0.0;0.0;0.0;0.24539368023580876;0.0;0.0;0.0;0.0;0.0;0.3682506275171494;0.2612438291842213;0.0;0.27040650978208686;0.0;0.17825208963184702;0.07936472243852895;0.45848515126367656;0.2290361786879486;0.0;0.27150618993996395;0.24514688552434052;0.39288115703126064;0.14850328309750085;0.32499683390995115;0.2709334753047653;0.0;0.15723203838582894;0.0;0.20865362087887082;0.21560652451566112;0.2573322367299154;0.0;0.2704042310444131;0.3542099384560732;0.0;0.0;0.713520183230861;0.24028470251870218;0.29282397734937904;0.2635963417139575;0.15213008311610357;0.0;0.22905111993451951;0.0;0.0;0.23434384129986718;0.3495426058107264;0.19643929279734504;0.2635963417139575;0.0;0.20659012660057752;0.0;0.34151974505971033;0.0;0.0;0.0;0.15381857607458707;0.0;0.2168036011207588;0.25125710752963876
GO:0032720;0.14511705445506867;0.0;0.0;0.4085406285094818;0.0;0.24561735685532418;0.0;0.21577199801007238;0.0;0.0;0.0;0.0;0.17495181542189528;0.33994175603917703;0.16892988567561065;0.0;0.2858872428403078;0.42385592636432023;0.34159347406350576;1.0;0.16753932304795421;0.0;0.18388073966750546;0.0;0.0;0.0;0.3930330314131746;0.0;0.0;0.0;0.0;0.0;0.4426794376172401;0.2634484845753378;0.0;0.3692510855057527;0.0;0.19618799859957464;0.0998817154188468;0.33859183023701706;0.2822584745701287;0.0;0.27820473540309915;0.3140389559020372;0.2287937606003703;0.2412170659634059;0.3704000228337246;0.37048060517169235;0.0;0.16571956381779046;0.0;0.19461505981987504;0.2031165375024072;0.33979401532111647;0.0;0.3692457760885361;0.2836469970334904;0.0;0.0;0.32053420500218666;0.23471832574866566;0.3899192253282883;0.3536607389417179;0.250934249916607;0.0;0.3527251659669236;0.0;0.0;0.36543499315508954;0.40812174575777255;0.31467390208365204;0.3536607389417179;0.0;0.24180271908526368;0.0;0.3930880078282532;0.0;0.0;0.0;0.16101382246937013;0.0;0.37040723223445227;0.4082936263866491
GO:0051127;0.17958556702231585;0.10300041238815238;0.0;0.14189743781809488;0.0;0.15860010082009243;0.0908827431444649;0.2018737110857515;0.0;0.0;0.14084790315741433;0.0;0.1529139054579122;0.15463368757116458;0.17714664938473004;0.13445754096223828;0.17446906030140372;0.21971433930560744;0.1585395824024281;0.16753932304795421;1.0;0.13186249730783994;0.2112862568392686;0.22359509539918854;0.1014109838494139;0.0;0.1674935917326103;0.23349337284555727;0.10092911210508429;0.0;0.0;0.0;0.17813144595650846;0.20048823937898066;0.05542011865329871;0.27620276041288117;0.11019986000932132;0.1584018902660265;0.124572948298084;0.21751363522445016;0.19727188725832845;0.13186249730783994;0.17157756417331804;0.254194653910359;0.2427806162391677;0.12622237886711835;0.2275604634945491;0.31669540004125124;0.05542011453817191;0.19701812717546655;0.0;0.13564580089870684;0.13972188833049967;0.30279382999863;0.09962493595409255;0.276200804625905;0.20989769662639354;0.13770682336331633;0.10819321880472012;0.18679073556467937;0.15398311645356108;0.14722359677102698;0.27033415206875727;0.12883295142645962;0.09221526181616797;0.15788605399606764;0.0;0.13772513293523397;0.16101831501297756;0.2979071818561433;0.16753004564056775;0.27033415206875727;0.0;0.18039060505214138;0.0;0.1675060664908279;0.1063938298682415;0.0;0.0;0.9208548073223817;0.10660709061056292;0.22756264120757563;0.17089487561040503
GO:0030225;0.0;0.18386115659767305;0.0;0.0;0.0;0.0;0.14851389463498124;0.0;0.0;0.0;0.7141169729036233;0.0;0.1090345328223329;0.0;0.18427455795896164;0.31570841061107124;0.0;0.0;0.0;0.0;0.13186249730783994;1.0;0.0;0.3015724954291962;0.17885720080378734;0.0;0.0;0.33395943166646247;0.17736371459097097;0.3324257809034288;0.0;0.0;0.0;0.0;0.07259962143941392;0.31529445292726693;0.20813346440763045;0.0;0.10505402411474239;0.0;0.0;0.9031045230089533;0.0;0.262060188747403;0.0;0.0;0.0;0.0;0.07259961437758779;0.0;0.0;0.0;0.0;0.0;0.17337526901775377;0.3152892147563536;0.0;0.33422549297343457;0.20108945618322427;0.0;0.0;0.0;0.30001354985050266;0.0;0.15210560558981223;0.0;0.0;0.3343333699655308;0.0;0.0;0.0;0.30001354985050266;0.0;0.0;0.0;0.0;0.1949610749731922;0.0;0.0;0.12640655835854617;0.19567837214812536;0.0;0.0
GO:0033138;0.7898228274629627;0.0;0.0;0.1534471190117689;0.0;0.303546765419266;0.0;0.3953047474625194;0.0;0.0;0.0;0.0;0.26334559735464685;0.2104837653789744;0.11137427774251708;0.0;0.18842460907299968;0.19198480370219173;0.16997956312432635;0.18388073966750546;0.2112862568392686;0.0;1.0;0.0;0.0;0.0;0.27486685093369534;0.0;0.0;0.0;0.0;0.0;0.19671906432914435;0.28338434388666;0.0;0.25146816515833886;0.0;0.16982129264427306;0.07650547088049149;0.23964149333117782;0.3843260068072645;0.0;0.47195951846668266;0.22947897302877054;0.26220017521736033;0.13879709290122116;0.2518940170584344;0.3505643627710809;0.0;0.47224831500124254;0.0;0.47679870571004;0.294347435238065;0.24012269656119425;0.0;0.2514661944319615;0.18744884885592433;0.0;0.0;0.20287795818161874;0.29409223806324486;0.15703822070764017;0.24556810711311106;0.1419602411746822;0.0;0.17231750040195143;0.0;0.0;0.1760553120824657;0.23476773597111636;0.18386956426295947;0.24556810711311106;0.0;0.38712781053323453;0.0;0.18384067995298092;0.0;0.0;0.0;0.20525301974988994;0.0;0.25189668541079724;0.18793071385234011
GO:0070206;0.0;0.1837899510364646;0.0;0.0;0.0;0.0;0.14846743236234916;0.0;0.0;0.0;0.3530883812720785;0.0;0.10900948727494611;0.0;0.18420303189674164;0.31549852355941965;0.0;0.0;0.0;0.0;0.22359509539918854;0.3015724954291962;0.0;1.0;0.17878981764362312;0.0;0.0;0.8926819864842793;0.17729745184436502;0.0;0.0;0.0;0.0;0.0;0.0725885168004675;0.31508511574117537;0.20804222224694197;0.0;0.10503077366161882;0.0;0.0;0.3015724954291962;0.0;0.2619155567087407;0.0;0.0;0.0;0.0;0.07258850974080151;0.0;0.0;0.0;0.0;0.0;0.17331195238267683;0.31507988452357716;0.0;0.33399027226468775;0.20100428419653588;0.0;0.0;0.0;0.2998240061146152;0.0;0.15205686919188588;0.0;0.0;0.3340979974427349;0.0;0.0;0.0;0.2998240061146152;0.0;0.0;0.0;0.0;0.19488101423210907;0.0;0.0;0.21434609465211338;0.19559772132917108;0.0;0.0
GO:0046949;0.0;0.30624523845505436;0.0;0.0;0.0;0.0;0.33606542468541784;0.0;0.0;0.0;0.1957999986730454;0.0;0.08734681994932254;0.0;0.12980451069258628;0.3110887427981425;0.0;0.0;0.0;0.0;0.1014109838494139;0.17885720080378734;0.0;0.17878981764362312;1.0;0.2987137658610041;0.0;0.18969633633541644;0.12633697333430094;0.0;0.0;0.0;0.0;0.0;0.20901211932561684;0.18352510425865542;0.28752919583793235;0.0;0.08477364236243615;0.0;0.0;0.17885720080378734;0.0;0.1641194052975499;0.0;0.0;0.0;0.0;0.20901210187915753;0.0;0.0;0.0;0.0;0.0;0.12430014766732428;0.1835233294931516;0.0;0.38346790822332666;0.1379287786750347;0.0;0.0;0.0;0.17824072191020054;0.0;0.34210201579466437;0.0;0.3215363728655915;0.18981692886213222;0.0;0.0;0.0;0.17824072191020054;0.0;0.0;0.0;0.0;0.13501769858735452;0.0;0.0;0.09815286751977094;0.2756266798464639;0.0;0.0
GO:0006094;0.0;0.2560969408239388;0.0;0.0;0.0;0.0;0.29886874393999285;0.0;0.0;0.0;0.0;0.0;0.0;0.0;0.0;0.23214091666716047;0.0;0.0;0.0;0.0;0.0;0.0;0.0;0.0;0.2987137658610041;1.0;0.0;0.0;0.0;0.0;0.0;0.0;0.0;0.0;0.20261178390837822;0.0;0.3410249049475996;0.0;0.0;0.0;0.0;0.0;0.0;0.0;0.0;0.0;0.0;0.0;0.20261176570690687;0.0;0.0;0.0;0.0;0.0;0.0;0.0;0.0;0.241999464167743;0.0;0.0;0.0;0.0;0.0;0.0;0.30502837314284786;0.0;0.4599149851900823;0.0;0.0;0.0;0.0;0.0;0.0;0.0;0.0;0.0;0.0;0.0;0.0;0.0;0.26955429829808714;0.0;0.0
GO:0045814;0.21693618941700407;0.0;0.0;0.2934687223284688;0.0;0.34173138874582804;0.0;0.37501090792613856;0.0;0.0;0.0;0.0;0.37833233444220493;0.4729082874348581;0.16886697930250982;0.0;0.28578068618945435;0.33902554007592656;0.24539368023580876;0.3930330314131746;0.1674935917326103;0.0;0.27486685093369534;0.0;0.0;0.0;1.0;0.0;0.0;0.0;0.0;0.0;0.35407303222003766;0.3665316029740887;0.0;0.3690290200315336;0.0;0.19612529322252725;0.09985972063173516;0.3384051010885063;0.42185530416174793;0.0;0.4946718896862831;0.31387831964186147;0.2287084849197162;0.24108882447983626;0.37017657369910606;0.37025705883093096;0.0;0.28804345567836154;0.0;0.34607999035424825;0.43922226001925385;0.3396059582068642;0.0;0.36902371699845665;0.22691945245029513;0.0;0.0;0.3204002619613051;0.3265720317092487;0.2193030108311052;0.35345702431717807;0.25079547113980305;0.0;0.35256297522520474;0.0;0.0;0.3652609061976137;0.40790462503489794;0.31451261576209316;0.35345702431717807;0.0;0.42023438101125626;0.0;0.39288658443625846;0.0;0.0;0.0;0.16097158371346343;0.0;0.3701837744040238;0.4080763227930011
GO:0065003;0.0;0.19533473083567393;0.0;0.0;0.0;0.0;0.15591120229268055;0.0;0.0;0.0;0.3983150460483676;0.0;0.11296962610881334;0.0;0.19580140289996126;0.3511223192127115;0.0;0.0;0.0;0.0;0.23349337284555727;0.33395943166646247;0.0;0.8926819864842793;0.18969633633541644;0.0;0.0;1.0;0.1880171977892443;0.0;0.0;0.0;0.0;0.0;0.07432343138495466;0.35061035848754574;0.2229584808464125;0.0;0.10870223939299153;0.0;0.0;0.33395943166646247;0.0;0.2860045505696132;0.0;0.0;0.0;0.0;0.07432342398379432;0.0;0.0;0.0;0.0;0.0;0.18354127017116534;0.35060388116264246;0.0;0.374178315065011;0.21489470668480037;0.0;0.0;0.0;0.3318165577568701;0.0;0.15987439609543835;0.0;0.0;0.3743135296907343;0.0;0.0;0.0;0.3318165577568701;0.0;0.0;0.0;0.0;0.20791059927014327;0.0;0.0;0.22342579853605468;0.2087265476848417;0.0;0.0
GO:0043312;0.0;0.12881330167067667;0.28235909161702294;0.0;0.17731126799900182;0.0;0.11040374897214753;0.0;0.24734912573580228;0.20456540836204223;0.1940115752924505;0.17731126799900182;0.08698910099452116;0.0;0.12901607978961924;0.18209077248522912;0.0;0.0;0.0;0.0;0.10092911210508429;0.17736371459097097;0.0;0.17729745184436502;0.12633697333430094;0.0;0.0;0.1880171977892443;1.0;0.0;0.3375382471745635;0.0;0.0;0.0;0.062117730495778394;0.18195298791170586;0.1402741719146146;0.0;0.17302796455619363;0.0;0.0;0.17736371459097097;0.0;0.1628610387989542;0.0;0.0;0.0;0.0;0.062117725325910145;0.0;0.0;0.0;0.0;0.0;0.12357697961274562;0.18195124342188715;0.0;0.1881014998650291;0.3709450184941394;0.0;0.0;0.0;0.17675747065953681;0.0;0.11237638957749166;0.0;0.0;0.18813566419593797;0.0;0.0;0.0;0.17675747065953681;0.17723794308642096;0.0;0.0;0.0;0.1341648743360362;0.18763369431425225;0.3680841718699212;0.09770139246660896;0.1345041736422576;0.0;0.0
GO:0021547;0.0;0.0;0.0;0.0;0.0;0.0;0.0;0.0;0.0;0.0;0.39613528791294517;0.0;0.0;0.0;0.0;0.0;0.0;0.0;0.0;0.0;0.0;0.3324257809034288;0.0;0.0;0.0;0.0;0.0;0.0;0.0;1.0;0.0;0.0;0.0;0.0;0.0;0.0;0.0;0.0;0.0;0.0;0.0;0.3324257809034288;0.0;0.0;0.0;0.0;0.0;0.0;0.0;0.0;0.0;0.0;0.0;0.0;0.0;0.0;0.0;0.0;0.0;0.0;0.0;0.0;0.0;0.0;0.0;0.0;0.0;0.0;0.0;0.0;0.0;0.0;0.0;0.0;0.0;0.0;0.0;0.0;0.0;0.0;0.0;0.0;0.0
GO:0042147;0.0;0.0;0.42338532305377574;0.0;0.0;0.0;0.0;0.0;0.5581819450937369;0.26963355973380027;0.0;0.0;0.0;0.0;0.0;0.0;0.0;0.0;0.0;0.0;0.0;0.0;0.0;0.0;0.0;0.0;0.0;0.0;0.3375382471745635;0.0;1.0;0.0;0.0;0.0;0.0;0.0;0.0;0.0;0.20532241446252866;0.0;0.0;0.0;0.0;0.0;0.0;0.0;0.0;0.0;0.0;0.0;0.0;0.0;0.0;0.0;0.0;0.0;0.0;0.0;0.31726797273339036;0.0;0.0;0.0;0.0;0.0;0.0;0.0;0.0;0.0;0.0;0.0;0.0;0.0;0.0;0.0;0.0;0.0;0.0;0.0;0.5775715076229478;0.0;0.0;0.0;0.0
GO:0042742;0.0;0.0;0.0;0.0;0.0;0.0;0.0;0.0;0.0;0.0;0.0;0.0;0.13868599792960384;0.0;0.0;0.0;0.0;0.0;0.0;0.0;0.0;0.0;0.0;0.0;0.0;0.0;0.0;0.0;0.0;0.0;0.0;1.0;0.0;0.0;0.0;0.0;0.0;0.0;0.0;0.0;0.0;0.0;0.0;0.0;0.0;0.0;0.0;0.0;0.0;0.0;0.3829259532476475;0.0;0.0;0.0;0.15913282112759058;0.0;0.0;0.0;0.0;0.0;0.0;0.0;0.0;0.0;0.0;0.0;0.0;0.0;0.0;0.0;0.0;0.0;0.0;0.0;0.33493049112116896;0.0;0.3568084792978418;0.4764759173282887;0.0;0.0;0.0;0.0;0.0
GO:1903779;0.15299707298937595;0.0;0.0;0.3830269494379635;0.0;0.2113102891431459;0.0;0.23366639211827187;0.0;0.0;0.0;0.0;0.14733599338412223;0.301132748763799;0.18384507733420713;0.0;0.311154031047015;0.7633103979038354;0.3682506275171494;0.4426794376172401;0.17813144595650846;0.0;0.19671906432914435;0.0;0.0;0.0;0.35407303222003766;0.0;0.0;0.0;0.0;0.0;1.0;0.22789159930142358;0.0;0.42494093023091384;0.0;0.21087100422083344;0.10491429929124824;0.48086632942495633;0.3136825904746675;0.0;0.24175146651751567;0.3534315419394323;0.3111503118650138;0.27282223666226463;0.4264632775917523;0.42657010321512867;0.0;0.17607572823611545;0.0;0.16486437346413557;0.17250717348721634;0.3863922903031398;0.0;0.42493389854475194;0.4305376159007609;0.0;0.0;0.35264019174161576;0.20126380742241531;0.2339423998148267;0.40442398913507915;0.28531855958710184;0.0;0.31371761122682185;0.0;0.0;0.3263311313138737;0.36944841504498266;0.35423597634509935;0.40442398913507915;0.0;0.26450221171426863;0.0;0.35412878383847035;0.0;0.0;0.0;0.17077287634702276;0.0;0.4264728345946271;0.36962441999881124
GO:0045019;0.23470317166288227;0.0;0.0;0.2146378159051537;0.0;0.6230143175084781;0.0;0.3980990947855609;0.0;0.0;0.0;0.0;0.4759933988855588;0.33180813224403205;0.16834704174255694;0.0;0.2929129264373799;0.2793858263885482;0.2612438291842213;0.2634484845753378;0.20048823937898066;0.0;0.28338434388666;0.0;0.0;0.0;0.3665316029740887;0.0;0.0;0.0;0.0;0.0;0.22789159930142358;1.0;0.0;0.29238364113251897;0.0;0.15009253588291407;0.1115530885285439;0.2765167435105188;0.34043150558082297;0.0;0.5263477874181147;0.2630737655636521;0.21049448479167954;0.15964584287945566;0.2929595030838662;0.29299984277132113;0.0;0.3247742169697461;0.0;0.39920089419920823;0.5370777260272522;0.2771576306819698;0.0;0.29238097693824755;0.2529900952675058;0.0;0.0;0.31824063308056816;0.4627694345594378;0.23944952676343875;0.28443776774531626;0.1638450112478882;0.0;0.24462642566685858;0.0;0.0;0.2506729229486999;0.3757812709315569;0.21082378691678266;0.28443776774531626;0.0;0.4329384019713187;0.0;0.2633826783356689;0.0;0.0;0.0;0.19425141262349044;0.0;0.23445910934289113;0.27012315675589027
GO:0044206;0.0;0.23266307096505207;0.0;0.0;0.0;0.0;0.4039222873275281;0.0;0.0;0.0;0.07524241410506309;0.0;0.05093792586100424;0.0;0.06294448035333428;0.12428854977688118;0.0;0.0;0.0;0.0;0.05542011865329871;0.07259962143941392;0.0;0.0725885168004675;0.20901211932561684;0.20261178390837822;0.0;0.07432343138495466;0.062117730495778394;0.0;0.0;0.0;0.0;0.0;1.0;0.07335696981038942;0.3706556708363981;0.0;0.05005194561400605;0.0;0.0;0.07259962143941392;0.0;0.07004641216426442;0.0;0.0;0.0;0.0;0.8556201791110468;0.0;0.0;0.0;0.0;0.0;0.061621254946336704;0.07335668625669647;0.0;0.17438687089820692;0.06479519744342188;0.0;0.0;0.0;0.07249784100978113;0.0;0.407692380796164;0.0;0.20929639968149072;0.07434193625882868;0.0;0.0;0.0;0.07249784100978113;0.0;0.0;0.0;0.0;0.06414549049734439;0.0;0.0;0.05443268972875277;0.19568945646859537;0.0;0.0
GO:0007218;0.1945816402363811;0.18879750955587196;0.0;0.26407660929737165;0.0;0.2705826114307457;0.15171813086675942;0.29999627496537795;0.0;0.0;0.3720461974117501;0.0;0.2276336012917958;0.31188281566959103;0.2582196073043841;0.330548671073852;0.32028307555257796;0.40344990940037906;0.27040650978208686;0.3692510855057527;0.27620276041288117;0.31529445292726693;0.25146816515833886;0.31508511574117537;0.18352510425865542;0.0;0.3690290200315336;0.35061035848754574;0.18195298791170586;0.0;0.0;0.0;0.42494093023091384;0.29238364113251897;0.07335696981038942;1.0;0.21448168609303492;0.21608663088469204;0.14552616459130677;0.5030242602403051;0.4065521963637288;0.31529445292726693;0.31067183240371626;0.7365364124467925;0.32027913493403937;0.2848591853153142;0.5602243330971663;0.5603718683633414;0.07335696260045894;0.22453678430290855;0.0;0.20996476070677267;0.2198943951799644;0.5051491768215314;0.17775791148833217;0.7860229905240506;0.31747399076229144;0.35090362402495273;0.2070091437333436;0.36441192161405234;0.25741475274879655;0.23906560730003812;0.74624326032725;0.2985100985852798;0.1554684553038043;0.32540241444415147;0.0;0.3510225378599757;0.3389933986983259;0.48201953312161977;0.36920602379004086;0.74624326032725;0.0;0.3408213252498581;0.0;0.3690895814037727;0.20052045744575966;0.0;0.0;0.2645654115311295;0.20127932544212335;0.44835949378454526;0.3859533294286981
GO:0006206;0.0;0.4397094754961409;0.0;0.0;0.0;0.0;0.529052240627614;0.0;0.0;0.0;0.231438127904404;0.0;0.09378953282205402;0.0;0.14456195312553038;0.3636093044435254;0.0;0.0;0.0;0.0;0.11019986000932132;0.20813346440763045;0.0;0.20804222224694197;0.28752919583793235;0.3410249049475996;0.0;0.2229584808464125;0.1402741719146146;0.0;0.0;0.0;0.0;0.0;0.3706556708363981;0.21448168609303492;1.0;0.0;0.09082919247649567;0.0;0.0;0.20813346440763045;0.0;0.18844168121912186;0.0;0.0;0.0;0.0;0.37065563830341874;0.0;0.0;0.0;0.0;0.0;0.13776762050038333;0.21447926210907564;0.0;0.3778436233281439;0.15471073758711626;0.0;0.0;0.0;0.2072991221765318;0.0;0.5394820292242085;0.0;0.43044113828202624;0.22312509002157807;0.0;0.0;0.0;0.2072991221765318;0.0;0.0;0.0;0.0;0.15105755425575873;0.0;0.0;0.10636321943352507;0.46158839445919925;0.0;0.0
GO:0001916;0.14182128823206383;0.0;0.0;0.20232814966503096;0.0;0.1427168206633096;0.0;0.19064790750347488;0.0;0.0;0.0;0.0;0.11035440972375544;0.1787214300459956;0.1174108510389354;0.0;0.19864387326026142;0.2054404801111252;0.17825208963184702;0.19618799859957464;0.1584018902660265;0.0;0.16982129264427306;0.0;0.0;0.0;0.19612529322252725;0.0;0.0;0.0;0.0;0.0;0.21087100422083344;0.15009253588291407;0.0;0.21608663088469204;0.0;1.0;0.07930637293423663;0.2564186539483399;0.18306833050956234;0.0;0.15598227391750166;0.1959283129518559;0.2764335254923279;0.1482991204862807;0.27049720912575126;0.2705315996139088;0.0;0.1570966071258665;0.0;0.11990267972155785;0.1238947702802893;0.20565346819773617;0.0;0.21608481260085136;0.1581075253947481;0.0;0.0;0.21477460658568795;0.1380622691701626;0.1313080152677871;0.21065235898943963;0.15191583366154604;0.0;0.18308025804981778;0.0;0.0;0.18730529456567796;0.20075309921863976;0.19617527722980735;0.21065235898943963;0.0;0.16514752837449653;0.0;0.3880618929337148;0.0;0.0;0.0;0.15368895890788214;0.0;0.2705002861675164;0.2008050566091765
GO:0098703;0.06650417157380131;0.08588148334581357;0.37049480642559635;0.08717377499006286;0.0;0.07939036327558541;0.07728904932610096;0.08344932056005254;0.1892729353581307;0.22059542334982407;0.1106793175399238;0.0;0.08874310381681043;0.09358117646547487;0.6208230100146804;0.10669458855173958;0.08601164597451971;0.1394821715588404;0.07936472243852895;0.0998817154188468;0.124572948298084;0.10505402411474239;0.07650547088049149;0.10503077366161882;0.08477364236243615;0.0;0.09985972063173516;0.10870223939299153;0.17302796455619363;0.0;0.20532241446252866;0.0;0.10491429929124824;0.1115530885285439;0.05005194561400605;0.14552616459130677;0.09082919247649567;0.07930637293423663;1.0;0.10300221154095501;0.09518250393091632;0.10505402411474239;0.08482015561900877;0.13616985492905617;0.08601116546238154;0.10144271933899297;0.10677671024785167;0.1067857704520456;0.05005194225747823;0.07205954102246427;0.0;0.06944434152404251;0.07124339755619476;0.10315243918925722;0.08352193888016897;0.14552534679979412;0.11592059463539192;0.10873041270869818;0.18332515559807427;0.09101616455577585;0.07742553607109372;0.07451686496342388;0.14306146370195977;0.10312208402110903;0.07825065052168087;0.09518686682825485;0.0;0.10874182721659778;0.09672178387475289;0.10147132200129337;0.09987725357434042;0.14306146370195977;0.0;0.08843131825288579;0.0;0.09986572068175294;0.08822780138958473;0.0;0.21547178094791244;0.1216843364245003;0.08837440353816284;0.10677752092840626;0.1014892825090845
GO:0010469;0.22657063700703603;0.0;0.0;0.30990234476097356;0.0;0.2569384604295068;0.0;0.3424904955594932;0.0;0.0;0.0;0.0;0.180620551125653;0.3653370357159404;0.17805308350960333;0.0;0.5380515981380728;0.36712786258582514;0.45848515126367656;0.33859183023701706;0.21751363522445016;0.0;0.23964149333117782;0.0;0.0;0.0;0.3384051010885063;0.0;0.0;0.0;0.0;0.0;0.48086632942495633;0.2765167435105188;0.0;0.5030242602403051;0.0;0.2564186539483399;0.10300221154095501;1.0;0.3765113669259527;0.0;0.2928185536527093;0.42211424190047353;0.538045369688721;0.3521680501312585;0.6055247082216129;0.5048509065465793;0.0;0.21505992350785474;0.0;0.24377384370666716;0.21079742086370742;0.45958695840366726;0.0;0.503016374639989;0.4170234859562685;0.0;0.0;0.6072368278529691;0.2450358926952323;0.2283519124954379;0.47995717460949056;0.3675235107401046;0.0;0.30135530100648866;0.0;0.0;0.31297590318895546;0.44036213664462054;0.33855394050684856;0.47995717460949056;0.0;0.31945388719175666;0.0;0.42291012485160107;0.0;0.0;0.0;0.208724463963499;0.0;0.40394617601769595;0.35258306934135974
GO:0070873;0.3073852944629471;0.0;0.0;0.21638241708154207;0.0;0.4090672865170399;0.0;0.4461114977305873;0.0;0.0;0.0;0.0;0.29710276310523137;0.3092124440127117;0.1559112405656063;0.0;0.2638366035920896;0.30181480167064084;0.2290361786879486;0.2822584745701287;0.19727188725832845;0.0;0.3843260068072645;0.0;0.0;0.0;0.42185530416174793;0.0;0.0;0.0;0.0;0.0;0.3136825904746675;0.34043150558082297;0.0;0.4065521963637288;0.0;0.18306833050956234;0.09518250393091632;0.3765113669259527;1.0;0.0;0.4592583601723964;0.35201847529237257;0.26383392955484064;0.21552032023164588;0.4076664370006302;0.40774455492209427;0.0;0.3485343142101374;0.0;0.3286972939131223;0.34225113947823893;0.37770057827910136;0.0;0.4065470453722925;0.26192745916330196;0.0;0.0;0.2930717303082132;0.3920808968009388;0.20614566449395938;0.39135078776010374;0.22324429865176915;0.0;0.25589940094374874;0.0;0.0;0.2642302784489831;0.36461866686266015;0.2822321433715375;0.39135078776010374;0.0;0.49556245824962564;0.0;0.28216409484029564;0.0;0.0;0.0;0.19001514814709167;0.0;0.3262620594229677;0.2919150175409084
GO:0030851;0.0;0.18386115659767305;0.0;0.0;0.0;0.0;0.14851389463498124;0.0;0.0;0.0;0.7141169729036233;0.0;0.1090345328223329;0.0;0.18427455795896164;0.31570841061107124;0.0;0.0;0.0;0.0;0.13186249730783994;0.9031045230089533;0.0;0.3015724954291962;0.17885720080378734;0.0;0.0;0.33395943166646247;0.17736371459097097;0.3324257809034288;0.0;0.0;0.0;0.0;0.07259962143941392;0.31529445292726693;0.20813346440763045;0.0;0.10505402411474239;0.0;0.0;1.0;0.0;0.262060188747403;0.0;0.0;0.0;0.0;0.07259961437758779;0.0;0.0;0.0;0.0;0.0;0.17337526901775377;0.3152892147563536;0.0;0.33422549297343457;0.20108945618322427;0.0;0.0;0.0;0.30001354985050266;0.0;0.15210560558981223;0.0;0.0;0.3343333699655308;0.0;0.0;0.0;0.30001354985050266;0.0;0.0;0.0;0.0;0.1949610749731922;0.0;0.0;0.12640655835854617;0.19567837214812536;0.0;0.0
