;GO:2000481;GO:0018108;GO:1901660;GO:1903243;GO:0002480;GO:1903249;GO:0006366;GO:0051091;GO:0006886;GO:0006843;GO:0002244;GO:0002479;GO:0097201;GO:0051001;GO:0051482;GO:0006914;GO:0070885;GO:0098736;GO:0140199;GO:0032720;GO:0051127;GO:0030225;GO:0033138;GO:0070206;GO:0046949;GO:0006094;GO:0045814;GO:0065003;GO:0043312;GO:0021547;GO:0042147;GO:0042742;GO:1903779;GO:0045019;GO:0044206;GO:0007218;GO:0006206;GO:0001916;GO:0098703;GO:0010469;GO:0070873;GO:0030851;GO:1902083;GO:0035589;GO:0035025;GO:0090630;GO:1900034;GO:0008284;GO:0044211;GO:0045944;GO:0006986;GO:0006469;GO:0000122;GO:0031338;GO:0071872;GO:0019221;GO:2000852;GO:0016310;GO:0072643;GO:0010751;GO:1900082;GO:1900041;GO:0060333;GO:0032781;GO:0006351;GO:1902187;GO:0042089;GO:0051085;GO:0090281;GO:0090084;GO:1902305;GO:0060337;GO:0002476;GO:0006357;GO:0051599;GO:0002820;GO:0071222;GO:0045087;GO:0006909;GO:0034314;GO:0070534;GO:2000744;GO:0032897
GO:2000481;1.0;0.0;0.0;0.13948712901084148;0.0;0.2880015638155497;0.0;0.41497037201571185;0.0;0.0;0.0;0.0;0.2537907884281646;0.25268702082858946;0.09295936115110943;0.0;0.17709654327686855;0.16447929646950626;0.16403285487248398;0.1590107867017494;0.20536378982011444;0.0;0.8107157129801417;0.0;0.0;0.0;0.23660451919397796;0.0;0.0;0.0;0.0;0.0;0.16698239605055779;0.26612389285765975;0.0;0.21779054026277803;0.0;0.15874276572577592;0.06912295395485867;0.2479714497165493;0.3471601199669152;0.0;0.4221075407370265;0.204607516302024;0.2421656241152666;0.2507120155587278;0.2207116471477666;0.30109216046613363;0.0;0.4316840569897835;0.0;0.5503411461922736;0.27867910171067756;0.21327228245518118;0.0;0.21745264808520212;0.17844495428996934;0.0;0.0;0.18665765505018908;0.2832040724332385;0.15543015262209825;0.2140739485116838;0.25501750405171936;0.0;0.15242552981769672;0.0;0.0;0.15417592081657885;0.20939670879453193;0.15929576106502796;0.21407753421708148;0.0;0.34696256631891115;0.0;0.1584521649661404;0.0;0.0;0.0;0.20085633863062574;0.0;0.21158939178218975;0.16208155741328634
GO:0018108;0.0;1.0;0.0;0.0;0.0;0.0;0.4116810094503963;0.0;0.0;0.0;0.19902289546995702;0.0;0.0870581227582267;0.0;0.13555208673977803;0.3391013365409154;0.0;0.0;0.0;0.0;0.10544810386135431;0.1839225265091233;0.0;0.1821614373444654;0.3353296062361645;0.26816635863071775;0.0;0.1918785555676591;0.1329288022138514;0.0;0.0;0.0;0.0;0.0;0.2660284101653739;0.18005971274491472;0.4748388365455858;0.0;0.09106690043836768;0.0;0.0;0.18393040806043906;0.0;0.16367830256532137;0.0;0.0;0.0;0.0;0.2660207730930482;0.0;0.0;0.0;0.0;0.0;0.13156800700702978;0.17962615223495337;0.0;0.5195681896993473;0.14374637703981796;0.0;0.0;0.0;0.1753313866434221;0.0;0.4182043935117774;0.0;0.5114818532436233;0.1965743302599051;0.0;0.0;0.0;0.17533590582086797;0.0;0.0;0.0;0.0;0.14152307488064733;0.0;0.0;0.10240530656581208;0.768851452826192;0.0;0.0
GO:1901660;0.0;0.0;1.0;0.0;0.0;0.0;0.0;0.0;0.35051657101781597;0.33359218474206115;0.0;0.0;0.0;0.0;0.0;0.0;0.0;0.0;0.0;0.0;0.0;0.0;0.0;0.0;0.0;0.0;0.0;0.0;0.2817056317284051;0.0;0.428929220184759;0.0;0.0;0.0;0.0;0.0;0.0;0.0;0.3656922132860998;0.0;0.0;0.0;0.0;0.0;0.0;0.0;0.0;0.0;0.0;0.0;0.0;0.0;0.0;0.0;0.0;0.0;0.0;0.0;0.31494962187057574;0.0;0.0;0.0;0.0;0.0;0.0;0.0;0.0;0.0;0.0;0.0;0.0;0.0;0.0;0.0;0.0;0.0;0.0;0.0;0.4914313968467717;0.0;0.0;0.0;0.0
GO:1903243;0.13948712901084148;0.0;0.0;1.0;0.0;0.22554989211207738;0.0;0.18914919228454685;0.0;0.0;0.0;0.0;0.16350843787344213;0.29947959217590303;0.14382859083509283;0.0;0.34853648447900726;0.406049943700733;0.4260155238875491;0.44988420595722994;0.16153647234703464;0.0;0.16834478043162535;0.0;0.0;0.0;0.32597876716842233;0.0;0.0;0.0;0.0;0.0;0.4169140553486608;0.2378796242839881;0.0;0.2902753188466616;0.0;0.23353236463618887;0.09378834205210379;0.3408112646391411;0.24209269525287325;0.0;0.2443832907484509;0.2608681862428216;0.2537190198635592;0.19051880808883562;0.4281853588665311;0.29400385952770425;0.0;0.1514057413126767;0.0;0.18422218580542873;0.18574024473276202;0.2799005496111512;0.0;0.289488304655978;0.29747230385036877;0.0;0.0;0.3782720791363572;0.22007221839562757;0.284398664623778;0.2817180760157892;0.19623332167264276;0.0;0.31196353071194866;0.0;0.0;0.31791583070257184;0.3366386160649271;0.27061664050550344;0.28172622772521216;0.0;0.20582542228530806;0.0;0.45148110058354024;0.0;0.0;0.0;0.15655756251425243;0.0;0.30173228421331766;0.3459522840774209
GO:0002480;0.0;0.0;0.0;0.0;1.0;0.0;0.0;0.0;0.0;0.0;0.0;0.9015899755002819;0.0;0.0;0.0;0.0;0.0;0.0;0.0;0.0;0.0;0.0;0.0;0.0;0.0;0.0;0.0;0.0;0.16289467833670496;0.0;0.0;0.0;0.0;0.0;0.0;0.0;0.0;0.0;0.0;0.0;0.0;0.0;0.0;0.0;0.0;0.0;0.0;0.0;0.0;0.0;0.0;0.0;0.0;0.0;0.0;0.0;0.0;0.0;0.0;0.0;0.0;0.0;0.0;0.0;0.0;0.0;0.0;0.0;0.0;0.0;0.0;0.0;0.5029034240523987;0.0;0.0;0.0;0.0;0.3190837724805754;0.0;0.0;0.0;0.0;0.0
GO:1903249;0.2880015638155497;0.0;0.0;0.22554989211207738;0.0;1.0;0.0;0.4512979157673342;0.0;0.0;0.0;0.0;0.5119263813958714;0.3400784053851465;0.12045705196580213;0.0;0.3115947812827253;0.22660133006248206;0.28256316639484014;0.26850366627448263;0.184727613466118;0.0;0.3396270118356454;0.0;0.0;0.0;0.36433605521971013;0.0;0.0;0.0;0.0;0.0;0.23137974649133478;0.6687937354922389;0.0;0.3010364916582763;0.0;0.16147742787245734;0.08325493864543124;0.289672627751223;0.45086088267433777;0.0;0.5777874244937726;0.2764191206655468;0.2273890479430527;0.15156523456914817;0.306646195175334;0.30408312508363655;0.0;0.3722085126362447;0.0;0.4525692635220565;0.5731429600335116;0.29247201098048303;0.0;0.3003913115993974;0.23072000918725105;0.0;0.0;0.33364255289009076;0.7309694969747257;0.26410051154502723;0.2939817432265018;0.15515980908330806;0.0;0.25359666779577367;0.0;0.0;0.2575160413713296;0.3890077730569025;0.21687856705102446;0.2939885054637383;0.0;0.4847770026694001;0.0;0.267221857360717;0.0;0.0;0.0;0.17974774489551976;0.0;0.23641739819811491;0.2756082335806292
GO:0006366;0.0;0.4116810094503963;0.0;0.0;0.0;0.0;1.0;0.0;0.0;0.0;0.15528272133354643;0.0;0.07750797633679685;0.0;0.11373255874405229;0.26872440885749566;0.0;0.0;0.0;0.0;0.09175442533012487;0.14593446528528325;0.0;0.14482353452958635;0.3604818752530372;0.3052981228738237;0.0;0.15089900800316924;0.11188006135651217;0.0;0.0;0.0;0.0;0.0;0.4468213536891153;0.14349194772373947;0.5550290628287456;0.0;0.08066951094640629;0.0;0.0;0.14593942725098183;0.0;0.13289276254969667;0.0;0.0;0.0;0.0;0.44680962668552104;0.0;0.0;0.0;0.0;0.0;0.11091453409945537;0.14321647151411282;0.0;0.2738705688461446;0.11944554247861579;0.0;0.0;0.0;0.14047302724769425;0.0;0.9862906524359573;0.0;0.45815020808665957;0.15378811186898758;0.0;0.0;0.0;0.14047592808730586;0.0;0.0;0.0;0.0;0.11790639010529917;0.0;0.0;0.08944193466189101;0.42620163765482544;0.0;0.0
GO:0051091;0.41497037201571185;0.0;0.0;0.18914919228454685;0.0;0.4512979157673342;0.0;1.0;0.0;0.0;0.0;0.0;0.5922999092742518;0.30611158990442217;0.12524792177526217;0.0;0.2373753841274251;0.23823680252909213;0.21448002703835523;0.2269326749532603;0.22644584921005165;0.0;0.4260893368137421;0.0;0.0;0.0;0.3881447764912278;0.0;0.0;0.0;0.0;0.0;0.2435242649289506;0.4303314174945326;0.0;0.3166895266680056;0.0;0.20873196933370342;0.0855157681748746;0.35611265525457847;0.4824307178021993;0.0;0.4467838919428234;0.28956088541714775;0.28076997948510235;0.2615447600713481;0.3229037954699753;0.38044494896129905;0.0;0.7061018741556365;0.0;0.377315552210563;0.6651956458513631;0.3072252339662916;0.0;0.3159755867671115;0.23980423281183127;0.0;0.0;0.25487443362767703;0.3672927578688852;0.20000571173811818;0.3088915530762632;0.2680691085506929;0.0;0.21375320086164373;0.0;0.0;0.21721144895887975;0.29924679156906125;0.22751354539456778;0.3088990186338952;0.0;0.8833784907127212;0.0;0.22579659866875781;0.0;0.0;0.0;0.2201557053818191;0.0;0.3108033867875966;0.23323913512213068
GO:0006886;0.0;0.0;0.35051657101781597;0.0;0.0;0.0;0.0;0.0;1.0;0.2914803957343413;0.0;0.0;0.0;0.0;0.0;0.0;0.0;0.0;0.0;0.0;0.0;0.0;0.0;0.0;0.0;0.0;0.0;0.0;0.2444079888112365;0.0;0.5581075488822359;0.0;0.0;0.0;0.0;0.0;0.0;0.0;0.1881612710488134;0.0;0.0;0.0;0.0;0.0;0.0;0.0;0.0;0.0;0.0;0.0;0.0;0.0;0.0;0.0;0.0;0.0;0.0;0.0;0.6991592626802515;0.0;0.0;0.0;0.0;0.0;0.0;0.0;0.0;0.0;0.0;0.0;0.0;0.0;0.0;0.0;0.0;0.0;0.0;0.0;0.3881103901385062;0.0;0.0;0.0;0.0
GO:0006843;0.0;0.0;0.33359218474206115;0.0;0.0;0.0;0.0;0.0;0.2914803957343413;1.0;0.0;0.0;0.0;0.0;0.0;0.0;0.0;0.0;0.0;0.0;0.0;0.0;0.0;0.0;0.0;0.0;0.0;0.0;0.20719654220116365;0.0;0.2771681952991371;0.0;0.0;0.0;0.0;0.0;0.0;0.0;0.22294216300271605;0.0;0.0;0.0;0.0;0.0;0.0;0.0;0.0;0.0;0.0;0.0;0.0;0.0;0.0;0.0;0.0;0.0;0.0;0.0;0.2703850750883556;0.0;0.0;0.0;0.0;0.0;0.0;0.0;0.0;0.0;0.0;0.0;0.0;0.0;0.0;0.0;0.0;0.0;0.0;0.0;0.3019868374823922;0.0;0.0;0.0;0.0
GO:0002244;0.0;0.19902289546995702;0.0;0.0;0.0;0.0;0.15528272133354643;0.0;0.0;0.0;1.0;0.0;0.11493873333306812;0.0;0.21782001685060187;0.3819848286622497;0.0;0.0;0.0;0.0;0.1493195603521068;0.7413001525378795;0.0;0.36991216929298815;0.20701711478970558;0.0;0.0;0.4123136402475586;0.21112491223282076;0.37329225978783204;0.0;0.0;0.0;0.0;0.08130878905772107;0.3613471939802048;0.22864975286117634;0.0;0.12203088970748947;0.0;0.0;0.7413653126447316;0.0;0.30090992649674725;0.0;0.0;0.0;0.0;0.08130592607445061;0.0;0.0;0.0;0.0;0.0;0.20771277821926767;0.3596053293347257;0.0;0.4016446493215595;0.23978484161030725;0.0;0.0;0.0;0.3427951990021123;0.0;0.15883221980098317;0.0;0.0;0.4346233956436798;0.0;0.0;0.0;0.34281247408789556;0.0;0.0;0.0;0.0;0.23366157250403533;0.0;0.0;0.14329054990153486;0.2123045940687547;0.0;0.0
GO:0002479;0.0;0.0;0.0;0.0;0.9015899755002819;0.0;0.0;0.0;0.0;0.0;0.0;1.0;0.0;0.0;0.0;0.0;0.0;0.0;0.0;0.0;0.0;0.0;0.0;0.0;0.0;0.0;0.0;0.0;0.16285098359660832;0.0;0.0;0.0;0.0;0.0;0.0;0.0;0.0;0.0;0.0;0.0;0.0;0.0;0.0;0.0;0.0;0.0;0.0;0.0;0.0;0.0;0.0;0.0;0.0;0.0;0.0;0.0;0.0;0.0;0.0;0.0;0.0;0.0;0.0;0.0;0.0;0.0;0.0;0.0;0.0;0.0;0.0;0.0;0.502655749976069;0.0;0.0;0.0;0.0;0.3189161573889903;0.0;0.0;0.0;0.0;0.0
GO:0097201;0.2537907884281646;0.0870581227582267;0.0;0.16350843787344213;0.0;0.5119263813958714;0.07750797633679685;0.5922999092742518;0.0;0.0;0.11493873333306812;0.0;1.0;0.24073983620547493;0.13310625913030735;0.11013292971045724;0.22854666346660973;0.15382609429412455;0.212530392764111;0.18495818686588597;0.18075746393484374;0.10973561614169634;0.2886638520874695;0.10910627328824588;0.08855395898622453;0.0;0.38795325910469697;0.11251923239243328;0.08929716452489384;0.0;0.0;0.12368561556593108;0.15601329083435186;0.4989379166676852;0.053302560478652304;0.25771858011790033;0.0922889555761118;0.12076380395372853;0.10037885300626154;0.19830889973126456;0.3266706218945388;0.10973842176632648;0.486982354806989;0.243079429826447;0.16699469153995625;0.10337150907689643;0.20611959278599343;0.20495837008561385;0.05330133008173454;0.5339422411268725;0.13392040736281627;0.40406580601183245;0.9061971215451726;0.19961690686597927;0.1478842070280554;0.257344811309674;0.16878426445195738;0.11170944629302627;0.09405181686957576;0.24018846306613087;0.4007085532771603;0.2019135387666262;0.2536031998520541;0.10503104710969247;0.07838229475231004;0.17776030379155427;0.0;0.11411781175417778;0.17967719101718146;0.2676071865441757;0.14928300784962892;0.2536071747267395;0.0;0.6525412198883884;0.12779304980984835;0.18434904906644556;0.15524482756963487;0.13373292771765657;0.0;0.1769679718100097;0.0895075245595165;0.1582875062452569;0.188301856698219
GO:0051001;0.25268702082858946;0.0;0.0;0.29947959217590303;0.0;0.3400784053851465;0.0;0.30611158990442217;0.0;0.0;0.0;0.0;0.24073983620547493;1.0;0.15871830697549133;0.0;0.2828754018397852;0.32736224747684467;0.2493275057532392;0.3802482680858421;0.1739782004255272;0.0;0.22892504554056092;0.0;0.0;0.0;0.5114273147938782;0.0;0.0;0.0;0.0;0.0;0.33742942542717796;0.3603926394174905;0.0;0.33307804088617304;0.0;0.2068466561826247;0.09989954249688136;0.38581466406518716;0.34125031606043454;0.0;0.3711868199113644;0.29492889837441805;0.22651961253947617;0.3589587675197016;0.34216958378176404;0.3379965561134868;0.0;0.20423545359100267;0.0;0.4084500571522728;0.27579524362032914;0.3194896695899186;0.0;0.3320422293296286;0.23087845321708156;0.0;0.0;0.3096750392542381;0.3311157054088146;0.22895415232890245;0.3218598746554927;0.37130590010101044;0.0;0.3510266799415977;0.0;0.0;0.3585810150959473;0.38258065174278283;0.30745028333205576;0.3218705149764698;0.0;0.2850032609654575;0.0;0.37768263028546367;0.0;0.0;0.0;0.16821646961243775;0.0;0.3482512116892068;0.3946555028352699
GO:0051482;0.09295936115110943;0.13555208673977803;0.0;0.14382859083509283;0.0;0.12045705196580213;0.11373255874405229;0.12524792177526217;0.0;0.0;0.21782001685060187;0.0;0.13310625913030735;0.15871830697549133;1.0;0.2011831403886884;0.1367782760414382;0.24943521753020703;0.12223675841510273;0.17680833821384176;0.1984162811640017;0.19986127015111513;0.11177213127373793;0.19778344709335702;0.13921354828870877;0.0;0.17229066977056706;0.20929133973042505;0.14105918474101037;0.0;0.0;0.0;0.1918093346671975;0.16924720116744552;0.06825247263538614;0.28734147460267;0.14867253804035463;0.12547081567802273;0.632689957030025;0.18107444181794835;0.15921715839716438;0.19987057695919655;0.1302598057457164;0.25920278743727565;0.13602897878505799;0.18369648613415776;0.19406085078625124;0.19207925588003447;0.06825045527699695;0.10074636954897427;0.0;0.0988107364037735;0.09960916297891022;0.1831942940208728;0.1395277958702542;0.28659115391002615;0.1845350131683814;0.20650688949262241;0.15330144251456584;0.1481106760064766;0.11759871136157761;0.11320635204698588;0.2791751159394718;0.1890033633527976;0.11562508595505716;0.16512158416011974;0.0;0.21489049445686872;0.1681688411312157;0.17772955748724767;0.17732803979283981;0.27918290377226634;0.0;0.13599758850836197;0.0;0.17579303359189644;0.15077534049798064;0.0;0.0;0.19242476402876288;0.14158481950367507;0.19693457174627255;0.18247183526784436
GO:0006914;0.0;0.3391013365409154;0.0;0.0;0.0;0.0;0.26872440885749566;0.0;0.0;0.0;0.3819848286622497;0.0;0.11013292971045724;0.0;0.2011831403886884;1.0;0.0;0.0;0.0;0.0;0.14130889438986644;0.3299862417192134;0.0;0.32436006730545935;0.35172962729387924;0.22526799948405435;0.0;0.35650785460576195;0.19545826906233765;0.0;0.0;0.0;0.0;0.0;0.14454222658859045;0.31775581436787964;0.3855485589943765;0.0;0.11662765607532144;0.0;0.0;0.33001161334547313;0.0;0.27005840197476283;0.0;0.0;0.0;0.0;0.14453728947504985;0.0;0.0;0.0;0.0;0.0;0.19253023335244;0.31640807886665306;0.0;0.638657051375152;0.21977758496137512;0.0;0.0;0.0;0.3033204929003592;0.0;0.27451765529245287;0.0;0.23903320475106618;0.3730658837930649;0.0;0.0;0.0;0.3033340183507814;0.0;0.0;0.0;0.0;0.21462253309324678;0.0;0.0;0.13589769695471596;0.3600431657586011;0.0;0.0
GO:0070885;0.17709654327686855;0.0;0.0;0.34853648447900726;0.0;0.3115947812827253;0.0;0.2373753841274251;0.0;0.0;0.0;0.0;0.22854666346660973;0.2828754018397852;0.1367782760414382;0.0;1.0;0.2673315935241996;0.6962733189957971;0.31421078043459955;0.2040325682329903;0.0;0.21229368017296257;0.0;0.0;0.0;0.30640220256152056;0.0;0.0;0.0;0.0;0.0;0.3360773784298171;0.32786938309663616;0.0;0.3559150911371142;0.0;0.22324226204448105;0.09073843706177274;0.5755693109194089;0.30012249244396144;0.0;0.33642364294618965;0.3220096262611657;0.4771730595753993;0.1783418901712447;0.42818657690761813;0.3601816398902586;0.0;0.19169122126246263;0.0;0.25649066475586496;0.25853000060434417;0.344005168267476;0.0;0.355013590979392;0.3518794826584242;0.0;0.0;0.8401703910437329;0.3043403465453309;0.29317961929367803;0.3460956983815952;0.18333968595833885;0.0;0.29398772714011884;0.0;0.0;0.299268024090861;0.4555634688936905;0.25390305281347725;0.3461050706313885;0.0;0.2573056139965973;0.0;0.4238317514672122;0.0;0.0;0.0;0.19797453787867453;0.0;0.2811007710745322;0.32398405137038416
GO:0098736;0.16447929646950626;0.0;0.0;0.406049943700733;0.0;0.22660133006248206;0.0;0.23823680252909213;0.0;0.0;0.0;0.0;0.15382609429412455;0.32736224747684467;0.24943521753020703;0.0;0.2673315935241996;1.0;0.32789886825519193;0.46647887930512255;0.2404614226039355;0.0;0.20614891025029625;0.0;0.0;0.0;0.3679384660613949;0.0;0.0;0.0;0.0;0.0;0.780974205919111;0.29716461400604205;0.0;0.4245063149044694;0.0;0.23878444981221666;0.14727519271439965;0.39576615176419794;0.3288044348520405;0.0;0.2506895820033751;0.3644280474685648;0.26539229227234273;0.2744319461070016;0.43938553257779855;0.4325281602823959;0.0;0.18130914310997362;0.0;0.17707212310014986;0.17881548675105283;0.40267864691618627;0.0;0.4228252422215655;0.44692770747524857;0.0;0.0;0.2975312795191848;0.21978058112968746;0.2557353545777548;0.4064511466486645;0.28644763180650745;0.0;0.34615414653803406;0.0;0.0;0.35531517216468145;0.3850167651247306;0.3837391956588373;0.40646811507365926;0.0;0.26531120036888634;0.0;0.3788799379024279;0.0;0.0;0.0;0.23152600334156492;0.0;0.4494647591176219;0.4003140029348728
GO:0140199;0.16403285487248398;0.0;0.0;0.4260155238875491;0.0;0.28256316639484014;0.0;0.21448002703835523;0.0;0.0;0.0;0.0;0.212530392764111;0.2493275057532392;0.12223675841510273;0.0;0.6962733189957971;0.32789886825519193;1.0;0.36728420298075154;0.1868851342956837;0.0;0.19379252007794134;0.0;0.0;0.0;0.2674263211130021;0.0;0.0;0.0;0.0;0.0;0.3883749290787629;0.2958815900411604;0.0;0.3068086083919778;0.0;0.20167615271971942;0.08410124332272678;0.49920962404652475;0.26443309339795756;0.0;0.3028304334955791;0.28127818390330467;0.4276752157970362;0.15439365100960228;0.36798621342719967;0.30997380928711377;0.0;0.17647811283998296;0.0;0.23648977137154903;0.23822238277688454;0.2979173960388202;0.0;0.3061384771230329;0.38975797082796343;0.0;0.0;0.7463050300832204;0.2765845951601672;0.3310144210231437;0.2994840200427902;0.15812528831351555;0.0;0.25792033820697174;0.0;0.0;0.2619755655465091;0.39606797317602666;0.22080723533521196;0.2994910377812138;0.0;0.2306203351098954;0.0;0.3689907427387484;0.0;0.0;0.0;0.1817898662241406;0.0;0.2410934605096161;0.28072261407888166
GO:0032720;0.1590107867017494;0.0;0.0;0.44988420595722994;0.0;0.26850366627448263;0.0;0.2269326749532603;0.0;0.0;0.0;0.0;0.18495818686588597;0.3802482680858421;0.17680833821384176;0.0;0.31421078043459955;0.46647887930512255;0.36728420298075154;1.0;0.18831279169517934;0.0;0.1976303565827829;0.0;0.0;0.0;0.42401276978816016;0.0;0.0;0.0;0.0;0.0;0.48330896278563235;0.2861605370098116;0.0;0.3898990338192376;0.0;0.22742953025855653;0.10677569429439375;0.3655193032345912;0.3076534487147487;0.0;0.29562464949886513;0.3386254981213441;0.2514397481418543;0.2530398360965812;0.40241536073613343;0.3966558446529615;0.0;0.1746868105386785;0.0;0.2119109677634026;0.2139221427579214;0.37140772405499317;0.0;0.38848042476155487;0.3135441070555132;0.0;0.0;0.3476274085363769;0.2607767293214387;0.41403345593818514;0.3746147171916378;0.26322052841841115;0.0;0.4006028329544054;0.0;0.0;0.4104716713150175;0.4422274887081269;0.35523656233318657;0.37462913147572063;0.0;0.2513669574703172;0.0;0.4356961808287246;0.0;0.0;0.0;0.18158086290842992;0.0;0.4108535130869071;0.4584407184798149
GO:0051127;0.20536378982011444;0.10544810386135431;0.0;0.16153647234703464;0.0;0.184727613466118;0.09175442533012487;0.22644584921005165;0.0;0.0;0.1493195603521068;0.0;0.18075746393484374;0.1739782004255272;0.1984162811640017;0.14130889438986644;0.2040325682329903;0.2404614226039355;0.1868851342956837;0.18831279169517934;1.0;0.14065547092557967;0.23881794114102953;0.23683666337790843;0.10765063541835634;0.0;0.18480966804158733;0.24640099370010055;0.1087509399551941;0.0;0.0;0.0;0.19959731587693583;0.22567952845223405;0.05967447413497546;0.329162989223918;0.11322089828324419;0.18131804151310457;0.14190730288328848;0.2514821807363763;0.22891559488213303;0.14066008039289107;0.19645021109845207;0.305652539505243;0.2788427004272573;0.1313759298528541;0.2641771163768505;0.35995976152741704;0.0596729319903874;0.2194828461771522;0.0;0.15738838690303955;0.15843428048561212;0.33569812631869383;0.10783844594289563;0.3285535098423714;0.24136147617180237;0.14391484722511785;0.11588565457264219;0.21682838889012024;0.18123471078571393;0.17579948512018273;0.3224792079704758;0.13406814688645002;0.09298223845262525;0.17914684339239442;0.0;0.1479370276246218;0.18156961875733296;0.3277811230394083;0.18871260359375017;0.32248563513280737;0.0;0.20313318788771104;0.0;0.18752982509475047;0.11443632251836193;0.0;0.0;0.9283443369990804;0.10906309968373079;0.25369081024775775;0.19263496465189683
GO:0030225;0.0;0.1839225265091233;0.0;0.0;0.0;0.0;0.14593446528528325;0.0;0.0;0.0;0.7413001525378795;0.0;0.10973561614169634;0.0;0.19986127015111513;0.3299862417192134;0.0;0.0;0.0;0.0;0.14065547092557967;1.0;0.0;0.3209377772088702;0.1907289393067219;0.0;0.0;0.352377889793562;0.19421032544916897;0.31568079860856174;0.0;0.0;0.0;0.0;0.07867004959753503;0.31447076139932695;0.2089416279991545;0.0;0.11618219503895937;0.0;0.0;0.9125020260890145;0.0;0.26768186138958433;0.0;0.0;0.0;0.0;0.07866736942243388;0.0;0.0;0.0;0.0;0.0;0.19131928316031382;0.3131506905390457;0.0;0.34455581627527965;0.2182010311685135;0.0;0.0;0.0;0.3003257269390497;0.0;0.14906514936488105;0.0;0.0;0.36854580910828316;0.0;0.0;0.0;0.30033898662119296;0.0;0.0;0.0;0.0;0.2131188174687263;0.0;0.0;0.13529325189730262;0.19520810865098642;0.0;0.0
GO:0033138;0.8107157129801417;0.0;0.0;0.16834478043162535;0.0;0.3396270118356454;0.0;0.4260893368137421;0.0;0.0;0.0;0.0;0.2886638520874695;0.22892504554056092;0.11177213127373793;0.0;0.21229368017296257;0.20614891025029625;0.19379252007794134;0.1976303565827829;0.23881794114102953;0.0;1.0;0.0;0.0;0.0;0.29294871522016785;0.0;0.0;0.0;0.0;0.0;0.21009616696149597;0.31589826600870263;0.0;0.273568929804618;0.0;0.18816431764526564;0.0790116624641574;0.26415177466233813;0.42495531672572184;0.0;0.502760514471003;0.2530861194514432;0.29008312457324187;0.13806664302648985;0.278193776765794;0.3789135048140263;0.0;0.4983460094644803;0.0;0.5038624529792117;0.3213016263714174;0.26647764176116295;0.0;0.2730360109002247;0.2142342708729676;0.0;0.0;0.22618192851961344;0.3329752897949662;0.18189833970865557;0.26773036074435325;0.1410431676305123;0.0;0.18755917581055057;0.0;0.0;0.19021651717835417;0.26045448259073517;0.1980707583013649;0.26773596920963155;0.0;0.4156035909249545;0.0;0.1967681693935617;0.0;0.0;0.0;0.23274404790606526;0.0;0.2672982682613198;0.2023962386777636
GO:0070206;0.0;0.1821614373444654;0.0;0.0;0.0;0.0;0.14482353452958635;0.0;0.0;0.0;0.36991216929298815;0.0;0.10910627328824588;0.0;0.19778344709335702;0.32436006730545935;0.0;0.0;0.0;0.0;0.23683666337790843;0.3209377772088702;0.0;1.0;0.18883576404945554;0.0;0.0;0.9038182571166369;0.19224776254117207;0.0;0.0;0.0;0.0;0.0;0.07834607077625368;0.3093571188957031;0.20667178333384617;0.0;0.11547697450255677;0.0;0.0;0.3209617764442106;0.0;0.2639677089611121;0.0;0.0;0.0;0.0;0.07834341263030715;0.0;0.0;0.0;0.0;0.0;0.18941442878368792;0.3080795433954671;0.0;0.3384264737628984;0.2157267402776878;0.0;0.0;0.0;0.29565835226158105;0.0;0.14790623173756248;0.0;0.0;0.36154190651740886;0.0;0.0;0.0;0.29567120299888894;0.0;0.0;0.0;0.0;0.21075782026614087;0.0;0.0;0.22787147819625592;0.1932254309836065;0.0;0.0
GO:0046949;0.0;0.3353296062361645;0.0;0.0;0.0;0.0;0.3604818752530372;0.0;0.0;0.0;0.20701711478970558;0.0;0.08855395898622453;0.0;0.13921354828870877;0.35172962729387924;0.0;0.0;0.0;0.0;0.10765063541835634;0.1907289393067219;0.0;0.18883576404945554;1.0;0.3186122414014306;0.0;0.19929843939465833;0.13644807783155874;0.0;0.0;0.0;0.0;0.0;0.23928302053526138;0.18657815953626838;0.3225610212259117;0.0;0.09270496231903225;0.0;0.0;0.19073741500982114;0.0;0.16904695427504476;0.0;0.0;0.0;0.0;0.23927606175904195;0.0;0.0;0.0;0.0;0.0;0.13501466349516877;0.1861126802424723;0.0;0.42105815375928335;0.147870632961144;0.0;0.0;0.0;0.1815061126339328;0.0;0.3663186665559578;0.0;0.3309986549391431;0.2043692028845816;0.0;0.0;0.0;0.18151095572866904;0.0;0.0;0.0;0.0;0.14551896578438975;0.0;0.0;0.1044813088819481;0.30768794695540835;0.0;0.0
GO:0006094;0.0;0.26816635863071775;0.0;0.0;0.0;0.0;0.3052981228738237;0.0;0.0;0.0;0.0;0.0;0.0;0.0;0.0;0.22526799948405435;0.0;0.0;0.0;0.0;0.0;0.0;0.0;0.0;0.3186122414014306;1.0;0.0;0.0;0.0;0.0;0.0;0.0;0.0;0.0;0.2183725377717597;0.0;0.3497447750927434;0.0;0.0;0.0;0.0;0.0;0.0;0.0;0.0;0.0;0.0;0.0;0.218365678481768;0.0;0.0;0.0;0.0;0.0;0.0;0.0;0.0;0.23252485306912285;0.0;0.0;0.0;0.0;0.0;0.0;0.31094264742637895;0.0;0.48622619556048396;0.0;0.0;0.0;0.0;0.0;0.0;0.0;0.0;0.0;0.0;0.0;0.0;0.0;0.2817659724014595;0.0;0.0
GO:0045814;0.23660451919397796;0.0;0.0;0.32597876716842233;0.0;0.36433605521971013;0.0;0.3881447764912278;0.0;0.0;0.0;0.0;0.38795325910469697;0.5114273147938782;0.17229066977056706;0.0;0.30640220256152056;0.3679384660613949;0.2674263211130021;0.42401276978816016;0.18480966804158733;0.0;0.29294871522016785;0.0;0.0;0.0;1.0;0.0;0.0;0.0;0.0;0.0;0.38070460366562664;0.3877514259823774;0.0;0.37517466715719777;0.0;0.22233956790352047;0.10511124172675848;0.35254811756258586;0.4511378376091231;0.0;0.5101786951324312;0.32746370952384757;0.24523300446342883;0.2438875744996023;0.3867494650533251;0.3814266866697385;0.0;0.30032780069811044;0.0;0.36814966919936815;0.4476695841488512;0.3580228991266261;0.0;0.37386100073417006;0.2503499188994642;0.0;0.0;0.3380948058740553;0.3540684444380068;0.24412599601795731;0.361001982487376;0.2533313864999723;0.0;0.38799616172462115;0.0;0.0;0.3972464721746749;0.42691498811887163;0.34297267538104553;0.36101536821468205;0.0;0.428905735565317;0.0;0.42082503928780923;0.0;0.0;0.0;0.17832155878454395;0.0;0.3945370596066691;0.44200570586820154
GO:0065003;0.0;0.1918785555676591;0.0;0.0;0.0;0.0;0.15089900800316924;0.0;0.0;0.0;0.4123136402475586;0.0;0.11251923239243328;0.0;0.20929133973042505;0.35650785460576195;0.0;0.0;0.0;0.0;0.24640099370010055;0.352377889793562;0.0;0.9038182571166369;0.19929843939465833;0.0;0.0;1.0;0.20310281267211694;0.0;0.0;0.0;0.0;0.0;0.08009049783829178;0.3384663118700484;0.21927018257132874;0.0;0.11930712992023303;0.0;0.0;0.3524068216436505;0.0;0.28487302471941756;0.0;0.0;0.0;0.0;0.08008772000588847;0.0;0.0;0.0;0.0;0.0;0.19994311324645025;0.3369375898805672;0.0;0.3735740722989315;0.2294900351756732;0.0;0.0;0.0;0.3221363066023608;0.0;0.15424876524719308;0.0;0.0;0.4019414068581088;0.0;0.0;0.0;0.3221515621844138;0.0;0.0;0.0;0.0;0.22387511002874644;0.0;0.0;0.23671190532611278;0.2041943173665813;0.0;0.0
GO:0043312;0.0;0.1329288022138514;0.2817056317284051;0.0;0.16289467833670496;0.0;0.11188006135651217;0.0;0.2444079888112365;0.20719654220116365;0.21112491223282076;0.16285098359660832;0.08929716452489384;0.0;0.14105918474101037;0.19545826906233765;0.0;0.0;0.0;0.0;0.1087509399551941;0.19421032544916897;0.0;0.19224776254117207;0.13644807783155874;0.0;0.0;0.20310281267211694;1.0;0.0;0.33626199907378995;0.0;0.0;0.0;0.06758094674799066;0.189908342812307;0.1455227470373353;0.0;0.18803745035091346;0.0;0.0;0.1942191133982594;0.0;0.17177614246220602;0.0;0.0;0.0;0.0;0.06757896889071595;0.0;0.0;0.0;0.0;0.0;0.13674995085769737;0.1894261202716306;0.0;0.20047956255215413;0.38946727023327576;0.0;0.0;0.0;0.18465616928305262;0.0;0.11371094274529546;0.0;0.0;0.20837157263200098;0.0;0.0;0.0;0.18466118194363004;0.16323934681581415;0.0;0.0;0.0;0.1475367894664088;0.16900290449442099;0.3667211277422299;0.10551746751690556;0.13872530387421733;0.0;0.0
GO:0021547;0.0;0.0;0.0;0.0;0.0;0.0;0.0;0.0;0.0;0.0;0.37329225978783204;0.0;0.0;0.0;0.0;0.0;0.0;0.0;0.0;0.0;0.0;0.31568079860856174;0.0;0.0;0.0;0.0;0.0;0.0;0.0;1.0;0.0;0.0;0.0;0.0;0.0;0.0;0.0;0.0;0.0;0.0;0.0;0.31570831678067074;0.0;0.0;0.0;0.0;0.0;0.0;0.0;0.0;0.0;0.0;0.0;0.0;0.0;0.0;0.0;0.0;0.0;0.0;0.0;0.0;0.0;0.0;0.0;0.0;0.0;0.0;0.0;0.0;0.0;0.0;0.0;0.0;0.0;0.0;0.0;0.0;0.0;0.0;0.0;0.0;0.0
GO:0042147;0.0;0.0;0.428929220184759;0.0;0.0;0.0;0.0;0.0;0.5581075488822359;0.2771681952991371;0.0;0.0;0.0;0.0;0.0;0.0;0.0;0.0;0.0;0.0;0.0;0.0;0.0;0.0;0.0;0.0;0.0;0.0;0.33626199907378995;0.0;1.0;0.0;0.0;0.0;0.0;0.0;0.0;0.0;0.2049113839068804;0.0;0.0;0.0;0.0;0.0;0.0;0.0;0.0;0.0;0.0;0.0;0.0;0.0;0.0;0.0;0.0;0.0;0.0;0.0;0.3129615902064814;0.0;0.0;0.0;0.0;0.0;0.0;0.0;0.0;0.0;0.0;0.0;0.0;0.0;0.0;0.0;0.0;0.0;0.0;0.0;0.5841471928248254;0.0;0.0;0.0;0.0
GO:0042742;0.0;0.0;0.0;0.0;0.0;0.0;0.0;0.0;0.0;0.0;0.0;0.0;0.12368561556593108;0.0;0.0;0.0;0.0;0.0;0.0;0.0;0.0;0.0;0.0;0.0;0.0;0.0;0.0;0.0;0.0;0.0;0.0;1.0;0.0;0.0;0.0;0.0;0.0;0.0;0.0;0.0;0.0;0.0;0.0;0.0;0.0;0.0;0.0;0.0;0.0;0.0;0.3828141339166037;0.0;0.0;0.0;0.15254703812437095;0.0;0.0;0.0;0.0;0.0;0.0;0.0;0.0;0.0;0.0;0.0;0.0;0.0;0.0;0.0;0.0;0.0;0.0;0.0;0.3366704568317258;0.0;0.34348859023298384;0.4776376741675249;0.0;0.0;0.0;0.0;0.0
GO:1903779;0.16698239605055779;0.0;0.0;0.4169140553486608;0.0;0.23137974649133478;0.0;0.2435242649289506;0.0;0.0;0.0;0.0;0.15601329083435186;0.33742942542717796;0.1918093346671975;0.0;0.3360773784298171;0.780974205919111;0.3883749290787629;0.48330896278563235;0.19959731587693583;0.0;0.21009616696149597;0.0;0.0;0.0;0.38070460366562664;0.0;0.0;0.0;0.0;0.0;1.0;0.24772698545791935;0.0;0.44159073767778195;0.0;0.24409652029565865;0.11206872562457866;0.5035812966548782;0.3389618857847454;0.0;0.2565510483961449;0.37694760504688923;0.3335789452783933;0.2849314843402068;0.45771443949446017;0.45027786725338903;0.0;0.18435543739657093;0.0;0.17997656268357748;0.18177787759621727;0.418019567126702;0.0;0.4397719211924209;0.4582286830927145;0.0;0.0;0.3751012585875949;0.2242728128142516;0.260712520236232;0.4220864369585823;0.2979059123694929;0.0;0.3574301961265116;0.0;0.0;0.3672062158862373;0.399018066371601;0.3976460542165201;0.42210473599908727;0.0;0.27188531907329583;0.0;0.3924306050896206;0.0;0.0;0.0;0.19205056687554162;0.0;0.46866258870885297;0.4154718885464927
GO:0045019;0.26612389285765975;0.0;0.0;0.2378796242839881;0.0;0.6687937354922389;0.0;0.4303314174945326;0.0;0.0;0.0;0.0;0.4989379166676852;0.3603926394174905;0.16924720116744552;0.0;0.32786938309663616;0.29716461400604205;0.2958815900411604;0.2861605370098116;0.22567952845223405;0.0;0.31589826600870263;0.0;0.0;0.0;0.3877514259823774;0.0;0.0;0.0;0.0;0.0;0.24772698545791935;1.0;0.0;0.3221030052817757;0.0;0.16927294868016465;0.11508181725648765;0.30912728320511573;0.3831993722807132;0.0;0.5623743124994962;0.2940799997904368;0.23920642610689447;0.16187437225147353;0.32853369989353004;0.32559343709129424;0.0;0.35194364549720053;0.0;0.4357783463968437;0.5609284066414416;0.3123173815974834;0.0;0.32136447710278654;0.28483302609366706;0.0;0.0;0.35237096167022947;0.5120548781942036;0.27569962372061274;0.3140395505728712;0.16598119193133626;0.0;0.26929009117614705;0.0;0.0;0.27371379341703383;0.4147069317837913;0.23117765164258094;0.3140472670497128;0.0;0.46391384827875887;0.0;0.28470505777586586;0.0;0.0;0.0;0.21934844124242364;0.0;0.2535105109191007;0.29424428955141624
GO:0044206;0.0;0.2660284101653739;0.0;0.0;0.0;0.0;0.4468213536891153;0.0;0.0;0.0;0.08130878905772107;0.0;0.053302560478652304;0.0;0.06825247263538614;0.14454222658859045;0.0;0.0;0.0;0.0;0.05967447413497546;0.07867004959753503;0.0;0.07834607077625368;0.23928302053526138;0.2183725377717597;0.0;0.08009049783829178;0.06758094674799066;0.0;0.0;0.0;0.0;0.0;1.0;0.07795472336500166;0.4135921451686221;0.0;0.05477896026896503;0.0;0.0;0.07867149154705616;0.0;0.07471724479033774;0.0;0.0;0.0;0.0;0.8669728084419741;0.0;0.0;0.0;0.0;0.0;0.06722744281752571;0.07787334763868814;0.0;0.19488646720250227;0.07026941246484303;0.0;0.0;0.0;0.07705507072483911;0.0;0.4507527703962742;0.0;0.23364896734983218;0.0808971160784462;0.0;0.0;0.0;0.07705594356803673;0.0;0.0;0.0;0.0;0.0697338816214168;0.0;0.0;0.05868763359202187;0.2301675609039332;0.0;0.0
GO:0007218;0.21779054026277803;0.18005971274491472;0.0;0.2902753188466616;0.0;0.3010364916582763;0.14349194772373947;0.3166895266680056;0.0;0.0;0.3613471939802048;0.0;0.25771858011790033;0.33307804088617304;0.28734147460267;0.31775581436787964;0.3559150911371142;0.4245063149044694;0.3068086083919778;0.3898990338192376;0.329162989223918;0.31447076139932695;0.273568929804618;0.3093571188957031;0.18657815953626838;0.0;0.37517466715719777;0.3384663118700484;0.189908342812307;0.0;0.0;0.0;0.44159073767778195;0.3221030052817757;0.07795472336500166;1.0;0.2039706152911837;0.2418112550752632;0.16864422287671937;0.5305305900665105;0.4391930779800375;0.3144938031574666;0.3334635086007324;0.7844773736757287;0.3532967530138926;0.28037451217191217;0.5903815771641154;0.5809538925527208;0.07795209170775966;0.24028913282646125;0.0;0.23462119620874455;0.236953016865731;0.5399967128301071;0.18714304996362255;0.8231436496724167;0.3614035030069812;0.3312433344939509;0.21278537763928856;0.3967588319254281;0.2918696164702351;0.2780265057845928;0.790573083883145;0.29292811082788583;0.1465176253650935;0.3525514052825052;0.0;0.35335586840621835;0.36205881888757024;0.5158240533898798;0.3916168969841456;0.7906068070891064;0.0;0.3531872789353056;0.0;0.38655739726077526;0.20794951432500114;0.0;0.0;0.3168092358376418;0.19086230293806541;0.4603102245838833;0.4088945309154631
GO:0006206;0.0;0.4748388365455858;0.0;0.0;0.0;0.0;0.5550290628287456;0.0;0.0;0.0;0.22864975286117634;0.0;0.0922889555761118;0.0;0.14867253804035463;0.3855485589943765;0.0;0.0;0.0;0.0;0.11322089828324419;0.2089416279991545;0.0;0.20667178333384617;0.3225610212259117;0.3497447750927434;0.0;0.21927018257132874;0.1455227470373353;0.0;0.0;0.0;0.0;0.0;0.4135921451686221;0.2039706152911837;1.0;0.0;0.09680643383751275;0.0;0.0;0.2089517997178125;0.0;0.18320054412367467;0.0;0.0;0.0;0.0;0.4135797363482582;0.0;0.0;0.0;0.0;0.0;0.14389346845405954;0.20341443834862152;0.0;0.3962306925009431;0.15858791123812216;0.0;0.0;0.0;0.19792420362081564;0.0;0.5645030267875403;0.0;0.4430356972941819;0.22542384162909482;0.0;0.0;0.0;0.1979299625178541;0.0;0.0;0.0;0.0;0.15588611960911453;0.0;0.0;0.10972043207032844;0.4966427695541722;0.0;0.0
GO:0001916;0.15874276572577592;0.0;0.0;0.23353236463618887;0.0;0.16147742787245734;0.0;0.20873196933370342;0.0;0.0;0.0;0.0;0.12076380395372853;0.2068466561826247;0.12547081567802273;0.0;0.22324226204448105;0.23878444981221666;0.20167615271971942;0.22742953025855653;0.18131804151310457;0.0;0.18816431764526564;0.0;0.0;0.0;0.22233956790352047;0.0;0.0;0.0;0.0;0.0;0.24409652029565865;0.16927294868016465;0.0;0.2418112550752632;0.0;1.0;0.08561961767832896;0.28617005729916845;0.20742151040575982;0.0;0.17334698923727584;0.22105284572715891;0.3057810233508444;0.15958925750518685;0.3038693163005554;0.30491717375570543;0.0;0.17102294506737084;0.0;0.13464032146936855;0.13564589645848557;0.23456838697882734;0.0;0.24126485342692353;0.1830013434215546;0.0;0.0;0.23973025210107396;0.1579835794137776;0.15258536131371295;0.2358435205933508;0.1635795178879097;0.0;0.2141939646438336;0.0;0.0;0.21766660526212336;0.2284633985285344;0.22801295031504926;0.23584923360507115;0.0;0.18021466865768604;0.0;0.41644456094622473;0.0;0.0;0.0;0.17627459371512774;0.0;0.311550536206171;0.2337640213002934
GO:0098703;0.06912295395485867;0.09106690043836768;0.3656922132860998;0.09378834205210379;0.0;0.08325493864543124;0.08066951094640629;0.0855157681748746;0.1881612710488134;0.22294216300271605;0.12203088970748947;0.0;0.10037885300626154;0.09989954249688136;0.632689957030025;0.11662765607532144;0.09073843706177274;0.14727519271439965;0.08410124332272678;0.10677569429439375;0.14190730288328848;0.11618219503895937;0.0790116624641574;0.11547697450255677;0.09270496231903225;0.0;0.10511124172675848;0.11930712992023303;0.18803745035091346;0.0;0.2049113839068804;0.0;0.11206872562457866;0.11508181725648765;0.05477896026896503;0.16864422287671937;0.09680643383751275;0.08561961767832896;1.0;0.10831682627018643;0.1000969386195295;0.11618533999196043;0.0878229088310612;0.15854277184858243;0.09040806444363352;0.10924964657481027;0.11283360027863308;0.11216081561024206;0.054777660768667115;0.07333797050699002;0.0;0.07230687711926778;0.07273350148708291;0.1090718228477279;0.0928442098532998;0.16838548384762456;0.1219515374566667;0.1183970886680327;0.19854947090017402;0.09559047653580774;0.08187942789070213;0.07972566711746432;0.16579777268258516;0.11110498111097962;0.08161704658436698;0.10239891086941054;0.0;0.1211059422554834;0.10356265692650528;0.10711097378294193;0.10696501060103462;0.16580051941069537;0.0;0.09039419751681077;0.0;0.10640456552035706;0.09769360570830338;0.0;0.2138258641064039;0.13881599129380012;0.09375054849814235;0.11379912202271758;0.10881531074990604
GO:0010469;0.2479714497165493;0.0;0.0;0.3408112646391411;0.0;0.289672627751223;0.0;0.35611265525457847;0.0;0.0;0.0;0.0;0.19830889973126456;0.38581466406518716;0.18107444181794835;0.0;0.5755693109194089;0.39576615176419794;0.49920962404652475;0.3655193032345912;0.2514821807363763;0.0;0.26415177466233813;0.0;0.0;0.0;0.35254811756258586;0.0;0.0;0.0;0.0;0.0;0.5035812966548782;0.30912728320511573;0.0;0.5305305900665105;0.0;0.28617005729916845;0.10831682627018643;1.0;0.41541705404688695;0.0;0.3195760750197267;0.4585591432802195;0.5715214228172022;0.3484208568051741;0.6452575334484185;0.5400665953836998;0.0;0.23299326563891645;0.0;0.2665659324724941;0.22985533940158542;0.5044951453553472;0.0;0.5285300165661556;0.4641912882707715;0.0;0.0;0.638372705698113;0.281175004799579;0.26830541367523003;0.5090040755339855;0.3629486205062027;0.0;0.3324984449608458;0.0;0.0;0.3409421114706173;0.48333414493834465;0.36702863688439946;0.5090243476698086;0.0;0.33764670719482603;0.0;0.4468440684984225;0.0;0.0;0.0;0.2423419242925994;0.0;0.4267094486094862;0.38216285424697255
GO:0070873;0.3471601199669152;0.0;0.0;0.24209269525287325;0.0;0.45086088267433777;0.0;0.4824307178021993;0.0;0.0;0.0;0.0;0.3266706218945388;0.34125031606043454;0.15921715839716438;0.0;0.30012249244396144;0.3288044348520405;0.26443309339795756;0.3076534487147487;0.22891559488213303;0.0;0.42495531672572184;0.0;0.0;0.0;0.4511378376091231;0.0;0.0;0.0;0.0;0.0;0.3389618857847454;0.3831993722807132;0.0;0.4391930779800375;0.0;0.20742151040575982;0.1000969386195295;0.41541705404688695;1.0;0.0;0.5041930513741859;0.3886904680395254;0.2982585558472727;0.21849159170423396;0.45123630021796834;0.44570808270797985;0.0;0.3790239671605928;0.0;0.37105956083163794;0.37434124257726153;0.4211985709109515;0.0;0.43782116468973475;0.30401565399021346;0.0;0.0;0.3286515003354471;0.43894781657458654;0.24277187172032683;0.4243368597055567;0.22604059884130587;0.0;0.2839207390607472;0.0;0.0;0.29005465418788773;0.40634557203828675;0.30872202217754513;0.4243509485582048;0.0;0.5293705573130116;0.0;0.3055691290294465;0.0;0.0;0.0;0.22131734718904644;0.0;0.34988378193705116;0.31936001504561606
GO:0030851;0.0;0.18393040806043906;0.0;0.0;0.0;0.0;0.14593942725098183;0.0;0.0;0.0;0.7413653126447316;0.0;0.10973842176632648;0.0;0.19987057695919655;0.33001161334547313;0.0;0.0;0.0;0.0;0.14066008039289107;0.9125020260890145;0.0;0.3209617764442106;0.19073741500982114;0.0;0.0;0.3524068216436505;0.1942191133982594;0.31570831678067074;0.0;0.0;0.0;0.0;0.07867149154705616;0.3144938031574666;0.2089517997178125;0.0;0.11618533999196043;0.0;0.0;1.0;0.0;0.2676985564587242;0.0;0.0;0.0;0.0;0.07866881127370551;0.0;0.0;0.0;0.0;0.0;0.19132781141374602;0.3131735392489202;0.0;0.3445834778744877;0.2182121244216978;0.0;0.0;0.0;0.30034674238992;0.0;0.14907032651277322;0.0;0.0;0.36857745690608856;0.0;0.0;0.0;0.30036000392787565;0.0;0.0;0.0;0.0;0.21312939997194047;0.0;0.0;0.13529751660440856;0.19521698713278168;0.0;0.0
