;GO:0021915;GO:0008380;GO:0060487;GO:1902476;GO:0022408;GO:0032570;GO:0045687;GO:0023019;GO:0006366;GO:0008543;GO:0051294;GO:0051291;GO:0006887;GO:0043547;GO:0030866;GO:0002159;GO:0001666;GO:0045892;GO:0071773;GO:0045893;GO:0035635;GO:0060672;GO:0042307;GO:0045617;GO:0060674;GO:0031032;GO:0000902;GO:0008593;GO:0060670;GO:0003382;GO:0051260;GO:0009966;GO:0030855;GO:0030216;GO:0051973;GO:0071285;GO:0071681;GO:0007416;GO:2000648;GO:0043484;GO:0070830;GO:0072659;GO:2000048;GO:0035264;GO:0008360;GO:1902373;GO:0008284;GO:0048699;GO:0045944;GO:0045747;GO:0061436;GO:0045471;GO:0048863;GO:0070584;GO:0001766;GO:0010951;GO:2000178;GO:0032463;GO:0007043;GO:0050708;GO:0007162;GO:0048701;GO:0007565;GO:0006397;GO:0044030;GO:0001657;GO:0043066;GO:0006508;GO:0050900;GO:0017157;GO:2000147
GO:0021915;1.0;0.0;0.33354167157627934;0.0;0.0;0.0;0.0;0.0;0.0;0.0;0.0;0.0;0.0;0.0;0.0;0.0;0.0;0.0;0.0;0.0;0.0;0.2353182711643387;0.0;0.0;0.510321835542193;0.0;0.30718724653168916;0.0;0.2815049818266733;0.2794757621520281;0.0;0.0;0.37316053909879404;0.3329226168511155;0.0;0.0;0.0;0.0;0.0;0.0;0.0;0.0;0.0;0.3942631024735905;0.0;0.0;0.0;0.35299417498268115;0.0;0.0;0.0;0.0;0.3739119320180629;0.2655508018828771;0.0;0.0;0.0;0.0;0.0;0.0;0.0;0.33219637536765495;0.0;0.0;0.0;0.7477970564725211;0.0;0.0;0.0;0.0;0.0
GO:0008380;0.0;1.0;0.21841152560516178;0.0;0.0;0.0;0.0;0.21351596258800448;0.6817917564502551;0.19500602114181592;0.16392055347366774;0.20952509197759184;0.20913248241484966;0.0;0.2045330311692945;0.19961107325920086;0.0;0.0;0.18278110321545285;0.0;0.0;0.1774789192693512;0.0;0.0;0.0;0.21029396410684192;0.20852656242373022;0.0;0.0;0.19731974627232238;0.20938703194241118;0.0;0.2320228508456038;0.2181873550186319;0.0;0.19390413526244127;0.1421423660448361;0.22394521960522104;0.0;0.0;0.20496752790054332;0.0;0.0;0.0;0.0;0.0;0.0;0.22527076731212767;0.0;0.0;0.0;0.0;0.23226773436614764;0.19134222110274157;0.1931894385122761;0.0;0.0;0.0;0.2108002410129673;0.0;0.0;0.0;0.0;0.934481042876899;0.0;0.0;0.0;0.51170909696659;0.21868750859981156;0.0;0.0
GO:0060487;0.33354167157627934;0.21841152560516178;1.0;0.0;0.0;0.0;0.0;0.3462427045400221;0.1489797081283899;0.30005667777063244;0.23227869411076618;0.33586858437627937;0.3348608707597524;0.0;0.3232226326585672;0.3111001439971434;0.0;0.0;0.2720583558748477;0.0;0.0;0.4323211557827884;0.0;0.0;0.3321768865864177;0.337848664944339;0.5532070011397816;0.0;0.25956512002057575;0.5071655944940532;0.3355139652589745;0.0;0.8931857683069317;0.8056263124003615;0.0;0.29745575653877027;0.1908448992281677;0.3745269734612388;0.0;0.0;0.32430905536610044;0.0;0.0;0.3525297409560059;0.0;0.0;0.0;0.7432687969073246;0.0;0.0;0.0;0.0;0.7828676437511466;0.48376200815026904;0.29577719057175766;0.0;0.0;0.0;0.33915728497544256;0.0;0.0;0.3020663998026556;0.0;0.2117216835871701;0.0;0.2872934003541382;0.0;0.0;0.3600500296131609;0.0;0.0
GO:1902476;0.0;0.0;0.0;1.0;0.0;0.0;0.0;0.0;0.0;0.0;0.23135388483516703;0.0;0.40086820084566227;0.0;0.0;0.0;0.0;0.0;0.0;0.0;0.0;0.0;0.0;0.0;0.0;0.0;0.0;0.0;0.0;0.0;0.0;0.0;0.0;0.0;0.0;0.0;0.0;0.0;0.0;0.0;0.0;0.22347998478366163;0.0;0.0;0.0;0.0;0.0;0.0;0.0;0.0;0.0;0.0;0.0;0.0;0.20218977540499206;0.0;0.0;0.0;0.0;0.0;0.0;0.0;0.0;0.0;0.0;0.0;0.0;0.0;0.0;0.0;0.0
GO:0022408;0.0;0.0;0.0;0.0;1.0;0.0;0.3353797025337296;0.5624364985781408;0.0;0.49637869489339237;0.0;0.0;0.0;0.2756993899570438;0.0;0.0;0.0;0.32758542590887085;0.0;0.24370199083498448;0.0;0.0;0.23353461413991286;0.48702404533636534;0.0;0.0;0.0;0.5262129506703682;0.0;0.0;0.0;0.5471891059722644;0.0;0.0;0.23903690547707807;0.0;0.0;0.0;0.5077056888165256;0.4336442826269412;0.0;0.0;0.932648526320218;0.0;0.5099406147691556;0.3477205939142586;0.5478087839743148;0.0;0.23442258824850676;0.4028805055052827;0.25760775858734913;0.0;0.0;0.0;0.0;0.3651911500910469;0.694324373984161;0.5840211142990567;0.0;0.4428886913170731;0.9180296552852284;0.0;0.0;0.0;0.4543984755063213;0.0;0.6380739593304905;0.0;0.0;0.5131100277986151;0.4522963670066828
GO:0032570;0.0;0.0;0.0;0.0;0.0;1.0;0.0;0.0;0.0;0.0;0.0;0.0;0.0;0.0;0.0;0.0;0.2683864436538602;0.0;0.4101800940197101;0.0;0.0;0.0;0.0;0.0;0.0;0.0;0.0;0.0;0.0;0.0;0.0;0.0;0.0;0.0;0.0;0.29202475310304227;0.4500514212354771;0.0;0.0;0.0;0.0;0.0;0.0;0.0;0.0;0.0;0.0;0.0;0.0;0.0;0.0;0.5705928980751163;0.0;0.0;0.0;0.0;0.0;0.0;0.0;0.0;0.0;0.0;0.0;0.0;0.0;0.0;0.0;0.0;0.0;0.0;0.0
GO:0045687;0.0;0.0;0.0;0.0;0.3353797025337296;0.0;1.0;0.3575528126304124;0.0;0.3296628632348506;0.0;0.0;0.0;0.17864918926169318;0.0;0.0;0.0;0.1929725686656872;0.0;0.26794512660024516;0.0;0.0;0.222024779666013;0.43390716034244725;0.0;0.0;0.0;0.3425616638366896;0.0;0.0;0.0;0.3513292487650862;0.0;0.0;0.26382045948680394;0.0;0.0;0.0;0.4592552147627159;0.30076556657602743;0.0;0.0;0.32015928430164037;0.0;0.39123729167520016;0.24056979233543288;0.482537243228395;0.0;0.2597095451467705;0.3920276800187642;0.17087315999090785;0.0;0.0;0.0;0.0;0.2103771115178068;0.335225993421679;0.2981472280828002;0.0;0.30518371592022897;0.3529843889730061;0.0;0.0;0.0;0.31060504265917943;0.0;0.31683430519866695;0.0;0.0;0.336960048006055;0.42494426179326417
GO:0023019;0.0;0.21351596258800448;0.3462427045400221;0.0;0.5624364985781408;0.0;0.3575528126304124;1.0;0.1466856132042598;0.7925687945061706;0.22674961656176087;0.324429622076942;0.3234892846089508;0.3058549083022598;0.3126152398129101;0.30126138275947795;0.0;0.2513594063763004;0.2645041079372515;0.25520185036452014;0.0;0.2535428472850011;0.24756799815122577;0.3823472888337398;0.0;0.3262767539592133;0.3220418312051402;0.5829320181409823;0.0;0.2960725050496594;0.3240987348556024;0.6087848835478384;0.3817442479158246;0.34567967915044295;0.2500907200319483;0.28844860307496106;0.18709652433020826;0.36035876509429215;0.5603058167279277;0.4714463490790812;0.3136314129176484;0.0;0.520906936889985;0.0;0.5630290663544393;0.26757370876710673;0.6095520229367987;0.36380345904281397;0.24504427927870373;0.4353087379778509;0.2837478470091872;0.0;0.3824075920998097;0.28281561901133867;0.2868698843707776;0.28171773712281845;0.5620043447931967;0.4650446707336163;0.32749710226154405;0.48239307546722554;0.6137718426222109;0.0;0.0;0.20711826483953374;0.49607943720570313;0.0;0.5121619715877183;0.0;0.3469367913357398;0.5668952489970414;0.4935750608401831
GO:0006366;0.0;0.6817917564502551;0.1489797081283899;0.0;0.0;0.0;0.0;0.1466856132042598;1.0;0.13770581697112794;0.12144283582050956;0.1447909578531775;0.14460336202659307;0.0;0.14238936508613625;0.13998636872764209;0.0;0.0;0.1314952808805491;0.0;0.0;0.1287285821326531;0.0;0.0;0.0;0.14515771013163656;0.1443134157730472;0.0;0.0;0.13885558127483294;0.1447250150805421;0.0;0.15518959694826368;0.14887537469849252;0.0;0.1371554316750878;0.10906301962201556;0.15153378749556995;0.0;0.0;0.14259980808905773;0.0;0.0;0.0;0.0;0.0;0.0;0.15213954712352967;0.0;0.0;0.0;0.0;0.15529911141529215;0.1358686673286447;0.13679746514881813;0.0;0.0;0.0;0.14539875117117712;0.0;0.0;0.0;0.0;0.6703920578723599;0.0;0.0;0.0;0.35737029379815693;0.14910806261085807;0.0;0.0
GO:0008543;0.0;0.19500602114181592;0.30005667777063244;0.0;0.49637869489339237;0.0;0.3296628632348506;0.7925687945061706;0.13770581697112794;1.0;0.20598565513128636;0.28353601605847767;0.28281753073722454;0.26830206160325537;0.2744706667643816;0.265679553388481;0.0;0.23724907628701292;0.23667430065595282;0.24066929437394435;0.0;0.22785984258599182;0.2298905288991383;0.35062674956747114;0.0;0.28494583002763113;0.2817105454835079;0.512274532779977;0.0;0.26163577678721456;0.2832832543427398;0.5321331970680591;0.3263589273196234;0.29963374871526255;0.23611850979351773;0.2556643503004584;0.17272974177759917;0.31060062975882374;0.4947183773539273;0.4241341612230482;0.2752536763185677;0.0;0.4637485215046711;0.0;0.49684018624629844;0.251641941041924;0.5327192250704172;0.31315634388871727;0.23161511557209982;0.39465907240919323;0.2511380235813255;0.0;0.3268436300210323;0.25122921364894285;0.25442333120206967;0.26411254675363144;0.49604206181473864;0.4189458260806602;0.2858761459005922;0.432973410904124;0.5359394801711543;0.0;0.0;0.18965559167152576;0.4439672113011236;0.0;0.4568046185083803;0.0;0.30057780407748935;0.4998483655975856;0.4419602947495279
GO:0051294;0.0;0.16392055347366774;0.23227869411076618;0.23135388483516703;0.0;0.0;0.0;0.22674961656176087;0.12144283582050956;0.20598565513128636;1.0;0.37699956418880615;0.371952305574073;0.0;0.4979527818089058;0.35813176141077546;0.0;0.0;0.19239333377163478;0.0;0.0;0.3163988579869102;0.0;0.0;0.0;0.5128336318738616;0.37509430792683385;0.0;0.0;0.35378641445169234;0.3767360713673008;0.0;0.24773443596549538;0.23202517075496934;0.0;0.2047565858003502;0.14788829438167453;0.40463758314434717;0.0;0.0;0.36831241142543514;0.2552993442625417;0.0;0.0;0.0;0.0;0.0;0.24005208624466967;0.0;0.0;0.0;0.0;0.24801362723995987;0.40520736712818967;0.4785849462410831;0.0;0.0;0.0;0.3794342321345308;0.0;0.0;0.0;0.0;0.1601233569985563;0.0;0.0;0.0;0.0;0.23259085954532535;0.0;0.0
GO:0051291;0.0;0.20952509197759184;0.33586858437627937;0.0;0.0;0.0;0.0;0.324429622076942;0.1447909578531775;0.28353601605847767;0.37699956418880615;1.0;0.3144159743585365;0.0;0.515888605215314;0.5890246048474606;0.0;0.0;0.2584068070074311;0.0;0.0;0.420561379838616;0.0;0.0;0.0;0.5377956793463398;0.531010272689178;0.0;0.0;0.48929168040255505;0.9125447210772082;0.0;0.369172291743275;0.33533876645498445;0.0;0.28121250689173194;0.184025070639204;0.7009727208717754;0.0;0.0;0.6125521598133239;0.0;0.0;0.0;0.0;0.0;0.0;0.35236772094812624;0.0;0.0;0.0;0.0;0.36979262814230396;0.46792238118297985;0.47446284313362047;0.0;0.0;0.0;0.6388644590345691;0.0;0.0;0.0;0.0;0.20336086817711888;0.0;0.0;0.0;0.0;0.33652166260048805;0.0;0.0
GO:0006887;0.0;0.20913248241484966;0.3348608707597524;0.40086820084566227;0.0;0.0;0.0;0.3234892846089508;0.14460336202659307;0.28281753073722454;0.371952305574073;0.3144159743585365;1.0;0.0;0.3033071617652862;0.29260778804373283;0.0;0.0;0.2578098997206741;0.0;0.0;0.2473855116214395;0.0;0.0;0.0;0.31615053623346223;0.31217279933232195;0.0;0.0;0.28771030223250427;0.31410518805468635;0.0;0.3679551886396803;0.3343342248243534;0.0;0.2805057342719969;0.1837221409552852;0.34804645596115574;0.0;0.0;0.30426363033569215;0.2641193870816565;0.0;0.0;0.0;0.0;0.0;0.3512587336048498;0.0;0.0;0.0;0.0;0.3685714380638472;0.27517583828339737;0.3743288497195009;0.0;0.0;0.0;0.31729617834951274;0.0;0.0;0.0;0.0;0.20299099953727498;0.0;0.0;0.0;0.0;0.3355100321869265;0.0;0.0
GO:0043547;0.0;0.0;0.0;0.0;0.2756993899570438;0.0;0.17864918926169318;0.3058549083022598;0.0;0.26830206160325537;0.0;0.0;0.0;1.0;0.0;0.0;0.0;0.12685875063076374;0.0;0.12875094319983008;0.0;0.0;0.1628756875393843;0.19059263929675224;0.0;0.0;0.0;0.2852060500072774;0.0;0.0;0.0;0.2971465421922815;0.0;0.0;0.28652771547550293;0.0;0.0;0.0;0.2747090264856333;0.23305609326630672;0.0;0.0;0.2563254834382599;0.0;0.27597475244422914;0.13483402271586353;0.297499988279325;0.0;0.12374589125162273;0.21591864030111022;0.26934505467236747;0.0;0.0;0.0;0.0;0.2772669636523699;0.27549855182359334;0.23002865565077038;0.0;0.23822458542835004;0.2994433051259765;0.0;0.0;0.0;0.24467179992696475;0.0;0.25222684496290226;0.0;0.0;0.27777060330444364;0.24349329342502637
GO:0030866;0.0;0.2045330311692945;0.3232226326585672;0.0;0.0;0.0;0.0;0.3126152398129101;0.14238936508613625;0.2744706667643816;0.4979527818089058;0.515888605215314;0.3033071617652862;0.0;1.0;0.48119758920569233;0.0;0.0;0.2508557393131293;0.0;0.0;0.40875593360843265;0.0;0.0;0.0;0.8751880906818328;0.5123275743156582;0.0;0.0;0.47338529351044795;0.5153953324341111;0.0;0.3539509629218254;0.32273193137001643;0.0;0.2722927884918797;0.18016297599449974;0.5690783414538318;0.0;0.0;0.4997585294651078;0.0;0.0;0.0;0.0;0.0;0.0;0.33847451528322087;0.0;0.0;0.0;0.0;0.3545211602501103;0.5363930152407935;0.45949123715210644;0.0;0.0;0.0;0.520458481102709;0.0;0.0;0.0;0.0;0.19865492058522052;0.0;0.0;0.0;0.0;0.32382741369935625;0.0;0.0
GO:0002159;0.0;0.19961107325920086;0.3111001439971434;0.0;0.0;0.0;0.0;0.30126138275947795;0.13998636872764209;0.265679553388481;0.35813176141077546;0.5890246048474606;0.29260778804373283;0.0;0.48119758920569233;1.0;0.0;0.0;0.24349199762526466;0.0;0.0;0.3972163645696276;0.0;0.0;0.0;0.5002031641053866;0.4943280361984953;0.0;0.0;0.4579769219329889;0.588481303464041;0.0;0.33946562239341815;0.31064553416438884;0.0;0.2636384341251936;0.17633306125935166;0.6473941074581482;0.0;0.0;0.8859340366380913;0.0;0.0;0.0;0.0;0.0;0.0;0.325204473296999;0.0;0.0;0.0;0.0;0.33999006981012103;0.43920289575175875;0.4449601943465765;0.0;0.0;0.0;0.9213203997222771;0.0;0.0;0.0;0.0;0.19400859009619253;0.0;0.0;0.0;0.0;0.31166037171205807;0.0;0.0
GO:0001666;0.0;0.0;0.0;0.0;0.0;0.2683864436538602;0.0;0.0;0.0;0.0;0.0;0.0;0.0;0.0;0.0;0.0;1.0;0.0;0.24798840208286588;0.0;0.0;0.0;0.0;0.0;0.0;0.0;0.0;0.0;0.0;0.0;0.0;0.0;0.0;0.0;0.0;0.2729065847667965;0.1704299891519996;0.0;0.0;0.0;0.0;0.0;0.0;0.0;0.0;0.0;0.0;0.0;0.0;0.0;0.0;0.3110222752459553;0.0;0.0;0.0;0.0;0.0;0.0;0.0;0.0;0.0;0.0;0.0;0.0;0.0;0.0;0.0;0.0;0.0;0.0;0.0
GO:0045892;0.0;0.0;0.0;0.0;0.32758542590887085;0.0;0.1929725686656872;0.2513594063763004;0.0;0.23724907628701292;0.0;0.0;0.0;0.12685875063076374;0.0;0.0;0.0;1.0;0.0;0.5933934536000489;0.0;0.0;0.13946066321209963;0.2727263551532603;0.0;0.0;0.0;0.24385723896859748;0.0;0.0;0.0;0.24826768758202808;0.0;0.0;0.4478517765654955;0.0;0.0;0.0;0.23980621608600303;0.5553259630842059;0.0;0.0;0.31679911756919144;0.0;0.24030366941861783;0.6291845414100101;0.24839517372962028;0.0;0.5784876350895732;0.2135604845887434;0.12288764324474476;0.0;0.0;0.0;0.0;0.5051666258503047;0.3274778853506435;0.3006922699925702;0.0;0.2243011298449239;0.33971993494880237;0.0;0.0;0.0;0.48741479087400663;0.0;0.31440522353639216;0.0;0.0;0.2410051820848912;0.22668908806242707
GO:0071773;0.0;0.18278110321545285;0.2720583558748477;0.0;0.0;0.4101800940197101;0.0;0.2645041079372515;0.1314952808805491;0.23667430065595282;0.19239333377163478;0.2584068070074311;0.2578098997206741;0.0;0.2508557393131293;0.24349199762526466;0.24798840208286588;0.0;1.0;0.0;0.0;0.2113431669239008;0.0;0.0;0.0;0.2595772813555062;0.25688970720085047;0.0;0.0;0.240091107047594;0.258196846775992;0.0;0.29350565680920154;0.2717106258511818;0.0;0.5364888296636112;0.5656056860361951;0.28069806824403304;0.0;0.0;0.2515096473660746;0.0;0.0;0.0;0.0;0.0;0.0;0.2827837236760919;0.0;0.0;0.0;0.3805762773802974;0.2938976264875926;0.23129906014215834;0.23400376911995904;0.0;0.0;0.0;0.2603490959031534;0.0;0.0;0.0;0.0;0.1780723835342199;0.0;0.0;0.0;0.0;0.27248669738927844;0.0;0.0
GO:0045893;0.0;0.0;0.0;0.0;0.24370199083498448;0.0;0.26794512660024516;0.25520185036452014;0.0;0.24066929437394435;0.0;0.0;0.0;0.12875094319983008;0.0;0.0;0.0;0.5933934536000489;0.0;1.0;0.0;0.0;0.17592733418285036;0.2023956730378112;0.0;0.0;0.0;0.24747209049161514;0.0;0.0;0.0;0.2520154841468625;0.0;0.0;0.7211923945755944;0.0;0.0;0.0;0.3339220268911796;0.5628068955208296;0.0;0.0;0.2355644616522892;0.0;0.24381317679990291;0.5270812978228568;0.34606249647190673;0.0;0.9746455051421745;0.2969021653679019;0.12466239728271276;0.0;0.0;0.0;0.0;0.33475499538192355;0.24362082025853618;0.2234274959024394;0.0;0.22735581256017418;0.25286600045981106;0.0;0.0;0.0;0.4941401811899971;0.0;0.23375949306030924;0.0;0.0;0.24453536032141368;0.3154054389911013
GO:0035635;0.0;0.0;0.0;0.0;0.0;0.0;0.0;0.0;0.0;0.0;0.0;0.0;0.0;0.0;0.0;0.0;0.0;0.0;0.0;0.0;1.0;0.0;0.0;0.0;0.0;0.0;0.0;0.0;0.0;0.0;0.0;0.0;0.0;0.0;0.0;0.0;0.0;0.0;0.0;0.0;0.0;0.0;0.0;0.0;0.0;0.0;0.0;0.0;0.0;0.0;0.0;0.0;0.0;0.0;0.0;0.0;0.0;0.0;0.0;0.0;0.0;0.0;0.32128359374972776;0.0;0.0;0.0;0.0;0.0;0.0;0.0;0.0
GO:0060672;0.2353182711643387;0.1774789192693512;0.4323211557827884;0.0;0.0;0.0;0.0;0.2535428472850011;0.1287285821326531;0.22785984258599182;0.3163988579869102;0.420561379838616;0.2473855116214395;0.0;0.40875593360843265;0.3972163645696276;0.0;0.0;0.2113431669239008;0.0;0.0;1.0;0.0;0.0;0.3974587500360492;0.4223888135994891;0.7931742841389162;0.0;0.4669990277031193;0.8691114164314615;0.4202335029558056;0.0;0.46484239902367425;0.4317920829293369;0.0;0.22635682895361578;0.15883564236911948;0.4552493223788112;0.0;0.0;0.4097793697091625;0.0;0.0;0.24461374322096838;0.0;0.0;0.0;0.4486116231045125;0.0;0.0;0.0;0.0;0.4654347311066319;0.6550156464851736;0.38230810969077195;0.0;0.0;0.0;0.42359346236424644;0.0;0.0;0.3703790340533391;0.2236936636910284;0.17303610182001875;0.0;0.2113182111619607;0.0;0.0;0.26086837409151103;0.0;0.0
GO:0042307;0.0;0.0;0.0;0.0;0.23353461413991286;0.0;0.222024779666013;0.24756799815122577;0.0;0.2298905288991383;0.0;0.0;0.0;0.1628756875393843;0.0;0.0;0.0;0.13946066321209963;0.0;0.17592733418285036;0.0;0.0;1.0;0.18582738774312732;0.0;0.0;0.0;0.23809751094216547;0.0;0.0;0.0;0.24364512841672994;0.0;0.0;0.17335761315898546;0.0;0.0;0.0;0.2907668244420663;0.2113057076508778;0.0;0.0;0.22380894661878023;0.0;0.23366865970555722;0.18203201496257948;0.3041850073233462;0.0;0.17079236966852607;0.25135834435062476;0.15638724336376686;0.0;0.0;0.0;0.0;0.15133848093465485;0.23343677498524718;0.20960803846038634;0.0;0.4794966496608994;0.2446896207779783;0.0;0.0;0.0;0.2176649004702062;0.0;0.22167418108771106;0.0;0.0;0.33569942345853426;0.31834756245135015
GO:0045617;0.0;0.0;0.0;0.0;0.48702404533636534;0.0;0.43390716034244725;0.3823472888337398;0.0;0.35062674956747114;0.0;0.0;0.0;0.19059263929675224;0.0;0.0;0.0;0.2727263551532603;0.0;0.2023956730378112;0.0;0.0;0.18582738774312732;1.0;0.0;0.0;0.0;0.36525462709568673;0.0;0.0;0.0;0.3752392318934168;0.0;0.0;0.19916751134228766;0.0;0.0;0.0;0.3562408249327629;0.3181185365090971;0.0;0.0;0.4635590864409199;0.0;0.4165931468031332;0.286540145433578;0.37553054038588507;0.0;0.19595373917167921;0.30124380474551077;0.18176781442688789;0.0;0.0;0.0;0.0;0.2982997985403225;0.4867863861725124;0.4298658762357963;0.0;0.32306540484471263;0.5143374046564281;0.0;0.0;0.0;0.32914697964148726;0.0;0.4584513374285148;0.0;0.0;0.3588931632727907;0.32804260788018
GO:0060674;0.510321835542193;0.0;0.3321768865864177;0.0;0.0;0.0;0.0;0.0;0.0;0.0;0.0;0.0;0.0;0.0;0.0;0.0;0.0;0.0;0.0;0.0;0.0;0.3974587500360492;0.0;0.0;1.0;0.0;0.3060292404725111;0.0;0.4751997434879383;0.27851693465065236;0.0;0.0;0.371453103118886;0.3315628829267528;0.0;0.0;0.0;0.0;0.0;0.0;0.0;0.0;0.0;0.3923575850941661;0.0;0.0;0.0;0.351465921175375;0.0;0.0;0.0;0.0;0.3721976287524138;0.26468499374561627;0.0;0.0;0.0;0.0;0.0;0.0;0.0;0.3308425551917442;0.35159985815158423;0.0;0.0;0.4331800293354205;0.0;0.0;0.0;0.0;0.0
GO:0031032;0.0;0.21029396410684192;0.337848664944339;0.0;0.0;0.0;0.0;0.3262767539592133;0.14515771013163656;0.28494583002763113;0.5128336318738616;0.5377956793463398;0.31615053623346223;0.0;0.8751880906818328;0.5002031641053866;0.0;0.0;0.2595772813555062;0.0;0.0;0.4223888135994891;0.0;0.0;0.0;1.0;0.5339269245366516;0.0;0.0;0.4917669758279614;0.5372596454355145;0.0;0.37156591744306683;0.33731258661416547;0.0;0.28259925286075066;0.18461791693467988;0.5958528954270371;0.0;0.0;0.5202898410938351;0.0;0.0;0.0;0.0;0.0;0.0;0.35454774919590487;0.0;0.0;0.0;0.0;0.3721943309956319;0.5563072513225992;0.47679001902706114;0.0;0.0;0.0;0.5427637818590024;0.0;0.0;0.0;0.0;0.20408508720223353;0.0;0.0;0.0;0.0;0.33850947376011703;0.0;0.0
GO:0000902;0.30718724653168916;0.20852656242373022;0.5532070011397816;0.0;0.0;0.0;0.0;0.3220418312051402;0.1443134157730472;0.2817105454835079;0.37509430792683385;0.531010272689178;0.31217279933232195;0.0;0.5123275743156582;0.4943280361984953;0.0;0.0;0.25688970720085047;0.0;0.0;0.7931742841389162;0.0;0.0;0.3060292404725111;0.5339269245366516;1.0;0.0;0.32950053753302994;0.9219499654667724;0.5304876732313673;0.0;0.6076023862626737;0.5523409784956823;0.0;0.27941673756552354;0.18325435389503267;0.5875347169060212;0.0;0.0;0.5139363802679755;0.0;0.0;0.32322109696611584;0.0;0.0;0.0;0.5801655256996985;0.0;0.0;0.0;0.0;0.6086148109406846;0.8056503936022671;0.4714490802806024;0.0;0.0;0.0;0.535853235792388;0.0;0.0;0.3795633497422178;0.0;0.20242009589566246;0.0;0.26752420489103296;0.0;0.0;0.3339532652128974;0.0;0.0
GO:0008593;0.0;0.0;0.0;0.0;0.5262129506703682;0.0;0.3425616638366896;0.5829320181409823;0.0;0.512274532779977;0.0;0.0;0.0;0.2852060500072774;0.0;0.0;0.0;0.24385723896859748;0.0;0.24747209049161514;0.0;0.0;0.23809751094216547;0.36525462709568673;0.0;0.0;0.0;1.0;0.0;0.0;0.0;0.9587256778813257;0.0;0.0;0.24266297394207878;0.0;0.0;0.0;0.5243474274742911;0.44572715660795204;0.0;0.0;0.48968682081290793;0.0;0.5267316129156562;0.25908878377662886;0.5672336718820726;0.0;0.23790899330038282;0.759567233646653;0.2658889466538317;0.0;0.0;0.0;0.0;0.2723278116731563;0.5258346510669967;0.44000065589441223;0.0;0.4554997115874466;0.5708861503683114;0.0;0.0;0.0;0.46768331363349364;0.0;0.4819509032093493;0.0;0.0;0.5301138752516152;0.4654567945968135
GO:0060670;0.2815049818266733;0.0;0.25956512002057575;0.0;0.0;0.0;0.0;0.0;0.0;0.0;0.0;0.0;0.0;0.0;0.0;0.0;0.0;0.0;0.0;0.0;0.0;0.4669990277031193;0.0;0.0;0.4751997434879383;0.0;0.32950053753302994;0.0;1.0;0.3055061262905892;0.0;0.0;0.2829427891205513;0.2591900603935851;0.0;0.0;0.0;0.0;0.0;0.0;0.0;0.0;0.0;0.408697697274715;0.0;0.0;0.0;0.2711952976364872;0.0;0.0;0.2181007333408558;0.0;0.2833745681677978;0.2930993605922379;0.0;0.0;0.0;0.0;0.0;0.0;0.0;0.4371982681763116;0.37698807010632135;0.0;0.0;0.24783325300267162;0.0;0.0;0.0;0.0;0.0
GO:0003382;0.2794757621520281;0.19731974627232238;0.5071655944940532;0.0;0.0;0.0;0.0;0.2960725050496594;0.13885558127483294;0.26163577678721456;0.35378641445169234;0.48929168040255505;0.28771030223250427;0.0;0.47338529351044795;0.4579769219329889;0.0;0.0;0.240091107047594;0.0;0.0;0.8691114164314615;0.0;0.0;0.27851693465065236;0.4917669758279614;0.9219499654667724;0.0;0.3055061262905892;1.0;0.4888479365465983;0.0;0.5525124036791339;0.5064376302188615;0.0;0.2596560869046141;0.17454259121899965;0.5368853545362539;0.0;0.0;0.4747584944050992;0.0;0.0;0.29268505738695244;0.0;0.0;0.0;0.5297320074654446;0.0;0.0;0.0;0.0;0.5533494360206457;0.7496774949121486;0.43827205353271154;0.0;0.0;0.0;0.4934006213843616;0.0;0.0;0.34807225725368124;0.0;0.19184338184570685;0.0;0.24625908648161418;0.0;0.0;0.3061103900626329;0.0;0.0
GO:0051260;0.0;0.20938703194241118;0.3355139652589745;0.0;0.0;0.0;0.0;0.3240987348556024;0.1447250150805421;0.2832832543427398;0.3767360713673008;0.9125447210772082;0.31410518805468635;0.0;0.5153953324341111;0.588481303464041;0.0;0.0;0.258196846775992;0.0;0.0;0.4202335029558056;0.0;0.0;0.0;0.5372596454355145;0.5304876732313673;0.0;0.0;0.4888479365465983;1.0;0.0;0.36874390491702497;0.33498526465861717;0.0;0.2809638690280557;0.18391856202973364;0.7002034132316887;0.0;0.0;0.6119646108174123;0.0;0.0;0.0;0.0;0.0;0.0;0.35197742585862224;0.0;0.0;0.0;0.0;0.36936280127022675;0.4675165349408459;0.4740455770928562;0.0;0.0;0.0;0.6382253756878816;0.0;0.0;0.0;0.0;0.20323080957155207;0.0;0.0;0.0;0.0;0.336165663798045;0.0;0.0
GO:0009966;0.0;0.0;0.0;0.0;0.5471891059722644;0.0;0.3513292487650862;0.6087848835478384;0.0;0.5321331970680591;0.0;0.0;0.0;0.2971465421922815;0.0;0.0;0.0;0.24826768758202808;0.0;0.2520154841468625;0.0;0.0;0.24364512841672994;0.3752392318934168;0.0;0.0;0.0;0.9587256778813257;0.0;0.0;0.0;1.0;0.0;0.0;0.24702994212179763;0.0;0.0;0.0;0.5451721746826419;0.4606861071201694;0.0;0.0;0.5078018747175445;0.0;0.5477499647482791;0.26407303102351093;0.5916836507145237;0.0;0.24210505270067717;0.7210610181477521;0.27623740319641976;0.0;0.0;0.0;0.0;0.27783986577701253;0.5467800570427481;0.4545714213447521;0.0;0.47113330554149213;0.5956588907120124;0.0;0.0;0.0;0.48417956422715686;0.0;0.4994878775273404;0.0;0.0;0.5514084771396726;0.4817936070133245
GO:0030855;0.37316053909879404;0.2320228508456038;0.8931857683069317;0.0;0.0;0.0;0.0;0.3817442479158246;0.15518959694826368;0.3263589273196234;0.24773443596549538;0.369172291743275;0.3679551886396803;0.0;0.3539509629218254;0.33946562239341815;0.0;0.0;0.29350565680920154;0.0;0.0;0.46484239902367425;0.0;0.0;0.371453103118886;0.37156591744306683;0.6076023862626737;0.0;0.2829427891205513;0.5525124036791339;0.36874390491702497;0.0;1.0;0.8915179888143707;0.0;0.323284376056386;0.2011560654939919;0.4164164656174529;0.0;0.0;0.35525419062569397;0.0;0.0;0.39708921987545504;0.0;0.0;0.0;0.8273203829551543;0.0;0.0;0.0;0.0;0.876678956528531;0.5248507145585481;0.3213026193424248;0.0;0.0;0.0;0.37314938367404804;0.0;0.0;0.3342004685520068;0.0;0.22448759375710034;0.0;0.31621075280608324;0.0;0.0;0.39859707142989526;0.0;0.0
GO:0030216;0.3329226168511155;0.2181873550186319;0.8056263124003615;0.0;0.0;0.0;0.0;0.34567967915044295;0.14887537469849252;0.29963374871526255;0.23202517075496934;0.33533876645498445;0.3343342248243534;0.0;0.32273193137001643;0.31064553416438884;0.0;0.0;0.2717106258511818;0.0;0.0;0.4317920829293369;0.0;0.0;0.3315628829267528;0.33731258661416547;0.5523409784956823;0.0;0.2591900603935851;0.5064376302188615;0.33498526465861717;0.0;0.8915179888143707;1.0;0.0;0.2970401226106769;0.19067372242940775;0.3738682923135978;0.0;0.0;0.3238150523435502;0.0;0.0;0.35183826914562605;0.0;0.0;0.0;0.7419486403730677;0.0;0.0;0.0;0.0;0.781403211715041;0.4830996349038519;0.2953662310768035;0.0;0.0;0.0;0.33861704904060086;0.0;0.0;0.3015585798611239;0.0;0.21151102854724618;0.0;0.2868339993710074;0.0;0.0;0.3594412441719387;0.0;0.0
GO:0051973;0.0;0.0;0.0;0.0;0.23903690547707807;0.0;0.26382045948680394;0.2500907200319483;0.0;0.23611850979351773;0.0;0.0;0.0;0.28652771547550293;0.0;0.0;0.0;0.4478517765654955;0.0;0.7211923945755944;0.0;0.0;0.17335761315898546;0.19916751134228766;0.0;0.0;0.0;0.24266297394207878;0.0;0.0;0.0;0.24702994212179763;0.0;0.0;1.0;0.0;0.0;0.0;0.3275402111387579;0.47390039620250934;0.0;0.0;0.2312029335881903;0.0;0.2391438744776736;0.4356160926273994;0.3392129544402299;0.0;0.7031326820126689;0.2918462241849262;0.122301011299617;0.0;0.0;0.0;0.0;0.38668771971874444;0.2389588122875381;0.21950008029914833;0.0;0.22329033519811564;0.24784708574611225;0.0;0.0;0.0;0.5192039397000866;0.0;0.22946393830324102;0.0;0.0;0.23983862217382512;0.30970572606564295
GO:0071285;0.0;0.19390413526244127;0.29745575653877027;0.0;0.0;0.29202475310304227;0.0;0.28844860307496106;0.1371554316750878;0.2556643503004584;0.2047565858003502;0.28121250689173194;0.2805057342719969;0.0;0.2722927884918797;0.2636384341251936;0.2729065847667965;0.0;0.5364888296636112;0.0;0.0;0.22635682895361578;0.0;0.0;0.0;0.28259925286075066;0.27941673756552354;0.0;0.0;0.2596560869046141;0.2809638690280557;0.0;0.323284376056386;0.2970401226106769;0.0;1.0;0.392266453618728;0.30781455345350883;0.0;0.0;0.2730634038050422;0.0;0.0;0.0;0.0;0.0;0.0;0.31032443864357095;0.0;0.0;0.0;0.32776028363788273;0.3237599825791052;0.24940332660778464;0.25255089353356125;0.0;0.0;0.0;0.28351428460599154;0.0;0.0;0.0;0.0;0.1886131801217911;0.0;0.0;0.0;0.0;0.29796787994155244;0.0;0.0
GO:0071681;0.0;0.1421423660448361;0.1908448992281677;0.0;0.0;0.4500514212354771;0.0;0.18709652433020826;0.10906301962201556;0.17272974177759917;0.14788829438167453;0.184025070639204;0.1837221409552852;0.0;0.18016297599449974;0.17633306125935166;0.1704299891519996;0.0;0.5656056860361951;0.0;0.0;0.15883564236911948;0.0;0.0;0.0;0.18461791693467988;0.18325435389503267;0.0;0.0;0.17454259121899965;0.18391856202973364;0.0;0.2011560654939919;0.19067372242940775;0.0;0.392266453618728;1.0;0.19505641653338712;0.0;0.0;0.18050001548247407;0.0;0.0;0.0;0.0;0.0;0.0;0.19606126545521513;0.0;0.0;0.0;0.4299737252213052;0.20134010172652184;0.16984900836235445;0.1713029658882241;0.0;0.0;0.0;0.18500799771805398;0.0;0.0;0.0;0.0;0.1392783068513805;0.0;0.0;0.0;0.0;0.19105557911415708;0.0;0.0
GO:0007416;0.0;0.22394521960522104;0.3745269734612388;0.0;0.0;0.0;0.0;0.36035876509429215;0.15153378749556995;0.31060062975882374;0.40463758314434717;0.7009727208717754;0.34804645596115574;0.0;0.5690783414538318;0.6473941074581482;0.0;0.0;0.28069806824403304;0.0;0.0;0.4552493223788112;0.0;0.0;0.0;0.5958528954270371;0.5875347169060212;0.0;0.0;0.5368853545362539;0.7002034132316887;0.0;0.4164164656174529;0.3738682923135978;0.0;0.30781455345350883;0.19505641653338712;1.0;0.0;0.0;0.6759285791525603;0.0;0.0;0.0;0.0;0.0;0.0;0.39515944145572773;0.0;0.0;0.0;0.0;0.417205904035083;0.5112654991153204;0.51908387274918;0.0;0.0;0.0;0.708110257538272;0.0;0.0;0.0;0.0;0.2169175480876667;0.0;0.0;0.0;0.0;0.3753392236968365;0.0;0.0
GO:2000648;0.0;0.0;0.0;0.0;0.5077056888165256;0.0;0.4592552147627159;0.5603058167279277;0.0;0.4947183773539273;0.0;0.0;0.0;0.2747090264856333;0.0;0.0;0.0;0.23980621608600303;0.0;0.3339220268911796;0.0;0.0;0.2907668244420663;0.3562408249327629;0.0;0.0;0.0;0.5243474274742911;0.0;0.0;0.0;0.5451721746826419;0.0;0.0;0.3275402111387579;0.0;0.0;0.0;1.0;0.4323765847263757;0.0;0.0;0.47362046133172436;0.0;0.5081884925007137;0.3025375897274862;0.9213026172181711;0.0;0.3212274505515798;0.5514369501937875;0.25674290365629954;0.0;0.0;0.0;0.0;0.26728542801884636;0.5887163604820512;0.42698591632558813;0.0;0.44156645025676555;0.5491679758424183;0.0;0.0;0.0;0.45300672465990993;0.0;0.4663800860708409;0.0;0.0;0.5113360959417362;0.6188679995588837
GO:0043484;0.0;0.0;0.0;0.0;0.4336442826269412;0.0;0.30076556657602743;0.4714463490790812;0.0;0.4241341612230482;0.0;0.0;0.0;0.23305609326630672;0.0;0.0;0.0;0.5553259630842059;0.0;0.5628068955208296;0.0;0.0;0.2113057076508778;0.3181185365090971;0.0;0.0;0.0;0.44572715660795204;0.0;0.0;0.0;0.4606861071201694;0.0;0.0;0.47390039620250934;0.0;0.0;0.0;0.4323765847263757;1.0;0.0;0.0;0.40853215115969305;0.0;0.4339964535735331;0.5867132152484813;0.46112526803526516;0.0;0.5429725212410202;0.3539473201360272;0.2199956606534334;0.0;0.0;0.0;0.0;0.4823051139821264;0.43338734068730156;0.3733586059406894;0.0;0.38445904238974027;0.46353616527817637;0.0;0.0;0.0;0.843268470257789;0.0;0.4031337393759713;0.0;0.0;0.43629001400206113;0.39152836759346293
GO:0070830;0.0;0.20496752790054332;0.32430905536610044;0.0;0.0;0.0;0.0;0.3136314129176484;0.14259980808905773;0.2752536763185677;0.36831241142543514;0.6125521598133239;0.30426363033569215;0.0;0.4997585294651078;0.8859340366380913;0.0;0.0;0.2515096473660746;0.0;0.0;0.4097793697091625;0.0;0.0;0.0;0.5202898410938351;0.5139363802679755;0.0;0.0;0.4747584944050992;0.6119646108174123;0.0;0.35525419062569397;0.3238150523435502;0.0;0.2730634038050422;0.18050001548247407;0.6759285791525603;0.0;0.0;1.0;0.0;0.0;0.0;0.0;0.0;0.0;0.3396660759114004;0.0;0.0;0.0;0.0;0.35582859796055655;0.454613653175142;0.46078490280273415;0.0;0.0;0.0;0.9584479561651822;0.0;0.0;0.0;0.0;0.199064777007144;0.0;0.0;0.0;0.0;0.3249179126742926;0.0;0.0
GO:0072659;0.0;0.0;0.0;0.22347998478366163;0.0;0.0;0.0;0.0;0.0;0.0;0.2552993442625417;0.0;0.2641193870816565;0.0;0.0;0.0;0.0;0.0;0.0;0.0;0.0;0.0;0.0;0.0;0.0;0.0;0.0;0.0;0.0;0.0;0.0;0.0;0.0;0.0;0.0;0.0;0.0;0.0;0.0;0.0;0.0;1.0;0.0;0.0;0.0;0.0;0.0;0.0;0.0;0.0;0.0;0.0;0.0;0.0;0.3211729806588874;0.0;0.0;0.0;0.0;0.0;0.0;0.0;0.0;0.0;0.0;0.0;0.0;0.0;0.0;0.0;0.0
GO:2000048;0.0;0.0;0.0;0.0;0.932648526320218;0.0;0.32015928430164037;0.520906936889985;0.0;0.4637485215046711;0.0;0.0;0.0;0.2563254834382599;0.0;0.0;0.0;0.31679911756919144;0.0;0.2355644616522892;0.0;0.0;0.22380894661878023;0.4635590864409199;0.0;0.0;0.0;0.48968682081290793;0.0;0.0;0.0;0.5078018747175445;0.0;0.0;0.2312029335881903;0.0;0.0;0.0;0.47362046133172436;0.40853215115969305;0.0;0.0;1.0;0.0;0.47556479887985925;0.3355921117880045;0.5083355098247515;0.0;0.22688337813191448;0.3811156045549363;0.24061473105914005;0.0;0.0;0.0;0.0;0.3518367097918511;0.6475909623854169;0.5505994104658737;0.0;0.41672676622778915;0.8514980347471754;0.0;0.0;0.0;0.4269013019043385;0.0;0.5983896017064873;0.0;0.0;0.47832015102876846;0.4250453874673843
GO:0035264;0.3942631024735905;0.0;0.3525297409560059;0.0;0.0;0.0;0.0;0.0;0.0;0.0;0.0;0.0;0.0;0.0;0.0;0.0;0.0;0.0;0.0;0.0;0.0;0.24461374322096838;0.0;0.0;0.3923575850941661;0.0;0.32322109696611584;0.0;0.408697697274715;0.29268505738695244;0.0;0.0;0.39708921987545504;0.35183826914562605;0.0;0.0;0.0;0.0;0.0;0.0;0.0;0.0;0.0;1.0;0.0;0.0;0.0;0.37433248409834463;0.0;0.0;0.28193328466666173;0.0;0.39794017752859806;0.2774485572516211;0.0;0.0;0.0;0.0;0.0;0.0;0.0;0.35102725807853963;0.3886078188033233;0.0;0.0;0.33123403972890975;0.0;0.0;0.0;0.0;0.0
GO:0008360;0.0;0.0;0.0;0.0;0.5099406147691556;0.0;0.39123729167520016;0.5630290663544393;0.0;0.49684018624629844;0.0;0.0;0.0;0.27597475244422914;0.0;0.0;0.0;0.24030366941861783;0.0;0.24381317679990291;0.0;0.0;0.23366865970555722;0.4165931468031332;0.0;0.0;0.0;0.5267316129156562;0.0;0.0;0.0;0.5477499647482791;0.0;0.0;0.2391438744776736;0.0;0.0;0.0;0.5081884925007137;0.4339964535735331;0.0;0.0;0.47556479887985925;0.0;1.0;0.2550810799032063;0.5483709144392567;0.0;0.23452546640755578;0.40318446363327853;0.34395036946777396;0.0;0.0;0.0;0.0;0.26790356579058655;0.5095853421950417;0.49962953956703776;0.0;0.4432560437972238;0.5517837825053278;0.0;0.0;0.0;0.4547851779235816;0.0;0.46826531237986224;0.0;0.0;0.5136031697129692;0.4526794983165975
GO:1902373;0.0;0.0;0.0;0.0;0.3477205939142586;0.0;0.24056979233543288;0.26757370876710673;0.0;0.251641941041924;0.0;0.0;0.0;0.13483402271586353;0.0;0.0;0.0;0.6291845414100101;0.0;0.5270812978228568;0.0;0.0;0.18203201496257948;0.286540145433578;0.0;0.0;0.0;0.25908878377662886;0.0;0.0;0.0;0.26407303102351093;0.0;0.0;0.4356160926273994;0.0;0.0;0.0;0.3025375897274862;0.5867132152484813;0.0;0.0;0.3355921117880045;0.0;0.2550810799032063;1.0;0.31406355790297175;0.0;0.5133284682622461;0.2676289137338085;0.13035672554618388;0.0;0.0;0.0;0.0;0.526555454930474;0.3475994294671585;0.317571969006635;0.0;0.23712341996424033;0.3614238517049728;0.0;0.0;0.0;0.5156611750314134;0.0;0.33290697849607054;0.0;0.0;0.25587166600868216;0.2850324717169197
GO:0008284;0.0;0.0;0.0;0.0;0.5478087839743148;0.0;0.482537243228395;0.6095520229367987;0.0;0.5327192250704172;0.0;0.0;0.0;0.297499988279325;0.0;0.0;0.0;0.24839517372962028;0.0;0.34606249647190673;0.0;0.0;0.3041850073233462;0.37553054038588507;0.0;0.0;0.0;0.5672336718820726;0.0;0.0;0.0;0.5916836507145237;0.0;0.0;0.3392129544402299;0.0;0.0;0.0;0.9213026172181711;0.46112526803526516;0.0;0.0;0.5083355098247515;0.0;0.5483709144392567;0.31406355790297175;1.0;0.0;0.33244688056886196;0.58534838528979;0.2765428323111714;0.0;0.0;0.0;0.0;0.2779995412771093;0.6351835947542823;0.4549989962539922;0.0;0.47159262035515154;0.5963932862329414;0.0;0.0;0.0;0.4846646823220945;0.0;0.5000041728927053;0.0;0.0;0.5520377541475979;0.6619036830954511
GO:0048699;0.35299417498268115;0.22527076731212767;0.7432687969073246;0.0;0.0;0.0;0.0;0.36380345904281397;0.15213954712352967;0.31315634388871727;0.24005208624466967;0.35236772094812624;0.3512587336048498;0.0;0.33847451528322087;0.325204473296999;0.0;0.0;0.2827837236760919;0.0;0.0;0.4486116231045125;0.0;0.0;0.351465921175375;0.35454774919590487;0.5801655256996985;0.0;0.2711952976364872;0.5297320074654446;0.35197742585862224;0.0;0.8273203829551543;0.7419486403730677;0.0;0.31032443864357095;0.19606126545521513;0.39515944145572773;0.0;0.0;0.3396660759114004;0.0;0.0;0.37433248409834463;0.0;0.0;0.0;1.0;0.0;0.0;0.0;0.0;0.8289061931802398;0.5042517115828887;0.30849793895992106;0.0;0.0;0.0;0.3559892064556698;0.0;0.0;0.3179334617966346;0.0;0.21816097562742706;0.0;0.301609631988333;0.0;0.0;0.37907775463560023;0.0;0.0
GO:0045944;0.0;0.0;0.0;0.0;0.23442258824850676;0.0;0.2597095451467705;0.24504427927870373;0.0;0.23161511557209982;0.0;0.0;0.0;0.12374589125162273;0.0;0.0;0.0;0.5784876350895732;0.0;0.9746455051421745;0.0;0.0;0.17079236966852607;0.19595373917167921;0.0;0.0;0.0;0.23790899330038282;0.0;0.0;0.0;0.24210505270067717;0.0;0.0;0.7031326820126689;0.0;0.0;0.0;0.3212274505515798;0.5429725212410202;0.0;0.0;0.22688337813191448;0.0;0.23452546640755578;0.5133284682622461;0.33244688056886196;0.0;1.0;0.2868238236640008;0.11996437416828483;0.0;0.0;0.0;0.0;0.325748968143959;0.23434748047336304;0.21560306026680798;0.0;0.21925880422419264;0.24288988753413812;0.0;0.0;0.0;0.47631848147266764;0.0;0.22520851965056157;0.0;0.0;0.23519360144070023;0.30405577693577707
GO:0045747;0.0;0.0;0.0;0.0;0.4028805055052827;0.0;0.3920276800187642;0.4353087379778509;0.0;0.39465907240919323;0.0;0.0;0.0;0.21591864030111022;0.0;0.0;0.0;0.2135604845887434;0.0;0.2969021653679019;0.0;0.0;0.25135834435062476;0.30124380474551077;0.0;0.0;0.0;0.759567233646653;0.0;0.0;0.0;0.7210610181477521;0.0;0.0;0.2918462241849262;0.0;0.0;0.0;0.5514369501937875;0.3539473201360272;0.0;0.0;0.3811156045549363;0.0;0.40318446363327853;0.2676289137338085;0.58534838528979;0.0;0.2868238236640008;1.0;0.20466196197162317;0.0;0.0;0.0;0.0;0.23508396282601082;0.4026587172670524;0.3503267346185195;0.0;0.36008198645725525;0.4285560651997978;0.0;0.0;0.0;0.3676533775469305;0.0;0.37641328333268;0.0;0.0;0.40516317518001377;0.5027007043571418
GO:0061436;0.0;0.0;0.0;0.0;0.25760775858734913;0.0;0.17087315999090785;0.2837478470091872;0.0;0.2511380235813255;0.0;0.0;0.0;0.26934505467236747;0.0;0.0;0.0;0.12288764324474476;0.0;0.12466239728271276;0.0;0.0;0.15638724336376686;0.18176781442688789;0.0;0.0;0.0;0.2658889466538317;0.2181007333408558;0.0;0.0;0.27623740319641976;0.0;0.0;0.122301011299617;0.0;0.0;0.0;0.25674290365629954;0.2199956606534334;0.0;0.0;0.24061473105914005;0.28193328466666173;0.34395036946777396;0.13035672554618388;0.2765428323111714;0.0;0.11996437416828483;0.20466196197162317;1.0;0.0;0.0;0.0;0.0;0.13682956408385494;0.25743240558549974;0.2172960646595793;0.0;0.22459538453324485;0.2782212294358967;0.0;0.27074015559305986;0.0;0.23031713210537322;0.0;0.23699958114919953;0.0;0.0;0.2594151701533329;0.22927255769573965
GO:0045471;0.0;0.0;0.0;0.0;0.0;0.5705928980751163;0.0;0.0;0.0;0.0;0.0;0.0;0.0;0.0;0.0;0.0;0.3110222752459553;0.0;0.3805762773802974;0.0;0.0;0.0;0.0;0.0;0.0;0.0;0.0;0.0;0.0;0.0;0.0;0.0;0.0;0.0;0.0;0.32776028363788273;0.4299737252213052;0.0;0.0;0.0;0.0;0.0;0.0;0.0;0.0;0.0;0.0;0.0;0.0;0.0;0.0;1.0;0.0;0.0;0.0;0.0;0.0;0.0;0.0;0.0;0.0;0.0;0.0;0.0;0.0;0.0;0.0;0.0;0.0;0.0;0.0
GO:0048863;0.3739119320180629;0.23226773436614764;0.7828676437511466;0.0;0.0;0.0;0.0;0.3824075920998097;0.15529911141529215;0.3268436300210323;0.24801362723995987;0.36979262814230396;0.3685714380638472;0.0;0.3545211602501103;0.33999006981012103;0.0;0.0;0.2938976264875926;0.0;0.0;0.4654347311066319;0.0;0.0;0.3721976287524138;0.3721943309956319;0.6086148109406846;0.0;0.2833745681677978;0.5533494360206457;0.36936280127022675;0.0;0.876678956528531;0.781403211715041;0.0;0.3237599825791052;0.20134010172652184;0.417205904035083;0.0;0.0;0.35582859796055655;0.0;0.0;0.39794017752859806;0.0;0.0;0.0;0.8289061931802398;0.0;0.0;0.0;0.0;1.0;0.5256059751448194;0.3217724084955672;0.0;0.0;0.0;0.3737831693048744;0.0;0.0;0.3348030260446257;0.0;0.22471682185294925;0.0;0.3167501336307829;0.0;0.0;0.3993203330938051;0.0;0.0
GO:0070584;0.2655508018828771;0.19134222110274157;0.48376200815026904;0.0;0.0;0.0;0.0;0.28281561901133867;0.1358686673286447;0.25122921364894285;0.40520736712818967;0.46792238118297985;0.27517583828339737;0.0;0.5363930152407935;0.43920289575175875;0.0;0.0;0.23129906014215834;0.0;0.0;0.6550156464851736;0.0;0.0;0.26468499374561627;0.5563072513225992;0.8056503936022671;0.0;0.2930993605922379;0.7496774949121486;0.4675165349408459;0.0;0.5248507145585481;0.4830996349038519;0.0;0.24940332660778464;0.16984900836235445;0.5112654991153204;0.0;0.0;0.454613653175142;0.0;0.0;0.2774485572516211;0.0;0.0;0.0;0.5042517115828887;0.0;0.0;0.0;0.0;0.5256059751448194;1.0;0.4210484323935689;0.0;0.0;0.0;0.47167887452909324;0.0;0.0;0.3320579879403468;0.0;0.18618829535453113;0.0;0.23538307411136625;0.0;0.0;0.29196083691265134;0.0;0.0
GO:0001766;0.0;0.1931894385122761;0.29577719057175766;0.20218977540499206;0.0;0.0;0.0;0.2868698843707776;0.13679746514881813;0.25442333120206967;0.4785849462410831;0.47446284313362047;0.3743288497195009;0.0;0.45949123715210644;0.4449601943465765;0.0;0.0;0.23400376911995904;0.0;0.0;0.38230810969077195;0.0;0.0;0.0;0.47679001902706114;0.4714490802806024;0.0;0.0;0.43827205353271154;0.4740455770928562;0.0;0.3213026193424248;0.2953662310768035;0.0;0.25255089353356125;0.1713029658882241;0.51908387274918;0.0;0.0;0.46078490280273415;0.3211729806588874;0.0;0.0;0.0;0.0;0.0;0.30849793895992106;0.0;0.0;0.0;0.0;0.3217724084955672;0.4210484323935689;1.0;0.0;0.0;0.0;0.47832551785322847;0.0;0.0;0.0;0.0;0.18793688629871635;0.0;0.0;0.0;0.0;0.29628354545886;0.0;0.0
