;GO:0007050;GO:0045926;GO:0018108;GO:0036499;GO:0003091;GO:0043981;GO:0006366;GO:0045721;GO:0046777;GO:0043983;GO:0043982;GO:0032526;GO:0045892;GO:0071377;GO:0045893;GO:0045055;GO:0010259;GO:1905064;GO:0033173;GO:0006171;GO:0016558;GO:0007223;GO:0007189;GO:0042149;GO:0045931;GO:0071361;GO:0043161;GO:0031427;GO:0001954;GO:0043484;GO:2000649;GO:0016561;GO:0031069;GO:0032870;GO:0030178;GO:0032354;GO:0007193;GO:0006182;GO:0043966;GO:0006260;GO:0008285;GO:0006420;GO:0006541;GO:0043200;GO:0038095;GO:0045944;GO:0009615;GO:0061436;GO:0006978;GO:0070981;GO:0032543;GO:0006351;GO:0002070;GO:0000209;GO:0007517;GO:0030513;GO:0045684;GO:0043066;GO:0043065
GO:0007050;1.0;0.2765259269201018;0.030884612668318615;0.07751153632691903;0.0647682260895;0.02425916567084211;0.03563434452466655;0.22591906270236614;0.03102223979857557;0.022791514758978015;0.02425916567084211;0.0;0.3632411607166473;0.025353435127855647;0.12908148295044056;0.03575446453577454;0.0;0.21481752450296013;0.07751153632691903;0.02381025170111798;0.023455611713107248;0.08483871979314815;0.09385719221179074;0.0265115439629458;0.574054052918927;0.02411857044398818;0.03269597637711522;0.0;0.07692044136001815;0.0966746593012938;0.07736811932714914;0.0;0.0;0.03292466543242743;0.2858142151489656;0.0;0.0925347899521779;0.025353435127855647;0.02685014911833196;0.03009764154939297;0.3362453756611397;0.021355193019097305;0.025168125965450386;0.0;0.095805564433104;0.12487799165288754;0.0;0.06213210883188819;0.07940592294015605;0.019742028500090745;0.02619695350473152;0.04251311633314027;0.024392175685828594;0.031866206980630335;0.0;0.08437442847007887;0.07542122705845013;0.3496360842548665;0.1144966845343432
GO:0045926;0.2765259269201018;1.0;0.0;0.07102908401666025;0.06769089953072409;0.0;0.0;0.2177189468619376;0.0;0.0;0.0;0.0;0.3591357715750505;0.0;0.1216284490161618;0.0;0.0;0.20659812541072317;0.07102908401666025;0.0;0.0;0.07804821055907882;0.08676342880023043;0.0;0.09070782478093127;0.0;0.0;0.0;0.08052210666942108;0.0895035052971019;0.08101282333721142;0.0;0.0;0.0;0.27851107747427434;0.0;0.08548021044391574;0.0;0.0;0.0;0.3307586611039924;0.0;0.0;0.0;0.08865739668910833;0.11739727601585562;0.0;0.06481678292055541;0.0728385660176553;0.0;0.0;0.0;0.0;0.0;0.0;0.07760180695307271;0.07888070723459738;0.34479847148606635;0.10703044831946387
GO:0018108;0.030884612668318615;0.0;1.0;0.024286344850750423;0.0;0.5189605250454463;0.2647086410609825;0.0;0.6586742746668603;0.48696361661292575;0.5189605250454463;0.0;0.0;0.025893941427537072;0.0;0.036838897450565775;0.0;0.0;0.024286344850750423;0.3718263244582907;0.023917490658381616;0.026632478306354058;0.02953238318297246;0.02710313326223544;0.0;0.02460719979074136;0.3360213816220932;0.0;0.0;0.0;0.0;0.0;0.0;0.03384203348151543;0.0;0.0;0.029106315042903043;0.39643878590655346;0.5756407249802742;0.22253434009560705;0.0;0.1831497330848011;0.21654274876729684;0.0;0.030160666348032335;0.0;0.0;0.0;0.024892068995282617;0.16908607088962896;0.3093304307469646;0.317660801451963;0.024892068995282617;0.4018970017318095;0.0;0.0;0.0;0.0;0.0
GO:0036499;0.07751153632691903;0.07102908401666025;0.024286344850750423;1.0;0.05274287178194906;0.019992662136233234;0.02712995012846432;0.06444168885358036;0.024371366747052696;0.01898513217417398;0.019992662136233234;0.18597081983754343;0.09369450595961193;0.26999866759595664;0.09570036915576074;0.027199520858370334;0.0;0.0618039145768774;0.16973385762771137;0.01968676996160056;0.019443700530977902;0.1827864714483473;0.1982858944275929;0.3658966565263033;0.07742535040194483;0.2591498642112749;0.025392555300297933;0.1472223274647202;0.062223505494671046;0.0766506237519853;0.0625161284975159;0.0;0.0;0.33251958843938095;0.07792861587242146;0.16218568602027808;0.19605098374614127;0.02073002640556365;0.021719979392443665;0.023797051319300426;0.088394479773686;0.01797790430867298;0.020605974847087632;0.18625388461144476;0.20155560017563148;0.09337022746264595;0.20134780906351352;0.050981453053261495;0.3418139088734845;0.016820808509603918;0.021290549717543024;0.030941579472333947;0.020082913816025467;0.024889227914135312;0.0;0.06870883967584908;0.06123879299283058;0.09104861872733003;0.08744229576729938
GO:0003091;0.0647682260895;0.06769089953072409;0.0;0.05274287178194906;1.0;0.0;0.0;0.053055046450642254;0.0;0.0;0.0;0.0;0.07976513260344566;0.0;0.08166342494039347;0.0;0.24232598222138937;0.050732744795216604;0.05274287178194906;0.0;0.0;0.05711550718513356;0.062371574303238905;0.0;0.06468984094741577;0.0;0.0;0.0;0.058626609046042846;0.06398592789229544;0.05892452539035856;0.0;0.2503507453542719;0.0;0.06514777347639261;0.0;0.06160936670553416;0.0;0.0;0.0;0.07479172312548299;0.0;0.0;0.0;0.0634893379564116;0.07945907649256427;0.0;0.868077347831743;0.053882356670155576;0.0;0.0;0.0;0.0;0.0;0.0;0.05684119085364473;0.057625731082981295;0.07727465382913495;0.07390467238325815
GO:0043981;0.02425916567084211;0.0;0.5189605250454463;0.019992662136233234;0.0;1.0;0.1998348516973018;0.0;0.30508644430770365;0.7819807826792503;0.8241350406613405;0.0;0.0;0.0210694772468693;0.0;0.0277869084354735;0.0;0.0;0.019992662136233234;0.1684494931581851;0.1668355912249344;0.021555863886025584;0.02341696381729374;0.02186315486951653;0.0;0.020209588569859743;0.25905043316680854;0.0;0.0;0.0;0.0;0.0;0.0;0.026047091997946168;0.0;0.0;0.023148279301736893;0.1775222698787492;0.7928779398854627;0.17482266280620765;0.0;0.1536204213429226;0.17644266071352552;0.0;0.02381025170111798;0.0;0.0;0.0;0.020401339940053793;0.14360211964763217;0.25011254156040086;0.22860248372366293;0.020401339940053793;0.3116970226071999;0.0;0.0;0.0;0.0;0.0
GO:0006366;0.03563434452466655;0.0;0.2647086410609825;0.02712995012846432;0.0;0.1998348516973018;1.0;0.0;0.2661119522725351;0.1861411725741311;0.1998348516973018;0.0;0.0;0.02915171106104584;0.0;0.0438030663625784;0.0;0.0;0.02712995012846432;0.3338752176818519;0.026670480521007286;0.03009114268175904;0.03384625544814183;0.03069336201735098;0.0;0.027530959685737516;0.28336911065765036;0.0;0.0;0.0;0.0;0.0;0.0;0.03963019776623096;0.0;0.0;0.033287799331006354;0.3587560548477891;0.2245945451595289;0.44240635316345084;0.0;0.27025855597762;0.14860241851289055;0.0;0.03467406685390225;0.0;0.0;0.0;0.02788803645717215;0.25256529170661823;0.37615001460443864;0.7529976038822191;0.02788803645717215;0.27476935173877765;0.0;0.0;0.0;0.0;0.0
GO:0045721;0.22591906270236614;0.2177189468619376;0.0;0.06444168885358036;0.053055046450642254;0.0;0.0;1.0;0.0;0.0;0.0;0.0;0.4927721157500029;0.0;0.28689511041422205;0.0;0.0;0.17989323086509207;0.06444168885358036;0.0;0.0;0.06942674844363501;0.07535179467511154;0.0;0.07794214010491704;0.0;0.0;0.0;0.06260256925867667;0.17187818948690842;0.0628987769089162;0.0;0.0;0.0;0.2271428710564898;0.0;0.07449707480205332;0.0;0.0;0.0;0.25788098758284517;0.0;0.0;0.0;0.07660248589583527;0.27985339624812905;0.0;0.051273067271858985;0.06574570715869288;0.0;0.0;0.0;0.0;0.0;0.0;0.20549969305117438;0.06160591861795575;0.26568498889001324;0.08810202509150936
GO:0046777;0.03102223979857557;0.0;0.6586742746668603;0.024371366747052696;0.0;0.30508644430770365;0.2661119522725351;0.0;1.0;0.2862131355970132;0.30508644430770365;0.0;0.0;0.025990614037950673;0.0;0.0370348749676342;0.0;0.0;0.024371366747052696;0.37312801803938844;0.023999945204943005;0.02673475496575092;0.029658198060865122;0.027209063963324162;0.0;0.024694487068596137;0.33765106116603383;0.0;0.0;0.0;0.0;0.0;0.0;0.03400735066401202;0.0;0.0;0.02922851829687202;0.3979188530647354;0.3385395337463245;0.22352527510351225;0.0;0.18372340082543295;0.21734513456067794;0.0;0.030291903331400197;0.0;0.0;0.0;0.02498139262978561;0.16957490226214592;0.3105247080969626;0.3196838477246783;0.02498139262978561;0.40379513387744886;0.0;0.0;0.0;0.0;0.0
GO:0043983;0.022791514758978015;0.0;0.48696361661292575;0.01898513217417398;0.0;0.7819807826792503;0.1861411725741311;0.0;0.2862131355970132;1.0;0.7819807826792503;0.0;0.0;0.0199535213561624;0.0;0.025878165534272347;0.0;0.0;0.01898513217417398;0.1599604830256634;0.15852806626168164;0.020389216306868893;0.022046570165562714;0.020663933014029415;0.0;0.019180638613064935;0.24238408036563316;0.0;0.0;0.0;0.0;0.0;0.0;0.024362644822175705;0.0;0.0;0.021808253039854338;0.16811970993472938;0.7489558506906442;0.1642517107835605;0.0;0.14652878375509068;0.16715112422745163;0.0;0.022394831149800485;0.0;0.0;0.0;0.0193532780096808;0.13738656687641815;0.23652076858064802;0.21085746753235438;0.0193532780096808;0.29202333457763935;0.0;0.0;0.0;0.0;0.0
GO:0043982;0.02425916567084211;0.0;0.5189605250454463;0.019992662136233234;0.0;0.8241350406613405;0.1998348516973018;0.0;0.30508644430770365;0.7819807826792503;1.0;0.0;0.0;0.0210694772468693;0.0;0.0277869084354735;0.0;0.0;0.019992662136233234;0.1684494931581851;0.1668355912249344;0.021555863886025584;0.02341696381729374;0.02186315486951653;0.0;0.020209588569859743;0.25905043316680854;0.0;0.0;0.0;0.0;0.0;0.0;0.026047091997946168;0.0;0.0;0.023148279301736893;0.1775222698787492;0.7928779398854627;0.17482266280620765;0.0;0.1536204213429226;0.17644266071352552;0.0;0.02381025170111798;0.0;0.0;0.0;0.020401339940053793;0.14360211964763217;0.25011254156040086;0.22860248372366293;0.020401339940053793;0.3116970226071999;0.0;0.0;0.0;0.0;0.0
GO:0032526;0.0;0.0;0.0;0.18597081983754343;0.0;0.0;0.0;0.0;0.0;0.0;0.0;1.0;0.0;0.44516490381762125;0.0;0.0;0.0;0.0;0.0;0.0;0.0;0.0;0.0;0.20639665179732328;0.0;0.42411343029067483;0.0;0.5905295211276026;0.0;0.0;0.0;0.0;0.0;0.4729710298866372;0.0;0.35578305612741656;0.0;0.0;0.0;0.0;0.0;0.0;0.0;0.7802946212920584;0.0;0.0;0.24831823413996915;0.0;0.19038228450344705;0.0;0.0;0.0;0.0;0.0;0.0;0.0;0.0;0.0;0.0
GO:0045892;0.3632411607166473;0.3591357715750505;0.0;0.09369450595961193;0.07976513260344566;0.0;0.0;0.4927721157500029;0.0;0.0;0.0;0.0;1.0;0.0;0.6001377790826293;0.0;0.0;0.2573684023029141;0.09369450595961193;0.0;0.0;0.10461619087708303;0.11867797210475184;0.0;0.12523309735521626;0.0;0.0;0.0;0.09552630259656933;0.3916070533254693;0.09621771941672339;0.0;0.0;0.0;0.3664153302245786;0.0;0.1165715106215574;0.0;0.0;0.0;0.4536411091024532;0.0;0.0;0.0;0.12181030406178263;0.5730594812118888;0.0;0.07580423870042247;0.09647669025497384;0.0;0.0;0.0;0.0;0.0;0.0;0.3441529857562897;0.09322494834802177;0.4783581557709454;0.15371475432105353
GO:0071377;0.025353435127855647;0.0;0.025893941427537072;0.26999866759595664;0.0;0.0210694772468693;0.02915171106104584;0.0;0.025990614037950673;0.0199535213561624;0.0210694772468693;0.44516490381762125;0.0;1.0;0.0;0.029232052512171966;0.0;0.0;0.02073002640556365;0.02073002640556365;0.020460688760885998;0.022415522267312474;0.024434978772287282;0.29628181821831956;0.0;0.45621521032253176;0.02715524942591297;0.41867550396188097;0.0;0.0;0.0;0.0;0.0;0.7522722413116101;0.0;0.4858960932466773;0.024142571059180582;0.02189004024151091;0.022996842607903276;0.025338468755848116;0.0;0.018843922736484796;0.0217517631520261;0.53666034852462;0.024863517957157896;0.0;0.21511665133173882;0.0;0.27572568915386414;0.017576593621501723;0.022515997531319814;0.03359916810831194;0.02116973712405622;0.026580407856575575;0.0;0.0;0.0;0.0;0.0
GO:0045893;0.12908148295044056;0.1216284490161618;0.0;0.09570036915576074;0.08166342494039347;0.0;0.0;0.28689511041422205;0.0;0.0;0.0;0.0;0.6001377790826293;0.0;1.0;0.0;0.0;0.09069518168961575;0.09570036915576074;0.0;0.0;0.10712320057715119;0.12191465078458803;0.0;0.343834096576242;0.0;0.0;0.0;0.2679340477443093;0.4027074856321748;0.09863009756571892;0.0;0.0;0.0;0.13024232106039738;0.0;0.1196927999109735;0.0;0.0;0.0;0.16237290919332947;0.0;0.0;0.0;0.1252225485183641;0.9530631025384096;0.0;0.07751666134715535;0.09860480001773875;0.0;0.0;0.0;0.0;0.0;0.0;0.35234331847781586;0.2613224828542998;0.17155948036864394;0.424816709126662
GO:0045055;0.03575446453577454;0.0;0.036838897450565775;0.027199520858370334;0.0;0.0277869084354735;0.0438030663625784;0.0;0.0370348749676342;0.025878165534272347;0.0277869084354735;0.0;0.0;0.029232052512171966;0.0;1.0;0.0;0.0;0.027199520858370334;0.027199520858370334;0.26765703440794175;0.03017675327426382;0.03395460462503584;0.030782438650820584;0.0;0.02760260499004786;0.03944549013978313;0.0;0.0;0.0;0.0;0.2327699754519005;0.0;0.03977882366242605;0.0;0.0;0.033392596992470436;0.029232052512171966;0.031239868032328588;0.035724706907630355;0.0;0.024042128475034025;0.028985983708381877;0.0;0.0347877897548721;0.0;0.0;0.0;0.027961554775527437;0.022016735820833046;0.030359134867427938;0.05467830338293447;0.027961554775527437;0.038244071923184915;0.0;0.0;0.0;0.0;0.0
GO:0010259;0.0;0.0;0.0;0.0;0.24232598222138937;0.0;0.0;0.0;0.0;0.0;0.0;0.0;0.0;0.0;0.0;0.0;1.0;0.0;0.0;0.0;0.0;0.0;0.0;0.0;0.0;0.0;0.0;0.0;0.0;0.0;0.0;0.0;0.23858855216689245;0.0;0.0;0.0;0.0;0.0;0.0;0.0;0.0;0.0;0.0;0.0;0.0;0.0;0.0;0.23402780969827477;0.0;0.0;0.0;0.0;0.18261288290953337;0.0;0.27609537865599837;0.0;0.0;0.0;0.0
GO:1905064;0.21481752450296013;0.20659812541072317;0.0;0.0618039145768774;0.050732744795216604;0.0;0.0;0.17989323086509207;0.0;0.0;0.0;0.0;0.2573684023029141;0.0;0.09069518168961575;0.0;0.0;1.0;0.0618039145768774;0.0;0.0;0.06637474900666725;0.07177007390441596;0.0;0.07411618294816541;0.0;0.0;0.0;0.05978579408759333;0.07340596115098423;0.06005588844494857;0.0;0.0;0.0;0.21592371897624035;0.0;0.07099425990721223;0.0;0.0;0.0;0.2435159330434043;0.0;0.0;0.0;0.07290379748994728;0.08859973347944164;0.0;0.049100952405871715;0.06300237100903477;0.0;0.0;0.0;0.0;0.0;0.0;0.06609022054887985;0.2854936928087918;0.2504630076774282;0.08324469953301897
GO:0033173;0.07751153632691903;0.07102908401666025;0.024286344850750423;0.16973385762771137;0.05274287178194906;0.019992662136233234;0.02712995012846432;0.06444168885358036;0.024371366747052696;0.01898513217417398;0.019992662136233234;0.0;0.09369450595961193;0.02073002640556365;0.09570036915576074;0.027199520858370334;0.0;0.0618039145768774;1.0;0.01968676996160056;0.019443700530977902;0.1827864714483473;0.6574271996125756;0.0214978701212227;0.07742535040194483;0.01989707421866705;0.025392555300297933;0.0;0.062223505494671046;0.0766506237519853;0.0625161284975159;0.0;0.0;0.025530273575389867;0.07792861587242146;0.0;0.19605098374614127;0.02073002640556365;0.021719979392443665;0.023797051319300426;0.088394479773686;0.01797790430867298;0.020605974847087632;0.0;0.20155560017563148;0.09337022746264595;0.0;0.050981453053261495;0.3358220541346182;0.016820808509603918;0.021290549717543024;0.030941579472333947;0.020082913816025467;0.024889227914135312;0.0;0.06870883967584908;0.06123879299283058;0.09104861872733003;0.08744229576729938
GO:0006171;0.02381025170111798;0.0;0.3718263244582907;0.01968676996160056;0.0;0.1684494931581851;0.3338752176818519;0.0;0.37312801803938844;0.1599604830256634;0.1684494931581851;0.0;0.0;0.02073002640556365;0.0;0.027199520858370334;0.0;0.0;0.01968676996160056;1.0;0.019443700530977902;0.021200691870145665;0.022998409656064506;0.0214978701212227;0.0;0.01989707421866705;0.2139466490845356;0.0;0.0;0.0;0.0;0.0;0.0;0.025530273575389867;0.0;0.0;0.02273919105887121;0.9255753042148904;0.18300311860082735;0.2341921394710721;0.0;0.2883880052166476;0.3305455340992778;0.0;0.02337765010816656;0.0;0.0;0.0;0.020082913816025467;0.34257816174198263;0.43361039277914715;0.3807831025427166;0.020082913816025467;0.209705831002682;0.0;0.0;0.0;0.0;0.0
GO:0016558;0.023455611713107248;0.0;0.023917490658381616;0.019443700530977902;0.0;0.1668355912249344;0.026670480521007286;0.0;0.023999945204943005;0.15852806626168164;0.1668355912249344;0.0;0.0;0.020460688760885998;0.0;0.26765703440794175;0.0;0.0;0.019443700530977902;0.019443700530977902;1.0;0.020919068091574542;0.022667373102279776;0.02120834965913348;0.0;0.019648816607209404;0.024989612972975146;0.0;0.0;0.0;0.0;0.6991115499249997;0.0;0.02512298367747648;0.0;0.0;0.022415522267312474;0.020460688760885998;0.18105367948751647;0.023442801521257838;0.0;0.017774984128329507;0.0203398303777047;0.0;0.02303568721655709;0.0;0.0;0.0;0.01983002654283323;0.016643039333390182;0.021006549578978136;0.03034535249906935;0.01983002654283323;0.024501979585655496;0.0;0.0;0.0;0.0;0.0
GO:0007223;0.08483871979314815;0.07804821055907882;0.026632478306354058;0.1827864714483473;0.05711550718513356;0.021555863886025584;0.03009114268175904;0.06942674844363501;0.02673475496575092;0.020389216306868893;0.021555863886025584;0.0;0.10461619087708303;0.022415522267312474;0.10712320057715119;0.03017675327426382;0.0;0.06637474900666725;0.1827864714483473;0.021200691870145665;0.020919068091574542;1.0;0.21633263697645833;0.023316016121525878;0.08473548021435945;0.021444785313718844;0.027968617726700437;0.0;0.0675449729988533;0.08380843134243642;0.06788992628188062;0.0;0.0;0.028135788283675037;0.0853386338824063;0.0;0.21367512436495703;0.022415522267312474;0.023577511584009052;0.02604522712291754;0.09805181719634126;0.01923203648967206;0.022270548647631585;0.0;0.35708145127344554;0.10421206884339797;0.0;0.05505562508815448;0.1867535484311784;0.017913791370828665;0.023072344024018556;0.034853275020064134;0.021660817699326165;0.027359210920770084;0.0;0.07440512989911237;0.06638619782188258;0.10132832853968553;0.0968815875918244
GO:0007189;0.09385719221179074;0.08676342880023043;0.02953238318297246;0.1982858944275929;0.062371574303238905;0.02341696381729374;0.03384625544814183;0.07535179467511154;0.029658198060865122;0.022046570165562714;0.02341696381729374;0.0;0.11867797210475184;0.024434978772287282;0.12191465078458803;0.03395460462503584;0.0;0.07177007390441596;0.6574271996125756;0.022998409656064506;0.022667373102279776;0.21633263697645833;1.0;0.025508922754651834;0.09373085335248271;0.0232859348204451;0.031184362305689675;0.0;0.07397571058489057;0.09259784509823572;0.07438967568029999;0.0;0.0;0.0313923272237074;0.09446942192006777;0.0;0.8616946420498818;0.024434978772287282;0.025822249914589035;0.02881201212932904;0.11030097771858344;0.020699832784681325;0.02426280689616606;0.0;0.24312817825513108;0.11815818019060062;0.0;0.059923251355598846;0.3936453211618132;0.019180638613064935;0.025217546149497432;0.03999247545160101;0.023540875179702554;0.03042865715201115;0.0;0.08125227835239397;0.07258805195140842;0.11446464360883918;0.10882230698410048
GO:0042149;0.0265115439629458;0.0;0.02710313326223544;0.3658966565263033;0.0;0.02186315486951653;0.03069336201735098;0.0;0.027209063963324162;0.020663933014029415;0.02186315486951653;0.20639665179732328;0.0;0.29628181821831956;0.0;0.030782438650820584;0.0;0.0;0.0214978701212227;0.0214978701212227;0.02120834965913348;0.023316016121525878;0.025508922754651834;1.0;0.0;0.2832689450135541;0.028488143021827138;0.15973675032062756;0.0;0.0;0.0;0.0;0.0;0.3733036287756661;0.0;0.17750562144705206;0.02519041444209109;0.022748000832157264;0.023945637096651217;0.026495179519229327;0.0;0.01947626849820125;0.02259870899264804;0.20674536960138157;0.025976319552519177;0.0;0.4827316748204366;0.0;0.37395160123589377;0.018125505179654226;0.023424745858207256;0.035663754852894795;0.021971129857576585;0.02785614191783434;0.0;0.0;0.0;0.0;0.0
GO:0045931;0.574054052918927;0.09070782478093127;0.0;0.07742535040194483;0.06468984094741577;0.0;0.0;0.07794214010491704;0.0;0.0;0.0;0.0;0.12523309735521626;0.0;0.343834096576242;0.0;0.0;0.07411618294816541;0.07742535040194483;0.0;0.0;0.08473548021435945;0.09373085335248271;0.0;1.0;0.0;0.0;0.0;0.2102450238022858;0.09654062696503454;0.07727055968164782;0.0;0.0;0.0;0.09857673139546369;0.0;0.09241198379004946;0.0;0.0;0.0;0.11594137321948099;0.0;0.0;0.0;0.09567392949671291;0.33265730917945974;0.0;0.06205997095997379;0.07931547521444775;0.0;0.0;0.0;0.0;0.0;0.0;0.22489212482726784;0.20615229023746046;0.12055065395907001;0.3050483724046487
GO:0071361;0.02411857044398818;0.0;0.02460719979074136;0.2591498642112749;0.0;0.020209588569859743;0.027530959685737516;0.0;0.024694487068596137;0.019180638613064935;0.020209588569859743;0.42411343029067483;0.0;0.45621521032253176;0.0;0.02760260499004786;0.0;0.0;0.01989707421866705;0.01989707421866705;0.019648816607209404;0.021444785313718844;0.0232859348204451;0.2832689450135541;0.0;1.0;0.025743516130121387;0.4111435715679963;0.0;0.0;0.0;0.0;0.0;0.4731358774963052;0.0;0.30487589540275667;0.023020231667961345;0.02096334253509538;0.021976249149028786;0.024105026082752723;0.0;0.01815312070227472;0.02083649140926217;0.4247670985585747;0.02367479721038503;0.0;0.20409137672236832;0.0;0.26442140486303856;0.01697409998357078;0.02153672870995017;0.03146426986185148;0.02030181390824431;0.025226320901652447;0.0;0.0;0.0;0.0;0.0
GO:0043161;0.03269597637711522;0.0;0.3360213816220932;0.025392555300297933;0.0;0.25905043316680854;0.28336911065765036;0.0;0.33765106116603383;0.24238408036563316;0.25905043316680854;0.0;0.0;0.02715524942591297;0.0;0.03944549013978313;0.0;0.0;0.025392555300297933;0.2139466490845356;0.024989612972975146;0.027968617726700437;0.031184362305689675;0.028488143021827138;0.0;0.025743516130121387;1.0;0.0;0.0;0.0;0.0;0.0;0.0;0.036029191491563965;0.0;0.0;0.030709677357365767;0.2287983446731205;0.2888092710007373;0.23557590952167784;0.0;0.1905808778803028;0.2270081328667583;0.0;0.03188573572940803;0.0;0.0;0.0;0.026055469061682452;0.17540011809159647;0.2812661207302166;0.34491801443561954;0.026055469061682452;0.3476727103473488;0.0;0.0;0.0;0.0;0.0
GO:0031427;0.0;0.0;0.0;0.1472223274647202;0.0;0.0;0.0;0.0;0.0;0.0;0.0;0.5905295211276026;0.0;0.41867550396188097;0.0;0.0;0.0;0.0;0.0;0.0;0.0;0.0;0.0;0.15973675032062756;0.0;0.4111435715679963;0.0;1.0;0.0;0.0;0.0;0.0;0.0;0.34777576775607855;0.0;0.2799690672704425;0.0;0.0;0.0;0.0;0.0;0.0;0.0;0.5913551881995036;0.0;0.0;0.18374412781081897;0.0;0.14997338284142828;0.0;0.0;0.0;0.0;0.0;0.0;0.0;0.0;0.0;0.0
GO:0001954;0.07692044136001815;0.08052210666942108;0.0;0.062223505494671046;0.058626609046042846;0.0;0.0;0.06260256925867667;0.0;0.0;0.0;0.0;0.09552630259656933;0.0;0.2679340477443093;0.0;0.0;0.05978579408759333;0.062223505494671046;0.0;0.0;0.0675449729988533;0.07397571058489057;0.0;0.2102450238022858;0.0;0.0;0.0;1.0;0.07595838219777246;0.06975406504764416;0.0;0.0;0.0;0.07738750438335622;0.0;0.07304083642131384;0.0;0.0;0.0;0.08932153946812624;0.0;0.0;0.0;0.07534811616281462;0.260380090855241;0.0;0.056458357607993476;0.06360777725827577;0.0;0.0;0.0;0.0;0.0;0.0;0.18393530433381525;0.1865549169737737;0.09241490074148663;0.24142840358611242
GO:0043484;0.0966746593012938;0.0895035052971019;0.0;0.0766506237519853;0.06398592789229544;0.0;0.0;0.17187818948690842;0.0;0.0;0.0;0.0;0.3916070533254693;0.0;0.4027074856321748;0.0;0.0;0.07340596115098423;0.0766506237519853;0.0;0.0;0.08380843134243642;0.09259784509823572;0.0;0.09654062696503454;0.0;0.0;0.0;0.07595838219777246;1.0;0.07639490002651253;0.0;0.0;0.0;0.09732432454409219;0.0;0.0913104485583383;0.0;0.0;0.0;0.11421274094687293;0.0;0.0;0.0;0.0944937546878822;0.3898265465181469;0.0;0.06141184092337873;0.07850265981127438;0.0;0.0;0.0;0.0;0.0;0.0;0.26491539691345756;0.07449607884616873;0.11868295217320397;0.11262808335866319
GO:2000649;0.07736811932714914;0.08101282333721142;0.0;0.0625161284975159;0.05892452539035856;0.0;0.0;0.0628987769089162;0.0;0.0;0.0;0.0;0.09621771941672339;0.0;0.09863009756571892;0.0;0.0;0.06005588844494857;0.0625161284975159;0.0;0.0;0.06788992628188062;0.07438967568029999;0.0;0.07727055968164782;0.0;0.0;0.0;0.06975406504764416;0.07639490002651253;1.0;0.0;0.0;0.0;0.07784065149576545;0.0;0.07344437605609146;0.0;0.0;0.0;0.08992576945573273;0.0;0.0;0.0;0.07577762818027814;0.09582933977478042;0.0;0.056734593207584234;0.06391359691190639;0.0;0.0;0.0;0.0;0.0;0.0;0.06755191134767777;0.06851894674993587;0.09306185806569216;0.0888078335164843
GO:0016561;0.0;0.0;0.0;0.0;0.0;0.0;0.0;0.0;0.0;0.0;0.0;0.0;0.0;0.0;0.0;0.2327699754519005;0.0;0.0;0.0;0.0;0.6991115499249997;0.0;0.0;0.0;0.0;0.0;0.0;0.0;0.0;0.0;0.0;1.0;0.0;0.0;0.0;0.0;0.0;0.0;0.0;0.0;0.0;0.0;0.0;0.0;0.0;0.0;0.0;0.0;0.0;0.0;0.0;0.0;0.0;0.0;0.0;0.0;0.0;0.0;0.0
GO:0031069;0.0;0.0;0.0;0.0;0.2503507453542719;0.0;0.0;0.0;0.0;0.0;0.0;0.0;0.0;0.0;0.0;0.0;0.23858855216689245;0.0;0.0;0.0;0.0;0.0;0.0;0.0;0.0;0.0;0.0;0.0;0.0;0.0;0.0;0.0;1.0;0.0;0.0;0.0;0.0;0.0;0.0;0.0;0.0;0.0;0.0;0.0;0.0;0.0;0.0;0.24150390763394178;0.0;0.0;0.0;0.0;0.18835025585278728;0.0;0.21949269731285248;0.0;0.0;0.0;0.0
GO:0032870;0.03292466543242743;0.0;0.03384203348151543;0.33251958843938095;0.0;0.026047091997946168;0.03963019776623096;0.0;0.03400735066401202;0.024362644822175705;0.026047091997946168;0.4729710298866372;0.0;0.7522722413116101;0.0;0.03977882366242605;0.0;0.0;0.025530273575389867;0.025530273575389867;0.02512298367747648;0.028135788283675037;0.0313923272237074;0.3733036287756661;0.0;0.4731358774963052;0.036029191491563965;0.34777576775607855;0.0;0.0;0.0;0.0;0.0;1.0;0.0;0.6020063030070092;0.03091133875241281;0.02731281084813907;0.02905776452939659;0.03289943009564409;0.0;0.02272857122711136;0.027097874027414603;0.47395623390084674;0.032103193220986065;0.0;0.2840306073405598;0.0;0.3412488683604991;0.020910079978701045;0.028294269088623866;0.04832640585821094;0.026200492450459037;0.035024215554724805;0.0;0.0;0.0;0.0;0.0
GO:0030178;0.2858142151489656;0.27851107747427434;0.0;0.07792861587242146;0.06514777347639261;0.0;0.0;0.2271428710564898;0.0;0.0;0.0;0.0;0.3664153302245786;0.0;0.13024232106039738;0.0;0.0;0.21592371897624035;0.07792861587242146;0.0;0.0;0.0853386338824063;0.09446942192006777;0.0;0.09857673139546369;0.0;0.0;0.0;0.07738750438335622;0.09732432454409219;0.07784065149576545;0.0;0.0;0.0;1.0;0.0;0.09312983447028098;0.0;0.0;0.0;0.3389635085887598;0.0;0.0;0.0;0.30110222475750054;0.12596413815828159;0.0;0.06248130592363274;0.07984369608358359;0.0;0.0;0.0;0.0;0.0;0.0;0.317252674791005;0.07587020783285092;0.35257596952017617;0.11540909134159247
GO:0032354;0.0;0.0;0.0;0.16218568602027808;0.0;0.0;0.0;0.0;0.0;0.0;0.0;0.35578305612741656;0.0;0.4858960932466773;0.0;0.0;0.0;0.0;0.0;0.0;0.0;0.0;0.0;0.17750562144705206;0.0;0.30487589540275667;0.0;0.2799690672704425;0.0;0.0;0.0;0.0;0.0;0.6020063030070092;0.0;1.0;0.0;0.0;0.0;0.0;0.0;0.0;0.0;0.35634024640484935;0.0;0.0;0.2076552068574973;0.0;0.16553073617812086;0.0;0.0;0.0;0.0;0.0;0.0;0.0;0.0;0.0;0.0
GO:0007193;0.0925347899521779;0.08548021044391574;0.029106315042903043;0.19605098374614127;0.06160936670553416;0.023148279301736893;0.033287799331006354;0.07449707480205332;0.02922851829687202;0.021808253039854338;0.023148279301736893;0.0;0.1165715106215574;0.024142571059180582;0.1196927999109735;0.033392596992470436;0.0;0.07099425990721223;0.19605098374614127;0.02273919105887121;0.022415522267312474;0.21367512436495703;0.8616946420498818;0.02519041444209109;0.09241198379004946;0.023020231667961345;0.030709677357365767;0.0;0.07304083642131384;0.0913104485583383;0.07344437605609146;0.0;0.0;0.03091133875241281;0.09312983447028098;0.0;1.0;0.024142571059180582;0.025495919094652292;0.02840633351836679;0.10847911158400583;0.020489603251445852;0.023974481035871867;0.0;0.23977666047418558;0.11606996793965318;0.0;0.059219370779266145;0.20062191957099498;0.01900000024168065;0.024906228224258288;0.03921511030038382;0.02326935612641188;0.02997653318290447;0.0;0.08025934039014344;0.07168770869667015;0.11250385956863643;0.10704856775666152
GO:0006182;0.025353435127855647;0.0;0.39643878590655346;0.02073002640556365;0.0;0.1775222698787492;0.3587560548477891;0.0;0.3979188530647354;0.16811970993472938;0.1775222698787492;0.0;0.0;0.02189004024151091;0.0;0.029232052512171966;0.0;0.0;0.02073002640556365;0.9255753042148904;0.020460688760885998;0.022415522267312474;0.024434978772287282;0.022748000832157264;0.0;0.02096334253509538;0.2287983446731205;0.0;0.0;0.0;0.0;0.0;0.0;0.02731281084813907;0.0;0.0;0.024142571059180582;1.0;0.19376141381988643;0.24936157548394242;0.0;0.30228002080363797;0.34892540741423145;0.0;0.024863517957157896;0.0;0.0;0.0;0.02116973712405622;0.3579707318528711;0.45856826915677135;0.41348876474056284;0.02116973712405622;0.22395497912523535;0.0;0.0;0.0;0.0;0.0
GO:0043966;0.02685014911833196;0.0;0.5756407249802742;0.021719979392443665;0.0;0.7928779398854627;0.2245945451595289;0.0;0.3385395337463245;0.7489558506906442;0.7928779398854627;0.0;0.0;0.022996842607903276;0.0;0.031239868032328588;0.0;0.0;0.021719979392443665;0.18300311860082735;0.18105367948751647;0.023577511584009052;0.025822249914589035;0.023945637096651217;0.0;0.021976249149028786;0.2888092710007373;0.0;0.0;0.0;0.0;0.0;0.0;0.02905776452939659;0.0;0.0;0.025495919094652292;0.19376141381988643;1.0;0.19348280423448652;0.0;0.16563307664001414;0.19247596754986948;0.0;0.0263013071556366;0.0;0.0;0.0;0.022203178690522605;0.1540458034981479;0.27368032655901475;0.2615923722297511;0.022203178690522605;0.34669869443654894;0.0;0.0;0.0;0.0;0.0
GO:0006260;0.03009764154939297;0.0;0.22253434009560705;0.023797051319300426;0.0;0.17482266280620765;0.44240635316345084;0.0;0.22352527510351225;0.1642517107835605;0.17482266280620765;0.0;0.0;0.025338468755848116;0.0;0.035724706907630355;0.0;0.0;0.023797051319300426;0.2341921394710721;0.023442801521257838;0.02604522712291754;0.02881201212932904;0.026495179519229327;0.0;0.024105026082752723;0.23557590952167784;0.0;0.0;0.0;0.0;0.0;0.0;0.03289943009564409;0.0;0.0;0.02840633351836679;0.24936157548394242;0.19348280423448652;1.0;0.0;0.21927637991350252;0.12930620161734205;0.0;0.029409708058866557;0.0;0.0;0.0;0.024378322370658467;0.19419643035867495;0.325311028038613;0.5277229569724408;0.024378322370658467;0.2296018205769042;0.0;0.0;0.0;0.0;0.0
GO:0008285;0.3362453756611397;0.3307586611039924;0.0;0.088394479773686;0.07479172312548299;0.0;0.0;0.25788098758284517;0.0;0.0;0.0;0.0;0.4536411091024532;0.0;0.16237290919332947;0.0;0.0;0.2435159330434043;0.088394479773686;0.0;0.0;0.09805181719634126;0.11030097771858344;0.0;0.11594137321948099;0.0;0.0;0.0;0.08932153946812624;0.11421274094687293;0.08992576945573273;0.0;0.0;0.0;0.3389635085887598;0.0;0.10847911158400583;0.0;0.0;0.0;1.0;0.0;0.0;0.0;0.11300168757029275;0.15577696298180257;0.0;0.07129854421907117;0.09086665387868142;0.0;0.0;0.0;0.0;0.0;0.0;0.09743217120513425;0.08730628422541088;0.43261755086115394;0.1399483049032795
GO:0006420;0.021355193019097305;0.0;0.1831497330848011;0.01797790430867298;0.0;0.1536204213429226;0.27025855597762;0.0;0.18372340082543295;0.14652878375509068;0.1536204213429226;0.0;0.0;0.018843922736484796;0.0;0.024042128475034025;0.0;0.0;0.01797790430867298;0.2883880052166476;0.017774984128329507;0.01923203648967206;0.020699832784681325;0.01947626849820125;0.0;0.01815312070227472;0.1905808778803028;0.0;0.0;0.0;0.0;0.0;0.0;0.02272857122711136;0.0;0.0;0.020489603251445852;0.30228002080363797;0.16563307664001414;0.21927637991350252;0.0;1.0;0.5225210751396392;0.0;0.021006549578978136;0.0;0.0;0.0;0.018307684229438063;0.43374760898120956;0.16865194189239924;0.30329335810818114;0.018307684229438063;0.1872084824386451;0.0;0.0;0.0;0.0;0.0
GO:0006541;0.025168125965450386;0.0;0.21654274876729684;0.020605974847087632;0.0;0.17644266071352552;0.14860241851289055;0.0;0.21734513456067794;0.16715112422745163;0.17644266071352552;0.0;0.0;0.0217517631520261;0.0;0.028985983708381877;0.0;0.0;0.020605974847087632;0.3305455340992778;0.0203398303777047;0.022270548647631585;0.02426280689616606;0.02259870899264804;0.0;0.02083649140926217;0.2270081328667583;0.0;0.0;0.0;0.0;0.0;0.0;0.027097874027414603;0.0;0.0;0.023974481035871867;0.34892540741423145;0.19247596754986948;0.12930620161734205;0.0;0.5225210751396392;1.0;0.0;0.024685276070704996;0.0;0.0;0.0;0.021040383582903943;0.5345142366216695;0.1884775979549284;0.17105449482944016;0.021040383582903943;0.22223947390091162;0.0;0.0;0.0;0.0;0.0
GO:0043200;0.0;0.0;0.0;0.18625388461144476;0.0;0.0;0.0;0.0;0.0;0.0;0.0;0.7802946212920584;0.0;0.53666034852462;0.0;0.0;0.0;0.0;0.0;0.0;0.0;0.0;0.0;0.20674536960138157;0.0;0.4247670985585747;0.0;0.5913551881995036;0.0;0.0;0.0;0.0;0.0;0.47395623390084674;0.0;0.35634024640484935;0.0;0.0;0.0;0.0;0.0;0.0;0.0;1.0;0.0;0.0;0.2488231687146443;0.0;0.19067894858270085;0.0;0.0;0.0;0.0;0.0;0.0;0.0;0.0;0.0;0.0
GO:0038095;0.095805564433104;0.08865739668910833;0.030160666348032335;0.20155560017563148;0.0634893379564116;0.02381025170111798;0.03467406685390225;0.07660248589583527;0.030291903331400197;0.022394831149800485;0.02381025170111798;0.0;0.12181030406178263;0.024863517957157896;0.1252225485183641;0.0347877897548721;0.0;0.07290379748994728;0.20155560017563148;0.02337765010816656;0.02303568721655709;0.35708145127344554;0.24312817825513108;0.025976319552519177;0.09567392949671291;0.02367479721038503;0.03188573572940803;0.0;0.07534811616281462;0.0944937546878822;0.07577762818027814;0.0;0.0;0.032103193220986065;0.30110222475750054;0.0;0.23977666047418558;0.024863517957157896;0.0263013071556366;0.029409708058866557;0.11300168757029275;0.021006549578978136;0.024685276070704996;0.0;1.0;0.1212627750462417;0.0;0.06095425904611921;0.20638998485818905;0.019443700530977902;0.025674230635354633;0.04115338902324741;0.02393837158402052;0.031096085273511424;0.0;0.2582202865811042;0.07390899275415186;0.1173757864318937;0.11145022935736024
GO:0045944;0.12487799165288754;0.11739727601585562;0.0;0.09337022746264595;0.07945907649256427;0.0;0.0;0.27985339624812905;0.0;0.0;0.0;0.0;0.5730594812118888;0.0;0.9530631025384096;0.0;0.0;0.08859973347944164;0.09337022746264595;0.0;0.0;0.10421206884339797;0.11815818019060062;0.0;0.33265730917945974;0.0;0.0;0.0;0.260380090855241;0.3898265465181469;0.09582933977478042;0.0;0.0;0.0;0.12596413815828159;0.0;0.11606996793965318;0.0;0.0;0.0;0.15577696298180257;0.0;0.0;0.0;0.1212627750462417;1.0;0.0;0.07552777086762015;0.09613290277122652;0.0;0.0;0.0;0.0;0.0;0.0;0.41892378246122175;0.2541317279224164;0.16421294760523844;0.40788464424501825
GO:0009615;0.0;0.0;0.0;0.20134780906351352;0.0;0.0;0.0;0.0;0.0;0.0;0.0;0.24831823413996915;0.0;0.21511665133173882;0.0;0.0;0.0;0.0;0.0;0.0;0.0;0.0;0.0;0.4827316748204366;0.0;0.20409137672236832;0.0;0.18374412781081897;0.0;0.0;0.0;0.0;0.0;0.2840306073405598;0.0;0.2076552068574973;0.0;0.0;0.0;0.0;0.0;0.0;0.0;0.2488231687146443;0.0;0.0;1.0;0.0;0.20652912015655425;0.0;0.0;0.0;0.0;0.0;0.0;0.0;0.0;0.0;0.0
GO:0061436;0.06213210883188819;0.06481678292055541;0.0;0.050981453053261495;0.868077347831743;0.0;0.0;0.051273067271858985;0.0;0.0;0.0;0.0;0.07580423870042247;0.0;0.07751666134715535;0.0;0.23402780969827477;0.049100952405871715;0.050981453053261495;0.0;0.0;0.05505562508815448;0.059923251355598846;0.0;0.06205997095997379;0.0;0.0;0.0;0.056458357607993476;0.06141184092337873;0.056734593207584234;0.0;0.24150390763394178;0.0;0.06248130592363274;0.0;0.059219370779266145;0.0;0.0;0.0;0.07129854421907117;0.0;0.0;0.0;0.06095425904611921;0.07552777086762015;0.0;1.0;0.05204533198186668;0.0;0.0;0.0;0.0;0.0;0.0;0.054800694341765946;0.055529557291045036;0.07355146532454988;0.07049197183192661
GO:0006978;0.07940592294015605;0.0728385660176553;0.024892068995282617;0.3418139088734845;0.053882356670155576;0.020401339940053793;0.02788803645717215;0.06574570715869288;0.02498139262978561;0.0193532780096808;0.020401339940053793;0.19038228450344705;0.09647669025497384;0.27572568915386414;0.09860480001773875;0.027961554775527437;0.0;0.06300237100903477;0.3358220541346182;0.020082913816025467;0.01983002654283323;0.1867535484311784;0.3936453211618132;0.37395160123589377;0.07931547521444775;0.26442140486303856;0.026055469061682452;0.14997338284142828;0.06360777725827577;0.07850265981127438;0.06391359691190639;0.0;0.0;0.3412488683604991;0.07984369608358359;0.16553073617812086;0.20062191957099498;0.02116973712405622;0.022203178690522605;0.024378322370658467;0.09086665387868142;0.018307684229438063;0.021040383582903943;0.19067894858270085;0.20638998485818905;0.09613290277122652;0.20652912015655425;0.05204533198186668;1.0;0.017109163434613224;0.021754626933136182;0.03193153105353898;0.020495327744062996;0.025525792375409296;0.0;0.07019326177596745;0.06257912621798883;0.09367368542181549;0.08986076768554382
GO:0070981;0.019742028500090745;0.0;0.16908607088962896;0.016820808509603918;0.0;0.14360211964763217;0.25256529170661823;0.0;0.16957490226214592;0.13738656687641815;0.14360211964763217;0.0;0.0;0.017576593621501723;0.0;0.022016735820833046;0.0;0.0;0.016820808509603918;0.34257816174198263;0.016643039333390182;0.017913791370828665;0.019180638613064935;0.018125505179654226;0.0;0.01697409998357078;0.17540011809159647;0.0;0.0;0.0;0.0;0.0;0.0;0.020910079978701045;0.0;0.0;0.01900000024168065;0.3579707318528711;0.1540458034981479;0.19419643035867495;0.0;0.43374760898120956;0.5345142366216695;0.0;0.019443700530977902;0.0;0.0;0.0;0.017109163434613224;1.0;0.5035908837521438;0.2805543713398267;0.017109163434613224;0.17253955064670903;0.0;0.0;0.0;0.0;0.0
GO:0032543;0.02619695350473152;0.0;0.3093304307469646;0.021290549717543024;0.0;0.25011254156040086;0.37615001460443864;0.0;0.3105247080969626;0.23652076858064802;0.25011254156040086;0.0;0.0;0.022515997531319814;0.0;0.030359134867427938;0.0;0.0;0.021290549717543024;0.43361039277914715;0.021006549578978136;0.023072344024018556;0.025217546149497432;0.023424745858207256;0.0;0.02153672870995017;0.2812661207302166;0.0;0.0;0.0;0.0;0.0;0.0;0.028294269088623866;0.0;0.0;0.024906228224258288;0.45856826915677135;0.27368032655901475;0.325311028038613;0.0;0.16865194189239924;0.1884775979549284;0.0;0.025674230635354633;0.0;0.0;0.0;0.021754626933136182;0.5035908837521438;1.0;0.43609428766495223;0.021754626933136182;0.3178174970214827;0.0;0.0;0.0;0.0;0.0
GO:0006351;0.04251311633314027;0.0;0.317660801451963;0.030941579472333947;0.0;0.22860248372366293;0.7529976038822191;0.0;0.3196838477246783;0.21085746753235438;0.22860248372366293;0.0;0.0;0.03359916810831194;0.0;0.05467830338293447;0.0;0.0;0.030941579472333947;0.3807831025427166;0.03034535249906935;0.034853275020064134;0.03999247545160101;0.035663754852894795;0.0;0.03146426986185148;0.34491801443561954;0.0;0.0;0.0;0.0;0.0;0.0;0.04832640585821094;0.0;0.0;0.03921511030038382;0.41348876474056284;0.2615923722297511;0.5277229569724408;0.0;0.30329335810818114;0.17105449482944016;0.0;0.04115338902324741;0.0;0.0;0.0;0.03193153105353898;0.2805543713398267;0.43609428766495223;1.0;0.03193153105353898;0.33226017317954326;0.0;0.0;0.0;0.0;0.0
GO:0002070;0.024392175685828594;0.0;0.024892068995282617;0.020082913816025467;0.0;0.020401339940053793;0.02788803645717215;0.0;0.02498139262978561;0.0193532780096808;0.020401339940053793;0.0;0.0;0.02116973712405622;0.0;0.027961554775527437;0.18261288290953337;0.0;0.020082913816025467;0.020082913816025467;0.01983002654283323;0.021660817699326165;0.023540875179702554;0.021971129857576585;0.0;0.02030181390824431;0.026055469061682452;0.0;0.0;0.0;0.0;0.0;0.18835025585278728;0.026200492450459037;0.0;0.0;0.02326935612641188;0.02116973712405622;0.022203178690522605;0.024378322370658467;0.0;0.018307684229438063;0.021040383582903943;0.0;0.02393837158402052;0.0;0.0;0.0;0.020495327744062996;0.017109163434613224;0.021754626933136182;0.03193153105353898;1.0;0.025525792375409296;0.21067850679711198;0.0;0.0;0.0;0.0
GO:0000209;0.031866206980630335;0.0;0.4018970017318095;0.024889227914135312;0.0;0.3116970226071999;0.27476935173877765;0.0;0.40379513387744886;0.29202333457763935;0.3116970226071999;0.0;0.0;0.026580407856575575;0.0;0.038244071923184915;0.0;0.0;0.024889227914135312;0.209705831002682;0.024501979585655496;0.027359210920770084;0.03042865715201115;0.02785614191783434;0.0;0.025226320901652447;0.3476727103473488;0.0;0.0;0.0;0.0;0.0;0.0;0.035024215554724805;0.0;0.0;0.02997653318290447;0.22395497912523535;0.34669869443654894;0.2296018205769042;0.0;0.1872084824386451;0.22223947390091162;0.0;0.031096085273511424;0.0;0.0;0.0;0.025525792375409296;0.17253955064670903;0.3178174970214827;0.33226017317954326;0.025525792375409296;1.0;0.0;0.0;0.0;0.0;0.0
GO:0007517;0.0;0.0;0.0;0.0;0.0;0.0;0.0;0.0;0.0;0.0;0.0;0.0;0.0;0.0;0.0;0.0;0.27609537865599837;0.0;0.0;0.0;0.0;0.0;0.0;0.0;0.0;0.0;0.0;0.0;0.0;0.0;0.0;0.0;0.21949269731285248;0.0;0.0;0.0;0.0;0.0;0.0;0.0;0.0;0.0;0.0;0.0;0.0;0.0;0.0;0.0;0.0;0.0;0.0;0.0;0.21067850679711198;0.0;1.0;0.0;0.0;0.0;0.0
