;GO:0032692;GO:0007253;GO:0032693;GO:1904057;GO:1901224;GO:0045765;GO:0051091;GO:0050796;GO:0001821;GO:0045892;GO:0045651;GO:0000060;GO:0010536;GO:0032689;GO:0072108;GO:0007260;GO:2000251;GO:0045779;GO:0071803;GO:0051897;GO:0050687;GO:0045429;GO:0033089;GO:0090312;GO:1903543;GO:0097191;GO:0045787;GO:0045669;GO:0042832;GO:0000165;GO:0071392;GO:0045672;GO:0019221;GO:0043011;GO:0060707;GO:0050691;GO:0060708;GO:0010634;GO:0031334;GO:2001240;GO:1903672;GO:0042045;GO:0002230;GO:0046888;GO:0043382;GO:0002904;GO:0010888;GO:0001938;GO:0030595;GO:0007050;GO:0045727;GO:0032494;GO:0038110;GO:0038111;GO:0050871;GO:0051044;GO:0051045;GO:0001866;GO:0072540;GO:0051607;GO:0032800;GO:0072307;GO:0060550;GO:0060552;GO:0030183;GO:0060670;GO:0042100;GO:0060559;GO:0042102;GO:1901676;GO:1904706;GO:0042104;GO:0030857;GO:0070233;GO:0045187;GO:0010469;GO:0008361;GO:0043687;GO:1904707;GO:0045079;GO:0045191;GO:0050777;GO:0050778;GO:0045639;GO:0060333;GO:1903078;GO:1901215;GO:0048469;GO:0060334;GO:0045637;GO:0071222;GO:0035729;GO:0042130;GO:0045087;GO:0070373;GO:0030838;GO:0035723;GO:0002827;GO:0071345;GO:0032695;GO:0071902;GO:0035722;GO:0042536;GO:0014068;GO:0033141;GO:0038155;GO:0046697;GO:0042531;GO:0002875;GO:0032966;GO:0032725;GO:0071650;GO:0032729;GO:0050715;GO:0034105;GO:0034465;GO:0032722;GO:0050830;GO:0014732;GO:0033138;GO:1904100;GO:0050728;GO:0000902;GO:0050729;GO:0045930;GO:0045019;GO:0032715;GO:0097011;GO:0032834;GO:0032717;GO:0008285;GO:0008284;GO:0061515;GO:0045944;GO:0060302;GO:0001892;GO:0002740;GO:0048661;GO:0032825;GO:0051024;GO:0030889;GO:0051384;GO:0048662;GO:0051142;GO:0070102;GO:0032700;GO:0032701;GO:0030886;GO:0050731;GO:0043410;GO:0048666;GO:0001781;GO:0045835;GO:0046013;GO:0032819;GO:0001779;GO:2000309;GO:2000660;GO:0051712;GO:0071305;GO:0018108;GO:0034393;GO:0032092;GO:1904894;GO:0048711;GO:0000018;GO:1903208;GO:0070091;GO:0002675;GO:0002437;GO:0043032;GO:2000676;GO:0032760;GO:0030224;GO:0030223;GO:0030225;GO:2000553;GO:1900182;GO:0090023;GO:0034021;GO:0002690;GO:0042742;GO:0045580;GO:0030217;GO:0010508;GO:0007219;GO:0044130;GO:0010628;GO:0045582;GO:0001915;GO:0010744;GO:0001916;GO:0032755;GO:0030212;GO:0033160;GO:0045347;GO:0045589;GO:1904798;GO:0045348;GO:0000122;GO:0045471;GO:0097421;GO:0032868;GO:0032747;GO:0010835;GO:0048863;GO:0048861;GO:0032740;GO:0070301;GO:2000330;GO:0050829;GO:0045918;GO:0045599;GO:0045355;GO:0002664;GO:0032735;GO:0002548;GO:0043066;GO:0042098;GO:0034116;GO:0034115;GO:0032733
GO:0032692;1.0;0.3333333333333333;0.7142857142857143;0.5;0.18181818181818182;0.3333333333333333;0.25;0.09090909090909091;0.0;0.3;0.2727272727272727;0.0;0.15384615384615385;0.7142857142857143;0.3;0.0;0.16666666666666666;0.4444444444444444;0.2;0.18181818181818182;0.375;0.18181818181818182;0.25;0.16666666666666666;0.2222222222222222;0.0;0.2222222222222222;0.3333333333333333;0.0;0.0;0.0;0.2727272727272727;0.0;0.0;0.0;0.2222222222222222;0.0;0.375;0.2222222222222222;0.3;0.3;0.0;0.2;0.375;0.2;0.14285714285714285;0.375;0.18181818181818182;0.0;0.3333333333333333;0.18181818181818182;0.0;0.0;0.0;0.18181818181818182;0.18181818181818182;0.3;0.0;0.0;0.0;0.0;0.3;0.08333333333333333;0.16666666666666666;0.0;0.0;0.0;0.18181818181818182;0.16666666666666666;0.14285714285714285;0.3;0.15384615384615385;0.3333333333333333;0.23076923076923078;0.375;0.125;0.1;0.0;0.18181818181818182;0.625;0.375;0.375;0.2222222222222222;0.3333333333333333;0.0;0.2;0.3333333333333333;0.0;0.2;0.3333333333333333;0.0;0.0;0.2727272727272727;0.0;0.2727272727272727;0.18181818181818182;0.0;0.16666666666666666;0.0;0.7142857142857143;0.07692307692307693;0.0;0.625;0.18181818181818182;0.15384615384615385;0.0;0.0;0.15384615384615385;0.3;0.3333333333333333;0.5;0.625;0.5;0.5;0.375;0.0;0.5;0.0;0.0;0.15384615384615385;0.15384615384615385;0.3333333333333333;0.0;0.2;0.3333333333333333;0.3;0.7142857142857143;0.0;0.2;0.7142857142857143;0.375;0.2222222222222222;0.0;0.16666666666666666;0.42857142857142855;0.0;0.625;0.2;0.2727272727272727;0.16666666666666666;0.2727272727272727;0.0;0.3333333333333333;0.14285714285714285;0.0;0.7142857142857143;0.7142857142857143;0.3333333333333333;0.15384615384615385;0.18181818181818182;0.0;0.0;0.3333333333333333;0.125;0.16666666666666666;0.0;0.4444444444444444;0.3;0.2222222222222222;0.0;0.0;0.15384615384615385;0.1;0.18181818181818182;0.0;0.2;0.2727272727272727;0.0;0.18181818181818182;0.0;0.2;0.15384615384615385;0.4444444444444444;0.0;0.0;0.0;0.4;0.2222222222222222;0.18181818181818182;0.0;0.2;0.0;0.2727272727272727;0.0;0.18181818181818182;0.0;0.3333333333333333;0.2;0.2727272727272727;0.3333333333333333;0.2;0.2;0.5;0.0;0.16666666666666666;0.3;0.25;0.08333333333333333;0.18181818181818182;0.2727272727272727;0.0;0.0;0.0;0.5;0.18181818181818182;0.0;0.0;0.5;0.0;0.18181818181818182;0.0;0.375;0.3333333333333333;0.625;0.3333333333333333;0.5;0.0;0.3;0.0;0.2;0.3;0.5
GO:0007253;0.3333333333333333;1.0;0.3333333333333333;0.3333333333333333;0.0;0.0;0.42857142857142855;0.0;0.16666666666666666;0.5454545454545454;0.0;0.0;0.0;0.3333333333333333;0.0;0.0;0.0;0.0;0.0;0.0;0.375;0.0;0.0;0.0;0.0;0.0;0.0;0.0;0.0;0.0;0.0;0.0;0.0;0.0;0.0;0.0;0.0;0.0;0.0;0.3;0.0;0.16666666666666666;0.0;0.375;0.0;0.0;0.375;0.0;0.0;0.0;0.46153846153846156;0.0;0.0;0.0;0.0;0.0;0.3;0.0;0.0;0.0;0.0;0.0;0.0;0.0;0.0;0.0;0.0;0.0;0.0;0.0;0.3;0.0;0.3333333333333333;0.23076923076923078;0.0;0.0;0.0;0.0;0.0;0.3;0.0;0.375;0.0;0.0;0.0;0.0;0.3333333333333333;0.0;0.0;0.0;0.0;0.0;0.2727272727272727;0.0;0.2727272727272727;0.0;0.0;0.0;0.0;0.3333333333333333;0.0;0.0;0.3;0.0;0.0;0.0;0.0;0.0;0.3;0.3333333333333333;0.0;0.3;0.0;0.0;0.0;0.0;0.0;0.0;0.0;0.0;0.4;0.3333333333333333;0.0;0.0;0.3333333333333333;0.3;0.3333333333333333;0.0;0.0;0.3333333333333333;0.375;0.0;0.0;0.5;0.42857142857142855;0.0;0.3;0.0;0.0;0.0;0.2727272727272727;0.0;0.3333333333333333;0.0;0.0;0.3333333333333333;0.3333333333333333;0.3333333333333333;0.0;0.0;0.0;0.0;0.3333333333333333;0.0;0.0;0.0;0.0;0.3;0.0;0.0;0.0;0.0;0.0;0.0;0.0;0.0;0.2727272727272727;0.0;0.0;0.0;0.0;0.0;0.0;0.0;0.0;0.0;0.0;0.0;0.0;0.0;0.0;0.0;0.0;0.0;0.0;0.0;0.3333333333333333;0.45454545454545453;0.0;0.3333333333333333;0.0;0.0;0.0;0.0;0.0;0.3;0.0;0.0;0.38461538461538464;0.5;0.0;0.0;0.0;0.0;0.0;0.0;0.0;0.0;0.0;0.0;0.0;0.375;0.3333333333333333;0.3;0.0;0.0;0.0;0.3;0.0;0.0;0.3;0.0
GO:0032693;0.7142857142857143;0.3333333333333333;1.0;0.5;0.18181818181818182;0.3333333333333333;0.25;0.09090909090909091;0.0;0.3;0.2727272727272727;0.0;0.15384615384615385;0.7142857142857143;0.3;0.0;0.16666666666666666;0.4444444444444444;0.2;0.18181818181818182;0.375;0.18181818181818182;0.25;0.16666666666666666;0.2222222222222222;0.0;0.2222222222222222;0.3333333333333333;0.0;0.0;0.0;0.2727272727272727;0.0;0.0;0.0;0.2222222222222222;0.0;0.375;0.2222222222222222;0.3;0.3;0.0;0.2;0.375;0.2;0.14285714285714285;0.375;0.18181818181818182;0.0;0.3333333333333333;0.18181818181818182;0.0;0.0;0.0;0.18181818181818182;0.18181818181818182;0.3;0.0;0.0;0.0;0.0;0.3;0.08333333333333333;0.16666666666666666;0.0;0.0;0.0;0.18181818181818182;0.16666666666666666;0.14285714285714285;0.3;0.15384615384615385;0.3333333333333333;0.23076923076923078;0.375;0.125;0.1;0.0;0.18181818181818182;0.625;0.375;0.375;0.2222222222222222;0.3333333333333333;0.0;0.2;0.3333333333333333;0.0;0.2;0.3333333333333333;0.0;0.0;0.2727272727272727;0.0;0.2727272727272727;0.18181818181818182;0.0;0.16666666666666666;0.0;0.7142857142857143;0.07692307692307693;0.0;0.625;0.18181818181818182;0.15384615384615385;0.0;0.0;0.15384615384615385;0.3;0.3333333333333333;0.5;0.625;0.5;0.5;0.375;0.0;0.5;0.0;0.0;0.15384615384615385;0.15384615384615385;0.3333333333333333;0.0;0.2;0.3333333333333333;0.3;0.7142857142857143;0.0;0.2;0.7142857142857143;0.375;0.2222222222222222;0.0;0.16666666666666666;0.42857142857142855;0.0;0.625;0.2;0.2727272727272727;0.16666666666666666;0.2727272727272727;0.0;0.3333333333333333;0.14285714285714285;0.0;0.7142857142857143;0.7142857142857143;0.3333333333333333;0.15384615384615385;0.18181818181818182;0.0;0.0;0.3333333333333333;0.125;0.16666666666666666;0.0;0.4444444444444444;0.3;0.2222222222222222;0.0;0.0;0.15384615384615385;0.1;0.18181818181818182;0.0;0.2;0.2727272727272727;0.0;0.18181818181818182;0.0;0.2;0.15384615384615385;0.4444444444444444;0.0;0.0;0.0;0.4;0.2222222222222222;0.18181818181818182;0.0;0.2;0.0;0.2727272727272727;0.0;0.18181818181818182;0.0;0.3333333333333333;0.2;0.2727272727272727;0.3333333333333333;0.2;0.2;0.5;0.0;0.16666666666666666;0.3;0.25;0.08333333333333333;0.18181818181818182;0.2727272727272727;0.0;0.0;0.0;0.5;0.18181818181818182;0.0;0.0;0.5;0.0;0.18181818181818182;0.0;0.375;0.3333333333333333;0.625;0.3333333333333333;0.5;0.0;0.3;0.0;0.2;0.3;0.7142857142857143
GO:1904057;0.5;0.3333333333333333;0.5;1.0;0.18181818181818182;0.3333333333333333;0.25;0.09090909090909091;0.0;0.3;0.2727272727272727;0.0;0.15384615384615385;0.5;0.3;0.0;0.16666666666666666;0.4444444444444444;0.2;0.18181818181818182;0.375;0.18181818181818182;0.25;0.16666666666666666;0.2222222222222222;0.0;0.2222222222222222;0.3333333333333333;0.0;0.0;0.0;0.2727272727272727;0.0;0.0;0.0;0.2222222222222222;0.0;0.375;0.2222222222222222;0.3;0.3;0.0;0.2;0.375;0.2;0.14285714285714285;0.375;0.18181818181818182;0.0;0.3333333333333333;0.18181818181818182;0.0;0.0;0.0;0.18181818181818182;0.18181818181818182;0.3;0.0;0.0;0.0;0.0;0.3;0.08333333333333333;0.16666666666666666;0.0;0.0;0.0;0.18181818181818182;0.16666666666666666;0.14285714285714285;0.3;0.15384615384615385;0.3333333333333333;0.23076923076923078;0.375;0.125;0.1;0.0;0.18181818181818182;0.4444444444444444;0.375;0.375;0.2222222222222222;0.3333333333333333;0.0;0.2;0.3333333333333333;0.0;0.2;0.3333333333333333;0.0;0.0;0.2727272727272727;0.0;0.2727272727272727;0.18181818181818182;0.0;0.16666666666666666;0.0;0.5;0.07692307692307693;0.0;0.4444444444444444;0.18181818181818182;0.15384615384615385;0.0;0.0;0.15384615384615385;0.3;0.3333333333333333;0.3333333333333333;0.4444444444444444;0.3333333333333333;0.3333333333333333;0.375;0.0;0.3333333333333333;0.0;0.0;0.15384615384615385;0.15384615384615385;0.3333333333333333;0.0;0.2;0.3333333333333333;0.3;0.5;0.0;0.2;0.5;0.375;0.2222222222222222;0.0;0.16666666666666666;0.42857142857142855;0.0;0.4444444444444444;0.2;0.2727272727272727;0.16666666666666666;0.2727272727272727;0.0;0.3333333333333333;0.14285714285714285;0.0;0.5;0.5;0.3333333333333333;0.15384615384615385;0.18181818181818182;0.0;0.0;0.3333333333333333;0.125;0.16666666666666666;0.0;0.3;0.3;0.2222222222222222;0.0;0.0;0.15384615384615385;0.1;0.18181818181818182;0.0;0.2;0.2727272727272727;0.0;0.18181818181818182;0.0;0.2;0.15384615384615385;0.3;0.0;0.0;0.0;0.2727272727272727;0.2222222222222222;0.18181818181818182;0.0;0.2;0.0;0.2727272727272727;0.0;0.18181818181818182;0.0;0.3333333333333333;0.2;0.2727272727272727;0.3333333333333333;0.2;0.2;0.3333333333333333;0.0;0.16666666666666666;0.3;0.25;0.08333333333333333;0.18181818181818182;0.2727272727272727;0.0;0.0;0.0;0.3333333333333333;0.18181818181818182;0.0;0.0;0.3333333333333333;0.0;0.18181818181818182;0.0;0.375;0.3333333333333333;0.4444444444444444;0.3333333333333333;0.3333333333333333;0.0;0.3;0.0;0.2;0.3;0.3333333333333333
GO:1901224;0.18181818181818182;0.0;0.18181818181818182;0.18181818181818182;1.0;0.2;0.375;0.3;0.0;0.23076923076923078;0.3333333333333333;0.0;0.6;0.18181818181818182;0.3;0.0;0.3333333333333333;0.1;0.3;0.75;0.3;0.36363636363636365;0.3076923076923077;0.3333333333333333;0.3333333333333333;0.0;0.4444444444444444;0.4;0.0;0.0;0.0;0.3333333333333333;0.0;0.0;0.0;0.3;0.0;0.3333333333333333;0.3333333333333333;0.4;0.2727272727272727;0.0;0.2727272727272727;0.3333333333333333;0.4444444444444444;0.2857142857142857;0.2;0.36363636363636365;0.0;0.0;0.36363636363636365;0.0;0.0;0.0;0.2727272727272727;0.36363636363636365;0.25;0.0;0.0;0.0;0.0;0.23076923076923078;0.2857142857142857;0.3333333333333333;0.0;0.0;0.0;0.2727272727272727;0.25;0.2857142857142857;0.25;0.23076923076923078;0.2727272727272727;0.2;0.2;0.5;0.09090909090909091;0.0;0.36363636363636365;0.23076923076923078;0.2;0.3333333333333333;0.5;0.4;0.0;0.3;0.2727272727272727;0.0;0.4444444444444444;0.3;0.0;0.0;0.21428571428571427;0.0;0.5;0.36363636363636365;0.0;0.36363636363636365;0.0;0.18181818181818182;0.26666666666666666;0.0;0.23076923076923078;0.75;0.45454545454545453;0.0;0.0;0.6;0.2727272727272727;0.18181818181818182;0.3;0.16666666666666666;0.3;0.3;0.3333333333333333;0.0;0.3;0.0;0.0;0.3076923076923077;0.3076923076923077;0.3;0.0;0.4444444444444444;0.2727272727272727;0.25;0.18181818181818182;0.0;0.4444444444444444;0.18181818181818182;0.3;0.4444444444444444;0.0;0.25;0.4;0.0;0.2727272727272727;0.4;0.3333333333333333;0.36363636363636365;0.21428571428571427;0.0;0.2727272727272727;0.21428571428571427;0.0;0.18181818181818182;0.18181818181818182;0.25;0.3076923076923077;0.75;0.0;0.0;0.25;0.1111111111111111;0.25;0.0;0.2727272727272727;0.4;0.3333333333333333;0.0;0.0;0.3076923076923077;0.09090909090909091;0.75;0.0;0.25;0.25;0.0;0.4;0.0;0.3;0.3076923076923077;0.2727272727272727;0.0;0.0;0.0;0.4;0.3333333333333333;0.2727272727272727;0.0;0.4;0.0;0.25;0.0;0.36363636363636365;0.0;0.2;0.3;0.3333333333333333;0.18181818181818182;0.4;0.3;0.3;0.0;0.25;0.16666666666666666;0.23076923076923078;0.07692307692307693;0.2727272727272727;0.21428571428571427;0.0;0.0;0.0;0.3;0.25;0.0;0.0;0.3;0.0;0.36363636363636365;0.0;0.3;0.2727272727272727;0.23076923076923078;0.2;0.3;0.0;0.25;0.0;0.3;0.25;0.3
GO:0045765;0.3333333333333333;0.0;0.3333333333333333;0.3333333333333333;0.2;1.0;0.2857142857142857;0.1;0.0;0.2;0.3;0.0;0.16666666666666666;0.3333333333333333;0.5;0.0;0.18181818181818182;0.125;0.2222222222222222;0.2;0.25;0.2;0.2727272727272727;0.18181818181818182;0.25;0.0;0.25;0.375;0.0;0.0;0.0;0.3;0.0;0.0;0.0;0.25;0.0;0.375;0.25;0.2;0.7142857142857143;0.0;0.2222222222222222;0.25;0.2222222222222222;0.15384615384615385;0.25;0.2;0.0;0.0;0.2;0.0;0.0;0.0;0.2;0.2;0.2;0.0;0.0;0.0;0.0;0.4444444444444444;0.09090909090909091;0.18181818181818182;0.0;0.0;0.0;0.2;0.18181818181818182;0.15384615384615385;0.2;0.16666666666666666;0.5;0.15384615384615385;0.375;0.14285714285714285;0.1111111111111111;0.0;0.2;0.3;0.5714285714285714;0.25;0.25;0.375;0.0;0.2222222222222222;0.2222222222222222;0.0;0.2222222222222222;0.42857142857142855;0.0;0.0;0.18181818181818182;0.0;0.18181818181818182;0.2;0.0;0.18181818181818182;0.0;0.3333333333333333;0.08333333333333333;0.0;0.3;0.2;0.16666666666666666;0.0;0.0;0.16666666666666666;0.2;0.2222222222222222;0.3333333333333333;0.3;0.3333333333333333;0.3333333333333333;0.375;0.0;0.3333333333333333;0.0;0.0;0.16666666666666666;0.16666666666666666;0.2222222222222222;0.0;0.2222222222222222;0.2222222222222222;0.2;0.3333333333333333;0.0;0.2222222222222222;0.3333333333333333;0.25;0.25;0.0;0.18181818181818182;0.2857142857142857;0.0;0.3;0.2222222222222222;0.3;0.18181818181818182;0.18181818181818182;0.0;0.2222222222222222;0.15384615384615385;0.0;0.3333333333333333;0.3333333333333333;0.2222222222222222;0.16666666666666666;0.2;0.0;0.0;0.2222222222222222;0.14285714285714285;0.18181818181818182;0.0;0.3;0.2;0.25;0.0;0.0;0.16666666666666666;0.1111111111111111;0.2;0.0;0.2222222222222222;0.18181818181818182;0.0;0.2;0.0;0.2222222222222222;0.16666666666666666;0.3;0.0;0.0;0.0;0.2727272727272727;0.25;0.2;0.0;0.2222222222222222;0.0;0.3333333333333333;0.0;0.2;0.0;0.25;0.2222222222222222;0.3;0.2222222222222222;0.375;0.2222222222222222;0.3333333333333333;0.0;0.18181818181818182;0.2;0.3;0.09090909090909091;0.2;0.18181818181818182;0.0;0.0;0.0;0.3333333333333333;0.2;0.0;0.0;0.3333333333333333;0.0;0.3333333333333333;0.0;0.25;0.375;0.3;0.5;0.3333333333333333;0.0;0.2;0.0;0.2222222222222222;0.5;0.3333333333333333
GO:0051091;0.25;0.42857142857142855;0.25;0.25;0.375;0.2857142857142857;1.0;0.1111111111111111;0.0;0.6666666666666666;0.3333333333333333;0.0;0.3333333333333333;0.25;0.42857142857142855;0.0;0.3333333333333333;0.14285714285714285;0.42857142857142855;0.375;0.2857142857142857;0.375;0.3;0.3333333333333333;0.5;0.0;0.5;0.42857142857142855;0.0;0.0;0.0;0.3333333333333333;0.0;0.0;0.0;0.2857142857142857;0.0;0.5;0.5;0.2222222222222222;0.375;0.0;0.25;0.2857142857142857;0.42857142857142855;0.2727272727272727;0.2857142857142857;0.375;0.0;0.0;0.375;0.0;0.0;0.0;0.375;0.375;0.2222222222222222;0.0;0.0;0.0;0.0;0.2222222222222222;0.375;0.3333333333333333;0.0;0.0;0.0;0.375;0.3333333333333333;0.2727272727272727;0.2222222222222222;0.3;0.25;0.16666666666666666;0.2857142857142857;0.4;0.125;0.0;0.375;0.4166666666666667;0.2857142857142857;0.2857142857142857;0.5;0.42857142857142855;0.0;0.42857142857142855;0.25;0.0;0.25;0.2857142857142857;0.0;0.0;0.2;0.0;0.2;0.375;0.0;0.3333333333333333;0.0;0.25;0.3333333333333333;0.0;0.4166666666666667;0.375;0.25;0.0;0.0;0.3;0.2222222222222222;0.25;0.42857142857142855;0.2222222222222222;0.42857142857142855;0.42857142857142855;0.5;0.0;0.42857142857142855;0.0;0.0;0.3;0.3;0.25;0.0;0.42857142857142855;0.25;0.45454545454545453;0.25;0.0;0.42857142857142855;0.25;0.2857142857142857;0.5;0.0;0.6;0.3333333333333333;0.0;0.2222222222222222;0.42857142857142855;0.3333333333333333;0.3333333333333333;0.2;0.0;0.25;0.2727272727272727;0.0;0.25;0.25;0.25;0.3;0.375;0.0;0.0;0.25;0.16666666666666666;0.3333333333333333;0.0;0.375;0.2222222222222222;0.5;0.0;0.0;0.3;0.5;0.375;0.0;0.4;0.2;0.0;0.375;0.0;0.42857142857142855;0.3;0.375;0.0;0.0;0.0;0.375;0.5;0.375;0.0;0.42857142857142855;0.0;0.2222222222222222;0.0;0.375;0.0;0.2857142857142857;0.42857142857142855;0.3333333333333333;0.25;0.42857142857142855;0.42857142857142855;0.42857142857142855;0.0;0.3333333333333333;0.45454545454545453;0.2;0.375;0.375;0.6;0.0;0.0;0.0;0.42857142857142855;0.2222222222222222;0.0;0.0;0.42857142857142855;0.0;0.375;0.0;0.2857142857142857;0.25;0.4166666666666667;0.2857142857142857;0.42857142857142855;0.0;0.2222222222222222;0.0;0.42857142857142855;0.25;0.42857142857142855
GO:0050796;0.09090909090909091;0.0;0.09090909090909091;0.09090909090909091;0.3;0.1;0.1111111111111111;1.0;0.0;0.2727272727272727;0.2727272727272727;0.0;0.25;0.09090909090909091;0.2727272727272727;0.0;0.2727272727272727;0.25;0.3;0.3;0.1;0.2222222222222222;0.25;0.2727272727272727;0.4444444444444444;0.3333333333333333;0.375;0.3333333333333333;0.0;0.3333333333333333;0.0;0.2727272727272727;0.3333333333333333;0.0;0.0;0.1;0.0;0.2727272727272727;0.3333333333333333;0.3;0.08333333333333333;0.0;0.09090909090909091;0.5714285714285714;0.25;0.23076923076923078;0.25;0.3;0.0;0.3333333333333333;0.3;0.0;0.0;0.0;0.2727272727272727;0.3;0.3;0.0;0.0;0.0;0.0;0.2727272727272727;0.23076923076923078;0.2727272727272727;0.0;0.0;0.0;0.3;0.25;0.23076923076923078;0.3;0.23076923076923078;0.3333333333333333;0.23076923076923078;0.1;0.375;0.2222222222222222;0.0;0.3;0.2727272727272727;0.2727272727272727;0.1;0.1;0.3333333333333333;0.0;0.3333333333333333;0.3333333333333333;0.0;0.3333333333333333;0.375;0.0;0.0;0.25;0.0;0.2727272727272727;0.3;0.0;0.07692307692307693;0.0;0.09090909090909091;0.21428571428571427;0.0;0.2727272727272727;0.3;0.25;0.0;0.0;0.25;0.08333333333333333;0.09090909090909091;0.09090909090909091;0.08333333333333333;0.09090909090909091;0.625;0.1;0.0;0.09090909090909091;0.0;0.0;0.25;0.25;0.09090909090909091;0.0;0.09090909090909091;0.3333333333333333;0.2222222222222222;0.09090909090909091;0.0;0.09090909090909091;0.09090909090909091;0.375;0.375;0.0;0.25;0.3;0.0;0.5555555555555556;0.3333333333333333;0.2727272727272727;0.625;0.25;0.0;0.3333333333333333;0.21428571428571427;0.0;0.09090909090909091;0.09090909090909091;0.3;0.25;0.3;0.0;0.0;0.3;0.2857142857142857;0.25;0.0;0.08333333333333333;0.3;0.1;0.0;0.0;0.25;0.1;0.3;0.0;0.3;0.2727272727272727;0.0;0.08333333333333333;0.0;0.3;0.25;0.08333333333333333;0.0;0.0;0.0;0.08333333333333333;0.36363636363636365;0.23076923076923078;0.0;0.25;0.0;0.3;0.0;0.3;0.3333333333333333;0.1;0.09090909090909091;0.2727272727272727;0.09090909090909091;0.3333333333333333;0.09090909090909091;0.09090909090909091;0.0;0.5;0.08333333333333333;0.2727272727272727;0.08333333333333333;0.08333333333333333;0.25;0.0;0.0;0.0;0.09090909090909091;0.3;0.0;0.0;0.09090909090909091;0.0;0.3;0.0;0.375;0.3333333333333333;0.2727272727272727;0.1;0.09090909090909091;0.0;0.3;0.0;0.09090909090909091;0.3;0.09090909090909091
GO:0001821;0.0;0.16666666666666666;0.0;0.0;0.0;0.0;0.0;0.0;1.0;0.0;0.0;0.5;0.0;0.0;0.0;0.0;0.0;0.0;0.0;0.0;0.0;0.0;0.0;0.0;0.0;0.0;0.0;0.0;0.0;0.0;0.0;0.0;0.0;0.0;0.0;0.0;0.0;0.0;0.0;0.0;0.0;0.42857142857142855;0.0;0.0;0.0;0.0;0.0;0.0;0.0;0.0;0.0;0.0;0.0;0.0;0.0;0.0;0.0;0.0;0.0;0.0;0.0;0.0;0.0;0.0;0.0;0.0;0.0;0.0;0.0;0.0;0.0;0.0;0.0;0.0;0.0;0.0;0.0;0.0;0.0;0.0;0.0;0.0;0.0;0.0;0.0;0.0;0.0;0.0;0.0;0.0;0.0;0.0;0.0;0.0;0.0;0.0;0.0;0.0;0.0;0.0;0.0;0.0;0.0;0.0;0.0;0.0;0.0;0.0;0.0;0.0;0.0;0.0;0.0;0.0;0.0;0.0;0.0;0.0;0.0;0.0;0.0;0.0;0.0;0.0;0.0;0.0;0.0;0.0;0.0;0.0;0.0;0.0;0.0;0.0;0.0;0.0;0.0;0.0;0.0;0.0;0.0;0.0;0.0;0.0;0.0;0.0;0.0;0.0;0.0;0.0;0.0;0.0;0.0;0.0;0.0;0.0;0.0;0.0;0.0;0.0;0.0;0.0;0.0;0.0;0.0;0.0;0.0;0.5;0.0;0.0;0.0;0.0;0.0;0.0;0.0;0.0;0.0;0.0;0.0;0.0;0.0;0.0;0.0;0.0;0.0;0.0;0.0;0.0;0.0;0.0;0.0;0.0;0.0;0.0;0.0;0.0;0.0;0.0;0.0;0.0;0.0;0.0;0.0;0.0;0.0;0.0;0.0;0.0;0.0;0.0;0.0;0.0;0.0;0.0;0.0;0.0;0.0;0.0;0.0;0.0;0.0;0.0
GO:0045892;0.3;0.5454545454545454;0.3;0.3;0.23076923076923078;0.2;0.6666666666666666;0.2727272727272727;0.0;1.0;0.23076923076923078;0.0;0.2857142857142857;0.3;0.18181818181818182;0.0;0.23076923076923078;0.2727272727272727;0.25;0.23076923076923078;0.3333333333333333;0.5;0.21428571428571427;0.3333333333333333;0.2;0.2727272727272727;0.3;0.2727272727272727;0.0;0.2727272727272727;0.0;0.23076923076923078;0.2727272727272727;0.0;0.0;0.2;0.0;0.2;0.2727272727272727;0.2727272727272727;0.16666666666666666;0.0;0.18181818181818182;0.3333333333333333;0.18181818181818182;0.2;0.3333333333333333;0.25;0.0;0.4;0.6;0.0;0.0;0.0;0.23076923076923078;0.36363636363636365;0.5;0.0;0.0;0.0;0.0;0.23076923076923078;0.2857142857142857;0.3333333333333333;0.0;0.0;0.0;0.45454545454545453;0.21428571428571427;0.2857142857142857;0.36363636363636365;0.2;0.4;0.2857142857142857;0.2;0.2727272727272727;0.09090909090909091;0.0;0.25;0.6;0.4;0.3333333333333333;0.2;0.2727272727272727;0.0;0.18181818181818182;0.4;0.0;0.25;0.3;0.0;0.0;0.25;0.0;0.38461538461538464;0.25;0.0;0.15384615384615385;0.0;0.3;0.2857142857142857;0.0;0.6;0.23076923076923078;0.2857142857142857;0.0;0.0;0.2857142857142857;0.2727272727272727;0.5555555555555556;0.18181818181818182;0.2727272727272727;0.18181818181818182;0.25;0.2;0.0;0.18181818181818182;0.0;0.0;0.3076923076923077;0.5;0.3;0.0;0.18181818181818182;0.4;0.6666666666666666;0.3;0.0;0.18181818181818182;0.3;0.4444444444444444;0.3;0.0;0.6666666666666666;0.375;0.0;0.2727272727272727;0.2727272727272727;0.23076923076923078;0.25;0.25;0.0;0.4;0.1875;0.0;0.3;0.3;0.3;0.3076923076923077;0.3076923076923077;0.0;0.0;0.3;0.1111111111111111;0.21428571428571427;0.0;0.16666666666666666;0.2727272727272727;0.2;0.0;0.0;0.21428571428571427;0.09090909090909091;0.23076923076923078;0.0;0.4444444444444444;0.3333333333333333;0.0;0.16666666666666666;0.0;0.25;0.21428571428571427;0.16666666666666666;0.0;0.0;0.0;0.16666666666666666;0.2;0.16666666666666666;0.0;0.18181818181818182;0.0;0.25;0.0;0.36363636363636365;0.2727272727272727;0.3;0.625;0.23076923076923078;0.3;0.2727272727272727;0.18181818181818182;0.18181818181818182;0.0;0.15384615384615385;0.6666666666666666;0.23076923076923078;0.07692307692307693;0.5;0.875;0.0;0.0;0.0;0.18181818181818182;0.36363636363636365;0.0;0.0;0.18181818181818182;0.0;0.25;0.0;0.4444444444444444;0.4;0.6;0.2;0.18181818181818182;0.0;0.36363636363636365;0.0;0.18181818181818182;0.36363636363636365;0.18181818181818182
GO:0045651;0.2727272727272727;0.0;0.2727272727272727;0.2727272727272727;0.3333333333333333;0.3;0.3333333333333333;0.2727272727272727;0.0;0.23076923076923078;1.0;0.0;0.2857142857142857;0.2727272727272727;0.4;0.0;0.3333333333333333;0.25;0.36363636363636365;0.3333333333333333;0.2727272727272727;0.36363636363636365;0.5454545454545454;0.3333333333333333;0.3;0.2727272727272727;0.4444444444444444;0.5555555555555556;0.0;0.2727272727272727;0.0;0.7777777777777778;0.2727272727272727;0.0;0.0;0.2727272727272727;0.0;0.4444444444444444;0.4;0.23076923076923078;0.36363636363636365;0.0;0.25;0.2727272727272727;0.5454545454545454;0.2857142857142857;0.18181818181818182;0.36363636363636365;0.0;0.2727272727272727;0.36363636363636365;0.0;0.25;0.25;0.36363636363636365;0.36363636363636365;0.25;0.0;0.0;0.0;0.0;0.3333333333333333;0.2857142857142857;0.3333333333333333;0.0;0.0;0.0;0.3333333333333333;0.3333333333333333;0.2857142857142857;0.25;0.3076923076923077;0.4;0.2;0.3;0.2727272727272727;0.08333333333333333;0.0;0.36363636363636365;0.25;0.4;0.3;0.4444444444444444;0.75;0.25;0.2727272727272727;0.2727272727272727;0.0;0.25;0.625;0.0;0.0;0.23076923076923078;0.0;0.21428571428571427;0.36363636363636365;0.25;0.3333333333333333;0.0;0.2727272727272727;0.26666666666666666;0.25;0.25;0.3333333333333333;0.26666666666666666;0.25;0.0;0.2857142857142857;0.25;0.16666666666666666;0.4;0.25;0.4;0.4;0.4444444444444444;0.0;0.4;0.0;0.0;0.3076923076923077;0.3076923076923077;0.16666666666666666;0.0;0.2727272727272727;0.2727272727272727;0.25;0.2727272727272727;0.0;0.4;0.2727272727272727;0.3;0.4444444444444444;0.0;0.23076923076923078;0.2;0.0;0.25;0.4;0.6;0.36363636363636365;0.23076923076923078;0.0;0.2727272727272727;0.2857142857142857;0.25;0.2727272727272727;0.2727272727272727;0.2727272727272727;0.3076923076923077;0.3333333333333333;0.0;0.0;0.25;0.1;0.3333333333333333;0.0;0.36363636363636365;0.23076923076923078;0.3;0.0;0.0;0.3076923076923077;0.08333333333333333;0.3333333333333333;0.38461538461538464;0.25;0.23076923076923078;0.0;0.25;0.0;0.4;0.3076923076923077;0.36363636363636365;0.0;0.0;0.0;0.36363636363636365;0.3;0.36363636363636365;0.0;0.4;0.0;0.5;0.0;0.36363636363636365;0.2727272727272727;0.18181818181818182;0.2727272727272727;0.6;0.16666666666666666;0.5555555555555556;0.2727272727272727;0.4;0.0;0.23076923076923078;0.15384615384615385;0.45454545454545453;0.07142857142857142;0.25;0.21428571428571427;0.0;0.0;0.0;0.4;0.25;0.0;0.25;0.4;0.0;0.5;0.0;0.3;0.4;0.25;0.3;0.4;0.0;0.25;0.0;0.2727272727272727;0.25;0.4
GO:0000060;0.0;0.0;0.0;0.0;0.0;0.0;0.0;0.0;0.5;0.0;0.0;1.0;0.0;0.0;0.0;0.0;0.0;0.0;0.0;0.0;0.0;0.0;0.0;0.0;0.0;0.0;0.0;0.0;0.0;0.0;0.0;0.0;0.0;0.0;0.0;0.0;0.0;0.0;0.0;0.0;0.0;0.5;0.0;0.0;0.0;0.0;0.0;0.0;0.0;0.0;0.0;0.0;0.0;0.0;0.0;0.0;0.0;0.0;0.0;0.0;0.0;0.0;0.0;0.0;0.0;0.0;0.0;0.0;0.0;0.0;0.0;0.0;0.0;0.0;0.0;0.0;0.0;0.0;0.0;0.0;0.0;0.0;0.0;0.0;0.0;0.0;0.0;0.0;0.0;0.0;0.0;0.0;0.0;0.0;0.0;0.0;0.0;0.0;0.0;0.0;0.0;0.0;0.0;0.0;0.0;0.0;0.0;0.0;0.0;0.0;0.0;0.0;0.0;0.0;0.0;0.0;0.0;0.0;0.0;0.0;0.0;0.0;0.0;0.0;0.0;0.0;0.0;0.0;0.0;0.0;0.0;0.0;0.0;0.0;0.0;0.0;0.0;0.0;0.0;0.0;0.0;0.0;0.0;0.0;0.0;0.0;0.0;0.0;0.0;0.0;0.0;0.0;0.0;0.0;0.0;0.0;0.0;0.0;0.0;0.0;0.0;0.0;0.0;0.0;0.0;0.0;0.0;0.0;0.0;0.0;0.0;0.0;0.0;0.0;0.0;0.0;0.0;0.0;0.0;0.0;0.0;0.0;0.0;0.0;0.0;0.0;0.0;0.0;0.0;0.0;0.0;0.0;0.0;0.0;0.0;0.0;0.0;0.0;0.0;0.0;0.0;0.0;0.0;0.0;0.0;0.0;0.0;0.0;0.0;0.0;0.0;0.0;0.0;0.0;0.0;0.0;0.0;0.0;0.0;0.0;0.0;0.0
GO:0010536;0.15384615384615385;0.0;0.15384615384615385;0.15384615384615385;0.6;0.16666666666666666;0.3333333333333333;0.25;0.0;0.2857142857142857;0.2857142857142857;0.0;1.0;0.15384615384615385;0.25;0.0;0.2857142857142857;0.08333333333333333;0.25;0.6;0.25;0.38461538461538464;0.26666666666666666;0.6363636363636364;0.2727272727272727;0.23076923076923078;0.36363636363636365;0.3333333333333333;0.0;0.23076923076923078;0.0;0.2857142857142857;0.23076923076923078;0.0;0.0;0.25;0.0;0.2727272727272727;0.2727272727272727;0.3333333333333333;0.23076923076923078;0.0;0.23076923076923078;0.2727272727272727;0.36363636363636365;0.25;0.16666666666666666;0.3076923076923077;0.0;0.23076923076923078;0.5454545454545454;0.0;0.0;0.0;0.23076923076923078;0.5;0.4166666666666667;0.0;0.0;0.0;0.0;0.2;0.5;0.5833333333333334;0.0;0.0;0.0;0.36363636363636365;0.21428571428571427;0.5384615384615384;0.21428571428571427;0.2;0.23076923076923078;0.17647058823529413;0.16666666666666666;0.4;0.07692307692307693;0.0;0.3076923076923077;0.35714285714285715;0.2857142857142857;0.2727272727272727;0.4;0.3333333333333333;0.0;0.25;0.23076923076923078;0.0;0.36363636363636365;0.25;0.0;0.0;0.1875;0.0;0.5384615384615384;0.3076923076923077;0.0;0.3076923076923077;0.0;0.15384615384615385;0.7777777777777778;0.0;0.35714285714285715;0.6;0.6363636363636364;0.0;0.0;0.8;0.23076923076923078;0.21428571428571427;0.25;0.14285714285714285;0.25;0.25;0.2727272727272727;0.0;0.25;0.0;0.0;0.7272727272727273;0.5833333333333334;0.25;0.0;0.36363636363636365;0.23076923076923078;0.2857142857142857;0.15384615384615385;0.0;0.36363636363636365;0.15384615384615385;0.25;0.36363636363636365;0.0;0.35714285714285715;0.3333333333333333;0.0;0.23076923076923078;0.3333333333333333;0.2857142857142857;0.3076923076923077;0.1875;0.0;0.23076923076923078;0.1875;0.0;0.15384615384615385;0.15384615384615385;0.21428571428571427;0.9;0.7272727272727273;0.0;0.0;0.21428571428571427;0.09090909090909091;0.21428571428571427;0.0;0.23076923076923078;0.3333333333333333;0.2727272727272727;0.0;0.0;0.26666666666666666;0.3;0.7777777777777778;0.0;0.3076923076923077;0.21428571428571427;0.0;0.3333333333333333;0.0;0.25;0.26666666666666666;0.23076923076923078;0.0;0.0;0.0;0.3333333333333333;0.2727272727272727;0.23076923076923078;0.0;0.3333333333333333;0.0;0.21428571428571427;0.0;0.38461538461538464;0.23076923076923078;0.16666666666666666;0.4166666666666667;0.2857142857142857;0.15384615384615385;0.3333333333333333;0.25;0.25;0.0;0.21428571428571427;0.2857142857142857;0.2;0.25;0.38461538461538464;0.26666666666666666;0.0;0.0;0.0;0.25;0.5454545454545454;0.0;0.0;0.25;0.0;0.3076923076923077;0.0;0.25;0.23076923076923078;0.35714285714285715;0.16666666666666666;0.25;0.0;0.21428571428571427;0.0;0.25;0.21428571428571427;0.25
GO:0032689;0.7142857142857143;0.3333333333333333;0.7142857142857143;0.5;0.18181818181818182;0.3333333333333333;0.25;0.09090909090909091;0.0;0.3;0.2727272727272727;0.0;0.15384615384615385;1.0;0.3;0.0;0.16666666666666666;0.4444444444444444;0.2;0.18181818181818182;0.375;0.18181818181818182;0.25;0.16666666666666666;0.2222222222222222;0.0;0.2222222222222222;0.3333333333333333;0.0;0.0;0.0;0.2727272727272727;0.0;0.0;0.0;0.2222222222222222;0.0;0.375;0.2222222222222222;0.3;0.3;0.0;0.2;0.375;0.2;0.14285714285714285;0.375;0.18181818181818182;0.0;0.3333333333333333;0.18181818181818182;0.0;0.0;0.0;0.18181818181818182;0.18181818181818182;0.3;0.0;0.0;0.0;0.0;0.3;0.08333333333333333;0.16666666666666666;0.0;0.0;0.0;0.18181818181818182;0.16666666666666666;0.14285714285714285;0.3;0.15384615384615385;0.3333333333333333;0.23076923076923078;0.375;0.125;0.1;0.0;0.18181818181818182;0.625;0.375;0.375;0.2222222222222222;0.3333333333333333;0.0;0.2;0.3333333333333333;0.0;0.2;0.3333333333333333;0.0;0.0;0.2727272727272727;0.0;0.2727272727272727;0.18181818181818182;0.0;0.16666666666666666;0.0;0.7142857142857143;0.07692307692307693;0.0;0.625;0.18181818181818182;0.15384615384615385;0.0;0.0;0.15384615384615385;0.3;0.3333333333333333;0.5;0.625;0.7142857142857143;0.5;0.375;0.0;0.5;0.0;0.0;0.15384615384615385;0.15384615384615385;0.3333333333333333;0.0;0.2;0.3333333333333333;0.3;0.7142857142857143;0.0;0.2;0.7142857142857143;0.375;0.2222222222222222;0.0;0.16666666666666666;0.42857142857142855;0.0;0.625;0.2;0.2727272727272727;0.16666666666666666;0.2727272727272727;0.0;0.3333333333333333;0.14285714285714285;0.0;0.7142857142857143;0.7142857142857143;0.3333333333333333;0.15384615384615385;0.18181818181818182;0.0;0.0;0.3333333333333333;0.125;0.16666666666666666;0.0;0.4444444444444444;0.3;0.2222222222222222;0.0;0.0;0.15384615384615385;0.1;0.18181818181818182;0.0;0.2;0.2727272727272727;0.0;0.18181818181818182;0.0;0.2;0.15384615384615385;0.4444444444444444;0.0;0.0;0.0;0.4;0.2222222222222222;0.18181818181818182;0.0;0.2;0.0;0.2727272727272727;0.0;0.18181818181818182;0.0;0.3333333333333333;0.2;0.2727272727272727;0.3333333333333333;0.2;0.2;0.5;0.0;0.16666666666666666;0.3;0.25;0.08333333333333333;0.18181818181818182;0.2727272727272727;0.0;0.0;0.0;0.5;0.18181818181818182;0.0;0.0;0.5;0.0;0.18181818181818182;0.0;0.375;0.3333333333333333;0.625;0.3333333333333333;0.5;0.0;0.3;0.0;0.2;0.3;0.5
GO:0072108;0.3;0.0;0.3;0.3;0.3;0.5;0.42857142857142855;0.2727272727272727;0.0;0.18181818181818182;0.4;0.0;0.25;0.3;1.0;0.0;0.2727272727272727;0.1111111111111111;0.3333333333333333;0.3;0.2222222222222222;0.3;0.36363636363636365;0.2727272727272727;0.375;0.0;0.375;0.5;0.0;0.0;0.0;0.4;0.0;0.0;0.0;0.2222222222222222;0.0;0.5;0.375;0.18181818181818182;0.4444444444444444;0.0;0.2;0.2222222222222222;0.3333333333333333;0.23076923076923078;0.2222222222222222;0.3;0.0;0.0;0.3;0.0;0.0;0.0;0.3;0.3;0.25;0.0;0.0;0.0;0.0;0.6666666666666666;0.23076923076923078;0.2727272727272727;0.0;0.0;0.0;0.3;0.2727272727272727;0.23076923076923078;0.25;0.25;0.5555555555555556;0.2;0.3333333333333333;0.125;0.1;0.0;0.3;0.2727272727272727;0.5;0.2222222222222222;0.375;0.5;0.0;0.3333333333333333;0.2727272727272727;0.0;0.2;0.375;0.0;0.0;0.16666666666666666;0.0;0.16666666666666666;0.3;0.0;0.2727272727272727;0.0;0.3;0.21428571428571427;0.0;0.2727272727272727;0.3;0.21428571428571427;0.0;0.0;0.25;0.18181818181818182;0.2;0.4444444444444444;0.2727272727272727;0.4444444444444444;0.4444444444444444;0.5;0.0;0.4444444444444444;0.0;0.0;0.25;0.25;0.2;0.0;0.3333333333333333;0.2727272727272727;0.25;0.3;0.0;0.3333333333333333;0.3;0.3;0.375;0.0;0.2727272727272727;0.25;0.0;0.2727272727272727;0.3333333333333333;0.4;0.36363636363636365;0.16666666666666666;0.0;0.2727272727272727;0.23076923076923078;0.0;0.3;0.3;0.2;0.25;0.3;0.0;0.0;0.2;0.125;0.2727272727272727;0.0;0.4;0.18181818181818182;0.375;0.0;0.0;0.25;0.1;0.3;0.36363636363636365;0.2;0.23076923076923078;0.0;0.3;0.0;0.3333333333333333;0.25;0.4;0.0;0.0;0.0;0.3;0.375;0.3;0.0;0.3333333333333333;0.0;0.3;0.0;0.3;0.0;0.2222222222222222;0.3333333333333333;0.4;0.2;0.5;0.3333333333333333;0.4444444444444444;0.0;0.2727272727272727;0.18181818181818182;0.2727272727272727;0.08333333333333333;0.3;0.16666666666666666;0.0;0.0;0.0;0.4444444444444444;0.25;0.0;0.0;0.4444444444444444;0.0;0.4444444444444444;0.0;0.3;0.3333333333333333;0.2727272727272727;0.4444444444444444;0.4444444444444444;0.0;0.25;0.0;0.3333333333333333;0.4;0.4444444444444444
GO:0007260;0.0;0.0;0.0;0.0;0.0;0.0;0.0;0.0;0.0;0.0;0.0;0.0;0.0;0.0;0.0;1.0;0.0;0.0;0.0;0.0;0.0;0.0;0.0;0.0;0.0;0.0;0.0;0.0;0.0;0.0;0.16666666666666666;0.0;0.0;0.0;0.0;0.0;0.0;0.0;0.0;0.0;0.0;0.0;0.0;0.0;0.0;0.0;0.0;0.0;0.0;0.0;0.0;0.0;0.0;0.0;0.0;0.0;0.0;0.0;0.0;0.0;0.16666666666666666;0.0;0.0;0.0;0.0;0.0;0.0;0.0;0.0;0.0;0.0;0.0;0.0;0.0;0.0;0.0;0.2;0.5555555555555556;0.0;0.0;0.0;0.0;0.0;0.0;0.0;0.0;0.0;0.0;0.0;0.0;0.0;0.14285714285714285;0.0;0.0;0.0;0.125;0.0;0.0;0.16666666666666666;0.0;0.0;0.0;0.0;0.0;0.0;0.0;0.0;0.0;0.0;0.0;0.0;0.0;0.0;0.0;0.0;0.0;0.0;0.0;0.0;0.0;0.0;0.0;0.0;0.0;0.0;0.0;0.0;0.14285714285714285;0.0;0.0;0.0;0.0;0.0;0.0;0.0;0.0;0.0;0.0;0.0;0.0;0.0;0.0;0.0;0.0;0.0;0.0;0.0;0.0;0.0;0.0;0.0;0.0;0.0;0.0;0.0;0.0;0.0;0.0;0.0;0.16666666666666666;0.875;0.0;0.0;0.0;0.0;0.0;0.0;0.0;0.0;0.0;0.0;0.0;0.0;0.0;0.0;0.0;0.0;0.0;0.0;0.0;0.0;0.0;0.0;0.0;0.0;0.0;0.0;0.0;0.0;0.0;0.0;0.0;0.0;0.14285714285714285;0.0;0.0;0.0;0.0;0.0;0.0;0.0;0.0;0.0;0.0;0.0;0.2;0.0;0.0;0.16666666666666666;0.0;0.0;0.0;0.0;0.0;0.0;0.0;0.0;0.0;0.0;0.0;0.0;0.0
GO:2000251;0.16666666666666666;0.0;0.16666666666666666;0.16666666666666666;0.3333333333333333;0.18181818181818182;0.3333333333333333;0.2727272727272727;0.0;0.23076923076923078;0.3333333333333333;0.0;0.2857142857142857;0.16666666666666666;0.2727272727272727;0.0;1.0;0.09090909090909091;0.6;0.3333333333333333;0.18181818181818182;0.36363636363636365;0.3076923076923077;0.3333333333333333;0.3;0.2727272727272727;0.4444444444444444;0.4;0.0;0.2727272727272727;0.0;0.3333333333333333;0.2727272727272727;0.0;0.0;0.18181818181818182;0.0;0.3;0.5555555555555556;0.23076923076923078;0.25;0.0;0.16666666666666666;0.2727272727272727;0.2727272727272727;0.2857142857142857;0.18181818181818182;0.36363636363636365;0.0;0.2727272727272727;0.36363636363636365;0.0;0.0;0.0;0.3333333333333333;0.36363636363636365;0.25;0.0;0.0;0.0;0.0;0.23076923076923078;0.2857142857142857;0.3333333333333333;0.0;0.0;0.0;0.3333333333333333;0.3076923076923077;0.46153846153846156;0.25;0.2857142857142857;0.2727272727272727;0.2;0.18181818181818182;0.2727272727272727;0.08333333333333333;0.0;0.36363636363636365;0.23076923076923078;0.18181818181818182;0.18181818181818182;0.3;0.4;0.0;0.2727272727272727;0.2727272727272727;0.0;0.25;0.3;0.0;0.0;0.21428571428571427;0.0;0.21428571428571427;0.7777777777777778;0.0;0.23076923076923078;0.0;0.16666666666666666;0.26666666666666666;0.0;0.23076923076923078;0.3333333333333333;0.26666666666666666;0.0;0.0;0.2857142857142857;0.15384615384615385;0.16666666666666666;0.2727272727272727;0.15384615384615385;0.2727272727272727;0.36363636363636365;0.3;0.0;0.2727272727272727;0.0;0.0;0.3076923076923077;0.3076923076923077;0.16666666666666666;0.0;0.2727272727272727;0.2727272727272727;0.25;0.16666666666666666;0.0;0.2727272727272727;0.16666666666666666;0.3;0.4444444444444444;0.0;0.23076923076923078;0.2;0.0;0.23076923076923078;0.4;0.3333333333333333;0.36363636363636365;0.21428571428571427;0.0;0.2727272727272727;0.26666666666666666;0.0;0.16666666666666666;0.16666666666666666;0.25;0.3076923076923077;0.3333333333333333;0.0;0.0;0.45454545454545453;0.1;0.3076923076923077;0.0;0.25;0.23076923076923078;0.3;0.0;0.0;0.3076923076923077;0.08333333333333333;0.3333333333333333;0.0;0.25;0.23076923076923078;0.0;0.25;0.0;0.36363636363636365;0.3076923076923077;0.25;0.0;0.0;0.0;0.25;0.3;0.25;0.0;0.2727272727272727;0.0;0.25;0.0;0.36363636363636365;0.2727272727272727;0.18181818181818182;0.2727272727272727;0.3333333333333333;0.16666666666666666;0.4;0.2727272727272727;0.2727272727272727;0.0;0.23076923076923078;0.15384615384615385;0.23076923076923078;0.07142857142857142;0.25;0.21428571428571427;0.0;0.0;0.0;0.2727272727272727;0.25;0.0;0.0;0.2727272727272727;0.0;0.36363636363636365;0.0;0.3;0.2727272727272727;0.23076923076923078;0.18181818181818182;0.2727272727272727;0.0;0.25;0.0;0.2727272727272727;0.25;0.2727272727272727
GO:0045779;0.4444444444444444;0.0;0.4444444444444444;0.4444444444444444;0.1;0.125;0.14285714285714285;0.25;0.0;0.2727272727272727;0.25;0.0;0.08333333333333333;0.4444444444444444;0.1111111111111111;0.0;0.09090909090909091;1.0;0.1111111111111111;0.1;0.3333333333333333;0.2857142857142857;0.23076923076923078;0.09090909090909091;0.125;0.0;0.125;0.3;0.0;0.0;0.0;0.25;0.0;0.0;0.0;0.125;0.0;0.3333333333333333;0.125;0.2727272727272727;0.2727272727272727;0.0;0.1111111111111111;0.2857142857142857;0.1111111111111111;0.07692307692307693;0.3333333333333333;0.1;0.0;0.0;0.1;0.0;0.0;0.0;0.1;0.1;0.2727272727272727;0.0;0.0;0.0;0.0;0.2727272727272727;0.1;0.09090909090909091;0.0;0.0;0.0;0.2222222222222222;0.09090909090909091;0.07692307692307693;0.2727272727272727;0.08333333333333333;0.3;0.21428571428571427;0.3333333333333333;0.16666666666666666;0.2857142857142857;0.0;0.1;0.4;0.3333333333333333;0.3333333333333333;0.125;0.3;0.0;0.1111111111111111;0.3;0.0;0.1111111111111111;0.125;0.0;0.0;0.25;0.0;0.25;0.2;0.0;0.09090909090909091;0.0;0.4444444444444444;0.09090909090909091;0.0;0.4;0.1;0.08333333333333333;0.0;0.0;0.08333333333333333;0.2727272727272727;0.3;0.3;0.4;0.3;0.3;0.5;0.0;0.3;0.0;0.0;0.08333333333333333;0.08333333333333333;0.3;0.0;0.1111111111111111;0.3;0.2857142857142857;0.4444444444444444;0.0;0.1111111111111111;0.4444444444444444;0.3333333333333333;0.125;0.0;0.09090909090909091;0.375;0.0;0.4;0.1111111111111111;0.25;0.09090909090909091;0.25;0.0;0.3;0.07692307692307693;0.0;0.4444444444444444;0.4444444444444444;0.3;0.08333333333333333;0.1;0.0;0.0;0.3;0.4;0.09090909090909091;0.0;0.2727272727272727;0.2727272727272727;0.125;0.0;0.0;0.08333333333333333;0.125;0.1;0.0;0.1111111111111111;0.25;0.0;0.1;0.0;0.1111111111111111;0.08333333333333333;0.2727272727272727;0.0;0.0;0.0;0.1;0.125;0.1;0.0;0.1111111111111111;0.0;0.1;0.0;0.1;0.0;0.125;0.1111111111111111;0.25;0.3;0.1111111111111111;0.1111111111111111;0.3;0.0;0.09090909090909091;0.2727272727272727;0.09090909090909091;0.1;0.1;0.25;0.0;0.0;0.0;0.3;0.1;0.0;0.0;0.3;0.0;0.1;0.0;0.3333333333333333;0.3;0.4;0.125;0.3;0.0;0.2727272727272727;0.0;0.1111111111111111;0.1111111111111111;0.3
