;GO:0016525;GO:0015031;GO:0042176;GO:0045840;GO:0006369;GO:0042059;GO:0006367;GO:0043547;GO:0045723;GO:0046339;GO:0043029;GO:0051126;GO:0030948;GO:2000036;GO:2000278;GO:0001829;GO:0017148;GO:0051006;GO:0035556;GO:0032369;GO:0007186;GO:0090340;GO:0090187;GO:0042102;GO:0009967;GO:0006334;GO:0046426;GO:0038180;GO:0006888;GO:0010867;GO:0010628;GO:0072657;GO:0010745;GO:0090108;GO:0030335;GO:0016567;GO:0032270;GO:0008360;GO:0043405;GO:1903543;GO:0008285;GO:0044255;GO:0043320;GO:0045861;GO:0045944;GO:0006468;GO:0006622;GO:0043401;GO:0043687;GO:0043525;GO:0046834;GO:0043524;GO:0000122;GO:0048384;GO:0031339;GO:0006977;GO:0001845;GO:0006816;GO:0071353;GO:0010875;GO:0016197;GO:0016236;GO:0006351;GO:0006355;GO:0045116;GO:0007205;GO:0060336;GO:0061502;GO:0000289;GO:0006357;GO:0000288;GO:0051279;GO:0048550;GO:0071222;GO:0048873;GO:0045087;GO:0006909;GO:0031047;GO:0030032;GO:0010887;GO:0030595;GO:0036258;GO:0030036;GO:0010884;GO:0010642
GO:0016525;1.0;0.0;0.3273070067812775;0.24783692623875483;0.0;0.3196506885453863;0.0;0.2332283635944561;0.2105789641472785;0.0;0.2439510979781118;0.2371865518621605;0.31955149733661575;0.5641343607640201;0.2626251674006935;0.0;0.21657986972645393;0.213256459314924;0.3579381974968376;0.40655929619065834;0.35811445931487096;0.2206064268945965;0.3231496866672104;0.19210784430325906;0.28439419962259715;0.0;0.3033607100372776;0.33504575186725427;0.0;0.22450512024207483;0.3261333140883689;0.0;0.5136809269403841;0.3347050726953938;0.28160702276994914;0.0;0.24097860171512422;0.4706164461227471;0.19377989456222114;0.2478665077441175;0.4373546016077704;0.0;0.0;0.2866530998828046;0.16534270828927214;0.0;0.0;0.34704079533076954;0.0;0.27476810114236017;0.0;0.34073506560722233;0.2026230140978781;0.3473578068045347;0.3404188633025185;0.1789385438610618;0.0;0.0;0.0;0.27586622597349925;0.0;0.0;0.0;0.23856043942431032;0.0;0.3464349774496028;0.24064695695025903;0.0;0.18977033316334216;0.23246293097306292;0.18978601429997607;0.2631826593009172;0.3415541602317304;0.0;0.25342537400733484;0.0;0.0;0.3625231943375547;0.0;0.39453122487606523;0.0;0.0;0.0;0.3374284608196971;0.3363675872165413
GO:0015031;0.0;1.0;0.0;0.0;0.0;0.0;0.0;0.0;0.0;0.0;0.0;0.0;0.0;0.0;0.0;0.0;0.0;0.0;0.0;0.0;0.0;0.0;0.0;0.0;0.0;0.0;0.0;0.0;0.41903027686025035;0.0;0.0;0.4429570127309357;0.0;0.0;0.0;0.0;0.0;0.0;0.0;0.0;0.0;0.0;0.2794859789748405;0.0;0.0;0.0;0.6336197397247884;0.0;0.0;0.0;0.0;0.0;0.0;0.0;0.0;0.0;0.0;0.42249589081012606;0.0;0.0;0.43605226512455453;0.0;0.0;0.0;0.0;0.0;0.0;0.4050364559630097;0.0;0.0;0.0;0.0;0.0;0.0;0.0;0.0;0.4590125507505094;0.0;0.0;0.0;0.0;0.0;0.0;0.0;0.0
GO:0042176;0.3273070067812775;0.0;1.0;0.27648416728748265;0.0;0.2886439463881598;0.0;0.27235390784912494;0.34896648534031577;0.0;0.2870896692844505;0.20771261095832508;0.28854357209121306;0.46906184611474083;0.5946863824022863;0.0;0.42104666863697726;0.24550481918228342;0.42092665894750675;0.3795758426240335;0.42117043590500286;0.24301974999547726;0.2976242115232079;0.2088841826024355;0.3227702980394512;0.0;0.27225981183943837;0.3896206017863495;0.0;0.3744350157231328;0.5708840386390992;0.0;0.35482333038303493;0.3096445554541043;0.31918490951020834;0.0;0.5993759937658847;0.38395514092533733;0.47163166006393725;0.2765209831320502;0.4132950760348119;0.0;0.0;0.5718345567503769;0.3580428936439313;0.0;0.0;0.40593674301855864;0.0;0.31042740757736076;0.0;0.3101517981455755;0.35321733942297484;0.4063705514397171;0.30982669610126257;0.15343078332333351;0.0;0.0;0.0;0.31182978372903114;0.0;0.0;0.0;0.5341575983966126;0.0;0.40510809688081806;0.21101034089911552;0.0;0.24695576187650914;0.5190350585994982;0.24697756210345537;0.2957202049910348;0.31099431071959843;0.0;0.3003016663134538;0.0;0.0;0.5030391639372165;0.0;0.3666248470637923;0.0;0.0;0.0;0.39284649483901735;0.3056683052626558
GO:0045840;0.24783692623875483;0.0;0.27648416728748265;1.0;0.0;0.29537799489919475;0.0;0.19550055280380207;0.3392650192442483;0.0;0.2029791622059131;0.2999196024207649;0.2952979156166591;0.32137902640558014;0.300437072882426;0.0;0.20863530221702048;0.18127036245849332;0.3912230682352536;0.27668676274792103;0.391383462288633;0.35363941724475123;0.2875023410093141;0.3124040952305261;0.44181077217559;0.0;0.2821420059745812;0.37016434379853896;0.0;0.35918938981232384;0.3439100283331401;0.0;0.34563233809245125;0.5288143992315586;0.4380721271010038;0.0;0.38240384045353754;0.42698445548049263;0.22940949887207532;0.3919984993550708;0.3861742615955403;0.0;0.0;0.26838724786177015;0.27257711147725133;0.0;0.0;0.38125508057433644;0.0;0.42885561577971054;0.0;0.3122585099549399;0.1963196540284664;0.3815464966411505;0.41303108937910044;0.3739042138758315;0.0;0.0;0.0;0.2980136698737508;0.0;0.0;0.0;0.2761601460477756;0.0;0.38069793462205576;0.22954277101017595;0.0;0.14081738498491345;0.26991670468012136;0.14082810073529076;0.30099270512092635;0.3647946096098312;0.0;0.20949574353100658;0.0;0.0;0.25094124762209363;0.0;0.2697410296939809;0.0;0.0;0.0;0.3539233040454661;0.3087847888390496
GO:0006369;0.0;0.0;0.0;0.0;1.0;0.0;0.9427708139478874;0.0;0.0;0.3809160396642623;0.0;0.10204277915928144;0.0;0.0;0.0;0.16912876196588617;0.0;0.0;0.15849207260045725;0.0;0.1585415265625111;0.0;0.0;0.0;0.0;0.14395323996810405;0.0;0.15191387108941307;0.0;0.0;0.0;0.0;0.0;0.0;0.0;0.4235254801361605;0.0;0.0;0.0;0.0;0.0;0.4135261084828513;0.12136976422633419;0.0;0.0;0.41503652399133567;0.0;0.15539954308552595;0.43940877858588545;0.0;0.3712034661698393;0.0;0.0;0.15549049108044108;0.0;0.08171517268747057;0.1474979491216413;0.0;0.14720474713297776;0.0;0.0;0.2849078591762468;0.907361306763615;0.0;0.42405592274220555;0.15522557282983446;0.0;0.0;0.49699648328716356;0.0;0.4970294194015376;0.0;0.0;0.12567560403142905;0.0;0.0;0.0;0.13868457852396382;0.15059790449413124;0.0;0.1483616203336571;0.15048144494898416;0.1605751591982699;0.0;0.0
GO:0042059;0.3196506885453863;0.0;0.2886439463881598;0.29537799489919475;0.0;1.0;0.0;0.2044744026191969;0.2544961531623191;0.0;0.21266972463077566;0.317336562875669;0.8226218965466565;0.3379265420399928;0.31129253169261034;0.0;0.2916042162776605;0.18895968020345888;0.40983356379111285;0.35849783916562245;0.4100095841363096;0.2656113927432493;0.23882024602236293;0.23379990207551193;0.5658676194357886;0.0;0.7847321734171447;0.38678268082174133;0.0;0.2699104583529111;0.2877307741444467;0.0;0.49108422149483133;0.323579908081952;0.3314669373356743;0.0;0.2879378160296729;0.38251432552492015;0.398817162838485;0.2954100039459199;0.5513904955891787;0.0;0.0;0.3778032642564162;0.20329049898089546;0.0;0.0;0.3989079067381642;0.0;0.3242308242670509;0.0;0.4418824548799564;0.2739895628553614;0.3992269450747891;0.44151377354108773;0.24374754088199574;0.0;0.0;0.0;0.24788149640732757;0.0;0.0;0.0;0.28530542579731405;0.0;0.39829801380041135;0.6344314203075233;0.0;0.17859442771217104;0.2786466090365948;0.1786083161882231;0.3118890816473136;0.4428371705463307;0.0;0.2198343652828696;0.0;0.0;0.32381369892844697;0.0;0.34911265389220053;0.0;0.0;0.0;0.2964867926059829;0.8615893983480035
GO:0006367;0.0;0.0;0.0;0.0;0.9427708139478874;0.0;1.0;0.0;0.0;0.38059862798416966;0.0;0.10198230790070693;0.0;0.0;0.0;0.16896270762862328;0.0;0.0;0.15834623913670723;0.0;0.1583956021182147;0.0;0.0;0.0;0.0;0.1438329244492919;0.0;0.15177988690132985;0.0;0.0;0.0;0.0;0.0;0.0;0.0;0.4232223355164519;0.0;0.0;0.0;0.0;0.0;0.4131520502035015;0.1212842266924336;0.0;0.0;0.41474540560010587;0.0;0.15525934264638153;0.4390824789581904;0.0;0.37090202840808423;0.0;0.0;0.15535012656203112;0.0;0.08167638971170464;0.1473716379436176;0.0;0.14707893741392072;0.0;0.0;0.28465070242257023;0.9068329437578104;0.0;0.4237520185751507;0.15508568598331807;0.0;0.0;0.4967491570791664;0.0;0.4967820604198396;0.0;0.0;0.12558389189456465;0.0;0.0;0.0;0.13857290547149254;0.15046623054425237;0.0;0.14823382624063933;0.1503499744822225;0.16042546892816642;0.0;0.0
GO:0043547;0.2332283635944561;0.0;0.27235390784912494;0.19550055280380207;0.0;0.2044744026191969;0.0;1.0;0.16215643898908522;0.0;0.30585556948843157;0.14536185404352253;0.20440019170191492;0.34161278308385845;0.2091905417132515;0.0;0.13135653719841908;0.7445045069187242;0.30427677083194765;0.27264364150067893;0.3044644571590723;0.17097341353264425;0.21112302851511106;0.14620736458888525;0.22983686238671044;0.0;0.19239071569878552;0.28029083747073125;0.0;0.17443224103323218;0.2711575581242058;0.0;0.2538995357485473;0.22005079090531693;0.2271598495013342;0.0;0.18924110675890607;0.27597475244422914;0.24359624679491965;0.19552767291863898;0.2984082787373764;0.0;0.0;0.18021054065966086;0.12374589125162273;0.0;0.0;0.29276298208157436;0.0;0.22063336241135642;0.0;0.22042824759146812;0.12203459804129549;0.2930954436969334;0.2201863213162063;0.10650953601668224;0.0;0.0;0.0;0.2216773087709407;0.0;0.0;0.0;0.18704741989964788;0.0;0.2921280487327543;0.14774254714352975;0.0;0.11356441583864783;0.18154645757090102;0.11357468416572981;0.20971186712434128;0.22105531864605762;0.0;0.32089649378650287;0.0;0.0;0.23729845134413396;0.0;0.2628186290764036;0.0;0.0;0.0;0.28275176194297347;0.2170939403494653
GO:0045723;0.2105789641472785;0.0;0.34896648534031577;0.3392650192442483;0.0;0.2544961531623191;0.0;0.16215643898908522;1.0;0.0;0.16726818113979114;0.20170874559409874;0.25443670442457317;0.26140429103046126;0.501246212891728;0.0;0.3636924805971737;0.1522433619617714;0.32258830162017677;0.23104845362964768;0.32269734651689175;0.3101746753946948;0.24688741972845418;0.27799143577062235;0.37598745598084055;0.0;0.24460915536477665;0.30813386816874194;0.0;0.8176449442389508;0.3988356564288531;0.0;0.290943985044236;0.3659574132971019;0.37327641413632473;0.0;0.5557737422101957;0.30541879812052347;0.322748303045097;0.3392957863017055;0.3191478026562742;0.0;0.0;0.37060029045349047;0.5341169375209193;0.0;0.0;0.31578058551013366;0.0;0.3665638261344572;0.0;0.2669289901100229;0.344294889120977;0.31598047780753663;0.26674548322046;0.2194131998865677;0.0;0.0;0.0;0.25459885943946997;0.0;0.0;0.0;0.46603160400419785;0.0;0.3153982738383453;0.2040680348466556;0.0;0.16103186090377375;0.4568441760855991;0.16104299547095338;0.2586532719800264;0.26740393823912295;0.0;0.17166863476120683;0.0;0.0;0.2678312896047803;0.0;0.22618494757709237;0.0;0.0;0.0;0.2943195584179231;0.2643864970189371
GO:0046339;0.0;0.0;0.0;0.0;0.3809160396642623;0.0;0.38059862798416966;0.0;0.0;1.0;0.0;0.1393805172368174;0.0;0.0;0.0;0.30418738855183075;0.0;0.0;0.271425204894367;0.0;0.27157027666776656;0.0;0.0;0.0;0.0;0.2314015310508195;0.0;0.25268670725522907;0.0;0.0;0.0;0.0;0.0;0.0;0.0;0.48366943783376587;0.0;0.0;0.0;0.0;0.0;0.8551380846818647;0.17812367821786237;0.0;0.0;0.46947322228451727;0.0;0.26247974763316845;0.5109759487620216;0.0;0.7168403777608124;0.0;0.0;0.2627393211788496;0.0;0.10403205577387616;0.24070009029126024;0.0;0.2399202560798884;0.0;0.0;0.4813757971311198;0.36119665043774934;0.0;0.484565548374994;0.26198380409413463;0.0;0.0;0.2934051880874084;0.0;0.2934302755305886;0.0;0.0;0.1875544081774889;0.0;0.0;0.0;0.21808350893445494;0.24906655927790367;0.0;0.24300863802509473;0.24874817725612175;0.2775922762182051;0.0;0.0
GO:0043029;0.2439510979781118;0.0;0.2870896692844505;0.2029791622059131;0.0;0.21266972463077566;0.0;0.30585556948843157;0.16726818113979114;0.0;1.0;0.19936353627835954;0.21258944693031837;0.36511941727716224;0.21777620548443044;0.0;0.13469088818726851;0.2724006184328186;0.3227867488061063;0.2874116218168539;0.32299797254698964;0.17666590963979617;0.29329214938724407;0.15035017042589635;0.2402430567957773;0.0;0.19962888776773127;0.2959226187053256;0.0;0.18036138121965797;0.2857606757810606;0.0;0.26665921967438416;0.2295713402728072;0.2373196865910973;0.0;0.19623991730064633;0.38832698208157795;0.15186110229022154;0.20300839704855342;0.31619028658616793;0.0;0.16416802383479706;0.186546142379657;0.12670071276087083;0.0;0.0;0.3098592799264018;0.0;0.23020548510670388;0.0;0.22998219550894766;0.12490731104268275;0.31023172908885266;0.2297188558217201;0.10869128417743655;0.0;0.0;0.0;0.23134221246425304;0.0;0.0;0.0;0.19388198011713004;0.0;0.309148115819272;0.15197406790864867;0.0;0.11604813122832529;0.18797801641498194;0.11605885363593246;0.29125109620269096;0.23066488660967338;0.0;0.657468092022716;0.3028824065850541;0.0;0.24840761098826866;0.0;0.3688501545083793;0.23569639692524888;0.0;0.0;0.3983997371998632;0.2263549670446522
GO:0051126;0.2371865518621605;0.0;0.20771261095832508;0.2999196024207649;0.10204277915928144;0.317336562875669;0.10198230790070693;0.14536185404352253;0.20170874559409874;0.1393805172368174;0.19936353627835954;1.0;0.31726878784826235;0.2320674905323553;0.2358088354481992;0.1634090881335436;0.23904603663248805;0.13734508290017697;0.3650166255392743;0.25792521958509146;0.365126902630176;0.20862847676468588;0.22153180844509252;0.1884846251439674;0.2488372163911318;0.2371173716025919;0.3060273733923109;0.35032842701212197;0.0;0.2112716305526436;0.20723930831104484;0.0;0.35838446525728423;0.3574353720886962;0.24720638775323003;0.12019857804957562;0.22215888908015755;0.36745133731902285;0.18970808657369573;0.26174474552895427;0.3894709400600578;0.15094008660241925;0.11839587580490658;0.2940424775517911;0.16814127096620415;0.11784813026595078;0.0;0.3581162682529216;0.12459010400459634;0.24315912785315613;0.13592657594099775;0.33145133067765714;0.22707852400897574;0.3583193225318862;0.4834922148222978;0.246064771573318;0.242783204596043;0.0;0.14285275576191137;0.18573364923966929;0.0;0.1506226755405804;0.09822982485254923;0.22058856882888528;0.12034537079540922;0.35772783438645067;0.258853369350883;0.0;0.191619763782958;0.21658683382279878;0.19163224121531794;0.27692413753302125;0.4096258864666614;0.12248973253146021;0.20403674874178923;0.0;0.0;0.30684678712022007;0.24773153907436204;0.2992410319923266;0.1439419829702749;0.2475457506888556;0.2636161140932545;0.2597344333316095;0.32857446930844536
GO:0030948;0.31955149733661575;0.0;0.28854357209121306;0.2952979156166591;0.0;0.8226218965466565;0.0;0.20440019170191492;0.25443670442457317;0.0;0.21258944693031837;0.31726878784826235;1.0;0.33778897435377164;0.311203592136676;0.0;0.2915469861658431;0.1888963019664969;0.4096794174140983;0.3583730782363344;0.40985530534643;0.26554663836154885;0.2387515287422773;0.23374972826405147;0.5656939446780331;0.0;0.7845220786478603;0.3866453836780146;0.0;0.2698435911010924;0.287631033834096;0.0;0.49092193190817296;0.323483809771874;0.33136609800757977;0.0;0.28786171960091594;0.38238004143061116;0.3987308860350346;0.29532990730899156;0.551185907841924;0.0;0.0;0.37770720411684916;0.20325256444548365;0.0;0.0;0.3987618680509508;0.0;0.3241343390013372;0.0;0.44175105148404964;0.27393903740610204;0.3990806727395157;0.44138258929205093;0.24370755271745223;0.0;0.0;0.0;0.24780746650853464;0.0;0.0;0.0;0.28523071420814866;0.0;0.39815242124936256;0.6342940907693287;0.0;0.178563459425596;0.27857534374092324;0.17857734308535295;0.31179980093242227;0.44270519881072146;0.0;0.2197485886032055;0.0;0.0;0.3237119076487413;0.0;0.3489943386617393;0.0;0.0;0.0;0.296380890594426;0.8613361412490856
GO:2000036;0.5641343607640201;0.0;0.46906184611474083;0.32137902640558014;0.0;0.3379265420399928;0.0;0.34161278308385845;0.26140429103046126;0.0;0.36511941727716224;0.2320674905323553;0.33778897435377164;1.0;0.34669403430788104;0.0;0.2080328255260159;0.3004051722126175;0.534628452584344;0.46964525240319666;0.5350217778730358;0.27703601416246154;0.4276692173114005;0.23353087704584607;0.38566474784438454;0.0;0.31568553254205395;0.485119800980998;0.0;0.28321223632865206;0.46665510121162596;0.0;0.5264346812152767;0.4481452203587882;0.3805569939648069;0.0;0.30994051732147093;0.5800589975879777;0.2360063806820405;0.321428770174378;0.5223770966141315;0.0;0.0;0.29358612923012256;0.19513247345878063;0.0;0.0;0.510676952001544;0.0;0.3681733104682693;0.0;0.36778568987302096;0.19224710599217346;0.5113636938850525;0.36732862676999034;0.1663244813827101;0.0;0.0;0.0;0.3701476149162821;0.0;0.0;0.0;0.30595173975162604;0.0;0.5093662130190135;0.23619157151892375;0.0;0.1780478630869193;0.2959945470288781;0.17806499446528481;0.3476662302993117;0.36897101289447337;0.0;0.3867600364482906;0.0;0.0;0.3999891324806061;0.0;0.4499779904111725;0.0;0.0;0.0;0.49013105470079227;0.36149798028318814
GO:2000278;0.2626251674006935;0.0;0.5946863824022863;0.300437072882426;0.0;0.31129253169261034;0.0;0.2091905417132515;0.501246212891728;0.0;0.21777620548443044;0.2358088354481992;0.311203592136676;0.34669403430788104;1.0;0.0;0.5802101770378061;0.19298025015950765;0.41963798658509865;0.2952472061291166;0.41982253141159437;0.26969514646858805;0.24316615868484565;0.23695821979689874;0.34090457463323953;0.0;0.2966272549913032;0.3955034955320881;0.0;0.532080105512466;0.44456218338914116;0.0;0.3676243952373715;0.32966110363573836;0.33785111981639937;0.0;0.5757382859251025;0.3910416027555609;0.46983527832025823;0.3004701878485023;0.41383458615895097;0.0;0.0;0.5535513126146592;0.5880254756571276;0.0;0.0;0.40819062969826353;0.0;0.33033674123669043;0.0;0.33009895115613097;0.5810235397337009;0.4085246952759639;0.32981835706272455;0.18056286563556137;0.0;0.0;0.0;0.25256668296321994;0.0;0.0;0.0;0.8291790853252013;0.0;0.40755204438474735;0.2390396459725208;0.0;0.21992314004086028;0.809514281338148;0.2199404286615791;0.31753495889001904;0.33082560218847545;0.0;0.22529512401756513;0.0;0.0;0.402308984491853;0.0;0.28735165952817054;0.0;0.0;0.0;0.30321441986518577;0.32621942459901304
GO:0001829;0.0;0.0;0.0;0.0;0.16912876196588617;0.0;0.16896270762862328;0.0;0.0;0.30418738855183075;0.0;0.1634090881335436;0.0;0.0;0.0;1.0;0.0;0.0;0.38033471524403445;0.0;0.3806196252198825;0.0;0.0;0.0;0.0;0.3061381268517897;0.0;0.34453336163838416;0.0;0.0;0.0;0.0;0.0;0.0;0.0;0.22561093040554756;0.0;0.0;0.0;0.0;0.0;0.36523160861037746;0.21934232862947592;0.0;0.0;0.21746974649267506;0.0;0.3629995256393304;0.24159473563453127;0.0;0.28820466757567004;0.0;0.0;0.3634961699363316;0.0;0.1168575337922134;0.3226270133820028;0.0;0.32122751442420444;0.0;0.0;0.36337869605740325;0.15890543669146479;0.0;0.2261286464144712;0.362051677820615;0.0;0.0;0.1251435814562409;0.0;0.1251556946413662;0.0;0.0;0.23382006291331647;0.0;0.0;0.0;0.283253522062907;0.3378380869970146;0.0;0.326788110667454;0.3372525732592989;0.39255519092336705;0.0;0.0
GO:0017148;0.21657986972645393;0.0;0.42104666863697726;0.20863530221702048;0.0;0.2916042162776605;0.0;0.13135653719841908;0.3636924805971737;0.0;0.13469088818726851;0.23904603663248805;0.2915469861658431;0.2080328255260159;0.5802101770378061;0.0;1.0;0.12477517496000629;0.25990396174738295;0.23374117402279845;0.2599747409051971;0.19333164702926683;0.165701170867322;0.17591009981694256;0.2273791372152597;0.0;0.28202707925083254;0.25043881054573625;0.0;0.37965585325779994;0.3286504834322162;0.0;0.32590521701309616;0.2223216791004196;0.226016675202803;0.0;0.4715893672096957;0.24864232991851568;0.40732761417909374;0.20865127123589675;0.35141196542504116;0.0;0.0;0.7266469489449676;0.4523120271278051;0.0;0.0;0.25546670455050946;0.0;0.22262875964582526;0.0;0.30347987058177806;0.7349454555757204;0.25559751466165254;0.3033059259912399;0.19475441892581802;0.0;0.0;0.0;0.1700131940223103;0.0;0.0;0.0;0.582507131462194;0.0;0.25521643053867;0.24147192185939495;0.0;0.30036046966867974;0.5727418908452961;0.3003789208740831;0.21673975551371458;0.3039298850946798;0.0;0.13752964172687743;0.0;0.0;0.4651469546325969;0.0;0.2297147927109011;0.0;0.0;0.0;0.19155098450307206;0.30106631442145854
GO:0051006;0.213256459314924;0.0;0.24550481918228342;0.18127036245849332;0.0;0.18895968020345888;0.0;0.7445045069187242;0.1522433619617714;0.0;0.2724006184328186;0.13734508290017697;0.1888963019664969;0.3004051722126175;0.19298025015950765;0.0;0.12477517496000629;1.0;0.27114760588609815;0.24574021905182647;0.2712966371624107;0.159989526630673;0.19462366573285764;0.1380996624986592;0.21041739803332457;0.0;0.17859367042049962;0.25193553726294254;0.0;0.16301428563929765;0.2445322979774667;0.0;0.23040878695220973;0.20218554670537014;0.20817143815631045;0.0;0.1758764134682195;0.24844310399365016;0.2299634084889807;0.18129367796023405;0.2664776431996467;0.0;0.0;0.16804995460116448;0.11788806425906746;0.0;0.0;0.26196670767637165;0.0;0.20267725807307999;0.0;0.20250415787160167;0.11633393576826431;0.2622328717988057;0.20229995812779422;0.102141110024764;0.0;0.0;0.0;0.20355785801559562;0.0;0.0;0.0;0.17398008065033374;0.0;0.26145821218396603;0.13946850651853715;0.0;0.10861157579349875;0.16921107879021416;0.10862096795751884;0.19342382476474237;0.20303327241261762;0.0;0.2842672676514085;0.0;0.0;0.2166542522989623;0.0;0.23773004589736088;0.0;0.0;0.0;0.2539219695895778;0.19968659559588575
GO:0035556;0.3579381974968376;0.0;0.42092665894750675;0.3912230682352536;0.15849207260045725;0.40983356379111285;0.15834623913670723;0.30427677083194765;0.32258830162017677;0.271425204894367;0.3227867488061063;0.3650166255392743;0.4096794174140983;0.534628452584344;0.41963798658509865;0.38033471524403445;0.25990396174738295;0.27114760588609815;1.0;0.421396410609465;0.9009607727337513;0.34065831678608305;0.3227384175784885;0.29004375197947496;0.46275415527615243;0.2729772955594886;0.38478752692230017;0.825814846307163;0.0;0.3477624207396304;0.4189875087785891;0.0;0.5134076027193458;0.4422781299322925;0.45714576364224885;0.20707285009313553;0.37827691262578833;0.5602632861764535;0.2929510332958764;0.39127922222847683;0.60826256104844;0.3189998608995979;0.20178000261326068;0.35964990087053683;0.24451892566169234;0.2001941997706858;0.0;0.8645037415621275;0.22045991510336163;0.4434950820637116;0.2586274638409506;0.44306658237281726;0.24106516920884494;0.8655374301061135;0.4425612211574005;0.3379485918951824;0.2860114583309129;0.0;0.2849110551230251;0.33951008432349894;0.0;0.3175854415638735;0.1494799627141214;0.37374659539131333;0.2075088995634366;0.8625299537065502;0.2931683917454975;0.0;0.23022428453566252;0.3624016937564364;0.23024551458772877;0.42072278432203253;0.4443766776822297;0.2139677314839197;0.33958472676125384;0.0;0.0;0.4917062318185455;0.29790216378145584;0.4054941763019701;0.2892768707304276;0.2974468024269816;0.3396483642331439;0.437815646041586;0.4361053650520379
GO:0032369;0.40655929619065834;0.0;0.3795758426240335;0.27668676274792103;0.0;0.35849783916562245;0.0;0.27264364150067893;0.23104845362964768;0.0;0.2874116218168539;0.25792521958509146;0.3583730782363344;0.46964525240319666;0.2952472061291166;0.0;0.23374117402279845;0.24574021905182647;0.421396410609465;1.0;0.42164073213576697;0.34806044812134584;0.4263283482472801;0.2089997998127408;0.3230464382052867;0.0;0.338133944231139;0.3900230437330002;0.0;0.24792207450126558;0.3779982593274386;0.0;0.44077041635517433;0.3098986844624711;0.3894737909111737;0.0;0.2681662441515353;0.38434595830308377;0.21098033867585514;0.39607712012386714;0.5134850704177046;0.0;0.0;0.3175067529731161;0.17770422500914737;0.0;0.0;0.4063736157390895;0.0;0.3106828237323733;0.0;0.3852327039244081;0.21756745551337975;0.40680835889962996;0.5800585114220355;0.19049386090897047;0.0;0.0;0.0;0.566579705009457;0.0;0.0;0.0;0.26517504520408813;0.0;0.4055431868733116;0.2620224349555661;0.0;0.20281796596352894;0.2576625496645739;0.2028358776390048;0.4235988385333192;0.5822463250827976;0.0;0.3006539516881484;0.0;0.0;0.4133177062505916;0.0;0.6758942631153139;0.0;0.0;0.0;0.5551581370984188;0.3796593446757471
GO:0007186;0.35811445931487096;0.0;0.42117043590500286;0.391383462288633;0.1585415265625111;0.4100095841363096;0.1583956021182147;0.3044644571590723;0.32269734651689175;0.27157027666776656;0.32299797254698964;0.365126902630176;0.40985530534643;0.5350217778730358;0.41982253141159437;0.3806196252198825;0.2599747409051971;0.2712966371624107;0.9009607727337513;0.42164073213576697;1.0;0.3407799225984462;0.3228817097458217;0.29013190157748037;0.46297858096340694;0.27312403165281013;0.3849426864309766;0.8263077617737931;0.0;0.3478891523269511;0.4192290441727712;0.0;0.5136838637045155;0.4424831297708719;0.45736478111123297;0.20715727563619832;0.378426864926258;0.56059228975495;0.29304095917630574;0.3914396623387509;0.6086503722197866;0.31920026391243517;0.20186016659152392;0.35978544629870346;0.24458157226789073;0.20027310842552157;0.0;0.8650439395624147;0.2205556120893578;0.44370121185347394;0.2587591744957821;0.44327231394229943;0.2411260583641148;0.8660789211145719;0.4427664835714557;0.3043472906025522;0.28617254585647817;0.0;0.28507090514735367;0.3396686599728173;0.0;0.3177840708220901;0.14952395173122773;0.3738929767890594;0.20759368111657378;0.9573180327078284;0.29325845113906335;0.0;0.2302783181826253;0.3625393217168286;0.2302995582017085;0.42090828471891395;0.4445836279822704;0.21405787406746576;0.33981851487270315;0.0;0.0;0.4919527728594588;0.2980769280044126;0.4057204008916664;0.2894416586079179;0.29762103262680867;0.3398755598634642;0.4380793838757291;0.4363046812707026
GO:0090340;0.2206064268945965;0.0;0.24301974999547726;0.35363941724475123;0.0;0.2656113927432493;0.0;0.17097341353264425;0.3101746753946948;0.0;0.17666590963979617;0.20862847676468588;0.26554663836154885;0.27703601416246154;0.26969514646858805;0.0;0.19333164702926683;0.159989526630673;0.34065831678608305;0.34806044812134584;0.3407799225984462;1.0;0.4717941081530951;0.28756918996421016;0.3937234081105217;0.0;0.25486013876036706;0.32457953454961325;0.0;0.32674525317139136;0.30239561271072857;0.0;0.30556239705913973;0.38273860243308105;0.43828926492740294;0.0;0.3458438755759296;0.32156833010633123;0.21104065012437145;0.6350117583820198;0.33682386911552203;0.0;0.0;0.24358366269419104;0.253477184991945;0.0;0.0;0.33307552528146356;0.0;0.3834019556242932;0.0;0.2791829230759987;0.18271048301254;0.3332979206343017;0.3706460878070023;0.22533678679524166;0.0;0.0;0.0;0.4019331314954206;0.0;0.0;0.0;0.24996915939329967;0.0;0.3326502174767368;0.2111534292190255;0.0;0.13158857131837162;0.24484282326289633;0.13159792848181742;0.3589023869052325;0.3716030990520288;0.0;0.1815819866508413;0.0;0.0;0.22306268325321482;0.0;0.2899150986323826;0.0;0.0;0.0;0.3645891488560166;0.2764028504917657
GO:0090187;0.3231496866672104;0.0;0.2976242115232079;0.2875023410093141;0.0;0.23882024602236293;0.0;0.21112302851511106;0.24688741972845418;0.0;0.29329214938724407;0.22153180844509252;0.2387515287422773;0.4276692173114005;0.24316615868484565;0.0;0.165701170867322;0.19462366573285764;0.3227384175784885;0.4263283482472801;0.3228817097458217;0.4717941081530951;1.0;0.2264290328462152;0.32652859076821117;0.0;0.22749318986045317;0.30400928994802195;0.0;0.26216934477662684;0.3701197000315291;0.0;0.2823999001446048;0.4247160730842927;0.38042686237325085;0.0;0.28009059345775084;0.3686677316045122;0.1829759120639508;0.5259992388520971;0.3182329100568787;0.0;0.0;0.21578780663932237;0.19639527780964416;0.0;0.0;0.3138523332782521;0.0;0.3163301852763929;0.0;0.253356889434124;0.15552908762911707;0.31411158801937045;0.3623215167688039;0.17231854788232676;0.0;0.0;0.0;0.4791510458130872;0.0;0.0;0.0;0.22239440430687762;0.0;0.31335676413211305;0.18308720901797537;0.0;0.14610283898192664;0.2170860959873188;0.14611437427381535;0.40395133507868947;0.36343636884902153;0.0;0.3035191416373701;0.0;0.0;0.26823353707500486;0.0;0.4190377191630684;0.0;0.0;0.0;0.5181536366146651;0.2503571434658865
GO:0042102;0.19210784430325906;0.0;0.2088841826024355;0.3124040952305261;0.0;0.23379990207551193;0.0;0.14620736458888525;0.27799143577062235;0.0;0.15035017042589635;0.1884846251439674;0.23374972826405147;0.23353087704584607;0.23695821979689874;0.0;0.17591009981694256;0.1380996624986592;0.29004375197947496;0.2089997998127408;0.29013190157748037;0.28756918996421016;0.2264290328462152;1.0;0.34327723306021524;0.0;0.22542914207446965;0.27830563227601096;0.0;0.2912283608408238;0.260017195743744;0.0;0.26420658588319945;0.33489701812052625;0.34101596510617227;0.0;0.306304849473816;0.2760888820934917;0.19045128224539135;0.31243018307009385;0.3333264109322581;0.0;0.0;0.21656137280380908;0.2315687740870597;0.0;0.0;0.28452860804837693;0.0;0.3354047901494654;0.0;0.24425130246546517;0.16707313558045273;0.2846908823990772;0.24409764274808843;0.20785504605272956;0.0;0.0;0.0;0.2328986584901314;0.0;0.0;0.0;0.22159405135536153;0.0;0.2842181873841449;0.2209963699957391;0.0;0.12089129525636313;0.21755608584608713;0.12089919286162515;0.23730372474973932;0.24464891752569193;0.0;0.15389605481563232;0.0;0.0;0.19396780323637725;0.0;0.20501222968407404;0.0;0.0;0.0;0.2657007100841738;0.24212074303194633
GO:0009967;0.28439419962259715;0.0;0.3227702980394512;0.44181077217559;0.0;0.5658676194357886;0.0;0.22983686238671044;0.37598745598084055;0.0;0.2402430567957773;0.2488372163911318;0.5656939446780331;0.38566474784438454;0.34090457463323953;0.0;0.2273791372152597;0.21041739803332457;0.46275415527615243;0.3230464382052867;0.46297858096340694;0.3937234081105217;0.32652859076821117;0.34327723306021524;1.0;0.0;0.5373295400326793;0.43357784091988755;0.0;0.4006150898002174;0.40128029896766926;0.0;0.4002984696267112;0.4881805091029128;0.5012923047565606;0.0;0.4297098856823664;0.4282213395153446;0.42689200861360044;0.44186295076117904;0.4557069497470767;0.0;0.0;0.3002238827851586;0.2957878389218894;0.0;0.0;0.44887251648469023;0.0;0.48926022271574743;0.0;0.35620617085543566;0.21282837190685097;0.4492765218396292;0.35587945973444557;0.25816610535452;0.0;0.0;0.0;0.3401548920893799;0.0;0.0;0.0;0.30998375822757096;0.0;0.448100420691529;0.42716474083289574;0.0;0.1519126384989525;0.3021390099610721;0.1519251094753036;0.341620148134642;0.357052454798479;0.0;0.24942608406278052;0.0;0.0;0.2884894387181819;0.0;0.3136178129725851;0.0;0.0;0.0;0.4149795462389749;0.5951205487772625
GO:0006334;0.0;0.0;0.0;0.0;0.14395323996810405;0.0;0.1438329244492919;0.0;0.0;0.2314015310508195;0.0;0.2371173716025919;0.0;0.0;0.0;0.3061381268517897;0.0;0.0;0.2729772955594886;0.0;0.27312403165281013;0.0;0.0;0.0;0.0;1.0;0.0;0.25403135991448217;0.0;0.0;0.0;0.0;0.0;0.0;0.0;0.1829339232828988;0.0;0.0;0.0;0.0;0.0;0.2651089595628242;0.1787908032179232;0.0;0.0;0.1775446474342736;0.0;0.2639309450558383;0.19330363908637574;0.0;0.2220346400594223;0.0;0.0;0.2641933982302852;0.0;0.10425926304058464;0.4857122187861152;0.0;0.2411321438686709;0.0;0.0;0.26413133649739406;0.136479714769566;0.0;0.18327415229401708;0.2634295076522334;0.0;0.0;0.11080496140371908;0.0;0.11081445771172267;0.0;0.0;0.18829419158281147;0.0;0.0;0.0;0.21908437187989455;0.5026835851875577;0.0;0.24425200760901972;0.5020376384105315;0.4736216909540262;0.0;0.0
GO:0046426;0.3033607100372776;0.0;0.27225981183943837;0.2821420059745812;0.0;0.7847321734171447;0.0;0.19239071569878552;0.24460915536477665;0.0;0.19962888776773127;0.3060273733923109;0.7845220786478603;0.31568553254205395;0.2966272549913032;0.0;0.28202707925083254;0.17859367042049962;0.38478752692230017;0.338133944231139;0.3849426864309766;0.25486013876036706;0.22749318986045317;0.22542914207446965;0.5373295400326793;0.0;1.0;0.3643978735072597;0.0;0.25881562675886205;0.27144721922336756;0.0;0.46451916698407836;0.3077634547938437;0.3148898079624336;0.0;0.2753460106627261;0.3606068571885933;0.421212721013867;0.2821712104799405;0.5181213349511667;0.0;0.0;0.36188178125044235;0.19693215211684598;0.0;0.0;0.3751407415658774;0.0;0.30835223523173527;0.0;0.42025664220999187;0.2655177061902612;0.3754228820155811;0.4199231508812001;0.23701969897896688;0.0;0.0;0.0;0.2357005184008123;0.0;0.0;0.0;0.2729378575283908;0.0;0.37460131001591457;0.6115270772900044;0.0;0.1733922739865489;0.26683765623119954;0.17340536512108978;0.2971688720227533;0.42112010531703936;0.0;0.20592878708785758;0.0;0.0;0.3071077361612132;0.0;0.32977226289587985;0.0;0.0;0.0;0.2792268240319383;0.8198860150895328
GO:0038180;0.33504575186725427;0.0;0.3896206017863495;0.37016434379853896;0.15191387108941307;0.38678268082174133;0.15177988690132985;0.28029083747073125;0.30813386816874194;0.25268670725522907;0.2959226187053256;0.35032842701212197;0.3866453836780146;0.485119800980998;0.3955034955320881;0.34453336163838416;0.25043881054573625;0.25193553726294254;0.825814846307163;0.3900230437330002;0.8263077617737931;0.32457953454961325;0.30400928994802195;0.27830563227601096;0.43357784091988755;0.25403135991448217;0.3643978735072597;1.0;0.0;0.33102250765951413;0.38795860097314955;0.0;0.4777405346327732;0.4155521277807396;0.42865059974630765;0.19598497954664057;0.3585537253274824;0.5180564971948923;0.28098127351346885;0.37021461480104234;0.5588330626976381;0.29342627157238726;0.191237277719897;0.3417754060290714;0.236123089407833;0.18981227261544703;0.0;0.7955388753202038;0.20793541781574426;0.4166262690001919;0.24155879349953444;0.41624809504310895;0.23290087567935724;0.7964141358397837;0.4158020297635157;0.2952710260255064;0.26528175830275735;0.0;0.2643348217529468;0.318846111042012;0.0;0.29222911876305147;0.14361474405871127;0.35448096649942606;0.1963755380076318;0.793867135683235;0.28118122656967337;0.0;0.22296166784727703;0.34425952477794936;0.22298157952895714;0.39646695903973833;0.41740418518260364;0.2021502543105013;0.30998001935779496;0.0;0.0;0.45972359313298783;0.27548055336899885;0.37636215637774056;0.26808865688162237;0.2750911132265109;0.31080659177913866;0.40404775020497175;0.41009823926665057
GO:0006888;0.0;0.41903027686025035;0.0;0.0;0.0;0.0;0.0;0.0;0.0;0.0;0.0;0.0;0.0;0.0;0.0;0.0;0.0;0.0;0.0;0.0;0.0;0.0;0.0;0.0;0.0;0.0;0.0;0.0;1.0;0.0;0.0;0.3889159806291834;0.0;0.0;0.0;0.0;0.0;0.0;0.0;0.0;0.0;0.0;0.3566594340345544;0.0;0.0;0.0;0.412307046298469;0.0;0.0;0.0;0.0;0.0;0.0;0.0;0.0;0.0;0.0;0.46410251323380064;0.0;0.0;0.8668182228822738;0.0;0.0;0.0;0.0;0.0;0.0;0.7993653842518369;0.0;0.0;0.0;0.0;0.0;0.0;0.0;0.0;0.6104796438372446;0.0;0.0;0.0;0.0;0.0;0.0;0.0;0.0
GO:0010867;0.22450512024207483;0.0;0.3744350157231328;0.35918938981232384;0.0;0.2699104583529111;0.0;0.17443224103323218;0.8176449442389508;0.0;0.18036138121965797;0.2112716305526436;0.2698435911010924;0.28321223632865206;0.532080105512466;0.0;0.37965585325779994;0.16301428563929765;0.3477624207396304;0.24792207450126558;0.3478891523269511;0.32674525317139136;0.26216934477662684;0.2912283608408238;0.4006150898002174;0.0;0.25881562675886205;0.33102250765951413;0.0;1.0;0.4278646955615053;0.0;0.3112658658192068;0.3892479166204231;0.3975387163804745;0.0;0.5876827100313595;0.32789114726196195;0.3382287793856871;0.35922387694664815;0.343767315793964;0.0;0.0;0.39115765230339133;0.5565007427389455;0.0;0.0;0.33986373432185446;0.0;0.3899340454764314;0.0;0.2839364689396428;0.35856744194708945;0.3400952902078757;0.28372884175332036;0.22757740525388442;0.0;0.0;0.0;0.27088182547895134;0.0;0.0;0.0;0.49257057399808524;0.0;0.33942092550709035;0.2138613635721685;0.0;0.1673391402454654;0.482318473783205;0.1673511641621784;0.2745910343870708;0.2844739291120225;0.0;0.18548826110468541;0.0;0.0;0.28574443338503575;0.0;0.24233085418845937;0.0;0.0;0.0;0.31629886313380795;0.28106140729463275
GO:0010628;0.3261333140883689;0.0;0.5708840386390992;0.3439100283331401;0.0;0.2877307741444467;0.0;0.2711575581242058;0.3988356564288531;0.0;0.2857606757810606;0.20723930831104484;0.287631033834096;0.46665510121162596;0.44456218338914116;0.0;0.3286504834322162;0.2445322979774667;0.4189875087785891;0.3779982593274386;0.4192290441727712;0.30239561271072857;0.3701197000315291;0.260017195743744;0.40128029896766926;0.0;0.27144721922336756;0.38795860097314955;0.0;0.4278646955615053;1.0;0.0;0.35344441623536527;0.3850172463939417;0.39683839660613834;0.0;0.5900807848522566;0.3823410227823747;0.31804333200797674;0.3439556836027055;0.41142544755062577;0.0;0.0;0.38542542598557983;0.4714007592570712;0.0;0.0;0.40413295059196847;0.0;0.3859873467226751;0.0;0.30909771702367095;0.3059637786774866;0.4045629102547681;0.30877481985596483;0.1911055457189509;0.0;0.0;0.0;0.3877251116842864;0.0;0.0;0.0;0.46224244012084154;0.0;0.4033116448721479;0.21052190793001535;0.0;0.28526780725785084;0.4491928359675224;0.2852929443599977;0.2947617844562045;0.3099345048815386;0.0;0.2988478461068765;0.0;0.0;0.5800009857306208;0.0;0.3651528716712212;0.0;0.0;0.0;0.4880269929474756;0.3046444287420083
GO:0072657;0.0;0.4429570127309357;0.0;0.0;0.0;0.0;0.0;0.0;0.0;0.0;0.0;0.0;0.0;0.0;0.0;0.0;0.0;0.0;0.0;0.0;0.0;0.0;0.0;0.0;0.0;0.0;0.0;0.0;0.3889159806291834;0.0;0.0;1.0;0.0;0.0;0.0;0.0;0.0;0.0;0.0;0.0;0.0;0.0;0.17692064979238473;0.0;0.0;0.0;0.4230214307345903;0.0;0.0;0.0;0.0;0.0;0.0;0.0;0.0;0.0;0.0;0.28746920284104005;0.0;0.0;0.40834638197666057;0.0;0.0;0.0;0.0;0.0;0.0;0.3731991781602117;0.0;0.0;0.0;0.0;0.0;0.0;0.0;0.0;0.31840132970133334;0.0;0.0;0.0;0.0;0.0;0.0;0.0;0.0
GO:0010745;0.5136809269403841;0.0;0.35482333038303493;0.34563233809245125;0.0;0.49108422149483133;0.0;0.2538995357485473;0.290943985044236;0.0;0.26665921967438416;0.35838446525728423;0.49092193190817296;0.5264346812152767;0.3676243952373715;0.0;0.32590521701309616;0.23040878695220973;0.5134076027193458;0.44077041635517433;0.5136838637045155;0.30556239705913973;0.2823999001446048;0.26420658588319945;0.4002984696267112;0.0;0.46451916698407836;0.4777405346327732;0.0;0.3112658658192068;0.35344441623536527;0.0;1.0;0.38488450958410536;0.3960949168455312;0.0;0.3354885854588426;0.5493865132293575;0.2666168225891879;0.34567616624957187;0.6883886261933334;0.0;0.0;0.43745463175146915;0.2258955708195929;0.0;0.0;0.4963765706389345;0.0;0.3858057826788402;0.0;0.5257301941805292;0.30405809815822715;0.4968706594381221;0.5252084054082241;0.2672598713408276;0.0;0.0;0.0;0.2951581836503227;0.0;0.0;0.0;0.33192035278763465;0.0;0.49543257789870077;0.3638648537819941;0.0;0.19690401698844934;0.32294210019742337;0.19692089928015963;0.3684566737727122;0.5270821560972214;0.0;0.27802048114303535;0.0;0.0;0.38947889919929946;0.0;0.4266680095839312;0.0;0.0;0.0;0.3667491199587121;0.5185290523086387
GO:0090108;0.3347050726953938;0.0;0.3096445554541043;0.5288143992315586;0.0;0.323579908081952;0.0;0.22005079090531693;0.3659574132971019;0.0;0.2295713402728072;0.3574353720886962;0.323483809771874;0.4481452203587882;0.32966110363573836;0.0;0.2223216791004196;0.20218554670537014;0.4422781299322925;0.3098986844624711;0.4424831297708719;0.38273860243308105;0.4247160730842927;0.33489701812052625;0.4881805091029128;0.0;0.3077634547938437;0.4155521277807396;0.0;0.3892479166204231;0.3850172463939417;0.0;0.38488450958410536;1.0;0.48361996174488586;0.0;0.4166585628413857;0.4787190210670593;0.24606592237848277;0.5238010271217398;0.43583643787457355;0.0;0.0;0.29146925169809185;0.2895448152294808;0.0;0.0;0.4295809329097889;0.0;0.47241178982428134;0.0;0.34394886055820656;0.20839117488736797;0.4299509436117982;0.4006267036163012;0.2533974025397178;0.0;0.0;0.0;0.32839646478503515;0.0;0.0;0.0;0.3006595115694766;0.0;0.4288737247616776;0.2462192561564637;0.0;0.14894114042420925;0.29327398012460165;0.1489531282740481;0.3303302081240956;0.4019016446178561;0.0;0.23794244449504418;0.0;0.0;0.27795827421408803;0.0;0.30121159851346746;0.0;0.0;0.0;0.3976111664188827;0.3397390350873701
GO:0030335;0.28160702276994914;0.0;0.31918490951020834;0.4380721271010038;0.0;0.3314669373356743;0.0;0.2271598495013342;0.37327641413632473;0.0;0.2373196865910973;0.24720638775323003;0.33136609800757977;0.3805569939648069;0.33785111981639937;0.0;0.226016675202803;0.20817143815631045;0.45714576364224885;0.3894737909111737;0.45736478111123297;0.43828926492740294;0.38042686237325085;0.34101596510617227;0.5012923047565606;0.0;0.3148898079624336;0.42865059974630765;0.0;0.3975387163804745;0.39683839660613834;0.0;0.3960949168455312;0.48361996174488586;1.0;0.0;0.4261724138133494;0.4234144155605446;0.2506003750994857;0.49142423553328995;0.4502670719204808;0.0;0.0;0.29785316009899776;0.29410741596713386;0.0;0.0;0.44359363841743843;0.0;0.4846795744782439;0.0;0.35287379367807226;0.21163424968137123;0.44398819301891956;0.41141894839381893;0.2568850427416744;0.0;0.0;0.0;0.3961531675607143;0.0;0.0;0.0;0.3074570407279559;0.0;0.44283958075146085;0.2507594139806641;0.0;0.15111372798330688;0.299738066081724;0.1511260681291935;0.3950822498496493;0.4127622881465795;0.0;0.24627642236233135;0.0;0.0;0.2856218186577513;0.0;0.37822910681485045;0.0;0.0;0.0;0.48229872610090485;0.3484440638003085
