;GO:0016525;GO:0015031;GO:0042176;GO:0045840;GO:0006369;GO:0042059;GO:0006367;GO:0043547;GO:0045723;GO:0046339;GO:0043029;GO:0051126;GO:0030948;GO:2000036;GO:2000278;GO:0001829;GO:0017148;GO:0051006;GO:0035556;GO:0032369;GO:0007186;GO:0090340;GO:0090187;GO:0042102;GO:0009967;GO:0006334;GO:0046426;GO:0038180;GO:0006888;GO:0010867;GO:0010628;GO:0072657;GO:0010745;GO:0090108;GO:0030335;GO:0016567;GO:0032270;GO:0008360;GO:0043405;GO:1903543;GO:0008285;GO:0044255;GO:0043320;GO:0045861;GO:0045944;GO:0006468;GO:0006622;GO:0043401;GO:0043687;GO:0043525;GO:0046834;GO:0043524;GO:0000122;GO:0048384;GO:0031339;GO:0006977;GO:0001845;GO:0006816;GO:0071353;GO:0010875;GO:0016197;GO:0016236;GO:0006351;GO:0006355;GO:0045116;GO:0007205;GO:0060336;GO:0061502;GO:0000289;GO:0006357;GO:0000288;GO:0051279;GO:0048550;GO:0071222;GO:0048873;GO:0045087;GO:0006909;GO:0031047;GO:0030032;GO:0010887;GO:0030595;GO:0036258;GO:0030036;GO:0010884;GO:0010642
GO:0016525;1.0;0.0;0.3886809078917994;0.3260139964853869;0.0;0.3672631281827353;0.0;0.25239047226412975;0.305011794508671;0.0;0.23556080727921286;0.34501552121163154;0.34550079306210985;0.5065997622708547;0.34717492120273247;0.0;0.41585921112479773;0.22276952126641641;0.4088226628516202;0.4580905466714941;0.3996211583248337;0.25452279955392026;0.3923191167790723;0.29641846794599364;0.42699936577217784;0.0;0.32952678241836325;0.28732647518258375;0.0;0.25452279955392026;0.40236315654074545;0.0;0.47068653938127614;0.37828984317475084;0.37384930910352565;0.0;0.4024671398868868;0.5732251892555386;0.33867112447850484;0.28732647518258375;0.4746548530128042;0.0;0.0;0.42503868491401114;0.35396816189306474;0.0;0.0;0.3496036359357787;0.0;0.29360007150994094;0.0;0.381534632028301;0.41086270226570626;0.3406752509841701;0.4042081213836429;0.38779208641703883;0.0;0.0;0.0;0.240511531005056;0.0;0.0;0.0;0.4189308980124647;0.0;0.28732647518258375;0.32818585622671465;0.0;0.4046217514019557;0.39539866430394865;0.2986858488845821;0.3530781350393976;0.36233045804702674;0.0;0.3286801957230462;0.0;0.0;0.3709181926133409;0.0;0.34550079306210985;0.0;0.0;0.0;0.31400086308337694;0.37217518096290303
GO:0015031;0.0;1.0;0.0;0.0;0.0;0.0;0.0;0.0;0.0;0.0;0.0;0.0;0.0;0.0;0.0;0.0;0.0;0.0;0.0;0.0;0.0;0.0;0.0;0.0;0.0;0.0;0.0;0.0;0.5357661801160922;0.0;0.0;0.7005777808330482;0.0;0.0;0.0;0.0;0.0;0.0;0.0;0.0;0.0;0.0;0.5089636255544316;0.0;0.0;0.0;0.6828620462303959;0.0;0.0;0.0;0.0;0.0;0.0;0.0;0.0;0.0;0.0;0.5319387202058383;0.0;0.0;0.6085027820419469;0.0;0.0;0.0;0.0;0.0;0.0;0.5357661801160922;0.0;0.0;0.0;0.0;0.0;0.0;0.0;0.0;0.5031320535499321;0.0;0.0;0.0;0.0;0.0;0.0;0.0;0.0
GO:0042176;0.3886809078917994;0.0;1.0;0.39561032515588385;0.0;0.36319640018043786;0.0;0.32050933069022264;0.4857082993914861;0.0;0.30367966570530575;0.3409487932093341;0.3414340650598124;0.44947701827155523;0.5703564760747357;0.0;0.6203550933301617;0.2896683971564415;0.48256030909436126;0.45402381866919667;0.47335880456757473;0.3241191282244172;0.3750933950296462;0.3645373263720865;0.5007370120149188;0.0;0.3254600544160658;0.3610641214253248;0.0;0.43521930443673534;0.6255447114127487;0.0;0.3414340650598124;0.3610641214253248;0.4452718358161495;0.0;0.6979410156004404;0.4419702942271456;0.5673662718055861;0.3610641214253248;0.47058812501050673;0.0;0.0;0.6623382427480387;0.5571859325561234;0.0;0.0;0.42334128217851974;0.0;0.36319640018043786;0.0;0.37746790402600355;0.5418948865003745;0.41441289722691116;0.40014139338134547;0.41052791297640195;0.0;0.0;0.0;0.3086303894311489;0.0;0.0;0.0;0.6421124528844679;0.0;0.3610641214253248;0.3241191282244172;0.0;0.5428264338327722;0.6072664034075597;0.42409924530260223;0.42681578128213865;0.3582637300447293;0.0;0.4054490225896914;0.0;0.0;0.5019503768480091;0.0;0.3414340650598124;0.0;0.0;0.0;0.387738509326118;0.36810845296060557
GO:0045840;0.3260139964853869;0.0;0.39561032515588385;1.0;0.0;0.3343116144579766;0.0;0.263843540350813;0.45816592079656365;0.0;0.24701387536589609;0.4845549381636259;0.3280380181306194;0.3773224891388773;0.3878864641507681;0.0;0.3983964361933073;0.23524703288490795;0.46916426216516827;0.3872155896905401;0.45996275763838174;0.4076769258418129;0.4021388152163804;0.42663886958184294;0.5700110534208236;0.0;0.29805273893800854;0.3107230812952242;0.0;0.4076769258418129;0.5008311034401034;0.0;0.3280380181306194;0.5159444350147764;0.5115146965981501;0.0;0.5627937643709278;0.515783528579049;0.3793826674265405;0.4076769258418129;0.45719207808131374;0.0;0.0;0.4075759099825207;0.46869982473564575;0.0;0.0;0.39031517888381434;0.0;0.4467541977978336;0.0;0.36407185709681056;0.37938865878535155;0.38138679393220576;0.5294637821241462;0.6385651442976512;0.0;0.0;0.0;0.33567580961788307;0.0;0.0;0.0;0.45964244096050033;0.0;0.3280380181306194;0.2952343425019559;0.0;0.3480305506324927;0.4361102072519843;0.2401977566107511;0.41341973435294566;0.4320769643966326;0.0;0.33329449345701345;0.0;0.0;0.32297696028443024;0.0;0.27876715365339994;0.0;0.0;0.0;0.41478392951285215;0.3373974691960174
GO:0006369;0.0;0.0;0.0;0.0;1.0;0.0;0.6295553243763792;0.0;0.0;0.39234937596569847;0.0;0.2675776345890683;0.0;0.0;0.0;0.4122517233397286;0.0;0.0;0.5337479110087651;0.0;0.5245464064819785;0.0;0.0;0.0;0.0;0.44591105330956243;0.0;0.4122517233397286;0.0;0.0;0.0;0.0;0.0;0.0;0.0;0.42071962520551487;0.0;0.0;0.0;0.0;0.0;0.6144031569144337;0.4122517233397286;0.0;0.0;0.4931373136001039;0.0;0.47452888409292354;0.47416839762128354;0.0;0.40232226554244216;0.0;0.0;0.46560049914131496;0.0;0.4122517233397286;0.42908138832464554;0.0;0.28769296280505896;0.0;0.0;0.428491413409504;0.7368451022715832;0.0;0.34355624234997095;0.4122517233397286;0.0;0.0;0.5765707774623957;0.0;0.4578435889322257;0.0;0.0;0.4122517233397286;0.0;0.0;0.0;0.42818150516469416;0.4389261112405218;0.0;0.49040626725176995;0.4122517233397286;0.4612826479258983;0.0;0.0
GO:0042059;0.3672631281827353;0.0;0.36319640018043786;0.3343116144579766;0.0;1.0;0.0;0.23142961537536705;0.31330941248126065;0.0;0.2145999503904501;0.3721184252125898;0.5535304953654576;0.3449085641634313;0.33998380038205384;0.0;0.44296211512575595;0.20283310790946196;0.4171202808242099;0.4499209757955278;0.40791877629742335;0.2628204175265099;0.2800125586477878;0.2919247999057868;0.606661282296292;0.0;0.5107539301600506;0.2783091563197782;0.0;0.2628204175265099;0.3787048468715108;0.0;0.37491881659318527;0.2783091563197782;0.366658188282847;0.0;0.4107647578594764;0.35921532912159904;0.5016729250802053;0.2783091563197782;0.5071040571677838;0.0;0.0;0.45214158891496936;0.34947449385285795;0.0;0.0;0.34058631707297315;0.0;0.3018976894825306;0.0;0.40863753602925923;0.4206506694312692;0.3316579321213646;0.41399608854920594;0.39758005358260184;0.0;0.0;0.0;0.21955067411629325;0.0;0.0;0.0;0.4117397771917861;0.0;0.2783091563197782;0.5207268197367942;0.0;0.39645218052598946;0.38968501372767406;0.2905162780086158;0.36137575301198727;0.3721184252125898;0.0;0.30088056848156747;0.0;0.0;0.3627486217373746;0.0;0.33733122218614353;0.0;0.0;0.0;0.2885163553720154;0.5802048832662509
GO:0006367;0.0;0.0;0.0;0.0;0.6295553243763792;0.0;1.0;0.0;0.0;0.3656749880649053;0.0;0.24090324668827506;0.0;0.0;0.0;0.3855773354389354;0.0;0.0;0.5070735231079719;0.0;0.49787201858118535;0.0;0.0;0.0;0.0;0.41923666540876925;0.0;0.3855773354389354;0.0;0.0;0.0;0.0;0.0;0.0;0.0;0.3940452373047217;0.0;0.0;0.0;0.0;0.0;0.5877287690136406;0.3855773354389354;0.0;0.0;0.46646292569931075;0.0;0.44785449619213036;0.4474940097204903;0.0;0.3756478776416489;0.0;0.0;0.4389261112405218;0.0;0.3855773354389354;0.4024070004238523;0.0;0.2610185749042658;0.0;0.0;0.4018170255087108;0.71017071437079;0.0;0.31688185444917777;0.3855773354389354;0.0;0.0;0.5498963895616025;0.0;0.4311692010314325;0.0;0.0;0.3855773354389354;0.0;0.0;0.0;0.401507117263901;0.4122517233397286;0.0;0.46373187935097676;0.3855773354389354;0.43460826002510505;0.0;0.0
GO:0043547;0.25239047226412975;0.0;0.32050933069022264;0.263843540350813;0.0;0.23142961537536705;0.0;1.0;0.2428413383740971;0.0;0.20514362943214276;0.20918200840426326;0.20514362943214276;0.30039529663108916;0.2823070122876867;0.0;0.28002569831742946;0.5628108019964566;0.37345476127870697;0.3121145952248789;0.3642532567519205;0.19235234341934632;0.2528142279508409;0.2364924378792958;0.3588277885706011;0.0;0.19741516592327513;0.2519585736096705;0.0;0.19235234341934632;0.33749524762569966;0.0;0.20514362943214276;0.219154897981007;0.3089814001884799;0.0;0.337599230971841;0.3328647464114914;0.46519716241403813;0.219154897981007;0.328678901566189;0.0;0.0;0.2892051721066428;0.2940421318263669;0.0;0.0;0.3142357343628655;0.0;0.23142961537536705;0.0;0.24570111922093268;0.2787510857706181;0.30530734941125687;0.25823216993702774;0.2715886299751829;0.0;0.0;0.0;0.18058550093835818;0.0;0.0;0.0;0.35406298909741896;0.0;0.2519585736096705;0.19235234341934632;0.0;0.28841829496009985;0.33322820816937476;0.16969110642992985;0.30039529663108916;0.2219732944170597;0.0;0.29826301787597614;0.0;0.0;0.2773759731609016;0.0;0.20514362943214276;0.0;0.0;0.0;0.26131802467506854;0.231818017332936
GO:0045723;0.305011794508671;0.0;0.4857082993914861;0.45816592079656365;0.0;0.31330941248126065;0.0;0.2428413383740971;1.0;0.0;0.22601167338918016;0.3065505443034252;0.30703581615390346;0.35632028716216135;0.5363779439831917;0.0;0.5200853614640704;0.21424483090819202;0.44816206018845234;0.36621338771382417;0.4389605556616658;0.386674723865097;0.38113661323966447;0.40563666760512695;0.5490088514441076;0.0;0.27705053696129267;0.28972087931850826;0.0;0.691809525947159;0.5808940736372687;0.0;0.30703581615390346;0.386674723865097;0.4905124946214341;0.0;0.6463010774023097;0.3879419889557243;0.4315571984059474;0.386674723865097;0.4361898761045978;0.0;0.0;0.48120669536956695;0.6036630344730098;0.0;0.0;0.3693129769070984;0.0;0.42575199582111767;0.0;0.34306965512009463;0.5079163544088305;0.36038459195548983;0.34611308810992414;0.40933596085451357;0.0;0.0;0.0;0.31467360764116714;0.0;0.0;0.0;0.6081339207929239;0.0;0.30703581615390346;0.27423214052524;0.0;0.40937865565667025;0.5732878713160157;0.3034427531392966;0.3924175323762297;0.3065505443034252;0.0;0.3122922914802975;0.0;0.0;0.3756750968680554;0.0;0.257764951676684;0.0;0.0;0.0;0.3937817275361362;0.31639526721930145
GO:0046339;0.0;0.0;0.0;0.0;0.39234937596569847;0.0;0.3656749880649053;0.0;0.0;1.0;0.0;0.22050444082219184;0.0;0.0;0.0;0.2750478485085872;0.0;0.0;0.4161740925431361;0.0;0.40697258801634956;0.0;0.0;0.0;0.0;0.32833723484393346;0.0;0.2946779048740996;0.0;0.0;0.0;0.0;0.0;0.0;0.0;0.3537321333879925;0.0;0.0;0.0;0.0;0.0;0.6760486955060117;0.2750478485085872;0.0;0.0;0.41335853576978504;0.0;0.35695506562729457;0.3943896197909647;0.0;0.4794565429272885;0.0;0.0;0.348026680675686;0.0;0.2946779048740996;0.31150756985901656;0.0;0.22823290433105947;0.0;0.0;0.36638250756195506;0.45030352897069265;0.0;0.27656875053244856;0.2946779048740996;0.0;0.0;0.38250465304982223;0.0;0.27656875053244856;0.0;0.0;0.2750478485085872;0.0;0.0;0.0;0.33326892368848177;0.3017222364093804;0.0;0.37283244878614097;0.2946779048740996;0.3663700664496859;0.0;0.0
GO:0043029;0.23556080727921286;0.0;0.30367966570530575;0.24701387536589609;0.0;0.2145999503904501;0.0;0.20514362943214276;0.22601167338918016;0.0;1.0;0.2899235864685205;0.18831396444722587;0.28356563164617227;0.2654773473027698;0.0;0.2631960333325125;0.17552267843442942;0.39891638964871906;0.295284930239962;0.38971488512193253;0.17552267843442942;0.34904454480836644;0.2196627728943789;0.3419981235856842;0.0;0.18058550093835818;0.2774202019796826;0.0;0.17552267843442942;0.32066558264078276;0.0;0.18831396444722587;0.20232523299609012;0.29215173520356297;0.0;0.32076956598692413;0.43323638084126104;0.259671003359014;0.20232523299609012;0.31184923658127206;0.0;0.4550013242334574;0.2723755071217259;0.27721246684145;0.0;0.0;0.33969736273287754;0.0;0.2145999503904501;0.0;0.2288714542360158;0.2619214207857012;0.33076897778126896;0.2414025049521108;0.2774202019796826;0.0;0.0;0.0;0.1637558359534413;0.0;0.0;0.0;0.337233324112502;0.0;0.2774202019796826;0.17552267843442942;0.0;0.2942498669645995;0.3163985431844578;0.15286144144501296;0.39845181153074166;0.20514362943214276;0.0;0.6233207368349785;0.5082219333741764;0.0;0.29334998380464816;0.0;0.3153852148385326;0.5063533135838382;0.0;0.0;0.359374539574721;0.21498835234801905
GO:0051126;0.34501552121163154;0.0;0.3409487932093341;0.4845549381636259;0.2675776345890683;0.3721184252125898;0.24090324668827506;0.20918200840426326;0.3065505443034252;0.22050444082219184;0.2899235864685205;1.0;0.37533244661149806;0.3226609571923275;0.33322493220421834;0.24090324668827506;0.4403445645201646;0.18058550093835818;0.4145027302186185;0.427673368824424;0.405301225691832;0.2560615493486744;0.3503854710000151;0.2824684789474795;0.4130493767736637;0.38350179718643357;0.3325558814060908;0.2560615493486744;0.0;0.2560615493486744;0.35645723990040706;0.0;0.37533244661149806;0.48194669933960815;0.3598993201050116;0.2429716605602265;0.4058320877237679;0.48378323362191583;0.3247211354799907;0.41679184668139224;0.5116590047583407;0.3792300952683228;0.24090324668827506;0.449524038309378;0.3400181728945506;0.29413488874756194;0.0;0.3356536469372646;0.27516597276874155;0.29513882130469515;0.21544161831826303;0.40601998542366785;0.4138918012534338;0.326725261985656;0.5938631935960977;0.40213500117315865;0.3666721322015166;0.0;0.18684511085235794;0.19730306714518947;0.0;0.26962431452603713;0.34819302458347906;0.4049809090139506;0.1658082777046826;0.2733764861840696;0.3330411532565691;0.0;0.3742045735548857;0.3814486753054346;0.268268671037512;0.43491153288117096;0.5074683091676186;0.24090324668827506;0.37620420455963793;0.0;0.0;0.34050101476627087;0.3592019182819977;0.3495298166588447;0.3190577906003164;0.3498424672165997;0.40836100952903487;0.35888926772424273;0.3793455975228747
GO:0030948;0.34550079306210985;0.0;0.3414340650598124;0.3280380181306194;0.0;0.5535304953654576;0.0;0.20514362943214276;0.30703581615390346;0.0;0.18831396444722587;0.37533244661149806;1.0;0.325461348572923;0.33371020405469665;0.0;0.44617613652466426;0.17552267843442942;0.4203343022231182;0.4335049408289237;0.41113279769633165;0.25654682119915273;0.2564240254850354;0.27965008251142687;0.6003876859689348;0.0;0.4984792127656904;0.25654682119915273;0.0;0.25654682119915273;0.35511631370875846;0.0;0.38530533618824175;0.25654682119915273;0.36038459195548983;0.0;0.4086324791043634;0.35708305036648597;0.48525689011360124;0.25654682119915273;0.5276330154020872;0.0;0.0;0.45535561031387767;0.33719977645849797;0.0;0.0;0.3384540383178601;0.0;0.2956240931551734;0.0;0.41185155742816754;0.4143770731039121;0.3295256533662515;0.39758005358260184;0.41810901181690524;0.0;0.0;0.0;0.19326468817306902;0.0;0.0;0.0;0.40546618086442887;0.0;0.27617687756466514;0.514453223409437;0.0;0.3841774631316293;0.3801077491137859;0.26545027460145937;0.3645897744108956;0.37533244661149806;0.0;0.2814333528910592;0.0;0.0;0.3391600885746222;0.0;0.31788400659563526;0.0;0.0;0.0;0.26675402025138994;0.5834189046651592
GO:2000036;0.5065997622708547;0.0;0.44947701827155523;0.3773224891388773;0.0;0.3449085641634313;0.0;0.30039529663108916;0.35632028716216135;0.0;0.28356563164617227;0.3226609571923275;0.325461348572923;1.0;0.40262473142846694;0.0;0.3935046471054937;0.268076892852904;0.4696187732313761;0.4410822828062115;0.46041726870458954;0.3058312922074106;0.4799177817204887;0.34442329231295304;0.4877954761519337;0.0;0.3053460203569323;0.3481225855623396;0.0;0.3058312922074106;0.4578129667664799;0.0;0.45935291943886764;0.47906212737931836;0.4292991193292601;0.0;0.4579169501126213;0.5402590922406885;0.3899796171319952;0.3481225855623396;0.45764658914752154;0.0;0.0;0.4026841208947071;0.40197298626002415;0.0;0.0;0.41039974631553455;0.0;0.3449085641634313;0.0;0.359180068008997;0.3866819402042753;0.40147136136392597;0.3871998575183603;0.4077288157526637;0.0;0.0;0.0;0.2885163553720154;0.0;0.0;0.0;0.47438070823819917;0.0;0.3481225855623396;0.3058312922074106;0.0;0.42455848073758057;0.446707156957439;0.27302761657874713;0.41387424541915346;0.3422910135578399;0.0;0.3966488042989502;0.0;0.0;0.3640523673873052;0.0;0.325461348572923;0.0;0.0;0.0;0.3747969734631328;0.3521357364737162
GO:2000278;0.34717492120273247;0.0;0.5703564760747357;0.3878864641507681;0.0;0.33998380038205384;0.0;0.2823070122876867;0.5363779439831917;0.0;0.2654773473027698;0.33322493220421834;0.33371020405469665;0.40262473142846694;1.0;0.0;0.6396347432231293;0.25268606128997334;0.4748364480892455;0.41020271245001255;0.465634943562459;0.31639526721930145;0.3335874083405793;0.34280219681810653;0.47338309464429074;0.0;0.3037249248620858;0.33371020405469665;0.0;0.485888949028441;0.601353661559077;0.0;0.33371020405469665;0.33371020405469665;0.42023303797563855;0.0;0.5746550903435578;0.4146163768565175;0.4667415835381199;0.33371020405469665;0.462864264005391;0.0;0.0;0.539052317491156;0.6326143435843915;0.0;0.0;0.3959873648078916;0.0;0.3554725391753221;0.0;0.3697440430208878;0.6173232975286427;0.387058979856283;0.3727874760107173;0.37600149740962563;0.0;0.0;0.0;0.27042807102861294;0.0;0.0;0.0;0.7431720413452514;0.0;0.33371020405469665;0.30090652842603316;0.0;0.5186353839791005;0.6928372530750746;0.3999081954489305;0.4190919202770229;0.33322493220421834;0.0;0.3585967357466031;0.0;0.0;0.4777593269943375;0.0;0.2999280783707455;0.0;0.0;0.0;0.34391740310693386;0.34306965512009463
GO:0001829;0.0;0.0;0.0;0.0;0.4122517233397286;0.0;0.3855773354389354;0.0;0.0;0.2750478485085872;0.0;0.24090324668827506;0.0;0.0;0.0;1.0;0.0;0.0;0.5070735231079719;0.0;0.49787201858118535;0.0;0.0;0.0;0.0;0.41923666540876925;0.0;0.3855773354389354;0.0;0.0;0.0;0.0;0.0;0.0;0.0;0.2857482257656338;0.0;0.0;0.0;0.0;0.0;0.46429795382865896;0.3855773354389354;0.0;0.0;0.34867829643395737;0.0;0.44785449619213036;0.3297093804551369;0.0;0.27784823988918267;0.0;0.0;0.4389261112405218;0.0;0.3855773354389354;0.4024070004238523;0.0;0.24138851853875337;0.0;0.0;0.3419008870735769;0.4928671133341394;0.0;0.20858484291008988;0.3855773354389354;0.0;0.0;0.4024070004238523;0.0;0.19457357436122563;0.0;0.0;0.3855773354389354;0.0;0.0;0.0;0.3687034416352375;0.4122517233397286;0.0;0.46373187935097676;0.3855773354389354;0.40180458439644157;0.0;0.0
GO:0017148;0.41585921112479773;0.0;0.6203550933301617;0.3983964361933073;0.0;0.44296211512575595;0.0;0.28002569831742946;0.5200853614640704;0.0;0.2631960333325125;0.4403445645201646;0.44617613652466426;0.3935046471054937;0.6396347432231293;0.0;1.0;0.2514291908515244;0.4853464201317847;0.4985170587375902;0.47614491560499816;0.3269052392618406;0.3286086415898502;0.35331216886064565;0.48389306668682985;0.0;0.403399571319257;0.3269052392618406;0.0;0.4695963665093196;0.6890242407389546;0.0;0.44617613652466426;0.3269052392618406;0.4307430100181777;0.0;0.6999066063948276;0.42512634889905665;0.5693318625999734;0.3269052392618406;0.5825026946715068;0.0;0.0;0.7600157904225469;0.61632176106527;0.0;0.0;0.40649733685043077;0.0;0.3659825112178613;0.0;0.47686367533683405;0.7301436679594507;0.3975689518988222;0.46259217149126836;0.47297869108632484;0.0;0.0;0.0;0.26814675705835567;0.0;0.0;0.0;0.7113907200328616;0.0;0.3442201760972358;0.4038848431697353;0.0;0.6787146543220732;0.6705435494889503;0.5867900203535639;0.4296018923195621;0.4403445645201646;0.0;0.3494766514236299;0.0;0.0;0.6778147711621219;0.0;0.38592730512820594;0.0;0.0;0.0;0.33711243831407783;0.45018928743604086
GO:0051006;0.22276952126641641;0.0;0.2896683971564415;0.23524703288490795;0.0;0.20283310790946196;0.0;0.5628108019964566;0.21424483090819202;0.0;0.17552267843442942;0.18058550093835818;0.17552267843442942;0.268076892852904;0.25268606128997334;0.0;0.2514291908515244;1.0;0.3393101594583949;0.28127366169109774;0.33010865493160835;0.1637558359534413;0.2219732944170597;0.20876837838595058;0.32798685503681996;0.0;0.16969110642992985;0.2178139717893584;0.0;0.1637558359534413;0.3078742966279863;0.0;0.17552267843442942;0.18831396444722587;0.2793604491907665;0.0;0.3079782799741277;0.29872014459117924;0.43287875863585296;0.18831396444722587;0.2978379680324078;0.0;0.0;0.2606086646407378;0.2663180723330217;0.0;0.0;0.28009113254255336;0.0;0.20283310790946196;0.0;0.21710461175502765;0.25102702627727286;0.2711627475909448;0.22739123640324654;0.2351289086247536;0.0;0.0;0.0;0.15286144144501296;0.0;0.0;0.0;0.32444203809970557;0.0;0.2178139717893584;0.1637558359534413;0.0;0.2519585736096705;0.3046317007034697;0.14271900280576594;0.268076892852904;0.19235234341934632;0.0;0.2618032965255468;0.0;0.0;0.24653503962712042;0.0;0.17552267843442942;0.0;0.0;0.0;0.2289996208968833;0.2021970663352226
GO:0035556;0.4088226628516202;0.0;0.48256030909436126;0.46916426216516827;0.5337479110087651;0.4171202808242099;0.5070735231079719;0.37345476127870697;0.44816206018845234;0.4161740925431361;0.39891638964871906;0.4145027302186185;0.4203343022231182;0.4696187732313761;0.4748364480892455;0.5070735231079719;0.4853464201317847;0.3393101594583949;1.0;0.4741655736290175;0.7523278693512707;0.3976730652337016;0.4148652063549795;0.4166350089737316;0.5600071928127123;0.5407328530778057;0.3775577370177109;0.6400331862090207;0.0;0.3976730652337016;0.4939274382131901;0.0;0.4203343022231182;0.3976730652337016;0.5015108359900387;0.42273315222793856;0.5527899037628164;0.5280430295865997;0.4621913337927738;0.3976730652337016;0.5566608603699608;0.6185978171263589;0.5070735231079719;0.4945258939209981;0.4741847029208027;0.48980454046850624;0.0;0.7023103469622157;0.4708356244896858;0.4367503371897223;0.4220056645476357;0.451021841035288;0.4588936568650539;0.6933819620106072;0.45941157417913886;0.7170000585953863;0.5239031880928888;0.0;0.38251476257330225;0.32877214439096974;0.0;0.49019962930427396;0.6143633010031759;0.5465924248989777;0.34556976937239464;0.6400331862090207;0.3780430088681892;0.0;0.5239031880928888;0.5189188736182175;0.34556976937239464;0.5128885166415926;0.4145027302186185;0.5070735231079719;0.5274883010947653;0.0;0.0;0.5230033049329375;0.5337479110087651;0.36157582001963323;0.5852280670200132;0.5070735231079719;0.5561044476941415;0.4305415012753554;0.4243474531344948
GO:0032369;0.4580905466714941;0.0;0.45402381866919667;0.3872155896905401;0.0;0.4499209757955278;0.0;0.3121145952248789;0.36621338771382417;0.0;0.295284930239962;0.427673368824424;0.4335049408289237;0.4410822828062115;0.41020271245001255;0.0;0.4985170587375902;0.28127366169109774;0.4741655736290175;1.0;0.464964069102231;0.44010423505711893;0.5160548583818818;0.3561425909067428;0.49234227654957513;0.0;0.4080433124589116;0.35266938595998104;0.0;0.31572439275907344;0.46539094778802553;0.0;0.4335049408289237;0.35266938595998104;0.5274994345263047;0.0;0.4654949311341669;0.43357555876180187;0.399872717683658;0.45973429142263134;0.5698314989757662;0.0;0.0;0.5076965325268037;0.4136922848538139;0.0;0.0;0.414946546713176;0.0;0.3548016647150941;0.0;0.4641924796410935;0.48937923230625463;0.4060181617615674;0.680320728256227;0.4931111710192478;0.0;0.0;0.0;0.5889027224667646;0.0;0.0;0.0;0.4819586892597448;0.0;0.35266938595998104;0.41084370383950714;0.0;0.5099408360041646;0.4566002575091018;0.37389871063859953;0.5481471882688618;0.6157818279301943;0.0;0.39705428712434765;0.0;0.0;0.4494347226538893;0.0;0.6991962323594492;0.0;0.0;0.0;0.6384401964318984;0.4601793287297169
GO:0007186;0.3996211583248337;0.0;0.47335880456757473;0.45996275763838174;0.5245464064819785;0.40791877629742335;0.49787201858118535;0.3642532567519205;0.4389605556616658;0.40697258801634956;0.38971488512193253;0.405301225691832;0.41113279769633165;0.46041726870458954;0.465634943562459;0.49787201858118535;0.47614491560499816;0.33010865493160835;0.7523278693512707;0.464964069102231;1.0;0.3884715607069151;0.40566370182819295;0.40743350444694504;0.5508056882859257;0.5315313485510191;0.3683562324909244;0.6308316816822342;0.0;0.3884715607069151;0.48472593368640354;0.0;0.41113279769633165;0.3884715607069151;0.4923093314632522;0.413531647701152;0.5435883992360299;0.5188415250598131;0.45298982926598724;0.3884715607069151;0.5474593558431742;0.6093963125995724;0.49787201858118535;0.4853243893942116;0.4649831983940162;0.48060303594171966;0.0;0.6931088424354293;0.4616341199628993;0.42754883266293575;0.41280416002084924;0.44182033650850144;0.4496921523382673;0.6841804574838206;0.45021006965235233;0.6308316816822342;0.5147016835661022;0.0;0.3733132580465157;0.3195706398641832;0.0;0.48099812477748743;0.6051617964763893;0.5373909203721913;0.3363682648456081;0.785807793312497;0.36884150434140267;0.0;0.5147016835661022;0.5097173690914311;0.3363682648456081;0.503687012114806;0.405301225691832;0.49787201858118535;0.5182867965679787;0.0;0.0;0.5138018004061509;0.5245464064819785;0.3523743154928467;0.5760265624932267;0.49787201858118535;0.5469029431673551;0.42133999674856887;0.41514594860770826
GO:0090340;0.25452279955392026;0.0;0.3241191282244172;0.4076769258418129;0.0;0.2628204175265099;0.0;0.19235234341934632;0.386674723865097;0.0;0.17552267843442942;0.2560615493486744;0.25654682119915273;0.3058312922074106;0.31639526721930145;0.0;0.3269052392618406;0.1637558359534413;0.3976730652337016;0.44010423505711893;0.3884715607069151;1.0;0.5595845277237568;0.3551476726503763;0.4985198564893569;0.0;0.22656154200654188;0.23923188436375753;0.0;0.33618572891034626;0.4293399065086368;0.0;0.25654682119915273;0.33618572891034626;0.45416979364794513;0.0;0.4913025674394611;0.33745299400097356;0.3078914704950738;0.5347057916830777;0.3857008811498471;0.0;0.0;0.33608471305105403;0.3972086278041791;0.0;0.0;0.3188239819523477;0.0;0.37526300086636694;0.0;0.2925806601653439;0.3078974618538849;0.3098955970007391;0.38622180976926773;0.35884696589976284;0.0;0.0;0.0;0.38592483595237936;0.0;0.0;0.0;0.38815124402903367;0.0;0.25654682119915273;0.22374314557048924;0.0;0.27653935370102606;0.36461901032051763;0.16870655967928444;0.4325262540355733;0.34665926596276875;0.0;0.2618032965255468;0.0;0.0;0.2514857633529636;0.0;0.29789829089743214;0.0;0.0;0.0;0.3770064107924012;0.2659062722645507
GO:0090187;0.3923191167790723;0.0;0.3750933950296462;0.4021388152163804;0.0;0.2800125586477878;0.0;0.2528142279508409;0.38113661323966447;0.0;0.34904454480836644;0.3503854710000151;0.2564240254850354;0.4799177817204887;0.3335874083405793;0.0;0.3286086415898502;0.2219732944170597;0.4148652063549795;0.5160548583818818;0.40566370182819295;0.5595845277237568;1.0;0.3692396183904561;0.5126118022294368;0.0;0.2437536831278198;0.293369018685943;0.0;0.33064761828491374;0.482629292843983;0.0;0.2564240254850354;0.5039411730910721;0.48782912361777897;0.0;0.48273327619012435;0.5163595023621721;0.3250836116163517;0.5595845277237568;0.38326296590561254;0.0;0.0;0.3377881153790636;0.42678931233752726;0.0;0.0;0.35564617943913795;0.0;0.3697248902409344;0.0;0.2942840624933535;0.3250896029751627;0.3467177944875294;0.46217243309403055;0.3729389116398427;0.0;0.0;0.0;0.4565291591231208;0.0;0.0;0.0;0.4053433851503116;0.0;0.293369018685943;0.24093528669176711;0.0;0.33285992066027653;0.3818111514417955;0.21413273213010642;0.48884682099482374;0.41726358913351025;0.0;0.4621277174611444;0.0;0.0;0.31464510066492996;0.0;0.38598953800927405;0.0;0.0;0.0;0.4353251628994838;0.2830984133858286
GO:0042102;0.29641846794599364;0.0;0.3645373263720865;0.42663886958184294;0.0;0.2919247999057868;0.0;0.2364924378792958;0.40563666760512695;0.0;0.2196627728943789;0.2824684789474795;0.27965008251142687;0.34442329231295304;0.34280219681810653;0.0;0.35331216886064565;0.20876837838595058;0.4166350089737316;0.3561425909067428;0.40743350444694504;0.3551476726503763;0.3692396183904561;1.0;0.5121355000753656;0.0;0.2579103504536949;0.27965008251142687;0.0;0.3551476726503763;0.46793190661417916;0.0;0.27965008251142687;0.3724626094857715;0.4589854434067133;0.0;0.5049182110254697;0.36055625531324764;0.33699585287435074;0.3724626094857715;0.6047126244198597;0.0;0.0;0.3624916426498591;0.43910429619625246;0.0;0.0;0.34192724326462176;0.0;0.3942249446063969;0.0;0.318987589764149;0.3392462703010379;0.33299885831301324;0.3187273544674475;0.3724626094857715;0.0;0.0;0.0;0.3060802810784898;0.0;0.0;0.0;0.41455817362783876;0.0;0.27965008251142687;0.3621089174111848;0.0;0.3128162342764513;0.3937233926997945;0.21371910211179374;0.360890481161509;0.2824684789474795;0.0;0.30039529663108916;0.0;0.0;0.2946014142811047;0.0;0.24917162511400665;0.0;0.0;0.0;0.37956961315681065;0.29231320186335574
GO:0009967;0.42699936577217784;0.0;0.5007370120149188;0.5700110534208236;0.0;0.606661282296292;0.0;0.3588277885706011;0.5490088514441076;0.0;0.3419981235856842;0.4130493767736637;0.6003876859689348;0.4877954761519337;0.47338309464429074;0.0;0.48389306668682985;0.32798685503681996;0.5600071928127123;0.49234227654957513;0.5508056882859257;0.4985198564893569;0.5126118022294368;0.5121355000753656;1.0;0.0;0.5576111207635277;0.4158497681542592;0.0;0.4985198564893569;0.6113040904531598;0.0;0.4158497681542592;0.5253224110510175;0.602357627245694;0.0;0.6577780125907158;0.49675594095608;0.6517323352648559;0.5253224110510175;0.5480350087288577;0.0;0.0;0.4930725404760433;0.5696851940224367;0.0;0.0;0.4781269289074541;0.0;0.5375971284453775;0.0;0.4495684875903332;0.4615816209923432;0.4691985439558456;0.45492704011027985;0.5253224110510175;0.0;0.0;0.0;0.436661178904674;0.0;0.0;0.0;0.545139071454023;0.0;0.4158497681542592;0.5675840103402714;0.0;0.4656760358416973;0.51978063970338;0.3329375787626631;0.5042626650004897;0.4130493767736637;0.0;0.4437674804700698;0.0;0.0;0.42065866128469015;0.0;0.37975252294019085;0.0;0.0;0.0;0.5324294147220567;0.6270620738697279
GO:0006334;0.0;0.0;0.0;0.0;0.44591105330956243;0.0;0.41923666540876925;0.0;0.0;0.32833723484393346;0.0;0.38350179718643357;0.0;0.0;0.0;0.41923666540876925;0.0;0.0;0.5407328530778057;0.0;0.5315313485510191;0.0;0.0;0.0;0.0;1.0;0.0;0.41923666540876925;0.0;0.0;0.0;0.0;0.0;0.0;0.0;0.3348962945287359;0.0;0.0;0.0;0.0;0.0;0.5307609594271563;0.41923666540876925;0.0;0.0;0.40196768276930356;0.0;0.4815138261619642;0.3829987667904832;0.0;0.33416880684843314;0.0;0.0;0.4725854412103556;0.0;0.41923666540876925;0.5857675697192044;0.0;0.2946779048740996;0.0;0.0;0.40236277160507133;0.5265264433039731;0.0;0.257732911673192;0.41923666540876925;0.0;0.0;0.4360663303936862;0.0;0.257732911673192;0.0;0.0;0.41923666540876925;0.0;0.0;0.0;0.4351664472337348;0.5956122926350806;0.0;0.4973912093208106;0.5689379047342875;0.5598918736878684;0.0;0.0
GO:0046426;0.32952678241836325;0.0;0.3254600544160658;0.29805273893800854;0.0;0.5107539301600506;0.0;0.19741516592327513;0.27705053696129267;0.0;0.18058550093835818;0.3325558814060908;0.4984792127656904;0.3053460203569323;0.3037249248620858;0.0;0.403399571319257;0.16969110642992985;0.3775577370177109;0.4080433124589116;0.3683562324909244;0.22656154200654188;0.2437536831278198;0.2579103504536949;0.5576111207635277;0.0;1.0;0.24057281055540614;0.0;0.22656154200654188;0.3424459713515428;0.0;0.3330411532565691;0.24057281055540614;0.33039931276287904;0.0;0.3730284120951044;0.321478983357227;0.5622464534446154;0.24057281055540614;0.4621952132072635;0.0;0.0;0.4125790451084704;0.315460044400766;0.0;0.0;0.30284997130860114;0.0;0.2656388139625626;0.0;0.36907499222276025;0.38439179391130124;0.2939215863569925;0.3721184252125898;0.3526712096220815;0.0;0.0;0.0;0.18553622466420133;0.0;0.0;0.0;0.3754809016718181;0.0;0.24057281055540614;0.4716766582040298;0.0;0.3515433365654691;0.3546461207437739;0.25547738502471556;0.3218132092054883;0.3325558814060908;0.0;0.26131802467506854;0.0;0.0;0.3264897462174066;0.0;0.29776867837964455;0.0;0.0;0.0;0.2507800096076434;0.5251536006664836
GO:0038180;0.28732647518258375;0.0;0.3610641214253248;0.3107230812952242;0.4122517233397286;0.2783091563197782;0.3855773354389354;0.2519585736096705;0.28972087931850826;0.2946779048740996;0.2774202019796826;0.2560615493486744;0.25654682119915273;0.3481225855623396;0.33371020405469665;0.3855773354389354;0.3269052392618406;0.2178139717893584;0.6400331862090207;0.35266938595998104;0.6308316816822342;0.23923188436375753;0.293369018685943;0.27965008251142687;0.4158497681542592;0.41923666540876925;0.24057281055540614;1.0;0.0;0.23923188436375753;0.37243125054415366;0.0;0.25654682119915273;0.27617687756466514;0.36038459195548983;0.3012369645589021;0.389002422738851;0.40654684191756313;0.3233802092883421;0.27617687756466514;0.3857008811498471;0.49710162945732245;0.3855773354389354;0.33608471305105403;0.33719977645849797;0.3683083527994698;0.0;0.5808141592931793;0.34933943682064933;0.2783091563197782;0.30050947687859925;0.2925806601653439;0.32190873040274914;0.5718857743415706;0.3152541495206858;0.5185369985399844;0.4024070004238523;0.0;0.2610185749042658;0.20727595672193327;0.0;0.3687034416352375;0.4928671133341394;0.40546618086442887;0.22407358170335817;0.5185369985399844;0.23923188436375753;0.0;0.4024070004238523;0.3801077491137859;0.22407358170335817;0.3645897744108956;0.2733764861840696;0.3855773354389354;0.40599211342572883;0.0;0.0;0.401507117263901;0.4122517233397286;0.24007963235059676;0.46373187935097676;0.3855773354389354;0.43460826002510505;0.3090453136063189;0.2832212090999459
GO:0006888;0.0;0.5357661801160922;0.0;0.0;0.0;0.0;0.0;0.0;0.0;0.0;0.0;0.0;0.0;0.0;0.0;0.0;0.0;0.0;0.0;0.0;0.0;0.0;0.0;0.0;0.0;0.0;0.0;0.0;1.0;0.0;0.0;0.554375040771834;0.0;0.0;0.0;0.0;0.0;0.0;0.0;0.0;0.0;0.0;0.5961600991348883;0.0;0.0;0.0;0.584741284387987;0.0;0.0;0.0;0.0;0.0;0.0;0.0;0.0;0.0;0.0;0.4190810853772187;0.0;0.0;0.668896701060743;0.0;0.0;0.0;0.0;0.0;0.0;0.5961600991348883;0.0;0.0;0.0;0.0;0.0;0.0;0.0;0.0;0.5378947951362127;0.0;0.0;0.0;0.0;0.0;0.0;0.0;0.0
GO:0010867;0.25452279955392026;0.0;0.43521930443673534;0.4076769258418129;0.0;0.2628204175265099;0.0;0.19235234341934632;0.691809525947159;0.0;0.17552267843442942;0.2560615493486744;0.25654682119915273;0.3058312922074106;0.485888949028441;0.0;0.4695963665093196;0.1637558359534413;0.3976730652337016;0.31572439275907344;0.3884715607069151;0.33618572891034626;0.33064761828491374;0.3551476726503763;0.4985198564893569;0.0;0.22656154200654188;0.23923188436375753;0.0;1.0;0.5304050786825181;0.0;0.25654682119915273;0.33618572891034626;0.44002349966668336;0.0;0.595812082447559;0.33745299400097356;0.3810682034511967;0.33618572891034626;0.3857008811498471;0.0;0.0;0.4307177004148162;0.553174039518259;0.0;0.0;0.3188239819523477;0.0;0.37526300086636694;0.0;0.2925806601653439;0.4574273594540798;0.3098955970007391;0.2956240931551734;0.35884696589976284;0.0;0.0;0.0;0.2641846126864164;0.0;0.0;0.0;0.5576449258381733;0.0;0.25654682119915273;0.22374314557048924;0.0;0.35888966070191947;0.5227988763612649;0.25295375818454585;0.341928537421479;0.2560615493486744;0.0;0.2618032965255468;0.0;0.0;0.32518610191330466;0.0;0.20727595672193327;0.0;0.0;0.0;0.3432927325813855;0.2659062722645507
GO:0010628;0.40236315654074545;0.0;0.6255447114127487;0.5008311034401034;0.0;0.3787048468715108;0.0;0.33749524762569966;0.5808940736372687;0.0;0.32066558264078276;0.35645723990040706;0.35511631370875846;0.4578129667664799;0.601353661559077;0.0;0.6890242407389546;0.3078742966279863;0.4939274382131901;0.46539094778802553;0.48472593368640354;0.4293399065086368;0.482629292843983;0.46793190661417916;0.6113040904531598;0.0;0.3424459713515428;0.37243125054415366;0.0;0.5304050786825181;1.0;0.0;0.35511631370875846;0.4716311998635658;0.5528077336304862;0.0;0.7472423189418708;0.45333742334597443;0.5219298188761329;0.4716311998635658;0.48195525412933554;0.0;0.0;0.594240552829169;0.8196012589588746;0.0;0.0;0.43470841129734855;0.0;0.4684171784646574;0.0;0.39297635071707654;0.666712795044468;0.42578002634574;0.4115085225001743;0.4716311998635658;0.0;0.0;0.0;0.4120249696732416;0.0;0.0;0.0;0.7925615388610767;0.0;0.37243125054415366;0.33962757491549017;0.0;0.6604718441807176;0.7422267505909;0.5417446556505476;0.4381829104009675;0.37194597869367535;0.0;0.41378497108461604;0.0;0.0;0.6267682853921026;0.0;0.35511631370875846;0.0;0.0;0.0;0.4983055877643589;0.3817907016095516
GO:0072657;0.0;0.7005777808330482;0.0;0.0;0.0;0.0;0.0;0.0;0.0;0.0;0.0;0.0;0.0;0.0;0.0;0.0;0.0;0.0;0.0;0.0;0.0;0.0;0.0;0.0;0.0;0.0;0.0;0.0;0.554375040771834;0.0;0.0;1.0;0.0;0.0;0.0;0.0;0.0;0.0;0.0;0.0;0.0;0.0;0.44821216933935065;0.0;0.0;0.0;0.6877902098940124;0.0;0.0;0.0;0.0;0.0;0.0;0.0;0.0;0.0;0.0;0.4515572076252448;0.0;0.0;0.6271116426976886;0.0;0.0;0.0;0.0;0.0;0.0;0.554375040771834;0.0;0.0;0.0;0.0;0.0;0.0;0.0;0.0;0.41260810233009165;0.0;0.0;0.0;0.0;0.0;0.0;0.0;0.0
GO:0010745;0.47068653938127614;0.0;0.3414340650598124;0.3280380181306194;0.0;0.37491881659318527;0.0;0.20514362943214276;0.30703581615390346;0.0;0.18831396444722587;0.37533244661149806;0.38530533618824175;0.45935291943886764;0.33371020405469665;0.0;0.44617613652466426;0.17552267843442942;0.4203343022231182;0.4335049408289237;0.41113279769633165;0.25654682119915273;0.2564240254850354;0.27965008251142687;0.4158497681542592;0.0;0.3330411532565691;0.25654682119915273;0.0;0.25654682119915273;0.35511631370875846;0.0;1.0;0.25654682119915273;0.36038459195548983;0.0;0.4086324791043634;0.42504364083279744;0.3233802092883421;0.25654682119915273;0.5276330154020872;0.0;0.0;0.45535561031387767;0.33719977645849797;0.0;0.0;0.3384540383178601;0.0;0.2956240931551734;0.0;0.41185155742816754;0.4143770731039121;0.3295256533662515;0.39758005358260184;0.41810901181690524;0.0;0.0;0.0;0.19326468817306902;0.0;0.0;0.0;0.40546618086442887;0.0;0.27617687756466514;0.3358415446371646;0.0;0.3841774631316293;0.3801077491137859;0.26545027460145937;0.3645897744108956;0.37533244661149806;0.0;0.2814333528910592;0.0;0.0;0.3391600885746222;0.0;0.31788400659563526;0.0;0.0;0.0;0.26675402025138994;0.38517716952737435
GO:0090108;0.37828984317475084;0.0;0.3610641214253248;0.5159444350147764;0.0;0.2783091563197782;0.0;0.219154897981007;0.386674723865097;0.0;0.20232523299609012;0.48194669933960815;0.25654682119915273;0.47906212737931836;0.33371020405469665;0.0;0.3269052392618406;0.18831396444722587;0.3976730652337016;0.35266938595998104;0.3884715607069151;0.33618572891034626;0.5039411730910721;0.3724626094857715;0.5253224110510175;0.0;0.24057281055540614;0.27617687756466514;0.0;0.33618572891034626;0.4716311998635658;0.0;0.25654682119915273;1.0;0.46268473665609994;0.0;0.4913025674394611;0.4669535686369989;0.3233802092883421;0.5594646472833258;0.3857008811498471;0.0;0.0;0.33608471305105403;0.4300123034328426;0.0;0.0;0.3384540383178601;0.0;0.37526300086636694;0.0;0.2925806601653439;0.32190873040274914;0.3295256533662515;0.40246343080178215;0.3856495204614234;0.0;0.0;0.0;0.2969882883150799;0.0;0.0;0.0;0.40546618086442887;0.0;0.27617687756466514;0.23923188436375753;0.0;0.3260031452521032;0.3801077491137859;0.19326468817306902;0.341928537421479;0.38021582383067837;0.0;0.3040945898804758;0.0;0.0;0.2809857706950961;0.0;0.24007963235059676;0.0;0.0;0.0;0.39275652413246265;0.2832212090999459
GO:0030335;0.37384930910352565;0.0;0.4452718358161495;0.5115146965981501;0.0;0.366658188282847;0.0;0.3089814001884799;0.4905124946214341;0.0;0.29215173520356297;0.3598993201050116;0.36038459195548983;0.4292991193292601;0.42023303797563855;0.0;0.4307430100181777;0.2793604491907665;0.5015108359900387;0.5274994345263047;0.4923093314632522;0.45416979364794513;0.48782912361777897;0.4589854434067133;0.602357627245694;0.0;0.33039931276287904;0.36038459195548983;0.0;0.44002349966668336;0.5528077336304862;0.0;0.36038459195548983;0.46268473665609994;1.0;0.0;0.5951403381957981;0.44129076475731066;0.4117292412514109;0.4768310306373617;0.4895386519061842;0.0;0.0;0.43992248380739113;0.5165351373537845;0.0;0.0;0.4226617527086848;0.0;0.47910077162270404;0.0;0.396418430921681;0.41173523261022194;0.4137333677570762;0.4736170092384534;0.46268473665609994;0.0;0.0;0.0;0.4172248004470375;0.0;0.0;0.0;0.4919890147853708;0.0;0.36038459195548983;0.32758091632682634;0.0;0.4030383614467798;0.46845678107685473;0.2843111729166097;0.5199214535047589;0.4340544654319545;0.0;0.3852711236473963;0.0;0.0;0.36933480265816493;0.0;0.4172248004470375;0.0;0.0;0.0;0.5035054185381549;0.3697440430208878
