;GO:0006281;GO:0007095;GO:0007098;GO:0045766;GO:0110032;GO:0000187;GO:0045892;GO:0001701;GO:0045893;GO:0034501;GO:1902042;GO:0065003;GO:0014075;GO:0030261;GO:0008631;GO:0008630;GO:0000226;GO:0006975;GO:0000077;GO:0001556;GO:0072332;GO:0031100;GO:0070317;GO:0048096;GO:0033129;GO:0071407;GO:0015677;GO:0055072;GO:0043009;GO:0090399;GO:0007077;GO:0006260;GO:0008284;GO:1902975;GO:0045787;GO:1905448;GO:0006303;GO:0045944;GO:0006301;GO:0048538;GO:0071398;GO:0048146;GO:2000775;GO:0071158;GO:0030521;GO:0019985;GO:2000378;GO:0014038;GO:0016579;GO:0045717;GO:0006270;GO:0045839;GO:0000729;GO:0000727;GO:0007088;GO:0006271;GO:0090166;GO:0000209;GO:0009263;GO:0000724;GO:0000723;GO:0009306;GO:0007129;GO:1903827;GO:0071260;GO:0001933;GO:0031442;GO:0010767;GO:0035407;GO:0085020;GO:0007080;GO:0060045;GO:0018108;GO:0007052;GO:0006366;GO:0046777;GO:0043029;GO:0051445;GO:0097202;GO:0031398;GO:0072425;GO:0016055;GO:0016572;GO:0071456;GO:0010575;GO:0010971;GO:0045739;GO:0045737;GO:0033572;GO:0090266;GO:1901796;GO:0007344;GO:0045732;GO:0097186;GO:0030855;GO:0071681;GO:0010629;GO:0051574;GO:0071283;GO:0007219;GO:0051572;GO:0051573;GO:0010628;GO:0051571;GO:0031145;GO:0070512;GO:0055015;GO:0018105;GO:0098706;GO:0018107;GO:0046718;GO:0035067;GO:0033160;GO:0044818;GO:0045740;GO:0006468;GO:0043687;GO:0000079;GO:0060623;GO:0006978;GO:2000617;GO:0046680;GO:0000122;GO:0045471;GO:0000086;GO:0006977;GO:0032508;GO:0000083;GO:2000615;GO:0000082;GO:0034644;GO:0071356;GO:0070301;GO:0051987;GO:0035335;GO:0051865;GO:0042769;GO:0046600;GO:0045995;GO:0006633;GO:0042246;GO:0006359;GO:0007569;GO:0006513;GO:0046602;GO:0006511;GO:0006349;GO:0044030;GO:0043066;GO:0097711;GO:0043065;GO:2000620;GO:0033147;GO:0010569
GO:0006281;1.0;0.32330823750762483;0.01468324974140624;0.0;0.0;0.0;0.0;0.0;0.0;0.0;0.0;0.01468324974140624;0.11807622278079505;0.01468324974140624;0.01468324974140624;0.32330823750762483;0.01468324974140624;0.32330823750762483;0.32330823750762483;0.01468324974140624;0.01468324974140624;0.0;0.0;0.01468324974140624;0.0;0.1912422969752877;0.0;0.0;0.0;0.01468324974140624;0.01468324974140624;0.31566002955365785;0.0;0.31566002955365785;0.0;0.0;0.36643564045919497;0.0;0.36643564045919497;0.0;0.1912422969752877;0.0;0.10587402764930422;0.0;0.01468324974140624;0.36643564045919497;0.0;0.0;0.10587402764930422;0.0;0.31566002955365785;0.0;0.31566002955365785;0.36643564045919497;0.0;0.31566002955365785;0.01468324974140624;0.10587402764930422;0.13943261564481066;0.36643564045919497;0.31566002955365785;0.01468324974140624;0.01468324974140624;0.0;0.1912422969752877;0.0;0.0;0.32330823750762483;0.10587402764930422;0.10587402764930422;0.01468324974140624;0.0;0.10587402764930422;0.01468324974140624;0.15084348231066635;0.10587402764930422;0.0;0.0;0.08547128021085358;0.0;0.32330823750762483;0.01468324974140624;0.10587402764930422;0.24991089615047335;0.0;0.0;0.0;0.0;0.0;0.0;0.0;0.01468324974140624;0.0;0.0;0.01468324974140624;0.1912422969752877;0.0;0.0;0.1912422969752877;0.01468324974140624;0.0;0.0;0.0;0.0;0.10587402764930422;0.0;0.01468324974140624;0.10587402764930422;0.0;0.10587402764930422;0.0;0.0;0.0;0.01468324974140624;0.0;0.10587402764930422;0.10587402764930422;0.0;0.0;0.32330823750762483;0.0;0.11807622278079505;0.0;0.11807622278079505;0.01468324974140624;0.32330823750762483;0.01468324974140624;0.01468324974140624;0.0;0.01468324974140624;0.1912422969752877;0.1912422969752877;0.24991089615047335;0.0;0.10587402764930422;0.10587402764930422;0.32330823750762483;0.0;0.0;0.06927734236639929;0.0;0.0;0.01468324974140624;0.10587402764930422;0.0;0.10587402764930422;0.13943261564481066;0.0;0.0;0.01468324974140624;0.0;0.0;0.0;0.0
GO:0007095;0.32330823750762483;1.0;0.29796955072319165;0.042064647228987374;0.47531348230829473;0.047799631016701725;0.13839445927415203;0.0;0.047799631016701725;0.0;0.13839445927415203;0.01468324974140624;0.11807622278079505;0.01468324974140624;0.047799631016701725;0.32330823750762483;0.01468324974140624;0.32330823750762483;0.561171409305806;0.01468324974140624;0.047799631016701725;0.0;0.4266380432663339;0.047799631016701725;0.047799631016701725;0.1912422969752877;0.0;0.036692364793703955;0.0;0.01468324974140624;0.3467493891750634;0.01468324974140624;0.047799631016701725;0.3467493891750634;0.28025216105938716;0.047799631016701725;0.32330823750762483;0.047799631016701725;0.32330823750762483;0.0;0.1912422969752877;0.047799631016701725;0.01468324974140624;0.3306880877895893;0.047799631016701725;0.32330823750762483;0.13839445927415203;0.047799631016701725;0.01468324974140624;0.13839445927415203;0.01468324974140624;0.4369141784566414;0.01468324974140624;0.32330823750762483;0.3412193887547738;0.01468324974140624;0.01468324974140624;0.01468324974140624;0.01468324974140624;0.32330823750762483;0.036692364793703955;0.01468324974140624;0.29796955072319165;0.042064647228987374;0.1912422969752877;0.13839445927415203;0.047799631016701725;0.32330823750762483;0.01468324974140624;0.01468324974140624;0.3467493891750634;0.047799631016701725;0.01468324974140624;0.3467493891750634;0.01468324974140624;0.01468324974140624;0.036692364793703955;0.28025216105938716;0.047799631016701725;0.047799631016701725;0.5829490909875574;0.047799631016701725;0.01468324974140624;0.24991089615047335;0.042064647228987374;0.4848200193406333;0.047799631016701725;0.28025216105938716;0.0;0.40085005211593094;0.047799631016701725;0.01468324974140624;0.042064647228987374;0.0;0.01468324974140624;0.1912422969752877;0.12804570306913615;0.047799631016701725;0.1912422969752877;0.047799631016701725;0.13839445927415203;0.13839445927415203;0.042064647228987374;0.047799631016701725;0.01468324974140624;0.047799631016701725;0.01468324974140624;0.01468324974140624;0.0;0.01468324974140624;0.0;0.13839445927415203;0.042064647228987374;0.648771469331787;0.047799631016701725;0.01468324974140624;0.01468324974140624;0.28025216105938716;0.047799631016701725;0.32330823750762483;0.047799631016701725;0.11807622278079505;0.13839445927415203;0.11807622278079505;0.3467493891750634;0.4821973091525111;0.01468324974140624;0.3467493891750634;0.047799631016701725;0.3467493891750634;0.1912422969752877;0.1912422969752877;0.24991089615047335;0.3306880877895893;0.01468324974140624;0.01468324974140624;0.32330823750762483;0.4266380432663339;0.042064647228987374;0.01468324974140624;0.0;0.047799631016701725;0.01468324974140624;0.01468324974140624;0.3412193887547738;0.01468324974140624;0.042064647228987374;0.047799631016701725;0.13839445927415203;0.01468324974140624;0.047799631016701725;0.047799631016701725;0.13839445927415203;0.047799631016701725
GO:0007098;0.01468324974140624;0.29796955072319165;1.0;0.0;0.0;0.0;0.0;0.0;0.0;0.0;0.0;0.12408495164008174;0.0;0.12408495164008174;0.01468324974140624;0.01468324974140624;0.33489402928242473;0.01468324974140624;0.01468324974140624;0.01468324974140624;0.01468324974140624;0.0;0.0;0.12408495164008174;0.0;0.01468324974140624;0.0;0.0;0.0;0.01468324974140624;0.29796955072319165;0.01468324974140624;0.0;0.29796955072319165;0.0;0.0;0.01468324974140624;0.0;0.01468324974140624;0.0;0.01468324974140624;0.0;0.12408495164008174;0.0;0.01468324974140624;0.01468324974140624;0.0;0.0;0.01468324974140624;0.0;0.01468324974140624;0.0;0.01468324974140624;0.01468324974140624;0.0;0.01468324974140624;0.12408495164008174;0.01468324974140624;0.01468324974140624;0.01468324974140624;0.12408495164008174;0.01468324974140624;0.29796955072319165;0.0;0.01468324974140624;0.0;0.0;0.01468324974140624;0.12408495164008174;0.01468324974140624;0.29796955072319165;0.0;0.01468324974140624;0.33489402928242473;0.01468324974140624;0.01468324974140624;0.0;0.0;0.0;0.0;0.01468324974140624;0.01468324974140624;0.12408495164008174;0.01468324974140624;0.0;0.0;0.0;0.0;0.0;0.0;0.0;0.12408495164008174;0.0;0.0;0.01468324974140624;0.01468324974140624;0.0;0.0;0.01468324974140624;0.01468324974140624;0.0;0.0;0.0;0.0;0.01468324974140624;0.0;0.01468324974140624;0.01468324974140624;0.0;0.01468324974140624;0.0;0.0;0.0;0.29796955072319165;0.0;0.01468324974140624;0.01468324974140624;0.0;0.0;0.01468324974140624;0.0;0.0;0.0;0.0;0.29796955072319165;0.29796955072319165;0.12408495164008174;0.29796955072319165;0.0;0.29796955072319165;0.01468324974140624;0.01468324974140624;0.01468324974140624;0.0;0.01468324974140624;0.01468324974140624;0.01468324974140624;0.0;0.0;0.01468324974140624;0.0;0.0;0.01468324974140624;0.01468324974140624;0.0;0.01468324974140624;0.01468324974140624;0.0;0.0;0.01468324974140624;0.0;0.0;0.0;0.0
GO:0045766;0.0;0.042064647228987374;0.0;1.0;0.11511873865597294;0.11511873865597294;0.042064647228987374;0.0;0.11511873865597294;0.0;0.042064647228987374;0.0;0.0;0.0;0.042064647228987374;0.042064647228987374;0.0;0.0;0.042064647228987374;0.0;0.042064647228987374;0.0;0.042064647228987374;0.11511873865597294;0.11511873865597294;0.0;0.0;0.036692364793703955;0.0;0.0;0.0;0.0;0.11511873865597294;0.0;0.11511873865597294;0.11511873865597294;0.0;0.11511873865597294;0.0;0.0;0.0;0.11511873865597294;0.0;0.11511873865597294;0.042064647228987374;0.0;0.042064647228987374;0.23094064297706635;0.0;0.042064647228987374;0.0;0.042064647228987374;0.0;0.0;0.042064647228987374;0.0;0.0;0.0;0.0;0.0;0.036692364793703955;0.0;0.0;0.042064647228987374;0.0;0.042064647228987374;0.11511873865597294;0.042064647228987374;0.0;0.0;0.0;0.2688665324497557;0.0;0.0;0.0;0.0;0.036692364793703955;0.042064647228987374;0.11511873865597294;0.11511873865597294;0.042064647228987374;0.042064647228987374;0.0;0.0;0.24944431948534626;0.11511873865597294;0.11511873865597294;0.11511873865597294;0.0;0.042064647228987374;0.042064647228987374;0.0;0.11511873865597294;0.0;0.0;0.0;0.042064647228987374;0.11511873865597294;0.0;0.042064647228987374;0.042064647228987374;0.042064647228987374;0.11511873865597294;0.11511873865597294;0.0;0.11511873865597294;0.0;0.0;0.0;0.0;0.0;0.042064647228987374;0.11511873865597294;0.042064647228987374;0.11511873865597294;0.0;0.0;0.042064647228987374;0.042064647228987374;0.042064647228987374;0.11511873865597294;0.0;0.042064647228987374;0.0;0.0;0.11511873865597294;0.0;0.042064647228987374;0.042064647228987374;0.0;0.0;0.0;0.0;0.11511873865597294;0.0;0.0;0.0;0.042064647228987374;0.23094064297706635;0.0;0.0;0.042064647228987374;0.0;0.0;0.042064647228987374;0.0;0.042064647228987374;0.042064647228987374;0.042064647228987374;0.0;0.11511873865597294;0.11511873865597294;0.042064647228987374;0.042064647228987374
GO:0110032;0.0;0.47531348230829473;0.0;0.11511873865597294;1.0;0.12755981097713553;0.047799631016701725;0.0;0.12755981097713553;0.0;0.047799631016701725;0.0;0.0;0.0;0.047799631016701725;0.047799631016701725;0.0;0.0;0.28025216105938716;0.0;0.047799631016701725;0.0;0.3306880877895893;0.12755981097713553;0.12755981097713553;0.0;0.0;0.036692364793703955;0.0;0.0;0.0;0.0;0.12755981097713553;0.0;0.39110171806079136;0.12755981097713553;0.0;0.12755981097713553;0.0;0.0;0.0;0.12755981097713553;0.0;0.4277723997329517;0.047799631016701725;0.0;0.047799631016701725;0.047799631016701725;0.0;0.047799631016701725;0.0;0.3306880877895893;0.0;0.0;0.3306880877895893;0.0;0.0;0.0;0.0;0.0;0.036692364793703955;0.0;0.0;0.042064647228987374;0.0;0.047799631016701725;0.12755981097713553;0.047799631016701725;0.0;0.0;0.0;0.12755981097713553;0.0;0.0;0.0;0.0;0.036692364793703955;0.5998779231494608;0.12755981097713553;0.12755981097713553;0.47531348230829473;0.047799631016701725;0.0;0.0;0.11511873865597294;0.6591818127725666;0.12755981097713553;0.39110171806079136;0.0;0.39163442808277504;0.047799631016701725;0.0;0.11511873865597294;0.0;0.0;0.0;0.042064647228987374;0.12755981097713553;0.0;0.047799631016701725;0.047799631016701725;0.047799631016701725;0.11511873865597294;0.12755981097713553;0.0;0.12755981097713553;0.0;0.0;0.0;0.0;0.0;0.047799631016701725;0.11511873865597294;0.47531348230829473;0.12755981097713553;0.0;0.0;0.28025216105938716;0.047799631016701725;0.047799631016701725;0.12755981097713553;0.0;0.047799631016701725;0.0;0.0;0.4277723997329517;0.0;0.047799631016701725;0.047799631016701725;0.0;0.0;0.0;0.0;0.4277723997329517;0.0;0.0;0.0;0.3306880877895893;0.042064647228987374;0.0;0.0;0.047799631016701725;0.0;0.0;0.3306880877895893;0.0;0.042064647228987374;0.047799631016701725;0.047799631016701725;0.0;0.12755981097713553;0.12755981097713553;0.047799631016701725;0.047799631016701725
GO:0000187;0.0;0.047799631016701725;0.0;0.11511873865597294;0.12755981097713553;1.0;0.10900961301269105;0.0;0.1816892161000484;0.0;0.1786822519641151;0.0;0.0;0.0;0.047799631016701725;0.047799631016701725;0.0;0.0;0.047799631016701725;0.0;0.047799631016701725;0.0;0.047799631016701725;0.1816892161000484;0.2970121637671333;0.0;0.0;0.036692364793703955;0.0;0.0;0.0;0.0;0.12755981097713553;0.0;0.12755981097713553;0.2924564268136258;0.0;0.1816892161000484;0.0;0.0;0.0;0.12755981097713553;0.0;0.12755981097713553;0.047799631016701725;0.0;0.10577604256148812;0.047799631016701725;0.0;0.10648035217448149;0.0;0.047799631016701725;0.0;0.0;0.047799631016701725;0.0;0.0;0.0;0.0;0.0;0.036692364793703955;0.0;0.0;0.042064647228987374;0.0;0.2589137257715929;0.1816892161000484;0.10900961301269105;0.0;0.0;0.0;0.12755981097713553;0.0;0.0;0.0;0.0;0.036692364793703955;0.047799631016701725;0.25833176065663566;0.27767838299873754;0.047799631016701725;0.047799631016701725;0.0;0.0;0.11511873865597294;0.12755981097713553;0.21066859409381297;0.40321501512034064;0.0;0.047799631016701725;0.2326756683755529;0.0;0.24457446477495315;0.0;0.0;0.0;0.10567815125427765;0.27767838299873754;0.0;0.047799631016701725;0.23426849400579874;0.23426849400579874;0.17825033928423412;0.27767838299873754;0.0;0.27767838299873754;0.0;0.0;0.0;0.0;0.0;0.23426849400579874;0.11511873865597294;0.047799631016701725;0.1816892161000484;0.0;0.0;0.3643693056757151;0.047799631016701725;0.047799631016701725;0.27767838299873754;0.0;0.10900961301269105;0.0;0.0;0.12755981097713553;0.0;0.10900961301269105;0.23426849400579874;0.0;0.0;0.0;0.0;0.12755981097713553;0.0;0.0;0.0;0.047799631016701725;0.042064647228987374;0.0;0.0;0.10900961301269105;0.0;0.0;0.047799631016701725;0.0;0.10567815125427765;0.10900961301269105;0.047799631016701725;0.0;0.12755981097713553;0.27767838299873754;0.1786822519641151;0.1492331351584338
GO:0045892;0.0;0.13839445927415203;0.0;0.042064647228987374;0.047799631016701725;0.10900961301269105;1.0;0.0;0.15831211565824807;0.0;0.13839445927415203;0.0;0.0;0.0;0.047799631016701725;0.047799631016701725;0.0;0.0;0.13839445927415203;0.0;0.047799631016701725;0.0;0.13839445927415203;0.15831211565824807;0.10900961301269105;0.0;0.0;0.036692364793703955;0.0;0.0;0.0;0.0;0.047799631016701725;0.0;0.047799631016701725;0.14416800614326972;0.0;0.15831211565824807;0.0;0.0;0.0;0.047799631016701725;0.0;0.047799631016701725;0.047799631016701725;0.0;0.198940861166088;0.047799631016701725;0.0;0.24937783908455946;0.0;0.13839445927415203;0.0;0.0;0.047799631016701725;0.0;0.0;0.0;0.0;0.0;0.036692364793703955;0.0;0.0;0.042064647228987374;0.0;0.20539045317781315;0.15191422087961767;0.15831211565824807;0.0;0.0;0.0;0.047799631016701725;0.0;0.0;0.0;0.0;0.036692364793703955;0.047799631016701725;0.10900961301269105;0.10900961301269105;0.13839445927415203;0.047799631016701725;0.0;0.0;0.042064647228987374;0.047799631016701725;0.14416800614326972;0.10900961301269105;0.0;0.047799631016701725;0.047799631016701725;0.0;0.10900961301269105;0.0;0.0;0.0;0.24029018053993487;0.10900961301269105;0.0;0.047799631016701725;0.20539045317781315;0.20539045317781315;0.1356691921375081;0.10900961301269105;0.0;0.10900961301269105;0.0;0.0;0.0;0.0;0.0;0.20539045317781315;0.042064647228987374;0.13839445927415203;0.14806647662370065;0.0;0.0;0.10900961301269105;0.047799631016701725;0.047799631016701725;0.10900961301269105;0.0;0.27448591511204373;0.0;0.0;0.13839445927415203;0.0;0.15831211565824807;0.10900961301269105;0.0;0.0;0.0;0.0;0.047799631016701725;0.0;0.0;0.0;0.13839445927415203;0.042064647228987374;0.0;0.0;0.15831211565824807;0.0;0.0;0.047799631016701725;0.0;0.1356691921375081;0.14416800614326972;0.13839445927415203;0.0;0.047799631016701725;0.10900961301269105;0.13839445927415203;0.14416800614326972
GO:0001701;0.0;0.0;0.0;0.0;0.0;0.0;0.0;1.0;0.0;0.0;0.0;0.0;0.0;0.0;0.0;0.0;0.0;0.0;0.0;0.1302612429746404;0.0;0.16985210689062205;0.0;0.0;0.0;0.0;0.0;0.0;0.4729208564096336;0.1302612429746404;0.0;0.0;0.0;0.0;0.0;0.0;0.0;0.0;0.0;0.16985210689062205;0.0;0.0;0.0;0.0;0.0;0.0;0.0;0.0;0.0;0.0;0.0;0.0;0.0;0.0;0.0;0.0;0.0;0.0;0.0;0.0;0.0;0.0;0.0;0.0;0.0;0.0;0.0;0.0;0.0;0.0;0.0;0.0;0.0;0.0;0.0;0.0;0.0;0.0;0.0;0.0;0.0;0.0;0.0;0.0;0.0;0.0;0.0;0.0;0.0;0.0;0.0;0.0;0.0;0.1302612429746404;0.1302612429746404;0.0;0.0;0.0;0.0;0.0;0.0;0.0;0.0;0.0;0.0;0.0;0.16985210689062205;0.0;0.0;0.0;0.0;0.0;0.0;0.0;0.0;0.0;0.0;0.0;0.0;0.0;0.0;0.0;0.0;0.0;0.0;0.0;0.0;0.0;0.0;0.0;0.0;0.0;0.0;0.0;0.0;0.0;0.0;0.0;0.0;0.0;0.16985210689062205;0.0;0.1302612429746404;0.0;0.0;0.0;0.0;0.0;0.0;0.0;0.0;0.0;0.0;0.0
GO:0045893;0.0;0.047799631016701725;0.0;0.11511873865597294;0.12755981097713553;0.1816892161000484;0.15831211565824807;0.0;1.0;0.0;0.047799631016701725;0.0;0.0;0.0;0.047799631016701725;0.047799631016701725;0.0;0.0;0.047799631016701725;0.0;0.047799631016701725;0.0;0.047799631016701725;0.25309998657954436;0.1816892161000484;0.0;0.0;0.036692364793703955;0.0;0.0;0.0;0.0;0.12755981097713553;0.0;0.12755981097713553;0.23455555592033453;0.0;0.25309998657954436;0.0;0.0;0.0;0.12755981097713553;0.0;0.12755981097713553;0.047799631016701725;0.0;0.10577604256148812;0.047799631016701725;0.0;0.14212163039839543;0.0;0.047799631016701725;0.0;0.0;0.047799631016701725;0.0;0.0;0.0;0.0;0.0;0.036692364793703955;0.0;0.0;0.042064647228987374;0.0;0.10900961301269105;0.2476643438432079;0.15831211565824807;0.0;0.0;0.0;0.12755981097713553;0.0;0.0;0.0;0.0;0.036692364793703955;0.047799631016701725;0.1816892161000484;0.1816892161000484;0.047799631016701725;0.047799631016701725;0.0;0.0;0.11511873865597294;0.12755981097713553;0.23455555592033453;0.1816892161000484;0.0;0.047799631016701725;0.047799631016701725;0.0;0.1816892161000484;0.0;0.0;0.0;0.1356691921375081;0.1816892161000484;0.0;0.047799631016701725;0.10900961301269105;0.10900961301269105;0.2298366916985153;0.1816892161000484;0.0;0.1816892161000484;0.0;0.0;0.0;0.0;0.0;0.10900961301269105;0.11511873865597294;0.047799631016701725;0.2380646511352721;0.0;0.0;0.10900961301269105;0.047799631016701725;0.047799631016701725;0.1816892161000484;0.0;0.15831211565824807;0.0;0.0;0.12755981097713553;0.0;0.15831211565824807;0.10900961301269105;0.0;0.0;0.0;0.0;0.12755981097713553;0.0;0.0;0.0;0.047799631016701725;0.042064647228987374;0.0;0.0;0.15831211565824807;0.0;0.0;0.047799631016701725;0.0;0.1356691921375081;0.14416800614326972;0.047799631016701725;0.0;0.12755981097713553;0.1816892161000484;0.047799631016701725;0.14416800614326972
GO:0034501;0.0;0.0;0.0;0.0;0.0;0.0;0.0;0.0;0.0;1.0;0.0;0.0;0.0;0.0;0.0;0.0;0.0;0.0;0.0;0.0;0.0;0.0;0.0;0.0;0.0;0.0;0.13331334997803274;0.0;0.0;0.0;0.0;0.0;0.0;0.0;0.0;0.0;0.0;0.0;0.0;0.0;0.0;0.0;0.0;0.0;0.0;0.0;0.0;0.0;0.0;0.0;0.0;0.0;0.0;0.0;0.0;0.0;0.0;0.0;0.0;0.0;0.0;0.2288532216884073;0.0;0.0;0.0;0.0;0.0;0.0;0.0;0.0;0.2147074070362994;0.0;0.0;0.0;0.0;0.0;0.0;0.0;0.0;0.0;0.0;0.0;0.0;0.0;0.0;0.0;0.0;0.0;0.2288532216884073;0.0;0.0;0.0;0.0;0.0;0.0;0.0;0.0;0.0;0.0;0.0;0.0;0.0;0.0;0.0;0.0;0.0;0.0;0.0;0.13331334997803274;0.0;0.0;0.0;0.0;0.0;0.0;0.0;0.0;0.0;0.0;0.0;0.0;0.0;0.0;0.0;0.0;0.0;0.0;0.0;0.0;0.0;0.0;0.0;0.0;0.0;0.0;0.0;0.0;0.0;0.0;0.0;0.0;0.0;0.0;0.0;0.0;0.0;0.0;0.0;0.0;0.2147074070362994;0.0;0.0;0.0;0.0
GO:1902042;0.0;0.13839445927415203;0.0;0.042064647228987374;0.047799631016701725;0.1786822519641151;0.13839445927415203;0.0;0.047799631016701725;0.0;1.0;0.0;0.0;0.0;0.047799631016701725;0.047799631016701725;0.0;0.0;0.13839445927415203;0.0;0.047799631016701725;0.0;0.13839445927415203;0.047799631016701725;0.047799631016701725;0.0;0.0;0.036692364793703955;0.0;0.0;0.0;0.0;0.047799631016701725;0.0;0.047799631016701725;0.047799631016701725;0.0;0.047799631016701725;0.0;0.0;0.0;0.047799631016701725;0.0;0.047799631016701725;0.047799631016701725;0.0;0.13839445927415203;0.047799631016701725;0.0;0.13839445927415203;0.0;0.13839445927415203;0.0;0.0;0.047799631016701725;0.0;0.0;0.0;0.0;0.0;0.036692364793703955;0.0;0.0;0.042064647228987374;0.0;0.13839445927415203;0.047799631016701725;0.047799631016701725;0.0;0.0;0.0;0.047799631016701725;0.0;0.0;0.0;0.0;0.036692364793703955;0.047799631016701725;0.047799631016701725;0.047799631016701725;0.13839445927415203;0.047799631016701725;0.0;0.0;0.042064647228987374;0.047799631016701725;0.1492331351584338;0.047799631016701725;0.0;0.047799631016701725;0.1786822519641151;0.0;0.042064647228987374;0.0;0.0;0.0;0.12804570306913615;0.047799631016701725;0.0;0.047799631016701725;0.13839445927415203;0.13839445927415203;0.042064647228987374;0.047799631016701725;0.0;0.047799631016701725;0.0;0.0;0.0;0.0;0.0;0.13839445927415203;0.042064647228987374;0.13839445927415203;0.047799631016701725;0.0;0.0;0.047799631016701725;0.047799631016701725;0.047799631016701725;0.047799631016701725;0.0;0.13839445927415203;0.0;0.0;0.13839445927415203;0.0;0.047799631016701725;0.047799631016701725;0.0;0.0;0.0;0.0;0.047799631016701725;0.0;0.0;0.0;0.13839445927415203;0.042064647228987374;0.0;0.0;0.047799631016701725;0.0;0.0;0.047799631016701725;0.0;0.042064647228987374;0.047799631016701725;0.304136849461119;0.0;0.24871540093336741;0.047799631016701725;0.274741083875601;0.1492331351584338
GO:0065003;0.01468324974140624;0.01468324974140624;0.12408495164008174;0.0;0.0;0.0;0.0;0.0;0.0;0.0;0.0;1.0;0.0;0.12408495164008174;0.01468324974140624;0.01468324974140624;0.12408495164008174;0.01468324974140624;0.01468324974140624;0.01468324974140624;0.01468324974140624;0.0;0.0;0.12408495164008174;0.0;0.01468324974140624;0.0;0.0;0.0;0.01468324974140624;0.12408495164008174;0.01468324974140624;0.0;0.01468324974140624;0.0;0.0;0.01468324974140624;0.0;0.01468324974140624;0.0;0.01468324974140624;0.0;0.12408495164008174;0.0;0.01468324974140624;0.01468324974140624;0.0;0.0;0.01468324974140624;0.0;0.01468324974140624;0.0;0.01468324974140624;0.01468324974140624;0.0;0.01468324974140624;0.12408495164008174;0.01468324974140624;0.01468324974140624;0.01468324974140624;0.12408495164008174;0.01468324974140624;0.12408495164008174;0.0;0.01468324974140624;0.0;0.0;0.01468324974140624;0.12408495164008174;0.01468324974140624;0.01468324974140624;0.0;0.01468324974140624;0.12408495164008174;0.01468324974140624;0.01468324974140624;0.0;0.0;0.0;0.0;0.01468324974140624;0.01468324974140624;0.12408495164008174;0.01468324974140624;0.0;0.0;0.0;0.0;0.0;0.0;0.0;0.12408495164008174;0.0;0.0;0.01468324974140624;0.01468324974140624;0.0;0.0;0.01468324974140624;0.01468324974140624;0.0;0.0;0.0;0.0;0.01468324974140624;0.0;0.01468324974140624;0.01468324974140624;0.0;0.01468324974140624;0.0;0.0;0.0;0.01468324974140624;0.0;0.01468324974140624;0.01468324974140624;0.0;0.0;0.01468324974140624;0.0;0.0;0.0;0.0;0.01468324974140624;0.01468324974140624;0.12408495164008174;0.01468324974140624;0.0;0.01468324974140624;0.01468324974140624;0.01468324974140624;0.01468324974140624;0.0;0.01468324974140624;0.01468324974140624;0.01468324974140624;0.0;0.0;0.01468324974140624;0.0;0.0;0.01468324974140624;0.01468324974140624;0.0;0.01468324974140624;0.01468324974140624;0.0;0.0;0.01468324974140624;0.0;0.0;0.0;0.0
GO:0014075;0.11807622278079505;0.11807622278079505;0.0;0.0;0.0;0.0;0.0;0.0;0.0;0.0;0.0;0.0;1.0;0.0;0.0;0.11807622278079505;0.0;0.11807622278079505;0.11807622278079505;0.0;0.0;0.0;0.0;0.0;0.0;0.21955571243929653;0.0;0.0;0.0;0.0;0.0;0.0;0.0;0.0;0.0;0.0;0.11807622278079505;0.0;0.11807622278079505;0.0;0.21955571243929653;0.0;0.0;0.0;0.0;0.11807622278079505;0.0;0.0;0.0;0.0;0.0;0.0;0.0;0.11807622278079505;0.0;0.0;0.0;0.0;0.0;0.11807622278079505;0.0;0.0;0.0;0.0;0.11807622278079505;0.0;0.0;0.11807622278079505;0.0;0.0;0.0;0.0;0.0;0.0;0.0;0.0;0.0;0.0;0.0;0.0;0.11807622278079505;0.0;0.0;0.19673256925640645;0.0;0.0;0.0;0.0;0.0;0.0;0.0;0.0;0.0;0.0;0.0;0.32007381485369474;0.0;0.0;0.19673256925640645;0.0;0.0;0.0;0.0;0.0;0.0;0.0;0.0;0.0;0.0;0.0;0.0;0.0;0.0;0.0;0.0;0.0;0.0;0.0;0.0;0.11807622278079505;0.0;0.21955571243929653;0.0;0.21955571243929653;0.0;0.11807622278079505;0.0;0.0;0.0;0.0;0.11807622278079505;0.21955571243929653;0.19673256925640645;0.0;0.0;0.0;0.11807622278079505;0.0;0.0;0.0;0.0;0.0;0.0;0.0;0.0;0.0;0.0;0.0;0.0;0.0;0.0;0.0;0.0;0.0
GO:0030261;0.01468324974140624;0.01468324974140624;0.12408495164008174;0.0;0.0;0.0;0.0;0.0;0.0;0.0;0.0;0.12408495164008174;0.0;1.0;0.01468324974140624;0.01468324974140624;0.20695866249713105;0.01468324974140624;0.01468324974140624;0.01468324974140624;0.01468324974140624;0.0;0.0;0.12408495164008174;0.0;0.01468324974140624;0.0;0.0;0.0;0.01468324974140624;0.12408495164008174;0.01468324974140624;0.0;0.01468324974140624;0.0;0.0;0.01468324974140624;0.0;0.01468324974140624;0.0;0.01468324974140624;0.0;0.12408495164008174;0.0;0.01468324974140624;0.01468324974140624;0.0;0.0;0.01468324974140624;0.0;0.01468324974140624;0.0;0.01468324974140624;0.01468324974140624;0.0;0.01468324974140624;0.20695866249713105;0.01468324974140624;0.01468324974140624;0.01468324974140624;0.39997710149953447;0.01468324974140624;0.39997710149953447;0.0;0.01468324974140624;0.0;0.0;0.01468324974140624;0.12408495164008174;0.01468324974140624;0.01468324974140624;0.0;0.01468324974140624;0.20695866249713105;0.01468324974140624;0.01468324974140624;0.0;0.0;0.0;0.0;0.01468324974140624;0.01468324974140624;0.12408495164008174;0.01468324974140624;0.0;0.0;0.0;0.0;0.0;0.0;0.0;0.20695866249713105;0.0;0.0;0.01468324974140624;0.01468324974140624;0.0;0.0;0.01468324974140624;0.01468324974140624;0.0;0.0;0.0;0.0;0.01468324974140624;0.0;0.01468324974140624;0.01468324974140624;0.0;0.01468324974140624;0.0;0.0;0.0;0.01468324974140624;0.0;0.01468324974140624;0.01468324974140624;0.0;0.0;0.01468324974140624;0.0;0.0;0.0;0.0;0.01468324974140624;0.01468324974140624;0.5173914965786629;0.01468324974140624;0.0;0.01468324974140624;0.01468324974140624;0.01468324974140624;0.01468324974140624;0.0;0.01468324974140624;0.01468324974140624;0.01468324974140624;0.0;0.0;0.01468324974140624;0.0;0.0;0.01468324974140624;0.01468324974140624;0.0;0.01468324974140624;0.01468324974140624;0.0;0.0;0.01468324974140624;0.0;0.0;0.0;0.0
GO:0008631;0.01468324974140624;0.047799631016701725;0.01468324974140624;0.042064647228987374;0.047799631016701725;0.047799631016701725;0.047799631016701725;0.0;0.047799631016701725;0.0;0.047799631016701725;0.01468324974140624;0.0;0.01468324974140624;1.0;0.4848200193406333;0.01468324974140624;0.01468324974140624;0.047799631016701725;0.01468324974140624;0.4848200193406333;0.0;0.047799631016701725;0.047799631016701725;0.047799631016701725;0.01468324974140624;0.0;0.036692364793703955;0.0;0.01468324974140624;0.01468324974140624;0.01468324974140624;0.047799631016701725;0.01468324974140624;0.047799631016701725;0.047799631016701725;0.01468324974140624;0.047799631016701725;0.01468324974140624;0.0;0.01468324974140624;0.047799631016701725;0.01468324974140624;0.047799631016701725;0.12659489728285286;0.01468324974140624;0.047799631016701725;0.047799631016701725;0.01468324974140624;0.047799631016701725;0.01468324974140624;0.047799631016701725;0.01468324974140624;0.01468324974140624;0.047799631016701725;0.01468324974140624;0.01468324974140624;0.01468324974140624;0.01468324974140624;0.01468324974140624;0.036692364793703955;0.01468324974140624;0.01468324974140624;0.042064647228987374;0.01468324974140624;0.047799631016701725;0.047799631016701725;0.047799631016701725;0.01468324974140624;0.01468324974140624;0.01468324974140624;0.047799631016701725;0.01468324974140624;0.01468324974140624;0.01468324974140624;0.01468324974140624;0.036692364793703955;0.047799631016701725;0.047799631016701725;0.047799631016701725;0.24553006275393716;0.12659489728285286;0.01468324974140624;0.01468324974140624;0.042064647228987374;0.047799631016701725;0.047799631016701725;0.047799631016701725;0.0;0.047799631016701725;0.047799631016701725;0.01468324974140624;0.042064647228987374;0.0;0.01468324974140624;0.01468324974140624;0.042064647228987374;0.047799631016701725;0.01468324974140624;0.12659489728285286;0.047799631016701725;0.047799631016701725;0.042064647228987374;0.047799631016701725;0.01468324974140624;0.047799631016701725;0.01468324974140624;0.01468324974140624;0.0;0.01468324974140624;0.0;0.047799631016701725;0.042064647228987374;0.047799631016701725;0.047799631016701725;0.01468324974140624;0.01468324974140624;0.047799631016701725;0.047799631016701725;0.24553006275393716;0.047799631016701725;0.0;0.047799631016701725;0.0;0.01468324974140624;0.24553006275393716;0.01468324974140624;0.047799631016701725;0.047799631016701725;0.01468324974140624;0.01468324974140624;0.01468324974140624;0.01468324974140624;0.047799631016701725;0.01468324974140624;0.01468324974140624;0.01468324974140624;0.047799631016701725;0.042064647228987374;0.01468324974140624;0.0;0.047799631016701725;0.01468324974140624;0.01468324974140624;0.047799631016701725;0.01468324974140624;0.042064647228987374;0.047799631016701725;0.047799631016701725;0.01468324974140624;0.047799631016701725;0.047799631016701725;0.047799631016701725;0.047799631016701725
GO:0008630;0.32330823750762483;0.32330823750762483;0.01468324974140624;0.042064647228987374;0.047799631016701725;0.047799631016701725;0.047799631016701725;0.0;0.047799631016701725;0.0;0.047799631016701725;0.01468324974140624;0.11807622278079505;0.01468324974140624;0.4848200193406333;1.0;0.01468324974140624;0.32330823750762483;0.32330823750762483;0.01468324974140624;0.4848200193406333;0.0;0.047799631016701725;0.047799631016701725;0.047799631016701725;0.1912422969752877;0.0;0.036692364793703955;0.0;0.01468324974140624;0.01468324974140624;0.01468324974140624;0.047799631016701725;0.01468324974140624;0.047799631016701725;0.047799631016701725;0.32330823750762483;0.047799631016701725;0.32330823750762483;0.0;0.1912422969752877;0.047799631016701725;0.01468324974140624;0.047799631016701725;0.12659489728285286;0.32330823750762483;0.047799631016701725;0.047799631016701725;0.01468324974140624;0.047799631016701725;0.01468324974140624;0.047799631016701725;0.01468324974140624;0.32330823750762483;0.047799631016701725;0.01468324974140624;0.01468324974140624;0.01468324974140624;0.01468324974140624;0.32330823750762483;0.036692364793703955;0.01468324974140624;0.01468324974140624;0.042064647228987374;0.1912422969752877;0.047799631016701725;0.047799631016701725;0.32330823750762483;0.01468324974140624;0.01468324974140624;0.01468324974140624;0.047799631016701725;0.01468324974140624;0.01468324974140624;0.01468324974140624;0.01468324974140624;0.036692364793703955;0.047799631016701725;0.047799631016701725;0.047799631016701725;0.32330823750762483;0.12659489728285286;0.01468324974140624;0.24991089615047335;0.042064647228987374;0.047799631016701725;0.047799631016701725;0.047799631016701725;0.0;0.047799631016701725;0.047799631016701725;0.01468324974140624;0.042064647228987374;0.0;0.01468324974140624;0.1912422969752877;0.042064647228987374;0.047799631016701725;0.1912422969752877;0.12659489728285286;0.047799631016701725;0.047799631016701725;0.042064647228987374;0.047799631016701725;0.01468324974140624;0.047799631016701725;0.01468324974140624;0.01468324974140624;0.0;0.01468324974140624;0.0;0.047799631016701725;0.042064647228987374;0.047799631016701725;0.047799631016701725;0.01468324974140624;0.01468324974140624;0.047799631016701725;0.047799631016701725;0.32330823750762483;0.047799631016701725;0.11807622278079505;0.047799631016701725;0.11807622278079505;0.01468324974140624;0.32330823750762483;0.01468324974140624;0.047799631016701725;0.047799631016701725;0.01468324974140624;0.1912422969752877;0.1912422969752877;0.24991089615047335;0.047799631016701725;0.01468324974140624;0.01468324974140624;0.32330823750762483;0.047799631016701725;0.042064647228987374;0.01468324974140624;0.0;0.047799631016701725;0.01468324974140624;0.01468324974140624;0.047799631016701725;0.01468324974140624;0.042064647228987374;0.047799631016701725;0.047799631016701725;0.01468324974140624;0.047799631016701725;0.047799631016701725;0.047799631016701725;0.047799631016701725
GO:0000226;0.01468324974140624;0.01468324974140624;0.33489402928242473;0.0;0.0;0.0;0.0;0.0;0.0;0.0;0.0;0.12408495164008174;0.0;0.20695866249713105;0.01468324974140624;0.01468324974140624;1.0;0.01468324974140624;0.01468324974140624;0.01468324974140624;0.01468324974140624;0.0;0.0;0.12408495164008174;0.0;0.01468324974140624;0.0;0.0;0.0;0.01468324974140624;0.12408495164008174;0.01468324974140624;0.0;0.01468324974140624;0.0;0.0;0.01468324974140624;0.0;0.01468324974140624;0.0;0.01468324974140624;0.0;0.12408495164008174;0.0;0.01468324974140624;0.01468324974140624;0.0;0.0;0.01468324974140624;0.0;0.01468324974140624;0.0;0.01468324974140624;0.01468324974140624;0.0;0.01468324974140624;0.20695866249713105;0.01468324974140624;0.01468324974140624;0.01468324974140624;0.20695866249713105;0.01468324974140624;0.20695866249713105;0.0;0.01468324974140624;0.0;0.0;0.01468324974140624;0.12408495164008174;0.01468324974140624;0.01468324974140624;0.0;0.01468324974140624;0.39083639990161306;0.01468324974140624;0.01468324974140624;0.0;0.0;0.0;0.0;0.01468324974140624;0.01468324974140624;0.12408495164008174;0.01468324974140624;0.0;0.0;0.0;0.0;0.0;0.0;0.0;0.20695866249713105;0.0;0.0;0.01468324974140624;0.01468324974140624;0.0;0.0;0.01468324974140624;0.01468324974140624;0.0;0.0;0.0;0.0;0.01468324974140624;0.0;0.01468324974140624;0.01468324974140624;0.0;0.01468324974140624;0.0;0.0;0.0;0.01468324974140624;0.0;0.01468324974140624;0.01468324974140624;0.0;0.0;0.01468324974140624;0.0;0.0;0.0;0.0;0.01468324974140624;0.01468324974140624;0.20695866249713105;0.01468324974140624;0.0;0.01468324974140624;0.01468324974140624;0.01468324974140624;0.01468324974140624;0.0;0.01468324974140624;0.01468324974140624;0.01468324974140624;0.0;0.0;0.01468324974140624;0.0;0.0;0.01468324974140624;0.01468324974140624;0.0;0.01468324974140624;0.01468324974140624;0.0;0.0;0.01468324974140624;0.0;0.0;0.0;0.0
GO:0006975;0.32330823750762483;0.32330823750762483;0.01468324974140624;0.0;0.0;0.0;0.0;0.0;0.0;0.0;0.0;0.01468324974140624;0.11807622278079505;0.01468324974140624;0.01468324974140624;0.32330823750762483;0.01468324974140624;1.0;0.32330823750762483;0.01468324974140624;0.01468324974140624;0.0;0.0;0.01468324974140624;0.0;0.1912422969752877;0.0;0.0;0.0;0.01468324974140624;0.01468324974140624;0.10587402764930422;0.0;0.10587402764930422;0.0;0.0;0.32330823750762483;0.0;0.32330823750762483;0.0;0.1912422969752877;0.0;0.30379685991921485;0.0;0.01468324974140624;0.32330823750762483;0.0;0.0;0.18032682375526765;0.0;0.10587402764930422;0.0;0.10587402764930422;0.32330823750762483;0.0;0.10587402764930422;0.01468324974140624;0.18032682375526765;0.22480199536001946;0.32330823750762483;0.10587402764930422;0.01468324974140624;0.01468324974140624;0.0;0.1912422969752877;0.0;0.0;0.32330823750762483;0.30379685991921485;0.18032682375526765;0.01468324974140624;0.0;0.30379685991921485;0.01468324974140624;0.10587402764930422;0.30379685991921485;0.0;0.0;0.1468397877411918;0.0;0.32330823750762483;0.01468324974140624;0.30379685991921485;0.24991089615047335;0.0;0.0;0.0;0.0;0.0;0.0;0.0;0.01468324974140624;0.0;0.0;0.01468324974140624;0.1912422969752877;0.0;0.0;0.1912422969752877;0.01468324974140624;0.0;0.0;0.0;0.0;0.1468397877411918;0.0;0.01468324974140624;0.30379685991921485;0.0;0.30379685991921485;0.0;0.0;0.0;0.01468324974140624;0.0;0.30379685991921485;0.18032682375526765;0.0;0.0;0.32330823750762483;0.0;0.11807622278079505;0.0;0.11807622278079505;0.01468324974140624;0.32330823750762483;0.01468324974140624;0.01468324974140624;0.0;0.01468324974140624;0.1912422969752877;0.1912422969752877;0.24991089615047335;0.0;0.22480199536001946;0.18032682375526765;0.32330823750762483;0.0;0.0;0.06927734236639929;0.0;0.0;0.01468324974140624;0.18032682375526765;0.0;0.1468397877411918;0.07548231845693805;0.0;0.0;0.01468324974140624;0.0;0.0;0.0;0.0
GO:0000077;0.32330823750762483;0.561171409305806;0.01468324974140624;0.042064647228987374;0.28025216105938716;0.047799631016701725;0.13839445927415203;0.0;0.047799631016701725;0.0;0.13839445927415203;0.01468324974140624;0.11807622278079505;0.01468324974140624;0.047799631016701725;0.32330823750762483;0.01468324974140624;0.32330823750762483;1.0;0.01468324974140624;0.047799631016701725;0.0;0.3607519509145562;0.047799631016701725;0.047799631016701725;0.1912422969752877;0.0;0.036692364793703955;0.0;0.01468324974140624;0.01468324974140624;0.01468324974140624;0.047799631016701725;0.01468324974140624;0.28025216105938716;0.047799631016701725;0.32330823750762483;0.047799631016701725;0.32330823750762483;0.0;0.1912422969752877;0.047799631016701725;0.01468324974140624;0.28025216105938716;0.047799631016701725;0.32330823750762483;0.13839445927415203;0.047799631016701725;0.01468324974140624;0.13839445927415203;0.01468324974140624;0.3607519509145562;0.01468324974140624;0.32330823750762483;0.28025216105938716;0.01468324974140624;0.01468324974140624;0.01468324974140624;0.01468324974140624;0.32330823750762483;0.036692364793703955;0.01468324974140624;0.01468324974140624;0.042064647228987374;0.1912422969752877;0.13839445927415203;0.047799631016701725;0.32330823750762483;0.01468324974140624;0.01468324974140624;0.01468324974140624;0.047799631016701725;0.01468324974140624;0.01468324974140624;0.01468324974140624;0.01468324974140624;0.036692364793703955;0.28025216105938716;0.047799631016701725;0.047799631016701725;0.3607519509145562;0.047799631016701725;0.01468324974140624;0.24991089615047335;0.042064647228987374;0.28025216105938716;0.047799631016701725;0.28025216105938716;0.0;0.28025216105938716;0.047799631016701725;0.01468324974140624;0.042064647228987374;0.0;0.01468324974140624;0.1912422969752877;0.12804570306913615;0.047799631016701725;0.1912422969752877;0.047799631016701725;0.13839445927415203;0.13839445927415203;0.042064647228987374;0.047799631016701725;0.01468324974140624;0.047799631016701725;0.01468324974140624;0.01468324974140624;0.0;0.01468324974140624;0.0;0.13839445927415203;0.042064647228987374;0.49828803942410677;0.047799631016701725;0.01468324974140624;0.01468324974140624;0.28025216105938716;0.047799631016701725;0.32330823750762483;0.047799631016701725;0.11807622278079505;0.13839445927415203;0.11807622278079505;0.01468324974140624;0.3607519509145562;0.01468324974140624;0.047799631016701725;0.047799631016701725;0.01468324974140624;0.1912422969752877;0.1912422969752877;0.24991089615047335;0.28025216105938716;0.01468324974140624;0.01468324974140624;0.32330823750762483;0.3607519509145562;0.042064647228987374;0.01468324974140624;0.0;0.047799631016701725;0.01468324974140624;0.01468324974140624;0.28025216105938716;0.01468324974140624;0.042064647228987374;0.047799631016701725;0.13839445927415203;0.01468324974140624;0.047799631016701725;0.047799631016701725;0.13839445927415203;0.047799631016701725
