;GO:0090336;GO:1901224;GO:0046854;GO:1900016;GO:1900015;GO:0051091;GO:0051092;GO:0045648;GO:0045766;GO:0007259;GO:0000187;GO:0030949;GO:0006958;GO:0032689;GO:0048009;GO:0046627;GO:0000077;GO:0048010;GO:0043242;GO:0048013;GO:0031100;GO:0034614;GO:0033089;GO:0043123;GO:0038094;GO:0045663;GO:0002221;GO:0002223;GO:0002576;GO:0051781;GO:0019221;GO:0060707;GO:0071276;GO:0060708;GO:0010759;GO:0051549;GO:2000379;GO:0022617;GO:0090200;GO:0038083;GO:0005983;GO:0046888;GO:0071260;GO:0001934;GO:0030593;GO:0050900;GO:0035924;GO:0001938;GO:1905050;GO:0031281;GO:0032494;GO:0032495;GO:0000413;GO:0007178;GO:0043542;GO:0043547;GO:0050873;GO:0001865;GO:2001243;GO:0019722;GO:0060674;GO:0007186;GO:0002292;GO:0060670;GO:1901796;GO:0043312;GO:0048208;GO:0045063;GO:0006888;GO:0019395;GO:0051056;GO:0051054;GO:0035987;GO:2001258;GO:0030178;GO:0010469;GO:0035744;GO:0016567;GO:0046718;GO:0042119;GO:0045742;GO:0043687;GO:0001960;GO:1904707;GO:0043330;GO:0071479;GO:0071356;GO:0016311;GO:0045071;GO:0035973;GO:2001268;GO:0070935;GO:0090400;GO:1900122;GO:0006750;GO:0007169;GO:1900005;GO:1900004;GO:0060334;GO:0090090;GO:0050663;GO:0002820;GO:0071222;GO:0071223;GO:0045087;GO:0006508;GO:0070498;GO:0071345;GO:0032695;GO:0030279;GO:0035722;GO:0042770;GO:1901741;GO:0042531;GO:0042532;GO:0002755;GO:0010933;GO:0010936;GO:0032729;GO:0050832;GO:0015701;GO:0050712;GO:0050830;GO:0032720;GO:0035556;GO:0033138;GO:2001184;GO:0042307;GO:0050728;GO:0000902;GO:0050729;GO:0009966;GO:0061844;GO:0032715;GO:0098586;GO:0050727;GO:0071407;GO:0043406;GO:0043407;GO:0009253;GO:0008285;GO:1902176;GO:0008284;GO:0002062;GO:0006661;GO:0045944;GO:0001890;GO:0045824;GO:0051146;GO:0032827;GO:0051384;GO:0001649;GO:0070102;GO:0014835;GO:0010595;GO:0035655;GO:0050852;GO:0050732;GO:0050853;GO:0045959;GO:0046928;GO:0045957;GO:0043410;GO:0045954;GO:0042326;GO:0002741;GO:1990830;GO:0015939;GO:0050869;GO:0051714;GO:0032496;GO:0019731;GO:2000660;GO:0030511;GO:0060045;GO:0042177;GO:0046777;GO:0043388;GO:0006006;GO:0032091;GO:1904659;GO:0000023;GO:0002675;GO:0016055;GO:0006919;GO:0034146;GO:0030225;GO:0038066;GO:0032088;GO:0042742;GO:0032757;GO:0031663;GO:0016045;GO:0018105;GO:0033280;GO:0045589;GO:0009615;GO:0006468;GO:0006469;GO:0010955;GO:0010951;GO:0070301;GO:0034123;GO:0038165;GO:0034122;GO:0006351;GO:0050707;GO:0046325;GO:0007565;GO:0046326;GO:0045597;GO:0002430;GO:0030316;GO:0002548;GO:0043066;GO:0006909
GO:0090336;1.0;0.5882352941176471;0.0;0.35294117647058826;0.375;0.4;0.38095238095238093;0.7058823529411765;0.625;0.125;0.45454545454545453;0.625;0.11764705882352941;0.4;0.11764705882352941;0.5;0.47058823529411764;0.11764705882352941;0.5333333333333333;0.11764705882352941;0.0;0.0;0.631578947368421;0.5882352941176471;0.11764705882352941;0.8;0.10526315789473684;0.1;0.0;0.7142857142857143;0.5333333333333333;0.0;0.0;0.0;0.42105263157894735;0.4444444444444444;0.6666666666666666;0.0;0.5555555555555556;0.0;0.0;0.47058823529411764;0.0;0.5555555555555556;0.0;0.0;0.0;0.625;0.5263157894736842;0.2857142857142857;0.0;0.0;0.0;0.125;0.0;0.26666666666666666;0.0;0.0;0.4444444444444444;0.125;0.0;0.5714285714285714;0.0;0.0;0.5;0.0;0.0;0.0;0.0;0.0;0.5;0.625;0.0;0.3333333333333333;0.5;0.5333333333333333;0.0;0.0;0.0;0.0;0.5882352941176471;0.0;0.5;0.625;0.0;0.0;0.0;0.0;0.35294117647058826;0.0;0.36363636363636365;0.4;0.0;0.26666666666666666;0.0;0.125;0.5;0.4;0.47058823529411764;0.47058823529411764;0.0;0.4;0.0;0.0;0.0;0.0;0.125;0.0;0.4;0.42857142857142855;0.125;0.5333333333333333;0.5555555555555556;0.5;0.4;0.09523809523809523;0.625;0.35294117647058826;0.5333333333333333;0.0;0.0;0.4;0.0;0.375;0.5714285714285714;0.5263157894736842;0.5263157894736842;0.4444444444444444;0.375;0.0;0.5;0.5714285714285714;0.0;0.4;0.0;0.4;0.0;0.47619047619047616;0.38095238095238093;0.0;0.5714285714285714;0.42105263157894735;0.7142857142857143;0.0;0.0;0.4;0.0;0.375;0.0;0.5263157894736842;0.0;0.0;0.125;0.0;0.4444444444444444;0.125;0.10526315789473684;0.42105263157894735;0.10526315789473684;0.3;0.5;0.3;0.5263157894736842;0.4444444444444444;0.47058823529411764;0.5263157894736842;0.0;0.0;0.47058823529411764;0.6666666666666666;0.0;0.0;0.47058823529411764;0.5882352941176471;0.5263157894736842;0.375;0.0;0.2857142857142857;0.0;0.2857142857142857;0.0;0.0;0.47058823529411764;0.125;0.45454545454545453;0.09523809523809523;0.0;0.1;0.2857142857142857;0.0;0.5333333333333333;0.5333333333333333;0.0;0.0;0.0;0.5555555555555556;0.0;0.0;0.42105263157894735;0.4444444444444444;0.42105263157894735;0.0;0.5882352941176471;0.125;0.47058823529411764;0.0;0.47058823529411764;0.35294117647058826;0.0;0.47058823529411764;0.8571428571428571;0.1111111111111111;0.0;0.0;0.5;0.0
GO:1901224;0.5882352941176471;1.0;0.0;0.4444444444444444;0.47058823529411764;0.38095238095238093;0.36363636363636365;0.5555555555555556;0.47058823529411764;0.11764705882352941;0.6956521739130435;0.8235294117647058;0.5555555555555556;0.375;0.1111111111111111;0.7058823529411765;0.4444444444444444;0.1111111111111111;0.5;0.1111111111111111;0.0;0.0;0.5;0.8888888888888888;0.1111111111111111;0.625;0.1;0.09523809523809523;0.0;0.6666666666666666;0.125;0.0;0.0;0.0;0.5;0.42105263157894735;0.625;0.0;0.7368421052631579;0.0;0.0;0.4444444444444444;0.0;0.5263157894736842;0.0;0.0;0.0;0.5882352941176471;0.5;0.26666666666666666;0.0;0.0;0.0;0.11764705882352941;0.0;0.25;0.0;0.0;0.7368421052631579;0.11764705882352941;0.0;0.5333333333333333;0.0;0.0;0.8235294117647058;0.0;0.0;0.0;0.0;0.0;0.8235294117647058;0.47058823529411764;0.0;0.3157894736842105;0.7058823529411765;0.75;0.0;0.0;0.0;0.0;0.7777777777777778;0.0;0.7058823529411765;0.5882352941176471;0.0;0.0;0.0;0.0;0.3333333333333333;0.0;0.5217391304347826;0.38095238095238093;0.0;0.25;0.0;0.11764705882352941;0.47619047619047616;0.38095238095238093;0.6666666666666666;0.6666666666666666;0.0;0.5;0.0;0.0;0.0;0.0;0.11764705882352941;0.0;0.375;0.4;0.11764705882352941;0.125;0.42105263157894735;0.7619047619047619;0.6666666666666666;0.09090909090909091;0.47058823529411764;0.4444444444444444;0.5;0.0;0.0;0.38095238095238093;0.0;0.35294117647058826;0.5333333333333333;0.5;0.4;0.42105263157894735;0.47058823529411764;0.0;0.5882352941176471;0.8;0.0;0.375;0.0;0.5;0.0;0.7272727272727273;0.6363636363636364;0.0;0.5333333333333333;0.7;0.6666666666666666;0.0;0.0;0.38095238095238093;0.0;0.47058823529411764;0.0;0.4;0.0;0.0;0.11764705882352941;0.0;0.42105263157894735;0.11764705882352941;0.1;0.4;0.1;0.38095238095238093;0.47058823529411764;0.38095238095238093;0.8;0.42105263157894735;0.4444444444444444;0.5;0.0;0.0;0.4444444444444444;0.625;0.0;0.0;0.6666666666666666;0.7777777777777778;0.5;0.35294117647058826;0.0;0.26666666666666666;0.0;0.26666666666666666;0.0;0.0;0.5555555555555556;0.11764705882352941;0.43478260869565216;0.09090909090909091;0.0;0.09523809523809523;0.2727272727272727;0.0;0.5;0.125;0.0;0.0;0.0;0.42105263157894735;0.0;0.0;0.2;0.42105263157894735;0.4;0.0;0.7777777777777778;0.11764705882352941;0.6666666666666666;0.0;0.4444444444444444;0.3333333333333333;0.0;0.4444444444444444;0.6666666666666666;0.10526315789473684;0.0;0.0;0.47058823529411764;0.0
GO:0046854;0.0;0.0;1.0;0.0;0.0;0.0;0.0;0.0;0.0;0.23529411764705882;0.0;0.0;0.1111111111111111;0.0;0.2222222222222222;0.0;0.2222222222222222;0.2222222222222222;0.0;0.2222222222222222;0.0;0.26666666666666666;0.0;0.0;0.2222222222222222;0.0;0.2;0.19047619047619047;0.2222222222222222;0.0;0.25;0.13333333333333333;0.25;0.13333333333333333;0.0;0.0;0.0;0.26666666666666666;0.0;0.6;0.3333333333333333;0.0;0.26666666666666666;0.0;0.21052631578947367;0.13333333333333333;0.25;0.0;0.0;0.0;0.0;0.0;0.3157894736842105;0.23529411764705882;0.11764705882352941;0.0;0.26666666666666666;0.1111111111111111;0.0;0.23529411764705882;0.0;0.26666666666666666;0.11764705882352941;0.0;0.0;0.10526315789473684;0.25;0.09523809523809523;0.0;0.6666666666666666;0.0;0.0;0.14285714285714285;0.0;0.0;0.0;0.0;0.3157894736842105;0.0;0.25;0.0;0.35294117647058826;0.0;0.0;0.0;0.25;0.25;0.6666666666666666;0.0;0.35294117647058826;0.0;0.0;0.26666666666666666;0.0;0.3333333333333333;0.23529411764705882;0.0;0.0;0.0;0.0;0.10526315789473684;0.0;0.125;0.125;0.0;0.4;0.23529411764705882;0.26666666666666666;0.0;0.0;0.23529411764705882;0.25;0.0;0.0;0.0;0.18181818181818182;0.0;0.0;0.0;0.0;0.0;0.0;0.0;0.0;0.26666666666666666;0.0;0.0;0.0;0.0;0.14285714285714285;0.0;0.0;0.0;0.0;0.0;0.0;0.26666666666666666;0.0;0.0;0.35294117647058826;0.0;0.0;0.0;0.14285714285714285;0.8888888888888888;0.0;0.0;0.0;0.13333333333333333;0.0;0.0;0.14285714285714285;0.23529411764705882;0.13333333333333333;0.0;0.23529411764705882;0.2;0.0;0.2;0.0;0.0;0.0;0.0;0.0;0.0;0.0;0.25;0.35294117647058826;0.0;0.0;0.0;0.0;0.0;0.0;0.0;0.0;0.6666666666666666;0.0;0.25;0.0;0.0;0.375;0.0;0.23529411764705882;0.0;0.18181818181818182;0.125;0.19047619047619047;0.0;0.0;0.0;0.25;0.0;0.631578947368421;0.0;0.0;0.0;0.7058823529411765;0.0;0.0;0.0;0.25;0.0;0.23529411764705882;0.0;0.21052631578947367;0.0;0.0;0.0;0.0;0.0;0.21052631578947367;0.125;0.23529411764705882;0.0;0.0
GO:1900016;0.35294117647058826;0.4444444444444444;0.0;1.0;0.9411764705882353;0.2857142857142857;0.2727272727272727;0.4444444444444444;0.47058823529411764;0.11764705882352941;0.34782608695652173;0.47058823529411764;0.1111111111111111;0.75;0.1111111111111111;0.5882352941176471;0.4444444444444444;0.1111111111111111;0.5;0.1111111111111111;0.0;0.0;0.4;0.4444444444444444;0.1111111111111111;0.375;0.1;0.09523809523809523;0.0;0.4;0.125;0.0;0.0;0.0;0.5;0.42105263157894735;0.375;0.0;0.42105263157894735;0.0;0.0;0.4444444444444444;0.0;0.3157894736842105;0.0;0.0;0.0;0.35294117647058826;0.2;0.26666666666666666;0.0;0.0;0.0;0.11764705882352941;0.0;0.25;0.0;0.0;0.5263157894736842;0.11764705882352941;0.0;0.13333333333333333;0.0;0.0;0.47058823529411764;0.0;0.0;0.0;0.0;0.0;0.47058823529411764;0.35294117647058826;0.0;0.42105263157894735;0.5882352941176471;0.5;0.0;0.0;0.0;0.0;0.4444444444444444;0.0;0.5882352941176471;0.35294117647058826;0.0;0.0;0.0;0.0;0.4444444444444444;0.0;0.43478260869565216;0.19047619047619047;0.0;0.25;0.0;0.11764705882352941;0.19047619047619047;0.38095238095238093;0.6666666666666666;0.5555555555555556;0.0;0.625;0.0;0.0;0.0;0.0;0.11764705882352941;0.0;0.75;0.6666666666666666;0.11764705882352941;0.125;0.3157894736842105;0.38095238095238093;0.47619047619047616;0.09090909090909091;0.47058823529411764;0.6666666666666666;0.625;0.0;0.0;0.5714285714285714;0.0;0.7058823529411765;0.13333333333333333;0.3;0.5;0.3157894736842105;0.9411764705882353;0.0;0.8235294117647058;0.5333333333333333;0.0;0.75;0.0;0.875;0.0;0.36363636363636365;0.45454545454545453;0.0;0.5333333333333333;0.4;0.4;0.0;0.0;0.2857142857142857;0.0;0.8235294117647058;0.0;0.5;0.0;0.0;0.11764705882352941;0.0;0.42105263157894735;0.11764705882352941;0.1;0.4;0.1;0.6666666666666666;0.35294117647058826;0.6666666666666666;0.4;0.631578947368421;0.4444444444444444;0.5;0.0;0.0;0.4444444444444444;0.375;0.0;0.0;0.5555555555555556;0.4444444444444444;0.4;0.47058823529411764;0.0;0.26666666666666666;0.0;0.26666666666666666;0.0;0.0;0.7777777777777778;0.11764705882352941;0.2608695652173913;0.09090909090909091;0.0;0.09523809523809523;0.36363636363636365;0.0;0.625;0.125;0.0;0.0;0.0;0.42105263157894735;0.0;0.0;0.4;0.42105263157894735;0.4;0.0;0.6666666666666666;0.11764705882352941;0.4444444444444444;0.0;0.5555555555555556;0.4444444444444444;0.0;0.3333333333333333;0.4;0.10526315789473684;0.0;0.0;0.47058823529411764;0.0
GO:1900015;0.375;0.47058823529411764;0.0;0.9411764705882353;1.0;0.3;0.2857142857142857;0.47058823529411764;0.5;0.125;0.36363636363636365;0.5;0.11764705882352941;0.6666666666666666;0.11764705882352941;0.5;0.35294117647058826;0.11764705882352941;0.4;0.11764705882352941;0.0;0.0;0.42105263157894735;0.47058823529411764;0.11764705882352941;0.4;0.10526315789473684;0.1;0.0;0.42857142857142855;0.13333333333333333;0.0;0.0;0.0;0.5263157894736842;0.4444444444444444;0.4;0.0;0.4444444444444444;0.0;0.0;0.35294117647058826;0.0;0.3333333333333333;0.0;0.0;0.0;0.375;0.21052631578947367;0.2857142857142857;0.0;0.0;0.0;0.125;0.0;0.26666666666666666;0.0;0.0;0.4444444444444444;0.125;0.0;0.14285714285714285;0.0;0.0;0.5;0.0;0.0;0.0;0.0;0.0;0.5;0.375;0.0;0.3333333333333333;0.5;0.5333333333333333;0.0;0.0;0.0;0.0;0.47058823529411764;0.0;0.5;0.375;0.0;0.0;0.0;0.0;0.35294117647058826;0.0;0.36363636363636365;0.2;0.0;0.26666666666666666;0.0;0.125;0.2;0.2;0.7058823529411765;0.47058823529411764;0.0;0.5333333333333333;0.0;0.0;0.0;0.0;0.125;0.0;0.6666666666666666;0.5714285714285714;0.125;0.13333333333333333;0.3333333333333333;0.4;0.4;0.09523809523809523;0.5;0.5882352941176471;0.6666666666666666;0.0;0.0;0.5;0.0;0.625;0.14285714285714285;0.3157894736842105;0.5263157894736842;0.3333333333333333;0.875;0.0;0.875;0.5714285714285714;0.0;0.6666666666666666;0.0;0.9333333333333333;0.0;0.38095238095238093;0.38095238095238093;0.0;0.42857142857142855;0.42105263157894735;0.42857142857142855;0.0;0.0;0.3;0.0;0.75;0.0;0.42105263157894735;0.0;0.0;0.125;0.0;0.4444444444444444;0.125;0.10526315789473684;0.3157894736842105;0.10526315789473684;0.7;0.375;0.7;0.42105263157894735;0.6666666666666666;0.35294117647058826;0.5263157894736842;0.0;0.0;0.35294117647058826;0.4;0.0;0.0;0.47058823529411764;0.47058823529411764;0.42105263157894735;0.375;0.0;0.2857142857142857;0.0;0.2857142857142857;0.0;0.0;0.8235294117647058;0.125;0.2727272727272727;0.09523809523809523;0.0;0.1;0.2857142857142857;0.0;0.6666666666666666;0.13333333333333333;0.0;0.0;0.0;0.4444444444444444;0.0;0.0;0.21052631578947367;0.3333333333333333;0.21052631578947367;0.0;0.7058823529411765;0.125;0.7058823529411765;0.0;0.5882352941176471;0.35294117647058826;0.0;0.35294117647058826;0.42857142857142855;0.1111111111111111;0.0;0.0;0.375;0.0
GO:0051091;0.4;0.38095238095238093;0.0;0.2857142857142857;0.3;1.0;0.96;0.38095238095238093;0.4;0.1;0.3076923076923077;0.4;0.09523809523809523;0.3157894736842105;0.09523809523809523;0.3;0.2857142857142857;0.09523809523809523;0.3157894736842105;0.09523809523809523;0.0;0.0;0.34782608695652173;0.38095238095238093;0.09523809523809523;0.42105263157894735;0.08695652173913043;0.08333333333333333;0.0;0.4444444444444444;0.10526315789473684;0.0;0.0;0.0;0.34782608695652173;0.36363636363636365;0.42105263157894735;0.0;0.36363636363636365;0.0;0.0;0.2857142857142857;0.0;0.36363636363636365;0.0;0.0;0.0;0.4;0.34782608695652173;0.4444444444444444;0.0;0.0;0.0;0.1;0.0;0.42105263157894735;0.0;0.0;0.2727272727272727;0.1;0.0;0.1111111111111111;0.0;0.0;0.3;0.0;0.0;0.0;0.0;0.0;0.3;0.4;0.0;0.2727272727272727;0.3;0.3157894736842105;0.0;0.0;0.0;0.0;0.38095238095238093;0.0;0.3;0.4;0.0;0.0;0.0;0.0;0.2857142857142857;0.0;0.23076923076923078;0.3333333333333333;0.0;0.42105263157894735;0.0;0.1;0.3333333333333333;0.25;0.2857142857142857;0.2857142857142857;0.0;0.3157894736842105;0.0;0.0;0.0;0.0;0.1;0.0;0.3157894736842105;0.3333333333333333;0.1;0.10526315789473684;0.36363636363636365;0.3333333333333333;0.25;0.08;0.4;0.2857142857142857;0.42105263157894735;0.0;0.0;0.25;0.0;0.3;0.1111111111111111;0.34782608695652173;0.34782608695652173;0.36363636363636365;0.3;0.0;0.4;0.3333333333333333;0.0;0.3157894736842105;0.0;0.3157894736842105;0.0;0.32;0.24;0.0;0.3333333333333333;0.2608695652173913;0.4444444444444444;0.0;0.0;0.8333333333333334;0.0;0.3;0.0;0.2608695652173913;0.0;0.0;0.1;0.0;0.36363636363636365;0.1;0.08695652173913043;0.2608695652173913;0.08695652173913043;0.25;0.3;0.25;0.34782608695652173;0.36363636363636365;0.2857142857142857;0.34782608695652173;0.0;0.0;0.2857142857142857;0.42105263157894735;0.0;0.0;0.2857142857142857;0.38095238095238093;0.34782608695652173;0.3;0.0;0.4444444444444444;0.0;0.3333333333333333;0.0;0.0;0.38095238095238093;0.1;0.3076923076923077;0.08;0.0;0.08333333333333333;0.88;0.0;0.42105263157894735;0.10526315789473684;0.0;0.0;0.0;0.2727272727272727;0.0;0.0;0.2608695652173913;0.5454545454545454;0.2608695652173913;0.0;0.38095238095238093;0.1;0.2857142857142857;0.0;0.2857142857142857;0.2857142857142857;0.0;0.38095238095238093;0.4444444444444444;0.09090909090909091;0.0;0.0;0.3;0.0
GO:0051092;0.38095238095238093;0.36363636363636365;0.0;0.2727272727272727;0.2857142857142857;0.96;1.0;0.36363636363636365;0.38095238095238093;0.09523809523809523;0.2962962962962963;0.38095238095238093;0.09090909090909091;0.3;0.09090909090909091;0.2857142857142857;0.2727272727272727;0.09090909090909091;0.3;0.09090909090909091;0.0;0.0;0.3333333333333333;0.36363636363636365;0.09090909090909091;0.4;0.08333333333333333;0.08;0.0;0.42105263157894735;0.1;0.0;0.0;0.0;0.3333333333333333;0.34782608695652173;0.4;0.0;0.34782608695652173;0.0;0.0;0.2727272727272727;0.0;0.34782608695652173;0.0;0.0;0.0;0.38095238095238093;0.3333333333333333;0.42105263157894735;0.0;0.0;0.0;0.09523809523809523;0.0;0.4;0.0;0.0;0.2608695652173913;0.09523809523809523;0.0;0.10526315789473684;0.0;0.0;0.2857142857142857;0.0;0.0;0.0;0.0;0.0;0.2857142857142857;0.38095238095238093;0.0;0.2608695652173913;0.2857142857142857;0.3;0.0;0.0;0.0;0.0;0.36363636363636365;0.0;0.2857142857142857;0.38095238095238093;0.0;0.0;0.0;0.0;0.2727272727272727;0.0;0.2222222222222222;0.32;0.0;0.4;0.0;0.09523809523809523;0.32;0.24;0.2727272727272727;0.2727272727272727;0.0;0.3;0.0;0.0;0.0;0.0;0.09523809523809523;0.0;0.3;0.3157894736842105;0.09523809523809523;0.1;0.34782608695652173;0.32;0.24;0.07692307692307693;0.38095238095238093;0.2727272727272727;0.4;0.0;0.0;0.24;0.0;0.2857142857142857;0.10526315789473684;0.3333333333333333;0.3333333333333333;0.34782608695652173;0.2857142857142857;0.0;0.38095238095238093;0.3157894736842105;0.0;0.3;0.0;0.3;0.0;0.3076923076923077;0.23076923076923078;0.0;0.3157894736842105;0.25;0.42105263157894735;0.0;0.0;0.8;0.0;0.2857142857142857;0.0;0.25;0.0;0.0;0.09523809523809523;0.0;0.34782608695652173;0.09523809523809523;0.08333333333333333;0.25;0.08333333333333333;0.24;0.2857142857142857;0.24;0.3333333333333333;0.34782608695652173;0.2727272727272727;0.3333333333333333;0.0;0.0;0.2727272727272727;0.4;0.0;0.0;0.2727272727272727;0.36363636363636365;0.3333333333333333;0.2857142857142857;0.0;0.42105263157894735;0.0;0.3157894736842105;0.0;0.0;0.36363636363636365;0.09523809523809523;0.2962962962962963;0.07692307692307693;0.0;0.08;0.8461538461538461;0.0;0.4;0.1;0.0;0.0;0.0;0.2608695652173913;0.0;0.0;0.25;0.5217391304347826;0.25;0.0;0.36363636363636365;0.09523809523809523;0.2727272727272727;0.0;0.2727272727272727;0.2727272727272727;0.0;0.36363636363636365;0.42105263157894735;0.08695652173913043;0.0;0.0;0.2857142857142857;0.0
GO:0045648;0.7058823529411765;0.5555555555555556;0.0;0.4444444444444444;0.47058823529411764;0.38095238095238093;0.36363636363636365;1.0;0.5882352941176471;0.11764705882352941;0.43478260869565216;0.5882352941176471;0.1111111111111111;0.5;0.1111111111111111;0.47058823529411764;0.1111111111111111;0.1111111111111111;0.5;0.1111111111111111;0.0;0.0;0.6;0.5555555555555556;0.1111111111111111;0.75;0.1;0.09523809523809523;0.0;0.6666666666666666;0.125;0.0;0.0;0.0;0.5;0.5263157894736842;0.625;0.0;0.5263157894736842;0.0;0.0;0.3333333333333333;0.0;0.5263157894736842;0.0;0.0;0.0;0.5882352941176471;0.5;0.26666666666666666;0.0;0.0;0.0;0.11764705882352941;0.0;0.25;0.0;0.0;0.21052631578947367;0.11764705882352941;0.0;0.13333333333333333;0.0;0.0;0.23529411764705882;0.0;0.0;0.0;0.0;0.0;0.23529411764705882;0.5882352941176471;0.0;0.21052631578947367;0.23529411764705882;0.25;0.0;0.0;0.0;0.0;0.5555555555555556;0.0;0.23529411764705882;0.5882352941176471;0.0;0.0;0.0;0.0;0.2222222222222222;0.0;0.17391304347826086;0.2857142857142857;0.0;0.25;0.0;0.11764705882352941;0.47619047619047616;0.19047619047619047;0.2222222222222222;0.2222222222222222;0.0;0.5;0.0;0.0;0.0;0.0;0.11764705882352941;0.0;0.5;0.5333333333333333;0.11764705882352941;0.125;0.5263157894736842;0.47619047619047616;0.19047619047619047;0.09090909090909091;0.5882352941176471;0.4444444444444444;0.625;0.0;0.0;0.38095238095238093;0.0;0.47058823529411764;0.13333333333333333;0.5;0.5;0.42105263157894735;0.23529411764705882;0.0;0.47058823529411764;0.26666666666666666;0.0;0.5;0.0;0.25;0.0;0.45454545454545453;0.18181818181818182;0.0;0.5333333333333333;0.4;0.6666666666666666;0.0;0.0;0.38095238095238093;0.0;0.47058823529411764;0.0;0.4;0.0;0.0;0.11764705882352941;0.0;0.5263157894736842;0.11764705882352941;0.1;0.4;0.1;0.38095238095238093;0.35294117647058826;0.38095238095238093;0.5;0.42105263157894735;0.4444444444444444;0.5;0.0;0.0;0.4444444444444444;0.625;0.0;0.0;0.2222222222222222;0.5555555555555556;0.5;0.23529411764705882;0.0;0.26666666666666666;0.0;0.26666666666666666;0.0;0.0;0.4444444444444444;0.11764705882352941;0.43478260869565216;0.09090909090909091;0.0;0.09523809523809523;0.18181818181818182;0.0;0.625;0.125;0.0;0.0;0.0;0.631578947368421;0.0;0.0;0.2;0.42105263157894735;0.2;0.0;0.5555555555555556;0.11764705882352941;0.4444444444444444;0.0;0.4444444444444444;0.2222222222222222;0.0;0.4444444444444444;0.8;0.10526315789473684;0.0;0.0;0.47058823529411764;0.0
GO:0045766;0.625;0.47058823529411764;0.0;0.47058823529411764;0.5;0.4;0.38095238095238093;0.5882352941176471;1.0;0.125;0.36363636363636365;0.5;0.11764705882352941;0.5333333333333333;0.11764705882352941;0.375;0.35294117647058826;0.11764705882352941;0.4;0.11764705882352941;0.0;0.0;0.5263157894736842;0.47058823529411764;0.11764705882352941;0.6666666666666666;0.10526315789473684;0.1;0.0;0.5714285714285714;0.13333333333333333;0.0;0.0;0.0;0.42105263157894735;0.5555555555555556;0.5333333333333333;0.0;0.4444444444444444;0.0;0.0;0.35294117647058826;0.0;0.4444444444444444;0.0;0.0;0.0;0.5;0.42105263157894735;0.2857142857142857;0.0;0.0;0.0;0.125;0.0;0.26666666666666666;0.0;0.0;0.3333333333333333;0.125;0.0;0.14285714285714285;0.0;0.0;0.375;0.0;0.0;0.0;0.0;0.0;0.375;0.5;0.0;0.3333333333333333;0.375;0.26666666666666666;0.0;0.0;0.0;0.0;0.47058823529411764;0.0;0.375;0.5;0.0;0.0;0.0;0.0;0.35294117647058826;0.0;0.2727272727272727;0.4;0.0;0.26666666666666666;0.0;0.125;0.4;0.2;0.35294117647058826;0.35294117647058826;0.0;0.4;0.0;0.0;0.0;0.0;0.125;0.0;0.5333333333333333;0.5714285714285714;0.125;0.13333333333333333;0.5555555555555556;0.4;0.3;0.09523809523809523;0.625;0.47058823529411764;0.6666666666666666;0.0;0.0;0.4;0.0;0.5;0.14285714285714285;0.42105263157894735;0.5263157894736842;0.4444444444444444;0.375;0.0;0.5;0.42857142857142855;0.0;0.5333333333333333;0.0;0.4;0.0;0.38095238095238093;0.2857142857142857;0.0;0.42857142857142855;0.3157894736842105;0.5714285714285714;0.0;0.0;0.4;0.0;0.375;0.0;0.3157894736842105;0.0;0.0;0.125;0.0;0.5555555555555556;0.125;0.10526315789473684;0.3157894736842105;0.10526315789473684;0.3;0.375;0.3;0.42105263157894735;0.4444444444444444;0.35294117647058826;0.5263157894736842;0.0;0.0;0.35294117647058826;0.5333333333333333;0.0;0.0;0.35294117647058826;0.47058823529411764;0.42105263157894735;0.375;0.0;0.2857142857142857;0.0;0.2857142857142857;0.0;0.0;0.47058823529411764;0.125;0.36363636363636365;0.09523809523809523;0.0;0.1;0.2857142857142857;0.0;0.6666666666666666;0.13333333333333333;0.0;0.0;0.0;0.4444444444444444;0.0;0.0;0.21052631578947367;0.3333333333333333;0.21052631578947367;0.0;0.47058823529411764;0.125;0.35294117647058826;0.0;0.47058823529411764;0.35294117647058826;0.0;0.47058823529411764;0.7142857142857143;0.1111111111111111;0.0;0.0;0.375;0.0
GO:0007259;0.125;0.11764705882352941;0.23529411764705882;0.11764705882352941;0.125;0.1;0.09523809523809523;0.11764705882352941;0.125;1.0;0.09090909090909091;0.125;0.11764705882352941;0.13333333333333333;0.11764705882352941;0.125;0.23529411764705882;0.11764705882352941;0.13333333333333333;0.11764705882352941;0.0;0.2857142857142857;0.10526315789473684;0.11764705882352941;0.11764705882352941;0.13333333333333333;0.10526315789473684;0.1;0.23529411764705882;0.14285714285714285;0.13333333333333333;0.14285714285714285;0.26666666666666666;0.14285714285714285;0.10526315789473684;0.1111111111111111;0.13333333333333333;0.2857142857142857;0.1111111111111111;0.21052631578947367;0.23529411764705882;0.11764705882352941;0.14285714285714285;0.1111111111111111;0.1111111111111111;0.14285714285714285;0.26666666666666666;0.125;0.10526315789473684;0.14285714285714285;0.0;0.0;0.2222222222222222;0.125;0.125;0.13333333333333333;0.2857142857142857;0.11764705882352941;0.1111111111111111;0.125;0.0;0.14285714285714285;0.125;0.0;0.125;0.1111111111111111;0.13333333333333333;0.1;0.0;0.11764705882352941;0.125;0.125;0.15384615384615385;0.1111111111111111;0.125;0.13333333333333333;0.0;0.2222222222222222;0.0;0.13333333333333333;0.11764705882352941;0.25;0.125;0.125;0.0;0.13333333333333333;0.26666666666666666;0.2857142857142857;0.11764705882352941;0.25;0.09090909090909091;0.1;0.2857142857142857;0.13333333333333333;0.23529411764705882;0.125;0.1;0.1;0.11764705882352941;0.11764705882352941;0.1111111111111111;0.13333333333333333;0.13333333333333333;0.13333333333333333;0.0;0.0;0.125;0.2857142857142857;0.13333333333333333;0.14285714285714285;0.125;0.13333333333333333;0.1111111111111111;0.1;0.1;0.09523809523809523;0.125;0.11764705882352941;0.13333333333333333;0.0;0.0;0.1;0.0;0.125;0.14285714285714285;0.10526315789473684;0.10526315789473684;0.1111111111111111;0.125;0.15384615384615385;0.125;0.14285714285714285;0.0;0.13333333333333333;0.0;0.13333333333333333;0.2857142857142857;0.09523809523809523;0.09523809523809523;0.0;0.14285714285714285;0.10526315789473684;0.14285714285714285;0.15384615384615385;0.23529411764705882;0.1;0.0;0.125;0.14285714285714285;0.10526315789473684;0.0;0.15384615384615385;0.125;0.14285714285714285;0.1111111111111111;0.125;0.10526315789473684;0.10526315789473684;0.10526315789473684;0.1;0.125;0.1;0.10526315789473684;0.1111111111111111;0.11764705882352941;0.10526315789473684;0.26666666666666666;0.25;0.11764705882352941;0.13333333333333333;0.0;0.0;0.11764705882352941;0.11764705882352941;0.10526315789473684;0.125;0.23529411764705882;0.14285714285714285;0.0;0.14285714285714285;0.0;0.26666666666666666;0.11764705882352941;0.125;0.09090909090909091;0.09523809523809523;0.13333333333333333;0.1;0.09523809523809523;0.0;0.13333333333333333;0.13333333333333333;0.0;0.2222222222222222;0.0;0.1111111111111111;0.0;0.25;0.10526315789473684;0.1111111111111111;0.10526315789473684;0.26666666666666666;0.11764705882352941;0.125;0.11764705882352941;0.1111111111111111;0.11764705882352941;0.11764705882352941;0.0;0.11764705882352941;0.14285714285714285;0.1111111111111111;0.13333333333333333;0.125;0.125;0.0
GO:0000187;0.45454545454545453;0.6956521739130435;0.0;0.34782608695652173;0.36363636363636365;0.3076923076923077;0.2962962962962963;0.43478260869565216;0.36363636363636365;0.09090909090909091;1.0;0.6363636363636364;0.43478260869565216;0.19047619047619047;0.08695652173913043;0.5454545454545454;0.34782608695652173;0.08695652173913043;0.38095238095238093;0.08695652173913043;0.0;0.0;0.4;0.6956521739130435;0.08695652173913043;0.47619047619047616;0.08;0.07692307692307693;0.0;0.5;0.09523809523809523;0.0;0.0;0.0;0.4;0.3333333333333333;0.5714285714285714;0.0;0.5833333333333334;0.0;0.0;0.34782608695652173;0.0;0.8333333333333334;0.0;0.0;0.0;0.45454545454545453;0.4;0.5;0.0;0.0;0.0;0.09090909090909091;0.0;0.47619047619047616;0.0;0.0;0.5833333333333334;0.09090909090909091;0.0;0.4;0.0;0.0;0.6363636363636364;0.0;0.0;0.0;0.0;0.0;0.6363636363636364;0.5454545454545454;0.0;0.25;0.5454545454545454;0.5714285714285714;0.0;0.0;0.0;0.0;0.6086956521739131;0.0;0.5454545454545454;0.45454545454545453;0.0;0.0;0.0;0.0;0.17391304347826086;0.0;0.42857142857142855;0.46153846153846156;0.0;0.38095238095238093;0.0;0.09090909090909091;0.38461538461538464;0.3076923076923077;0.5217391304347826;0.5217391304347826;0.0;0.38095238095238093;0.0;0.0;0.0;0.0;0.09090909090909091;0.0;0.19047619047619047;0.2;0.09090909090909091;0.09523809523809523;0.4166666666666667;0.7692307692307693;0.6923076923076923;0.07407407407407407;0.36363636363636365;0.34782608695652173;0.38095238095238093;0.0;0.0;0.3076923076923077;0.0;0.18181818181818182;0.4;0.8;0.4;0.3333333333333333;0.36363636363636365;0.0;0.45454545454545453;0.6;0.0;0.19047619047619047;0.0;0.38095238095238093;0.0;0.9629629629629629;0.8888888888888888;0.0;0.4;0.56;0.5;0.0;0.0;0.46153846153846156;0.0;0.36363636363636365;0.0;0.32;0.0;0.0;0.09090909090909091;0.0;0.3333333333333333;0.09090909090909091;0.08;0.72;0.08;0.46153846153846156;0.36363636363636365;0.3076923076923077;0.88;0.4166666666666667;0.6956521739130435;0.4;0.0;0.0;0.34782608695652173;0.47619047619047616;0.0;0.0;0.5217391304347826;0.6086956521739131;0.4;0.5454545454545454;0.0;0.4;0.0;0.3;0.0;0.0;0.43478260869565216;0.09090909090909091;0.35714285714285715;0.07407407407407407;0.0;0.07692307692307693;0.2222222222222222;0.0;0.38095238095238093;0.09523809523809523;0.0;0.0;0.0;0.3333333333333333;0.0;0.0;0.8;0.5833333333333334;0.32;0.0;0.6086956521739131;0.09090909090909091;0.5217391304347826;0.0;0.34782608695652173;0.17391304347826086;0.0;0.34782608695652173;0.5;0.08333333333333333;0.0;0.0;0.36363636363636365;0.0
GO:0030949;0.625;0.8235294117647058;0.0;0.47058823529411764;0.5;0.4;0.38095238095238093;0.5882352941176471;0.5;0.125;0.6363636363636364;1.0;0.5882352941176471;0.4;0.11764705882352941;0.75;0.47058823529411764;0.11764705882352941;0.5333333333333333;0.11764705882352941;0.0;0.0;0.5263157894736842;0.8235294117647058;0.11764705882352941;0.6666666666666666;0.10526315789473684;0.1;0.0;0.7142857142857143;0.5333333333333333;0.0;0.0;0.0;0.5263157894736842;0.4444444444444444;0.6666666666666666;0.0;0.7777777777777778;0.0;0.0;0.47058823529411764;0.0;0.5555555555555556;0.0;0.0;0.0;0.625;0.5263157894736842;0.2857142857142857;0.0;0.0;0.0;0.125;0.0;0.26666666666666666;0.0;0.0;0.6666666666666666;0.125;0.0;0.5714285714285714;0.0;0.0;0.75;0.0;0.0;0.0;0.0;0.0;0.75;0.5;0.0;0.3333333333333333;0.75;0.8;0.0;0.0;0.0;0.0;0.8235294117647058;0.0;0.75;0.625;0.0;0.0;0.0;0.0;0.35294117647058826;0.0;0.5454545454545454;0.4;0.0;0.26666666666666666;0.0;0.125;0.5;0.4;0.7058823529411765;0.7058823529411765;0.0;0.5333333333333333;0.0;0.0;0.0;0.0;0.125;0.0;0.4;0.42857142857142855;0.125;0.5333333333333333;0.4444444444444444;0.7;0.6;0.09523809523809523;0.5;0.47058823529411764;0.5333333333333333;0.0;0.0;0.4;0.0;0.375;0.5714285714285714;0.5263157894736842;0.42105263157894735;0.4444444444444444;0.5;0.0;0.625;0.8571428571428571;0.0;0.4;0.0;0.5333333333333333;0.0;0.6666666666666666;0.5714285714285714;0.0;0.5714285714285714;0.631578947368421;0.7142857142857143;0.0;0.0;0.4;0.0;0.5;0.0;0.42105263157894735;0.0;0.0;0.125;0.0;0.4444444444444444;0.125;0.10526315789473684;0.42105263157894735;0.10526315789473684;0.4;0.5;0.4;0.7368421052631579;0.4444444444444444;0.47058823529411764;0.5263157894736842;0.0;0.0;0.47058823529411764;0.6666666666666666;0.0;0.0;0.7058823529411765;0.8235294117647058;0.5263157894736842;0.375;0.0;0.2857142857142857;0.0;0.2857142857142857;0.0;0.0;0.5882352941176471;0.125;0.45454545454545453;0.09523809523809523;0.0;0.1;0.2857142857142857;0.0;0.5333333333333333;0.5333333333333333;0.0;0.0;0.0;0.4444444444444444;0.0;0.0;0.42105263157894735;0.4444444444444444;0.42105263157894735;0.0;0.8235294117647058;0.125;0.7058823529411765;0.0;0.47058823529411764;0.35294117647058826;0.0;0.47058823529411764;0.7142857142857143;0.1111111111111111;0.0;0.0;0.5;0.0
GO:0006958;0.11764705882352941;0.5555555555555556;0.1111111111111111;0.1111111111111111;0.11764705882352941;0.09523809523809523;0.09090909090909091;0.1111111111111111;0.11764705882352941;0.11764705882352941;0.43478260869565216;0.5882352941176471;1.0;0.125;0.1111111111111111;0.11764705882352941;0.2222222222222222;0.1111111111111111;0.125;0.1111111111111111;0.0;0.26666666666666666;0.5;0.5555555555555556;0.1111111111111111;0.125;0.1;0.09523809523809523;0.0;0.13333333333333333;0.125;0.0;0.25;0.0;0.5;0.10526315789473684;0.125;0.0;0.5263157894736842;0.5;0.1111111111111111;0.1111111111111111;0.26666666666666666;0.10526315789473684;0.10526315789473684;0.13333333333333333;0.25;0.11764705882352941;0.1;0.13333333333333333;0.26666666666666666;0.25;0.5263157894736842;0.11764705882352941;0.0;0.125;0.0;0.1111111111111111;0.10526315789473684;0.11764705882352941;0.0;0.13333333333333333;0.11764705882352941;0.0;0.11764705882352941;0.10526315789473684;0.0;0.09523809523809523;0.0;0.1111111111111111;0.11764705882352941;0.11764705882352941;0.0;0.10526315789473684;0.11764705882352941;0.125;0.3333333333333333;0.5263157894736842;0.0;0.25;0.5555555555555556;0.5882352941176471;0.11764705882352941;0.11764705882352941;0.25;0.25;0.25;0.13333333333333333;0.1111111111111111;0.11764705882352941;0.08695652173913043;0.09523809523809523;0.26666666666666666;0.125;0.1111111111111111;0.11764705882352941;0.09523809523809523;0.09523809523809523;0.5555555555555556;0.1111111111111111;0.0;0.625;0.25;0.25;0.42857142857142855;0.6666666666666666;0.11764705882352941;0.26666666666666666;0.125;0.13333333333333333;0.11764705882352941;0.25;0.10526315789473684;0.47619047619047616;0.09523809523809523;0.09090909090909091;0.5882352941176471;0.5555555555555556;0.125;0.25;0.0;0.09523809523809523;0.23529411764705882;0.11764705882352941;0.13333333333333333;0.1;0.1;0.10526315789473684;0.11764705882352941;0.0;0.5882352941176471;0.13333333333333333;0.5;0.125;0.125;0.125;0.26666666666666666;0.45454545454545453;0.09090909090909091;0.47058823529411764;0.13333333333333333;0.1;0.13333333333333333;0.0;0.1111111111111111;0.09523809523809523;0.0;0.5882352941176471;0.0;0.5;0.23529411764705882;0.0;0.11764705882352941;0.0;0.10526315789473684;0.11764705882352941;0.1;0.1;0.1;0.47619047619047616;0.11764705882352941;0.47619047619047616;0.5;0.631578947368421;0.1111111111111111;0.6;0.25;0.11764705882352941;0.1111111111111111;0.125;0.26666666666666666;0.47058823529411764;0.1111111111111111;0.5555555555555556;0.1;0.11764705882352941;0.5555555555555556;0.13333333333333333;0.125;0.13333333333333333;0.0;0.125;0.5555555555555556;0.11764705882352941;0.08695652173913043;0.09090909090909091;0.0;0.19047619047619047;0.09090909090909091;0.25;0.125;0.125;0.125;0.5263157894736842;0.23529411764705882;0.10526315789473684;0.13333333333333333;0.5882352941176471;0.1;0.10526315789473684;0.1;0.25;0.6666666666666666;0.11764705882352941;0.1111111111111111;0.10526315789473684;0.1111111111111111;0.1111111111111111;0.0;0.1111111111111111;0.13333333333333333;0.10526315789473684;0.0;0.11764705882352941;0.11764705882352941;0.0
GO:0032689;0.4;0.375;0.0;0.75;0.6666666666666666;0.3157894736842105;0.3;0.5;0.5333333333333333;0.13333333333333333;0.19047619047619047;0.4;0.125;1.0;0.125;0.5333333333333333;0.5;0.125;0.5714285714285714;0.125;0.0;0.0;0.4444444444444444;0.375;0.125;0.42857142857142855;0.1111111111111111;0.10526315789473684;0.0;0.46153846153846156;0.14285714285714285;0.0;0.0;0.0;0.3333333333333333;0.47058823529411764;0.42857142857142855;0.0;0.35294117647058826;0.0;0.0;0.5;0.0;0.35294117647058826;0.0;0.0;0.0;0.4;0.2222222222222222;0.3076923076923077;0.0;0.0;0.0;0.13333333333333333;0.0;0.2857142857142857;0.0;0.0;0.47058823529411764;0.13333333333333333;0.0;0.15384615384615385;0.0;0.0;0.4;0.0;0.0;0.0;0.0;0.0;0.4;0.4;0.0;0.47058823529411764;0.5333333333333333;0.2857142857142857;0.0;0.0;0.0;0.0;0.375;0.0;0.5333333333333333;0.4;0.0;0.0;0.0;0.0;0.5;0.0;0.38095238095238093;0.21052631578947367;0.0;0.2857142857142857;0.0;0.13333333333333333;0.21052631578947367;0.42105263157894735;0.375;0.5;0.0;0.5714285714285714;0.0;0.0;0.0;0.0;0.13333333333333333;0.0;0.8571428571428571;0.7692307692307693;0.13333333333333333;0.14285714285714285;0.35294117647058826;0.3157894736842105;0.42105263157894735;0.1;0.5333333333333333;0.75;0.8571428571428571;0.0;0.0;0.631578947368421;0.0;0.8;0.15384615384615385;0.3333333333333333;0.5555555555555556;0.35294117647058826;0.5333333333333333;0.0;0.4;0.46153846153846156;0.0;0.8571428571428571;0.0;0.42857142857142855;0.0;0.3;0.4;0.0;0.6153846153846154;0.4444444444444444;0.46153846153846156;0.0;0.0;0.3157894736842105;0.0;0.5333333333333333;0.0;0.4444444444444444;0.0;0.0;0.13333333333333333;0.0;0.47058823529411764;0.13333333333333333;0.1111111111111111;0.4444444444444444;0.1111111111111111;0.42105263157894735;0.4;0.42105263157894735;0.3333333333333333;0.35294117647058826;0.5;0.5555555555555556;0.0;0.0;0.5;0.42857142857142855;0.0;0.0;0.5;0.375;0.4444444444444444;0.5333333333333333;0.0;0.3076923076923077;0.0;0.3076923076923077;0.0;0.0;0.375;0.13333333333333333;0.2857142857142857;0.1;0.0;0.10526315789473684;0.4;0.0;0.7142857142857143;0.14285714285714285;0.0;0.0;0.0;0.47058823529411764;0.0;0.0;0.4444444444444444;0.47058823529411764;0.4444444444444444;0.0;0.375;0.13333333333333333;0.5;0.0;0.625;0.5;0.0;0.375;0.46153846153846156;0.11764705882352941;0.0;0.0;0.5333333333333333;0.0
GO:0048009;0.11764705882352941;0.1111111111111111;0.2222222222222222;0.1111111111111111;0.11764705882352941;0.09523809523809523;0.09090909090909091;0.1111111111111111;0.11764705882352941;0.11764705882352941;0.08695652173913043;0.11764705882352941;0.1111111111111111;0.125;1.0;0.11764705882352941;0.2222222222222222;0.1111111111111111;0.125;0.1111111111111111;0.0;0.26666666666666666;0.1;0.1111111111111111;0.1111111111111111;0.125;0.1;0.09523809523809523;0.2222222222222222;0.13333333333333333;0.125;0.13333333333333333;0.25;0.13333333333333333;0.1;0.10526315789473684;0.125;0.26666666666666666;0.10526315789473684;0.2;0.2222222222222222;0.1111111111111111;0.13333333333333333;0.10526315789473684;0.10526315789473684;0.13333333333333333;0.25;0.11764705882352941;0.1;0.13333333333333333;0.0;0.0;0.21052631578947367;0.11764705882352941;0.11764705882352941;0.125;0.26666666666666666;0.1111111111111111;0.10526315789473684;0.11764705882352941;0.0;0.13333333333333333;0.11764705882352941;0.0;0.11764705882352941;0.10526315789473684;0.125;0.09523809523809523;0.0;0.1111111111111111;0.11764705882352941;0.11764705882352941;0.14285714285714285;0.10526315789473684;0.11764705882352941;0.125;0.0;0.21052631578947367;0.0;0.125;0.1111111111111111;0.23529411764705882;0.11764705882352941;0.11764705882352941;0.0;0.125;0.25;0.26666666666666666;0.1111111111111111;0.23529411764705882;0.08695652173913043;0.09523809523809523;0.26666666666666666;0.125;0.2222222222222222;0.9411764705882353;0.09523809523809523;0.09523809523809523;0.1111111111111111;0.1111111111111111;0.10526315789473684;0.125;0.125;0.125;0.0;0.0;0.11764705882352941;0.26666666666666666;0.125;0.13333333333333333;0.11764705882352941;0.125;0.10526315789473684;0.09523809523809523;0.09523809523809523;0.09090909090909091;0.11764705882352941;0.1111111111111111;0.125;0.0;0.0;0.09523809523809523;0.0;0.11764705882352941;0.13333333333333333;0.1;0.1;0.10526315789473684;0.11764705882352941;0.14285714285714285;0.11764705882352941;0.13333333333333333;0.0;0.125;0.0;0.125;0.26666666666666666;0.09090909090909091;0.09090909090909091;0.0;0.13333333333333333;0.1;0.13333333333333333;0.14285714285714285;0.2222222222222222;0.09523809523809523;0.0;0.11764705882352941;0.13333333333333333;0.1;0.0;0.14285714285714285;0.11764705882352941;0.13333333333333333;0.10526315789473684;0.11764705882352941;0.1;0.1;0.1;0.09523809523809523;0.11764705882352941;0.09523809523809523;0.1;0.10526315789473684;0.1111111111111111;0.1;0.25;0.23529411764705882;0.1111111111111111;0.125;0.0;0.0;0.1111111111111111;0.1111111111111111;0.1;0.11764705882352941;0.2222222222222222;0.13333333333333333;0.0;0.13333333333333333;0.0;0.25;0.1111111111111111;0.11764705882352941;0.08695652173913043;0.09090909090909091;0.125;0.09523809523809523;0.09090909090909091;0.0;0.125;0.125;0.0;0.21052631578947367;0.0;0.10526315789473684;0.0;0.23529411764705882;0.1;0.10526315789473684;0.1;0.25;0.1111111111111111;0.11764705882352941;0.1111111111111111;0.10526315789473684;0.1111111111111111;0.1111111111111111;0.0;0.1111111111111111;0.13333333333333333;0.10526315789473684;0.125;0.11764705882352941;0.11764705882352941;0.0
