;GO:0007094;GO:0006281;GO:0007095;GO:0035563;GO:0007098;GO:0007099;GO:0033262;GO:0046578;GO:1903126;GO:0007019;GO:0000212;GO:0110032;GO:0071373;GO:0000187;GO:0045893;GO:0001701;GO:0044320;GO:0034501;GO:0090502;GO:0090344;GO:0065003;GO:0036120;GO:0014075;GO:0007020;GO:0030261;GO:0007265;GO:0006298;GO:0000226;GO:0000076;GO:0001556;GO:0045143;GO:0000070;GO:0033762;GO:0031100;GO:0032436;GO:2001178;GO:0033129;GO:0071407;GO:0010389;GO:0090435;GO:0007077;GO:0006260;GO:1904355;GO:0008284;GO:0045787;GO:1905448;GO:0046599;GO:0045944;GO:0001890;GO:0048538;GO:0002455;GO:0071392;GO:0071277;GO:0071398;GO:0060707;GO:0051383;GO:0000281;GO:0048146;GO:2000377;GO:0071314;GO:2000775;GO:0014038;GO:0016579;GO:0007088;GO:0090166;GO:0010923;GO:1990314;GO:0001933;GO:0031442;GO:0010800;GO:2000781;GO:0007080;GO:0051315;GO:0090656;GO:0072708;GO:1905342;GO:0007051;GO:0060045;GO:1905341;GO:0007052;GO:1904779;GO:0008543;GO:0046777;GO:0043029;GO:0051445;GO:0043392;GO:0098535;GO:0070365;GO:0071732;GO:0072425;GO:0016572;GO:0071456;GO:0010971;GO:1900182;GO:0007062;GO:0045737;GO:0000706;GO:1901673;GO:0090266;GO:0007344;GO:1904668;GO:0046785;GO:0045736;GO:0071163;GO:0030855;GO:0010629;GO:0051973;GO:0070194;GO:0071283;GO:0071168;GO:0010628;GO:0060718;GO:0031145;GO:0033566;GO:0032873;GO:0055015;GO:0016321;GO:0018105;GO:0032877;GO:0018107;GO:0016567;GO:0090307;GO:0046718;GO:0033160;GO:0030174;GO:0045740;GO:0006468;GO:0000079;GO:0060623;GO:0000122;GO:0006978;GO:0046680;GO:0051225;GO:0045471;GO:0000086;GO:0006977;GO:0000083;GO:0000082;GO:0032465;GO:0034644;GO:0032466;GO:0050658;GO:0070301;GO:0051987;GO:0035335;GO:0051988;GO:0045190;GO:0006351;GO:0045995;GO:0046601;GO:0042246;GO:0007569;GO:1902426;GO:0046602;GO:0001578;GO:0097711;GO:0043066;GO:0032212;GO:0031122;GO:2000105;GO:0030951
GO:0007094;1.0;0.16666666666666666;0.0;0.0;0.0;0.0;0.36363636363636365;0.0;0.0;0.2;0.0;0.42857142857142855;0.0;0.0;0.0;0.0;0.0;0.0;0.0;0.0;0.0;0.0;0.0;0.0;0.125;0.0;0.14285714285714285;0.25;0.2;0.0;0.0;0.0;0.0;0.0;0.0;0.0;0.0;0.16666666666666666;0.5454545454545454;0.0;0.0;0.16666666666666666;0.0;0.0;0.4;0.0;0.0;0.0;0.0;0.0;0.0;0.16666666666666666;0.14285714285714285;0.16666666666666666;0.0;0.2;0.0;0.0;0.0;0.16666666666666666;0.0;0.0;0.0;0.5;0.0;0.0;0.0;0.0;0.0;0.0;0.0;0.0;0.0;0.0;0.0;0.0;0.0;0.0;0.0;0.0;0.0;0.0;0.125;0.0;0.0;0.0;0.0;0.0;0.16666666666666666;0.0;0.0;0.2;0.5;0.0;0.0;0.36363636363636365;0.0;0.45454545454545453;0.5833333333333334;0.0;0.0;0.0;0.5;0.0;0.0;0.0;0.0;0.2;0.125;0.0;0.0;0.0;0.0;0.0;0.0;0.0;0.0;0.125;0.3333333333333333;0.125;0.1111111111111111;0.0;0.0;0.0;0.0;0.0;0.14285714285714285;0.36363636363636365;0.46153846153846156;0.0;0.0;0.0;0.0;0.0;0.0;0.0;0.0;0.0;0.0;0.0;0.5;0.0;0.16666666666666666;0.0;0.125;0.0;0.0;0.0;0.0;0.0;0.0;0.25;0.6;0.45454545454545453;0.2;0.0;0.0;0.0;0.2;0.0;0.2
GO:0006281;0.16666666666666666;1.0;0.5;0.0;0.16666666666666666;0.16666666666666666;0.0;0.0;0.0;0.125;0.16666666666666666;0.0;0.2;0.0;0.0;0.0;0.2222222222222222;0.0;0.4444444444444444;0.0;0.0;0.2222222222222222;0.1111111111111111;0.16666666666666666;0.09090909090909091;0.16666666666666666;0.8333333333333334;0.14285714285714285;0.125;0.16666666666666666;0.16666666666666666;0.16666666666666666;0.1111111111111111;0.0;0.0;0.0;0.0;0.25;0.0;0.0;0.16666666666666666;0.6666666666666666;0.0;0.0;0.0;0.0;0.0;0.0;0.0;0.0;0.125;0.25;0.2222222222222222;0.25;0.0;0.125;0.16666666666666666;0.0;0.0;0.25;0.16666666666666666;0.0;0.3;0.0;0.16666666666666666;0.0;0.2;0.0;0.0;0.0;0.0;0.16666666666666666;0.16666666666666666;0.6666666666666666;0.1111111111111111;0.0;0.16666666666666666;0.0;0.0;0.16666666666666666;0.0;0.16666666666666666;0.3333333333333333;0.0;0.0;0.0;0.16666666666666666;0.0;0.375;0.6666666666666666;0.16666666666666666;0.5;0.0;0.0;0.16666666666666666;0.0;0.6666666666666666;0.0;0.0;0.16666666666666666;0.0;0.0;0.0;0.16666666666666666;0.0;0.0;0.0;0.125;0.2;0.0;0.0;0.0;0.5;0.0;0.0;0.16666666666666666;0.16666666666666666;0.3333333333333333;0.0;0.3333333333333333;0.3;0.16666666666666666;0.0;0.0;0.0;0.0;0.375;0.0;0.0;0.0;0.5;0.125;0.16666666666666666;0.125;0.16666666666666666;0.6666666666666666;0.16666666666666666;0.16666666666666666;0.0;0.2;0.0;0.0;0.375;0.0;0.3333333333333333;0.0;0.0;0.42857142857142855;0.0;0.0;0.0;0.14285714285714285;0.0;0.0;0.125;0.16666666666666666;0.0;0.0;0.125;0.0;0.125
GO:0007095;0.0;0.5;1.0;0.0;0.0;0.0;0.0;0.0;0.0;0.2;0.0;0.5384615384615384;0.0;0.0;0.0;0.0;0.0;0.0;0.0;0.0;0.0;0.0;0.0;0.0;0.125;0.0;0.4444444444444444;0.25;0.42857142857142855;0.0;0.0;0.0;0.0;0.0;0.0;0.0;0.0;0.16666666666666666;0.7;0.0;0.0;0.16666666666666666;0.0;0.0;0.0;0.0;0.0;0.0;0.0;0.0;0.0;0.16666666666666666;0.14285714285714285;0.16666666666666666;0.0;0.2;0.0;0.0;0.0;0.16666666666666666;0.0;0.0;0.0;0.45454545454545453;0.0;0.0;0.0;0.0;0.0;0.0;0.0;0.0;0.0;0.0;0.0;0.0;0.0;0.0;0.0;0.0;0.0;0.0;0.125;0.0;0.0;0.0;0.0;0.0;0.16666666666666666;0.0;0.0;0.2;0.6363636363636364;0.0;0.0;0.0;0.0;0.4166666666666667;0.46153846153846156;0.0;0.0;0.0;0.45454545454545453;0.0;0.0;0.0;0.0;0.2;0.125;0.0;0.0;0.0;0.0;0.0;0.0;0.0;0.0;0.125;0.0;0.125;0.1111111111111111;0.0;0.0;0.0;0.0;0.0;0.14285714285714285;0.0;0.0;0.0;0.0;0.0;0.0;0.0;0.0;0.0;0.0;0.0;0.0;0.0;0.5;0.0;0.16666666666666666;0.0;0.125;0.0;0.0;0.0;0.0;0.0;0.0;0.25;0.5454545454545454;0.4166666666666667;0.2;0.0;0.0;0.0;0.2;0.0;0.2
GO:0035563;0.0;0.0;0.0;1.0;0.0;0.0;0.1;0.09090909090909091;0.0;0.0;0.0;0.09090909090909091;0.0;0.2727272727272727;0.09090909090909091;0.0;0.0;0.0;0.0;0.1111111111111111;0.0;0.0;0.0;0.0;0.0;0.0;0.0;0.0;0.0;0.0;0.0;0.0;0.0;0.0;0.07142857142857142;0.1;0.07142857142857142;0.0;0.09090909090909091;0.0;0.0;0.0;0.1111111111111111;0.1111111111111111;0.1111111111111111;0.09090909090909091;0.1111111111111111;0.08333333333333333;0.0;0.0;0.0;0.0;0.0;0.0;0.0;0.0;0.0;0.1;0.1111111111111111;0.0;0.0;0.0;0.0;0.1;0.0;0.2222222222222222;0.0;0.08333333333333333;0.08333333333333333;0.07142857142857142;0.09090909090909091;0.0;0.0;0.0;0.0;0.1111111111111111;0.0;0.1;0.1111111111111111;0.0;0.1;0.0;0.0;0.0;0.125;0.42857142857142855;0.0;0.0;0.0;0.16666666666666666;0.0;0.0;0.08333333333333333;0.1111111111111111;0.0;0.2727272727272727;0.0;0.09090909090909091;0.08333333333333333;0.0;0.3333333333333333;0.0;0.1;0.0;0.0;0.1;0.375;0.0;0.0;0.0;0.1;0.0;0.0;0.0;0.09090909090909091;0.0;0.0;0.0;0.09090909090909091;0.0;0.0;0.0;0.0;0.08333333333333333;0.08333333333333333;0.09090909090909091;0.0;0.1;0.09090909090909091;0.08333333333333333;0.0;0.0;0.0;0.0;0.0;0.16666666666666666;0.0;0.0;0.1111111111111111;0.0;0.1;0.0;0.0;0.1;0.0;0.1111111111111111;0.0;0.0;0.1111111111111111;0.1;0.0;0.0;0.09090909090909091;0.09090909090909091;0.0;0.0;0.09090909090909091;0.08333333333333333;0.0;0.08333333333333333;0.0
GO:0007098;0.0;0.16666666666666666;0.0;0.0;1.0;0.0;0.0;0.0;0.0;0.4;0.0;0.0;0.0;0.0;0.0;0.0;0.0;0.0;0.0;0.0;0.0;0.0;0.0;0.0;0.25;0.0;0.14285714285714285;0.5;0.2;0.0;0.0;0.0;0.0;0.0;0.0;0.0;0.0;0.16666666666666666;0.0;0.0;0.0;0.16666666666666666;0.0;0.0;0.0;0.0;0.0;0.0;0.0;0.0;0.0;0.16666666666666666;0.14285714285714285;0.16666666666666666;0.0;0.4;0.0;0.0;0.0;0.16666666666666666;0.0;0.0;0.0;0.0;0.0;0.0;0.0;0.0;0.0;0.0;0.0;0.0;0.0;0.0;0.0;0.0;0.0;0.0;0.0;0.0;0.0;0.0;0.125;0.0;0.0;0.0;0.0;0.0;0.16666666666666666;0.0;0.0;0.2;0.0;0.0;0.0;0.0;0.0;0.0;0.0;0.0;0.0;0.0;0.0;0.0;0.0;0.0;0.0;0.4;0.125;0.0;0.0;0.0;0.0;0.0;0.0;0.0;0.0;0.125;0.0;0.125;0.1111111111111111;0.0;0.0;0.0;0.0;0.0;0.14285714285714285;0.0;0.0;0.0;0.0;0.0;0.0;0.0;0.0;0.0;0.0;0.0;0.0;0.0;0.0;0.0;0.16666666666666666;0.0;0.125;0.0;0.0;0.0;0.0;0.0;0.0;0.25;0.0;0.0;0.4;0.0;0.0;0.0;0.4;0.0;0.4
GO:0007099;0.0;0.16666666666666666;0.0;0.0;0.0;1.0;0.0;0.0;0.0;0.4;0.0;0.0;0.0;0.0;0.0;0.0;0.0;0.0;0.0;0.0;0.0;0.0;0.0;0.0;0.375;0.0;0.14285714285714285;0.5;0.2;0.0;0.0;0.0;0.0;0.0;0.0;0.0;0.0;0.16666666666666666;0.0;0.0;0.0;0.16666666666666666;0.0;0.0;0.0;0.0;0.0;0.0;0.0;0.0;0.0;0.16666666666666666;0.14285714285714285;0.16666666666666666;0.0;0.4;0.0;0.0;0.0;0.16666666666666666;0.0;0.0;0.0;0.0;0.0;0.0;0.0;0.0;0.0;0.0;0.0;0.0;0.0;0.0;0.0;0.0;0.0;0.0;0.0;0.0;0.0;0.0;0.125;0.0;0.0;0.0;0.0;0.0;0.16666666666666666;0.0;0.0;0.2;0.0;0.0;0.0;0.0;0.0;0.0;0.0;0.0;0.0;0.0;0.0;0.0;0.0;0.0;0.0;0.4;0.125;0.0;0.0;0.0;0.0;0.0;0.0;0.0;0.0;0.125;0.0;0.125;0.1111111111111111;0.0;0.0;0.0;0.0;0.0;0.14285714285714285;0.0;0.0;0.0;0.0;0.0;0.0;0.0;0.0;0.0;0.0;0.0;0.0;0.0;0.0;0.0;0.16666666666666666;0.0;0.125;0.0;0.0;0.0;0.0;0.0;0.0;0.25;0.0;0.0;0.4;0.0;0.0;0.0;0.4;0.0;0.4
GO:0033262;0.36363636363636365;0.0;0.0;0.1;0.0;0.0;1.0;0.2727272727272727;0.5555555555555556;0.0;0.0;0.5;0.0;0.21428571428571427;0.5454545454545454;0.0;0.0;0.0;0.0;0.375;0.0;0.0;0.0;0.0;0.0;0.0;0.0;0.0;0.4;0.0;0.0;0.0;0.0;0.0;0.2857142857142857;0.3;0.2857142857142857;0.0;0.5555555555555556;0.0;0.0;0.0;0.45454545454545453;0.375;0.5714285714285714;0.3;0.5555555555555556;0.5;0.0;0.0;0.0;0.0;0.0;0.0;0.0;0.0;0.0;0.3333333333333333;0.375;0.0;0.0;0.0;0.0;0.7142857142857143;0.0;0.25;0.0;0.2727272727272727;0.3333333333333333;0.2857142857142857;0.45454545454545453;0.0;0.0;0.0;0.0;0.2222222222222222;0.0;0.3333333333333333;0.2222222222222222;0.0;0.2;0.0;0.0;0.0;0.5714285714285714;0.1;0.0;0.0;0.0;0.5714285714285714;0.0;0.0;0.5;0.2222222222222222;0.0;0.5;0.0;0.625;0.4;0.0;0.08333333333333333;0.0;0.5;0.0;0.0;0.4;0.45454545454545453;0.0;0.0;0.0;0.4;0.0;0.0;0.0;0.3;0.0;0.0;0.0;0.625;0.0;0.0;0.0;0.0;0.16666666666666666;0.7777777777777778;0.6666666666666666;0.0;0.5;0.3;0.5;0.0;0.0;0.0;0.0;0.0;0.7142857142857143;0.5454545454545454;0.0;0.7142857142857143;0.0;0.625;0.0;0.0;0.625;0.0;0.7142857142857143;0.0;0.0;0.2222222222222222;0.5;0.0;0.0;0.625;0.625;0.0;0.0;0.3;0.45454545454545453;0.0;0.7777777777777778;0.0
GO:0046578;0.0;0.0;0.0;0.09090909090909091;0.0;0.0;0.2727272727272727;1.0;0.0;0.0;0.0;0.23076923076923078;0.0;0.45454545454545453;0.23076923076923078;0.0;0.0;0.0;0.0;0.3;0.0;0.0;0.0;0.0;0.0;0.0;0.0;0.0;0.23076923076923078;0.0;0.0;0.0;0.0;0.0;0.2;0.25;0.2;0.0;0.25;0.0;0.0;0.0;0.09090909090909091;0.3;0.3;0.25;0.2;0.21428571428571427;0.0;0.0;0.0;0.0;0.0;0.0;0.0;0.0;0.0;0.2727272727272727;0.3;0.0;0.0;0.0;0.0;0.2727272727272727;0.0;0.08333333333333333;0.0;0.23076923076923078;0.15384615384615385;0.2;0.2727272727272727;0.0;0.0;0.0;0.0;0.2;0.0;0.2727272727272727;0.2;0.0;0.18181818181818182;0.0;0.0;0.0;0.3;0.09090909090909091;0.0;0.0;0.0;0.3333333333333333;0.0;0.0;0.23076923076923078;0.2;0.0;0.2727272727272727;0.0;0.25;0.23076923076923078;0.0;0.07692307692307693;0.0;0.2727272727272727;0.0;0.0;0.18181818181818182;0.23076923076923078;0.0;0.0;0.0;0.18181818181818182;0.0;0.0;0.0;0.5;0.0;0.0;0.0;0.25;0.0;0.0;0.0;0.0;0.15384615384615385;0.21428571428571427;0.25;0.0;0.2727272727272727;0.25;0.21428571428571427;0.0;0.0;0.0;0.0;0.0;0.3333333333333333;0.0;0.0;0.3;0.0;0.2727272727272727;0.0;0.0;0.2727272727272727;0.0;0.3;0.0;0.0;0.2;0.18181818181818182;0.0;0.0;0.25;0.25;0.0;0.0;0.25;0.23076923076923078;0.0;0.23076923076923078;0.0
GO:1903126;0.0;0.0;0.0;0.0;0.0;0.0;0.5555555555555556;0.0;1.0;0.0;0.0;0.4166666666666667;0.0;0.0;0.0;0.0;0.0;0.0;0.0;0.4444444444444444;0.0;0.0;0.0;0.0;0.0;0.0;0.0;0.0;0.0;0.0;0.0;0.0;0.0;0.0;0.0;0.0;0.35714285714285715;0.0;0.45454545454545453;0.0;0.0;0.0;0.0;0.0;0.4444444444444444;0.0;0.6;0.0;0.0;0.0;0.0;0.0;0.0;0.0;0.0;0.0;0.0;0.0;0.0;0.0;0.0;0.0;0.0;0.5555555555555556;0.0;0.0;0.0;0.3333333333333333;0.0;0.0;0.0;0.0;0.0;0.0;0.0;0.0;0.0;0.0;0.0;0.0;0.0;0.0;0.0;0.0;0.0;0.0;0.0;0.0;0.0;0.0;0.0;0.0;0.4166666666666667;0.0;0.0;0.4;0.0;0.5;0.3333333333333333;0.0;0.0;0.0;0.5555555555555556;0.0;0.0;0.0;0.0;0.0;0.0;0.0;0.0;0.0;0.0;0.0;0.0;0.0;0.0;0.0;0.5;0.0;0.0;0.0;0.0;0.0;0.0;0.0;0.0;0.4;0.45454545454545453;0.0;0.0;0.0;0.0;0.0;0.0;0.0;0.0;0.0;0.5555555555555556;0.0;0.6666666666666666;0.0;0.0;0.5;0.0;0.5555555555555556;0.0;0.0;0.0;0.5454545454545454;0.0;0.0;0.6666666666666666;0.6666666666666666;0.0;0.0;0.36363636363636365;0.0;0.0;0.0;0.0
GO:0007019;0.2;0.125;0.2;0.0;0.4;0.4;0.0;0.0;0.0;1.0;0.42857142857142855;0.0;0.1;0.0;0.0;0.0;0.1111111111111111;0.0;0.09090909090909091;0.0;0.3333333333333333;0.0;0.0;0.5;0.2222222222222222;0.2;0.1111111111111111;0.6;0.14285714285714285;0.2;0.2;0.4;0.0;0.0;0.0;0.0;0.0;0.125;0.0;0.0;0.4;0.125;0.0;0.0;0.0;0.0;0.0;0.0;0.0;0.0;0.0;0.125;0.1111111111111111;0.125;0.0;0.3333333333333333;0.2;0.0;0.0;0.125;0.4;0.0;0.0;0.0;0.4;0.0;0.1;0.0;0.0;0.0;0.0;0.2;0.2;0.4;0.0;0.0;0.5;0.0;0.0;0.42857142857142855;0.0;0.2;0.1;0.0;0.0;0.0;0.4;0.0;0.125;0.2;0.4;0.14285714285714285;0.0;0.0;0.4;0.0;0.2;0.0;0.0;0.4;0.0;0.6666666666666666;0.0;0.2;0.0;0.0;0.0;0.3333333333333333;0.1;0.0;0.0;0.0;0.2;0.0;0.0;0.2;0.2;0.1;0.0;0.1;0.09090909090909091;0.4;0.0;0.0;0.0;0.0;0.1111111111111111;0.0;0.0;0.0;0.2;0.0;0.42857142857142855;0.0;0.2;0.2;0.2;0.2;0.0;0.1;0.0;0.0;0.125;0.0;0.1;0.0;0.0;0.0;0.0;0.0;0.0;0.16666666666666666;0.0;0.0;0.5;0.2;0.0;0.0;0.6;0.0;0.5
GO:0000212;0.0;0.16666666666666666;0.0;0.0;0.0;0.0;0.0;0.0;0.0;0.42857142857142855;1.0;0.0;0.0;0.0;0.0;0.0;0.0;0.0;0.0;0.0;0.0;0.0;0.0;0.0;0.125;0.0;0.14285714285714285;0.6;0.2;0.0;0.0;0.0;0.0;0.0;0.0;0.0;0.0;0.16666666666666666;0.0;0.0;0.0;0.16666666666666666;0.0;0.0;0.0;0.0;0.0;0.0;0.0;0.0;0.0;0.16666666666666666;0.14285714285714285;0.16666666666666666;0.0;0.2;0.0;0.0;0.0;0.16666666666666666;0.0;0.0;0.0;0.0;0.0;0.0;0.0;0.0;0.0;0.0;0.0;0.0;0.0;0.0;0.0;0.0;0.5;0.0;0.0;0.0;0.0;0.0;0.125;0.0;0.0;0.0;0.0;0.0;0.16666666666666666;0.0;0.0;0.2;0.0;0.0;0.0;0.0;0.0;0.0;0.0;0.0;0.0;0.0;0.0;0.0;0.0;0.0;0.0;0.2;0.125;0.0;0.0;0.0;0.0;0.0;0.0;0.0;0.0;0.125;0.0;0.125;0.1111111111111111;0.0;0.0;0.0;0.0;0.0;0.14285714285714285;0.0;0.0;0.0;0.0;0.0;0.0;0.0;0.0;0.0;0.0;0.0;0.0;0.0;0.0;0.0;0.16666666666666666;0.0;0.125;0.0;0.0;0.0;0.0;0.0;0.0;0.25;0.0;0.0;0.5;0.0;0.0;0.0;0.5;0.0;0.5
GO:0110032;0.42857142857142855;0.0;0.5384615384615384;0.09090909090909091;0.0;0.0;0.5;0.23076923076923078;0.4166666666666667;0.0;0.0;1.0;0.0;0.26666666666666666;0.2727272727272727;0.0;0.0;0.0;0.0;0.3;0.0;0.0;0.0;0.0;0.0;0.0;0.0;0.0;0.3333333333333333;0.0;0.0;0.0;0.0;0.0;0.2857142857142857;0.3;0.2857142857142857;0.0;0.7;0.0;0.0;0.0;0.25;0.4444444444444444;0.625;0.36363636363636365;0.4166666666666667;0.25;0.0;0.0;0.0;0.0;0.0;0.0;0.0;0.0;0.0;0.4;0.3;0.0;0.0;0.0;0.0;0.5;0.0;0.08333333333333333;0.0;0.23076923076923078;0.25;0.2857142857142857;0.36363636363636365;0.0;0.0;0.0;0.0;0.3333333333333333;0.0;0.4;0.2;0.0;0.18181818181818182;0.0;0.0;0.0;0.5714285714285714;0.09090909090909091;0.0;0.0;0.0;0.6363636363636364;0.0;0.0;0.8;0.3333333333333333;0.0;0.5555555555555556;0.0;0.45454545454545453;0.46153846153846156;0.0;0.26666666666666666;0.0;0.4;0.0;0.0;0.18181818181818182;0.3333333333333333;0.0;0.0;0.0;0.3;0.0;0.0;0.0;0.25;0.0;0.0;0.0;0.6;0.0;0.0;0.0;0.0;0.25;0.21428571428571427;0.36363636363636365;0.0;0.4;0.25;0.21428571428571427;0.0;0.0;0.0;0.0;0.0;0.6;0.0;0.0;0.5;0.0;0.45454545454545453;0.0;0.0;0.6;0.0;0.5;0.0;0.0;0.2;0.5;0.0;0.0;0.5833333333333334;0.45454545454545453;0.0;0.0;0.25;0.3333333333333333;0.0;0.3333333333333333;0.0
GO:0071373;0.0;0.2;0.0;0.0;0.0;0.0;0.0;0.0;0.0;0.1;0.0;0.0;1.0;0.0;0.0;0.0;0.5714285714285714;0.0;0.0;0.0;0.0;0.42857142857142855;0.4444444444444444;0.0;0.07692307692307693;0.0;0.18181818181818182;0.1111111111111111;0.1;0.0;0.0;0.0;0.5714285714285714;0.0;0.0;0.0;0.0;0.5;0.0;0.0;0.0;0.09090909090909091;0.0;0.0;0.0;0.0;0.0;0.0;0.0;0.0;0.1111111111111111;0.5714285714285714;0.3;0.5;0.0;0.1;0.0;0.0;0.0;0.5;0.0;0.0;0.0;0.0;0.0;0.0;0.7142857142857143;0.0;0.0;0.0;0.0;0.0;0.0;0.0;0.3333333333333333;0.0;0.0;0.0;0.0;0.0;0.0;0.0;0.07692307692307693;0.0;0.0;0.0;0.0;0.0;0.4444444444444444;0.14285714285714285;0.0;0.3;0.0;0.0;0.0;0.0;0.0;0.0;0.0;0.0;0.0;0.0;0.0;0.0;0.0;0.0;0.0;0.1;0.2727272727272727;0.0;0.0;0.0;0.0;0.0;0.0;0.0;0.0;0.07692307692307693;0.0;0.07692307692307693;0.07142857142857142;0.0;0.0;0.0;0.0;0.0;0.08333333333333333;0.0;0.0;0.0;0.14285714285714285;0.3333333333333333;0.0;0.3333333333333333;0.0;0.14285714285714285;0.0;0.0;0.0;0.09090909090909091;0.0;0.0;0.4444444444444444;0.0;0.07692307692307693;0.0;0.0;0.0;0.0;0.0;0.0;0.1111111111111111;0.0;0.0;0.1;0.0;0.0;0.0;0.1;0.0;0.1
GO:0000187;0.0;0.0;0.0;0.2727272727272727;0.0;0.0;0.21428571428571427;0.45454545454545453;0.0;0.0;0.0;0.26666666666666666;0.0;1.0;0.35714285714285715;0.0;0.0;0.0;0.0;0.23076923076923078;0.0;0.0;0.0;0.0;0.0;0.0;0.0;0.0;0.1875;0.0;0.0;0.0;0.0;0.0;0.4;0.2857142857142857;0.6666666666666666;0.0;0.2;0.0;0.0;0.0;0.3333333333333333;0.3333333333333333;0.3333333333333333;0.5714285714285714;0.2;0.3333333333333333;0.0;0.0;0.0;0.0;0.0;0.0;0.0;0.0;0.0;0.3076923076923077;0.3076923076923077;0.0;0.0;0.0;0.0;0.21428571428571427;0.0;0.25;0.0;0.5833333333333334;0.3333333333333333;0.6666666666666666;0.3333333333333333;0.0;0.0;0.0;0.0;0.23076923076923078;0.0;0.3076923076923077;0.07692307692307693;0.0;0.07142857142857142;0.0;0.0;0.0;0.23076923076923078;0.16666666666666666;0.0;0.0;0.0;0.25;0.0;0.0;0.26666666666666666;0.23076923076923078;0.0;0.7272727272727273;0.0;0.2;0.1875;0.0;0.45454545454545453;0.0;0.5833333333333334;0.0;0.0;0.2857142857142857;0.5;0.0;0.0;0.0;0.38461538461538464;0.0;0.0;0.0;0.5454545454545454;0.0;0.0;0.0;0.2857142857142857;0.0;0.0;0.0;0.0;0.1875;0.25;0.35714285714285715;0.0;0.6363636363636364;0.2;0.25;0.0;0.0;0.0;0.0;0.0;0.25;0.0;0.0;0.23076923076923078;0.0;0.21428571428571427;0.0;0.0;0.3076923076923077;0.0;0.23076923076923078;0.0;0.0;0.07692307692307693;0.21428571428571427;0.0;0.0;0.26666666666666666;0.2;0.0;0.0;0.2;0.3333333333333333;0.0;0.3333333333333333;0.0
GO:0045893;0.0;0.0;0.0;0.09090909090909091;0.0;0.0;0.5454545454545454;0.23076923076923078;0.0;0.0;0.0;0.2727272727272727;0.0;0.35714285714285715;1.0;0.0;0.0;0.0;0.0;0.3;0.0;0.0;0.0;0.0;0.0;0.0;0.0;0.0;0.23076923076923078;0.0;0.0;0.0;0.0;0.0;0.38461538461538464;0.3;0.4166666666666667;0.0;0.25;0.0;0.0;0.0;0.5;0.3333333333333333;0.3333333333333333;0.4;0.2;0.875;0.0;0.0;0.0;0.0;0.0;0.0;0.0;0.0;0.0;0.3;0.4444444444444444;0.0;0.0;0.0;0.0;0.2727272727272727;0.0;0.3076923076923077;0.0;0.3333333333333333;0.6666666666666666;0.4166666666666667;0.5;0.0;0.0;0.0;0.0;0.3333333333333333;0.0;0.3;0.2;0.0;0.18181818181818182;0.0;0.0;0.0;0.3;0.09090909090909091;0.0;0.0;0.0;0.3333333333333333;0.0;0.0;0.25;0.3333333333333333;0.0;0.3;0.0;0.25;0.23076923076923078;0.0;0.35714285714285715;0.0;0.2727272727272727;0.0;0.0;0.625;0.5454545454545454;0.0;0.0;0.0;0.8571428571428571;0.0;0.0;0.0;0.25;0.0;0.0;0.0;0.5;0.0;0.0;0.0;0.0;0.25;0.5454545454545454;0.6;0.0;0.2727272727272727;0.25;0.6666666666666666;0.0;0.0;0.0;0.0;0.0;0.3333333333333333;0.75;0.0;0.3;0.0;0.2727272727272727;0.0;0.0;0.3;0.0;0.3;0.0;0.0;0.2;0.3;0.0;0.0;0.25;0.25;0.0;0.0;0.25;0.5454545454545454;0.0;0.5454545454545454;0.0
GO:0001701;0.0;0.0;0.0;0.0;0.0;0.0;0.0;0.0;0.0;0.0;0.0;0.0;0.0;0.0;0.0;1.0;0.0;0.0;0.0;0.0;0.0;0.0;0.0;0.0;0.0;0.0;0.0;0.0;0.0;0.0;0.0;0.0;0.0;0.25;0.0;0.0;0.0;0.0;0.0;0.0;0.0;0.0;0.0;0.0;0.0;0.0;0.0;0.0;0.25;0.25;0.0;0.0;0.0;0.0;0.0;0.0;0.0;0.0;0.0;0.0;0.0;0.0;0.0;0.0;0.0;0.0;0.0;0.0;0.0;0.0;0.0;0.0;0.0;0.0;0.0;0.0;0.0;0.0;0.0;0.0;0.0;0.0;0.0;0.0;0.0;0.0;0.0;0.0;0.0;0.0;0.0;0.0;0.0;0.0;0.0;0.0;0.0;0.0;0.0;0.0;0.0;0.0;0.0;0.0;0.0;0.0;0.0;0.0;0.0;0.0;0.0;0.0;0.0;0.0;0.0;0.25;0.0;0.0;0.0;0.0;0.0;0.0;0.0;0.0;0.0;0.0;0.0;0.0;0.0;0.0;0.0;0.0;0.0;0.0;0.0;0.0;0.0;0.0;0.0;0.0;0.0;0.0;0.0;0.0;0.0;0.0;0.0;0.0;0.0;0.0;0.0;0.1111111111111111;0.0;0.0;0.0;0.0;0.0;0.0;0.0;0.0;0.0
GO:0044320;0.0;0.2222222222222222;0.0;0.0;0.0;0.0;0.0;0.0;0.0;0.1111111111111111;0.0;0.0;0.5714285714285714;0.0;0.0;0.0;1.0;0.0;0.0;0.0;0.0;0.5;0.375;0.0;0.08333333333333333;0.0;0.2;0.125;0.1111111111111111;0.0;0.0;0.0;0.42857142857142855;0.0;0.0;0.0;0.0;0.5714285714285714;0.0;0.0;0.0;0.1;0.0;0.0;0.0;0.0;0.0;0.0;0.0;0.0;0.125;0.6666666666666666;0.3333333333333333;0.5;0.0;0.1111111111111111;0.0;0.0;0.0;0.5;0.0;0.0;0.0;0.0;0.0;0.0;0.5714285714285714;0.0;0.0;0.0;0.0;0.0;0.0;0.0;0.375;0.0;0.0;0.0;0.0;0.0;0.0;0.0;0.08333333333333333;0.0;0.0;0.0;0.0;0.0;0.375;0.2857142857142857;0.0;0.25;0.0;0.0;0.0;0.0;0.0;0.0;0.0;0.0;0.0;0.0;0.0;0.0;0.0;0.0;0.0;0.1111111111111111;0.3;0.0;0.0;0.0;0.0;0.0;0.0;0.0;0.0;0.08333333333333333;0.0;0.08333333333333333;0.07692307692307693;0.0;0.0;0.0;0.0;0.0;0.09090909090909091;0.0;0.0;0.0;0.2857142857142857;0.375;0.0;0.375;0.0;0.2857142857142857;0.0;0.0;0.0;0.18181818181818182;0.0;0.0;0.375;0.0;0.08333333333333333;0.0;0.0;0.0;0.0;0.0;0.0;0.125;0.0;0.0;0.1111111111111111;0.0;0.0;0.0;0.1111111111111111;0.0;0.1111111111111111
GO:0034501;0.0;0.0;0.0;0.0;0.0;0.0;0.0;0.0;0.0;0.0;0.0;0.0;0.0;0.0;0.0;0.0;0.0;1.0;0.0;0.0;0.0;0.0;0.0;0.0;0.0;0.0;0.0;0.0;0.0;0.0;0.0;0.0;0.0;0.0;0.0;0.0;0.0;0.0;0.0;0.5;0.0;0.0;0.0;0.0;0.0;0.0;0.0;0.0;0.0;0.0;0.0;0.0;0.0;0.0;0.0;0.0;0.0;0.0;0.0;0.0;0.0;0.0;0.0;0.0;0.0;0.0;0.0;0.0;0.0;0.0;0.0;0.2222222222222222;0.0;0.0;0.0;0.0;0.0;0.0;0.0;0.0;0.0;0.0;0.0;0.0;0.0;0.0;0.0;0.0;0.0;0.0;0.0;0.0;0.0;0.0;0.0;0.0;0.0;0.0;0.0;0.0;0.0;0.0;0.0;0.0;0.0;0.0;0.0;0.0;0.0;0.6666666666666666;0.0;0.0;0.0;0.4;0.0;0.0;0.0;0.0;0.0;0.0;0.0;0.0;0.0;0.0;0.0;0.0;0.0;0.0;0.0;0.0;0.0;0.0;0.0;0.0;0.0;0.0;0.0;0.0;0.0;0.0;0.0;0.1111111111111111;0.0;0.0;0.0;0.0;0.0;0.0;0.0;0.0;0.0;0.0;0.0;0.0;0.0;0.0;0.0;0.0;0.0;0.0;0.0
GO:0090502;0.0;0.4444444444444444;0.0;0.0;0.0;0.0;0.0;0.0;0.0;0.09090909090909091;0.0;0.0;0.0;0.0;0.0;0.0;0.0;0.0;1.0;0.0;0.0;0.0;0.0;0.0;0.07142857142857142;0.0;0.4;0.1;0.09090909090909091;0.0;0.0;0.0;0.0;0.0;0.0;0.0;0.0;0.08333333333333333;0.0;0.0;0.0;0.4444444444444444;0.0;0.0;0.0;0.0;0.0;0.0;0.0;0.0;0.0;0.08333333333333333;0.07692307692307693;0.08333333333333333;0.0;0.09090909090909091;0.0;0.0;0.0;0.08333333333333333;0.0;0.0;0.2727272727272727;0.0;0.0;0.0;0.0;0.0;0.0;0.0;0.0;0.0;0.0;0.5;0.0;0.0;0.0;0.0;0.0;0.0;0.0;0.0;0.25;0.0;0.0;0.0;0.0;0.0;0.08333333333333333;0.0;0.0;0.09090909090909091;0.0;0.0;0.0;0.0;0.5;0.0;0.0;0.0;0.0;0.0;0.0;0.0;0.0;0.0;0.0;0.09090909090909091;0.07142857142857142;0.0;0.0;0.0;0.375;0.0;0.0;0.0;0.0;0.25;0.0;0.25;0.23076923076923078;0.0;0.0;0.0;0.0;0.0;0.2727272727272727;0.0;0.0;0.0;0.0;0.0;0.0;0.0;0.0;0.0;0.0;0.0;0.0;0.0;0.0;0.0;0.08333333333333333;0.0;0.25;0.0;0.0;0.375;0.0;0.0;0.0;0.1;0.0;0.0;0.09090909090909091;0.0;0.0;0.0;0.09090909090909091;0.0;0.09090909090909091
GO:0090344;0.0;0.0;0.0;0.1111111111111111;0.0;0.0;0.375;0.3;0.4444444444444444;0.0;0.0;0.3;0.0;0.23076923076923078;0.3;0.0;0.0;0.0;0.0;1.0;0.0;0.0;0.0;0.0;0.0;0.0;0.0;0.0;0.4444444444444444;0.0;0.0;0.0;0.0;0.0;0.25;0.3333333333333333;0.25;0.0;0.3333333333333333;0.0;0.0;0.0;0.1111111111111111;0.42857142857142855;0.42857142857142855;0.3333333333333333;0.3333333333333333;0.2727272727272727;0.0;0.0;0.0;0.0;0.0;0.0;0.0;0.0;0.0;0.375;0.42857142857142855;0.0;0.0;0.0;0.0;0.375;0.0;0.4;0.0;0.4444444444444444;0.25;0.25;0.3333333333333333;0.0;0.0;0.0;0.0;0.25;0.0;0.375;0.42857142857142855;0.0;0.2222222222222222;0.0;0.0;0.0;0.42857142857142855;0.1111111111111111;0.0;0.0;0.0;0.6666666666666666;0.0;0.0;0.3;0.25;0.0;0.375;0.0;0.3333333333333333;0.3;0.0;0.09090909090909091;0.0;0.5714285714285714;0.0;0.0;0.375;0.3;0.0;0.0;0.0;0.2222222222222222;0.0;0.0;0.0;0.3333333333333333;0.0;0.0;0.0;0.3333333333333333;0.0;0.0;0.0;0.0;0.18181818181818182;0.2727272727272727;0.3333333333333333;0.0;0.375;0.3333333333333333;0.4;0.0;0.0;0.0;0.0;0.0;0.6666666666666666;0.0;0.0;0.42857142857142855;0.0;0.5714285714285714;0.0;0.0;0.375;0.0;0.42857142857142855;0.0;0.0;0.42857142857142855;0.3;0.0;0.0;0.5;0.3333333333333333;0.0;0.0;0.5;0.3;0.0;0.3;0.0
GO:0065003;0.0;0.0;0.0;0.0;0.0;0.0;0.0;0.0;0.0;0.3333333333333333;0.0;0.0;0.0;0.0;0.0;0.0;0.0;0.0;0.0;0.0;1.0;0.0;0.0;0.0;0.2222222222222222;0.0;0.0;0.0;0.0;0.0;0.0;0.0;0.0;0.0;0.0;0.0;0.0;0.0;0.0;0.0;0.0;0.0;0.0;0.0;0.0;0.0;0.0;0.0;0.0;0.0;0.0;0.0;0.0;0.0;0.0;0.6;0.0;0.0;0.0;0.0;0.0;0.0;0.0;0.0;0.0;0.0;0.0;0.0;0.0;0.0;0.0;0.0;0.0;0.0;0.0;0.0;0.0;0.0;0.0;0.0;0.0;0.0;0.0;0.0;0.0;0.0;0.0;0.0;0.0;0.0;0.0;0.0;0.0;0.0;0.0;0.0;0.0;0.0;0.0;0.0;0.0;0.0;0.0;0.0;0.0;0.0;0.0;0.3333333333333333;0.0;0.0;0.0;0.0;0.0;0.0;0.0;0.0;0.0;0.0;0.0;0.0;0.0;0.0;0.0;0.0;0.0;0.0;0.0;0.0;0.0;0.0;0.0;0.0;0.0;0.0;0.0;0.0;0.0;0.0;0.0;0.0;0.0;0.0;0.0;0.0;0.0;0.0;0.0;0.0;0.0;0.0;0.0;0.0;0.0;0.0;0.0;0.0;0.0;0.0;0.3333333333333333;0.0;0.0
GO:0036120;0.0;0.2222222222222222;0.0;0.0;0.0;0.0;0.0;0.0;0.0;0.0;0.0;0.0;0.42857142857142855;0.0;0.0;0.0;0.5;0.0;0.0;0.0;0.0;1.0;0.375;0.0;0.0;0.0;0.2;0.0;0.0;0.0;0.0;0.0;0.2857142857142857;0.0;0.0;0.0;0.0;0.5714285714285714;0.0;0.0;0.0;0.0;0.0;0.0;0.0;0.0;0.0;0.0;0.0;0.0;0.14285714285714285;0.5;0.3333333333333333;0.5;0.0;0.0;0.0;0.0;0.0;0.5;0.0;0.0;0.0;0.0;0.0;0.0;0.42857142857142855;0.0;0.0;0.0;0.0;0.0;0.0;0.0;0.375;0.0;0.0;0.0;0.0;0.0;0.0;0.0;0.0;0.0;0.0;0.0;0.0;0.0;0.375;0.2;0.0;0.25;0.0;0.0;0.0;0.0;0.0;0.0;0.0;0.0;0.0;0.0;0.0;0.0;0.0;0.0;0.0;0.0;0.3;0.0;0.0;0.0;0.0;0.0;0.0;0.0;0.0;0.0;0.0;0.0;0.0;0.0;0.0;0.0;0.0;0.0;0.0;0.0;0.0;0.0;0.2;0.375;0.0;0.375;0.0;0.2;0.0;0.0;0.0;0.1111111111111111;0.0;0.0;0.375;0.0;0.0;0.0;0.0;0.0;0.0;0.0;0.0;0.0;0.0;0.0;0.0;0.0;0.0;0.0;0.0;0.0;0.0
GO:0014075;0.0;0.1111111111111111;0.0;0.0;0.0;0.0;0.0;0.0;0.0;0.0;0.0;0.0;0.4444444444444444;0.0;0.0;0.0;0.375;0.0;0.0;0.0;0.0;0.375;1.0;0.0;0.0;0.0;0.1;0.0;0.0;0.0;0.0;0.0;0.5;0.0;0.0;0.0;0.0;0.42857142857142855;0.0;0.0;0.0;0.0;0.0;0.0;0.0;0.0;0.0;0.0;0.0;0.0;0.125;0.375;0.2222222222222222;0.375;0.0;0.0;0.0;0.0;0.0;0.5;0.0;0.0;0.0;0.0;0.0;0.0;0.4444444444444444;0.0;0.0;0.0;0.0;0.0;0.0;0.0;0.42857142857142855;0.0;0.0;0.0;0.0;0.0;0.0;0.0;0.0;0.0;0.0;0.0;0.0;0.0;0.42857142857142855;0.16666666666666666;0.0;0.2222222222222222;0.0;0.0;0.0;0.0;0.0;0.0;0.0;0.0;0.0;0.0;0.0;0.0;0.0;0.0;0.0;0.0;0.2;0.0;0.0;0.0;0.0;0.0;0.0;0.0;0.0;0.0;0.0;0.0;0.0;0.0;0.0;0.0;0.0;0.0;0.0;0.0;0.0;0.0;0.16666666666666666;0.42857142857142855;0.0;0.42857142857142855;0.0;0.16666666666666666;0.0;0.0;0.0;0.1;0.0;0.0;0.25;0.0;0.0;0.0;0.0;0.0;0.0;0.0;0.0;0.0;0.0;0.0;0.0;0.0;0.0;0.0;0.0;0.0;0.0
GO:0007020;0.0;0.16666666666666666;0.0;0.0;0.0;0.0;0.0;0.0;0.0;0.5;0.0;0.0;0.0;0.0;0.0;0.0;0.0;0.0;0.0;0.0;0.0;0.0;0.0;1.0;0.375;0.0;0.14285714285714285;0.75;0.2;0.0;0.0;0.0;0.0;0.0;0.0;0.0;0.0;0.16666666666666666;0.0;0.0;0.0;0.16666666666666666;0.0;0.0;0.0;0.0;0.0;0.0;0.0;0.0;0.0;0.16666666666666666;0.14285714285714285;0.16666666666666666;0.0;0.4;0.0;0.0;0.0;0.16666666666666666;0.0;0.0;0.0;0.0;0.0;0.0;0.0;0.0;0.0;0.0;0.0;0.0;0.0;0.0;0.0;0.0;0.0;0.0;0.0;0.0;0.0;0.0;0.125;0.0;0.0;0.0;0.0;0.0;0.16666666666666666;0.0;0.0;0.2;0.0;0.0;0.0;0.0;0.0;0.0;0.0;0.0;0.0;0.0;0.0;0.0;0.0;0.0;0.0;0.4;0.125;0.0;0.0;0.0;0.0;0.0;0.0;0.0;0.0;0.125;0.0;0.125;0.1111111111111111;0.0;0.0;0.0;0.0;0.0;0.14285714285714285;0.0;0.0;0.0;0.0;0.0;0.0;0.0;0.0;0.0;0.0;0.0;0.0;0.0;0.0;0.0;0.16666666666666666;0.0;0.125;0.0;0.0;0.0;0.0;0.0;0.0;0.25;0.0;0.0;0.6;0.0;0.0;0.0;0.6;0.0;0.6
GO:0030261;0.125;0.09090909090909091;0.125;0.0;0.25;0.375;0.0;0.0;0.0;0.2222222222222222;0.125;0.0;0.07692307692307693;0.0;0.0;0.0;0.08333333333333333;0.0;0.07142857142857142;0.0;0.2222222222222222;0.0;0.0;0.375;1.0;0.125;0.08333333333333333;0.3333333333333333;0.1;0.125;0.125;0.4444444444444444;0.0;0.0;0.0;0.0;0.0;0.09090909090909091;0.0;0.0;0.25;0.09090909090909091;0.0;0.0;0.0;0.0;0.0;0.0;0.0;0.0;0.0;0.09090909090909091;0.08333333333333333;0.09090909090909091;0.0;0.5;0.125;0.0;0.0;0.09090909090909091;0.25;0.0;0.0;0.0;0.375;0.0;0.07692307692307693;0.0;0.0;0.0;0.0;0.125;0.125;0.25;0.0;0.0;0.3;0.0;0.0;0.125;0.0;0.125;0.07692307692307693;0.0;0.0;0.0;0.375;0.0;0.09090909090909091;0.125;0.25;0.1;0.0;0.0;0.5;0.0;0.125;0.0;0.0;0.375;0.0;0.2222222222222222;0.0;0.125;0.0;0.0;0.0;0.4444444444444444;0.07692307692307693;0.0;0.0;0.0;0.125;0.0;0.0;0.125;0.125;0.07692307692307693;0.0;0.07692307692307693;0.07142857142857142;0.375;0.0;0.0;0.0;0.0;0.08333333333333333;0.0;0.0;0.0;0.125;0.0;0.3333333333333333;0.0;0.125;0.125;0.125;0.125;0.0;0.07692307692307693;0.0;0.0;0.09090909090909091;0.0;0.07692307692307693;0.0;0.0;0.0;0.0;0.0;0.0;0.1111111111111111;0.0;0.0;0.3;0.125;0.0;0.0;0.2222222222222222;0.0;0.3
GO:0007265;0.0;0.16666666666666666;0.0;0.0;0.0;0.0;0.0;0.0;0.0;0.2;0.0;0.0;0.0;0.0;0.0;0.0;0.0;0.0;0.0;0.0;0.0;0.0;0.0;0.0;0.125;1.0;0.14285714285714285;0.25;0.2;0.0;0.0;0.0;0.0;0.0;0.0;0.0;0.0;0.16666666666666666;0.0;0.0;0.0;0.16666666666666666;0.0;0.0;0.0;0.0;0.0;0.0;0.0;0.0;0.0;0.16666666666666666;0.14285714285714285;0.16666666666666666;0.0;0.2;0.0;0.0;0.0;0.16666666666666666;0.0;0.0;0.0;0.0;0.0;0.0;0.0;0.0;0.0;0.0;0.0;0.0;0.0;0.0;0.0;0.0;0.0;0.0;0.0;0.0;0.0;0.0;0.125;0.0;0.0;0.0;0.0;0.0;0.16666666666666666;0.0;0.0;0.2;0.0;0.0;0.0;0.0;0.0;0.0;0.0;0.0;0.0;0.0;0.0;0.0;0.0;0.0;0.0;0.2;0.125;0.0;0.0;0.0;0.0;0.0;0.0;0.0;0.0;0.125;0.0;0.125;0.1111111111111111;0.0;0.0;0.0;0.0;0.0;0.14285714285714285;0.0;0.0;0.0;0.0;0.0;0.0;0.0;0.0;0.0;0.0;0.0;0.0;0.0;0.0;0.0;0.16666666666666666;0.0;0.125;0.0;0.0;0.0;0.0;0.0;0.0;0.25;0.0;0.0;0.2;0.0;0.0;0.0;0.2;0.0;0.2
GO:0006298;0.14285714285714285;0.8333333333333334;0.4444444444444444;0.0;0.14285714285714285;0.14285714285714285;0.0;0.0;0.0;0.1111111111111111;0.14285714285714285;0.0;0.18181818181818182;0.0;0.0;0.0;0.2;0.0;0.4;0.0;0.0;0.2;0.1;0.14285714285714285;0.08333333333333333;0.14285714285714285;1.0;0.125;0.1111111111111111;0.14285714285714285;0.14285714285714285;0.14285714285714285;0.1;0.0;0.0;0.0;0.0;0.2222222222222222;0.0;0.0;0.14285714285714285;0.5714285714285714;0.0;0.0;0.0;0.0;0.0;0.0;0.0;0.0;0.1111111111111111;0.2222222222222222;0.2;0.2222222222222222;0.0;0.1111111111111111;0.14285714285714285;0.0;0.0;0.2222222222222222;0.14285714285714285;0.0;0.2727272727272727;0.0;0.14285714285714285;0.0;0.18181818181818182;0.0;0.0;0.0;0.0;0.14285714285714285;0.14285714285714285;0.5714285714285714;0.1;0.0;0.14285714285714285;0.0;0.0;0.14285714285714285;0.0;0.14285714285714285;0.3;0.0;0.0;0.0;0.14285714285714285;0.0;0.3333333333333333;0.5714285714285714;0.14285714285714285;0.42857142857142855;0.0;0.0;0.14285714285714285;0.0;0.5714285714285714;0.0;0.0;0.14285714285714285;0.0;0.0;0.0;0.14285714285714285;0.0;0.0;0.0;0.1111111111111111;0.18181818181818182;0.0;0.0;0.0;0.42857142857142855;0.0;0.0;0.14285714285714285;0.14285714285714285;0.3;0.0;0.3;0.2727272727272727;0.14285714285714285;0.0;0.0;0.0;0.0;0.3333333333333333;0.0;0.0;0.0;0.4444444444444444;0.1111111111111111;0.14285714285714285;0.1111111111111111;0.14285714285714285;0.5714285714285714;0.14285714285714285;0.14285714285714285;0.0;0.18181818181818182;0.0;0.0;0.3333333333333333;0.0;0.3;0.0;0.0;0.375;0.0;0.0;0.0;0.125;0.0;0.0;0.1111111111111111;0.14285714285714285;0.0;0.0;0.1111111111111111;0.0;0.1111111111111111
GO:0000226;0.25;0.14285714285714285;0.25;0.0;0.5;0.5;0.0;0.0;0.0;0.6;0.6;0.0;0.1111111111111111;0.0;0.0;0.0;0.125;0.0;0.1;0.0;0.0;0.0;0.0;0.75;0.3333333333333333;0.25;0.125;1.0;0.16666666666666666;0.25;0.25;0.5;0.0;0.0;0.0;0.0;0.0;0.14285714285714285;0.0;0.0;0.25;0.14285714285714285;0.0;0.0;0.0;0.0;0.0;0.0;0.0;0.0;0.0;0.14285714285714285;0.125;0.14285714285714285;0.0;0.42857142857142855;0.25;0.0;0.0;0.14285714285714285;0.25;0.0;0.0;0.0;0.5;0.0;0.1111111111111111;0.0;0.0;0.0;0.0;0.25;0.25;0.25;0.0;0.0;0.75;0.0;0.0;0.6;0.0;0.25;0.1111111111111111;0.0;0.0;0.0;0.5;0.0;0.14285714285714285;0.25;0.25;0.16666666666666666;0.0;0.0;0.5;0.0;0.25;0.0;0.0;0.5;0.0;0.6;0.0;0.25;0.0;0.0;0.0;0.2857142857142857;0.1111111111111111;0.0;0.0;0.0;0.25;0.0;0.0;0.25;0.25;0.1111111111111111;0.0;0.1111111111111111;0.1;0.5;0.0;0.0;0.0;0.0;0.125;0.0;0.0;0.0;0.25;0.0;0.6;0.0;0.25;0.25;0.25;0.25;0.0;0.1111111111111111;0.0;0.0;0.14285714285714285;0.0;0.1111111111111111;0.0;0.0;0.0;0.0;0.0;0.0;0.2;0.0;0.0;0.75;0.25;0.0;0.0;0.75;0.0;0.75
GO:0000076;0.2;0.125;0.42857142857142855;0.0;0.2;0.2;0.4;0.23076923076923078;0.0;0.14285714285714285;0.2;0.3333333333333333;0.1;0.1875;0.23076923076923078;0.0;0.1111111111111111;0.0;0.09090909090909091;0.4444444444444444;0.0;0.0;0.0;0.2;0.1;0.2;0.1111111111111111;0.16666666666666666;1.0;0.2;0.2;0.2;0.0;0.0;0.2;0.25;0.2;0.125;0.36363636363636365;0.0;0.2;0.125;0.0;0.3;0.4444444444444444;0.25;0.3333333333333333;0.21428571428571427;0.0;0.0;0.0;0.125;0.1111111111111111;0.125;0.0;0.14285714285714285;0.2;0.2727272727272727;0.3;0.125;0.2;0.0;0.0;0.4;0.2;0.3076923076923077;0.1;0.3333333333333333;0.0;0.2;0.25;0.2;0.2;0.2;0.0;0.0;0.2;0.2727272727272727;0.3;0.2;0.0;0.2;0.1;0.0;0.4444444444444444;0.0;0.2;0.0;0.125;0.5555555555555556;0.2;0.14285714285714285;0.3333333333333333;0.0;0.2;0.4;0.2;0.36363636363636365;0.3333333333333333;0.2;0.0;0.0;0.5555555555555556;0.2;0.0;0.2727272727272727;0.0;0.14285714285714285;0.1;0.0;0.0;0.0;0.2;0.0;0.25;0.2;0.2;0.1;0.36363636363636365;0.1;0.09090909090909091;0.2;0.0;0.0;0.21428571428571427;0.25;0.1111111111111111;0.4;0.25;0.3076923076923077;0.2;0.0;0.2;0.0;0.2;0.5555555555555556;0.2;0.2;0.4;0.1;0.5;0.0;0.125;0.36363636363636365;0.1;0.4;0.0;0.0;0.0;0.3076923076923077;0.0;0.16666666666666666;0.5;0.36363636363636365;0.14285714285714285;0.2;0.36363636363636365;0.23076923076923078;0.14285714285714285;0.23076923076923078;0.14285714285714285
GO:0001556;0.0;0.16666666666666666;0.0;0.0;0.0;0.0;0.0;0.0;0.0;0.2;0.0;0.0;0.0;0.0;0.0;0.0;0.0;0.0;0.0;0.0;0.0;0.0;0.0;0.0;0.125;0.0;0.14285714285714285;0.25;0.2;1.0;0.0;0.0;0.0;0.0;0.0;0.0;0.0;0.16666666666666666;0.0;0.0;0.0;0.16666666666666666;0.0;0.0;0.0;0.0;0.0;0.0;0.0;0.0;0.0;0.16666666666666666;0.14285714285714285;0.16666666666666666;0.3333333333333333;0.2;0.0;0.0;0.0;0.16666666666666666;0.0;0.0;0.0;0.0;0.0;0.0;0.0;0.0;0.0;0.0;0.0;0.0;0.0;0.0;0.0;0.0;0.0;0.0;0.0;0.0;0.0;0.0;0.125;0.0;0.0;0.0;0.0;0.0;0.16666666666666666;0.0;0.0;0.2;0.0;0.0;0.0;0.0;0.0;0.0;0.0;0.0;0.0;0.0;0.0;0.0;0.0;0.0;0.0;0.2;0.125;0.0;0.0;0.0;0.0;0.0;0.0;0.0;0.0;0.125;0.0;0.125;0.1111111111111111;0.0;0.0;0.0;0.0;0.0;0.14285714285714285;0.0;0.0;0.0;0.0;0.0;0.0;0.0;0.0;0.0;0.0;0.0;0.0;0.0;0.0;0.0;0.16666666666666666;0.0;0.125;0.0;0.0;0.0;0.0;0.0;0.0;0.5;0.0;0.0;0.2;0.0;0.0;0.0;0.2;0.0;0.2
GO:0045143;0.0;0.16666666666666666;0.0;0.0;0.0;0.0;0.0;0.0;0.0;0.2;0.0;0.0;0.0;0.0;0.0;0.0;0.0;0.0;0.0;0.0;0.0;0.0;0.0;0.0;0.125;0.0;0.14285714285714285;0.25;0.2;0.0;1.0;0.0;0.0;0.0;0.0;0.0;0.0;0.16666666666666666;0.0;0.0;0.0;0.16666666666666666;0.0;0.0;0.0;0.0;0.0;0.0;0.0;0.0;0.0;0.16666666666666666;0.14285714285714285;0.16666666666666666;0.0;0.2;0.0;0.0;0.0;0.16666666666666666;0.0;0.0;0.0;0.0;0.0;0.0;0.0;0.0;0.0;0.0;0.0;0.0;0.0;0.0;0.0;0.0;0.0;0.0;0.0;0.0;0.0;0.0;0.125;0.0;0.0;0.0;0.0;0.0;0.16666666666666666;0.0;0.0;0.2;0.0;0.0;0.0;0.0;0.0;0.0;0.0;0.0;0.0;0.0;0.0;0.0;0.0;0.0;0.0;0.2;0.125;0.0;0.0;0.0;0.0;0.0;0.0;0.0;0.0;0.125;0.0;0.125;0.1111111111111111;0.0;0.0;0.0;0.0;0.0;0.14285714285714285;0.0;0.0;0.0;0.0;0.0;0.0;0.0;0.0;0.0;0.0;0.0;0.0;0.0;0.0;0.0;0.16666666666666666;0.0;0.125;0.0;0.0;0.0;0.0;0.0;0.0;0.25;0.0;0.0;0.2;0.0;0.0;0.0;0.2;0.0;0.2
GO:0000070;0.0;0.16666666666666666;0.0;0.0;0.0;0.0;0.0;0.0;0.0;0.4;0.0;0.0;0.0;0.0;0.0;0.0;0.0;0.0;0.0;0.0;0.0;0.0;0.0;0.0;0.4444444444444444;0.0;0.14285714285714285;0.5;0.2;0.0;0.0;1.0;0.0;0.0;0.0;0.0;0.0;0.16666666666666666;0.0;0.0;0.0;0.16666666666666666;0.0;0.0;0.0;0.0;0.0;0.0;0.0;0.0;0.0;0.16666666666666666;0.14285714285714285;0.16666666666666666;0.0;0.5714285714285714;0.0;0.0;0.0;0.16666666666666666;0.0;0.0;0.0;0.0;0.0;0.0;0.0;0.0;0.0;0.0;0.0;0.0;0.0;0.0;0.0;0.0;0.0;0.0;0.0;0.0;0.0;0.0;0.125;0.0;0.0;0.0;0.0;0.0;0.16666666666666666;0.0;0.0;0.2;0.0;0.0;0.0;0.0;0.0;0.0;0.0;0.0;0.0;0.0;0.0;0.0;0.0;0.0;0.0;0.4;0.125;0.0;0.0;0.0;0.0;0.0;0.0;0.0;0.0;0.125;0.0;0.125;0.1111111111111111;0.0;0.0;0.0;0.0;0.0;0.14285714285714285;0.0;0.0;0.0;0.0;0.0;0.0;0.0;0.0;0.0;0.0;0.0;0.0;0.0;0.0;0.0;0.16666666666666666;0.0;0.125;0.0;0.0;0.0;0.0;0.0;0.0;0.25;0.0;0.0;0.42857142857142855;0.0;0.0;0.0;0.4;0.0;0.42857142857142855
GO:0033762;0.0;0.1111111111111111;0.0;0.0;0.0;0.0;0.0;0.0;0.0;0.0;0.0;0.0;0.5714285714285714;0.0;0.0;0.0;0.42857142857142855;0.0;0.0;0.0;0.0;0.2857142857142857;0.5;0.0;0.0;0.0;0.1;0.0;0.0;0.0;0.0;0.0;1.0;0.0;0.0;0.0;0.0;0.375;0.0;0.0;0.0;0.0;0.0;0.0;0.0;0.0;0.0;0.0;0.0;0.0;0.125;0.42857142857142855;0.2;0.375;0.0;0.0;0.0;0.0;0.0;0.375;0.0;0.0;0.0;0.0;0.0;0.0;0.5714285714285714;0.0;0.0;0.0;0.0;0.0;0.0;0.0;0.375;0.0;0.0;0.0;0.0;0.0;0.0;0.0;0.0;0.0;0.0;0.0;0.0;0.0;0.3333333333333333;0.16666666666666666;0.0;0.125;0.0;0.0;0.0;0.0;0.0;0.0;0.0;0.0;0.0;0.0;0.0;0.0;0.0;0.0;0.0;0.0;0.18181818181818182;0.0;0.0;0.0;0.0;0.0;0.0;0.0;0.0;0.0;0.0;0.0;0.0;0.0;0.0;0.0;0.0;0.0;0.0;0.0;0.0;0.0;0.16666666666666666;0.375;0.0;0.375;0.0;0.16666666666666666;0.0;0.0;0.0;0.1;0.0;0.0;0.3333333333333333;0.0;0.0;0.0;0.0;0.0;0.0;0.0;0.0;0.0;0.0;0.0;0.0;0.0;0.0;0.0;0.0;0.0;0.0
GO:0031100;0.0;0.0;0.0;0.0;0.0;0.0;0.0;0.0;0.0;0.0;0.0;0.0;0.0;0.0;0.0;0.25;0.0;0.0;0.0;0.0;0.0;0.0;0.0;0.0;0.0;0.0;0.0;0.0;0.0;0.0;0.0;0.0;0.0;1.0;0.0;0.0;0.0;0.0;0.0;0.0;0.0;0.0;0.0;0.0;0.0;0.0;0.0;0.0;0.0;0.0;0.0;0.0;0.0;0.0;0.0;0.0;0.0;0.0;0.0;0.0;0.0;0.0;0.0;0.0;0.0;0.0;0.0;0.0;0.0;0.0;0.0;0.0;0.0;0.0;0.0;0.0;0.0;0.0;0.0;0.0;0.0;0.0;0.0;0.0;0.0;0.0;0.0;0.0;0.0;0.0;0.0;0.0;0.0;0.0;0.0;0.0;0.0;0.0;0.0;0.0;0.0;0.0;0.0;0.0;0.0;0.0;0.0;0.0;0.0;0.0;0.0;0.0;0.0;0.0;0.0;0.0;0.0;0.0;0.0;0.0;0.0;0.0;0.0;0.0;0.0;0.0;0.0;0.0;0.0;0.0;0.0;0.0;0.0;0.0;0.0;0.0;0.0;0.0;0.0;0.0;0.0;0.0;0.0;0.0;0.0;0.0;0.0;0.0;0.0;0.0;0.0;0.25;0.0;0.0;0.0;0.0;0.0;0.0;0.0;0.0;0.0
GO:0032436;0.0;0.0;0.0;0.07142857142857142;0.0;0.0;0.2857142857142857;0.2;0.0;0.0;0.0;0.2857142857142857;0.0;0.4;0.38461538461538464;0.0;0.0;0.0;0.0;0.25;0.0;0.0;0.0;0.0;0.0;0.0;0.0;0.0;0.2;0.0;0.0;0.0;0.0;0.0;1.0;0.3076923076923077;0.46153846153846156;0.0;0.21428571428571427;0.0;0.0;0.0;0.35714285714285715;0.36363636363636365;0.36363636363636365;0.4166666666666667;0.21428571428571427;0.35714285714285715;0.0;0.0;0.0;0.0;0.0;0.0;0.0;0.0;0.0;0.3333333333333333;0.36363636363636365;0.0;0.0;0.0;0.0;0.23076923076923078;0.0;0.26666666666666666;0.0;0.38461538461538464;0.35714285714285715;0.46153846153846156;0.3076923076923077;0.0;0.0;0.0;0.0;0.25;0.0;0.3333333333333333;0.15384615384615385;0.0;0.14285714285714285;0.0;0.0;0.0;0.25;0.07142857142857142;0.0;0.0;0.0;0.2727272727272727;0.0;0.0;0.2857142857142857;0.25;0.0;0.3333333333333333;0.0;0.21428571428571427;0.2;0.0;0.4;0.0;0.23076923076923078;0.0;0.0;0.3333333333333333;0.38461538461538464;0.0;0.0;0.0;0.4166666666666667;0.0;0.0;0.0;0.3333333333333333;0.0;0.0;0.0;0.3076923076923077;0.0;0.0;0.0;0.0;0.2;0.2857142857142857;0.4166666666666667;0.0;0.23076923076923078;0.21428571428571427;0.2857142857142857;0.0;0.0;0.0;0.0;0.0;0.2727272727272727;0.3076923076923077;0.0;0.25;0.0;0.23076923076923078;0.0;0.0;0.3333333333333333;0.0;0.25;0.0;0.0;0.15384615384615385;0.23076923076923078;0.0;0.0;0.2857142857142857;0.21428571428571427;0.0;0.0;0.21428571428571427;0.38461538461538464;0.0;0.38461538461538464;0.0
GO:2001178;0.0;0.0;0.0;0.1;0.0;0.0;0.3;0.25;0.0;0.0;0.0;0.3;0.0;0.2857142857142857;0.3;0.0;0.0;0.0;0.0;0.3333333333333333;0.0;0.0;0.0;0.0;0.0;0.0;0.0;0.0;0.25;0.0;0.0;0.0;0.0;0.0;0.3076923076923077;1.0;0.4166666666666667;0.0;0.2727272727272727;0.0;0.0;0.0;0.45454545454545453;0.5;0.5;0.4;0.375;0.2727272727272727;0.0;0.0;0.0;0.0;0.0;0.0;0.0;0.0;0.0;0.4444444444444444;0.3333333333333333;0.0;0.0;0.0;0.0;0.4;0.0;0.09090909090909091;0.0;0.25;0.2727272727272727;0.3076923076923077;0.4;0.0;0.0;0.0;0.0;0.375;0.0;0.4444444444444444;0.2222222222222222;0.0;0.2;0.0;0.0;0.0;0.3333333333333333;0.1;0.0;0.0;0.0;0.375;0.0;0.0;0.36363636363636365;0.375;0.0;0.4444444444444444;0.0;0.3333333333333333;0.25;0.0;0.2857142857142857;0.0;0.3;0.0;0.0;0.2;0.36363636363636365;0.0;0.0;0.0;0.3333333333333333;0.0;0.0;0.0;0.2727272727272727;0.0;0.0;0.0;0.4;0.0;0.0;0.0;0.0;0.2727272727272727;0.23076923076923078;0.4;0.0;0.3;0.4;0.23076923076923078;0.0;0.0;0.0;0.0;0.0;0.375;0.0;0.0;0.3333333333333333;0.0;0.3;0.0;0.0;0.4444444444444444;0.0;0.3333333333333333;0.0;0.0;0.2222222222222222;0.5;0.0;0.0;0.36363636363636365;0.36363636363636365;0.0;0.0;0.2727272727272727;0.36363636363636365;0.0;0.36363636363636365;0.0
