;GO:2000480;GO:0090179;GO:0016925;GO:0032693;GO:0046854;GO:0022008;GO:1902950;GO:0002237;GO:0001666;GO:0045892;GO:0001942;GO:0006958;GO:0002638;GO:0070207;GO:0019886;GO:0035556;GO:0033138;GO:0050710;GO:0032600;GO:0042308;GO:0007264;GO:0065004;GO:1902564;GO:0051260;GO:0007268;GO:0007266;GO:0009967;GO:0032956;GO:0002922;GO:0002768;GO:2000768;GO:0002924;GO:0001959;GO:0034614;GO:0051897;GO:0051017;GO:0051898;GO:0043406;GO:0035023;GO:0060267;GO:0045947;GO:0008284;GO:0045786;GO:0097190;GO:0045666;GO:0097193;GO:0038096;GO:0045944;GO:0010918;GO:0030889;GO:0048147;GO:0060828;GO:0070588;GO:2000774;GO:0050855;GO:0050731;GO:0050853;GO:0031295;GO:1900165;GO:0048701;GO:1904646;GO:0051281;GO:0043410;GO:0050982;GO:0002587;GO:0002224;GO:0002622;GO:0050860;GO:0001811;GO:0072112;GO:0016064;GO:0050869;GO:0001814;GO:0019731;GO:0050900;GO:0030595;GO:2001199;GO:0034394;GO:0061098;GO:0007179;GO:1901300;GO:0006366;GO:0090251;GO:0006367;GO:0002322;GO:0050871;GO:0051289;GO:0035914;GO:0002316;GO:0043031;GO:0016055;GO:0032485;GO:0019722;GO:0048041;GO:0071219;GO:0043318;GO:0007186;GO:0030183;GO:0042100;GO:0006898;GO:0042104;GO:0042986;GO:0032913;GO:0007218;GO:0051573;GO:0010628;GO:0002605;GO:0032597;GO:0072139;GO:0010469;GO:0031666;GO:0050766;GO:0030336;GO:0016567;GO:0050765;GO:0046718;GO:0006468;GO:0010839;GO:0000122;GO:0030449;GO:0000086;GO:0034644;GO:0018298;GO:0071356;GO:0035335;GO:0032467;GO:0050829;GO:0032461;GO:0006351;GO:0006355;GO:0007169;GO:0007565;GO:1905898;GO:0002430;GO:1901216;GO:0007204;GO:0009617;GO:0042094;GO:0071222;GO:0045087;GO:0070098;GO:0043066;GO:0042130;GO:0046330;GO:0043065;GO:0045088;GO:0071902
GO:2000480;1.0;0.15197633901280422;0.0;0.18783990727725072;0.0;0.0;0.18785277813888915;0.0;0.0;0.4067722005863644;0.0;0.11570331565373516;0.18128162295308117;0.0;0.0;0.19827579732998765;0.4522902879518704;0.19460785216385576;0.0;0.1419801000841685;0.19458229341310268;0.0;0.2437790208718004;0.0;0.0;0.18760248488245626;0.175033420091086;0.19128949203087273;0.1450930199137663;0.1808737882985774;0.15689618877760722;0.14204874033953038;0.18765699840683572;0.0;0.1641596649905743;0.0;0.22843502984102945;0.46567778280136873;0.1812894173494788;0.1948270481016948;0.4985585812175137;0.1948563855501013;0.2711484490911385;0.19827579732998765;0.15686008959160305;0.1910459990480868;0.14536729963280554;0.25403087508604766;0.11747242706870265;0.20310185586318014;0.26138743830574684;0.1877518813943249;0.0;0.1693753619355936;0.18111789571020742;0.45229029126542974;0.15398306890732927;0.14757196222922642;0.18713197340350549;0.0;0.0;0.11255526628931507;0.39971986606256976;0.0;0.1752202297448514;0.1454107699792903;0.1401248356405012;0.21801863088976464;0.12080482887201058;0.0;0.0;0.23593361318749798;0.1082723675898619;0.0;0.0;0.0;0.21810548725735204;0.0;0.5066497456892629;0.18760446411300094;0.13819949740370174;0.0;0.0;0.0;0.0;0.16954849578320763;0.0;0.0;0.0;0.2437790208718004;0.19102894613211155;0.1812894173494788;0.1910271108371277;0.0;0.0;0.1375415125540365;0.19827579732998765;0.0;0.0;0.0;0.13119704519352554;0.3002763812037132;0.1813294499054177;0.1945836615204091;0.5537414933407748;0.2247319672416793;0.1877941860679478;0.0;0.0;0.22657290401589134;0.15423162115290828;0.16948252565726835;0.23971650475203904;0.0;0.23584162963634944;0.0;0.0;0.2523334234015095;0.39707946330528104;0.2665835108487531;0.0;0.0;0.0;0.0;0.0;0.17523453528668415;0.0;0.1752037162532648;0.0;0.3202819823083785;0.19102794364859674;0.0;0.18120257440817114;0.1562487818634343;0.18782373875983482;0.09271964656516592;0.0;0.0;0.0;0.0;0.19103214264747378;0.25229545530915704;0.18723587831241212;0.36619348289164594;0.18130675794655154;0.15303492984243125;0.5408579014424489
GO:0090179;0.15197633901280422;1.0;0.13506087835531394;0.2926525871908127;0.13825166547824105;0.19516296121109125;0.2926838302270084;0.0;0.0;0.1724047579808117;0.0;0.1597350019738141;0.22171393527196376;0.16862349583115144;0.0;0.44897698848193174;0.18458901351499457;0.22878408434780784;0.1207500614729537;0.15580456962216516;0.43568028249353075;0.17323252217110896;0.26305248789471797;0.17825850770874416;0.17801842256989187;0.4113489210805671;0.2627062352751327;0.3011125622533834;0.22174402901924814;0.4418283106355408;0.3562535321000789;0.15590787146976104;0.2922088479184648;0.1552290455790555;0.23895040253445157;0.17811277267021616;0.23895195671256286;0.12934077244747177;0.2770558702940582;0.2480715014322702;0.16953661483576732;0.3100464401427148;0.31004436996663753;0.44897698848193174;0.3989578852872464;0.4232255761755185;0.3218377181969036;0.1696523423781617;0.189076466799874;0.20223445982984187;0.2926552565998814;0.292438975091535;0.0;0.3001205845509819;0.27665547245628563;0.1845890153432783;0.3488405706758409;0.20535173340391297;0.21696479098056703;0.0;0.1348222277071328;0.1742098405260816;0.15672279002451892;0.0;0.21058141993387394;0.2833488175311006;0.21034618688787232;0.22341457977657803;0.12561344131933605;0.16863064167427563;0.0;0.2505427577551492;0.1091921336016483;0.0;0.18266298335339554;0.16289493279495193;0.35573889765525085;0.0;0.1519745418026165;0.4674258042285456;0.1876434938854965;0.11077564709763106;0.0;0.11699759971668452;0.1406346438372837;0.2505414169119486;0.16862349583115144;0.19516296121109125;0.13191212260587593;0.26305248789471797;0.5958223099401995;0.2770558702940582;0.4231597618134736;0.1598393752102966;0.1631876059356919;0.12179463082648331;0.44897698848193174;0.15907141629673194;0.16298003569913405;0.0;0.17496400198522655;0.18774471846537716;0.2771493793750652;0.4356851525912502;0.1723511477494143;0.23413211283760138;0.2341217893367518;0.11000781879622915;0.17337166851396532;0.29164980111382377;0.2184792726748407;0.2503973919480468;0.25652468967701053;0.14113194943394966;0.2503984440190199;0.0;0.1378377496306317;0.2771612121107864;0.16698863413764822;0.16774019716034838;0.18384131642391838;0.1593147853849464;0.14778020310276319;0.16371466028326595;0.13487609599722844;0.2631595436169136;0.0;0.2630900444597648;0.11276171941310341;0.23360462198822032;0.48084214960417354;0.0;0.27685309527663376;0.35615142792227344;0.29261334273189543;0.18046267583974282;0.0;0.0;0.13471447717946955;0.0;0.4808587743048535;0.27709747477666996;0.18098464869108302;0.1400671799478304;0.2770963722314753;0.24084605062415118;0.15645064438787604
GO:0016925;0.0;0.13506087835531394;1.0;0.0;0.35314724230225675;0.2161512441513283;0.0;0.0;0.0;0.0;0.0;0.377214319155613;0.0;0.18406583339460694;0.0;0.20806550745224706;0.0;0.0;0.12846805256158744;0.0;0.2012864293183467;0.1895714737781575;0.0;0.1956067673744416;0.19531771564271963;0.18898823416107616;0.0;0.0;0.0;0.17772677017830962;0.0;0.0;0.0;0.16822101558820818;0.0;0.19543129989163213;0.0;0.0;0.0;0.0;0.0;0.0;0.0;0.20806550745224706;0.0;0.19497410804323773;0.12642421510415444;0.0;0.0;0.0;0.0;0.0;0.0;0.0;0.0;0.0;0.13775848366109517;0.0;0.0;0.0;0.14451615285876304;0.08849094930572614;0.0;0.0;0.0;0.1264798147216751;0.0;0.0;0.0;0.18407434801614253;0.0;0.0;0.0;0.0;0.200923037135336;0.17726116729892116;0.0;0.0;0.0;0.18899163027680205;0.0;0.39594739129129347;0.0;0.37944273216241303;0.1512152272586281;0.0;0.18406583339460694;0.2161512441513283;0.14117770215725578;0.0;0.19494407917048825;0.0;0.19494084758906838;0.1736488601837612;0.17760779538608365;0.0;0.20806550745224706;0.17274284791921282;0.17736194778573955;0.0;0.0;0.0;0.0;0.2012889046609588;0.0;0.0;0.0;0.11637744805104007;0.1897381185969245;0.0;0.0;0.0;0.0;0.9032707498550032;0.0;0.0;0.7862874354839081;0.0;0.0;0.0;0.20234965150417822;0.17302988524774418;0.8475046073658381;0.17823229053577377;0.7681775877978588;0.0;0.0;0.0;0.4034681817074395;0.0;0.1949423139952034;0.0;0.0;0.14084788603838647;0.0;0.1415649088901802;0.0;0.4936749277177772;0.14439235753616905;0.0;0.19494970769186212;0.0;0.0;0.0;0.0;0.0;0.0
GO:0032693;0.18783990727725072;0.2926525871908127;0.0;1.0;0.0;0.0;0.37044749924266335;0.0;0.0;0.22006971171089007;0.0;0.21319231423871718;0.4249301077413132;0.0;0.0;0.4255730330714507;0.19232718274695126;0.44576316914817093;0.0;0.2577127097839376;0.4049574842261815;0.0;0.3928912760178824;0.0;0.0;0.36923364454221197;0.3138141002868912;0.3876067562140649;0.3401434299744826;0.33828467819035335;0.3114594957274322;0.25793894842743953;0.36949761762744243;0.0;0.2732639281647611;0.0;0.3414539754329354;0.12359455021209668;0.3401069007088763;0.4062847694317528;0.21541781609173233;0.4064442235622635;0.5078576932909891;0.4255730330714507;0.31131727026772005;0.3863599851964258;0.21535648828383222;0.17254897257096077;0.31598172178861106;0.27111538604906893;0.4628128855245149;0.3699576079794379;0.0;0.29196445190330533;0.33935354728092054;0.19232718522699338;0.24023947624738892;0.22148158531839335;0.4159641184277758;0.0;0.0;0.1398745442727148;0.15617475641789436;0.0;0.39305814998758487;0.21547573102695444;0.31404080253295746;0.31058848880741846;0.19550861813327347;0.0;0.0;0.36562464264482214;0.1646628267970829;0.0;0.0;0.0;0.43254920248055284;0.0;0.15032654893964517;0.3692432247352914;0.19649134755838055;0.0;0.0;0.0;0.0;0.2926080279142385;0.0;0.0;0.0;0.3928912760178824;0.3862728499868568;0.3401069007088763;0.38626347360369856;0.0;0.0;0.1437968908758698;0.4255730330714507;0.0;0.0;0.0;0.17947333535038623;0.19663006271687739;0.755773937314891;0.4049648885107784;0.21998236784671282;0.37018872632970423;0.46252875903675567;0.0;0.0;0.3683819138708811;0.24099660969465592;0.2923626235046133;0.3785052950365824;0.0;0.36531738691364024;0.0;0.0;0.4252208366149998;0.21132078233264945;0.22769540252219375;0.0;0.0;0.0;0.0;0.0;0.3146230341276922;0.0;0.31449892277587005;0.0;0.2646110991422678;0.3862677283403716;0.0;0.33972523179859604;0.24722829293694967;0.370306423298687;0.1839146466231771;0.0;0.0;0.0;0.0;0.3862891813986089;0.42507083196660206;0.23424463429367562;0.1360331773713066;0.34018317034945866;0.3872573974436059;0.15583722070795714
GO:0046854;0.0;0.13825166547824105;0.35314724230225675;0.0;1.0;0.22444131878890353;0.0;0.0;0.0;0.0;0.0;0.21593545987195198;0.0;0.1900433920173054;0.0;0.21573595145001387;0.0;0.0;0.13135160880196653;0.0;0.208456575054217;0.19591813797102592;0.0;0.2023711854393742;0.20206181203074375;0.19529525622833493;0.0;0.0;0.0;0.18329346904352856;0.0;0.0;0.0;0.1731998260231627;0.0;0.2021833780078514;0.0;0.0;0.0;0.0;0.0;0.0;0.0;0.21573595145001387;0.0;0.2016940883534783;0.12921575359117163;0.0;0.0;0.0;0.0;0.0;0.0;0.0;0.0;0.0;0.1410795715973141;0.0;0.0;0.0;0.1481753883107301;0.08984961612425489;0.0;0.0;0.0;0.12927383624065555;0.0;0.0;0.0;0.19005246865885883;0.0;0.0;0.0;0.0;0.2080668575999978;0.18279828310113355;0.0;0.0;0.0;0.1952988828027685;0.0;0.28457028427898723;0.0;0.30190978804990243;0.15522628277550435;0.0;0.1900433920173054;0.22444131878890353;0.1446677857766553;0.0;0.2016619540287363;0.0;0.2016584958877302;0.17895921943954288;0.1831669272068707;0.0;0.21573595145001387;0.1779970998274721;0.18290545999830413;0.0;0.0;0.0;0.0;0.20845922989030624;0.0;0.0;0.0;0.11873879252597139;0.19609613301622147;0.0;0.0;0.0;0.0;0.3706748997458559;0.0;0.0;0.5093812865442034;0.0;0.0;0.0;0.20959710832407263;0.17830187952363813;0.3900499979615674;0.1838312007283318;0.44928792182377636;0.0;0.0;0.0;0.29008817529046194;0.0;0.20166006510012066;0.0;0.0;0.14432148118766344;0.0;0.1450744011539046;0.0;0.2845268773351549;0.14804524729841476;0.0;0.2016679771637043;0.0;0.0;0.0;0.0;0.0;0.0
GO:0022008;0.0;0.19516296121109125;0.2161512441513283;0.0;0.22444131878890353;1.0;0.0;0.0;0.0;0.0;0.3959691391354512;0.0;0.0;0.31718911284998735;0.0;0.3958776174692267;0.0;0.0;0.18168964607992097;0.0;0.3720377410246612;0.33389987272350896;0.0;0.3530883812720785;0.35214766576260464;0.33209470538218977;0.0;0.0;0.0;0.2988224383170415;0.0;0.0;0.0;0.2728948542769877;0.0;0.35251705760816676;0.0;0.0;0.0;0.0;0.0;0.0;0.0;0.3958776174692267;0.0;0.3510323031583761;0.177628361372366;0.0;0.0;0.0;0.0;0.0;0.0;0.0;0.0;0.0;0.20084614071849163;0.0;0.0;0.3541458491954487;0.21554064181596805;0.11085927271237513;0.0;0.0;0.0;0.1777381388518138;0.0;0.0;0.0;0.641084940695007;0.0;0.0;0.0;0.0;0.3707982140476796;0.2975085397304531;0.0;0.0;0.0;0.3321051921767341;0.0;0.16001084115038958;0.0;0.17332507753645837;0.23078990511475242;0.0;0.31718911284998735;0.8613692629559758;0.42076411815838943;0.0;0.350934977852296;0.0;0.3509245055406854;0.287471774387194;0.2984862538654504;0.0;0.3958776174692267;0.5759745574081534;0.2977925379679556;0.0;0.0;0.0;0.0;0.3720461974117501;0.0;0.0;0.0;0.15841371779303748;0.6758515213976077;0.0;0.0;0.0;0.0;0.2321322309302584;0.0;0.0;0.22335247122826765;0.0;0.0;0.0;0.3756862835412584;0.2857793624515618;0.2506813575393429;0.3002543026038131;0.21567835402247396;0.0;0.0;0.0;0.1641879891682977;0.0;0.3509292575641479;0.0;0.0;0.20748125088821504;0.0;0.20904093716708172;0.0;0.0;0.21526537934928722;0.0;0.35095321838712384;0.0;0.0;0.0;0.0;0.0;0.0
GO:1902950;0.18785277813888915;0.2926838302270084;0.0;0.37044749924266335;0.0;0.0;1.0;0.0;0.0;0.22008737849680457;0.0;0.2132130315434133;0.34012534274654416;0.0;0.0;0.5318683854861888;0.24033917761507229;0.2508060978356971;0.0;0.20626751384101935;0.5060989359445487;0.0;0.39294758908063915;0.0;0.0;0.4614452598085243;0.392175450405904;0.5792160284549909;0.34019616989498813;0.4227612009075114;0.3114948836141257;0.20644860725123354;0.4617752125298904;0.0;0.34149333357841;0.0;0.34149650790003366;0.15444349331937327;0.425038822283027;0.40636001648126074;0.2154347438519134;0.5079573448816951;0.5079517883163633;0.5318683854861888;0.31135262584077394;0.48285246553904226;0.2691202765349551;0.2156216490891405;0.31604331051317675;0.2711421995433447;0.46289102785139397;0.4623501768994552;0.0;0.3648661736809395;0.42409719485310854;0.24033918071449656;0.3002187122831558;0.2767752779444077;0.23403840108309182;0.0;0.0;0.17478823709124736;0.19515854944934874;0.0;0.3146105232985859;0.26926930288713413;0.3140857579764948;0.3106236790328625;0.1564771934309338;0.0;0.0;0.3656734101990069;0.13178798628203942;0.0;0.0;0.0;0.31086912048466303;0.0;0.18785003226272734;0.4614572345536331;0.24554333839983267;0.0;0.0;0.0;0.0;0.3656705539242416;0.0;0.0;0.0;0.39294758908063915;0.48274354934474767;0.425038822283027;0.482731829169517;0.0;0.0;0.14380443352500547;0.5318683854861888;0.0;0.0;0.0;0.22427521936830355;0.24571669786965503;0.340335789886147;0.50610819121819;0.2630567166102659;0.3702511957711395;0.37022537989693577;0.0;0.0;0.46038064100581133;0.3011649789085056;0.43687000529137626;0.3785575594423235;0.0;0.43687268362119336;0.0;0.0;0.42528679933787367;0.21133707229313536;0.22771903458106854;0.0;0.0;0.0;0.0;0.0;0.3931865250876014;0.0;0.46995245426412835;0.0;0.3306787344591721;0.48273714745252766;0.0;0.42456176866831985;0.30895337166618386;0.4627861783355731;0.18393550951679632;0.0;0.0;0.0;0.0;0.4827639630806747;0.42513674815489505;0.23426465035145388;0.16998773973632295;0.4251341528544921;0.3873257609090247;0.19473672930315034
GO:0002237;0.0;0.0;0.0;0.0;0.0;0.0;0.0;1.0;0.3510843476080313;0.0;0.0;0.16588937351572922;0.0;0.0;0.0;0.0;0.0;0.0;0.0;0.0;0.0;0.0;0.0;0.0;0.0;0.0;0.0;0.0;0.0;0.0;0.0;0.0;0.0;0.3359674891804305;0.0;0.0;0.0;0.0;0.0;0.0;0.0;0.0;0.0;0.0;0.0;0.0;0.0;0.0;0.0;0.0;0.0;0.0;0.0;0.0;0.0;0.0;0.0;0.0;0.0;0.0;0.33742243338127875;0.0;0.0;0.4233556152203679;0.0;0.0;0.0;0.0;0.0;0.0;0.2847171439276993;0.0;0.0;0.44634735768232925;0.0;0.0;0.0;0.0;0.0;0.0;0.0;0.0;0.0;0.0;0.0;0.0;0.0;0.0;0.0;0.0;0.0;0.0;0.0;0.0;0.8183380636485652;0.0;0.0;0.0;0.0;0.0;0.0;0.0;0.0;0.0;0.0;0.0;0.0;0.0;0.0;0.0;0.0;0.0;0.0;0.0;0.0;0.0;0.0;0.0;0.0;0.0;0.0;0.26083769540811846;0.0;0.45793216358969663;0.0;0.0;0.524454385801314;0.0;0.0;0.0;0.0;0.0;0.0;0.0;0.0;0.0;0.6667741135702776;0.0;0.6055071259269741;0.35013453879110146;0.0;0.0;0.0;0.0;0.0;0.0;0.0
GO:0001666;0.0;0.0;0.0;0.0;0.0;0.0;0.0;0.3510843476080313;1.0;0.0;0.0;0.17061964270358204;0.0;0.0;0.0;0.0;0.0;0.0;0.0;0.0;0.0;0.0;0.0;0.0;0.0;0.0;0.0;0.0;0.0;0.0;0.0;0.0;0.0;0.3506203521639708;0.0;0.0;0.0;0.0;0.0;0.0;0.0;0.0;0.0;0.0;0.0;0.0;0.0;0.0;0.0;0.0;0.0;0.0;0.0;0.0;0.0;0.0;0.0;0.0;0.0;0.0;0.20803120369417985;0.0;0.0;0.4468894980320661;0.0;0.0;0.0;0.0;0.0;0.0;0.29894168822818257;0.0;0.0;0.3091557619445007;0.0;0.0;0.0;0.0;0.0;0.0;0.0;0.0;0.0;0.0;0.0;0.0;0.0;0.0;0.0;0.0;0.0;0.0;0.0;0.0;0.28427561095916276;0.0;0.0;0.0;0.0;0.0;0.0;0.0;0.0;0.0;0.0;0.0;0.0;0.0;0.0;0.0;0.0;0.0;0.0;0.0;0.0;0.0;0.0;0.0;0.0;0.0;0.0;0.3664184934873951;0.0;0.285878864871299;0.0;0.0;0.3657165044613078;0.0;0.0;0.0;0.0;0.0;0.0;0.0;0.0;0.0;0.3503968085800537;0.0;0.20777477599152205;0.49965710722652;0.0;0.0;0.0;0.0;0.0;0.0;0.0
GO:0045892;0.4067722005863644;0.1724047579808117;0.0;0.22006971171089007;0.0;0.0;0.22008737849680457;0.0;0.0;1.0;0.0;0.13040226525219922;0.21112139955350695;0.0;0.0;0.23453190389329298;0.30280880296148666;0.21842427229274092;0.0;0.15965328710235754;0.22938167895525668;0.0;0.2823436931769239;0.0;0.0;0.21974389577376116;0.20269474654496408;0.22481958759999696;0.16897845877570886;0.21056845666010154;0.17876380909298045;0.15974008431920098;0.21981869245848615;0.0;0.18825433440092854;0.0;0.2619639404309082;0.22370723747771154;0.21113197119711324;0.2297218830578785;0.7177283629028304;0.22976267179755847;0.31972134302317695;0.23453190389329298;0.1787169474086535;0.22448332727639117;0.1639489793886446;0.5537590352754593;0.13899740278703057;0.2291819752966913;0.30623692702575683;0.2199488968690313;0.0;0.19514560682466645;0.21089936869405157;0.3028088054442097;0.17499182076284076;0.16675873711420872;0.2090506734954587;0.0;0.0;0.12338281168415079;0.2639577793608641;0.0;0.20294530877216324;0.16400427538550985;0.16227766645271252;0.24835644361628734;0.1333662815819647;0.0;0.0;0.2718730439608611;0.118255040097191;0.0;0.0;0.0;0.24846916060758997;0.0;0.25713003759672515;0.21974661129770226;0.15488870612118483;0.0;0.0;0.0;0.0;0.19537546852476698;0.0;0.0;0.0;0.2823436931769239;0.22445978306463865;0.21113197119711324;0.22445724919734655;0.0;0.0;0.14902598421882474;0.23453190389329298;0.0;0.0;0.0;0.14614637150932677;0.4259996723694059;0.21118627024376388;0.22938358017154842;0.4524365942567318;0.3061304220577927;0.22000695728077285;0.0;0.0;0.21950217579963885;0.17531289311037046;0.1952878746463419;0.2769084972255593;0.0;0.27175090983097183;0.0;0.0;0.29388276239854566;0.9735606020461115;0.3025951860259777;0.0;0.0;0.0;0.0;0.0;0.20296449985432216;0.0;0.20292315631140742;0.0;0.7190010501133614;0.22445839900259446;0.0;0.21101419341328687;0.17792384243374734;0.22004751908953474;0.10563070981781;0.0;0.0;0.0;0.0;0.22446419629691636;0.29383126246312263;0.20918035303472554;0.23973027168143002;0.21115549101657594;0.17984836259605216;0.263568125835451
GO:0001942;0.0;0.0;0.0;0.0;0.0;0.3959691391354512;0.0;0.0;0.0;0.0;1.0;0.0;0.0;0.0;0.0;0.0;0.0;0.0;0.0;0.0;0.0;0.0;0.0;0.0;0.0;0.0;0.0;0.0;0.0;0.0;0.0;0.0;0.0;0.0;0.0;0.0;0.0;0.0;0.0;0.0;0.0;0.0;0.0;0.0;0.0;0.0;0.0;0.0;0.0;0.0;0.0;0.0;0.0;0.0;0.0;0.0;0.0;0.0;0.0;0.3330114250544766;0.0;0.0;0.0;0.0;0.0;0.0;0.0;0.0;0.0;0.30015188150495875;0.0;0.0;0.0;0.0;0.0;0.0;0.0;0.0;0.0;0.0;0.0;0.0;0.0;0.0;0.0;0.0;0.0;0.3959691391354512;0.20070927977891276;0.0;0.0;0.0;0.0;0.0;0.0;0.0;0.0;0.2711488799710926;0.0;0.0;0.0;0.0;0.0;0.0;0.0;0.0;0.0;0.0;0.31550903269008856;0.0;0.0;0.0;0.0;0.0;0.0;0.0;0.0;0.0;0.0;0.0;0.0;0.0;0.0;0.0;0.0;0.0;0.0;0.0;0.0;0.0;0.0;0.36938197176052046;0.0;0.0;0.0;0.0;0.0;0.0;0.0;0.0;0.0;0.0;0.0;0.0;0.0;0.0;0.0
GO:0006958;0.11570331565373516;0.1597350019738141;0.377214319155613;0.21319231423871718;0.21593545987195198;0.0;0.2132130315434133;0.16588937351572922;0.17061964270358204;0.13040226525219922;0.0;1.0;0.25338933846612194;0.0;0.1617778464398551;0.23038926885860517;0.17378251005029874;0.14340600207884527;0.0;0.14621516337911047;0.22421011763196558;0.0;0.24163921225900897;0.0;0.0;0.2128103652358663;0.33586192079425;0.21878767466663318;0.5485519661736826;0.35155814635435007;0.2081660142869183;0.2544390756085814;0.26602194660653133;0.1426190663472403;0.3077534655221502;0.0;0.2211498832796514;0.17247725529535604;0.25340456703284464;0.2806643678424128;0.12835008644062926;0.2807252552118027;0.22466376350697487;0.23038926885860517;0.20810247247080918;0.2183898803428488;0.5220893939381707;0.1604805233940925;0.17069339858582927;0.1893353386530416;0.21319408434342957;0.2662126618744833;0.0;0.3210728238734228;0.3522210967930053;0.17378251167078002;0.5217212829112814;0.308720989460506;0.13642289628888635;0.0;0.12520711657800448;0.1367102342363457;0.207160313069027;0.1616496621930959;0.2417023236341041;0.48408612298331727;0.3360549980894006;0.28918250576224724;0.20748195078070944;0.0;0.3123203269022979;0.2310422242654103;0.18154997937237707;0.26890515348063787;0.16544910377414465;0.14906421362290742;0.207886362694947;0.0;0.14457285210827903;0.2128135476193243;0.24560209176107706;0.2459766995938191;0.0;0.2589293352091343;0.17484388092960368;0.32155505207229934;0.0;0.0;0.16475746853038942;0.24163921225900897;0.21836203728028294;0.25340456703284464;0.2183590408385573;0.0;0.14930925998446595;0.16283221773478443;0.23038926885860517;0.14585601691613942;0.1491354754172958;0.0;0.22995497735995712;0.17657674150821553;0.20286290905887286;0.22421238734584062;0.13036394108716284;0.2663084092846727;0.2662977204421619;0.0;0.0;0.2655585307954303;0.28319540277615024;0.2309186008085213;0.18896724362172398;0.3929087048618124;0.18480544809223953;0.0;0.3844053253582203;0.2028708305490617;0.12652383713459392;0.2724756992266309;0.0;0.14606060230836693;0.4099803251281369;0.1497503581692196;0.3767350557759423;0.241729545063442;0.1459106067233226;0.24167090288459367;0.25012060645345974;0.17331509240542609;0.2183604005466415;0.0;0.35240531653543705;0.5318927289910802;0.26635714914194963;0.12298576667112959;0.1657357136618511;0.42009521439753095;0.125114181602147;0.288824546251007;0.21836725621247344;0.20282816055681585;0.17058416052531025;0.1861365100248098;0.2534384486820078;0.3802971093527846;0.14861776627936596
GO:0002638;0.18128162295308117;0.22171393527196376;0.0;0.4249301077413132;0.0;0.0;0.34012534274654416;0.0;0.0;0.21112139955350695;0.0;0.25338933846612194;1.0;0.0;0.0;0.3860366394428919;0.1838192118669752;0.239228427030116;0.0;0.24552612158049938;0.36899691254985767;0.0;0.5083408146463627;0.0;0.0;0.33910179560006914;0.2917787226773201;0.3545358622154575;0.39286017453928257;0.3908749619939001;0.23515574955247112;0.43707190934312357;0.3393244298394552;0.0;0.25640233130211626;0.0;0.3203845663493841;0.12002458519687802;0.3143757664931551;0.3700986154038043;0.20683643370100546;0.37023092594002155;0.4626091265570808;0.3860366394428919;0.23505444185365956;0.353492479664377;0.25583482257321793;0.16566958789498593;0.2865016709511862;0.3586003944683959;0.4249357356519551;0.33971232248535305;0.0;0.27279701607865503;0.3920167525483441;0.18381921413245148;0.28377921038588766;0.2627429818286143;0.223925828917969;0.0;0.0;0.135319490953184;0.1505176708022928;0.0;0.5085415294263206;0.255969494685923;0.43655972036622764;0.40786402966059554;0.3351238611489803;0.0;0.0;0.4753828270531953;0.28387594054854276;0.0;0.0;0.0;0.40816806827277435;0.0;0.14507808839173458;0.33910987596522485;0.18761946567900634;0.0;0.0;0.0;0.0;0.3415693258215764;0.0;0.0;0.0;0.5083408146463627;0.3534195375935799;0.3143757664931551;0.3534116883287246;0.0;0.0;0.24887282243192213;0.3860366394428919;0.0;0.0;0.0;0.2149719949425822;0.18774593320035485;0.39300918111540717;0.3690030601980056;0.21104101300654599;0.3399071861762244;0.5910712471608158;0.0;0.0;0.33838327091435005;0.227785726148548;0.273144592796081;0.3527874993141882;0.0;0.34130364369605004;0.0;0.0;0.3930329752814318;0.2030564532724724;0.3227633724230941;0.0;0.0;0.0;0.0;0.0;0.29247791513153387;0.0;0.29237065737930856;0.0;0.24876947958010756;0.3534152501064522;0.0;0.31404963638559796;0.2915710545939277;0.34000641281936966;0.17352236555097808;0.0;0.0;0.0;0.0;0.35343320905394204;0.3929048174301175;0.3119371827682429;0.13172102240054862;0.3144409310680717;0.4426370725356419;0.15020412063913957
GO:0070207;0.0;0.16862349583115144;0.18406583339460694;0.0;0.1900433920173054;0.31718911284998735;0.0;0.0;0.0;0.0;0.0;0.0;0.0;1.0;0.0;0.3000766603593082;0.0;0.0;0.2687873987314197;0.0;0.286176425864458;0.7036711636255394;0.0;0.9119053564099813;0.2742606593473944;0.2619420829149963;0.0;0.0;0.0;0.24079457432159027;0.0;0.0;0.0;0.2236704340624755;0.0;0.5556898877538665;0.0;0.0;0.0;0.0;0.0;0.0;0.0;0.3000766603593082;0.0;0.27358364506737287;0.15537166005260342;0.0;0.0;0.0;0.0;0.0;0.0;0.0;0.0;0.0;0.1728493681251411;0.0;0.0;0.0;0.18362286627230914;0.10176155529018761;0.0;0.0;0.0;0.15545564445159796;0.0;0.0;0.0;0.25259601727471875;0.0;0.0;0.0;0.0;0.2854424466499561;0.23994068850126193;0.0;0.0;0.0;0.2619486071036768;0.0;0.14172285130802068;0.0;0.15206918679829004;0.19457547957652013;0.0;0.8380754025231436;0.31718911284998735;0.17826663530014994;0.0;0.2735245245206925;0.0;0.27351816265281786;0.4724527831589003;0.24057623120900573;0.0;0.3000766603593082;0.23173602635556578;0.24012537891803934;0.0;0.0;0.0;0.0;0.2861814293919405;0.0;0.0;0.0;0.23825422629690074;0.26338486611421014;0.0;0.0;0.0;0.0;0.19552872420089434;0.0;0.0;0.18926214201252603;0.0;0.0;0.0;0.2883303544245206;0.23225288508735834;0.20852550296707276;0.24172346567816863;0.18372280332341842;0.0;0.0;0.0;0.14498998540394925;0.0;0.2735210494895765;0.0;0.0;0.17774108615747325;0.0;0.17888445799089908;0.0;0.0;0.1834230530070565;0.0;0.27353560533861954;0.0;0.0;0.0;0.0;0.0;0.0
GO:0019886;0.0;0.0;0.0;0.0;0.0;0.0;0.0;0.0;0.0;0.0;0.0;0.1617778464398551;0.0;0.0;1.0;0.0;0.0;0.0;0.0;0.0;0.0;0.0;0.0;0.0;0.0;0.0;0.0;0.0;0.0;0.0;0.0;0.0;0.0;0.0;0.0;0.0;0.0;0.0;0.0;0.0;0.0;0.0;0.0;0.0;0.0;0.0;0.16346459408431951;0.0;0.0;0.0;0.0;0.0;0.0;0.0;0.0;0.0;0.18292448594461447;0.16824345000928062;0.0;0.0;0.0;0.0;0.0;0.0;0.0;0.16355755804866062;0.0;0.0;0.0;0.0;0.2728170427683015;0.0;0.0;0.21430912623708367;0.3140027272055329;0.25980442465219417;0.0;0.0;0.0;0.0;0.0;0.0;0.0;0.0;0.2074367636773438;0.0;0.0;0.0;0.18900279041647286;0.0;0.0;0.0;0.0;0.0;0.0;0.0;0.0;0.25021222278330446;0.2600209742202068;0.0;0.0;0.0;0.0;0.0;0.0;0.0;0.0;0.0;0.0;0.0;0.0;0.0;0.0;0.0;0.0;0.0;0.0;0.0;0.0;0.0;0.0;0.0;0.0;0.0;0.0;0.0;0.0;0.0;0.0;0.0;0.0;0.0;0.0;0.18841213726314976;0.0;0.0;0.0;0.0;0.0;0.3323090027586371;0.0;0.0;0.0;0.0;0.0;0.0;0.0
GO:0035556;0.19827579732998765;0.44897698848193174;0.20806550745224706;0.4255730330714507;0.21573595145001387;0.3958776174692267;0.5318683854861888;0.0;0.0;0.23453190389329298;0.0;0.23038926885860517;0.3860366394428919;0.3000766603593082;0.0;1.0;0.257668950433713;0.26973763352418295;0.1759423658684791;0.2223008539520991;0.9435551676684039;0.3149905676748958;0.441495069668783;0.3320118664429943;0.3311799729337279;0.8479600636848046;0.4405205909828561;0.5603730586737176;0.38612788065214815;0.6752894599775164;0.3412401041878294;0.22251120897183516;0.5303019491745954;0.2601319136790224;0.37757546703976974;0.3315066650726725;0.3775793476000176;0.16141991865488725;0.48241859883791827;0.47366266654315287;0.2292558357420516;0.5921253669683854;0.592117816420214;0.8800448626754314;0.341069387740712;0.893444152474511;0.40988660070025457;0.22946750361879942;0.37161243632395113;0.2934045030861563;0.5317740355481975;0.5310603632753756;0.0;0.4063565184074486;0.48120593585543653;0.25766895399622275;0.4615956203270835;0.30001184159482097;0.2504404380905105;0.0;0.2074996734297735;0.22340184997651663;0.20643238297698344;0.0;0.35349824975329897;0.41013207373774124;0.3528358751948222;0.34019484866082117;0.16553433545431034;0.30009929096009486;0.0;0.40735803311625385;0.13815436505007658;0.0;0.3476237930108152;0.2824031895046491;0.3404892684035642;0.0;0.19827273829277484;0.7462651347143983;0.26366001979469533;0.15553635577636976;0.0;0.16808717109795196;0.22159517728545386;0.4073544885311951;0.3000766603593082;0.3958776174692267;0.2006857625770764;0.441495069668783;0.7860658772866084;0.48241859883791827;0.8931860699661526;0.2733442236477545;0.283283994476004;0.14983404009933468;0.8800448626754314;0.27110596107799556;0.2826590686659188;0.0;0.23929343310552634;0.26385991502991074;0.3863077574529707;0.8303885688799914;0.23443270555812243;0.4253139800860521;0.42527991506123497;0.15402688497030537;0.3154509234453042;0.5284635855699251;0.32888229488435194;0.4069738896583706;0.42341152073995586;0.22283238981928957;0.4069766688575396;0.0;0.21472974236078132;0.4827380736265569;0.22462118693014754;0.24741993434970705;0.3519164227215028;0.2718136256840823;0.23987048810805878;0.28487605156415396;0.20762729925905488;0.4417967150555546;0.0;0.4416008718976386;0.15948027459181627;0.36439888600060993;0.7860538247370689;0.0;0.4818041407308962;0.4762964147900078;0.5316356634514076;0.2749158522511755;0.0;0.0;0.20724455362113553;0.0;0.7861043096265699;0.48254475307504696;0.25069952846147386;0.1784777433612413;0.48254140954539615;0.44800033907596515;0.20596047905791995
GO:0033138;0.4522902879518704;0.18458901351499457;0.0;0.19232718274695126;0.0;0.0;0.24033917761507229;0.0;0.0;0.30280880296148666;0.0;0.17378251005029874;0.1838192118669752;0.0;0.0;0.257668950433713;1.0;0.1670026682529573;0.0;0.13608944664077183;0.2514658802301641;0.0;0.21999039326195344;0.0;0.0;0.23992963283002985;0.30579034757303725;0.2459935303613243;0.22971301310748682;0.22903284772384136;0.267035043275418;0.1361682528012782;0.240018805150384;0.0;0.2823130382576521;0.0;0.20287794445596552;0.6825186178378981;0.22969967901180097;0.3505535215156492;0.3554581889619301;0.3505643627710809;0.2519224728393362;0.25766895043371296;0.2669599003069467;0.24559100473901793;0.20986225011353685;0.47224831500124254;0.15274087173335954;0.1757813372330202;0.24031991014745316;0.24017404765259187;0.0;0.2934819133796593;0.2294243924065308;0.938849082830615;0.22501264153268985;0.2478789894974208;0.159398431146728;0.0;0.0;0.1802059323988274;0.811919800290268;0.0;0.17610072268361984;0.20993777376180986;0.1759361870558163;0.19156669840176513;0.11247654066200347;0.0;0.0;0.21117250167435897;0.09912787053352574;0.0;0.0;0.0;0.1916600211056826;0.0;0.7898201932035412;0.2399328701696948;0.22912246393277771;0.0;0.0;0.0;0.0;0.29385555440132466;0.0;0.0;0.0;0.21999039326195344;0.2455628250236437;0.22969967901180097;0.24555979230885613;0.0;0.0;0.11167353731304097;0.25766895043371296;0.0;0.0;0.0;0.21542367307674243;0.5788439326798357;0.18388066207694145;0.25146816515833886;0.3895906916744071;0.42735029946699454;0.19226729477359988;0.0;0.0;0.23964149333117782;0.261509211242066;0.2937131618540841;0.2154062606298039;0.0;0.21106997001068414;0.0;0.0;0.22977208235898272;0.294347435238065;0.32277564304512046;0.0;0.0;0.0;0.0;0.0;0.3062315922431357;0.0;0.30616395879058167;0.0;0.3943810042258757;0.2455611684777532;0.0;0.3194443763199383;0.229058368799454;0.33437759561226293;0.11338381505781137;0.0;0.0;0.0;0.0;0.24556810711311106;0.2297282756540394;0.15950334845698913;0.7337781330261747;0.3196770938049021;0.19677907086162352;0.8106569412639756
GO:0050710;0.19460785216385576;0.22878408434780784;0.0;0.44576316914817093;0.0;0.0;0.2508060978356971;0.0;0.0;0.21842427229274092;0.0;0.14340600207884527;0.239228427030116;0.0;0.0;0.26973763352418295;0.1670026682529573;1.0;0.0;0.4813361850190779;0.26294753329210385;0.0;0.31828275840502185;0.0;0.0;0.2503601375215538;0.22846589338470868;0.2569699915847795;0.19147754631865907;0.2385187023086201;0.23815489210352583;0.1753259129052766;0.2504572331481393;0.0;0.21028474716274248;0.0;0.2926203754523935;0.12045287648700526;0.2392420009870152;0.21079542290073403;0.2151109988629924;0.26344830886076753;0.36659560651728196;0.2697376335241829;0.23808556654531843;0.25653077445302924;0.18040926772290405;0.15468155237492515;0.15991192382838781;0.25230718320037354;0.34897640295742416;0.2506262770345307;0.0;0.21892028586323226;0.23894338192008063;0.16700266974946412;0.19387183647835277;0.18381740463255833;0.953170201748743;0.0;0.0;0.1850201547149315;0.14386045220417357;0.0;0.2287842703425732;0.18047622667536944;0.18291876041489966;0.27574426546275804;0.14405815393130048;0.0;0.0;0.30503939157974147;0.1265855928090732;0.0;0.0;0.0;0.35351649614171826;0.0;0.13984963225021035;0.25036366245650704;0.1694989196639806;0.0;0.0;0.0;0.0;0.21920960915494117;0.0;0.0;0.0;0.31828275840502185;0.25650002846772013;0.2392420009870152;0.256496719588436;0.0;0.0;0.3125091983739576;0.2697376335241829;0.0;0.0;0.0;0.15908496444943288;0.16958151017943518;0.4253728770350445;0.26295003163935343;0.21836243239385159;0.2006447497792121;0.25070166564362045;0.0;0.0;0.25004641715965026;0.19426600581087558;0.30599348896046963;0.356080282009978;0.0;0.43374417924321657;0.0;0.0;0.33302304667540433;0.21215927283829936;0.14982529440405154;0.0;0.0;0.0;0.0;0.0;0.22880865962282118;0.0;0.22875611827924472;0.0;0.20613350293584368;0.256498221073312;0.0;0.2390907849084616;0.19747718225653968;0.25075433646530804;0.11728819555776543;0.0;0.0;0.0;0.0;0.25650579156250425;0.33295691692233015;0.228277072034007;0.12970304866973298;0.2392722010099311;0.20555533615699062;0.1436311111490628
GO:0032600;0.0;0.1207500614729537;0.12846805256158744;0.0;0.13135160880196653;0.18168964607992097;0.0;0.0;0.0;0.0;0.0;0.0;0.0;0.2687873987314197;0.0;0.1759423658684791;0.0;0.0;1.0;0.0;0.17107043146815548;0.2756805054365889;0.0;0.2831714295426237;0.16673992038640525;0.1621051509451743;0.0;0.0;0.0;0.15374881614542488;0.0;0.0;0.0;0.14658326389921972;0.0;0.28295459762758585;0.0;0.0;0.0;0.0;0.0;0.0;0.0;0.1759423658684791;0.0;0.1664894418775811;0.11379959085350541;0.0;0.0;0.0;0.0;0.0;0.23645113371845208;0.0;0.0;0.0;0.12290173238475231;0.0;0.0;0.0;0.12825211349436708;0.08211467316418017;0.0;0.0;0.0;0.11384463865502674;0.0;0.0;0.0;0.1584763893677788;0.0;0.0;0.0;0.0;0.1708078801492322;0.153400248520193;0.0;0.34805553470621176;0.0;0.16210764959540397;0.0;0.10630129911384531;0.34805553470621176;0.11201781092807772;0.1335008081491542;0.0;0.2687873987314197;0.18168964607992097;0.12561595331179604;0.0;0.16646754569972794;0.0;0.16646518926611742;0.2555871326127298;0.15365977063165792;0.0;0.1759423658684791;0.15000482052797695;0.15347571743981184;0.28902197614797714;0.0;0.0;0.0;0.17107221941838843;0.0;0.0;0.0;0.8136191311858649;0.16265655934690537;0.0;0.0;0.0;0.0;0.13394886034115205;0.0;0.0;0.13097792265081332;0.0;0.0;0.0;0.1718377942185293;0.15022121874647218;0.13992326932366805;0.1541269885943805;0.12830085857554294;0.0;0.0;0.0;0.10812884893202383;0.0;0.16646625855474884;0.0;0.0;0.12535477259663672;0.0;0.1259224099287596;0.0;0.0;0.12815460501495854;0.0;0.16647164992832839;0.0;0.0;0.0;0.0;0.0;0.0
GO:0042308;0.1419801000841685;0.15580456962216516;0.0;0.2577127097839376;0.0;0.0;0.20626751384101935;0.0;0.0;0.15965328710235754;0.0;0.14621516337911047;0.24552612158049938;0.0;0.0;0.2223008539520991;0.13608944664077183;0.4813361850190779;0.0;1.0;0.21654253497373135;0.0;0.23447804513295822;0.0;0.0;0.2058906311528111;0.18743315832278798;0.21148043924279103;0.1965188040432475;0.1958969210127194;0.1623249787109365;0.17868487423588209;0.20597268386702827;0.0;0.17217331075163153;0.0;0.2151365519784787;0.09765999847651612;0.1965066100854732;0.21692147462091432;0.15719069341139835;0.21696692111128205;0.27110455876210837;0.2223008539520991;0.1622766995285004;0.21110875028641707;0.14722989476887324;0.1258797190838577;0.16468611097257846;0.18491040021712774;0.2577147798375711;0.20611554216986736;0.0;0.17941371744425103;0.19625488379934958;0.13608944788250024;0.15844976398602068;0.15006715412866614;0.4583920185601554;0.0;0.0;0.18731007916679224;0.11693555705444914;0.0;0.23453747076755077;0.1472856174463431;0.18751400783995215;0.202459783152677;0.1463181471841964;0.0;0.0;0.22448686489515884;0.12832729713830246;0.0;0.0;0.0;0.20256402374010854;0.0;0.11362577279709886;0.20589360994298697;0.13816127895192104;0.0;0.0;0.0;0.0;0.17965653623968453;0.0;0.0;0.0;0.23447804513295822;0.21108273274238187;0.1965066100854732;0.2110799327478984;0.0;0.0;0.18309438208429418;0.2223008539520991;0.0;0.0;0.0;0.12952539614807881;0.13822984651965983;0.24561386229379825;0.2165446521010799;0.1596073128256762;0.20618726077716715;0.25762665513580285;0.0;0.0;0.2056255271206004;0.15877876796553805;0.26854852436323096;0.275063506128213;0.0;0.3563294534321168;0.0;0.0;0.2456231554017736;0.15499789681242554;0.15289426891012153;0.0;0.0;0.0;0.0;0.0;0.18772143554300944;0.0;0.18767724520580298;0.0;0.16869760889307445;0.21108120331360092;0.0;0.19637913771852264;0.16146012081131694;0.2062237682181606;0.11983622259996693;0.0;0.0;0.0;0.0;0.2110876095143513;0.24557309677083955;0.166983952038548;0.10526556040296332;0.19653206865636227;0.21137639757978008;0.11674622370176253
GO:0007264;0.19458229341310268;0.43568028249353075;0.2012864293183467;0.4049574842261815;0.208456575054217;0.3720377410246612;0.5060989359445487;0.0;0.0;0.22938167895525668;0.0;0.22421011763196558;0.36899691254985767;0.286176425864458;0.0;0.9435551676684039;0.2514658802301641;0.26294753329210385;0.17107043146815548;0.21654253497373135;1.0;0.299709486177576;0.4235915393435336;0.315079050495431;0.3143297516200638;0.9035774100081213;0.4226944120758309;0.5318415303434977;0.36908027585285685;0.6456520281142012;0.33044504925636065;0.21674212847942703;0.5046804102273297;0.24962122437387277;0.3644034644741684;0.31462403093327107;0.36440707900332864;0.1589634014381033;0.46112222608242914;0.4482638078077973;0.22433229273768496;0.560360522061594;0.5603537598849961;0.8303708779574338;0.3302849605833784;0.8481148567509689;0.3987758190027197;0.22453496258156425;0.3505276788343701;0.28538830414237754;0.5060135064479203;0.5053672617085635;0.0;0.3911403471131583;0.4600141429561437;0.25146588362321226;0.44755268410846627;0.29163568849129884;0.24457656137886735;0.0;0.20075681910544557;0.21953934056861993;0.20243181064819535;0.0;0.3391566063463225;0.39900816058092237;0.3385468410752735;0.3294647855450333;0.16232014299875996;0.2861970083510667;0.0;0.3920681762905273;0.13590830187028471;0.0;0.32910551064400284;0.27005840945060544;0.3297409181008595;0.0;0.19457934728171752;0.7102364674587837;0.2571687739758471;0.15171672458634766;0.0;0.16363505013370241;0.21392205840514233;0.39206489279703877;0.286176425864458;0.3720377410246612;0.1943717455099465;0.4235915393435336;0.7461943407136169;0.46112222608242914;0.8478822943746528;0.2617624952443105;0.27086378189378263;0.1477151854049492;0.8303708779574338;0.25970917457805565;0.2702923976382693;0.0;0.23393435209539712;0.25735894407987914;0.3692446167196087;0.786020810778403;0.22928678861289847;0.40472291444302794;0.4046920678882695;0.15028013962939824;0.30012622952941853;0.5030151174145817;0.318843454677911;0.3917123160822164;0.4069172064283623;0.21507485022657669;0.3917148907483442;0.0;0.20751697564288538;0.461414108490682;0.21989264800924735;0.24030757773273206;0.33295044699998194;0.26035852073059557;0.23090515359303382;0.27231893750938213;0.20087628272624705;0.42386920840559095;0.0;0.42368893361972637;0.15546697864068657;0.3521152369416701;0.7461834798270839;0.0;0.460560789478156;0.461359234995991;0.5058882142703239;0.26623369767733307;0.0;0.0;0.20051800096685632;0.0;0.7462289730478271;0.46123748667651293;0.24482365498801636;0.17547943813035868;0.46123443190093194;0.42521286888403936;0.20197799998952556
