;GO:2000480;GO:0090179;GO:0016925;GO:0032693;GO:0046854;GO:0022008;GO:1902950;GO:0002237;GO:0001666;GO:0045892;GO:0001942;GO:0006958;GO:0002638;GO:0070207;GO:0019886;GO:0035556;GO:0033138;GO:0050710;GO:0032600;GO:0042308;GO:0007264;GO:0065004;GO:1902564;GO:0051260;GO:0007268;GO:0007266;GO:0009967;GO:0032956;GO:0002922;GO:0002768;GO:2000768;GO:0002924;GO:0001959;GO:0034614;GO:0051897;GO:0051017;GO:0051898;GO:0043406;GO:0035023;GO:0060267;GO:0045947;GO:0008284;GO:0045786;GO:0097190;GO:0045666;GO:0097193;GO:0038096;GO:0045944;GO:0010918;GO:0030889;GO:0048147;GO:0060828;GO:0070588;GO:2000774;GO:0050855;GO:0050731;GO:0050853;GO:0031295;GO:1900165;GO:0048701;GO:1904646;GO:0051281;GO:0043410;GO:0050982;GO:0002587;GO:0002224;GO:0002622;GO:0050860;GO:0001811;GO:0072112;GO:0016064;GO:0050869;GO:0001814;GO:0019731;GO:0050900;GO:0030595;GO:2001199;GO:0034394;GO:0061098;GO:0007179;GO:1901300;GO:0006366;GO:0090251;GO:0006367;GO:0002322;GO:0050871;GO:0051289;GO:0035914;GO:0002316;GO:0043031;GO:0016055;GO:0032485;GO:0019722;GO:0048041;GO:0071219;GO:0043318;GO:0007186;GO:0030183;GO:0042100;GO:0006898;GO:0042104;GO:0042986;GO:0032913;GO:0007218;GO:0051573;GO:0010628;GO:0002605;GO:0032597;GO:0072139;GO:0010469;GO:0031666;GO:0050766;GO:0030336;GO:0016567;GO:0050765;GO:0046718;GO:0006468;GO:0010839;GO:0000122;GO:0030449;GO:0000086;GO:0034644;GO:0018298;GO:0071356;GO:0035335;GO:0032467;GO:0050829;GO:0032461;GO:0006351;GO:0006355;GO:0007169;GO:0007565;GO:1905898;GO:0002430;GO:1901216;GO:0007204;GO:0009617;GO:0042094;GO:0071222;GO:0045087;GO:0070098;GO:0043066;GO:0042130;GO:0046330;GO:0043065;GO:0045088;GO:0071902
GO:2000480;1.0;0.06666666666666665;0.0;0.08510638297872342;0.0;0.0;0.08510638297872342;0.0;0.0;0.24590163934426235;0.0;0.046875;0.08163265306122447;0.0;0.0;0.09090909090909094;0.2857142857142857;0.09375;0.0;0.06153846153846154;0.0888888888888889;0.0;0.12244897959183676;0.0;0.0;0.08510638297872342;0.07843137254901966;0.08695652173913049;0.06000000000000005;0.08163265306122447;0.06896551724137934;0.06153846153846154;0.08510638297872342;0.0;0.07272727272727275;0.0;0.1132075471698113;0.29729729729729726;0.08163265306122447;0.0888888888888889;0.3275862068965517;0.0888888888888889;0.13953488372093026;0.09090909090909094;0.06896551724137934;0.08695652173913049;0.06349206349206349;0.13235294117647056;0.04347826086956519;0.09836065573770492;0.1333333333333333;0.08510638297872342;0.0;0.07547169811320753;0.08163265306122447;0.2857142857142857;0.06779661016949157;0.06451612903225812;0.08955223880597019;0.0;0.0;0.04761904761904767;0.24242424242424243;0.0;0.07843137254901966;0.06349206349206349;0.05769230769230771;0.1071428571428571;0.05128205128205132;0.0;0.0;0.11764705882352944;0.045454545454545414;0.0;0.0;0.0;0.1071428571428571;0.0;0.33333333333333337;0.08510638297872342;0.05970149253731338;0.0;0.0;0.0;0.0;0.07547169811320753;0.0;0.0;0.0;0.12244897959183676;0.08695652173913049;0.08163265306122447;0.08695652173913049;0.0;0.0;0.06315789473684208;0.09090909090909094;0.0;0.0;0.0;0.05633802816901412;0.16393442622950816;0.08163265306122447;0.0888888888888889;0.38181818181818183;0.10869565217391308;0.08510638297872342;0.0;0.0;0.10869565217391308;0.06779661016949157;0.07547169811320753;0.12;0.0;0.11764705882352944;0.0;0.0;0.12765957446808507;0.23809523809523814;0.14035087719298245;0.0;0.0;0.0;0.0;0.0;0.07843137254901966;0.0;0.07843137254901966;0.0;0.17647058823529416;0.08695652173913049;0.0;0.08163265306122447;0.06896551724137934;0.08510638297872342;0.033333333333333326;0.0;0.0;0.0;0.0;0.08695652173913049;0.12765957446808507;0.08955223880597019;0.21621621621621623;0.08163265306122447;0.06382978723404253;0.3666666666666667
GO:0090179;0.06666666666666665;1.0;0.05128205128205132;0.14814814814814814;0.052631578947368474;0.07999999999999996;0.14814814814814814;0.0;0.0;0.07692307692307687;0.0;0.06818181818181823;0.09999999999999998;0.06666666666666665;0.0;0.2727272727272727;0.08333333333333337;0.11111111111111116;0.045454545454545414;0.06521739130434778;0.26086956521739135;0.06896551724137934;0.12903225806451613;0.0714285714285714;0.0714285714285714;0.24;0.12903225806451613;0.15384615384615385;0.09999999999999998;0.2692307692307693;0.19999999999999996;0.06521739130434778;0.14814814814814814;0.06060606060606055;0.11428571428571432;0.0714285714285714;0.11428571428571432;0.05555555555555558;0.13793103448275867;0.11538461538461542;0.07547169811320753;0.16000000000000003;0.16000000000000003;0.2727272727272727;0.23529411764705888;0.25;0.17500000000000004;0.07547169811320753;0.07692307692307687;0.09302325581395354;0.14814814814814814;0.14814814814814814;0.0;0.15625;0.13793103448275867;0.08333333333333337;0.19444444444444442;0.09523809523809523;0.10416666666666663;0.0;0.05128205128205132;0.07936507936507942;0.06896551724137934;0.0;0.09375;0.14634146341463417;0.09375;0.10526315789473684;0.05084745762711862;0.06666666666666665;0.0;0.12121212121212122;0.04347826086956519;0.0;0.07407407407407407;0.06451612903225812;0.19999999999999996;0.0;0.06666666666666665;0.29166666666666663;0.08510638297872342;0.04081632653061229;0.0;0.04347826086956519;0.05405405405405406;0.12121212121212122;0.06666666666666665;0.07999999999999996;0.050000000000000044;0.12903225806451613;0.36363636363636365;0.13793103448275867;0.25;0.0625;0.06451612903225812;0.051948051948051965;0.2727272727272727;0.0625;0.06451612903225812;0.0;0.07843137254901966;0.08510638297872342;0.13793103448275867;0.26086956521739135;0.07692307692307687;0.1071428571428571;0.1071428571428571;0.04081632653061229;0.06896551724137934;0.14814814814814814;0.10256410256410253;0.12121212121212122;0.125;0.05405405405405406;0.12121212121212122;0.0;0.052631578947368474;0.13793103448275867;0.07407407407407407;0.0714285714285714;0.07407407407407407;0.0625;0.05714285714285716;0.06451612903225812;0.05128205128205132;0.12903225806451613;0.0;0.12903225806451613;0.04166666666666663;0.11111111111111116;0.30434782608695654;0.0;0.13793103448275867;0.19999999999999996;0.14814814814814814;0.07692307692307687;0.0;0.0;0.05128205128205132;0.0;0.30434782608695654;0.13793103448275867;0.08163265306122447;0.06060606060606055;0.13793103448275867;0.11111111111111116;0.06896551724137934
GO:0016925;0.0;0.05128205128205132;1.0;0.0;0.19354838709677424;0.09090909090909094;0.0;0.0;0.0;0.0;0.0;0.2222222222222222;0.0;0.07407407407407407;0.0;0.08695652173913049;0.0;0.0;0.04878048780487809;0.0;0.08333333333333337;0.07692307692307687;0.0;0.07999999999999996;0.07999999999999996;0.07692307692307687;0.0;0.0;0.0;0.0714285714285714;0.0;0.0;0.0;0.06666666666666665;0.0;0.07999999999999996;0.0;0.0;0.0;0.0;0.0;0.0;0.0;0.08695652173913049;0.0;0.07999999999999996;0.04761904761904767;0.0;0.0;0.0;0.0;0.0;0.0;0.0;0.0;0.0;0.052631578947368474;0.0;0.0;0.0;0.05555555555555558;0.031746031746031744;0.0;0.0;0.0;0.04761904761904767;0.0;0.0;0.0;0.07407407407407407;0.0;0.0;0.0;0.0;0.08333333333333337;0.0714285714285714;0.0;0.0;0.0;0.07692307692307687;0.0;0.23076923076923073;0.0;0.21621621621621623;0.05882352941176472;0.0;0.07407407407407407;0.09090909090909094;0.05405405405405406;0.0;0.07999999999999996;0.0;0.07999999999999996;0.06896551724137934;0.0714285714285714;0.0;0.08695652173913049;0.06896551724137934;0.0714285714285714;0.0;0.0;0.0;0.0;0.08333333333333337;0.0;0.0;0.0;0.04347826086956519;0.07692307692307687;0.0;0.0;0.0;0.0;0.8947368421052632;0.0;0.0;0.6818181818181819;0.0;0.0;0.0;0.08333333333333337;0.06896551724137934;0.7894736842105263;0.0714285714285714;0.6521739130434783;0.0;0.0;0.0;0.23684210526315785;0.0;0.07999999999999996;0.0;0.0;0.05405405405405406;0.0;0.05405405405405406;0.0;0.31999999999999995;0.05555555555555558;0.0;0.07999999999999996;0.0;0.0;0.0;0.0;0.0;0.0
GO:0032693;0.08510638297872342;0.14814814814814814;0.0;1.0;0.0;0.0;0.19999999999999996;0.0;0.0;0.10256410256410253;0.0;0.09677419354838712;0.25;0.0;0.0;0.25;0.08333333333333337;0.27586206896551724;0.0;0.125;0.23076923076923073;0.0;0.2222222222222222;0.0;0.0;0.19999999999999996;0.1578947368421053;0.2142857142857143;0.17647058823529416;0.17647058823529416;0.16000000000000003;0.125;0.19999999999999996;0.0;0.13043478260869568;0.0;0.18181818181818177;0.050000000000000044;0.17647058823529416;0.23076923076923073;0.09999999999999998;0.23076923076923073;0.33333333333333337;0.25;0.16000000000000003;0.2142857142857143;0.09677419354838712;0.07317073170731703;0.15384615384615385;0.1333333333333333;0.2857142857142857;0.19999999999999996;0.0;0.1428571428571429;0.17647058823529416;0.08333333333333337;0.11111111111111116;0.09999999999999998;0.25;0.0;0.0;0.05769230769230771;0.06521739130434778;0.0;0.2222222222222222;0.09677419354838712;0.1578947368421053;0.16000000000000003;0.0888888888888889;0.0;0.0;0.19999999999999996;0.07272727272727275;0.0;0.0;0.0;0.26086956521739135;0.0;0.0625;0.19999999999999996;0.08571428571428574;0.0;0.0;0.0;0.0;0.1428571428571429;0.0;0.0;0.0;0.2222222222222222;0.2142857142857143;0.17647058823529416;0.2142857142857143;0.0;0.0;0.0625;0.25;0.0;0.0;0.0;0.07692307692307687;0.08571428571428574;0.6666666666666667;0.23076923076923073;0.10256410256410253;0.19999999999999996;0.2857142857142857;0.0;0.0;0.19999999999999996;0.11111111111111116;0.1428571428571429;0.21052631578947367;0.0;0.19999999999999996;0.0;0.0;0.25;0.09756097560975607;0.10344827586206895;0.0;0.0;0.0;0.0;0.0;0.1578947368421053;0.0;0.1578947368421053;0.0;0.125;0.2142857142857143;0.0;0.17647058823529416;0.11538461538461542;0.19999999999999996;0.07407407407407407;0.0;0.0;0.0;0.0;0.2142857142857143;0.25;0.11111111111111116;0.05555555555555558;0.17647058823529416;0.2142857142857143;0.06521739130434778
GO:0046854;0.0;0.052631578947368474;0.19354838709677424;0.0;1.0;0.09523809523809523;0.0;0.0;0.0;0.0;0.0;0.10256410256410253;0.0;0.07692307692307687;0.0;0.09090909090909094;0.0;0.0;0.050000000000000044;0.0;0.08695652173913049;0.07999999999999996;0.0;0.08333333333333337;0.08333333333333337;0.07999999999999996;0.0;0.0;0.0;0.07407407407407407;0.0;0.0;0.0;0.06896551724137934;0.0;0.08333333333333337;0.0;0.0;0.0;0.0;0.0;0.0;0.0;0.09090909090909094;0.0;0.08333333333333337;0.04878048780487809;0.0;0.0;0.0;0.0;0.0;0.0;0.0;0.0;0.0;0.05405405405405406;0.0;0.0;0.0;0.05714285714285716;0.032258064516129004;0.0;0.0;0.0;0.04878048780487809;0.0;0.0;0.0;0.07692307692307687;0.0;0.0;0.0;0.0;0.08695652173913049;0.07407407407407407;0.0;0.0;0.0;0.07999999999999996;0.0;0.14634146341463417;0.0;0.1578947368421053;0.06060606060606055;0.0;0.07692307692307687;0.09523809523809523;0.05555555555555558;0.0;0.08333333333333337;0.0;0.08333333333333337;0.0714285714285714;0.07407407407407407;0.0;0.09090909090909094;0.0714285714285714;0.07407407407407407;0.0;0.0;0.0;0.0;0.08695652173913049;0.0;0.0;0.0;0.0444444444444444;0.07999999999999996;0.0;0.0;0.0;0.0;0.2068965517241379;0.0;0.0;0.33333333333333337;0.0;0.0;0.0;0.08695652173913049;0.0714285714285714;0.2222222222222222;0.07407407407407407;0.27586206896551724;0.0;0.0;0.0;0.15000000000000002;0.0;0.08333333333333337;0.0;0.0;0.05555555555555558;0.0;0.05555555555555558;0.0;0.1428571428571429;0.05714285714285716;0.0;0.08333333333333337;0.0;0.0;0.0;0.0;0.0;0.0
GO:0022008;0.0;0.07999999999999996;0.09090909090909094;0.0;0.09523809523809523;1.0;0.0;0.0;0.0;0.0;0.2222222222222222;0.0;0.0;0.15384615384615385;0.0;0.2222222222222222;0.0;0.0;0.07407407407407407;0.0;0.19999999999999996;0.16666666666666663;0.0;0.18181818181818177;0.18181818181818177;0.16666666666666663;0.0;0.0;0.0;0.1428571428571429;0.0;0.0;0.0;0.125;0.0;0.18181818181818177;0.0;0.0;0.0;0.0;0.0;0.0;0.0;0.2222222222222222;0.0;0.18181818181818177;0.0714285714285714;0.0;0.0;0.0;0.0;0.0;0.0;0.0;0.0;0.0;0.08333333333333337;0.0;0.0;0.18181818181818177;0.09090909090909094;0.04081632653061229;0.0;0.0;0.0;0.0714285714285714;0.0;0.0;0.0;0.5;0.0;0.0;0.0;0.0;0.19999999999999996;0.1428571428571429;0.0;0.0;0.0;0.16666666666666663;0.0;0.0625;0.0;0.06896551724137934;0.09999999999999998;0.0;0.15384615384615385;1.0;0.25;0.0;0.18181818181818177;0.0;0.18181818181818177;0.1333333333333333;0.1428571428571429;0.0;0.2222222222222222;0.41666666666666663;0.1428571428571429;0.0;0.0;0.0;0.0;0.19999999999999996;0.0;0.0;0.0;0.0625;0.5555555555555556;0.0;0.0;0.0;0.0;0.09999999999999998;0.0;0.0;0.09523809523809523;0.0;0.0;0.0;0.19999999999999996;0.1333333333333333;0.11111111111111116;0.1428571428571429;0.09090909090909094;0.0;0.0;0.0;0.06451612903225812;0.0;0.18181818181818177;0.0;0.0;0.08695652173913049;0.0;0.08695652173913049;0.0;0.0;0.09090909090909094;0.0;0.18181818181818177;0.0;0.0;0.0;0.0;0.0;0.0
GO:1902950;0.08510638297872342;0.14814814814814814;0.0;0.19999999999999996;0.0;0.0;1.0;0.0;0.0;0.10256410256410253;0.0;0.09677419354838712;0.17647058823529416;0.0;0.0;0.36363636363636365;0.11428571428571432;0.12121212121212122;0.0;0.09090909090909094;0.33333333333333337;0.0;0.2222222222222222;0.0;0.0;0.2857142857142857;0.2222222222222222;0.41666666666666663;0.17647058823529416;0.25;0.16000000000000003;0.09090909090909094;0.2857142857142857;0.0;0.18181818181818177;0.0;0.18181818181818177;0.06779661016949157;0.25;0.23076923076923073;0.09999999999999998;0.33333333333333337;0.33333333333333337;0.36363636363636365;0.16000000000000003;0.3076923076923077;0.1333333333333333;0.09999999999999998;0.15384615384615385;0.1333333333333333;0.2857142857142857;0.2857142857142857;0.0;0.19999999999999996;0.25;0.11428571428571432;0.15384615384615385;0.13793103448275867;0.11111111111111116;0.0;0.0;0.07843137254901966;0.0888888888888889;0.0;0.1578947368421053;0.1333333333333333;0.1578947368421053;0.16000000000000003;0.06521739130434778;0.0;0.0;0.19999999999999996;0.0535714285714286;0.0;0.0;0.0;0.16000000000000003;0.0;0.08510638297872342;0.2857142857142857;0.11764705882352944;0.0;0.0;0.0;0.0;0.19999999999999996;0.0;0.0;0.0;0.2222222222222222;0.3076923076923077;0.25;0.3076923076923077;0.0;0.0;0.0625;0.36363636363636365;0.0;0.0;0.0;0.10526315789473684;0.11764705882352944;0.17647058823529416;0.33333333333333337;0.13157894736842102;0.19999999999999996;0.19999999999999996;0.0;0.0;0.2857142857142857;0.15384615384615385;0.26315789473684215;0.21052631578947367;0.0;0.26315789473684215;0.0;0.0;0.25;0.09756097560975607;0.10344827586206895;0.0;0.0;0.0;0.0;0.0;0.2222222222222222;0.0;0.2941176470588235;0.0;0.17391304347826086;0.3076923076923077;0.0;0.25;0.16000000000000003;0.2857142857142857;0.07407407407407407;0.0;0.0;0.0;0.0;0.3076923076923077;0.25;0.11111111111111116;0.07547169811320753;0.25;0.2142857142857143;0.0888888888888889
GO:0002237;0.0;0.0;0.0;0.0;0.0;0.0;0.0;1.0;0.18181818181818177;0.0;0.0;0.06666666666666665;0.0;0.0;0.0;0.0;0.0;0.0;0.0;0.0;0.0;0.0;0.0;0.0;0.0;0.0;0.0;0.0;0.0;0.0;0.0;0.0;0.0;0.17647058823529416;0.0;0.0;0.0;0.0;0.0;0.0;0.0;0.0;0.0;0.0;0.0;0.0;0.0;0.0;0.0;0.0;0.0;0.0;0.0;0.0;0.0;0.0;0.0;0.0;0.0;0.0;0.18181818181818177;0.0;0.0;0.25;0.0;0.0;0.0;0.0;0.0;0.0;0.1333333333333333;0.0;0.0;0.2777777777777778;0.0;0.0;0.0;0.0;0.0;0.0;0.0;0.0;0.0;0.0;0.0;0.0;0.0;0.0;0.0;0.0;0.0;0.0;0.0;0.0;0.6363636363636364;0.0;0.0;0.0;0.0;0.0;0.0;0.0;0.0;0.0;0.0;0.0;0.0;0.0;0.0;0.0;0.0;0.0;0.0;0.0;0.0;0.0;0.0;0.0;0.0;0.0;0.0;0.11764705882352944;0.0;0.2857142857142857;0.0;0.0;0.3571428571428571;0.0;0.0;0.0;0.0;0.0;0.0;0.0;0.0;0.0;0.5555555555555556;0.0;0.368421052631579;0.18181818181818177;0.0;0.0;0.0;0.0;0.0;0.0;0.0
GO:0001666;0.0;0.0;0.0;0.0;0.0;0.0;0.0;0.18181818181818177;1.0;0.0;0.0;0.06896551724137934;0.0;0.0;0.0;0.0;0.0;0.0;0.0;0.0;0.0;0.0;0.0;0.0;0.0;0.0;0.0;0.0;0.0;0.0;0.0;0.0;0.0;0.1875;0.0;0.0;0.0;0.0;0.0;0.0;0.0;0.0;0.0;0.0;0.0;0.0;0.0;0.0;0.0;0.0;0.0;0.0;0.0;0.0;0.0;0.0;0.0;0.0;0.0;0.0;0.08695652173913049;0.0;0.0;0.2727272727272727;0.0;0.0;0.0;0.0;0.0;0.0;0.1428571428571429;0.0;0.0;0.1578947368421053;0.0;0.0;0.0;0.0;0.0;0.0;0.0;0.0;0.0;0.0;0.0;0.0;0.0;0.0;0.0;0.0;0.0;0.0;0.0;0.0;0.1333333333333333;0.0;0.0;0.0;0.0;0.0;0.0;0.0;0.0;0.0;0.0;0.0;0.0;0.0;0.0;0.0;0.0;0.0;0.0;0.0;0.0;0.0;0.0;0.0;0.0;0.0;0.0;0.19999999999999996;0.0;0.1333333333333333;0.0;0.0;0.19999999999999996;0.0;0.0;0.0;0.0;0.0;0.0;0.0;0.0;0.0;0.18181818181818177;0.0;0.08695652173913049;0.33333333333333337;0.0;0.0;0.0;0.0;0.0;0.0;0.0
GO:0045892;0.24590163934426235;0.07692307692307687;0.0;0.10256410256410253;0.0;0.0;0.10256410256410253;0.0;0.0;1.0;0.0;0.0535714285714286;0.09756097560975607;0.0;0.0;0.11111111111111116;0.1636363636363637;0.1071428571428571;0.0;0.07017543859649122;0.10810810810810811;0.0;0.14634146341463417;0.0;0.0;0.10256410256410253;0.09302325581395354;0.10526315789473684;0.0714285714285714;0.09756097560975607;0.07999999999999996;0.07017543859649122;0.10256410256410253;0.0;0.08510638297872342;0.0;0.1333333333333333;0.11392405063291144;0.09756097560975607;0.10810810810810811;0.5681818181818181;0.10810810810810811;0.17142857142857137;0.11111111111111116;0.07999999999999996;0.10526315789473684;0.07272727272727275;0.38;0.052631578947368474;0.1132075471698113;0.16216216216216217;0.10256410256410253;0.0;0.0888888888888889;0.09756097560975607;0.1636363636363637;0.07843137254901966;0.07407407407407407;0.10169491525423724;0.0;0.0;0.052631578947368474;0.1384615384615384;0.0;0.09302325581395354;0.07272727272727275;0.06818181818181823;0.125;0.05714285714285716;0.0;0.0;0.13953488372093026;0.050000000000000044;0.0;0.0;0.0;0.125;0.0;0.13432835820895528;0.10256410256410253;0.06779661016949157;0.0;0.0;0.0;0.0;0.0888888888888889;0.0;0.0;0.0;0.14634146341463417;0.10526315789473684;0.09756097560975607;0.10526315789473684;0.0;0.0;0.06896551724137934;0.11111111111111116;0.0;0.0;0.0;0.06349206349206349;0.26;0.09756097560975607;0.10810810810810811;0.28301886792452835;0.16216216216216217;0.10256410256410253;0.0;0.0;0.10256410256410253;0.07843137254901966;0.0888888888888889;0.1428571428571429;0.0;0.13953488372093026;0.0;0.0;0.15384615384615385;0.9444444444444444;0.16326530612244894;0.0;0.0;0.0;0.0;0.0;0.09302325581395354;0.0;0.09302325581395354;0.0;0.5294117647058824;0.10526315789473684;0.0;0.09756097560975607;0.07999999999999996;0.10256410256410253;0.038461538461538436;0.0;0.0;0.0;0.0;0.10526315789473684;0.15384615384615385;0.10169491525423724;0.12328767123287676;0.09756097560975607;0.07692307692307687;0.1384615384615384
GO:0001942;0.0;0.0;0.0;0.0;0.0;0.2222222222222222;0.0;0.0;0.0;0.0;1.0;0.0;0.0;0.0;0.0;0.0;0.0;0.0;0.0;0.0;0.0;0.0;0.0;0.0;0.0;0.0;0.0;0.0;0.0;0.0;0.0;0.0;0.0;0.0;0.0;0.0;0.0;0.0;0.0;0.0;0.0;0.0;0.0;0.0;0.0;0.0;0.0;0.0;0.0;0.0;0.0;0.0;0.0;0.0;0.0;0.0;0.0;0.0;0.0;0.16666666666666663;0.0;0.0;0.0;0.0;0.0;0.0;0.0;0.0;0.0;0.1428571428571429;0.0;0.0;0.0;0.0;0.0;0.0;0.0;0.0;0.0;0.0;0.0;0.0;0.0;0.0;0.0;0.0;0.0;0.2222222222222222;0.08333333333333337;0.0;0.0;0.0;0.0;0.0;0.0;0.0;0.0;0.125;0.0;0.0;0.0;0.0;0.0;0.0;0.0;0.0;0.0;0.0;0.15384615384615385;0.0;0.0;0.0;0.0;0.0;0.0;0.0;0.0;0.0;0.0;0.0;0.0;0.0;0.0;0.0;0.0;0.0;0.0;0.0;0.0;0.0;0.0;0.19999999999999996;0.0;0.0;0.0;0.0;0.0;0.0;0.0;0.0;0.0;0.0;0.0;0.0;0.0;0.0;0.0
GO:0006958;0.046875;0.06818181818181823;0.2222222222222222;0.09677419354838712;0.10256410256410253;0.0;0.09677419354838712;0.06666666666666665;0.06896551724137934;0.0535714285714286;0.0;1.0;0.125;0.0;0.06451612903225812;0.1071428571428571;0.07843137254901966;0.06000000000000005;0.0;0.061224489795918324;0.10344827586206895;0.0;0.11764705882352944;0.0;0.0;0.09677419354838712;0.1875;0.09999999999999998;0.3846153846153846;0.19999999999999996;0.09756097560975607;0.13043478260869568;0.1333333333333333;0.05555555555555558;0.16666666666666663;0.0;0.10526315789473684;0.0821917808219178;0.125;0.1428571428571429;0.052631578947368474;0.1428571428571429;0.10344827586206895;0.1071428571428571;0.09756097560975607;0.09999999999999998;0.3513513513513513;0.0714285714285714;0.06896551724137934;0.08695652173913049;0.09677419354838712;0.1333333333333333;0.0;0.17647058823529416;0.19999999999999996;0.07843137254901966;0.3529411764705882;0.16666666666666663;0.05660377358490565;0.0;0.04761904761904767;0.05970149253731338;0.10169491525423724;0.06451612903225812;0.11764705882352944;0.3157894736842105;0.1875;0.15384615384615385;0.10169491525423724;0.0;0.16666666666666663;0.11111111111111116;0.08695652173913049;0.13888888888888884;0.06666666666666665;0.05882352941176472;0.09756097560975607;0.0;0.06349206349206349;0.09677419354838712;0.125;0.125;0.0;0.1333333333333333;0.07692307692307687;0.17647058823529416;0.0;0.0;0.0714285714285714;0.11764705882352944;0.09999999999999998;0.125;0.09999999999999998;0.0;0.05882352941176472;0.07692307692307687;0.1071428571428571;0.05714285714285716;0.05882352941176472;0.0;0.11538461538461542;0.07999999999999996;0.09090909090909094;0.10344827586206895;0.0535714285714286;0.1333333333333333;0.1333333333333333;0.0;0.0;0.1333333333333333;0.15000000000000002;0.11111111111111116;0.08333333333333337;0.23529411764705888;0.08108108108108103;0.0;0.22857142857142854;0.09090909090909094;0.051724137931034475;0.1428571428571429;0.0;0.05714285714285716;0.25;0.05882352941176472;0.2222222222222222;0.11764705882352944;0.05714285714285716;0.11764705882352944;0.12765957446808507;0.07499999999999996;0.09999999999999998;0.0;0.19999999999999996;0.36363636363636365;0.1333333333333333;0.046511627906976716;0.06666666666666665;0.25806451612903225;0.04761904761904767;0.14814814814814814;0.09999999999999998;0.09090909090909094;0.07692307692307687;0.08955223880597019;0.125;0.2222222222222222;0.06557377049180324
GO:0002638;0.08163265306122447;0.09999999999999998;0.0;0.25;0.0;0.0;0.17647058823529416;0.0;0.0;0.09756097560975607;0.0;0.125;1.0;0.0;0.0;0.2142857142857143;0.07894736842105265;0.11428571428571432;0.0;0.11764705882352944;0.19999999999999996;0.0;0.33333333333333337;0.0;0.0;0.17647058823529416;0.1428571428571429;0.1875;0.2222222222222222;0.2222222222222222;0.1071428571428571;0.2666666666666667;0.17647058823529416;0.0;0.12;0.0;0.16666666666666663;0.048387096774193505;0.1578947368421053;0.19999999999999996;0.09523809523809523;0.19999999999999996;0.2857142857142857;0.2142857142857143;0.1071428571428571;0.1875;0.125;0.06976744186046513;0.1333333333333333;0.19999999999999996;0.25;0.17647058823529416;0.0;0.13043478260869568;0.2222222222222222;0.07894736842105265;0.1428571428571429;0.12903225806451613;0.10526315789473684;0.0;0.0;0.05555555555555558;0.0625;0.0;0.33333333333333337;0.125;0.26315789473684215;0.24;0.18604651162790697;0.0;0.0;0.30000000000000004;0.15094339622641506;0.0;0.0;0.0;0.24;0.0;0.06000000000000005;0.17647058823529416;0.08108108108108103;0.0;0.0;0.0;0.0;0.18181818181818177;0.0;0.0;0.0;0.33333333333333337;0.1875;0.1578947368421053;0.1875;0.0;0.0;0.12903225806451613;0.2142857142857143;0.0;0.0;0.0;0.09999999999999998;0.08108108108108103;0.2222222222222222;0.19999999999999996;0.09756097560975607;0.17647058823529416;0.4285714285714286;0.0;0.0;0.17647058823529416;0.10344827586206895;0.13043478260869568;0.19047619047619047;0.0;0.18181818181818177;0.0;0.0;0.2222222222222222;0.09302325581395354;0.1724137931034483;0.0;0.0;0.0;0.0;0.0;0.1428571428571429;0.0;0.1428571428571429;0.0;0.11538461538461542;0.1875;0.0;0.1578947368421053;0.14814814814814814;0.17647058823529416;0.06896551724137934;0.0;0.0;0.0;0.0;0.1875;0.2222222222222222;0.16666666666666663;0.0535714285714286;0.1578947368421053;0.2666666666666667;0.0625
GO:0070207;0.0;0.06666666666666665;0.07407407407407407;0.0;0.07692307692307687;0.15384615384615385;0.0;0.0;0.0;0.0;0.0;0.0;0.0;1.0;0.0;0.1428571428571429;0.0;0.0;0.1333333333333333;0.0;0.1333333333333333;0.5833333333333333;0.0;0.8;0.125;0.11764705882352944;0.0;0.0;0.0;0.10526315789473684;0.0;0.0;0.0;0.09523809523809523;0.0;0.3846153846153846;0.0;0.0;0.0;0.0;0.0;0.0;0.0;0.1428571428571429;0.0;0.125;0.06060606060606055;0.0;0.0;0.0;0.0;0.0;0.0;0.0;0.0;0.0;0.06896551724137934;0.0;0.0;0.0;0.07407407407407407;0.03703703703703709;0.0;0.0;0.0;0.06060606060606055;0.0;0.0;0.0;0.11111111111111116;0.0;0.0;0.0;0.0;0.1333333333333333;0.10526315789473684;0.0;0.0;0.0;0.11764705882352944;0.0;0.05405405405405406;0.0;0.05882352941176472;0.07999999999999996;0.0;0.8181818181818181;0.15384615384615385;0.0714285714285714;0.0;0.125;0.0;0.125;0.2941176470588235;0.10526315789473684;0.0;0.1428571428571429;0.09999999999999998;0.10526315789473684;0.0;0.0;0.0;0.0;0.1333333333333333;0.0;0.0;0.0;0.11428571428571432;0.11764705882352944;0.0;0.0;0.0;0.0;0.07999999999999996;0.0;0.0;0.07692307692307687;0.0;0.0;0.0;0.1333333333333333;0.09999999999999998;0.08695652173913049;0.10526315789473684;0.07407407407407407;0.0;0.0;0.0;0.05555555555555558;0.0;0.125;0.0;0.0;0.0714285714285714;0.0;0.0714285714285714;0.0;0.0;0.07407407407407407;0.0;0.125;0.0;0.0;0.0;0.0;0.0;0.0
GO:0019886;0.0;0.0;0.0;0.0;0.0;0.0;0.0;0.0;0.0;0.0;0.0;0.06451612903225812;0.0;0.0;1.0;0.0;0.0;0.0;0.0;0.0;0.0;0.0;0.0;0.0;0.0;0.0;0.0;0.0;0.0;0.0;0.0;0.0;0.0;0.0;0.0;0.0;0.0;0.0;0.0;0.0;0.0;0.0;0.0;0.0;0.0;0.0;0.06451612903225812;0.0;0.0;0.0;0.0;0.0;0.0;0.0;0.0;0.0;0.07407407407407407;0.06666666666666665;0.0;0.0;0.0;0.0;0.0;0.0;0.0;0.06451612903225812;0.0;0.0;0.0;0.0;0.125;0.0;0.0;0.09090909090909094;0.15384615384615385;0.11764705882352944;0.0;0.0;0.0;0.0;0.0;0.0;0.0;0.0;0.08695652173913049;0.0;0.0;0.0;0.07692307692307687;0.0;0.0;0.0;0.0;0.0;0.0;0.0;0.0;0.11111111111111116;0.11764705882352944;0.0;0.0;0.0;0.0;0.0;0.0;0.0;0.0;0.0;0.0;0.0;0.0;0.0;0.0;0.0;0.0;0.0;0.0;0.0;0.0;0.0;0.0;0.0;0.0;0.0;0.0;0.0;0.0;0.0;0.0;0.0;0.0;0.0;0.0;0.07692307692307687;0.0;0.0;0.0;0.0;0.0;0.16666666666666663;0.0;0.0;0.0;0.0;0.0;0.0;0.0
GO:0035556;0.09090909090909094;0.2727272727272727;0.08695652173913049;0.25;0.09090909090909094;0.2222222222222222;0.36363636363636365;0.0;0.0;0.11111111111111116;0.0;0.1071428571428571;0.2142857142857143;0.1428571428571429;0.0;1.0;0.125;0.1333333333333333;0.0714285714285714;0.09999999999999998;0.8571428571428572;0.15384615384615385;0.2666666666666667;0.16666666666666663;0.16666666666666663;0.6666666666666667;0.2666666666666667;0.4;0.2142857142857143;0.5454545454545454;0.18181818181818177;0.09999999999999998;0.36363636363636365;0.11764705882352944;0.21052631578947367;0.16666666666666663;0.21052631578947367;0.0714285714285714;0.3076923076923077;0.30000000000000004;0.10810810810810811;0.4444444444444444;0.4444444444444444;1.0;0.18181818181818177;0.75;0.24;0.10810810810810811;0.19999999999999996;0.14814814814814814;0.36363636363636365;0.36363636363636365;0.0;0.23529411764705888;0.3076923076923077;0.125;0.2857142857142857;0.15384615384615385;0.12121212121212122;0.0;0.08695652173913049;0.1063829787234043;0.09523809523809523;0.0;0.1875;0.24;0.1875;0.18181818181818177;0.06976744186046513;0.1428571428571429;0.0;0.23529411764705888;0.05660377358490565;0.0;0.18181818181818177;0.1333333333333333;0.18181818181818177;0.0;0.09090909090909094;0.6666666666666667;0.12903225806451613;0.06060606060606055;0.0;0.06666666666666665;0.09523809523809523;0.23529411764705888;0.1428571428571429;0.2222222222222222;0.08333333333333337;0.2666666666666667;0.75;0.3076923076923077;0.75;0.125;0.1333333333333333;0.06557377049180324;1.0;0.125;0.1333333333333333;0.0;0.11428571428571432;0.12903225806451613;0.2142857142857143;0.8571428571428572;0.11111111111111116;0.25;0.25;0.06060606060606055;0.15384615384615385;0.36363636363636365;0.17391304347826086;0.23529411764705888;0.25;0.09523809523809523;0.23529411764705888;0.0;0.09090909090909094;0.3076923076923077;0.10526315789473684;0.11538461538461542;0.18181818181818177;0.125;0.10526315789473684;0.1333333333333333;0.08695652173913049;0.2666666666666667;0.0;0.2666666666666667;0.0625;0.19999999999999996;0.75;0.0;0.3076923076923077;0.30000000000000004;0.36363636363636365;0.13043478260869568;0.0;0.0;0.08695652173913049;0.0;0.75;0.3076923076923077;0.12121212121212122;0.07999999999999996;0.3076923076923077;0.2727272727272727;0.09523809523809523
GO:0033138;0.2857142857142857;0.08333333333333337;0.0;0.08333333333333337;0.0;0.0;0.11428571428571432;0.0;0.0;0.1636363636363637;0.0;0.07843137254901966;0.07894736842105265;0.0;0.0;0.125;1.0;0.07407407407407407;0.0;0.05555555555555558;0.12121212121212122;0.0;0.10256410256410253;0.0;0.0;0.11428571428571432;0.16216216216216217;0.11764705882352944;0.10810810810810811;0.10810810810810811;0.13636363636363635;0.05555555555555558;0.11428571428571432;0.0;0.14634146341463417;0.0;0.09302325581395354;0.5272727272727273;0.10810810810810811;0.19354838709677424;0.20370370370370372;0.19354838709677424;0.12121212121212122;0.125;0.13636363636363635;0.11764705882352944;0.09999999999999998;0.30000000000000004;0.05882352941176472;0.07843137254901966;0.11428571428571432;0.11428571428571432;0.0;0.15384615384615385;0.10810810810810811;0.935483870967742;0.10869565217391308;0.125;0.07017543859649122;0.0;0.0;0.08571428571428574;0.7073170731707317;0.0;0.07499999999999996;0.09999999999999998;0.07499999999999996;0.08695652173913049;0.04477611940298509;0.0;0.0;0.09756097560975607;0.038961038961038974;0.0;0.0;0.0;0.08695652173913049;0.0;0.6744186046511628;0.11428571428571432;0.1132075471698113;0.0;0.0;0.0;0.0;0.15384615384615385;0.0;0.0;0.0;0.10256410256410253;0.11764705882352944;0.10810810810810811;0.11764705882352944;0.0;0.0;0.04705882352941182;0.125;0.0;0.0;0.0;0.10526315789473684;0.40476190476190477;0.07894736842105265;0.12121212121212122;0.23076923076923073;0.25806451612903225;0.08333333333333337;0.0;0.0;0.11428571428571432;0.1333333333333333;0.15384615384615385;0.09999999999999998;0.0;0.09756097560975607;0.0;0.0;0.10810810810810811;0.1578947368421053;0.1777777777777778;0.0;0.0;0.0;0.0;0.0;0.16216216216216217;0.0;0.16216216216216217;0.0;0.23076923076923073;0.11764705882352944;0.0;0.17142857142857137;0.11111111111111116;0.18181818181818177;0.04166666666666663;0.0;0.0;0.0;0.0;0.11764705882352944;0.10810810810810811;0.07017543859649122;0.5918367346938775;0.17142857142857137;0.08571428571428574;0.7073170731707317
GO:0050710;0.09375;0.11111111111111116;0.0;0.27586206896551724;0.0;0.0;0.12121212121212122;0.0;0.0;0.1071428571428571;0.0;0.06000000000000005;0.11428571428571432;0.0;0.0;0.1333333333333333;0.07407407407407407;1.0;0.0;0.30952380952380953;0.12903225806451613;0.0;0.17142857142857137;0.0;0.0;0.12121212121212122;0.10810810810810811;0.125;0.08333333333333337;0.11428571428571432;0.11627906976744184;0.07843137254901966;0.12121212121212122;0.0;0.09756097560975607;0.0;0.15384615384615385;0.05128205128205132;0.11428571428571432;0.09375;0.10526315789473684;0.12903225806451613;0.2068965517241379;0.1333333333333333;0.11627906976744184;0.125;0.08163265306122447;0.06779661016949157;0.0625;0.12765957446808507;0.19354838709677424;0.12121212121212122;0.0;0.10256410256410253;0.11428571428571432;0.07407407407407407;0.0888888888888889;0.08333333333333337;0.9032258064516129;0.0;0.0;0.08823529411764708;0.0625;0.0;0.10810810810810811;0.08163265306122447;0.07894736842105265;0.1428571428571429;0.0625;0.0;0.0;0.16216216216216217;0.05405405405405406;0.0;0.0;0.0;0.19999999999999996;0.0;0.06060606060606055;0.12121212121212122;0.07547169811320753;0.0;0.0;0.0;0.0;0.10256410256410253;0.0;0.0;0.0;0.17142857142857137;0.125;0.11428571428571432;0.125;0.0;0.0;0.17567567567567566;0.1333333333333333;0.0;0.0;0.0;0.07017543859649122;0.07547169811320753;0.25806451612903225;0.12903225806451613;0.1071428571428571;0.08823529411764708;0.12121212121212122;0.0;0.0;0.12121212121212122;0.0888888888888889;0.16216216216216217;0.19999999999999996;0.0;0.2647058823529411;0.0;0.0;0.18181818181818177;0.10344827586206895;0.0625;0.0;0.0;0.0;0.0;0.0;0.10810810810810811;0.0;0.10810810810810811;0.0;0.09523809523809523;0.125;0.0;0.11428571428571432;0.09090909090909094;0.12121212121212122;0.04347826086956519;0.0;0.0;0.0;0.0;0.125;0.18181818181818177;0.1132075471698113;0.05555555555555558;0.11428571428571432;0.09090909090909094;0.0625
GO:0032600;0.0;0.045454545454545414;0.04878048780487809;0.0;0.050000000000000044;0.07407407407407407;0.0;0.0;0.0;0.0;0.0;0.0;0.0;0.1333333333333333;0.0;0.0714285714285714;0.0;0.0;1.0;0.0;0.06896551724137934;0.13793103448275867;0.0;0.1428571428571429;0.06666666666666665;0.06451612903225812;0.0;0.0;0.0;0.06060606060606055;0.0;0.0;0.0;0.05714285714285716;0.0;0.1428571428571429;0.0;0.0;0.0;0.0;0.0;0.0;0.0;0.0714285714285714;0.0;0.06666666666666665;0.04255319148936165;0.0;0.0;0.0;0.0;0.0;0.11428571428571432;0.0;0.0;0.0;0.046511627906976716;0.0;0.0;0.0;0.04878048780487809;0.02941176470588236;0.0;0.0;0.0;0.04255319148936165;0.0;0.0;0.0;0.0625;0.0;0.0;0.0;0.0;0.06896551724137934;0.06060606060606055;0.0;0.1923076923076923;0.0;0.06451612903225812;0.0;0.039215686274509776;0.1923076923076923;0.04166666666666663;0.05128205128205132;0.0;0.1333333333333333;0.07407407407407407;0.04761904761904767;0.0;0.06666666666666665;0.0;0.06666666666666665;0.125;0.06060606060606055;0.0;0.0714285714285714;0.05882352941176472;0.06060606060606055;0.14814814814814814;0.0;0.0;0.0;0.06896551724137934;0.0;0.0;0.0;0.7096774193548387;0.06451612903225812;0.0;0.0;0.0;0.0;0.05128205128205132;0.0;0.0;0.050000000000000044;0.0;0.0;0.0;0.06896551724137934;0.05882352941176472;0.05405405405405406;0.06060606060606055;0.04878048780487809;0.0;0.0;0.0;0.040000000000000036;0.0;0.06666666666666665;0.0;0.0;0.04761904761904767;0.0;0.04761904761904767;0.0;0.0;0.04878048780487809;0.0;0.06666666666666665;0.0;0.0;0.0;0.0;0.0;0.0
GO:0042308;0.06153846153846154;0.06521739130434778;0.0;0.125;0.0;0.0;0.09090909090909094;0.0;0.0;0.07017543859649122;0.0;0.061224489795918324;0.11764705882352944;0.0;0.0;0.09999999999999998;0.05555555555555558;0.30952380952380953;0.0;1.0;0.09677419354838712;0.0;0.11111111111111116;0.0;0.0;0.09090909090909094;0.08108108108108103;0.09375;0.08571428571428574;0.08571428571428574;0.06818181818181823;0.07999999999999996;0.09090909090909094;0.0;0.07317073170731703;0.0;0.09999999999999998;0.038461538461538436;0.08571428571428574;0.09677419354838712;0.06896551724137934;0.09677419354838712;0.1333333333333333;0.09999999999999998;0.06818181818181823;0.09375;0.061224489795918324;0.05084745762711862;0.06451612903225812;0.08333333333333337;0.125;0.09090909090909094;0.0;0.07692307692307687;0.08571428571428574;0.05555555555555558;0.06666666666666665;0.0625;0.28888888888888886;0.0;0.0;0.08955223880597019;0.046875;0.0;0.11111111111111116;0.061224489795918324;0.08108108108108103;0.09302325581395354;0.06349206349206349;0.0;0.0;0.10526315789473684;0.0547945205479452;0.0;0.0;0.0;0.09302325581395354;0.0;0.045454545454545414;0.09090909090909094;0.05660377358490565;0.0;0.0;0.0;0.0;0.07692307692307687;0.0;0.0;0.0;0.11111111111111116;0.09375;0.08571428571428574;0.09375;0.0;0.0;0.08860759493670889;0.09999999999999998;0.0;0.0;0.0;0.052631578947368474;0.05660377358490565;0.11764705882352944;0.09677419354838712;0.07017543859649122;0.09090909090909094;0.125;0.0;0.0;0.09090909090909094;0.06666666666666665;0.1351351351351351;0.13888888888888884;0.0;0.19999999999999996;0.0;0.0;0.11764705882352944;0.06779661016949157;0.06382978723404253;0.0;0.0;0.0;0.0;0.0;0.08108108108108103;0.0;0.08108108108108103;0.0;0.0714285714285714;0.09375;0.0;0.08571428571428574;0.06818181818181823;0.09090909090909094;0.0444444444444444;0.0;0.0;0.0;0.0;0.09375;0.11764705882352944;0.07407407407407407;0.04166666666666663;0.08571428571428574;0.09375;0.046875
GO:0007264;0.0888888888888889;0.26086956521739135;0.08333333333333337;0.23076923076923073;0.08695652173913049;0.19999999999999996;0.33333333333333337;0.0;0.0;0.10810810810810811;0.0;0.10344827586206895;0.19999999999999996;0.1333333333333333;0.0;0.8571428571428572;0.12121212121212122;0.12903225806451613;0.06896551724137934;0.09677419354838712;1.0;0.1428571428571429;0.25;0.15384615384615385;0.15384615384615385;0.7777777777777778;0.25;0.36363636363636365;0.19999999999999996;0.5;0.17391304347826086;0.09677419354838712;0.33333333333333337;0.11111111111111116;0.19999999999999996;0.15384615384615385;0.19999999999999996;0.07017543859649122;0.2857142857142857;0.2727272727272727;0.10526315789473684;0.4;0.4;0.8571428571428572;0.17391304347826086;0.875;0.23076923076923073;0.10526315789473684;0.18181818181818177;0.1428571428571429;0.33333333333333337;0.33333333333333337;0.0;0.2222222222222222;0.2857142857142857;0.12121212121212122;0.2727272727272727;0.14814814814814814;0.11764705882352944;0.0;0.08333333333333337;0.10416666666666663;0.09302325581395354;0.0;0.17647058823529416;0.23076923076923073;0.17647058823529416;0.17391304347826086;0.06818181818181823;0.1333333333333333;0.0;0.2222222222222222;0.05555555555555558;0.0;0.16666666666666663;0.125;0.17391304347826086;0.0;0.0888888888888889;0.6;0.125;0.05882352941176472;0.0;0.06451612903225812;0.09090909090909094;0.2222222222222222;0.1333333333333333;0.19999999999999996;0.07999999999999996;0.25;0.6666666666666667;0.2857142857142857;0.875;0.11764705882352944;0.125;0.06451612903225812;0.8571428571428572;0.11764705882352944;0.125;0.0;0.11111111111111116;0.125;0.19999999999999996;0.75;0.10810810810810811;0.23076923076923073;0.23076923076923073;0.05882352941176472;0.1428571428571429;0.33333333333333337;0.16666666666666663;0.2222222222222222;0.23529411764705888;0.09090909090909094;0.2222222222222222;0.0;0.08695652173913049;0.2857142857142857;0.10256410256410253;0.11111111111111116;0.16666666666666663;0.11764705882352944;0.09999999999999998;0.125;0.08333333333333337;0.25;0.0;0.25;0.06060606060606055;0.19047619047619047;0.6666666666666667;0.0;0.2857142857142857;0.2857142857142857;0.33333333333333337;0.125;0.0;0.0;0.08333333333333337;0.0;0.6666666666666667;0.2857142857142857;0.11764705882352944;0.07843137254901966;0.2857142857142857;0.25;0.09302325581395354
GO:0065004;0.0;0.06896551724137934;0.07692307692307687;0.0;0.07999999999999996;0.16666666666666663;0.0;0.0;0.0;0.0;0.0;0.0;0.0;0.5833333333333333;0.0;0.15384615384615385;0.0;0.0;0.13793103448275867;0.0;0.1428571428571429;1.0;0.0;0.7;0.1333333333333333;0.125;0.0;0.0;0.0;0.11111111111111116;0.0;0.0;0.0;0.09999999999999998;0.0;0.41666666666666663;0.0;0.0;0.0;0.0;0.0;0.0;0.0;0.15384615384615385;0.0;0.1333333333333333;0.0625;0.0;0.0;0.0;0.0;0.0;0.0;0.0;0.0;0.0;0.0714285714285714;0.0;0.0;0.0;0.07692307692307687;0.037735849056603765;0.0;0.0;0.0;0.0625;0.0;0.0;0.0;0.11764705882352944;0.0;0.0;0.0;0.0;0.1428571428571429;0.11111111111111116;0.0;0.0;0.0;0.125;0.0;0.05555555555555558;0.0;0.06060606060606055;0.08333333333333337;0.0;0.5833333333333333;0.16666666666666663;0.07407407407407407;0.0;0.1333333333333333;0.0;0.1333333333333333;0.3125;0.11111111111111116;0.0;0.15384615384615385;0.10526315789473684;0.11111111111111116;0.0;0.0;0.0;0.0;0.1428571428571429;0.0;0.0;0.0;0.11764705882352944;0.125;0.0;0.0;0.0;0.0;0.08333333333333337;0.0;0.0;0.07999999999999996;0.0;0.0;0.0;0.1428571428571429;0.10526315789473684;0.09090909090909094;0.11111111111111116;0.07692307692307687;0.0;0.0;0.0;0.05714285714285716;0.0;0.1333333333333333;0.0;0.0;0.07407407407407407;0.0;0.07407407407407407;0.0;0.0;0.07692307692307687;0.0;0.1333333333333333;0.0;0.0;0.0;0.0;0.0;0.0
