;GO:0045727;GO:0030194;GO:0006164;GO:0007173;GO:1901224;GO:0060327;GO:0046655;GO:0038193;GO:0043388;GO:0003376;GO:0051092;GO:0090051;GO:0045766;GO:0051125;GO:0030307;GO:0001666;GO:0032967;GO:0070365;GO:0006914;GO:0043154;GO:0045010;GO:0031398;GO:0035999;GO:0033574;GO:0048041;GO:0019722;GO:0010694;GO:0016973;GO:0009086;GO:0038065;GO:0014075;GO:0050729;GO:0050927;GO:0007189;GO:0000105;GO:0006334;GO:0045931;GO:0030855;GO:0002687;GO:0051016;GO:0001951;GO:0051971;GO:0048333;GO:0071364;GO:0050966;GO:0032233;GO:0016567;GO:0031346;GO:0030335;GO:0046718;GO:0008360;GO:0060100;GO:0045907;GO:0046512;GO:0045785;GO:1902896;GO:0009256;GO:0006986;GO:0040018;GO:0045987;GO:0046834;GO:0048661;GO:0045471;GO:0007229;GO:0071392;GO:0048146;GO:0010634;GO:0014911;GO:0033591;GO:2000394;GO:0030163;GO:0030042;GO:1903078;GO:0030041;GO:0044267;GO:0007565;GO:0046521;GO:0007204;GO:0071260;GO:0009617;GO:0071222;GO:0030836;GO:0043066;GO:0035729;GO:0010803;GO:0006508;GO:0032532;GO:0010800;GO:0033343;GO:0071107
GO:0045727;1.0;0.18087437379310561;0.0;0.22411610549304287;0.2713688208718295;0.0;0.0;0.2394959570908359;0.1417505175653511;0.23415830741116098;0.5409517815667518;0.14608761267657375;0.21075722537371733;0.1742916601685235;0.3120475059642404;0.0;0.3907072182901227;0.0;0.0;0.32156201388763733;0.2021304219551401;0.6719457163665585;0.0;0.0;0.0;0.2341307768548407;0.3664389951771505;0.0;0.0;0.23949416954643263;0.0;0.2151235039393594;0.2107653327023098;0.21057776119356278;0.0;0.0;0.3191437327108288;0.0;0.2662682188564193;0.1377435864149898;0.0;0.2761330011564497;0.0;0.0;0.0;0.25698530964398475;0.0;0.31917546656100676;0.28743881560851314;0.0;0.22881332375499344;0.261719791582647;0.18346086418984783;0.0;0.25153956582535586;0.0;0.0;0.0;0.21064423155597936;0.21959760842280002;0.0;0.3191681061431021;0.0;0.23949416954643263;0.0;0.3191683507032946;0.266273744138488;0.27662131240070703;0.0;0.26628262734391994;0.0;0.0;0.2067655903140092;0.0;0.0;0.0;0.0;0.10922142779171684;0.0;0.0;0.0;0.2173069436776063;0.21969533276684167;0.0;0.2242204775432169;0.0;0.20115817546133083;0.6118141625318866;0.14174796375845788;0.0
GO:0030194;0.18087437379310561;1.0;0.0;0.2332208137780853;0.33963033491142586;0.0;0.0;0.25446937619302795;0.18823992022210553;0.24699438399180432;0.20917164643699132;0.17197623212834873;0.37465295433427764;0.21439430973220067;0.2916333134285056;0.0;0.28391027615022574;0.0;0.0;0.12678441078492209;0.20650361744934453;0.2100518449190836;0.0;0.0;0.0;0.2469561103669269;0.2050749430625315;0.0;0.0;0.2544668545925167;0.0;0.49296229400828323;0.42744120491214144;0.21522827509662332;0.0;0.0;0.30031765594370236;0.0;0.23834112129582097;0.16200020378491156;0.0;0.3471196123634884;0.0;0.0;0.0;0.22807895240400325;0.0;0.3003567601720006;0.2624155136935672;0.0;0.30215252538597503;0.23329101129186328;0.3620689527501949;0.0;0.3395508065315331;0.0;0.0;0.0;0.37439640433689597;0.3949641942860791;0.0;0.300347690038276;0.0;0.2544668545925167;0.0;0.30034799140409135;0.33168181330019836;0.24999566069288395;0.0;0.23835718634110856;0.0;0.0;0.2627468806400282;0.0;0.0;0.0;0.0;0.18252621744455613;0.0;0.0;0.0;0.22498197449316307;0.22727422893246713;0.0;0.2915923200130336;0.0;0.2560841370764745;0.18762043432836628;0.18823541662384807;0.0
GO:0006164;0.0;0.0;1.0;0.12426930361794031;0.0;0.13557468652000534;0.41527298657630657;0.13223027708633406;0.0;0.1294750970939852;0.0;0.0;0.0;0.09800359209439638;0.0;0.0;0.0;0.13544421209496177;0.2240923447256502;0.0;0.08235277119592145;0.0;0.42902520667209004;0.0;0.11971275679727182;0.12946086521722897;0.0;0.0;0.41684849027364346;0.13222935576100775;0.0;0.0;0.0;0.11720482904276278;0.6005689644935965;0.11969638183121954;0.0;0.13848553049334983;0.0;0.07826135479157245;0.0;0.0;0.13848553049334983;0.11704695702075858;0.0;0.0;0.3318262788510174;0.0;0.0;0.0;0.0;0.0;0.0;0.4416503680628938;0.0;0.11958479190347866;0.4290780363704928;0.0;0.0;0.0;0.3620899754193267;0.0;0.0;0.13222935576100775;0.10508427101537485;0.0;0.0;0.0;0.0;0.0;0.2812494765066615;0.1196484107720099;0.0;0.11965518332172696;0.3706879421683015;0.0;0.3047551453317589;0.10353597887331198;0.12413197655776444;0.0;0.10504030561269583;0.08826166676891999;0.0;0.12186688590810232;0.0;0.3051314030510004;0.11225791241317917;0.0;0.0;0.0
GO:0007173;0.22411610549304287;0.2332208137780853;0.12426930361794031;1.0;0.32995550581173116;0.30053942437369185;0.15517044075146377;0.6776629452041014;0.2850013004311104;0.6479867178476896;0.26924883805199407;0.2106136303421161;0.3022725022171378;0.3339289294557459;0.4233274912154534;0.0;0.3259206486749762;0.29989900743491416;0.2849207303828984;0.19063655407070584;0.2539278752969779;0.2707090230068058;0.1637151058343345;0.0;0.23230579473864046;0.6478370373132877;0.26249889024721934;0.0;0.13826544634115337;0.7700207252283917;0.0;0.3136822357063166;0.3022933408477344;0.5311230358894535;0.1321397132622151;0.23224414038317345;0.4418754130125906;0.31522737822580277;0.31959696268412474;0.23546106210350143;0.0;0.33987719999212374;0.31522737822580277;0.22247327430504132;0.0;0.30141177340697156;0.19478149074712434;0.44196007497262624;0.3644282876123037;0.0;0.43990882760474104;0.3105816198164904;0.23864143911266159;0.12411315019068882;0.4260687652695055;0.2318244085122176;0.16374863065333325;0.0;0.3019822012671039;0.3257755371079811;0.23139303037300046;0.44194043690451024;0.0;0.7700207252283917;0.18289846973319507;0.44194108939334154;0.3196080397722984;0.34090794306446504;0.0;0.31962584947280304;0.0;0.23206361296737005;0.29216457473117935;0.23208909156550966;0.23973434589685208;0.0;0.1680773460228268;0.24324413602946973;0.24954556163209696;0.0;0.18276532584372018;0.2822782021232629;0.4074014271644426;0.2405571226740471;0.42324112075810705;0.0;0.42296355254238693;0.2345664855349294;0.2849909769890532;0.0
GO:1901224;0.2713688208718295;0.33963033491142586;0.0;0.32995550581173116;1.0;0.0;0.0;0.36440830712875544;0.21576457994299367;0.35219281221759446;0.27390655839404093;0.18470815703704443;0.30179253970272274;0.23222072313619926;0.4595372702491158;0.0;0.3203661296645595;0.0;0.0;0.16916183246378944;0.2551825919477615;0.3191685773695219;0.0;0.0;0.0;0.3521305347297428;0.31092903880953865;0.0;0.0;0.364404168701627;0.0;0.432550257298631;0.4200019182266915;0.30142469024012436;0.0;0.0;0.4750940898641631;0.0;0.3666934727006497;0.17156764329965324;0.0;0.6011789664192523;0.0;0.0;0.0;0.349316323425532;0.0;0.47516441822326827;0.4080861361447053;0.0;0.340238636927483;0.3581223066550313;0.24878762672844787;0.0;0.39304214306856106;0.0;0.0;0.0;0.30156090363947413;0.3202539105358434;0.0;0.4751481055026424;0.0;0.364404168701627;0.0;0.47514864750972396;0.3667039518383041;0.38662101808735094;0.0;0.36672079988900264;0.0;0.0;0.2936742515751177;0.0;0.0;0.0;0.0;0.14846166361745985;0.0;0.0;0.0;0.27985746343116136;0.32046179643466965;0.0;0.5895460809988576;0.0;0.28248978309491923;0.28231305741771306;0.2157586630329428;0.0
GO:0060327;0.0;0.0;0.13557468652000534;0.30053942437369185;0.0;1.0;0.17320531001458517;0.35175652869615853;0.0;0.3329112131857305;0.0;0.0;0.0;0.1823480331140057;0.0;0.0;0.0;0.3754564828259291;0.3522718446244919;0.0;0.1347129166055776;0.0;0.18392020561355127;0.0;0.2752061607471536;0.33281713876999836;0.0;0.0;0.15240571694669808;0.35175000895275504;0.0;0.0;0.0;0.2623031589843078;0.14499654033280124;0.2751196363277121;0.0;0.39979499341231073;0.0;0.12410012671282263;0.0;0.0;0.39979499341231073;0.26151375811374994;0.0;0.0;0.22406821066602683;0.0;0.0;0.0;0.0;0.0;0.0;0.13538884987133273;0.0;0.3676457355625682;0.18396251715027107;0.0;0.0;0.0;0.27392607258150775;0.0;0.0;0.35175000895275504;0.20848609416093786;0.0;0.0;0.0;0.0;0.0;0.0;0.27486633673366073;0.0;0.2749020815717073;0.28569367576108545;0.0;0.18944379607239428;0.20247877779679413;0.29973746739433627;0.0;0.20831310812178305;0.1512800286484811;0.0;0.28686292905418376;0.0;0.0;0.23875642328584773;0.0;0.0;0.0
GO:0046655;0.0;0.0;0.41527298657630657;0.15517044075146377;0.0;0.17320531001458517;1.0;0.16778378927497115;0.0;0.16337253720840042;0.0;0.0;0.0;0.11626292176850168;0.0;0.0;0.0;0.17299241054266631;0.284387408578299;0.0;0.09487333840161913;0.0;0.8484138871951834;0.0;0.14813025210932165;0.16334987849254992;0.0;0.0;0.4145448039866657;0.1677823059019472;0.0;0.0;0.0;0.14430933795663495;0.531533582627052;0.14810518103370388;0.0;0.17798478281400423;0.0;0.0894839740137081;0.0;0.0;0.17798478281400423;0.14407007924072535;0.0;0.0;0.35680058060933245;0.0;0.0;0.0;0.0;0.0;0.0;0.3209182941361014;0.0;0.14793437336342513;0.8860891042693428;0.0;0.0;0.0;0.3008703459589857;0.0;0.0;0.1677823059019472;0.12636379914823914;0.0;0.0;0.0;0.0;0.0;0.29725299920899867;0.14803174377500092;0.0;0.14804211079352644;0.4087063507544974;0.0;0.32213599760816214;0.12413162024782368;0.15495638492317304;0.0;0.12630023032385296;0.10280203633640797;0.0;0.15144261137978676;0.0;0.3291142151347745;0.13688232905777373;0.0;0.0;0.0
GO:0038193;0.2394959570908359;0.25446937619302795;0.13223027708633406;0.6776629452041014;0.36440830712875544;0.35175652869615853;0.16778378927497115;1.0;0.3306571176946935;0.8481241799660016;0.2917578975896593;0.22414018167781508;0.3389558057642082;0.36245870533411767;0.4817651402961176;0.0;0.3689770750535302;0.350879555010832;0.330548671073852;0.2016516652039146;0.27009420473457596;0.2934732066368549;0.17781897461338983;0.0;0.26176668147131454;0.7461887425098366;0.28384876714881596;0.0;0.1481922775295156;0.7860229905240506;0.0;0.3533689384022304;0.3389820094076607;0.6766349006623982;0.14117768146932183;0.2616884002139062;0.5059335338405858;0.3720461974117501;0.35181490254169817;0.24929744953173427;0.0;0.37654826976744005;0.3720461974117501;0.2493487698388939;0.0;0.3299041648215792;0.21507767631633087;0.5060445248086469;0.4069197568479071;0.0;0.5033570942855806;0.3409212830786851;0.2609364298762284;0.13205348995511185;0.502764460702999;0.2611556153698307;0.17785852518823056;0.0;0.33859081093323745;0.3687911013655435;0.2606083016775062;0.506018778951959;0.0;0.7860229905240506;0.20068073833366876;0.5060196343710972;0.35182832556385696;0.3778138503520803;0.0;0.3518499072447997;0.0;0.2614592185956227;0.3262970184574646;0.26149156122974565;0.2712372831236474;0.0;0.18297703383572997;0.26623687119458433;0.28386436447468166;0.0;0.20052045744575966;0.3023989143804367;0.46124517385394015;0.2722909812042239;0.48165328133384083;0.0;0.4698021311943055;0.2514681651583389;0.3306432218781236;0.0
GO:0043388;0.1417505175653511;0.18823992022210553;0.0;0.2850013004311104;0.21576457994299367;0.0;0.0;0.3306571176946935;1.0;0.3139511083874976;0.2926224321974191;0.13265568167304503;0.2508182371886767;0.17650929556292239;0.2853531848222799;0.0;0.2730644198306803;0.0;0.0;0.16148153115204178;0.13149938012838863;0.17372663051582604;0.0;0.0;0.0;0.3138674430217995;0.28468300007734987;0.0;0.0;0.3306513566346144;0.0;0.2614979357086686;0.25083765223699245;0.25038885164877966;0.0;0.0;0.2996904073136992;0.0;0.20830007936935588;0.12136784081808116;0.0;0.2229608542515566;0.0;0.0;0.0;0.19531427365256834;0.0;0.299756254474102;0.24096666689283386;0.0;0.29816190602630244;0.2018435565212779;0.193028583060709;0.0;0.3722646900796523;0.0;0.0;0.0;0.2505478022117652;0.27292659504002076;0.0;0.29974098033039837;0.0;0.3306513566346144;0.0;0.2997414878215263;0.2083080353046935;0.22371109028485106;0.0;0.20832082694538023;0.0;0.0;0.24143942368744756;0.0;0.0;0.0;0.0;0.19530507581924939;0.0;0.0;0.0;0.14723933672193015;0.27318194905812127;0.0;0.2852868325416947;0.0;0.22884476467471523;0.1488419432107134;0.782244668932479;0.0
GO:0003376;0.23415830741116098;0.24699438399180432;0.1294750970939852;0.6479867178476896;0.35219281221759446;0.3329112131857305;0.16337253720840042;0.8481241799660016;0.3139511083874976;1.0;0.2838748906161019;0.21945836748420622;0.3258213885559462;0.3524561530472237;0.4606428030543511;0.0;0.353466230265536;0.3321255849434459;0.313853341562758;0.19785423780509306;0.26450063340074903;0.28549850209818356;0.17287204541368134;0.0;0.2511853224855815;0.7103659313062097;0.2763818916956612;0.0;0.14474045601054247;0.7463750000871424;0.0;0.33911724763162215;0.3258456007087834;0.6504586322546824;0.13804144807807375;0.251113241149882;0.4826899019303591;0.35102909652172865;0.34041591198412;0.2445244938403684;0.0;0.3635198687051011;0.35102909652172865;0.23972908635187917;0.0;0.31986053342759907;0.2078824255586298;0.4827909278370922;0.3917472600664275;0.0;0.48034420947364836;0.33020653204142525;0.25308253591042884;0.1293055956424615;0.47439859114355715;0.2506226068817331;0.1729094257711969;0.0;0.325484118439771;0.3532955600275473;0.2501185091154968;0.4827674936926004;0.0;0.7463750000871424;0.19440246414777376;0.48276827230568903;0.3404284792559991;0.3646992501635173;0.0;0.3404486849872009;0.0;0.2509022008307249;0.31410768906490405;0.25093198422854757;0.25989300666535003;0.0;0.17774317108426693;0.25813190219301946;0.2714634131253794;0.0;0.19425205136642587;0.2954046073767244;0.4418476328847489;0.26086025067152663;0.4605405366365601;0.0;0.4531339288897837;0.24559007643055578;0.31393858120845364;0.0
GO:0051092;0.5409517815667518;0.20917164643699132;0.0;0.26924883805199407;0.27390655839404093;0.0;0.0;0.2917578975896593;0.2926224321974191;0.2838748906161019;1.0;0.16400780341696286;0.2501964469164423;0.2004179642309172;0.32323987937648196;0.0;0.3670031616372228;0.0;0.0;0.3321660338599991;0.19550271500946229;0.4325410661205447;0.0;0.0;0.0;0.2838344293968432;0.3880890754243799;0.0;0.0;0.2917552447866604;0.0;0.2563737046448823;0.25020787249584153;0.24994357190660657;0.0;0.0;0.33211261409775916;0.0;0.2678983989605788;0.1535643124481996;0.0;0.2795533770781424;0.0;0.0;0.0;0.2570618508791505;0.0;0.3321524758652783;0.29309066275498274;0.0;0.2760571460677434;0.2625729983985631;0.21263849685011701;0.0;0.3098295383665054;0.0;0.0;0.0;0.25003722294793324;0.2627535887317236;0.0;0.33214323009442953;0.0;0.2917552447866604;0.0;0.33214353729669555;0.26790488656365447;0.28013407490131315;0.0;0.267915317023317;0.0;0.0;0.24459098161822646;0.0;0.0;0.0;0.0;0.12672493898979553;0.0;0.0;0.0;0.21212282521906542;0.262893509714855;0.0;0.2693994940711429;0.0;0.23678301896041976;0.388675186337647;0.29261600882735295;0.0
GO:0090051;0.14608761267657375;0.17197623212834873;0.0;0.2106136303421161;0.18470815703704443;0.0;0.0;0.22414018167781508;0.13265568167304503;0.21945836748420622;0.16400780341696286;1.0;0.39143542190789554;0.1660145886842882;0.21072720645700052;0.0;0.1653945483149733;0.0;0.0;0.18240512861536431;0.13946088689670055;0.164548445185578;0.0;0.0;0.0;0.21943418486479044;0.16147851494893534;0.0;0.0;0.22413861600823837;0.0;0.16218346866655425;0.19878063464804316;0.19861377987339798;0.0;0.0;0.21522428877689614;0.0;0.35786023069712325;0.18440890073334712;0.0;0.2252752731930655;0.0;0.0;0.0;0.17540921278770527;0.0;0.21524437177414404;0.3847257398060839;0.0;0.2997839447686816;0.21411699391166875;0.17431285291210716;0.0;0.18779497964952813;0.0;0.0;0.0;0.2383473955874509;0.20661833703380633;0.0;0.21523971370219053;0.0;0.22413861600823837;0.0;0.21523986847336682;0.42851650350596354;0.37102596071856614;0.0;0.2532567110792929;0.0;0.0;0.1952189890011823;0.0;0.0;0.0;0.0;0.10374114170050971;0.0;0.0;0.0;0.14948424644020528;0.2876371443381474;0.0;0.21070580230651215;0.0;0.19021278550757417;0.1504569824073058;0.13265344505944363;0.0
GO:0045766;0.21075722537371733;0.37465295433427764;0.0;0.3022725022171378;0.30179253970272274;0.0;0.0;0.3389558057642082;0.2508182371886767;0.3258213885559462;0.2501964469164423;0.39143542190789554;1.0;0.20399459030307665;0.3780632309364352;0.0;0.36518525634868965;0.0;0.0;0.14476187396465154;0.1972364139719642;0.2514568104832212;0.0;0.0;0.0;0.3257547902561577;0.2443576130652159;0.0;0.0;0.33895133182623394;0.0;0.35284086760572553;0.34126669289158035;0.2727232424286674;0.0;0.0;0.3927877571843707;0.0;0.2931035315120659;0.14696550637749525;0.0;0.43149263518112874;0.0;0.0;0.0;0.2777358630173352;0.0;0.39285465243521367;0.330376796728061;0.0;0.4680032679636831;0.28550314289428125;0.3826835525453396;0.0;0.4627136096511507;0.0;0.0;0.0;0.6080034771928549;0.5079854300288882;0.0;0.39283913576140683;0.0;0.33895133182623394;0.0;0.392839651316431;0.4078930553189219;0.3109292174494057;0.0;0.46545833356296024;0.0;0.0;0.3309021982190082;0.0;0.0;0.0;0.0;0.1642571369234697;0.0;0.0;0.0;0.21790021526558404;0.2923581583251952;0.0;0.302509814279844;0.0;0.25351230173502165;0.2199732892841289;0.2508102415906813;0.0
GO:0051125;0.1742916601685235;0.21439430973220067;0.09800359209439638;0.3339289294557459;0.23222072313619926;0.1823480331140057;0.11626292176850168;0.36245870533411767;0.17650929556292239;0.3524561530472237;0.2004179642309172;0.1660145886842882;0.20399459030307665;1.0;0.32869342149459;0.0;0.21449795374334085;0.1821120797524613;0.176478388207722;0.15334789287716102;0.7797341024403319;0.20122589064077487;0.12099447885271786;0.0;0.26250592137679496;0.3524048434311386;0.1966538890338977;0.0;0.10650610573748968;0.36245533726007906;0.0;0.20912814350387302;0.20400408102962878;0.30953672245129;0.10283394199067507;0.262459502061921;0.2825962346162588;0.18765312365559456;0.2270417069073506;0.7342627455408354;0.0;0.23709181087249728;0.18765312365559456;0.1503399935241391;0.0;0.555573026064369;0.1371624306721767;0.33794517732599266;0.2487834291515196;0.0;0.3957964054100589;0.2659915384034107;0.2609445061591867;0.09790644649342718;0.25375193692682685;0.26214326890715683;0.12101278921073602;0.0;0.20386233164647122;0.21443509138106814;0.15436102086994627;0.28262282857507326;0.0;0.36245533726007906;0.13116160509763494;0.28262309542055086;0.22704729710615854;0.23759293041590668;0.0;0.27149397800848557;0.0;0.2623235363886765;0.1993403396862521;0.26234273007579406;0.15802901379475076;0.0;0.1233606927032977;0.2211684211286272;0.16223357108891684;0.0;0.13109311875392438;0.7088594337213656;0.26808805414358106;0.158386111840833;0.27485699358663146;0.0;0.5837420156450959;0.1805471347505722;0.17650533577439426;0.0
GO:0030307;0.3120475059642404;0.2916333134285056;0.0;0.4233274912154534;0.4595372702491158;0.0;0.0;0.4817651402961176;0.2853531848222799;0.4606428030543511;0.32323987937648196;0.21072720645700052;0.3780632309364352;0.32869342149459;1.0;0.0;0.4076716862395265;0.0;0.0;0.1907296014627361;0.33173851076592253;0.3769660125192886;0.0;0.0;0.0;0.4605362722900851;0.3655256054096647;0.0;0.0;0.4817579071384722;0.0;0.3923481285303649;0.37808931978883953;0.3774861346912341;0.0;0.0;0.6155873780852327;0.0;0.44509885993920467;0.231721316144602;0.0;0.4733674904705135;0.0;0.0;0.0;0.47878852279541695;0.0;0.7023003898030307;0.507593190672102;0.0;0.5265971856452051;0.4933662860616171;0.29841676525926625;0.0;0.5331109647203729;0.0;0.0;0.0;0.5257004079447646;0.40748998690045574;0.0;0.6156780670142414;0.0;0.4817579071384722;0.0;0.6156789770416408;0.4451142994950959;0.4748043220560267;0.0;0.5077450208177462;0.0;0.0;0.36540905588061645;0.0;0.0;0.0;0.0;0.17839641860736052;0.0;0.0;0.0;0.3687981966376204;0.40782661226005584;0.0;0.423700029440567;0.0;0.416410217883461;0.3266068063014033;0.2853428358727268;0.0
GO:0001666;0.0;0.0;0.0;0.0;0.0;0.0;0.0;0.0;0.0;0.0;0.0;0.0;0.0;0.0;0.0;1.0;0.0;0.0;0.0;0.0;0.0;0.0;0.0;0.30006521020639165;0.0;0.0;0.0;0.0;0.0;0.0;0.37443223511034474;0.0;0.0;0.0;0.0;0.0;0.0;0.0;0.0;0.0;0.0;0.0;0.0;0.2606659068846261;0.38446649749121375;0.0;0.0;0.0;0.0;0.0;0.0;0.0;0.0;0.0;0.0;0.0;0.0;0.5020578516141854;0.0;0.0;0.0;0.0;0.31533643040217413;0.0;0.20794686873997342;0.0;0.0;0.0;0.261092857819363;0.0;0.0;0.0;0.0;0.0;0.0;0.0;0.0;0.0;0.4012131134957673;0.3503968085800537;0.20777477599152205;0.0;0.0;0.2858430634011078;0.0;0.0;0.0;0.0;0.0;0.37368418984274343
GO:0032967;0.3907072182901227;0.28391027615022574;0.0;0.3259206486749762;0.3203661296645595;0.0;0.0;0.3689770750535302;0.2730644198306803;0.353466230265536;0.3670031616372228;0.1653945483149733;0.36518525634868965;0.21449795374334085;0.4076716862395265;0.0;1.0;0.0;0.0;0.18739573884443822;0.20500407659554562;0.3677357366339586;0.0;0.0;0.0;0.3533878526068166;0.35684235785800866;0.0;0.0;0.36897177351326044;0.0;0.3784964229585707;0.3652095980843995;0.29182772550345004;0.0;0.0;0.42484524324594136;0.0;0.31059201266892705;0.15233972297843987;0.0;0.3297113360907007;0.0;0.0;0.0;0.29338957730971577;0.0;0.42492350452793903;0.352765910748777;0.0;0.3385495723774576;0.30207077178275904;0.2903352486363617;0.0;0.507857034608482;0.0;0.0;0.0;0.3648461424158262;0.39256882520814723;0.0;0.4249053512549732;0.0;0.36897177351326044;0.0;0.42490595441142454;0.3106024743257111;0.3306812534380491;0.0;0.31061929449511727;0.0;0.0;0.3533650010020858;0.0;0.0;0.0;0.0;0.1735145899865429;0.0;0.0;0.0;0.2274199987579732;0.3144238359229805;0.0;0.32619656218099513;0.0;0.26993903956980225;0.3196620666013852;0.2730549430303372;0.0
GO:0070365;0.0;0.0;0.13544421209496177;0.29989900743491416;0.0;0.3754564828259291;0.17299241054266631;0.350879555010832;0.0;0.3321255849434459;0.0;0.0;0.0;0.1821120797524613;0.0;0.0;0.0;1.0;0.35139230277338784;0.0;0.13458409482179207;0.0;0.1836801686938393;0.0;0.27466906189079454;0.3320319539487555;0.0;0.0;0.15224085561408443;0.3508730677357002;0.0;0.0;0.0;0.26181519844070034;0.14484731092738828;0.2745828748151217;0.0;0.9353598368868326;0.0;0.12399079453486625;0.0;0.0;0.8056902132978327;0.2610287274678811;0.0;0.0;0.22371204181169324;0.0;0.0;0.0;0.0;0.0;0.0;0.1352587327206011;0.0;0.27399635019502566;0.18372236984716186;0.0;0.0;0.0;0.2733939537751199;0.0;0.0;0.3508730677357002;0.2081777060380414;0.0;0.0;0.0;0.0;0.0;0.0;0.2743305621844049;0.0;0.2743661678002374;0.2851149046048324;0.0;0.1891891347967163;0.20218789302303422;0.2991004600403322;0.0;0.20800523116313643;0.1511175923982114;0.0;0.2862794155891819;0.0;0.0;0.23835207060668265;0.0;0.0;0.0
GO:0006914;0.0;0.0;0.2240923447256502;0.2849207303828984;0.0;0.3522718446244919;0.284387408578299;0.330548671073852;0.0;0.313853341562758;0.0;0.0;0.0;0.176478388207722;0.0;0.0;0.0;0.35139230277338784;1.0;0.0;0.13148222501932716;0.0;0.30140926950727354;0.0;0.2620519508990182;0.3137697282901029;0.0;0.0;0.25116003269525483;0.3305429137920651;0.0;0.0;0.0;0.2503266610371709;0.239264533312872;0.26197349895471306;0.0;0.3726227244412419;0.0;0.12135322720216235;0.0;0.0;0.3726227244412419;0.24960760215858552;0.0;0.0;0.36462058703312283;0.0;0.0;0.0;0.0;0.0;0.0;0.22379257668704952;0.0;0.26143955376828426;0.30147635871281675;0.0;0.0;0.0;0.4418922753163532;0.0;0.0;0.3305429137920651;0.2008483589542289;0.0;0.0;0.0;0.0;0.0;0.3505229887627073;0.2617438179156743;0.0;0.2617762310026346;0.4599353258843031;0.0;0.43215579446565433;0.19526723629714438;0.2841998611366924;0.0;0.20068781030912994;0.1472178293673407;0.0;0.27259966372560246;0.0;0.3149638719061175;0.2287928146097056;0.0;0.0;0.0
GO:0043154;0.32156201388763733;0.12678441078492209;0.0;0.19063655407070584;0.16916183246378944;0.0;0.0;0.2016516652039146;0.16148153115204178;0.19785423780509306;0.3321660338599991;0.18240512861536431;0.14476187396465154;0.15334789287716102;0.1907296014627361;0.0;0.18739573884443822;0.0;0.0;1.0;0.13041172541736082;0.3591221300085647;0.0;0.0;0.0;0.19783458183524666;0.29900263927414084;0.0;0.0;0.20165039794719372;0.0;0.14732829131646985;0.14476665326897864;0.18075173688083765;0.0;0.0;0.1944062081870711;0.0;0.1663968765782211;0.17300174594202827;0.0;0.1717320036061334;0.0;0.0;0.0;0.16132915214295088;0.0;0.19442259378543592;0.1777837385100096;0.0;0.19402460040241729;0.16391956958139095;0.12836953776785137;0.0;0.1681615656414113;0.0;0.0;0.0;0.14469525820801782;0.14994254367754734;0.0;0.19441879331849704;0.0;0.20165039794719372;0.0;0.19441891959476218;0.16639987921949845;0.17199476268581546;0.0;0.16640470664564178;0.0;0.0;0.14240244149227696;0.0;0.0;0.0;0.0;0.09541405364093959;0.0;0.0;0.0;0.1391358347283757;0.47688673153651145;0.0;0.19071206681018413;0.0;0.17376728845608316;0.330509851978787;0.16147908185746854;0.0
GO:0045010;0.2021304219551401;0.20650361744934453;0.08235277119592145;0.2539278752969779;0.2551825919477615;0.1347129166055776;0.09487333840161913;0.27009420473457596;0.13149938012838863;0.26450063340074903;0.19550271500946229;0.13946088689670055;0.1972364139719642;0.7797341024403319;0.33173851076592253;0.0;0.20500407659554562;0.13458409482179207;0.13148222501932716;0.13041172541736082;1.0;0.22750956486224705;0.09800064465426815;0.0;0.20190905373991397;0.26447173606644664;0.22329168992228174;0.0;0.0882744387293838;0.27009233449983444;0.0;0.20105536302278124;0.19724351442328839;0.23957194909592017;0.08573689369447848;0.20188159062256195;0.29698924419652906;0.13758648091422307;0.25066724843564914;0.623239230091423;0.0;0.25939098061319504;0.13758648091422307;0.1164040742467487;0.0;0.6782133757268707;0.10834470128090327;0.3793563938766798;0.26934270201588895;0.0;0.2991237275858864;0.31500410705664994;0.24370419120933562;0.08228416484182396;0.2325159834282503;0.20169443752121205;0.09801265653758108;0.0;0.19713744960043478;0.20495811940397635;0.11880020339782522;0.2970103510351822;0.0;0.27009233449983444;0.10456579242327989;0.29701056281761906;0.2506721452140082;0.25982182781722185;0.0;0.320174116910041;0.0;0.27976326097478665;0.19373625247572016;0.27977900772184433;0.12096101358590006;0.0;0.0995472150279811;0.1769793562942202;0.12340914931944834;0.0;0.10452225970502592;0.7588255258063672;0.20504324593247453;0.12117012344727304;0.20897952222675914;0.0;0.4573381113562749;0.20814053879866581;0.1314971823356944;0.0
GO:0031398;0.6719457163665585;0.2100518449190836;0.0;0.2707090230068058;0.3191685773695219;0.0;0.0;0.2934732066368549;0.17372663051582604;0.28549850209818356;0.4325410661205447;0.164548445185578;0.2514568104832212;0.20122589064077487;0.3769660125192886;0.0;0.3677357366339586;0.0;0.0;0.3591221300085647;0.22750956486224705;1.0;0.0;0.0;0.0;0.2854575767559461;0.42120216472104016;0.0;0.0;0.29347052254947653;0.0;0.25769723693476865;0.2514683514678329;0.25120138264319625;0.0;0.0;0.3873712015503127;0.0;0.3121361325952111;0.15403819423630416;0.0;0.32577937154701153;0.0;0.0;0.0;0.2994557271351429;0.0;0.3874179550386813;0.34163272613961565;0.0;0.27759232054433897;0.30590402992415316;0.2135481777233799;0.0;0.31176462743221023;0.0;0.0;0.0;0.25129597880962146;0.26414399172176223;0.0;0.38740711075632833;0.0;0.29347052254947653;0.0;0.38740747107107837;0.3121437254558741;0.3264592720514176;0.0;0.31215593289958166;0.0;0.0;0.24579536688030848;0.0;0.0;0.0;0.0;0.12727124274810983;0.0;0.0;0.0;0.24691939940498384;0.26428539785028066;0.0;0.27086131798848584;0.0;0.23791156010794287;0.7633102441125564;0.17372279459375004;0.0
GO:0035999;0.0;0.0;0.42902520667209004;0.1637151058343345;0.0;0.18392020561355127;0.8484138871951834;0.17781897461338983;0.0;0.17287204541368134;0.0;0.0;0.0;0.12099447885271786;0.0;0.0;0.0;0.1836801686938393;0.30140926950727354;0.0;0.09800064465426815;0.0;1.0;0.0;0.15589774554086788;0.17284667525261255;0.0;0.0;0.4294698973320531;0.1778173084930987;0.0;0.0;0.0;0.15167132792441657;0.5500076761393031;0.1558699764757967;0.0;0.18931852371425062;0.0;0.09226087325470861;0.0;0.0;0.18931852371425062;0.1514070571449478;0.0;0.0;0.373368177282194;0.0;0.0;0.0;0.0;0.0;0.0;0.3315352720847146;0.0;0.15568080068945375;0.9220236465104251;0.0;0.0;0.0;0.31660540471563864;0.0;0.0;0.1778173084930987;0.1319730549039464;0.0;0.0;0.0;0.0;0.0;0.31280655237877825;0.15578863920343758;0.0;0.15580012119770995;0.4305927735452163;0.0;0.3355801099164239;0.12954021361022824;0.1634768444904754;0.0;0.13190371876204618;0.10648403401825092;0.0;0.15957089932749846;0.0;0.34828822582008645;0.1434886909043718;0.0;0.0;0.0
GO:0033574;0.0;0.0;0.0;0.0;0.0;0.0;0.0;0.0;0.0;0.0;0.0;0.0;0.0;0.0;0.0;0.30006521020639165;0.0;0.0;0.0;0.0;0.0;0.0;0.0;1.0;0.0;0.0;0.0;0.0;0.0;0.0;0.5052102027863868;0.0;0.0;0.0;0.0;0.0;0.0;0.0;0.0;0.0;0.0;0.0;0.0;0.45054050081382757;0.24119822706340358;0.0;0.0;0.0;0.0;0.0;0.0;0.0;0.0;0.0;0.0;0.0;0.0;0.5043974450057243;0.0;0.0;0.0;0.0;0.5266540481862247;0.0;0.6118709417223503;0.0;0.0;0.0;0.44922852552064274;0.0;0.0;0.0;0.0;0.0;0.0;0.0;0.0;0.0;0.24999343904691199;0.28528052812153454;0.4287539901498484;0.0;0.0;0.40444263582157886;0.0;0.0;0.0;0.0;0.0;0.7053101790310439
GO:0048041;0.0;0.0;0.11971275679727182;0.23230579473864046;0.0;0.2752061607471536;0.14813025210932165;0.26176668147131454;0.0;0.2511853224855815;0.0;0.0;0.0;0.26250592137679496;0.0;0.0;0.0;0.27466906189079454;0.2620519508990182;0.0;0.20190905373991397;0.0;0.15589774554086788;0.0;1.0;0.25113176337843685;0.0;0.0;0.13264791345647486;0.261763070891383;0.0;0.0;0.0;0.20878121079957762;0.12699966182428682;0.43895037597541087;0.0;0.287471774387194;0.0;0.1877230562097889;0.0;0.0;0.287471774387194;0.20828078446639062;0.0;0.0;0.18381517876984468;0.0;0.0;0.0;0.0;0.0;0.0;0.11956783801847015;0.0;0.4382096612278104;0.15592814489513446;0.0;0.0;0.0;0.21607883959126165;0.0;0.0;0.261763070891383;0.1731960597977271;0.0;0.0;0.0;0.0;0.0;0.0;0.3674915500489557;0.0;0.4386767768967391;0.223335279250147;0.0;0.15984831346053888;0.16902999813007494;0.23182635785360808;0.0;0.17307666266906394;0.2235416467461816;0.0;0.2240491740618758;0.0;0.0;0.3283472173229978;0.0;0.0;0.0
GO:0019722;0.2341307768548407;0.2469561103669269;0.12946086521722897;0.6478370373132877;0.3521305347297428;0.33281713876999836;0.16334987849254992;0.7461887425098366;0.3138674430217995;0.7103659313062097;0.2838344293968432;0.21943418486479044;0.3257547902561577;0.3524048434311386;0.4605362722900851;0.0;0.3533878526068166;0.3320319539487555;0.3137697282901029;0.19783458183524666;0.26447173606644664;0.2854575767559461;0.17284667525261255;0.0;0.25113176337843685;1.0;0.27634353812433615;0.0;0.14472267059861635;0.7461764216658557;0.0;0.33904510365177;0.32577899251165016;0.7281327641311289;0.138025270796748;0.25105971277420414;0.4825729309629602;0.3509245055406854;0.34035772948374826;0.24449979635879612;0.0;0.3634535212995618;0.3509245055406854;0.2396803008816812;0.0;0.31980916473962295;0.2078457398994845;0.4826739079069858;0.3916702099286712;0.0;0.48022837247779043;0.330151786819169;0.2530423523758638;0.12929140100240252;0.4742574185918228;0.2505692874509155;0.17288404463809848;0.0;0.32541765793142785;0.3532172580310633;0.25006540393771476;0.482650485120881;0.0;0.7461764216658557;0.1943703815684718;0.48265126335658937;0.34037029246002143;0.36463247159229795;0.0;0.3403904912843912;0.0;0.2508487623801859;0.31404579282196743;0.25087853309176217;0.259835670216953;0.0;0.17771635114836817;0.25809044883748294;0.2714008584253488;0.0;0.1942200184095975;0.2953685633473464;0.44174961718931693;0.26080248669817746;0.46043405316295416;0.0;0.45304912345679355;0.2455597923088562;0.3138549225185112;0.0
GO:0010694;0.3664389951771505;0.2050749430625315;0.0;0.26249889024721934;0.31092903880953865;0.0;0.0;0.28384876714881596;0.28468300007734987;0.2763818916956612;0.3880890754243799;0.16147851494893534;0.2443576130652159;0.1966538890338977;0.3655256054096647;0.0;0.35684235785800866;0.0;0.0;0.29900263927414084;0.22329168992228174;0.42120216472104016;0.0;0.0;0.0;0.27634353812433615;1.0;0.0;0.0;0.2838462562229539;0.0;0.25024652464369357;0.2443685115781121;0.24411639733316037;0.0;0.0;0.3753006227889724;0.0;0.30425120286301244;0.15134470267071817;0.0;0.31719956217392603;0.0;0.0;0.0;0.2921909733975579;0.0;0.37534450780845;0.3322096396976923;0.0;0.2689660150824519;0.2983269959990818;0.20840624286204587;0.0;0.30092522333937033;0.0;0.0;0.0;0.24420573174390137;0.25632148886811235;0.0;0.37533432888524604;0.0;0.2838462562229539;0.0;0.3753346670928972;0.3042584169550855;0.3178440867614908;0.0;0.3042700154139104;0.0;0.0;0.23900792733020038;0.0;0.0;0.0;0.0;0.1241837527886295;0.0;0.0;0.0;0.24195897957931503;0.25645464154685516;0.0;0.2626420851844922;0.0;0.23154691031964983;0.5123277429495666;0.2846769205328941;0.0
GO:0016973;0.0;0.0;0.0;0.0;0.0;0.0;0.0;0.0;0.0;0.0;0.0;0.0;0.0;0.0;0.0;0.0;0.0;0.0;0.0;0.0;0.0;0.0;0.0;0.0;0.0;0.0;0.0;1.0;0.0;0.0;0.0;0.0;0.0;0.0;0.0;0.0;0.0;0.0;0.0;0.0;0.35822046990622924;0.0;0.0;0.0;0.0;0.0;0.0;0.0;0.0;0.0;0.0;0.0;0.0;0.0;0.0;0.0;0.0;0.0;0.0;0.0;0.0;0.0;0.0;0.0;0.0;0.0;0.0;0.0;0.0;0.0;0.0;0.0;0.0;0.0;0.0;0.0;0.0;0.0;0.0;0.0;0.0;0.0;0.0;0.0;0.0;0.0;0.0;0.0;0.0;0.0
GO:0009086;0.0;0.0;0.41684849027364346;0.13826544634115337;0.0;0.15240571694669808;0.4145448039866657;0.1481922775295156;0.0;0.14474045601054247;0.0;0.0;0.0;0.10650610573748968;0.0;0.0;0.0;0.15224085561408443;0.25116003269525483;0.0;0.0882744387293838;0.0;0.4294698973320531;0.0;0.13264791345647486;0.14472267059861635;0.0;0.0;1.0;0.14819112034670534;0.0;0.0;0.0;0.12957568836681851;0.7320586128513076;0.13262780892431564;0.0;0.1560939925555625;0.0;0.0835902060139269;0.0;0.0;0.1560939925555625;0.1293827584979228;0.0;0.0;0.3641274154800007;0.0;0.0;0.0;0.0;0.0;0.0;0.44536520024924137;0.0;0.13249081907078825;0.4295273935344286;0.0;0.0;0.0;0.31481748067121834;0.0;0.0;0.14819112034670534;0.1149214271451331;0.0;0.0;0.0;0.0;0.0;0.3115833836448966;0.13256891538584023;0.0;0.13257722966100816;0.41146282401464856;0.0;0.33178620160562483;0.11307223982971158;0.13809546483861249;0.0;0.11486884713860057;0.09509886711292637;0.0;0.13529785888816337;0.0;0.34116556599678294;0.12355619191055403;0.0;0.0;0.0
GO:0038065;0.23949416954643263;0.2544668545925167;0.13222935576100775;0.7700207252283917;0.364404168701627;0.35175000895275504;0.1677823059019472;0.7860229905240506;0.3306513566346144;0.7463750000871424;0.2917552447866604;0.22413861600823837;0.33895133182623394;0.36245533726007906;0.4817579071384722;0.0;0.36897177351326044;0.3508730677357002;0.3305429137920651;0.20165039794719372;0.27009233449983444;0.29347052254947653;0.1778173084930987;0.0;0.261763070891383;0.7461764216658557;0.2838462562229539;0.0;0.14819112034670534;1.0;0.0;0.3533640758945028;0.33897753477793124;0.5954612219705127;0.1411766312425631;0.2616847917931229;0.5059255567634555;0.37203890385366706;0.3518110452062442;0.24929585621729888;0.0;0.3765438510124317;0.37203890385366706;0.24934549369496253;0.0;0.32990077298563286;0.21507523884245786;0.5060365442311612;0.40691459653838197;0.0;0.503349198246627;0.3409176609212615;0.2609337784804753;0.1320525710916879;0.5027546176420115;0.26115202162712725;0.1778568583267021;0.0;0.3385863466252754;0.3687858051681067;0.26060472298200027;0.5060107991864965;0.0;0.8931468751811964;0.20067861625730746;0.5060116545786555;0.3518244679340562;0.377809401844417;0.0;0.35184604914172124;0.0;0.26145561649239785;0.3262928724485683;0.26148795823530796;0.2712334065612059;0.0;0.18297526965449365;0.2662341340684628;0.28386011857747817;0.0;0.200518338757772;0.30239657001297954;0.4612385437378251;0.2722870744642855;0.48164605153465145;0.0;0.4697964727984099;0.25146619443196155;0.3306374613022455;0.0
GO:0014075;0.0;0.0;0.0;0.0;0.0;0.0;0.0;0.0;0.0;0.0;0.0;0.0;0.0;0.0;0.0;0.37443223511034474;0.0;0.0;0.0;0.0;0.0;0.0;0.0;0.5052102027863868;0.0;0.0;0.0;0.0;0.0;0.0;1.0;0.0;0.0;0.0;0.0;0.0;0.0;0.0;0.0;0.0;0.0;0.0;0.0;0.4386930693795956;0.2870207424925767;0.0;0.0;0.0;0.0;0.0;0.0;0.0;0.0;0.0;0.0;0.0;0.0;0.6296460391637813;0.0;0.0;0.0;0.0;0.5310071554632468;0.0;0.34977461652216907;0.0;0.0;0.0;0.43941358761135774;0.0;0.0;0.0;0.0;0.0;0.0;0.0;0.0;0.0;0.2995620756189368;0.3516888037979872;0.34948451796551416;0.0;0.0;0.48119285161727077;0.0;0.0;0.0;0.0;0.0;0.6296476518517885
GO:0050729;0.2151235039393594;0.49296229400828323;0.0;0.3136822357063166;0.432550257298631;0.0;0.0;0.3533689384022304;0.2614979357086686;0.33911724763162215;0.2563737046448823;0.16218346866655425;0.35284086760572553;0.20912814350387302;0.3923481285303649;0.0;0.3784964229585707;0.0;0.0;0.14732829131646985;0.20105536302278124;0.25769723693476865;0.0;0.0;0.0;0.33904510365177;0.25024652464369357;0.0;0.0;0.3533640758945028;0.0;1.0;0.6272947410109935;0.2819771025308465;0.0;0.0;0.40822976301457803;0.0;0.30161723074901275;0.149611366863724;0.0;0.3196155699938834;0.0;0.0;0.0;0.28536858111242536;0.0;0.4083020219632566;0.3412336119302354;0.0;0.3253635306771362;0.2935749541772136;0.28247815187494973;0.0;0.4842941648893552;0.0;0.0;0.0;0.3525242824423262;0.3783397948657018;0.0;0.408285261067857;0.0;0.3533640758945028;0.0;0.40828581796239294;0.30162709653694;0.32052691686387624;0.0;0.30164295863282975;0.0;0.0;0.3417941415002759;0.0;0.0;0.0;0.0;0.16877105668788167;0.0;0.0;0.0;0.2225707527103809;0.303018504360293;0.0;0.39227393570176156;0.0;0.26148930753490846;0.22473409007281075;0.2614892447303147;0.0
GO:0050927;0.2107653327023098;0.42744120491214144;0.0;0.3022933408477344;0.4200019182266915;0.0;0.0;0.3389820094076607;0.25083765223699245;0.3258456007087834;0.25020787249584153;0.19878063464804316;0.34126669289158035;0.20400408102962878;0.37808931978883953;0.0;0.3652095980843995;0.0;0.0;0.14476665326897864;0.19724351442328839;0.2514683514678329;0.0;0.0;0.0;0.32577899251165016;0.2443685115781121;0.0;0.0;0.33897753477793124;0.0;0.6272947410109935;1.0;0.2727402058430109;0.0;0.0;0.39281591786488956;0.0;0.40798252388577233;0.14697043229735066;0.0;0.3100891069584644;0.0;0.0;0.0;0.27774994234979977;0.0;0.3928828227089224;0.4598678005353918;0.0;0.3131271582311781;0.2855180207568421;0.2750110469947999;0.0;0.4627526899026558;0.0;0.0;0.0;0.3409705281287977;0.3650637714759647;0.0;0.3928673038097837;0.0;0.33897753477793124;0.0;0.39286781943874505;0.4079954928389975;0.4327962169691238;0.0;0.2931435105586654;0.0;0.0;0.3309221840246101;0.0;0.0;0.0;0.0;0.16426546332113517;0.0;0.0;0.0;0.21790888146574056;0.29237765234247287;0.0;0.3780204211627047;0.0;0.25352695941180803;0.21998212117021632;0.2508296554011408;0.0
GO:0007189;0.21057776119356278;0.21522827509662332;0.11720482904276278;0.5311230358894535;0.30142469024012436;0.2623031589843078;0.14430933795663495;0.6766349006623982;0.25038885164877966;0.6504586322546824;0.24994357190660657;0.19861377987339798;0.2727232424286674;0.30953672245129;0.3774861346912341;0.0;0.29182772550345004;0.26181519844070034;0.2503266610371709;0.18075173688083765;0.23957194909592017;0.25120138264319625;0.15167132792441657;0.0;0.20878121079957762;0.7281327641311289;0.24411639733316037;0.0;0.12957568836681851;0.5954612219705127;0.0;0.2819771025308465;0.2727402058430109;1.0;0.12418072184858804;0.2087314097871597;0.39216486994680616;0.2734223569584814;0.2927565466968268;0.22306630706069308;0.0;0.30968326267470775;0.2734223569584814;0.20080506573075732;0.0;0.27742429042413075;0.1779679217521841;0.392231553181387;0.32993601653834986;0.0;0.39061509723347626;0.2851739097981363;0.21983651825573264;0.11706591510345643;0.3696192640300828;0.20839230220499813;0.15170010120437608;0.0;0.27248690296052064;0.2917113794630258;0.20804365607531972;0.39221608568897603;0.0;0.5954612219705127;0.1679953298838689;0.39221659960993654;0.29276584133083305;0.3105387721774654;0.0;0.2927807850948291;0.0;0.2085855742296227;0.264467974720844;0.20860615801025414;0.2147620591167936;0.0;0.15540803097492306;0.22388661832994639;0.2226023096829359;0.0;0.16788299328380538;0.26464900704010746;0.3647707232415663;0.21542211604401296;0.37741745570473223;0.0;0.384577641785912;0.21977779387583868;0.2503808834028697;0.0
GO:0000105;0.0;0.0;0.6005689644935965;0.1321397132622151;0.0;0.14499654033280124;0.531533582627052;0.14117768146932183;0.0;0.13804144807807375;0.0;0.0;0.0;0.10283394199067507;0.0;0.0;0.0;0.14484731092738828;0.239264533312872;0.0;0.08573689369447848;0.0;0.5500076761393031;0.0;0.12699966182428682;0.138025270796748;0.0;0.0;0.7320586128513076;0.1411766312425631;0.0;0.0;0.0;0.12418072184858804;1.0;0.12698123285453203;0.0;0.14833100011813305;0.0;0.0813113462716007;0.0;0.0;0.14833100011813305;0.1240035120614952;0.0;0.0;0.3500999475403955;0.0;0.0;0.0;0.0;0.0;0.0;0.46036085470131216;0.0;0.12685565374808835;0.5500787582012465;0.0;0.0;0.0;0.30144115290643675;0.0;0.0;0.1411766312425631;0.11065765940321556;0.0;0.0;0.0;0.0;0.0;0.2983391425338403;0.12692724628301752;0.0;0.1269348679425496;0.39364050381769417;0.0;0.32009988367297776;0.10894211803739688;0.1319844514255277;0.0;0.11060890779502035;0.0921603350265337;0.0;0.12942667391109242;0.0;0.32535090932269173;0.11864132728404451;0.0;0.0;0.0
