;GO:0016525;GO:1903487;GO:1901740;GO:0045648;GO:0010819;GO:0010818;GO:0045892;GO:0006958;GO:0033138;GO:0070206;GO:0006612;GO:0061844;GO:0098586;GO:2000406;GO:1901509;GO:0071360;GO:0046597;GO:0045662;GO:0051097;GO:0030816;GO:0050689;GO:0050688;GO:0008285;GO:0008284;GO:0007597;GO:0043367;GO:0045944;GO:0060700;GO:0042832;GO:0002576;GO:0019060;GO:0034605;GO:0043011;GO:0016079;GO:0019985;GO:0010994;GO:0000209;GO:0034165;GO:0032020;GO:0002230;GO:0051281;GO:0002741;GO:0007517;GO:0030593;GO:0010800;GO:0032496;GO:0034157;GO:0032897;GO:0003374;GO:0006006;GO:0042730;GO:0032091;GO:0006401;GO:2000679;GO:0043154;GO:0001869;GO:0051607;GO:0031397;GO:0030501;GO:0051205;GO:2000553;GO:0032480;GO:0045859;GO:0007186;GO:0090026;GO:0043950;GO:1901799;GO:0042742;GO:0006139;GO:0000266;GO:0007219;GO:0001756;GO:0010628;GO:0010506;GO:0010469;GO:0050767;GO:0033280;GO:0060340;GO:0009615;GO:0000079;GO:2000737;GO:0010951;GO:0071357;GO:0045070;GO:0045071;GO:0019941;GO:0035457;GO:0035458;GO:0060333;GO:0006351;GO:0050709;GO:0001580;GO:0007166;GO:0060337;GO:0006357;GO:0071222;GO:0043066;GO:0045087;GO:0070098
GO:0016525;1.0;0.5186909230308615;0.43392294263800746;0.3860442091418711;0.2565529403310138;0.0;0.20987014652182345;0.2053721416285801;0.18575397378811623;0.0;0.0;0.0;0.0;0.23099840645818265;0.6504675362488656;0.0;0.3852113620066417;0.5134677422712076;0.23486815752980172;0.19668693444347024;0.29263023535676824;0.3171111400742436;0.4373546016077704;0.3515444251798031;0.0;0.0;0.16534270828927214;0.2651298131125948;0.0;0.0;0.0;0.0;0.0;0.0;0.0;0.0;0.0;0.20826082563372528;0.0;0.2992311466015539;0.14723432270355769;0.19211066410485803;0.0;0.0;0.18586861244820885;0.0;0.20828436483787918;0.40950330232899795;0.0;0.0;0.38289570773836434;0.253326298743208;0.0;0.23658036280898925;0.1951562220449362;0.17002870910209766;0.0;0.26289765002066867;0.4763238617816909;0.0;0.2216535942328757;0.5635747811084996;0.2325042518846484;0.35811445931487096;0.19469148377060205;0.2555200486521776;0.2257055955678194;0.0;0.0;0.0;0.3456313371286847;0.0;0.3261333140883689;0.33902162239505945;0.32686712448603683;0.5278069879859133;0.0;0.20008855753824928;0.0;0.21297623578852812;0.5134654974582232;0.23194395704453322;0.0;0.3099529337969028;0.38491436797243495;0.0;0.0;0.0;0.3341215503668047;0.0;0.28664874287817743;0.0;0.3575044555611452;0.334133016858908;0.23246293097306292;0.0;0.3813828131637915;0.0;0.33411274500826665
GO:1903487;0.5186909230308615;1.0;0.3033869783188662;0.4709083053779063;0.3378884155904141;0.0;0.1778137070345886;0.21835883424727337;0.19631427372332028;0.0;0.0;0.0;0.0;0.3018194351073666;0.6440649706028015;0.0;0.34104481123670594;0.4130323279762091;0.2610254073012924;0.20856666732169313;0.2530715149275536;0.34917704061672183;0.39245626862499383;0.39138960228292136;0.0;0.0;0.17365777105443703;0.2871792710248077;0.0;0.0;0.0;0.0;0.0;0.0;0.0;0.0;0.0;0.22162730766091648;0.0;0.3276211174314027;0.2549799891007817;0.3056858180293495;0.0;0.0;0.19644232203832337;0.0;0.22165396558309292;0.36482373635638304;0.0;0.0;0.40462024243300004;0.2840251585240826;0.0;0.2631419442710224;0.16475246188279918;0.14266322233442613;0.0;0.22567780433491869;0.5197379512750497;0.0;0.2339541588528835;0.45738830578778633;0.24928922579512497;0.3995506646271803;0.2515468743148623;0.27593853774037486;0.1919762805767579;0.0;0.0;0.0;0.3840740805832525;0.0;0.36014765129718;0.375929593815956;0.36104272054236963;0.5816433673203031;0.0;0.21239560999603868;0.0;0.22697519702570182;0.41303034487972357;0.19758599637829943;0.0;0.3405177484750634;0.3407559220073;0.0;0.0;0.0;0.3699140087553643;0.0;0.40427370675678886;0.0;0.3987914808454744;0.36992806355808516;0.24924172405264805;0.0;0.3373241100515129;0.0;0.3699032158492453
GO:1901740;0.43392294263800746;0.3033869783188662;1.0;0.3409985563981761;0.2776619719202652;0.0;0.2654922780974391;0.1754667290457064;0.21127192253429755;0.0;0.0;0.0;0.0;0.25445382986859566;0.38617640949856546;0.0;0.30631039402192267;0.645157101558779;0.18246887733331227;0.22196191510014593;0.2447401208244288;0.25104528572829415;0.4881503230908837;0.35725031982742705;0.0;0.0;0.19085776827302856;0.2852704823712452;0.0;0.0;0.0;0.0;0.0;0.0;0.0;0.0;0.0;0.23309837081516308;0.0;0.23970614119039743;0.17223091208883753;0.18270394692842423;0.0;0.0;0.21138488538445324;0.0;0.23312083449195414;0.3214743959765586;0.0;0.0;0.2393620953466561;0.1934177304208268;0.0;0.18350063897597724;0.2490273459179869;0.22023695059671655;0.0;0.32254423523213044;0.2833922769878715;0.0;0.157782167094193;0.32757064253895707;0.2558442889888693;0.3623973436849235;0.22002326870950922;0.27673966893021196;0.28289768738555965;0.0;0.0;0.0;0.3525806612452562;0.0;0.25666644250416076;0.34731853037651245;0.3375235534473855;0.4399684899228312;0.0;0.22525401053964608;0.0;0.23758343994297126;0.6451548564666879;0.28966691307153697;0.0;0.24653781849885104;0.3061225741218491;0.0;0.0;0.0;0.34338830882419247;0.0;0.34699696630698074;0.0;0.3619212840960997;0.3433975350136785;0.25580617318985044;0.0;0.43837240668552097;0.0;0.3433812237474616
GO:0045648;0.3860442091418711;0.4709083053779063;0.3409985563981761;1.0;0.3237872723232551;0.0;0.19540684550323392;0.2930646823892977;0.29115943730559074;0.0;0.0;0.0;0.0;0.4318223582572865;0.4514499678883226;0.0;0.2483790112625642;0.43088381223205335;0.1837298496440498;0.30595546915090016;0.23978336040613338;0.30567387162604176;0.3604357139604088;0.4937436395454075;0.0;0.0;0.2629213368209611;0.2868619614419768;0.0;0.0;0.0;0.0;0.0;0.0;0.0;0.0;0.0;0.39541591194368336;0.0;0.2917822681862733;0.2670119914374618;0.36981839906176656;0.0;0.0;0.29131575703087614;0.0;0.39545419170143264;0.26075695429670803;0.0;0.0;0.28056191927934715;0.19483515722031053;0.0;0.184775961654431;0.1832451877061069;0.18788351920716545;0.0;0.23759208587288932;0.542394148179292;0.0;0.3316793668802183;0.3244263156520153;0.25712363748195544;0.3649695915700352;0.3731406758826223;0.38187047972025207;0.2082694118608045;0.0;0.0;0.0;0.3550149735271733;0.0;0.3223420761725075;0.3496804791530358;0.3397537310550368;0.5530922953399993;0.0;0.3820505990861641;0.0;0.23868628566765576;0.43088230332259586;0.21327358916115374;0.0;0.3095411788777504;0.2482257479479663;0.0;0.0;0.0;0.3456969272401537;0.0;0.25569399244412805;0.0;0.36448675448485773;0.34570627790470254;0.2570851395626868;0.0;0.32344997678637405;0.0;0.3456897465774591
GO:0010819;0.2565529403310138;0.3378884155904141;0.2776619719202652;0.3237872723232551;1.0;0.0;0.2071170883259552;0.27243494591025397;0.2260169133970158;0.0;0.0;0.0;0.0;0.6577166321531172;0.30505587852561034;0.0;0.27425169066080385;0.3584427779609188;0.20478476270450463;0.23829447340404522;0.35257936737190054;0.4597501527875144;0.4024017416824011;0.40154695603358115;0.0;0.0;0.20281035051562615;0.31282689674288944;0.0;0.0;0.0;0.0;0.0;0.0;0.0;0.0;0.0;0.33578967473179283;0.0;0.43674942855373233;0.2122778745112445;0.291183554065866;0.0;0.0;0.22614619899802818;0.0;0.3358245448976037;0.28942141400599297;0.0;0.0;0.300278618914147;0.21867741328428666;0.0;0.20608522418100375;0.19350488895974366;0.25346731868779937;0.0;0.2551311168525098;0.2569757810901896;0.0;0.243101272847198;0.29556738215707007;0.2777902448463284;0.40806114162518553;0.641928208716351;0.3561691551360068;0.22162471910059955;0.0;0.0;0.0;0.39565703804092384;0.0;0.2864706833159985;0.38904262540011286;0.443501214294446;0.3694375752425895;0.0;0.32364473481654366;0.0;0.25639325595000756;0.3584413925502138;0.22730000525652924;0.0;0.27391075727159825;0.2740648466681849;0.0;0.0;0.0;0.384118087115726;0.0;0.3222264156591138;0.0;0.4074576518648314;0.38412963180528376;0.27774531012988624;0.0;0.35684628825107;0.0;0.38410922164091316
GO:0010818;0.0;0.0;0.0;0.0;0.0;1.0;0.0;0.11638952164737543;0.0;0.2458367236382739;0.0;0.18590144019384097;0.0;0.0;0.0;0.19845062443462738;0.0;0.0;0.0;0.0;0.0;0.0;0.0;0.0;0.0;0.2545647029000963;0.0;0.0;0.0;0.2293602222450052;0.0;0.23889162633481917;0.2688646649094944;0.15798609269942;0.11561467404796698;0.23785594480695788;0.1683662619075584;0.0;0.18187595804080503;0.0;0.10289175525281173;0.0;0.0;0.7604658314738129;0.0;0.0;0.0;0.0;0.23051496750150524;0.0;0.0;0.0;0.13964236217636186;0.0;0.0;0.0;0.173436208560634;0.0;0.0;0.0;0.0;0.0;0.0;0.2503384641393612;0.0;0.0;0.0;0.0;0.20562414047127212;0.2564959955132414;0.24160776750138585;0.0;0.0;0.0;0.0;0.0;0.0;0.0;0.0;0.0;0.0;0.0;0.22342425795419243;0.0;0.0;0.1653703676197591;0.22327478160666864;0.22323469856388406;0.23355810481279185;0.13054237414667758;0.0;0.0;0.24991182004157678;0.23356612406111132;0.0;0.17717648141885858;0.0;0.2213002296682315;0.23355194666486626
GO:0045892;0.20987014652182345;0.1778137070345886;0.2654922780974391;0.19540684550323392;0.2071170883259552;0.0;1.0;0.13681085291359557;0.3299877114962355;0.0;0.0;0.0;0.0;0.19392354486959584;0.18890335687277285;0.0;0.21919418394420856;0.31531249368653236;0.12734234031369013;0.34058394327294356;0.18575382251940262;0.17877508584396024;0.3392138827879119;0.24839517372962028;0.0;0.0;0.5784876350895732;0.4905782163814119;0.0;0.0;0.0;0.0;0.0;0.0;0.0;0.0;0.0;0.18126714146946388;0.0;0.17294903593212688;0.1421899870508296;0.14925326629182953;0.0;0.0;0.330127819025357;0.0;0.1812807255807729;0.226851496671111;0.0;0.0;0.18263928007699828;0.132579963716349;0.0;0.12784399648938133;0.44726264865871057;0.45021214503478835;0.0;0.5496098313716423;0.1692894821139267;0.0;0.1258157995370206;0.22987030601112116;0.3829758970125616;0.25087256655511403;0.1732604029676186;0.20660347138211504;0.49575594049540883;0.0;0.0;0.0;0.24612865482407958;0.0;0.31771606467589125;0.3384969085114309;0.23869529719567026;0.23572165634822947;0.0;0.17648767703277224;0.0;0.36180972096353003;0.31531170761438276;0.5051666258503047;0.0;0.17647738745371713;0.21909798906965092;0.0;0.0;0.0;0.24161356734459616;0.0;0.2644584154141137;0.0;0.250644336278988;0.24161813497060172;0.7283268735815236;0.0;0.31440522353639216;0.0;0.2416100596737004
GO:0006958;0.2053721416285801;0.21835883424727337;0.1754667290457064;0.2930646823892977;0.27243494591025397;0.11638952164737543;0.13681085291359557;1.0;0.18403626231099782;0.0;0.0;0.27365976642396656;0.14400205763713794;0.290434303142947;0.23532365493521593;0.12109311941104009;0.21655970412169515;0.21581390615445636;0.1583698474126794;0.19253479530469295;0.2558473909162134;0.31701037605096755;0.23620822506164332;0.2942226173325632;0.5873937701713795;0.11343323313933525;0.16760591686810042;0.1935117929843378;0.13395674803482227;0.0;0.0;0.13779159654791234;0.11795150352592364;0.0;0.27047515173235276;0.0;0.4043262010616577;0.4064225004297392;0.4281157360328176;0.30440239932026597;0.1523791503084568;0.3249731193616888;0.0;0.11401275375859617;0.18412644302541695;0.13668283086664182;0.40645808988320703;0.22590967293294395;0.0;0.2879326441334157;0.2142971470797297;0.16655275932164085;0.275976064939868;0.15914649244192933;0.12894556897932516;0.1894573928997721;0.21822353539651593;0.1634896763763028;0.2565705386604852;0.0;0.364843297350138;0.229636845827784;0.17553396855947725;0.23875980115030074;0.3232394072664093;0.3195046166536226;0.14504367467447687;0.13368606087410206;0.312405045767416;0.0;0.23314574242806985;0.0;0.2796082031475157;0.23011936655586307;0.27661684503229994;0.22101254542867219;0.13107613819094865;0.39395616815513745;0.147359047465481;0.16416948546800025;0.2158132468817786;0.14822312380524694;0.13162544872065626;0.26992545291367953;0.21644318477074728;0.3989197926225574;0.13156457253104278;0.131548243911118;0.22785119934973475;0.26171506597008315;0.17465881476776698;0.14818005089080205;0.2384884961265213;0.22785653171017636;0.17551041539032203;0.11150825088670203;0.2150534783170814;0.25767449396076575;0.22784710443987047
GO:0033138;0.18575397378811623;0.19631427372332028;0.21127192253429755;0.29115943730559074;0.2260169133970158;0.0;0.3299877114962355;0.18403626231099782;1.0;0.0;0.0;0.0;0.0;0.28876155359375805;0.20991989573175412;0.0;0.19485886090257667;0.2549992131449761;0.141402732721316;0.6183890626099968;0.16256975220667497;0.19748677197162418;0.27648644362742913;0.3789135048140263;0.0;0.0;0.4983460094644803;0.4543722865544167;0.0;0.0;0.0;0.0;0.0;0.0;0.0;0.0;0.0;0.26842740845843627;0.0;0.1904014856669557;0.20703611235903374;0.2179800969333132;0.0;0.0;0.9477476571445781;0.0;0.2684491128869802;0.2023962386777636;0.0;0.0;0.15961335184997325;0.14789028692848458;0.0;0.14202155374463474;0.3653597927861699;0.3280749397159222;0.0;0.48766536225010504;0.2320324115081109;0.0;0.16818914911726648;0.20538278751285916;0.6562927545408452;0.279146502986293;0.25567893860549407;0.3093608462243091;0.4078067455775171;0.0;0.0;0.0;0.27328552527499483;0.0;0.44379132070711064;0.3754118251897251;0.26415177466233813;0.2605148757742043;0.0;0.2608067848001178;0.0;0.6171107554149649;0.25499851198513296;0.41611298805643304;0.0;0.24290087660448734;0.19476451859536817;0.0;0.0;0.0;0.26773036074435325;0.0;0.2103793206032454;0.0;0.2788639585453881;0.26773596920963155;0.4156035909249545;0.0;0.25419018668512716;0.0;0.26772605378504205
GO:0070206;0.0;0.0;0.0;0.0;0.0;0.2458367236382739;0.0;0.0;0.0;1.0;0.0;0.0;0.0;0.0;0.0;0.24156169093327087;0.0;0.0;0.0;0.0;0.0;0.0;0.0;0.0;0.0;0.235332009828344;0.0;0.0;0.0;0.28896335859188754;0.0;0.3042573821557962;0.2515420409964004;0.1841497342603441;0.12903036760970685;0.7904645572292193;0.19840779045945425;0.0;0.21744116068578018;0.0;0.11338325920592279;0.0;0.0;0.23736170417752978;0.0;0.0;0.0;0.0;0.7596883198182804;0.0;0.0;0.0;0.15969738852859114;0.0;0.0;0.0;0.0;0.0;0.0;0.0;0.0;0.0;0.0;0.32307209483656374;0.0;0.0;0.0;0.0;0.2522745915643122;0.5655339194803367;0.30867701233796785;0.0;0.0;0.0;0.0;0.0;0.0;0.0;0.0;0.0;0.0;0.0;0.2796043560699158;0.0;0.0;0.1942605701835652;0.27937029637128713;0.2793075451467507;0.29565835226158105;0.14790623173756248;0.0;0.0;0.32236187225222246;0.29567120299888894;0.0;0.21075782026614087;0.0;0.0;0.29564848407183364
GO:0006612;0.0;0.0;0.0;0.0;0.0;0.0;0.0;0.0;0.0;0.0;1.0;0.0;0.0;0.0;0.0;0.0;0.0;0.0;0.0;0.0;0.0;0.0;0.0;0.0;0.0;0.0;0.0;0.0;0.0;0.28539000204420933;0.6983270844387545;0.0;0.0;0.33353131398455393;0.0;0.0;0.0;0.0;0.0;0.0;0.0;0.0;0.0;0.0;0.0;0.0;0.0;0.0;0.0;0.0;0.0;0.0;0.0;0.0;0.0;0.0;0.0;0.0;0.0;0.6656648529914954;0.0;0.0;0.0;0.0;0.0;0.0;0.0;0.0;0.0;0.0;0.0;0.0;0.0;0.0;0.0;0.0;0.0;0.0;0.0;0.0;0.0;0.0;0.0;0.0;0.0;0.0;0.0;0.0;0.0;0.0;0.0;0.0;0.0;0.0;0.0;0.0;0.0;0.0;0.0
GO:0061844;0.0;0.0;0.0;0.0;0.0;0.18590144019384097;0.0;0.27365976642396656;0.0;0.0;0.0;1.0;0.7005640204564563;0.0;0.0;0.1922399993318386;0.0;0.0;0.0;0.0;0.0;0.0;0.0;0.0;0.21674871561959735;0.1784721744973533;0.0;0.0;0.6178163974923954;0.0;0.13757864458921937;0.2380351531445756;0.18991850335299265;0.0;0.10596052990187302;0.0;0.0;0.0;0.0;0.0;0.0;0.0;0.0;0.1799109841439899;0.0;0.47799838903058145;0.0;0.0;0.0;0.0;0.0;0.0;0.0;0.0;0.0;0.0;0.6467257461335418;0.0;0.0;0.0;0.0;0.0;0.0;0.0;0.0;0.0;0.0;0.6157054976353054;0.0;0.0;0.0;0.0;0.0;0.0;0.0;0.0;0.2956579982016725;0.0;0.730277856138178;0.0;0.0;0.0;0.22021394088263396;0.0;0.0;0.0;0.220043598708748;0.21999792641820182;0.0;0.0;0.0;0.27083607706052415;0.0;0.0;0.0;0.3444441951572276;0.0;0.47710652564476463;0.0
GO:0098586;0.0;0.0;0.0;0.0;0.0;0.0;0.0;0.14400205763713794;0.0;0.0;0.0;0.7005640204564563;1.0;0.0;0.0;0.21356517027569544;0.0;0.0;0.0;0.0;0.0;0.0;0.0;0.0;0.2442468937162923;0.0;0.0;0.0;0.7003242252241413;0.0;0.14893727927112435;0.27161804193638595;0.0;0.0;0.11213205111969579;0.0;0.0;0.0;0.0;0.0;0.0;0.0;0.0;0.0;0.0;0.5443747966449332;0.0;0.0;0.0;0.0;0.0;0.0;0.0;0.0;0.0;0.0;0.7171868117703318;0.0;0.0;0.0;0.0;0.0;0.0;0.0;0.0;0.0;0.0;0.6976131039334562;0.0;0.0;0.0;0.0;0.0;0.0;0.0;0.0;0.33354431060244105;0.0;0.9507236388307798;0.0;0.0;0.0;0.24865607808307513;0.0;0.0;0.0;0.24843891432953755;0.24838069557263842;0.0;0.0;0.0;0.3151739872314397;0.0;0.0;0.0;0.3776234917602347;0.0;0.3257856835162538;0.0
GO:2000406;0.23099840645818265;0.3018194351073666;0.25445382986859566;0.4318223582572865;0.6577166321531172;0.0;0.19392354486959584;0.290434303142947;0.28876155359375805;0.0;0.0;0.0;0.0;1.0;0.26959328802096916;0.0;0.24524898497900252;0.32068445310817056;0.18120935888531578;0.30330879122234455;0.23736595523512183;0.3017562136812349;0.3554211867029117;0.4868873697421789;0.0;0.0;0.2609644529101518;0.2836766244793894;0.0;0.0;0.0;0.0;0.0;0.0;0.0;0.0;0.0;0.391824518722189;0.0;0.28821052107864636;0.26424177048390013;0.3378149054353686;0.0;0.0;0.2889153084563754;0.0;0.39186210624744483;0.2573093505794504;0.0;0.0;0.19191245188053827;0.19200311086569982;0.0;0.18222688619799499;0.18194015914791561;0.1866996622590878;0.0;0.23540280006510644;0.2886328236848222;0.0;0.2612815625830626;0.2621557373994036;0.2545615516207561;0.359829016212434;0.7392786887918602;0.3777562773200042;0.20658525061732075;0.0;0.0;0.0;0.35014912502340945;0.0;0.318118896962327;0.3449587891525795;0.33529460583416903;0.3294565283925296;0.0;0.37869685598301345;0.0;0.23647688223628438;0.3206833442018515;0.2115078665867733;0.0;0.305644735262516;0.24509955895516616;0.0;0.0;0.0;0.34108149327209425;0.0;0.29543032050079726;0.0;0.35935967605802777;0.34109059591682916;0.2545238170410091;0.0;0.3194059962535905;0.0;0.34107450306697457
GO:1901509;0.6504675362488656;0.6440649706028015;0.38617640949856546;0.4514499678883226;0.30505587852561034;0.0;0.18890335687277285;0.23532365493521593;0.20991989573175412;0.0;0.0;0.0;0.0;0.26959328802096916;1.0;0.0;0.38431757270854044;0.4651196379794003;0.2989872481164683;0.2239903137643057;0.2761438506787114;0.3946757460621682;0.4508762711914258;0.4494689762142736;0.0;0.0;0.18421969930977564;0.31725946234871083;0.0;0.0;0.0;0.0;0.0;0.0;0.0;0.0;0.0;0.2391241479578999;0.0;0.36735600128385465;0.1620180565158554;0.2128698605589225;0.0;0.0;0.21006631456755226;0.0;0.23915518145725664;0.41478312140107254;0.0;0.0;0.3268502378190037;0.3295550478676045;0.0;0.3017674611334379;0.1742293591724093;0.14971485779288585;0.0;0.24384625344190164;0.5800060578575504;0.0;0.2497554238498551;0.521947489074175;0.2716465948514917;0.46026523911468287;0.22140604756415594;0.303596630393054;0.204967358859303;0.0;0.0;0.0;0.43984790850009453;0.0;0.40874924009887764;0.42919903961716416;0.40990257400240276;0.6581805380968012;0.0;0.22841250522759163;0.0;0.2453616523579824;0.4651171231713358;0.2113746541568575;0.0;0.3836484053106242;0.3839507617783836;0.0;0.0;0.0;0.42137558286853927;0.0;0.26955640077492266;0.0;0.4592580890539634;0.4213938203231981;0.271590191666005;0.0;0.3795993153468936;0.0;0.42136157816847175
GO:0071360;0.0;0.0;0.0;0.0;0.0;0.19845062443462738;0.0;0.12109311941104009;0.0;0.24156169093327087;0.0;0.1922399993318386;0.21356517027569544;0.0;0.0;1.0;0.0;0.0;0.0;0.0;0.0;0.0;0.0;0.0;0.18491192006930898;0.19154842479762357;0.0;0.0;0.19219081217616216;0.2256346877549634;0.0;0.39163979931757115;0.20215191167241536;0.15620948766870693;0.19120730702436156;0.23385171321695689;0.16635002040781383;0.0;0.17952542757260212;0.0;0.10213523460103652;0.0;0.0;0.19289097171943556;0.0;0.3420098647062669;0.0;0.0;0.2267521328758963;0.0;0.0;0.0;0.13825255365607378;0.0;0.0;0.0;0.17954521252560915;0.0;0.0;0.0;0.0;0.0;0.0;0.24590684105905844;0.0;0.0;0.0;0.19163411070152098;0.2026247622110237;0.25184570842564263;0.23747731489399537;0.0;0.0;0.0;0.0;0.0;0.38525530832186117;0.0;0.22103295834959266;0.0;0.0;0.0;0.63480858977861;0.0;0.0;0.16342482680352322;0.6343906055258078;0.6342785188580612;0.22969609672455202;0.1293270129261466;0.0;0.2228852819127461;0.24549515619548024;0.22970385295600834;0.0;0.505061072780742;0.0;0.22814044409802212;0.22969014054677914
GO:0046597;0.3852113620066417;0.34104481123670594;0.30631039402192267;0.2483790112625642;0.27425169066080385;0.0;0.21919418394420856;0.21655970412169515;0.19485886090257667;0.0;0.0;0.0;0.0;0.24524898497900252;0.38431757270854044;0.0;1.0;0.4156018384685387;0.2572612290975942;0.20692467417233534;0.40902718100726754;0.4125631512577399;0.47989528894087463;0.38564693927034105;0.0;0.0;0.17251793436745413;0.28407541973769684;0.0;0.0;0.0;0.0;0.0;0.0;0.0;0.0;0.0;0.21977414293533654;0.0;0.38740773889726904;0.15289703394720267;0.16384174087184028;0.0;0.0;0.1949850170248494;0.0;0.21980035688781793;0.79552968492209;0.0;0.0;0.30244376717099924;0.27957406473983126;0.0;0.25931692180547344;0.20319364530817732;0.17609746511729926;0.0;0.2776948248858365;0.3110087020020765;0.0;0.19024318911776156;0.4584200476043091;0.24694703919754768;0.3935678488580305;0.2047172527396919;0.2730716993553952;0.23652605314271477;0.0;0.0;0.0;0.37854256827451566;0.0;0.3552794908459049;0.3706285722473781;0.35615049684717276;0.3475627554475794;0.0;0.2106930209091869;0.0;0.225031911259071;0.4155998684585065;0.24338598333424344;0.0;0.5975500946610238;0.8726975962980482;0.0;0.0;0.0;0.36478012412998384;0.0;0.3043302586302021;0.0;0.392831209719667;0.364793791510996;0.24690042577972848;0.0;0.41333396569117825;0.0;0.3647696287213607
GO:0045662;0.5134677422712076;0.4130323279762091;0.645157101558779;0.43088381223205335;0.3584427779609188;0.0;0.31531249368653236;0.21581390615445636;0.2549992131449761;0.0;0.0;0.0;0.0;0.32068445310817056;0.4651196379794003;0.0;0.4156018384685387;1.0;0.25571457627225197;0.2707369980384367;0.3098417921045565;0.34271449712126006;0.6880331440340934;0.503144184049552;0.0;0.0;0.22584334933667288;0.37122430181786475;0.0;0.0;0.0;0.0;0.0;0.0;0.0;0.0;0.0;0.28749028696794215;0.0;0.32192534820623464;0.20022013159857394;0.21451495640857612;0.0;0.0;0.255163793432506;0.0;0.2875244580305798;0.44401928153653863;0.0;0.0;0.3012721767625211;0.27774843995287984;0.0;0.25774552809223505;0.2923555762102142;0.25345759249896244;0.0;0.3991666997877873;0.3768358562970132;0.0;0.18966739672677344;0.45573379419671456;0.3228960919084594;0.5134139047556069;0.26785824667847036;0.3569072384829437;0.3401689243459623;0.0;0.0;0.0;0.49393093734531446;0.0;0.3532766373803076;0.4836652897264478;0.46487836753242123;0.6019971032859748;0.0;0.2756509225575285;0.0;0.2943434536461978;0.8741212555996047;0.3500040150235417;0.0;0.33436893945501395;0.41525615544373073;0.0;0.0;0.0;0.476077313162286;0.0;0.4373040208932381;0.0;0.5124589366109255;0.4760950473312326;0.3228353816341745;0.0;0.5931076608400759;0.0;0.4760636947945189
GO:0051097;0.23486815752980172;0.2610254073012924;0.18246887733331227;0.1837298496440498;0.20478476270450463;0.0;0.12734234031369013;0.1583698474126794;0.141402732721316;0.0;0.0;0.0;0.0;0.18120935888531578;0.2989872481164683;0.0;0.2572612290975942;0.25571457627225197;1.0;0.15080416895788026;0.18556867474199248;0.2640970274163036;0.3010979702047742;0.30017325764271124;0.0;0.0;0.1242059964298372;0.4163450508834733;0.0;0.0;0.0;0.0;0.0;0.0;0.0;0.0;0.0;0.16090552046831108;0.0;0.2460566130343691;0.1093245610397119;0.11760027550009361;0.0;0.0;0.14150061452282314;0.0;0.1609262230342466;0.2773522803340074;0.0;0.0;0.17996283509117483;0.5291784000555273;0.0;0.3951284238972541;0.3349874312693902;0.10106763388322484;0.0;0.16405512333920702;0.23539057749033154;0.0;0.13782754893832425;0.28574121200145963;0.30124699266370797;0.3072649430148617;0.14907815312288414;0.20381584414228732;0.13809132613915784;0.0;0.0;0.0;0.2938489062742469;0.0;0.27337660682063275;0.2868438642634639;0.3647424449368926;0.26666454784482163;0.0;0.15375697897688273;0.0;0.27235520530258656;0.2557132125839957;0.4058621452086531;0.0;0.25681944277392565;0.2570190620425131;0.0;0.0;0.0;0.28169403666820986;0.0;0.18118480508049686;0.0;0.30660361279713727;0.28170604490961576;0.18253849030624966;0.0;0.25414576979372927;0.0;0.28168481542455276
GO:0030816;0.19668693444347024;0.20856666732169313;0.22196191510014593;0.30595546915090016;0.23829447340404522;0.0;0.34058394327294356;0.19253479530469295;0.6183890626099968;0.0;0.0;0.0;0.0;0.30330879122234455;0.2239903137643057;0.0;0.20692467417233534;0.2707369980384367;0.15080416895788026;1.0;0.17088283980595556;0.20989058252145953;0.29508494954785286;0.404362280046236;0.0;0.0;0.5138590875881001;0.4760997084893277;0.0;0.0;0.0;0.0;0.0;0.0;0.0;0.0;0.0;0.2809535570279644;0.0;0.20190530979610835;0.21440913475988585;0.22616861565378962;0.0;0.0;0.6186827636628913;0.0;0.2809773344818042;0.21544479946440032;0.0;0.0;0.16761938958985287;0.15820565449644364;0.0;0.1515082173864984;0.292139299765236;0.2613253151682045;0.0;0.367744783103492;0.24570644152013751;0.0;0.1752589895150247;0.21883207189112042;0.46558815243622703;0.29811687778405505;0.2670183967905984;0.3261178384113107;0.3275081758236024;0.0;0.0;0.0;0.2914417500780713;0.0;0.37023421367464976;0.4000445096148161;0.2810770637978686;0.27696280110034127;0.0;0.2726161521981396;0.0;0.4364726107891046;0.2707362076610631;0.33446562973705624;0.0;0.2579273773474593;0.20681828982966555;0.0;0.0;0.0;0.285132451395159;0.0;0.22097691029369396;0.0;0.29779464802998945;0.28513881264827057;0.4334212261434636;0.0;0.26982520718000885;0.0;0.28512756635245884
GO:0050689;0.29263023535676824;0.2530715149275536;0.2447401208244288;0.23978336040613338;0.35257936737190054;0.0;0.18575382251940262;0.2558473909162134;0.16256975220667497;0.0;0.0;0.0;0.0;0.23736595523512183;0.2761438506787114;0.0;0.40902718100726754;0.3098417921045565;0.18556867474199248;0.17088283980595556;1.0;0.7226428418500592;0.34422313527373555;0.2768295163229242;0.0;0.0;0.14671824248837356;0.22028963827316317;0.0;0.0;0.0;0.0;0.0;0.0;0.0;0.0;0.0;0.33266731547332534;0.0;0.7354722396694353;0.13228151077260258;0.23027597079117992;0.0;0.0;0.16265755349953298;0.0;0.3326997323092051;0.4296074558789416;0.0;0.0;0.4471582516426802;0.19690424272059803;0.0;0.1866358919770547;0.17413356617997733;0.40754604725263627;0.0;0.22612259366375895;0.23614812160315077;0.0;0.2613558560108349;0.33303250257521994;0.1972877867072675;0.28088750061685325;0.2786185993733787;0.263258237221801;0.19805241144659733;0.0;0.0;0.0;0.2731496331189382;0.0;0.26082613423051204;0.26900483939634073;0.32201981849600403;0.25664291501692904;0.0;0.32135155305011415;0.0;0.18304624205184272;0.30984069715519813;0.20283957171545072;0.0;0.2997534881963603;0.40877247463461497;0.0;0.0;0.0;0.26591051259887194;0.0;0.24347437516375048;0.0;0.2805120842685322;0.2659177751561769;0.19725803443173576;0.0;0.3085795366631575;0.0;0.2659049354605027
GO:0050688;0.3171111400742436;0.34917704061672183;0.25104528572829415;0.30567387162604176;0.4597501527875144;0.0;0.17877508584396024;0.31701037605096755;0.19748677197162418;0.0;0.0;0.0;0.0;0.3017562136812349;0.3946757460621682;0.0;0.4125631512577399;0.34271449712126006;0.2640970274163036;0.20989058252145953;0.7226428418500592;1.0;0.39717027671646854;0.3960778675097453;0.0;0.0;0.17457461968538898;0.28969530709251284;0.0;0.0;0.0;0.0;0.0;0.0;0.0;0.0;0.0;0.4133933342940055;0.0;0.937648704974396;0.1545103112421376;0.2717732038152616;0.0;0.0;0.19761635491090435;0.0;0.413443393915777;0.441649522286978;0.0;0.0;0.4073532653972947;0.2876657009948108;0.0;0.26626387698396803;0.16557746474509893;0.322890797428308;0.0;0.22722867038464237;0.31775741133034907;0.0;0.3161431568077087;0.3789370412279145;0.251182946700902;0.4044377036524035;0.34153128661636833;0.34292794156704204;0.19309738555413386;0.0;0.0;0.0;0.38858771499507405;0.0;0.364113532683404;0.3802527526895782;0.4498603969052177;0.35601264732399573;0.0;0.39606246144963625;0.0;0.2285440077681314;0.34271283458778545;0.19877378065824144;0.0;0.41191892715379474;0.4122100419641033;0.0;0.0;0.0;0.37409914701888386;0.0;0.24939477098463758;0.0;0.40365985270422333;0.37411352165367767;0.2511347205948888;0.0;0.3408008351066856;0.0;0.37408810851702784
GO:0008285;0.4373546016077704;0.39245626862499383;0.4881503230908837;0.3604357139604088;0.4024017416824011;0.0;0.3392138827879119;0.23620822506164332;0.27648644362742913;0.0;0.0;0.0;0.0;0.3554211867029117;0.4508762711914258;0.0;0.47989528894087463;0.6880331440340934;0.3010979702047742;0.29508494954785286;0.34422313527373555;0.39717027671646854;1.0;0.6895721314862173;0.0;0.0;0.24253707206983716;0.41858127728636735;0.0;0.0;0.0;0.0;0.0;0.0;0.0;0.0;0.0;0.3150984285388802;0.0;0.369516192923584;0.2132316241364367;0.22952031832421407;0.0;0.0;0.2766799393819115;0.0;0.31513947819879834;0.5181902309916996;0.0;0.0;0.33367852294482;0.3321212757951005;0.0;0.3039177611163501;0.3127905130075638;0.26867500880583844;0.0;0.4382592239758366;0.35320303939857106;0.0;0.20524109556366324;0.5342159389815312;0.35813993857577076;0.6086503722197866;0.29166839812942397;0.4004674903094689;0.36815441980806146;0.0;0.0;0.0;0.5814603689362429;0.0;0.41142544755062577;0.5672862020414183;0.5416139797816337;0.5265420759609878;0.0;0.30093200015621524;0.0;0.3233499254084519;0.6880294012265978;0.37970179766821466;0.0;0.3860050715217702;0.4794344382659994;0.0;0.0;0.0;0.5568758791316505;0.0;0.48466654727120284;0.0;0.6073087211013561;0.5569001438597232;0.35806525360511127;0.0;0.6837278943013937;0.0;0.5568572460455264
GO:0008284;0.3515444251798031;0.39138960228292136;0.35725031982742705;0.4937436395454075;0.40154695603358115;0.0;0.24839517372962028;0.2942226173325632;0.3789135048140263;0.0;0.0;0.0;0.0;0.4868873697421789;0.4494689762142736;0.0;0.38564693927034105;0.503144184049552;0.30017325764271124;0.404362280046236;0.2768295163229242;0.3960778675097453;0.6895721314862173;1.0;0.0;0.0;0.33244688056886196;0.4176564512980571;0.0;0.0;0.0;0.0;0.0;0.0;0.0;0.0;0.0;0.4317416120418906;0.0;0.36857043061534994;0.2923230041923536;0.31462638283430266;0.0;0.0;0.37917829536902276;0.0;0.4317977638599014;0.41633202902512423;0.0;0.0;0.2683651812642418;0.33099654886366553;0.0;0.3029756746311204;0.22906965573275595;0.19679564975925773;0.0;0.32079973752373836;0.43959561346234366;0.0;0.25570464213535016;0.4291692665313604;0.3574626955941241;0.6066969293200362;0.39968770687233673;0.5484653268007578;0.2695571579337315;0.0;0.0;0.0;0.5796773028175274;0.0;0.5118526334839499;0.5655888805300467;0.5400665953836998;0.5250794974959716;0.0;0.41236190460117544;0.0;0.32279776620165357;0.5031414542980955;0.2779995412771093;0.0;0.4803117989954133;0.3852775875496599;0.0;0.0;0.0;0.5552401916319799;0.0;0.35470552037130326;0.0;0.6053638669190391;0.5552643140228304;0.3573882927857679;0.0;0.5000041728927053;0.0;0.5552216678435992
GO:0007597;0.0;0.0;0.0;0.0;0.0;0.0;0.0;0.5873937701713795;0.0;0.0;0.0;0.21674871561959735;0.2442468937162923;0.0;0.0;0.18491192006930898;0.0;0.0;0.0;0.0;0.0;0.0;0.0;0.0;1.0;0.0;0.0;0.0;0.21668618926693206;0.0;0.0;0.22690095572635507;0.0;0.0;0.3504127873435237;0.0;0.5825944467136777;0.0;0.633301672619656;0.0;0.0;0.0;0.0;0.0;0.0;0.22390998023252398;0.0;0.0;0.0;0.48030943521415403;0.0;0.0;0.3755716242460973;0.0;0.0;0.0;0.2007454003190883;0.0;0.0;0.0;0.0;0.0;0.0;0.0;0.0;0.0;0.0;0.21597879866264258;0.483577389509726;0.0;0.0;0.0;0.0;0.0;0.0;0.0;0.20924764390957512;0.0;0.2540638403389025;0.0;0.0;0.0;0.210651034611734;0.0;0.0;0.5714354562382695;0.2104951603717304;0.21045336545573742;0.0;0.3496436701460032;0.0;0.2565142162900683;0.0;0.0;0.0;0.1634569466923948;0.0;0.2634996591920287;0.0
GO:0043367;0.0;0.0;0.0;0.0;0.0;0.2545647029000963;0.0;0.11343323313933525;0.0;0.235332009828344;0.0;0.1784721744973533;0.0;0.0;0.0;0.19154842479762357;0.0;0.0;0.0;0.0;0.0;0.0;0.0;0.0;0.0;1.0;0.0;0.0;0.0;0.2201901562287538;0.0;0.22896007377613561;0.6208876131454335;0.15358043044234954;0.1132375068981582;0.2280085444637828;0.16337180088722075;0.0;0.17606166961344852;0.0;0.10100472557328624;0.0;0.22981490979240302;0.2475806287207046;0.0;0.0;0.0;0.0;0.22125419725701045;0.0;0.0;0.0;0.13618920510243038;0.0;0.0;0.0;0.16695247365057433;0.0;0.0;0.0;0.0;0.0;0.0;0.23945402184783615;0.0;0.0;0.0;0.0;0.19822323066113653;0.24508172955693414;0.23145389181730835;0.20657273872274293;0.0;0.0;0.0;0.0;0.0;0.0;0.0;0.0;0.0;0.0;0.21471368906475038;0.0;0.0;0.16054952257657007;0.2145756370897248;0.2145386163412632;0.2240562483796211;0.12751974133924804;0.0;0.0;0.23906364232491148;0.22406362839538874;0.0;0.17165421929318647;0.0;0.21085178223679948;0.22405058109769968
GO:0045944;0.16534270828927214;0.17365777105443703;0.19085776827302856;0.2629213368209611;0.20281035051562615;0.0;0.5784876350895732;0.16760591686810042;0.4983460094644803;0.0;0.0;0.0;0.0;0.2609644529101518;0.18421969930977564;0.0;0.17251793436745413;0.22584334933667288;0.1242059964298372;0.5138590875881001;0.14671824248837356;0.17457461968538898;0.24253707206983716;0.33244688056886196;0.0;0.0;1.0;0.48017458748977776;0.0;0.0;0.0;0.0;0.0;0.0;0.0;0.0;0.0;0.2442433905996569;0.0;0.16901487196383488;0.19234653667459778;0.20175732963416315;0.0;0.0;0.49855401935293886;0.0;0.24426136014609823;0.17839995685467763;0.0;0.0;0.14430599002187042;0.12918375719424924;0.0;0.12468319979753643;0.28897296876162454;0.2855391042145432;0.0;0.35387878541919693;0.20650885047477632;0.0;0.15436025636443365;0.1807162584738452;0.3754793453701023;0.24458157226789073;0.2336432340950845;0.27767397881786166;0.31978179603908585;0.0;0.0;0.0;0.24007045928446571;0.0;0.47140075925707114;0.3302502396128008;0.23299326563891645;0.2301591550662957;0.0;0.23791789298574356;0.0;0.35511165832524594;0.22584279934754697;0.325748968143959;0.0;0.21507363258269044;0.1724439808591776;0.0;0.0;0.0;0.23577296408607049;0.0;0.1901290305279733;0.0;0.24436463993701713;0.2357773135497643;0.7460506821105704;0.0;0.22520851965056157;0.0;0.23576962394843262
GO:0060700;0.2651298131125948;0.2871792710248077;0.2852704823712452;0.2868619614419768;0.31282689674288944;0.0;0.4905782163814119;0.1935117929843378;0.4543722865544167;0.0;0.0;0.0;0.0;0.2836766244793894;0.31725946234871083;0.0;0.28407541973769684;0.37122430181786475;0.4163450508834733;0.4760997084893277;0.22028963827316317;0.28969530709251284;0.41858127728636735;0.4176564512980571;0.0;0.0;0.48017458748977776;1.0;0.0;0.0;0.0;0.0;0.0;0.0;0.0;0.0;0.0;0.257387743823805;0.0;0.2747002024894577;0.18514015994426783;0.19729741556264593;0.0;0.0;0.45463796671150897;0.0;0.2574151332196561;0.3003836817015342;0.0;0.0;0.2148960621621425;0.3032737610414349;0.0;0.2851150016327402;0.485208648919117;0.3398069816381964;0.0;0.5143723406958742;0.2655814234898264;0.0;0.17222347299701188;0.307009371635097;0.6572255147055526;0.42470839091256013;0.24153840000323143;0.31165667996021373;0.4453503922007543;0.0;0.0;0.0;0.41128821060730514;0.0;0.4493149019211235;0.5616936181780612;0.45775343628310894;0.3830301077129298;0.0;0.24785683057864172;0.0;0.6053240159501143;0.3712228158425035;0.5718405425000928;0.0;0.2837096406398882;0.28387495535185714;0.0;0.0;0.0;0.39883386365925205;0.0;0.28364551090056384;0.0;0.42405469629960885;0.3988463098741593;0.6624539657717026;0.0;0.36951219726116374;0.0;0.3988243058985511
GO:0042832;0.0;0.0;0.0;0.0;0.0;0.0;0.0;0.13395674803482227;0.0;0.0;0.0;0.6178163974923954;0.7003242252241413;0.0;0.0;0.19219081217616216;0.0;0.0;0.0;0.0;0.0;0.0;0.0;0.0;0.21668618926693206;0.0;0.0;0.0;1.0;0.0;0.13755175737224848;0.32711786556357425;0.0;0.0;0.1456409930562021;0.0;0.0;0.0;0.0;0.0;0.0;0.0;0.0;0.0;0.0;0.4778490533943489;0.0;0.0;0.0;0.0;0.0;0.0;0.0;0.0;0.0;0.0;0.7914077566952084;0.0;0.0;0.0;0.0;0.0;0.0;0.0;0.0;0.0;0.0;0.8542426627186891;0.0;0.0;0.0;0.0;0.0;0.0;0.0;0.0;0.2955719485718831;0.0;0.7300172918788661;0.0;0.0;0.0;0.22014939959203264;0.0;0.0;0.0;0.2199791572142173;0.21993351166795674;0.0;0.0;0.0;0.2707384586351871;0.0;0.0;0.0;0.34436664436434994;0.0;0.47964857380159914;0.0
GO:0002576;0.0;0.0;0.0;0.0;0.0;0.2293602222450052;0.0;0.0;0.0;0.28896335859188754;0.28539000204420933;0.0;0.0;0.0;0.0;0.2256346877549634;0.0;0.0;0.0;0.0;0.0;0.0;0.0;0.0;0.0;0.2201901562287538;0.0;0.0;0.0;1.0;0.260349994816593;0.2794151186054657;0.2343186900632622;0.6076977795498321;0.1243421220722472;0.2779993088178115;0.18753499587126385;0.0;0.20445053277142497;0.0;0.10974710616741166;0.0;0.0;0.221966076614926;0.0;0.0;0.0;0.0;0.2680232959406379;0.0;0.0;0.0;0.1525772610667969;0.0;0.0;0.0;0.0;0.0;0.0;0.31116014691926813;0.0;0.0;0.0;0.29520314715487517;0.0;0.0;0.0;0.0;0.23495423127640516;0.30380341740960204;0.2831380814730007;0.0;0.0;0.0;0.0;0.0;0.0;0.0;0.0;0.0;0.0;0.0;0.2584850563742615;0.0;0.0;0.18382560959033034;0.25828500703683926;0.25823136966319155;0.27214619099607895;0.14177853726348272;0.0;0.0;0.2946100580937155;0.2721570790624823;0.0;0.1985310360760021;0.0;0.0;0.2721378299068077
GO:0019060;0.0;0.0;0.0;0.0;0.0;0.0;0.0;0.0;0.0;0.0;0.6983270844387545;0.13757864458921937;0.14893727927112435;0.0;0.0;0.0;0.0;0.0;0.0;0.0;0.0;0.0;0.0;0.0;0.0;0.0;0.0;0.0;0.13755175737224848;0.260349994816593;1.0;0.0;0.0;0.311682950145349;0.0;0.0;0.0;0.0;0.0;0.0;0.0;0.0;0.0;0.0;0.0;0.0;0.0;0.0;0.0;0.0;0.0;0.0;0.0;0.0;0.0;0.0;0.13052973931988543;0.0;0.0;0.4105833143066365;0.0;0.0;0.0;0.0;0.0;0.0;0.0;0.1372472204278765;0.0;0.0;0.0;0.0;0.0;0.0;0.0;0.0;0.0;0.0;0.15277899238658377;0.0;0.0;0.0;0.0;0.0;0.0;0.0;0.0;0.0;0.0;0.0;0.0;0.0;0.0;0.0;0.0;0.0;0.0;0.0;0.0
GO:0034605;0.0;0.0;0.0;0.0;0.0;0.23889162633481917;0.0;0.13779159654791234;0.0;0.3042573821557962;0.0;0.2380351531445756;0.27161804193638595;0.0;0.0;0.39163979931757115;0.0;0.0;0.0;0.0;0.0;0.0;0.0;0.0;0.22690095572635507;0.22896007377613561;0.0;0.0;0.32711786556357425;0.2794151186054657;0.0;1.0;0.2442756070499744;0.18022494231061678;0.29072887773490375;0.292126387314875;0.19385921075342225;0.0;0.21199001472330614;0.0;0.11188307707845226;0.0;0.0;0.23088089408664916;0.0;0.2467001880457575;0.0;0.0;0.2811307628145585;0.0;0.0;0.0;0.15673732592783396;0.0;0.0;0.0;0.3008799283680568;0.0;0.0;0.0;0.0;0.0;0.0;0.3111830746709405;0.0;0.0;0.0;0.32594549363955666;0.24496638762474396;0.3207547401367745;0.29780603885110574;0.0;0.0;0.0;0.0;0.0;0.22901904911993076;0.0;0.2838134433250824;0.0;0.0;0.0;0.45134358244476214;0.0;0.0;0.18989806607061518;0.45097784133808216;0.4508797830979825;0.2856701869949853;0.1453636614100296;0.0;0.28687472771746597;0.3105241092080812;0.28568218411330293;0.0;0.3429124856559494;0.0;0.40640939088458516;0.28566097428255677
GO:0043011;0.0;0.0;0.0;0.0;0.0;0.2688646649094944;0.0;0.11795150352592364;0.0;0.2515420409964004;0.0;0.18991850335299265;0.0;0.0;0.0;0.20215191167241536;0.0;0.0;0.0;0.0;0.0;0.0;0.0;0.0;0.0;0.6208876131454335;0.0;0.0;0.0;0.2343186900632622;0.0;0.2442756070499744;1.0;0.16032297636245746;0.11686121289092866;0.2431928222590478;0.17102289632119483;0.0;0.18497996331355007;0.0;0.10387786684936047;0.0;0.2483362647730866;0.26108589134240384;0.0;0.0;0.0;0.0;0.2355240343651304;0.0;0.0;0.0;0.14146495016973928;0.0;0.0;0.0;0.17692756261362697;0.0;0.0;0.0;0.0;0.0;0.0;0.25625716049810854;0.0;0.0;0.0;0.0;0.20960053020763975;0.2627130504308927;0.24711628490639878;0.22141625957884853;0.0;0.0;0.0;0.0;0.0;0.0;0.0;0.0;0.0;0.0;0.22812676034038226;0.0;0.0;0.16793257996467173;0.2279709277896042;0.22792914103628142;0.23870177432881465;0.13213380552671877;0.0;0.0;0.2558101218251475;0.23871015069007512;0.0;0.1801208524329118;0.0;0.22701629957509878;0.2386953419550176
GO:0016079;0.0;0.0;0.0;0.0;0.0;0.15798609269942;0.0;0.0;0.0;0.1841497342603441;0.33353131398455393;0.0;0.0;0.0;0.0;0.15620948766870693;0.0;0.0;0.0;0.0;0.0;0.0;0.0;0.0;0.0;0.15358043044234954;0.0;0.0;0.0;0.6076977795498321;0.311682950145349;0.18022494231061678;0.16032297636245746;1.0;0.09987970385827093;0.17963485429534948;0.13694774535288254;0.0;0.1457539858896219;0.0;0.09023988246952382;0.0;0.0;0.15444229917638091;0.0;0.0;0.0;0.0;0.17541594285092954;0.0;0.0;0.0;0.11731892860826175;0.0;0.0;0.0;0.0;0.0;0.0;0.25826209740596207;0.0;0.0;0.0;0.18666415610956408;0.0;0.0;0.0;0.0;0.16062024532603336;0.19006639440048304;0.18176653392543982;0.0;0.0;0.0;0.0;0.0;0.0;0.0;0.0;0.0;0.0;0.0;0.17127942874174862;0.0;0.0;0.1349590393339622;0.17119156897258792;0.17116800414493394;0.17717262487888166;0.11082824172334878;0.0;0.0;0.18642684354162073;0.17717723947201705;0.0;0.1427202746561191;0.0;0.0;0.1771690811847024
