;GO:0036492;GO:0016925;GO:0039520;GO:0015031;GO:1904613;GO:1901223;GO:1990253;GO:0050796;GO:0045892;GO:0045010;GO:0034587;GO:0032688;GO:0006695;GO:0007266;GO:0042147;GO:0006853;GO:1902603;GO:0000077;GO:0048010;GO:1990138;GO:0050680;GO:0071407;GO:0050687;GO:0043408;GO:0032792;GO:1900273;GO:0006260;GO:0045665;GO:0038095;GO:0043124;GO:0045944;GO:1902616;GO:0000398;GO:0002223;GO:0030888;GO:0006814;GO:0000165;GO:0031338;GO:0019221;GO:0010633;GO:0032147;GO:0050852;GO:0030522;GO:0006270;GO:0031295;GO:0000209;GO:0000724;GO:0002230;GO:0009306;GO:0030239;GO:0006703;GO:0071264;GO:0018242;GO:0070973;GO:0031047;GO:0018243;GO:2001238;GO:0030512;GO:0007050;GO:0018108;GO:0061098;GO:0051051;GO:0006366;GO:0046777;GO:0008543;GO:0006886;GO:0002286;GO:0043666;GO:0023014;GO:0032922;GO:0032527;GO:0051607;GO:0035873;GO:0060392;GO:0060394;GO:1905515;GO:0006499;GO:0007616;GO:0006888;GO:0051694;GO:0071320;GO:0015913;GO:0018105;GO:0015730;GO:0090630;GO:2001271;GO:0043046;GO:0043687;GO:0006469;GO:0006613;GO:0010719;GO:0048741;GO:0000082;GO:0035459;GO:0034644;GO:0035616;GO:0016311;GO:0035335;GO:0007281;GO:0035970;GO:0006351;GO:0044828;GO:0031098;GO:1904322;GO:0006470;GO:0006355;GO:0048743;GO:0006357;GO:0060733;GO:0006511;GO:0002821;GO:0006909;GO:0034356;GO:0002949;GO:0030277;GO:0070895;GO:0032057;GO:0016266;GO:0070417;GO:0030036;GO:0019933;GO:0035722
GO:0036492;1.0;0.454563896052802;0.1784472724943815;0.0;0.1580471068780081;0.1488315189894597;0.210418631735976;0.1423347123117808;0.3532227038647777;0.14342565712317537;0.2723298939744167;0.1302935888491025;0.13667249464193265;0.20403630564955613;0.0;0.0;0.0;0.3039058055881719;0.20404013763681234;0.10084419018185874;0.1680378458309923;0.1682353797449729;0.1140552530819007;0.3321298645686967;0.3976960128839726;0.15082722703982615;0.2806530540760762;0.1428064211800798;0.19157872700017559;0.14883152421527054;0.34927899702313076;0.0;0.25426407545106705;0.15606540125310073;0.15781527383766478;0.0;0.6029147654809958;0.16794098051531126;0.2108018001583818;0.14668937040938723;0.2673522883420382;0.17069312812310522;0.21436029674162818;0.3010799387551231;0.13506652426667848;0.46083771311923843;0.373241416549201;0.12615546502381164;0.08902758944504906;0.09035845212534979;0.22440183521075777;0.5325054246870137;0.44195817530478854;0.0;0.25715357260721444;0.4419581561435471;0.13708675220523062;0.14086173187036463;0.2005193591028847;0.5498894588094252;0.25906550217150165;0.1412767963569169;0.25370814459415814;0.5648629396557857;0.20404013763681234;0.0;0.0962227679069908;0.3363167570842447;0.6185598634687587;0.23264385800239137;0.0;0.12483991647258562;0.0;0.14883088755964488;0.2648604105737501;0.09344173440453321;0.44847330812198805;0.0;0.0;0.1373416248658835;0.14079947035311985;0.0;0.5498894716682773;0.0;0.09774051072284747;0.2535300927973404;0.291985940525886;0.4807756673046788;0.27023011285167486;0.0;0.15543293904626593;0.09784674766887554;0.102837446624893;0.0959825999401929;0.16039557584227562;0.4189797824496698;0.2451199584506131;0.5099129164121313;0.09915085750792875;0.5099129164121313;0.25677507544336853;0.10130686274562134;0.3276197179548468;0.1390367152749967;0.5169523302329756;0.43198440692631895;0.1257112006516597;0.4260979271636744;0.5512181040794939;0.3392220606204365;0.13027467563925366;0.0;0.2328420023247749;0.2708460079738869;0.0974970088341235;0.2753342531276198;0.5881524972701475;0.4539877086291274;0.234301565662473;0.10264891380711327;0.20403481641755938;0.20736717893581558
GO:0016925;0.454563896052802;1.0;0.0;0.0;0.1684555419830519;0.0;0.15526041247436415;0.0;0.0;0.10473066952960555;0.47475265056242194;0.0;0.22328720740365438;0.18898823416107616;0.0;0.0;0.0;0.15477400520519466;0.1889949914374657;0.1947733043931386;0.0;0.18913666691172434;0.0;0.0;0.0;0.0;0.46572944173480435;0.0;0.16816983239390534;0.0;0.0;0.0;0.4224289561368013;0.11922247281145867;0.0;0.0;0.6701239483732001;0.0;0.20128676970320106;0.0;0.0;0.13775848366109517;0.20806550745224706;0.5248164004792608;0.0;0.8819357115428514;0.42673625218136974;0.0;0.15503012594859492;0.15911102858118736;0.31960586724397433;0.07923222116001788;0.7779102100319697;0.0;0.1728870486797073;0.7779101540283619;0.0;0.0;0.18288172913736145;0.7784147176920232;0.0;0.0;0.39594739129129347;0.7681781619633321;0.1889949914374657;0.0;0.17823923810856973;0.0;0.6984443170477482;0.0;0.0;0.0;0.0;0.0;0.0;0.16892627247314948;0.7520213159721563;0.0;0.0;0.09820175149812624;0.13794501133976603;0.0;0.7784147479259079;0.0;0.0;0.0;0.4684030602322744;0.8475046073658381;0.0;0.0;0.0;0.18389283041074064;0.20234843800564964;0.17741691392233913;0.17302988524774418;0.7129798357739169;0.35373048828279385;0.7681775877978588;0.18855374629474947;0.7681775877978588;0.4034681817074395;0.0;0.1770780615477431;0.13510221106496004;0.7862872629838817;0.0;0.0;0.0;0.09194786201673091;0.5682880917968076;0.0;0.0;0.2743867111838086;0.438761548216991;0.0;0.0;0.0911199167759318;0.7676569298149489;0.1887927518570426;0.20161979576885178;0.18898560813067708;0.19494970769186212
GO:0039520;0.1784472724943815;0.0;1.0;0.0;0.0;0.20934930264061455;0.0;0.19671904724044287;0.2177284728603661;0.2129947104284736;0.0;0.1905482042016473;0.0;0.24903358447544108;0.0;0.0;0.0;0.21243477294766;0.24904052390943468;0.0;0.2494549950473715;0.0;0.15771075905688353;0.26935991637058815;0.25489388655751344;0.29684469306292255;0.0;0.19762123201278683;0.22712120143307216;0.20934931298028983;0.3337024343359554;0.0;0.0;0.20518802505375797;0.2275716181029578;0.0;0.17935981457624212;0.24924158384373044;0.26148496581733094;0.20513555529994928;0.3141751079528216;0.23163209338052868;0.26819841856386917;0.0;0.2547944207140399;0.0;0.0;0.18182582825819266;0.0;0.0;0.1118491002606117;0.259195742673642;0.0;0.0;0.23218142701276728;0.0;0.25998842849539927;0.1939164913292913;0.24271738377299057;0.0;0.3017997007099022;0.21499160736753173;0.0;0.0;0.24904052390943468;0.0;0.0;0.2740542323081239;0.18569268619613213;0.2476127082457811;0.0;0.13372449325674496;0.0;0.20934805330953513;0.19960619678731178;0.0;0.0;0.0;0.0;0.14474480535813325;0.0;0.0;0.0;0.0;0.14394407685895133;0.18881725891960363;0.0;0.0;0.20480964574853455;0.0;0.22265062543680167;0.0;0.0;0.0;0.0;0.0;0.0;0.0;0.0;0.0;0.0;0.49880099287460716;0.2366297684729766;0.0;0.0;0.2856305436427649;0.23144498901836225;0.28021626162416235;0.19017070097753802;0.0;0.23804468623343916;0.0;0.0;0.0;0.14341656823597124;0.2648312771205537;0.18866398246598354;0.0;0.0;0.0;0.24903088762493353;0.25511349379760767
GO:0015031;0.0;0.0;0.0;1.0;0.0;0.0;0.0;0.0;0.0;0.0;0.0;0.0;0.0;0.0;0.4049759736233736;0.29846620909980426;0.4446307022309216;0.0;0.0;0.0;0.0;0.0;0.0;0.0;0.0;0.0;0.0;0.0;0.0;0.0;0.0;0.44414049573897507;0.0;0.0;0.0;0.43996557270286957;0.0;0.0;0.0;0.0;0.0;0.0;0.0;0.0;0.0;0.0;0.0;0.0;0.8390325116422881;0.0;0.0;0.0;0.0;0.4221081693973011;0.0;0.0;0.0;0.0;0.0;0.0;0.0;0.0;0.0;0.0;0.0;0.8671627787868394;0.0;0.0;0.0;0.0;0.8402981836098531;0.0;0.3703276115378807;0.0;0.0;0.0;0.0;0.0;0.420815930558855;0.0;0.0;0.42044004711804595;0.0;0.39337122524069235;0.0;0.0;0.0;0.0;0.0;0.7076286961180972;0.0;0.0;0.0;0.38734903428688344;0.0;0.0;0.0;0.0;0.0;0.0;0.0;0.0;0.0;0.0;0.0;0.0;0.0;0.0;0.0;0.0;0.0;0.4597810697242801;0.0;0.0;0.0;0.0;0.0;0.0;0.0;0.0;0.0;0.0
GO:1904613;0.1580471068780081;0.1684555419830519;0.0;0.0;1.0;0.0;0.3096607757562517;0.0;0.0;0.11657660981430953;0.18303701126723027;0.0;0.0;0.23142344438238555;0.0;0.0;0.0;0.30851923006930076;0.2314335769693922;0.240158167660723;0.0;0.8496380195536158;0.0;0.0;0.0;0.0;0.1591994348279197;0.0;0.20095984793502744;0.0;0.0;0.0;0.15973751862509927;0.1348176013667569;0.0;0.0;0.14370938123870977;0.0;0.25013850816767236;0.0;0.0;0.1590120959340167;0.2606931547403606;0.1829828878207951;0.0;0.17309555714563793;0.24395140350011751;0.0;0.18247815902521689;0.18815850238542742;0.1545050115748864;0.1453977999314542;0.15949795040005063;0.0;0.20773298706512788;0.15949793714043997;0.0;0.0;0.2223327224989878;0.15961741139412314;0.0;0.0;0.13228439393246713;0.16816832900269432;0.2314335769693922;0.0;0.21550862110628358;0.0;0.15067059339368713;0.0;0.0;0.19961170383866716;0.0;0.0;0.0;0.20204097812981062;0.16406824739286358;0.0;0.0;0.10854385061721095;0.5841408326633699;0.0;0.15961741855384096;0.0;0.0;0.0;0.14399739265073166;0.1887140660818846;0.0;0.0;0.0;0.2238288860139795;0.25178014009838373;0.2143076101545209;0.35225153031896067;0.14432084795505173;0.26191133590657023;0.168168182798174;0.2307722679243561;0.168168182798174;0.13512648616697953;0.0;0.36220240645619695;0.5702866895548662;0.17279740591955683;0.0;0.0;0.0;0.17101768704038872;0.16362479987024897;0.0;0.0;0.09867153636973958;0.14829648290020167;0.0;0.0;0.1693284092103899;0.16803561801089947;0.39153761061753584;0.250653005702384;0.23141950667385836;0.24042641425839456
GO:1901223;0.1488315189894597;0.0;0.20934930264061455;0.0;0.0;1.0;0.0;0.3485684668301625;0.2619639568765971;0.18338115926339288;0.0;0.32052648066986256;0.0;0.34067029289373374;0.0;0.0;0.0;0.38363966806583555;0.34068327906693163;0.0;0.4751528741924763;0.0;0.348391130531185;0.48344190824837696;0.2739082739447362;0.3867899231521571;0.0;0.3496274898059037;0.36104991606473086;0.8976611019068845;0.18497833676649753;0.0;0.0;0.25168371129794664;0.3017421459072891;0.0;0.2224569521833035;0.34105965008467976;0.36440778310482763;0.3667057785901637;0.17214128321878924;0.29266695466988585;0.37757939514227945;0.0;0.22824147384198784;0.0;0.0;0.3010828034494582;0.0;0.0;0.14056126705343874;0.1375419259407095;0.0;0.0;0.3099003659151139;0.0;0.417937547663683;0.7210942586970526;0.4577592898835222;0.0;0.1641583105791012;0.37845109571403496;0.0;0.0;0.34068327906693163;0.0;0.0;0.2501133329725269;0.23228217967142417;0.27051578481462524;0.0;0.0;0.0;0.7952450304324145;0.49890833424897923;0.0;0.0;0.0;0.0;0.2387435891447455;0.0;0.0;0.0;0.0;0.19527967914341224;0.22120617600565484;0.0;0.0;0.2434827819323771;0.0;0.40793038565843176;0.0;0.0;0.0;0.0;0.0;0.0;0.0;0.0;0.0;0.0;0.20502931958583404;0.31787629894656605;0.0;0.0;0.26368746271335064;0.20274491079287316;0.25729999405365545;0.19231425009496694;0.0;0.32043489235261463;0.0;0.0;0.0;0.19431008755642526;0.33329841783786984;0.22099580379979342;0.0;0.0;0.0;0.34066524618975785;0.35215100831825275
GO:1990253;0.210418631735976;0.15526041247436415;0.0;0.0;0.3096607757562517;0.0;1.0;0.0;0.0;0.11010114602603459;0.16756359518825062;0.0;0.0;0.207228508649743;0.0;0.0;0.0;0.3938939854858999;0.2072366332621285;0.21420477553614214;0.0;0.35134989395110333;0.0;0.0;0.0;0.0;0.14736358823130905;0.0;0.18246091182350105;0.0;0.0;0.0;0.1478245215785828;0.12623176015596935;0.0;0.0;0.1339944538158166;0.0;0.22210906572675698;0.0;0.0;0.14720305561601432;0.23039166323984503;0.16751823469086158;0.0;0.159193505859976;0.31704219991011245;0.0;0.16709511566169644;0.17184564647404052;0.14333240330337405;0.43905445784272085;0.14761933124832735;0.0;0.18802720092706762;0.1476193198901923;0.0;0.0;0.1999092023802089;0.14772165540022467;0.0;0.0;0.1240082719025841;0.15501639949226156;0.2072366332621285;0.0;0.1943750546068262;0.0;0.14002655297954555;0.0;0.0;0.30594952334148656;0.0;0.0;0.0;0.1833517197437303;0.1515258945638505;0.0;0.0;0.10290846126708872;0.24972454276118727;0.0;0.14772166153252914;0.0;0.0;0.0;0.13424480766223565;0.17230893556368368;0.0;0.0;0.0;0.20111797108121704;0.22340245121493907;0.19339751101053176;0.3188065249783024;0.1345258902537239;0.23134259712736832;0.15501627526191322;0.20670621978566842;0.15501627526191322;0.12650251563778636;0.0;0.4557591731460619;0.24423259614790874;0.1589412881745461;0.0;0.0;0.0;0.54332146683629;0.15114757690661712;0.0;0.0;0.0939925380878981;0.13797374452966019;0.0;0.0;0.22471712074014374;0.1549036276766872;0.4888168896957417;0.2225146253141644;0.2072253512567883;0.2144181514420269
GO:0050796;0.1423347123117808;0.0;0.19671904724044287;0.0;0.0;0.3485684668301625;0.0;1.0;0.17797960472608398;0.2098792022873866;0.0;0.23355904450729298;0.0;0.30844437339021086;0.0;0.0;0.0;0.2542019394995642;0.3084550188592588;0.0;0.3090910969023663;0.0;0.1860714988595422;0.3176166652279981;0.21337382395227197;0.40984379151332007;0.0;0.23327760826447566;0.27552091566350073;0.34856848737195356;0.17504782152644155;0.0;0.0;0.19710751412402294;0.27618403520249646;0.0;0.2082492565686408;0.4312182006672287;0.3277759288461389;0.29251081108120086;0.16350909025490354;0.22696960128908908;0.338393926277162;0.0;0.21331008666761833;0.0;0.0;0.22058862084880848;0.0;0.0;0.22131017860292218;0.1319749319836669;0.0;0.0;0.22648811615134423;0.0;0.3047476290291508;0.3183387146480121;0.2988133171118565;0.0;0.1562898831755989;0.40586133535601165;0.0;0.0;0.3084550188592588;0.0;0.0;0.23229485379058956;0.21683532270612613;0.2451067634376641;0.0;0.0;0.0;0.3485659847920403;0.22510391463489024;0.0;0.0;0.0;0.0;0.19703539583818339;0.0;0.0;0.0;0.0;0.17732372029268573;0.1515758186539231;0.0;0.0;0.16606288045815837;0.0;0.26896943609132234;0.0;0.0;0.0;0.0;0.0;0.0;0.0;0.0;0.0;0.0;0.15437822564299344;0.2896398153357933;0.0;0.0;0.24395869394340078;0.1908763956340432;0.2384813471257549;0.1527907112339755;0.0;0.23349827823903574;0.0;0.0;0.0;0.23886258702717084;0.22312811557205725;0.15143836154208187;0.0;0.0;0.0;0.3084402363130932;0.3178258638291929
GO:0045892;0.3532227038647777;0.0;0.2177284728603661;0.0;0.0;0.2619639568765971;0.0;0.17797960472608398;1.0;0.1414730207503585;0.0;0.21118299904367063;0.0;0.21974389577376116;0.0;0.0;0.0;0.2654307078657271;0.21974929884166955;0.0;0.3062379318887134;0.0;0.17826186755769202;0.34754362594848004;0.6818458960668634;0.19145971283863084;0.0;0.2486921293418965;0.20250437296908044;0.2619639685112289;0.5537590352754593;0.0;0.0;0.15668947111299028;0.202862366000909;0.0;0.1636496662064977;0.21990582944269405;0.2293819403927906;0.2572128378622771;0.26691366122374804;0.17499182076284076;0.23453190389329298;0.0;0.16675873711420872;0.0;0.0;0.16211258212763036;0.0;0.0;0.10156842283279531;0.33129986556634294;0.0;0.0;0.4466947141048315;0.0;0.16984909658869513;0.24446836316233508;0.2989176286679829;0.0;0.25713003759672515;0.23486793147730825;0.0;0.0;0.21974929884166955;0.0;0.0;0.35302300303445844;0.16890547541250814;0.3042138873578789;0.0;0.0;0.0;0.2619625510765724;0.41757217353162135;0.0;0.0;0.0;0.0;0.1869353455572067;0.0;0.0;0.0;0.0;0.1273543879915257;0.39652991063914256;0.0;0.0;0.4276628886276762;0.0;0.2768359479412075;0.0;0.0;0.0;0.0;0.0;0.0;0.0;0.0;0.0;0.0;0.15401880100008716;0.2100293002720904;0.0;0.0;0.7190010501133614;0.15272610942631815;0.7066978465141127;0.37484684452615136;0.0;0.16897845877570886;0.0;0.0;0.0;0.1269412898337883;0.6067018749732439;0.6373017954710861;0.0;0.0;0.0;0.21974179598683927;0.22446419629691636
GO:0045010;0.14342565712317537;0.10473066952960555;0.2129947104284736;0.0;0.11657660981430953;0.18338115926339288;0.11010114602603459;0.2098792022873866;0.1414730207503585;1.0;0.11018806603977298;0.16411689633004828;0.0;0.25908523963921465;0.0;0.0;0.0;0.22579310167052727;0.25909141833334937;0.128601822642599;0.21344004786623214;0.12612013851287915;0.13916095899925435;0.17113789547018252;0.16296001347637087;0.29834971514379977;0.10107701210793883;0.1743192141996394;0.23932426720194766;0.1833811671970474;0.1942801707486283;0.0;0.10129365082696205;0.21696433304289994;0.1972138295412513;0.0;0.1944419139505903;0.29636554325294273;0.27009233449983444;0.180139849474044;0.18392786806067238;0.24169613731764658;0.27596194584552564;0.11016844925409026;0.22671510385659774;0.10650565467004694;0.09473221170316826;0.15760514146800236;0.10998529013100769;0.22679014768534822;0.17033430112483525;0.17803816711398385;0.1011972638921459;0.0;0.2038600347905724;0.10119725855439733;0.2308181756987283;0.17143024983315386;0.2534407952012147;0.10124534058335925;0.17730734215589053;0.18193242469717333;0.08951359231593817;0.10461958299575962;0.25909141833334937;0.0;0.12117976770835455;0.17376986044282386;0.20054120177655588;0.16973605932671434;0.0;0.0;0.0;0.18338020064831412;0.13073908032102768;0.19811226510015023;0.10301799853630117;0.0;0.0;0.623239230091423;0.10110169346822281;0.0;0.10124534346397586;0.0;0.12359680355395629;0.12426647648844964;0.09472758359988329;0.11222035805257152;0.13383871630136177;0.0;0.1935074846067698;0.12376673186521088;0.13186112699019475;0.20489216633609528;0.11874913186495516;0.16090845883211122;0.13458763570242552;0.10461952641112779;0.12586067695507025;0.10461952641112779;0.09080597908838178;0.12063828211988843;0.2479612789696089;0.09956619901813277;0.10639270161976114;0.18021528833742415;0.20803988589420744;0.17720868484031535;0.1520510505065954;0.10284299115224084;0.20503108709276704;0.0;0.07274498552787995;0.0965692302672995;0.1667179960980293;0.16858873685488812;0.15094753991800386;0.10456820537631058;0.12596712429278512;0.22312942043315065;0.2590828384192618;0.26447967019547625
GO:0034587;0.2723298939744167;0.47475265056242194;0.0;0.0;0.18303701126723027;0.0;0.16756359518825062;0.0;0.0;0.11018806603977298;1.0;0.0;0.2853334132973236;0.2075366412661448;0.0;0.0;0.0;0.16699718621720636;0.2075447900582972;0.21453402017056056;0.0;0.20771565372079906;0.0;0.0;0.0;0.0;0.7380993830581767;0.0;0.1826997485866461;0.0;0.0;0.0;0.7876368390381961;0.12634602789049146;0.0;0.0;0.4096634766999043;0.0;0.2224630774239737;0.0;0.0;0.14735846788772206;0.23077259253682136;0.8391691802916799;0.0;0.48679292935197704;0.6723747392224115;0.0;0.16729539729944215;0.17205748526617173;0.3891075113926722;0.0823165897305665;0.45136314464616895;0.0;0.18828084236100734;0.45136310988059064;0.0;0.0;0.20019593785933557;0.4516763440324908;0.0;0.0;0.6606265386110637;0.47400568220424555;0.2075447900582972;0.0;0.1946461234943486;0.0;0.42812403432433577;0.0;0.0;0.0;0.0;0.0;0.0;0.18359289583150556;0.4633208945532632;0.0;0.0;0.10298439170048024;0.14757191867147118;0.0;0.451676362802599;0.0;0.0;0.0;0.6723281424641604;0.5269477710932489;0.0;0.0;0.0;0.20140818710368008;0.22376060120245678;0.19366585837342173;0.18845026002924822;0.4112898136861524;0.39249422198823997;0.47400530191309853;0.20701280000490938;0.47400530191309853;0.673926122369583;0.0;0.19326216589189793;0.14432315857863817;0.486020801378447;0.0;0.0;0.0;0.09612777855214862;0.46216285818087116;0.0;0.0;0.40923714477584516;0.7791694350330223;0.0;0.0;0.09522321639023264;0.47366046793886474;0.20730092834171784;0.22286993203958733;0.2075334744766873;0.21474805284949294
GO:0032688;0.1302935888491025;0.0;0.1905482042016473;0.0;0.0;0.32052648066986256;0.0;0.23355904450729298;0.21118299904367063;0.16411689633004828;0.0;1.0;0.0;0.3393004262360012;0.0;0.0;0.0;0.32781633330831006;0.3393165227321938;0.0;0.4251880558292228;0.0;0.29259815130313077;0.22800736220310358;0.26293517286979146;0.26404233293761376;0.0;0.4088848497395174;0.29143272546264265;0.32052650490757917;0.16571698387969133;0.0;0.0;0.19100381829319155;0.2923604980188217;0.0;0.20423454034468222;0.3397831689097423;0.36923296799497535;0.4324370837256489;0.1529490919015374;0.22719828789290644;0.3862940808011936;0.0;0.21035022246389654;0.0;0.0;0.29158742160121504;0.0;0.0;0.1628864609603267;0.11955868229556617;0.0;0.0;0.37733882871275054;0.0;0.2165607091022959;0.2857126246351393;0.40597936020854003;0.0;0.14511443334989102;0.48411055843089085;0.0;0.0;0.3393165227321938;0.0;0.0;0.23390521697650538;0.2146502070199059;0.3360178263338024;0.0;0.0;0.0;0.32052355206377575;0.1881267036641852;0.0;0.0;0.0;0.0;0.19040829027977596;0.0;0.0;0.0;0.0;0.2412096696396824;0.17500976904842971;0.0;0.0;0.19461221228410835;0.0;0.4909420920081427;0.0;0.0;0.0;0.0;0.0;0.0;0.0;0.0;0.0;0.0;0.23252322143071535;0.311502065714293;0.0;0.0;0.24887636352844106;0.2295894508345545;0.2417972264472373;0.14135851722287657;0.0;0.3145777238021143;0.0;0.0;0.0;0.2397320682723005;0.2779060404672631;0.17482654981220133;0.0;0.0;0.0;0.33929417087510844;0.3536489892152814
GO:0006695;0.13667249464193265;0.22328720740365438;0.0;0.0;0.0;0.0;0.0;0.0;0.0;0.0;0.2853334132973236;0.0;1.0;0.0;0.0;0.0;0.0;0.0;0.0;0.0;0.0;0.0;0.0;0.0;0.0;0.0;0.34044242875466835;0.0;0.0;0.0;0.0;0.0;0.2564408258752539;0.0;0.0;0.0;0.19664820107968317;0.0;0.0;0.0;0.0;0.0;0.0;0.2852682372342699;0.0;0.2280973624482185;0.23594075522834487;0.0;0.0;0.0;0.5317148221626783;0.0;0.21383943793622362;0.0;0.0;0.2138394237905717;0.0;0.0;0.0;0.21396686212293603;0.0;0.0;0.3280978917049965;0.22298760457470101;0.0;0.0;0.0;0.0;0.2043145268463951;0.0;0.0;0.0;0.0;0.0;0.0;0.0;0.2186867598858197;0.0;0.0;0.0;0.0;0.0;0.2139668697587476;0.0;0.0;0.0;0.23592653014973236;0.24388361547158094;0.0;0.0;0.0;0.0;0.0;0.0;0.0;0.19732718944579547;0.1842410386828988;0.22298745200766773;0.0;0.22298745200766773;0.3338877085592573;0.0;0.0;0.0;0.22778996864197767;0.0;0.0;0.0;0.0;0.2182189060182003;0.0;0.0;0.28531448907791607;0.24161288525804586;0.0;0.0;0.0;0.22284909502116762;0.0;0.0;0.0;0.0
GO:0007266;0.20403630564955613;0.18898823416107616;0.24903358447544108;0.0;0.23142344438238555;0.34067029289373374;0.207228508649743;0.30844437339021086;0.21974389577376116;0.25908523963921465;0.2075366412661448;0.3393004262360012;0.0;1.0;0.0;0.0;0.0;0.42414782353743147;0.6477911747409282;0.28417383316893235;0.4613774131964877;0.27233255491733216;0.24752804584312377;0.3007059569184338;0.2763391795257223;0.35131044090778946;0.17741570266343462;0.3106681391869631;0.5497925766061609;0.3406703202736681;0.21529195352672104;0.0;0.17808422970209656;0.35160600298082884;0.3917106343089021;0.0;0.4285745174695164;0.4606479053982672;0.7102181054065656;0.32965122179860595;0.19809830645682294;0.42191619751859333;0.7462428977997437;0.2074670619764161;0.2762322843947266;0.19484798098920947;0.1587527172968893;0.312598326118517;0.20681846460995712;0.2141456715972557;0.23416477384298026;0.1867493065364475;0.17778652104165993;0.0;0.41202543713123085;0.17778650456693332;0.284816421017074;0.3016097381648671;0.5334670524245924;0.17793496101701595;0.18759974631852508;0.42542888677400154;0.1446231772059937;0.18862681369033488;0.6477911747409282;0.0;0.2502981096192216;0.3089275919973707;0.3974009251872608;0.36422935209926977;0.0;0.0;0.0;0.34066698462021244;0.19489040447028028;0.23231278944759148;0.18348371674206973;0.0;0.0;0.23988902778233673;0.17749175779328302;0.0;0.17793496991431024;0.0;0.26083390555165265;0.18084853090601846;0.1587397205193433;0.2148655877290908;0.20185927957603228;0.0;0.3773548794683803;0.26159185954996217;0.30059191394515977;0.2486794993917099;0.24014519329669062;0.15913288667812214;0.31514561693197046;0.1886266297490593;0.2711256620936352;0.1886266297490593;0.1480270077504338;0.194429006522823;0.6710823925016719;0.17281297976269272;0.19447026742462897;0.32990393963884396;0.2397435730978637;0.3199661219735032;0.2219473116068185;0.1829292834152665;0.3391721970622204;0.0;0.10537757278426631;0.16398016361414947;0.2591069563802121;0.2929234714354908;0.21960388718050006;0.18845986475948975;0.2716201094637211;0.29898678251522787;0.7360362063062709;0.6775818971064964
GO:0042147;0.0;0.0;0.0;0.4049759736233736;0.0;0.0;0.0;0.0;0.0;0.0;0.0;0.0;0.0;0.0;1.0;0.4088560737719657;0.329620097628041;0.0;0.0;0.0;0.0;0.0;0.0;0.0;0.0;0.0;0.0;0.0;0.0;0.0;0.0;0.32924446536183233;0.0;0.0;0.0;0.46067458195369915;0.0;0.0;0.0;0.0;0.0;0.0;0.0;0.0;0.0;0.0;0.0;0.0;0.3375397884583847;0.0;0.0;0.0;0.0;0.35237006437785645;0.0;0.0;0.0;0.0;0.0;0.0;0.0;0.0;0.0;0.0;0.0;0.5581819450937368;0.0;0.0;0.0;0.0;0.5402922219174003;0.0;0.3194307545647339;0.0;0.0;0.0;0.0;0.0;0.7894594614825874;0.0;0.0;0.364264658999004;0.0;0.3399978144181432;0.0;0.0;0.0;0.0;0.0;0.4525209369817827;0.0;0.0;0.0;0.40331109753088845;0.0;0.0;0.0;0.0;0.0;0.0;0.0;0.0;0.0;0.0;0.0;0.0;0.0;0.0;0.0;0.0;0.0;0.5775715076229478;0.0;0.0;0.0;0.0;0.0;0.0;0.0;0.0;0.0;0.0
GO:0006853;0.0;0.0;0.0;0.29846620909980426;0.0;0.0;0.0;0.0;0.0;0.0;0.0;0.0;0.0;0.0;0.4088560737719657;1.0;0.3898290197633765;0.0;0.0;0.0;0.0;0.0;0.0;0.0;0.0;0.0;0.0;0.0;0.0;0.0;0.0;0.38953435498264205;0.0;0.0;0.0;0.3224680910905868;0.0;0.0;0.0;0.0;0.0;0.0;0.0;0.0;0.0;0.0;0.0;0.0;0.2657777065766093;0.0;0.0;0.0;0.0;0.20972622153697185;0.0;0.0;0.0;0.0;0.0;0.0;0.0;0.0;0.0;0.0;0.0;0.4075726219432054;0.0;0.0;0.0;0.0;0.3989857095383341;0.0;0.710571115265032;0.0;0.0;0.0;0.0;0.0;0.4188146763317211;0.0;0.0;0.6399842474773614;0.0;0.6120124419706059;0.0;0.0;0.0;0.0;0.0;0.35386687405186606;0.0;0.0;0.0;0.24867690631053735;0.0;0.0;0.0;0.0;0.0;0.0;0.0;0.0;0.0;0.0;0.0;0.0;0.0;0.0;0.0;0.0;0.0;0.2766573641460119;0.0;0.0;0.0;0.0;0.0;0.0;0.0;0.0;0.0;0.0
GO:1902603;0.0;0.0;0.0;0.4446307022309216;0.0;0.0;0.0;0.0;0.0;0.0;0.0;0.0;0.0;0.0;0.329620097628041;0.3898290197633765;1.0;0.0;0.0;0.0;0.0;0.0;0.0;0.0;0.0;0.0;0.0;0.0;0.0;0.0;0.0;0.8453959194395133;0.0;0.0;0.0;0.4911402524632228;0.0;0.0;0.0;0.0;0.0;0.0;0.0;0.0;0.0;0.0;0.0;0.0;0.3841920106728038;0.0;0.0;0.0;0.0;0.2023455147426552;0.0;0.0;0.0;0.0;0.0;0.0;0.0;0.0;0.0;0.0;0.0;0.39501287412054814;0.0;0.0;0.0;0.0;0.3846813005720588;0.0;0.46973439222320107;0.0;0.0;0.0;0.0;0.0;0.3400378371610535;0.0;0.0;0.4086668501503524;0.0;0.3864727787156023;0.0;0.0;0.0;0.0;0.0;0.33211267576267506;0.0;0.0;0.0;0.31784735997043423;0.0;0.0;0.0;0.0;0.0;0.0;0.0;0.0;0.0;0.0;0.0;0.0;0.0;0.0;0.0;0.0;0.0;0.3650352475287296;0.0;0.0;0.0;0.0;0.0;0.0;0.0;0.0;0.0;0.0
GO:0000077;0.3039058055881719;0.15477400520519466;0.21243477294766;0.0;0.30851923006930076;0.38363966806583555;0.3938939854858999;0.2542019394995642;0.2654307078657271;0.22579310167052727;0.16699718621720636;0.32781633330831006;0.0;0.42414782353743147;0.0;0.0;0.0;1.0;0.424164383236412;0.21328003339599197;0.4866823319420448;0.349881018171917;0.25477812988777143;0.24892263794149436;0.2783168376618927;0.2826224046185603;0.14692533193102172;0.3558301538890917;0.37364093690700556;0.38363969301848;0.1873831180179212;0.0;0.14738352348014083;0.25878911546146677;0.3081939979162598;0.0;0.27466045196696526;0.34932544857412196;0.4544684942104322;0.3735351249851762;0.1742219966403206;0.3016548753418788;0.4713372654030414;0.1669521318210879;0.23191383569841745;0.15868218346475219;0.3594562850273878;0.2460979706370652;0.16653186410786974;0.17124997015049967;0.19501928319000322;0.28063097665689374;0.14717955474886166;0.0;0.3849962891138908;0.14717954345830042;0.23793445485588366;0.34724604497555056;0.670926605993006;0.1472812699259013;0.16604945446498712;0.38865576964100645;0.12369777744540938;0.15453151754538744;0.424164383236412;0.0;0.19361329663494467;0.2545300559694558;0.28699004050667093;0.2770120132956635;0.0;0.24275808388577777;0.0;0.3836366530722403;0.23897664130309104;0.18267376225719248;0.1510625703192788;0.0;0.0;0.27905753012458706;0.24898160343551867;0.0;0.1472812760216972;0.0;0.19985786106922554;0.22367301486407257;0.13388101177704662;0.17171004866754228;0.24647484538398354;0.0;0.41639926511974645;0.2003025561298116;0.2223967760601589;0.19264338091666525;0.31759668474463865;0.1341605714104432;0.23026433689871803;0.1545313940909934;0.20584495819677218;0.1545313940909934;0.12617942156273146;0.2079878648141096;0.6568701692339921;0.24352192847350446;0.15843158212577568;0.2686013122866066;0.2056374308346193;0.26197655335950365;0.32759190389961274;0.1506865598356933;0.26227555907360744;0.0;0.09381405273816074;0.13758948645673869;0.19884239210985333;0.3389305641416503;0.3873915154031222;0.15441944985831346;0.4867773677881609;0.2215169097543471;0.42414138809333857;0.4387997334055415
GO:0048010;0.20404013763681234;0.1889949914374657;0.24904052390943468;0.0;0.2314335769693922;0.34068327906693163;0.2072366332621285;0.3084550188592588;0.21974929884166955;0.25909141833334937;0.2075447900582972;0.3393165227321938;0.0;0.6477911747409282;0.0;0.0;0.0;0.424164383236412;1.0;0.2841891115782407;0.46140123261682336;0.2723465865471194;0.24753661238997943;0.30071607492096786;0.2763477241793867;0.35132425095917064;0.17742165771202012;0.3106789387115439;0.6247597319775982;0.3406833064489535;0.21529713988084684;0.0;0.1780902297148983;0.3995430688379348;0.39172780334317386;0.0;0.3771761044421211;0.46067164955196827;0.8070704257339065;0.3296633814607145;0.19810269749547732;0.47944185424627656;0.7462871432700279;0.2074752053054055;0.276240822438982;0.19485516380039347;0.1587574853600503;0.3126119887456349;0.20682655710110626;0.21415434766265753;0.23417237627420617;0.18675251669481266;0.17779250101009617;0.0;0.41204413562222064;0.1777924845342612;0.2848254979682286;0.3016199170797807;0.5334932485780952;0.1779409509755446;0.1876036842641766;0.4254541926701449;0.14462713428116053;0.1886335451457915;0.9121688680086675;0.0;0.2503099624565889;0.3089382708481734;0.39741347259770526;0.3642479008189142;0.0;0.0;0.0;0.34067997054118754;0.19489465444642803;0.2323230000636856;0.18349008611611953;0.0;0.0;0.23989432479919517;0.17749771794870714;0.0;0.17794095987343797;0.0;0.2608467772585093;0.1808521905165339;0.15874448780182035;0.21487432222822853;0.20186383893047416;0.0;0.37737081308582787;0.2616048061748318;0.30060900881923863;0.2486911994229716;0.24015610403523058;0.15913767760538816;0.31516440729008616;0.18863336119138718;0.27113956962822483;0.18863336119138718;0.14803115328655644;0.1944342918984549;0.5906103237274584;0.17281862982890184;0.1944774224144787;0.32991611795216924;0.239750004441361;0.31997757762128237;0.22195184590051553;0.18293561435409356;0.3391882813939762;0.0;0.10537967361789637;0.16398525085998278;0.25911965820319066;0.2929330724845171;0.21960832622830456;0.1884665843043176;0.2716340677717505;0.29900369530171117;0.6477782180636621;0.7699816267643668
GO:1990138;0.10084419018185874;0.1947733043931386;0.0;0.0;0.240158167660723;0.0;0.21420477553614214;0.0;0.0;0.128601822642599;0.21453402017056056;0.0;0.0;0.28417383316893235;0.0;0.0;0.0;0.21328003339599197;0.2841891115782407;1.0;0.0;0.28450957094025964;0.0;0.0;0.0;0.0;0.18250443869623975;0.0;0.23957789044324224;0.0;0.0;0.0;0.1832119423216946;0.15116430015179158;0.0;0.0;0.16243318622294772;0.0;0.31292297891108783;0.0;0.0;0.18225827899025762;0.3296177941430407;0.21445967070409483;0.0;0.20100319718601853;0.16281490286066583;0.0;0.21376668802781837;0.30239080984438216;0.17636151114073986;0.09217638139702562;0.1828968577067612;0.0;0.24926706717775482;0.182896840271316;0.0;0.0;0.2705881795214378;0.1830539576837247;0.0;0.0;0.14798678436385274;0.19438944103821967;0.2841891115782407;0.0;0.2605472759903492;0.0;0.17138299471461044;0.0;0.0;0.0;0.0;0.0;0.0;0.24111605253002702;0.18893184251743458;0.0;0.0;0.11889537766571973;0.18258492029661186;0.0;0.183053967100314;0.0;0.0;0.0;0.1628012324755527;0.22237484458233314;0.0;0.0;0.0;0.37226112965323016;0.3154963687721477;0.2587938589225045;0.2495640989047331;0.16321480131216587;0.3315676872593325;0.19438924568630794;0.3864321424043348;0.19438924568630794;0.15155273884582768;0.0;0.2580735013363772;0.17763751501598923;0.2006012674865007;0.0;0.0;0.0;0.10984946770863953;0.1883440478717926;0.0;0.0;0.10715214424841277;0.16831792973569593;0.0;0.0;0.10866981666720876;0.19421214036531637;0.2837320797777587;0.3137285824568464;0.28416789578208057;0.2978702670310095
GO:0050680;0.1680378458309923;0.0;0.2494549950473715;0.0;0.0;0.4751528741924763;0.0;0.3090910969023663;0.3062379318887134;0.21344004786623214;0.0;0.4251880558292228;0.0;0.4613774131964877;0.0;0.0;0.0;0.4866823319420448;0.46140123261682336;0.0;1.0;0.0;0.309943399657031;0.30132060448103415;0.3321460500643258;0.35214965666333187;0.0;0.43321873455534726;0.3914145861613367;0.47515291246933544;0.2156068339227851;0.0;0.0;0.2500799886240984;0.46962106530485004;0.0;0.2682917852035272;0.46209185727225416;0.5060185965159543;0.4597494832797151;0.1983648700458623;0.30018999220520415;0.5317782519530133;0.0;0.2767508679357138;0.0;0.0;0.3134288013459318;0.0;0.0;0.17194353468270804;0.15378596808788136;0.0;0.0;0.4066897163836078;0.0;0.28536776830930044;0.4205611300081881;0.6124936427210115;0.0;0.18783878755433855;0.5335089510209912;0.0;0.0;0.46140123261682336;0.0;0.0;0.30957634558240815;0.28271412143708163;0.36535731256366927;0.0;0.0;0.0;0.4751482492611558;0.2715559342299217;0.0;0.0;0.0;0.0;0.27497381567467205;0.0;0.0;0.0;0.0;0.26161656909550013;0.2519662690007979;0.0;0.0;0.2812795237407791;0.0;0.5264503335627635;0.0;0.0;0.0;0.0;0.0;0.0;0.0;0.0;0.0;0.0;0.24334543465858552;0.42053713444302576;0.0;0.0;0.3306438912284116;0.24013410464358775;0.3206621183156394;0.18280707593536125;0.0;0.34015009148455355;0.0;0.0;0.0;0.25987927505154945;0.40842498499499724;0.2516933578724216;0.0;0.0;0.0;0.46136815663515174;0.48268970315243315
GO:0071407;0.1682353797449729;0.18913666691172434;0.0;0.0;0.8496380195536158;0.0;0.35134989395110333;0.0;0.0;0.12612013851287915;0.20771565372079906;0.0;0.0;0.27233255491733216;0.0;0.0;0.0;0.349881018171917;0.2723465865471194;0.28450957094025964;0.0;1.0;0.0;0.0;0.0;0.0;0.17754650738664698;0.0;0.2311061398692359;0.0;0.0;0.0;0.17821602242950355;0.1477470021245121;0.0;0.0;0.15849403524496905;0.0;0.2986248772462714;0.0;0.0;0.17731353187078014;0.3137919325530099;0.2076459543670696;0.0;0.1950057648568655;0.2691063853740043;0.0;0.2069962397391516;0.21433627217413076;0.17172748414557132;0.15397623808924385;0.17791787333129847;0.0;0.2401093156794448;0.1779178568322191;0.0;0.0;0.25983061207262453;0.17806653282031654;0.0;0.0;0.1447100844408782;0.18877467903714729;0.2723465865471194;0.0;0.25055853662070204;0.0;0.16700365491745306;0.0;0.0;0.22932497607085614;0.0;0.0;0.0;0.23253711804570065;0.1836236256363004;0.0;0.0;0.11677108078594019;0.6514895136248297;0.0;0.17806654173077366;0.0;0.0;0.0;0.15884442778847663;0.21505747255843524;0.0;0.0;0.0;0.2618763316710075;0.30096759237912535;0.24893656733215258;0.4072148829309037;0.15923811343892344;0.3155585793218282;0.18877449480737418;0.2714312595426448;0.18877449480737418;0.14811805528677913;0.0;0.4205722657487367;0.6343035672525785;0.19462743990920653;0.0;0.0;0.0;0.1830102831087368;0.1830683477402493;0.0;0.0;0.10542370514757995;0.1640919007920175;0.0;0.0;0.18107711648418345;0.18860746837579637;0.46064725506240056;0.2993584570088107;0.2723271020281143;0.28488612111573475
GO:0050687;0.1140552530819007;0.0;0.15771075905688353;0.0;0.0;0.348391130531185;0.0;0.1860714988595422;0.17826186755769202;0.13916095899925435;0.0;0.29259815130313077;0.0;0.24752804584312377;0.0;0.0;0.0;0.25477812988777143;0.24753661238997943;0.0;0.309943399657031;0.0;1.0;0.22807719950807775;0.2137796430603493;0.2049189937772852;0.0;0.23376275529270132;0.33135397192070465;0.3483911511082546;0.14030971711415033;0.0;0.0;0.3139961797364909;0.2768643196857089;0.0;0.16697175025495328;0.2477848657085123;0.2630870807742443;0.24435051071389005;0.13104736437198172;0.2728458119343088;0.2716352778022632;0.0;0.2137156631355544;0.0;0.0;0.7094813768346458;0.0;0.0;0.13127087541720725;0.1057440244515932;0.0;0.0;0.2837174726007938;0.0;0.21881808937815417;0.31811530979168884;0.2996098083071942;0.0;0.12525334191939602;0.34011998666690024;0.0;0.0;0.24753661238997943;0.0;0.0;0.18629114723771056;0.17386926085531829;0.24577644197756393;0.0;0.0;0.0;0.3483886442304375;0.22481203344888626;0.0;0.0;0.0;0.0;0.1632288707284847;0.0;0.0;0.0;0.0;0.17779797227465416;0.1517804965271844;0.0;0.0;0.16630858446441138;0.0;0.26961460190335257;0.0;0.0;0.0;0.0;0.0;0.0;0.0;0.0;0.0;0.0;0.2689063159485889;0.2323983139230346;0.0;0.0;0.19566542479748497;0.15301870479303797;0.1912630152367282;0.18298215699473241;0.0;0.35093770574231486;0.0;0.0;0.0;0.17699385124301267;0.22357192504503481;0.1516426681076553;0.0;0.0;0.0;0.2475247166840101;0.25507808390720454
GO:0043408;0.3321298645686967;0.0;0.26935991637058815;0.0;0.0;0.48344190824837696;0.0;0.3176166652279981;0.34754362594848004;0.17113789547018252;0.0;0.22800736220310358;0.0;0.3007059569184338;0.0;0.0;0.0;0.24892263794149436;0.30071607492096786;0.0;0.30132060448103415;0.0;0.22807719950807775;1.0;0.4154496072070656;0.34904558179297346;0.0;0.22882404196339204;0.3231142346633694;0.48344193615686964;0.3419010929052705;0.0;0.0;0.23264354787993613;0.2699633728174792;0.0;0.20469278605540953;0.30100928003554495;0.3190508340049981;0.23895944895650134;0.5343539081722971;0.26723436716817817;0.3291024048931507;0.0;0.2095802065644213;0.0;0.0;0.269435476368422;0.0;0.0;0.12863482149401864;0.3082191921730016;0.0;0.0;0.33084645875250734;0.0;0.3829668547009593;0.3997273364394421;0.2915449200748575;0.0;0.511064944285187;0.2639113074273013;0.0;0.0;0.30071607492096786;0.0;0.0;0.6683511408243454;0.21298225476896707;0.3573663216513316;0.0;0.0;0.0;0.43690783910309805;0.6523217659636565;0.0;0.0;0.0;0.0;0.16080541828465314;0.0;0.0;0.0;0.0;0.17299631652898068;0.3534241608539677;0.0;0.0;0.5425857395833867;0.0;0.26306605313810294;0.0;0.0;0.0;0.0;0.0;0.0;0.0;0.0;0.0;0.0;0.1519330096295441;0.28280574099385863;0.0;0.0;0.4738119859679493;0.18788429686972805;0.4633815209965742;0.5298946086744875;0.0;0.284829113889645;0.0;0.0;0.0;0.1722349486086922;0.43409460915717796;0.35310765578482667;0.0;0.0;0.0;0.3007020248223559;0.3096158178087642
GO:0032792;0.3976960128839726;0.0;0.25489388655751344;0.0;0.0;0.2739082739447362;0.0;0.21337382395227197;0.6818458960668634;0.16296001347637087;0.0;0.26293517286979146;0.0;0.2763391795257223;0.0;0.0;0.0;0.2783168376618927;0.2763477241793867;0.0;0.3321460500643258;0.0;0.2137796430603493;0.4154496072070656;1.0;0.23304481889291354;0.0;0.2572579152965736;0.24961595728142225;0.2739082886984859;0.6385145521376477;0.0;0.0;0.18348492814859768;0.2501601203998882;0.0;0.19310225127107827;0.2765953156764187;0.29175526300754834;0.2679065940306703;0.33739932836463987;0.20909382607094507;0.30013793730600213;0.0;0.19744597839834885;0.0;0.0;0.19984094774583838;0.0;0.0;0.12092275618520831;0.37012063658335;0.0;0.0;0.40691298923691804;0.0;0.20179320206588347;0.2520331813670887;0.32221897487128165;0.0;0.3233307709688166;0.30068847486541683;0.0;0.0;0.2763477241793867;0.0;0.0;0.46791799028787817;0.20046265354783624;0.3820687712759078;0.0;0.0;0.0;0.27390649126709193;0.3317418862155452;0.0;0.0;0.0;0.0;0.1842307287897024;0.0;0.0;0.0;0.0;0.21559727219955968;0.37167110461172753;0.0;0.0;0.40510290311000813;0.0;0.29299789419576394;0.0;0.0;0.0;0.0;0.0;0.0;0.0;0.0;0.0;0.0;0.17983337699133267;0.26114913415926766;0.0;0.0;0.8687237172245608;0.17807351937165591;0.8508268190261956;0.42532116101360884;0.0;0.21037834731533833;0.0;0.0;0.0;0.15868432099073412;0.4880331650312469;0.4503696997614357;0.0;0.0;0.0;0.27633585885780826;0.2838455555149946
GO:1900273;0.15082722703982615;0.0;0.29684469306292255;0.0;0.0;0.3867899231521571;0.0;0.40984379151332007;0.19145971283863084;0.29834971514379977;0.0;0.26404233293761376;0.0;0.35131044090778946;0.0;0.0;0.0;0.2826224046185603;0.35132425095917064;0.0;0.35214965666333187;0.0;0.2049189937772852;0.34904558179297346;0.23304481889291354;1.0;0.0;0.25699358832354735;0.30922433566654217;0.38678994844586045;0.2617103354228882;0.0;0.0;0.2564671189582293;0.310059857666089;0.0;0.22694533183780205;0.35172451426702966;0.3766089285573498;0.2698481435627187;0.243265991118943;0.2991551018721192;0.39069438016798586;0.0;0.32418748288571647;0.0;0.0;0.24758454510723976;0.0;0.0;0.19430540188030127;0.19376570521362613;0.0;0.0;0.25504077846076156;0.0;0.5185236920635656;0.3499177943941586;0.3388703998983517;0.0;0.23181756035964693;0.31342067542832047;0.0;0.0;0.35132425095917064;0.0;0.0;0.2558013652206675;0.2371801549580348;0.2788969530745393;0.0;0.0;0.0;0.3867868669490117;0.24044827149904874;0.0;0.0;0.0;0.0;0.2106154906445103;0.0;0.0;0.0;0.0;0.20118530836491313;0.16124434178320862;0.0;0.0;0.17773907195776262;0.0;0.30099592115833296;0.0;0.0;0.0;0.0;0.0;0.0;0.0;0.0;0.0;0.0;0.16713195200518025;0.3271209134611511;0.0;0.0;0.2700174622901709;0.2873081688117423;0.2633235340674052;0.16261986870380607;0.0;0.3298311255301009;0.0;0.0;0.0;0.2708407660382719;0.24472976016343626;0.16108879851643187;0.0;0.0;0.0;0.35130507403604644;0.363532373994122
