;GO:0006281;GO:2000481;GO:0014068;GO:0043506;GO:0035162;GO:0007099;GO:1903243;GO:0050718;GO:0042253;GO:1901224;GO:1903249;GO:0007257;GO:0042531;GO:0051092;GO:0045766;GO:0000462;GO:0002479;GO:0032725;GO:0001666;GO:0001701;GO:0051001;GO:0032729;GO:0034105;GO:0001947;GO:0019885;GO:0098736;GO:0070207;GO:0051402;GO:0035556;GO:0140199;GO:0070723;GO:0033138;GO:0065003;GO:0007264;GO:0050729;GO:0051382;GO:1903775;GO:0042267;GO:0002651;GO:1903779;GO:0045019;GO:0032438;GO:0045662;GO:0001956;GO:0050727;GO:0031100;GO:0071407;GO:0051897;GO:0051138;GO:0010389;GO:0048490;GO:0031060;GO:0006260;GO:0008285;GO:0042033;GO:0045944;GO:0003430;GO:0060389;GO:0006269;GO:0048813;GO:0048661;GO:0000165;GO:0043011;GO:0051142;GO:1990668;GO:0032147;GO:1990428;GO:0010634;GO:0032148;GO:0035655;GO:2000379;GO:0010751;GO:0016579;GO:0014059;GO:0048701;GO:0006396;GO:0048545;GO:0006798;GO:0043415;GO:0032819;GO:0030512;GO:0060044;GO:0016569;GO:1901660;GO:2000042;GO:0032495;GO:0007179;GO:0032091;GO:0043547;GO:0032924;GO:0009749;GO:0098535;GO:0070885;GO:0032485;GO:2000556;GO:0006919;GO:0007182;GO:0060155;GO:1904784;GO:0007064;GO:0007224;GO:0002053;GO:0043312;GO:0042104;GO:0006898;GO:0060434;GO:0042742;GO:0060159;GO:0043161;GO:0007219;GO:0051056;GO:0010628;GO:0031663;GO:0010469;GO:0010744;GO:0098703;GO:0018105;GO:1902083;GO:0018107;GO:2000563;GO:0035744;GO:0042119;GO:0042231;GO:0001570;GO:1905007;GO:0043687;GO:0002663;GO:0000086;GO:0001569;GO:0071872;GO:0032508;GO:0032740;GO:0031532;GO:1900082;GO:0006351;GO:0030163;GO:0045630;GO:0007166;GO:1902305;GO:0006357;GO:0051599;GO:0002666;GO:0042094;GO:0042095;GO:0045087;GO:0097711;GO:0006508;GO:0050823;GO:0071901
GO:0006281;1.0;0.0;0.0;0.0;0.0;0.16687033220478015;0.0;0.0;0.38057525275141146;0.0;0.0;0.0;0.0;0.0;0.0;0.6954222620807836;0.0;0.0;0.22761463866368645;0.0;0.0;0.0;0.0;0.0;0.0;0.0;0.17081695035347655;0.19231673144747266;0.18155731031009656;0.0;0.15283258514521056;0.0;0.18864091466400862;0.17703954585606393;0.0;0.16250434542299447;0.0;0.1909795010855906;0.0;0.0;0.0;0.1849040806713315;0.0;0.0;0.0;0.0;0.2913412707747209;0.0;0.0;0.0;0.113939524591556;0.0;0.7639435835467647;0.0;0.38142445398527663;0.0;0.17786148384906975;0.49906530567232943;0.6825169536097523;0.15866263290923036;0.0;0.43303999723463404;0.1565893871914727;0.0;0.16758648242053636;0.0;0.0;0.0;0.0;0.17272356348982376;0.0;0.0;0.5096991623321535;0.0;0.0;0.7776897183187466;0.15638293563412087;0.3490155894155065;0.0;0.0;0.0;0.0;0.37674121795531346;0.0;0.0;0.15248358557821523;0.16856915699117297;0.0;0.0;0.1686342388494078;0.15691545985100283;0.16729374223518723;0.0;0.0;0.0;0.0;0.4991201215134353;0.18494137729337912;0.1840764373613746;0.17550114297581973;0.17701958295863707;0.0;0.1313668376351097;0.0;0.0;0.0;0.19902943054222588;0.0;0.45933102552315147;0.1769823022410202;0.0;0.0;0.1770647797675629;0.0;0.0;0.09033109301569997;0.48078751624404864;0.0;0.48103027255319586;0.0;0.13058892843037398;0.18621752860590107;0.38057525275141146;0.19556049399403072;0.0;0.5412283968841861;0.0;0.18730903239211988;0.0;0.21685047322734866;0.1802158822854674;0.0;0.17979507944781845;0.0;0.6364942254720125;0.39896397109627135;0.0;0.18139753517311877;0.0;0.0;0.2098847438314714;0.0;0.38052901479852613;0.38911234828635916;0.22640016042112765;0.18599559268852917;0.4397927965899279;0.4813571966766028;0.0
GO:2000481;0.0;1.0;0.25536945418663964;0.5992266439269329;0.0;0.0;0.13948712901084148;0.20353207336692594;0.0;0.2553691327714365;0.2880015638155497;0.7615807439308409;0.6782859138509058;0.40994878573779586;0.19118727122505133;0.0;0.0;0.20449510752030345;0.0;0.0;0.25268702082858946;0.20436710089945684;0.2113044792828143;0.0;0.0;0.16447929646950626;0.0;0.0;0.22125961497113344;0.16403285487248398;0.0;0.8107157129801417;0.0;0.21765694022617044;0.194273419362274;0.0;0.3644722332414421;0.0;0.18868981976387772;0.16698239605055779;0.26612389285765975;0.0;0.20585609056129367;0.22762751489206481;0.1695656383584741;0.0;0.0;0.2552734176537838;0.19073520838533436;0.2108125022215956;0.0;0.4559775991886555;0.0;0.2196356155258764;0.0;0.4316840569897835;0.0;0.0;0.0;0.0;0.2917523523597382;0.1598365497753042;0.0;0.1981081141548454;0.0;0.9490382877391019;0.0;0.253787681815324;0.9396782713792546;0.21415531241188923;0.428339149470731;0.18665765505018908;0.0;0.2005409540420242;0.0;0.0;0.0;0.0;0.17044455531294864;0.23274336788300665;0.1771310094239898;0.15599320792672494;0.0;0.0;0.2989805831000556;0.0;0.2107280969532761;0.15520923549822113;0.25467682041589634;0.21078222262808138;0.0;0.0;0.17709654327686855;0.20573499593468672;0.1443161516170949;0.5915565389848382;0.0;0.0;0.0;0.0;0.21764087984701397;0.2918940891359851;0.0;0.21113963327994353;0.0;0.0;0.0;0.21255344245998764;0.0;0.21761088373119525;0.2120389132690493;0.3559008827546277;0.21767723940511416;0.2479714497165493;0.282186709138304;0.06912295395485867;0.0;0.4221075407370265;0.0;0.1980413829061346;0.0;0.0;0.0;0.0;0.25064239096923147;0.0;0.18867041667292705;0.0;0.0;0.0;0.0;0.2044818475540261;0.0;0.2832040724332385;0.0;0.0;0.16643430975073897;0.22113327779696595;0.15929576106502796;0.34696256631891115;0.0;0.18861912158743405;0.0;0.0;0.0;0.0;0.0;0.0;0.559941342308486
GO:0014068;0.0;0.25536945418663964;1.0;0.39289468344957906;0.0;0.0;0.27553993749721734;0.2926917113630542;0.0;0.9124002285028172;0.24362232101365452;0.4134436700127126;0.5309403633867277;0.2961309959308931;0.32581273568902114;0.0;0.0;0.3664525123921684;0.0;0.0;0.2481413958356685;0.3660416591243969;0.38891115606357274;0.0;0.0;0.2955660448640873;0.0;0.0;0.4056043688051122;0.4586789315109103;0.0;0.3092358595132294;0.0;0.3936597039476884;0.45532820398635554;0.0;0.3522057833138532;0.0;0.318625883365785;0.37255507691314;0.25723772341803075;0.0;0.3566789718167916;0.5130010305126327;0.3850080537161055;0.0;0.0;0.911846813896294;0.2669368715451992;0.37182589504486646;0.0;0.2986677326131998;0.0;0.40018012627196836;0.0;0.27757328066941783;0.0;0.0;0.0;0.0;0.5178937316586094;0.23796660125424254;0.0;0.28160427937976934;0.0;0.2661619701678785;0.0;0.40922639506665204;0.2625055710125601;0.382352543454142;0.4800867592763983;0.5612846184568014;0.0;0.4013916982397222;0.0;0.0;0.0;0.0;0.36690806128437486;0.3571541547166379;0.4711675537681916;0.2295465636179456;0.0;0.0;0.26018198103545004;0.0;0.3715633986728979;0.2174088836317109;0.202437624868735;0.37173170848435994;0.0;0.0;0.5160951894821849;0.6606378106489441;0.28516793083154246;0.26039167664208496;0.0;0.0;0.0;0.0;0.39360717160536335;0.51834051677338;0.0;0.30868620156999205;0.0;0.0;0.0;0.6384114963512476;0.0;0.39350907325835177;0.6965005146316482;0.3555704918334423;0.39372611006816016;0.634299022367649;0.48849912187512473;0.09529056672387436;0.0;0.26443227276523534;0.0;0.2814694633377353;0.0;0.0;0.0;0.0;0.40111000555846127;0.0;0.31857056041537996;0.0;0.0;0.0;0.0;0.3664099339585884;0.0;0.23758357483073533;0.0;0.0;0.27685352220515275;0.4051800174963267;0.27923780520246794;0.27668511442653015;0.0;0.31842434332658026;0.0;0.0;0.0;0.0;0.0;0.0;0.1925213642194053
GO:0043506;0.0;0.5992266439269329;0.39289468344957906;1.0;0.0;0.0;0.22840305891465376;0.16426203627606628;0.0;0.3928941202619148;0.3222993713713831;0.7010873071152292;0.5573019442973615;0.39492351252705954;0.17650827655529355;0.0;0.0;0.19081128914055212;0.0;0.0;0.2897472585445951;0.19067225453092887;0.19824871579552383;0.0;0.0;0.19159114691914686;0.0;0.0;0.2587871802711223;0.3407646831320615;0.0;0.5320054025434142;0.0;0.2538723497740288;0.25907909230046694;0.0;0.5179707064447091;0.0;0.17385769343679264;0.2391677112028026;0.2991188553231381;0.0;0.23796130210887614;0.25025991960925087;0.28606744706711806;0.0;0.0;0.3927264158170724;0.15289928476083534;0.2446092325688722;0.0;0.5189335290611619;0.0;0.25656833624139497;0.0;0.31004709373407;0.0;0.0;0.0;0.0;0.2469861139005466;0.17853977760832807;0.0;0.15942719855324458;0.0;0.5960079449870005;0.0;0.21041451462970803;0.5895483970674081;0.2491212431525224;0.32644229549880216;0.39431718744457067;0.0;0.27176326142317236;0.0;0.0;0.0;0.0;0.22306899926273951;0.1907850709384499;0.33910060683076926;0.1737578108259855;0.0;0.0;0.41459752547272316;0.0;0.2444956021406572;0.1821419213318328;0.2158253992522294;0.244568467047191;0.0;0.0;0.37146699601428307;0.44089944326841246;0.15830598966771317;0.3954846517736711;0.0;0.0;0.0;0.0;0.2538505005394098;0.24712553677645197;0.0;0.1710902354120023;0.0;0.0;0.0;0.4178893543770432;0.0;0.25380969396244935;0.4565894670783968;0.28284383699902604;0.253899966422856;0.45814795699553057;0.23762704484100114;0.0757609850002386;0.0;0.47551040326274596;0.0;0.15936788755155;0.0;0.0;0.0;0.0;0.20745220474771525;0.0;0.1738371417271788;0.0;0.0;0.0;0.0;0.19079688547889023;0.0;0.3163030798018418;0.0;0.0;0.15505940060393822;0.2586143696966458;0.1845942695480161;0.3923249285012593;0.0;0.173782813134565;0.0;0.0;0.0;0.0;0.0;0.0;0.6156045408530819
GO:0035162;0.0;0.0;0.0;0.0;1.0;0.0;0.0;0.0;0.0;0.0;0.0;0.0;0.0;0.0;0.0;0.0;0.0;0.0;0.0;0.42831835455430023;0.0;0.0;0.0;0.29898146677867254;0.0;0.0;0.0;0.0;0.0;0.0;0.0;0.0;0.0;0.0;0.0;0.0;0.0;0.0;0.0;0.0;0.0;0.0;0.0;0.0;0.0;0.6404807130989638;0.0;0.0;0.0;0.0;0.0;0.0;0.0;0.0;0.0;0.0;0.2903254550581871;0.0;0.0;0.23525642559942558;0.0;0.0;0.22990745166353163;0.0;0.0;0.0;0.0;0.0;0.0;0.0;0.0;0.0;0.0;0.0;0.3147642479812751;0.0;0.0;0.0;0.0;0.0;0.0;0.0;0.0;0.0;0.0;0.0;0.0;0.0;0.0;0.0;0.0;0.0;0.0;0.0;0.0;0.0;0.0;0.0;0.0;0.0;0.0;0.0;0.0;0.0;0.0;0.37264755449266446;0.0;0.0;0.0;0.0;0.0;0.0;0.0;0.0;0.0;0.0;0.0;0.0;0.0;0.0;0.0;0.0;0.0;0.3519431964346458;0.0;0.0;0.0;0.0;0.2828790657256774;0.0;0.0;0.0;0.0;0.0;0.0;0.0;0.0;0.0;0.0;0.0;0.0;0.0;0.0;0.0;0.0;0.0;0.0;0.0;0.0
GO:0007099;0.16687033220478015;0.0;0.0;0.0;0.0;1.0;0.0;0.0;0.0;0.0;0.0;0.0;0.0;0.0;0.0;0.17017162292402446;0.0;0.0;0.0;0.0;0.0;0.0;0.0;0.0;0.0;0.0;0.5205223771254179;0.312236633682594;0.28483161252027017;0.0;0.0;0.0;0.6076657008651839;0.27386762722004865;0.0;0.6265508767328626;0.0;0.0;0.0;0.0;0.0;0.5883497034388055;0.0;0.0;0.0;0.0;0.2683263000534379;0.0;0.0;0.0;0.1899863559286536;0.0;0.16598887360579204;0.0;0.0;0.0;0.2758395234217109;0.17813756377495557;0.1432357025640623;0.3939628245437585;0.0;0.14762246732581355;0.22783857563218815;0.0;0.5055276667697594;0.0;0.0;0.0;0.0;0.2636754225741636;0.0;0.0;0.18332285747059412;0.0;0.0;0.19827385822695384;0.0;0.22518876758136797;0.0;0.0;0.0;0.0;0.43449496508701635;0.0;0.0;0.0;0.2541149544262652;0.0;0.0;0.2542628820435078;0.0;0.8628327781080217;0.0;0.0;0.0;0.0;0.17816409156316917;0.5885378785293471;0.5844150240395085;0.621354800302327;0.27381985915858253;0.0;0.17808757758032925;0.0;0.0;0.0;0.0;0.0;0.15943877879008747;0.27373066806064805;0.0;0.0;0.2739280164173387;0.0;0.0;0.11021313361654306;0.1694062465535784;0.0;0.16952073955060717;0.0;0.0;0.29647134151396815;0.0;0.3208778413738692;0.0;0.19917357790770668;0.0;0.38681601846883995;0.0;0.17565361386744896;0.5650447589976836;0.0;0.5629862550814091;0.0;0.13937992958547707;0.0;0.0;0.28443856890107494;0.0;0.0;0.0;0.0;0.0;0.0;0.0;0.2959092001187093;0.0;0.23734173744814693;0.0
GO:1903243;0.0;0.13948712901084148;0.27553993749721734;0.22840305891465376;0.0;0.0;1.0;0.19473027175732024;0.0;0.2755393904632933;0.22554989211207738;0.14805097727555053;0.16206915974115207;0.1857622806938078;0.30959369548870125;0.0;0.0;0.34695835949202064;0.0;0.0;0.29947959217590303;0.346581960976895;0.36749203880394016;0.0;0.0;0.406049943700733;0.0;0.0;0.2984625964584651;0.4260155238875491;0.0;0.16834478043162535;0.0;0.28996392062782617;0.3752683616645651;0.0;0.32013719191419104;0.0;0.3029579437576129;0.4169140553486608;0.2378796242839881;0.0;0.32707265249094125;0.18752953611398052;0.43466664118687276;0.0;0.0;0.2753765230893078;0.17788018513957216;0.2743849022199155;0.0;0.22176450689722732;0.0;0.36562222908679726;0.0;0.1514057413126767;0.0;0.0;0.0;0.0;0.2783290011010546;0.17760642591627904;0.0;0.153565976801084;0.0;0.14528447317470752;0.0;0.27030338812110377;0.14332126254754657;0.2819030968574554;0.2586100684926564;0.3782720791363572;0.0;0.3109406621395276;0.0;0.0;0.0;0.0;0.35076888514800336;0.19385407088868956;0.348640592896055;0.28588504373960816;0.0;0.0;0.312587363271853;0.0;0.2741972554617137;0.20974404447127695;0.1957759016026327;0.2743175734710478;0.0;0.0;0.34853648447900726;0.3244695344796817;0.2396976905508587;0.14218585267291453;0.0;0.0;0.0;0.0;0.28992650597745806;0.2785614836758599;0.0;0.16805128932773544;0.0;0.0;0.0;0.3429507603164544;0.0;0.28985663736598866;0.34152647039650724;0.2760177078092675;0.2900112160050499;0.3408112646391411;0.26300561534774214;0.09378834205210379;0.0;0.2443832907484509;0.0;0.15349374561879592;0.0;0.0;0.0;0.0;0.2650751249081291;0.0;0.30290683019924114;0.0;0.0;0.0;0.0;0.3469193530188401;0.0;0.22007221839562757;0.0;0.0;0.17631172270409737;0.2981609608564984;0.27061664050550344;0.20582542228530806;0.0;0.3027717360026144;0.0;0.0;0.0;0.0;0.0;0.0;0.17901828363997596
GO:0050718;0.0;0.20353207336692594;0.2926917113630542;0.16426203627606628;0.0;0.0;0.19473027175732024;1.0;0.0;0.29269128913286013;0.18269774675876496;0.1578239305892019;0.19399794789789737;0.22082649459813797;0.29835450932032076;0.0;0.0;0.3992730067885042;0.0;0.0;0.1716207951082144;0.3989798817574699;0.3353910277262426;0.0;0.0;0.23567965298808938;0.0;0.0;0.26080626401339974;0.2159017579930585;0.0;0.2363444301683101;0.0;0.25581518188582886;0.22592042100133874;0.0;0.21228220669851286;0.0;0.29384339094253975;0.23990033249827494;0.19024927678077608;0.0;0.23966741942829992;0.4611106779087432;0.20008777467238456;0.0;0.0;0.29256555895213304;0.2612390261666075;0.24641237032290472;0.0;0.2119987298801399;0.0;0.25855281237091976;0.0;0.21739188756698727;0.0;0.0;0.0;0.0;0.3415028229819704;0.1794984922269952;0.0;0.2198566708020585;0.0;0.2103294396207111;0.0;0.3954857154694629;0.20803954742064565;0.2509917693619285;0.32464451864387894;0.2140370814499298;0.0;0.38030259136959227;0.0;0.0;0.0;0.0;0.2287273978848947;0.26334869406282835;0.20160375747904424;0.20405323219897611;0.0;0.0;0.1697012450546584;0.0;0.24629705886084272;0.1379889255668415;0.13180225662852693;0.24637100163053346;0.0;0.0;0.2015591108050092;0.23950329490733954;0.26812788281860017;0.206709631233545;0.0;0.0;0.0;0.0;0.25579299697095076;0.34169703602513535;0.0;0.23602322276237553;0.0;0.0;0.0;0.24879426319856138;0.0;0.25575156354125456;0.24808961029656498;0.2351524367322299;0.2558432228642749;0.24773506413030158;0.3284695736907239;0.07609453314052625;0.0;0.19415614383492183;0.0;0.2197744866725988;0.0;0.0;0.0;0.0;0.35502852871473484;0.0;0.2938084169768241;0.0;0.0;0.0;0.0;0.39924263956840705;0.0;0.17928047534980554;0.0;0.0;0.22493871889723846;0.2606307472627638;0.26614075963271316;0.20068135749497848;0.0;0.2937159633199035;0.0;0.0;0.0;0.0;0.0;0.0;0.15236851260197895
GO:0042253;0.38057525275141146;0.0;0.0;0.0;0.0;0.0;0.0;0.0;1.0;0.0;0.0;0.0;0.0;0.0;0.0;0.38735390987740176;0.0;0.0;0.0;0.0;0.0;0.0;0.0;0.0;0.0;0.0;0.0;0.0;0.0;0.0;0.0;0.0;0.0;0.0;0.0;0.0;0.0;0.0;0.0;0.0;0.0;0.0;0.0;0.0;0.0;0.0;0.0;0.0;0.0;0.0;0.0;0.0;0.5279089101663469;0.0;0.8976552642720268;0.0;0.0;0.5124536983228474;0.4617136120419033;0.0;0.0;0.4323621425656533;0.0;0.0;0.0;0.0;0.0;0.0;0.0;0.0;0.0;0.0;0.5257808798430291;0.0;0.0;0.4440129970526213;0.0;0.26304629994130996;0.0;0.0;0.0;0.0;0.37838897356034895;0.0;0.0;0.0;0.0;0.0;0.0;0.0;0.0;0.0;0.0;0.0;0.0;0.0;0.5125220847996956;0.0;0.0;0.0;0.0;0.0;0.0;0.0;0.0;0.0;0.0;0.0;0.4637176982572889;0.0;0.0;0.0;0.0;0.0;0.0;0.0;0.489829556415849;0.0;0.49012772273178706;0.0;0.0;0.0;0.9503666990519586;0.0;0.0;0.5660266248548672;0.0;0.0;0.0;0.0;0.0;0.0;0.0;0.0;0.4503180495817867;0.6432340127630988;0.0;0.0;0.0;0.0;0.0;0.0;0.9502218872913792;0.9204775955809277;0.0;0.0;0.7291941845069054;0.42864745767515944;0.0
GO:1901224;0.0;0.2553691327714365;0.9124002285028172;0.3928941202619148;0.0;0.0;0.2755393904632933;0.29269128913286013;0.0;1.0;0.243621919534045;0.413443288333803;0.5309397339431016;0.29613049688473747;0.32581198018054863;0.0;0.0;0.3664515566549303;0.0;0.0;0.24814084907842468;0.3660407055290304;0.388910079588857;0.0;0.0;0.2955652691440652;0.0;0.0;0.40560325596156294;0.4586781639403494;0.0;0.3092353882016575;0.0;0.3936586556833234;0.45532711877361076;0.0;0.35220507040866683;0.0;0.31862516082003084;0.3725540720660057;0.25723727580923195;0.0;0.3566781112511154;0.5130001575881171;0.38500698568368835;0.0;0.0;0.9118449573372944;0.2669365203523806;0.37182495983683533;0.0;0.2986671292125293;0.0;0.4001790429939911;0.0;0.2775729009316545;0.0;0.0;0.0;0.0;0.5178924097261519;0.2379662181990335;0.0;0.2816038885326071;0.0;0.2661616210110815;0.0;0.4092255696837554;0.2625052313829451;0.3823515545438434;0.48008562330474436;0.5612834690683094;0.0;0.401390772315474;0.0;0.0;0.0;0.0;0.3669073566229635;0.3571535260220612;0.47116666632887744;0.22954620719063573;0.0;0.0;0.26018159199615437;0.0;0.37156246478484894;0.21740826526045817;0.20243708872989405;0.3717307737500601;0.0;0.0;0.5160942177194149;0.6606362183402811;0.2851675051669399;0.26039134246035417;0.0;0.0;0.0;0.0;0.39360612362075287;0.5183391925590884;0.0;0.30868573193241566;0.0;0.0;0.0;0.6384098670964048;0.0;0.393508025796052;0.696498744754052;0.35556959201568566;0.39372506145010416;0.6342974140356095;0.4884979457444025;0.09529044792967545;0.0;0.2644317997684441;0.0;0.2814690728647138;0.0;0.0;0.0;0.0;0.40110921259130866;0.0;0.3185698381205146;0.0;0.0;0.0;0.0;0.3664089784434329;0.0;0.23758319300764932;0.0;0.0;0.2768532197663867;0.4051789069801139;0.27923711282262553;0.2766845965802835;0.0;0.3184236216945978;0.0;0.0;0.0;0.0;0.0;0.0;0.1925211135003451
GO:1903249;0.0;0.2880015638155497;0.24362232101365452;0.3222993713713831;0.0;0.0;0.22554989211207738;0.18269774675876496;0.0;0.243621919534045;1.0;0.21866412292877227;0.2732958432535156;0.44439162395423293;0.20580173095204898;0.0;0.0;0.2255112295771601;0.0;0.0;0.3400784053851465;0.22531705445260064;0.23597384568890908;0.0;0.0;0.22660133006248206;0.0;0.0;0.30770496055344665;0.28256316639484014;0.0;0.3396270118356454;0.0;0.3007813008529134;0.21028816293186284;0.0;0.42986417492015483;0.0;0.2022073150628807;0.23137974649133478;0.6687937354922389;0.0;0.3801025424873784;0.210096461774735;0.23636943300946897;0.0;0.0;0.24350237572298586;0.16874959144705684;0.28786584088242434;0.0;0.4292089697505659;0.0;0.41538509781646554;0.0;0.3722085126362447;0.0;0.0;0.0;0.0;0.2911633726801207;0.20053422070114854;0.0;0.17673643856098975;0.0;0.29856610561553726;0.0;0.24165030736117146;0.2949996352317146;0.2941352072071905;0.38148676775442053;0.33364255289009076;0.0;0.2690485435890148;0.0;0.0;0.0;0.0;0.17689031178722112;0.21611399654522992;0.31167301933392505;0.26529352838799947;0.0;0.0;0.4970004387853424;0.0;0.28770848117333403;0.16348659856268963;0.1548736944153648;0.28780938427443825;0.0;0.0;0.3115947812827253;0.2784809012531679;0.14329725327335835;0.29293181278872127;0.0;0.0;0.0;0.0;0.3007506318128368;0.2913571514961413;0.0;0.19118425559414268;0.0;0.0;0.0;0.2911218399935735;0.0;0.30069335559710386;0.29015748956349213;0.2772927813234147;0.30082006681511586;0.289672627751223;0.2782444158686261;0.08325493864543124;0.0;0.5777874244937726;0.0;0.1766635523982567;0.0;0.0;0.0;0.0;0.23775136240436845;0.0;0.2021795150189757;0.0;0.0;0.0;0.0;0.22549111109723227;0.0;0.7309694969747257;0.0;0.0;0.14333691634170836;0.3074606743298114;0.21687856705102446;0.4847770026694001;0.0;0.20210603056324253;0.0;0.0;0.0;0.0;0.0;0.0;0.44127656995999515
GO:0007257;0.0;0.7615807439308409;0.4134436700127126;0.7010873071152292;0.0;0.0;0.14805097727555053;0.1578239305892019;0.0;0.413443288333803;0.21866412292877227;1.0;0.7125020204435809;0.310135327617113;0.1372637837668782;0.0;0.0;0.14399134903736738;0.0;0.0;0.18295682841417943;0.14392787153500627;0.14733450225377792;0.0;0.0;0.11569487022162918;0.0;0.0;0.15449939175132443;0.2303411857825713;0.0;0.6232412413853057;0.0;0.1527341133592535;0.21199669743614155;0.0;0.3341294408385989;0.0;0.13597168987509517;0.14341498517037285;0.2002903475055349;0.0;0.14682773603831661;0.25548021716210706;0.1703030833521201;0.0;0.0;0.41332961572751803;0.1500191718652179;0.14933193060145153;0.0;0.3349082654884201;0.0;0.15370579846693394;0.0;0.33750473130643366;0.0;0.0;0.0;0.0;0.20616394491326587;0.1218126043046031;0.0;0.15454295231800114;0.0;0.76309801405883;0.0;0.18645425692751508;0.7571633599671905;0.15100156207157944;0.30650117206240735;0.25362435255275684;0.0;0.16961535520126145;0.0;0.0;0.0;0.0;0.1927386097377737;0.17483978457470797;0.2226971590291089;0.11956751987159583;0.0;0.0;0.2878344969131351;0.0;0.1492895728495967;0.10773864482885044;0.17887220263933445;0.1493167362955222;0.0;0.0;0.2439715368404198;0.27211621394463154;0.15134485153805152;0.4670366377702323;0.0;0.0;0.0;0.0;0.15272620489038183;0.20623470972558838;0.0;0.16236016083274307;0.0;0.0;0.0;0.25416812587968857;0.0;0.1527114332390044;0.27801247727308603;0.2518520892699853;0.1527441086043434;0.2791162863118911;0.20134104454336968;0.05481241528348288;0.0;0.3162688773966133;0.0;0.1545023402313522;0.0;0.0;0.0;0.0;0.18475094293448016;0.0;0.13596161398439793;0.0;0.0;0.0;0.0;0.1439847746133801;0.0;0.21588744958232453;0.0;0.0;0.16808355913078185;0.15443778118081103;0.11310599954953116;0.25805398157627235;0.0;0.13593497401317636;0.0;0.0;0.0;0.0;0.0;0.0;0.44109585499005455
GO:0042531;0.0;0.6782859138509058;0.5309403633867277;0.5573019442973615;0.0;0.0;0.16206915974115207;0.19399794789789737;0.0;0.5309397339431016;0.2732958432535156;0.7125020204435809;1.0;0.33680221764757534;0.1792386788175939;0.0;0.0;0.1908844381555655;0.0;0.0;0.17573436661587188;0.19077289941635622;0.19680442586112187;0.0;0.0;0.1534961307211406;0.0;0.0;0.20614403596579675;0.28844987697816893;0.0;0.7713428996988484;0.0;0.20301330563658154;0.24739200174749118;0.0;0.3742937114201687;0.0;0.177041844662657;0.19093811659044047;0.2520646425957981;0.0;0.19270934219571648;0.32060874859628435;0.1946163028209735;0.0;0.0;0.5307522860995794;0.18233755647453634;0.19704622998115318;0.0;0.4296228627253665;0.0;0.20473364037369493;0.0;0.412167102761964;0.0;0.0;0.0;0.0;0.2725517765197469;0.1517959553440213;0.0;0.18906408067668024;0.0;0.6978849113224401;0.0;0.23913349193381855;0.6913015166505496;0.1999636958725935;0.40127142294122325;0.3259176360546748;0.0;0.2213345493959702;0.0;0.0;0.0;0.0;0.2187500142874331;0.22035940138265098;0.28311478262187023;0.14832536889949816;0.0;0.0;0.31026309960358095;0.0;0.19697248636272266;0.10853845148132957;0.10467379077753668;0.1970197755974706;0.0;0.0;0.3101487229321647;0.35710188293767214;0.18682315611221892;0.4801965494864403;0.0;0.0;0.0;0.0;0.2029993335291504;0.27267546748173466;0.0;0.20089739358114156;0.0;0.0;0.0;0.336006048837503;0.0;0.20297323732586225;0.3673254227074748;0.33258473445650966;0.20303096518986055;0.3348633726813958;0.2641857047027685;0.06619047084475878;0.0;0.39942527475576534;0.0;0.1890033022495329;0.0;0.0;0.0;0.0;0.2363389447599661;0.0;0.17702476306103612;0.0;0.0;0.0;0.0;0.19087288449783618;0.0;0.26897209778736714;0.0;0.0;0.19985837987934466;0.20603436659687852;0.1489722270075597;0.32779785644669573;0.0;0.17697960414877287;0.0;0.0;0.0;0.0;0.0;0.0;0.409683407108591
GO:0051092;0.0;0.40994878573779586;0.2961309959308931;0.39492351252705954;0.0;0.0;0.1857622806938078;0.22082649459813797;0.0;0.29613049688473747;0.44439162395423293;0.310135327617113;0.33680221764757534;1.0;0.2632225908626729;0.0;0.0;0.2891272405642801;0.0;0.0;0.30013918704361;0.2888714219645798;0.30292936057645176;0.0;0.0;0.23288870748264112;0.0;0.0;0.3165451548216479;0.21115448836283732;0.0;0.41999259471304884;0.0;0.3092226881307256;0.26910824272169254;0.0;0.5315655677959847;0.0;0.2585118072527763;0.23793892548782725;0.42343366448889425;0.0;0.2859355290111052;0.25458703439486113;0.243218745866434;0.0;0.0;0.2959819034971995;0.20370515624750363;0.2955885445967488;0.0;0.48658405094599205;0.0;0.31323169031214726;0.0;0.6969057523896641;0.0;0.0;0.0;0.0;0.3554872555101744;0.20425167608237993;0.0;0.213503607525274;0.0;0.4252199220035863;0.0;0.2936801970410791;0.4200626840018123;0.30220266958827147;0.4443394368147606;0.25019196938821175;0.0;0.27578279705418;0.0;0.0;0.0;0.0;0.22544849992245158;0.2620247440093566;0.23336851280529283;0.19801725830861017;0.0;0.0;0.4111432707758865;0.0;0.29542263095072213;0.2239477523775796;0.2615001040539973;0.2955290184969001;0.0;0.0;0.23330869076365754;0.2857019497363918;0.18189015670510517;0.41707341727621666;0.0;0.0;0.0;0.0;0.309190273582267;0.3557302701221958;0.0;0.23126525617991447;0.0;0.0;0.0;0.2990226293728795;0.0;0.3091297380248769;0.2980053168874571;0.45189492438283513;0.30926366069779365;0.3483333592623949;0.33930559945275723;0.08448966619771557;0.0;0.4394531725032876;0.0;0.21341412379929148;0.0;0.0;0.0;0.0;0.28883726603236126;0.0;0.25847538907406553;0.0;0.0;0.0;0.0;0.289100734640574;0.0;0.36179162317624847;0.0;0.0;0.17262404341440785;0.3162866364474042;0.22263112716951097;0.8683207660314634;0.0;0.2583791253069941;0.0;0.0;0.0;0.0;0.0;0.0;0.3630498312349017
GO:0045766;0.0;0.19118727122505133;0.32581273568902114;0.17650827655529355;0.0;0.0;0.30959369548870125;0.29835450932032076;0.0;0.32581198018054863;0.20580173095204898;0.1372637837668782;0.1792386788175939;0.2632225908626729;1.0;0.0;0.0;0.5837710530243098;0.0;0.0;0.2856548004318952;0.5829962471217757;0.6266166274085755;0.0;0.0;0.427756394527976;0.0;0.0;0.3693874238422023;0.2555705662045971;0.0;0.23554473924980962;0.0;0.3564571758238844;0.3903237327368523;0.0;0.2592217947332149;0.0;0.684098870748766;0.44186605576807025;0.21863428312251568;0.0;0.3864244043904352;0.2660703212826955;0.37428851579108857;0.0;0.0;0.3255870664832007;0.3724540666946448;0.3332004357642761;0.0;0.2586673594693804;0.0;0.3634972088152537;0.0;0.20928634060833315;0.0;0.0;0.0;0.0;0.42299657479110586;0.2005170101715065;0.0;0.2125997457629864;0.0;0.1999526155608847;0.0;0.4333746229095969;0.19697625726164347;0.3443526869821469;0.38704749358775875;0.26267402018845953;0.0;0.30119279847252156;0.0;0.0;0.0;0.0;0.5145233364795672;0.2763221976638335;0.23893496446059573;0.31821502098000054;0.0;0.0;0.18486629479221617;0.0;0.33292376191936185;0.26178713844437623;0.2403810040238635;0.3331011542480512;0.0;0.0;0.23885265214202026;0.3169697696385151;0.30972897333807226;0.19525867695958019;0.0;0.0;0.0;0.0;0.3564006358454765;0.4234270354697732;0.0;0.2350843155467578;0.0;0.0;0.0;0.33896068468033064;0.0;0.35629506130160443;0.33724755025338915;0.41872553982265487;0.35652865206995366;0.336388470177919;0.5295914151647255;0.10293903805092208;0.0;0.22547884330668658;0.0;0.21248879124982964;0.0;0.0;0.0;0.0;0.6363510469175083;0.0;0.6839615319074952;0.0;0.0;0.0;0.0;0.5836907418129734;0.0;0.20016007282533896;0.0;0.0;0.3048584009161972;0.36892550817024145;0.327659856830363;0.23723849709314618;0.0;0.6835985848743783;0.0;0.0;0.0;0.0;0.0;0.0;0.15900131033571266
GO:0000462;0.6954222620807836;0.0;0.0;0.0;0.0;0.17017162292402446;0.0;0.0;0.38735390987740176;0.0;0.0;0.0;0.0;0.0;0.0;1.0;0.0;0.0;0.0;0.0;0.0;0.0;0.0;0.0;0.0;0.0;0.17427786342156718;0.19671489954869134;0.18547211283066498;0.0;0.0;0.0;0.192870713171134;0.18075994894747568;0.0;0.16563352673201134;0.0;0.0;0.0;0.0;0.0;0.18896615648973095;0.0;0.0;0.0;0.0;0.17832923083436514;0.0;0.0;0.0;0.11546905285402087;0.0;0.692622803537386;0.0;0.3882336667669869;0.0;0.18161687880573102;0.45845954767742;0.6545092477323335;0.16164425383257464;0.0;0.3969915689634131;0.15949288251816543;0.0;0.17091645268708208;0.0;0.0;0.0;0.0;0.17626296773282146;0.0;0.0;0.46838301026539514;0.0;0.0;0.8797152511090143;0.0;0.3554341980826766;0.0;0.0;0.0;0.0;0.38431258695301695;0.0;0.0;0.0;0.171938686145811;0.0;0.0;0.17200639637345577;0.0;0.17061197390050706;0.0;0.0;0.0;0.0;0.45851068472918827;0.18900510999032052;0.18810183447750123;0.17915650186319393;0.18073913826166715;0.0;0.13340422128771193;0.0;0.0;0.0;0.0;0.0;0.42143769346841803;0.1807002745630352;0.0;0.0;0.18078625463897788;0.0;0.0;0.0912897802103251;0.441418124183059;0.0;0.4416443329000982;0.0;0.0;0.19033816153205613;0.38735390987740176;0.20011003402993036;0.0;0.49784454724783805;0.0;0.1914786534246892;0.0;0.13203372510004127;0.18407243543041937;0.0;0.18363345177390658;0.0;0.6405498574629132;0.40641993608384636;0.0;0.18530537631724028;0.0;0.0;0.0;0.0;0.38730601021446476;0.39620136764352964;0.0;0.19010630103498596;0.44887025179839224;0.49053995134856065;0.0
GO:0002479;0.0;0.0;0.0;0.0;0.0;0.0;0.0;0.0;0.0;0.0;0.0;0.0;0.0;0.0;0.0;0.0;1.0;0.0;0.0;0.0;0.0;0.0;0.0;0.0;0.6333488818885413;0.0;0.0;0.0;0.0;0.0;0.0;0.0;0.0;0.0;0.0;0.0;0.0;0.23151464923072693;0.0;0.0;0.0;0.0;0.0;0.0;0.0;0.0;0.0;0.0;0.0;0.0;0.0;0.0;0.0;0.0;0.0;0.0;0.0;0.0;0.0;0.0;0.0;0.0;0.21605294599167027;0.0;0.0;0.0;0.0;0.0;0.0;0.0;0.0;0.0;0.0;0.0;0.0;0.0;0.0;0.0;0.0;0.0;0.0;0.0;0.0;0.0;0.0;0.0;0.0;0.0;0.0;0.0;0.0;0.0;0.0;0.0;0.0;0.0;0.0;0.0;0.0;0.0;0.0;0.0;0.16285098359660832;0.0;0.0;0.0;0.0;0.0;0.0;0.0;0.0;0.0;0.0;0.0;0.0;0.0;0.0;0.0;0.0;0.0;0.2082259419845373;0.2962545126596225;0.0;0.0;0.0;0.0;0.0;0.0;0.0;0.0;0.0;0.0;0.0;0.0;0.0;0.0;0.0;0.0;0.0;0.0;0.0;0.0;0.0;0.0;0.3189161573889903;0.0;0.0;0.0;0.0
GO:0032725;0.0;0.20449510752030345;0.3664525123921684;0.19081128914055212;0.0;0.0;0.34695835949202064;0.3992730067885042;0.0;0.3664515566549303;0.2255112295771601;0.14399134903736738;0.1908844381555655;0.2891272405642801;0.5837710530243098;0.0;0.0;1.0;0.0;0.0;0.32509201256415554;0.8460995948204564;0.7446696787973602;0.0;0.0;0.5025303638972413;0.0;0.0;0.4381145459440025;0.28050774438860393;0.0;0.25607560018348774;0.0;0.4200428601306869;0.4501271054066398;0.0;0.2912884081352637;0.0;0.5667468282413232;0.5221169870284368;0.24101197360273294;0.0;0.36677798540742407;0.29256672398993244;0.4450261273010752;0.0;0.0;0.36616705974448294;0.28964306630760134;0.3881204244342318;0.0;0.29058850275575643;0.0;0.4298531068370988;0.0;0.2253388332190141;0.0;0.0;0.0;0.0;0.49414337656748913;0.21918137655813338;0.0;0.22918468509094922;0.0;0.2145552707493093;0.0;0.48674173390512426;0.211132029158289;0.403335949260272;0.4457756167766881;0.2956547586063905;0.0;0.3453687605279796;0.0;0.0;0.0;0.0;0.40018173689491915;0.3050098633413536;0.26591765549087204;0.2562265691258813;0.0;0.0;0.20061636423531604;0.0;0.3877450795125327;0.31306643916785637;0.282935432005798;0.387985724015315;0.0;0.0;0.2658157065138147;0.3662737549842267;0.4157890833814851;0.20915994489420553;0.0;0.0;0.0;0.0;0.4199643517823836;0.4947309201460712;0.0;0.25553150702463706;0.0;0.0;0.0;0.39595837265750977;0.0;0.41981776858711767;0.3936226411851933;0.4883246433544085;0.4201421145287789;0.3924528420640005;0.45631190754783957;0.11002552217693999;0.0;0.24935608463891631;0.0;0.22905574944633852;0.0;0.0;0.0;0.0;0.4744849089801806;0.0;0.5666167384497645;0.0;0.0;0.0;0.0;0.8472821386815043;0.0;0.21875496899755265;0.0;0.0;0.23396502699633015;0.43746490588176373;0.38062341008503064;0.26381807581145444;0.0;0.5662729846140706;0.0;0.0;0.0;0.0;0.0;0.0;0.1705152033944666
GO:0001666;0.22761463866368645;0.0;0.0;0.0;0.0;0.0;0.0;0.0;0.0;0.0;0.0;0.0;0.0;0.0;0.0;0.0;0.0;0.0;1.0;0.0;0.0;0.0;0.0;0.0;0.0;0.0;0.0;0.0;0.0;0.0;0.31160669774412003;0.0;0.0;0.0;0.0;0.0;0.0;0.3557559282057126;0.0;0.0;0.0;0.0;0.0;0.0;0.0;0.0;0.29575208413835663;0.0;0.0;0.0;0.0;0.0;0.0;0.0;0.0;0.0;0.0;0.0;0.0;0.0;0.0;0.0;0.0;0.0;0.0;0.0;0.0;0.0;0.0;0.0;0.0;0.0;0.0;0.0;0.0;0.0;0.326730550345438;0.0;0.0;0.0;0.0;0.0;0.0;0.0;0.0;0.31015933471942864;0.0;0.0;0.0;0.0;0.329063761635585;0.0;0.0;0.0;0.0;0.0;0.0;0.0;0.0;0.0;0.0;0.0;0.0;0.0;0.0;0.0;0.3847434725417938;0.0;0.0;0.0;0.0;0.0;0.0;0.0;0.0;0.0;0.0;0.0;0.0;0.0;0.23128428088556893;0.0;0.0;0.0;0.0;0.0;0.0;0.0;0.0;0.17581043107399824;0.0;0.0;0.0;0.0;0.0;0.0;0.0;0.0;0.0;0.0;0.5346564724991482;0.0;0.0;0.0;0.5020811631755708;0.0;0.0;0.0;0.0
GO:0001701;0.0;0.0;0.0;0.0;0.42831835455430023;0.0;0.0;0.0;0.0;0.0;0.0;0.0;0.0;0.0;0.0;0.0;0.0;0.0;0.0;1.0;0.0;0.0;0.0;0.28228994460758994;0.0;0.0;0.0;0.0;0.0;0.0;0.0;0.0;0.0;0.0;0.0;0.0;0.0;0.0;0.0;0.0;0.0;0.0;0.0;0.0;0.0;0.4759289711655994;0.0;0.0;0.0;0.0;0.0;0.0;0.0;0.0;0.0;0.0;0.27456095648617274;0.0;0.0;0.2247974501868769;0.0;0.0;0.21990856910683698;0.0;0.0;0.0;0.0;0.0;0.0;0.0;0.0;0.0;0.0;0.0;0.2963183336410465;0.0;0.0;0.0;0.0;0.0;0.0;0.0;0.0;0.0;0.0;0.0;0.0;0.0;0.0;0.0;0.0;0.0;0.0;0.0;0.0;0.0;0.0;0.0;0.0;0.0;0.0;0.0;0.0;0.0;0.0;0.34706930887234794;0.0;0.0;0.0;0.0;0.0;0.0;0.0;0.0;0.0;0.0;0.0;0.0;0.0;0.0;0.20758573146572534;0.0;0.0;0.32904091509576766;0.0;0.0;0.0;0.0;0.3712533417135352;0.0;0.0;0.0;0.0;0.0;0.0;0.0;0.0;0.0;0.0;0.0;0.0;0.0;0.0;0.0;0.0;0.0;0.0;0.0;0.0
GO:0051001;0.0;0.25268702082858946;0.2481413958356685;0.2897472585445951;0.0;0.0;0.29947959217590303;0.1716207951082144;0.0;0.24814084907842468;0.3400784053851465;0.18295682841417943;0.17573436661587188;0.30013918704361;0.2856548004318952;0.0;0.0;0.32509201256415554;0.0;0.0;1.0;0.32468864149191023;0.34728962999225865;0.0;0.0;0.32736224747684467;0.0;0.0;0.3439028763218121;0.2493275057532392;0.0;0.22892504554056092;0.0;0.3326681019102124;0.2943719642996108;0.0;0.31010711618560505;0.0;0.2787765156643206;0.33742942542717796;0.3603926394174905;0.0;0.37027326315050163;0.20450786622298744;0.348147145204566;0.0;0.0;0.24797807468481278;0.15574644646235666;0.3123233881565777;0.0;0.3094765656477703;0.0;0.4204601139072333;0.0;0.20423545359100267;0.0;0.0;0.0;0.0;0.3174437471011015;0.19276287051103105;0.0;0.16476763152566315;0.0;0.2639110746872181;0.0;0.24546310376178004;0.2601032762388062;0.3221014015759816;0.367543186641257;0.3096750392542381;0.0;0.2840307562043896;0.0;0.0;0.0;0.0;0.23283407062799025;0.2120524861441625;0.28296842610459105;0.23024903812876574;0.0;0.0;0.3067206336592433;0.0;0.3120802861216324;0.3970481669234453;0.3703136848969716;0.31223615644329716;0.0;0.0;0.2828754018397852;0.2980192478666583;0.17793011609984846;0.2579042850853886;0.0;0.0;0.0;0.0;0.33261885626494975;0.31774620018817923;0.0;0.1815587700826885;0.0;0.0;0.0;0.31737894480574863;0.0;0.3325268993083111;0.315876533696297;0.3957273149554954;0.332730355373953;0.38581466406518716;0.29766384588899353;0.09989954249688136;0.0;0.3711868199113644;0.0;0.16468448126634402;0.0;0.0;0.0;0.0;0.24021041346801858;0.0;0.2787236782545617;0.0;0.0;0.0;0.0;0.3250502050536063;0.0;0.3311157054088146;0.0;0.0;0.1282074551982687;0.3435024638718503;0.30745028333205576;0.2850032609654575;0.0;0.27858403847534763;0.0;0.0;0.0;0.0;0.0;0.0;0.39612511783202625
GO:0032729;0.0;0.20436710089945684;0.3660416591243969;0.19067225453092887;0.0;0.0;0.346581960976895;0.3989798817574699;0.0;0.3660407055290304;0.22531705445260064;0.14392787153500627;0.19077289941635622;0.2888714219645798;0.5829962471217757;0.0;0.0;0.8460995948204564;0.0;0.0;0.32468864149191023;1.0;0.7434093719152409;0.0;0.0;0.5017411284163225;0.0;0.0;0.43738226085320686;0.28026166618557957;0.0;0.2558749061679608;0.0;0.4193696943913827;0.44950736401437086;0.0;0.2909645203336834;0.0;0.5660165256951337;0.5212650822616137;0.24079020054628225;0.0;0.3662646164782311;0.2923047854629008;0.44427057520716884;0.0;0.0;0.36575684594746893;0.2894522020534124;0.38754561923988207;0.0;0.2902661686929254;0.0;0.42914815625185887;0.0;0.22518341176666903;0.0;0.0;0.0;0.0;0.49339660519253453;0.21899794458262034;0.0;0.22902391511211492;0.0;0.21441436406650644;0.0;0.48620296714322897;0.21099558152433331;0.4027152284022625;0.4451677917586665;0.29532109357388714;0.0;0.3449135370567267;0.0;0.0;0.0;0.0;0.39976542756039013;0.30472518085252853;0.2656477047055227;0.25602123329595444;0.0;0.0;0.2004626793205726;0.0;0.38717138472834833;0.31251558271758645;0.2824854308387561;0.3874113174383294;0.0;0.0;0.2655459625742437;0.3657617956142278;0.41547121598693526;0.20902603353288293;0.0;0.0;0.0;0.0;0.41929143745484676;0.49398237321662114;0.0;0.25533166461407053;0.0;0.0;0.0;0.3953601349805288;0.0;0.41914532354583517;0.39303143534862284;0.4875953425090521;0.41946863087434577;0.3918651423677769;0.4556750305552831;0.10995740632794355;0.0;0.2491186972472572;0.0;0.22889516024649104;0.0;0.0;0.0;0.0;0.4739729200879352;0.0;0.5658867709131938;0.0;0.0;0.0;0.0;0.8459632397954198;0.0;0.2185722497476948;0.0;0.0;0.23384047369835653;0.43673478904874274;0.3800705807187433;0.2635523689148265;0.0;0.5655439019492943;0.0;0.0;0.0;0.0;0.0;0.0;0.17040416461833086
GO:0034105;0.0;0.2113044792828143;0.38891115606357274;0.19824871579552383;0.0;0.0;0.36749203880394016;0.3353910277262426;0.0;0.388910079588857;0.23597384568890908;0.14733450225377792;0.19680442586112187;0.30292936057645176;0.6266166274085755;0.0;0.0;0.7446696787973602;0.0;0.0;0.34728962999225865;0.7434093719152409;1.0;0.0;0.0;0.5467807437903968;0.0;0.0;0.47941007939598423;0.29377884236229074;0.0;0.26684373876566936;0.0;0.45785486334134967;0.4844938890902418;0.0;0.3089841014686359;0.0;0.6070436224524032;0.5700484972048618;0.25300057076835986;0.0;0.3952828852323245;0.3067072099166836;0.4876983260816491;0.0;0.0;0.3885896577210687;0.29981438109988984;0.42018418424959086;0.0;0.3081966898734806;0.0;0.4695353897350002;0.0;0.233635235501317;0.0;0.0;0.0;0.0;0.5358715212579775;0.2290520332929995;0.0;0.23777208891922427;0.0;0.22206339735979558;0.0;0.5161691498205508;0.2183984248443208;0.43807549542748303;0.4794562888507852;0.3139015533046569;0.0;0.3705289212789618;0.0;0.0;0.0;0.0;0.42283654151140315;0.3204104019697548;0.2805874368963692;0.2672544109298981;0.0;0.0;0.2088542925526237;0.0;0.41974429610633407;0.3442888641707329;0.30819462932106817;0.42002631305238064;0.0;0.0;0.28047393168942475;0.39469729726056757;0.3498330766521297;0.21628893888489437;0.0;0.0;0.0;0.0;0.4577615858230675;0.5365625547390969;0.0;0.26625297738102216;0.0;0.0;0.0;0.42938600889179057;0.0;0.4575874354628746;0.4266406229537342;0.5290353614847804;0.4579727941963971;0.42526668440998244;0.49166667585812396;0.11364762646023338;0.0;0.2622113082343323;0.0;0.23763331290780296;0.0;0.0;0.0;0.0;0.502406431286363;0.0;0.6068943781587296;0.0;0.0;0.0;0.0;0.7445390009600513;0.0;0.22858639589775975;0.0;0.0;0.24055723443074656;0.4786323095881393;0.4114113026333205;0.2782508317311751;0.0;0.6065000332361694;0.0;0.0;0.0;0.0;0.0;0.0;0.1764300560015401
GO:0001947;0.0;0.0;0.0;0.0;0.29898146677867254;0.0;0.0;0.0;0.0;0.0;0.0;0.0;0.0;0.0;0.0;0.0;0.0;0.0;0.0;0.28228994460758994;0.0;0.0;0.0;1.0;0.0;0.0;0.0;0.0;0.0;0.0;0.0;0.0;0.0;0.0;0.0;0.0;0.0;0.0;0.0;0.0;0.0;0.0;0.0;0.0;0.0;0.33094360025050945;0.0;0.0;0.0;0.0;0.0;0.0;0.0;0.0;0.0;0.0;0.26611248510305424;0.0;0.0;0.29670520512646775;0.0;0.0;0.21445534758051976;0.0;0.0;0.0;0.0;0.0;0.0;0.0;0.0;0.0;0.0;0.0;0.48408979574155747;0.0;0.0;0.0;0.0;0.0;0.0;0.0;0.0;0.0;0.0;0.0;0.0;0.0;0.0;0.0;0.0;0.0;0.0;0.0;0.0;0.0;0.0;0.0;0.0;0.0;0.0;0.0;0.0;0.0;0.0;0.5624980080653775;0.0;0.0;0.0;0.0;0.0;0.0;0.0;0.0;0.0;0.0;0.0;0.0;0.0;0.0;0.0;0.0;0.0;0.3169806524230497;0.0;0.0;0.0;0.0;0.6113115169011181;0.0;0.0;0.0;0.0;0.0;0.0;0.0;0.0;0.0;0.0;0.0;0.0;0.0;0.0;0.0;0.0;0.0;0.0;0.0;0.0
GO:0019885;0.0;0.0;0.0;0.0;0.0;0.0;0.0;0.0;0.0;0.0;0.0;0.0;0.0;0.0;0.0;0.0;0.6333488818885413;0.0;0.0;0.0;0.0;0.0;0.0;0.0;1.0;0.0;0.0;0.0;0.0;0.0;0.0;0.0;0.0;0.0;0.0;0.0;0.0;0.24141953088767054;0.0;0.0;0.0;0.0;0.0;0.0;0.0;0.0;0.0;0.0;0.0;0.0;0.0;0.0;0.0;0.0;0.0;0.0;0.0;0.0;0.0;0.0;0.0;0.0;0.2246544342428283;0.0;0.0;0.0;0.0;0.0;0.0;0.0;0.0;0.0;0.0;0.0;0.0;0.0;0.0;0.0;0.0;0.0;0.0;0.0;0.0;0.0;0.0;0.0;0.0;0.0;0.0;0.0;0.0;0.0;0.0;0.0;0.0;0.0;0.0;0.0;0.0;0.0;0.0;0.0;0.1676904459807633;0.0;0.0;0.0;0.0;0.0;0.0;0.0;0.0;0.0;0.0;0.0;0.0;0.0;0.0;0.0;0.0;0.0;0.21620399585582312;0.3126698332637849;0.0;0.0;0.0;0.0;0.0;0.0;0.0;0.0;0.0;0.0;0.0;0.0;0.0;0.0;0.0;0.0;0.0;0.0;0.0;0.0;0.0;0.0;0.33801984154681336;0.0;0.0;0.0;0.0
