;GO:0006281;GO:2000481;GO:0014068;GO:0043506;GO:0035162;GO:0007099;GO:1903243;GO:0050718;GO:0042253;GO:1901224;GO:1903249;GO:0007257;GO:0042531;GO:0051092;GO:0045766;GO:0000462;GO:0002479;GO:0032725;GO:0001666;GO:0001701;GO:0051001;GO:0032729;GO:0034105;GO:0001947;GO:0019885;GO:0098736;GO:0070207;GO:0051402;GO:0035556;GO:0140199;GO:0070723;GO:0033138;GO:0065003;GO:0007264;GO:0050729;GO:0051382;GO:1903775;GO:0042267;GO:0002651;GO:1903779;GO:0045019;GO:0032438;GO:0045662;GO:0001956;GO:0050727;GO:0031100;GO:0071407;GO:0051897;GO:0051138;GO:0010389;GO:0048490;GO:0031060;GO:0006260;GO:0008285;GO:0042033;GO:0045944;GO:0003430;GO:0060389;GO:0006269;GO:0048813;GO:0048661;GO:0000165;GO:0043011;GO:0051142;GO:1990668;GO:0032147;GO:1990428;GO:0010634;GO:0032148;GO:0035655;GO:2000379;GO:0010751;GO:0016579;GO:0014059;GO:0048701;GO:0006396;GO:0048545;GO:0006798;GO:0043415;GO:0032819;GO:0030512;GO:0060044;GO:0016569;GO:1901660;GO:2000042;GO:0032495;GO:0007179;GO:0032091;GO:0043547;GO:0032924;GO:0009749;GO:0098535;GO:0070885;GO:0032485;GO:2000556;GO:0006919;GO:0007182;GO:0060155;GO:1904784;GO:0007064;GO:0007224;GO:0002053;GO:0043312;GO:0042104;GO:0006898;GO:0060434;GO:0042742;GO:0060159;GO:0043161;GO:0007219;GO:0051056;GO:0010628;GO:0031663;GO:0010469;GO:0010744;GO:0098703;GO:0018105;GO:1902083;GO:0018107;GO:2000563;GO:0035744;GO:0042119;GO:0042231;GO:0001570;GO:1905007;GO:0043687;GO:0002663;GO:0000086;GO:0001569;GO:0071872;GO:0032508;GO:0032740;GO:0031532;GO:1900082;GO:0006351;GO:0030163;GO:0045630;GO:0007166;GO:1902305;GO:0006357;GO:0051599;GO:0002666;GO:0042094;GO:0042095;GO:0045087;GO:0097711;GO:0006508;GO:0050823;GO:0071901
GO:0006281;1.0;0.0;0.0;0.0;0.0;0.37663950913755423;0.0;0.0;0.42947160805856205;0.0;0.0;0.0;0.0;0.0;0.0;0.5297923426836745;0.0;0.0;0.600863907160148;0.0;0.0;0.0;0.0;0.0;0.0;0.0;0.35397827214813765;0.3778522686683354;0.4981356968065907;0.0;0.41131815127157173;0.0;0.4902654391414722;0.4423911689943681;0.0;0.37663950913755423;0.0;0.5013528813964883;0.0;0.0;0.0;0.3934691741224711;0.0;0.0;0.0;0.0;0.5968083782633025;0.0;0.0;0.0;0.35397827214813765;0.0;0.7227791263485941;0.0;0.44630127304347894;0.0;0.3934691741224711;0.4677532258188515;0.6989645192946365;0.42014356202326436;0.0;0.5318297336357554;0.38065266004893084;0.0;0.38065266004893084;0.0;0.0;0.0;0.0;0.37663950913755423;0.0;0.0;0.4927805924035902;0.0;0.0;0.6566738597427071;0.48896680597759395;0.4097530930110275;0.0;0.0;0.0;0.0;0.5677587816027599;0.0;0.0;0.4384778110228432;0.43697322700818125;0.0;0.0;0.4157167810935749;0.3916628668453155;0.37663950913755423;0.0;0.0;0.0;0.0;0.4677532258188515;0.37663950913755423;0.35397827214813765;0.41029883910738807;0.43254644607849185;0.0;0.35397827214813765;0.0;0.0;0.0;0.5575020485786701;0.0;0.5876931738798026;0.43254644607849185;0.0;0.0;0.37663950913755423;0.0;0.0;0.35397827214813765;0.5108436486862488;0.0;0.5033130640093295;0.0;0.454094716476979;0.32821892805475494;0.42947160805856205;0.38065266004893084;0.0;0.556074087735235;0.0;0.37663950913755423;0.0;0.4599465060297281;0.33802226655984824;0.0;0.33434821578262525;0.0;0.6370821205788785;0.5434550629890773;0.0;0.5182380484907714;0.0;0.0;0.5704467293130779;0.0;0.42947160805856205;0.42947160805856205;0.60683767346888;0.37663950913755423;0.5641883137014183;0.43577507665739396;0.0
GO:2000481;0.0;1.0;0.24518259987352153;0.6131996727919474;0.0;0.0;0.1476697265316091;0.2342882053650932;0.0;0.2620122648584384;0.24811384338379777;0.6015889316771886;0.5282533754364461;0.41019973172206364;0.27286205847575457;0.0;0.0;0.24244488062868447;0.0;0.0;0.33471916516240413;0.25228960354456076;0.29328899506569334;0.0;0.0;0.18047340216027258;0.0;0.0;0.33122806469066146;0.1851737485278404;0.0;0.5718855949830236;0.0;0.27548353687843885;0.31123551088522433;0.0;0.2513717399220743;0.0;0.22561521564376757;0.2576367850158165;0.2598806858647859;0.0;0.2020034135127573;0.3192266031077046;0.28689065737341696;0.0;0.0;0.24518259987352153;0.22414576672584618;0.24003101387622594;0.0;0.49064203192731237;0.0;0.3064645945940105;0.0;0.4471792623738436;0.0;0.0;0.0;0.0;0.286570393352223;0.2738083848385289;0.0;0.2146581489995807;0.0;0.6903087221241295;0.0;0.31029821815609604;0.5774818827930865;0.209731877021625;0.4000509574681501;0.16413691538016506;0.0;0.2118481364286336;0.0;0.0;0.0;0.0;0.25228960354456076;0.2511178703500101;0.20095374192020526;0.1851737485278404;0.0;0.0;0.2682014049069912;0.0;0.270065594892252;0.38628301959910005;0.4490015123296881;0.24880914897764567;0.0;0.0;0.1457370507282585;0.15464929765389956;0.19509076476982673;0.3893952821393639;0.0;0.0;0.0;0.0;0.2656388139625626;0.30340005833713996;0.0;0.22414576672584618;0.0;0.0;0.0;0.22152619685139907;0.0;0.2656388139625626;0.25430251772179163;0.4955742570215243;0.209731877021625;0.44282253562045126;0.2697407283673061;0.18831396444722587;0.0;0.40169048327332424;0.0;0.2146581489995807;0.0;0.0;0.0;0.0;0.25694944235450967;0.0;0.2761042105985183;0.0;0.0;0.0;0.0;0.2592745456136014;0.0;0.2767103508497028;0.0;0.0;0.2342882053650932;0.3513304163748421;0.21908828160716443;0.4040144471530908;0.0;0.2592745456136014;0.0;0.0;0.0;0.0;0.0;0.0;0.6682509553917146
GO:0014068;0.0;0.24518259987352153;1.0;0.5047725164208241;0.0;0.0;0.3170868363847323;0.28375199691617037;0.0;0.6326792099515578;0.209731877021625;0.5139520214213879;0.5407545759830484;0.3334480096655092;0.3442351311470669;0.0;0.0;0.3138179532999968;0.0;0.0;0.19326468817306902;0.3236626762158731;0.3725252816215299;0.0;0.0;0.20727595672193327;0.0;0.0;0.3780430088681892;0.43860722654569734;0.0;0.30058166190108726;0.0;0.3049835442205714;0.49588412976430274;0.0;0.27027189220720454;0.0;0.2969882883150799;0.4655426967037893;0.22374314557048924;0.0;0.2560615493486744;0.5084175215697351;0.4549009904443772;0.0;0.0;0.6158495449666409;0.2697407283673061;0.2894948054273031;0.0;0.2986834256756131;0.0;0.36607082478433467;0.0;0.3972086278041791;0.0;0.0;0.0;0.0;0.35301539389526315;0.3033083921806614;0.0;0.25694944235450967;0.0;0.3369726060568892;0.0;0.3895345047119326;0.24518259987352153;0.23923188436375753;0.3920926658512839;0.4880710180967745;0.0;0.3633912806510379;0.0;0.0;0.0;0.0;0.4142769854342226;0.30058166190108726;0.40512171610039327;0.23923188436375753;0.0;0.0;0.3011128257409857;0.0;0.29956560223438455;0.26336470461203737;0.19235234341934632;0.2783091563197782;0.0;0.0;0.43860722654569734;0.4612684635351139;0.3506576043325218;0.30058166190108726;0.0;0.0;0.0;0.0;0.29513882130469515;0.3698450588801801;0.0;0.2697407283673061;0.0;0.0;0.0;0.44835540802100365;0.0;0.29513882130469515;0.6008978574278175;0.4293399065086368;0.23923188436375753;0.5300013685947074;0.33618572891034626;0.2178139717893584;0.0;0.209731877021625;0.0;0.25694944235450967;0.0;0.0;0.0;0.0;0.31655567254483385;0.0;0.34747728326983063;0.0;0.0;0.0;0.0;0.33064761828491374;0.0;0.22656154200654188;0.0;0.0;0.3876025975334294;0.3981453605523698;0.2613795749620934;0.3506077417716534;0.0;0.33064761828491374;0.0;0.0;0.0;0.0;0.0;0.0;0.24003101387622594
GO:0043506;0.0;0.6131996727919474;0.5047725164208241;1.0;0.0;0.0;0.4103761977495123;0.22867780141355054;0.0;0.521602181405741;0.3161760247632925;0.7949921933787127;0.5052707831605815;0.3855772658537798;0.28401558389076614;0.0;0.0;0.25359840604369605;0.0;0.0;0.37822321804811426;0.2634431289595723;0.306686946548581;0.0;0.0;0.23676874105877915;0.0;0.0;0.40423212491850413;0.46248122306589506;0.0;0.544761685134915;0.0;0.33299885831301324;0.47868155615557384;0.0;0.45103258709863675;0.0;0.23676874105877915;0.48638551260008284;0.33018729331215674;0.0;0.28407686344111627;0.4345542972968262;0.5285602954436448;0.0;0.0;0.5047725164208241;0.2177834069051222;0.318987589764149;0.0;0.5537761411785349;0.0;0.39225994083464955;0.0;0.4200992661767813;0.0;0.0;0.0;0.0;0.28407686344111627;0.33132370627310326;0.0;0.2076409682658752;0.0;0.6405472148496818;0.0;0.32059597425778574;0.5378628141578856;0.2672471984561994;0.3884457049262625;0.5047725164208241;0.0;0.38726527717123554;0.0;0.0;0.0;0.0;0.4197356488149102;0.24550746639846743;0.42899571262059094;0.2672471984561994;0.0;0.0;0.45237351329028536;0.0;0.3275809163268264;0.42978707248481013;0.4090641515818954;0.30632447041222;0.0;0.0;0.46248122306589506;0.48211127943140747;0.30098465908011823;0.3704947545392466;0.0;0.0;0.0;0.0;0.32315413539713694;0.30090652842603316;0.0;0.2177834069051222;0.0;0.0;0.0;0.4691982239172972;0.0;0.32315413539713694;0.6115982346848641;0.4657968080439901;0.2672471984561994;0.5467028669187569;0.2672471984561994;0.24582928588180025;0.0;0.4648245925245468;0.0;0.2076409682658752;0.0;0.0;0.0;0.0;0.2532359299073351;0.0;0.28725773601352983;0.0;0.0;0.0;0.0;0.27042807102861294;0.0;0.3330056897482094;0.0;0.0;0.32778721364177893;0.42433447660268475;0.29311678536681535;0.46030978605159734;0.0;0.27042807102861294;0.0;0.0;0.0;0.0;0.0;0.0;0.7117550082774248
GO:0035162;0.0;0.0;0.0;0.0;1.0;0.0;0.0;0.0;0.0;0.0;0.0;0.0;0.0;0.0;0.0;0.0;0.0;0.0;0.0;0.3936080953148622;0.0;0.0;0.0;0.4632046376675269;0.0;0.0;0.0;0.0;0.0;0.0;0.0;0.0;0.0;0.0;0.0;0.0;0.0;0.0;0.0;0.0;0.0;0.0;0.0;0.0;0.0;0.6311975256620761;0.0;0.0;0.0;0.0;0.0;0.0;0.0;0.0;0.0;0.0;0.48003430265244385;0.0;0.0;0.506708690553237;0.0;0.0;0.48987902556832014;0.0;0.0;0.0;0.0;0.0;0.0;0.0;0.0;0.0;0.0;0.0;0.4632046376675269;0.0;0.0;0.0;0.0;0.0;0.0;0.0;0.0;0.0;0.0;0.0;0.0;0.0;0.0;0.0;0.0;0.0;0.0;0.0;0.0;0.0;0.0;0.0;0.0;0.0;0.0;0.0;0.0;0.0;0.0;0.4632046376675269;0.0;0.0;0.0;0.0;0.0;0.0;0.0;0.0;0.0;0.0;0.0;0.0;0.0;0.0;0.0;0.0;0.0;0.48987902556832014;0.0;0.0;0.0;0.0;0.4632046376675269;0.0;0.0;0.0;0.0;0.0;0.0;0.0;0.0;0.0;0.0;0.0;0.0;0.0;0.0;0.0;0.0;0.0;0.0;0.0;0.0
GO:0007099;0.37663950913755423;0.0;0.0;0.0;0.0;1.0;0.0;0.0;0.0;0.0;0.0;0.0;0.0;0.0;0.0;0.3855773354389354;0.0;0.0;0.0;0.0;0.0;0.0;0.0;0.0;0.0;0.0;0.5352785747644536;0.35398641934105307;0.5070735231079719;0.0;0.0;0.0;0.6715657417577882;0.45132899529574927;0.0;0.6413205309924084;0.0;0.0;0.0;0.0;0.0;0.5487390810203419;0.0;0.0;0.0;0.0;0.4009116277617444;0.0;0.0;0.0;0.5855228254533935;0.0;0.35099847183335003;0.0;0.0;0.0;0.4024070004238523;0.3855773354389354;0.42908138832464554;0.5207056720175749;0.0;0.4496538432558393;0.4122517233397286;0.0;0.5585838039362182;0.0;0.0;0.0;0.0;0.3855773354389354;0.0;0.0;0.30870717847842105;0.0;0.0;0.5124588524979681;0.0;0.31048236645534294;0.0;0.0;0.0;0.0;0.5928275556866461;0.0;0.0;0.0;0.44591105330956243;0.0;0.0;0.4246546073949561;0.0;0.7603417023523814;0.0;0.0;0.0;0.0;0.3855773354389354;0.531909416035425;0.5352785747644536;0.5720530502507863;0.44148427237987303;0.0;0.3855773354389354;0.0;0.0;0.0;0.0;0.0;0.44591105330956243;0.44148427237987303;0.0;0.0;0.3855773354389354;0.0;0.0;0.3855773354389354;0.30714017839556723;0.0;0.2996095937186479;0.0;0.0;0.28769296280505896;0.0;0.4122517233397286;0.0;0.34933943682064933;0.0;0.5383937202809524;0.0;0.2610185749042658;0.4805008874449227;0.0;0.45681444705183255;0.0;0.4928671133341394;0.0;0.0;0.5271758747921524;0.0;0.0;0.0;0.0;0.0;0.0;0.0;0.3855773354389354;0.0;0.3855773354389354;0.0
GO:1903243;0.0;0.1476697265316091;0.3170868363847323;0.4103761977495123;0.0;0.0;1.0;0.27860926834858796;0.0;0.3339165013696492;0.26545027460145937;0.38650220122931456;0.2842831607560688;0.23959436050011845;0.35865978680923843;0.0;0.0;0.32824260896216834;0.0;0.0;0.28093901339472765;0.33808733187804463;0.3869499372837015;0.0;0.0;0.367957398443232;0.0;0.0;0.34426088318423803;0.46985492198848505;0.0;0.18553622466420133;0.0;0.2885163553720154;0.4947837334601879;0.0;0.36687214486380215;0.0;0.31141294397725144;0.4779244569274394;0.28093901339472765;0.0;0.31508361521503975;0.2695531174751282;0.5541500904745242;0.0;0.0;0.3170868363847323;0.25180671378692726;0.2590163480298829;0.0;0.2694249508142607;0.0;0.4274080101808172;0.0;0.2939300330482813;0.0;0.0;0.0;0.0;0.22410562170685017;0.28684120333210544;0.0;0.1578121651708561;0.0;0.23783532887323566;0.0;0.3843917761443502;0.1476697265316091;0.22276469551520156;0.2631828936628709;0.3925305382897617;0.0;0.38605251764045445;0.0;0.0;0.0;0.0;0.41317658913010774;0.19730306714518947;0.4192049261905549;0.36909845227602006;0.0;0.0;0.3897301469091662;0.0;0.2830984133858286;0.26336470461203737;0.19235234341934632;0.26184196747122224;0.0;0.0;0.3555855450888541;0.2997718995493371;0.2842831607560688;0.18553622466420133;0.0;0.0;0.0;0.0;0.2786716324561392;0.24093528669176711;0.0;0.16870655967928444;0.0;0.0;0.0;0.3839637355822317;0.0;0.2786716324561392;0.41674005645262424;0.33962757491549017;0.22276469551520156;0.46146837858369144;0.20727595672193327;0.2178139717893584;0.0;0.26545027460145937;0.0;0.1578121651708561;0.0;0.0;0.0;0.0;0.31141294397725144;0.0;0.3619019389320022;0.0;0.0;0.0;0.0;0.3450722739470853;0.0;0.29776867837964455;0.0;0.0;0.3170868363847323;0.36436323486841865;0.2613795749620934;0.3341405529230974;0.0;0.3450722739470853;0.0;0.0;0.0;0.0;0.0;0.0;0.2926325374156244
GO:0050718;0.0;0.2342882053650932;0.28375199691617037;0.22867780141355054;0.0;0.0;0.27860926834858796;1.0;0.0;0.30058166190108726;0.19694059100882855;0.31655567254483385;0.25694944235450967;0.3138179532999968;0.43526121877348467;0.0;0.0;0.5346988954740076;0.0;0.0;0.18047340216027258;0.544543618389884;0.4665825498718519;0.0;0.0;0.2645979997997237;0.0;0.0;0.360728072032794;0.31141294397725144;0.0;0.286570393352223;0.0;0.2894948054273031;0.36529364672114145;0.0;0.19694059100882855;0.0;0.3880143759414977;0.37126138999740016;0.209731877021625;0.0;0.24057281055540614;0.570180397874612;0.3254600544160658;0.0;0.0;0.28375199691617037;0.32156937539845754;0.27548353687843885;0.0;0.2858921396628167;0.0;0.34875588794893947;0.0;0.38319735925531484;0.0;0.0;0.0;0.0;0.33338533752975075;0.2878196533873931;0.0;0.24518259987352153;0.0;0.3252057635759011;0.0;0.4640243887325006;0.2342882053650932;0.22374314557048924;0.3724626094857715;0.19694059100882855;0.0;0.43996922149332834;0.0;0.0;0.0;0.0;0.3207723950426494;0.286570393352223;0.23640626492241817;0.27860926834858796;0.0;0.0;0.2020034135127573;0.0;0.28407686344111627;0.2505734185992409;0.18058550093835818;0.2628204175265099;0.0;0.0;0.17427935401941208;0.1851737485278404;0.46840543893801356;0.286570393352223;0.0;0.0;0.0;0.0;0.27965008251142687;0.3502150025146677;0.0;0.25694944235450967;0.0;0.0;0.0;0.256978719853612;0.0;0.27965008251142687;0.28975504072400454;0.4120249696732416;0.22374314557048924;0.3258333944145194;0.31655567254483385;0.20232523299609012;0.0;0.19694059100882855;0.0;0.24518259987352153;0.0;0.0;0.0;0.0;0.3880143759414977;0.0;0.4385033708962484;0.0;0.0;0.0;0.0;0.5515285604589246;0.0;0.21377025599374544;0.0;0.0;0.3355806439473218;0.3808304237169746;0.3684444804247437;0.33781645575885694;0.0;0.4216737059113315;0.0;0.0;0.0;0.0;0.0;0.0;0.22988857523697892
GO:0042253;0.42947160805856205;0.0;0.0;0.0;0.0;0.0;0.0;0.0;1.0;0.0;0.0;0.0;0.0;0.0;0.0;0.4610706713493598;0.0;0.0;0.0;0.0;0.0;0.0;0.0;0.0;0.0;0.0;0.0;0.0;0.0;0.0;0.0;0.0;0.0;0.0;0.0;0.0;0.0;0.0;0.0;0.0;0.0;0.0;0.0;0.0;0.0;0.0;0.0;0.0;0.0;0.0;0.0;0.0;0.5447551494946312;0.0;0.6715651009498829;0.0;0.0;0.49568016639584844;0.5960355114242661;0.0;0.0;0.5597566742127523;0.0;0.0;0.0;0.0;0.0;0.0;0.0;0.0;0.0;0.0;0.4384400658008465;0.0;0.0;0.5879521884083925;0.0;0.31381829622727125;0.0;0.0;0.0;0.0;0.5766966079041411;0.0;0.0;0.0;0.0;0.0;0.0;0.0;0.0;0.0;0.0;0.0;0.0;0.0;0.49568016639584844;0.0;0.0;0.0;0.0;0.0;0.0;0.0;0.0;0.0;0.0;0.0;0.5560138842664755;0.0;0.0;0.0;0.0;0.0;0.0;0.0;0.41724300935248027;0.0;0.40971242467556096;0.0;0.0;0.0;0.654735435964966;0.0;0.0;0.45944226777756236;0.0;0.0;0.0;0.0;0.0;0.0;0.0;0.0;0.6598212364337601;0.5119074153533546;0.0;0.0;0.0;0.0;0.0;0.0;0.654735435964966;0.654735435964966;0.0;0.0;0.5326406660656956;0.45277945614596304;0.0
GO:1901224;0.0;0.2620122648584384;0.6326792099515578;0.521602181405741;0.0;0.0;0.3339165013696492;0.30058166190108726;0.0;1.0;0.22656154200654188;0.5307816864063047;0.5575842409679653;0.35027767465042614;0.3610647961319838;0.0;0.0;0.33064761828491374;0.0;0.0;0.2100943531579859;0.34049234120079;0.3893549466064468;0.0;0.0;0.22410562170685017;0.0;0.0;0.3948726738531061;0.45543689153061423;0.0;0.3174113268860042;0.0;0.3218132092054883;0.5127137947492196;0.0;0.28710155719212144;0.0;0.3138179532999968;0.4823723616887062;0.24057281055540614;0.0;0.27289121433359137;0.5252471865546521;0.4717306554292941;0.0;0.0;0.6326792099515578;0.286570393352223;0.30632447041222;0.0;0.31551309066053;0.0;0.3829004897692516;0.0;0.414038292789096;0.0;0.0;0.0;0.0;0.3698450588801801;0.32013805716557836;0.0;0.27377910733942656;0.0;0.35380227104180617;0.0;0.4063641696968495;0.2620122648584384;0.2560615493486744;0.4089223308362008;0.5049006830816913;0.0;0.3802209456359548;0.0;0.0;0.0;0.0;0.43110665041913954;0.3174113268860042;0.4219513810853102;0.2560615493486744;0.0;0.0;0.31794249072590264;0.0;0.31639526721930145;0.28019436959695426;0.20918200840426326;0.29513882130469515;0.0;0.0;0.45543689153061423;0.4780981285200308;0.3674872693174387;0.3174113268860042;0.0;0.0;0.0;0.0;0.31196848628961205;0.38667472386509705;0.0;0.286570393352223;0.0;0.0;0.0;0.46518507300592055;0.0;0.31196848628961205;0.6177275224127345;0.4461695714935537;0.2560615493486744;0.5468310335796243;0.35301539389526315;0.2346436367742753;0.0;0.22656154200654188;0.0;0.27377910733942656;0.0;0.0;0.0;0.0;0.33338533752975075;0.0;0.3643069482547476;0.0;0.0;0.0;0.0;0.3474772832698307;0.0;0.24339120699145883;0.0;0.0;0.4044322625183463;0.41497502553728677;0.27820923994701036;0.36743740675657033;0.0;0.3474772832698307;0.0;0.0;0.0;0.0;0.0;0.0;0.25686067886114283
GO:1903249;0.0;0.24811384338379777;0.209731877021625;0.3161760247632925;0.0;0.0;0.26545027460145937;0.19694059100882855;0.0;0.22656154200654188;1.0;0.3391169724206225;0.2598806858647859;0.3391464464058292;0.240511531005056;0.0;0.0;0.2100943531579859;0.0;0.0;0.3567283412294769;0.2199390760738622;0.2631828936628709;0.0;0.0;0.19326468817306902;0.0;0.0;0.3780430088681892;0.3162114882716522;0.0;0.3035129054113635;0.0;0.3049835442205714;0.2788849834145258;0.0;0.2866832404264466;0.0;0.19326468817306902;0.2999280783707455;0.5037054437523001;0.0;0.3526712096220815;0.2860203063236842;0.3254600544160658;0.0;0.0;0.209731877021625;0.1851737485278404;0.2894948054273031;0.0;0.391123527873703;0.0;0.4680267852117631;0.0;0.4530883491443162;0.0;0.0;0.0;0.0;0.2560615493486744;0.3033083921806614;0.0;0.17427935401941208;0.0;0.33990384956716546;0.0;0.2770919213720756;0.24811384338379777;0.22374314557048924;0.38188664524146004;0.298896551436257;0.0;0.2659062722645507;0.0;0.0;0.0;0.0;0.2199390760738622;0.21377025599374544;0.34288587617244537;0.3358415446371646;0.0;0.0;0.39521525475451;0.0;0.28407686344111627;0.2505734185992409;0.18058550093835818;0.2628204175265099;0.0;0.0;0.26939654409412445;0.19694059100882855;0.1578121651708561;0.2767103508497028;0.0;0.0;0.0;0.0;0.29513882130469515;0.27289121433359137;0.0;0.1851737485278404;0.0;0.0;0.0;0.27098998840247623;0.0;0.29513882130469515;0.3037663092728688;0.4148053837202353;0.23923188436375753;0.3413221332077877;0.23923188436375753;0.20232523299609012;0.0;0.39801564613510554;0.0;0.17427935401941208;0.0;0.0;0.0;0.0;0.22374314557048924;0.0;0.24375368312781975;0.0;0.0;0.0;0.0;0.22692401814290286;0.0;0.651222272290769;0.0;0.0;0.19694059100882855;0.3981453605523698;0.24961273248110527;0.5001376393718483;0.0;0.22692401814290286;0.0;0.0;0.0;0.0;0.0;0.0;0.4113335739977435
GO:0007257;0.0;0.6015889316771886;0.5139520214213879;0.7949921933787127;0.0;0.0;0.38650220122931456;0.31655567254483385;0.0;0.5307816864063047;0.3391169724206225;1.0;0.5055921384470295;0.4966085164740484;0.38652642450199587;0.0;0.0;0.35610924665492577;0.0;0.0;0.4011641657054443;0.36595396957080206;0.4219890731726071;0.0;0.0;0.30917348026718633;0.0;0.0;0.5222318257683712;0.4880710180967745;0.0;0.545083040421363;0.0;0.4664872979561486;0.49588412976430274;0.0;0.4444735274138342;0.0;0.3392795816700089;0.5251489268941134;0.3617782094100391;0.0;0.3424703341006592;0.5084175215697351;0.5541500904745242;0.0;0.0;0.5139520214213879;0.29924073570943865;0.3645897744108956;0.0;0.5102720882928248;0.0;0.4679683483295877;0.0;0.49399420655137133;0.0;0.0;0.0;0.0;0.4024791854463403;0.46481214591623865;0.0;0.28375199691617037;0.0;0.7584730825620432;0.0;0.4389982962630098;0.6361586255047347;0.40073563809933477;0.4864597422201349;0.43860722654569734;0.0;0.41285507220211504;0.0;0.0;0.0;0.0;0.43693822242363917;0.33338533752975075;0.42778295308980985;0.3256406691157423;0.0;0.0;0.4416731360332387;0.0;0.4610693559699618;0.4753892571315568;0.4686315686952005;0.43981291005535544;0.0;0.0;0.40166223334478973;0.41897717018018493;0.3506576043325218;0.4490015123296881;0.0;0.0;0.0;0.0;0.4566425750402724;0.41930885043125726;0.0;0.29924073570943865;0.0;0.0;0.0;0.44835540802100365;0.0;0.4566425750402724;0.5412916272374935;0.5551804872118484;0.40073563809933477;0.562805044223371;0.3856495204614234;0.37931772552493564;0.0;0.42132053963883664;0.0;0.28375199691617037;0.0;0.0;0.0;0.0;0.35884696589976284;0.0;0.3897685766247596;0.0;0.0;0.0;0.0;0.3729389116398427;0.0;0.3559466374055394;0.0;0.0;0.3876025975334294;0.5423341774525519;0.3209858051524176;0.4832507337089274;0.0;0.3729389116398427;0.0;0.0;0.0;0.0;0.0;0.0;0.6086447252013906
GO:0042531;0.0;0.5282533754364461;0.5407545759830484;0.5052707831605815;0.0;0.0;0.2842831607560688;0.25694944235450967;0.0;0.5575842409679653;0.2598806858647859;0.5055921384470295;1.0;0.3222595407429083;0.3114314555184034;0.0;0.0;0.2810142776713333;0.0;0.0;0.22839562969076127;0.2908590005872096;0.3355802884206223;0.0;0.0;0.18047340216027258;0.0;0.0;0.3452393332395257;0.40166223334478973;0.0;0.6046892706116871;0.0;0.27548353687843885;0.45359283640937376;0.0;0.2631385824030624;0.0;0.2641846126864164;0.4232514033488603;0.27267197187758235;0.0;0.22656154200654188;0.46612622821480615;0.4179559972434696;0.0;0.0;0.5407545759830484;0.24518259987352153;0.2626922508656424;0.0;0.5102720882928248;0.0;0.3332671491556712;0.0;0.46119053092270784;0.0;0.0;0.0;0.0;0.31607040069435555;0.2738083848385289;0.0;0.2342882053650932;0.0;0.6350790937004862;0.0;0.352589511511025;0.5282533754364461;0.209731877021625;0.4173658943035453;0.43860722654569734;0.0;0.32644628745013027;0.0;0.0;0.0;0.0;0.377331992233315;0.27377910733942656;0.36817672289948566;0.209731877021625;0.0;0.0;0.2799682473879793;0.0;0.270065594892252;0.2388065761182528;0.16969110642992985;0.24880914897764567;0.0;0.0;0.40166223334478973;0.41897717018018493;0.32115759699038926;0.3994109470922334;0.0;0.0;0.0;0.0;0.2656388139625626;0.3329000656792725;0.0;0.24518259987352153;0.0;0.0;0.0;0.40606411466607467;0.0;0.2656388139625626;0.5412916272374935;0.5128891938569196;0.209731877021625;0.48053757704363026;0.29924073570943865;0.18831396444722587;0.0;0.42132053963883664;0.0;0.2342882053650932;0.0;0.0;0.0;0.0;0.28375199691617037;0.0;0.31467360764116714;0.0;0.0;0.0;0.0;0.29784394265625025;0.0;0.28950163686249925;0.0;0.0;0.3506576043325218;0.36534168492370633;0.23871833797267694;0.41680573316588726;0.0;0.29784394265625025;0.0;0.0;0.0;0.0;0.0;0.0;0.5275183901316852
GO:0051092;0.0;0.41019973172206364;0.3334480096655092;0.3855772658537798;0.0;0.0;0.23959436050011845;0.3138179532999968;0.0;0.35027767465042614;0.3391464464058292;0.4966085164740484;0.3222595407429083;1.0;0.40335608948691276;0.0;0.0;0.3729389116398427;0.0;0.0;0.357561951761338;0.382783634555719;0.438818738157524;0.0;0.0;0.25690929733551365;0.0;0.0;0.4145027302186185;0.293006542549582;0.0;0.33908920572782525;0.0;0.3587582024063959;0.4417295418963825;0.0;0.34269794392949565;0.0;0.35610924665492577;0.37636397354598655;0.3564613832412244;0.0;0.29020615116898657;0.4183864074081208;0.3947234513951586;0.0;0.0;0.3334480096655092;0.2810142776713333;0.3218132092054883;0.0;0.39572235060362815;0.0;0.402530546134764;0.0;0.569046299261543;0.0;0.0;0.0;0.0;0.3729389116398427;0.35708305036648597;0.0;0.2810142776713333;0.0;0.5075378322598385;0.0;0.4362605770181727;0.41019973172206364;0.293006542549582;0.4213775472157935;0.2560615493486744;0.0;0.31968093045037527;0.0;0.0;0.0;0.0;0.382783634555719;0.33064761828491374;0.28273593724946766;0.2733764861840696;0.0;0.0;0.3595276089144126;0.0;0.35334026042020905;0.4695576851270571;0.4866356268973048;0.33208381450560276;0.0;0.0;0.22656154200654188;0.24057281055540614;0.2965030164646016;0.4270293967069806;0.0;0.0;0.0;0.0;0.34891347949051965;0.38976857662475967;0.0;0.2965030164646016;0.0;0.0;0.0;0.3206233290160566;0.0;0.34891347949051965;0.35339964988644923;0.5585743206354645;0.293006542549582;0.5460609853573529;0.35610924665492577;0.2715886299751829;0.0;0.30677080194964;0.0;0.2810142776713333;0.0;0.0;0.0;0.0;0.35610924665492577;0.0;0.40659824160967656;0.0;0.0;0.0;0.0;0.38976857662475967;0.0;0.33583130918954873;0.0;0.0;0.3334480096655092;0.4346050819027992;0.30501179450867105;0.6232680876852232;0.0;0.38976857662475967;0.0;0.0;0.0;0.0;0.0;0.0;0.40782487282488356
GO:0045766;0.0;0.27286205847575457;0.3442351311470669;0.28401558389076614;0.0;0.0;0.35865978680923843;0.43526121877348467;0.0;0.3610647961319838;0.240511531005056;0.38652642450199587;0.3114314555184034;0.40335608948691276;1.0;0.0;0.0;0.5015546753094787;0.0;0.0;0.25452279955392026;0.5113993982253551;0.5734356228941629;0.0;0.0;0.34134484997384323;0.0;0.0;0.4088226628516202;0.4009510801641674;0.0;0.3282611205033203;0.0;0.3530781350393976;0.44948548275403605;0.0;0.240511531005056;0.0;0.49849837396607155;0.45545322603029476;0.25452279955392026;0.0;0.4082139758478805;0.42614234826577424;0.40551057287671627;0.0;0.0;0.3442351311470669;0.4120895892140868;0.3202744594107341;0.0;0.32946307965904414;0.0;0.3968504787677657;0.0;0.4403768251996804;0.0;0.0;0.0;0.0;0.3806948524974962;0.35140298299948763;0.0;0.29742018696953915;0.0;0.36465206465912225;0.0;0.5708774617548117;0.27286205847575457;0.28732647518258375;0.4197721244535169;0.25452279955392026;0.0;0.31400086308337694;0.0;0.0;0.0;0.0;0.5251727618668647;0.3437498592965886;0.28119718745471345;0.3857480775802752;0.0;0.0;0.2573411959899729;0.0;0.3476601930532108;0.3246228159928886;0.25239047226412975;0.3264037471386044;0.0;0.0;0.22772024499225957;0.240511531005056;0.43526121877348467;0.3282611205033203;0.0;0.0;0.0;0.0;0.3432334121235214;0.39752451748241313;0.0;0.3114314555184034;0.0;0.0;0.0;0.31725838117917554;0.0;0.3432334121235214;0.3500347020495681;0.4962168057061362;0.28732647518258375;0.3894167240266139;0.49849837396607155;0.2823757514567406;0.0;0.240511531005056;0.0;0.29742018696953915;0.0;0.0;0.0;0.0;0.49849837396607155;0.0;0.5489873689208222;0.0;0.0;0.0;0.0;0.5183843402943957;0.0;0.27135246453883716;0.0;0.0;0.429404526049482;0.42892501453580084;0.32141770380687684;0.39539866430394865;0.0;0.5321577039359053;0.0;0.0;0.0;0.0;0.0;0.0;0.2817050623680853
GO:0000462;0.5297923426836745;0.0;0.0;0.0;0.0;0.3855773354389354;0.0;0.0;0.4610706713493598;0.0;0.0;0.0;0.0;0.0;0.0;1.0;0.0;0.0;0.0;0.0;0.0;0.0;0.0;0.0;0.0;0.0;0.3855773354389354;0.3271838647793925;0.5070735231079719;0.0;0.0;0.0;0.5218645024322699;0.45132899529574927;0.0;0.3855773354389354;0.0;0.0;0.0;0.0;0.0;0.4024070004238523;0.0;0.0;0.0;0.0;0.3782503907723278;0.0;0.0;0.0;0.3855773354389354;0.0;0.5041513053794703;0.0;0.4779003363342767;0.0;0.4024070004238523;0.4610706713493598;0.5765707774623957;0.42908138832464554;0.0;0.5251471791662636;0.4122517233397286;0.0;0.4122517233397286;0.0;0.0;0.0;0.0;0.3855773354389354;0.0;0.0;0.42649180774377443;0.0;0.0;0.71161472920539;0.0;0.3763996259574797;0.0;0.0;0.0;0.0;0.5766966079041411;0.0;0.0;0.0;0.44591105330956243;0.0;0.0;0.4246546073949561;0.0;0.3855773354389354;0.0;0.0;0.0;0.0;0.4610706713493598;0.3855773354389354;0.3855773354389354;0.41923666540876925;0.44148427237987303;0.0;0.3855773354389354;0.0;0.0;0.0;0.0;0.0;0.5214043892199869;0.44148427237987303;0.0;0.0;0.3855773354389354;0.0;0.0;0.3855773354389354;0.40226357067150403;0.0;0.39473298599458473;0.0;0.0;0.28769296280505896;0.4610706713493598;0.4122517233397286;0.0;0.4474940097204903;0.0;0.3855773354389354;0.0;0.24138851853875337;0.2745625766581089;0.0;0.28367981189368235;0.0;0.6403565024718896;0.5101015959355295;0.0;0.5271758747921524;0.0;0.0;0.0;0.0;0.4610706713493598;0.4610706713493598;0.0;0.3855773354389354;0.5308348466478705;0.4673741399481917;0.0
GO:0002479;0.0;0.0;0.0;0.0;0.0;0.0;0.0;0.0;0.0;0.0;0.0;0.0;0.0;0.0;0.0;0.0;1.0;0.0;0.0;0.0;0.0;0.0;0.0;0.0;0.7285846732623418;0.0;0.0;0.0;0.0;0.0;0.0;0.0;0.0;0.0;0.0;0.0;0.0;0.36993346567312124;0.0;0.0;0.0;0.0;0.0;0.0;0.0;0.0;0.0;0.0;0.0;0.0;0.0;0.0;0.0;0.0;0.0;0.0;0.0;0.0;0.0;0.0;0.0;0.0;0.4322119205831734;0.0;0.0;0.0;0.0;0.0;0.0;0.0;0.0;0.0;0.0;0.0;0.0;0.0;0.0;0.0;0.0;0.0;0.0;0.0;0.0;0.0;0.0;0.0;0.0;0.0;0.0;0.0;0.0;0.0;0.0;0.0;0.0;0.0;0.0;0.0;0.0;0.0;0.0;0.0;0.40553753268238024;0.0;0.0;0.0;0.0;0.0;0.0;0.0;0.0;0.0;0.0;0.0;0.0;0.0;0.0;0.0;0.0;0.0;0.40553753268238024;0.37977818858899753;0.0;0.0;0.0;0.0;0.0;0.0;0.0;0.0;0.0;0.0;0.0;0.0;0.0;0.0;0.0;0.0;0.0;0.0;0.0;0.0;0.0;0.0;0.4659306400192474;0.0;0.0;0.0;0.0
GO:0032725;0.0;0.24244488062868447;0.3138179532999968;0.25359840604369605;0.0;0.0;0.32824260896216834;0.5346988954740076;0.0;0.33064761828491374;0.2100943531579859;0.35610924665492577;0.2810142776713333;0.3729389116398427;0.5015546753094787;0.0;0.0;1.0;0.0;0.0;0.22410562170685017;0.6364682523583933;0.5430184450470928;0.0;0.0;0.31092767212677314;0.0;0.0;0.3784054850045501;0.3705339023170973;0.0;0.29784394265625025;0.0;0.3226609571923275;0.41906830490696595;0.0;0.2100943531579859;0.0;0.45430783247749174;0.42503604818322466;0.22410562170685017;0.0;0.2564240254850354;0.3957251704187042;0.37509339502964617;0.0;0.0;0.3138179532999968;0.36789904772550697;0.289857281563664;0.0;0.29904590181197405;0.0;0.36643330092069565;0.0;0.4099596473526103;0.0;0.0;0.0;0.0;0.35027767465042614;0.3209858051524176;0.0;0.26700300912246905;0.0;0.3342348868120522;0.0;0.5404602839077416;0.24244488062868447;0.25690929733551365;0.3893549466064468;0.22410562170685017;0.0;0.2835836852363069;0.0;0.0;0.0;0.0;0.374547053228474;0.31333268144951854;0.2507800096076434;0.31092767212677314;0.0;0.0;0.22692401814290286;0.0;0.3172430152061407;0.2942056381458185;0.2219732944170597;0.2959865692915344;0.0;0.0;0.19730306714518947;0.2100943531579859;0.5346988954740076;0.29784394265625025;0.0;0.0;0.0;0.0;0.3128162342764513;0.3671073396353431;0.0;0.2810142776713333;0.0;0.0;0.0;0.28684120333210544;0.0;0.3128162342764513;0.31961752420249806;0.4657996278590661;0.25690929733551365;0.3589995461795438;0.3334480096655092;0.2519585736096705;0.0;0.2100943531579859;0.0;0.26700300912246905;0.0;0.0;0.0;0.0;0.45430783247749174;0.0;0.5047968274322425;0.0;0.0;0.0;0.0;0.643453194427434;0.0;0.24093528669176711;0.0;0.0;0.38521398456090217;0.3985078366887308;0.2910005259598068;0.3649814864568786;0.0;0.48796716244732563;0.0;0.0;0.0;0.0;0.0;0.0;0.2512878845210152
GO:0001666;0.600863907160148;0.0;0.0;0.0;0.0;0.0;0.0;0.0;0.0;0.0;0.0;0.0;0.0;0.0;0.0;0.0;0.0;0.0;1.0;0.0;0.0;0.0;0.0;0.0;0.0;0.0;0.0;0.0;0.0;0.0;0.40255029006059445;0.0;0.0;0.0;0.0;0.0;0.0;0.4979313203395324;0.0;0.0;0.0;0.0;0.0;0.0;0.0;0.0;0.5029524409437396;0.0;0.0;0.0;0.0;0.0;0.0;0.0;0.0;0.0;0.0;0.0;0.0;0.0;0.0;0.0;0.0;0.0;0.0;0.0;0.0;0.0;0.0;0.0;0.0;0.0;0.0;0.0;0.0;0.0;0.48554524492063805;0.0;0.0;0.0;0.0;0.0;0.0;0.0;0.0;0.4350562499658873;0.0;0.0;0.0;0.0;0.37545001977556314;0.0;0.0;0.0;0.0;0.0;0.0;0.0;0.0;0.0;0.0;0.0;0.0;0.0;0.0;0.0;0.5612529857178625;0.0;0.0;0.0;0.0;0.0;0.0;0.0;0.0;0.0;0.0;0.0;0.0;0.0;0.4679880922554182;0.0;0.0;0.0;0.0;0.0;0.0;0.0;0.0;0.36609056871016515;0.0;0.0;0.0;0.0;0.0;0.0;0.0;0.0;0.0;0.0;0.6318038380104497;0.0;0.0;0.0;0.6207310492473191;0.0;0.0;0.0;0.0
GO:0001701;0.0;0.0;0.0;0.0;0.3936080953148622;0.0;0.0;0.0;0.0;0.0;0.0;0.0;0.0;0.0;0.0;0.0;0.0;0.0;0.0;1.0;0.0;0.0;0.0;0.30218615578242797;0.0;0.0;0.0;0.0;0.0;0.0;0.0;0.0;0.0;0.0;0.0;0.0;0.0;0.0;0.0;0.0;0.0;0.0;0.0;0.0;0.0;0.4034528182307385;0.0;0.0;0.0;0.0;0.0;0.0;0.0;0.0;0.0;0.0;0.31901582076734486;0.0;0.0;0.3456902086681381;0.0;0.0;0.32886054368322115;0.0;0.0;0.0;0.0;0.0;0.0;0.0;0.0;0.0;0.0;0.0;0.30218615578242797;0.0;0.0;0.0;0.0;0.0;0.0;0.0;0.0;0.0;0.0;0.0;0.0;0.0;0.0;0.0;0.0;0.0;0.0;0.0;0.0;0.0;0.0;0.0;0.0;0.0;0.0;0.0;0.0;0.0;0.0;0.30218615578242797;0.0;0.0;0.0;0.0;0.0;0.0;0.0;0.0;0.0;0.0;0.0;0.0;0.0;0.0;0.35910921749356367;0.0;0.0;0.32886054368322115;0.0;0.0;0.0;0.0;0.3787392738590761;0.0;0.0;0.0;0.0;0.0;0.0;0.0;0.0;0.0;0.0;0.0;0.0;0.0;0.0;0.0;0.0;0.0;0.0;0.0;0.0
GO:0051001;0.0;0.33471916516240413;0.19326468817306902;0.37822321804811426;0.0;0.0;0.28093901339472765;0.18047340216027258;0.0;0.2100943531579859;0.3567283412294769;0.4011641657054443;0.22839562969076127;0.357561951761338;0.25452279955392026;0.0;0.0;0.22410562170685017;0.0;0.0;1.0;0.23395034462272646;0.2786716324561392;0.0;0.0;0.20727595672193327;0.0;0.0;0.34426088318423803;0.31788400659563526;0.0;0.26978342316946274;0.0;0.2885163553720154;0.29289625196339003;0.0;0.2669650267334101;0.0;0.20727595672193327;0.3172430152061407;0.3763583975949893;0.0;0.31508361521503975;0.2695531174751282;0.3409487932093341;0.0;0.0;0.19326468817306902;0.1578121651708561;0.2590163480298829;0.0;0.35591657538739824;0.0;0.4274080101808172;0.0;0.38042165762141883;0.0;0.0;0.0;0.0;0.22410562170685017;0.28684120333210544;0.0;0.1578121651708561;0.0;0.42875359741364794;0.0;0.27611347131678793;0.33471916516240413;0.22276469551520156;0.3556756393030112;0.28093901339472765;0.0;0.24943908341599474;0.0;0.0;0.0;0.0;0.23395034462272646;0.19730306714518947;0.30761340129552084;0.29825395023012286;0.0;0.0;0.3735580062143938;0.0;0.2830984133858286;0.50480440485113;0.39836377432484876;0.26184196747122224;0.0;0.0;0.2514390060525951;0.18047340216027258;0.16870655967928444;0.3387575441345246;0.0;0.0;0.0;0.0;0.2786716324561392;0.24093528669176711;0.0;0.16870655967928444;0.0;0.0;0.0;0.25452279955392026;0.0;0.2786716324561392;0.2872991204243128;0.4321203205556305;0.22276469551520156;0.47976752882135887;0.20727595672193327;0.2178139717893584;0.0;0.3567283412294769;0.0;0.1578121651708561;0.0;0.0;0.0;0.0;0.20727595672193327;0.0;0.257764951676684;0.0;0.0;0.0;0.0;0.24093528669176711;0.0;0.3931880625799062;0.0;0.0;0.19326468817306902;0.36436323486841865;0.2613795749620934;0.4233296302767068;0.0;0.24093528669176711;0.0;0.0;0.0;0.0;0.0;0.0;0.5037530579534389
GO:0032729;0.0;0.25228960354456076;0.3236626762158731;0.2634431289595723;0.0;0.0;0.33808733187804463;0.544543618389884;0.0;0.34049234120079;0.2199390760738622;0.36595396957080206;0.2908590005872096;0.382783634555719;0.5113993982253551;0.0;0.0;0.6364682523583933;0.0;0.0;0.23395034462272646;1.0;0.5528631679629691;0.0;0.0;0.3207723950426494;0.0;0.0;0.3882502079204264;0.3803786252329736;0.0;0.30768866557212654;0.0;0.3325056801082038;0.42891302782284224;0.0;0.2199390760738622;0.0;0.464152555393368;0.43488077109910095;0.23395034462272646;0.0;0.2662687484009117;0.40556989333458043;0.38493811794552246;0.0;0.0;0.3236626762158731;0.37774377064138326;0.2997020044795403;0.0;0.30889062472785034;0.0;0.3762780238365719;0.0;0.4198043702684866;0.0;0.0;0.0;0.0;0.36012239756630243;0.3308305280682939;0.0;0.27684773203834534;0.0;0.34407960972792845;0.0;0.5503050068236179;0.25228960354456076;0.26675402025138994;0.39919966952232305;0.23395034462272646;0.0;0.29342840815218313;0.0;0.0;0.0;0.0;0.3843917761443502;0.3231774043653948;0.26062473252351964;0.3207723950426494;0.0;0.0;0.23676874105877915;0.0;0.32708773812201697;0.30405036106169475;0.231818017332936;0.3058312922074106;0.0;0.0;0.20714779006106576;0.2199390760738622;0.544543618389884;0.30768866557212654;0.0;0.0;0.0;0.0;0.3226609571923275;0.3769520625512193;0.0;0.2908590005872096;0.0;0.0;0.0;0.29668592624798173;0.0;0.3226609571923275;0.3294622471183743;0.4756443507749423;0.26675402025138994;0.36884426909542006;0.3432927325813855;0.2618032965255468;0.0;0.2199390760738622;0.0;0.27684773203834534;0.0;0.0;0.0;0.0;0.464152555393368;0.0;0.5146415503481188;0.0;0.0;0.0;0.0;0.6532979173433102;0.0;0.2507800096076434;0.0;0.0;0.39505870747677846;0.4083525596046071;0.30084524887568304;0.37482620937275485;0.0;0.49781188536320187;0.0;0.0;0.0;0.0;0.0;0.0;0.2611326074368915
GO:0034105;0.0;0.29328899506569334;0.3725252816215299;0.306686946548581;0.0;0.0;0.3869499372837015;0.4665825498718519;0.0;0.3893549466064468;0.2631828936628709;0.4219890731726071;0.3355802884206223;0.438818738157524;0.5734356228941629;0.0;0.0;0.5430184450470928;0.0;0.0;0.2786716324561392;0.5528631679629691;1.0;0.0;0.0;0.36731988091818907;0.0;0.0;0.43711281332608326;0.43641372883477864;0.0;0.3524099534055392;0.0;0.38136828551386065;0.48080681385240326;0.0;0.2631828936628709;0.0;0.526188780062176;0.48677455712866197;0.2786716324561392;0.0;0.3128162342764513;0.4574636793641414;0.4338007233511793;0.0;0.0;0.3725252816215299;0.4242912565169229;0.34442329231295304;0.0;0.35213444231685903;0.0;0.4251406292422287;0.0;0.46635185614402624;0.0;0.0;0.0;0.0;0.4120161835958634;0.3796931334739507;0.0;0.32009154962735403;0.0;0.3861034447808693;0.0;0.6218288492186913;0.29328899506569334;0.3156166256570468;0.45109345555188407;0.2786716324561392;0.0;0.3422910135578399;0.0;0.0;0.0;0.0;0.4362855621739112;0.3697248902409344;0.3053460203569323;0.36731988091818907;0.0;0.0;0.2800125586477878;0.0;0.3759503435276738;0.3487716488951075;0.27506183492194464;0.3546938976130674;0.0;0.0;0.24917162511400665;0.2631828936628709;0.4665825498718519;0.3524099534055392;0.0;0.0;0.0;0.0;0.37152356259798436;0.4288458485807803;0.0;0.3355802884206223;0.0;0.0;0.0;0.3432334121235214;0.0;0.37152356259798436;0.3760097329939139;0.5275381368045033;0.3156166256570468;0.4177068745010769;0.3951865186109465;0.31066590193120364;0.0;0.2631828936628709;0.0;0.32009154962735403;0.0;0.0;0.0;0.0;0.526188780062176;0.0;0.5766777750169266;0.0;0.0;0.0;0.0;0.5598481100320097;0.0;0.2955012974410561;0.0;0.0;0.4439213128824353;0.4572151650102639;0.3440890664646917;0.4195474972061675;0.0;0.5598481100320097;0.0;0.0;0.0;0.0;0.0;0.0;0.30213199895802406
GO:0001947;0.0;0.0;0.0;0.0;0.4632046376675269;0.0;0.0;0.0;0.0;0.0;0.0;0.0;0.0;0.0;0.0;0.0;0.0;0.0;0.0;0.30218615578242797;0.0;0.0;0.0;1.0;0.0;0.0;0.0;0.0;0.0;0.0;0.0;0.0;0.0;0.0;0.0;0.0;0.0;0.0;0.0;0.0;0.0;0.0;0.0;0.0;0.0;0.4730493605834032;0.0;0.0;0.0;0.0;0.0;0.0;0.0;0.0;0.0;0.0;0.4632046376675269;0.0;0.0;0.5636711954910334;0.0;0.0;0.4730493605834032;0.0;0.0;0.0;0.0;0.0;0.0;0.0;0.0;0.0;0.0;0.0;0.6102402220227585;0.0;0.0;0.0;0.0;0.0;0.0;0.0;0.0;0.0;0.0;0.0;0.0;0.0;0.0;0.0;0.0;0.0;0.0;0.0;0.0;0.0;0.0;0.0;0.0;0.0;0.0;0.0;0.0;0.0;0.0;0.6199848207793748;0.0;0.0;0.0;0.0;0.0;0.0;0.0;0.0;0.0;0.0;0.0;0.0;0.0;0.0;0.0;0.0;0.0;0.4730493605834032;0.0;0.0;0.0;0.0;0.6199848207793748;0.0;0.0;0.0;0.0;0.0;0.0;0.0;0.0;0.0;0.0;0.0;0.0;0.0;0.0;0.0;0.0;0.0;0.0;0.0;0.0
GO:0019885;0.0;0.0;0.0;0.0;0.0;0.0;0.0;0.0;0.0;0.0;0.0;0.0;0.0;0.0;0.0;0.0;0.7285846732623418;0.0;0.0;0.0;0.0;0.0;0.0;0.0;1.0;0.0;0.0;0.0;0.0;0.0;0.0;0.0;0.0;0.0;0.0;0.0;0.0;0.42449947642241026;0.0;0.0;0.0;0.0;0.0;0.0;0.0;0.0;0.0;0.0;0.0;0.0;0.0;0.0;0.0;0.0;0.0;0.0;0.0;0.0;0.0;0.0;0.0;0.0;0.4939504295286107;0.0;0.0;0.0;0.0;0.0;0.0;0.0;0.0;0.0;0.0;0.0;0.0;0.0;0.0;0.0;0.0;0.0;0.0;0.0;0.0;0.0;0.0;0.0;0.0;0.0;0.0;0.0;0.0;0.0;0.0;0.0;0.0;0.0;0.0;0.0;0.0;0.0;0.0;0.0;0.4672760416278175;0.0;0.0;0.0;0.0;0.0;0.0;0.0;0.0;0.0;0.0;0.0;0.0;0.0;0.0;0.0;0.0;0.0;0.4672760416278175;0.4343441993382865;0.0;0.0;0.0;0.0;0.0;0.0;0.0;0.0;0.0;0.0;0.0;0.0;0.0;0.0;0.0;0.0;0.0;0.0;0.0;0.0;0.0;0.0;0.5246379683407805;0.0;0.0;0.0;0.0
