;GO:0007050;GO:0090656;GO:0007095;GO:0006284;GO:0008584;GO:1902990;GO:0006283;GO:0036297;GO:0051096;GO:0042771;GO:0006287;GO:0045004;GO:0045128;GO:0006119;GO:0001701;GO:0032201;GO:0019724;GO:0034502;GO:0045739;GO:0090502;GO:0007060;GO:0006290;GO:0030183;GO:0000706;GO:0006296;GO:0006293;GO:1900264;GO:0006294;GO:0043111;GO:0006297;GO:0008630;GO:0006298;GO:0030855;GO:0048298;GO:0051257;GO:0045141;GO:0032355;GO:0030890;GO:0016321;GO:0032876;GO:0016567;GO:0032077;GO:1900034;GO:0006260;GO:0006261;GO:0042276;GO:0000712;GO:0045740;GO:0000710;GO:0006303;GO:0006268;GO:0006301;GO:0006302;GO:0043524;GO:0002455;GO:0097421;GO:0006977;GO:0043570;GO:0000083;GO:0000082;GO:0034644;GO:0031297;GO:0070301;GO:0031573;GO:0019985;GO:0070987;GO:0045190;GO:0007281;GO:1902065;GO:0042769;GO:0006271;GO:0006272;GO:0055089;GO:0000724;GO:0045830;GO:0007004;GO:0006311;GO:0048304;GO:0045950;GO:0007129;GO:0000289;GO:0006312;GO:0045910;GO:0043060;GO:0048477;GO:0071548
GO:0007050;1.0;0.17642172383403407;0.4496640382687337;0.16671448797624616;0.0;0.2319512984601938;0.16240171074310106;0.16671448797624616;0.259737271169154;0.3972775385885763;0.20013119288016876;0.1624041800300251;0.3393543025513103;0.11717128233823966;0.0;0.24269196977079216;0.0;0.0;0.2560860647115373;0.19402406800225955;0.34810226605387984;0.16671448797624616;0.22986229323908783;0.23615038573627076;0.20019517774741527;0.3905408855888551;0.2013520868534952;0.2502126410598403;0.27034952225536535;0.20013119288016876;0.4380051080075327;0.16671448797624616;0.31368914380898777;0.13785501623562893;0.33210696812729523;0.23463809799021967;0.0;0.2631767897796796;0.34810226605387984;0.36661484336787614;0.19419308007529054;0.2432557641954393;0.4805989914911477;0.17202348482041138;0.16743877160228085;0.12118466724769872;0.3993138996358198;0.2504597776063291;0.19594147916628055;0.15831175714900683;0.2604495676508825;0.16671448797624616;0.16671448797624616;0.4890428095015374;0.0;0.0;0.36960536698933066;0.17630196983128985;0.4005105833753956;0.3822456555314034;0.23037081832810966;0.19394463781181362;0.1673084309972389;0.5868901737327558;0.12356504518606104;0.12118466724769872;0.1256851539582707;0.2587317616468018;0.0;0.27102289760034687;0.19394451645244098;0.18265366727043045;0.2716554296976305;0.1544214360332363;0.1415263742251195;0.15538219401983047;0.22347661623104986;0.13785501623562893;0.3959784303535334;0.33261699707675735;0.23457944212597298;0.19394475239351253;0.4184396316399111;0.275169305670934;0.2209935787211434;0.0
GO:0090656;0.17642172383403407;1.0;0.10114358145509576;0.739183863847216;0.0;0.7058466335578735;0.7240811045390506;0.739183863847216;0.0;0.14679270636090908;0.8507562283809584;0.7240897998861595;0.0;0.42769000751173086;0.0;0.7323456060855951;0.0;0.0;0.0;0.7365814198964467;0.1822879721576566;0.739183863847216;0.16696795806526857;0.7722929555648259;0.7542218029792385;0.0;0.0;0.3592477484840461;0.48290495820952467;0.8507562283809584;0.15794630127945467;0.739183863847216;0.20718468371049173;0.0;0.35698183004421735;0.23088784138498772;0.0;0.0;0.1822879721576566;0.0;0.49752410601525304;0.0;0.0;0.7575465716404407;0.7417037782549117;0.5707597518035701;0.20030283174738234;0.0;0.6662275333921825;0.709602049718368;0.3096130188433434;0.739183863847216;0.739183863847216;0.0;0.0;0.0;0.08566380788440091;0.8673849295374676;0.13127787643038102;0.19446960174456024;0.16723610965530042;0.8307998650428817;0.13130722110206072;0.12565418965014907;0.5800830516593798;0.5707597518035701;0.5883361643717051;0.18169433192381398;0.0;0.18767122321485832;0.8307994705545201;0.7935750090097815;0.0;0.6956859882800551;0.0;0.6085308957300349;0.7397459038736803;0.0;0.0;0.29941055480618206;0.5121197398302285;0.8308002374997626;0.0;0.1537164271019562;0.16223861677031595;0.0
GO:0007095;0.4496640382687337;0.10114358145509576;1.0;0.2627693261550155;0.0;0.17601944912674058;0.2587354132437827;0.2627693261550155;0.12393504238931452;0.39820533174444656;0.10851376207628835;0.25873774778912983;0.2795068066021918;0.07841161229376929;0.0;0.15159329866971297;0.12381563510008435;0.0;0.15624908683694924;0.10669286001353101;0.16603205997130624;0.2627693261550155;0.11669796860590138;0.13541321015666422;0.10853257056006177;0.19779844099622207;0.13402086004475677;0.12172411068108967;0.1904247843462285;0.10851376207628835;0.4197019791851745;0.2627693261550155;0.13501530024563108;0.10257359069700545;0.16230361578121896;0.13491459301400924;0.12400968228588494;0.15886059133276098;0.16603205997130624;0.29433059482221213;0.10674394661184214;0.15137754227047973;0.21853925354291712;0.09968242756863198;0.0981254982910733;0.2152835690297928;0.17684999475172233;0.1541364694577329;0.2735736483546479;0.2548286097868441;0.124096983916661;0.2627693261550155;0.2627693261550155;0.26056146314020334;0.11678405069123067;0.0;0.5830719683784233;0.10110420937339483;0.2673497505531158;0.21638012630339526;0.19790953189463217;0.10666883712983387;0.23161844942841078;0.7867892913790652;0.21806327536821035;0.2152835690297928;0.08213493100946125;0.12370564640484015;0.1124354415983364;0.33947451256371913;0.10666880041910452;0.1031614781516053;0.1265849621904429;0.2510367430730753;0.10459243398415194;0.10496074584935333;0.13114831074166083;0.10257359069700545;0.23156481298771328;0.162425333656868;0.1583407393380525;0.10666887179032478;0.23906937146894305;0.14739826427994634;0.1143678367983707;0.10863397945645147
GO:0006284;0.16671448797624616;0.739183863847216;0.2627693261550155;1.0;0.0;0.6060937486740419;0.941193620460781;0.9600116330784839;0.0;0.37588478353489607;0.8104453222779927;0.9412044640213151;0.0;0.41425080389982605;0.0;0.6280123375228561;0.1716263601343874;0.0;0.0;0.7024510405480023;0.1719433737534368;0.9600116330784839;0.15824748337916072;0.7389289299034261;0.7184767380748086;0.0;0.0;0.1676337555034743;0.4696455072996312;0.8104453222779927;0.4030301764209295;0.9600116330784839;0.19392418666863853;0.0;0.1666345723650501;0.1302726915362379;0.1719994274975632;0.0;0.1719433737534368;0.0;0.4744562053108117;0.0;0.0;0.7254180035750466;0.7108776449911811;0.7483350917082836;0.18788222098291024;0.0;0.8688122245587179;0.9231227839170916;0.17216741752522036;0.9600116330784839;0.9600116330784839;0.0;0.15840581727098121;0.0;0.22365889260188476;0.7388113946176346;0.1258261671544901;0.18274070409898832;0.2684811158514387;0.7923151664439084;0.29720321966656277;0.3239118188971578;0.7601580960011252;0.7483350917082836;0.5687721675214976;0.1714151007024026;0.15050994821072447;0.47445497794827235;0.7923148076564048;0.7583887134116837;0.0;0.9057268948405948;0.0;0.5250963766456225;0.7090789347637475;0.0;0.0;0.16680643788180435;0.49636844052781587;0.7923155051937469;0.0;0.14629447115327043;0.1539929595250031;0.14377505817248093
GO:0008584;0.0;0.0;0.0;0.0;1.0;0.0;0.0;0.0;0.0;0.0;0.0;0.0;0.0;0.0;0.40284914875063227;0.0;0.0;0.0;0.0;0.0;0.28587878547161755;0.0;0.24991667450366398;0.18790727069299556;0.0;0.0;0.0;0.0;0.0;0.0;0.0;0.0;0.35226497094890796;0.0;0.2714976264605297;0.1866255295962362;0.0;0.0;0.28587878547161755;0.0;0.0;0.0;0.0;0.0;0.0;0.0;0.33282286927250176;0.0;0.15419044406232835;0.0;0.0;0.0;0.0;0.0;0.0;0.5044531077150891;0.0;0.0;0.0;0.0;0.0;0.0;0.0;0.0;0.0;0.0;0.0;0.5789422578344623;0.0;0.0;0.0;0.0;0.0;0.0;0.0;0.0;0.17719879083116258;0.0;0.0;0.27195415987749305;0.0;0.0;0.0;0.2213542111493295;0.4874394249883224;0.0
GO:1902990;0.2319512984601938;0.7058466335578735;0.17601944912674058;0.6060937486740419;0.0;1.0;0.5959024025860945;0.6060937486740419;0.13955225190240575;0.16073803766186393;0.6791211944899394;0.5959082918612294;0.08216038054161513;0.3671654291981485;0.0;0.9685490652639995;0.0;0.0;0.10082503110890162;0.5907399016219835;0.18696261639670225;0.6060937486740419;0.1304433823071254;0.6659181746376513;0.6020327790419271;0.13080284801476563;0.08537574806235178;0.23195609370732176;0.449593813667147;0.6791211944899394;0.1703936931258492;0.6060937486740419;0.15376099963857484;0.06418179842835317;0.27698559336187245;0.2981263783071698;0.0;0.10266641521613595;0.18696261639670225;0.08685955737562398;0.3989632165322356;0.0974050166328718;0.1463309090752255;0.6183843520649279;0.6077868929056064;0.4880150696824835;0.2007935633370301;0.09933950994455473;0.5895720409317788;0.5860610201252958;0.3285507240996032;0.6060937486740419;0.6060937486740419;0.12305028303605108;0.0;0.0;0.15246401738815538;0.7783896848295375;0.21899976739187232;0.2450323071913869;0.13060699073018145;0.6663442852532807;0.10761117094810692;0.2112510591737066;0.4948149644739114;0.4880150696824835;0.5008075710393115;0.13926146824988617;0.0;0.1427458913090764;0.666344031484171;0.6421837465339889;0.24142724500033372;0.5765361815543996;0.06551975318318842;0.7461392870167578;0.6429102035124572;0.06418179842835317;0.10802092583484743;0.3663946483063562;0.47119573999333636;0.6663445248497885;0.1118753155584953;0.16366424367955051;0.12753883939555588;0.0
GO:0006283;0.16240171074310106;0.7240811045390506;0.2587354132437827;0.941193620460781;0.0;0.5959024025860945;1.0;0.941193620460781;0.0;0.36768455219370466;0.7923259067279549;0.9231095915465766;0.0;0.4080621857372561;0.0;0.6170771991174597;0.16705918737114311;0.0;0.0;0.6870852853695562;0.16735953853445928;0.941193620460781;0.1543565398284863;0.7238364798999471;0.7024098956495799;0.0;0.0;0.1632739075410429;0.46350308864677053;0.7923259067279549;0.39361760986242383;0.941193620460781;0.18811327197860764;0.0;0.16232587542294638;0.12762431403109573;0.16741264298307615;0.0;0.16735953853445928;0.0;0.46407132289899233;0.0;0.0;0.7108669886688915;0.6968984878052115;0.7368510671433401;0.18242266205533614;0.0;0.8533709878045128;0.9057100508599679;0.1675717886040014;0.941193620460781;0.941193620460781;0.0;0.15450717959976218;0.0;0.22072973334580337;0.723723696476693;0.1233537798051302;0.17757175489706004;0.26186997966455555;0.7749887020862208;0.29136217855776014;0.3178040554934395;0.7483112032342002;0.7368510671433401;0.5597879859848951;0.16685901548614607;0.146985962407591;0.46146437926305783;0.7749883588191716;0.7424994198582215;0.0;0.8889582898992281;0.0;0.5174297028339487;0.695169738002021;0.0;0.0;0.16248896358974116;0.48910784238889354;0.7749890261823895;0.0;0.1429629355857694;0.15030598428571534;0.14055602029072867
GO:0036297;0.16671448797624616;0.739183863847216;0.2627693261550155;0.9600116330784839;0.0;0.6060937486740419;0.941193620460781;1.0;0.0;0.37588478353489607;0.8104453222779927;0.9412044640213151;0.0;0.41425080389982605;0.0;0.6280123375228561;0.1716263601343874;0.0;0.0;0.7024510405480023;0.1719433737534368;0.9600116330784839;0.15824748337916072;0.7389289299034261;0.7184767380748086;0.0;0.0;0.1676337555034743;0.4696455072996312;0.8104453222779927;0.4030301764209295;0.9600116330784839;0.19392418666863853;0.0;0.1666345723650501;0.1302726915362379;0.1719994274975632;0.0;0.1719433737534368;0.0;0.4744562053108117;0.0;0.0;0.7254180035750466;0.7108776449911811;0.7483350917082836;0.18788222098291024;0.0;0.8688122245587179;0.9231227839170916;0.17216741752522036;0.9600116330784839;0.9600116330784839;0.0;0.15840581727098121;0.0;0.22365889260188476;0.7388113946176346;0.1258261671544901;0.18274070409898832;0.2684811158514387;0.7923151664439084;0.29720321966656277;0.3239118188971578;0.7601580960011252;0.7483350917082836;0.5687721675214976;0.1714151007024026;0.15050994821072447;0.47445497794827235;0.7923148076564048;0.7583887134116837;0.0;0.9057268948405948;0.0;0.5250963766456225;0.7090789347637475;0.0;0.0;0.16680643788180435;0.49636844052781587;0.7923155051937469;0.0;0.14629447115327043;0.1539929595250031;0.14377505817248093
GO:0051096;0.259737271169154;0.0;0.12393504238931452;0.0;0.0;0.13955225190240575;0.0;0.0;1.0;0.20023484852908577;0.0;0.0;0.11525867510605543;0.0;0.0;0.1461838360936272;0.0;0.0;0.15569068229690466;0.0;0.0;0.0;0.0;0.0;0.0;0.24096888172548211;0.28740665154400813;0.0;0.10129848293849025;0.0;0.22157847231453967;0.0;0.0;0.08274336418601527;0.0;0.0;0.0;0.160125447235753;0.0;0.12472470431613;0.0;0.44589305412137714;0.2995226066557561;0.0;0.0;0.0;0.0;0.15217670252743914;0.0;0.0;0.0;0.0;0.0;0.21590908845647755;0.0;0.0;0.10146773673935666;0.0;0.17243645225904292;0.0;0.0;0.0;0.0;0.16286226001650733;0.0;0.0;0.0;0.0;0.0;0.0;0.0;0.0;0.2855768621803409;0.0;0.08498059204769795;0.11624550794295796;0.0;0.08274336418601527;0.173542251171745;0.0;0.11651755703208058;0.0;0.18371066102565947;0.0;0.0;0.0
GO:0042771;0.3972775385885763;0.14679270636090908;0.39820533174444656;0.37588478353489607;0.0;0.16073803766186393;0.36768455219370466;0.37588478353489607;0.20023484852908577;1.0;0.16284486852589047;0.3676892667734101;0.16908478076764374;0.10332066623315159;0.0;0.16713809472989877;0.1999233439746678;0.0;0.21826451796414797;0.15877826766986033;0.20035364188063237;0.37588478353489607;0.1819994475381288;0.14673595320634833;0.16288722989545865;0.30890789402532254;0.17720805513147894;0.19452633970316616;0.18358942924942231;0.16284486852589047;0.9175786168568529;0.37588478353489607;0.2308423526376698;0.12609295106189575;0.19318213968291817;0.1459531803238871;0.20042975361444135;0.22339446237646335;0.20035364188063237;0.18100388556260041;0.158891434699903;0.2088747093292428;0.36266096285903227;0.14373492928050594;0.1405200185184013;0.2857300589885971;0.22233142432658504;0.21416410334682068;0.336485494427014;0.3598446978265319;0.20065790546844542;0.37588478353489607;0.37588478353489607;0.2839226216372004;0.18220890972203252;0.0;0.4217111078526409;0.1467097892077013;0.28856002351913357;0.21516755074305943;0.30884901772028145;0.15872507046558143;0.3316223986994448;0.5010997330097736;0.29064737175629335;0.2857300589885971;0.10988430700917012;0.19963673683337557;0.17183945091676553;0.5554013695160169;0.1587249891808686;0.15108174049027281;0.2072442117894262;0.35232964766205604;0.12915757703473252;0.13747256282255338;0.14012337803860367;0.12609295106189575;0.23861624024896408;0.1934131672675161;0.17340123939435215;0.15872514721069167;0.24986293150672828;0.16636624605770733;0.17639453949354283;0.16311575463658476
GO:0006287;0.20013119288016876;0.8507562283809584;0.10851376207628835;0.8104453222779927;0.0;0.6791211944899394;0.7923259067279549;0.8104453222779927;0.0;0.16284486852589047;1.0;0.7923363184052447;0.0;0.45791601697340484;0.0;0.7067603037703705;0.0;0.0;0.0;0.8173862225384393;0.20771401652769442;0.8104453222779927;0.1880526673302199;0.8504185444646778;0.839166510972805;0.0;0.0;0.2014573808036096;0.5123352386853296;0.9465475294732815;0.17668619200636293;0.8104453222779927;0.24066822510046787;0.0;0.20001604053665145;0.14982060610791084;0.0;0.0;0.20771401652769442;0.0;0.5521437560383416;0.0;0.0;0.832572220831661;0.8134755204291773;0.6123335706084964;0.23143183137589635;0.0;0.7235707553558491;0.7750215378347908;0.20804106440681086;0.8104453222779927;0.8104453222779927;0.0;0.0;0.0;0.09089233825088606;0.8502628697964032;0.14396949486722527;0.2236797202454032;0.18839288838508533;0.9219092461610838;0.14400478851248072;0.13723377379770227;0.6230773270137404;0.6123335706084964;0.6326092280696421;0.20694357146215134;0.0;0.21473265434650188;0.9219087604056371;0.8762963348403275;0.0;0.7584512645434676;0.0;0.5790408896255853;0.8111210030584928;0.0;0.0;0.20026371311127425;0.5474669319682228;0.9219097047879904;0.0;0.17140981281675619;0.18207484861169695;0.0
GO:0045004;0.1624041800300251;0.7240897998861595;0.25873774778912983;0.9412044640213151;0.0;0.5959082918612294;0.9231095915465766;0.9412044640213151;0.0;0.3676892667734101;0.7923363184052447;1.0;0.0;0.40806576877318235;0.0;0.6170835143700116;0.16706180032220258;0.0;0.0;0.6870941191123652;0.16736216088954556;0.9412044640213151;0.1543587705229992;0.7238451693727153;0.7024191278414654;0.0;0.0;0.1632764034225643;0.48968132842223927;0.7923363184052447;0.3936230129455237;0.9412044640213151;0.18811658504605566;0.0;0.1623283424042683;0.12762583898172883;0.16741526700262574;0.0;0.16736216088954556;0.0;0.46407729306547335;0.0;0.0;0.710875369538678;0.6969065425418115;0.7368577133265044;0.1824257777059411;0.0;0.8533799021454436;0.905720092210879;0.16757441761484654;0.9412044640213151;0.9412044640213151;0.0;0.15450941465039392;0.0;0.22073143241734647;0.7237323832417832;0.12335520440759916;0.17757470704928244;0.26187376971534293;0.8187636003156679;0.2913655441819117;0.3178075776635636;0.7483180577601946;0.7368577133265044;0.5597931830535998;0.16686162217918318;0.1469879851540561;0.4614718055205108;0.7749983198255712;0.7425085631981151;0.0;0.8889679632391564;0.0;0.5174341431483023;0.6951777528262558;0.0;0.0;0.16249143553072384;0.48911204740118336;0.7749989872059446;0.0;0.14296484912108282;0.15030809944174217;0.14055786993568617
GO:0045128;0.3393543025513103;0.0;0.2795068066021918;0.0;0.0;0.08216038054161513;0.0;0.0;0.11525867510605543;0.16908478076764374;0.0;0.0;1.0;0.0;0.0;0.08441494613057746;0.0;0.0;0.3492394657922038;0.0;0.0;0.0;0.0;0.0;0.0;0.2208194079946247;0.30183827640735883;0.0;0.4421526057707852;0.0;0.17763016624477787;0.0;0.0;0.25224719517767136;0.0;0.0;0.0;0.1502841143975691;0.0;0.6050444940655562;0.0;0.3389124403038363;0.20263125432719942;0.0;0.0;0.0;0.0;0.34476520414906897;0.0;0.0;0.0;0.0;0.0;0.24413919777771734;0.0;0.0;0.24590393187053386;0.0;0.33978686035311656;0.0;0.0;0.0;0.0;0.26962696955195775;0.0;0.0;0.0;0.0;0.0;0.0;0.0;0.0;0.11754712887552714;0.0;0.2570321141294652;0.07348605079404984;0.0;0.25224719517767136;0.6701528126140239;0.0;0.22133351254677985;0.0;0.6906086560223694;0.0;0.0;0.0
GO:0006119;0.11717128233823966;0.42769000751173086;0.07841161229376929;0.41425080389982605;0.0;0.3671654291981485;0.4080621857372561;0.41425080389982605;0.0;0.10332066623315159;0.45791601697340484;0.40806576877318235;0.0;1.0;0.0;0.3775215107665549;0.0;0.0;0.0;0.4504597891893643;0.11973031407981582;0.41425080389982605;0.11292479216557919;0.4275792672294568;0.4579929945863335;0.0;0.0;0.11762462494352978;0.2989086746168321;0.45791601697340484;0.1087246776319142;0.41425080389982605;0.12999016227438895;0.0;0.11713180124445287;0.09791977872490792;0.0;0.0;0.11973031407981582;0.0;0.3156064317490692;0.0;0.0;0.4216829053808646;0.415276670952591;0.3410706214676561;0.12724720323670752;0.0;0.3836994910588085;0.40206363073141527;0.11983890622803811;0.41425080389982605;0.41425080389982605;0.0;0.0;0.0;0.06877664448940461;0.4275282048804162;0.09538609832097025;0.12486779492023764;0.11304738554219607;0.45036136988873715;0.09540158968993405;0.09238192691123362;0.3453743803645506;0.3410706214676561;0.34915794774700787;0.11947392401975455;0.0;0.12202941258161243;0.45036121948762364;0.4359779662977131;0.0;0.3962368954287593;0.0;0.3274641081189379;0.41447977795331786;0.0;0.0;0.11721669487797516;0.3279598721715021;0.45036151189017437;0.0;0.10670349991917338;0.11074149442612567;0.0
GO:0001701;0.0;0.0;0.0;0.0;0.40284914875063227;0.0;0.0;0.0;0.0;0.0;0.0;0.0;0.0;0.0;1.0;0.0;0.0;0.0;0.0;0.0;0.0;0.0;0.24987643223128855;0.0;0.0;0.0;0.0;0.0;0.0;0.0;0.0;0.0;0.35218502392339196;0.0;0.0;0.0;0.0;0.0;0.0;0.0;0.0;0.0;0.0;0.0;0.0;0.0;0.0;0.0;0.0;0.0;0.0;0.0;0.0;0.0;0.0;0.404523793583262;0.0;0.0;0.0;0.0;0.0;0.0;0.0;0.0;0.0;0.0;0.0;0.38170061283028245;0.0;0.0;0.0;0.0;0.0;0.0;0.0;0.0;0.0;0.0;0.0;0.0;0.0;0.0;0.0;0.0;0.32138147391550753;0.0
GO:0032201;0.24269196977079216;0.7323456060855951;0.15159329866971297;0.6280123375228561;0.0;0.9685490652639995;0.6170771991174597;0.6280123375228561;0.1461838360936272;0.16713809472989877;0.7067603037703705;0.6170835143700116;0.08441494613057746;0.3775215107665549;0.0;1.0;0.0;0.0;0.104241602729608;0.6143177726950035;0.19585100938672764;0.6280123375228561;0.1362195886639587;0.6909105436274138;0.6265394172377926;0.13661164230477382;0.08781284990753187;0.24274755098477746;0.46080005000993735;0.7067603037703705;0.17760300066512813;0.6280123375228561;0.16185088478820722;0.06554940674154433;0.28980635636877294;0.3092682507816701;0.0;0.106211114930622;0.19585100938672764;0.08938335990933234;0.4148955868797357;0.10059007610475637;0.15363925945358084;0.6412176459603451;0.6298303404326862;0.502125829678771;0.21108185695285459;0.10265449100570494;0.6090783350232091;0.6065301723918951;0.34418766732925477;0.6280123375228561;0.6280123375228561;0.12817742378692504;0.0;0.0;0.13080035595640388;0.8075990886612054;0.18995081254576546;0.20621440399386232;0.13639801740310492;0.6929328209100035;0.11151202911570786;0.18299525853069448;0.5093275435066398;0.502125829678771;0.5156790790073986;0.14586479105363137;0.0;0.14969202880226304;0.6929325464850122;0.6668434475935759;0.25319042980499235;0.5963341608506492;0.06694560840324335;0.7667422166124225;0.6661752290841325;0.06554940674154433;0.11195209004717273;0.3833688101897501;0.4842289686360431;0.6929330800088024;0.11609751033634647;0.17043529331160376;0.133055236425497;0.0
GO:0019724;0.0;0.0;0.12381563510008435;0.1716263601343874;0.0;0.0;0.16705918737114311;0.1716263601343874;0.0;0.1999233439746678;0.0;0.16706180032220258;0.0;0.0;0.0;0.0;1.0;0.0;0.0;0.0;0.0;0.1716263601343874;0.23930528804006085;0.0;0.0;0.0;0.0;0.0;0.0;0.0;0.22119708329111426;0.1716263601343874;0.0;0.0;0.0;0.0;0.2722184957668248;0.0;0.0;0.0;0.0;0.0;0.0;0.0;0.0;0.1237592996922543;0.0;0.0;0.15008445512514437;0.1627344040480868;0.0;0.1716263601343874;0.1716263601343874;0.0;0.8834523788599445;0.0;0.10138768433004543;0.0;0.0;0.0;0.2398565029766402;0.0;0.1722558832330309;0.16265612484055023;0.12624293330998368;0.1237592996922543;0.17249669622278752;0.0;0.22204330830290467;0.2842478108746383;0.0;0.0;0.0;0.15862650439628892;0.0;0.0;0.0;0.0;0.0;0.0;0.0;0.0;0.0;0.0;0.0;0.20769052510471067
GO:0034502;0.0;0.0;0.0;0.0;0.0;0.0;0.0;0.0;0.0;0.0;0.0;0.0;0.0;0.0;0.0;0.0;0.0;1.0;0.0;0.0;0.0;0.0;0.0;0.0;0.0;0.0;0.0;0.0;0.0;0.0;0.0;0.0;0.0;0.0;0.0;0.25122141554835664;0.0;0.0;0.0;0.0;0.0;0.0;0.0;0.0;0.0;0.0;0.0;0.0;0.0;0.0;0.0;0.0;0.0;0.0;0.0;0.0;0.0;0.0;0.0;0.0;0.0;0.0;0.0;0.0;0.0;0.0;0.0;0.0;0.0;0.0;0.0;0.0;0.0;0.0;0.0;0.0;0.0;0.0;0.0;0.0;0.0;0.0;0.0;0.29798944364297164;0.0;0.0
GO:0045739;0.2560860647115373;0.0;0.15624908683694924;0.0;0.0;0.10082503110890162;0.0;0.0;0.15569068229690466;0.21826451796414797;0.0;0.0;0.3492394657922038;0.0;0.0;0.104241602729608;0.0;0.0;1.0;0.0;0.0;0.0;0.0;0.0;0.0;0.34087449370332434;0.5996426173306485;0.0;0.3161618788606084;0.0;0.232716263044824;0.0;0.0;0.4879583193792354;0.0;0.0;0.0;0.26149724379596284;0.0;0.3705918868567517;0.0;0.6907205996843162;0.44057787566867274;0.0;0.0;0.0;0.0;0.7055313738888397;0.0;0.0;0.0;0.0;0.0;0.22898140742742976;0.0;0.0;0.18661714305953775;0.0;0.42931230270910636;0.0;0.0;0.0;0.0;0.1901358200719609;0.0;0.0;0.0;0.0;0.0;0.0;0.0;0.0;0.15989558139561624;0.0;0.4986508298550999;0.08806785989450532;0.0;0.4879583193792354;0.4687544018004925;0.0;0.17850371796515793;0.0;0.486996326939137;0.0;0.0;0.0
GO:0090502;0.19402406800225955;0.7365814198964467;0.10669286001353101;0.7024510405480023;0.0;0.5907399016219835;0.6870852853695562;0.7024510405480023;0.0;0.15877826766986033;0.8173862225384393;0.6870941191123652;0.0;0.4504597891893643;0.0;0.6143177726950035;0.0;0.0;0.0;1.0;0.20114293292551713;0.7024510405480023;0.18265051520358194;0.7362958212107831;0.8697492895448533;0.0;0.0;0.1952703000091489;0.447701308915428;0.8173862225384393;0.17190905417106594;0.7024510405480023;0.23189076977170756;0.0;0.19391583441560434;0.14637159366153035;0.0;0.0;0.20114293292551713;0.0;0.48683007287990654;0.0;0.0;0.721194686813253;0.7050192500493513;0.5336185523393508;0.22330379557992905;0.0;0.628640720439678;0.6723965352138799;0.20144960035639944;0.7024510405480023;0.7024510405480023;0.0;0.0;0.0;0.08961131638250967;0.7361641564335003;0.140781752183954;0.21607814051113552;0.1829714534118786;0.7966427546175474;0.14081550001991258;0.13433433172893752;0.5428214512059191;0.5336185523393508;0.5509817652948694;0.20042037845787974;0.0;0.20771749438628934;0.7966423453765287;0.8065258630162185;0.0;0.6583179194618257;0.0;0.5050662379208768;0.7030237427377871;0.0;0.0;0.19414862124908475;0.5383729302093401;0.7966431410032048;0.0;0.16691010089124494;0.17700605633040864;0.0
GO:0007060;0.34810226605387984;0.1822879721576566;0.16603205997130624;0.1719433737534368;0.28587878547161755;0.18696261639670225;0.16735953853445928;0.1719433737534368;0.0;0.20035364188063237;0.20771401652769442;0.16736216088954556;0.0;0.11973031407981582;0.0;0.19585100938672764;0.0;0.0;0.0;0.20114293292551713;1.0;0.1719433737534368;0.23992206902719568;0.36980538871018587;0.20778294276542125;0.0;0.0;0.26217886985137434;0.10132887718645986;0.20771401652769442;0.2217239496710092;0.1719433737534368;0.33272792341642726;0.0;0.5271904777137476;0.36735899794726035;0.0;0.0;0.9126290724294045;0.0;0.20132458064680767;0.0;0.0;0.1775962653294028;0.17271390818577348;0.12392405596049111;0.6400120117811475;0.0;0.3051126744835803;0.1630193924146482;0.27344039094088424;0.1719433737534368;0.1719433737534368;0.0;0.0;0.0;0.13592423817286065;0.1821601246867857;0.23104113831277698;0.40324080505233334;0.24047613229696072;0.20105756840103828;0.17257522888392718;0.21820684764576634;0.12641437325431065;0.12392405596049111;0.12863426426159302;0.45961446120666294;0.0;0.2851184354301282;0.20105743797670927;0.1889490700757295;0.0;0.15889727448424884;0.0;0.11628553531765269;0.3493354910712461;0.0;0.0;0.5280385253247327;0.11655777201035394;0.2010576915414397;0.0;0.4332873795520265;0.38975991454142955;0.0
GO:0006290;0.16671448797624616;0.739183863847216;0.2627693261550155;0.9600116330784839;0.0;0.6060937486740419;0.941193620460781;0.9600116330784839;0.0;0.37588478353489607;0.8104453222779927;0.9412044640213151;0.0;0.41425080389982605;0.0;0.6280123375228561;0.1716263601343874;0.0;0.0;0.7024510405480023;0.1719433737534368;1.0;0.15824748337916072;0.7389289299034261;0.7184767380748086;0.0;0.0;0.1676337555034743;0.4696455072996312;0.8104453222779927;0.4030301764209295;0.9600116330784839;0.19392418666863853;0.0;0.1666345723650501;0.1302726915362379;0.1719994274975632;0.0;0.1719433737534368;0.0;0.4744562053108117;0.0;0.0;0.7254180035750466;0.7108776449911811;0.7483350917082836;0.18788222098291024;0.0;0.8688122245587179;0.9231227839170916;0.17216741752522036;0.9600116330784839;0.9600116330784839;0.0;0.15840581727098121;0.0;0.22365889260188476;0.7388113946176346;0.1258261671544901;0.18274070409898832;0.2684811158514387;0.7923151664439084;0.29720321966656277;0.3239118188971578;0.7601580960011252;0.7483350917082836;0.5687721675214976;0.1714151007024026;0.15050994821072447;0.47445497794827235;0.7923148076564048;0.7583887134116837;0.0;0.9057268948405948;0.0;0.5250963766456225;0.7090789347637475;0.0;0.0;0.16680643788180435;0.49636844052781587;0.7923155051937469;0.0;0.14629447115327043;0.1539929595250031;0.14377505817248093
GO:0030183;0.22986229323908783;0.16696795806526857;0.11669796860590138;0.15824748337916072;0.24991667450366398;0.1304433823071254;0.1543565398284863;0.15824748337916072;0.0;0.1819994475381288;0.1880526673302199;0.1543587705229992;0.0;0.11292479216557919;0.24987643223128855;0.1362195886639587;0.23930528804006085;0.0;0.0;0.18265051520358194;0.23992206902719568;0.15824748337916072;1.0;0.1668945363972554;0.1881091608092847;0.0;0.0;0.23161350520417873;0.09641153702558311;0.1880526673302199;0.19946303318573028;0.15824748337916072;0.5759745574081534;0.0;0.22971039890920436;0.16588265695188362;0.0;0.0;0.23992206902719568;0.0;0.18280028565687467;0.0;0.0;0.1630231893499366;0.15889992219639024;0.11664792271610411;0.27213585276332436;0.0;0.139752242226753;0.15065715585894118;0.24035851065675148;0.15824748337916072;0.15824748337916072;0.0;0.2143599130023518;0.2507811775137897;0.09656484175578596;0.16686069060819023;0.15873962398569355;0.2614798511380209;0.21451105220480166;0.1825801226666699;0.15878253187697744;0.1505900620113487;0.11885178952294917;0.11664792271610411;0.3241935250169759;0.4046261587710777;0.0;0.2493353943266811;0.1825800151131138;0.1725393583213936;0.0;0.14712975377656815;0.0;0.10985546981145611;0.15839292250561934;0.0;0.0;0.2300371292184703;0.11009840052269494;0.18258022421357176;0.0;0.19276438866402593;0.34951670046928657;0.0
GO:0000706;0.23615038573627076;0.7722929555648259;0.13541321015666422;0.7389289299034261;0.18790727069299556;0.6659181746376513;0.7238364798999471;0.7389289299034261;0.0;0.14673595320634833;0.8504185444646778;0.7238451693727153;0.0;0.4275792672294568;0.0;0.6909105436274138;0.0;0.0;0.0;0.7362958212107831;0.36980538871018587;0.7389289299034261;0.1668945363972554;1.0;0.7539223636660858;0.0;0.0;0.17736856168216056;0.4827961409031735;0.8504185444646778;0.15788059797473528;0.7389289299034261;0.20707164497998345;0.0;0.3577286647669079;0.2761896843704617;0.0;0.0;0.36980538871018587;0.0;0.497331070886941;0.0;0.0;0.7572788165956078;0.7414471034852722;0.570607744827636;0.4063326373217973;0.0;0.7875007282212468;0.7093671089278291;0.1824520531655085;0.7389289299034261;0.7389289299034261;0.0;0.0;0.0;0.11469323180944743;0.7718863813892757;0.17574370475822504;0.2602961119129659;0.16716245201861168;0.8304778345626859;0.13126180854199807;0.16821768076931531;0.5799260387711015;0.570607744827636;0.588174652531227;0.2478134458226391;0.0;0.18757846985190957;0.8304774403800841;0.793281184748401;0.0;0.6954601705509023;0.0;0.5415902468239455;0.8743716316149884;0.0;0.0;0.3581189373986044;0.5119900360762935;0.8304782067308829;0.0;0.3118661094568441;0.2212890757140873;0.0
GO:0006296;0.20019517774741527;0.7542218029792385;0.10853257056006177;0.7184767380748086;0.0;0.6020327790419271;0.7024098956495799;0.7184767380748086;0.0;0.16288722989545865;0.839166510972805;0.7024191278414654;0.0;0.4579929945863335;0.0;0.6265394172377926;0.0;0.0;0.0;0.8697492895448533;0.20778294276542125;0.7184767380748086;0.1881091608092847;0.7539223636660858;1.0;0.0;0.0;0.20152221662122707;0.454157600263295;0.839166510972805;0.17673606169550524;0.7184767380748086;0.24076076165834545;0.0;0.20007995178154991;0.14985646161762803;0.0;0.0;0.20778294276542125;0.0;0.4994781543988957;0.0;0.0;0.738097318004914;0.7211636905011807;0.5428160949031658;0.23151740020832193;0.0;0.6414448482410703;0.6870659249410928;0.20811020790169338;0.7184767380748086;0.7184767380748086;0.0;0.0;0.0;0.09090553376982535;0.7537843200489981;0.14400260414473784;0.22375965161697162;0.18844958649357907;0.8173176176317357;0.14403791402711025;0.1372638571397608;0.5523418049642683;0.5428160949031658;0.5607930992112636;0.20701198724670117;0.0;0.21480631812994133;0.8173171868734391;0.7768695145482645;0.0;0.6723730255632036;0.0;0.5132982556354777;0.7190758807092021;0.0;0.0;0.20032778275744897;0.5143581174139535;0.817318024332981;0.0;0.17145674806727068;0.18212780704065865;0.0
GO:0006293;0.3905408855888551;0.0;0.19779844099622207;0.0;0.0;0.13080284801476563;0.0;0.0;0.24096888172548211;0.30890789402532254;0.0;0.0;0.2208194079946247;0.0;0.0;0.13661164230477382;0.0;0.0;0.34087449370332434;0.0;0.0;0.0;0.0;0.0;0.0;1.0;0.27053048042075695;0.0;0.16334375839271753;0.0;0.3386739442029923;0.0;0.0;0.18725381042871345;0.0;0.0;0.0;0.349892014521739;0.0;0.19898763590325558;0.0;0.3245024918194677;0.4428519695269276;0.0;0.0;0.0;0.0;0.33370389793624067;0.0;0.0;0.0;0.0;0.0;0.3308211906390839;0.0;0.0;0.2276630104814537;0.0;0.26929649399915606;0.0;0.0;0.0;0.0;0.25542703090438396;0.0;0.0;0.0;0.0;0.0;0.0;0.0;0.0;0.25119297851723055;0.0;0.19211864940979795;0.11011030998105749;0.0;0.18725381042871345;0.27089081704052215;0.0;0.1493255832384561;0.0;0.2854786528097592;0.0;0.0;0.0
GO:1900264;0.2013520868534952;0.0;0.13402086004475677;0.0;0.0;0.08537574806235178;0.0;0.0;0.28740665154400813;0.17720805513147894;0.0;0.0;0.30183827640735883;0.0;0.0;0.08781284990753187;0.0;0.0;0.5996426173306485;0.0;0.0;0.0;0.0;0.0;0.0;0.27053048042075695;1.0;0.0;0.4110136738742006;0.0;0.18661709482533528;0.0;0.0;0.3954956716443787;0.0;0.0;0.0;0.2180101602823721;0.0;0.47166595257377325;0.0;0.7015136972291682;0.2144098728366494;0.0;0.0;0.0;0.0;0.8233231668661842;0.0;0.0;0.0;0.0;0.0;0.18420771043967343;0.0;0.0;0.16336200022523145;0.0;0.4802521446887235;0.0;0.0;0.0;0.0;0.15820567260062762;0.0;0.0;0.0;0.0;0.0;0.0;0.0;0.0;0.12424154208467596;0.0;0.40320868408051536;0.0760477304707383;0.0;0.3954956716443787;0.38714958896125234;0.0;0.15410298703419262;0.0;0.39950921198962297;0.0;0.0;0.0
GO:0006294;0.2502126410598403;0.3592477484840461;0.12172411068108967;0.1676337555034743;0.0;0.23195609370732176;0.1632739075410429;0.1676337555034743;0.0;0.19452633970316616;0.2014573808036096;0.1632764034225643;0.0;0.11762462494352978;0.0;0.24274755098477746;0.0;0.0;0.0;0.1952703000091489;0.26217886985137434;0.1676337555034743;0.23161350520417873;0.17736856168216056;0.20152221662122707;0.0;0.0;1.0;0.09981661205557528;0.2014573808036096;0.2146093078121516;0.1676337555034743;0.3169596164700141;0.0;0.506187206601075;0.29890413345311956;0.0;0.0;0.26217886985137434;0.0;0.195441491168711;0.0;0.0;0.17300240432480965;0.1683660661269653;0.12166966204294037;0.30113179524256983;0.0;0.1470222821996863;0.1591404639263453;0.4455761325484227;0.1676337555034743;0.1676337555034743;0.0;0.0;0.0;0.09998094611471431;0.3007770297694486;0.16818611095378322;0.2881382456636723;0.2321298169348582;0.1951898463804376;0.16823427841092442;0.15906560328939445;0.12406931983444602;0.12166966204294037;0.1262069181190334;0.2609526078725652;0.0;0.27346075384383456;0.19518972345770333;0.18375769768740335;0.0;0.15520981288432892;0.0;0.19386582850299097;0.16779696831941038;0.0;0.0;0.4247470087437964;0.11456126463173211;0.19518996243818848;0.0;0.20687443655643253;0.22261178885257546;0.0
GO:0043111;0.27034952225536535;0.48290495820952467;0.1904247843462285;0.4696455072996312;0.0;0.449593813667147;0.46350308864677053;0.4696455072996312;0.10129848293849025;0.18358942924942231;0.5123352386853296;0.48968132842223927;0.4421526057707852;0.2989086746168321;0.0;0.46080005000993735;0.0;0.0;0.3161618788606084;0.447701308915428;0.10132887718645986;0.4696455072996312;0.09641153702558311;0.4827961409031735;0.454157600263295;0.16334375839271753;0.4110136738742006;0.09981661205557528;1.0;0.5123352386853296;0.19183242338258952;0.4696455072996312;0.1085818633297837;0.21826119364191604;0.09946149109930773;0.08525735955054937;0.0;0.13584678814327006;0.10132887718645986;0.7332975238521193;0.30232161262934054;0.30767465515535775;0.17723445913757493;0.47699158981609896;0.47066147908653877;0.3954956482969692;0.10666131685170058;0.43903796245002197;0.43909512069990525;0.45752712949373564;0.10140664432301848;0.4696455072996312;0.4696455072996312;0.21719212460294157;0.0;0.0;0.1692363155984465;0.4827459627753812;0.4444356996455883;0.10498443622001254;0.09650088351242375;0.5335492460789382;0.08334196646455794;0.2201824290919874;0.3999498863302308;0.3954956482969692;0.4038559027739783;0.10114518006262545;0.0;0.10297073667088096;0.5050295749559472;0.49102830060267744;0.10306191050172704;0.45170131799222324;0.22212592432034675;0.4059604696028245;0.46987232776632665;0.21826119364191604;0.5498440056537914;0.09952269624383484;0.5207364624221246;0.5050298583595725;0.5649041706569534;0.09183988690793866;0.09481557709074247;0.0
GO:0006297;0.20013119288016876;0.8507562283809584;0.10851376207628835;0.8104453222779927;0.0;0.6791211944899394;0.7923259067279549;0.8104453222779927;0.0;0.16284486852589047;0.9465475294732815;0.7923363184052447;0.0;0.45791601697340484;0.0;0.7067603037703705;0.0;0.0;0.0;0.8173862225384393;0.20771401652769442;0.8104453222779927;0.1880526673302199;0.8504185444646778;0.839166510972805;0.0;0.0;0.2014573808036096;0.5123352386853296;1.0;0.17668619200636293;0.8104453222779927;0.24066822510046787;0.0;0.20001604053665145;0.14982060610791084;0.0;0.0;0.20771401652769442;0.0;0.5521437560383416;0.0;0.0;0.832572220831661;0.8134755204291773;0.6123335706084964;0.23143183137589635;0.0;0.7235707553558491;0.7750215378347908;0.20804106440681086;0.8104453222779927;0.8104453222779927;0.0;0.0;0.0;0.09089233825088606;0.8502628697964032;0.14396949486722527;0.2236797202454032;0.18839288838508533;0.9219092461610838;0.14400478851248072;0.13723377379770227;0.6230773270137404;0.6123335706084964;0.6326092280696421;0.20694357146215134;0.0;0.21473265434650188;0.9219087604056371;0.8762963348403275;0.0;0.7584512645434676;0.0;0.5790408896255853;0.8111210030584928;0.0;0.0;0.20026371311127425;0.5474669319682228;0.9219097047879904;0.0;0.17140981281675619;0.18207484861169695;0.0
GO:0008630;0.4380051080075327;0.15794630127945467;0.4197019791851745;0.4030301764209295;0.0;0.1703936931258492;0.39361760986242383;0.4030301764209295;0.22157847231453967;0.9175786168568529;0.17668619200636293;0.3936230129455237;0.17763016624477787;0.1087246776319142;0.0;0.17760300066512813;0.22119708329111426;0.0;0.232716263044824;0.17190905417106594;0.2217239496710092;0.4030301764209295;0.19946303318573028;0.15788059797473528;0.17673606169550524;0.3386739442029923;0.18661709482533528;0.2146093078121516;0.19183242338258952;0.17668619200636293;1.0;0.4030301764209295;0.2596796337883254;0.13078496223448027;0.2129743955214935;0.15697477298452903;0.22181716770589477;0.23855711534410923;0.2217239496710092;0.19083150642895844;0.17204172055770892;0.22207217115289934;0.40438713637086177;0.15441179342305963;0.15070768017222327;0.3011484997609683;0.24895886154545477;0.2280606692362764;0.3580750779234002;0.38464634591481905;0.2220966425251805;0.4030301764209295;0.4030301764209295;0.30887382650807527;0.19971464920598478;0.0;0.41041319068366405;0.15785030913155557;0.3094605261342594;0.24001080599256405;0.338541209512932;0.17184669617373463;0.35564808215684623;0.5356225027561913;0.3066159001320338;0.3011484997609683;0.11601710452351499;0.22084628898175424;0.1873247255146862;0.6167837444350615;0.17184660089407996;0.16292292380324166;0.23019392117984713;0.37607201549960445;0.13408488998220203;0.14447447631358187;0.15025153556805862;0.13078496223448027;0.2559959925490592;0.21325522189868518;0.1822519359157157;0.17184678613220222;0.2689852579032135;0.18083925593296843;0.1927507274459923;0.17700512923230213
GO:0006298;0.16671448797624616;0.739183863847216;0.2627693261550155;0.9600116330784839;0.0;0.6060937486740419;0.941193620460781;0.9600116330784839;0.0;0.37588478353489607;0.8104453222779927;0.9412044640213151;0.0;0.41425080389982605;0.0;0.6280123375228561;0.1716263601343874;0.0;0.0;0.7024510405480023;0.1719433737534368;0.9600116330784839;0.15824748337916072;0.7389289299034261;0.7184767380748086;0.0;0.0;0.1676337555034743;0.4696455072996312;0.8104453222779927;0.4030301764209295;1.0;0.19392418666863853;0.0;0.1666345723650501;0.1302726915362379;0.1719994274975632;0.0;0.1719433737534368;0.0;0.4744562053108117;0.0;0.0;0.7254180035750466;0.7108776449911811;0.7483350917082836;0.18788222098291024;0.0;0.9050017672938862;0.9231227839170916;0.17216741752522036;0.9600116330784839;0.9600116330784839;0.0;0.15840581727098121;0.0;0.22365889260188476;0.7388113946176346;0.1258261671544901;0.18274070409898832;0.2684811158514387;0.7923151664439084;0.29720321966656277;0.3239118188971578;0.7601580960011252;0.7483350917082836;0.5687721675214976;0.1714151007024026;0.15050994821072447;0.47445497794827235;0.7923148076564048;0.7583887134116837;0.0;0.9057268948405948;0.0;0.5250963766456225;0.7090789347637475;0.0;0.0;0.16680643788180435;0.49636844052781587;0.7923155051937469;0.0;0.14629447115327043;0.1539929595250031;0.14377505817248093
