;GO:0007050;GO:0090656;GO:0007095;GO:0006284;GO:0008584;GO:1902990;GO:0006283;GO:0036297;GO:0051096;GO:0042771;GO:0006287;GO:0045004;GO:0045128;GO:0006119;GO:0001701;GO:0032201;GO:0019724;GO:0034502;GO:0045739;GO:0090502;GO:0007060;GO:0006290;GO:0030183;GO:0000706;GO:0006296;GO:0006293;GO:1900264;GO:0006294;GO:0043111;GO:0006297;GO:0008630;GO:0006298;GO:0030855;GO:0048298;GO:0051257;GO:0045141;GO:0032355;GO:0030890;GO:0016321;GO:0032876;GO:0016567;GO:0032077;GO:1900034;GO:0006260;GO:0006261;GO:0042276;GO:0000712;GO:0045740;GO:0000710;GO:0006303;GO:0006268;GO:0006301;GO:0006302;GO:0043524;GO:0002455;GO:0097421;GO:0006977;GO:0043570;GO:0000083;GO:0000082;GO:0034644;GO:0031297;GO:0070301;GO:0031573;GO:0019985;GO:0070987;GO:0045190;GO:0007281;GO:1902065;GO:0042769;GO:0006271;GO:0006272;GO:0055089;GO:0000724;GO:0045830;GO:0007004;GO:0006311;GO:0048304;GO:0045950;GO:0007129;GO:0000289;GO:0006312;GO:0045910;GO:0043060;GO:0048477;GO:0071548
GO:0007050;1.0;0.16832897218125373;0.49793943375425614;0.16034123994111563;0.0;0.23590176429489634;0.15687937499972288;0.16035102202058243;0.25782918467756244;0.4547763490889335;0.188588736228932;0.15703668303900314;0.3667622252835135;0.1197684090253091;0.0;0.24493065053830074;0.0;0.0;0.28016171781713006;0.18446651477998316;0.3474552004389235;0.1604108248105892;0.2364115694576856;0.2201610206673448;0.1903223583935707;0.426707190875909;0.22394381649257078;0.25183130939231635;0.29403149051070177;0.188526485097229;0.4932908952066904;0.16037095965885437;0.30971043840950724;0.16165915527203456;0.3270133247412615;0.23849376046376977;0.0;0.30205923896070563;0.3474552004389235;0.38455680745684717;0.18443336554854567;0.26888449689312705;0.5161714216800849;0.16306510178338035;0.15955169153102158;0.11896184322498568;0.39048849484391596;0.2706094968763586;0.18630125997247918;0.1535938932081701;0.2636324106806545;0.160346410251562;0.16028108269387972;0.5301547243169072;0.0;0.0;0.4122119686819204;0.16815254225057114;0.42439967418425945;0.3747904345260264;0.23816008722561408;0.18382383079040507;0.1765936521478336;0.6304538566750003;0.12089373606346816;0.11896278373760018;0.12792218757837934;0.26227524224872617;0.0;0.27221349757170343;0.18389142948435608;0.17443542779237217;0.2697035261475648;0.1503388299961789;0.1654396922857783;0.1644932902154363;0.21037813237015082;0.16164062429584586;0.42311241737389904;0.32685480160089914;0.25344629910262056;0.1837166772678075;0.4425254298576097;0.27872117639022265;0.2289493522891664;0.0
GO:0090656;0.16832897218125373;1.0;0.1038156395465948;0.769292115795216;0.0;0.7412742842065437;0.756226725317095;0.7693288607385015;0.0;0.14369149211116258;0.8714928832736185;0.7568230879263272;0.0;0.4722349440426543;0.0;0.7641525945341253;0.0;0.0;0.0;0.7657754853057587;0.18350771779036407;0.769553479967051;0.1678134138008762;0.806278173143982;0.7840657898153495;0.0;0.0;0.3522350796396237;0.5046322316930217;0.87127593372451;0.15264863456101369;0.7694037505322168;0.20169788577069672;0.0;0.3533559225239726;0.23726993498422547;0.0;0.0;0.18350771779036407;0.0;0.5311398260310012;0.0;0.0;0.7794864465548546;0.7663230805115196;0.60463042537934;0.19843734847704053;0.0;0.7070136216860753;0.7437127137800883;0.3071676741193085;0.769311537427484;0.7690661225436547;0.0;0.0;0.0;0.08868299119985514;0.8890322487805908;0.12463814622131739;0.19312382859445557;0.16869254746782503;0.8547843929641327;0.13528494530945923;0.12545070254096655;0.6127517366327229;0.6046343900646615;0.6419231607294962;0.1804443060069039;0.0;0.18509349867640093;0.8550228935167806;0.821244302586639;0.0;0.7312032784542911;0.0;0.6393933992277303;0.7783191168870812;0.0;0.0;0.29843505565227274;0.5450974793754291;0.8544062490486156;0.0;0.1570647691341471;0.16401869359979693;0.0
GO:0007095;0.49793943375425614;0.1038156395465948;1.0;0.2595498015978734;0.0;0.18360051221700047;0.25600116733336586;0.2595597481330792;0.13023003509245387;0.44334544328145187;0.11118207376909578;0.2561636634503787;0.30269636959259527;0.08304848249033749;0.0;0.16192300850893387;0.11584103027975817;0.0;0.18069266786817403;0.10973635661811537;0.17439706294634674;0.259620546513121;0.12623674924974784;0.1351697907567377;0.11178235798888858;0.2321036885681206;0.1555137986573472;0.13050359433054254;0.21708070936578414;0.11116043442285255;0.464610849024215;0.25958001956462723;0.14449751016535942;0.12268815256340078;0.16909166642176462;0.14186501088091832;0.1151785860069951;0.18955546650849092;0.17439706294634674;0.31281299760529524;0.10972462464468484;0.1759336538230976;0.2562635473098815;0.1017891262363955;0.1004089321562824;0.21300762884986782;0.18460853811716962;0.17667052798387076;0.26994555496479616;0.2525798024569613;0.1336028120454944;0.25955505888749597;0.25948862306824433;0.30057464190286154;0.10976750996718831;0.0;0.6082311418455395;0.1037485036830093;0.29621627442729115;0.2211801450262116;0.21134057702231174;0.10950859692039613;0.24454326920938163;0.8058180309202532;0.21539935063189494;0.2130087989905697;0.08688879187980976;0.13325337297484754;0.10520437913189794;0.34987268982622205;0.10953258340201717;0.10610650957509105;0.13319200155567676;0.24913747991606222;0.12485344537411622;0.11643394496831273;0.13141781559175186;0.12267747886461072;0.262870334349406;0.16904927208376394;0.1796110176775371;0.10947056032700937;0.2702355067815366;0.1551882317815563;0.12407732505491888;0.10181366112378565
GO:0006284;0.16034123994111563;0.769292115795216;0.2595498015978734;1.0;0.0;0.644912646906445;0.9512309101197707;0.9671212270355894;0.0;0.35517694247320686;0.8362945142418357;0.9519546022600953;0.0;0.4587635997401931;0.0;0.6641784461887249;0.1497632615564949;0.0;0.0;0.7353390805674604;0.17405492703499917;0.9673934769937915;0.1598733823206826;0.7760592335223553;0.7521883558320273;0.0;0.0;0.16677922555238034;0.4926264036484533;0.8360947333605833;0.37636023999775126;0.9672119979170145;0.19033621591157787;0.0;0.1672836576122846;0.13431820935980152;0.14865788958453754;0.0;0.17405492703499917;0.0;0.5100319792649181;0.0;0.0;0.7512072048320788;0.7389741346827774;0.7659534580783559;0.18743001930407532;0.0;0.8913713877362314;0.9360357470832851;0.17187449797582074;0.9671002300627825;0.9668027677196562;0.0;0.13976535473156426;0.0;0.2226841879662379;0.7686906196125411;0.12020420402692664;0.1826825810922593;0.26793468164751333;0.8208965098434546;0.2975592334104395;0.31170337218584937;0.7759459337969785;0.7659583380922823;0.6226209857874414;0.17129661768593984;0.13245045660970425;0.452199743649951;0.8211164721353129;0.7899148993493391;0.0;0.920828410206067;0.0;0.5586672075006353;0.7501229796944201;0.0;0.0;0.16723002685821597;0.5304391239079751;0.8205477484661674;0.0;0.15008815677007614;0.15642556976266309;0.1271205332247236
GO:0008584;0.0;0.0;0.0;0.0;1.0;0.0;0.0;0.0;0.0;0.0;0.0;0.0;0.0;0.0;0.40458844750278516;0.0;0.0;0.0;0.0;0.0;0.26160577305835614;0.0;0.236836299270241;0.1534773948448757;0.0;0.0;0.0;0.0;0.0;0.0;0.0;0.0;0.32938992183550575;0.0;0.24308969527427265;0.16805126050938246;0.0;0.0;0.26160577305835614;0.0;0.0;0.0;0.0;0.0;0.0;0.0;0.302184205537563;0.0;0.1273622993575103;0.0;0.0;0.0;0.0;0.0;0.0;0.5123050946100242;0.0;0.0;0.0;0.0;0.0;0.0;0.0;0.0;0.0;0.0;0.0;0.5571339479886047;0.0;0.0;0.0;0.0;0.0;0.0;0.0;0.0;0.14582694601412557;0.0;0.0;0.24294794276031176;0.0;0.0;0.0;0.20115950253704765;0.47358009885011576;0.0
GO:1902990;0.23590176429489634;0.7412742842065437;0.18360051221700047;0.644912646906445;0.0;1.0;0.6357052726174117;0.6449384703081891;0.13812400690810975;0.17317327198906;0.7152269712034233;0.6361266424223858;0.08208336949703428;0.409772138611909;0.0;0.9736666038034586;0.0;0.0;0.09742182958928249;0.6303386709433307;0.1850402088904007;0.6450963182583417;0.13341692805313124;0.7027331145723164;0.6426792402320756;0.12668146509054956;0.08334988968616658;0.2344092654940061;0.48240631805027256;0.7150808415969702;0.1819175338173538;0.6449910996956463;0.15398327692168312;0.06525269991926737;0.2755366926156854;0.2972248006356285;0.0;0.10241504109798312;0.1850402088904007;0.08492898347487655;0.43721175013528435;0.09474928083459068;0.1406819425865612;0.6520616988968899;0.6428247662755631;0.5250434873898362;0.19657731945312712;0.09516269834544112;0.6292425991306333;0.6268387973687239;0.32426988405309065;0.6449262959801327;0.6447538158871561;0.11995192529024688;0.0;0.0;0.16004706314885703;0.805101338259507;0.21450750216244177;0.23522386640365306;0.13397201032097453;0.7039343995706363;0.11200582591803139;0.21567997501352185;0.5311567006670957;0.525046477029902;0.5529382795032982;0.14127930115421988;0.0;0.14411347393416946;0.7040961402320097;0.6810292450726042;0.23228718096589623;0.6179285755004205;0.06643790579269142;0.7649351020355571;0.6823432434976295;0.06524686047553643;0.10421689069365415;0.35754215002444045;0.5151922735200484;0.7036779262273379;0.10727433233388078;0.16355966339252645;0.13100721195198534;0.0
GO:0006283;0.15687937499972288;0.756226725317095;0.25600116733336586;0.9512309101197707;0.0;0.6357052726174117;1.0;0.9512739998234399;0.0;0.34856502884487683;0.8208769279399609;0.9365965711255297;0.0;0.4527574239468844;0.0;0.6544169052852856;0.14622736831829494;0.0;0.0;0.7219944850327745;0.16998308372298226;0.9515373995021497;0.15643147372955316;0.7627649574250746;0.7382310119570551;0.0;0.0;0.16303702357868965;0.4872358176027352;0.820684444469762;0.3689443513999025;0.9513618202024656;0.1854776069463534;0.0;0.16351903993930308;0.13188032040637132;0.14517339192508838;0.0;0.16998308372298226;0.0;0.5007773424461075;0.0;0.0;0.7387439133780137;0.7269101968785886;0.7559792369722017;0.1827168104185299;0.0;0.8778921113513298;0.9211830570182347;0.16790286969965135;0.9512536853175846;0.9509658898733631;0.0;0.13668094062981914;0.0;0.22006695245416863;0.7556454791227656;0.11824800733416871;0.178202257592373;0.2621381656235461;0.8060363954633594;0.2923260382442801;0.3065993641976156;0.7657115104034826;0.7559839907184793;0.6140348867792114;0.16735134498630877;0.12967724865427943;0.4415363517300072;0.806248465160195;0.77614588801802;0.0;0.9064507027607515;0.0;0.5517445897108196;0.7376953414806887;0.0;0.0;0.16346779550978696;0.5238878010174249;0.8057001439789961;0.0;0.14705068323151987;0.15312898548374307;0.12456387309223432
GO:0036297;0.16035102202058243;0.7693288607385015;0.2595597481330792;0.9671212270355894;0.0;0.6449384703081891;0.9512739998234399;1.0;0.0;0.3551955687512789;0.8363379387912773;0.9519977575550927;0.0;0.4587804246413765;0.0;0.6642058355396;0.14977327353678058;0.0;0.0;0.7353766553571136;0.17406645401713938;0.9674380434644712;0.15988310739569833;0.7760966277822242;0.7522276723441366;0.0;0.0;0.16678980896383422;0.49264147120842666;0.8361381371647407;0.37638115439658143;0.9672565476679005;0.19035000033259442;0.0;0.16729430514270635;0.13432507381694386;0.14866775431261642;0.0;0.17406645401713938;0.0;0.5100580377694928;0.0;0.0;0.7512422424054233;0.7390080403797373;0.7659813965426063;0.18744338598210875;0.0;0.8914092248272806;0.936077471104179;0.1718857379548829;0.9671447695179796;0.9668472797793929;0.0;0.13977407453169796;0.0;0.2226915095800632;0.7687273071164505;0.12020970163015322;0.18269527919044945;0.2679510614043626;0.8209383499930137;0.2975739602494629;0.3117177177214458;0.7759746059890417;0.7659862769125414;0.6226450548165884;0.17130778220699083;0.13245828753299796;0.45222993645054826;0.8211583347108972;0.7899536408273713;0.0;0.9208687894692952;0.0;0.5586865858017002;0.7501579161982159;0.0;0.0;0.1672406675623677;0.5304574620978931;0.820589553070442;0.0;0.15009672777737637;0.15643487988858823;0.12712774656515144
GO:0051096;0.25782918467756244;0.0;0.13023003509245387;0.0;0.0;0.13812400690810975;0.0;0.0;1.0;0.2029602876688546;0.0;0.0;0.11955244782211627;0.0;0.0;0.14375776921870012;0.0;0.0;0.15512452659244258;0.0;0.0;0.0;0.0;0.0;0.0;0.24536213085254202;0.27750407843771074;0.0;0.09743197108742584;0.0;0.22189128731046195;0.0;0.0;0.08690490533440103;0.0;0.0;0.0;0.1681807212874605;0.0;0.12568597323111733;0.0;0.4265808941816557;0.30394889592524177;0.0;0.0;0.0;0.0;0.14947430545157372;0.0;0.0;0.0;0.0;0.0;0.22131399193491724;0.0;0.0;0.1067159076126902;0.0;0.1660521929562219;0.0;0.0;0.0;0.0;0.16754042394796248;0.0;0.0;0.0;0.0;0.0;0.0;0.0;0.0;0.30760682509106574;0.0;0.08901990743878263;0.11428731738954208;0.0;0.08689454794768794;0.1730952053406162;0.0;0.11379906187411928;0.0;0.1816963340633366;0.0;0.0;0.0
GO:0042771;0.4547763490889335;0.14369149211116258;0.44334544328145187;0.35517694247320686;0.0;0.17317327198906;0.34856502884487683;0.3551955687512789;0.2029602876688546;1.0;0.1581990637855919;0.34886634776876274;0.19595282150553944;0.10674576165884572;0.0;0.17897996423612436;0.18193479210961627;0.0;0.24321939629799574;0.15528807823044846;0.21102029815241652;0.3553094336545069;0.19052998398431314;0.14514011734498752;0.15941717773128028;0.34653942240848523;0.19969834037933412;0.20042014356655488;0.20804612749216822;0.15815525646710737;0.9300810844542122;0.35523353146996467;0.23543655948271658;0.14863254541124304;0.20114904121349883;0.15531387598524285;0.18030609114746027;0.25955445632669266;0.21102029815241652;0.2044064894609771;0.1552645858538358;0.23467478769905156;0.40330906281684853;0.1398381116087789;0.1372463633129035;0.27342272496633546;0.23100596995138092;0.23598770116259282;0.3238559714627678;0.3422527013177276;0.20782387789913764;0.35518678741765836;0.3550623886872827;0.3210628025926566;0.16738870535031275;0.0;0.4617091291619127;0.1435629091985008;0.3252679666450248;0.2238366584662078;0.31961844132773687;0.1548323792791993;0.34238166519939184;0.5447789456975106;0.2773761622475321;0.27342465301353414;0.11317519418425165;0.20697957053480456;0.15700404530967174;0.549192415198352;0.15488033418791766;0.1481177193778795;0.21024700150844158;0.33596268456977174;0.15182234266258843;0.14767493351123123;0.13960792353578358;0.14861688044259178;0.2655711821101606;0.2010715032090306;0.19312233741976434;0.15475635254573386;0.27593317301563414;0.17679343267398853;0.18565328764577663;0.14957029461483595
GO:0006287;0.188588736228932;0.8714928832736185;0.11118207376909578;0.8362945142418357;0.0;0.7152269712034233;0.8208769279399609;0.8363379387912773;0.0;0.1581990637855919;1.0;0.8215796631955739;0.0;0.5041599274232024;0.0;0.7390002921375811;0.0;0.0;0.0;0.8408257215913898;0.20785017973667408;0.8366033978329439;0.18794184458391067;0.8801876249429818;0.8629285471761698;0.0;0.0;0.19755835451769482;0.5326243539476615;0.9582245844210096;0.1691249612831323;0.8364264433952256;0.23149724566729005;0.0;0.19826654821669792;0.15358973295205777;0.0;0.0;0.20785017973667408;0.0;0.5831866813843133;0.0;0.0;0.848355871699286;0.8327869524432443;0.645262225028633;0.22721233140076966;0.0;0.7632104645079795;0.8061526282810431;0.20474837070569074;0.8363174663517359;0.8360274472024745;0.0;0.0;0.0;0.09400338250877414;0.8707210333011165;0.1354092194067068;0.22027302217857336;0.18904521546482536;0.9383148786397697;0.14806915320137923;0.13636882490194638;0.6545200897369748;0.645266740482424;0.6879123747171896;0.20392881833890303;0.0;0.20988690962963502;0.938602277650618;0.8980537266524947;0.0;0.791475233547534;0.0;0.6106742056331377;0.8469733400951126;0.0;0.0;0.19819121613366272;0.5796395259170866;0.937859238076315;0.0;0.17456284758646526;0.18319508707459237;0.0
GO:0045004;0.15703668303900314;0.7568230879263272;0.2561636634503787;0.9519546022600953;0.0;0.6361266424223858;0.9365965711255297;0.9519977575550927;0.0;0.34886634776876274;0.8215796631955739;1.0;0.0;0.4530326081322316;0.0;0.6548634544454602;0.14638772366057085;0.0;0.0;0.7226029035051612;0.17016778376764677;0.9522615582465677;0.15658788435306142;0.7633716808876605;0.7388671149394551;0.0;0.0;0.16320692960652372;0.509010561369775;0.8213868500610153;0.3692819514202403;0.9520857116238781;0.18569753547967172;0.0;0.16368995262776548;0.13199147049541787;0.1453314427331544;0.0;0.17016778376764677;0.0;0.5011992888993387;0.0;0.0;0.7393130103529233;0.7274612006971385;0.7564362555640902;0.18293023672857456;0.0;0.8785084774834522;0.9218617344281563;0.1680830743756814;0.9519774121260406;0.9516891786641608;0.0;0.1368210318545051;0.0;0.22018702122421385;0.7562409249784904;0.11833735838312963;0.17840526169485726;0.2624015496455497;0.8423384079199762;0.29256476464059644;0.3068324716106607;0.7661803754563726;0.756441015059769;0.6144280094270729;0.16753036710859104;0.12980334421023787;0.4420199579301799;0.8069263670115756;0.7767740940563668;0.0;0.9071078380248907;0.0;0.5520619772939925;0.7382628234310203;0.0;0.0;0.16363860103610903;0.5241881772727164;0.8063771236888336;0.0;0.14718888895470608;0.1532788585583803;0.12468021595898642
GO:0045128;0.3667622252835135;0.0;0.30269636959259527;0.0;0.0;0.08208336949703428;0.0;0.0;0.11955244782211627;0.19595282150553944;0.0;0.0;1.0;0.0;0.0;0.08404060171298745;0.0;0.0;0.38981193211467663;0.0;0.0;0.0;0.0;0.0;0.0;0.2500136412420093;0.3383319182905654;0.0;0.4621102413668598;0.0;0.20466970860912617;0.0;0.0;0.28699284453055957;0.0;0.0;0.0;0.17761674502182118;0.0;0.6364624976424356;0.0;0.38014810209516997;0.2349164935496918;0.0;0.0;0.0;0.0;0.38164643434536;0.0;0.0;0.0;0.0;0.0;0.27878733438304865;0.0;0.0;0.26691567732022164;0.0;0.3783681309683887;0.0;0.0;0.0;0.0;0.2965069039553781;0.0;0.0;0.0;0.0;0.0;0.0;0.0;0.0;0.12204397512908455;0.0;0.29184317200316856;0.07303139161156266;0.0;0.2869689174130915;0.7076202357827261;0.0;0.2353332869469931;0.0;0.7261449481544953;0.0;0.0;0.0
GO:0006119;0.1197684090253091;0.4722349440426543;0.08304848249033749;0.4587635997401931;0.0;0.409772138611909;0.4527574239468844;0.4587804246413765;0.0;0.10674576165884572;0.5041599274232024;0.4530326081322316;0.0;1.0;0.0;0.4197326340138934;0.0;0.0;0.0;0.49791018904390255;0.1272578524998513;0.4588832659551526;0.1195071757050992;0.4755121347986779;0.5067526600038909;0.0;0.0;0.12332434480082544;0.32705891779674445;0.5040664385961559;0.11161098854061045;0.45881471428276865;0.13574766268503888;0.0;0.12359994167986472;0.10462707605699083;0.0;0.0;0.1272578524998513;0.0;0.35562961586230185;0.0;0.0;0.4634171492643018;0.45740289327974204;0.3794240828116112;0.13426291436936044;0.0;0.42970072972578865;0.4469599615366498;0.12608834307769748;0.45877249263055897;0.4586601129659006;0.0;0.0;0.0;0.07307367599050904;0.47194306550706616;0.09585958447733171;0.13180919545192837;0.11995235515168896;0.4969248983698647;0.10203556205437606;0.09633950502707701;0.3835312432192827;0.3794260930260298;0.39811131704182307;0.12577706106064604;0.0;0.1280184498964042;0.49702867311606436;0.4821846820018738;0.0;0.44112034279121853;0.0;0.36382284174809365;0.46288572966542413;0.0;0.0;0.12357066109386299;0.362811380961129;0.4967603330946903;0.0;0.11395362938815769;0.11757008238293182;0.0
GO:0001701;0.0;0.0;0.0;0.0;0.40458844750278516;0.0;0.0;0.0;0.0;0.0;0.0;0.0;0.0;0.0;1.0;0.0;0.0;0.0;0.0;0.0;0.0;0.0;0.2363673226660837;0.0;0.0;0.0;0.0;0.0;0.0;0.0;0.0;0.0;0.3284834813030499;0.0;0.0;0.0;0.0;0.0;0.0;0.0;0.0;0.0;0.0;0.0;0.0;0.0;0.0;0.0;0.0;0.0;0.0;0.0;0.0;0.0;0.0;0.40747497329748755;0.0;0.0;0.0;0.0;0.0;0.0;0.0;0.0;0.0;0.0;0.0;0.37016342949490744;0.0;0.0;0.0;0.0;0.0;0.0;0.0;0.0;0.0;0.0;0.0;0.0;0.0;0.0;0.0;0.0;0.3147555462998838;0.0
GO:0032201;0.24493065053830074;0.7641525945341253;0.16192300850893387;0.6641784461887249;0.0;0.9736666038034586;0.6544169052852856;0.6642058355396;0.14375776921870012;0.17897996423612436;0.7390002921375811;0.6548634544454602;0.08404060171298745;0.4197326340138934;0.0;1.0;0.0;0.0;0.10019121861529649;0.6509952268230157;0.1926410648464489;0.6643732569241974;0.13851040856092625;0.724591925158446;0.6641663138848208;0.13140450210390617;0.08536872956260984;0.24369133328323886;0.4923258967687063;0.738844287783806;0.18833630868489162;0.6642616566127563;0.16080828679866996;0.06648356604165767;0.2864757260889957;0.30696626484264933;0.0;0.1054800525949329;0.1926410648464489;0.08702600555216705;0.4515377676420399;0.09736676888134743;0.1465307196216514;0.6717635244689615;0.6619641718180926;0.5377425312416935;0.20517756398978063;0.09780339618648488;0.6467117371889658;0.6450246445225631;0.3374467168631132;0.6641929229436173;0.6640099849863482;0.12417812834259714;0.0;0.0;0.14069379577249141;0.8299322430310103;0.18999009435151198;0.20075926880857695;0.13910877784014256;0.7269508636350548;0.11557379674640988;0.19105956208191208;0.5441568433734173;0.5377456672498778;0.5670406530027245;0.1470036755846142;0.0;0.1500746682786262;0.7271233553395592;0.702549328204767;0.24200007931381756;0.6355938054455768;0.06771432854664776;0.7826024007204441;0.7029334022009274;0.06647750423074619;0.10739237209712879;0.3717329490480019;0.527055141784287;0.7266773475976898;0.11064187713478535;0.16947006125348046;0.13591497768386232;0.0
GO:0019724;0.0;0.0;0.11584103027975817;0.1497632615564949;0.0;0.0;0.14622736831829494;0.14977327353678058;0.0;0.18193479210961627;0.0;0.14638772366057085;0.0;0.0;0.0;0.0;1.0;0.0;0.0;0.0;0.0;0.14983448437106875;0.22006825714360662;0.0;0.0;0.0;0.0;0.0;0.0;0.0;0.19930677885137657;0.1497936801166001;0.0;0.0;0.0;0.0;0.26943131182611096;0.0;0.0;0.0;0.0;0.0;0.0;0.0;0.0;0.10843327566587407;0.0;0.0;0.13332614108759427;0.14288510212224428;0.0;0.14976855336625983;0.14970169305138992;0.0;0.8846135661270388;0.0;0.09468948319351927;0.0;0.0;0.0;0.23329378153371996;0.0;0.16656063241963218;0.14961940757666423;0.11031843638414589;0.10843419239452852;0.15189614507813157;0.0;0.22052372848290447;0.2724644666460814;0.0;0.0;0.0;0.13958664169703247;0.0;0.0;0.0;0.0;0.0;0.0;0.0;0.0;0.0;0.0;0.0;0.20613387120132484
GO:0034502;0.0;0.0;0.0;0.0;0.0;0.0;0.0;0.0;0.0;0.0;0.0;0.0;0.0;0.0;0.0;0.0;0.0;1.0;0.0;0.0;0.0;0.0;0.0;0.0;0.0;0.0;0.0;0.0;0.0;0.0;0.0;0.0;0.0;0.0;0.0;0.24131904532736093;0.0;0.0;0.0;0.0;0.0;0.0;0.0;0.0;0.0;0.0;0.0;0.0;0.0;0.0;0.0;0.0;0.0;0.0;0.0;0.0;0.0;0.0;0.0;0.0;0.0;0.0;0.0;0.0;0.0;0.0;0.0;0.0;0.0;0.0;0.0;0.0;0.0;0.0;0.0;0.0;0.0;0.0;0.0;0.0;0.0;0.0;0.0;0.28868917524028676;0.0;0.0
GO:0045739;0.28016171781713006;0.0;0.18069266786817403;0.0;0.0;0.09742182958928249;0.0;0.0;0.15512452659244258;0.24321939629799574;0.0;0.0;0.38981193211467663;0.0;0.0;0.10019121861529649;0.0;0.0;1.0;0.0;0.0;0.0;0.0;0.0;0.0;0.3738397313970507;0.6317378026071984;0.0;0.33410376015963245;0.0;0.2567944041900981;0.0;0.0;0.5325821124298826;0.0;0.0;0.0;0.29589522888101666;0.0;0.4043021168276746;0.0;0.7251610918461965;0.45597832240051683;0.0;0.0;0.0;0.0;0.7285835895601842;0.0;0.0;0.0;0.0;0.0;0.2563942044355197;0.0;0.0;0.21414347001760944;0.0;0.4585879390061428;0.0;0.0;0.0;0.0;0.21504940237696224;0.0;0.0;0.0;0.0;0.0;0.0;0.0;0.0;0.1593454849278477;0.0;0.5427938796519782;0.08492824244710866;0.0;0.5325318497604895;0.504398609511917;0.0;0.18856504993757311;0.0;0.5205729897838736;0.0;0.0;0.0
GO:0090502;0.18446651477998316;0.7657754853057587;0.10973635661811537;0.7353390805674604;0.0;0.6303386709433307;0.7219944850327745;0.7353766553571136;0.0;0.15528807823044846;0.8408257215913898;0.7226029035051612;0.0;0.49791018904390255;0.0;0.6509952268230157;0.0;0.0;0.0;1.0;0.20285406789798172;0.7356063528244082;0.18384754750245108;0.7732876466642005;0.8905005792833219;0.0;0.0;0.19303938561351297;0.47104918820462865;0.8405997055795411;0.16580222337498401;0.7354532372346657;0.22531655571832734;0.0;0.1937154958350206;0.15084443488915675;0.0;0.0;0.20285406789798172;0.0;0.518126209209876;0.0;0.0;0.7457732556475917;0.7323038204520201;0.5694377144259533;0.22125538391753818;0.0;0.6720121272251334;0.7092426454289852;0.1998985233859922;0.7353589407859004;0.7351079890018336;0.0;0.0;0.0;0.09296782510462925;0.7651084953524132;0.13327085632043184;0.21466989499781577;0.1849032333254688;0.8234452210084252;0.14551602027015023;0.13420028920347385;0.5775055830620798;0.5694416501635323;0.6065819753460028;0.1991172623768523;0.0;0.2047936036496749;0.8236929403494159;0.8355408703375194;0.0;0.6965243096620025;0.0;0.5392703451811627;0.744577482609094;0.0;0.0;0.19364358180983277;0.5692413657577581;0.8230524827989392;0.0;0.1710252368417136;0.17930285213904867;0.0
GO:0007060;0.3474552004389235;0.18350771779036407;0.17439706294634674;0.17405492703499917;0.26160577305835614;0.1850402088904007;0.16998308372298226;0.17406645401713938;0.0;0.21102029815241652;0.20785017973667408;0.17016778376764677;0.0;0.1272578524998513;0.0;0.1926410648464489;0.0;0.0;0.0;0.20285406789798172;1.0;0.17413692689383314;0.2674851321973126;0.347238078682297;0.20995799091193135;0.0;0.0;0.28739544717778087;0.10077540132549549;0.20777456578800677;0.2309192335598379;0.17408994845351564;0.3653052757600322;0.0;0.5396897074873775;0.3790352883857756;0.0;0.0;0.9179269832105614;0.0;0.2028139814069669;0.0;0.0;0.17726931806716006;0.1731249374949707;0.12634764256515255;0.6627076293828132;0.0;0.28976405350875845;0.1661325606673598;0.3028674485879171;0.17406101959740028;0.17398404173416607;0.0;0.0;0.0;0.14274284675367796;0.1832980546221902;0.22276130497730387;0.43706043835828884;0.26972568037915223;0.2020771429981631;0.19337378364803687;0.22477429682150704;0.12852906635333347;0.12634870348788457;0.13650262772159769;0.47563697661462906;0.0;0.31424788197986653;0.20215883601332968;0.1907889205177244;0.0;0.16233092636129315;0.0;0.11830723149880523;0.33046727144593163;0.0;0.0;0.5393909682601558;0.11779897083450974;0.20194766019967106;0.0;0.4505450077098027;0.4075392018289514;0.0
GO:0006290;0.1604108248105892;0.769553479967051;0.259620546513121;0.9673934769937915;0.0;0.6450963182583417;0.9515373995021497;0.9674380434644712;0.0;0.3553094336545069;0.8366033978329439;0.9522615582465677;0.0;0.4588832659551526;0.0;0.6643732569241974;0.14983448437106875;0.0;0.0;0.7356063528244082;0.17413692689383314;1.0;0.15994256161343143;0.7763252169200925;0.7524680190912777;0.0;0.0;0.1668545118282609;0.4927335668796598;0.8364034693647953;0.3765090097293852;0.9675288738291675;0.1904342782990323;0.0;0.16735940009445854;0.13436703675317954;0.1487280646707099;0.0;0.17413692689383314;0.0;0.5102173353270553;0.0;0.0;0.7514564228921411;0.739215300722043;0.7661521686778907;0.18752510922457236;0.0;0.8916405115317022;0.9363325212947615;0.17195445576618912;0.9674170327328858;0.9671193755024162;0.0;0.13982738359552876;0.0;0.2227362613471661;0.7689515751625987;0.12024330760321414;0.18277291376948154;0.2680511992162743;0.8211941216847503;0.29766398547660494;0.31180540987541877;0.776149863583367;0.7661570512241886;0.6227921775524067;0.1713760385842185;0.13250616127861095;0.4524145278466538;0.821414243519317;0.7901904668879773;0.0;0.921115618166826;0.0;0.5588050329619194;0.7503714787566376;0.0;0.0;0.16730572077145772;0.5305695516322817;0.8208451074320645;0.0;0.15014912521776894;0.15649179678512704;0.12717184401923398
GO:0030183;0.2364115694576856;0.1678134138008762;0.12623674924974784;0.1598733823206826;0.236836299270241;0.13341692805313124;0.15643147372955316;0.15988310739569833;0.0;0.19052998398431314;0.18794184458391067;0.15658788435306142;0.0;0.1195071757050992;0.2363673226660837;0.13851040856092625;0.22006825714360662;0.0;0.0;0.18384754750245108;0.2674851321973126;0.15994256161343143;1.0;0.16979258293240285;0.18966353961609717;0.0;0.0;0.2506791297202671;0.09585252259826026;0.18788001971382812;0.20660492963337693;0.15990292883792068;0.60516761029194;0.0;0.2518204733699122;0.18388370801941412;0.0;0.0;0.2674851321973126;0.0;0.183814620338789;0.0;0.0;0.1625812372868444;0.15908842353597888;0.11870411275974821;0.3004322571764373;0.0;0.1437477684567079;0.1531645303639462;0.26236998662684174;0.15987852250190235;0.15981357555989112;0.0;0.19817181486053814;0.23820244817754038;0.1045447386946482;0.16763806239226461;0.1584186188051653;0.2884181320017852;0.23712935322031173;0.18320916179567714;0.17602631008894926;0.15973363771618992;0.12062757611296267;0.11870504920152582;0.3128789817823675;0.4332340057148885;0.0;0.2708677633883721;0.18327630909068562;0.1738818467037247;0.0;0.1499274486231626;0.0;0.11157967377310274;0.16227016858932772;0.0;0.0;0.251698961532528;0.11112746373156775;0.18310272346611645;0.0;0.2147783097103234;0.3784143843447476;0.0
GO:0000706;0.2201610206673448;0.806278173143982;0.1351697907567377;0.7760592335223553;0.1534773948448757;0.7027331145723164;0.7627649574250746;0.7760966277822242;0.0;0.14514011734498752;0.8801876249429818;0.7633716808876605;0.0;0.4755121347986779;0.0;0.724591925158446;0.0;0.0;0.0;0.7732876466642005;0.347238078682297;0.7763252169200925;0.16979258293240285;1.0;0.7919429335384148;0.0;0.0;0.177602875590506;0.5075353105223781;0.8799663254087448;0.15428451966632054;0.7761728410440255;0.20456382985842728;0.0;0.33284994670995643;0.26387194539035;0.0;0.0;0.347238078682297;0.0;0.5363495241393642;0.0;0.0;0.7864349124974115;0.7730378365287425;0.6088028089325176;0.37588314492077285;0.0;0.8136914032371045;0.7500354428432946;0.18339243374394315;0.7760789983486228;0.7758292474553481;0.0;0.0;0.0;0.11534469435144502;0.8056174739252815;0.16251782452918426;0.2530316797905351;0.1706926312639794;0.8631473352185823;0.1365682707455417;0.1635866442489847;0.617037355921572;0.6088068285251629;0.646628112841264;0.2372782552543694;0.0;0.18750417908185602;0.8633905260936183;0.8289608668736277;0.0;0.737314222699498;0.0;0.5779194968525789;0.8964862613021355;0.0;0.0;0.332736290515698;0.5486559874506313;0.8627617574929736;0.0;0.29665013947957364;0.2154302111373697;0.0
GO:0006296;0.1903223583935707;0.7840657898153495;0.11178235798888858;0.7521883558320273;0.0;0.6426792402320756;0.7382310119570551;0.7522276723441366;0.0;0.15941717773128028;0.8629285471761698;0.7388671149394551;0.0;0.5067526600038909;0.0;0.6641663138848208;0.0;0.0;0.0;0.8905005792833219;0.20995799091193135;0.7524680190912777;0.18966353961609717;0.7919429335384148;1.0;0.0;0.0;0.19946163885318685;0.477906856789316;0.8626904940801172;0.17051788242729443;0.7523078043436612;0.2341149699566478;0.0;0.2001835687425455;0.1547376408568401;0.0;0.0;0.20995799091193135;0.0;0.5314945131811799;0.0;0.0;0.7631097294326114;0.7490127049051408;0.5794898663761641;0.22973351894524352;0.0;0.6860565533876958;0.7249044786700176;0.20679343084100218;0.7522091366293377;0.7519465543912505;0.0;0.0;0.0;0.09443214047764639;0.7833665722182261;0.13630066553054165;0.22264175907624253;0.19078727901718714;0.8446322141629535;0.14913573755645787;0.13727299281415686;0.5878471797728285;0.5794939422940218;0.6180014457602252;0.20595745848945485;0.0;0.21203644580754652;0.8448928470012144;0.8081324339062362;0.0;0.7116234954400948;0.0;0.548277211262432;0.7618577622606879;0.0;0.0;0.20010677314142175;0.5462822436644699;0.8442190109572169;0.0;0.17604717520627905;0.18483053390934043;0.0
GO:0006293;0.426707190875909;0.0;0.2321036885681206;0.0;0.0;0.12668146509054956;0.0;0.0;0.24536213085254202;0.34653942240848523;0.0;0.0;0.2500136412420093;0.0;0.0;0.13140450210390617;0.0;0.0;0.3738397313970507;0.0;0.0;0.0;0.0;0.0;0.0;1.0;0.30049777533235345;0.0;0.17715038488740487;0.0;0.3747667686297468;0.0;0.0;0.21827584411239223;0.0;0.0;0.0;0.40218667095538624;0.0;0.22462008129292063;0.0;0.35919302764633604;0.49037944998095256;0.0;0.0;0.0;0.0;0.3614355567117057;0.0;0.0;0.0;0.0;0.0;0.3739150090429621;0.0;0.0;0.2647884691381965;0.0;0.28969436197795273;0.0;0.0;0.0;0.0;0.2920343530746615;0.0;0.0;0.0;0.0;0.0;0.0;0.0;0.0;0.2560919988331242;0.0;0.2232957859896902;0.1063397548179079;0.0;0.2182512286013369;0.3007321698486199;0.0;0.15605016586179296;0.0;0.3140886002994006;0.0;0.0;0.0
GO:1900264;0.22394381649257078;0.0;0.1555137986573472;0.0;0.0;0.08334988968616658;0.0;0.0;0.27750407843771074;0.19969834037933412;0.0;0.0;0.3383319182905654;0.0;0.0;0.08536872956260984;0.0;0.0;0.6317378026071984;0.0;0.0;0.0;0.0;0.0;0.0;0.30049777533235345;1.0;0.0;0.42486415282061124;0.0;0.20875935281020902;0.0;0.0;0.4351852568051293;0.0;0.0;0.0;0.24798861483323612;0.0;0.5019645709151864;0.0;0.726303684221995;0.24032017519242171;0.0;0.0;0.0;0.0;0.8455959220271428;0.0;0.0;0.0;0.0;0.0;0.20849479279144748;0.0;0.0;0.18787686666907694;0.0;0.5129390079029476;0.0;0.0;0.0;0.0;0.18030580985847924;0.0;0.0;0.0;0.0;0.0;0.0;0.0;0.0;0.12486501371132551;0.0;0.44262525496957084;0.07403227290246507;0.0;0.4351485616955494;0.4214258383459149;0.0;0.16443992367778387;0.0;0.4326573279985745;0.0;0.0;0.0
GO:0006294;0.25183130939231635;0.3522350796396237;0.13050359433054254;0.16677922555238034;0.0;0.2344092654940061;0.16303702357868965;0.16678980896383422;0.0;0.20042014356655488;0.19755835451769482;0.16320692960652372;0.0;0.12332434480082544;0.0;0.24369133328323886;0.0;0.0;0.0;0.19303938561351297;0.28739544717778087;0.1668545118282609;0.2506791297202671;0.177602875590506;0.19946163885318685;0.0;0.0;1.0;0.09829271158269727;0.19749004208790458;0.21828550332008356;0.16681138002143545;0.33466369645688376;0.0;0.5408660167144297;0.32751186121995457;0.0;0.0;0.28739544717778087;0.0;0.19300308394346133;0.0;0.0;0.1697282259901866;0.1659251695766051;0.12246934492864736;0.32578191692313874;0.0;0.149306536231044;0.15949147869023877;0.477494159860311;0.1667848193997612;0.16671414146149224;0.0;0.0;0.0;0.10745427980905253;0.29726372530641976;0.16519669060006978;0.31170232560092453;0.25264594171318655;0.1923356914710467;0.18443482122551266;0.16662715321158764;0.1245178188927804;0.12247034171973559;0.1319869936009227;0.27995204658322687;0.0;0.29130407321999674;0.192409696603794;0.18208195822298012;0.0;0.1559844990940049;0.0;0.19490013307583018;0.16938923583964144;0.0;0.0;0.45671937017507375;0.11442071337130633;0.1922183879975526;0.0;0.2274296365881573;0.2423049886547399;0.0
GO:0043111;0.29403149051070177;0.5046322316930217;0.21708070936578414;0.4926264036484533;0.0;0.48240631805027256;0.4872358176027352;0.49264147120842666;0.09743197108742584;0.20804612749216822;0.5326243539476615;0.509010561369775;0.4621102413668598;0.32705891779674445;0.0;0.4923258967687063;0.0;0.0;0.33410376015963245;0.47104918820462865;0.10077540132549549;0.4927335668796598;0.09585252259826026;0.5075353105223781;0.477906856789316;0.17715038488740487;0.42486415282061124;0.09829271158269727;1.0;0.5325433110159253;0.21575230289735484;0.4926721787690028;0.10602649760885385;0.24196131426540543;0.09846770525519213;0.08603815330940394;0.0;0.15124010359292078;0.10077540132549549;0.7271273629413817;0.32673558952108694;0.32697944468429035;0.19088578119956257;0.4967869149320838;0.4914072136706839;0.41947322224839534;0.10511855539185265;0.4509844695485423;0.4663223342525949;0.48201023412708893;0.10004059145032962;0.49263436770970115;0.49253372191160233;0.2321842194150896;0.0;0.0;0.19442604508641548;0.5043733405923086;0.469826881531705;0.1036084831254717;0.09613869920613777;0.5495795238539918;0.08427794952199857;0.24605749790182516;0.4233661105274077;0.4194751305030941;0.43708999297126144;0.09984453632208883;0.0;0.10125178283413608;0.5264269348894771;0.5134250425382517;0.09908043802228893;0.4767243460714775;0.24562095642108683;0.43568706217726016;0.49631250625419204;0.2419432291754038;0.5568593928248798;0.09844912071644019;0.5582783063203904;0.5261931179636229;0.5691949216714829;0.09224671371940649;0.09460236353889968;0.0
GO:0006297;0.188526485097229;0.87127593372451;0.11116043442285255;0.8360947333605833;0.0;0.7150808415969702;0.820684444469762;0.8361381371647407;0.0;0.15815525646710737;0.9582245844210096;0.8213868500610153;0.0;0.5040664385961559;0.0;0.738844287783806;0.0;0.0;0.0;0.8405997055795411;0.20777456578800677;0.8364034693647953;0.18788001971382812;0.8799663254087448;0.8626904940801172;0.0;0.0;0.19749004208790458;0.5325433110159253;1.0;0.16907489492902045;0.8362265994838998;0.23140345172476254;0.0;0.19819774523088932;0.15354844087523878;0.0;0.0;0.20777456578800677;0.0;0.583029942822904;0.0;0.0;0.8481502873392496;0.8325888436793061;0.6451432840217368;0.22712197681736698;0.0;0.763044072245111;0.8059669873592092;0.20467499633724662;0.836117674505667;0.8358277938839392;0.0;0.0;0.0;0.09398791306786407;0.8705044678229452;0.13537712327850093;0.2201881013374014;0.1889826626605219;0.938063389069848;0.14803077578463691;0.13633627230478004;0.654397711570551;0.6451477978110108;0.6877771923395852;0.20385603008597125;0.0;0.20980980680878095;0.9383506340189152;0.8978233532133528;0.0;0.7912962901627042;0.0;0.6105676730220998;0.8467684251733659;0.0;0.0;0.19812246541273676;0.5795387734341647;0.9376079926583061;0.0;0.17450951040671758;0.18313634524137593;0.0
GO:0008630;0.4932908952066904;0.15264863456101369;0.464610849024215;0.37636023999775126;0.0;0.1819175338173538;0.3689443513999025;0.37638115439658143;0.22189128731046195;0.9300810844542122;0.1691249612831323;0.3692819514202403;0.20466970860912617;0.11161098854061045;0.0;0.18833630868489162;0.19930677885137657;0.0;0.2567944041900981;0.16580222337498401;0.2309192335598379;0.3765090097293852;0.20660492963337693;0.15428451966632054;0.17051788242729443;0.3747667686297468;0.20875935281020902;0.21828550332008356;0.21575230289735484;0.16907489492902045;1.0;0.3764237810008293;0.2604799869580964;0.1535944188097621;0.21915042028343037;0.16583163312038784;0.19735386581819345;0.27507231154413725;0.2309192335598379;0.21390995501150054;0.1657754423635164;0.24728800302635195;0.4420593466077151;0.14830713016166053;0.14539521596669053;0.2858064618420867;0.2550675361859776;0.24874627973762167;0.34137579377344845;0.36187980884460436;0.22709701315323325;0.37637129431522187;0.37623161687837875;0.3451480877648955;0.18198247100869888;0.0;0.4531716088810828;0.15250352942892118;0.34450605748139657;0.24635509677387846;0.34675866847888187;0.16528283022562973;0.36467029428805675;0.5772444504068452;0.29012895413109474;0.28580856849346925;0.11865920344534178;0.2260892257157384;0.1697741375899355;0.6015449455916392;0.1653374781981856;0.1576534973026553;0.23062998790787698;0.3548550849439248;0.15700318628065826;0.15398680310196203;0.14804824182549395;0.15357769053931247;0.2818393602701127;0.21905838627870594;0.20134531546048087;0.16519619712769704;0.2935376900956716;0.1905503586842683;0.2008829860230761;0.16111529008425057
GO:0006298;0.16037095965885437;0.7694037505322168;0.25958001956462723;0.9672119979170145;0.0;0.6449910996956463;0.9513618202024656;0.9672565476679005;0.0;0.35523353146996467;0.8364264433952256;0.9520857116238781;0.0;0.45881471428276865;0.0;0.6642616566127563;0.1497936801166001;0.0;0.0;0.7354532372346657;0.17408994845351564;0.9675288738291675;0.15990292883792068;0.7761728410440255;0.7523078043436612;0.0;0.0;0.16681138002143545;0.4926721787690028;0.8362265994838998;0.3764237810008293;1.0;0.19037809643738135;0.0;0.16731600689992995;0.13433906439501264;0.14868786073046925;0.0;0.17408994845351564;0.0;0.5101111480911852;0.0;0.0;0.7513136521683477;0.7390771431161307;0.7660383359166021;0.18747063053046606;0.0;0.9215783191546087;0.9361625079218407;0.17190864736032002;0.9672355448189088;0.9669379992420759;0.0;0.13979184712809098;0.0;0.22270643107142676;0.768802079834607;0.1202209062149708;0.18272116086805698;0.26798444630914453;0.8210236251462999;0.2976039751474602;0.31174695517349715;0.7760330408053817;0.7660432170121328;0.6226941084984717;0.17133053779817034;0.1324742482724965;0.45229147588848384;0.8212436555746044;0.7900326000616297;0.0;0.9209510853846012;0.0;0.558726079108347;0.7502291199576409;0.0;0.0;0.16726235540496828;0.530494835627309;0.8206747557726464;0.0;0.15011419682558502;0.15645385551471983;0.12714244846056913
