;GO:0007050;GO:0090656;GO:0007095;GO:0006284;GO:0008584;GO:1902990;GO:0006283;GO:0036297;GO:0051096;GO:0042771;GO:0006287;GO:0045004;GO:0045128;GO:0006119;GO:0001701;GO:0032201;GO:0019724;GO:0034502;GO:0045739;GO:0090502;GO:0007060;GO:0006290;GO:0030183;GO:0000706;GO:0006296;GO:0006293;GO:1900264;GO:0006294;GO:0043111;GO:0006297;GO:0008630;GO:0006298;GO:0030855;GO:0048298;GO:0051257;GO:0045141;GO:0032355;GO:0030890;GO:0016321;GO:0032876;GO:0016567;GO:0032077;GO:1900034;GO:0006260;GO:0006261;GO:0042276;GO:0000712;GO:0045740;GO:0000710;GO:0006303;GO:0006268;GO:0006301;GO:0006302;GO:0043524;GO:0002455;GO:0097421;GO:0006977;GO:0043570;GO:0000083;GO:0000082;GO:0034644;GO:0031297;GO:0070301;GO:0031573;GO:0019985;GO:0070987;GO:0045190;GO:0007281;GO:1902065;GO:0042769;GO:0006271;GO:0006272;GO:0055089;GO:0000724;GO:0045830;GO:0007004;GO:0006311;GO:0048304;GO:0045950;GO:0007129;GO:0000289;GO:0006312;GO:0045910;GO:0043060;GO:0048477;GO:0071548
GO:0007050;1.0;0.4328241782709224;0.6402110423046702;0.32509508272116966;0.0;0.5856405631129394;0.28863536137074036;0.33493980563704595;0.3090501393575338;0.44798248093132176;0.4328241782709224;0.4328241782709224;0.5649879066602104;0.3745588742722468;0.0;0.6123149510137327;0.0;0.0;0.3620147392110343;0.3513435882377247;0.6024702280978563;0.33493980563704595;0.5001428382105901;0.6123149510137327;0.4328241782709224;0.44798248093132176;0.3037936640311397;0.4328241782709224;0.5467244199598419;0.4328241782709224;0.46481214591623865;0.3517694706219629;0.5455903339788681;0.3037936640311397;0.5856405631129394;0.6024702280978563;0.0;0.27098998840247623;0.6024702280978563;0.5979197489497412;0.3484838073908891;0.3131531150965377;0.37974428735590254;0.398245314665337;0.3685991356068798;0.4328241782709224;0.5856405631129394;0.3620147392110343;0.6123149510137327;0.31530974927153355;0.47632823115663253;0.3517694706219629;0.3685991356068798;0.4590984002601545;0.0;0.0;0.6402110423046702;0.37817349755765634;0.6123149510137327;0.5856405631129394;0.3391243563254911;0.4594985661717156;0.33092665472566934;0.6402110423046702;0.4594985661717156;0.4328241782709224;0.47632823115663253;0.46648350824075624;0.0;0.4110779850889163;0.48873111521186;0.4496538432558393;0.2823757514567406;0.3222946913405742;0.36692777328236226;0.27132042453534516;0.5856405631129394;0.3037936640311397;0.38028799608855607;0.5856405631129394;0.5065192749472087;0.34734268969227344;0.45457958440061824;0.5856405631129394;0.4328241782709224;0.0
GO:0090656;0.4328241782709224;1.0;0.3855773354389354;0.5370391407950424;0.0;0.5625007691650545;0.48740580018146207;0.5468838637109188;0.0;0.3855773354389354;0.5625007691650545;0.5625007691650545;0.0;0.45941604020013843;0.0;0.5891751570658477;0.0;0.0;0.0;0.5168558091421822;0.4024070004238523;0.5468838637109188;0.4528959953786031;0.5891751570658477;0.5119276144233951;0.0;0.0;0.5352785747644536;0.6015780411210752;0.5625007691650545;0.4024070004238523;0.5637135286958357;0.4983434911468811;0.0;0.5352785747644536;0.4940312841167817;0.0;0.0;0.4024070004238523;0.0;0.42929567444110694;0.0;0.0;0.6298194291047222;0.5805431936807526;0.5625007691650545;0.3855773354389354;0.0;0.5891751570658477;0.5140801880822552;0.5207056720175749;0.5637135286958357;0.5805431936807526;0.0;0.0;0.0;0.3855773354389354;0.6097476119970415;0.4122517233397286;0.3855773354389354;0.2918775134935041;0.5891751570658477;0.28367981189368235;0.3855773354389354;0.5891751570658477;0.5625007691650545;0.6060048220507647;0.41923666540876925;0.0;0.3638311422569293;0.6184077061059922;0.5793304341499714;0.0;0.5210651301512959;0.0;0.48740580018146207;0.5625007691650545;0.0;0.0;0.4772016191318648;0.528757279408312;0.5592867477661463;0.0;0.3855773354389354;0.3855773354389354;0.0
GO:0007095;0.6402110423046702;0.3855773354389354;1.0;0.5382672662988586;0.0;0.5905507761910059;0.4987763643245251;0.5481119892147348;0.2618032965255468;0.6233351248591947;0.3855773354389354;0.6233351248591947;0.47038290545036193;0.32731203144025983;0.0;0.5650681081817457;0.40579244218335825;0.0;0.2974529595436521;0.3040967454057377;0.5552233852658693;0.5481119892147348;0.4528959953786031;0.5650681081817457;0.3855773354389354;0.40073563809933477;0.25654682119915273;0.3855773354389354;0.4994775771278549;0.3855773354389354;0.6401647898441116;0.5649416541996518;0.4983434911468811;0.25654682119915273;0.5383937202809524;0.5552233852658693;0.37796468421802404;0.22374314557048924;0.5552233852658693;0.48065351075047635;0.3012369645589021;0.2659062722645507;0.309836207534499;0.35099847183335003;0.3213522927748928;0.6233351248591947;0.5383937202809524;0.2974529595436521;0.6500095127599879;0.5254507522253182;0.42908138832464554;0.5649416541996518;0.5817713191845687;0.35224532723784335;0.36113501923310715;0.0;0.6862361817465128;0.33092665472566934;0.6172251640917992;0.5905507761910059;0.41747580374060694;0.4122517233397286;0.4585021460767917;0.7711775863247551;0.6500095127599879;0.6233351248591947;0.42908138832464554;0.41923666540876925;0.37796468421802404;0.6015889316771886;0.44148427237987303;0.4024070004238523;0.2351289086247536;0.5324356942943589;0.31968093045037527;0.22407358170335817;0.5383937202809524;0.25654682119915273;0.3002374776279056;0.5383937202809524;0.4592724321152218;0.30009584686028645;0.37038774836772365;0.5383937202809524;0.3855773354389354;0.37796468421802404
GO:0006284;0.32509508272116966;0.5370391407950424;0.5382672662988586;1.0;0.0;0.5370391407950424;0.6271152234066669;0.6960809046623891;0.0;0.5650698208605192;0.5370391407950424;0.6694065167615959;0.0;0.39397823800531473;0.0;0.5637135286958357;0.37018837517409925;0.0;0.0;0.48422168257602194;0.2946779048740996;0.6960809046623891;0.32553684346333794;0.5637135286958357;0.4536623104247195;0.0;0.0;0.27784823988918267;0.5761164127510632;0.5370391407950424;0.6147031614740996;0.712910569647306;0.37098433923161594;0.0;0.27784823988918267;0.2946779048740996;0.3351881190126168;0.0;0.2946779048740996;0.0;0.40918034622511623;0.0;0.0;0.6043578007347101;0.564569183037006;0.6694065167615959;0.27784823988918267;0.0;0.6537896113074602;0.6537896113074602;0.3213522927748928;0.712910569647306;0.7297402346322229;0.0;0.31835845402769986;0.0;0.5978734964891826;0.5842859836270294;0.3045226277899759;0.27784823988918267;0.4015017930968604;0.5637135286958357;0.452670574072292;0.5382672662988586;0.6960809046623891;0.6694065167615959;0.4786456701354995;0.31150756985901656;0.3351881190126168;0.651222272290769;0.5929460777359801;0.5538688057799594;0.0;0.6607745533765008;0.0;0.4774329106047184;0.4774329106047184;0.0;0.0;0.27784823988918267;0.47049197540963644;0.5433127371223997;0.0;0.27784823988918267;0.27784823988918267;0.3351881190126168
GO:0008584;0.0;0.0;0.0;0.0;1.0;0.0;0.0;0.0;0.0;0.0;0.0;0.0;0.0;0.0;0.3767784303299453;0.0;0.0;0.0;0.0;0.0;0.5282354339852733;0.0;0.5136936326222776;0.5380801569011496;0.0;0.0;0.0;0.0;0.0;0.0;0.0;0.0;0.5591411283905556;0.0;0.5114057690003564;0.5282354339852733;0.0;0.0;0.5282354339852733;0.0;0.0;0.0;0.0;0.0;0.0;0.0;0.5114057690003564;0.0;0.5380801569011496;0.0;0.0;0.0;0.0;0.0;0.0;0.5876934727763661;0.0;0.0;0.0;0.0;0.0;0.0;0.0;0.0;0.0;0.0;0.0;0.5859224997130921;0.0;0.0;0.0;0.0;0.0;0.0;0.0;0.0;0.5114057690003564;0.0;0.0;0.5114057690003564;0.0;0.0;0.0;0.5114057690003564;0.5522631697432582;0.0
GO:1902990;0.5856405631129394;0.5625007691650545;0.5905507761910059;0.5370391407950424;0.0;1.0;0.48740580018146207;0.5468838637109188;0.2618032965255468;0.3855773354389354;0.5625007691650545;0.5625007691650545;0.2289996208968833;0.45941604020013843;0.0;0.8714280885539538;0.0;0.0;0.27603504696925296;0.5168558091421822;0.5552233852658693;0.5468838637109188;0.4528959953786031;0.5891751570658477;0.5119276144233951;0.37931772552493564;0.2351289086247536;0.4772016191318648;0.6015780411210752;0.5625007691650545;0.4024070004238523;0.5637135286958357;0.4983434911468811;0.2351289086247536;0.5383937202809524;0.6279609239049129;0.0;0.20232523299609012;0.5552233852658693;0.2178139717893584;0.42929567444110694;0.2444883596901516;0.28841829496009985;0.6298194291047222;0.5805431936807526;0.5625007691650545;0.5383937202809524;0.27603504696925296;0.5891751570658477;0.5140801880822552;0.6546353118057061;0.5637135286958357;0.5805431936807526;0.2711627475909448;0.0;0.0;0.5905507761910059;0.658378101751983;0.6172251640917992;0.5905507761910059;0.2918775134935041;0.5891751570658477;0.28367981189368235;0.5905507761910059;0.5891751570658477;0.5625007691650545;0.6060048220507647;0.41923666540876925;0.0;0.3638311422569293;0.6184077061059922;0.5793304341499714;0.43860722654569734;0.5210651301512959;0.29826301787597614;0.6287639574014949;0.5625007691650545;0.2351289086247536;0.219154897981007;0.611131258919996;0.528757279408312;0.5592867477661463;0.28930516872082507;0.5383937202809524;0.3855773354389354;0.0
GO:0006283;0.28863536137074036;0.48740580018146207;0.4987763643245251;0.6271152234066669;0.0;0.48740580018146207;1.0;0.6369599463225433;0.0;0.5214376013139417;0.48740580018146207;0.61028555842175;0.0;0.3575185166548854;0.0;0.5140801880822552;0.3393474416403181;0.0;0.0;0.4477619612255926;0.25821818352367026;0.6369599463225433;0.29139224164302585;0.5140801880822552;0.410030090878142;0.0;0.0;0.24138851853875337;0.5264830721374827;0.48740580018146207;0.5650698208605192;0.6537896113074602;0.33683973741130385;0.0;0.24138851853875337;0.25821818352367026;0.30286971523443157;0.0;0.25821818352367026;0.0;0.37686194244693105;0.0;0.0;0.5547244601211297;0.5209369634904285;0.61028555842175;0.24138851853875337;0.0;0.6041562706938797;0.6041562706938797;0.2848925714244635;0.6537896113074602;0.670619276292377;0.0;0.2860400502495147;0.0;0.5482401558756023;0.5346526430134491;0.26806290643954656;0.24138851853875337;0.3706608595630792;0.5140801880822552;0.4162108527218627;0.4987763643245251;0.6369599463225433;0.61028555842175;0.44450106831518743;0.2750478485085872;0.30286971523443157;0.6015889316771886;0.5433127371223997;0.504235465166379;0.0;0.6111412127629203;0.0;0.4379420086303849;0.4379420086303849;0.0;0.0;0.24138851853875337;0.4268597558630589;0.49968051757582216;0.0;0.24138851853875337;0.24138851853875337;0.30286971523443157
GO:0036297;0.33493980563704595;0.5468838637109188;0.5481119892147348;0.6960809046623891;0.0;0.5468838637109188;0.6369599463225433;1.0;0.0;0.5749145437763954;0.5468838637109188;0.6792512396774721;0.0;0.403822960921191;0.0;0.5735582516117119;0.3800330980899755;0.0;0.0;0.4940664054918982;0.3045226277899759;0.7059256275782654;0.3353815663792142;0.5735582516117119;0.4635070333405958;0.0;0.0;0.28769296280505896;0.5859611356669394;0.5468838637109188;0.6245478843899759;0.7227552925631823;0.38082906214749224;0.0;0.28769296280505896;0.3045226277899759;0.3450328419284931;0.0;0.3045226277899759;0.0;0.4190250691409925;0.0;0.0;0.6142025236505864;0.5744139059528823;0.6792512396774721;0.28769296280505896;0.0;0.6636343342233364;0.6636343342233364;0.33119701569076904;0.7227552925631823;0.7395849575480993;0.0;0.32820317694357615;0.0;0.607718219405059;0.5941307065429058;0.31436735070585214;0.28769296280505896;0.41134651601273664;0.5735582516117119;0.4625152969881683;0.5481119892147348;0.7059256275782654;0.6792512396774721;0.48849039305137576;0.3213522927748928;0.3450328419284931;0.6610669952066452;0.6027908006518563;0.5637135286958357;0.0;0.670619276292377;0.0;0.48727763352059467;0.48727763352059467;0.0;0.0;0.28769296280505896;0.48033669832551273;0.5531574600382759;0.0;0.28769296280505896;0.28769296280505896;0.3450328419284931
GO:0051096;0.3090501393575338;0.0;0.2618032965255468;0.0;0.0;0.2618032965255468;0.0;0.0;1.0;0.2618032965255468;0.0;0.0;0.21710461175502765;0.0;0.0;0.28847768442634;0.0;0.0;0.26041814151511716;0.0;0.0;0.0;0.0;0.0;0.0;0.2618032965255468;0.5279400831621539;0.0;0.30088056848156747;0.0;0.27863296151046374;0.0;0.0;0.21498835234801905;0.0;0.0;0.0;0.19043022385423447;0.0;0.2021970663352226;0.0;0.6321335884417896;0.26265895086671714;0.0;0.0;0.0;0.0;0.26041814151511716;0.0;0.0;0.0;0.0;0.0;0.255545842136809;0.0;0.0;0.2814333528910592;0.0;0.28847768442634;0.0;0.0;0.0;0.0;0.2618032965255468;0.0;0.0;0.0;0.0;0.0;0.0;0.0;0.0;0.21498835234801905;0.0;0.2725036737825934;0.2021970663352226;0.0;0.21498835234801905;0.20725988883915142;0.0;0.29826301787597614;0.0;0.27368826326668927;0.0;0.0;0.0
GO:0042771;0.44798248093132176;0.3855773354389354;0.6233351248591947;0.5650698208605192;0.0;0.3855773354389354;0.5214376013139417;0.5749145437763954;0.2618032965255468;1.0;0.3855773354389354;0.6233351248591947;0.2504175334712824;0.32731203144025983;0.0;0.4122517233397286;0.4284536791727748;0.0;0.2974529595436521;0.3040967454057377;0.4024070004238523;0.5749145437763954;0.4528959953786031;0.4122517233397286;0.3855773354389354;0.40073563809933477;0.25654682119915273;0.3855773354389354;0.43981291005535544;0.3855773354389354;0.88127281146983;0.5917442087613124;0.4983434911468811;0.25654682119915273;0.3855773354389354;0.4024070004238523;0.4047672387796846;0.22374314557048924;0.4024070004238523;0.23923188436375753;0.3012369645589021;0.2659062722645507;0.309836207534499;0.35099847183335003;0.3213522927748928;0.6233351248591947;0.3855773354389354;0.2974529595436521;0.6500095127599879;0.5481119892147348;0.42908138832464554;0.5917442087613124;0.6085738737462293;0.2925806601653439;0.38793757379476773;0.0;0.7440025606004488;0.33092665472566934;0.42741002600012795;0.3855773354389354;0.43710586010611935;0.4122517233397286;0.48530470063845227;0.6233351248591947;0.6500095127599879;0.6233351248591947;0.42908138832464554;0.41923666540876925;0.4047672387796846;0.6343926073058521;0.44148427237987303;0.4024070004238523;0.2351289086247536;0.5550969312837755;0.31968093045037527;0.22407358170335817;0.3855773354389354;0.25654682119915273;0.24057281055540614;0.3855773354389354;0.4024070004238523;0.30009584686028645;0.3107230812952242;0.3855773354389354;0.3855773354389354;0.4047672387796846
GO:0006287;0.4328241782709224;0.5625007691650545;0.3855773354389354;0.5370391407950424;0.0;0.5625007691650545;0.48740580018146207;0.5468838637109188;0.0;0.3855773354389354;1.0;0.5625007691650545;0.0;0.45941604020013843;0.0;0.5891751570658477;0.0;0.0;0.0;0.5168558091421822;0.4024070004238523;0.5468838637109188;0.4528959953786031;0.5891751570658477;0.5119276144233951;0.0;0.0;0.3855773354389354;0.6015780411210752;0.5625007691650545;0.4024070004238523;0.5637135286958357;0.4983434911468811;0.0;0.3855773354389354;0.4024070004238523;0.0;0.0;0.4024070004238523;0.0;0.42929567444110694;0.0;0.0;0.6298194291047222;0.5805431936807526;0.5625007691650545;0.3855773354389354;0.0;0.5891751570658477;0.5140801880822552;0.42908138832464554;0.5637135286958357;0.5805431936807526;0.0;0.0;0.0;0.3855773354389354;0.6097476119970415;0.4122517233397286;0.3855773354389354;0.2918775134935041;0.5891751570658477;0.28367981189368235;0.3855773354389354;0.5891751570658477;0.5625007691650545;0.6060048220507647;0.41923666540876925;0.0;0.3638311422569293;0.6184077061059922;0.5793304341499714;0.0;0.5210651301512959;0.0;0.48740580018146207;0.5625007691650545;0.0;0.0;0.3855773354389354;0.528757279408312;0.5592867477661463;0.0;0.3855773354389354;0.3855773354389354;0.0
GO:0045004;0.4328241782709224;0.5625007691650545;0.6233351248591947;0.6694065167615959;0.0;0.5625007691650545;0.61028555842175;0.6792512396774721;0.0;0.6233351248591947;0.5625007691650545;1.0;0.0;0.45941604020013843;0.0;0.5891751570658477;0.40579244218335825;0.0;0.0;0.5168558091421822;0.4024070004238523;0.6792512396774721;0.4528959953786031;0.5891751570658477;0.5119276144233951;0.0;0.0;0.3855773354389354;0.7530191967140536;0.5625007691650545;0.6401647898441116;0.6960809046623891;0.4983434911468811;0.0;0.3855773354389354;0.4024070004238523;0.37796468421802404;0.0;0.4024070004238523;0.0;0.42929567444110694;0.0;0.0;0.6298194291047222;0.5805431936807526;0.652576851776679;0.3855773354389354;0.0;0.6792512396774721;0.6369599463225433;0.42908138832464554;0.6960809046623891;0.712910569647306;0.0;0.36113501923310715;0.0;0.6233351248591947;0.6097476119970415;0.4122517233397286;0.3855773354389354;0.41747580374060694;0.7406163126588261;0.4585021460767917;0.6233351248591947;0.6792512396774721;0.652576851776679;0.6060048220507647;0.41923666540876925;0.37796468421802404;0.6343926073058521;0.6184077061059922;0.5793304341499714;0.0;0.6439448883915839;0.0;0.48740580018146207;0.5625007691650545;0.0;0.0;0.3855773354389354;0.528757279408312;0.5592867477661463;0.0;0.3855773354389354;0.3855773354389354;0.37796468421802404
GO:0045128;0.5649879066602104;0.0;0.47038290545036193;0.0;0.0;0.2289996208968833;0.0;0.0;0.21710461175502765;0.2504175334712824;0.0;0.0;1.0;0.0;0.0;0.2556740087976765;0.0;0.0;0.5551516326169139;0.0;0.0;0.0;0.0;0.0;0.0;0.33762681475237877;0.4742693204476027;0.0;0.5883594418521649;0.0;0.2672471984561994;0.0;0.0;0.5660973953479485;0.0;0.0;0.0;0.2118481364286336;0.0;0.5760847244578049;0.0;0.5236049453378124;0.29956560223438455;0.0;0.0;0.0;0.0;0.5551516326169139;0.0;0.0;0.0;0.0;0.0;0.37891971513863654;0.0;0.0;0.5567916902023466;0.0;0.4120207303748286;0.0;0.0;0.0;0.0;0.44264609484463086;0.0;0.0;0.0;0.0;0.0;0.0;0.0;0.0;0.19043022385423447;0.0;0.6364040027953191;0.17953582934580614;0.0;0.5660973953479485;0.7390179052871996;0.0;0.4935928752799952;0.0;0.8532856674240734;0.0;0.0;0.0
GO:0006119;0.3745588742722468;0.45941604020013843;0.32731203144025983;0.39397823800531473;0.0;0.45941604020013843;0.3575185166548854;0.403822960921191;0.0;0.32731203144025983;0.45941604020013843;0.45941604020013843;0.0;1.0;0.0;0.48609042810093167;0.0;0.0;0.0;0.4202267435218698;0.3441416964251768;0.403822960921191;0.3678281368182669;0.48609042810093167;0.45941604020013843;0.0;0.0;0.32731203144025983;0.49849331215615916;0.45941604020013843;0.3441416964251768;0.4206526259061079;0.4132756325865449;0.0;0.32731203144025983;0.3441416964251768;0.0;0.0;0.3441416964251768;0.0;0.3852687502508466;0.0;0.0;0.46712846994948204;0.4374822908910248;0.45941604020013843;0.32731203144025983;0.0;0.4532867524722682;0.3841929045556786;0.37081608432596996;0.4206526259061079;0.4374822908910248;0.0;0.0;0.0;0.32731203144025983;0.44705665284180135;0.35398641934105307;0.32731203144025983;0.27590350284975756;0.48609042810093167;0.25821818352367026;0.32731203144025983;0.48609042810093167;0.45941604020013843;0.4433138628955245;0.3609713614100937;0.0;0.31156695932525663;0.5153229771410761;0.4762457051850554;0.0;0.39117784662471927;0.0;0.3575185166548854;0.42661236457147494;0.0;0.0;0.32731203144025983;0.4762457051850554;0.4162258449764185;0.0;0.32731203144025983;0.32731203144025983;0.0
GO:0001701;0.0;0.0;0.0;0.0;0.3767784303299453;0.0;0.0;0.0;0.0;0.0;0.0;0.0;0.0;0.0;1.0;0.0;0.0;0.0;0.0;0.0;0.0;0.0;0.36950481572209565;0.0;0.0;0.0;0.0;0.0;0.0;0.0;0.0;0.0;0.41495231149037365;0.0;0.0;0.0;0.0;0.0;0.0;0.0;0.0;0.0;0.0;0.0;0.0;0.0;0.0;0.0;0.0;0.0;0.0;0.0;0.0;0.0;0.0;0.3767784303299453;0.0;0.0;0.0;0.0;0.0;0.0;0.0;0.0;0.0;0.0;0.0;0.3908077039342667;0.0;0.0;0.0;0.0;0.0;0.0;0.0;0.0;0.0;0.0;0.0;0.0;0.0;0.0;0.0;0.0;0.3571483739644329;0.0
GO:0032201;0.6123149510137327;0.5891751570658477;0.5650681081817457;0.5637135286958357;0.0;0.8714280885539538;0.5140801880822552;0.5735582516117119;0.28847768442634;0.4122517233397286;0.5891751570658477;0.5891751570658477;0.2556740087976765;0.48609042810093167;0.0;1.0;0.0;0.0;0.30270943487004615;0.5435301970429753;0.5818977731666626;0.5735582516117119;0.4795703832793962;0.6158495449666409;0.5386020023241882;0.40599211342572883;0.2618032965255468;0.503876007032658;0.6282524290218684;0.5891751570658477;0.42908138832464554;0.5903879165966288;0.5250178790476743;0.2618032965255468;0.5650681081817457;0.6546353118057061;0.0;0.2289996208968833;0.5818977731666626;0.2444883596901516;0.45597006234190013;0.2711627475909448;0.31509268286089304;0.6564938170055153;0.6072175815815457;0.5891751570658477;0.5650681081817457;0.30270943487004615;0.6158495449666409;0.5407545759830484;0.6813096997064992;0.5903879165966288;0.6072175815815457;0.29783713549173796;0.0;0.0;0.5650681081817457;0.6850524896527761;0.5917424960825388;0.5650681081817457;0.3185519013942973;0.6158495449666409;0.31035419979447554;0.5650681081817457;0.6158495449666409;0.5891751570658477;0.6326792099515578;0.44591105330956243;0.0;0.3905055301577225;0.6450820940067853;0.6060048220507647;0.4879428514359071;0.5477395180520891;0.3249374057767693;0.6882420209309517;0.5891751570658477;0.2618032965255468;0.24582928588180025;0.6378056468207891;0.5554316673091052;0.5859611356669394;0.31597955662161825;0.5650681081817457;0.4122517233397286;0.0
GO:0019724;0.0;0.0;0.40579244218335825;0.37018837517409925;0.0;0.0;0.3393474416403181;0.3800330980899755;0.0;0.4284536791727748;0.0;0.40579244218335825;0.0;0.0;0.0;0.0;1.0;0.0;0.0;0.0;0.0;0.3800330980899755;0.5628360895511322;0.0;0.0;0.0;0.0;0.0;0.0;0.0;0.4452833441576917;0.39686276307489243;0.0;0.0;0.0;0.0;0.40299205080276274;0.0;0.0;0.0;0.0;0.0;0.0;0.0;0.0;0.4284536791727748;0.0;0.0;0.4324668300841514;0.36602182954111123;0.0;0.39686276307489243;0.4136924280598094;0.0;0.7711775863247552;0.0;0.4284536791727748;0.0;0.0;0.0;0.40384770514393303;0.0;0.36884744898245064;0.40579244218335825;0.45512806707356795;0.4284536791727748;0.6346052035036047;0.0;0.40299205080276274;0.4591412179849446;0.0;0.0;0.0;0.3730067716101519;0.0;0.0;0.0;0.0;0.0;0.0;0.0;0.0;0.0;0.0;0.0;0.40299205080276274
GO:0034502;0.0;0.0;0.0;0.0;0.0;0.0;0.0;0.0;0.0;0.0;0.0;0.0;0.0;0.0;0.0;0.0;0.0;1.0;0.0;0.0;0.0;0.0;0.0;0.0;0.0;0.0;0.0;0.0;0.0;0.0;0.0;0.0;0.0;0.0;0.0;0.5208929579066316;0.0;0.0;0.0;0.0;0.0;0.0;0.0;0.0;0.0;0.0;0.0;0.0;0.0;0.0;0.0;0.0;0.0;0.0;0.0;0.0;0.0;0.0;0.0;0.0;0.0;0.0;0.0;0.0;0.0;0.0;0.0;0.0;0.0;0.0;0.0;0.0;0.0;0.0;0.0;0.0;0.0;0.0;0.0;0.0;0.0;0.0;0.0;0.5040632929217146;0.0;0.0
GO:0045739;0.3620147392110343;0.0;0.2974529595436521;0.0;0.0;0.27603504696925296;0.0;0.0;0.26041814151511716;0.2974529595436521;0.0;0.0;0.5551516326169139;0.0;0.0;0.30270943487004615;0.0;0.0;1.0;0.0;0.0;0.0;0.0;0.0;0.0;0.4170680410796574;0.6488171877698921;0.0;0.5448932796827248;0.0;0.31428262452856903;0.0;0.0;0.6160135121412285;0.0;0.0;0.0;0.3747767477247284;0.0;0.5058160077267041;0.0;0.7177828690256142;0.5858177241146398;0.0;0.0;0.0;0.0;0.7493295563047155;0.0;0.0;0.0;0.0;0.0;0.35080173534523845;0.0;0.0;0.4170680410796574;0.0;0.4631974740194424;0.0;0.0;0.0;0.0;0.2974529595436521;0.0;0.0;0.0;0.0;0.0;0.0;0.0;0.0;0.23374375361432398;0.0;0.6923212406556021;0.22197691113333584;0.0;0.6160135121412285;0.5453069097010377;0.0;0.4668894006747877;0.0;0.6267709962092479;0.0;0.0;0.0
GO:0090502;0.3513435882377247;0.5168558091421822;0.3040967454057377;0.48422168257602194;0.0;0.5168558091421822;0.4477619612255926;0.4940664054918982;0.0;0.3040967454057377;0.5168558091421822;0.5168558091421822;0.0;0.4202267435218698;0.0;0.5435301970429753;0.0;0.0;0.0;1.0;0.32092641039065467;0.4940664054918982;0.37141540534540535;0.5435301970429753;0.6470932713186901;0.0;0.0;0.3040967454057377;0.5559330810982028;0.5168558091421822;0.32092641039065467;0.5108960704768151;0.4168629011136834;0.0;0.3040967454057377;0.32092641039065467;0.0;0.0;0.32092641039065467;0.0;0.4272534568295735;0.0;0.0;0.5573719145201892;0.527725735461732;0.5168558091421822;0.3040967454057377;0.0;0.47443634912638577;0.47443634912638577;0.3476007982914478;0.5108960704768151;0.527725735461732;0.0;0.0;0.0;0.3040967454057377;0.5373000974125086;0.3307711333065309;0.3040967454057377;0.289633210016143;0.5435301970429753;0.26180545205080874;0.3040967454057377;0.5435301970429753;0.5168558091421822;0.47395107727590746;0.33775607537557156;0.0;0.32794551386519155;0.5727627460831197;0.5876282599090531;0.0;0.4814212911954264;0.0;0.4477619612255926;0.4477619612255926;0.0;0.0;0.3040967454057377;0.5876282599090531;0.5064692895471257;0.0;0.3040967454057377;0.3040967454057377;0.0
GO:0007060;0.6024702280978563;0.4024070004238523;0.5552233852658693;0.2946779048740996;0.5282354339852733;0.5552233852658693;0.25821818352367026;0.3045226277899759;0.0;0.4024070004238523;0.4024070004238523;0.4024070004238523;0.0;0.3441416964251768;0.0;0.5818977731666626;0.0;0.0;0.0;0.32092641039065467;1.0;0.3045226277899759;0.46972566036352;0.6279768882772641;0.4024070004238523;0.0;0.0;0.4024070004238523;0.44148427237987303;0.4024070004238523;0.41923666540876925;0.3213522927748928;0.515173156131798;0.0;0.6013025003764709;0.6181321653613878;0.0;0.0;0.7711775863247552;0.0;0.318066629543819;0.0;0.0;0.3678281368182669;0.3381819577598097;0.4024070004238523;0.6013025003764709;0.0;0.6279768882772641;0.2848925714244635;0.44591105330956243;0.3213522927748928;0.3381819577598097;0.0;0.0;0.0;0.5552233852658693;0.34775631971058624;0.5818977731666626;0.5552233852658693;0.30870717847842105;0.42908138832464554;0.30050947687859925;0.5552233852658693;0.42908138832464554;0.4024070004238523;0.44591105330956243;0.6529920295353899;0.0;0.3806608072418462;0.4583139373647899;0.41923666540876925;0.0;0.29187751349350416;0.0;0.24090324668827506;0.6013025003764709;0.0;0.0;0.6013025003764709;0.41923666540876925;0.3169255118452034;0.0;0.6013025003764709;0.6193326995655559;0.0
GO:0006290;0.33493980563704595;0.5468838637109188;0.5481119892147348;0.6960809046623891;0.0;0.5468838637109188;0.6369599463225433;0.7059256275782654;0.0;0.5749145437763954;0.5468838637109188;0.6792512396774721;0.0;0.403822960921191;0.0;0.5735582516117119;0.3800330980899755;0.0;0.0;0.4940664054918982;0.3045226277899759;1.0;0.3353815663792142;0.5735582516117119;0.4635070333405958;0.0;0.0;0.28769296280505896;0.5859611356669394;0.5468838637109188;0.6245478843899759;0.7227552925631823;0.38082906214749224;0.0;0.28769296280505896;0.3045226277899759;0.3450328419284931;0.0;0.3045226277899759;0.0;0.4190250691409925;0.0;0.0;0.6142025236505864;0.5744139059528823;0.6792512396774721;0.28769296280505896;0.0;0.6636343342233364;0.6636343342233364;0.33119701569076904;0.7227552925631823;0.7395849575480993;0.0;0.32820317694357615;0.0;0.607718219405059;0.5941307065429058;0.31436735070585214;0.28769296280505896;0.41134651601273664;0.5735582516117119;0.4625152969881683;0.5481119892147348;0.7059256275782654;0.6792512396774721;0.48849039305137576;0.3213522927748928;0.3450328419284931;0.6610669952066452;0.6027908006518563;0.5637135286958357;0.0;0.670619276292377;0.0;0.48727763352059467;0.48727763352059467;0.0;0.0;0.28769296280505896;0.48033669832551273;0.5531574600382759;0.0;0.28769296280505896;0.28769296280505896;0.3450328419284931
GO:0030183;0.5001428382105901;0.4528959953786031;0.4528959953786031;0.32553684346333794;0.5136936326222776;0.4528959953786031;0.29139224164302585;0.3353815663792142;0.0;0.4528959953786031;0.4528959953786031;0.4528959953786031;0.0;0.3678281368182669;0.36950481572209565;0.4795703832793962;0.5628360895511322;0.0;0.0;0.37141540534540535;0.46972566036352;0.3353815663792142;1.0;0.4795703832793962;0.4528959953786031;0.0;0.0;0.4528959953786031;0.4919732673346237;0.4528959953786031;0.46972566036352;0.3522112313641311;0.7152691902885848;0.0;0.4528959953786031;0.46972566036352;0.0;0.0;0.46972566036352;0.0;0.3530668857053015;0.0;0.0;0.3956558947836011;0.3690408963490481;0.4528959953786031;0.4528959953786031;0.0;0.4795703832793962;0.318066629543819;0.49640004826431317;0.3522112313641311;0.3690408963490481;0.0;0.5223199841731251;0.5136936326222776;0.4528959953786031;0.37558407767592045;0.4795703832793962;0.4528959953786031;0.35919617343317173;0.4795703832793962;0.32833723484393346;0.4528959953786031;0.4795703832793962;0.4528959953786031;0.7875066134861588;0.601111531107698;0.0;0.431149802196597;0.5088029323195407;0.46972566036352;0.0;0.32505157161285964;0.0;0.29139224164302585;0.4528959953786031;0.0;0.0;0.4528959953786031;0.46972566036352;0.34778445043444167;0.0;0.4528959953786031;0.5674522011378642;0.0
GO:0000706;0.6123149510137327;0.5891751570658477;0.5650681081817457;0.5637135286958357;0.5380801569011496;0.5891751570658477;0.5140801880822552;0.5735582516117119;0.0;0.4122517233397286;0.5891751570658477;0.5891751570658477;0.0;0.48609042810093167;0.0;0.6158495449666409;0.0;0.0;0.0;0.5435301970429753;0.6279768882772641;0.5735582516117119;0.4795703832793962;1.0;0.5386020023241882;0.0;0.0;0.4122517233397286;0.6282524290218684;0.5891751570658477;0.42908138832464554;0.5903879165966288;0.5250178790476743;0.0;0.6111472232923472;0.6279768882772641;0.0;0.0;0.6279768882772641;0.0;0.45597006234190013;0.0;0.0;0.6564938170055153;0.6072175815815457;0.5891751570658477;0.6111472232923472;0.0;0.6378216111931403;0.5407545759830484;0.45575577622543867;0.5903879165966288;0.6072175815815457;0.0;0.0;0.0;0.5650681081817457;0.6364219998978347;0.5917424960825388;0.5650681081817457;0.3185519013942973;0.6158495449666409;0.31035419979447554;0.5650681081817457;0.6158495449666409;0.5891751570658477;0.6326792099515578;0.5717394868709835;0.0;0.3905055301577225;0.6450820940067853;0.6060048220507647;0.0;0.5477395180520891;0.0;0.5140801880822552;0.6111472232923472;0.0;0.0;0.6111472232923472;0.5554316673091052;0.5859611356669394;0.0;0.6111472232923472;0.5380801569011496;0.0
GO:0006296;0.4328241782709224;0.5119276144233951;0.3855773354389354;0.4536623104247195;0.0;0.5119276144233951;0.410030090878142;0.4635070333405958;0.0;0.3855773354389354;0.5119276144233951;0.5119276144233951;0.0;0.45941604020013843;0.0;0.5386020023241882;0.0;0.0;0.0;0.6470932713186901;0.4024070004238523;0.4635070333405958;0.4528959953786031;0.5386020023241882;1.0;0.0;0.0;0.3855773354389354;0.5510048863794157;0.5119276144233951;0.4024070004238523;0.48033669832551273;0.4983434911468811;0.0;0.3855773354389354;0.4024070004238523;0.0;0.0;0.4024070004238523;0.0;0.3940452373047217;0.0;0.0;0.5369549810081338;0.4971663633104296;0.5119276144233951;0.3855773354389354;0.0;0.5386020023241882;0.4367044787789352;0.42908138832464554;0.48033669832551273;0.4971663633104296;0.0;0.0;0.0;0.3855773354389354;0.5168831639004531;0.4122517233397286;0.3855773354389354;0.2918775134935041;0.5386020023241882;0.28367981189368235;0.3855773354389354;0.5386020023241882;0.5119276144233951;0.5554316673091052;0.41923666540876925;0.0;0.3638311422569293;0.5678345513643327;0.528757279408312;0.0;0.44368942084797586;0.0;0.410030090878142;0.5119276144233951;0.0;0.0;0.3855773354389354;0.528757279408312;0.4759099173958233;0.0;0.3855773354389354;0.3855773354389354;0.0
GO:0006293;0.44798248093132176;0.0;0.40073563809933477;0.0;0.0;0.37931772552493564;0.0;0.0;0.2618032965255468;0.40073563809933477;0.0;0.0;0.33762681475237877;0.0;0.0;0.40599211342572883;0.0;0.0;0.4170680410796574;0.0;0.0;0.0;0.0;0.0;0.0;1.0;0.31655567254483385;0.0;0.43981291005535544;0.0;0.41756530308425166;0.0;0.0;0.33618572891034626;0.0;0.0;0.0;0.29924073570943865;0.0;0.23923188436375753;0.0;0.34323006044562704;0.309836207534499;0.0;0.0;0.0;0.0;0.3944068040902408;0.0;0.0;0.0;0.0;0.0;0.2925806601653439;0.0;0.0;0.4607444894450159;0.0;0.42741002600012795;0.0;0.0;0.0;0.0;0.40073563809933477;0.0;0.0;0.0;0.0;0.0;0.0;0.0;0.0;0.2351289086247536;0.0;0.40235101878547297;0.2178139717893584;0.0;0.33618572891034626;0.24057281055540614;0.0;0.4010981142356957;0.0;0.3107230812952242;0.0;0.0;0.0
GO:1900264;0.3037936640311397;0.0;0.25654682119915273;0.0;0.0;0.2351289086247536;0.0;0.0;0.5279400831621539;0.25654682119915273;0.0;0.0;0.4742693204476027;0.0;0.0;0.2618032965255468;0.0;0.0;0.6488171877698921;0.0;0.0;0.0;0.0;0.0;0.0;0.31655567254483385;1.0;0.0;0.6125101314429344;0.0;0.2733764861840696;0.0;0.0;0.5309898823996734;0.0;0.0;0.0;0.28375199691617037;0.0;0.5734328594869138;0.0;0.6172705004907906;0.29020615116898657;0.0;0.0;0.0;0.0;0.6616280634682851;0.0;0.0;0.0;0.0;0.0;0.2770919213720756;0.0;0.0;0.33618572891034626;0.0;0.44186616317997146;0.0;0.0;0.0;0.0;0.25654682119915273;0.0;0.0;0.0;0.0;0.0;0.0;0.0;0.0;0.18831396444722587;0.0;0.6012964898470441;0.17552267843442942;0.0;0.5309898823996734;0.46442459753172644;0.0;0.3818657709332325;0.0;0.5417473664676928;0.0;0.0;0.0
GO:0006294;0.4328241782709224;0.5352785747644536;0.3855773354389354;0.27784823988918267;0.0;0.4772016191318648;0.24138851853875337;0.28769296280505896;0.0;0.3855773354389354;0.3855773354389354;0.3855773354389354;0.0;0.32731203144025983;0.0;0.503876007032658;0.0;0.0;0.0;0.3040967454057377;0.4024070004238523;0.28769296280505896;0.4528959953786031;0.4122517233397286;0.3855773354389354;0.0;0.0;1.0;0.4246546073949561;0.3855773354389354;0.4024070004238523;0.3045226277899759;0.4983434911468811;0.0;0.5352785747644536;0.4940312841167817;0.0;0.0;0.4024070004238523;0.0;0.3012369645589021;0.0;0.0;0.35099847183335003;0.3213522927748928;0.3855773354389354;0.3855773354389354;0.0;0.4122517233397286;0.26806290643954656;0.5207056720175749;0.3045226277899759;0.3213522927748928;0.0;0.0;0.0;0.3855773354389354;0.42255093841859875;0.4122517233397286;0.3855773354389354;0.2918775134935041;0.4122517233397286;0.28367981189368235;0.3855773354389354;0.4122517233397286;0.3855773354389354;0.42908138832464554;0.41923666540876925;0.0;0.3638311422569293;0.44148427237987303;0.4024070004238523;0.0;0.2750478485085872;0.0;0.3156978653962876;0.3855773354389354;0.0;0.0;0.4772016191318648;0.4024070004238523;0.30009584686028645;0.0;0.3855773354389354;0.3855773354389354;0.0
GO:0043111;0.5467244199598419;0.6015780411210752;0.4994775771278549;0.5761164127510632;0.0;0.6015780411210752;0.5264830721374827;0.5859611356669394;0.30088056848156747;0.43981291005535544;0.6015780411210752;0.7530191967140536;0.5883594418521649;0.49849331215615916;0.0;0.6282524290218684;0.0;0.0;0.5448932796827248;0.5559330810982028;0.44148427237987303;0.5859611356669394;0.4919732673346237;0.6282524290218684;0.5510048863794157;0.43981291005535544;0.6125101314429344;0.4246546073949561;1.0;0.6015780411210752;0.4566425750402724;0.6027908006518563;0.5374207631029018;0.4670421481373178;0.4246546073949561;0.44148427237987303;0.0;0.2628204175265099;0.44148427237987303;0.7345911243575101;0.4683729463971276;0.5133465924036233;0.34891347949051965;0.6688967010607428;0.6196204656367732;0.6015780411210752;0.4246546073949561;0.6679016597956422;0.6282524290218684;0.5531574600382759;0.46815866028066616;0.6027908006518563;0.6196204656367732;0.39132259919386403;0.0;0.0;0.4994775771278549;0.6488248839530621;0.5828409586812452;0.4246546073949561;0.3309547854495248;0.7796935846148467;0.32275708384970303;0.4994775771278549;0.6282524290218684;0.6015780411210752;0.6450820940067853;0.4583139373647899;0.0;0.40290841421295;0.6574849780620128;0.6184077061059922;0.2742061805807743;0.5601424021073166;0.5301762573885402;0.5264830721374827;0.6015780411210752;0.4670421481373178;0.5785147189362887;0.4246546073949561;0.5810907283188151;0.5983640197221669;0.659978805444499;0.4246546073949561;0.4246546073949561;0.0
GO:0006297;0.4328241782709224;0.5625007691650545;0.3855773354389354;0.5370391407950424;0.0;0.5625007691650545;0.48740580018146207;0.5468838637109188;0.0;0.3855773354389354;0.5625007691650545;0.5625007691650545;0.0;0.45941604020013843;0.0;0.5891751570658477;0.0;0.0;0.0;0.5168558091421822;0.4024070004238523;0.5468838637109188;0.4528959953786031;0.5891751570658477;0.5119276144233951;0.0;0.0;0.3855773354389354;0.6015780411210752;1.0;0.4024070004238523;0.5637135286958357;0.4983434911468811;0.0;0.3855773354389354;0.4024070004238523;0.0;0.0;0.4024070004238523;0.0;0.42929567444110694;0.0;0.0;0.6298194291047222;0.5805431936807526;0.5625007691650545;0.3855773354389354;0.0;0.5891751570658477;0.5140801880822552;0.42908138832464554;0.5637135286958357;0.5805431936807526;0.0;0.0;0.0;0.3855773354389354;0.6097476119970415;0.4122517233397286;0.3855773354389354;0.2918775134935041;0.5891751570658477;0.28367981189368235;0.3855773354389354;0.5891751570658477;0.5625007691650545;0.6060048220507647;0.41923666540876925;0.0;0.3638311422569293;0.6184077061059922;0.5793304341499714;0.0;0.5210651301512959;0.0;0.48740580018146207;0.5625007691650545;0.0;0.0;0.3855773354389354;0.528757279408312;0.5592867477661463;0.0;0.3855773354389354;0.3855773354389354;0.0
GO:0008630;0.46481214591623865;0.4024070004238523;0.6401647898441116;0.6147031614740996;0.0;0.4024070004238523;0.5650698208605192;0.6245478843899759;0.27863296151046374;0.88127281146983;0.4024070004238523;0.6401647898441116;0.2672471984561994;0.3441416964251768;0.0;0.42908138832464554;0.4452833441576917;0.0;0.31428262452856903;0.32092641039065467;0.41923666540876925;0.6245478843899759;0.46972566036352;0.42908138832464554;0.4024070004238523;0.41756530308425166;0.2733764861840696;0.4024070004238523;0.4566425750402724;0.4024070004238523;1.0;0.6413775493748928;0.515173156131798;0.2733764861840696;0.4024070004238523;0.41923666540876925;0.42159690376460157;0.24057281055540614;0.41923666540876925;0.2560615493486744;0.318066629543819;0.28273593724946766;0.3266658725194159;0.3678281368182669;0.3381819577598097;0.6401647898441116;0.4024070004238523;0.31428262452856903;0.6668391777449049;0.5917442087613124;0.44591105330956243;0.6413775493748928;0.6582072143598097;0.3094103251502608;0.4047672387796846;0.0;0.6401647898441116;0.34775631971058624;0.4442396909850449;0.4024070004238523;0.4539355250910363;0.42908138832464554;0.5021343656233692;0.6401647898441116;0.6668391777449049;0.6401647898441116;0.44591105330956243;0.4360663303936862;0.42159690376460157;0.693513565645698;0.4583139373647899;0.41923666540876925;0.2519585736096705;0.598729150830353;0.33651059543529216;0.24090324668827506;0.4024070004238523;0.2733764861840696;0.2574024755403231;0.4024070004238523;0.41923666540876925;0.3169255118452034;0.3275527462801411;0.4024070004238523;0.4024070004238523;0.42159690376460157
GO:0006298;0.3517694706219629;0.5637135286958357;0.5649416541996518;0.712910569647306;0.0;0.5637135286958357;0.6537896113074602;0.7227552925631823;0.0;0.5917442087613124;0.5637135286958357;0.6960809046623891;0.0;0.4206526259061079;0.0;0.5903879165966288;0.39686276307489243;0.0;0.0;0.5108960704768151;0.3213522927748928;0.7227552925631823;0.3522112313641311;0.5903879165966288;0.48033669832551273;0.0;0.0;0.3045226277899759;0.6027908006518563;0.5637135286958357;0.6413775493748928;1.0;0.3976587271324092;0.0;0.3045226277899759;0.3213522927748928;0.36186250691341;0.0;0.3213522927748928;0.0;0.43585473412590947;0.0;0.0;0.6310321886355033;0.5912435709377992;0.6960809046623891;0.3045226277899759;0.0;0.88127281146983;0.6804639992082533;0.348026680675686;0.7395849575480993;0.7564146225330162;0.0;0.3450328419284931;0.0;0.6245478843899759;0.6109603715278227;0.33119701569076904;0.3045226277899759;0.42817618099765353;0.5903879165966288;0.47934496197308524;0.5649416541996518;0.7227552925631823;0.6960809046623891;0.5053200580362927;0.3381819577598097;0.36186250691341;0.6778966601915623;0.6196204656367732;0.5805431936807526;0.0;0.687448941277294;0.0;0.5041072985055116;0.5041072985055116;0.0;0.0;0.3045226277899759;0.4971663633104296;0.5699871250231928;0.0;0.3045226277899759;0.3045226277899759;0.36186250691341
GO:0030855;0.5455903339788681;0.4983434911468811;0.4983434911468811;0.37098433923161594;0.5591411283905556;0.4983434911468811;0.33683973741130385;0.38082906214749224;0.0;0.4983434911468811;0.4983434911468811;0.4983434911468811;0.0;0.4132756325865449;0.41495231149037365;0.5250178790476743;0.0;0.0;0.0;0.4168629011136834;0.515173156131798;0.38082906214749224;0.7152691902885848;0.5250178790476743;0.4983434911468811;0.0;0.0;0.4983434911468811;0.5374207631029018;0.4983434911468811;0.515173156131798;0.3976587271324092;1.0;0.0;0.4983434911468811;0.515173156131798;0.0;0.0;0.515173156131798;0.0;0.3985143814735795;0.0;0.0;0.44110339055187914;0.4144883921173261;0.4983434911468811;0.4983434911468811;0.0;0.5250178790476743;0.36351412531209704;0.5418475440325912;0.3976587271324092;0.4144883921173261;0.0;0.0;0.5591411283905556;0.4983434911468811;0.42103157344419845;0.5250178790476743;0.4983434911468811;0.4046436692014498;0.5250178790476743;0.37378473061221146;0.4983434911468811;0.5250178790476743;0.4983434911468811;0.5418475440325912;0.646559026875976;0.0;0.476597297964875;0.5542504280878187;0.515173156131798;0.0;0.3704990673811377;0.0;0.33683973741130385;0.4983434911468811;0.0;0.0;0.4983434911468811;0.515173156131798;0.39323194620271973;0.0;0.4983434911468811;0.6128996969061422;0.0
