;GO:0043407;GO:0007173;GO:0038096;GO:0006401;GO:0043152;GO:0001942;GO:0070588;GO:0016055;GO:0070207;GO:0035754;GO:0035556;GO:0050830;GO:0010592;GO:0043615;GO:0071805;GO:0090501;GO:0050829;GO:0030041;GO:0007224;GO:0043312;GO:1900026;GO:0001581;GO:0006699;GO:0006898;GO:0061844;GO:0050982;GO:0002227;GO:0006707;GO:0048013;GO:0034314;GO:0071468;GO:0035725;GO:0030178;GO:0018105
GO:0043407;1.0;0.0;0.0;0.0;0.0;0.0;0.0;0.0;0.0;0.0;0.2727272727272727;0.0;0.21428571428571427;0.0;0.0;0.0;0.0;0.0;0.25;0.0;0.23076923076923078;0.0;0.0;0.0;0.0;0.0;0.0;0.0;0.0;0.0;0.0;0.0;0.5555555555555556;0.0
GO:0007173;0.0;1.0;0.0;0.16666666666666666;0.0;0.0;0.0;0.0;0.0;0.0;0.0;0.0;0.0;0.0;0.25;0.0;0.0;0.0;0.0;0.0;0.0;0.0;0.0;0.0;0.0;0.0;0.0;0.0;0.0;0.0;0.0;0.0;0.0;0.125
GO:0038096;0.0;0.0;1.0;0.16666666666666666;0.0;0.0;0.0;0.0;0.0;0.0;0.0;0.0;0.0;0.0;0.25;0.0;0.0;0.0;0.0;0.0;0.0;0.0;0.0;0.0;0.0;0.0;0.0;0.0;0.0;0.0;0.0;0.0;0.0;0.125
GO:0006401;0.0;0.16666666666666666;0.16666666666666666;1.0;0.0;0.0;0.0;0.16666666666666666;0.0;0.16666666666666666;0.16666666666666666;0.0;0.0;0.16666666666666666;0.14285714285714285;0.7142857142857143;0.0;0.16666666666666666;0.16666666666666666;0.0;0.0;0.0;0.3333333333333333;0.0;0.0;0.0;0.0;0.4444444444444444;0.16666666666666666;0.16666666666666666;0.1;0.0;0.0;0.3333333333333333
GO:0043152;0.0;0.0;0.0;0.0;1.0;0.0;0.0;0.0;0.0;0.0;0.0;0.625;0.0;0.0;0.0;0.0;0.625;0.0;0.0;0.14285714285714285;0.0;0.14285714285714285;0.0;0.0;0.5714285714285714;0.2222222222222222;0.3333333333333333;0.0;0.0;0.0;0.1;0.0;0.0;0.0
GO:0001942;0.0;0.0;0.0;0.0;0.0;1.0;0.0;0.0;0.0;0.0;0.0;0.0;0.0;0.0;0.0;0.0;0.0;0.0;0.0;0.0;0.0;0.0;0.0;0.0;0.0;0.0;0.0;0.0;0.0;0.0;0.0;0.0;0.0;0.0
GO:0070588;0.0;0.0;0.0;0.0;0.0;0.0;1.0;0.0;0.0;0.0;0.0;0.0;0.0;0.0;0.7777777777777778;0.0;0.0;0.0;0.0;0.0;0.0;0.0;0.0;0.2727272727272727;0.0;0.0;0.0;0.0;0.0;0.0;0.0;0.7777777777777778;0.0;0.0
GO:0016055;0.0;0.0;0.0;0.16666666666666666;0.0;0.0;0.0;1.0;0.0;0.0;0.0;0.0;0.0;0.0;0.25;0.0;0.0;0.0;0.0;0.0;0.0;0.0;0.0;0.0;0.0;0.0;0.0;0.0;0.0;0.0;0.0;0.0;0.0;0.125
GO:0070207;0.0;0.0;0.0;0.0;0.0;0.0;0.0;0.0;1.0;0.0;0.0;0.0;0.0;0.0;0.1111111111111111;0.0;0.0;0.0;0.0;0.0;0.0;0.0;0.0;0.0;0.0;0.0;0.0;0.0;0.0;0.0;0.0;0.0;0.0;0.0
GO:0035754;0.0;0.0;0.0;0.16666666666666666;0.0;0.0;0.0;0.0;0.0;1.0;0.0;0.0;0.0;0.0;0.25;0.0;0.0;0.0;0.0;0.0;0.0;0.0;0.0;0.0;0.0;0.0;0.0;0.0;0.0;0.0;0.0;0.0;0.0;0.125
GO:0035556;0.2727272727272727;0.0;0.0;0.16666666666666666;0.0;0.0;0.0;0.0;0.0;0.0;1.0;0.0;0.3;0.0;0.25;0.0;0.0;0.0;0.0;0.0;0.3333333333333333;0.0;0.0;0.0;0.0;0.0;0.0;0.0;0.0;0.0;0.0;0.0;0.3333333333333333;0.125
GO:0050830;0.0;0.0;0.0;0.0;0.625;0.0;0.0;0.0;0.0;0.0;0.0;1.0;0.0;0.0;0.0;0.0;0.7142857142857143;0.0;0.0;0.0;0.0;0.14285714285714285;0.0;0.0;0.2857142857142857;0.2222222222222222;0.375;0.0;0.0;0.0;0.1;0.0;0.0;0.0
GO:0010592;0.21428571428571427;0.0;0.0;0.0;0.0;0.0;0.0;0.0;0.0;0.0;0.3;0.0;1.0;0.0;0.0;0.0;0.0;0.0;0.2727272727272727;0.0;0.5;0.0;0.0;0.0;0.0;0.0;0.0;0.0;0.0;0.36363636363636365;0.0;0.0;0.25;0.0
GO:0043615;0.0;0.0;0.0;0.16666666666666666;0.0;0.0;0.0;0.0;0.0;0.0;0.0;0.0;0.0;1.0;0.25;0.0;0.0;0.0;0.0;0.0;0.0;0.0;0.0;0.0;0.0;0.0;0.0;0.0;0.0;0.0;0.0;0.0;0.0;0.125
GO:0071805;0.0;0.25;0.25;0.14285714285714285;0.0;0.0;0.7777777777777778;0.25;0.1111111111111111;0.25;0.25;0.0;0.0;0.25;1.0;0.1111111111111111;0.0;0.25;0.25;0.1111111111111111;0.0;0.0;0.1111111111111111;0.2727272727272727;0.0;0.0;0.0;0.0;0.25;0.25;0.125;0.7777777777777778;0.0;0.1111111111111111
GO:0090501;0.0;0.0;0.0;0.7142857142857143;0.0;0.0;0.0;0.0;0.0;0.0;0.0;0.0;0.0;0.0;0.1111111111111111;1.0;0.0;0.0;0.0;0.0;0.0;0.0;0.3;0.0;0.0;0.0;0.0;0.2727272727272727;0.0;0.0;0.0;0.0;0.0;0.2727272727272727
GO:0050829;0.0;0.0;0.0;0.0;0.625;0.0;0.0;0.0;0.0;0.0;0.0;0.7142857142857143;0.0;0.0;0.0;0.0;1.0;0.0;0.0;0.0;0.0;0.14285714285714285;0.0;0.0;0.2857142857142857;0.2222222222222222;0.375;0.0;0.0;0.0;0.1;0.0;0.0;0.0
GO:0030041;0.0;0.0;0.0;0.16666666666666666;0.0;0.0;0.0;0.0;0.0;0.0;0.0;0.0;0.0;0.0;0.25;0.0;0.0;1.0;0.0;0.0;0.0;0.0;0.0;0.0;0.0;0.0;0.0;0.0;0.0;0.0;0.0;0.0;0.0;0.125
GO:0007224;0.25;0.0;0.0;0.16666666666666666;0.0;0.0;0.0;0.0;0.0;0.0;0.0;0.0;0.2727272727272727;0.0;0.25;0.0;0.0;0.0;1.0;0.0;0.0;0.0;0.0;0.0;0.0;0.0;0.0;0.0;0.0;0.0;0.0;0.0;0.0;0.125
GO:0043312;0.0;0.0;0.0;0.0;0.14285714285714285;0.0;0.0;0.0;0.0;0.0;0.0;0.0;0.0;0.0;0.1111111111111111;0.0;0.0;0.0;0.0;1.0;0.0;0.0;0.0;0.4;0.16666666666666666;0.0;0.2;0.0;0.0;0.0;0.0;0.0;0.0;0.0
GO:1900026;0.23076923076923078;0.0;0.0;0.0;0.0;0.0;0.0;0.0;0.0;0.0;0.3333333333333333;0.0;0.5;0.0;0.0;0.0;0.0;0.0;0.0;0.0;1.0;0.0;0.0;0.0;0.0;0.0;0.0;0.0;0.0;0.45454545454545453;0.0;0.0;0.2727272727272727;0.0
GO:0001581;0.0;0.0;0.0;0.0;0.14285714285714285;0.0;0.0;0.0;0.0;0.0;0.0;0.14285714285714285;0.0;0.0;0.0;0.0;0.14285714285714285;0.0;0.0;0.0;0.0;1.0;0.0;0.0;0.16666666666666666;0.2;0.2;0.0;0.0;0.0;0.16666666666666666;0.0;0.0;0.0
GO:0006699;0.0;0.0;0.0;0.3333333333333333;0.0;0.0;0.0;0.0;0.0;0.0;0.0;0.0;0.0;0.0;0.1111111111111111;0.3;0.0;0.0;0.0;0.0;0.0;0.0;1.0;0.0;0.0;0.0;0.0;0.4444444444444444;0.0;0.0;0.0;0.0;0.0;0.18181818181818182
GO:0006898;0.0;0.0;0.0;0.0;0.0;0.0;0.2727272727272727;0.0;0.0;0.0;0.0;0.0;0.0;0.0;0.2727272727272727;0.0;0.0;0.0;0.0;0.4;0.0;0.0;0.0;1.0;0.0;0.0;0.0;0.0;0.0;0.0;0.0;0.2727272727272727;0.0;0.0
GO:0061844;0.0;0.0;0.0;0.0;0.5714285714285714;0.0;0.0;0.0;0.0;0.0;0.0;0.2857142857142857;0.0;0.0;0.0;0.0;0.2857142857142857;0.0;0.0;0.16666666666666666;0.0;0.16666666666666666;0.0;0.0;1.0;0.25;0.2857142857142857;0.0;0.0;0.0;0.1111111111111111;0.0;0.0;0.0
GO:0050982;0.0;0.0;0.0;0.0;0.2222222222222222;0.0;0.0;0.0;0.0;0.0;0.0;0.2222222222222222;0.0;0.0;0.0;0.0;0.2222222222222222;0.0;0.0;0.0;0.0;0.2;0.0;0.0;0.25;1.0;0.14285714285714285;0.0;0.0;0.0;0.2857142857142857;0.0;0.0;0.0
GO:0002227;0.0;0.0;0.0;0.0;0.3333333333333333;0.0;0.0;0.0;0.0;0.0;0.0;0.375;0.0;0.0;0.0;0.0;0.375;0.0;0.0;0.2;0.0;0.2;0.0;0.0;0.2857142857142857;0.14285714285714285;1.0;0.0;0.0;0.0;0.125;0.0;0.0;0.0
GO:0006707;0.0;0.0;0.0;0.4444444444444444;0.0;0.0;0.0;0.0;0.0;0.0;0.0;0.0;0.0;0.0;0.0;0.2727272727272727;0.0;0.0;0.0;0.0;0.0;0.0;0.4444444444444444;0.0;0.0;0.0;0.0;1.0;0.0;0.0;0.0;0.0;0.0;0.09090909090909091
GO:0048013;0.0;0.0;0.0;0.16666666666666666;0.0;0.0;0.0;0.0;0.0;0.0;0.0;0.0;0.0;0.0;0.25;0.0;0.0;0.0;0.0;0.0;0.0;0.0;0.0;0.0;0.0;0.0;0.0;0.0;1.0;0.0;0.0;0.0;0.0;0.125
GO:0034314;0.0;0.0;0.0;0.16666666666666666;0.0;0.0;0.0;0.0;0.0;0.0;0.0;0.0;0.36363636363636365;0.0;0.25;0.0;0.0;0.0;0.0;0.0;0.45454545454545453;0.0;0.0;0.0;0.0;0.0;0.0;0.0;0.0;1.0;0.0;0.0;0.0;0.125
GO:0071468;0.0;0.0;0.0;0.1;0.1;0.0;0.0;0.0;0.0;0.0;0.0;0.1;0.0;0.0;0.125;0.0;0.1;0.0;0.0;0.0;0.0;0.16666666666666666;0.0;0.0;0.1111111111111111;0.2857142857142857;0.125;0.0;0.0;0.0;1.0;0.0;0.0;0.08333333333333333
GO:0035725;0.0;0.0;0.0;0.0;0.0;0.0;0.7777777777777778;0.0;0.0;0.0;0.0;0.0;0.0;0.0;0.7777777777777778;0.0;0.0;0.0;0.0;0.0;0.0;0.0;0.0;0.2727272727272727;0.0;0.0;0.0;0.0;0.0;0.0;0.0;1.0;0.0;0.0
GO:0030178;0.5555555555555556;0.0;0.0;0.0;0.0;0.0;0.0;0.0;0.0;0.0;0.3333333333333333;0.0;0.25;0.0;0.0;0.0;0.0;0.0;0.0;0.0;0.2727272727272727;0.0;0.0;0.0;0.0;0.0;0.0;0.0;0.0;0.0;0.0;0.0;1.0;0.0
GO:0018105;0.0;0.125;0.125;0.3333333333333333;0.0;0.0;0.0;0.125;0.0;0.125;0.125;0.0;0.0;0.125;0.1111111111111111;0.2727272727272727;0.0;0.125;0.125;0.0;0.0;0.0;0.18181818181818182;0.0;0.0;0.0;0.0;0.09090909090909091;0.125;0.125;0.08333333333333333;0.0;0.0;1.0
