;GO:0000122;GO:0006406;GO:0048681;GO:2000010;GO:0006351;GO:0051045;GO:0010640;GO:2001222;GO:0006357
GO:0000122;1.0;0.0;0.182980236323068;0.16570849796892334;0.0;0.4788748071565331;0.2155351141323476;0.18483457044525892;0.7164239624566874
GO:0006406;0.0;1.0;0.0;0.0;0.0;0.0;0.0;0.0;0.0
GO:0048681;0.182980236323068;0.0;1.0;0.15597799055133854;0.0;0.2032079296171252;0.24280936003641165;0.41241374754290033;0.16690891047831954
GO:2000010;0.16570849796892334;0.0;0.15597799055133854;1.0;0.0;0.1965099327581347;0.3695450398247464;0.34056805281436414;0.24884784287498735
GO:0006351;0.0;0.0;0.0;0.0;1.0;0.0;0.0;0.0;0.0
GO:0051045;0.4788748071565331;0.0;0.2032079296171252;0.1965099327581347;0.0;1.0;0.25755835076504224;0.21490386651812388;0.4017252481785905
GO:0010640;0.2155351141323476;0.0;0.24280936003641165;0.3695450398247464;0.0;0.25755835076504224;1.0;0.3641255262839325;0.33046201168744677
GO:2001222;0.18483457044525892;0.0;0.41241374754290033;0.34056805281436414;0.0;0.21490386651812388;0.3641255262839325;1.0;0.26338700600387915
GO:0006357;0.7164239624566874;0.0;0.16690891047831954;0.24884784287498735;0.0;0.4017252481785905;0.33046201168744677;0.26338700600387915;1.0
