;GO:0006281;GO:0008380;GO:1901581;GO:1901582;GO:0060009;GO:0043620;GO:0000212;GO:0045892;GO:2000675;GO:0034622;GO:0031116;GO:0032206;GO:2001244;GO:0035556;GO:0033138;GO:2001022;GO:0098909;GO:0007020;GO:0007268;GO:0006336;GO:0097340;GO:0010628;GO:0070198;GO:0071320;GO:0030330;GO:0086091;GO:0030334;GO:0010389;GO:0035264;GO:0035023;GO:0007194;GO:0035063;GO:0008284;GO:0045787;GO:1900112;GO:0060307;GO:0006468;GO:0070192;GO:0043525;GO:1904908;GO:0000165;GO:0000086;GO:0072520;GO:0051661;GO:0032508;GO:0048024;GO:0031297;GO:0045070;GO:0045071;GO:0010571;GO:0006351;GO:0006310;GO:0051085;GO:0046847;GO:1901018;GO:0000245;GO:0006306;GO:1990830;GO:0045087;GO:0097711;GO:0072711;GO:0030032;GO:2000144;GO:0035128
GO:0006281;1.0;0.7352980612403391;0.0;0.0;0.17629898290964743;0.29034497099915796;0.1621740307017939;0.0;0.0;0.18788106695088447;0.0;0.0;0.0;0.19315654666792087;0.0;0.0;0.0;0.18208330302977124;0.18212174645700335;0.15119800578744857;0.0;0.0;0.0;0.2223044190758354;0.412943727572213;0.0;0.0;0.0;0.0;0.0;0.0;0.1878035768301718;0.0;0.0;0.0;0.0;0.473787696184057;0.17620731973446976;0.0;0.0;0.40692045860418635;0.18822076776607977;0.0;0.16148249643822254;0.18225255087842518;0.0;0.8104344646210342;0.0;0.0;0.0;0.6093037668439383;0.8294132635868482;0.1938607749700849;0.177119514273739;0.0;0.17223313011744928;0.7255574430915448;0.2832026221514793;0.2597434055119364;0.18714483186607103;0.24879670125163034;0.17215808878134795;0.0;0.0
GO:0008380;0.7352980612403391;1.0;0.0;0.0;0.207111967635727;0.137182092532644;0.18788731408543005;0.0;0.0;0.22328207652147147;0.0;0.0;0.0;0.23077251877327531;0.0;0.0;0.0;0.21514095312777665;0.2151946247443337;0.17331119880042956;0.0;0.0;0.0;0.14757188850803415;0.17675608141024798;0.0;0.0;0.0;0.0;0.0;0.0;0.2231726420165625;0.0;0.0;0.0;0.0;0.4860208089106123;0.2069854747182834;0.0;0.0;0.4096634005964119;0.22376201576075597;0.0;0.18695973174521077;0.21537727416435504;0.0;0.8173199648374823;0.0;0.0;0.0;0.673926004180152;0.8391689853491782;0.2317784568685894;0.20824530545479011;0.0;0.2015232082465541;0.7213082888623231;0.19463778556601047;0.0;0.22224302363532472;0.16764618882162682;0.2014204811228215;0.0;0.0
GO:1901581;0.0;0.0;1.0;0.562202207725802;0.0;0.6086158473470543;0.0;0.9484840790665827;0.253314263579937;0.0;0.15504816112366449;0.32635323251826037;0.15497268527117886;0.2155144005234805;0.2863463403365449;0.1954932620084589;0.16911746612693132;0.0;0.0;0.0;0.4457238766590394;0.28272630251247854;0.0;0.0;0.18439063566260205;0.14999771149035568;0.20720269853034226;0.19939024636338726;0.0;0.19559431497722116;0.4400034734943124;0.0;0.21148060486064488;0.21147915105417556;0.3370250174444743;0.15340350585971058;0.0;0.0;0.1820252599159719;0.18824341918254262;0.15415771151665345;0.0;0.0;0.11285588816932311;0.0;0.46500510638029197;0.0;0.15364982648260347;0.191990041284636;0.39700634637714044;0.0;0.0;0.0;0.0;0.14400177714783174;0.0;0.0;0.0;0.0;0.0;0.0;0.0;0.4874575726976254;0.0
GO:1901582;0.0;0.0;0.562202207725802;1.0;0.0;0.6177065679373258;0.0;0.5393091836209483;0.1852092764099345;0.0;0.21894884512961044;0.5355852828638641;0.21884068717162258;0.219971581961881;0.45923430152288575;0.2771321831517594;0.172545582677681;0.0;0.0;0.0;0.27897915311320937;0.4480728871262907;0.0;0.0;0.18764368198914022;0.15268834023598055;0.2113194274755862;0.20319953659996723;0.0;0.19925861285241178;0.26987175510619477;0.0;0.3002556879100394;0.3002535819533418;0.3425014966687898;0.15621885331668336;0.0;0.0;0.25770744588035793;0.13702019759588288;0.15642490505440668;0.0;0.0;0.1149175553359105;0.0;0.47309934117252533;0.0;0.19551895306507788;0.1564745984170579;0.6633615964336196;0.0;0.0;0.0;0.0;0.20313577356020326;0.0;0.0;0.0;0.0;0.0;0.0;0.0;0.8549730153494135;0.0
GO:0060009;0.17629898290964743;0.207111967635727;0.0;0.0;1.0;0.1624123869232813;0.32567560302094206;0.0;0.0;0.29884426646279666;0.0;0.0;0.0;0.3124164044147374;0.0;0.0;0.0;0.2844383634752557;0.28453218656727;0.21563099394668284;0.0;0.0;0.0;0.17718109445935468;0.2209896584999058;0.0;0.0;0.0;0.32892197884492824;0.0;0.0;0.29864826271259065;0.0;0.0;0.0;0.0;0.1940974447836439;0.3689144110828147;0.0;0.0;0.15814234932274035;0.2997046347969722;0.6070372661654787;0.23717308500246326;0.28485158813885847;0.0;0.20042855373029406;0.0;0.0;0.0;0.14781086446657896;0.20704273213514646;0.31426286907047885;0.27250824981842375;0.0;0.2611107672751019;0.17229028993160866;0.24966711869783745;0.0;0.29698587851218644;0.20693103539434535;0.2609383347855953;0.0;0.27295815199586326
GO:0043620;0.29034497099915796;0.137182092532644;0.6086158473470543;0.6177065679373258;0.1624123869232813;1.0;0.1503488378828354;0.6467030276923177;0.23797866202787676;0.1721911485410934;0.19386046519800876;0.40494241221593963;0.19374248737703761;0.3629992221048164;0.35202756724288653;0.26150584946846195;0.23258056385438805;0.16730871027422953;0.167341167508847;0.14086833924192554;0.32955308432920294;0.3832932491329523;0.0;0.20900262435753222;0.4890745741407781;0.19789033116589408;0.282890841426255;0.26852623710626944;0.0;0.26168670180213904;0.312646286446257;0.17212605814622786;0.2909254727969598;0.29092272156070775;0.4318626574047895;0.2038614850533001;0.13134863263303195;0.162334591980131;0.23795453675157843;0.16390879371880554;0.23396941680571046;0.17247643859396827;0.0;0.2043481082950063;0.1674515954783792;0.6078290504403622;0.13421766610420313;0.20429672626018613;0.20429722530772512;0.4808927408519978;0.10838137537661383;0.1371517143131657;0.1772005151806658;0.16310849181873668;0.17689411955732062;0.15895554141199222;0.12098580307512932;0.26196296177661144;0.23747734373064977;0.17157254234874428;0.2322535804303409;0.1588916219513308;0.5816115815460233;0.0
GO:0000212;0.1621740307017939;0.18788731408543005;0.0;0.0;0.32567560302094206;0.1503488378828354;1.0;0.0;0.0;0.44167345651803813;0.0;0.0;0.0;0.2706441142566979;0.0;0.0;0.0;0.7514222295081949;0.24946528534113635;0.33052939834810136;0.0;0.0;0.0;0.16292015718099837;0.19923765602990473;0.0;0.0;0.0;0.0;0.0;0.0;0.5268728034425424;0.0;0.0;0.0;0.0;0.17711390025244808;0.7284135228682286;0.0;0.0;0.14668241552394837;0.34959547839272265;0.25992804803886815;0.21229786662861616;0.5055355336862574;0.0;0.18237053367484296;0.0;0.0;0.0;0.1377517586131104;0.18783033350883102;0.2720287242113865;0.4073688100594881;0.0;0.39227759705724163;0.15877576209496894;0.22225353035795029;0.0;0.2589870873983933;0.1877384000241204;0.392048126121029;0.0;0.0
GO:0045892;0.0;0.0;0.9484840790665827;0.5393091836209483;0.0;0.6467030276923177;0.0;1.0;0.27194001189719474;0.0;0.16465350407200102;0.34591464268868233;0.16456838955369926;0.23453190389329298;0.30280880296148666;0.21101423044582876;0.18372503380124816;0.0;0.0;0.0;0.46802689099210876;0.3061304220577927;0.0;0.0;0.19813672356128822;0.16137790971943117;0.224721977716224;0.21556176956238102;0.0;0.21113197119711324;0.45955225468256367;0.0;0.22976267179755847;0.229760955770242;0.36006474894573776;0.16532690045236376;0.0;0.0;0.19540814007566684;0.19833845102342854;0.1636496662064977;0.0;0.0;0.12158499903308882;0.0;0.4991826439452543;0.0;0.16561303576386638;0.20693845772342237;0.4182660726636861;0.0;0.0;0.0;0.0;0.15225080414600772;0.0;0.0;0.0;0.0;0.0;0.0;0.0;0.5115893313040248;0.0
GO:2000675;0.0;0.0;0.253314263579937;0.1852092764099345;0.0;0.23797866202787676;0.0;0.27194001189719474;1.0;0.0;0.2345694218531959;0.22386750119738158;0.3713114624160712;0.40756729858700486;0.21122872445231253;0.34143826142376266;0.31436807910166126;0.0;0.0;0.0;0.24374103411653927;0.29262262073746315;0.0;0.0;0.3089480380478384;0.25414878080184045;0.3788290149179187;0.35350531074858643;0.0;0.3417466352358234;0.20899036408534918;0.0;0.3933775103478694;0.3933724801855889;0.27074320450209294;0.264082839378412;0.0;0.0;0.47898059882421634;0.26730818641822207;0.23253733827305448;0.0;0.0;0.19364928661708944;0.0;0.3022194396398173;0.0;0.26481366537648665;0.33089301361243345;0.1917221238311298;0.0;0.0;0.0;0.0;0.21017763773273054;0.0;0.0;0.0;0.0;0.0;0.0;0.0;0.17271344638571226;0.0
GO:0034622;0.18788106695088447;0.22328207652147147;0.0;0.0;0.29884426646279666;0.1721911485410934;0.44167345651803813;0.0;0.0;1.0;0.0;0.0;0.0;0.350730764745546;0.0;0.0;0.0;0.535730150614183;0.3159682963812105;0.6988427844607802;0.0;0.0;0.0;0.18888321690311086;0.23949616303802862;0.0;0.0;0.0;0.0;0.0;0.0;0.565614792083217;0.0;0.0;0.0;0.0;0.208229871304706;0.5064350689773384;0.0;0.0;0.16739902387056244;0.334789442507505;0.0;0.25862089212516426;0.536594541393798;0.0;0.21553383948207905;0.0;0.0;0.0;0.15586675855831658;0.22320161007224926;0.3530595849838747;0.6097940961744749;0.0;0.8610487628721599;0.18333515566518427;0.2735479054377243;0.0;0.3314004866216001;0.22307180344025385;0.5813045730430095;0.0;0.0
GO:0031116;0.0;0.0;0.15504816112366449;0.21894884512961044;0.0;0.19386046519800876;0.0;0.16465350407200102;0.2345694218531959;0.0;1.0;0.3983718325145051;0.2664494235743726;0.2932659305150825;0.2445391149239872;0.35817777481118074;0.2285245420778323;0.0;0.0;0.0;0.15002927759364063;0.27091297171596684;0.0;0.0;0.23848805201716314;0.1949463588957943;0.27808635741471394;0.2641935520460204;0.0;0.2575702266776642;0.13132556307261653;0.0;0.39776961544815465;0.39776591947190126;0.2988359886454207;0.20073857106138224;0.0;0.0;0.3263822238424958;0.2254998594233809;0.1902342644311954;0.0;0.0;0.14747377660399497;0.0;0.23445856738173704;0.0;0.2513556655033946;0.2011610496974291;0.22545524022910188;0.0;0.0;0.0;0.0;0.24352591746532426;0.0;0.0;0.0;0.0;0.0;0.0;0.0;0.3778596835703387;0.0
GO:0032206;0.0;0.0;0.32635323251826037;0.5355852828638641;0.0;0.40494241221593963;0.0;0.34591464268868233;0.22386750119738158;0.0;0.3983718325145051;1.0;0.25644238948203646;0.27672682022818945;0.5318767759527491;0.34032548667605145;0.27231795529787783;0.0;0.0;0.0;0.2884939849019481;0.4566751181779499;0.0;0.0;0.22743400510778647;0.23419742746104855;0.2631715418935019;0.2506955904936343;0.0;0.24472411468477334;0.2525690962337193;0.0;0.3758731656150132;0.3758698653499143;0.528276651708989;0.24081745626517734;0.0;0.0;0.3114928851864012;0.24856877796051174;0.1831342757496811;0.0;0.0;0.18990334247233143;0.0;0.4858778584712184;0.0;0.2391072287971456;0.1913585492540918;0.6101940606461261;0.0;0.0;0.0;0.0;0.23513959172122015;0.0;0.0;0.0;0.0;0.0;0.0;0.0;0.5609877250478483;0.0
GO:2001244;0.0;0.0;0.15497268527117886;0.21884068717162258;0.0;0.19374248737703761;0.0;0.16456838955369926;0.3713114624160712;0.0;0.2664494235743726;0.25644238948203646;1.0;0.2929960263465629;0.24440420473214153;0.4586065300741702;0.22831975223594686;0.0;0.0;0.0;0.1499586078254348;0.27068262796574577;0.0;0.0;0.23830952897317395;0.19479730952014776;0.2778436592890072;0.2639744883455639;0.0;0.50846434697819;0.13127141217279342;0.0;0.3974127855867861;0.39740909623867604;0.2149164993102152;0.20058053663803682;0.0;0.0;0.5963383517543513;0.16220158372558632;0.19012065763823013;0.0;0.0;0.14735836051743492;0.0;0.23428602382837344;0.0;0.2511573663555918;0.2010023496318607;0.2253405602897885;0.0;0.0;0.0;0.0;0.2433921225968487;0.0;0.0;0.0;0.0;0.0;0.0;0.0;0.20617464167361385;0.0
GO:0035556;0.19315654666792087;0.23077251877327531;0.2155144005234805;0.219971581961881;0.3124164044147374;0.3629992221048164;0.2706441142566979;0.23453190389329298;0.40756729858700486;0.350730764745546;0.2932659305150825;0.27672682022818945;0.2929960263465629;1.0;0.257668950433713;0.48180433379491416;0.47285395078387205;0.33105287116508203;0.3311799729337279;0.24139909362055537;0.20593852752882552;0.4253139800860521;0.0;0.19421592378747846;0.6714090952553747;0.34860982525340417;0.5597670223472132;0.5061866139576081;0.0;0.48241859883791827;0.17226184693153948;0.35046082129386386;0.5921253669683854;0.5921139700491794;0.3520778377607076;0.36757625454772674;0.21472974236078132;0.31212867210004125;0.40749654254237777;0.22975412155655833;0.46424917082090106;0.3519164227215028;0.0;0.36668842410677205;0.3316127680109612;0.4072327511243769;0.22250532586801133;0.36899367857125703;0.36899530658404117;0.22921972421585637;0.15948027459181627;0.23068656399140403;0.37216020413012396;0.3150023932773086;0.25610658758325017;0.2998718655694019;0.18835502568049375;0.28487605156415396;0.0;0.3481737949560652;0.2305479080874251;0.29964446140839474;0.20256523212431363;0.0
GO:0033138;0.0;0.0;0.2863463403365449;0.45923430152288575;0.0;0.35202756724288653;0.0;0.30280880296148666;0.21122872445231253;0.0;0.2445391149239872;0.5318767759527491;0.24440420473214153;0.257668950433713;1.0;0.3194444373090332;0.2014294242978448;0.0;0.0;0.0;0.3308586304314151;0.42735029946699454;0.0;0.0;0.21440103805671468;0.17487908888081613;0.24587667325867466;0.23495257514752482;0.0;0.22969967901180097;0.26808052278590994;0.0;0.3505643627710809;0.3505614919774749;0.4980280895871468;0.17952599314174367;0.0;0.0;0.29390866789477443;0.1507590462293231;0.17458859771739987;0.0;0.0;0.13197215672707382;0.0;0.4184164191317661;0.0;0.2247443186906366;0.1798638254611078;0.4719134405991534;0.0;0.0;0.0;0.0;0.2249787480077759;0.0;0.0;0.0;0.0;0.0;0.0;0.0;0.43437805317062894;0.0
GO:2001022;0.0;0.0;0.1954932620084589;0.2771321831517594;0.0;0.26150584946846195;0.0;0.21101423044582876;0.34143826142376266;0.0;0.35817777481118074;0.34032548667605145;0.4586065300741702;0.48180433379491416;0.3194444373090332;1.0;0.36919452733859104;0.0;0.0;0.0;0.1875812716653609;0.4242898822934899;0.0;0.0;0.3498045707917755;0.28882386481194716;0.4421526867040231;0.40803658310161345;0.0;0.4708216702245165;0.15922753934975353;0.0;0.6430340601214121;0.6430244011378395;0.301614936537949;0.30172236093469545;0.0;0.0;0.4750589619238046;0.20713867408693684;0.25495027516550883;0.0;0.0;0.2210057946993521;0.0;0.34120343806470754;0.0;0.3782029174994661;0.3026778333308366;0.2876390253805932;0.0;0.0;0.0;0.0;0.3177176563630585;0.0;0.0;0.0;0.0;0.0;0.0;0.0;0.2571282889771708;0.0
GO:0098909;0.0;0.0;0.16911746612693132;0.172545582677681;0.0;0.23258056385438805;0.0;0.18372503380124816;0.31436807910166126;0.0;0.2285245420778323;0.27231795529787783;0.22831975223594686;0.47285395078387205;0.2014294242978448;0.36919452733859104;1.0;0.0;0.0;0.0;0.16174310261202707;0.405454204061628;0.0;0.0;0.32326288276747656;0.4226231183639911;0.4260044225987091;0.38704524926896733;0.0;0.3696451854522727;0.13570697734004056;0.0;0.4493559761843716;0.44934777479479027;0.2729127321470616;0.5322713944996301;0.0;0.0;0.3143154785464895;0.1800598796765464;0.2261191082534713;0.0;0.0;0.34900702678473305;0.0;0.3141193682710172;0.0;0.35395233644457663;0.35395383443641626;0.17964973379470156;0.0;0.0;0.0;0.0;0.20023623191741727;0.0;0.0;0.0;0.0;0.0;0.0;0.0;0.15914228996644011;0.0
GO:0007020;0.18208330302977124;0.21514095312777665;0.0;0.0;0.2844383634752557;0.16730871027422953;0.7514222295081949;0.0;0.0;0.535730150614183;0.0;0.0;0.0;0.33105287116508203;0.0;0.0;0.0;1.0;0.29990851280466874;0.38052550492054654;0.0;0.0;0.0;0.18302440231133424;0.23015447479435772;0.0;0.0;0.0;0.0;0.0;0.0;0.6389953737689309;0.0;0.0;0.0;0.0;0.20113194524098663;0.5753580991336621;0.0;0.0;0.16278091886654558;0.3168138466506507;0.0;0.24776151681046743;0.607878505573784;0.0;0.20793832167333517;0.0;0.0;0.0;0.1518554031763914;0.21506624652359196;0.33312693061270204;0.48608029622193916;0.0;0.4647465530559831;0.17781043428397833;0.2614281693749289;0.0;0.313777391834318;0.21494572740337875;0.46442450098275007;0.0;0.0
GO:0007268;0.18212174645700335;0.2151946247443337;0.0;0.0;0.28453218656727;0.167341167508847;0.24946528534113635;0.0;0.0;0.3159682963812105;0.0;0.0;0.0;0.3311799729337279;0.0;0.0;0.0;0.29990851280466874;1.0;0.2244063315248711;0.0;0.0;0.0;0.1830632441983478;0.2302158997577853;0.2383657544968622;0.0;0.0;0.0;0.0;0.0;0.31574919494684744;0.0;0.0;0.0;0.0;0.20117885395774307;0.28429350466876974;0.0;0.0;0.16281164296324427;0.31693024799974867;0.0;0.24783270085001852;0.3003679453912097;0.0;0.2079884593194911;0.0;0.0;0.0;0.1518821410661707;0.2151198808675815;0.33325563027505645;0.2866755758844648;0.0;0.274089576291232;0.17784709442960256;0.2615074243573268;0.0;0.3138915722113818;0.2149993016453484;0.2738995821014204;0.0;0.0
GO:0006336;0.15119800578744857;0.17331119880042956;0.0;0.0;0.21563099394668284;0.14086833924192554;0.33052939834810136;0.0;0.0;0.6988427844607802;0.0;0.0;0.0;0.24139909362055537;0.0;0.0;0.0;0.38052550492054654;0.2244063315248711;1.0;0.0;0.0;0.0;0.15184635165415158;0.18292370607834013;0.0;0.0;0.0;0.0;0.0;0.0;0.3953630145077838;0.0;0.0;0.0;0.0;0.1641035681884552;0.36550774334774444;0.0;0.0;0.13764476659368238;0.23373880421869006;0.0;0.19387391748885655;0.38096140056742456;0.0;0.16860647169802645;0.0;0.0;0.0;0.12975109703224538;0.1732627151407604;0.2425000282353325;0.43902916921642565;0.0;0.6280178554818021;0.14823996903663217;0.20214293425200358;0.0;0.23208184050596267;0.17318448592421615;0.4240659511675685;0.0;0.0
GO:0097340;0.0;0.0;0.4457238766590394;0.27897915311320937;0.0;0.32955308432920294;0.0;0.46802689099210876;0.24374103411653927;0.0;0.15002927759364063;0.2884939849019481;0.1499586078254348;0.20593852752882552;0.3308586304314151;0.1875812716653609;0.16174310261202707;0.0;0.0;0.0;1.0;0.2708520273244341;0.0;0.0;0.1773355991219689;0.14416778384208226;0.1983360098834305;0.19116630989909644;0.0;0.18767430859212045;0.3921840190439342;0.0;0.20225216670421967;0.20225083700931257;0.3873426813242195;0.14731120453818522;0.0;0.0;0.17514669125567933;0.182904965570163;0.14919538736166837;0.0;0.0;0.10839335088814955;0.0;0.3810945535913448;0.0;0.14753833431370525;0.18435353605336136;0.2601314961078953;0.0;0.0;0.0;0.0;0.1688330487841207;0.0;0.0;0.0;0.0;0.0;0.0;0.0;0.26567617483177935;0.0
GO:0010628;0.0;0.0;0.28272630251247854;0.4480728871262907;0.0;0.3832932491329523;0.0;0.3061304220577927;0.29262262073746315;0.0;0.27091297171596684;0.4566751181779499;0.27068262796574577;0.4253139800860521;0.42735029946699454;0.4242898822934899;0.405454204061628;0.0;0.0;0.0;0.2708520273244341;1.0;0.0;0.0;0.3003143877051632;0.3105504839090926;0.38702989585669956;0.35460194469767753;0.0;0.3399414287599842;0.16429901299998792;0.0;0.5075679909189924;0.5075596165945673;0.38334442266799107;0.3255127985857706;0.0;0.0;0.36558307305429294;0.1727087590581418;0.2146459698603648;0.0;0.0;0.23826562832780496;0.0;0.50838115211972;0.0;0.4081255421945559;0.3266251646767062;0.38302510984378585;0.0;0.0;0.0;0.0;0.23889313365406484;0.0;0.0;0.0;0.0;0.0;0.0;0.0;0.4145286140073273;0.0
GO:0070198;0.0;0.0;0.0;0.0;0.0;0.0;0.0;0.0;0.0;0.0;0.0;0.0;0.0;0.0;0.0;0.0;0.0;0.0;0.0;0.0;0.0;0.0;1.0;0.0;0.0;0.0;0.0;0.0;0.0;0.0;0.0;0.0;0.0;0.0;0.0;0.0;0.0;0.0;0.0;0.0;0.0;0.0;0.0;0.3209043791389928;0.0;0.0;0.0;0.0;0.0;0.0;0.0;0.0;0.0;0.0;0.0;0.0;0.0;0.0;0.0;0.40238924601277526;0.0;0.0;0.0;0.0
GO:0071320;0.2223044190758354;0.14757188850803415;0.0;0.0;0.17718109445935468;0.20900262435753222;0.16292015718099837;0.0;0.0;0.18888321690311086;0.0;0.0;0.0;0.19421592378747846;0.0;0.0;0.0;0.18302440231133424;0.1830632441983478;0.15184635165415158;0.0;0.0;0.0;1.0;0.26169818823298374;0.0;0.0;0.0;0.0;0.0;0.0;0.1888048980917249;0.0;0.0;0.0;0.0;0.14084301763721657;0.17708851195727476;0.0;0.0;0.12089750899933946;0.1892265545949712;0.0;0.16222225878200788;0.18319540502094245;0.0;0.14414702791843323;0.0;0.0;0.0;0.11476504263002181;0.14753673509834822;0.19492791226348913;0.17800987671907056;0.0;0.17307492672739314;0.12899547737907327;0.5069287095590445;0.19438909484279163;0.18813912232862165;0.49448404098822113;0.17299915022474174;0.0;0.0
GO:0030330;0.412943727572213;0.17675608141024798;0.18439063566260205;0.18764368198914022;0.2209896584999058;0.4890745741407781;0.19923765602990473;0.19813672356128822;0.3089480380478384;0.23949616303802862;0.23848805201716314;0.22743400510778647;0.23830952897317395;0.6714090952553747;0.21440103805671468;0.3498045707917755;0.32326288276747656;0.23015447479435772;0.2302158997577853;0.18292370607834013;0.1773355991219689;0.3003143877051632;0.0;0.26169818823298374;1.0;0.25993091340218194;0.3891557476549713;0.36248120418770025;0.0;0.35012824916885693;0.15178367718272248;0.23937026231740247;0.40452431557634566;0.40451899630619265;0.2759771223331906;0.2703313818880512;0.1671888784573519;0.22084565204836018;0.3089073792987746;0.1947159244671117;0.3782977253513393;0.2400484228587622;0.0;0.2704480685035401;0.23042495055106413;0.30875576596561627;0.17186510417776732;0.27109725177581845;0.27109813053460463;0.19433195677242884;0.1316723253521764;0.17670565146967748;0.24929839695292916;0.22228043830534752;0.21331822394084535;0.21463833276820576;0.15075304045869103;0.3503976577519029;0.33375884646062376;0.23830112889593025;0.299203624799196;0.21452180346313426;0.17482856534201655;0.0
GO:0086091;0.0;0.0;0.14999771149035568;0.15268834023598055;0.0;0.19789033116589408;0.0;0.16137790971943117;0.25414878080184045;0.0;0.1949463588957943;0.23419742746104855;0.19479730952014776;0.34860982525340417;0.17487908888081613;0.28882386481194716;0.4226231183639911;0.0;0.2383657544968622;0.0;0.14416778384208226;0.3105504839090926;0.0;0.0;0.25993091340218194;1.0;0.3224649690875226;0.2996348219971448;0.2687502125715889;0.28909959698729776;0.12311425211318491;0.0;0.33566894918135876;0.3356643727100739;0.22635221774684094;0.35130624264553423;0.0;0.0;0.25411440099546145;0.15854326371893127;0.19319316404885795;0.0;0.0;0.2763201583377742;0.0;0.25398620357982105;0.0;0.2794109557248542;0.2794118892077294;0.1582251969765513;0.0;0.0;0.0;0.0;0.17397901193538848;0.0;0.0;0.0;0.0;0.0;0.0;0.0;0.1420978642819482;0.0
GO:0030334;0.0;0.0;0.20720269853034226;0.2113194274755862;0.0;0.282890841426255;0.0;0.224721977716224;0.3788290149179187;0.0;0.27808635741471394;0.2631715418935019;0.2778436592890072;0.5597670223472132;0.24587667325867466;0.4421526867040231;0.4260044225987091;0.0;0.0;0.0;0.1983360098834305;0.38702989585669956;0.0;0.0;0.3891557476549713;0.3224649690875226;1.0;0.46260170464882;0.0;0.44266995203059595;0.1669101667487551;0.0;0.5333440413335776;0.5333347948658044;0.3304242968578702;0.42312408680197594;0.0;0.0;0.37876788459763955;0.22033178265291237;0.2752349405007094;0.0;0.0;0.24776981606765788;0.0;0.37853996644106863;0.0;0.339829849696999;0.3398312305353932;0.21984027148329982;0.0;0.0;0.0;0.0;0.2932704307600216;0.0;0.0;0.0;0.0;0.0;0.0;0.0;0.19520528426326036;0.0
GO:0010389;0.0;0.0;0.19939024636338726;0.20319953659996723;0.0;0.26852623710626944;0.0;0.21556176956238102;0.35350531074858643;0.0;0.2641935520460204;0.2506955904936343;0.2639744883455639;0.5061866139576081;0.23495257514752482;0.40803658310161345;0.38704524926896733;0.0;0.0;0.0;0.19116630989909644;0.35460194469767753;0.0;0.0;0.36248120418770025;0.2996348219971448;0.46260170464882;1.0;0.0;0.4084770647656124;0.1618032578925648;0.0;0.48448184249684667;0.5792917441737468;0.31099262707092457;0.3135402408843733;0.0;0.0;0.35345207948544344;0.3352007859704955;0.2616186049440943;0.0;0.0;0.22958261130223656;0.0;0.35325360203344597;0.0;0.3145709719052879;0.31457215510202796;0.29342850639440643;0.0;0.0;0.0;0.0;0.2336528534640899;0.0;0.0;0.0;0.0;0.0;0.0;0.0;0.18825617940965697;0.0
GO:0035264;0.0;0.0;0.0;0.0;0.32892197884492824;0.0;0.0;0.0;0.0;0.0;0.0;0.0;0.0;0.0;0.0;0.0;0.0;0.0;0.0;0.0;0.0;0.0;0.0;0.0;0.0;0.2687502125715889;0.0;0.0;1.0;0.0;0.0;0.0;0.0;0.0;0.0;0.0;0.0;0.0;0.0;0.0;0.0;0.0;0.3707095816583137;0.0;0.0;0.0;0.0;0.0;0.0;0.0;0.0;0.0;0.0;0.0;0.0;0.0;0.0;0.0;0.0;0.0;0.0;0.0;0.0;0.332456861831183
GO:0035023;0.0;0.0;0.19559431497722116;0.19925861285241178;0.0;0.26168670180213904;0.0;0.21113197119711324;0.3417466352358234;0.0;0.2575702266776642;0.24472411468477334;0.50846434697819;0.48241859883791827;0.22969967901180097;0.4708216702245165;0.3696451854522727;0.0;0.0;0.0;0.18767430859212045;0.3399414287599842;0.0;0.0;0.35012824916885693;0.28909959698729776;0.44266995203059595;0.4084770647656124;0.0;1.0;0.15929457104675585;0.0;0.46266449763398;0.4626575394755316;0.3018555461985472;0.3020232835364089;0.0;0.0;0.34169688609825044;0.20725212846180788;0.25512217075845445;0.0;0.0;0.2212242627762742;0.0;0.3415113876646222;0.0;0.30297956818068444;0.30298066578624994;0.20681718319414233;0.0;0.0;0.0;0.0;0.22845727044371375;0.0;0.0;0.0;0.0;0.0;0.0;0.0;0.18486874458033217;0.0
GO:0007194;0.0;0.0;0.4400034734943124;0.26987175510619477;0.0;0.312646286446257;0.0;0.45955225468256367;0.20899036408534918;0.0;0.13132556307261653;0.2525690962337193;0.13127141217279342;0.17226184693153948;0.26808052278590994;0.15922753934975353;0.13570697734004056;0.0;0.0;0.0;0.3921840190439342;0.16429901299998792;0.0;0.0;0.15178367718272248;0.12311425211318491;0.1669101667487551;0.1618032578925648;0.0;0.15929457104675585;1.0;0.0;0.16967498074604845;0.16967404490580562;0.253376223017424;0.12539933559914312;0.0;0.0;0.1501772580836342;0.1626144575177322;0.13068618692537537;0.0;0.0;0.09232992376387475;0.0;0.29648451355089356;0.0;0.12556388389584963;0.15689576558105464;0.27564930276831956;0.0;0.0;0.0;0.0;0.14906924244217948;0.0;0.0;0.0;0.0;0.0;0.0;0.0;0.25833941107060165;0.0
GO:0035063;0.1878035768301718;0.2231726420165625;0.0;0.0;0.29864826271259065;0.17212605814622786;0.5268728034425424;0.0;0.0;0.565614792083217;0.0;0.0;0.0;0.35046082129386386;0.0;0.0;0.0;0.6389953737689309;0.31574919494684744;0.3953630145077838;0.0;0.0;0.0;0.1888048980917249;0.23937026231740247;0.0;0.0;0.0;0.0;0.0;0.0;1.0;0.0;0.0;0.0;0.0;0.20813469102788368;0.604076385405943;0.0;0.0;0.16733750537987824;0.33454347158287745;0.0;0.25847408738580874;0.6400256652729422;0.0;0.2154318665586933;0.0;0.0;0.0;0.15581342287884278;0.22309225440987943;0.3527860462290142;0.5105558469828326;0.0;0.4870714818252516;0.18326136929624245;0.2733836705476512;0.0;0.3311594684548116;0.2229625749050063;0.4867177576907355;0.0;0.0
GO:0008284;0.0;0.0;0.21148060486064488;0.3002556879100394;0.0;0.2909254727969598;0.0;0.22976267179755847;0.3933775103478694;0.0;0.39776961544815465;0.3758731656150132;0.3974127855867861;0.5921253669683854;0.3505643627710809;0.6430340601214121;0.4493559761843716;0.0;0.0;0.0;0.20225216670421967;0.5075679909189924;0.0;0.0;0.40452431557634566;0.33566894918135876;0.5333440413335776;0.48448184249684667;0.0;0.46266449763398;0.16967498074604845;0.0;1.0;0.7829263705018632;0.34143841357139965;0.3532179519327925;0.0;0.0;0.5473123499903957;0.22517532688347602;0.28283473106099327;0.0;0.0;0.2583352642605918;0.0;0.39306584354571616;0.0;0.4429907558205107;0.3545281093308017;0.31262816873150107;0.0;0.0;0.0;0.0;0.34848584627029155;0.0;0.0;0.0;0.0;0.0;0.0;0.0;0.27691491086067527;0.0
GO:0045787;0.0;0.0;0.21147915105417556;0.3002535819533418;0.0;0.29092272156070775;0.0;0.229760955770242;0.3933724801855889;0.0;0.39776591947190126;0.3758698653499143;0.39740909623867604;0.5921139700491794;0.3505614919774749;0.6430244011378395;0.44934777479479027;0.0;0.0;0.0;0.20225083700931257;0.5075596165945673;0.0;0.0;0.40451899630619265;0.3356643727100739;0.5333347948658044;0.5792917441737468;0.0;0.4626575394755316;0.16967404490580562;0.0;0.7829263705018632;1.0;0.3414346240144811;0.3532128844342762;0.0;0.0;0.5473053526187601;0.26924292288674545;0.2828321307219408;0.0;0.0;0.2583315963374313;0.0;0.3930608213508639;0.0;0.44298437683569586;0.3545230041700671;0.3993116275653112;0.0;0.0;0.0;0.0;0.3484830094178333;0.0;0.0;0.0;0.0;0.0;0.0;0.0;0.27691311959555037;0.0
GO:1900112;0.0;0.0;0.3370250174444743;0.3425014966687898;0.0;0.4318626574047895;0.0;0.36006474894573776;0.27074320450209294;0.0;0.2988359886454207;0.528276651708989;0.2149164993102152;0.3520778377607076;0.4980280895871468;0.301614936537949;0.2729127321470616;0.0;0.0;0.0;0.3873426813242195;0.38334442266799107;0.0;0.0;0.2759771223331906;0.22635221774684094;0.3304242968578702;0.31099262707092457;0.0;0.3018555461985472;0.253376223017424;0.0;0.34143841357139965;0.3414346240144811;1.0;0.23419856432814035;0.0;0.0;0.2707119792950176;0.28294395465722155;0.21335230641093328;0.0;0.0;0.17188622581658197;0.0;0.5362425034829328;0.0;0.23477316495852077;0.2347738240051925;0.3537141990739853;0.0;0.0;0.0;0.0;0.19437938033199392;0.0;0.0;0.0;0.0;0.0;0.0;0.0;0.3525259833394947;0.0
GO:0060307;0.0;0.0;0.15340350585971058;0.15621885331668336;0.0;0.2038614850533001;0.0;0.16532690045236376;0.264082839378412;0.0;0.20073857106138224;0.24081745626517734;0.20058053663803682;0.36757625454772674;0.17952599314174367;0.30172236093469545;0.5322713944996301;0.0;0.0;0.0;0.14731120453818522;0.3255127985857706;0.0;0.0;0.2703313818880512;0.35130624264553423;0.42312408680197594;0.3135402408843733;0.0;0.3020232835364089;0.12539933559914312;0.0;0.3532179519327925;0.3532128844342762;0.23419856432814035;1.0;0.0;0.0;0.26404571959526063;0.16235310513386741;0.19888014384974878;0.0;0.0;0.28810324930501263;0.0;0.2639073086561799;0.0;0.29146487157659484;0.2914658873386729;0.1620195843256201;0.0;0.0;0.0;0.0;0.3964749106201308;0.0;0.0;0.0;0.0;0.0;0.0;0.0;0.14515071260822926;0.0
GO:0006468;0.473787696184057;0.4860208089106123;0.0;0.0;0.1940974447836439;0.13134863263303195;0.17711390025244808;0.0;0.0;0.208229871304706;0.0;0.0;0.0;0.21472974236078132;0.0;0.0;0.0;0.20113194524098663;0.20117885395774307;0.1641035681884552;0.0;0.0;0.0;0.14084301763721657;0.1671888784573519;0.0;0.0;0.0;0.0;0.0;0.0;0.20813469102788368;0.0;0.0;0.0;0.0;1.0;0.1939863452786371;0.0;0.0;0.8494306973718438;0.20864722250720213;0.0;0.1762894094653106;0.20133847719399683;0.0;0.5239837315078858;0.0;0.0;0.0;0.4107882124487394;0.5372697280067331;0.21560041700598281;0.1950924819871089;0.0;0.18918065442904958;0.5106286751961797;0.183100093129669;0.0;0.20732590497601172;0.1590156710960072;0.1890901224534951;0.0;0.0
GO:0070192;0.17620731973446976;0.2069854747182834;0.0;0.0;0.3689144110828147;0.162334591980131;0.7284135228682286;0.0;0.0;0.5064350689773384;0.0;0.0;0.0;0.31212867210004125;0.0;0.0;0.0;0.5753580991336621;0.28429350466876974;0.36550774334774444;0.0;0.0;0.0;0.17708851195727476;0.22084565204836018;0.0;0.0;0.0;0.0;0.0;0.0;0.604076385405943;0.0;0.0;0.0;0.0;0.1939863452786371;1.0;0.0;0.0;0.15806859034118692;0.4010033460222323;0.2979616773962813;0.2370072225325093;0.6690841327577718;0.0;0.2003100905016923;0.0;0.0;0.0;0.14774642610547573;0.20691632374844363;0.3139717271395563;0.46184071640981517;0.0;0.4425393957936689;0.1722027468114598;0.2494833277901783;0.0;0.29672585517101646;0.20680476332047462;0.4422473761932672;0.0;0.0
GO:0043525;0.0;0.0;0.1820252599159719;0.25770744588035793;0.0;0.23795453675157843;0.0;0.19540814007566684;0.47898059882421634;0.0;0.3263822238424958;0.3114928851864012;0.5963383517543513;0.40749654254237777;0.29390866789477443;0.4750589619238046;0.3143154785464895;0.0;0.0;0.0;0.17514669125567933;0.36558307305429294;0.0;0.0;0.3089073792987746;0.25411440099546145;0.37876788459763955;0.35345207948544344;0.0;0.34169688609825044;0.1501772580836342;0.0;0.5473123499903957;0.5473053526187601;0.2707119792950176;0.26404571959526063;0.0;0.0;1.0;0.1920801180978877;0.23251430356779493;0.0;0.0;0.19362227801991846;0.0;0.30218053251248916;0.0;0.3308453266451201;0.2647771781302242;0.2667689368952594;0.0;0.0;0.0;0.0;0.2924462917939684;0.0;0.0;0.0;0.0;0.0;0.0;0.0;0.24032153752541419;0.0
GO:1904908;0.0;0.0;0.18824341918254262;0.13702019759588288;0.0;0.16390879371880554;0.0;0.19833845102342854;0.26730818641822207;0.0;0.2254998594233809;0.24856877796051174;0.16220158372558632;0.22975412155655833;0.1507590462293231;0.20713867408693684;0.1800598796765464;0.0;0.0;0.0;0.182904965570163;0.1727087590581418;0.0;0.0;0.1947159244671117;0.15854326371893127;0.22033178265291237;0.3352007859704955;0.0;0.20725212846180788;0.1626144575177322;0.0;0.22517532688347602;0.26924292288674545;0.28294395465722155;0.16235310513386741;0.0;0.0;0.1920801180978877;1.0;0.1613090246594791;0.0;0.0;0.11940845869050787;0.0;0.19202148723592624;0.0;0.16262903079258748;0.20320984672060205;0.19539917697311357;0.0;0.0;0.0;0.0;0.1502228565343188;0.0;0.0;0.0;0.0;0.0;0.0;0.0;0.15551282368916136;0.0
GO:0000165;0.40692045860418635;0.4096634005964119;0.15415771151665345;0.15642490505440668;0.15814234932274035;0.23396941680571046;0.14668241552394837;0.1636496662064977;0.23253733827305448;0.16739902387056244;0.1902342644311954;0.1831342757496811;0.19012065763823013;0.46424917082090106;0.17458859771739987;0.25495027516550883;0.2261191082534713;0.16278091886654558;0.16281164296324427;0.13764476659368238;0.14919538736166837;0.2146459698603648;0.0;0.12089750899933946;0.3782977253513393;0.19319316404885795;0.2752349405007094;0.2616186049440943;0.0;0.25512217075845445;0.13068618692537537;0.16733750537987824;0.28283473106099327;0.2828321307219408;0.21335230641093328;0.19888014384974878;0.8494306973718438;0.15806859034118692;0.23251430356779493;0.1613090246594791;1.0;0.1676686430617111;0.0;0.19938408146136652;0.16291617193010577;0.23242839570892612;0.44340216732051435;0.19929435313851177;0.1992948280460513;0.16104541821068297;0.35955997715457744;0.4528790165061521;0.17212961636292579;0.15880225798090392;0.17386991140207694;0.15486304937394627;0.4396899567068803;0.1507645449316654;0.0;0.16681431203674466;0.13404728892587892;0.1548023782743513;0.1474168848151347;0.0
GO:0000086;0.18822076776607977;0.22376201576075597;0.0;0.0;0.2997046347969722;0.17247643859396827;0.34959547839272265;0.0;0.0;0.334789442507505;0.0;0.0;0.0;0.3519164227215028;0.0;0.0;0.0;0.3168138466506507;0.31693024799974867;0.23373880421869006;0.0;0.0;0.0;0.1892265545949712;0.2400484228587622;0.0;0.0;0.0;0.0;0.0;0.0;0.33454347158287745;0.0;0.0;0.0;0.0;0.20864722250720213;0.4010033460222323;0.0;0.0;0.1676686430617111;1.0;0.0;0.25926499244640566;0.31732657817685483;0.0;0.21598101402517847;0.0;0.0;0.0;0.15610048281150793;0.2236812030811187;0.35426106752389586;0.3020836634101907;0.0;0.2881412738983515;0.1836586026134418;0.27426860710256845;0.0;0.33245885554176463;0.22355083818204155;0.2879313070200057;0.0;0.0
GO:0072520;0.0;0.0;0.0;0.0;0.6070372661654787;0.0;0.25992804803886815;0.0;0.0;0.0;0.0;0.0;0.0;0.0;0.0;0.0;0.0;0.0;0.0;0.0;0.0;0.0;0.0;0.0;0.0;0.0;0.0;0.0;0.3707095816583137;0.0;0.0;0.0;0.0;0.0;0.0;0.0;0.0;0.2979616773962813;0.0;0.0;0.0;0.0;1.0;0.0;0.0;0.0;0.0;0.0;0.0;0.0;0.0;0.0;0.0;0.0;0.0;0.0;0.0;0.0;0.0;0.0;0.0;0.0;0.0;0.3011268163004031
GO:0051661;0.16148249643822254;0.18695973174521077;0.11285588816932311;0.1149175553359105;0.23717308500246326;0.2043481082950063;0.21229786662861616;0.12158499903308882;0.19364928661708944;0.25862089212516426;0.14747377660399497;0.18990334247233143;0.14735836051743492;0.36668842410677205;0.13197215672707382;0.2210057946993521;0.34900702678473305;0.24776151681046743;0.24783270085001852;0.19387391748885655;0.10839335088814955;0.23826562832780496;0.3209043791389928;0.16222225878200788;0.2704480685035401;0.2763201583377742;0.24776981606765788;0.22958261130223656;0.0;0.2212242627762742;0.09232992376387475;0.25847408738580874;0.2583352642605918;0.2583315963374313;0.17188622581658197;0.28810324930501263;0.1762894094653106;0.2370072225325093;0.19362227801991846;0.11940845869050787;0.19938408146136652;0.25926499244640566;0.0;1.0;0.24807498700023822;0.1935215687958512;0.18149649660434689;0.2135566103743542;0.21355734826204184;0.11916432884957405;0.13725250138924402;0.18690331231105115;0.2700886070059822;0.238660475046854;0.13127862566995435;0.22987282732849473;0.15811284640142692;0.22095676052272784;0.0;0.5268316032890922;0.1868122838274401;0.22973917420152024;0.10681043189000164;0.0
GO:0032508;0.18225255087842518;0.21537727416435504;0.0;0.0;0.28485158813885847;0.1674515954783792;0.5055355336862574;0.0;0.0;0.536594541393798;0.0;0.0;0.0;0.3316127680109612;0.0;0.0;0.0;0.607878505573784;0.3003679453912097;0.38096140056742456;0.0;0.0;0.0;0.18319540502094245;0.23042495055106413;0.0;0.0;0.0;0.0;0.0;0.0;0.6400256652729422;0.0;0.0;0.0;0.0;0.20133847719399683;0.6690841327577718;0.0;0.0;0.16291617193010577;0.31732657817685483;0.0;0.24807498700023822;1.0;0.0;0.20815907604066214;0.0;0.0;0.0;0.1519731031591094;0.215302403376027;0.3336938709942968;0.48679178662283007;0.0;0.4653969185139756;0.17797182848398274;0.2617772000670544;0.0;0.3142803342617355;0.21518161950901452;0.46507396476510215;0.0;0.0
GO:0048024;0.0;0.0;0.46500510638029197;0.47309934117252533;0.0;0.6078290504403622;0.0;0.4991826439452543;0.3022194396398173;0.0;0.23445856738173704;0.4858778584712184;0.23428602382837344;0.4072327511243769;0.4184164191317661;0.34120343806470754;0.3141193682710172;0.0;0.0;0.0;0.3810945535913448;0.50838115211972;0.0;0.0;0.30875576596561627;0.25398620357982105;0.37853996644106863;0.35325360203344597;0.0;0.3415113876646222;0.29648451355089356;0.0;0.39306584354571616;0.3930608213508639;0.5362425034829328;0.2639073086561799;0.0;0.0;0.30218053251248916;0.19202148723592624;0.23242839570892612;0.0;0.0;0.1935215687958512;0.0;1.0;0.0;0.2646371621029818;0.26463799948007827;0.4161370806446832;0.0;0.0;0.0;0.0;0.21008863470589356;0.0;0.0;0.0;0.0;0.0;0.0;0.0;0.44119104955470184;0.0
GO:0031297;0.8104344646210342;0.8173199648374823;0.0;0.0;0.20042855373029406;0.13421766610420313;0.18237053367484296;0.0;0.0;0.21553383948207905;0.0;0.0;0.0;0.22250532586801133;0.0;0.0;0.0;0.20793832167333517;0.2079884593194911;0.16860647169802645;0.0;0.0;0.0;0.14414702791843323;0.17186510417776732;0.0;0.0;0.0;0.0;0.0;0.0;0.2154318665586933;0.0;0.0;0.0;0.0;0.5239837315078858;0.2003100905016923;0.0;0.0;0.44340216732051435;0.21598101402517847;0.0;0.18149649660434689;0.20815907604066214;0.0;1.0;0.0;0.0;0.0;0.6609338191341778;0.9219092461610838;0.22344033549735332;0.2014897396900794;0.0;0.19519010685637417;0.7953649228188272;0.18872370575295402;0.0;0.21456549251461757;0.16324009150573085;0.19509373337395503;0.0;0.0
GO:0045070;0.0;0.0;0.15364982648260347;0.19551895306507788;0.0;0.20429672626018613;0.0;0.16561303576386638;0.26481366537648665;0.0;0.2513556655033946;0.2391072287971456;0.2511573663555918;0.36899367857125703;0.2247443186906366;0.3782029174994661;0.35395233644457663;0.0;0.0;0.0;0.14753833431370525;0.4081255421945559;0.0;0.0;0.27109725177581845;0.2794109557248542;0.339829849696999;0.3145709719052879;0.0;0.30297956818068444;0.12556388389584963;0.0;0.4429907558205107;0.44298437683569586;0.23477316495852077;0.29146487157659484;0.0;0.0;0.3308453266451201;0.16262903079258748;0.19929435313851177;0.0;0.0;0.2135566103743542;0.0;0.2646371621029818;0.0;1.0;0.6492592606340476;0.2027912918506491;0.0;0.0;0.0;0.0;0.22355479859251148;0.0;0.0;0.0;0.0;0.0;0.0;0.0;0.1816453468349878;0.0
GO:0045071;0.0;0.0;0.191990041284636;0.1564745984170579;0.0;0.20429722530772512;0.0;0.20693845772342237;0.33089301361243345;0.0;0.2011610496974291;0.1913585492540918;0.2010023496318607;0.36899530658404117;0.1798638254611078;0.3026778333308366;0.35395383443641626;0.0;0.0;0.0;0.18435353605336136;0.3266251646767062;0.0;0.0;0.27109813053460463;0.2794118892077294;0.3398312305353932;0.31457215510202796;0.0;0.30298066578624994;0.15689576558105464;0.0;0.3545281093308017;0.3545230041700671;0.2347738240051925;0.2914658873386729;0.0;0.0;0.2647771781302242;0.20320984672060205;0.1992948280460513;0.0;0.0;0.21355734826204184;0.0;0.26463799948007827;0.0;0.6492592606340476;1.0;0.1622946914637711;0.0;0.0;0.0;0.0;0.17891184547669908;0.0;0.0;0.0;0.0;0.0;0.0;0.0;0.1453714766848829;0.0
GO:0010571;0.0;0.0;0.39700634637714044;0.6633615964336196;0.0;0.4808927408519978;0.0;0.4182660726636861;0.1917221238311298;0.0;0.22545524022910188;0.6101940606461261;0.2253405602897885;0.22921972421585637;0.4719134405991534;0.2876390253805932;0.17964973379470156;0.0;0.0;0.0;0.2601314961078953;0.38302510984378585;0.0;0.0;0.19433195677242884;0.1582251969765513;0.21984027148329982;0.29342850639440643;0.0;0.20681718319414233;0.27564930276831956;0.0;0.31262816873150107;0.3993116275653112;0.3537141990739853;0.1620195843256201;0.0;0.0;0.2667689368952594;0.19539917697311357;0.16104541821068297;0.0;0.0;0.11916432884957405;0.0;0.4161370806446832;0.0;0.2027912918506491;0.1622946914637711;1.0;0.0;0.0;0.0;0.0;0.20872429411534274;0.0;0.0;0.0;0.0;0.0;0.0;0.0;0.6297032090419477;0.0
