;GO:0014068;GO:0014066;GO:0046579;GO:0046854;GO:0022008;GO:1902715;GO:0003334;GO:0032725;GO:0001701;GO:0032729;GO:0031077;GO:0010811;GO:0050679;GO:0035556;GO:0019800;GO:1902043;GO:0007265;GO:0009967;GO:0060513;GO:0090190;GO:0030538;GO:0007416;GO:0001837;GO:0001839;GO:0010543;GO:0051259;GO:0051897;GO:0043406;GO:0033089;GO:0008285;GO:0038095;GO:0021533;GO:0097190;GO:0045664;GO:0046632;GO:0060825;GO:0045944;GO:0044336;GO:0060302;GO:0021773;GO:0048538;GO:0045668;GO:0032825;GO:0000165;GO:0007229;GO:0001766;GO:0046641;GO:0001649;GO:0050852;GO:0050853;GO:0031295;GO:0033077;GO:0038083;GO:0048304;GO:0045954;GO:0030514;GO:0002863;GO:0050860;GO:1990830;GO:2001234;GO:2000147;GO:0021915;GO:0060044;GO:0045727;GO:0006366;GO:0048712;GO:0048557;GO:0045840;GO:0043303;GO:0001865;GO:0002437;GO:0032760;GO:0051965;GO:2000313;GO:0060272;GO:0021902;GO:0060394;GO:0003382;GO:0030217;GO:0010629;GO:0048570;GO:0045066;GO:0030336;GO:0032753;GO:0061037;GO:0061312;GO:1905006;GO:0090630;GO:0045589;GO:0090193;GO:1904837;GO:0000122;GO:0045595;GO:0071353;GO:0047496;GO:0010951;GO:0045070;GO:0006351;GO:0033153;GO:0007169;GO:0007202;GO:0042089;GO:0042246;GO:0060335;GO:0090090;GO:0045086;GO:0045087;GO:0043066;GO:0046330;GO:0070374;GO:0032733
GO:0014068;1.0;0.7518271955810617;0.8734706377635423;0.0;0.0;0.3119245385889649;0.0;0.3664525123921684;0.0;0.3660416591243969;0.0;0.39047664275918853;0.5173796448201861;0.4056043688051122;0.0;0.6909624239846922;0.3824681016883629;0.8990384789163925;0.0;0.284354327538568;0.0;0.0;0.0;0.0;0.37202038200285464;0.0;0.911846813896294;0.47607694581692284;0.2827731102883177;0.40018012627196836;0.3906571517491743;0.0;0.40654062681619485;0.35752566319288437;0.0;0.36189085293518375;0.27757328066941783;0.3621999304868748;0.49520885825053856;0.0;0.0;0.3211563293321677;0.322797854329534;0.23796660125424254;0.39356932146782014;0.0;0.29896679138151233;0.0;0.41873678935611497;0.4187318097615786;0.36275646900561603;0.0;0.0;0.25488354949601727;0.32138825922371383;0.34539204016168545;0.39232730250180814;0.47993414001009616;0.0;0.46634267793713496;0.47495858823603354;0.0;0.2295465636179456;0.29569073414721403;0.0;0.26380403150665643;0.0;0.40237188945100544;0.0;0.0;0.0;0.3465531139604224;0.39889105543949105;0.5696192675006428;0.0;0.0;0.32424480646349657;0.0;0.0;0.2856827949874877;0.0;0.0;0.3296997590526061;0.36634151173910895;0.2841479987996696;0.22941838501657036;0.293055262305725;0.19682180640422892;0.3086789445509716;0.3359575346655284;0.0;0.1998759292187506;0.43037813461773905;0.0;0.0;0.22658945850561854;0.34005792741284807;0.0;0.0;0.3815937318016361;0.1777540620891723;0.0;0.0;0.6325464002881084;0.5126182991342256;0.2987620536695062;0.0;0.3550981206459164;0.5159567291514825;0.5587083191841935;0.3662488378222692
GO:0014066;0.7518271955810617;1.0;0.6602565755634601;0.0;0.0;0.26739289668621596;0.0;0.39400181218412156;0.0;0.39340946765590573;0.0;0.4294450652124766;0.5018697079719585;0.5539293910112495;0.0;0.518457744316216;0.5116595208260976;0.718340829019283;0.0;0.28400628829625824;0.0;0.0;0.0;0.0;0.4701129115131106;0.0;0.696458799528822;0.3250950411329455;0.23846910847976344;0.5438618373457523;0.5002718736212044;0.0;0.5556770869152925;0.46798303959681553;0.0;0.47549045094414233;0.23340826740115636;0.47602416949512505;0.6137929271693747;0.0;0.0;0.4075683915771159;0.2784271845862187;0.2823185626915947;0.5317236962996926;0.0;0.2544193702519076;0.0;0.3930139012377006;0.39300819731967257;0.3201784167849877;0.0;0.0;0.19404723036278582;0.27934366101128816;0.399181730607688;0.3564575533432527;0.590498923029995;0.0;0.5700572265198003;0.4485355720921168;0.0;0.2705450448148917;0.25116918337948974;0.0;0.3194357283417654;0.0;0.36353564549681966;0.0;0.0;0.0;0.3658234933926644;0.3596440982038227;0.732374013014442;0.0;0.0;0.3712016616941969;0.0;0.0;0.37968323916220675;0.0;0.0;0.4214270120154033;0.39384173314161186;0.37697704869442666;0.2703670080092279;0.36335185895570515;0.2628855573400208;0.3876811191887396;0.35123428147545876;0.0;0.2302592283586526;0.6011907143575351;0.0;0.0;0.26644672137909653;0.3568468251031527;0.0;0.0;0.5100958993325404;0.22994059933673333;0.0;0.0;0.4666459352108973;0.6407655609065596;0.2542158988716812;0.0;0.4638325190977086;0.3557772374342633;0.38934329151805547;0.39370810926967864
GO:0046579;0.8734706377635423;0.6602565755634601;1.0;0.0;0.0;0.30177464523709446;0.0;0.34667185825700647;0.0;0.34630414033339146;0.0;0.36809658483601954;0.4900413599631667;0.3826365747905391;0.0;0.6658506506274541;0.36197963141742096;0.8569853972873843;0.0;0.2722981697915461;0.0;0.0;0.0;0.0;0.3553969664138317;0.0;0.8729617262818018;0.4652567327835651;0.27440627280582586;0.37780558837206624;0.3723674227752096;0.0;0.3834696927485725;0.3395595806913608;0.0;0.34349466722051775;0.2695069356486386;0.34377310835503183;0.47465218902521245;0.0;0.0;0.3065850514272704;0.31194031683448464;0.22987133736403412;0.37190790616049124;0.0;0.2896300410467108;0.0;0.40244240990476143;0.4024378103115205;0.34910133806598215;0.0;0.0;0.24939611387185268;0.309979715202543;0.3352648446133737;0.37545875426477243;0.46060129992010285;0.0;0.4480684765029662;0.45181931433817396;0.0;0.22200496082565077;0.28655435898658893;0.0;0.25389204500244955;0.0;0.3856402248801214;0.0;0.0;0.0;0.3288104132833451;0.3824417057141542;0.5425893457969454;0.0;0.0;0.3153037063166927;0.0;0.0;0.2706614875279043;0.0;0.0;0.3143614294908882;0.3465725159126447;0.2692834591353972;0.2218850641165078;0.2808740282690036;0.18632538359147297;0.29519413220557433;0.3192570439923727;0.0;0.19413355766835208;0.4046081027967085;0.0;0.0;0.21923780013464272;0.3229576619159858;0.0;0.0;0.3611963348779396;0.16914841473996745;0.0;0.0;0.6114363265452256;0.4906229519515855;0.2894378874824377;0.0;0.3373691344891313;0.503271975928756;0.543864626825299;0.3464895729738321
GO:0046854;0.0;0.0;0.0;1.0;0.23153234468693404;0.0;0.2170900103546557;0.0;0.0;0.0;0.0;0.0;0.0;0.21216445700371003;0.33526902541034176;0.0;0.20025891664381099;0.0;0.0;0.0;0.0;0.22327715441498416;0.22443652430943276;0.0;0.0;0.21510877813530385;0.0;0.0;0.0;0.0;0.17415503052856754;0.23164261432478456;0.2126457477112184;0.0;0.17868949523352656;0.18965052449200512;0.0;0.18981000360591063;0.0;0.21163174487347217;0.0;0.0;0.0;0.4466598136142414;0.205974339909971;0.1926920680654275;0.0;0.23148617683420228;0.1439175899544366;0.1439158984780163;0.0;0.18314004664572908;0.4827455994292963;0.0;0.0;0.0;0.0;0.0;0.1922484130394814;0.0;0.0;0.0;0.0;0.0;0.3114752228610952;0.0;0.0;0.0;0.13291027034550665;0.17456406123957546;0.0;0.0;0.0;0.0;0.0;0.21884430979659886;0.0;0.19680090990636984;0.1877717558103967;0.0;0.0;0.18321337214937575;0.0;0.0;0.0;0.12090874826185093;0.0;0.0;0.0;0.0;0.21545717451509153;0.0;0.0;0.1924142541933738;0.15442957778262512;0.0;0.0;0.3168262160908955;0.3540768687359305;0.19980852141438935;0.0;0.31349033180176183;0.0;0.0;0.0;0.0;0.0;0.0;0.0;0.0;0.0
GO:0022008;0.0;0.0;0.0;0.23153234468693404;1.0;0.0;0.6573585304609026;0.0;0.3290253086855705;0.0;0.3339948513179362;0.0;0.0;0.37996835245528937;0.17138637526852826;0.0;0.34340555923808774;0.0;0.24205922634378998;0.0;0.31598799239864034;0.41715127964618526;0.8277004263436631;0.3545371153913647;0.0;0.389516693285058;0.0;0.0;0.0;0.0;0.27318793687180587;0.8790211010191507;0.3815148063154702;0.0;0.5590755601182267;0.31334899830120083;0.0;0.3137846010442958;0.0;0.7432960533892823;0.3727050839688478;0.0;0.0;0.1696356150771669;0.360562145037269;0.32173991500931887;0.0;0.8778754253232308;0.20546984197251048;0.20546639425096133;0.0;0.5815786755832552;0.18872429467711077;0.0;0.0;0.0;0.0;0.0;0.32050493913433986;0.0;0.0;0.3738599344586855;0.0;0.0;0.15529154205218829;0.0;0.3757366671910398;0.0;0.18374427759063552;0.538801205565598;0.0;0.0;0.0;0.0;0.33494386113405417;0.6671149945242693;0.0;0.5532915389110291;0.6057245843464397;0.0;0.37601996266468685;0.5819550713100565;0.0;0.0;0.0;0.1615724633614522;0.0;0.0;0.0;0.0;0.39066057257442477;0.0;0.0;0.3209661358925869;0.22758737819940783;0.0;0.0;0.15884144839365055;0.18469703878598212;0.34208326816025336;0.0;0.0;0.3516576240323784;0.0;0.0;0.0;0.0;0.0;0.0;0.0;0.0
GO:1902715;0.3119245385889649;0.26739289668621596;0.30177464523709446;0.0;0.0;1.0;0.0;0.4306995124999654;0.0;0.5094299351575841;0.0;0.2704930941139325;0.36771579417834177;0.28207632898025836;0.0;0.27429046252926853;0.27068872753777945;0.33511469534850696;0.0;0.2891659397928873;0.0;0.0;0.0;0.0;0.2752975948604357;0.0;0.31178126653408883;0.1843953634221192;0.2866470009780973;0.27944218463547726;0.24434037241805495;0.0;0.2825288287704811;0.30135282185522444;0.0;0.26021695402146067;0.22782535221189235;0.2603767181343502;0.22238305291973237;0.0;0.0;0.27859045822093426;0.3190035466033519;0.18932389568188898;0.27620254117191456;0.0;0.24204120114956942;0.0;0.25104912124737755;0.2510468165643524;0.2822191832692164;0.0;0.0;0.21788945128503517;0.1863365917531621;0.1672541113010992;0.21731275046647858;0.21713172127064362;0.0;0.2123927544469603;0.38783191463171235;0.0;0.21490599684183342;0.23988945383500596;0.0;0.2398685560050886;0.0;0.30562926552570785;0.0;0.0;0.0;0.41391787141700687;0.3762412591257557;0.2884305496879148;0.0;0.0;0.1587691019190202;0.0;0.0;0.20334747766999736;0.0;0.0;0.28374474311486203;0.4306073888817888;0.24730849179113376;0.18387316093855682;0.26007295425537064;0.13949160509169417;0.2704723759831847;0.3271471523812335;0.0;0.16439833289774167;0.29383926336250143;0.0;0.0;0.18205150496888847;0.2452991565793915;0.0;0.0;0.2702504639815934;0.1296360638458267;0.0;0.0;0.25576694895805396;0.22827423189638366;0.35324033791478154;0.0;0.2566862868824814;0.197442531632472;0.21108574480220457;0.43053046274452106
GO:0003334;0.0;0.0;0.0;0.2170900103546557;0.6573585304609026;0.0;1.0;0.0;0.4092144836497239;0.0;0.41476402242986465;0.0;0.0;0.34256765773724634;0.16334256973161143;0.0;0.3125642691132307;0.0;0.22362636819256343;0.0;0.2852903073513642;0.3725025859167713;0.6236307287824765;0.316345235631542;0.0;0.35030965252809176;0.0;0.0;0.0;0.0;0.25330454864779844;0.6578942593145899;0.3438241530825641;0.0;0.4365308207362546;0.28746676007511496;0.0;0.28783333215873413;0.0;0.5662706030103231;0.4574215699507638;0.0;0.0;0.1617515296825739;0.3267140787018232;0.2945131800818538;0.0;0.6571343384018763;0.1940154936599088;0.19401241962183619;0.0;0.45272433268189305;0.17901679311295718;0.0;0.0;0.0;0.0;0.0;0.293478039942353;0.0;0.0;0.45867885674755654;0.0;0.0;0.14865834379673204;0.0;0.33311540337604184;0.0;0.17452982860319036;0.42185655712737197;0.0;0.0;0.0;0.0;0.3006524895572341;0.5980461624348521;0.0;0.5049267689163223;0.4699911390075244;0.0;0.3333380544356046;0.45299435646132963;0.0;0.0;0.0;0.15440422542172538;0.0;0.0;0.0;0.0;0.3512345719540012;0.0;0.0;0.29386468754110306;0.2136181561675698;0.0;0.0;0.15190828882923751;0.1753892038184524;0.31146844388018874;0.0;0.0;0.43435246520714343;0.0;0.0;0.0;0.0;0.0;0.0;0.0;0.0
GO:0032725;0.3664525123921684;0.39400181218412156;0.34667185825700647;0.0;0.0;0.4306995124999654;0.0;1.0;0.0;0.8460995948204564;0.0;0.5566661670290266;0.4934678017395012;0.4381145459440025;0.0;0.29726113022293277;0.4035047694184369;0.4151947414148276;0.0;0.48885248346415355;0.0;0.0;0.0;0.0;0.3815951039304285;0.0;0.36616705974448294;0.16861700206146565;0.3098520324999915;0.4298531068370988;0.3331967933017783;0.0;0.43954987610036034;0.44922155319386486;0.0;0.37404973654660084;0.2253388332190141;0.37448331763211284;0.28315092737557634;0.0;0.0;0.389613318389991;0.3627505484871708;0.21918137655813338;0.41990779084662916;0.0;0.245972645292299;0.0;0.3245603867835824;0.32455556938169267;0.31093161972968103;0.0;0.0;0.21314958752634527;0.2885095980061922;0.18257000925979056;0.3702168613850267;0.272149792610612;0.0;0.2625127001097823;0.4394142181456633;0.0;0.2562265691258813;0.24277698716922796;0.0;0.30353469942833616;0.0;0.354079822061182;0.0;0.0;0.0;0.7848136918860794;0.4711572464876222;0.4144524355175808;0.0;0.0;0.16958357932971235;0.0;0.0;0.39269931173646166;0.0;0.0;0.3302938627641748;0.8470623624850769;0.47589844385635954;0.20973276050571163;0.34629806123934775;0.27208515565185126;0.3700990581759392;0.6082305703593405;0.0;0.17813598170507916;0.47705122404388717;0.0;0.0;0.20663680505990553;0.45953525369091797;0.0;0.0;0.4022283684815969;0.23694815040628073;0.0;0.0;0.26699952136671173;0.2959151949118473;0.409109851346165;0.0;0.364587014718504;0.18473663360159479;0.20241258296272888;0.8467647393329152
GO:0001701;0.0;0.0;0.0;0.0;0.3290253086855705;0.0;0.4092144836497239;0.0;1.0;0.0;0.40899663587503127;0.0;0.0;0.0;0.0;0.0;0.0;0.0;0.2212993280231285;0.0;0.2815138244902508;0.0;0.31239163219355137;0.31170851701324537;0.0;0.0;0.0;0.0;0.0;0.0;0.0;0.32928930319421096;0.0;0.0;0.21963673413497717;0.0;0.0;0.0;0.0;0.28404233092081643;0.45041687001951436;0.0;0.0;0.0;0.0;0.0;0.0;0.32891483016530465;0.0;0.0;0.0;0.22769712589045016;0.0;0.0;0.0;0.0;0.0;0.0;0.0;0.0;0.0;0.45163589355822537;0.0;0.0;0.0;0.0;0.3279780403467757;0.0;0.0;0.2123272188858994;0.0;0.0;0.0;0.0;0.29646133536159247;0.2997563496837612;0.0;0.25363913969595603;0.23628495627838003;0.0;0.32819387461174526;0.22783147908230342;0.0;0.0;0.0;0.0;0.0;0.0;0.0;0.0;0.0;0.0;0.0;0.0;0.0;0.0;0.0;0.0;0.0;0.0;0.0;0.0;0.4280316022746844;0.0;0.0;0.0;0.0;0.0;0.0;0.0;0.0
GO:0032729;0.3660416591243969;0.39340946765590573;0.34630414033339146;0.0;0.0;0.5094299351575841;0.0;0.8460995948204564;0.0;1.0;0.0;0.555718647165321;0.49272306934727755;0.43738226085320686;0.0;0.29699072222419926;0.40288352923442977;0.41466740195872215;0.0;0.48830903646831214;0.0;0.0;0.0;0.0;0.38113985205240397;0.0;0.36575684594746893;0.16852996243586307;0.309633615188009;0.42914815625185887;0.3327730719556365;0.0;0.4388127890304778;0.4485907766776337;0.0;0.3735158245077548;0.22518341176666903;0.3739481679892314;0.2828448736611726;0.0;0.0;0.3891387455716345;0.3624512239954369;0.21899794458262034;0.41923505761835245;0.0;0.24578746913129812;0.0;0.3242380587863848;0.32423325094820665;0.31063578109110873;0.0;0.0;0.21304620600797833;0.28825487073281847;0.18244272129767164;0.36979752868937915;0.2718670469606865;0.0;0.26224961484005227;0.43882360567375905;0.0;0.25602123329595444;0.24259658957743593;0.0;0.3032465824495271;0.0;0.35369622953638663;0.0;0.0;0.0;0.7836819734606245;0.47065240996440383;0.4139154643838351;0.0;0.0;0.1694737501874966;0.0;0.0;0.39211087418321294;0.0;0.0;0.3298774878683237;0.8457441471953703;0.4751905849461548;0.20956479660278277;0.34592309323875503;0.27166898145385227;0.369670807824927;0.6073895235907021;0.0;0.17801479942623555;0.4761831228215844;0.0;0.0;0.2064737614049923;0.4588893536037444;0.0;0.0;0.40161104939533687;0.236632462536367;0.0;0.0;0.2667813466252274;0.29558094211515107;0.4088021105839028;0.0;0.3640797565106294;0.184632161842601;0.20228716943876582;0.8454474494943202
GO:0031077;0.0;0.0;0.0;0.0;0.3339948513179362;0.0;0.41476402242986465;0.0;0.40899663587503127;0.0;1.0;0.0;0.0;0.0;0.0;0.0;0.0;0.0;0.22353637780076516;0.0;0.2851438618730831;0.0;0.31686799325270776;0.3161651826726303;0.0;0.0;0.0;0.0;0.0;0.0;0.0;0.33426688400401544;0.0;0.0;0.2218401294966007;0.0;0.0;0.0;0.0;0.2877382978920849;0.5733405306380878;0.0;0.0;0.0;0.0;0.0;0.0;0.3338810108742386;0.0;0.0;0.0;0.23006608461375802;0.0;0.0;0.0;0.0;0.0;0.0;0.0;0.0;0.0;0.4584051782784726;0.0;0.0;0.0;0.0;0.3329157604193413;0.0;0.0;0.2143857092912617;0.0;0.0;0.0;0.0;0.3004898524887735;0.30387553635208864;0.0;0.2565821381551986;0.23883698166013353;0.0;0.33313814459101665;0.2302032488090931;0.0;0.0;0.0;0.0;0.0;0.0;0.0;0.0;0.0;0.0;0.0;0.0;0.0;0.0;0.0;0.0;0.0;0.0;0.0;0.0;0.4341070386733033;0.0;0.0;0.0;0.0;0.0;0.0;0.0;0.0
GO:0010811;0.39047664275918853;0.4294450652124766;0.36809658483601954;0.0;0.0;0.2704930941139325;0.0;0.5566661670290266;0.0;0.555718647165321;0.0;1.0;0.5380449511192872;0.4823844646556242;0.0;0.3128762618903249;0.4407591876338051;0.4463061463764095;0.0;0.38695476123146805;0.0;0.0;0.0;0.0;0.33446007617765333;0.0;0.39015255202696497;0.17352958392541942;0.3160150555766346;0.4723881420436668;0.358197426828392;0.0;0.4841250963381601;0.3986833345896545;0.0;0.40584935844591014;0.23419929881028556;0.40635984481375953;0.301004219500985;0.0;0.0;0.34199132891798684;0.2824051230329706;0.2297288114974683;0.4604046532089432;0.0;0.33844201145714103;0.0;0.3432655109069084;0.3432601222339887;0.4327441463462255;0.0;0.0;0.16275666856313933;0.30319611490480103;0.18982975592943538;0.3947536222362891;0.2886024382079833;0.0;0.27778806677083967;0.4744141023287804;0.0;0.21952429816980434;0.25309326470062804;0.0;0.2622827963505945;0.0;0.37645952841750197;0.0;0.0;0.0;0.5120058134312069;0.37207297949684276;0.36546351560747725;0.0;0.0;0.17582960160616984;0.0;0.0;0.42789814632011447;0.0;0.0;0.3548447157404188;0.5564100658948101;0.424464121610219;0.21937043162319644;0.3015686499533811;0.29702692763924216;0.32370081259466327;0.48921072023265394;0.0;0.1850407113770706;0.5300152675679634;0.0;0.0;0.21598570307139134;0.4979539791592374;0.0;0.0;0.43923665820057634;0.2556426231795496;0.0;0.0;0.2795301860350878;0.31546997982902475;0.25635052005858405;0.0;0.39473321706792586;0.19064985888487587;0.20953332958851956;0.556196309945183
GO:0050679;0.5173796448201861;0.5018697079719585;0.4900413599631667;0.0;0.0;0.36771579417834177;0.0;0.4934678017395012;0.0;0.49272306934727755;0.0;0.5380449511192872;1.0;0.5562126187181018;0.0;0.4214637513130989;0.5136069691722553;0.584465138582002;0.0;0.3553221747654286;0.0;0.0;0.0;0.0;0.4005891218492704;0.0;0.5169855962887605;0.2409613632534408;0.3278697001218453;0.6336331720391913;0.4263691520560885;0.0;0.5579747747999646;0.46961167164136486;0.0;0.4771718492040153;0.32089952477432016;0.47770935116350616;0.3637052114864639;0.0;0.0;0.40880311210418313;0.3829214004720353;0.2829104546102121;0.5338271874193782;0.0;0.4302775162801084;0.0;0.39787792255202464;0.39787213371738983;0.4404785108815849;0.0;0.0;0.22654213041769794;0.28342573089872664;0.23631387183367025;0.3618872615191938;0.3498664781358372;0.0;0.33772460389777537;0.6176519935919088;0.0;0.3145622494595338;0.3453635159706087;0.0;0.32019369524993013;0.0;0.5002874040977119;0.0;0.0;0.0;0.45804980740762363;0.49491765616311034;0.4341969526267988;0.0;0.0;0.21972282012030292;0.0;0.0;0.38109081203539114;0.0;0.0;0.4227472649910199;0.49326653955873945;0.37836459147276397;0.27090979869678794;0.3643328831914903;0.26387980082331436;0.38879811818864424;0.4397199377201932;0.0;0.23065280540816013;0.6038811195663086;0.0;0.0;0.2669738700515792;0.4467709133931305;0.0;0.0;0.5120314406245627;0.23070089904601238;0.0;0.0;0.3792587362022666;0.3797329190820076;0.34956072831182367;0.0;0.4654323413408924;0.26373547895047045;0.28865657004024753;0.49309853908652157
GO:0035556;0.4056043688051122;0.5539293910112495;0.3826365747905391;0.21216445700371003;0.37996835245528937;0.28207632898025836;0.34256765773724634;0.4381145459440025;0.0;0.43738226085320686;0.0;0.4823844646556242;0.5562126187181018;1.0;0.1605382948149762;0.32582227990061396;0.9152490359944121;0.46275415527615243;0.0;0.30623205137370324;0.0;0.35823217623299736;0.3612260108252615;0.0;0.43307692326390246;0.3376601212239658;0.40527200620144854;0.18153696134937178;0.2500787831952493;0.60826256104844;0.6719511326134603;0.3802654233363422;0.9035601415415181;0.5148921813301608;0.2558168251135623;0.7598717567820763;0.24451892566169234;0.7608117952465938;0.39028736378741324;0.32917083797421737;0.0;0.44269324026904705;0.29438363844121745;0.48114894972065975;0.8601133380556581;0.28552059143581315;0.26767720618059987;0.3798440282554884;0.5178695833065575;0.5178615448109393;0.3414620398673605;0.2650376144153932;0.17565404387161881;0.1703272131888564;0.24060368798150486;0.2472557465337715;0.31232453591915793;0.3743960349302534;0.28454759520336376;0.360525662565906;0.49144826552982895;0.0;0.28558644442683967;0.26408185140098783;0.1463320144507278;0.34061746051332176;0.0;0.3912230682352536;0.17133203236919364;0.24744493616374336;0.0;0.4035500414816091;0.3867198469345047;0.4726260856236538;0.0;0.3469565004190489;0.2291515703130544;0.29463547131873574;0.2748489771541025;0.4204819941150016;0.0;0.265191210875284;0.45909155942361846;0.4379166241451954;0.4171655107525252;0.4138559672919559;0.39101022890157777;0.29176412083412623;0.41932868398500295;0.38586928085998157;0.33851936784543596;0.24106516920884494;0.6808787497947508;0.2849110551230251;0.20884715756941988;0.28102358980784137;0.3926539897050373;0.1494799627141214;0.1721601298311807;0.8212711850621527;0.25173452232021437;0.0;0.0;0.291414180218396;0.40880315916463833;0.26745198581080243;0.0;0.5098723512689382;0.19933513594945068;0.21894313257072878;0.43775142531837613
GO:0019800;0.0;0.0;0.0;0.33526902541034176;0.17138637526852826;0.0;0.16334256973161143;0.0;0.0;0.0;0.0;0.0;0.0;0.1605382948149762;1.0;0.0;0.15362743559682668;0.0;0.0;0.0;0.0;0.16682077835201367;0.1674671226135363;0.0;0.0;0.16221838709824274;0.0;0.0;0.0;0.0;0.13778414766026964;0.17144678841683625;0.16081370490501898;0.0;0.14060705979730725;0.14730631882941073;0.0;0.1474025148126765;0.0;0.16023310499886959;0.0;0.0;0.0;0.6072015475718875;0.15696881331722892;0.14913474048401335;0.0;0.17136107696373862;0.11814550052082595;0.11814436060317199;0.0;0.14334819743545216;0.6806434265452099;0.0;0.0;0.0;0.0;0.0;0.14886885081515225;0.0;0.0;0.0;0.0;0.0;0.3784328236496742;0.0;0.0;0.0;0.11062446681813591;0.13804004714363113;0.0;0.0;0.0;0.0;0.0;0.16433375488722435;0.0;0.1515841482776775;0.1461703415761937;0.0;0.0;0.14339311695550253;0.0;0.0;0.0;0.10218242574084513;0.0;0.0;0.0;0.0;0.16241644155062268;0.0;0.0;0.14896827451691938;0.12513824627881137;0.0;0.0;0.3839380280911778;0.42148664131235647;0.15336223461805984;0.0;0.45297793085021165;0.0;0.0;0.0;0.0;0.0;0.0;0.0;0.0;0.0
GO:1902043;0.6909624239846922;0.518457744316216;0.6658506506274541;0.0;0.0;0.27429046252926853;0.0;0.29726113022293277;0.0;0.29699072222419926;0.0;0.3128762618903249;0.4214637513130989;0.32582227990061396;0.0;1.0;0.31072321919455165;0.7490876525566001;0.0;0.24085252746771477;0.0;0.0;0.0;0.0;0.3124098399609926;0.0;0.6906065764133014;0.38916514721689827;0.2514919273510566;0.32231282773452025;0.32544794150840134;0.0;0.32642616555371273;0.2940568326040914;0.0;0.297003363104616;0.24737052190323547;0.2972115093037597;0.4208552819474232;0.0;0.0;0.269001634863875;0.28266308720910704;0.20807447451140101;0.3180105670614588;0.0;0.26422035763990265;0.0;0.35937889644973264;0.35937522854862586;0.31283855314361403;0.0;0.0;0.23389011721890274;0.2794346754291668;0.3075007665709618;0.3315600631679657;0.40977175551732614;0.0;0.5490872053849051;0.3928789371848926;0.0;0.2016081986981843;0.2616582841681628;0.0;0.22756267397281213;0.0;0.34186518282725126;0.0;0.0;0.0;0.2840312274111965;0.33934922637753123;0.4734126022735089;0.0;0.0;0.290625592188255;0.0;0.0;0.23294455273372908;0.0;0.0;0.27496974692820664;0.2971880851014873;0.23192309926136184;0.2015093161082256;0.24900232016414542;0.16004298858423263;0.2601921760641494;0.27687441825562253;0.0;0.17835470081121943;0.341618812260785;0.0;0.0;0.1993235310786679;0.2796534349558843;0.0;0.0;0.31014587015214223;0.14720312921514508;0.0;0.0;0.5544560359281536;0.4333632622212674;0.2640604316439452;0.0;0.4331705123363928;0.4187252235171924;0.4499444397602862;0.29712709367668927
GO:0007265;0.3824681016883629;0.5116595208260976;0.36197963141742096;0.20025891664381099;0.34340555923808774;0.27068872753777945;0.3125642691132307;0.4035047694184369;0.0;0.40288352923442977;0.0;0.4407591876338051;0.5136069691722553;0.9152490359944121;0.15362743559682668;0.31072321919455165;1.0;0.4328788636528663;0.0;0.288910890075492;0.0;0.3255530128724527;0.32802366208290445;0.0;0.4068018800289152;0.30847359637941446;0.38217256075219824;0.17675150212216484;0.2410869948365984;0.5576724405132241;0.6285164760082397;0.3436481907497151;0.8267346674052971;0.47817270142452684;0.23870577549527308;0.7047930245801087;0.2359156339947712;0.7056016535040419;0.368819267396415;0.30137304136157056;0.0;0.41527532306884596;0.28200245923742184;0.46062629063476623;0.79021261381083;0.264369472015756;0.2574013582123747;0.3433040070844681;0.4916824965463444;0.49167525045492744;0.3249154595632783;0.2467149903591606;0.16741390920987173;0.16610763460082933;0.2297799597533267;0.2384622523461204;0.29432756203082583;0.35459623482334435;0.26353508306013057;0.34212970448899827;0.4578874869666205;0.0;0.27391952948239;0.2540750335881809;0.1405681864548614;0.32415065863275583;0.0;0.36965475429816796;0.16348335068588873;0.2314003955589849;0.0;0.37400168024720243;0.36563182261469845;0.4415054002323339;0.0;0.3162138997458778;0.22157893986867877;0.2721654902369729;0.25519498074249636;0.3885003172434702;0.0;0.24684807865226702;0.42967227628438853;0.4033368769832361;0.3856674489291916;0.3969601886850677;0.36946473023527177;0.26911597238714197;0.3946478539164272;0.3587664601983878;0.3091905627184431;0.23269904122384497;0.6181116378935025;0.263846815932969;0.1973008745602189;0.26971912604039233;0.3646243130024291;0.143470572157784;0.16423714912455395;0.7573064946729825;0.2346931510603814;0.0;0.0;0.27927637069249933;0.3853110937337076;0.2571930911544902;0.0;0.47384030653195686;0.19358020332390338;0.2120199852577328;0.40319673350435253
GO:0009967;0.8990384789163925;0.718340829019283;0.8569853972873843;0.0;0.0;0.33511469534850696;0.0;0.4151947414148276;0.0;0.41466740195872215;0.0;0.4463061463764095;0.584465138582002;0.46275415527615243;0.0;0.7490876525566001;0.4328788636528663;1.0;0.0;0.31285382118375604;0.0;0.0;0.0;0.0;0.41163448007314524;0.0;0.8984361352372536;0.4474981878628534;0.3016997599666821;0.4557069497470767;0.4345739602034366;0.0;0.46397323533113044;0.4012003935083247;0.0;0.4067054225201111;0.2957878389218894;0.4070958299832959;0.5436516851706265;0.0;0.0;0.35596482291018905;0.3476974821243206;0.2565557462471022;0.4471539143808858;0.0;0.32020467774762124;0.0;0.45678912522205567;0.456783199479398;0.39450537467446833;0.0;0.0;0.2669692689649396;0.34771859151531875;0.36828020859084065;0.43228668942620957;0.525297740013662;0.0;0.5090589748351148;0.5308993835283052;0.0;0.24679581482409071;0.31644956492917853;0.0;0.28684440253773585;0.0;0.44181077217559;0.0;0.0;0.0;0.3898327909418205;0.4376176978452969;0.634670131100554;0.0;0.0;0.3443345290154135;0.0;0.0;0.32250877253787014;0.0;0.0;0.36649092164744923;0.4150522540619402;0.320554140793988;0.24664765471282393;0.32176650703453247;0.2226250836498946;0.3407004197826904;0.3764764737594353;0.0;0.21282837190685097;0.49528094095444686;0.0;0.0;0.243380894785558;0.3816331769165271;0.0;0.0;0.4317591507795584;0.19853601702572604;0.0;0.0;0.6809149257260595;0.5647062186319329;0.319969830128384;0.0;0.3981460699688659;0.4870342363853649;0.5297902745894556;0.41493330084323077
GO:0060513;0.0;0.0;0.0;0.0;0.24205922634378998;0.0;0.22362636819256343;0.0;0.2212993280231285;0.0;0.22353637780076516;0.0;0.0;0.0;0.0;0.0;0.0;0.0;1.0;0.0;0.5132419163864294;0.0;0.232934597810635;0.6221678039394467;0.0;0.0;0.0;0.0;0.0;0.0;0.0;0.24220207872101596;0.0;0.0;0.177150651340876;0.0;0.0;0.0;0.0;0.21680017178291183;0.24023601421225624;0.0;0.0;0.0;0.0;0.0;0.0;0.24199942636011493;0.0;0.0;0.0;0.18235731552553278;0.0;0.0;0.0;0.0;0.0;0.0;0.0;0.0;0.0;0.24071529864917884;0.0;0.0;0.0;0.0;0.40803861091690585;0.0;0.0;0.17236469216980035;0.0;0.0;0.0;0.0;0.37841746989922825;0.22583644727880062;0.0;0.2689786346230937;0.18782451998399746;0.0;0.4082362893952585;0.18244348000089694;0.0;0.0;0.0;0.0;0.0;0.0;0.0;0.0;0.0;0.0;0.0;0.0;0.0;0.0;0.0;0.0;0.0;0.0;0.0;0.0;0.23131219069801487;0.0;0.0;0.0;0.0;0.0;0.0;0.0;0.0
GO:0090190;0.284354327538568;0.28400628829625824;0.2722981697915461;0.0;0.0;0.2891659397928873;0.0;0.48885248346415355;0.0;0.48830903646831214;0.0;0.38695476123146805;0.3553221747654286;0.30623205137370324;0.0;0.24085252746771477;0.288910890075492;0.31285382118375604;0.0;1.0;0.0;0.0;0.0;0.0;0.29190786341476427;0.0;0.2841824203055342;0.14884335317143949;0.36196032996337063;0.3021727259422611;0.25099023368632195;0.0;0.30693261835222163;0.44622743889541083;0.0;0.2734907593524882;0.19136433498945624;0.27372247833887703;0.2214998953627179;0.0;0.0;0.3494542169805461;0.41292795964141654;0.18032896523114966;0.2972241085235798;0.0;0.20604259691999105;0.0;0.25846716759646143;0.25846411243663875;0.24974938609074704;0.0;0.0;0.2615309493926702;0.23507498260751833;0.1547906080083254;0.2866157194244238;0.21471039091996436;0.0;0.20866681272009246;0.32641020961962675;0.0;0.28730501422566757;0.20379552158165126;0.0;0.3299332092132937;0.0;0.2768476805520949;0.0;0.0;0.0;0.46251913721020826;0.5096448166023454;0.4203315356016088;0.0;0.0;0.1453533425599441;0.0;0.0;0.2833288989658686;0.0;0.0;0.2493394765132758;0.48870566084368555;0.465385607390839;0.17388395975672422;0.45476918388004217;0.19517587941310224;0.3856759690821638;0.7202040362151457;0.0;0.15159144335514804;0.39545016896545604;0.0;0.0;0.17175052995199142;0.33738371129483397;0.0;0.0;0.2882559404128851;0.17641050788153814;0.0;0.0;0.22059483585687242;0.22923497978427532;0.27702237643579514;0.0;0.26839737505727596;0.1612647245350864;0.17457256509032187;0.4885830787597626
GO:0030538;0.0;0.0;0.0;0.0;0.31598799239864034;0.0;0.2852903073513642;0.0;0.2815138244902508;0.0;0.2851438618730831;0.0;0.0;0.0;0.0;0.0;0.0;0.0;0.5132419163864294;0.0;1.0;0.0;0.3006155937730463;0.5068683999109241;0.0;0.0;0.0;0.0;0.0;0.0;0.0;0.31623147259029993;0.0;0.0;0.2137496702645275;0.0;0.0;0.0;0.0;0.27427322544729354;0.3128881674694314;0.0;0.0;0.0;0.0;0.0;0.0;0.3158860942776175;0.0;0.0;0.0;0.22137625525120802;0.0;0.0;0.0;0.0;0.0;0.0;0.0;0.0;0.0;0.3137016673381567;0.0;0.0;0.0;0.0;0.7412689361329992;0.0;0.0;0.20682056588909498;0.0;0.0;0.0;0.0;0.6725906249716503;0.28889709827166554;0.0;0.33288695177470706;0.22948541708008138;0.0;0.7417374648218042;0.22150325061042714;0.0;0.0;0.0;0.0;0.0;0.0;0.0;0.0;0.0;0.0;0.0;0.0;0.0;0.0;0.0;0.0;0.0;0.0;0.0;0.0;0.2979188676986546;0.0;0.0;0.0;0.0;0.0;0.0;0.0;0.0
GO:0007416;0.0;0.0;0.0;0.22327715441498416;0.41715127964618526;0.0;0.3725025859167713;0.0;0.0;0.0;0.0;0.0;0.0;0.35823217623299736;0.16682077835201367;0.0;0.3255530128724527;0.0;0.0;0.0;0.0;1.0;0.39466980032777765;0.0;0.0;0.7362525846884035;0.0;0.0;0.0;0.0;0.2617683653573403;0.4175093642277095;0.35960644031666683;0.0;0.2721487758060591;0.2984168340472925;0.0;0.2988118838529879;0.0;0.35671608120684106;0.0;0.0;0.0;0.16516160195370802;0.34093219165073296;0.51908387274918;0.0;0.4170014374685075;0.19894234834835856;0.19893911620421098;0.0;0.28260857132483364;0.18320311607141926;0.0;0.0;0.0;0.0;0.0;0.3048999589423957;0.0;0.0;0.0;0.0;0.0;0.15153378749556995;0.0;0.0;0.0;0.17850659451235656;0.2626935568656737;0.0;0.0;0.0;0.0;0.0;0.3776977869671089;0.0;0.5368853545362539;0.2937914115222013;0.0;0.0;0.2827832152660802;0.0;0.0;0.0;0.15750856670777566;0.0;0.0;0.0;0.0;0.738287749478466;0.0;0.0;0.3053173095962733;0.21960625512159215;0.0;0.0;0.1549121020112115;0.17940567952416336;0.3243643934935055;0.0;0.0;0.0;0.0;0.0;0.0;0.0;0.0;0.0;0.0;0.0
GO:0001837;0.0;0.0;0.0;0.22443652430943276;0.8277004263436631;0.0;0.6236307287824765;0.0;0.31239163219355137;0.0;0.31686799325270776;0.0;0.0;0.3612260108252615;0.1674671226135363;0.0;0.32802366208290445;0.0;0.232934597810635;0.0;0.3006155937730463;0.39466980032777765;1.0;0.3352993773386889;0.0;0.36984493587055445;0.0;0.0;0.0;0.0;0.2633633506974164;0.8284178581705792;0.36262338582016734;0.0;0.5381673224807242;0.30049145923835013;0.0;0.30089202467956505;0.0;0.706788646393366;0.3515041346460585;0.0;0.0;0.16579512883737393;0.34364275397097127;0.3081994311277446;0.0;0.8274002171829241;0.19986225172259262;0.1998589896189107;0.0;0.5589874332255651;0.18398293648229766;0.0;0.0;0.0;0.0;0.0;0.30706603319581016;0.0;0.0;0.3525311559760197;0.0;0.0;0.15206691169952713;0.0;0.3541993832994001;0.0;0.1792468643040924;0.5193555352009069;0.0;0.0;0.0;0.0;0.31772204588188674;0.6324050243955813;0.0;0.5292017217713716;0.5812579785946081;0.0;0.35445112160834574;0.559335146208666;0.0;0.0;0.0;0.15808464041109965;0.0;0.0;0.0;0.0;0.37087604111281597;0.0;0.0;0.3074893389255598;0.22072772026485923;0.0;0.0;0.15546930598183573;0.18015344075481385;0.32681696661691967;0.0;0.0;0.33272276372543425;0.0;0.0;0.0;0.0;0.0;0.0;0.0;0.0
GO:0001839;0.0;0.0;0.0;0.0;0.3545371153913647;0.0;0.316345235631542;0.0;0.31170851701324537;0.0;0.3161651826726303;0.0;0.0;0.0;0.0;0.0;0.0;0.0;0.6221678039394467;0.0;0.5068683999109241;0.0;0.3352993773386889;1.0;0.0;0.0;0.0;0.0;0.0;0.0;0.0;0.35484365508269927;0.0;0.0;0.23071926744136745;0.0;0.0;0.0;0.0;0.3028558130659847;0.3506394910278929;0.0;0.0;0.0;0.0;0.0;0.0;0.35440884354527913;0.0;0.0;0.0;0.2396301122333931;0.0;0.0;0.0;0.0;0.0;0.0;0.0;0.0;0.0;0.35166145861267467;0.0;0.0;0.0;0.0;0.596992166463357;0.0;0.0;0.2226670096800924;0.0;0.0;0.0;0.0;0.5356474682068301;0.32078610105206906;0.0;0.3636465027215712;0.24916049660570835;0.0;0.5974154112089654;0.23977892120083485;0.0;0.0;0.0;0.0;0.0;0.0;0.0;0.0;0.0;0.0;0.0;0.0;0.0;0.0;0.0;0.0;0.0;0.0;0.0;0.0;0.3319479480856353;0.0;0.0;0.0;0.0;0.0;0.0;0.0;0.0
GO:0010543;0.37202038200285464;0.4701129115131106;0.3553969664138317;0.0;0.0;0.2752975948604357;0.0;0.3815951039304285;0.0;0.38113985205240397;0.0;0.33446007617765333;0.4005891218492704;0.43307692326390246;0.0;0.3124098399609926;0.4068018800289152;0.41163448007314524;0.0;0.29190786341476427;0.0;0.0;0.0;0.0;1.0;0.0;0.3717827917760009;0.18963160953116362;0.2811872267049533;0.42689859853920803;0.4120457449546985;0.0;0.43414447342342743;0.44241772173756544;0.0;0.3836023749587743;0.20885055344669154;0.3839496687979797;0.3609809337062543;0.0;0.0;0.3950326673888337;0.3225074285131765;0.24716548671405372;0.41938385751823903;0.0;0.2599151252149535;0.0;0.33642381608544725;0.33641963651331686;0.31776378855163717;0.0;0.0;0.22799709429554577;0.2840377706550792;0.2481712237696864;0.39909352613855487;0.34932964868127336;0.0;0.3389912271974316;0.3658645520745084;0.0;0.2781536631385136;0.22295775892818218;0.0;0.3214516489408105;0.0;0.30726343743011153;0.0;0.0;0.0;0.35962027677998637;0.3557073406019676;0.4780207330372199;0.0;0.0;0.23250707621929925;0.0;0.0;0.30348264433493605;0.0;0.0;0.34762482617092844;0.38147210160070544;0.3683967497538488;0.237956401460112;0.3588071105524785;0.20928131591043966;0.42838083044818753;0.34798177054562235;0.0;0.20632571408171035;0.4614376443758761;0.0;0.0;0.23491439059816968;0.2887144620574379;0.0;0.0;0.4058128545256715;0.18785445597399325;0.0;0.0;0.3234642501157017;0.3743026581335464;0.2632712416400311;0.0;0.37597872277050937;0.2337489152243112;0.22352300565480956;0.3813694112036995
GO:0051259;0.0;0.0;0.0;0.21510877813530385;0.389516693285058;0.0;0.35030965252809176;0.0;0.0;0.0;0.0;0.0;0.0;0.3376601212239658;0.16221838709824274;0.0;0.30847359637941446;0.0;0.0;0.0;0.0;0.7362525846884035;0.36984493587055445;0.0;0.0;1.0;0.0;0.0;0.0;0.0;0.2506112717969237;0.38982888826455764;0.338880809833934;0.0;0.2601096179264537;0.2840029986676794;0.0;0.284360784630702;0.0;0.3363128273118641;0.0;0.0;0.0;0.16064906670886084;0.32224729889230985;0.4934046056264303;0.0;0.38938604328938586;0.19243151248534524;0.19242848843610355;0.0;0.2696482363310982;0.17766739864374895;0.0;0.0;0.0;0.0;0.0;0.28986881036863943;0.0;0.0;0.0;0.0;0.0;0.14772662368236888;0.0;0.0;0.0;0.17324698780359474;0.2514591492733365;0.0;0.0;0.0;0.0;0.0;0.35490044086810113;0.0;0.5094611212830578;0.27981047149976784;0.0;0.0;0.26980722483586944;0.0;0.0;0.0;0.15339933187248167;0.0;0.0;0.0;0.0;0.9040997782822614;0.0;0.0;0.2902460002532206;0.21169950766338588;0.0;0.0;0.15093551846370473;0.1740937455275334;0.30740621761682596;0.0;0.0;0.0;0.0;0.0;0.0;0.0;0.0;0.0;0.0;0.0
GO:0051897;0.911846813896294;0.696458799528822;0.8729617262818018;0.0;0.0;0.31178126653408883;0.0;0.36616705974448294;0.0;0.36575684594746893;0.0;0.39015255202696497;0.5169855962887605;0.40527200620144854;0.0;0.6906065764133014;0.38217256075219824;0.8984361352372536;0.0;0.2841824203055342;0.0;0.0;0.0;0.0;0.3717827917760009;0.0;1.0;0.4759257237861905;0.28265536127742735;0.39985659020840875;0.39039516895630105;0.0;0.40620672868561086;0.3572673993959458;0.0;0.3616262464574736;0.277459821475841;0.3619348720005241;0.49491601076109243;0.0;0.0;0.3209479215293205;0.32264442205185667;0.2378521590990359;0.3932563822881854;0.0;0.2988351729852485;0.0;0.4185052804150217;0.41850030632511326;0.36256271074251173;0.0;0.0;0.25480695037812046;0.3212267336206682;0.34524955584956213;0.3920866279091874;0.4796590746468772;0.0;0.46608296714838915;0.4746264876454339;0.0;0.22944007504828245;0.2955619838559966;0.0;0.2636633962557945;0.0;0.4021335149297468;0.0;0.0;0.0;0.34629781052982656;0.3986567861336033;0.5692318355360435;0.0;0.0;0.3241192325505395;0.0;0.0;0.28546633934120086;0.0;0.0;0.32948011939072647;0.3660562319285414;0.2839338617977348;0.22931201531239767;0.29288172025983433;0.19667043594976097;0.30848641120124964;0.3357175985669479;0.0;0.19979518555778594;0.4300039503136231;0.0;0.0;0.22648569529502666;0.33981210083065844;0.0;0.0;0.3812995400882076;0.1776305907622905;0.0;0.0;0.6322481651350298;0.5123045056816397;0.2986306154410706;0.0;0.3548433508333722;0.5157791157343391;0.5585000585930828;0.3659637022725283
GO:0043406;0.47607694581692284;0.3250950411329455;0.4652567327835651;0.0;0.0;0.1843953634221192;0.0;0.16861700206146565;0.0;0.16852996243586307;0.0;0.17352958392541942;0.2409613632534408;0.18153696134937178;0.0;0.38916514721689827;0.17675150212216484;0.4474981878628534;0.0;0.14884335317143949;0.0;0.0;0.0;0.0;0.18963160953116362;0.0;0.4759257237861905;1.0;0.17380330849665154;0.18044228849915656;0.19435790720596768;0.0;0.1817242739416514;0.17123095820563694;0.0;0.17222590316666994;0.3782372037207196;0.17229587364488083;0.2883925328507844;0.0;0.0;0.16242172618056938;0.1881417887784425;0.13801986598975735;0.17908592107594953;0.0;0.17978887666689722;0.0;0.22849842130971135;0.22849693851680977;0.20104961572553828;0.0;0.0;0.34425913501422495;0.18294019125842842;0.33477184263016496;0.2039293833554762;0.25760246577596446;0.0;0.25363477170158877;0.23133834235702633;0.0;0.13514466806334863;0.4784264091506703;0.0;0.14633241101681035;0.0;0.21265332661097938;0.0;0.0;0.0;0.1642766044135624;0.21167710716124472;0.2813818264723377;0.0;0.0;0.45963844931916054;0.0;0.0;0.20170623070160884;0.0;0.0;0.1645785490856775;0.16859349686534247;0.13308603986819498;0.2657017564529977;0.15490932974959673;0.20698418881498337;0.15916786082928866;0.1618568169214998;0.0;0.24442706562733962;0.18633766520410272;0.0;0.0;0.35375051073466984;0.16280257581668597;0.0;0.0;0.17656453496362046;0.19718422338762817;0.0;0.0;0.3699239722922697;0.2667306523752234;0.43866507302930624;0.0;0.1706721584293419;0.8106218413155818;0.8536441400566434;0.16857386659876725
GO:0033089;0.2827731102883177;0.23846910847976344;0.27440627280582586;0.0;0.0;0.2866470009780973;0.0;0.3098520324999915;0.0;0.309633615188009;0.0;0.3160150555766346;0.3278697001218453;0.2500787831952493;0.0;0.2514919273510566;0.2410869948365984;0.3016997599666821;0.0;0.36196032996337063;0.0;0.0;0.0;0.0;0.2811872267049533;0.0;0.28265536127742735;0.17380330849665154;1.0;0.2480061603780526;0.25511640382695727;0.0;0.2504343815718391;0.38268890945982226;0.0;0.23274502395881613;0.21187214172819047;0.2328728268605264;0.20200609536575181;0.0;0.0;0.32171541686229216;0.7973772936226099;0.1743510871599665;0.24545107750603729;0.0;0.619239623934457;0.0;0.2900437094486573;0.2900412795725882;0.7132614540926754;0.0;0.0;0.41289135045112635;0.2280470619142757;0.1554599136175262;0.26239477259273775;0.22925490622767267;0.0;0.1937286667867583;0.31030631228591493;0.0;0.2540365657510126;0.22226730264651673;0.0;0.31126214239641403;0.0;0.27758974729224184;0.0;0.0;0.0;0.29905980930753806;0.43965709459177565;0.33219561510056944;0.0;0.0;0.14810306200762646;0.0;0.0;0.1813850446714001;0.0;0.0;0.2189934911153699;0.30979304041012773;0.2985086842336052;0.16971786117530177;0.3350754502865883;0.12428270377395095;0.6318188511432253;0.40455937890166876;0.0;0.15298972016629875;0.3440065303388172;0.0;0.0;0.16816470139304668;0.21959168829784992;0.0;0.0;0.2407392829913032;0.11639838424354261;0.0;0.0;0.290163695623697;0.20685534864172703;0.2775780945089324;0.0;0.22991644080007034;0.1853476928568564;0.1973199263378775;0.30974377802253233
