;GO:0060441;GO:0016525;GO:0040037;GO:0045600;GO:0008543;GO:0006487;GO:0046777;GO:0060449;GO:0042059;GO:0006402;GO:0006886;GO:0032091;GO:0002003;GO:0046580;GO:0010977;GO:2000233;GO:0034504;GO:0051603;GO:0035116;GO:0033138;GO:0034260;GO:0006491;GO:0046709;GO:0090068;GO:0060437;GO:0043312;GO:0006897;GO:0042147;GO:0045778;GO:0048208;GO:0048133;GO:0006646;GO:0006888;GO:0010628;GO:0030099;GO:0030210;GO:2000369;GO:0035863;GO:0051138;GO:0031345;GO:0051897;GO:0016567;GO:0030335;GO:0034656;GO:0015014;GO:0043407;GO:0015012;GO:0090630;GO:0008285;GO:0006580;GO:0006382;GO:0008284;GO:0045944;GO:0043687;GO:0045747;GO:0043525;GO:0000122;GO:1901639;GO:0006657;GO:0051387;GO:0031338;GO:0010637;GO:0045595;GO:0010757;GO:2000179;GO:0016077;GO:0016310;GO:0016311;GO:1904681;GO:0045638;GO:0006351;GO:0043410;GO:0006477;GO:0000132;GO:1990830;GO:0010923;GO:0010801;GO:0043066;GO:0070373;GO:0043065;GO:0045880;GO:0070374;GO:0006508;GO:0019695;GO:0032332;GO:2000781;GO:0071902
GO:0060441;1.0;0.0;0.0;0.0;0.0;0.0;0.0;0.2860471860175117;0.0;0.0;0.0;0.0;0.0;0.0;0.0;0.0;0.0;0.0;0.3522183653974465;0.0;0.0;0.0;0.0;0.0;0.40735994788064805;0.0;0.0;0.0;0.0;0.0;0.0;0.0;0.0;0.0;0.31561231874251927;0.0;0.0;0.0;0.0;0.0;0.0;0.0;0.0;0.0;0.0;0.0;0.0;0.0;0.0;0.0;0.0;0.0;0.0;0.0;0.0;0.0;0.0;0.0;0.0;0.0;0.0;0.0;0.0;0.0;0.0;0.0;0.0;0.0;0.0;0.0;0.0;0.0;0.0;0.0;0.0;0.0;0.0;0.0;0.0;0.0;0.0;0.0;0.0;0.0;0.0;0.0;0.0
GO:0016525;0.0;1.0;0.293370147958847;0.3531388185294159;0.302392274990272;0.0;0.0;0.0;0.29343443097316974;0.1864965709569008;0.0;0.2411698894568099;0.15477492181714386;0.2780131316161893;0.4529225496531408;0.23932338442794737;0.0;0.0;0.0;0.1724654320583629;0.3509834410966781;0.0;0.0;0.3031154971876978;0.0;0.0;0.0;0.0;0.40843082654613994;0.0;0.0;0.0;0.0;0.303019725937688;0.0;0.0;0.2924695209628676;0.0;0.24012267675205093;0.3788139849935171;0.23483791567653758;0.0;0.2564081709629909;0.0;0.0;0.14379459022057087;0.0;0.21585607051037328;0.4084572407980951;0.0;0.0;0.32688791607974077;0.1563905932116605;0.0;0.24863819997417463;0.24904973350563633;0.1918886498623317;0.0;0.0;0.29337011638333765;0.30276283119760067;0.47912997014385983;0.4433808428637026;0.224610412256882;0.3031541128955624;0.0;0.0;0.0;0.0;0.5631203026075422;0.0;0.14281891195346577;0.0;0.0;0.0;0.2501478709413855;0.21550195458629223;0.3531369590443697;0.1726576072313483;0.28261495578221574;0.24863819997417458;0.1381769840965455;0.0;0.2065014782147945;0.4201157781220392;0.17938584208411112;0.14253658667219357
GO:0040037;0.0;0.293370147958847;1.0;0.3203842274115207;0.3405907259680201;0.0;0.0;0.0;0.7950686563257365;0.17694312316074912;0.0;0.21570564982857912;0.14387479807614606;0.7563967711987349;0.29921886230287575;0.31144823081458095;0.0;0.0;0.0;0.20284513302666107;0.318609136512937;0.0;0.0;0.34132481335774156;0.0;0.0;0.0;0.0;0.2923052635792365;0.0;0.0;0.0;0.0;0.27308531768600597;0.0;0.0;0.33048382260117976;0.0;0.1643329230342352;0.47503660965394906;0.48291253517671257;0.0;0.2931941033599856;0.0;0.0;0.40581952740744603;0.0;0.19522826322664794;0.5082786721190271;0.0;0.0;0.36526316701285544;0.18495104793157274;0.0;0.508949139960572;0.2854753757391058;0.25296689268237416;0.0;0.0;0.8979158749702792;0.3409668924039429;0.3861502625086357;0.39294242648633765;0.2934702451020309;0.34136399946693796;0.0;0.0;0.0;0.0;0.3664693731647664;0.0;0.30298367687984745;0.0;0.0;0.0;0.32458363812521335;0.28226824582654364;0.4458239111306133;0.4833993794169055;0.3203812229694228;0.508949139960572;0.29360484123709124;0.0;0.1875443218435654;0.2776146961664556;0.2525226168079612;0.16937035491721406
GO:0045600;0.0;0.3531388185294159;0.3203842274115207;1.0;0.4238797335467994;0.0;0.0;0.0;0.32046089563698565;0.15770694164849963;0.0;0.2731865503766213;0.16736281983718848;0.30215665198698516;0.34161941911082816;0.25700097330408317;0.0;0.0;0.0;0.31967924338243897;0.31240747767429794;0.0;0.0;0.5914324630587277;0.0;0.0;0.0;0.0;0.4627521133856544;0.0;0.0;0.0;0.0;0.42486666654061;0.0;0.0;0.40833806616356044;0.0;0.39290129788484174;0.4250964650710261;0.4459403699585494;0.0;0.49105504643639614;0.0;0.0;0.14999354163865203;0.0;0.2411518783748548;0.4627860213600716;0.0;0.0;0.6439862205083904;0.28811011729388236;0.0;0.47471553822582896;0.47557844240369035;0.203089196915679;0.0;0.0;0.3203841897532151;0.42446253016602564;0.3963719815734425;0.7071371301420483;0.2401108817620572;0.5915170143932172;0.0;0.0;0.0;0.0;0.43215507040694506;0.0;0.2617560189565451;0.0;0.0;0.0;0.269525459552046;0.22973093631253694;0.39302742960492837;0.18167288159440148;0.5469138333671834;0.4747155382258289;0.2528041542086582;0.0;0.22953531681607714;0.7153959239260963;0.3333900941671647;0.2612106618922696
GO:0008543;0.0;0.302392274990272;0.3405907259680201;0.4238797335467994;1.0;0.19430021341801543;0.1886335451457915;0.0;0.3406773713354094;0.20777730222369226;0.0;0.2987387636982809;0.24100473443645526;0.3200650846534104;0.2571706657468595;0.26984298368675935;0.0;0.0;0.0;0.2399360741599843;0.33674978226648133;0.23061998648330698;0.08183846189898873;0.4613252400858852;0.0;0.17184826618215548;0.0;0.0;0.4050509134661366;0.26140493125966136;0.2610244444393764;0.16858573183621559;0.0;0.3690576668892286;0.3321155713152854;0.15534903174415488;0.4417401748473101;0.07975896772264346;0.18785991562710103;0.46141844945752786;0.34068008114160275;0.20110022753901202;0.3775554960837575;0.16767919148205498;0.1781035965938977;0.15427868754353988;0.1636326548065872;0.2608467772585093;0.50616283042825;0.19433513798850932;0.1944565560099551;0.5061600822788369;0.21529713988084684;0.21487432222822853;0.3641454718092437;0.36485211021707353;0.2110253221512192;0.0829170580368554;0.14808706737628655;0.34059068340973164;0.46067164955196827;0.3519244451715377;0.5609124124204731;0.2512837146875559;0.461396826133342;0.14134908883330874;0.31516440729008616;0.31516440729008616;0.0;0.32948413058159576;0.14803115328655644;0.19489267322962142;0.20081375148427552;0.176348729061104;0.25029626071107264;0.28368411219563877;0.2399381180933317;0.423877054461027;0.1879974241926742;0.42387447451770693;0.36414547180924367;0.18799545466142395;0.0;0.33746634343536863;0.35210991925145707;0.25070453183509284;0.1944720004036537
GO:0006487;0.0;0.0;0.0;0.0;0.19430021341801543;1.0;0.7845656334607949;0.0;0.0;0.3468204288379655;0.0;0.0;0.5189442437692492;0.0;0.0;0.0;0.0;0.5858927617507037;0.0;0.0;0.0;0.6930359665059233;0.22257181103105367;0.0;0.0;0.13717409217300025;0.0;0.0;0.0;0.18880742291011818;0.1886088473541733;0.3213291332515664;0.0;0.0;0.22311869126874306;0.3841460337674947;0.0;0.2175101481044303;0.0;0.0;0.0;0.8245806064180972;0.0;0.3660039648623541;0.42831383203847884;0.0;0.5307847086574682;0.0;0.0;0.40875324478226593;0.5117425593742884;0.0;0.0;0.8674953974623162;0.0;0.0;0.0;0.2251863343537062;0.3705183683124774;0.0;0.0;0.0;0.0;0.0;0.0;0.39521159655965515;0.3647350500624316;0.3647350500624316;0.0;0.0;0.4105539533805719;0.0;0.8236738066267203;0.14002656975336286;0.18294295382920453;0.0;0.0;0.0;0.0;0.0;0.0;0.0;0.6047966201270786;0.43135339195878236;0.0;0.0;0.0
GO:0046777;0.0;0.0;0.0;0.0;0.1886335451457915;0.7845656334607949;1.0;0.0;0.0;0.3414000274914768;0.0;0.0;0.5079344499419878;0.0;0.0;0.0;0.0;0.5687634661734966;0.0;0.0;0.0;0.6750628373461017;0.2671892487840682;0.0;0.0;0.1343252696068739;0.0;0.0;0.0;0.18345219974862434;0.18326472341092484;0.40104714208245623;0.0;0.0;0.2156785945065727;0.37677965023739424;0.0;0.2611792396251786;0.0;0.0;0.0;0.8052589225802874;0.0;0.3585477266421298;0.41916754521670196;0.0;0.5201776777256795;0.0;0.0;0.39942014042361285;0.5000523424963167;0.0;0.0;0.8461362559431892;0.0;0.0;0.0;0.2702924301299238;0.44151620875906133;0.0;0.0;0.0;0.0;0.0;0.0;0.38818838996897903;0.5564556357674952;0.48888619627279806;0.0;0.0;0.40298009713966454;0.0;0.8043940991213944;0.1370593166189588;0.17791080365028436;0.0;0.0;0.0;0.0;0.0;0.0;0.0;0.5865613387702693;0.41958931928147947;0.0;0.0;0.0
GO:0060449;0.2860471860175117;0.0;0.0;0.0;0.0;0.0;0.0;1.0;0.0;0.0;0.0;0.0;0.0;0.0;0.0;0.0;0.0;0.0;0.30155101840070797;0.0;0.0;0.0;0.0;0.0;0.5937809061387346;0.0;0.0;0.0;0.0;0.0;0.0;0.0;0.0;0.0;0.3740097162041398;0.0;0.0;0.0;0.0;0.0;0.0;0.0;0.0;0.0;0.0;0.0;0.0;0.0;0.0;0.0;0.0;0.0;0.0;0.0;0.0;0.0;0.0;0.0;0.0;0.0;0.0;0.0;0.0;0.0;0.0;0.0;0.0;0.0;0.0;0.0;0.0;0.0;0.0;0.0;0.0;0.0;0.0;0.0;0.0;0.0;0.0;0.0;0.0;0.0;0.0;0.0;0.0
GO:0042059;0.0;0.29343443097316974;0.7950686563257365;0.32046089563698565;0.3406773713354094;0.0;0.0;0.0;1.0;0.17696650582567053;0.0;0.21576441244026842;0.14390093822804434;0.7565421323938255;0.2992669155358381;0.31150029262473194;0.0;0.0;0.0;0.20287586314368847;0.3186849574297708;0.0;0.0;0.3414118326750802;0.0;0.0;0.0;0.0;0.29238500919387933;0.0;0.0;0.0;0.0;0.2731549198031018;0.0;0.0;0.33056540131297896;0.0;0.16435309144599747;0.4751577363363651;0.4830100856259627;0.0;0.2932583092395318;0.0;0.0;0.4058613659312439;0.0;0.19527639725384255;0.5084173468025865;0.0;0.0;0.36536282210044146;0.18497659510281686;0.0;0.5090574941770396;0.2855362451556798;0.25300123750426745;0.0;0.0;0.7950685774353196;0.3410537292928874;0.38623029707745127;0.39305775973862295;0.29351646952375154;0.3414510387686367;0.0;0.0;0.0;0.0;0.3665414566412205;0.0;0.30302207395057823;0.0;0.0;0.0;0.3246401843788778;0.28231100849270474;0.4459305966721777;0.48345874451746135;0.32045788975679135;0.5090574941770395;0.29364089780217445;0.0;0.18758874101392808;0.27767225926831;0.25256231459664397;0.16939177883869624
GO:0006402;0.0;0.1864965709569008;0.17694312316074912;0.15770694164849963;0.20777730222369226;0.3468204288379655;0.3414000274914768;0.0;0.17696650582567053;1.0;0.0;0.12596544788054664;0.36501764542821047;0.17123807083819173;0.15142506067489434;0.3368448966812451;0.0;0.28599381003822544;0.0;0.17385124863563575;0.19638619082451145;0.37830891559675;0.41316785593535676;0.16389141444875224;0.0;0.09605810572802916;0.0;0.0;0.17059416005944258;0.11881054657476528;0.11873188420688233;0.2260460043068357;0.0;0.2848941279410597;0.13153950770257858;0.24590459798453967;0.16072808295231297;0.40548338665108086;0.09955777313869887;0.20480520010791753;0.14162732105144404;0.3531313470752721;0.1491967223422866;0.6580308124246748;0.2973619845386727;0.19339844677615006;0.31556292911728234;0.11869511021772808;0.21316929451077132;0.2775331243974277;0.546809712970248;0.17059952784164276;0.18904532788902917;0.36530687310539645;0.14653224417000812;0.1466750812064354;0.2901693448188167;0.4171117939074353;0.23987221804759704;0.1769431116742966;0.16378825907631908;0.17995394640041565;0.1779134810203563;0.3230739676969273;0.16390270290914988;0.7885800083440907;0.21815193582110198;0.21815193582110198;0.0;0.17389774471999703;0.4975479665027562;0.15250887898340126;0.3528696128691869;0.09744821065327579;0.11646128953017187;0.22302067096765577;0.25841629873885474;0.19705858664495968;0.22138167727304323;0.15770603200629799;0.14653224417000812;0.14893570098044656;0.2916638428274369;0.3176946621863478;0.1440563935998436;0.17849346621551476;0.15229345313607293
GO:0006886;0.0;0.0;0.0;0.0;0.0;0.0;0.0;0.0;0.0;0.0;1.0;0.0;0.0;0.0;0.0;0.0;0.4518409879124575;0.0;0.0;0.0;0.0;0.0;0.0;0.0;0.0;0.24734912573580228;0.40438310352292217;0.5581819450937369;0.0;0.0;0.0;0.0;0.5769098766419632;0.0;0.0;0.0;0.0;0.0;0.0;0.0;0.0;0.0;0.0;0.0;0.0;0.0;0.0;0.0;0.0;0.0;0.0;0.0;0.0;0.0;0.0;0.0;0.0;0.0;0.0;0.0;0.0;0.0;0.0;0.0;0.0;0.0;0.0;0.0;0.0;0.0;0.0;0.0;0.0;0.30474672309133477;0.0;0.0;0.0;0.0;0.0;0.0;0.0;0.0;0.0;0.0;0.0;0.0;0.0
GO:0032091;0.0;0.2411698894568099;0.21570564982857912;0.2731865503766213;0.2987387636982809;0.0;0.0;0.0;0.21576441244026842;0.12596544788054664;0.0;1.0;0.18749071186402086;0.20184464001582836;0.16009613253064145;0.16842127763801182;0.0;0.0;0.0;0.14884275059534702;0.4591707173977892;0.0;0.0;0.2996946542575568;0.0;0.0;0.0;0.0;0.3319686819020214;0.0;0.0;0.0;0.0;0.2995679838436973;0.0;0.0;0.2857775608700478;0.0;0.11531447039507199;0.29976116660680113;0.21576625025633178;0.0;0.24096878303682645;0.0;0.0;0.15937323915624185;0.0;0.38602650239837755;0.3319981869647436;0.0;0.0;0.3319961879245763;0.1328912122287729;0.0;0.23175874791569384;0.23224278020386532;0.1301417776414878;0.0;0.0;0.215705620966204;0.2992283393682725;0.22341016212257173;0.3722989785279903;0.15624332357657714;0.29974573639815905;0.0;0.0;0.0;0.0;0.20819068490962986;0.0;0.11980121723220427;0.0;0.0;0.0;0.300845711170182;0.148844080503657;0.27318466885069337;0.11540207595556812;0.27318285695467376;0.23175874791569379;0.11540082114935285;0.0;0.2691657549086065;0.22353654769701806;0.15586476847148192;0.1617449048923657
GO:0002003;0.0;0.15477492181714386;0.14387479807614606;0.16736281983718848;0.24100473443645526;0.5189442437692492;0.5079344499419878;0.0;0.14390093822804434;0.36501764542821047;0.0;0.18749071186402086;1.0;0.1375734220452624;0.11681168359281423;0.1211822665534979;0.0;0.5892822890299211;0.0;0.1107046983925535;0.16654328415794206;0.5854740897842756;0.23728353034486566;0.17695137753048057;0.0;0.12811843079263116;0.0;0.0;0.1877274047669439;0.17206746737758874;0.17190252749148824;0.30041802591711686;0.0;0.17690721028871947;0.2001124090409334;0.36064699540604994;0.17200556261556524;0.23207874186437386;0.09102097260344481;0.17697456283033586;0.14390175569166064;0.53192225261835;0.15469206834637794;0.38299512767966265;0.3567910374740003;0.07724670641022509;0.4571271106173691;0.17182545306254945;0.18773683974501965;0.42460468950246716;0.473864643758674;0.18773620052519052;0.10163125825902879;0.5574575657829424;0.1508438472779162;0.15104874668508061;0.10001532197042902;0.23996862111471476;0.34867167597295734;0.14387478523574765;0.17678870806718205;0.14726212008604106;0.19997785467540058;0.11474714345075124;0.17696918444503293;0.37281746673009986;0.3283069276197044;0.3283069276197044;0.0;0.14049227083731367;0.38643735412584374;0.09379366376687229;0.5313805619285298;0.13060331121019847;0.1671833538609696;0.1258444460941218;0.11070543408693155;0.16736211366484194;0.09107554556161811;0.16736143362235845;0.1508438472779162;0.09107476401664015;0.606510502669752;0.5135193082494227;0.14731702232101773;0.11454283351595845;0.093628860575957
GO:0046580;0.0;0.2780131316161893;0.7563967711987349;0.30215665198698516;0.3200650846534104;0.0;0.0;0.0;0.7565421323938255;0.17123807083819173;0.0;0.20184464001582836;0.1375734220452624;1.0;0.28757566100268417;0.29885387186054974;0.0;0.0;0.0;0.19538276837019128;0.3005772976424166;0.0;0.0;0.32071327464430927;0.0;0.0;0.0;0.0;0.2734965158848487;0.0;0.0;0.0;0.0;0.25659896100942575;0.0;0.0;0.3111236658447607;0.0;0.15940072518065668;0.44634660438911683;0.5084500114310706;0.0;0.2778550304303509;0.0;0.0;0.4464744841092063;0.0;0.18380435718570634;0.4755710756102229;0.0;0.0;0.3417586661448645;0.17872700484350304;0.0;0.4830249655880684;0.2709132582857984;0.24459464733171463;0.0;0.0;0.7563966997960867;0.32039725594930574;0.3669757213882408;0.3658726607032238;0.2822617472633978;0.32074787075540356;0.0;0.0;0.0;0.0;0.34915574106849434;0.0;0.32487157677241185;0.0;0.0;0.0;0.3109278262130196;0.27188395332943205;0.42045982745024496;0.5292629847864775;0.30215397968130575;0.4830249655880684;0.3151172141492456;0.0;0.17697764419283019;0.2638241152780079;0.24289598252176836;0.16413595686497576
GO:0010977;0.0;0.4529225496531408;0.29921886230287575;0.34161941911082816;0.2571706657468595;0.0;0.0;0.0;0.2992669155358381;0.15142506067489434;0.0;0.16009613253064145;0.11681168359281423;0.28757566100268417;1.0;0.25672455880434375;0.0;0.0;0.0;0.17000261510419942;0.2444369170354333;0.0;0.0;0.25758897337219605;0.0;0.0;0.0;0.0;0.27098120595363917;0.0;0.0;0.0;0.0;0.20610479544786955;0.0;0.0;0.30056162320735147;0.0;0.2533983015222284;0.5565780119572922;0.21506343767324185;0.0;0.22919468518578742;0.0;0.0;0.16977684293328132;0.0;0.14853303436973692;0.3770961599512991;0.0;0.0;0.27099204529229015;0.1572517622719702;0.0;0.22418303058833122;0.22445065706682452;0.2156331770859255;0.0;0.0;0.2992188386979757;0.30775848139485756;0.4760657512808901;0.39791790327165233;0.24438409609948591;0.25761129052187814;0.0;0.0;0.0;0.0;0.5785290646693192;0.0;0.14608104972475727;0.0;0.0;0.0;0.26558387435248254;0.23656610972965317;0.3415934169292833;0.1978381315280863;0.24547861083818842;0.2241830305883312;0.1421714052701524;0.0;0.14404297013804981;0.39154968698421744;0.1753387814354315;0.14584457973139273
GO:2000233;0.0;0.23932338442794737;0.31144823081458095;0.25700097330408317;0.26984298368675935;0.0;0.0;0.0;0.31150029262473194;0.3368448966812451;0.0;0.16842127763801182;0.1211822665534979;0.29885387186054974;0.25672455880434375;1.0;0.0;0.0;0.0;0.3476900007435007;0.25585750489015174;0.0;0.0;0.27030356890322466;0.0;0.0;0.0;0.0;0.22815700056272126;0.0;0.0;0.0;0.0;0.3760187535956529;0.0;0.0;0.26345946655630015;0.0;0.14587910224335873;0.37618154971299345;0.22385480666626062;0.0;0.23920621639166148;0.0;0.0;0.3912047813181833;0.0;0.15567221158165384;0.3967286254970644;0.0;0.0;0.2851004512832633;0.41371460124769777;0.0;0.23375237691800987;0.2340433533474276;0.6817123751677895;0.0;0.0;0.31144820524073963;0.2700790516444621;0.31818198638850465;0.30168773297907164;0.6385327986064786;0.2703281436814266;0.0;0.0;0.0;0.0;0.30469866638275356;0.0;0.2974246553550877;0.0;0.0;0.0;0.42801068723710545;0.5500332870171551;0.3576246193365627;0.4575878674403733;0.2569990400366929;0.23375237691800985;0.2892523537491742;0.0;0.15074730403711967;0.22873358903941374;0.3933171891825812;0.2969300232124449
GO:0034504;0.0;0.0;0.0;0.0;0.0;0.0;0.0;0.0;0.0;0.0;0.4518409879124575;0.0;0.0;0.0;0.0;0.0;1.0;0.0;0.0;0.0;0.0;0.0;0.0;0.0;0.0;0.17714674487420046;0.3333115181989725;0.3679000744697059;0.0;0.0;0.0;0.0;0.38435383029162984;0.0;0.0;0.0;0.0;0.0;0.0;0.0;0.0;0.0;0.0;0.0;0.0;0.0;0.0;0.0;0.0;0.0;0.0;0.0;0.0;0.0;0.0;0.0;0.0;0.0;0.0;0.0;0.0;0.0;0.0;0.0;0.0;0.0;0.0;0.0;0.0;0.0;0.0;0.0;0.0;0.244821245736547;0.0;0.0;0.0;0.0;0.0;0.0;0.0;0.0;0.0;0.0;0.0;0.0;0.0
GO:0051603;0.0;0.0;0.0;0.0;0.0;0.5858927617507037;0.5687634661734966;0.0;0.0;0.28599381003822544;0.0;0.0;0.5892822890299211;0.0;0.0;0.0;0.0;1.0;0.0;0.0;0.0;0.6957408898647935;0.19279176937152923;0.0;0.0;0.0;0.0;0.0;0.0;0.0;0.0;0.28467371623174015;0.0;0.0;0.0;0.36488476496464134;0.0;0.18788789298986772;0.0;0.0;0.0;0.6064512951028568;0.0;0.3406865336887015;0.36027481338174133;0.0;0.493220583986139;0.0;0.0;0.3917601396434534;0.46019824033484946;0.0;0.0;0.6481057933149502;0.0;0.0;0.0;0.19533542623161015;0.3491587641204117;0.0;0.0;0.0;0.0;0.0;0.0;0.33428333650880243;0.31646167208904313;0.31646167208904313;0.0;0.0;0.3501165612690685;0.0;0.6055851163435048;0.0;0.0;0.0;0.0;0.0;0.0;0.0;0.0;0.0;0.9540132274793365;0.41803396358370903;0.0;0.0;0.0
GO:0035116;0.3522183653974465;0.0;0.0;0.0;0.0;0.0;0.0;0.30155101840070797;0.0;0.0;0.0;0.0;0.0;0.0;0.0;0.0;0.0;0.0;1.0;0.0;0.0;0.0;0.0;0.0;0.31545576749749205;0.0;0.0;0.0;0.0;0.0;0.0;0.0;0.0;0.0;0.33459298081011657;0.0;0.0;0.0;0.0;0.0;0.0;0.0;0.0;0.0;0.0;0.0;0.0;0.0;0.0;0.0;0.0;0.0;0.0;0.0;0.0;0.0;0.0;0.0;0.0;0.0;0.0;0.0;0.0;0.0;0.0;0.0;0.0;0.0;0.0;0.0;0.0;0.0;0.0;0.0;0.0;0.0;0.0;0.0;0.0;0.0;0.0;0.0;0.0;0.0;0.0;0.0;0.0
GO:0033138;0.0;0.1724654320583629;0.20284513302666107;0.31967924338243897;0.2399360741599843;0.0;0.0;0.0;0.20287586314368847;0.17385124863563575;0.0;0.14884275059534702;0.1107046983925535;0.19538276837019128;0.17000261510419942;0.3476900007435007;0.0;0.0;0.0;1.0;0.18312118863058138;0.0;0.0;0.3343894349534768;0.0;0.0;0.0;0.0;0.25191447197713246;0.0;0.0;0.0;0.0;0.42735029946699454;0.0;0.0;0.23487585858435772;0.0;0.19018261689745708;0.24032544185137708;0.2823130382576521;0.0;0.2997470243585119;0.0;0.0;0.39084331774031755;0.0;0.13879709290122116;0.25192452037358437;0.0;0.0;0.3505643627710809;0.47224831500124254;0.0;0.2935788728260994;0.29390866789477443;0.294347435238065;0.0;0.0;0.2028451179311534;0.24012269656119425;0.20681184061986127;0.2647881800611216;0.39528053654212403;0.3344164613572655;0.0;0.0;0.0;0.0;0.19885295165037628;0.0;0.811919800290268;0.0;0.0;0.0;0.3215005887041627;0.5376290165629565;0.2297282756540394;0.45297593291224625;0.3196770938049021;0.29357887282609935;0.7910198894802347;0.0;0.13486857645104414;0.2878779191059417;0.5240301382094761;0.8106569412639756
GO:0034260;0.0;0.3509834410966781;0.318609136512937;0.31240747767429794;0.33674978226648133;0.0;0.0;0.0;0.3186849574297708;0.19638619082451145;0.0;0.4591707173977892;0.16654328415794206;0.3005772976424166;0.2444369170354333;0.25585750489015174;0.0;0.0;0.0;0.18312118863058138;1.0;0.0;0.0;0.33764692809165053;0.0;0.0;0.0;0.0;0.36738528235494394;0.0;0.0;0.0;0.0;0.33752809733892714;0.0;0.0;0.3244898149310286;0.0;0.14483325080152507;0.42197708990389665;0.2550462637724915;0.0;0.280691287527291;0.0;0.0;0.2700961205140478;0.0;0.5650209630818137;0.4590913941161182;0.0;0.0;0.36741017814073007;0.16510238749674405;0.0;0.2714065642726788;0.27189699316188704;0.20237448040787198;0.0;0.0;0.31860909927076764;0.33720939052783805;0.3285058624932007;0.4030986561609177;0.2391124800187985;0.33769484398917304;0.0;0.0;0.0;0.0;0.30886941016384883;0.0;0.15004933006900792;0.0;0.0;0.0;0.58864038735644;0.22881682584198673;0.39035947259198056;0.18110074255831235;0.31240390815803537;0.27140656427267873;0.14493391314615198;0.0;0.22799659667844532;0.2630333939352569;0.19094256064914333;0.22656781156419006
GO:0006491;0.0;0.0;0.0;0.0;0.23061998648330698;0.6930359665059233;0.6750628373461017;0.0;0.0;0.37830891559675;0.0;0.0;0.5854740897842756;0.0;0.0;0.0;0.0;0.6957408898647935;0.0;0.0;0.0;1.0;0.2624534651180684;0.0;0.0;0.15433362936343392;0.0;0.0;0.0;0.22292245535670693;0.2226456893352857;0.3608385286384286;0.0;0.0;0.27237697174784603;0.4749696607446285;0.0;0.256118273818738;0.0;0.0;0.0;0.7144470137561666;0.0;0.41078853810230564;0.4836380019699864;0.0;0.6906982866362107;0.0;0.0;0.46581527341420204;0.5263526037593224;0.0;0.0;0.757301151448382;0.0;0.0;0.0;0.2657329173941864;0.4110299219799888;0.0;0.0;0.0;0.0;0.0;0.0;0.43662477853823983;0.4418563365283253;0.4418563365283253;0.0;0.0;0.45542745835761667;0.0;0.7135484189068297;0.15795381110218001;0.2147928838337664;0.0;0.0;0.0;0.0;0.0;0.0;0.0;0.7225600030359184;0.5056804130683035;0.0;0.0;0.0
GO:0046709;0.0;0.0;0.0;0.0;0.08183846189898873;0.22257181103105367;0.2671892487840682;0.0;0.0;0.41316785593535676;0.0;0.0;0.23728353034486566;0.0;0.0;0.0;0.0;0.19279176937152923;0.0;0.0;0.0;0.2624534651180684;1.0;0.0;0.0;0.06962564000148161;0.0;0.0;0.0;0.08084779797581688;0.0808113657836415;0.30020828952093187;0.0;0.0;0.08654683025160495;0.29185872850963956;0.0;0.7584799990707406;0.0;0.0;0.0;0.2254375939291001;0.0;0.5243733999649587;0.2380674377083105;0.0;0.2983486272068882;0.0;0.0;0.24623110329043799;0.3179167178482519;0.0;0.0;0.2308827023466217;0.0;0.0;0.0;0.9768636526400672;0.3277876268686599;0.0;0.0;0.0;0.0;0.0;0.0;0.44471077298100764;0.20022460294693178;0.20022460294693178;0.0;0.0;0.45395287258715783;0.0;0.22531933609227348;0.07035307125546025;0.07975306169934236;0.0;0.0;0.0;0.0;0.0;0.0;0.0;0.19535994302103957;0.18897933986463455;0.0;0.0;0.0
GO:0090068;0.0;0.3031154971876978;0.34132481335774156;0.5914324630587277;0.4613252400858852;0.0;0.0;0.0;0.3414118326750802;0.16389141444875224;0.0;0.2996946542575568;0.17695137753048057;0.32071327464430927;0.25758897337219605;0.27030356890322466;0.0;0.0;0.0;0.3343894349534768;0.33764692809165053;0.0;0.0;1.0;0.0;0.0;0.0;0.0;0.5077450056641151;0.0;0.0;0.0;0.0;0.462494486730905;0.0;0.0;0.4429758206668519;0.0;0.2617267514430371;0.46276680441961937;0.4750950756213682;0.0;0.5266425449308209;0.0;0.0;0.15442913410149453;0.0;0.26157526079120047;0.5077858281492638;0.0;0.0;0.7066050039555984;0.30000437773820254;0.0;0.5078941327908871;0.5088819969912406;0.21130689795368962;0.0;0.0;0.34132477061580063;0.46201563709884497;0.3527082576010529;0.5629061966855842;0.2516830754932768;0.6439324099956931;0.0;0.0;0.0;0.0;0.33017107343169466;0.0;0.2715368742529717;0.0;0.0;0.0;0.28419320362476985;0.24030220418314352;0.42501465790997006;0.18822086719231962;0.5914251055281983;0.507894132790887;0.2619158090883763;0.0;0.24796327570741733;0.4910700646583034;0.3494208055378832;0.2709500454671324
GO:0060437;0.40735994788064805;0.0;0.0;0.0;0.0;0.0;0.0;0.5937809061387346;0.0;0.0;0.0;0.0;0.0;0.0;0.0;0.0;0.0;0.0;0.31545576749749205;0.0;0.0;0.0;0.0;0.0;1.0;0.0;0.0;0.0;0.0;0.0;0.0;0.0;0.0;0.0;0.39563919631261324;0.0;0.0;0.0;0.0;0.0;0.0;0.0;0.0;0.0;0.0;0.0;0.0;0.0;0.0;0.0;0.0;0.0;0.0;0.0;0.0;0.0;0.0;0.0;0.0;0.0;0.0;0.0;0.0;0.0;0.0;0.0;0.0;0.0;0.0;0.0;0.0;0.0;0.0;0.0;0.0;0.0;0.0;0.0;0.0;0.0;0.0;0.0;0.0;0.0;0.0;0.0;0.0
GO:0043312;0.0;0.0;0.0;0.0;0.17184826618215548;0.13717409217300025;0.1343252696068739;0.0;0.0;0.09605810572802916;0.24734912573580228;0.0;0.12811843079263116;0.0;0.0;0.0;0.17714674487420046;0.0;0.0;0.0;0.0;0.15433362936343392;0.06962564000148161;0.0;0.0;1.0;0.3792738984033294;0.3375382471745635;0.0;0.16753746698500932;0.16738109353874056;0.12383852350506148;0.34662176194494365;0.0;0.1940115752924505;0.1165440139124839;0.0;0.0681147559714202;0.0;0.0;0.0;0.14052885306335955;0.0;0.12334865744954177;0.1288985139914694;0.0;0.12114484965182612;0.0;0.0;0.13719149844466694;0.13725199840709604;0.0;0.0;0.14711908182081265;0.0;0.0;0.0;0.07040480424346345;0.11240860958628543;0.0;0.0;0.0;0.0;0.0;0.0;0.10848322998736228;0.1881014998650291;0.1881014998650291;0.0;0.0;0.11237638957749166;0.0;0.1403889005860417;0.2188690552377052;0.16290367248677912;0.0;0.0;0.0;0.0;0.0;0.0;0.0;0.0;0.16163278697902525;0.0;0.0;0.0
GO:0006897;0.0;0.0;0.0;0.0;0.0;0.0;0.0;0.0;0.0;0.0;0.40438310352292217;0.0;0.0;0.0;0.0;0.0;0.3333115181989725;0.0;0.0;0.0;0.0;0.0;0.0;0.0;0.0;0.3792738984033294;1.0;0.6056075302684292;0.0;0.0;0.0;0.0;0.6354870116918486;0.0;0.0;0.0;0.0;0.0;0.0;0.0;0.0;0.0;0.0;0.0;0.0;0.0;0.0;0.0;0.0;0.0;0.0;0.0;0.0;0.0;0.0;0.0;0.0;0.0;0.0;0.0;0.0;0.0;0.0;0.0;0.0;0.0;0.0;0.0;0.0;0.0;0.0;0.0;0.0;0.26033063172054627;0.0;0.0;0.0;0.0;0.0;0.0;0.0;0.0;0.0;0.0;0.0;0.0;0.0
GO:0042147;0.0;0.0;0.0;0.0;0.0;0.0;0.0;0.0;0.0;0.0;0.5581819450937369;0.0;0.0;0.0;0.0;0.0;0.3679000744697059;0.0;0.0;0.0;0.0;0.0;0.0;0.0;0.0;0.3375382471745635;0.6056075302684292;1.0;0.0;0.0;0.0;0.0;0.7894594614825874;0.0;0.0;0.0;0.0;0.0;0.0;0.0;0.0;0.0;0.0;0.0;0.0;0.0;0.0;0.0;0.0;0.0;0.0;0.0;0.0;0.0;0.0;0.0;0.0;0.0;0.0;0.0;0.0;0.0;0.0;0.0;0.0;0.0;0.0;0.0;0.0;0.0;0.0;0.0;0.0;0.34845790952116523;0.0;0.0;0.0;0.0;0.0;0.0;0.0;0.0;0.0;0.0;0.0;0.0;0.0
GO:0045778;0.0;0.40843082654613994;0.2923052635792365;0.4627521133856544;0.4050509134661366;0.0;0.0;0.0;0.29238500919387933;0.17059416005944258;0.0;0.3319686819020214;0.1877274047669439;0.2734965158848487;0.27098120595363917;0.22815700056272126;0.0;0.0;0.0;0.25191447197713246;0.36738528235494394;0.0;0.0;0.5077450056641151;0.0;0.0;0.0;0.0;1.0;0.0;0.0;0.0;0.0;0.5075299664649701;0.0;0.0;0.38744336999705403;0.0;0.27153304341379425;0.40643995892434653;0.36534623550460527;0.0;0.40808969200780804;0.0;0.0;0.12736366867886928;0.0;0.28582907991991524;0.45024727211693455;0.0;0.0;0.5625929678710909;0.22489254662618158;0.0;0.3924678042161707;0.3932887623979816;0.17625508970566867;0.0;0.0;0.29230522441067563;0.40571605282908285;0.30276144801848515;0.5050393321992194;0.2116424132162937;0.5078317242231536;0.0;0.0;0.0;0.0;0.35250092445526554;0.0;0.20272241333300295;0.0;0.0;0.0;0.24055703971610776;0.20160958323650455;0.3703391148484505;0.15627714564379216;0.4627458455645044;0.39246780421617067;0.1952704712797275;0.0;0.2696538497660144;0.5267491514239722;0.26381161843900014;0.20226730026036524
GO:0048208;0.0;0.0;0.0;0.0;0.26140493125966136;0.18880742291011818;0.18345219974862434;0.0;0.0;0.11881054657476528;0.0;0.0;0.17206746737758874;0.0;0.0;0.0;0.0;0.0;0.0;0.0;0.0;0.22292245535670693;0.08084779797581688;0.0;0.0;0.16753746698500932;0.0;0.0;0.0;1.0;0.25120667021687276;0.16443508300677934;0.0;0.0;0.31638288396860453;0.15181775456342417;0.0;0.07881771968470744;0.0;0.0;0.0;0.19522205754930635;0.0;0.1635725177231012;0.17347748089608975;0.0;0.159719486079364;0.0;0.0;0.18884040061602692;0.18895504760145282;0.0;0.0;0.20817674952747534;0.0;0.0;0.0;0.08190027119387079;0.14487480731868768;0.0;0.0;0.0;0.0;0.0;0.0;0.13841960363457775;0.30096238848384554;0.30096238848384554;0.0;0.0;0.14482129222459295;0.0;0.19495207290819627;0.3478310251388836;0.24125495213660667;0.0;0.0;0.0;0.0;0.0;0.0;0.0;0.0;0.23847798575332524;0.0;0.0;0.0
GO:0048133;0.0;0.0;0.0;0.0;0.2610244444393764;0.1886088473541733;0.18326472341092484;0.0;0.0;0.11873188420688233;0.0;0.0;0.17190252749148824;0.0;0.0;0.0;0.0;0.0;0.0;0.0;0.0;0.2226456893352857;0.0808113657836415;0.0;0.0;0.16738109353874056;0.0;0.0;0.0;0.25120667021687276;1.0;0.1642844446437728;0.0;0.0;0.31582569167889696;0.15168933763426698;0.0;0.07878309374577366;0.0;0.0;0.0;0.19500976736621317;0.0;0.16342345488436003;0.17330982803857248;0.0;0.15957735997847727;0.0;0.0;0.18864175572283678;0.18875616156326927;0.0;0.0;0.20793536732327594;0.0;0.0;0.0;0.0818628845014755;0.14475786284713207;0.0;0.0;0.0;0.0;0.0;0.0;0.13831284456599002;0.3004581443353057;0.3004581443353057;0.0;0.0;0.14470443409813247;0.0;0.1947403691791171;0.17164771508809;0.24093082658493842;0.0;0.0;0.0;0.0;0.0;0.0;0.0;0.0;0.23816127405766596;0.0;0.0;0.0
GO:0006646;0.0;0.0;0.0;0.0;0.16858573183621559;0.3213291332515664;0.40104714208245623;0.0;0.0;0.2260460043068357;0.0;0.0;0.30041802591711686;0.0;0.0;0.0;0.0;0.28467371623174015;0.0;0.0;0.0;0.3608385286384286;0.30020828952093187;0.0;0.0;0.12383852350506148;0.0;0.0;0.0;0.16443508300677934;0.1642844446437728;1.0;0.0;0.0;0.18986339142525316;0.3483405079340847;0.0;0.29374332694291655;0.0;0.0;0.0;0.32906520541989115;0.0;0.2893868708937857;0.42824824710281106;0.0;0.40283443195251567;0.0;0.0;0.27510309690609763;0.32150885016314207;0.0;0.0;0.3442455179151194;0.0;0.0;0.0;0.30354142345191826;0.8381738814451108;0.0;0.0;0.0;0.0;0.0;0.0;0.25493218245528076;0.43211554839866195;0.43211554839866195;0.0;0.0;0.37404166374527675;0.0;0.32874259029554503;0.12615865451640174;0.1599690253041227;0.0;0.0;0.0;0.0;0.0;0.0;0.0;0.29260652612192384;0.3232378159693696;0.0;0.0;0.0
GO:0006888;0.0;0.0;0.0;0.0;0.0;0.0;0.0;0.0;0.0;0.0;0.5769098766419632;0.0;0.0;0.0;0.0;0.0;0.38435383029162984;0.0;0.0;0.0;0.0;0.0;0.0;0.0;0.0;0.34662176194494365;0.6354870116918486;0.7894594614825874;0.0;0.0;0.0;0.0;1.0;0.0;0.0;0.0;0.0;0.0;0.0;0.0;0.0;0.0;0.0;0.0;0.0;0.0;0.0;0.0;0.0;0.0;0.0;0.0;0.0;0.0;0.0;0.0;0.0;0.0;0.0;0.0;0.0;0.0;0.0;0.0;0.0;0.0;0.0;0.0;0.0;0.0;0.0;0.0;0.0;0.358080889706241;0.0;0.0;0.0;0.0;0.0;0.0;0.0;0.0;0.0;0.0;0.0;0.0;0.0
GO:0010628;0.0;0.303019725937688;0.27308531768600597;0.42486666654061;0.3690576668892286;0.0;0.0;0.0;0.2731549198031018;0.2848941279410597;0.0;0.2995679838436973;0.17690721028871947;0.25659896100942575;0.20610479544786955;0.3760187535956529;0.0;0.0;0.0;0.42735029946699454;0.33752809733892714;0.0;0.0;0.462494486730905;0.0;0.0;0.0;0.0;0.5075299664649701;0.0;0.0;0.0;0.0;1.0;0.0;0.0;0.35438365603720584;0.0;0.18805351677968446;0.3702104652954927;0.34131731290564504;0.0;0.3783383008508584;0.0;0.0;0.18477520462271463;0.0;0.2614787593322569;0.4062101403489657;0.0;0.0;0.5075679909189924;0.4662426386924686;0.0;0.3648736031341055;0.36558307305429294;0.2939630715433854;0.0;0.0;0.27308528349900146;0.36960976786474264;0.28219024262525216;0.4502837219995931;0.35012126152529843;0.46256643614172605;0.0;0.0;0.0;0.0;0.26416395153310396;0.0;0.34703769130237727;0.0;0.0;0.0;0.28412582305508083;0.28750214832133847;0.34001969855644265;0.2252008270008558;0.4248613829936227;0.36487360313410544;0.33474342032607807;0.0;0.2478765548400582;0.35279066933927367;0.44655639373089473;0.3462878166360002
GO:0030099;0.31561231874251927;0.0;0.0;0.0;0.3321155713152854;0.22311869126874306;0.2156785945065727;0.3740097162041398;0.0;0.13153950770257858;0.0;0.0;0.2001124090409334;0.0;0.0;0.0;0.0;0.0;0.33459298081011657;0.0;0.0;0.27237697174784603;0.08654683025160495;0.0;0.39563919631261324;0.1940115752924505;0.0;0.0;0.0;0.31638288396860453;0.31582569167889696;0.18986339142525316;0.0;0.0;1.0;0.1732392965605432;0.0;0.08422457101088379;0.0;0.0;0.0;0.2321322309302584;0.0;0.18871435623770652;0.20202206099051834;0.0;0.18360434073626516;0.0;0.0;0.22316474533745626;0.2233248750470603;0.0;0.0;0.2506813575393429;0.0;0.0;0.0;0.087754020468638;0.1642567776440722;0.0;0.0;0.0;0.0;0.0;0.0;0.15600799911967453;0.398693588331937;0.398693588331937;0.0;0.0;0.1641879891682977;0.0;0.2317506043319508;0.19976718705237997;0.3002543026038131;0.0;0.0;0.0;0.0;0.0;0.0;0.0;0.0;0.29596510708953216;0.0;0.0;0.0
GO:0030210;0.0;0.0;0.0;0.0;0.15534903174415488;0.3841460337674947;0.37677965023739424;0.0;0.0;0.24590459798453967;0.0;0.0;0.36064699540604994;0.0;0.0;0.0;0.0;0.36488476496464134;0.0;0.0;0.0;0.4749696607446285;0.29185872850963956;0.0;0.0;0.1165440139124839;0.0;0.0;0.0;0.15181775456342417;0.15168933763426698;0.3483405079340847;0.0;0.0;0.1732392965605432;1.0;0.0;0.2857812075524257;0.0;0.0;0.0;0.3927900537006653;0.0;0.3118721465934564;0.4397685427617501;0.0;0.6005318571436632;0.0;0.0;0.38535348363131694;0.343113356491268;0.0;0.0;0.409675048345178;0.0;0.0;0.0;0.29498866058245965;0.42227882037403724;0.0;0.0;0.0;0.0;0.0;0.0;0.2757137924996712;0.2854217321219814;0.2854217321219814;0.0;0.0;0.4230439581922682;0.0;0.434644770918067;0.11859660252160255;0.14800282504740053;0.0;0.0;0.0;0.0;0.0;0.0;0.0;0.37423230025753;0.34955389331431497;0.0;0.0;0.0
GO:2000369;0.0;0.2924695209628676;0.33048382260117976;0.40833806616356044;0.4417401748473101;0.0;0.0;0.0;0.33056540131297896;0.16072808295231297;0.0;0.2857775608700478;0.17200556261556524;0.3111236658447607;0.30056162320735147;0.26345946655630015;0.0;0.0;0.0;0.23487585858435772;0.3244898149310286;0.0;0.0;0.4429758206668519;0.0;0.0;0.0;0.0;0.38744336999705403;0.0;0.0;0.0;0.0;0.35438365603720584;0.0;0.0;1.0;0.0;0.18474361991739516;0.5297743701266386;0.33056795264127414;0.0;0.43810023563350414;0.0;0.0;0.15217068073689932;0.0;0.2509103632830749;0.4841582701480772;0.0;0.0;0.48415575574642816;0.21121398345952244;0.0;0.3526159329964211;0.3532784920497503;0.20710111345780013;0.0;0.0;0.33048378253121785;0.789113298310091;0.40791047037684935;0.5340165864076117;0.24573907096398423;0.44304182482761373;0.0;0.0;0.0;0.0;0.32001648604877125;0.0;0.1915407672737549;0.0;0.0;0.0;0.27663748760266416;0.23487781721396614;0.4083355799344412;0.18487660261258798;0.40833318570981714;0.352615932996421;0.18487469792804562;0.0;0.23835909096577676;0.3413186297674079;0.2451851376044269;0.19113442500413633
GO:0035863;0.0;0.0;0.0;0.0;0.07975896772264346;0.2175101481044303;0.2611792396251786;0.0;0.0;0.40548338665108086;0.0;0.0;0.23207874186437386;0.0;0.0;0.0;0.0;0.18788789298986772;0.0;0.0;0.0;0.256118273818738;0.7584799990707406;0.0;0.0;0.0681147559714202;0.0;0.0;0.0;0.07881771968470744;0.07878309374577366;0.29374332694291655;0.0;0.0;0.08422457101088379;0.2857812075524257;0.0;1.0;0.0;0.0;0.0;0.22024626637099395;0.0;0.5131054849152946;0.23282841521358885;0.0;0.29200075564210826;0.0;0.0;0.2406310179240011;0.31068461274854786;0.0;0.0;0.22544059558989693;0.0;0.0;0.0;0.7642422606042686;0.32109992742573756;0.0;0.0;0.0;0.0;0.0;0.0;0.4358208110299616;0.19492439063254732;0.19492439063254732;0.0;0.0;0.44469259460134675;0.0;0.22013339089220746;0.06881080128733635;0.07777691667905472;0.0;0.0;0.0;0.0;0.0;0.0;0.0;0.19032625324571112;0.18431426651168586;0.0;0.0;0.0
GO:0051138;0.0;0.24012267675205093;0.1643329230342352;0.39290129788484174;0.18785991562710103;0.0;0.0;0.0;0.16435309144599747;0.09955777313869887;0.0;0.11531447039507199;0.09102097260344481;0.15940072518065668;0.2533983015222284;0.14587910224335873;0.0;0.0;0.0;0.19018261689745708;0.14483325080152507;0.0;0.0;0.2617267514430371;0.0;0.0;0.0;0.0;0.27153304341379425;0.0;0.0;0.0;0.0;0.18805351677968446;0.0;0.0;0.18474361991739516;0.0;1.0;0.18809852314483233;0.22870625485704654;0.0;0.24001535221422704;0.0;0.0;0.10383235536939157;0.0;0.10919175632050124;0.19513027171623598;0.0;0.0;0.27153276280302563;0.1785438913628541;0.0;0.23604427934548555;0.2362574296309761;0.12677644806806487;0.0;0.0;0.1643329131266525;0.18797430024146475;0.2002616036568068;0.2821680232060158;0.14027806771879914;0.2617433080663582;0.0;0.0;0.0;0.0;0.35144317467192904;0.0;0.16805818615547305;0.0;0.0;0.0;0.1498311347447642;0.13667038821615685;0.18154397483268903;0.11808669616284678;0.2526266749761573;0.23604427934548552;0.1643223406047388;0.0;0.10674563821434949;0.45879394382170885;0.19495237802740478;0.1678332128719409
GO:0031345;0.0;0.3788139849935171;0.47503660965394906;0.4250964650710261;0.46141844945752786;0.0;0.0;0.0;0.4751577363363651;0.20480520010791753;0.0;0.29976116660680113;0.17697456283033586;0.44634660438911683;0.5565780119572922;0.37618154971299345;0.0;0.0;0.0;0.24032544185137708;0.42197708990389665;0.0;0.0;0.46276680441961937;0.0;0.0;0.0;0.0;0.40643995892434653;0.0;0.0;0.0;0.0;0.3702104652954927;0.0;0.0;0.5297743701266386;0.0;0.18809852314483233;1.0;0.3414656030795156;0.0;0.37852051278704535;0.0;0.0;0.21490816196645735;0.0;0.26162592781208277;0.7067591780074768;0.0;0.0;0.5078959926279173;0.21561059326942023;0.0;0.365043073455001;0.36575320321474963;0.29406826910675193;0.0;0.0;0.47503655015923624;0.5525495360529545;0.6269638498989243;0.5630449797678106;0.3502645477647557;0.4628388385898998;0.0;0.0;0.0;0.0;0.45951121938134404;0.0;0.19514949246748362;0.0;0.0;0.0;0.3955141639113996;0.33442424847020913;0.5915330922928974;0.2619376157895778;0.4250911758070823;0.3650430734550009;0.18823440682817;0.0;0.24800880620407623;0.3529490989160113;0.25112966483332844;0.1947277114300036
GO:0051897;0.0;0.23483791567653758;0.48291253517671257;0.4459403699585494;0.34068008114160275;0.0;0.0;0.0;0.4830100856259627;0.14162732105144404;0.0;0.21576625025633178;0.14390175569166064;0.5084500114310706;0.21506343767324185;0.22385480666626062;0.0;0.0;0.0;0.2823130382576521;0.2550462637724915;0.0;0.0;0.4750950756213682;0.0;0.0;0.0;0.0;0.36534623550460527;0.0;0.0;0.0;0.0;0.34131731290564504;0.0;0.0;0.33056795264127414;0.0;0.22870625485704654;0.3414656030795156;1.0;0.0;0.40808609610981667;0.0;0.0;0.2727668857484475;0.0;0.19527790261799505;0.3653673707648728;0.0;0.0;0.5084246005883869;0.2574051044658294;0.0;0.8381396657643659;0.39734032047371787;0.1818151984417477;0.0;0.0;0.4829124872595779;0.34105644508964317;0.2775587019877066;0.3930613668947165;0.2109309502051536;0.47514963369082025;0.0;0.0;0.0;0.0;0.26340952041028337;0.0;0.5631576565198749;0.0;0.0;0.0;0.23329763551709692;0.20287828541817787;0.3204617620799853;0.32491788692416784;0.44593618706642907;0.8381396657643658;0.5457229482429704;0.0;0.18759013018415716;0.386397055009728;0.3753963246423044;0.23571788980991826
GO:0016567;0.0;0.0;0.0;0.0;0.20110022753901202;0.8245806064180972;0.8052589225802874;0.0;0.0;0.3531313470752721;0.0;0.0;0.53192225261835;0.0;0.0;0.0;0.0;0.6064512951028568;0.0;0.0;0.0;0.7144470137561666;0.2254375939291001;0.0;0.0;0.14052885306335955;0.0;0.0;0.0;0.19522205754930635;0.19500976736621317;0.32906520541989115;0.0;0.0;0.2321322309302584;0.3927900537006653;0.0;0.22024626637099395;0.0;0.0;0.0;1.0;0.0;0.3747766742833441;0.4390985186320893;0.0;0.5432537553357928;0.0;0.0;0.41979457434383577;0.5255727554150864;0.0;0.0;0.8928652413635849;0.0;0.0;0.0;0.22812028444757831;0.3785287912585239;0.0;0.0;0.0;0.0;0.0;0.0;0.4034273351536274;0.3789357525729408;0.3789357525729408;0.0;0.0;0.4194271141908009;0.0;0.8465115313114457;0.14352408166004155;0.1889589439593102;0.0;0.0;0.0;0.0;0.0;0.0;0.0;0.6267280295291335;0.44541003650436883;0.0;0.0;0.0
