;GO:0060441;GO:0016525;GO:0040037;GO:0045600;GO:0008543;GO:0006487;GO:0046777;GO:0060449;GO:0042059;GO:0006402;GO:0006886;GO:0032091;GO:0002003;GO:0046580;GO:0010977;GO:2000233;GO:0034504;GO:0051603;GO:0035116;GO:0033138;GO:0034260;GO:0006491;GO:0046709;GO:0090068;GO:0060437;GO:0043312;GO:0006897;GO:0042147;GO:0045778;GO:0048208;GO:0048133;GO:0006646;GO:0006888;GO:0010628;GO:0030099;GO:0030210;GO:2000369;GO:0035863;GO:0051138;GO:0031345;GO:0051897;GO:0016567;GO:0030335;GO:0034656;GO:0015014;GO:0043407;GO:0015012;GO:0090630;GO:0008285;GO:0006580;GO:0006382;GO:0008284;GO:0045944;GO:0043687;GO:0045747;GO:0043525;GO:0000122;GO:1901639;GO:0006657;GO:0051387;GO:0031338;GO:0010637;GO:0045595;GO:0010757;GO:2000179;GO:0016077;GO:0016310;GO:0016311;GO:1904681;GO:0045638;GO:0006351;GO:0043410;GO:0006477;GO:0000132;GO:1990830;GO:0010923;GO:0010801;GO:0043066;GO:0070373;GO:0043065;GO:0045880;GO:0070374;GO:0006508;GO:0019695;GO:0032332;GO:2000781;GO:0071902
GO:0060441;1.0;0.0;0.0;0.0;0.0;0.0;0.0;0.17169101483479618;0.0;0.0;0.0;0.0;0.0;0.0;0.0;0.0;0.0;0.0;0.3766494818644566;0.0;0.0;0.0;0.0;0.0;0.20481348509920883;0.0;0.0;0.0;0.0;0.0;0.0;0.0;0.0;0.0;0.21723493316807116;0.0;0.0;0.0;0.0;0.0;0.0;0.0;0.0;0.0;0.0;0.0;0.0;0.0;0.0;0.0;0.0;0.0;0.0;0.0;0.0;0.0;0.0;0.0;0.0;0.0;0.0;0.0;0.0;0.0;0.0;0.0;0.0;0.0;0.0;0.0;0.0;0.0;0.0;0.0;0.0;0.0;0.0;0.0;0.0;0.0;0.0;0.0;0.0;0.0;0.0;0.0;0.0
GO:0016525;0.0;1.0;0.2052888812990458;0.3656273696199407;0.07769211374643104;0.0;0.0;0.0;0.22146728328475118;0.26008774388238554;0.0;0.06922879586749696;0.05707355553852739;0.2260308097856487;0.5982583765211903;0.17538658001584995;0.0;0.0;0.0;0.0795168067566958;0.22430644171669306;0.0;0.0;0.087742394695777;0.0;0.0;0.0;0.0;0.35031801116098693;0.0;0.0;0.0;0.0;0.11056757189315938;0.0;0.0;0.06809763884653094;0.0;0.32557048180767595;0.2549281978380521;0.08259623759256089;0.0;0.09286125644665703;0.0;0.0;0.2347677083216946;0.0;0.06867627435528027;0.29547437795606;0.0;0.0;0.10055224791007761;0.10398160113830308;0.0;0.07397571058489057;0.07425400500461952;0.3036208522043045;0.0;0.0;0.18433671908620383;0.07682606957175533;0.45334766934239074;0.528380397598827;0.1900087023719055;0.07338863301321118;0.0;0.0;0.0;0.0;0.5601395729558505;0.0;0.0947074249882051;0.0;0.0;0.0;0.24227939969735374;0.20420830868757894;0.30662801062900874;0.23127786016011417;0.0957658428855089;0.07130685517486617;0.08637892162271908;0.0;0.056176825953773345;0.37554633534813264;0.06777691012300328;0.09004872724016295
GO:0040037;0.0;0.2052888812990458;1.0;0.07347476893782073;0.07538034752501814;0.0;0.0;0.0;0.40953871673261727;0.218880622644546;0.0;0.05892452539035856;0.04988213999021326;0.41679105605177424;0.22937757809937978;0.16820713845944812;0.0;0.0;0.0;0.07688680400840746;0.19297453519970428;0.0;0.0;0.08355178280579781;0.0;0.0;0.0;0.0;0.06646860513982605;0.0;0.0;0.0;0.0;0.08890753578820727;0.0;0.0;0.06728590139753303;0.0;0.0595985606966608;0.23260879627919823;0.29683135263697913;0.0;0.08759822261046031;0.0;0.0;0.43056144545941066;0.0;0.058523765690085015;0.26308657958463416;0.0;0.0;0.09353744363529701;0.09613290277122652;0.0;0.2701931819627469;0.07251357681677079;0.26903318498301665;0.0;0.0;0.6309853014001201;0.07466172085617047;0.18053515090081396;0.09984863345772726;0.18053515090081396;0.07178612091057679;0.0;0.0;0.0;0.0;0.2168853583457244;0.0;0.3328415564610893;0.0;0.0;0.0;0.22278946337161173;0.19228934052043858;0.27121378902777377;0.4250789254543237;0.08986076768554382;0.2617689001840954;0.3082518036285765;0.0;0.04919579505644232;0.06754881462199747;0.20920952705951923;0.08538435716853197
GO:0045600;0.0;0.3656273696199407;0.07347476893782073;1.0;0.0841170034306524;0.0;0.0;0.0;0.07900843255739029;0.08102732012918439;0.0;0.0658938935624581;0.054787596998144714;0.08056286616433941;0.4484248970416744;0.06315174622108581;0.0;0.0;0.0;0.22949535034759155;0.07038036856550264;0.0;0.0;0.25197748515190227;0.0;0.0;0.0;0.0;0.203035249711954;0.0;0.0;0.0;0.0;0.28266152174650533;0.0;0.0;0.07416141918200261;0.0;0.41267458052187844;0.0903404284865073;0.2379382735570019;0.0;0.2658559310414268;0.0;0.0;0.08353093526863102;0.0;0.06539312970035166;0.103871466592067;0.0;0.0;0.2865479585031159;0.29571301350593465;0.0;0.2142234889362694;0.2149929562449687;0.10656402804297997;0.0;0.0;0.06625461593292258;0.08322313201763844;0.2910924540279965;0.5837874734256806;0.06821520878684885;0.21259939909348222;0.0;0.0;0.0;0.0;0.4211922637255974;0.0;0.2708403655145393;0.0;0.0;0.0;0.08607451454369167;0.07310388819038618;0.10755576771355324;0.082346619007569;0.2736929790783246;0.20683099938178898;0.24826630357260454;0.0;0.05396074165994504;0.4733734134091398;0.19701632008309541;0.25824110450239995
GO:0008543;0.0;0.07769211374643104;0.07538034752501814;0.0841170034306524;1.0;0.026352129467078548;0.029049239248283443;0.0;0.08121616491854916;0.08367814673752158;0.0;0.06789924006527702;0.056166842589957466;0.08285958679502796;0.09173869945570026;0.06455437103449083;0.0;0.0;0.0;0.08861931592505735;0.07237176862434877;0.023481019219191282;0.01983002654283323;0.0975922611349742;0.0;0.031907952198834036;0.0;0.0;0.07640572586462772;0.026033075967501516;0.020827074288089328;0.023155586031973697;0.0;0.10763140911855067;0.02838295578701102;0.02192969260898353;0.07610325158856145;0.018924080213231;0.06641421610033017;0.09323849191360813;0.09198271646435482;0.03302053272906814;0.10315823756257067;0.025311319565712753;0.021458197157809184;0.08600259920359293;0.023155586031973697;0.06736765589877551;0.10772117508907919;0.018924080213231;0.02192969260898353;0.11149521943233252;0.1152026705721074;0.030956275669265506;0.0825546061703084;0.08285958679502796;0.11061980454431833;0.018924080213231;0.021708291142540363;0.06780014531257046;0.08567634635138499;0.06985469323827521;0.12058001594837481;0.06985469323827521;0.08191109764049981;0.020401339940053793;0.03532801948035117;0.030313367548005038;0.0;0.08600259920359293;0.038893067485860244;0.1051622915830656;0.021708291142540363;0.02385372927394375;0.02693100042818388;0.08870136521959439;0.07499003071932547;0.11168884972013399;0.0847476851100104;0.10631042167491864;0.07962773896933067;0.09610737178368955;0.0;0.05529816207592622;0.07643975784245786;0.07575071298434458;0.10010174614550647
GO:0006487;0.0;0.0;0.0;0.0;0.026352129467078548;1.0;0.35299446267824824;0.0;0.0;0.20837903568668076;0.0;0.0;0.22293627006781427;0.0;0.0;0.0;0.0;0.32077091325359497;0.0;0.0;0.0;0.23281578023034272;0.1658721784700854;0.0;0.0;0.031538669365295154;0.0;0.0;0.0;0.025786733864686804;0.02066910713077268;0.10833034857338045;0.0;0.0;0.0280903842180399;0.1832950437396139;0.0;0.1583464723792852;0.0;0.0;0.0;0.400674251520303;0.0;0.1289206944826714;0.1535161690472041;0.0;0.2296162763622378;0.0;0.0;0.1583464723792852;0.2567129301830426;0.0;0.0;0.37590770180960237;0.0;0.0;0.0;0.1583464723792852;0.1814591278918073;0.0;0.0;0.0;0.0;0.0;0.0;0.14601138845514236;0.16357376829208575;0.14061065056517838;0.0;0.0;0.27649351589741283;0.0;0.2644952548475998;0.023646741634018108;0.0266674577692282;0.0;0.0;0.0;0.0;0.0;0.0;0.0;0.35453137987608263;0.11284124004941375;0.0;0.0;0.0
GO:0046777;0.0;0.0;0.0;0.0;0.029049239248283443;0.35299446267824824;1.0;0.0;0.0;0.23200153095035564;0.0;0.0;0.24193886696707168;0.0;0.0;0.0;0.0;0.36164032790289014;0.0;0.0;0.0;0.253618489923136;0.3238707566327279;0.0;0.0;0.03548135048181739;0.0;0.0;0.0;0.028363691221875435;0.022292520168939445;0.3824675742054121;0.0;0.0;0.031175876756675533;0.1985104350591473;0.0;0.30813460167485596;0.0;0.0;0.0;0.45271266888470785;0.0;0.14141598123617655;0.165965711552862;0.0;0.24982632971859925;0.0;0.0;0.16957490226214592;0.27802276818972566;0.0;0.0;0.4213469428164653;0.0;0.0;0.0;0.30813460167485596;0.3568037335797463;0.0;0.0;0.0;0.0;0.0;0.0;0.1572289967239654;0.7567311810005672;0.5132034126846393;0.0;0.0;0.3196838477246783;0.0;0.2862131355970132;0.025795909270829653;0.029432887528009478;0.0;0.0;0.0;0.0;0.0;0.0;0.0;0.4051349255265304;0.1222996507162364;0.0;0.0;0.0
GO:0060449;0.17169101483479618;0.0;0.0;0.0;0.0;0.0;0.0;1.0;0.0;0.0;0.0;0.0;0.0;0.0;0.0;0.0;0.0;0.0;0.1784212462139435;0.0;0.0;0.0;0.0;0.0;0.49796975824387757;0.0;0.0;0.0;0.0;0.0;0.0;0.0;0.0;0.0;0.20292776386788944;0.0;0.0;0.0;0.0;0.0;0.0;0.0;0.0;0.0;0.0;0.0;0.0;0.0;0.0;0.0;0.0;0.0;0.0;0.0;0.0;0.0;0.0;0.0;0.0;0.0;0.0;0.0;0.0;0.0;0.0;0.0;0.0;0.0;0.0;0.0;0.0;0.0;0.0;0.0;0.0;0.0;0.0;0.0;0.0;0.0;0.0;0.0;0.0;0.0;0.0;0.0;0.0
GO:0042059;0.0;0.22146728328475118;0.40953871673261727;0.07900843255739029;0.08121616491854916;0.0;0.0;0.0;1.0;0.23736868305714723;0.0;0.06357656120002332;0.05317604469037208;0.4477400359036779;0.24811504992065758;0.17806853758113317;0.0;0.0;0.0;0.08296761486323848;0.20720295126652527;0.0;0.0;0.09078209414822491;0.0;0.0;0.0;0.0;0.07162555538651699;0.0;0.0;0.0;0.0;0.0983821915450412;0.0;0.0;0.0718973575620459;0.0;0.06318839301536254;0.25190009119505324;0.3211392483994489;0.0;0.09557927390507391;0.0;0.0;0.46367048707760616;0.0;0.06311027475400235;0.28803549220486113;0.0;0.0;0.10269398783434912;0.10583098778068854;0.0;0.29018704009299734;0.07789810029755519;0.29517873894302343;0.0;0.0;0.37039573456583075;0.08038257663759608;0.19194403910652097;0.11035186350335535;0.19194403910652097;0.07705922316925957;0.0;0.0;0.0;0.0;0.23356327140917535;0.0;0.3637117291104266;0.0;0.0;0.0;0.2404246719812959;0.2052856717004558;0.2978058442599218;0.4573185846683274;0.09827923378113311;0.2804922301657053;0.33454900792779485;0.0;0.052396771154452855;0.07219762376875083;0.22348498924627005;0.09294967673146852
GO:0006402;0.0;0.26008774388238554;0.218880622644546;0.08102732012918439;0.08367814673752158;0.20837903568668076;0.23200153095035564;0.0;0.23736868305714723;1.0;0.0;0.0746866431864585;0.21230843486584028;0.24261882781639452;0.2713229884193567;0.34756903054427174;0.0;0.21194386406899657;0.0;0.21555028459031197;0.2406331873768946;0.18374080089297365;0.5596872132135022;0.0954541726523412;0.0;0.03572001328444988;0.0;0.0;0.08388887721201375;0.02851599978980707;0.02238649645592352;0.11842230913543113;0.0;0.3970289016194375;0.0313599825570521;0.13775690965456286;0.0726531444472559;0.5323898083193;0.06272597545438317;0.2762286570013194;0.08939489401765043;0.26765597681881875;0.10154360570399099;0.7287006983217577;0.16668819675190896;0.3884325343843844;0.18098048226775165;0.07404397272443045;0.3244747149263706;0.17648658777156992;0.2666276573744616;0.11081178719907937;0.37087585882935875;0.24899112439485105;0.0793828283652727;0.07970338057886003;0.6273941287665095;0.5323898083193;0.12033295777820971;0.1952220883276295;0.08267436928565787;0.20159530925869096;0.12111764876496336;0.3783131498885186;0.07870718349239843;0.6565602170908709;0.1878960220480246;0.15821584214953752;0.0;0.2527137908559888;0.5037143826562521;0.2606621903334226;0.16878303633719013;0.0259218277425869;0.02959692856202865;0.3841876981769784;0.33454198395241935;0.33797523255614387;0.38222411372372966;0.10502691719996;0.07631764713097709;0.23575907591942033;0.23763037516801216;0.12285001516003287;0.0730017752487509;0.18160812342178217;0.24668086095730532
GO:0006886;0.0;0.0;0.0;0.0;0.0;0.0;0.0;0.0;0.0;0.0;1.0;0.0;0.0;0.0;0.0;0.0;0.5637517614046548;0.0;0.0;0.0;0.0;0.0;0.0;0.0;0.0;0.4324067591086286;0.43375228608001487;0.5888471904898732;0.0;0.0;0.0;0.0;0.6526958890597498;0.0;0.0;0.0;0.0;0.0;0.0;0.0;0.0;0.0;0.0;0.0;0.0;0.0;0.0;0.0;0.0;0.0;0.0;0.0;0.0;0.0;0.0;0.0;0.0;0.0;0.0;0.0;0.0;0.0;0.0;0.0;0.0;0.0;0.0;0.0;0.0;0.0;0.0;0.0;0.0;0.48124483155020265;0.0;0.0;0.0;0.0;0.0;0.0;0.0;0.0;0.0;0.0;0.0;0.0;0.0
GO:0032091;0.0;0.06922879586749696;0.05892452539035856;0.0658938935624581;0.06789924006527702;0.0;0.0;0.0;0.06357656120002332;0.0746866431864585;0.0;1.0;0.05716542334377345;0.06488900529910857;0.07199811668733894;0.05032943784539327;0.0;0.0;0.0;0.06949705623187538;0.49629873822369186;0.0;0.0;0.07670168114939149;0.0;0.0;0.0;0.0;0.06805827711961622;0.0;0.0;0.0;0.0;0.09670907741561263;0.0;0.0;0.05950007366445977;0.0;0.05180281643722896;0.0732019771037675;0.07219392535970019;0.0;0.08118666075109927;0.0;0.0;0.5194891868648884;0.0;0.32875798066093886;0.08487253239990207;0.0;0.0;0.08792738186137264;0.09093383997127037;0.0;0.06464536701045452;0.06488900529910857;0.0872182853921153;0.0;0.0;0.052901621291111804;0.0671409274335339;0.0545318870697717;0.09530419203358245;0.0545318870697717;0.06413140942066696;0.0;0.0;0.0;0.0;0.06740195747318402;0.0;0.08280449073532099;0.0;0.0;0.0;0.5361434612822744;0.05861385433020507;0.08808426582328115;0.06639814662755432;0.0837320672914297;0.062309034809602565;0.07550724115038705;0.0;0.056265827365420885;0.05976805595784252;0.05921937077926615;0.3761201307633395
GO:0002003;0.0;0.05707355553852739;0.04988213999021326;0.054787596998144714;0.056166842589957466;0.22293627006781427;0.24193886696707168;0.0;0.05317604469037208;0.21230843486584028;0.0;0.05716542334377345;1.0;0.05409111535208254;0.058942644187340215;0.043581566961550966;0.0;0.4798713847185808;0.0;0.05725575933879943;0.05374606497906897;0.2020380391826899;0.15235245193311925;0.06205815720958253;0.0;0.026143348024288474;0.0;0.0;0.05627562352438798;0.022063770115845354;0.018206670843572734;0.09418041354106522;0.0;0.07453406422395477;0.023728783558092385;0.160454046581463;0.05029398067445827;0.14619710561294574;0.04468202786965736;0.05974705576159864;0.05907381425966188;0.2688689625794403;0.06496169255544063;0.18819535330946097;0.10877795006224561;0.05582613375452764;0.1996241694810625;0.05678815801630367;0.06730032997055503;0.14619710561294574;0.16636107436992867;0.06920695570521589;0.07105603790404978;0.2550228093874395;0.05392171020061844;0.05409111535208254;0.0687669048596423;0.14619710561294574;0.15904542259872886;0.04549713585456489;0.05564694550521556;0.04669779387121418;0.07369679514068217;0.04669779387121418;0.053563652567716113;0.1561994434319442;0.13318042592503296;0.11755027965865619;0.0;0.05582613375452764;0.2677868574888695;0.06599338933810982;0.18877464187635076;0.020478096291912416;0.022705378909716648;0.057300370302257445;0.04965932198179669;0.06930411062738334;0.05513574420327796;0.06658122547073564;0.05228640577390413;0.06127392365656661;0.5208668232984373;0.21832638180359518;0.050485318386334944;0.05009327436949024;0.0633742549879588
GO:0046580;0.0;0.2260308097856487;0.41679105605177424;0.08056286616433941;0.08285958679502796;0.0;0.0;0.0;0.4477400359036779;0.24261882781639452;0.0;0.06488900529910857;0.05409111535208254;1.0;0.25341853245897134;0.1807838289300811;0.0;0.0;0.0;0.0846834315055008;0.21119225667174402;0.0;0.0;0.09284035692896611;0.0;0.0;0.0;0.0;0.0730780893714577;0.0;0.0;0.0;0.0;0.10114356970456058;0.0;0.0;0.07318229739012619;0.0;0.0641787514327549;0.2573684023029141;0.4271410050192781;0.0;0.09786354957156497;0.0;0.0;0.621744225386449;0.0;0.06440334208610714;0.29520753898137125;0.0;0.0;0.10533569332946487;0.1086387573420071;0.0;0.2957946168661108;0.07940873326185434;0.30271558273321403;0.0;0.0;0.37631797034822995;0.08199210177964278;0.19510273377853585;0.11340810441832035;0.19510273377853585;0.07853718694844537;0.0;0.0;0.0;0.0;0.2382570210446618;0.0;0.48514403372135595;0.0;0.0;0.0;0.2454011874186186;0.20890287330695362;0.3054791853505969;0.6130580671689452;0.10069601802814045;0.28572800048638886;0.44537559423644263;0.0;0.053284994356506785;0.07349341535821;0.2274612875254336;0.09510857094618472
GO:0010977;0.0;0.5982583765211903;0.22937757809937978;0.4484248970416744;0.09173869945570026;0.0;0.0;0.0;0.24811504992065758;0.2713229884193567;0.0;0.07199811668733894;0.058942644187340215;0.25341853245897134;1.0;0.1950067673097308;0.0;0.0;0.0;0.09397965410665592;0.23261360819596183;0.0;0.0;0.10413311095804158;0.0;0.0;0.0;0.0;0.36405796845174904;0.0;0.0;0.0;0.0;0.11682791607426583;0.0;0.0;0.3414790292938502;0.0;0.3498377755471028;0.9826077626727777;0.09777094965418141;0.0;0.11049449403623264;0.0;0.0;0.2635944171211279;0.0;0.07140069734848414;0.3351199321297141;0.0;0.0;0.1201147270924149;0.12442865937611777;0.0;0.08718719741594574;0.08752743721001903;0.34482879476591977;0.0;0.0;0.20525903263887982;0.3869408817075233;0.5169793408035004;0.6591628911695275;0.21177181150160856;0.08646975475512034;0.0;0.0;0.0;0.0;0.6375674770274417;0.0;0.11279690741037043;0.0;0.0;0.0;0.27236684153724405;0.22812963697295066;0.3484193781734874;0.25952625802054785;0.11411884138406392;0.08392911052754481;0.10244423260930983;0.0;0.05798671116602103;0.4053800306073134;0.0796332078497101;0.10699518354125823
GO:2000233;0.0;0.17538658001584995;0.16820713845944812;0.06315174622108581;0.06455437103449083;0.0;0.0;0.0;0.17806853758113317;0.34756903054427174;0.0;0.05032943784539327;0.043581566961550966;0.1807838289300811;0.1950067673097308;1.0;0.0;0.0;0.0;0.14973208367352964;0.16631914350849922;0.0;0.0;0.07045535078629404;0.0;0.0;0.0;0.0;0.05690620764703963;0.0;0.0;0.0;0.0;0.2341260334607186;0.0;0.0;0.0585250000880146;0.0;0.05262136121035541;0.19733726118651634;0.06748421709113606;0.0;0.0733110022977351;0.0;0.0;0.27589840659188775;0.0;0.050036775344027354;0.2188455228312174;0.0;0.0;0.07742535040194483;0.2516939633015947;0.0;0.06226701816755916;0.062440363306209036;0.42528549412754935;0.0;0.0;0.15486301631129182;0.06402661477420833;0.15854165387353428;0.08169987886051969;0.2752711548726475;0.06190022557807142;0.0;0.0;0.0;0.0;0.18590353253580075;0.0;0.16948499250302168;0.0;0.0;0.0;0.2734461385332388;0.24863787714860386;0.224440124337777;0.2728816354280822;0.0748890469291215;0.060587297846298314;0.15890474730317863;0.0;0.043056743319223614;0.05872380459802082;0.17588719322235952;0.1636388025563705
GO:0034504;0.0;0.0;0.0;0.0;0.0;0.0;0.0;0.0;0.0;0.0;0.5637517614046548;0.0;0.0;0.0;0.0;0.0;1.0;0.0;0.0;0.0;0.0;0.0;0.0;0.0;0.0;0.3067738401538353;0.3075200360641454;0.41139053290100003;0.0;0.0;0.0;0.0;0.4472046152562654;0.0;0.0;0.0;0.0;0.0;0.0;0.0;0.0;0.0;0.0;0.0;0.0;0.0;0.0;0.0;0.0;0.0;0.0;0.0;0.0;0.0;0.0;0.0;0.0;0.0;0.0;0.0;0.0;0.0;0.0;0.0;0.0;0.0;0.0;0.0;0.0;0.0;0.0;0.0;0.0;0.36394542643444006;0.0;0.0;0.0;0.0;0.0;0.0;0.0;0.0;0.0;0.0;0.0;0.0;0.0
GO:0051603;0.0;0.0;0.0;0.0;0.0;0.32077091325359497;0.36164032790289014;0.0;0.0;0.21194386406899657;0.0;0.0;0.4798713847185808;0.0;0.0;0.0;0.0;1.0;0.0;0.0;0.0;0.2792152879593163;0.19299274651615234;0.0;0.0;0.0;0.0;0.0;0.0;0.0;0.0;0.12956540928462001;0.0;0.0;0.0;0.21699089932268645;0.0;0.1828799251868246;0.0;0.0;0.0;0.42531714133703535;0.0;0.1570312167890487;0.14614228504233293;0.0;0.2746259678573044;0.0;0.0;0.1828799251868246;0.14991340253295374;0.0;0.0;0.39167752934021954;0.0;0.0;0.0;0.1828799251868246;0.21442266036589377;0.0;0.0;0.0;0.0;0.0;0.0;0.13779082215151706;0.18732034538097286;0.1538639273016925;0.0;0.0;0.3073332631067564;0.0;0.2545031492221612;0.0;0.0;0.0;0.0;0.0;0.0;0.0;0.0;0.0;0.8590953414364287;0.13380679149775532;0.0;0.0;0.0
GO:0035116;0.3766494818644566;0.0;0.0;0.0;0.0;0.0;0.0;0.1784212462139435;0.0;0.0;0.0;0.0;0.0;0.0;0.0;0.0;0.0;0.0;1.0;0.0;0.0;0.0;0.0;0.0;0.1684250393202734;0.0;0.0;0.0;0.0;0.0;0.0;0.0;0.0;0.0;0.2281225740333908;0.0;0.0;0.0;0.0;0.0;0.0;0.0;0.0;0.0;0.0;0.0;0.0;0.0;0.0;0.0;0.0;0.0;0.0;0.0;0.0;0.0;0.0;0.0;0.0;0.0;0.0;0.0;0.0;0.0;0.0;0.0;0.0;0.0;0.0;0.0;0.0;0.0;0.0;0.0;0.0;0.0;0.0;0.0;0.0;0.0;0.0;0.0;0.0;0.0;0.0;0.0;0.0
GO:0033138;0.0;0.0795168067566958;0.07688680400840746;0.22949535034759155;0.08861931592505735;0.0;0.0;0.0;0.08296761486323848;0.21555028459031197;0.0;0.06949705623187538;0.05725575933879943;0.0846834315055008;0.09397965410665592;0.14973208367352964;0.0;0.0;0.0;1.0;0.07395256662231496;0.0;0.0;0.26721658343052024;0.0;0.0;0.0;0.0;0.21392809243227534;0.0;0.0;0.0;0.0;0.47106697290737565;0.0;0.0;0.07763903505792268;0.0;0.180348658286329;0.09555424292879657;0.25148091775398224;0.0;0.2828766366014576;0.0;0.0;0.4764974132439512;0.0;0.06894026162078923;0.11082417847655011;0.0;0.0;0.30642029687951666;0.45140911936831785;0.0;0.22513920795144285;0.22598924481158597;0.259742695218485;0.0;0.0;0.06901641438639028;0.08762775979996065;0.07114649461741367;0.12448147181297521;0.2959891447706969;0.2233460836152131;0.0;0.0;0.0;0.0;0.087969073349037;0.0;0.6718094303963328;0.0;0.0;0.0;0.44861693730801117;0.414269343829875;0.11502819059371548;0.4693879545807211;0.29176607597884274;0.21698849058812955;0.6124817432281221;0.0;0.05635334037172908;0.20812502165210275;0.2937160311232207;0.6386174750998616
GO:0034260;0.0;0.22430644171669306;0.19297453519970428;0.07038036856550264;0.07237176862434877;0.0;0.0;0.0;0.20720295126652527;0.2406331873768946;0.0;0.49629873822369186;0.05374606497906897;0.21119225667174402;0.23261360819596183;0.16631914350849922;0.0;0.0;0.0;0.07395256662231496;1.0;0.0;0.0;0.08101611992005694;0.0;0.0;0.0;0.0;0.07252934599796021;0.0;0.0;0.0;0.0;0.10009542594601406;0.0;0.0;0.06397535011694881;0.0;0.05615028101693404;0.23621007803007676;0.07660890732837554;0.0;0.08536081555161384;0.0;0.0;0.5370176679145736;0.0;0.6408612728535314;0.2706188079307137;0.0;0.0;0.0918163878408751;0.0946673019868001;0.0;0.06913633654576044;0.06937935097747128;0.27743653957312814;0.0;0.0;0.17434658706639347;0.07161970221893148;0.1794119961563524;0.09878078604129518;0.1794119961563524;0.06862329155244064;0.0;0.0;0.0;0.0;0.2188003765405865;0.0;0.08691829570042292;0.0;0.0;0.0;0.6593128691465235;0.19201941010916415;0.27994524484269095;0.21576602952964008;0.08780895689515619;0.06679972949022815;0.07985229369332826;0.0;0.052950120097726205;0.0642455178151917;0.06369219596769944;0.4106944367464305
GO:0006491;0.0;0.0;0.0;0.0;0.023481019219191282;0.23281578023034272;0.253618489923136;0.0;0.0;0.18374080089297365;0.0;0.0;0.2020380391826899;0.0;0.0;0.0;0.0;0.2792152879593163;0.0;0.0;0.0;1.0;0.3850225445801603;0.0;0.0;0.027512511390033093;0.0;0.0;0.0;0.023031061942055113;0.018860318009640803;0.0979003866238518;0.0;0.0;0.024851288378285534;0.4217565283540195;0.0;0.36895499620483757;0.0;0.0;0.0;0.28337132804053494;0.0;0.11548272019659725;0.13971409633965937;0.0;0.719988443065819;0.0;0.0;0.14564585991245005;0.11502321532592798;0.0;0.0;0.26803381555228695;0.0;0.0;0.0;0.36895499620483757;0.16497330526557405;0.0;0.0;0.0;0.0;0.0;0.0;0.13347066698816842;0.1407905065916444;0.12343943601148838;0.0;0.0;0.23472947282130713;0.0;0.1958105811019772;0.021308732839371545;0.023731053515626988;0.0;0.0;0.0;0.0;0.0;0.0;0.0;0.3044509882431103;0.10241068792327168;0.0;0.0;0.0
GO:0046709;0.0;0.0;0.0;0.0;0.01983002654283323;0.1658721784700854;0.3238707566327279;0.0;0.0;0.5596872132135022;0.0;0.0;0.15235245193311925;0.0;0.0;0.0;0.0;0.19299274651615234;0.0;0.0;0.0;0.3850225445801603;1.0;0.0;0.0;0.022630534039172655;0.0;0.0;0.0;0.019508156980232633;0.016430515760039975;0.36910278074259556;0.0;0.0;0.020798517816868128;0.3651767409988603;0.0;0.6404118536074843;0.0;0.0;0.0;0.19534317114410948;0.0;0.5033291556343752;0.1655373634170556;0.0;0.3809098810139019;0.0;0.0;0.2441937131701796;0.16246917073510211;0.0;0.0;0.1866062899947387;0.0;0.0;0.0;0.8897491366612078;0.3510638958485647;0.0;0.0;0.0;0.0;0.0;0.0;0.42596887827518104;0.3720189568817571;0.33401409128084547;0.0;0.0;0.31915690573233946;0.0;0.14301639869494465;0.018258136190176338;0.02000805680365743;0.0;0.0;0.0;0.0;0.0;0.0;0.0;0.20707422621931107;0.08857490731962711;0.0;0.0;0.0
GO:0090068;0.0;0.087742394695777;0.08355178280579781;0.25197748515190227;0.0975922611349742;0.0;0.0;0.0;0.09078209414822491;0.0954541726523412;0.0;0.07670168114939149;0.06205815720958253;0.09284035692896611;0.10413311095804158;0.07045535078629404;0.0;0.0;0.0;0.26721658343052024;0.08101611992005694;0.0;0.0;1.0;0.0;0.0;0.0;0.0;0.2356448804118864;0.0;0.0;0.0;0.0;0.3501129779254887;0.0;0.0;0.08444083562079494;0.0;0.1939474024211469;0.10606981836764584;0.2787326977454475;0.0;0.31783044442514263;0.0;0.0;0.09680426000224257;0.0;0.07602402183662606;0.12522236010214485;0.0;0.0;0.34786079136977827;0.3614606315133965;0.0;0.2467357998006591;0.24775710876870033;0.12915656619830154;0.0;0.0;0.07433949761594844;0.09639110479588203;0.07681672263660877;0.14294257052738638;0.07681672263660877;0.2445838070816364;0.0;0.0;0.0;0.0;0.09680426000224257;0.0;0.3249804920293237;0.0;0.0;0.0;0.10023704068408984;0.08307252552526218;0.13061627809550286;0.09521723197262771;0.32909621441885173;0.2369802376710477;0.29301206033711613;0.0;0.060999406159257814;0.22644793740109903;0.22418420273418307;0.30700780468415567
GO:0060437;0.20481348509920883;0.0;0.0;0.0;0.0;0.0;0.0;0.49796975824387757;0.0;0.0;0.0;0.0;0.0;0.0;0.0;0.0;0.0;0.0;0.1684250393202734;0.0;0.0;0.0;0.0;0.0;1.0;0.0;0.0;0.0;0.0;0.0;0.0;0.0;0.0;0.0;0.1900957204611055;0.0;0.0;0.0;0.0;0.0;0.0;0.0;0.0;0.0;0.0;0.0;0.0;0.0;0.0;0.0;0.0;0.0;0.0;0.0;0.0;0.0;0.0;0.0;0.0;0.0;0.0;0.0;0.0;0.0;0.0;0.0;0.0;0.0;0.0;0.0;0.0;0.0;0.0;0.0;0.0;0.0;0.0;0.0;0.0;0.0;0.0;0.0;0.0;0.0;0.0;0.0;0.0
GO:0043312;0.0;0.0;0.0;0.0;0.031907952198834036;0.031538669365295154;0.03548135048181739;0.0;0.0;0.03572001328444988;0.4324067591086286;0.0;0.026143348024288474;0.0;0.0;0.0;0.3067738401538353;0.0;0.0;0.0;0.0;0.027512511390033093;0.022630534039172655;0.0;0.0;1.0;0.6500883990545689;0.5240373647979257;0.0;0.031082753027633064;0.02393837158402052;0.027066797439943873;0.576931660340113;0.0;0.034492365337639073;0.025406642781729216;0.0;0.021458197157809184;0.0;0.0;0.0;0.04159093981583519;0.0;0.030059343761766655;0.02477593375833625;0.0;0.027066797439943873;0.0;0.0;0.021458197157809184;0.025406642781729216;0.0;0.0;0.038368364892338525;0.0;0.0;0.0;0.021458197157809184;0.025109944287691775;0.0;0.0;0.0;0.0;0.0;0.0;0.023377650108166555;0.045319299206703224;0.037385613154316585;0.0;0.0;0.051358341485113625;0.0;0.025109944287691775;0.27530632202981525;0.032371427293711334;0.0;0.0;0.0;0.0;0.0;0.0;0.0;0.0;0.025674230635354633;0.0;0.0;0.0
GO:0006897;0.0;0.0;0.0;0.0;0.0;0.0;0.0;0.0;0.0;0.0;0.43375228608001487;0.0;0.0;0.0;0.0;0.0;0.3075200360641454;0.0;0.0;0.0;0.0;0.0;0.0;0.0;0.0;0.6500883990545689;1.0;0.5252522825981462;0.0;0.0;0.0;0.0;0.5784045586786462;0.0;0.0;0.0;0.0;0.0;0.0;0.0;0.0;0.0;0.0;0.0;0.0;0.0;0.0;0.0;0.0;0.0;0.0;0.0;0.0;0.0;0.0;0.0;0.0;0.0;0.0;0.0;0.0;0.0;0.0;0.0;0.0;0.0;0.0;0.0;0.0;0.0;0.0;0.0;0.0;0.27586153355421433;0.0;0.0;0.0;0.0;0.0;0.0;0.0;0.0;0.0;0.0;0.0;0.0;0.0
GO:0042147;0.0;0.0;0.0;0.0;0.0;0.0;0.0;0.0;0.0;0.0;0.5888471904898732;0.0;0.0;0.0;0.0;0.0;0.41139053290100003;0.0;0.0;0.0;0.0;0.0;0.0;0.0;0.0;0.5240373647979257;0.5252522825981462;1.0;0.0;0.0;0.0;0.0;0.5017546835825903;0.0;0.0;0.0;0.0;0.0;0.0;0.0;0.0;0.0;0.0;0.0;0.0;0.0;0.0;0.0;0.0;0.0;0.0;0.0;0.0;0.0;0.0;0.0;0.0;0.0;0.0;0.0;0.0;0.0;0.0;0.0;0.0;0.0;0.0;0.0;0.0;0.0;0.0;0.0;0.0;0.3899503493079159;0.0;0.0;0.0;0.0;0.0;0.0;0.0;0.0;0.0;0.0;0.0;0.0;0.0
GO:0045778;0.0;0.35031801116098693;0.06646860513982605;0.203035249711954;0.07640572586462772;0.0;0.0;0.0;0.07162555538651699;0.08388887721201375;0.0;0.06805827711961622;0.05627562352438798;0.0730780893714577;0.36405796845174904;0.05690620764703963;0.0;0.0;0.0;0.21392809243227534;0.07252934599796021;0.0;0.0;0.2356448804118864;0.0;0.0;0.0;0.0;1.0;0.0;0.0;0.0;0.0;0.29551077221082944;0.0;0.0;0.06710732898423087;0.0;0.3471944577139172;0.08225437735033406;0.22206715980502104;0.0;0.24912113388830948;0.0;0.0;0.07585638446452227;0.0;0.06752420962328542;0.09506736734411578;0.0;0.0;0.26931393742264903;0.27829653178117564;0.0;0.19925581082839494;0.19999353438136966;0.09763299788802629;0.0;0.0;0.05977256868958135;0.07556796870785078;0.06158720574463339;0.10645196964885878;0.06158720574463339;0.19769925464360352;0.0;0.0;0.0;0.0;0.3412428593119407;0.0;0.25397429063977783;0.0;0.0;0.0;0.07824235285400874;0.06612374983079368;0.09857932902270561;0.07474703600711144;0.2567549146001173;0.19217656069395536;0.232050361350214;0.0;0.05540360104454173;0.39971116450781186;0.18280083861975693;0.2417203136364207
GO:0048208;0.0;0.0;0.0;0.0;0.026033075967501516;0.025786733864686804;0.028363691221875435;0.0;0.0;0.02851599978980707;0.0;0.0;0.022063770115845354;0.0;0.0;0.0;0.0;0.0;0.0;0.0;0.0;0.023031061942055113;0.019508156980232633;0.0;0.0;0.031082753027633064;0.0;0.0;0.0;1.0;0.02047231353916921;0.022717898372565656;0.0;0.0;0.02772814060366313;0.02153672870995017;0.0;0.018630730919916964;0.0;0.0;0.0;0.032137579672051796;0.0;0.024789261572316146;0.021081804293616;0.0;0.022717898372565656;0.0;0.0;0.018630730919916964;0.02153672870995017;0.0;0.0;0.030178967110120965;0.0;0.0;0.0;0.018630730919916964;0.021323152214497296;0.0;0.0;0.0;0.0;0.0;0.0;0.020060815992430193;0.03431923754939568;0.02956762152085317;0.0;0.0;0.037673927794059446;0.0;0.021323152214497296;0.32967244714566823;0.026340770357928037;0.0;0.0;0.0;0.0;0.0;0.0;0.0;0.0;0.021728699497952135;0.0;0.0;0.0
GO:0048133;0.0;0.0;0.0;0.0;0.020827074288089328;0.02066910713077268;0.022292520168939445;0.0;0.0;0.02238649645592352;0.0;0.0;0.018206670843572734;0.0;0.0;0.0;0.0;0.0;0.0;0.0;0.0;0.018860318009640803;0.016430515760039975;0.0;0.0;0.02393837158402052;0.0;0.0;0.0;0.02047231353916921;1.0;0.01864978894956986;0.0;0.0;0.021898034747695055;0.017846288321375487;0.0;0.01580365215978331;0.0;0.0;0.0;0.02455917899945468;0.0;0.020023306558781935;0.017532779044369076;0.0;0.01864978894956986;0.0;0.0;0.01580365215978331;0.017846288321375487;0.0;0.0;0.023398701818713976;0.0;0.0;0.0;0.01580365215978331;0.017699386080986357;0.0;0.0;0.0;0.0;0.0;0.0;0.016820808509603918;0.025813159729250724;0.023029518021079505;0.0;0.0;0.027666107247553737;0.0;0.017699386080986357;0.019100025070911946;0.021023545921079446;0.0;0.0;0.0;0.0;0.0;0.0;0.0;0.0;0.01797790430867298;0.0;0.0;0.0
GO:0006646;0.0;0.0;0.0;0.0;0.023155586031973697;0.10833034857338045;0.3824675742054121;0.0;0.0;0.11842230913543113;0.0;0.0;0.09418041354106522;0.0;0.0;0.0;0.0;0.12956540928462001;0.0;0.0;0.0;0.0979003866238518;0.36910278074259556;0.0;0.0;0.027066797439943873;0.0;0.0;0.0;0.022717898372565656;0.01864978894956986;1.0;0.0;0.0;0.024487059262020588;0.19218981096550788;0.0;0.35385732238402784;0.0;0.0;0.0;0.13146179106212438;0.0;0.10458334132791779;0.1885013316945714;0.0;0.20169913444906742;0.0;0.0;0.08024484016525271;0.092140428135705;0.0;0.0;0.12445874585942147;0.0;0.0;0.0;0.35385732238402784;0.5909342103357109;0.0;0.0;0.0;0.0;0.0;0.0;0.08637786121161771;0.4514704521934577;0.39669395512486477;0.0;0.0;0.3142453858537591;0.0;0.09131109871460635;0.021040383582903943;0.023398701818713973;0.0;0.0;0.0;0.0;0.0;0.0;0.0;0.1410660744841191;0.09233424620532582;0.0;0.0;0.0
GO:0006888;0.0;0.0;0.0;0.0;0.0;0.0;0.0;0.0;0.0;0.0;0.6526958890597498;0.0;0.0;0.0;0.0;0.0;0.4472046152562654;0.0;0.0;0.0;0.0;0.0;0.0;0.0;0.0;0.576931660340113;0.5784045586786462;0.5017546835825903;0.0;0.0;0.0;0.0;1.0;0.0;0.0;0.0;0.0;0.0;0.0;0.0;0.0;0.0;0.0;0.0;0.0;0.0;0.0;0.0;0.0;0.0;0.0;0.0;0.0;0.0;0.0;0.0;0.0;0.0;0.0;0.0;0.0;0.0;0.0;0.0;0.0;0.0;0.0;0.0;0.0;0.0;0.0;0.0;0.0;0.41857108114796704;0.0;0.0;0.0;0.0;0.0;0.0;0.0;0.0;0.0;0.0;0.0;0.0;0.0
GO:0010628;0.0;0.11056757189315938;0.08890753578820727;0.28266152174650533;0.10763140911855067;0.0;0.0;0.0;0.0983821915450412;0.3970289016194375;0.0;0.09670907741561263;0.07453406422395477;0.10114356970456058;0.11682791607426583;0.2341260334607186;0.0;0.0;0.0;0.47106697290737565;0.10009542594601406;0.0;0.0;0.3501129779254887;0.0;0.0;0.0;0.0;0.29551077221082944;0.0;0.0;0.0;0.0;1.0;0.0;0.0;0.09005402056178499;0.0;0.2060344968720637;0.11961219492712653;0.32095626333890065;0.0;0.3807118328883006;0.0;0.0;0.26766955712776463;0.0;0.09563425575576158;0.14876966557440863;0.0;0.0;0.4299806974310127;0.9051071659038554;0.0;0.2753894381909692;0.2768006136879657;0.5003976773850533;0.0;0.0;0.07732142338046709;0.10597639140747361;0.08038531877211484;0.17867187484868186;0.25926310990226326;0.2724249958541177;0.0;0.0;0.0;0.0;0.10654449723885516;0.0;0.6072284049612853;0.0;0.0;0.0;0.25920757051675236;0.22181322909319476;0.15755330175212526;0.26220378095608743;0.398833508731049;0.262047961223075;0.5299203539453519;0.0;0.07301204997771091;0.24791927885090023;0.3792337036194263;0.5631462244370488
GO:0030099;0.21723493316807116;0.0;0.0;0.0;0.02838295578701102;0.0280903842180399;0.031175876756675533;0.20292776386788944;0.0;0.0313599825570521;0.0;0.0;0.023728783558092385;0.0;0.0;0.0;0.0;0.0;0.2281225740333908;0.0;0.0;0.024851288378285534;0.020798517816868128;0.0;0.1900957204611055;0.034492365337639073;0.0;0.0;0.0;0.02772814060366313;0.021898034747695055;0.024487059262020588;0.0;0.0;1.0;0.023120292673171276;0.0;0.019804137076021293;0.0;0.0;0.0;0.03579615584579185;0.0;0.026910809764719983;0.022596821920052957;0.0;0.024487059262020588;0.0;0.0;0.019804137076021293;0.023120292673171276;0.0;0.0;0.033382961757771265;0.0;0.0;0.0;0.019804137076021293;0.022874332904357572;0.0;0.0;0.0;0.0;0.0;0.0;0.02142788502982704;0.03852389224504336;0.03263652201094096;0.0;0.0;0.04280217946124243;0.0;0.022874332904357572;0.025269154829219397;0.028749096004116455;0.0;0.0;0.0;0.0;0.0;0.0;0.0;0.0;0.023341677096524367;0.0;0.0;0.0
GO:0030210;0.0;0.0;0.0;0.0;0.02192969260898353;0.1832950437396139;0.1985104350591473;0.0;0.0;0.13775690965456286;0.0;0.0;0.160454046581463;0.0;0.0;0.0;0.0;0.21699089932268645;0.0;0.0;0.0;0.4217565283540195;0.3651767409988603;0.0;0.0;0.025406642781729216;0.0;0.0;0.0;0.02153672870995017;0.017846288321375487;0.19218981096550788;0.0;0.0;0.023120292673171276;1.0;0.0;0.3506917343511513;0.0;0.0;0.0;0.21996671201408965;0.0;0.3375139919695488;0.21670877875317418;0.0;0.5029398738613126;0.0;0.0;0.2635659631602732;0.1085605274891486;0.0;0.0;0.20895049980776534;0.0;0.0;0.0;0.3506917343511513;0.37656166214908215;0.0;0.0;0.0;0.0;0.0;0.0;0.1020584064813933;0.12911401994198812;0.11437094453724508;0.0;0.0;0.3509230019694849;0.0;0.5022073772139064;0.02002330655878193;0.0221476267955128;0.0;0.0;0.0;0.0;0.0;0.0;0.0;0.23495508915566793;0.09661228556660777;0.0;0.0;0.0
GO:2000369;0.0;0.06809763884653094;0.06728590139753303;0.07416141918200261;0.07610325158856145;0.0;0.0;0.0;0.0718973575620459;0.0726531444472559;0.0;0.05950007366445977;0.05029398067445827;0.07318229739012619;0.3414790292938502;0.0585250000880146;0.0;0.0;0.0;0.07763903505792268;0.06397535011694881;0.0;0.0;0.08444083562079494;0.0;0.0;0.0;0.0;0.06710732898423087;0.0;0.0;0.0;0.0;0.09005402056178499;0.0;0.0;1.0;0.0;0.06004954854082531;0.34633860727514376;0.08020851095418209;0.0;0.3645588786433055;0.0;0.0;0.0756232139007321;0.0;0.05909147399237539;0.09191917291984991;0.0;0.0;0.09465312393971959;0.09731174760910834;0.0;0.07294429269029834;0.07318229739012619;0.09402145905649195;0.0;0.0;0.06118030945748724;0.5764874685113488;0.26819045394442365;0.10112097198668409;0.06284830663696661;0.0724414309543987;0.0;0.0;0.0;0.0;0.0756232139007321;0.0;0.09004945290115626;0.0;0.0;0.0;0.07770200430557109;0.06697473644713542;0.09479263761701041;0.07465121320403356;0.09088998114159912;0.07064973399071632;0.08332690084228185;0.0;0.049596334902827874;0.06812873366039686;0.06758084113176488;0.08631305432540637
GO:0035863;0.0;0.0;0.0;0.0;0.018924080213231;0.1583464723792852;0.30813460167485596;0.0;0.0;0.5323898083193;0.0;0.0;0.14619710561294574;0.0;0.0;0.0;0.0;0.1828799251868246;0.0;0.0;0.0;0.36895499620483757;0.6404118536074843;0.0;0.0;0.021458197157809184;0.0;0.0;0.0;0.018630730919916964;0.01580365215978331;0.35385732238402784;0.0;0.0;0.019804137076021293;0.3506917343511513;0.0;1.0;0.0;0.0;0.0;0.18498913294904556;0.0;0.48114346645829337;0.1590775474220778;0.0;0.3651767409988603;0.0;0.0;0.2355376372194388;0.15602471041238655;0.0;0.0;0.1771352724645648;0.0;0.0;0.0;0.6177108038031519;0.3372442869839906;0.0;0.0;0.0;0.0;0.0;0.0;0.4099704730533553;0.3514050868944346;0.31730224793891515;0.0;0.0;0.30035229262553953;0.0;0.13738656687641815;0.017487331448026902;0.019086148747820098;0.0;0.0;0.0;0.0;0.0;0.0;0.0;0.19547617072919626;0.0850376761862137;0.0;0.0;0.0
GO:0051138;0.0;0.32557048180767595;0.0595985606966608;0.41267458052187844;0.06641421610033017;0.0;0.0;0.0;0.06318839301536254;0.06272597545438317;0.0;0.05180281643722896;0.04468202786965736;0.0641787514327549;0.3498377755471028;0.05262136121035541;0.0;0.0;0.0;0.180348658286329;0.05615028101693404;0.0;0.0;0.1939474024211469;0.0;0.0;0.0;0.0;0.3471944577139172;0.0;0.0;0.0;0.0;0.2060344968720637;0.0;0.0;0.06004954854082531;0.0;1.0;0.07023430867702263;0.18552189963877905;0.0;0.20206656371670342;0.0;0.0;0.06604833504988294;0.0;0.051492820685812034;0.0781488268827748;0.0;0.0;0.2138010380508365;0.21886217203189642;0.0;0.17078104574570843;0.17126971960620951;0.07966322150936911;0.0;0.0;0.054758207775648764;0.06585574345319786;0.2393534844662522;0.427096348944754;0.05609059146258336;0.16974727696118153;0.0;0.0;0.0;0.0;0.5426344340090108;0.0;0.20493313526909532;0.0;0.0;0.0;0.06762854678005077;0.05935430562821362;0.0802161552097469;0.06530567954776725;0.20656216441591632;0.16604968856726718;0.19174126659227417;0.0;0.04413053307145662;0.3829831585952256;0.15966406197262392;0.1976370992923594
GO:0031345;0.0;0.2549281978380521;0.23260879627919823;0.0903404284865073;0.09323849191360813;0.0;0.0;0.0;0.25190009119505324;0.2762286570013194;0.0;0.0732019771037675;0.05974705576159864;0.2573684023029141;0.9826077626727777;0.19733726118651634;0.0;0.0;0.0;0.09555424292879657;0.23621007803007676;0.0;0.0;0.10606981836764584;0.0;0.0;0.0;0.0;0.08225437735033406;0.0;0.0;0.0;0.0;0.11961219492712653;0.0;0.0;0.34633860727514376;0.0;0.07023430867702263;1.0;0.09947629676075398;0.0;0.11267753210832769;0.0;0.0;0.26787054171268565;0.0;0.07258449784416306;0.3420620884588526;0.0;0.0;0.12269889212870763;0.12720392319475232;0.0;0.0885407630645922;0.08889167044662898;0.3521834385082157;0.0;0.0;0.20784263759979324;0.39319236835592636;0.5236957380983828;0.13379203263890482;0.21452306964606574;0.08780096565681655;0.0;0.0;0.0;0.0;0.26787054171268565;0.0;0.11507280779158972;0.0;0.0;0.0;0.27693478725797527;0.2313255466247144;0.35592964999297433;0.2636703732794975;0.11644895060666069;0.08518267665624868;0.1043180634199596;0.0;0.05876507011625068;0.08154454628153734;0.08076086879298462;0.10904085949425532
GO:0051897;0.0;0.08259623759256089;0.29683135263697913;0.2379382735570019;0.09198271646435482;0.0;0.0;0.0;0.3211392483994489;0.08939489401765043;0.0;0.07219392535970019;0.05907381425966188;0.4271410050192781;0.09777094965418141;0.06748421709113606;0.0;0.0;0.0;0.25148091775398224;0.07660890732837554;0.0;0.0;0.2787326977454475;0.0;0.0;0.0;0.0;0.22206715980502104;0.0;0.0;0.0;0.0;0.32095626333890065;0.0;0.0;0.08020851095418209;0.0;0.18552189963877905;0.09947629676075398;1.0;0.0;0.29581476849344374;0.0;0.0;0.44433789644897853;0.0;0.07159326563069603;0.11613474247430788;0.0;0.0;0.3216597319123296;0.3332538907022259;0.0;0.4580958820636035;0.23417156697665092;0.11951094566633004;0.0;0.0;0.2655560752288054;0.09091491972588824;0.07329824071132221;0.13122136854625485;0.07329824071132221;0.23133474188445666;0.0;0.0;0.0;0.0;0.09128237449700684;0.0;0.6916748918701199;0.0;0.0;0.0;0.09432853925613954;0.07897292413200045;0.12075971758667398;0.4374624284684017;0.30554996191511025;0.44093570929110515;0.6280032763915936;0.0;0.05811365651973113;0.21504505847687994;0.3517796467578284;0.2864173730958894
GO:0016567;0.0;0.0;0.0;0.0;0.03302053272906814;0.400674251520303;0.45271266888470785;0.0;0.0;0.26765597681881875;0.0;0.0;0.2688689625794403;0.0;0.0;0.0;0.0;0.42531714133703535;0.0;0.0;0.0;0.28337132804053494;0.19534317114410948;0.0;0.0;0.04159093981583519;0.0;0.0;0.0;0.032137579672051796;0.02455917899945468;0.13146179106212438;0.0;0.0;0.03579615584579185;0.21996671201408965;0.0;0.18498913294904556;0.0;0.0;0.0;1.0;0.0;0.15959204461163823;0.18344706415580883;0.0;0.278645525885559;0.0;0.0;0.18498913294904556;0.30807324645441275;0.0;0.0;0.49110403069931025;0.0;0.0;0.0;0.18498913294904556;0.2173279766984417;0.0;0.0;0.0;0.0;0.0;0.0;0.1728317825475442;0.2232382722203133;0.18255151556502444;0.0;0.0;0.39155596377841784;0.0;0.3167777738722552;0.028880270547028162;0.033517144150618856;0.0;0.0;0.0;0.0;0.0;0.0;0.0;0.48677864525588876;0.13566168296097553;0.0;0.0;0.0
