;GO:0060441;GO:0016525;GO:0040037;GO:0045600;GO:0008543;GO:0006487;GO:0046777;GO:0060449;GO:0042059;GO:0006402;GO:0006886;GO:0032091;GO:0002003;GO:0046580;GO:0010977;GO:2000233;GO:0034504;GO:0051603;GO:0035116;GO:0033138;GO:0034260;GO:0006491;GO:0046709;GO:0090068;GO:0060437;GO:0043312;GO:0006897;GO:0042147;GO:0045778;GO:0048208;GO:0048133;GO:0006646;GO:0006888;GO:0010628;GO:0030099;GO:0030210;GO:2000369;GO:0035863;GO:0051138;GO:0031345;GO:0051897;GO:0016567;GO:0030335;GO:0034656;GO:0015014;GO:0043407;GO:0015012;GO:0090630;GO:0008285;GO:0006580;GO:0006382;GO:0008284;GO:0045944;GO:0043687;GO:0045747;GO:0043525;GO:0000122;GO:1901639;GO:0006657;GO:0051387;GO:0031338;GO:0010637;GO:0045595;GO:0010757;GO:2000179;GO:0016077;GO:0016310;GO:0016311;GO:1904681;GO:0045638;GO:0006351;GO:0043410;GO:0006477;GO:0000132;GO:1990830;GO:0010923;GO:0010801;GO:0043066;GO:0070373;GO:0043065;GO:0045880;GO:0070374;GO:0006508;GO:0019695;GO:0032332;GO:2000781;GO:0071902
GO:0060441;1.0;0.0;0.0;0.0;0.0;0.0;0.0;0.4632046376675269;0.0;0.0;0.0;0.0;0.0;0.0;0.0;0.0;0.0;0.0;0.53699680759024;0.0;0.0;0.0;0.0;0.0;0.5201276993786625;0.0;0.0;0.0;0.0;0.0;0.0;0.0;0.0;0.0;0.5403680205230708;0.0;0.0;0.0;0.0;0.0;0.0;0.0;0.0;0.0;0.0;0.0;0.0;0.0;0.0;0.0;0.0;0.0;0.0;0.0;0.0;0.0;0.0;0.0;0.0;0.0;0.0;0.0;0.0;0.0;0.0;0.0;0.0;0.0;0.0;0.0;0.0;0.0;0.0;0.0;0.0;0.0;0.0;0.0;0.0;0.0;0.0;0.0;0.0;0.0;0.0;0.0;0.0
GO:0016525;0.0;1.0;0.37217518096290303;0.4082139758478805;0.36006307710843827;0.0;0.0;0.0;0.3672631281827353;0.4107671810684454;0.0;0.3246228159928886;0.302005807822253;0.3562011703191565;0.5093014188281679;0.34550079306210985;0.0;0.0;0.0;0.24454990997717646;0.38779208641703883;0.0;0.0;0.3845770411188432;0.0;0.0;0.0;0.0;0.4173671151307715;0.0;0.0;0.0;0.0;0.40236315654074545;0.0;0.0;0.28119718745471345;0.0;0.33893313340274744;0.44143728378513863;0.25452279955392026;0.0;0.37384930910352565;0.0;0.0;0.35994396026543335;0.0;0.22276952126641641;0.4746548530128042;0.0;0.0;0.39763800967018964;0.35396816189306474;0.0;0.28684120333210544;0.29360007150994094;0.41086270226570626;0.0;0.0;0.34550079306210985;0.3561171054391236;0.4974890939429367;0.6064386058860378;0.2986858488845821;0.3135155912328987;0.0;0.0;0.0;0.0;0.5380051993209438;0.0;0.33867112447850484;0.0;0.0;0.0;0.3520346246861685;0.28589456287178566;0.4371702804015057;0.31269711743344636;0.36483433404152615;0.29668592624798173;0.2573411959899729;0.0;0.2968189186600641;0.4320525218465808;0.28119718745471345;0.29685957531309226
GO:0040037;0.0;0.37217518096290303;1.0;0.31968093045037527;0.35595781102580043;0.0;0.0;0.0;0.5802048832662509;0.40750966297264685;0.0;0.30405036106169475;0.2814333528910592;0.5518279885672768;0.4660833423291952;0.41197972408903494;0.0;0.0;0.0;0.2672471984561994;0.3940221860475056;0.0;0.0;0.41741676823711293;0.0;0.0;0.0;0.0;0.3058312922074106;0.0;0.0;0.0;0.0;0.3817907016095516;0.0;0.0;0.3098955970007391;0.0;0.23640626492241817;0.5079162148120637;0.42778295308980985;0.0;0.387058979856283;0.0;0.0;0.5555707785135537;0.0;0.2021970663352226;0.5543074033028803;0.0;0.0;0.4358240369424808;0.36387416435929115;0.0;0.4714151726363874;0.3222984810559666;0.4410514610047052;0.0;0.0;0.7108438684541281;0.3943031327114147;0.38517716952737435;0.5179055604885324;0.34288587617244537;0.3463553183511684;0.0;0.0;0.0;0.0;0.47929838402870256;0.0;0.5119312780143944;0.0;0.0;0.0;0.39623465197403174;0.32557093933705017;0.4941615937021654;0.5083239356815668;0.3935327435875518;0.4812598955522636;0.4219513810853102;0.0;0.2762464637288703;0.3295256533662515;0.37043561218631865;0.30452115171144256
GO:0045600;0.0;0.4082139758478805;0.31968093045037527;1.0;0.34611308810992414;0.0;0.0;0.0;0.29513882130469515;0.306686946548581;0.0;0.2942056381458185;0.2715886299751829;0.28407686344111627;0.46086226020698456;0.293006542549582;0.0;0.0;0.0;0.3502150025146677;0.27653935370102606;0.0;0.0;0.517044688217995;0.0;0.0;0.0;0.0;0.3951865186109465;0.0;0.0;0.0;0.0;0.4657996278590661;0.0;0.0;0.30005087408486286;0.0;0.45543689153061423;0.3889430332726108;0.35301539389526315;0.0;0.4795144016410169;0.0;0.0;0.2878196533873931;0.0;0.19235234341934632;0.4251917831241806;0.0;0.0;0.5455943955626097;0.42952703158236427;0.0;0.3925062958695967;0.41475390284070046;0.33873839538766604;0.0;0.0;0.293006542549582;0.38445840979553847;0.3836283700053101;0.6897354077773428;0.24057281055540614;0.44598323833205045;0.0;0.0;0.0;0.0;0.516368595261421;0.0;0.4371637188198477;0.0;0.0;0.0;0.2939215863569925;0.22656154200654188;0.38236091035886066;0.24057281055540614;0.4859881653722856;0.40235101878547297;0.3502150025146677;0.0;0.266401740812994;0.6066700399660772;0.40235101878547297;0.38148783470290815
GO:0008543;0.0;0.36006307710843827;0.35595781102580043;0.34611308810992414;1.0;0.5088029323195407;0.3700320574055455;0.0;0.3510457582456327;0.41633650167185104;0.0;0.40254630708093203;0.4583139373647899;0.3399838003820539;0.5543784128270102;0.32928342312500725;0.0;0.0;0.0;0.2992981439323964;0.35510752763138026;0.39549368577555755;0.2968101836292127;0.4438489258966619;0.0;0.4583139373647899;0.0;0.0;0.37152356259798436;0.4583139373647899;0.4583139373647899;0.3604295647309135;0.0;0.4451678524700082;0.5354773202203338;0.35641641381953687;0.33864287419040523;0.26731017628708015;0.26967719293468306;0.42521991384803604;0.31196848628961205;0.3739735664847566;0.43312119388134435;0.44989828332222587;0.4583139373647899;0.34372659032833075;0.3141251204646079;0.2905505737152129;0.4584374830757016;0.38309080172033005;0.3136398486141296;0.45922501397812554;0.4099363783843525;0.42207603874650385;0.34611308810992414;0.3510457582456327;0.39464533232860366;0.2968101836292127;0.3141251204646079;0.32928342312500725;0.4177041097470595;0.34891347949051965;0.5371652199519332;0.2824684789474795;0.3727874760107174;0.3309547854495248;0.4736482296875989;0.4355232395576487;0.0;0.3966020830646749;0.565603715259994;0.3961168112141966;0.399920466705247;0.4751436023497068;0.3337551768301203;0.3826321989265936;0.26967719293468306;0.4209529104644031;0.29647974749634376;0.42228002077721793;0.35595781102580043;0.31330941248126065;0.0;0.43046581121318445;0.35595781102580043;0.33864287419040523;0.3773859202981646
GO:0006487;0.0;0.0;0.0;0.0;0.5088029323195407;1.0;0.5392028778282426;0.0;0.0;0.5346664029331217;0.0;0.0;0.5461691613505992;0.0;0.0;0.0;0.0;0.6331772671220194;0.0;0.0;0.0;0.5429551399516909;0.37870969056604414;0.0;0.0;0.43606633039368614;0.0;0.0;0.0;0.43606633039368614;0.43606633039368614;0.40917904095061536;0.0;0.0;0.5132297132492301;0.43646469732051807;0.0;0.37870969056604414;0.0;0.0;0.0;0.5336567691811884;0.0;0.5060284265645021;0.5271800470749834;0.0;0.4442716378053461;0.0;0.0;0.487651545646578;0.466152773196503;0.0;0.0;0.6044204784323521;0.0;0.0;0.0;0.37870969056604414;0.4281734821171213;0.0;0.0;0.0;0.0;0.0;0.0;0.4421121885146473;0.5113167611516289;0.4731917710216788;0.0;0.0;0.6344698249701873;0.0;0.5596036694016786;0.4528959953786031;0.3115075698590165;0.0;0.0;0.0;0.0;0.0;0.0;0.0;0.6582246300040387;0.5348883688773926;0.0;0.0;0.0
GO:0046777;0.0;0.0;0.0;0.0;0.3700320574055455;0.5392028778282426;1.0;0.0;0.0;0.470990497002719;0.0;0.0;0.42702834280211643;0.0;0.0;0.0;0.0;0.5366976855629532;0.0;0.0;0.0;0.46610561475813705;0.3950408534910607;0.0;0.0;0.2799805186442958;0.0;0.0;0.0;0.297295455479691;0.297295455479691;0.45451891702051733;0.0;0.0;0.3571439014998397;0.3554738545547202;0.0;0.3950408534910607;0.0;0.0;0.0;0.5390747111673753;0.0;0.42503758379870415;0.43070046551591723;0.0;0.39008334960120883;0.0;0.0;0.39117196408751176;0.42927942182776085;0.0;0.0;0.609838420418539;0.0;0.0;0.0;0.410529592284329;0.410529592284329;0.0;0.0;0.0;0.0;0.0;0.0;0.38792390031050994;0.7771713673372983;0.5760452027744256;0.0;0.0;0.5153290064217046;0.0;0.5650216113878654;0.3141251204646079;0.2376892252893668;0.0;0.0;0.0;0.0;0.0;0.0;0.0;0.5617450484449726;0.3961174939633974;0.0;0.0;0.0
GO:0060449;0.4632046376675269;0.0;0.0;0.0;0.0;0.0;0.0;1.0;0.0;0.0;0.0;0.0;0.0;0.0;0.0;0.0;0.0;0.0;0.44637497268261;0.0;0.0;0.0;0.0;0.0;0.6115829844884053;0.0;0.0;0.0;0.0;0.0;0.0;0.0;0.0;0.0;0.5235383555381539;0.0;0.0;0.0;0.0;0.0;0.0;0.0;0.0;0.0;0.0;0.0;0.0;0.0;0.0;0.0;0.0;0.0;0.0;0.0;0.0;0.0;0.0;0.0;0.0;0.0;0.0;0.0;0.0;0.0;0.0;0.0;0.0;0.0;0.0;0.0;0.0;0.0;0.0;0.0;0.0;0.0;0.0;0.0;0.0;0.0;0.0;0.0;0.0;0.0;0.0;0.0;0.0
GO:0042059;0.0;0.3672631281827353;0.5802048832662509;0.29513882130469515;0.3510457582456327;0.0;0.0;0.0;1.0;0.40259761019247914;0.0;0.302441976568058;0.2742061805807743;0.5374283180608437;0.4361949330294937;0.37491881659318527;0.0;0.0;0.0;0.25284752794976617;0.3796225155410725;0.0;0.0;0.3928746590914328;0.0;0.0;0.0;0.0;0.3009192394272429;0.0;0.0;0.0;0.0;0.3787048468715108;0.0;0.0;0.2894948054273031;0.0;0.22425102048386109;0.47085530731621406;0.41752460015562076;0.0;0.366658188282847;0.0;0.0;0.5411711080071206;0.0;0.20283310790946196;0.5071040571677838;0.0;0.0;0.4059356276427793;0.34947449385285795;0.0;0.4570155021299543;0.3018976894825306;0.4206506694312692;0.0;0.0;0.5535304953654576;0.3644147234117132;0.37491881659318527;0.48084465299268275;0.3224850845990094;0.3218132092054883;0.0;0.0;0.0;0.0;0.4422374765328529;0.0;0.5016729250802053;0.0;0.0;0.0;0.37583386040059574;0.3084738160501451;0.4642731844024639;0.4939242651751336;0.3731319520141158;0.4668602250458305;0.4147242087750253;0.0;0.27463807923523353;0.3049835442205714;0.36552355940615094;0.2942627987772536
GO:0006402;0.0;0.4107671810684454;0.40750966297264685;0.306686946548581;0.41633650167185104;0.5346664029331217;0.470990497002719;0.0;0.40259761019247914;1.0;0.0;0.3459460294537681;0.4480579412446694;0.39153565232890025;0.4444265110382793;0.656792959280804;0.0;0.5287625784172578;0.0;0.3893521267913708;0.4231265684267826;0.4964521253727311;0.5154168747518142;0.4044227843353187;0.0;0.3066549065450889;0.0;0.0;0.34442329231295304;0.34359989974599653;0.34359989974599653;0.38166514064727125;0.0;0.6839322106826025;0.38381828940063284;0.3994631792909085;0.302520400915593;0.5154168747518142;0.24039349001258686;0.4767717657948824;0.2758460130147998;0.4749320060819301;0.3936950523200012;0.7107962677997561;0.48417740797837094;0.493508205316018;0.4150835600617814;0.24633716079517204;0.509989335022548;0.43244103579053367;0.5305801908580803;0.4156575548445382;0.6054309931867301;0.5230344783436773;0.306686946548581;0.3149232849708205;0.7126672507581349;0.5154168747518142;0.34274136340354006;0.3808352750718536;0.3741366506134722;0.400465331437366;0.4882514606643245;0.5816979902972115;0.33336133444937416;0.6929070773177102;0.4743152431220195;0.4361902529920693;0.0;0.4481539350115213;0.6210403037683673;0.45667078673103845;0.4782176693130039;0.3604295647309135;0.2771548992029564;0.4753435050373988;0.46357629931942623;0.47250476241124945;0.44626136248403103;0.38615754750240566;0.31653166946445727;0.37534085824250657;0.5311487043098606;0.44242193822970294;0.31653166946445727;0.4320005253359106;0.4394173660594105
GO:0006886;0.0;0.0;0.0;0.0;0.0;0.0;0.0;0.0;0.0;0.0;1.0;0.0;0.0;0.0;0.0;0.0;0.6460629828068281;0.0;0.0;0.0;0.0;0.0;0.0;0.0;0.0;0.5922584284171509;0.6090438645832869;0.7131408003543849;0.0;0.0;0.0;0.0;0.6794814703845511;0.0;0.0;0.0;0.0;0.0;0.0;0.0;0.0;0.0;0.0;0.0;0.0;0.0;0.0;0.0;0.0;0.0;0.0;0.0;0.0;0.0;0.0;0.0;0.0;0.0;0.0;0.0;0.0;0.0;0.0;0.0;0.0;0.0;0.0;0.0;0.0;0.0;0.0;0.0;0.0;0.6789540333159412;0.0;0.0;0.0;0.0;0.0;0.0;0.0;0.0;0.0;0.0;0.0;0.0;0.0
GO:0032091;0.0;0.3246228159928886;0.30405036106169475;0.2942056381458185;0.40254630708093203;0.0;0.0;0.0;0.302441976568058;0.3459460294537681;0.0;1.0;0.3524709421444941;0.294077471484951;0.4107158779568983;0.2773759731609016;0.0;0.0;0.0;0.2556362411031697;0.5274656418405466;0.0;0.0;0.39194147593255624;0.0;0.0;0.0;0.0;0.33194198391019053;0.0;0.0;0.0;0.0;0.40972759135445846;0.0;0.0;0.2900390925128305;0.0;0.22791218160982446;0.3733124638839304;0.26336470461203737;0.0;0.38121374391723867;0.0;0.0;0.5151062544822094;0.0;0.4157830269412326;0.4023887155393518;0.0;0.0;0.4031762464417758;0.36403004948724965;0.0;0.2942056381458185;0.302441976568058;0.34873900343150077;0.0;0.0;0.2773759731609016;0.3616553422107097;0.2928647119541699;0.47577015226156205;0.2388065761182528;0.3208800260466117;0.0;0.0;0.0;0.0;0.34469463310056925;0.0;0.34751302953662194;0.0;0.0;0.0;0.5808144176421329;0.22791218160982446;0.3723491287868284;0.2505734185992409;0.37367623909964326;0.30405036106169475;0.2674030835841578;0.0;0.3401115547861569;0.30405036106169475;0.2900390925128305;0.4812004609497851
GO:0002003;0.0;0.302005807822253;0.2814333528910592;0.2715886299751829;0.4583139373647899;0.5461691613505992;0.42702834280211643;0.0;0.2742061805807743;0.4480579412446694;0.0;0.3524709421444941;1.0;0.26131802467506854;0.4602238983267565;0.254758964990266;0.0;0.7013934147289638;0.0;0.219154897981007;0.3042227565413432;0.45966246936827665;0.3231853230480097;0.3693244677619207;0.0;0.3855773354389354;0.0;0.0;0.31649747393570327;0.3855773354389354;0.3855773354389354;0.33602880900644805;0.0;0.3871105831838229;0.4627407182944793;0.35917314780410675;0.2618032965255468;0.3058703862126145;0.18831396444722587;0.3506954557132948;0.2351289086247536;0.4286547323512103;0.3585967357466031;0.48576104046728824;0.4610706713493598;0.2650608146213454;0.3711214058611788;0.2351289086247536;0.38694420556486453;0.41895355886539243;0.38230628138785555;0.3877317364672885;0.33127060267736713;0.48210350476697894;0.2715886299751829;0.2742061805807743;0.3159795566216183;0.3428153794135221;0.35088193260071;0.254758964990266;0.34621083223622245;0.2774202019796826;0.4698132600133402;0.20232523299609012;0.29826301787597614;0.359645044398439;0.4340252116352177;0.3959002215052675;0.0;0.3220776249299337;0.5746639178433957;0.3192772335493382;0.4372866957363055;0.4024070004238523;0.24138851853875337;0.3081077407918524;0.18831396444722587;0.34411333279954465;0.2178139717893584;0.3454404431123595;0.2814333528910592;0.2346436367742753;0.6841494842560543;0.5241358114060968;0.2814333528910592;0.2618032965255468;0.29872014459117924
GO:0046580;0.0;0.3562011703191565;0.5518279885672768;0.28407686344111627;0.3399838003820539;0.0;0.0;0.0;0.5374283180608437;0.39153565232890025;0.0;0.294077471484951;0.26131802467506854;1.0;0.4233067771237879;0.3597155411573623;0.0;0.0;0.0;0.24550746639846743;0.3613880594813454;0.0;0.0;0.381812701227854;0.0;0.0;0.0;0.0;0.289857281563664;0.0;0.0;0.0;0.0;0.369120359252336;0.0;0.0;0.27991031780812825;0.0;0.2177834069051222;0.4556520318803911;0.5047725164208241;0.0;0.35707370066367217;0.0;0.0;0.6389910515932994;0.0;0.1963654943307231;0.4888696011080566;0.0;0.0;0.39304747173707355;0.34213443230155927;0.0;0.4387810460702271;0.29231320186335574;0.4110661818120944;0.0;0.0;0.5251536006664836;0.35152656750600747;0.3597155411573623;0.4656413775568598;0.3129005969798346;0.31075125134190945;0.0;0.0;0.0;0.0;0.42703420109702994;0.0;0.5889208413454086;0.0;0.0;0.0;0.36624937278142095;0.30010931096703813;0.45138502849675816;0.5917442087613124;0.363547464394941;0.44862576898610335;0.49894094441632436;0.0;0.26627357415212655;0.2939215863569925;0.35446160154257206;0.28854714106769597
GO:0010977;0.0;0.5093014188281679;0.4660833423291952;0.46086226020698456;0.5543784128270102;0.0;0.0;0.0;0.4361949330294937;0.4444265110382793;0.0;0.4107158779568983;0.4602238983267565;0.4233067771237879;1.0;0.439408954428402;0.0;0.0;0.0;0.30746771480836277;0.42145141638687267;0.0;0.0;0.4520184967726282;0.0;0.0;0.0;0.0;0.45102644510060536;0.0;0.0;0.0;0.0;0.45333742334597443;0.0;0.0;0.4709667195483755;0.0;0.38442636503174343;0.883072158533539;0.32013805716557836;0.0;0.44129076475731066;0.0;0.0;0.4270495670700648;0.0;0.29872014459117924;0.5757355125752446;0.0;0.0;0.46739458485409185;0.4181059492603188;0.0;0.3542826589858905;0.35921532912159904;0.47796830907033766;0.0;0.0;0.439408954428402;0.5357441988935387;0.527912597437945;0.6519143920489936;0.3798027242380778;0.38095704688668364;0.0;0.0;0.0;0.0;0.6059424682431804;0.0;0.40428638209016293;0.0;0.0;0.0;0.4504664368750594;0.36431398544480953;0.5257321416137765;0.3798027242380778;0.43044959165318425;0.36412738190176674;0.321478983357227;0.0;0.432375772175151;0.4707069831228608;0.34681244506637154;0.3855554911741309
GO:2000233;0.0;0.34550079306210985;0.41197972408903494;0.293006542549582;0.32928342312500725;0.0;0.0;0.0;0.37491881659318527;0.656792959280804;0.0;0.2773759731609016;0.254758964990266;0.3597155411573623;0.439408954428402;1.0;0.0;0.0;0.0;0.30677080194964;0.3673477981467124;0.0;0.0;0.3907423803363198;0.0;0.0;0.0;0.0;0.27915690430661744;0.0;0.0;0.0;0.0;0.6013508858408716;0.0;0.0;0.2832212090999459;0.0;0.209731877021625;0.48124182691127054;0.23923188436375753;0.0;0.36038459195548983;0.0;0.0;0.42824181730968247;0.0;0.17552267843442942;0.5276330154020872;0.0;0.0;0.4091496490416876;0.5371273832979325;0.0;0.2733764861840696;0.2956240931551734;0.6540580229347893;0.0;0.0;0.38530533618824175;0.3676287448106216;0.35850278162658117;0.4912311725877393;0.4991166654554808;0.31968093045037527;0.0;0.0;0.0;0.0;0.45262399612790943;0.0;0.389578200682576;0.0;0.0;0.0;0.4182019632066899;0.3809949744776955;0.4674872058013722;0.3809949744776955;0.3668583556867586;0.2832212090999459;0.30677080194964;0.0;0.2495720758280771;0.3028512654654583;0.38534634247403543;0.3568360412176797
GO:0034504;0.0;0.0;0.0;0.0;0.0;0.0;0.0;0.0;0.0;0.0;0.6460629828068281;0.0;0.0;0.0;0.0;0.0;1.0;0.0;0.0;0.0;0.0;0.0;0.0;0.0;0.0;0.39267003563015196;0.45174676515121687;0.5253197388363211;0.0;0.0;0.0;0.0;0.49166040886648715;0.0;0.0;0.0;0.0;0.0;0.0;0.0;0.0;0.0;0.0;0.0;0.0;0.0;0.0;0.0;0.0;0.0;0.0;0.0;0.0;0.0;0.0;0.0;0.0;0.0;0.0;0.0;0.0;0.0;0.0;0.0;0.0;0.0;0.0;0.0;0.0;0.0;0.0;0.0;0.0;0.5084900738514041;0.0;0.0;0.0;0.0;0.0;0.0;0.0;0.0;0.0;0.0;0.0;0.0;0.0
GO:0051603;0.0;0.0;0.0;0.0;0.0;0.6331772671220194;0.5366976855629532;0.0;0.0;0.5287625784172578;0.0;0.0;0.7013934147289638;0.0;0.0;0.0;0.0;1.0;0.0;0.0;0.0;0.5794742507683603;0.4152288013827136;0.0;0.0;0.0;0.0;0.0;0.0;0.0;0.0;0.42303691477786826;0.0;0.0;0.0;0.44618125357552696;0.0;0.4152288013827136;0.0;0.0;0.0;0.535292894488143;0.0;0.5425475373811715;0.54807877712078;0.0;0.4807907486220156;0.0;0.0;0.5241706564632475;0.4630109185604439;0.0;0.0;0.5959141651000598;0.0;0.0;0.0;0.4152288013827136;0.4646925929337908;0.0;0.0;0.0;0.0;0.0;0.0;0.44034968157102733;0.5153688632069704;0.4772438730770202;0.0;0.0;0.655368555015984;0.0;0.5510973560693863;0.0;0.0;0.0;0.0;0.0;0.0;0.0;0.0;0.0;0.8730551135727276;0.571407479694062;0.0;0.0;0.0
GO:0035116;0.53699680759024;0.0;0.0;0.0;0.0;0.0;0.0;0.44637497268261;0.0;0.0;0.0;0.0;0.0;0.0;0.0;0.0;0.0;0.0;1.0;0.0;0.0;0.0;0.0;0.0;0.44637497268261;0.0;0.0;0.0;0.0;0.0;0.0;0.0;0.0;0.0;0.5235383555381539;0.0;0.0;0.0;0.0;0.0;0.0;0.0;0.0;0.0;0.0;0.0;0.0;0.0;0.0;0.0;0.0;0.0;0.0;0.0;0.0;0.0;0.0;0.0;0.0;0.0;0.0;0.0;0.0;0.0;0.0;0.0;0.0;0.0;0.0;0.0;0.0;0.0;0.0;0.0;0.0;0.0;0.0;0.0;0.0;0.0;0.0;0.0;0.0;0.0;0.0;0.0;0.0
GO:0033138;0.0;0.24454990997717646;0.2672471984561994;0.3502150025146677;0.2992981439323964;0.0;0.0;0.0;0.25284752794976617;0.3893521267913708;0.0;0.2556362411031697;0.219154897981007;0.24550746639846743;0.30746771480836277;0.30677080194964;0.0;0.0;0.0;1.0;0.22410562170685017;0.0;0.0;0.4479508403014054;0.0;0.0;0.0;0.0;0.3355802884206223;0.0;0.0;0.0;0.0;0.5493489152073487;0.0;0.0;0.2532359299073351;0.0;0.27377910733942656;0.3365093012784349;0.30058166190108726;0.0;0.4199081714506927;0.0;0.0;0.5485044750811918;0.0;0.15954866779068283;0.3655855529338564;0.0;0.0;0.46332692838286904;0.493508934700893;0.0;0.3329000656792725;0.3551476726503763;0.39092511823303566;0.0;0.0;0.24057281055540614;0.3248521796052143;0.22656154200654188;0.4389669896560666;0.377394854561315;0.3768893904154609;0.0;0.0;0.0;0.0;0.3078914704950738;0.0;0.7311288888912006;0.0;0.0;0.0;0.468036204667767;0.5280601868108654;0.3355459661813329;0.5012576322492048;0.42638193518196144;0.3427447885951488;0.621518935596604;0.0;0.22783234377034517;0.360059725430544;0.40672669171367754;0.685595443413508
GO:0034260;0.0;0.38779208641703883;0.3940221860475056;0.27653935370102606;0.35510752763138026;0.0;0.0;0.0;0.3796225155410725;0.4231265684267826;0.0;0.5274656418405466;0.3042227565413432;0.3613880594813454;0.42145141638687267;0.3673477981467124;0.0;0.0;0.0;0.22410562170685017;1.0;0.0;0.0;0.37427519148776384;0.0;0.0;0.0;0.0;0.3214481976615464;0.0;0.0;0.0;0.0;0.39206130690966606;0.0;0.0;0.26675402025138994;0.0;0.19326468817306902;0.4632842888697412;0.24007963235059676;0.0;0.36354745947244627;0.0;0.0;0.5048782972941245;0.0;0.7288862929698261;0.5096754773605578;0.0;0.0;0.39268246019313163;0.3362213264032103;0.0;0.27653935370102606;0.27915690430661744;0.41604959142789516;0.0;0.0;0.3673477981467124;0.3511615559620656;0.4001514737753759;0.4747639837391833;0.29825395023012286;0.3032137416018193;0.0;0.0;0.0;0.0;0.4346664580863801;0.0;0.32422795727518133;0.0;0.0;0.0;0.6790531582746325;0.28093901339472765;0.4495296677598429;0.31788400659563526;0.35039116683820265;0.28638407661690235;0.23959436050011845;0.0;0.2823757514567406;0.28638407661690235;0.26675402025138994;0.4451253453063575
GO:0006491;0.0;0.0;0.0;0.0;0.39549368577555755;0.5429551399516909;0.46610561475813705;0.0;0.0;0.4964521253727311;0.0;0.0;0.45966246936827665;0.0;0.0;0.0;0.0;0.5794742507683603;0.0;0.0;0.0;1.0;0.428046177862905;0.0;0.0;0.30009584686028645;0.0;0.0;0.0;0.32275708384970303;0.32275708384970303;0.3554760245969563;0.0;0.0;0.37725922971583037;0.428046177862905;0.0;0.428046177862905;0.0;0.0;0.0;0.467732004307231;0.0;0.4451529120146948;0.47347703072132435;0.0;0.6106055677907933;0.0;0.0;0.41663359245752385;0.3727887913901154;0.0;0.0;0.5211807767229997;0.0;0.0;0.0;0.428046177862905;0.3672979675673141;0.0;0.0;0.0;0.0;0.0;0.0;0.40803922852650065;0.4504412466018218;0.4123162564718716;0.0;0.0;0.5479631329878648;0.0;0.47636396769232614;0.33958674883462;0.24766211486611056;0.0;0.0;0.0;0.0;0.0;0.0;0.0;0.6045216136503797;0.44838167689507;0.0;0.0;0.0
GO:0046709;0.0;0.0;0.0;0.0;0.2968101836292127;0.37870969056604414;0.3950408534910607;0.0;0.0;0.5154168747518142;0.0;0.0;0.3231853230480097;0.0;0.0;0.0;0.0;0.4152288013827136;0.0;0.0;0.0;0.428046177862905;1.0;0.0;0.0;0.20858484291008988;0.0;0.0;0.0;0.22407358170335817;0.22407358170335817;0.3589763748526341;0.0;0.0;0.2857482257656338;0.3520239127059767;0.0;0.6051876258046066;0.0;0.0;0.0;0.32614779191100074;0.0;0.5459474757782847;0.3375214653575851;0.0;0.3520239127059767;0.0;0.0;0.34985971094880286;0.2979122864645612;0.0;0.0;0.3641078255335011;0.0;0.0;0.0;0.7603417023523814;0.3618019942939735;0.0;0.0;0.0;0.0;0.0;0.0;0.4323502780596051;0.4891694080468486;0.4510444179168984;0.0;0.0;0.5013942466001988;0.0;0.31929101650282765;0.24090324668827506;0.17001544586744105;0.0;0.0;0.0;0.0;0.0;0.0;0.0;0.42064610789922063;0.3402105570224598;0.0;0.0;0.0
GO:0090068;0.0;0.3845770411188432;0.41741676823711293;0.517044688217995;0.4438489258966619;0.0;0.0;0.0;0.3928746590914328;0.4044227843353187;0.0;0.39194147593255624;0.3693244677619207;0.381812701227854;0.4520184967726282;0.3907423803363198;0.0;0.0;0.0;0.4479508403014054;0.37427519148776384;0.0;0.0;1.0;0.0;0.0;0.0;0.0;0.49292235639768417;0.0;0.0;0.0;0.0;0.5635354656458038;0.0;0.0;0.39778671187160053;0.0;0.4138062384810933;0.4866788710593486;0.45075123168200093;0.0;0.5772502394277546;0.0;0.0;0.3855554911741309;0.0;0.2900881812060841;0.5229276209109183;0.0;0.0;0.6433302333493475;0.527262869369102;0.0;0.4902421336563344;0.5124897406274381;0.43647423317440376;0.0;0.0;0.3907423803363198;0.4821942475822762;0.3711123239708074;0.605796675359394;0.3383086483421439;0.5437190761187882;0.0;0.0;0.0;0.0;0.45806104027598743;0.0;0.5348995566065855;0.0;0.0;0.0;0.3916574241437303;0.32429737979327966;0.48009674814559844;0.3383086483421439;0.5837240031590234;0.5000868565722106;0.4479508403014054;0.0;0.3641375785997318;0.5268894111338712;0.5000868565722106;0.4792236724896458
GO:0060437;0.5201276993786625;0.0;0.0;0.0;0.0;0.0;0.0;0.6115829844884053;0.0;0.0;0.0;0.0;0.0;0.0;0.0;0.0;0.0;0.0;0.44637497268261;0.0;0.0;0.0;0.0;0.0;1.0;0.0;0.0;0.0;0.0;0.0;0.0;0.0;0.0;0.0;0.5235383555381539;0.0;0.0;0.0;0.0;0.0;0.0;0.0;0.0;0.0;0.0;0.0;0.0;0.0;0.0;0.0;0.0;0.0;0.0;0.0;0.0;0.0;0.0;0.0;0.0;0.0;0.0;0.0;0.0;0.0;0.0;0.0;0.0;0.0;0.0;0.0;0.0;0.0;0.0;0.0;0.0;0.0;0.0;0.0;0.0;0.0;0.0;0.0;0.0;0.0;0.0;0.0;0.0
GO:0043312;0.0;0.0;0.0;0.0;0.4583139373647899;0.43606633039368614;0.2799805186442958;0.0;0.0;0.3066549065450889;0.5922584284171509;0.0;0.3855773354389354;0.0;0.0;0.0;0.39267003563015196;0.0;0.0;0.0;0.0;0.30009584686028645;0.20858484291008988;0.0;0.0;1.0;0.5861429807393637;0.6298194291047222;0.0;0.3855773354389354;0.3855773354389354;0.26806290643954656;0.5961600991348883;0.0;0.4627407182944793;0.2610185749042658;0.0;0.19457357436122563;0.0;0.0;0.0;0.2857482257656338;0.0;0.37716168139637135;0.3855773354389354;0.0;0.22407358170335817;0.0;0.0;0.31035419979447554;0.24090324668827506;0.0;0.0;0.3297093804551369;0.0;0.0;0.0;0.22407358170335817;0.24138851853875337;0.0;0.0;0.0;0.0;0.0;0.0;0.24090324668827506;0.3782503907723278;0.3401254006423776;0.0;0.0;0.4928671133341394;0.0;0.3045226277899759;0.49472049944870616;0.24138851853875337;0.0;0.0;0.0;0.0;0.0;0.0;0.0;0.0;0.35772920928732993;0.0;0.0;0.0
GO:0006897;0.0;0.0;0.0;0.0;0.0;0.0;0.0;0.0;0.0;0.0;0.6090438645832869;0.0;0.0;0.0;0.0;0.0;0.45174676515121687;0.0;0.0;0.0;0.0;0.0;0.0;0.0;0.0;0.5861429807393637;1.0;0.6794085408995216;0.0;0.0;0.0;0.0;0.6457492109296878;0.0;0.0;0.0;0.0;0.0;0.0;0.0;0.0;0.0;0.0;0.0;0.0;0.0;0.0;0.0;0.0;0.0;0.0;0.0;0.0;0.0;0.0;0.0;0.0;0.0;0.0;0.0;0.0;0.0;0.0;0.0;0.0;0.0;0.0;0.0;0.0;0.0;0.0;0.0;0.0;0.4847033810531815;0.0;0.0;0.0;0.0;0.0;0.0;0.0;0.0;0.0;0.0;0.0;0.0;0.0
GO:0042147;0.0;0.0;0.0;0.0;0.0;0.0;0.0;0.0;0.0;0.0;0.7131408003543849;0.0;0.0;0.0;0.0;0.0;0.5253197388363211;0.0;0.0;0.0;0.0;0.0;0.0;0.0;0.0;0.6298194291047222;0.6794085408995216;1.0;0.0;0.0;0.0;0.0;0.6298194291047222;0.0;0.0;0.0;0.0;0.0;0.0;0.0;0.0;0.0;0.0;0.0;0.0;0.0;0.0;0.0;0.0;0.0;0.0;0.0;0.0;0.0;0.0;0.0;0.0;0.0;0.0;0.0;0.0;0.0;0.0;0.0;0.0;0.0;0.0;0.0;0.0;0.0;0.0;0.0;0.0;0.6010435123042941;0.0;0.0;0.0;0.0;0.0;0.0;0.0;0.0;0.0;0.0;0.0;0.0;0.0
GO:0045778;0.0;0.4173671151307715;0.3058312922074106;0.3951865186109465;0.37152356259798436;0.0;0.0;0.0;0.3009192394272429;0.34442329231295304;0.0;0.33194198391019053;0.31649747393570327;0.289857281563664;0.45102644510060536;0.27915690430661744;0.0;0.0;0.0;0.3355802884206223;0.3214481976615464;0.0;0.0;0.49292235639768417;0.0;0.0;0.0;0.0;1.0;0.0;0.0;0.0;0.0;0.5107084718195865;0.0;0.0;0.2885163553720154;0.0;0.40746159153200595;0.3750933950296462;0.355695616636613;0.0;0.48219462438236665;0.0;0.0;0.29360007150994094;0.0;0.22739123640324654;0.4083109642573118;0.0;0.0;0.515470942675296;0.4495221911591093;0.0;0.3951865186109465;0.39477288859263365;0.3445188135102138;0.0;0.0;0.27915690430661744;0.36757759092866965;0.29878696067212984;0.48703870113354336;0.2323419601290897;0.42186090651173963;0.0;0.0;0.0;0.0;0.4601001692278687;0.0;0.43984394156119755;0.0;0.0;0.0;0.2997020044795403;0.21955067411629325;0.3708263916460133;0.24635322867795395;0.46600715112421887;0.40503124152682274;0.3528952252560175;0.0;0.3041380865773661;0.5360335029780522;0.38237000453740616;0.37015678889539366
GO:0048208;0.0;0.0;0.0;0.0;0.4583139373647899;0.43606633039368614;0.297295455479691;0.0;0.0;0.34359989974599653;0.0;0.0;0.3855773354389354;0.0;0.0;0.0;0.0;0.0;0.0;0.0;0.0;0.32275708384970303;0.22407358170335817;0.0;0.0;0.3855773354389354;0.0;0.0;0.0;1.0;0.3855773354389354;0.28769296280505896;0.0;0.0;0.4627407182944793;0.28367981189368235;0.0;0.19457357436122563;0.0;0.0;0.0;0.3012369645589021;0.0;0.37716168139637135;0.3855773354389354;0.0;0.24138851853875337;0.0;0.0;0.31035419979447554;0.24090324668827506;0.0;0.0;0.34933943682064933;0.0;0.0;0.0;0.22407358170335817;0.24138851853875337;0.0;0.0;0.0;0.0;0.0;0.0;0.25821818352367026;0.4009116277617444;0.3627866376317942;0.0;0.0;0.4928671133341394;0.0;0.3271838647793925;0.5487390810203419;0.2610185749042658;0.0;0.0;0.0;0.0;0.0;0.0;0.0;0.0;0.35772920928732993;0.0;0.0;0.0
GO:0048133;0.0;0.0;0.0;0.0;0.4583139373647899;0.43606633039368614;0.297295455479691;0.0;0.0;0.34359989974599653;0.0;0.0;0.3855773354389354;0.0;0.0;0.0;0.0;0.0;0.0;0.0;0.0;0.32275708384970303;0.22407358170335817;0.0;0.0;0.3855773354389354;0.0;0.0;0.0;0.3855773354389354;1.0;0.28769296280505896;0.0;0.0;0.4627407182944793;0.28367981189368235;0.0;0.19457357436122563;0.0;0.0;0.0;0.3012369645589021;0.0;0.37716168139637135;0.3855773354389354;0.0;0.24138851853875337;0.0;0.0;0.31035419979447554;0.24090324668827506;0.0;0.0;0.34933943682064933;0.0;0.0;0.0;0.22407358170335817;0.24138851853875337;0.0;0.0;0.0;0.0;0.0;0.0;0.25821818352367026;0.4009116277617444;0.3627866376317942;0.0;0.0;0.4928671133341394;0.0;0.3271838647793925;0.4024070004238523;0.2610185749042658;0.0;0.0;0.0;0.0;0.0;0.0;0.0;0.0;0.35772920928732993;0.0;0.0;0.0
GO:0006646;0.0;0.0;0.0;0.0;0.3604295647309135;0.40917904095061536;0.45451891702051733;0.0;0.0;0.38166514064727125;0.0;0.0;0.33602880900644805;0.0;0.0;0.0;0.0;0.42303691477786826;0.0;0.0;0.0;0.3554760245969563;0.3589763748526341;0.0;0.0;0.26806290643954656;0.0;0.0;0.0;0.28769296280505896;0.28769296280505896;1.0;0.0;0.0;0.34522628929509047;0.40648714661330726;0.0;0.3589763748526341;0.0;0.0;0.0;0.3467471913189518;0.0;0.3925656853082294;0.43328970117496785;0.0;0.3641958532583783;0.0;0.0;0.31053594137841783;0.28641347344832485;0.0;0.0;0.38740467772192405;0.0;0.0;0.0;0.37298764340149837;0.6545826909611179;0.0;0.0;0.0;0.0;0.0;0.0;0.3004247419971891;0.5581350893025707;0.5200100991726206;0.0;0.0;0.5137769245085112;0.0;0.3599028055266457;0.3045226277899759;0.22124796226201882;0.0;0.0;0.0;0.0;0.0;0.0;0.0;0.4284542212943752;0.36805338951051925;0.0;0.0;0.0
GO:0006888;0.0;0.0;0.0;0.0;0.0;0.0;0.0;0.0;0.0;0.0;0.6794814703845511;0.0;0.0;0.0;0.0;0.0;0.49166040886648715;0.0;0.0;0.0;0.0;0.0;0.0;0.0;0.0;0.5961600991348883;0.6457492109296878;0.6298194291047222;0.0;0.0;0.0;0.0;1.0;0.0;0.0;0.0;0.0;0.0;0.0;0.0;0.0;0.0;0.0;0.0;0.0;0.0;0.0;0.0;0.0;0.0;0.0;0.0;0.0;0.0;0.0;0.0;0.0;0.0;0.0;0.0;0.0;0.0;0.0;0.0;0.0;0.0;0.0;0.0;0.0;0.0;0.0;0.0;0.0;0.5673841823344603;0.0;0.0;0.0;0.0;0.0;0.0;0.0;0.0;0.0;0.0;0.0;0.0;0.0
GO:0010628;0.0;0.40236315654074545;0.3817907016095516;0.4657996278590661;0.4451678524700082;0.0;0.0;0.0;0.3787048468715108;0.6839322106826025;0.0;0.40972759135445846;0.3871105831838229;0.369120359252336;0.45333742334597443;0.6013508858408716;0.0;0.0;0.0;0.5493489152073487;0.39206130690966606;0.0;0.0;0.5635354656458038;0.0;0.0;0.0;0.0;0.5107084718195865;0.0;0.0;0.0;0.0;1.0;0.0;0.0;0.3663019628162833;0.0;0.38252496233110905;0.45105280443178725;0.4293399065086368;0.0;0.5528077336304862;0.0;0.0;0.469539597990267;0.0;0.3078742966279863;0.48195525412933554;0.0;0.0;0.5819427343511716;0.8196012589588746;0.0;0.4657996278590661;0.4684171784646574;0.666712795044468;0.0;0.0;0.35511631370875846;0.44122188080069347;0.37243125054415366;0.557651810381663;0.5417446556505476;0.4924740157598593;0.0;0.0;0.0;0.0;0.4224349736484261;0.0;0.6166675751470165;0.0;0.0;0.0;0.45266542072855337;0.4377814939515483;0.4486119990902812;0.42229275515828;0.5396514409962427;0.4756443507749423;0.5297188588418364;0.0;0.381923694021634;0.4756443507749423;0.6086574296743021;0.5937953666587403
GO:0030099;0.5403680205230708;0.0;0.0;0.0;0.5354773202203338;0.5132297132492301;0.3571439014998397;0.5235383555381539;0.0;0.38381828940063284;0.0;0.0;0.4627407182944793;0.0;0.0;0.0;0.0;0.0;0.5235383555381539;0.0;0.0;0.37725922971583037;0.2857482257656338;0.0;0.5235383555381539;0.4627407182944793;0.0;0.0;0.0;0.4627407182944793;0.4627407182944793;0.34522628929509047;0.0;0.0;1.0;0.3381819577598097;0.0;0.27173695721676955;0.0;0.0;0.0;0.3629116086211777;0.0;0.45432506425191527;0.4627407182944793;0.0;0.3012369645589021;0.0;0.0;0.38751758265001945;0.318066629543819;0.0;0.0;0.40687276331068084;0.0;0.0;0.0;0.3012369645589021;0.3185519013942973;0.0;0.0;0.0;0.0;0.0;0.0;0.318066629543819;0.4554137736278717;0.41728878349792153;0.0;0.0;0.5700304961896834;0.0;0.3816860106455198;0.4795703832793962;0.3185519013942973;0.0;0.0;0.0;0.0;0.0;0.0;0.0;0.0;0.43489259214287385;0.0;0.0;0.0
GO:0030210;0.0;0.0;0.0;0.0;0.35641641381953687;0.43646469732051807;0.3554738545547202;0.0;0.0;0.3994631792909085;0.0;0.0;0.35917314780410675;0.0;0.0;0.0;0.0;0.44618125357552696;0.0;0.0;0.0;0.428046177862905;0.3520239127059767;0.0;0.0;0.2610185749042658;0.0;0.0;0.0;0.28367981189368235;0.28367981189368235;0.40648714661330726;0.0;0.0;0.3381819577598097;1.0;0.0;0.3520239127059767;0.0;0.0;0.0;0.3612415616760582;0.0;0.4312578453133505;0.510240165183627;0.0;0.4350563985122754;0.0;0.0;0.3644503637114547;0.31639658259869946;0.0;0.0;0.4052027163655613;0.0;0.0;0.0;0.3520239127059767;0.420968099280221;0.0;0.0;0.0;0.0;0.0;0.0;0.31639658259869946;0.4113639746458011;0.3732389845158509;0.0;0.0;0.5847262674501676;0.0;0.5245702885664387;0.30050947687859925;0.20858484291008988;0.0;0.0;0.0;0.0;0.0;0.0;0.0;0.4485673794681298;0.38250185037738876;0.0;0.0;0.0
GO:2000369;0.0;0.28119718745471345;0.3098955970007391;0.30005087408486286;0.33864287419040523;0.0;0.0;0.0;0.2894948054273031;0.302520400915593;0.0;0.2900390925128305;0.2618032965255468;0.27991031780812825;0.4709667195483755;0.2832212090999459;0.0;0.0;0.0;0.2532359299073351;0.26675402025138994;0.0;0.0;0.39778671187160053;0.0;0.0;0.0;0.0;0.2885163553720154;0.0;0.0;0.0;0.0;0.3663019628162833;0.0;0.0;1.0;0.0;0.22361497890962173;0.508658274459;0.2504175334712824;0.0;0.4438991883478307;0.0;0.0;0.28365310775440516;0.0;0.19043022385423447;0.41237526905064026;0.0;0.0;0.4131627999530642;0.3498628958104269;0.0;0.28273593724946766;0.3049835442205714;0.334571849754678;0.0;0.0;0.2832212090999459;0.6013370219485166;0.37043049038104225;0.49110300592687184;0.23640626492241817;0.326725261985656;0.0;0.0;0.0;0.0;0.35053986903961354;0.0;0.334565858395867;0.0;0.0;0.0;0.28975504072400454;0.22361497890962173;0.37489069643934175;0.23640626492241817;0.3762178067521566;0.2925806601653439;0.2532359299073351;0.0;0.26223519518000604;0.3098955970007391;0.2925806601653439;0.2927543092304544
GO:0035863;0.0;0.0;0.0;0.0;0.26731017628708015;0.37870969056604414;0.3950408534910607;0.0;0.0;0.5154168747518142;0.0;0.0;0.3058703862126145;0.0;0.0;0.0;0.0;0.4152288013827136;0.0;0.0;0.0;0.428046177862905;0.6051876258046066;0.0;0.0;0.19457357436122563;0.0;0.0;0.0;0.19457357436122563;0.19457357436122563;0.3589763748526341;0.0;0.0;0.27173695721676955;0.3520239127059767;0.0;1.0;0.0;0.0;0.0;0.32614779191100074;0.0;0.5459474757782847;0.3202065285221899;0.0;0.3520239127059767;0.0;0.0;0.34985971094880286;0.2979122864645612;0.0;0.0;0.3641078255335011;0.0;0.0;0.0;0.6051876258046066;0.3618019942939735;0.0;0.0;0.0;0.0;0.0;0.0;0.4323502780596051;0.4891694080468486;0.4510444179168984;0.0;0.0;0.4840793097648036;0.0;0.31929101650282765;0.21140323934614252;0.1489786127197657;0.0;0.0;0.0;0.0;0.0;0.0;0.0;0.42064610789922063;0.3228956201870646;0.0;0.0;0.0
GO:0051138;0.0;0.33893313340274744;0.23640626492241817;0.45543689153061423;0.26967719293468306;0.0;0.0;0.0;0.22425102048386109;0.24039349001258686;0.0;0.22791218160982446;0.18831396444722587;0.2177834069051222;0.38442636503174343;0.209731877021625;0.0;0.0;0.0;0.27377910733942656;0.19326468817306902;0.0;0.0;0.4138062384810933;0.0;0.0;0.0;0.0;0.40746159153200595;0.0;0.0;0.0;0.0;0.38252496233110905;0.0;0.0;0.22361497890962173;0.0;1.0;0.3056683677446538;0.2697407283673061;0.0;0.38758976767250747;0.0;0.0;0.22152619685139907;0.0;0.13323138507950044;0.3332671491556712;0.0;0.0;0.42686720703243974;0.35863923076153026;0.0;0.30058166190108726;0.32282926887219104;0.272444938851672;0.0;0.0;0.209731877021625;0.2925337758270291;0.2917037360368007;0.5483469822577562;0.17427935401941208;0.3427447885951488;0.0;0.0;0.0;0.0;0.4957806132884507;0.0;0.3538890532918907;0.0;0.0;0.0;0.22762812982099845;0.16413691538016506;0.3059250151836196;0.17427935401941208;0.39406353140377626;0.31042638481696355;0.27377910733942656;0.0;0.20010828427699995;0.4652816144464905;0.31042638481696355;0.31519437816691404
GO:0031345;0.0;0.44143728378513863;0.5079162148120637;0.3889430332726108;0.42521991384803604;0.0;0.0;0.0;0.47085530731621406;0.4767717657948824;0.0;0.3733124638839304;0.3506954557132948;0.4556520318803911;0.883072158533539;0.48124182691127054;0.0;0.0;0.0;0.3365093012784349;0.4632842888697412;0.0;0.0;0.4866788710593486;0.0;0.0;0.0;0.0;0.3750933950296462;0.0;0.0;0.0;0.0;0.45105280443178725;0.0;0.0;0.508658274459;0.0;0.3056683677446538;1.0;0.3351683750867863;0.0;0.4563210826785186;0.0;0.0;0.45939482182666797;0.0;0.2714591691574582;0.623569506125116;0.0;0.0;0.5050861397647164;0.43313626718152676;0.0;0.3693129769070984;0.3915605838782022;0.5103135638269409;0.0;0.0;0.48124182691127054;0.5775770713764072;0.5697454699208135;0.5871676633107681;0.412147978994681;0.41561742117340406;0.0;0.0;0.0;0.0;0.5485604868509382;0.0;0.4193167000113709;0.0;0.0;0.0;0.46549675479626734;0.3948330421592858;0.563423696524401;0.412147978994681;0.4627948464097874;0.3791576998229747;0.3365093012784349;0.0;0.3455085665511059;0.3987877561884871;0.3791576998229747;0.37378325453367817
GO:0051897;0.0;0.25452279955392026;0.42778295308980985;0.35301539389526315;0.31196848628961205;0.0;0.0;0.0;0.41752460015562076;0.2758460130147998;0.0;0.26336470461203737;0.2351289086247536;0.5047725164208241;0.32013805716557836;0.23923188436375753;0.0;0.0;0.0;0.30058166190108726;0.24007963235059676;0.0;0.0;0.45075123168200093;0.0;0.0;0.0;0.0;0.355695616636613;0.0;0.0;0.0;0.0;0.4293399065086368;0.0;0.0;0.2504175334712824;0.0;0.2697407283673061;0.3351683750867863;1.0;0.0;0.42039344330117095;0.0;0.0;0.5085153063671008;0.0;0.1637558359534413;0.36607082478433467;0.0;0.0;0.4691585003873687;0.3972086278041791;0.0;0.5336888367152226;0.35563294450085453;0.29510617584108845;0.0;0.0;0.40110856518901666;0.3253374514556926;0.23923188436375753;0.44176738103666213;0.19694059100882855;0.3796897817960564;0.0;0.0;0.0;0.0;0.3065505443034252;0.0;0.6999978698912255;0.0;0.0;0.0;0.2502893668104149;0.1851737485278404;0.3327275697452803;0.4612684635351139;0.42686720703243974;0.5435335596310988;0.5903879165966288;0.0;0.23556080727921286;0.36286011681113944;0.4142769854342226;0.3378556151563305
GO:0016567;0.0;0.0;0.0;0.0;0.3739735664847566;0.5336567691811884;0.5390747111673753;0.0;0.0;0.4749320060819301;0.0;0.0;0.4286547323512103;0.0;0.0;0.0;0.0;0.535292894488143;0.0;0.0;0.0;0.467732004307231;0.32614779191100074;0.0;0.0;0.2857482257656338;0.0;0.0;0.0;0.3012369645589021;0.3012369645589021;0.3467471913189518;0.0;0.0;0.3629116086211777;0.3612415616760582;0.0;0.32614779191100074;0.0;0.0;0.0;1.0;0.0;0.4308052909200422;0.42929567444110694;0.0;0.39585105672254683;0.0;0.0;0.3951134731667229;0.43322093090697195;0.0;0.0;0.5982911907044818;0.0;0.0;0.0;0.32614779191100074;0.35295034647266144;0.0;0.0;0.0;0.0;0.0;0.0;0.39369160743184795;0.4360936255071691;0.39796863537721894;0.0;0.0;0.5169553959707985;0.0;0.5534743816738084;0.318066629543819;0.24717882872298497;0.0;0.0;0.0;0.0;0.0;0.0;0.0;0.5603402573701624;0.4000590030426085;0.0;0.0;0.0
GO:0030335;0.0;0.37384930910352565;0.387058979856283;0.4795144016410169;0.43312119388134435;0.0;0.0;0.0;0.366658188282847;0.3936950523200012;0.0;0.38121374391723867;0.3585967357466031;0.35707370066367217;0.44129076475731066;0.36038459195548983;0.0;0.0;0.0;0.4199081714506927;0.36354745947244627;0.0;0.0;0.5772502394277546;0.0;0.0;0.0;0.0;0.48219462438236665;0.0;0.0;0.0;0.0;0.5528077336304862;0.0;0.0;0.4438991883478307;0.0;0.38758976767250747;0.4563210826785186;0.42039344330117095;0.0;1.0;0.0;0.0;0.3608164906099491;0.0;0.2793604491907665;0.4895386519061842;0.0;0.0;0.5997988257053664;0.5165351373537845;0.0;0.4568531646516003;0.47910077162270404;0.41173523261022194;0.0;0.0;0.36038459195548983;0.5229604239044849;0.36038459195548983;0.5682663887824158;0.3135696477779621;0.50618878954181;0.0;0.0;0.0;0.0;0.42770325189515745;0.0;0.5045417682257556;0.0;0.0;0.0;0.36691842357954846;0.30077836176516565;0.45205407929488567;0.3135696477779621;0.5503350341542892;0.46669788756747654;0.4199081714506927;0.0;0.3534098465844142;0.4893591245568931;0.46669788756747654;0.45448467192546405
