;GO:0016525;GO:0014068;GO:0035684;GO:0036499;GO:0034351;GO:0060129;GO:0042531;GO:0008343;GO:0021954;GO:0022009;GO:0045766;GO:0060128;GO:0007259;GO:0001300;GO:0001542;GO:0031638;GO:0000187;GO:0001666;GO:0032967;GO:0048247;GO:0060804;GO:0001701;GO:0071773;GO:0048246;GO:0048245;GO:0001947;GO:0010536;GO:2000353;GO:0032720;GO:0071657;GO:0050729;GO:0007268;GO:0009725;GO:0003222;GO:0045019;GO:0010828;GO:2000404;GO:0051770;GO:2001214;GO:0070278;GO:0071407;GO:0051897;GO:0043406;GO:1905563;GO:0008285;GO:0043123;GO:0006024;GO:0002062;GO:0045786;GO:0045666;GO:1900035;GO:0003273;GO:1900038;GO:1901522;GO:0045669;GO:0060389;GO:0045944;GO:0006029;GO:0040018;GO:0006027;GO:0043524;GO:0002576;GO:0000165;GO:0043491;GO:0001523;GO:0001766;GO:0003308;GO:0006816;GO:0001649;GO:2000134;GO:0071559;GO:1900041;GO:0006032;GO:0022617;GO:0044344;GO:1900168;GO:0097084;GO:0090280;GO:0001541;GO:0030513;GO:2000427;GO:0071260;GO:0010922;GO:0001658;GO:0030593;GO:0031960;GO:0050900;GO:0001938;GO:0010760;GO:0032092;GO:1905065;GO:0030195;GO:0003130;GO:0045600;GO:0048711;GO:0043547;GO:0030502;GO:0050870;GO:0071971;GO:0051042;GO:0030509;GO:0060290;GO:0055007;GO:0031953;GO:0030501;GO:0060396;GO:0033690;GO:0060397;GO:2001264;GO:0007186;GO:0007187;GO:0060395;GO:0060317;GO:0006898;GO:1900745;GO:0072011;GO:0010629;GO:0007218;GO:0007219;GO:0010628;GO:2000726;GO:0072254;GO:0032355;GO:0031663;GO:0010469;GO:0017015;GO:0010466;GO:0010862;GO:0030336;GO:0030335;GO:0008360;GO:0061036;GO:2000065;GO:0051591;GO:1902895;GO:0003198;GO:1905007;GO:0043569;GO:0043568;GO:0001960;GO:0000122;GO:0010718;GO:0001569;GO:0042482;GO:0071356;GO:0032100;GO:0032348;GO:0050776;GO:0071636;GO:0043615;GO:0044267;GO:1901215;GO:0042487;GO:0048468;GO:0006357;GO:0006874;GO:0090090;GO:0009617;GO:0071222;GO:0002548;GO:0070098;GO:0070374;GO:0043065;GO:0006508;GO:0071347;GO:0002828;GO:0071346;GO:2000502;GO:0032733
GO:0016525;1.0;0.2553664577566627;0.0;0.28414470316394785;0.36074376995979257;0.0;0.14189580488100745;0.0;0.0;0.0;0.6637408451857729;0.0;0.33528422715293166;0.0;0.0;0.0;0.12337672969020379;0.0;0.3121482146142369;0.0;0.1560442372425151;0.0;0.0;0.0;0.0;0.0;0.12376570781610949;0.27532540365222996;0.529401222328439;0.3881709673034637;0.3045954345051813;0.0;0.0;0.0;0.2662961540696337;0.3262432939789917;0.3030394879918868;0.2877578934564802;0.5311848628861124;0.0;0.0;0.2551934907093432;0.12641291082161016;0.3640844242761485;0.4373546016077704;0.2551629345169007;0.0;0.0;0.43782019846008746;0.39499609741577296;0.3825542246165492;0.0;0.38257922545734385;0.1628137921400515;0.3934163243834397;0.0;0.16534270828927214;0.0;0.42673321201027925;0.0;0.34073506560722233;0.0;0.1970947558655898;0.34624493413113994;0.0;0.0;0.5216129503489532;0.0;0.0;0.3097851347786319;0.0;0.3142358363844843;0.0;0.0;0.0;0.23749157645251814;0.0;0.29798945265980564;0.0;0.16933340501955982;0.2606386284943909;0.0;0.21954608263416603;0.0;0.0;0.0;0.0;0.3094682863580692;0.24288504143062906;0.25306667329410887;0.44622038187866947;0.3913291641145382;0.19270029564599944;0.374810010193047;0.3629303397423814;0.2332283635944561;0.6656810079143114;0.23664855096772233;0.0;0.38674087094922527;0.20003499129728577;0.0;0.0;0.23223843605481714;0.4763238617816909;0.3235431387337779;0.32983490215724043;0.3251009000339828;0.23707354166027558;0.35811445931487096;0.34604664804121305;0.35926794663650596;0.0;0.0;0.13774063880647414;0.0;0.4058731320186036;0.34622681304395697;0.3456313371286847;0.3261333140883689;0.4709799581385815;0.0;0.0;0.34585115033007857;0.32686712448603683;0.30922024654766866;0.2407831284897378;0.1549666862548519;0.3506924998753828;0.28160702276994914;0.4706164461227471;0.5354050923640915;0.20149009618689157;0.0;0.16034947211544026;0.0;0.45842167353139;0.33640415477731517;0.27000670318312503;0.31941337632249306;0.2026230140978781;0.46260753214289074;0.0;0.5655844734821923;0.0;0.27442438953009285;0.20776754206347695;0.3905763539086952;0.41205528702047606;0.0;0.0;0.4089451461789332;0.6293400866069628;0.0;0.23246293097306292;0.17529473065025047;0.3189873882071606;0.0;0.0;0.0;0.33411274500826665;0.1498089962718688;0.3072912785395091;0.0;0.0;0.3767140948049345;0.0;0.2343719810473837;0.4119071895204776
GO:0014068;0.2553664577566627;1.0;0.0;0.33132610569601634;0.338072132677086;0.0;0.5309403633867277;0.0;0.0;0.0;0.32581273568902114;0.0;0.38325104425224904;0.0;0.0;0.0;0.4652346560615833;0.0;0.3421740490152267;0.0;0.5195079609926202;0.0;0.0;0.0;0.0;0.0;0.46662525117622805;0.44215236550212783;0.2783633024462454;0.3477474898352374;0.45532820398635554;0.0;0.0;0.0;0.25723772341803075;0.3556752681384689;0.35075251842803856;0.31845833118950045;0.41838353285173113;0.0;0.0;0.911846813896294;0.47607694581692284;0.34084302310787434;0.40018012627196836;0.9117487118857633;0.0;0.0;0.4005486082552574;0.389683380375572;0.4190935093940145;0.0;0.4191176096511294;0.27361319221092484;0.4395151389798462;0.0;0.27757328066941783;0.0;0.3271518061551036;0.0;0.3213527710029346;0.0;0.23796660125424254;0.3941148285420069;0.0;0.0;0.4574949392211003;0.0;0.0;0.2950675990067509;0.0;0.22832941739464382;0.0;0.0;0.0;0.3226840471327485;0.0;0.3284619833380898;0.0;0.5606658057594855;0.42100609790683136;0.0;0.3605089361981599;0.0;0.0;0.0;0.0;0.49037735179104663;0.278282145725234;0.21721763233498728;0.3931210493741493;0.26200261453245643;0.23307784830942152;0.4880635081687836;0.3608535165959842;0.202437624868735;0.25638692959812487;0.38592950565860784;0.0;0.35948218502642215;0.24122780120675005;0.0;0.0;0.22685513337120525;0.3191306876172769;0.3715114893222681;0.518538442998758;0.37307518469592593;0.2053282511357487;0.4057767743171799;0.39391910773753885;0.40690445234769873;0.0;0.0;0.5162861745160437;0.0;0.2856827949874877;0.39409694312952626;0.39350907325835177;0.3555704918334423;0.24629713744274573;0.0;0.0;0.39372611006816016;0.634299022367649;0.6041773639581753;0.2345416549829851;0.5161508204959249;0.3296997590526061;0.4511221064574279;0.3788276330126846;0.35374653480668494;0.19883329841314565;0.0;0.26974629256087984;0.0;0.40111000555846127;0.5376089103495555;0.8584116637694351;0.5132328574158475;0.1998759292187506;0.4490268887280941;0.0;0.33498810663840134;0.0;0.41511176560050783;0.20460059864339158;0.41039491426832647;0.36636340366135267;0.0;0.0;0.377494278491845;0.29481181343228285;0.0;0.27668511442653015;0.1573111607550513;0.5126182991342256;0.0;0.0;0.0;0.3820844891499142;0.5587083191841935;0.4873407437711611;0.0;0.0;0.3979109363593073;0.0;0.2692808572027953;0.3662488378222692
GO:0035684;0.0;0.0;1.0;0.21717065751173256;0.0;0.2600181097316577;0.0;0.0;0.288894963339304;0.30263471125149594;0.0;0.3156946086208757;0.2606622666030289;0.3038922853233543;0.0;0.0;0.0;0.0;0.0;0.7130412995572959;0.11441949403617471;0.0;0.23055988954426138;0.6295995973378679;0.592587016910301;0.0;0.0;0.0;0.0;0.0;0.0;0.28151877330389463;0.0;0.0;0.0;0.0;0.0;0.0;0.0;0.28702281338245467;0.264398739345881;0.0;0.0;0.0;0.0;0.0;0.0;0.31535080622368833;0.0;0.0;0.0;0.6391782143549608;0.0;0.0;0.0;0.1763979639279013;0.0;0.21223120127437164;0.0;0.0;0.0;0.25447878207784436;0.14642580842772004;0.27017913717404346;0.23677869356318246;0.24737111372150028;0.0;0.0;0.31517958286423015;0.0;0.0;0.0;0.16308115658420516;0.28903218645465434;0.23056832582961226;0.0;0.2891252148874098;0.0;0.0;0.0;0.0;0.2577279988108479;0.0;0.0;0.5919805405733957;0.0;0.8059411821971972;0.0;0.0;0.0;0.0;0.0;0.1429592373487516;0.0;0.0;0.0;0.0;0.0;0.2653582803297189;0.0;0.14875068466658511;0.3156005790665234;0.27947739489732126;0.0;0.0;0.25054531520011886;0.0;0.25188301258678786;0.0;0.280564824959033;0.27000634577358024;0.2815785670574224;0.2904298396144512;0.0;0.0;0.0;0.0;0.27016334505067974;0.26964450849828736;0.0;0.0;0.2360627429342247;0.0;0.26983600687008724;0.0;0.0;0.0;0.0;0.0;0.0;0.0;0.0;0.0;0.0;0.0;0.27958794273063087;0.0;0.0;0.0;0.0;0.0;0.0;0.0;0.0;0.24653002017667602;0.0;0.0;0.0;0.0;0.6390479200749507;0.22447304389502473;0.0;0.0;0.3136203813982347;0.0;0.195717866809472;0.0;0.0;0.1918010152545765;0.6291347289140986;0.25964924917923254;0.0;0.0;0.0;0.2466441173531228;0.0;0.24660714734192385;0.0;0.0
GO:0036499;0.28414470316394785;0.33132610569601634;0.21717065751173256;1.0;0.37653174085954816;0.23019102703709882;0.18505855983163677;0.0;0.2525381539926881;0.2629748059402285;0.29131248285635764;0.2727805699226122;0.6285533484368607;0.26392385343615843;0.0;0.0;0.16104262487613766;0.3162967841012217;0.3077266985529534;0.2097749847626471;0.2949306141524668;0.0;0.3448584103333552;0.20406011294838006;0.19321900997219132;0.0;0.16154747865956842;0.35689783056429253;0.3129087284615262;0.3133619934500586;0.300383853597783;0.24688352804368208;0.2381756502856593;0.0;0.27891476726510445;0.3214165419057809;0.3923287178425699;0.2839961867747983;0.33576573390035874;0.25110639795022255;0.38958017677394224;0.3311042945366898;0.1649827997390562;0.37997214069903734;0.4552190358949113;0.33106510922750226;0.0;0.2725238463593604;0.45569590705327984;0.3105717391478011;0.39897824195686804;0.2559332390089553;0.39900395133724603;0.21213657824684312;0.3545410827749882;0.16214467618629447;0.21540671552448926;0.1919321495405134;0.292648723289536;0.0;0.35590799239963355;0.22583902331780545;0.3718203658977495;0.6487789042664553;0.21178880029986064;0.2202235125322052;0.2944102890046204;0.0;0.2723959623724063;0.3239470871767695;0.2296867013078081;0.2452478852103196;0.15082391401803963;0.2526430056687876;0.34486972840857916;0.25309117432587025;0.25271408122199;0.29395736090550484;0.0;0.22056554219560306;0.3380854086323344;0.3808698326725118;0.2853158055110342;0.0;0.19304028517846264;0.20561199661130736;0.2539805295846522;0.4005348370319027;0.2546132253023009;0.24879671468111308;0.3135710728791294;0.23217179211085595;0.3636030799547539;0.39841741774092737;0.2856120477189893;0.2295968196702199;0.28540870607156726;0.3073021854046573;0.23436647200028254;0.4032828853417717;0.3773165295585542;0.2727103638794803;0.2453121501370317;0.24354784092554876;0.28466347807983544;0.6068654638573476;0.4265004701246014;0.609744255742638;0.23332222891550208;0.670658838857123;0.648413189648844;0.6727838896658231;0.25371023372124174;0.0;0.17967359142259723;0.0;0.32218795734846595;0.648745482394175;0.6476471778004618;0.3213097917023827;0.26609852980390375;0.211215816382499;0.20517164724926643;0.6480526114240356;0.42271980150664407;0.40021831236140576;0.25242932085892034;0.20198468659231147;0.3661752836135734;0.3649363461207331;0.42779047919290825;0.31945275655596334;0.211541328499857;0.19893734143725833;0.20894924306424928;0.24539731765297576;0.32056059301991696;0.3514399742069556;0.3500879611800668;0.3338976044563094;0.21272188927273825;0.3630554975564172;0.0;0.30049398831785135;0.366132075583753;0.27100113656330993;0.2180815226571102;0.3836784283458446;0.3323483182168086;0.2558877206044428;0.20188928369105733;0.42609095619872744;0.3338466941951991;0.27123055126776624;0.30192445321608097;0.262355917567492;0.33345750620373527;0.22121436582849602;0.29194278981084726;0.20392475532403587;0.6263904488173561;0.19530815644860816;0.39775650474746704;0.0;0.3662829785089732;0.3702930949885179;0.3662340842939524;0.2457660019881658;0.3322306950500651
GO:0034351;0.36074376995979257;0.338072132677086;0.0;0.37653174085954816;1.0;0.0;0.18714434187284162;0.0;0.0;0.0;0.29817980419186857;0.0;0.4450576584013802;0.0;0.0;0.0;0.16261986377038165;0.0;0.3153999032275934;0.0;0.20590117685646872;0.0;0.0;0.0;0.0;0.0;0.16313467078306104;0.5403103576381939;0.39818824221018834;0.3213224399298164;0.3076908900177856;0.0;0.0;0.0;0.3868905470938734;0.32979694487085365;0.4018231298894798;0.29051903312176625;0.34269565052824;0.0;0.0;0.3378412002570794;0.1666385590864008;0.5303531012261867;0.6383409285867143;0.3378004042341394;0.0;0.0;0.6390285019112873;0.31649153982355344;0.557534349528139;0.0;0.5575711605368098;0.21488193322028115;0.3622766097727346;0.0;0.2182379283283384;0.0;0.2995799389386493;0.0;0.8408622524238049;0.0;0.2604224659184998;0.4597752546137476;0.0;0.0;0.4087728197955623;0.0;0.0;0.450599102754664;0.0;0.3394901481212822;0.0;0.0;0.0;0.25700866353397983;0.0;0.30095144454213707;0.0;0.22353492436217268;0.3451124101741058;0.0;0.2903042164042312;0.0;0.0;0.0;0.0;0.4104355929883824;0.35265623293376475;0.2562219446321128;0.3196068772090506;0.2935263320819186;0.2545788475499005;0.40821249012414096;0.29061091362864255;0.23590571427670712;0.3623855653976049;0.3130968376061793;0.0;0.563699419017233;0.2643332542503399;0.0;0.0;0.3371017897183201;0.2912173669280623;0.4293041460596007;0.43774453364332644;0.4313935493238946;0.23984042537235029;0.4757253370833495;0.4595089082953957;0.4772760500433963;0.0;0.0;0.1816391077384059;0.0;0.4103050501293828;0.45975091345139;0.45895105643138545;0.3296845564010469;0.36882323533236816;0.0;0.0;0.45924631090101387;0.4337628241960594;0.41010323316261826;0.34958468412350585;0.20447202796533895;0.5106616237456122;0.3731373860968939;0.4391035661036411;0.32772974892315576;0.29222893481381085;0.0;0.21161220252014998;0.0;0.32687118075821814;0.48966766646345317;0.35762832196314226;0.4647239660496747;0.2938809581849376;0.37117128057367704;0.0;0.3078064491395926;0.0;0.2769344619339882;0.30138398032279373;0.39568066713916744;0.341316423987207;0.0;0.0;0.735085177362864;0.3428969477965744;0.0;0.3075162240748717;0.17680287747347667;0.46409887682101797;0.0;0.0;0.0;0.44348527667556026;0.19763283292631792;0.6036847657330486;0.0;0.0;0.3814603137724336;0.0;0.34021813877797674;0.34119236845881645
GO:0060129;0.0;0.0;0.2600181097316577;0.23019102703709882;0.0;1.0;0.0;0.0;0.5185040436140513;0.6455701294961934;0.0;0.6759249707172267;0.2796478255329262;0.5477346091479627;0.0;0.0;0.0;0.0;0.0;0.24948699486057715;0.11793407123579036;0.26055272825886266;0.24528968853315145;0.2414450535925063;0.22641407590968843;0.25293239117987226;0.0;0.0;0.0;0.0;0.0;0.30379390004811185;0.0;0.2544169302665295;0.0;0.0;0.0;0.0;0.0;0.31021334282814556;0.2839529136701379;0.0;0.0;0.0;0.0;0.0;0.0;0.6751229947241036;0.0;0.0;0.0;0.3176134478460751;0.0;0.0;0.0;0.1848926429136908;0.0;0.22464908713014176;0.0;0.0;0.0;0.2725430542998177;0.15223152738030385;0.2906307289139064;0.25234062766994286;0.26440662155211747;0.0;0.0;0.6747236462679741;0.0;0.0;0.0;0.17031537141944755;0.3125618636448405;0.24529923721336297;0.0;0.5189509493155643;0.0;0.2866064082682189;0.0;0.0;0.27627331826114687;0.0;0.24127155943761855;0.22616870507743325;0.0;0.31461163119969876;0.0;0.0;0.0;0.0;0.0;0.14848812439234302;0.0;0.0;0.0;0.0;0.0;0.28505992995163787;0.0;0.15474600212307732;0.6757056156721144;0.5922936527531215;0.0;0.0;0.26803627464451335;0.0;0.2695678358544598;0.0;0.3026833150393145;0.29043079772810637;0.30386353166685737;0.617404550530021;0.0;0.0;0.2537167276729756;0.0;0.29061245556915594;0.29001219054667193;0.0;0.0;0.5649271976763203;0.0;0.2902337231908343;0.0;0.0;0.0;0.0;0.0;0.0;0.0;0.0;0.0;0.0;0.0;0.5925463361420662;0.0;0.0;0.0;0.0;0.0;0.0;0.24131179110928772;0.0;0.2634459182015822;0.0;0.0;0.0;0.0;0.3175433486891234;0.23841185782805469;0.0;0.0;0.5668281423925897;0.0;0.20623064360832183;0.0;0.0;0.20188638210574153;0.2412555792847289;0.2784821959570318;0.0;0.0;0.0;0.2635762144809467;0.0;0.2635339946954515;0.0;0.0
GO:0042531;0.14189580488100745;0.5309403633867277;0.0;0.18505855983163677;0.18714434187284162;0.0;1.0;0.0;0.0;0.0;0.1792386788175939;0.0;0.2002091703012004;0.0;0.0;0.0;0.7778246052392701;0.0;0.25548985774543187;0.0;0.4836616666543352;0.0;0.0;0.0;0.0;0.0;0.8787278304428677;0.25001291440184653;0.14872296371460914;0.18568188426505586;0.24739200174749118;0.0;0.0;0.0;0.2520646425957981;0.18791840369048587;0.1909660288494422;0.31329220353195303;0.24223157231880957;0.0;0.0;0.5307522860995794;0.7910091393526932;0.1879903368766102;0.20473364037369493;0.5307190479059732;0.0;0.0;0.20483004289194237;0.2323249777499922;0.22661257632246617;0.0;0.22661962254496176;0.4081820028712208;0.2491675274732733;0.0;0.412167102761964;0.0;0.17964318814545427;0.0;0.1819053181206556;0.0;0.1517959553440213;0.2031342802631897;0.0;0.0;0.27812036067123874;0.0;0.0;0.17317293723128582;0.0;0.14781621671507356;0.0;0.0;0.0;0.20673389333532116;0.0;0.18003752683687838;0.0;0.5093217256419484;0.24310835899380936;0.0;0.44268695174783046;0.0;0.0;0.0;0.0;0.26473407474427785;0.17792990672650702;0.1084907635576427;0.23354253043000833;0.15728901141563512;0.2945957038551734;0.264058245716781;0.22176208280241763;0.10467379077753668;0.14221032031501346;0.23098548458923374;0.0;0.193524685278377;0.30113415408486494;0.0;0.0;0.45709025383873375;0.17719758715246492;0.19695789756889415;0.27273023039851374;0.19739652566176852;0.10544133045113024;0.20618856022247584;0.20308227319104846;0.20647932824095536;0.0;0.0;0.8385072377553722;0.0;0.22795896246603528;0.2031295287777856;0.20297323732586225;0.33258473445650966;0.1551432241917042;0.0;0.0;0.20303096518986055;0.3348633726813958;0.3262757523805828;0.34615029755504917;0.8643477577417473;0.18455009340844086;0.252855732590401;0.19899533661824576;0.18737862506083797;0.21340781559298783;0.0;0.4042546394754038;0.0;0.2363389447599661;0.3058256155327977;0.4890518700908537;0.2977801338005808;0.26617960032868143;0.2521961427666613;0.0;0.18198077978728555;0.0;0.2350209602886816;0.21756757107225172;0.20089822467808607;0.19086025703080953;0.0;0.0;0.1986268053257842;0.15329246242136296;0.0;0.32779785644669573;0.09115334259082983;0.29757314636902105;0.0;0.0;0.0;0.19989035562197163;0.8863549627678807;0.2638465369586291;0.0;0.0;0.19785945314751682;0.0;0.1742066117604833;0.19082915941874912
GO:0008343;0.0;0.0;0.0;0.0;0.0;0.0;0.0;1.0;0.0;0.0;0.0;0.0;0.0;0.0;0.0;0.0;0.0;0.0;0.0;0.0;0.0;0.34266776786703007;0.0;0.0;0.0;0.0;0.0;0.0;0.0;0.0;0.0;0.0;0.0;0.0;0.0;0.0;0.0;0.0;0.0;0.0;0.0;0.0;0.0;0.0;0.0;0.0;0.0;0.0;0.0;0.0;0.0;0.0;0.0;0.0;0.0;0.0;0.0;0.0;0.0;0.0;0.0;0.0;0.0;0.0;0.0;0.0;0.0;0.0;0.0;0.0;0.0;0.0;0.0;0.0;0.0;0.0;0.0;0.0;0.0;0.0;0.0;0.0;0.0;0.3094370111126567;0.0;0.0;0.0;0.0;0.0;0.0;0.0;0.0;0.0;0.0;0.0;0.0;0.0;0.0;0.0;0.0;0.0;0.0;0.0;0.0;0.0;0.0;0.0;0.0;0.0;0.0;0.0;0.0;0.0;0.0;0.0;0.0;0.0;0.0;0.0;0.0;0.0;0.0;0.0;0.0;0.0;0.0;0.0;0.0;0.0;0.0;0.0;0.0;0.0;0.0;0.0;0.0;0.0;0.0;0.0;0.0;0.0;0.0;0.3095046327890351;0.0;0.0;0.0;0.0;0.0;0.0;0.0;0.0;0.0;0.0;0.0;0.0;0.0;0.0;0.0;0.0;0.0;0.0;0.0;0.0;0.0;0.0;0.0;0.0;0.0;0.0
GO:0021954;0.0;0.0;0.288894963339304;0.2525381539926881;0.0;0.5185040436140513;0.0;0.0;1.0;0.6240930751550597;0.0;0.6579097058147515;0.31333170396989135;0.627318548598009;0.0;0.0;0.0;0.0;0.0;0.2759530635832067;0.12353466992596315;0.4088991245354755;0.27082715461481977;0.266147941530848;0.2479994970940709;0.2858742358294289;0.0;0.0;0.0;0.0;0.0;0.34396352160141297;0.0;0.2877720989201277;0.0;0.0;0.0;0.0;0.0;0.3522159003818356;0.31874639770050645;0.0;0.0;0.0;0.0;0.0;0.0;0.6570103178123508;0.0;0.0;0.0;0.3617865157088964;0.0;0.0;0.0;0.19903968376333153;0.0;0.24588350489198782;0.0;0.0;0.0;0.30443951078684134;0.16169400411596363;0.32718529298366467;0.27944848854768206;0.29432252568317757;0.0;0.0;0.6565625837577379;0.0;0.0;0.0;0.18224761186530175;0.35524655739114674;0.27083879509617154;0.0;0.8070112357242097;0.0;0.4559271399653999;0.0;0.0;0.30910146038892605;0.0;0.27106710925488836;0.2477051411418685;0.0;0.3578967748776929;0.0;0.0;0.0;0.0;0.0;0.1574772148528532;0.0;0.0;0.0;0.0;0.0;0.3201419927947282;0.0;0.16453370121777006;0.65766367450068;0.565839054733133;0.0;0.0;0.298826983574146;0.0;0.300731882765223;0.0;0.34254050947228876;0.32693192749898786;0.34405278765367225;0.5931239536025444;0.0;0.0;0.3967689053675061;0.0;0.327162134021202;0.32640158388262497;0.0;0.0;0.46215663635442045;0.0;0.3266822250426439;0.0;0.0;0.0;0.0;0.0;0.0;0.0;0.0;0.0;0.0;0.0;0.5661121041713829;0.0;0.0;0.0;0.0;0.0;0.0;0.2711178922612754;0.0;0.2931326183166913;0.0;0.0;0.0;0.0;0.3616955649238908;0.26246705703685186;0.0;0.0;0.8927160360225138;0.0;0.22398826388077284;0.0;0.0;0.21887294073925098;0.2659177310675024;0.31186909458180423;0.0;0.0;0.0;0.2932939432766514;0.0;0.2932416673264295;0.0;0.0
GO:0022009;0.0;0.0;0.30263471125149594;0.2629748059402285;0.0;0.6455701294961934;0.0;0.0;0.6240930751550597;1.0;0.0;0.8306695510407673;0.3295594485552976;0.6669327636153427;0.0;0.0;0.0;0.0;0.0;0.2884627075939099;0.12598041937564544;0.31287478560403786;0.2828662366854611;0.2777656843511967;0.25805691163837147;0.30195080635929894;0.0;0.0;0.0;0.0;0.0;0.36361877952137545;0.0;0.3040689207214453;0.0;0.0;0.0;0.0;0.0;0.3728539052013796;0.33555489625319584;0.0;0.0;0.0;0.0;0.0;0.0;0.8294586657131346;0.0;0.0;0.0;0.3835960588443723;0.0;0.0;0.0;0.2054665743859461;0.0;0.2557666072473501;0.0;0.0;0.0;0.3197367710519183;0.1659098641021573;0.34492035251924597;0.29228442301800184;0.3085961430703505;0.0;0.0;0.8288559437966764;0.0;0.0;0.0;0.18762119279899772;0.3762518418959983;0.2828789351023374;0.0;0.6247406449183993;0.0;0.3512126848068541;0.0;0.0;0.324882951479349;0.0;0.28547942742346016;0.2577382121922892;0.0;0.37922604514659697;0.0;0.0;0.0;0.0;0.0;0.16147333555364665;0.0;0.0;0.0;0.0;0.0;0.33710191760597413;0.0;0.16890094053221677;0.8303382864904484;0.7078414702926606;0.0;0.0;0.3135517742310528;0.0;0.3156496865742091;0.0;0.3620288649878824;0.3446387870986847;0.3637185404781074;0.7440046831528844;0.0;0.0;0.3030692831751965;0.0;0.3448946149500401;0.3440494920022041;0.0;0.0;0.5722035994584731;0.0;0.3443613155321294;0.0;0.0;0.0;0.0;0.0;0.0;0.0;0.0;0.0;0.0;0.0;0.7082023900763215;0.0;0.0;0.0;0.0;0.0;0.0;0.28553575469557146;0.0;0.30728828084654275;0.0;0.0;0.0;0.0;0.3834938135355238;0.2737588532101666;0.0;0.0;0.6954572070551065;0.0;0.23216035847036073;0.0;0.0;0.22666954147832283;0.27751494666098386;0.3279418072419441;0.0;0.0;0.0;0.30746556781318674;0.0;0.3074081184814527;0.0;0.0
GO:0045766;0.6637408451857729;0.32581273568902114;0.0;0.29131248285635764;0.29817980419186857;0.0;0.1792386788175939;0.0;0.0;0.0;1.0;0.0;0.3453097719307963;0.0;0.0;0.0;0.15559329966656918;0.0;0.4002711190002227;0.0;0.19735537025047084;0.0;0.0;0.0;0.0;0.0;0.156089163475224;0.35189957318896875;0.3985584089318913;0.5488173648330148;0.3903237327368523;0.0;0.0;0.0;0.21863428312251568;0.41887084908129035;0.311205933748605;0.3681958888779138;0.7707887729105722;0.0;0.0;0.3255870664832007;0.15946467744726125;0.3010130623175339;0.3634972088152537;0.3255472006965336;0.0;0.0;0.3638963727785328;0.5658599842022222;0.3167020640679516;0.0;0.31672332895856947;0.20603953116209403;0.5893307022925077;0.0;0.20928634060833315;0.0;0.6405546283286041;0.0;0.28123844729268493;0.0;0.2005170101715065;0.35694714058016513;0.0;0.0;0.3817176586556167;0.0;0.0;0.25512839484120997;0.0;0.23388447654064184;0.0;0.0;0.0;0.3321284989137112;0.0;0.38163427653422893;0.0;0.21441282757597818;0.33269462763018715;0.0;0.27922513693626705;0.0;0.0;0.0;0.0;0.39673999012398986;0.19908195288410088;0.26150989042549105;0.6676529184022603;0.29245498909504514;0.1959703788445629;0.5290401193430988;0.5190323190206766;0.2403810040238635;0.48985517408864804;0.3014316179430596;0.0;0.32026415006565295;0.2035610260800265;0.0;0.0;0.1902116729698116;0.6853523881732637;0.33286905709297304;0.4236177725585489;0.3345181444004468;0.24446771248548727;0.3695751449910131;0.356736410991227;0.37080377012139404;0.0;0.0;0.17392663392989896;0.0;0.3365695340370849;0.35692788198935216;0.35629506130160443;0.41872553982265487;0.3439959270881416;0.0;0.0;0.35652865206995366;0.336388470177919;0.3177278893791478;0.19732967022968384;0.1959740119150914;0.28966333929114707;0.36012892736473434;0.4844969486415172;0.7728162312442008;0.16466856629001214;0.0;0.20287704226165626;0.0;0.6363510469175083;0.27757784514647665;0.3449388757226772;0.26323863485992904;0.16560772554231373;0.6651261768445029;0.0;0.7891388859583566;0.0;0.35071993460102563;0.16987429979725072;0.4042486193461912;0.5836029805455433;0.0;0.0;0.33919181970312834;0.6483765392857772;0.0;0.23723849709314618;0.17930474122681112;0.262879572965107;0.0;0.0;0.0;0.3440673137121457;0.18936576714389258;0.3938727590143758;0.0;0.0;0.3894172935533023;0.0;0.19198817471652416;0.5833869142316577
GO:0060128;0.0;0.0;0.3156946086208757;0.2727805699226122;0.0;0.6759249707172267;0.0;0.0;0.6579097058147515;0.8306695510407673;0.0;1.0;0.3451062275164127;0.7056954669942871;0.0;0.0;0.0;0.0;0.0;0.30030415745534095;0.12818793642368104;0.3295798121944274;0.294243610122281;0.2887284998676749;0.2674927697849994;0.3174807393218483;0.0;0.0;0.0;0.0;0.0;0.3826377949195115;0.0;0.31982317944326716;0.0;0.0;0.0;0.0;0.0;0.39287787241908195;0.3516863284139413;0.0;0.0;0.0;0.0;0.0;0.0;0.8802496534619051;0.0;0.0;0.0;0.40482329709201753;0.0;0.0;0.0;0.21140414149848685;0.0;0.26503271150876134;0.0;0.0;0.0;0.33435005573451276;0.1697598673416232;0.3619877191689851;0.30444833106827257;0.32218718055719103;0.0;0.0;0.8795708877617475;0.0;0.0;0.0;0.19255976374676637;0.3966524263692752;0.29425735061227565;0.0;0.6586293947732661;0.0;0.372401031610138;0.0;0.0;0.33998153160906885;0.0;0.29932242277917903;0.2671503531918912;0.0;0.3999593166471666;0.0;0.0;0.0;0.0;0.0;0.16511792745255222;0.0;0.0;0.0;0.0;0.0;0.35338604450344735;0.0;0.1728926832589269;0.8812403620092777;0.7445010396387997;0.0;0.0;0.32759275387196507;0.0;0.32988345024531507;0.0;0.3808776128711366;0.3616776119999076;0.3827482663450784;0.7846132195986975;0.0;0.0;0.3187174613927377;0.0;0.3619593715912425;0.36102866226113284;0.0;0.0;0.5959243123321245;0.0;0.36137203817773317;0.0;0.0;0.0;0.0;0.0;0.0;0.0;0.0;0.0;0.0;0.0;0.7449003225911719;0.0;0.0;0.0;0.0;0.0;0.0;0.2993843457442969;0.0;0.32076184714322176;0.0;0.0;0.0;0.0;0.4047094243685302;0.28440160862527764;0.0;0.0;0.7377115829688651;0.0;0.23976950364491378;0.0;0.0;0.23391739736597977;0.2884575890951596;0.3433327743015177;0.0;0.0;0.0;0.3209550267206847;0.0;0.32089242636367993;0.0;0.0
GO:0007259;0.33528422715293166;0.38325104425224904;0.2606622666030289;0.6285533484368607;0.4450576584013802;0.2796478255329262;0.2002091703012004;0.0;0.31333170396989135;0.3295594485552976;0.3453097719307963;0.3451062275164127;1.0;0.3310512953303604;0.0;0.0;0.17239544105483232;0.0;0.3686163965739771;0.25007997029329787;0.32168360632704307;0.0;0.24586285674336947;0.24200037476360878;0.2269023371747262;0.0;0.17297411173246133;0.417884868755246;0.3760769040909067;0.376731837525741;0.3581297262231415;0.30467357803021583;0.0;0.0;0.3148212192856442;0.38843428033649685;0.4672975183189134;0.3350774604289278;0.3892037572490206;0.31113064652727984;0.2847212938568286;0.382954292555506;0.1769185295414446;0.44987226793808766;0.5593385566730319;0.38290187467148395;0.0;0.34469542215619214;0.5600586914971648;0.35575170671195117;0.47676176713605606;0.31857510573344633;0.4767984785813628;0.232286660243517;0.41465749841924165;0.18521811441620592;0.23621328844804368;0.22512975759969392;0.3471888878235756;0.0;0.41652848089473987;0.27325084771232144;0.4613310204376078;0.8819054800618156;0.2529472620807848;0.2650727335613166;0.33470543531582286;0.0;0.34449086050915345;0.37341227440608604;0.0;0.27258440789291777;0.1705915062113424;0.31349312996217693;0.24587245010137712;0.28230831107344745;0.31360257376473927;0.34903228894840105;0.0;0.24243123421882254;0.3923239841337608;0.2770006450841312;0.32300059971120093;0.0;0.22665590749439332;0.0;0.31555517041449865;0.47898615504429365;0.28420337618138564;0.30974331248825726;0.35969269804290716;0.2652262424359224;0.4051423408398031;0.47596117342077005;0.32338031798218436;0.280536774392579;0.33704556648678596;0.35146825383372815;0.2858343211866977;0.482921417510487;0.42224179233762615;0.3449938644483687;0.3022840097972642;0.27048587260421975;0.33600677866630346;0.7321564731505528;0.516597079985676;0.9638621153014751;0.2861187524551211;0.8270698930209146;0.7934977174856344;0.8303041274121822;0.3151380349519727;0.0;0.19392136117506745;0.0;0.38956148913167227;0.7939954068324844;0.7923508628182288;0.38827838350454613;0.29858877094725766;0.2521303635052927;0.0;0.7929577928495899;0.5110607624424401;0.47853356428907085;0.28148507558187996;0.22016967071262566;0.43066065609787163;0.42894794921395824;0.5184908847597759;0.3855698401534452;0.23157314886453442;0.0;0.2284705071372019;0.30241334037867307;0.3689197891574176;0.41042185638534956;0.40857913698399295;0.3866958938670427;0.2329886292873573;0.4263517599540673;0.0;0.35828628680858987;0.26410719240690733;0.3171349322081769;0.23943364430233616;0.48319453863379086;0.4045140640553817;0.3185045814938898;0.2389532983570905;0.515996396820775;0.40673597397317596;0.34262902318689203;0.3444512913548293;0.30400661615361363;0.38610573131040615;0.0;0.20227449496343483;0.24181002821911432;0.7607658277866343;0.21226036454451763;0.47501826282351245;0.0;0.26423814378178634;0.462155479277416;0.26419571169067596;0.2732246163623558;0.40433982730030427
GO:0001300;0.0;0.0;0.3038922853233543;0.26392385343615843;0.0;0.5477346091479627;0.0;0.0;0.627318548598009;0.6669327636153427;0.0;0.7056954669942871;0.3310512953303604;1.0;0.0;0.0;0.0;0.0;0.0;0.28960503591966424;0.12619781462269664;0.3144692176340173;0.2839645859273636;0.278824706408319;0.2589707330766508;0.3034355791527355;0.0;0.0;0.0;0.0;0.0;0.36543576945027073;0.0;0.3055746491823538;0.0;0.0;0.0;0.0;0.0;0.37476460484935914;0.3371016444275406;0.0;0.0;0.0;0.0;0.0;0.0;0.7046607870310354;0.0;0.0;0.0;0.3856187400007749;0.0;0.0;0.0;0.20604546886739977;0.0;0.2566642517751405;0.0;0.0;0.0;0.32114082327669213;0.16628711124319126;0.34655485645746176;0.2934572817944604;0.3099038566558893;0.0;0.0;0.7041457784169732;0.0;0.0;0.0;0.18810377863733296;0.3781976167350267;0.28397738315200416;0.0;0.6279728327812245;0.0;0.35322305734551523;0.0;0.0;0.3263326664788587;0.0;0.2868062741879132;0.2586497739047848;0.0;0.3812027843792972;0.0;0.0;0.0;0.0;0.0;0.16183065509639302;0.0;0.0;0.0;0.0;0.0;0.33866299389444054;0.0;0.16929192857977227;0.705412405588625;0.6008303200531165;0.0;0.0;0.314901917103191;0.0;0.31701799638241795;0.0;0.3638299608114744;0.3462706172567076;0.36553653003994285;0.6316861446524713;0.0;0.0;0.30456510328515507;0.0;0.3465288743897827;0.34567573325835255;0.0;0.0;0.48523785611824705;0.0;0.34599051293704364;0.0;0.0;0.0;0.0;0.0;0.0;0.0;0.0;0.0;0.0;0.0;0.6011381933975789;0.0;0.0;0.0;0.0;0.0;0.0;0.28686312632294403;0.0;0.30858491018421325;0.0;0.0;0.0;0.0;0.3855154137264187;0.2747874858104033;0.0;0.0;0.6994648802844134;0.0;0.2328997120468813;0.0;0.0;0.22737428269014023;0.2785720539950599;0.3294190116889117;0.0;0.0;0.0;0.3087636968978984;0.0;0.30870576148211143;0.0;0.0
GO:0001542;0.0;0.0;0.0;0.0;0.0;0.0;0.0;0.0;0.0;0.0;0.0;0.0;0.0;0.0;1.0;0.0;0.0;0.0;0.0;0.0;0.0;0.0;0.0;0.0;0.0;0.0;0.0;0.0;0.0;0.0;0.0;0.0;0.0;0.0;0.0;0.0;0.0;0.0;0.0;0.0;0.0;0.0;0.0;0.0;0.0;0.0;0.0;0.0;0.0;0.0;0.0;0.0;0.0;0.0;0.0;0.0;0.0;0.0;0.0;0.0;0.0;0.0;0.0;0.0;0.0;0.0;0.0;0.0;0.0;0.0;0.0;0.0;0.0;0.0;0.0;0.0;0.0;0.0;0.3571517137803688;0.0;0.0;0.0;0.0;0.0;0.0;0.0;0.0;0.0;0.0;0.0;0.0;0.0;0.0;0.0;0.0;0.0;0.0;0.0;0.0;0.0;0.0;0.0;0.0;0.0;0.0;0.0;0.0;0.0;0.0;0.0;0.0;0.0;0.0;0.0;0.0;0.0;0.0;0.0;0.0;0.0;0.0;0.0;0.0;0.0;0.0;0.0;0.0;0.0;0.0;0.0;0.0;0.0;0.0;0.0;0.0;0.0;0.0;0.0;0.0;0.0;0.0;0.0;0.0;0.0;0.0;0.0;0.0;0.0;0.0;0.0;0.0;0.0;0.0;0.0;0.0;0.0;0.0;0.0;0.0;0.0;0.0;0.0;0.0;0.0;0.0;0.0;0.0;0.0;0.0
GO:0031638;0.0;0.0;0.0;0.0;0.0;0.0;0.0;0.0;0.0;0.0;0.0;0.0;0.0;0.0;0.0;1.0;0.0;0.0;0.0;0.0;0.0;0.0;0.0;0.0;0.0;0.0;0.0;0.0;0.0;0.0;0.0;0.0;0.0;0.0;0.0;0.0;0.0;0.0;0.0;0.0;0.0;0.0;0.0;0.0;0.0;0.0;0.5056041118099057;0.0;0.0;0.0;0.0;0.0;0.0;0.0;0.0;0.5551505685373701;0.0;0.6652717237989313;0.0;0.5112319208051503;0.0;0.0;0.4623650453749747;0.0;0.4027060678614524;0.0;0.0;0.0;0.0;0.0;0.0;0.0;0.3953422040439779;0.0;0.0;0.0;0.0;0.0;0.0;0.0;0.0;0.0;0.0;0.0;0.0;0.0;0.0;0.0;0.0;0.0;0.0;0.0;0.0;0.0;0.0;0.0;0.0;0.0;0.0;0.0;0.0;0.0;0.0;0.0;0.0;0.0;0.0;0.0;0.0;0.0;0.0;0.0;0.0;0.0;0.0;0.0;0.0;0.0;0.0;0.0;0.0;0.0;0.0;0.0;0.0;0.0;0.0;0.0;0.0;0.0;0.0;0.0;0.0;0.0;0.0;0.0;0.0;0.0;0.0;0.0;0.0;0.0;0.0;0.0;0.0;0.0;0.0;0.0;0.0;0.0;0.702692737959411;0.0;0.0;0.0;0.0;0.0;0.0;0.0;0.0;0.0;0.0;0.0;0.0;0.8947272296614248;0.0;0.0;0.0;0.0;0.0
GO:0000187;0.12337672969020379;0.4652346560615833;0.0;0.16104262487613766;0.16261986377038165;0.0;0.7778246052392701;0.0;0.0;0.0;0.15559329966656918;0.0;0.17239544105483232;0.0;0.0;0.0;1.0;0.0;0.22099771744089453;0.0;0.4373197862407945;0.0;0.0;0.0;0.0;0.0;0.8777855365919626;0.21801014026046583;0.12850591995115032;0.16042573027765641;0.21432830400177225;0.0;0.0;0.0;0.22337000364777743;0.1620924812636518;0.16549784684137933;0.2724131602279155;0.2120697266002086;0.0;0.0;0.4650902424855323;0.9844790755265207;0.16325828068112258;0.17573962390072412;0.465064719499232;0.0;0.0;0.175810650396315;0.20443774193311717;0.19617641280282977;0.0;0.19618169336427294;0.3681049449849741;0.21736704982797736;0.0;0.3713428097435201;0.0;0.15589803132466848;0.0;0.1586494083888062;0.0;0.13525152390727466;0.17455987941085122;0.0;0.0;0.24559246443923663;0.0;0.0;0.15196608636662037;0.0;0.13208296885361265;0.0;0.0;0.0;0.18435608040040907;0.0;0.15619492650851996;0.0;0.4581920954674055;0.21274145560913885;0.0;0.4855293313272851;0.0;0.0;0.0;0.0;0.229120023522741;0.1586086674453449;0.15243003061295743;0.205379946025166;0.13857948628262637;0.2628656124588435;0.2286136250134898;0.1962136118305883;0.20426705399451592;0.12361443766039198;0.20339980369468125;0.0;0.16741611400049763;0.26805902238411977;0.0;0.0;0.408620742435774;0.15405289886035298;0.16997932433023374;0.2350852444363888;0.1703059192167088;0.12049045606788297;0.1768105590777616;0.17452147328745224;0.1770243290232767;0.0;0.0;0.7976872062559494;0.0;0.19659985392084683;0.17455637065414595;0.174440943625261;0.2868832274575122;0.13790253783152037;0.0;0.0;0.17448358070218023;0.3179744598263875;0.2823971081966974;0.3538138477436882;0.7818634860134089;0.16065743001198582;0.22016860984439673;0.1714946817578387;0.16169071425286766;0.19248833088630024;0.0;0.3649079117274451;0.0;0.2075394747946532;0.26694729173471093;0.42698835373997873;0.26079679429882613;0.24000357962812072;0.21966836155342023;0.0;0.15765547763290205;0.0;0.20498057227653227;0.19586607658307884;0.17135033367485422;0.16427659251204033;0.0;0.0;0.17122090217879538;0.13190333525602918;0.0;0.28898366516580004;0.07981447602361479;0.2606380147638629;0.0;0.0;0.0;0.17215900265150905;0.8389471679557817;0.22845492011983784;0.0;0.0;0.16913477623819004;0.0;0.15564334898379542;0.1642535538496462
GO:0001666;0.0;0.0;0.0;0.3162967841012217;0.0;0.0;0.0;0.0;0.0;0.0;0.0;0.0;0.0;0.0;0.0;0.0;0.0;1.0;0.0;0.0;0.0;0.0;0.24798840208286588;0.0;0.0;0.0;0.0;0.0;0.0;0.0;0.0;0.0;0.390933486440119;0.0;0.0;0.0;0.0;0.0;0.0;0.0;0.29575208413835663;0.0;0.0;0.0;0.0;0.0;0.0;0.0;0.0;0.0;0.0;0.0;0.0;0.0;0.0;0.0;0.0;0.0;0.0;0.0;0.0;0.0;0.0;0.0;0.0;0.0;0.0;0.0;0.0;0.0;0.3685746573517237;0.0;0.0;0.0;0.2479998523813923;0.0;0.0;0.0;0.0;0.0;0.0;0.38461635914409864;0.0;0.0;0.0;0.3102769300933848;0.0;0.0;0.0;0.0;0.0;0.0;0.0;0.0;0.0;0.0;0.0;0.0;0.0;0.0;0.0;0.0;0.0;0.0;0.0;0.0;0.0;0.0;0.0;0.0;0.0;0.0;0.0;0.0;0.0;0.0;0.0;0.0;0.0;0.0;0.0;0.0;0.3092752564709322;0.0;0.0;0.0;0.0;0.0;0.0;0.0;0.0;0.0;0.0;0.29532445882470254;0.0;0.0;0.0;0.0;0.0;0.0;0.0;0.0;0.0;0.0;0.2700643681346821;0.0;0.0;0.0;0.0;0.0;0.0;0.0;0.0;0.0;0.0;0.0;0.0;0.3472342829623949;0.19760088938547313;0.0;0.0;0.0;0.0;0.0;0.2702250227962946;0.0;0.2701729624844069;0.0;0.0
GO:0032967;0.3121482146142369;0.3421740490152267;0.0;0.3077266985529534;0.3153999032275934;0.0;0.25548985774543187;0.0;0.0;0.0;0.4002711190002227;0.0;0.3686163965739771;0.0;0.0;0.0;0.22099771744089453;0.0;1.0;0.0;0.2837458979350298;0.0;0.0;0.0;0.0;0.0;0.22171853205738973;0.3710628257740127;0.34721103026719274;0.43389430944491014;0.4140413878943706;0.0;0.0;0.0;0.3403050783716498;0.4463065751809292;0.3300108751642792;0.680180948410296;0.34716183481273916;0.0;0.0;0.3419251545608806;0.2266282175167167;0.3185715965181981;0.38941574380749266;0.34188118769746706;0.0;0.0;0.38987389643672615;0.3190098527740243;0.33619789488724894;0.0;0.3362218585467496;0.3712834698782806;0.36838411911003827;0.0;0.37731962178805123;0.0;0.4022940633320383;0.0;0.29650728294619133;0.0;0.20815965438465006;0.3819079380543515;0.0;0.0;0.24136912436702562;0.0;0.0;0.2676307149630498;0.0;0.19853737195445748;0.0;0.0;0.0;0.25614054306074796;0.0;0.4042770431904043;0.0;0.3090668752394242;0.3497725298403797;0.0;0.40410218491299704;0.0;0.0;0.0;0.0;0.421268310222453;0.2066135405587893;0.28135913076443786;0.32234198336350484;0.25053688820429953;0.30371569734829157;0.41880525953818515;0.29148093243567225;0.2570501259718371;0.3136743079485477;0.31538343321767387;0.0;0.3402148168332388;0.3159351657893009;0.0;0.0;0.24802183469964476;0.39023302525112163;0.35447402927928906;0.45169970674639043;0.35634473429946517;0.26172878409806144;0.39639966096274365;0.38166671592466916;0.39781345203899254;0.0;0.0;0.2477196424316088;0.0;0.45139482642535816;0.38188589192133165;0.38116156753065433;0.6192096230067629;0.2165709187909356;0.0;0.0;0.38142891381402494;0.3584678665895449;0.3373541354660757;0.257651093614708;0.2800510873673225;0.30588706161157186;0.3802245368876118;0.36326098649005495;0.4432738592689208;0.2536958546865779;0.0;0.36540977849009015;0.0;0.33012725311912916;0.29244128562557137;0.36333170218661787;0.27656922405219164;0.25518801315406753;0.37807740494298725;0.0;0.41420910696653584;0.0;0.3697514501323831;0.26197351632552424;0.4365626382338162;0.4632655457337148;0.0;0.0;0.3616530403516012;0.3731817276151797;0.0;0.37057761948602935;0.18841877662643183;0.27617290243326426;0.0;0.0;0.0;0.3672009030143153;0.2703378215672518;0.4180370322257404;0.0;0.0;0.41931600986292733;0.0;0.1989831576949044;0.46308237543485015
GO:0048247;0.0;0.0;0.7130412995572959;0.2097749847626471;0.0;0.24948699486057715;0.0;0.0;0.2759530635832067;0.2884627075939099;0.0;0.30030415745534095;0.25007997029329787;0.28960503591966424;0.0;0.0;0.0;0.0;0.0;1.0;0.11233293833224636;0.0;0.22224163842853623;0.851725147771522;0.8033339735457826;0.0;0.0;0.0;0.0;0.0;0.0;0.26921524013936715;0.0;0.0;0.0;0.0;0.0;0.0;0.0;0.27424439738224693;0.2535172164726614;0.0;0.0;0.0;0.0;0.0;0.0;0.2999930429087816;0.0;0.0;0.0;0.610123179638191;0.0;0.0;0.0;0.17148721031493874;0.0;0.2051626506132821;0.0;0.0;0.0;0.24438287848355789;0.14302599221075465;0.2588268347269813;0.2280141897139218;0.23782071494073784;0.0;0.0;0.29983808670333767;0.0;0.0;0.0;0.15887503065042188;0.27607826479514036;0.22224947694792907;0.0;0.27616314012137483;0.0;0.0;0.0;0.0;0.24737788065997662;0.0;0.0;0.8025393626058404;0.0;0.769611225602825;0.0;0.0;0.0;0.0;0.0;0.13971671170219668;0.0;0.0;0.0;0.0;0.0;0.2543992697603149;0.0;0.1452433431856448;0.30021907127202646;0.2673478041190365;0.0;0.0;0.240753098557209;0.0;0.24198801752176682;0.0;0.2683427234548942;0.258668254594322;0.26926992112643433;0.2773531683012219;0.0;0.0;0.0;0.0;0.2588123417842468;0.258336149094871;0.0;0.0;0.2273501864787704;0.0;0.25851191690983305;0.0;0.0;0.0;0.0;0.0;0.0;0.0;0.0;0.0;0.0;0.0;0.2674489626815482;0.0;0.0;0.0;0.0;0.0;0.0;0.0;0.0;0.23704321080867696;0.0;0.0;0.0;0.0;0.6100044605653631;0.21658068615658413;0.0;0.0;0.29842664070240715;0.0;0.18969088638507883;0.0;0.0;0.18600928448643245;0.8511186219765814;0.2491473885155777;0.0;0.0;0.0;0.23714869383525147;0.0;0.23711451541079398;0.0;0.0
