;GO:0035562;GO:0040036;GO:0043507;GO:2000042;GO:0000737;GO:1902231;GO:0007173;GO:0050718;GO:0038194;GO:1905229;GO:0006366;GO:0045762;GO:0006682;GO:1900016;GO:1902236;GO:0008625;GO:0051091;GO:0002244;GO:0006367;GO:0043547;GO:0009755;GO:0045892;GO:0071773;GO:0030509;GO:0050713;GO:0072429;GO:0035115;GO:0051402;GO:0035556;GO:1904588;GO:0007186;GO:0030182;GO:0090026;GO:0008631;GO:0007265;GO:0007189;GO:0002175;GO:0008635;GO:0030217;GO:0051496;GO:0002408;GO:0031146;GO:0071803;GO:0016567;GO:0043405;GO:0035023;GO:1905246;GO:0008284;GO:0002062;GO:0048812;GO:0002063;GO:1901522;GO:0045669;GO:0000165;GO:0048863;GO:0030968;GO:0010955;GO:0032508;GO:0001649;GO:0010951;GO:0031297;GO:1904591;GO:0000724;GO:0048701;GO:0007166;GO:0048469;GO:0006990;GO:0043410;GO:0002076;GO:0042487;GO:0045879;GO:0048478;GO:0071222;GO:0030913;GO:0006829;GO:0001934;GO:0006508;GO:0043065;GO:0071347;GO:0032332;GO:0030036;GO:0019933
GO:0035562;1.0;0.303117783065211;0.11167083428310841;0.14453624740133553;0.0;0.15038536296778182;0.284262150484393;0.13815584411904847;0.32559005258898693;0.0;0.0;0.1391348238394197;0.0;0.2208617679917875;0.15077331864364538;0.29704055147866426;0.22977899271968172;0.0;0.0;0.42794748315392117;0.3418788614990396;0.13273404551602316;0.0;0.1616355947071719;0.1389062942648269;0.0;0.0;0.0;0.3404184937743821;0.0;0.34065343171103457;0.0;0.15652133313335675;0.2974424885393573;0.3099809569075023;0.25343268250656936;0.0;0.15652926847340715;0.0;0.1876114022725458;0.0;0.0;0.223979038977068;0.0;0.20709972631047335;0.2775548222627421;0.2442994737723321;0.33195860077405553;0.0;0.0;0.0;0.1270557260609171;0.23760567741545333;0.1588150778642481;0.0;0.2681010472716743;0.16407100014382114;0.0;0.0;0.24371497332069844;0.0;0.2542542189003982;0.0;0.0;0.3398407577997482;0.0;0.12489533208224442;0.1195012973341389;0.0;0.3157783811973258;0.23470304614780305;0.10067212175619801;0.0;0.0;0.0;0.15456078564128545;0.0;0.2765507433373216;0.0;0.22950284804839144;0.0;0.2971549820867372
GO:0040036;0.303117783065211;1.0;0.2627940002672846;0.30525143021971063;0.0;0.4552702519598689;0.4767418587364356;0.24868376658521998;0.5357073904739178;0.0;0.0;0.1914575887032077;0.0;0.35836925082893956;0.4563564732541679;0.4952155372346441;0.3055689141172211;0.0;0.0;0.2741251773414029;0.5583384684694511;0.23957590413955346;0.0;0.28756135028777585;0.24994051648946972;0.0;0.0;0.0;0.5563231873097467;0.0;0.5566475783293093;0.0;0.32859418718448613;0.49579305867116413;0.5137012460749675;0.43125026671767;0.0;0.21396628763300432;0.0;0.32953081952598556;0.0;0.0;0.38652895444801827;0.0;0.46998595068589477;0.7901649744495417;0.26759193807262716;0.5445957449945751;0.0;0.0;0.0;0.22998371846732663;0.4073755750138596;0.28293905722107365;0.0;0.4530594415154567;0.291542132161691;0.0;0.0;0.2669993408597593;0.0;0.32945703074106997;0.0;0.0;0.5555251819381245;0.0;0.2263197962539935;0.36743010318871616;0.0;0.3975849205372731;0.6818688907942937;0.184684366657255;0.0;0.0;0.0;0.27594253964446136;0.0;0.46548637597617515;0.0;0.39501235583981686;0.0;0.4953799782918046
GO:0043507;0.11167083428310841;0.2627940002672846;1.0;0.2954649567412062;0.0;0.40888634073223296;0.1526191436784682;0.16192627332428305;0.15819336985036253;0.0;0.0;0.4083043438907468;0.0;0.15516384836426855;0.26533580360539233;0.15446378321982193;0.3219248150525454;0.0;0.0;0.18508713457687417;0.16010976985569494;0.22792475756494118;0.0;0.24793873607327718;0.11826427711034496;0.0;0.0;0.0;0.15994362163634174;0.0;0.1599704236829323;0.0;0.2133108766591461;0.15451992479073112;0.1562172064746623;0.14763359810592963;0.0;0.4746860083989682;0.0;0.18325655368804233;0.0;0.0;0.19490203585550803;0.0;0.6475957688381767;0.2810825498151133;0.3219935497222584;0.21816618550926006;0.0;0.0;0.0;0.3432079182841005;0.19863654196648076;0.12517184909086604;0.0;0.15010726714882128;0.29190717280472595;0.0;0.0;0.32166785632832506;0.0;0.1404539318326354;0.0;0.0;0.1598775934404683;0.0;0.3404851982088839;0.7976045549707601;0.0;0.11957612138634652;0.24395582097644863;0.19927401079404336;0.0;0.0;0.0;0.651529061478669;0.0;0.20785533871346334;0.0;0.19645209889907253;0.0;0.15447977791074408
GO:2000042;0.14453624740133553;0.30525143021971063;0.2954649567412062;1.0;0.0;0.2928518322976666;0.2519457329815347;0.1697012450546584;0.26750641030699396;0.0;0.0;0.27516804790798016;0.0;0.32090890398485183;0.3607101997116793;0.2570125732217558;0.4170121717729528;0.0;0.0;0.13759699579278453;0.27303263847404224;0.5518521092597204;0.0;0.40103548053787347;0.2322400787379573;0.0;0.0;0.0;0.27254983385109377;0.0;0.2726276692560875;0.0;0.215828524054469;0.25716804256855913;0.26190391015113257;0.23864203361536251;0.0;0.3004812305474503;0.0;0.20382560244490308;0.0;0.0;0.2242823407415398;0.0;0.391766208937405;0.2933014652136113;0.5345634177618547;0.26970448195284624;0.0;0.0;0.0;0.3448994691700347;0.23114574576057054;0.18498418655385598;0.0;0.24517295064480701;0.5655182987618369;0.0;0.0;0.533774045914682;0.0;0.18208060830995254;0.0;0.0;0.27235816072889535;0.0;0.34103967560305726;0.33098071413055524;0.0;0.2011278532548501;0.39070719253385;0.49866304572474623;0.0;0.0;0.0;0.3578760890677877;0.0;0.2487668583808275;0.0;0.22711251680654976;0.0;0.257056858677061
GO:0000737;0.0;0.0;0.0;0.0;1.0;0.0;0.14270906301386194;0.0;0.15212650404766095;0.1157649216290914;0.5694671289892146;0.0;0.3108559900172543;0.0;0.0;0.1457673398156245;0.0;0.16530015675554555;0.5625761031334944;0.0;0.15548909505683686;0.0;0.13860839634546535;0.10416709607806501;0.0;0.14554464299839415;0.0;0.16298956836376585;0.1551949391342016;0.12827383862677702;0.15524235659486887;0.16522009854777417;0.0;0.14586130411913809;0.14872719884739138;0.13471660555317735;0.0;0.0;0.14172739640123733;0.0;0.1349056035718272;0.5665304245715702;0.0;0.46057873412184924;0.0;0.0;0.0;0.0;0.16533369301622797;0.1407867817915943;0.16129242996513493;0.0;0.0;0.39130027026837333;0.16531872985313614;0.13863341921756123;0.0;0.1542137309277583;0.16528661587891277;0.0;0.741474656724763;0.0;0.6466687150859008;0.0;0.15507817960745218;0.16565030330366343;0.0;0.0;0.16128863653884135;0.0;0.0;0.46285853330758164;0.12359352067375586;0.14138318806457992;0.0;0.0;0.37823529089378755;0.0;0.14426419301943952;0.0;0.15719171177301228;0.1457941047950467
GO:1902231;0.15038536296778182;0.4552702519598689;0.40888634073223296;0.2928518322976666;0.0;1.0;0.26109852045565335;0.2385412254455397;0.2778479041744741;0.0;0.0;0.19732099061978972;0.0;0.25222027865099855;0.5412830967849416;0.26654416671834746;0.2374945089436448;0.0;0.0;0.14288767690977588;0.2838144317627148;0.169306631855532;0.0;0.1919415456473882;0.17441801667292234;0.0;0.0;0.0;0.2832927797187619;0.0;0.2833768729899348;0.0;0.3225779101476635;0.26671138514859377;0.27180874805494204;0.2468380146718129;0.0;0.36093429257325804;0.0;0.2879082954781137;0.0;0.0;0.31773466254012406;0.0;0.34767175092617614;0.47860484980128953;0.1828342729750697;0.3845918385808506;0.0;0.0;0.0;0.2257143794990874;0.32778095853113204;0.1898711090482954;0.0;0.2538318074170321;0.19370697682585045;0.0;0.0;0.182557429996807;0.0;0.23498769917627227;0.0;0.0;0.2830857043959193;0.0;0.22313125549135818;0.4779980942703491;0.0;0.2087980704871141;0.40155183742823336;0.13991798237296385;0.0;0.0;0.0;0.25623152675975214;0.0;0.5958107035577824;0.0;0.32187492675155144;0.0;0.26659179813677736
GO:0007173;0.284262150484393;0.4767418587364356;0.1526191436784682;0.2519457329815347;0.14270906301386194;0.26109852045565335;1.0;0.24187782455929122;0.7324596817659546;0.1728754144191745;0.13518027559398615;0.18739799765723728;0.12386987128292326;0.27875067791975267;0.26170302462626066;0.7577001855793457;0.29535713545404346;0.3128991145129384;0.14536935221664274;0.2586117474182921;0.7615639541753244;0.23325302081936014;0.22931112597108375;0.49272074726530807;0.2430665622527764;0.24893819388840605;0.0;0.3047220444360755;0.7589779272150762;0.20234153104362576;0.7593942636174852;0.31261237982979034;0.27062222934718544;0.6807846389608533;0.7040240104212581;0.5962827337512472;0.0;0.20890866342758072;0.23797533887049363;0.31768572597307615;0.2193507851486759;0.15417043315935067;0.370332547883512;0.18542649125602384;0.26928086898777787;0.44352301524539905;0.25972806210474914;0.5129857587201616;0.3130193009487532;0.23533527151939143;0.2988432166126861;0.22415084930102677;0.38942558456468696;0.3975765805405956;0.31296567094802025;0.6249674732401179;0.2822320728879418;0.2754195645456464;0.3128505993880657;0.25916974675271953;0.18481038541611827;0.31408748027804423;0.15099805774423838;0.0;0.8445193033924948;0.31415611137973154;0.22066901298246097;0.21192999188775807;0.2988301944902467;0.37541552304458714;0.38538660618914666;0.22902395343940263;0.19093602717378477;0.2370064767571715;0.0;0.26758785969298055;0.0;0.4421965074250485;0.24521558470760327;0.3781127432236973;0.2850646795379298;0.680247534215633
GO:0050718;0.13815584411904847;0.24868376658521998;0.16192627332428305;0.1697012450546584;0.0;0.2385412254455397;0.24187782455929122;1.0;0.2561844119016593;0.0;0.0;0.1890489034557661;0.0;0.23256034580071774;0.1740727332913095;0.24654405762688822;0.2238806150096824;0.0;0.0;0.13180225662852693;0.2612483252817942;0.16101011548835029;0.0;0.18134779123398798;0.5961409565737656;0.0;0.0;0.0;0.26080626401339974;0.0;0.2608775355362278;0.0;0.27397973733701264;0.2466871163724477;0.25104155989754273;0.22959020159660504;0.0;0.20452849320994285;0.0;0.27063011699791684;0.0;0.0;0.29682114503908835;0.0;0.17739320019834798;0.2393332514085466;0.17319673814750097;0.3543697574311593;0.0;0.0;0.0;0.21495530186962616;0.37866193190113084;0.1794984922269952;0.0;0.23562880348745519;0.182922923197902;0.0;0.0;0.17294829193745248;0.0;0.540554991035108;0.0;0.0;0.2606307472627638;0.0;0.21261128841570842;0.20662982634459467;0.0;0.23528650365081627;0.22131742938258855;0.13420313245468016;0.0;0.0;0.0;0.2424552514972862;0.0;0.327945429761063;0.0;0.3722936596954612;0.0;0.24658480863951726
GO:0038194;0.32559005258898693;0.5357073904739178;0.15819336985036253;0.26750641030699396;0.15212650404766095;0.2778479041744741;0.7324596817659546;0.2561844119016593;1.0;0.18689054102515915;0.14360095484316074;0.19587273464666313;0.13090373919096665;0.3044735723890458;0.278532555159141;0.7625996470388509;0.3169721679943505;0.3620392645248633;0.15515320901461155;0.2923747715590317;0.8666442057516555;0.24652951774160384;0.2546407990849186;0.4316202684134562;0.25751831902159483;0.2790743553757137;0.0;0.3511368766754149;0.8632968757562502;0.22181053193477124;0.9581697671111591;0.3616554508798194;0.2886579848323436;0.7635441226183746;0.7928989225886606;0.7307752351009767;0.0;0.21949558089815432;0.26536960016353645;0.3428315442597571;0.24241714102133047;0.16521986167782624;0.4049574515618894;0.20164600672324065;0.28713237933361935;0.49412146065056195;0.27629649961416797;0.5819057570988684;0.3622001750064394;0.26209091909371457;0.34335361676202464;0.23638422089930491;0.42789825107528784;0.42444328164878203;0.36212837058464264;0.6940241868942236;0.30190475696040964;0.31278960507846865;0.3619743160050107;0.27566476738219164;0.200917615317339;0.34713201116763603;0.16158182654092432;0.0;0.8619718791686168;0.36372314382667337;0.23251524060519568;0.22283334024700527;0.3433364267807305;0.42361444041547397;0.42302679469086796;0.2390065972894643;0.20817852928429417;0.2641654048931781;0.0;0.28520826131193044;0.0;0.49247558595732177;0.27440433537810915;0.4142788146146342;0.3252890572164684;0.7628685592070854
GO:1905229;0.0;0.0;0.0;0.0;0.1157649216290914;0.0;0.1728754144191745;0.0;0.18689054102515915;1.0;0.11076085113619039;0.0;0.10305113843865557;0.0;0.0;0.17738370566972053;0.0;0.20717444598792517;0.11750935288138138;0.0;0.1919913397506517;0.0;0.5788730869142196;0.11937149224575658;0.0;0.3982177853358962;0.0;0.2035577390710292;0.19154306098358323;0.791531872209532;0.1916152958890107;0.20704870454927163;0.0;0.1775228708589902;0.18178616083829813;0.16128410621873343;0.0;0.0;0.1714369592011845;0.0;0.1615550744060496;0.12319428198110423;0.0;0.14237095592621432;0.0;0.0;0.0;0.0;0.2072271280540561;0.17006257160735502;0.2009174664223941;0.0;0.0;0.11786964475736048;0.20720362177251264;0.2783728480224508;0.0;0.19005062299982195;0.20715317617791132;0.0;0.1420074681940521;0.0;0.2020464655426009;0.0;0.1913652356857334;0.207724757750589;0.0;0.0;0.20091158020148375;0.0;0.0;0.08321716488331828;0.5058625363016301;0.17093357262505465;0.0;0.0;0.0;0.0;0.5056894281640474;0.0;0.19459388410356837;0.1774233417957284
GO:0006366;0.0;0.0;0.0;0.0;0.5694671289892146;0.0;0.13518027559398615;0.0;0.14360095484316074;0.11076085113619039;1.0;0.0;0.4178974191739037;0.0;0.0;0.13792127923022973;0.0;0.15528272133354643;0.8939408255470326;0.0;0.1465935039075701;0.0;0.1314952808805491;0.10009783644404166;0.0;0.13772189453365;0.0;0.1532419686875987;0.1463320144507278;0.12215848089408114;0.14637416995682184;0.15521207032812775;0.0;0.13800539742179474;0.1405681864548614;0.1279876251340019;0.0;0.0;0.13429913501978;0.0;0.12815820215186763;0.39035213535686486;0.0;0.4397671522907308;0.0;0.0;0.0;0.0;0.15531231569905798;0.13345424218250168;0.1517408203298013;0.0;0.0;0.3761758250933158;0.15529911141529215;0.1315178011918193;0.0;0.1454593614215972;0.15527077186271604;0.0;0.6744998066415826;0.0;0.5916686274558587;0.0;0.14622820555325045;0.15559167534540586;0.0;0.0;0.15173746288299664;0.0;0.0;0.4283072230891781;0.11790639010529917;0.13399002329145857;0.0;0.0;0.35737029379815693;0.0;0.13657484664126862;0.0;0.1481059311453816;0.13794524021805404
GO:0045762;0.1391348238394197;0.1914575887032077;0.4083043438907468;0.27516804790798016;0.0;0.19732099061978972;0.18739799765723728;0.1890489034557661;0.19587273464666313;0.0;0.0;1.0;0.0;0.1300336581946877;0.14395443002658628;0.19018682226581315;0.4348954314605357;0.0;0.0;0.229004476496208;0.19881927590832557;0.3117367432791452;0.0;0.3440664155582533;0.13812885290991747;0.0;0.0;0.0;0.19856314142273906;0.0;0.19860445082865258;0.0;0.20122025081501413;0.19027194167038325;0.19285205986388365;0.17993688467002386;0.0;0.41890621649718734;0.0;0.21877925382997873;0.0;0.0;0.23558406480675037;0.0;0.35573379947488765;0.18586697008810774;0.3024540235223465;0.27044216223665146;0.0;0.0;0.0;0.48518300247734214;0.24106219914261304;0.1476451680014678;0.0;0.1836250189264437;0.26598195485129544;0.0;0.0;0.3020948271184006;0.0;0.17122275343247348;0.0;0.0;0.1984613878745623;0.0;0.48072271677953493;0.4200524287002808;0.0;0.14778478403444492;0.17481555915747132;0.2670439057585951;0.0;0.0;0.0;0.4801258058424413;0.0;0.2547754560400809;0.0;0.23785251881717034;0.0;0.19021107126181147
GO:0006682;0.0;0.0;0.0;0.0;0.3108559900172543;0.0;0.12386987128292326;0.0;0.13090373919096665;0.10305113843865557;0.4178974191739037;0.0;1.0;0.0;0.0;0.12616749105941075;0.0;0.14054170377020647;0.4379632642680734;0.0;0.13338590749945928;0.0;0.12076864640270621;0.09375862775672812;0.0;0.12600062127295808;0.0;0.13886793026522512;0.1331693793174228;0.11284711881784903;0.13320429118667204;0.14048382740263207;0.0;0.12623787923931748;0.12837886091773804;0.11780346625409417;0.0;0.0;0.1231296069308131;0.0;0.11794796186004504;0.3267186439192536;0.0;0.3650782868108682;0.0;0.0;0.0;0.0;0.140565945596639;0.12241903593336392;0.137634054788961;0.0;0.0;0.3155972820494671;0.14055512959357916;0.12078764215005947;0.0;0.13244626880325275;0.14053191527331207;0.0;0.36403970945775743;0.0;0.32219864698239087;0.0;0.13308340032705024;0.14079473608039697;0.0;0.0;0.13763129257708645;0.0;0.0;0.23743915741368202;0.10920888982830047;0.12286972434323731;0.0;0.0;0.32155931090988843;0.0;0.12503983032308363;0.0;0.13463691936095357;0.12618754181158137
GO:1900016;0.2208617679917875;0.35836925082893956;0.15516384836426855;0.32090890398485183;0.0;0.25222027865099855;0.27875067791975267;0.23256034580071774;0.3044735723890458;0.0;0.0;0.1300336581946877;0.0;1.0;0.3318429030531456;0.2869672585175078;0.1949363276315932;0.0;0.0;0.20505923231626907;0.31396829891235595;0.19658051256819628;0.0;0.18522295879180473;0.3389964339915265;0.0;0.0;0.0;0.31313098216565655;0.0;0.31326586834748377;0.0;0.2592406620196287;0.2872217598716041;0.2950436402634172;0.25787188416976675;0.0;0.14349170509256323;0.0;0.20757653452127456;0.0;0.0;0.2364022006149167;0.0;0.22164368765277112;0.3380938685866729;0.21622854223087645;0.3082268139058125;0.0;0.0;0.0;0.15286408021955747;0.300980184060373;0.1826992877878785;0.0;0.2679983472925675;0.2325572824006575;0.0;0.0;0.21581913605653183;0.0;0.2584486178739546;0.0;0.0;0.31279898583458077;0.0;0.1507348977931349;0.17914162761317534;0.0;0.3645312672293509;0.4114342903225105;0.15626963789438245;0.0;0.0;0.0;0.1788553516040987;0.0;0.2736715809381318;0.0;0.2936782840668602;0.0;0.28703973864153587
GO:1902236;0.15077331864364538;0.4563564732541679;0.26533580360539233;0.3607101997116793;0.0;0.5412830967849416;0.26170302462626066;0.1740727332913095;0.278532555159141;0.0;0.0;0.14395443002658628;0.0;0.3318429030531456;1.0;0.26717418016158045;0.20015459547411774;0.0;0.0;0.1432378676596575;0.2845288407647853;0.2312513987527116;0.0;0.19226802988037148;0.2382436919184078;0.0;0.0;0.0;0.28400456166806165;0.0;0.2840890781070702;0.0;0.22184841094735505;0.26734219026224393;0.27246392497089494;0.24737822098500167;0.0;0.2315653605607469;0.0;0.21016476935547782;0.0;0.0;0.23198184227501584;0.0;0.3482494709425403;0.4797003303165789;0.24975837683426316;0.2809163698823565;0.0;0.0;0.0;0.16469885062832387;0.2393322924328602;0.19019058196230218;0.0;0.2544030947318911;0.2646363885419664;0.0;0.0;0.24937958732665527;0.0;0.18875708758269885;0.0;0.0;0.2837964448537886;0.0;0.16281128662496605;0.29295251387877236;0.0;0.20930559904058993;0.6397437227231894;0.19106047932597964;0.0;0.0;0.0;0.18700338541276104;0.0;0.382599818061753;0.0;0.23501098304223203;0.0;0.26722203703302067
GO:0008625;0.29704055147866426;0.4952155372346441;0.15446378321982193;0.2570125732217558;0.1457673398156245;0.26654416671834746;0.7577001855793457;0.24654405762688822;0.7625996470388509;0.17738370566972053;0.13792127923022973;0.19018682226581315;0.12616749105941075;0.2869672585175078;0.26717418016158045;1.0;0.3023446971745462;0.3279869123433739;0.14854398079141137;0.2691453483200254;0.794200090304197;0.23758942970616295;0.2373114738334079;0.4600173346768354;0.24777922036825664;0.25839491326578745;0.0;0.3190135509724874;0.7913880796695683;0.20854522389443864;0.7918407429594144;0.3276718725610839;0.2764768405446763;0.7794126197723569;0.7318247924556017;0.6161057586136798;0.0;0.2123803996280238;0.2466030460760282;0.3257842068812764;0.2266601453420648;0.15774582777310042;0.38138428407768693;0.1906230052366848;0.2750769648221454;0.4594688807747169;0.265116102150024;0.5344382984504178;0.3281189712996567;0.2437692190870698;0.31257618089317435;0.22815252136197023;0.4016651054693814;0.40629268078765246;0.32806004289799345;0.6467784637617338;0.2886057067819819;0.28704222589811085;0.3279336060767526;0.2645344080416999;0.1899719438320816;0.3245584370685668;0.15442618803722494;0.0;0.8805315290127789;0.3293683226468863;0.22454625583556023;0.2155037327026657;0.31256193446931385;0.3904727788294626;0.3973696499278331;0.23231244476845103;0.1964505264811734;0.24556281256371265;0.0;0.2733105283550655;0.0;0.45804542820503075;0.2543863785051399;0.38964094956123474;0.2975340668902886;0.706167667416501
GO:0051091;0.22977899271968172;0.3055689141172211;0.3219248150525454;0.4170121717729528;0.0;0.2374945089436448;0.29535713545404346;0.2238806150096824;0.3169721679943505;0.0;0.0;0.4348954314605357;0.0;0.1949363276315932;0.20015459547411774;0.3023446971745462;1.0;0.0;0.0;0.2675492210373518;0.3247608661585341;0.6848171953932506;0.0;0.7849060540669751;0.18906764043996563;0.0;0.0;0.0;0.32407801791383245;0.0;0.32418807244888376;0.0;0.24406722585183432;0.3025598698329057;0.309136480801245;0.27723873518800457;0.0;0.41725700685159417;0.0;0.27497513008866625;0.0;0.0;0.30672719140813803;0.0;0.4372601829226549;0.2915717616380381;0.42537533194487637;0.38044494896129905;0.0;0.0;0.0;0.6971365729044579;0.31757652257911767;0.2073617383473027;0.0;0.28609222802224643;0.4552070741982617;0.0;0.0;0.424674393870113;0.0;0.2639819177898138;0.0;0.0;0.3238070544203563;0.0;0.6885373256768795;0.3657144852794654;0.0;0.23774654049510546;0.2652653611055701;0.42654022073696995;0.0;0.0;0.0;0.4387850406709193;0.0;0.34589651492991874;0.0;0.31118885969732535;0.0;0.3024059844458302
GO:0002244;0.0;0.0;0.0;0.0;0.16530015675554555;0.0;0.3128991145129384;0.0;0.3620392645248633;0.20717444598792517;0.15528272133354643;0.0;0.14054170377020647;0.0;0.0;0.3279869123433739;0.0;1.0;0.16887993193578096;0.0;0.3816831735863599;0.0;0.2938389323897761;0.17275288722221657;0.0;0.326861587370518;0.31849505643828624;0.43028948589604415;0.379915548369622;0.2509739838343567;0.38019983045828326;0.8767780553464356;0.0;0.32846302044895065;0.34336242788070037;0.2768821623201086;0.0;0.0;0.6056562928459549;0.0;0.2776817174153649;0.18087547154165282;0.0;0.22546336992893753;0.0;0.0;0.0;0.0;0.8784079181206961;0.5042348635830285;0.694865121397666;0.0;0.0;0.1696250896395539;0.878193007248496;0.2939514096080256;0.0;0.3740888517470692;0.8777319887045716;0.0;0.22455313752175854;0.0;0.1765243968899607;0.33471276241228015;0.3792166106209273;0.7457920472019011;0.0;0.0;0.6948227034916811;0.0;0.0;0.10606526401444605;0.23366157250403533;0.4119291021397016;0.0;0.0;0.0;0.0;0.3204736009079761;0.0;0.3921086707451633;0.32812244975318217
GO:0006367;0.0;0.0;0.0;0.0;0.5625761031334944;0.0;0.14536935221664274;0.0;0.15515320901461155;0.11750935288138138;0.8939408255470326;0.0;0.4379632642680734;0.0;0.0;0.14854398079141137;0.0;0.16887993193578096;1.0;0.0;0.15865247405403476;0.0;0.1411166546171982;0.10557737777791766;0.0;0.14831272584438543;0.0;0.1664689125633341;0.15834623913670723;0.1304191176735703;0.1583956021182147;0.1687963695428546;0.0;0.14864156013491242;0.15161886452534723;0.13708478622613587;0.0;0.0;0.1443508758978272;0.0;0.137280492260806;0.3729896352935972;0.0;0.4232223355164519;0.0;0.0;0.0;0.0;0.1689149366152009;0.143375235896278;0.16469893646172604;0.0;0.0;0.358710617263278;0.16889931823703375;0.14114259139620186;0.0;0.15732490977613833;0.1688657982454849;0.0;0.6729501113962365;0.0;0.585725474156597;0.0;0.1582246916207744;0.16924542516150798;0.0;0.0;0.16469498111049768;0.0;0.0;0.4176095728699762;0.12558389189456465;0.1439938225662955;0.0;0.0;0.38563336662414527;0.0;0.14698332992777416;0.0;0.16042546892816642;0.14857177524194856
GO:0043547;0.42794748315392117;0.2741251773414029;0.18508713457687417;0.13759699579278453;0.0;0.14288767690977588;0.2586117474182921;0.13180225662852693;0.2923747715590317;0.0;0.0;0.229004476496208;0.0;0.20505923231626907;0.1432378676596575;0.2691453483200254;0.2675492210373518;0.0;0.0;1.0;0.3054429781853996;0.12685875063076374;0.0;0.15300633902238414;0.1324850991246854;0.0;0.0;0.0;0.30427677083194765;0.0;0.3044644571590723;0.0;0.14841581772991289;0.2694752960461681;0.27972611196743674;0.2328428665050233;0.0;0.3247179629145594;0.0;0.1760846331531387;0.0;0.0;0.20774367273044467;0.0;0.24359624679491965;0.2530484324955783;0.277898962833431;0.297499988279325;0.0;0.0;0.0;0.12166215202571606;0.21941495500309163;0.15047658491120414;0.0;0.2451666751074281;0.1551868933089723;0.0;0.0;0.2772669636523699;0.0;0.23353615354046997;0.0;0.0;0.3038151143092855;0.0;0.1196798535272411;0.11471796069895128;0.0;0.28443847816889195;0.21693743564380272;0.09725585415541702;0.0;0.0;0.0;0.14665192379898165;0.0;0.2522135673298658;0.0;0.21248722659039576;0.0;0.2692392922589909
GO:0009755;0.3418788614990396;0.5583384684694511;0.16010976985569494;0.27303263847404224;0.15548909505683686;0.2838144317627148;0.7615639541753244;0.2612483252817942;0.8666442057516555;0.1919913397506517;0.1465935039075701;0.19881927590832557;0.13338590749945928;0.31396829891235595;0.2845288407647853;0.794200090304197;0.3247608661585341;0.3816831735863599;0.15865247405403476;0.3054429781853996;1.0;0.251215442503673;0.2642047613706797;0.44156429840219136;0.2626356301818075;0.2906033040127889;0.0;0.3695853492620783;0.904016441805328;0.22903237877101207;0.9046071653483718;0.38125660378106524;0.295103201918171;0.7952245141671147;0.8271166558640108;0.6822818346188346;0.0;0.22320242865387094;0.27577292158343386;0.351961226238047;0.2510693345070595;0.16919375130091172;0.41775756353932214;0.20759686550351727;0.2935088958812729;0.5133123674904516;0.2821958758993343;0.6087061006298293;0.38186202381074286;0.2722338465609303;0.3609727811843464;0.2406890394396343;0.44221532791725426;0.43405567976658155;0.3817822129225603;0.7200997632579669;0.3089623326418721;0.32734511422138307;0.38161098646691466;0.28153691083014004;0.20682493029356566;0.359527800885041;0.1653806260317087;0.0;0.9025636089887865;0.38355521414659155;0.23667905443048232;0.22665476289046;0.3609537817817033;0.4422206018581348;0.43701441023393034;0.24247010069686667;0.21452727117259865;0.2744726904381711;0.0;0.29149866805739877;0.0;0.5115363934607675;0.2855429622415423;0.42768473153429915;0.3410604497343873;0.7944917547321042
GO:0045892;0.13273404551602316;0.23957590413955346;0.22792475756494118;0.5518521092597204;0.0;0.169306631855532;0.23325302081936014;0.16101011548835029;0.24652951774160384;0.0;0.0;0.3117367432791452;0.0;0.19658051256819628;0.2312513987527116;0.23758942970616295;0.6848171953932506;0.0;0.0;0.12685875063076374;0.251215442503673;1.0;0.0;0.6600528880931724;0.22030721947317736;0.0;0.0;0.0;0.2508066562126518;0.0;0.25087256655511403;0.0;0.1732604029676186;0.2377222824141615;0.24176339553074666;0.22180533408279787;0.0;0.2865552614246614;0.0;0.19141554013443673;0.0;0.0;0.2093474904551272;0.0;0.3396681558606398;0.23088579150524768;0.505873596866061;0.24839517372962028;0.0;0.0;0.0;0.5721554035725323;0.21531510693115502;0.17470457024809166;0.0;0.22743634706746998;0.5943831404847959;0.0;0.0;0.5051666258503047;0.0;0.16921562582708205;0.0;0.0;0.250644336278988;0.0;0.5660605813668378;0.2894331058943167;0.0;0.185545677495947;0.2919608428086072;0.6166052526860301;0.0;0.0;0.0;0.3382953788653111;0.0;0.23052579765105918;0.0;0.21181122569964814;0.0;0.23762727404736053
GO:0071773;0.0;0.0;0.0;0.0;0.13860839634546535;0.0;0.22931112597108375;0.0;0.2546407990849186;0.5788730869142196;0.1314952808805491;0.0;0.12076864640270621;0.0;0.0;0.2373114738334079;0.0;0.2938389323897761;0.1411166546171982;0.0;0.2642047613706797;0.0;1.0;0.14381072331726696;0.0;0.5324184122302361;0.0;0.2866162314838455;0.2633565874162423;0.673568185386133;0.2634931601626884;0.29358605239257257;0.0;0.23756062089347055;0.24525771639070332;0.2093533271100178;0.0;0.0;0.22678705222424075;0.0;0.20981011272096872;0.14939566314801433;0.0;0.1785625199212062;0.0;0.0;0.0;0.0;0.29394492004915745;0.2243881409481077;0.28140929023464095;0.0;0.0;0.1416365712813487;0.2938976264875926;0.36514927894955823;0.0;0.2605434886350566;0.2937961474168017;0.0;0.17799111260569647;0.0;0.24416100141365882;0.0;0.2630205420346258;0.2949471828959592;0.0;0.0;0.28139774313441357;0.0;0.0;0.09440083638240862;0.5302382992040335;0.2259069812179613;0.0;0.0;0.0;0.0;0.6736831781237429;0.0;0.2691585344486093;0.23738242082966043
GO:0030509;0.1616355947071719;0.28756135028777585;0.24793873607327718;0.40103548053787347;0.10416709607806501;0.1919415456473882;0.49272074726530807;0.18134779123398798;0.4316202684134562;0.11937149224575658;0.10009783644404166;0.3440664155582533;0.09375862775672812;0.18522295879180473;0.19226802988037148;0.4600173346768354;0.7849060540669751;0.17275288722221657;0.10557737777791766;0.15300633902238414;0.44156429840219136;0.6600528880931724;0.14381072331726696;1.0;0.18201518886735604;0.15129146146135916;0.0;0.1702308408308912;0.4406936790909214;0.13271688775256812;0.4408340121018049;0.17266544916923254;0.19703907314808589;0.4131408889583165;0.4215861221323073;0.3804240966718872;0.0;0.31892129252163204;0.14717108320248315;0.22086207749745282;0.1398287564219971;0.11014398570909895;0.24508462367791398;0.12522431343206;0.3861165610991789;0.2751317739880868;0.376033028592685;0.30036168652459094;0.1727895160236137;0.1461570822099088;0.16838040824524422;0.6690594088823371;0.2533035675528343;0.2884481825617468;0.1727731729521282;0.3918999363479537;0.4362582228501557;0.16068074360411477;0.1727380978657949;0.3754376381628693;0.12494302113827438;0.20018858213977483;0.10851520171878994;0.0;0.49064019216755156;0.17313535550501366;0.6610925949137708;0.3224899962118851;0.16837627409412392;0.22345476736831507;0.2515884949317936;0.45239291944379156;0.12771305212261327;0.14679995989623396;0.0;0.3843436488828764;0.0;0.2746207368973896;0.1499083787050902;0.24846810684088813;0.16391634722548507;0.4129430232300501
GO:0050713;0.1389062942648269;0.24994051648946972;0.11826427711034496;0.2322400787379573;0.0;0.17441801667292234;0.2430665622527764;0.5961409565737656;0.25751831902159483;0.0;0.0;0.13812885290991747;0.0;0.3389964339915265;0.2382436919184078;0.24777922036825664;0.18906764043996563;0.0;0.0;0.1324850991246854;0.2626356301818075;0.22030721947317736;0.0;0.18201518886735604;1.0;0.0;0.0;0.0;0.2621888655132273;0.0;0.2622608948009459;0.0;0.20844076657145277;0.2479237165464794;0.252322314857419;0.23066096176960504;0.0;0.14947321943186354;0.0;0.19797488644204514;0.0;0.0;0.21721863907003608;0.0;0.1780317565167766;0.24049704926883966;0.2370405526878675;0.25955468809734955;0.0;0.0;0.0;0.1571175322744658;0.2612794961616458;0.1801523231142719;0.0;0.236756768275623;0.25040142192269244;0.0;0.0;0.23669933097641355;0.0;0.3940077725874704;0.0;0.0;0.262011483543382;0.0;0.1553988364499348;0.1510136017477828;0.0;0.23649622748271085;0.3031955371988317;0.18352791090482828;0.0;0.0;0.0;0.17729015683053934;0.0;0.24010648546792726;0.0;0.2568658069972461;0.0;0.24782038075533372
GO:0072429;0.0;0.0;0.0;0.0;0.14554464299839415;0.0;0.24893819388840605;0.0;0.2790743553757137;0.3982177853358962;0.13772189453365;0.0;0.12600062127295808;0.0;0.0;0.25839491326578745;0.0;0.326861587370518;0.14831272584438543;0.0;0.2906033040127889;0.0;0.5324184122302361;0.15129146146135916;0.0;1.0;0.0;0.3179488590505861;0.2895774974707002;0.4680210733742127;0.2897426281306852;0.32654870465510727;0.0;0.25869032430732103;0.2678439198821679;0.2255916693101641;0.0;0.0;0.2459663507066217;0.0;0.22612215332405436;0.1574850594723637;0.0;0.19024234277273216;0.0;0.0;0.0;0.0;0.32699274151012137;0.24314705428875463;0.3115539554020543;0.0;0.0;0.1488871274273326;0.32693421690775126;0.3948783511574258;0.0;0.2861799573194939;0.32680864623507616;0.0;0.18959387460850397;0.0;0.257103931306174;0.0;0.2891712562308265;0.3282335148571514;0.0;0.0;0.3115398020045716;0.0;0.0;0.0975676345298114;0.4385020815816319;0.24493147047084918;0.0;0.0;0.0;0.0;0.4230842955399339;0.0;0.29660771349783366;0.2584790287588768
GO:0035115;0.0;0.0;0.0;0.0;0.0;0.0;0.0;0.0;0.0;0.0;0.0;0.0;0.0;0.0;0.0;0.0;0.0;0.31849505643828624;0.0;0.0;0.0;0.0;0.0;0.0;0.0;0.0;1.0;0.0;0.0;0.0;0.0;0.31814304482276135;0.0;0.0;0.0;0.0;0.0;0.0;0.23082796041359532;0.0;0.0;0.0;0.0;0.0;0.0;0.0;0.0;0.0;0.3186426436545558;0.3086043743615056;0.301394471012181;0.0;0.0;0.0;0.31857678389399413;0.0;0.0;0.0;0.3184354871887905;0.0;0.0;0.0;0.0;0.48626005977943987;0.0;0.32003978850873427;0.0;0.0;0.3013787737474955;0.0;0.0;0.0;0.0;0.22974833589738028;0.0;0.0;0.0;0.0;0.0;0.0;0.0;0.0
GO:0051402;0.0;0.0;0.0;0.0;0.16298956836376585;0.0;0.3047220444360755;0.0;0.3511368766754149;0.2035577390710292;0.1532419686875987;0.0;0.13886793026522512;0.0;0.0;0.3190135509724874;0.0;0.43028948589604415;0.1664689125633341;0.0;0.3695853492620783;0.0;0.2866162314838455;0.1702308408308912;0.0;0.3179488590505861;0.0;1.0;0.36792775815770357;0.24568589859491144;0.3681943766182511;0.4297474304101607;0.0;0.3194639459735439;0.3335406292249786;0.2704599096402636;0.0;0.0;0.3002809469444641;0.0;0.2712227526104323;0.17811258033758054;0.0;0.22118651854743754;0.0;0.0;0.0;0.0;0.43051680233552914;0.29608966330428577;0.40414903141670844;0.0;0.0;0.16719290000618237;0.43041536032440686;0.2867232461667144;0.0;0.36246032351030444;0.43019774463795435;0.0;0.22031042421293567;0.0;0.17389186575862228;0.0;0.3672721947844612;0.43267017145956;0.0;0.0;0.40412521527608625;0.0;0.0;0.10510916411659826;0.22907120654285326;0.2987399884476282;0.0;0.0;0.0;0.0;0.3119012702274681;0.0;0.3793519718714784;0.31914177207460886
GO:0035556;0.3404184937743821;0.5563231873097467;0.15994362163634174;0.27254983385109377;0.1551949391342016;0.2832927797187619;0.7589779272150762;0.26080626401339974;0.8632968757562502;0.19154306098358323;0.1463320144507278;0.19856314142273906;0.1331693793174228;0.31313098216565655;0.28400456166806165;0.7913880796695683;0.32407801791383245;0.379915548369622;0.15834623913670723;0.30427677083194765;0.904016441805328;0.2508066562126518;0.2633565874162423;0.4406936790909214;0.2621888655132273;0.2895774974707002;0.0;0.36792775815770357;1.0;0.22839472774275257;0.9009607727337513;0.3794929182303676;0.2945392682062081;0.8800837796577085;0.9152490359944121;0.755469255765611;0.0;0.22287966821246388;0.2748489771541025;0.3511593451243153;0.25030327886369697;0.16884551506897044;0.4166283292657079;0.20707285009313553;0.2929510332958764;0.5116085211348075;0.28168015130819507;0.6063116026998181;0.38009274548729577;0.2713334257504227;0.3593913794259605;0.2403137676671893;0.44095020049722344;0.48114894972065975;0.3800136723835345;0.7177872409829772;0.3083442417979276;0.3260440991905488;0.3798440282554884;0.28102358980784137;0.2063047997890478;0.3584302741707771;0.16504789391362967;0.0;0.8989336395057923;0.38177024761757433;0.23631617345228037;0.22632194822516397;0.3593725461249863;0.440561308168536;0.4357788247047039;0.24216917763157395;0.2139677314839197;0.27355742355167284;0.0;0.29094841368692187;0.0;0.5098442973176527;0.2845525089810298;0.4265012676618855;0.3396483642331439;0.8792756990512274
GO:1904588;0.0;0.0;0.0;0.0;0.12827383862677702;0.0;0.20234153104362576;0.0;0.22181053193477124;0.791531872209532;0.12215848089408114;0.0;0.11284711881784903;0.0;0.0;0.20854522389443864;0.0;0.2509739838343567;0.1304191176735703;0.0;0.22903237877101207;0.0;0.673568185386133;0.13271688775256812;0.0;0.4680210733742127;0.0;0.24568589859491144;0.22839472774275257;1.0;0.22849743897089217;0.25078947900466186;0.0;0.20873760549069706;0.21465697491487143;0.18664148718981993;0.0;0.0;0.20037371526120612;0.0;0.18700445345788472;0.13745918973799384;0.0;0.16177221780873124;0.0;0.0;0.0;0.0;0.2510513001560136;0.19849874430882813;0.24184997678880854;0.0;0.0;0.1308630721400299;0.25101680125592246;0.32392205848712924;0.0;0.226275951731061;0.25094277056780506;0.0;0.16130307640594238;0.0;0.22501163710167107;0.0;0.22814194042472874;0.2517820330049939;0.0;0.0;0.2418414479348283;0.0;0.0;0.08949043786362397;0.5765779640373043;0.199686395179513;0.0;0.0;0.0;0.0;0.5932205753729143;0.0;0.23274572904757593;0.20860001137100348
GO:0007186;0.34065343171103457;0.5566475783293093;0.1599704236829323;0.2726276692560875;0.15524235659486887;0.2833768729899348;0.7593942636174852;0.2608775355362278;0.9581697671111591;0.1916152958890107;0.14637416995682184;0.19860445082865258;0.13320429118667204;0.31326586834748377;0.2840890781070702;0.7918407429594144;0.32418807244888376;0.38019983045828326;0.1583956021182147;0.3044644571590723;0.9046071653483718;0.25087256655511403;0.2634931601626884;0.4408340121018049;0.2622608948009459;0.2897426281306852;0.0;0.3681943766182511;0.9009607727337513;0.22849743897089217;1.0;0.3797765679458431;0.29463017194794855;0.7928590854047524;0.8245579987961403;0.754857459072729;0.0;0.22293171616489635;0.2749977328998533;0.3512885650779073;0.25042664546086213;0.16890164233817243;0.4168102358880633;0.20715727563619832;0.29304095917630574;0.5118828488489784;0.2817632897712872;0.6066969293200362;0.38037729292218403;0.2714783994056841;0.3596457653739643;0.2403742777826957;0.44115397088610825;0.43334999888772346;0.3802981013940262;0.7181596023646236;0.30844386794168144;0.3262534535328435;0.38012820328047286;0.2811063410947993;0.20638860008422785;0.35860702107457804;0.16510152438091008;0.0;0.8995177369300675;0.38205731318787967;0.23637468690824248;0.22637561650259944;0.35962690540291814;0.44082836532882225;0.4359778424850706;0.24221771246990148;0.21405787406746576;0.27370478415954;0.0;0.2910371141130309;0.0;0.5101167358143395;0.28471195681960343;0.4266918997749601;0.3398755598634642;0.7921306767373851
GO:0030182;0.0;0.0;0.0;0.0;0.16522009854777417;0.0;0.31261237982979034;0.0;0.3616554508798194;0.20704870454927163;0.15521207032812775;0.0;0.14048382740263207;0.0;0.0;0.3276718725610839;0.0;0.8767780553464356;0.1687963695428546;0.0;0.38125660378106524;0.0;0.29358605239257257;0.17266544916923254;0.0;0.32654870465510727;0.31814304482276135;0.4297474304101607;0.3794929182303676;0.25078947900466186;0.3797765679458431;1.0;0.0;0.3281470658154364;0.3430171741682206;0.2766576152833381;0.0;0.0;0.6051095763621354;0.0;0.2774558721820605;0.18077962005197656;0.0;0.22531445618858817;0.0;0.0;0.0;0.0;0.8772583739255427;0.5037862115034177;0.6940133973578693;0.0;0.0;0.16954078839043285;0.877044025110549;0.293698336059657;0.0;0.37367907881164886;0.8765842118071061;0.0;0.22440542333856492;0.0;0.1764331003069663;0.33432401124476185;0.3787955332306558;0.7448109899276701;0.0;0.0;0.693971083371644;0.0;0.0;0.10603229688997491;0.2335016362409425;0.4115592167727154;0.0;0.0;0.0;0.0;0.3201728226454901;0.0;0.3916584933166063;0.3278071496679771
GO:0090026;0.15652133313335675;0.32859418718448613;0.2133108766591461;0.215828524054469;0.0;0.3225779101476635;0.27062222934718544;0.27397973733701264;0.2886579848323436;0.0;0.0;0.20122025081501413;0.0;0.2592406620196287;0.22184841094735505;0.2764768405446763;0.24406722585183432;0.0;0.0;0.14841581772991289;0.295103201918171;0.1732604029676186;0.0;0.19703907314808589;0.20844076657145277;0.0;0.0;0.0;0.2945392682062081;0.0;0.29463017194794855;0.0;1.0;0.27665675806056295;0.2821452701713911;0.25533289060330827;0.0;0.21885015754689693;0.0;0.2962855536175783;0.0;0.0;0.3279683895152713;0.0;0.22643770771867225;0.31478803103053915;0.1874537190756673;0.39968770687233673;0.0;0.0;0.0;0.2308310891244134;0.3386831694410748;0.19485782901205792;0.0;0.26282365049345924;0.19889997568216952;0.0;0.0;0.18716272121080374;0.0;0.28579318518708946;0.0;0.0;0.2943154315857669;0.0;0.22813022492215485;0.2763693304906945;0.0;0.2168075849784481;0.2885415198739017;0.14260737211942748;0.0;0.0;0.0;0.26284562373486564;0.0;0.3663902959754831;0.0;0.33238150353739804;0.0;0.2765280883837496
GO:0008631;0.2974424885393573;0.49579305867116413;0.15451992479073112;0.25716804256855913;0.14586130411913809;0.26671138514859377;0.6807846389608533;0.2466871163724477;0.7635441226183746;0.1775228708589902;0.13800539742179474;0.19027194167038325;0.12623787923931748;0.2872217598716041;0.26734219026224393;0.7794126197723569;0.3025598698329057;0.32846302044895065;0.14864156013491242;0.2694752960461681;0.7952245141671147;0.2377222824141615;0.23756062089347055;0.4131408889583165;0.2479237165464794;0.25869032430732103;0.0;0.3194639459735439;0.8800837796577085;0.20873760549069706;0.7928590854047524;0.3281470658154364;0.27665675806056295;1.0;0.813766148724923;0.6849615029579942;0.0;0.2124865494530446;0.24687209609057792;0.3260340494232991;0.22688741850464733;0.15785587553420816;0.38172672745122715;0.1907837286781435;0.2752550644232929;0.4599659939023941;0.265281533010748;0.5351109882566519;0.3285954631563286;0.24403211778403885;0.31300856994359866;0.22827502728328664;0.4020449554655105;0.45154597001814223;0.32853636349506;0.6474577095462439;0.28880176188808654;0.28740681646839167;0.32840955932311505;0.2646991135260451;0.19013157080624765;0.3248840200257037;0.15453165124459453;0.0;0.7912887956370152;0.3298484526634512;0.22466491860647453;0.21561302843422353;0.31299428407900093;0.3909441313903595;0.3977414152812291;0.2324127614912235;0.1966212314597781;0.24582959629693227;0.0;0.27348634719782944;0.0;0.4585394642961442;0.25467269001479587;0.3899983876336763;0.29792581545491387;0.7852035163180879
