;GO:0035562;GO:0040036;GO:0043507;GO:2000042;GO:0000737;GO:1902231;GO:0007173;GO:0050718;GO:0038194;GO:1905229;GO:0006366;GO:0045762;GO:0006682;GO:1900016;GO:1902236;GO:0008625;GO:0051091;GO:0002244;GO:0006367;GO:0043547;GO:0009755;GO:0045892;GO:0071773;GO:0030509;GO:0050713;GO:0072429;GO:0035115;GO:0051402;GO:0035556;GO:1904588;GO:0007186;GO:0030182;GO:0090026;GO:0008631;GO:0007265;GO:0007189;GO:0002175;GO:0008635;GO:0030217;GO:0051496;GO:0002408;GO:0031146;GO:0071803;GO:0016567;GO:0043405;GO:0035023;GO:1905246;GO:0008284;GO:0002062;GO:0048812;GO:0002063;GO:1901522;GO:0045669;GO:0000165;GO:0048863;GO:0030968;GO:0010955;GO:0032508;GO:0001649;GO:0010951;GO:0031297;GO:1904591;GO:0000724;GO:0048701;GO:0007166;GO:0048469;GO:0006990;GO:0043410;GO:0002076;GO:0042487;GO:0045879;GO:0048478;GO:0071222;GO:0030913;GO:0006829;GO:0001934;GO:0006508;GO:0043065;GO:0071347;GO:0032332;GO:0030036;GO:0019933
GO:0035562;1.0;0.2992800803363179;0.11062366602027672;0.14178179333505123;0.0;0.14503874526574226;0.284995536823376;0.12971898372111662;0.33064935959999153;0.0;0.0;0.13569341159027018;0.0;0.20828473301765285;0.14504001310463355;0.29889758984454246;0.24030435915786486;0.0;0.0;0.4045333429148878;0.3493392690299518;0.13575980988817474;0.0;0.16817865347011232;0.12971991018609852;0.0;0.0;0.0;0.3493392690299518;0.0;0.3493392690299518;0.0;0.14843817700995995;0.29889862885827145;0.3138575138072293;0.25038440296255027;0.0;0.1555755547681358;0.0;0.17857897283775706;0.0;0.0;0.21604303117627338;0.0;0.20987713543307387;0.2731082924591639;0.2503715882957451;0.3319843501805732;0.0;0.0;0.0;0.13014098234487756;0.2316515974225173;0.16708137919725416;0.0;0.27005609702037103;0.16442380226978046;0.0;0.0;0.25037159644452833;0.0;0.24079656627499646;0.0;0.0;0.3493392690299518;0.0;0.12750402600712651;0.1197996757620913;0.0;0.29995162211122367;0.23175542392618423;0.1047542202789004;0.0;0.0;0.0;0.15624819692908454;0.0;0.27317484179131485;0.0;0.22353118102706154;0.0;0.2987057366156585
GO:0040036;0.2992800803363179;1.0;0.24047564061196483;0.2750363803568374;0.0;0.41832242050989865;0.441355909236929;0.21053198915470764;0.5052526046496133;0.0;0.0;0.1642477569016114;0.0;0.33002681072418893;0.41832591402767433;0.46099460983552665;0.2840214700459809;0.0;0.0;0.2726998517970519;0.5309235673718976;0.21992542787720065;0.0;0.26974412344758797;0.21053343249084125;0.0;0.0;0.0;0.5309235673718976;0.0;0.5309235673718976;0.0;0.28735964938426456;0.4609960716003602;0.4819492943379999;0.39175562450300033;0.0;0.1874544006048231;0.0;0.2855180776057445;0.0;0.0;0.3415200837681732;0.0;0.4459690136643254;0.7578374431772096;0.23850248720172768;0.5070955001483802;0.0;0.0;0.0;0.21118933356978237;0.3644809360251757;0.26807406162543285;0.0;0.42007139190935483;0.2640245587331738;0.0;0.0;0.23850249461154185;0.0;0.3023815191853797;0.0;0.0;0.5309235673718976;0.0;0.20707894971555424;0.3482320459662372;0.0;0.3701215325291002;0.6510593148031963;0.1713369573955645;0.0;0.0;0.0;0.25152553448012854;0.0;0.42453027834687146;0.0;0.35256233966521444;0.0;0.46072468058499505
GO:0043507;0.11062366602027672;0.24047564061196483;1.0;0.26702975317542443;0.0;0.3889970595411443;0.13290799880206794;0.13904187802700452;0.13816993481906098;0.0;0.0;0.3801463665217991;0.0;0.14429619552469142;0.24806066737221674;0.13463517890666307;0.2952510123194475;0.0;0.0;0.18807926283171467;0.14002137412379087;0.2021072232993025;0.0;0.22103822167549486;0.09991910607045643;0.0;0.0;0.0;0.14002137412379087;0.0;0.14002137412379087;0.0;0.18903146317751268;0.1346353035881415;0.13636679298920376;0.1280267404868309;0.0;0.44339187989226125;0.0;0.1588406252016417;0.0;0.0;0.16998422302690525;0.0;0.6306104272897853;0.2594683895935838;0.29327703540125094;0.19246150798050782;0.0;0.0;0.0;0.3137126236651395;0.1739026638181841;0.11125241501112088;0.0;0.13091054155346377;0.26102248847441367;0.0;0.0;0.2932770394434517;0.0;0.12650347466871645;0.0;0.0;0.14002137412379087;0.0;0.3107896149986471;0.7787747995112663;0.0;0.107849833680161;0.2231693073819688;0.178617783760515;0.0;0.0;0.0;0.6264660619683237;0.0;0.18276665824955202;0.0;0.17191004891154865;0.0;0.13461214564600754
GO:2000042;0.14178179333505123;0.2750363803568374;0.26702975317542443;1.0;0.0;0.2751237209073534;0.22416445332105478;0.14398563102562023;0.23955116911086805;0.0;0.0;0.23838607594695374;0.0;0.30382286587345314;0.3358249572460547;0.22912193794501923;0.3798657922607007;0.0;0.0;0.1355238421949892;0.24517160576516678;0.5210493018281973;0.0;0.36787246124541545;0.20036206316093963;0.0;0.0;0.0;0.24517160576516678;0.0;0.24517160576516678;0.0;0.18833069656378904;0.22912229903752088;0.23418257488215594;0.21062044372639574;0.0;0.26317923618161526;0.0;0.17551031971560802;0.0;0.0;0.19518475507242905;0.0;0.3518998327158484;0.2635922901767177;0.49075347998627433;0.23996464286033561;0.0;0.0;0.0;0.3133117062487726;0.20247451453743504;0.1687599117949069;0.0;0.2185403898425651;0.5239993860551391;0.0;0.0;0.4907534899934975;0.0;0.16528583974488809;0.0;0.0;0.24517160576516678;0.0;0.3091194728835681;0.2978989503900433;0.0;0.1836594551566221;0.36112320127740904;0.48439432219050155;0.0;0.0;0.0;0.32113283582489116;0.0;0.21974109849432555;0.0;0.1987422287002028;0.0;0.2290552389136283
GO:0000737;0.0;0.0;0.0;0.0;1.0;0.0;0.14456425346765653;0.0;0.15545174750778895;0.11080169880407068;0.5329223563434341;0.0;0.2702680294275162;0.0;0.0;0.1480573398742399;0.0;0.16416935479687364;0.5258700868747408;0.0;0.1594626934392612;0.0;0.1348821497402109;0.10689961876673328;0.0;0.14118899809253044;0.0;0.15995371873214725;0.1594626934392612;0.1239957990200364;0.1594626934392612;0.16416935479687364;0.0;0.14805759481283165;0.15163757218359333;0.13509184235821026;0.0;0.0;0.1378584137617766;0.0;0.12905462985377195;0.5362871657200685;0.0;0.4193911073823075;0.0;0.0;0.0;0.0;0.16416935479687364;0.13792608023467004;0.15976630079591458;0.0;0.0;0.3595335153392547;0.16416935479687364;0.14061836125780774;0.0;0.15195713815224743;0.16416935479687364;0.0;0.7004348146084117;0.0;0.6018819358116896;0.0;0.1594626934392612;0.16398375972736154;0.0;0.0;0.15976630079591458;0.0;0.0;0.4357628595767952;0.11918304925199014;0.13784540676102922;0.0;0.0;0.35861446205244507;0.0;0.14133204466710464;0.0;0.15564902343717638;0.14801025028831077
GO:1902231;0.14503874526574226;0.41832242050989865;0.3889970595411443;0.2751237209073534;0.0;1.0;0.2289724743693042;0.20310242784587917;0.2450499867243222;0.0;0.0;0.16990922890709437;0.0;0.23305804959781207;0.5220688679679909;0.2341473568674669;0.21337618710406905;0.0;0.0;0.13849661496395305;0.2509345846710868;0.15040787910023692;0.0;0.17215232779653772;0.1459549003577821;0.0;0.0;0.0;0.2509345846710868;0.0;0.2509345846710868;0.0;0.2841019249739333;0.2341477339736528;0.23943498366698293;0.2148595222972824;0.0;0.34216233063716434;0.0;0.24831364471450104;0.0;0.0;0.2766676338051161;0.0;0.32360159893524676;0.4432091570443029;0.15887086171011897;0.34160117060243067;0.0;0.0;0.0;0.20354163841931827;0.28720038469816644;0.17147057290918982;0.0;0.2231077225990251;0.16980469987205474;0.0;0.0;0.15887086499795378;0.0;0.21060360710972004;0.0;0.0;0.2509345846710868;0.0;0.2007813617735383;0.4590307905298184;0.0;0.18769429718599467;0.36859861626027624;0.125975610646752;0.0;0.0;0.0;0.22897368251539715;0.0;0.5708587176731416;0.0;0.2818058876935571;0.0;0.23407770032308178
GO:0007173;0.284995536823376;0.441355909236929;0.13290799880206794;0.22416445332105478;0.14456425346765653;0.2289724743693042;1.0;0.20623135235619652;0.6776629452041014;0.16376864801612043;0.14132986999811928;0.16161839586940066;0.11980522145552819;0.2557605763184074;0.22897434320788893;0.7055261797608053;0.276249821365255;0.31522737822580277;0.15161682421624872;0.26078947613603654;0.710373555949086;0.2152367345973689;0.22247327430504132;0.47074571481659866;0.2062327373269904;0.24016827299893567;0.0;0.3000434294758654;0.710373555949086;0.1943320408312073;0.710373555949086;0.31522737822580277;0.23397558358474696;0.6208965727988304;0.6478317789565466;0.5311230358894535;0.0;0.1840372713316208;0.23068787217386888;0.27766544234538787;0.2070522409151866;0.15563724319519293;0.3303451696939594;0.19478149074712434;0.24373973909336713;0.40731150030647073;0.23299814582798878;0.4828430444718833;0.31522737822580277;0.23087741182498395;0.2993846420989334;0.206862075068814;0.35178084062518067;0.3677789348807893;0.31522737822580277;0.5679786521572417;0.2572957690601898;0.27308634179066726;0.31522737822580277;0.232998152899731;0.19453154159705935;0.291473155219708;0.15479327833124687;0.0;0.8072015258284378;0.3145438151679398;0.2029168352761478;0.1913349727953302;0.2993846420989334;0.3539093244173338;0.3519224433652396;0.20480357485884956;0.18276532584372018;0.2306514527940073;0.0;0.24541137513882014;0.0;0.40739904388183207;0.24058247824354861;0.3406656998950713;0.28524538197969995;0.6205470003123885
GO:0050718;0.12971898372111662;0.21053198915470764;0.13904187802700452;0.14398563102562023;0.0;0.20310242784587917;0.20623135235619652;1.0;0.21918355237069287;0.0;0.0;0.16047308421445022;0.0;0.2130458956642472;0.14595496601227168;0.21041995900106056;0.19654159523035977;0.0;0.0;0.12446084220919587;0.22387950702422718;0.14024903293264515;0.0;0.15897252553325883;0.5848923020513961;0.0;0.0;0.0;0.22387950702422718;0.0;0.22387950702422718;0.0;0.23545846911172788;0.21042026355128893;0.21468048709991183;0.1947120168262562;0.0;0.17574925253909687;0.0;0.22866320412438396;0.0;0.0;0.25249182053232755;0.0;0.15181732125738645;0.20245987600859947;0.14757955102742143;0.3054862666362458;0.0;0.0;0.0;0.1901473695911669;0.3347483528802875;0.1583909872619246;0.0;0.2014615689744397;0.1569685091488662;0.0;0.0;0.1475795538645163;0.0;0.5252630059930379;0.0;0.0;0.22387950702422718;0.0;0.1877362737991083;0.18047307263716886;0.0;0.21072827745116496;0.18777008228698341;0.11877005696074253;0.0;0.0;0.0;0.21216137542440539;0.0;0.28176292996342606;0.0;0.3290194808715189;0.0;0.21036370280507355
GO:0038194;0.33064935959999153;0.5052526046496133;0.13816993481906098;0.23955116911086805;0.15545174750778895;0.2450499867243222;0.6776629452041014;0.21918355237069287;1.0;0.17788214114008447;0.15171813086675942;0.16946632542149895;0.1271875208127646;0.2815417790374548;0.24505212722245343;0.7106691583545935;0.29999627496537795;0.3720461974117501;0.16363668603838355;0.29850429737999035;0.8303885688799914;0.22938358017154845;0.2493487698388939;0.4001326344569142;0.21918511676901603;0.27179287813897995;0.0;0.35107726795466054;0.8303885688799914;0.21452981303208735;0.9435752699646706;0.3720461974117501;0.2507891637057306;0.710671625003956;0.7461817663672266;0.6766349006623982;0.0;0.19428246772535812;0.25971418244783256;0.3016664656228619;0.23013773498090903;0.16832969964550026;0.364883652739491;0.21507767631633087;0.26204079472369424;0.46112990941834153;0.24966653740579406;0.5603718683633414;0.3720461974117501;0.2599544453856772;0.35017565469605394;0.2198961238559619;0.39121459452931806;0.3975242005044583;0.3720461974117501;0.6421885818794354;0.2777746461349175;0.31472565190763996;0.3720461974117501;0.24966654552553494;0.2147729647788203;0.3254348489179763;0.16734290498462545;0.0;0.8303885688799914;0.3710943775821877;0.21544340548907434;0.20243329136214935;0.35017565469605394;0.40526085365764253;0.3913897311580541;0.21519199296939862;0.20052045744575966;0.25966802245575965;0.0;0.2639738779697643;0.0;0.4612421189765343;0.2723234681947007;0.3775163416716786;0.3309857094067451;0.7102136926619829
GO:1905229;0.0;0.0;0.0;0.0;0.11080169880407068;0.0;0.16376864801612043;0.0;0.17788214114008447;1.0;0.10889167954289795;0.0;0.0956509919729636;0.0;0.0;0.1682658800301748;0.0;0.1893901260169986;0.11489806009259888;0.0;0.18315371360527768;0.0;0.5600405567538663;0.11704933870857637;0.0;0.37851275965668835;0.0;0.1838017745588664;0.18315371360527768;0.7794038401299104;0.18315371360527768;0.1893901260169986;0.0;0.16826620931212294;0.1729054660027701;0.1517172810533296;0.0;0.0;0.15521552170276443;0.0;0.1441443098900209;0.11719221019955653;0.0;0.13808814899243452;0.0;0.0;0.0;0.0;0.1893901260169986;0.1553013052741966;0.183554348175469;0.0;0.0;0.11651677240493154;0.1893901260169986;0.2688787168910408;0.0;0.17332108243616312;0.1893901260169986;0.0;0.13796247906962783;0.0;0.19771329442152547;0.0;0.18315371360527768;0.18914316892768118;0.0;0.0;0.183554348175469;0.0;0.0;0.08234856292081709;0.48477468313826677;0.1551990334077294;0.0;0.0;0.0;0.0;0.48176291131255294;0.0;0.1781405022312455;0.16820506117277095
GO:0006366;0.0;0.0;0.0;0.0;0.5329223563434341;0.0;0.14132986999811928;0.0;0.15171813086675942;0.10889167954289795;1.0;0.0;0.3813908063443184;0.0;0.0;0.14466659714105665;0.0;0.16001084115038958;0.8846065548871033;0.0;0.15553635577636976;0.0;0.1320622745695539;0.10512068020150918;0.0;0.13810227048347135;0.0;0.1560034630014317;0.15553635577636976;0.12160871178244538;0.15553635577636976;0.16001084115038958;0.0;0.14466684053637088;0.14808282958814323;0.13226328454697858;0.0;0.0;0.1349140790330425;0.0;0.12647081996976867;0.3554154363289426;0.0;0.41130558484154117;0.0;0.0;0.0;0.0;0.16001084115038958;0.1349788852960162;0.15582518263673154;0.0;0.0;0.3535749036963315;0.16001084115038958;0.13755626361912138;0.0;0.14838757335599806;0.16001084115038958;0.0;0.6481461750851485;0.0;0.5584641249856892;0.0;0.15553635577636976;0.1598345244274977;0.0;0.0;0.15582518263673154;0.0;0.0;0.4061891369215667;0.11697602062172255;0.13490162167254807;0.0;0.0;0.35019258594952524;0.0;0.1382391277204172;0.0;0.15190603858169327;0.14462163937918351
GO:0045762;0.13569341159027018;0.1642477569016114;0.3801463665217991;0.23838607594695374;0.0;0.16990922890709437;0.16161839586940066;0.16047308421445022;0.16946632542149895;0.0;0.0;1.0;0.0;0.11512284452178152;0.12210132053825941;0.16417956254324417;0.39931757786303423;0.0;0.0;0.229354125000016;0.17225995835406366;0.2788635624890653;0.0;0.30956053470843903;0.11532018548620171;0.0;0.0;0.0;0.17225995835406366;0.0;0.17225995835406366;0.0;0.17186898557731534;0.164179747948959;0.16676182066707293;0.15445730431195093;0.0;0.3839004848361188;0.0;0.18743736688198995;0.0;0.0;0.20315310827626618;0.0;0.3253182102358906;0.1592929560973717;0.2705881200016917;0.23610849717455037;0.0;0.0;0.0;0.44957112419909395;0.20877523848648608;0.13068509995644736;0.0;0.15867431870460652;0.23154857545668303;0.0;0.0;0.27058812434547913;0.0;0.15224560657573818;0.0;0.0;0.17225995835406366;0.0;0.4447424510634615;0.38765759132508537;0.0;0.13154348155759515;0.1500565731611024;0.24201400555105285;0.0;0.0;0.0;0.44418803772372484;0.0;0.22168258073893754;0.0;0.20590992499048333;0.0;0.16414531257262852
GO:0006682;0.0;0.0;0.0;0.0;0.2702680294275162;0.0;0.11980522145552819;0.0;0.1271875208127646;0.0956509919729636;0.3813908063443184;0.0;1.0;0.0;0.0;0.1221943826740796;0.0;0.1329643471034663;0.3981208338537858;0.0;0.1298599853769455;0.0;0.11307840241944561;0.09272900238807405;0.0;0.11747779274328571;0.0;0.13018543830701393;0.1298599853769455;0.10532600302747853;0.1298599853769455;0.1329643471034663;0.0;0.12219455632538434;0.12462279923803887;0.11322574368106562;0.0;0.0;0.11516277564589635;0.0;0.1089538398120068;0.2828215033012919;0.0;0.32133369555840574;0.0;0.0;0.0;0.0;0.1329643471034663;0.11520999240127246;0.13006126106771437;0.0;0.0;0.2815289262852203;0.1329643471034663;0.11708245841786653;0.0;0.1248385631757018;0.1329643471034663;0.0;0.3208745612570992;0.0;0.2816978991505169;0.0;0.1298599853769455;0.13284257550802078;0.0;0.0;0.13006126106771437;0.0;0.0;0.2116762929345484;0.10183302334707964;0.11515369866117747;0.0;0.0;0.2937122716698542;0.0;0.11757681057625917;0.0;0.12731955052845698;0.12216230583247985
GO:1900016;0.20828473301765285;0.33002681072418893;0.14429619552469142;0.30382286587345314;0.0;0.23305804959781207;0.2557605763184074;0.2130458956642472;0.2815417790374548;0.0;0.0;0.11512284452178152;0.0;1.0;0.30937101471569856;0.2639010273626861;0.1825414421391904;0.0;0.0;0.19505330414585398;0.29135035180932856;0.18483062533959907;0.0;0.17509867376514412;0.3166613917118423;0.0;0.0;0.0;0.29135035180932856;0.0;0.29135035180932856;0.0;0.23737790818189097;0.26390162593057476;0.2723720004439998;0.2342823240540029;0.0;0.1291228314351525;0.0;0.1833130985319727;0.0;0.0;0.21108093650437704;0.0;0.2054633299217831;0.31061349476579314;0.19777732398593828;0.28225600274015716;0.0;0.0;0.0;0.1429507107081441;0.27723941691490656;0.17421833806368567;0.0;0.2467091616005604;0.21501263659203446;0.0;0.0;0.1977773290812937;0.0;0.22800460992718927;0.0;0.0;0.29135035180932856;0.0;0.14059043695345597;0.16692406965205256;0.0;0.3305094098670237;0.38592884150317164;0.14925784359196886;0.0;0.0;0.0;0.16538242326764943;0.0;0.2486254964876962;0.0;0.270289204909528;0.0;0.26379047738772865
GO:1902236;0.14504001310463355;0.41832591402767433;0.24806066737221674;0.3358249572460547;0.0;0.5220688679679909;0.22897434320788893;0.14595496601227168;0.24505212722245343;0.0;0.0;0.12210132053825941;0.0;0.30937101471569856;1.0;0.23414931113418977;0.17785945100106845;0.0;0.0;0.13849777100737834;0.2509368292073186;0.2092990323378322;0.0;0.17215338420082932;0.20310248867096162;0.0;0.0;0.0;0.2509368292073186;0.0;0.2509368292073186;0.0;0.19114252120793326;0.23414968824667057;0.23943702719506305;0.21486116785920936;0.0;0.2130279196557182;0.0;0.1784451910902085;0.0;0.0;0.19882131204426323;0.0;0.32360348827242663;0.44321270114897526;0.22107570329694204;0.24548482585290998;0.0;0.0;0.0;0.14627059640247556;0.2063905051927791;0.1714716209629129;0.0;0.22310949692885074;0.23629070601142557;0.0;0.0;0.2210757078721329;0.0;0.16854785719886342;0.0;0.0;0.2509368292073186;0.0;0.14428697579845196;0.2733011017959521;0.0;0.18769586629569887;0.6068701728038604;0.17530032736089318;0.0;0.0;0.0;0.164546867072662;0.0;0.35541385996581626;0.0;0.20251383559754293;0.0;0.23407965342722234
GO:0008625;0.29889758984454246;0.46099460983552665;0.13463517890666307;0.22912193794501923;0.1480573398742399;0.2341473568674669;0.7055261797608053;0.21041995900106056;0.7106691583545935;0.1682658800301748;0.14466659714105665;0.16417956254324417;0.1221943826740796;0.2639010273626861;0.23414931113418977;1.0;0.28381761548904066;0.3323237427412264;0.1554635792114453;0.2723822491434813;0.746728546235495;0.219803180563624;0.23085504319291472;0.43138445284806126;0.21042140080151595;0.2499657583907347;0.0;0.31549209877520434;0.746728546235495;0.20069712319100338;0.746728546235495;0.3323237427412264;0.23938175156089933;0.736885255390298;0.6779315060961894;0.5511866094714174;0.0;0.18736557966638911;0.2397125995945271;0.28531206980708357;0.21429338464968858;0.15969344053475013;0.341225378785267;0.20117653383833797;0.2496121996076297;0.42398013933483275;0.23835872197065494;0.5064460394994891;0.3323237427412264;0.23991726584514292;0.3147638078342068;0.21107660292736996;0.3641452916119512;0.37728882020111715;0.3323237427412264;0.5909836375751303;0.2638483900613223;0.2858248457432286;0.3323237427412264;0.23835872937153885;0.20090991389042448;0.30209286925647283;0.15880503738266163;0.0;0.848511908774014;0.3315641122451449;0.20697056340290387;0.1949350536685789;0.3147638078342068;0.3696891612816522;0.3642970255867904;0.20818911840161258;0.1883842992638673;0.23967327519849166;0.0;0.2513656457295392;0.0;0.42407499554764855;0.250414478901203;0.352248278162313;0.29917241609670087;0.6481107566932377
GO:0051091;0.24030435915786486;0.2840214700459809;0.2952510123194475;0.3798657922607007;0.0;0.21337618710406905;0.276249821365255;0.19654159523035977;0.29999627496537795;0.0;0.0;0.39931757786303423;0.0;0.1825414421391904;0.17785945100106845;0.28381761548904066;1.0;0.0;0.0;0.28443769236585137;0.30886342246615606;0.6588810698412509;0.0;0.7682018395568138;0.16382683356567398;0.0;0.0;0.0;0.30886342246615606;0.0;0.30886342246615606;0.0;0.2169801504641027;0.283818169558203;0.2916239372182214;0.25596537275267817;0.0;0.3875200650404582;0.0;0.24702558237436847;0.0;0.0;0.2801557334525591;0.0;0.40885346292231073;0.26952442528022974;0.3949122745874667;0.3606830776453692;0.0;0.0;0.0;0.6713238696462588;0.29276663932577174;0.1966769799046896;0.0;0.2677580878208319;0.42329734689112397;0.0;0.0;0.3949122838614079;0.0;0.24994804705710677;0.0;0.0;0.30886342246615606;0.0;0.6611194047137574;0.3365567367366191;0.0;0.22758908413599774;0.24410185044035076;0.40869696314629533;0.0;0.0;0.0;0.4092773385361258;0.0;0.32339376501978434;0.0;0.28628678113498945;0.0;0.2837152780148479
GO:0002244;0.0;0.0;0.0;0.0;0.16416935479687364;0.0;0.31522737822580277;0.0;0.3720461974117501;0.1893901260169986;0.16001084115038958;0.0;0.1329643471034663;0.0;0.0;0.3323237427412264;0.0;1.0;0.17332507753645837;0.0;0.3958776174692267;0.0;0.27256472056252434;0.1782676019735607;0.0;0.2996094199913227;0.33459298081011657;0.398917765651227;0.3958776174692267;0.2314941662532147;0.3958776174692267;0.8613692629559758;0.0;0.33232502713848366;0.3509208314586657;0.2734223569584814;0.0;0.0;0.5759767161921346;0.0;0.24977330218912222;0.17859921366400178;0.0;0.2321322309302584;0.0;0.0;0.0;0.0;0.8613692629559758;0.48320372346533486;0.6736929327793072;0.0;0.0;0.177035211448602;0.8613692629559758;0.2970513997292837;0.0;0.3526370384665503;0.8613692629559758;0.0;0.23177731921827102;0.0;0.17748873790561923;0.3541458491954487;0.3958776174692267;0.719780023408185;0.0;0.0;0.6736929327793072;0.0;0.0;0.1085818633297837;0.21526537934928722;0.3888202548782012;0.0;0.0;0.0;0.0;0.3002543026038131;0.0;0.37317819426169485;0.3320865967136374
GO:0006367;0.0;0.0;0.0;0.0;0.5258700868747408;0.0;0.15161682421624872;0.0;0.16363668603838355;0.11489806009259888;0.8846065548871033;0.0;0.3981208338537858;0.0;0.0;0.1554635792114453;0.0;0.17332507753645837;1.0;0.0;0.16808717109795196;0.0;0.1410016773149505;0.11070758121214397;0.0;0.1479084359054471;0.0;0.16863283740970225;0.16808717109795196;0.12914850661907923;0.16808717109795196;0.17332507753645837;0.0;0.15546386029346132;0.15941573719558247;0.14123084499841135;0.0;0.0;0.14425738981549605;0.0;0.13464583801304925;0.3385335493655988;0.0;0.3950746595331007;0.0;0.0;0.0;0.0;0.17332507753645837;0.14433148551797995;0.16842454226181655;0.0;0.0;0.3366876679407299;0.17332507753645837;0.1472823117627897;0.0;0.15976896608216062;0.17332507753645837;0.0;0.6466233248393415;0.0;0.5524097328544834;0.0;0.16808717109795196;0.17311821698531496;0.0;0.0;0.16842454226181655;0.0;0.0;0.3960616158237135;0.12393586106721197;0.1442431473607325;0.0;0.0;0.37704498134710246;0.0;0.14806542973384046;0.0;0.16385529766324947;0.15541166151652772
GO:0043547;0.4045333429148878;0.2726998517970519;0.18807926283171467;0.1355238421949892;0.0;0.13849661496395305;0.26078947613603654;0.12446084220919587;0.29850429737999035;0.0;0.0;0.229354125000016;0.0;0.19505330414585398;0.13849777100737834;0.2723822491434813;0.28443769236585137;0.0;0.0;1.0;0.31365361198620384;0.13001138827063272;0.0;0.1594453466707572;0.12446169508791637;0.0;0.0;0.0;0.31365361198620384;0.0;0.31365361198620384;0.0;0.14159301940215074;0.27238311199075116;0.28475078148824895;0.23150598920966006;0.0;0.33460314116342;0.0;0.16876363635804859;0.0;0.0;0.20184114705879336;0.0;0.2501541447653381;0.25080037327368326;0.28608821544519;0.2995919083294895;0.0;0.0;0.0;0.12484927167281731;0.21540066319786358;0.15845873938139854;0.0;0.2482240785089732;0.15606642210380467;0.0;0.0;0.28608822432888514;0.0;0.22328571624738167;0.0;0.0;0.31365361198620384;0.0;0.12242039891574674;0.11530099979378673;0.0;0.27325729506428487;0.21549043047413197;0.10129825408305544;0.0;0.0;0.0;0.14868213651828235;0.0;0.2508564937877765;0.0;0.20836230952590473;0.0;0.27222291581836766
GO:0009755;0.3493392690299518;0.5309235673718976;0.14002137412379087;0.24517160576516678;0.1594626934392612;0.2509345846710868;0.710373555949086;0.22387950702422718;0.8303885688799914;0.18315371360527768;0.15553635577636976;0.17225995835406366;0.1298599853769455;0.29135035180932856;0.2509368292073186;0.746728546235495;0.30886342246615606;0.3958776174692267;0.16808717109795196;0.31365361198620384;1.0;0.23453190389329304;0.2598319207425471;0.4113158725294566;0.2238811391746027;0.28429547186237797;0.0;0.3722217246697123;0.8800448626754314;0.2222443614541778;0.8800448626754314;0.3958776174692267;0.2569560975029328;0.7467312695516742;0.7860360710340938;0.6205789323573007;0.0;0.19796307425150655;0.2711069276702833;0.31063409706475886;0.23903893549407657;0.17304279664075378;0.3780858564443553;0.22283238981928957;0.26878093538603637;0.48241859883791827;0.25577771107638125;0.5921253669683854;0.3958776174692267;0.2713687425384645;0.371208394120592;0.22462299072353728;0.40643068669790694;0.40856009778226265;0.3958776174692267;0.6714901140808478;0.2853602053519439;0.3316127680109612;0.3958776174692267;0.2557777195984864;0.22250532586801133;0.33861175684581707;0.17200014059458094;0.0;0.8800448626754314;0.3948001312111218;0.2199788059177148;0.20643238297698344;0.371208394120592;0.42589989939921136;0.4066197152611862;0.21890032831373238;0.20724455362113553;0.27105662949408194;0.0;0.2708151280240176;0.0;0.48254140954539615;0.28487605156415396;0.3916662456266165;0.34971473933666786;0.7462257035714537
GO:0045892;0.13575980988817474;0.21992542787720065;0.2021072232993025;0.5210493018281973;0.0;0.15040787910023692;0.2152367345973689;0.14024903293264515;0.22938358017154845;0.0;0.0;0.2788635624890653;0.0;0.18483062533959907;0.2092990323378322;0.219803180563624;0.6588810698412509;0.0;0.0;0.13001138827063272;0.23453190389329304;1.0;0.0;0.6387108308505953;0.1951624059662626;0.0;0.0;0.0;0.23453190389329298;0.0;0.23453190389329298;0.0;0.1525506253642948;0.21980351288099162;0.22445636019882118;0.20271994755399958;0.0;0.2568670929957972;0.0;0.16998976413010192;0.0;0.0;0.18838112580834565;0.0;0.3104192043605109;0.21113197119711324;0.47693855590859335;0.22976267179755847;0.0;0.0;0.0;0.5464443294891697;0.1951627101346187;0.1636496662064977;0.0;0.21004653953397107;0.5705794661163872;0.0;0.0;0.4769385653603313;0.0;0.1592018705933131;0.0;0.0;0.23453190389329298;0.0;0.5393203514223401;0.2639577793608641;0.0;0.17617829614823877;0.27163648543670893;0.6129136409876017;0.0;0.0;0.0;0.3117840469253631;0.0;0.21115549101657594;0.0;0.1916928095055212;0.0;0.21974179598683927
GO:0071773;0.0;0.0;0.0;0.0;0.1348821497402109;0.0;0.22247327430504132;0.0;0.2493487698388939;0.5600405567538663;0.1320622745695539;0.0;0.11307840241944561;0.0;0.0;0.23085504319291472;0.0;0.27256472056252434;0.1410016773149505;0.0;0.2598319207425471;0.0;1.0;0.14425532965784557;0.0;0.5093801793504896;0.0;0.26113813139895503;0.2598319207425471;0.655360583653151;0.2598319207425471;0.27256472056252434;0.0;0.23085566299759183;0.23967858697339794;0.20080506573075732;0.0;0.0;0.20697927005471822;0.0;0.187749738715178;0.1444723970625364;0.0;0.17760417891713906;0.0;0.0;0.0;0.0;0.27256472056252434;0.20713183950502873;0.2606389696789399;0.0;0.0;0.1434472755433968;0.27256472056252434;0.3612713166500985;0.0;0.24047793713894297;0.27256472056252434;0.0;0.17739634721057965;0.0;0.24350554733525043;0.0;0.2598319207425471;0.27205351274812;0.0;0.0;0.2606389696789399;0.0;0.0;0.0949464754841825;0.5056841485777507;0.20694995141824363;0.0;0.0;0.0;0.0;0.648584764059208;0.0;0.2498567308425474;0.23074057983495166
GO:0030509;0.16817865347011232;0.26974412344758797;0.22103822167549486;0.36787246124541545;0.10689961876673328;0.17215232779653772;0.47074571481659866;0.15897252553325883;0.4001326344569142;0.11704933870857637;0.10512068020150918;0.30956053470843903;0.09272900238807405;0.17509867376514412;0.17215338420082932;0.43138445284806126;0.7682018395568138;0.1782676019735607;0.11070758121214397;0.1594453466707572;0.4113158725294566;0.6387108308505953;0.14425532965784557;1.0;0.1589733484856567;0.15149269702786797;0.0;0.1733077680999701;0.41131587252945656;0.13187283676998382;0.41131587252945656;0.1782676019735607;0.17496520488790795;0.3796383754660423;0.3895412751790617;0.3440784000831661;0.0;0.28824261538728885;0.1476648452466231;0.19829748402273858;0.13760969305731643;0.11283589185835123;0.2237833040231335;0.13207965102406416;0.3574382626690935;0.2566342991315328;0.34564640122984264;0.28469440770217314;0.1782676019735607;0.14774248361117628;0.1730877714609902;0.6495710813805301;0.23341848475174848;0.26719848873714513;0.1782676019735607;0.35917720969984385;0.40849189632615085;0.163959248983201;0.1782676019735607;0.3456464090830119;0.1319646749287433;0.19113126176038814;0.11239162903663609;0.0;0.46738057339373823;0.17804878302047575;0.639986149641843;0.29720151239955345;0.1730877714609902;0.21613484147202966;0.23348082075698756;0.4276002482645384;0.1264425782083103;0.1476499220477898;0.0;0.35924908900890756;0.0;0.2566690500113349;0.15165739613953624;0.22847215686539268;0.16826562568478687;0.37950765790069835
GO:0050713;0.12971991018609852;0.21053343249084125;0.09991910607045643;0.20036206316093963;0.0;0.1459549003577821;0.2062327373269904;0.5848923020513961;0.21918511676901603;0.0;0.0;0.11532018548620171;0.0;0.3166613917118423;0.20310248867096162;0.21042140080151595;0.16382683356567398;0.0;0.0;0.12446169508791637;0.2238811391746027;0.1951624059662626;0.0;0.1589733484856567;1.0;0.0;0.0;0.0;0.22388113917460267;0.0;0.22388113917460267;0.0;0.17752139675817258;0.21042170535591787;0.21468198787806594;0.19471325139871207;0.0;0.1262980875963801;0.0;0.1643236641246715;0.0;0.0;0.18144766406884769;0.0;0.1518180717961281;0.2024612107868319;0.20536317807622714;0.2195312232645609;0.0;0.0;0.0;0.136645003522393;0.2252203054533179;0.1583918042044261;0.0;0.20146289062179776;0.21842837661369816;0.0;0.0;0.2053631820241834;0.0;0.37768455193046874;0.0;0.0;0.22388113917460267;0.0;0.13491231775815846;0.12969276470328928;0.0;0.21072972347993485;0.2612903416780537;0.1652733953036478;0.0;0.0;0.0;0.1524649375325657;0.0;0.20248283835310799;0.0;0.22136586959081506;0.0;0.21036514383469285
GO:0072429;0.0;0.0;0.0;0.0;0.14118899809253044;0.0;0.24016827299893567;0.0;0.27179287813897995;0.37851275965668835;0.13810227048347135;0.0;0.11747779274328571;0.0;0.0;0.2499657583907347;0.0;0.2996094199913227;0.1479084359054471;0.0;0.28429547186237797;0.0;0.5093801793504896;0.15149269702786797;0.0;1.0;0.0;0.28585996515500245;0.28429547186237797;0.44695346500132904;0.28429547186237797;0.2996094199913227;0.0;0.24996648506077376;0.26034347136803715;0.21511022763700083;0.0;0.0;0.22221100853575113;0.0;0.20019761592641358;0.15173210965993159;0.0;0.1887033309321784;0.0;0.0;0.0;0.0;0.2996094199913227;0.22238686914752315;0.28526192715762333;0.0;0.0;0.15060177833399696;0.2996094199913227;0.3887260848019233;0.0;0.2612868735567267;0.2996094199913227;0.0;0.18846872833429132;0.0;0.25567696237184606;0.0;0.28429547186237797;0.2989918469727532;0.0;0.0;0.28526192715762333;0.0;0.0;0.09802888226770373;0.41901479753315973;0.22217721631913231;0.0;0.0;0.0;0.0;0.39195597277247357;0.0;0.2723965093678988;0.24983156504968695
GO:0035115;0.0;0.0;0.0;0.0;0.0;0.0;0.0;0.0;0.0;0.0;0.0;0.0;0.0;0.0;0.0;0.0;0.0;0.33459298081011657;0.0;0.0;0.0;0.0;0.0;0.0;0.0;0.0;1.0;0.0;0.0;0.0;0.0;0.33459298081011657;0.0;0.0;0.0;0.0;0.0;0.0;0.24089105567322808;0.0;0.0;0.0;0.0;0.0;0.0;0.0;0.0;0.0;0.33459298081011657;0.32361845985854104;0.31679883509276563;0.0;0.0;0.0;0.33459298081011657;0.0;0.0;0.0;0.33459298081011657;0.0;0.0;0.0;0.0;0.48310270737912603;0.0;0.3338229527982254;0.0;0.0;0.31679883509276563;0.0;0.0;0.0;0.0;0.2408513437118614;0.0;0.0;0.0;0.0;0.0;0.0;0.0;0.0
GO:0051402;0.0;0.0;0.0;0.0;0.15995371873214725;0.0;0.3000434294758654;0.0;0.35107726795466054;0.1838017745588664;0.1560034630014317;0.0;0.13018543830701393;0.0;0.0;0.31549209877520434;0.0;0.398917765651227;0.16863283740970225;0.0;0.3722217246697123;0.0;0.26113813139895503;0.1733077680999701;0.0;0.28585996515500245;0.0;1.0;0.3722217246697123;0.22319929686938245;0.3722217246697123;0.398917765651227;0.0;0.315493256361877;0.3322056989395596;0.26192526276482464;0.0;0.0;0.2725292701969871;0.0;0.24014400813706427;0.17362116779531;0.0;0.2237923960921945;0.0;0.0;0.0;0.0;0.398917765651227;0.27279384079693725;0.37388017385227224;0.0;0.0;0.17214277566601272;0.398917765651227;0.283530426502492;0.0;0.33374333044776755;0.398917765651227;0.0;0.2234625100432612;0.0;0.17257155137789554;0.0;0.3722217246697123;0.3978236895724262;0.0;0.0;0.37388017385227224;0.0;0.0;0.10672155002140513;0.20807469645358337;0.2724784429144492;0.0;0.0;0.0;0.0;0.28644695895829303;0.0;0.352085086694137;0.3152783587852469
GO:0035556;0.3493392690299518;0.5309235673718976;0.14002137412379087;0.24517160576516678;0.1594626934392612;0.2509345846710868;0.710373555949086;0.22387950702422718;0.8303885688799914;0.18315371360527768;0.15553635577636976;0.17225995835406366;0.1298599853769455;0.29135035180932856;0.2509368292073186;0.746728546235495;0.30886342246615606;0.3958776174692267;0.16808717109795196;0.31365361198620384;0.8800448626754314;0.23453190389329298;0.2598319207425471;0.41131587252945656;0.22388113917460267;0.28429547186237797;0.0;0.3722217246697123;1.0;0.2222443614541778;0.8800448626754314;0.3958776174692267;0.2569560975029328;0.8485150032937308;0.893177273536328;0.7051673825703316;0.0;0.19796307425150655;0.2711069276702833;0.31063409706475886;0.23903893549407657;0.17304279664075378;0.3780858564443553;0.22283238981928957;0.26878093538603637;0.48241859883791827;0.25577771107638125;0.5921253669683854;0.3958776174692267;0.2713687425384645;0.371208394120592;0.22462299072353728;0.40643068669790694;0.46424917082090106;0.3958776174692267;0.6714901140808478;0.2853602053519439;0.3316127680109612;0.3958776174692267;0.2557777195984864;0.22250532586801133;0.33861175684581707;0.17200014059458094;0.0;0.8800448626754314;0.3948001312111218;0.2199788059177148;0.20643238297698344;0.371208394120592;0.42589989939921136;0.4066197152611862;0.21890032831373238;0.20724455362113553;0.27105662949408194;0.0;0.2708151280240176;0.0;0.48254140954539615;0.28487605156415396;0.3916662456266165;0.34971473933666786;0.8479405257850687
GO:1904588;0.0;0.0;0.0;0.0;0.1239957990200364;0.0;0.1943320408312073;0.0;0.21452981303208735;0.7794038401299104;0.12160871178244538;0.0;0.10532600302747853;0.0;0.0;0.20069712319100338;0.0;0.2314941662532147;0.12914850661907923;0.0;0.2222443614541778;0.0;0.655360583653151;0.13187283676998382;0.0;0.44695346500132904;0.0;0.22319929686938245;0.2222443614541778;1.0;0.2222443614541778;0.2314941662532147;0.0;0.20069759163562664;0.2073327743883572;0.1775926413355584;0.0;0.0;0.18240480879575022;0.0;0.1673038435068893;0.132054215135728;0.0;0.15919997462223048;0.0;0.0;0.0;0.0;0.2314941662532147;0.1825232897217289;0.2228345370808244;0.0;0.0;0.1311972264470163;0.2314941662532147;0.3172342854938728;0.0;0.20793066135988955;0.2314941662532147;0.0;0.15903296399852224;0.0;0.22267131224390496;0.0;0.2222443614541778;0.23112530668345216;0.0;0.0;0.2228345370808244;0.0;0.0;0.0894201661424743;0.5551106385676053;0.18238203843360262;0.0;0.0;0.0;0.0;0.5689905039840163;0.0;0.21490570902523748;0.20061060684370458
GO:0007186;0.3493392690299518;0.5309235673718976;0.14002137412379087;0.24517160576516678;0.1594626934392612;0.2509345846710868;0.710373555949086;0.22387950702422718;0.9435752699646706;0.18315371360527768;0.15553635577636976;0.17225995835406366;0.1298599853769455;0.29135035180932856;0.2509368292073186;0.746728546235495;0.30886342246615606;0.3958776174692267;0.16808717109795196;0.31365361198620384;0.8800448626754314;0.23453190389329298;0.2598319207425471;0.41131587252945656;0.22388113917460267;0.28429547186237797;0.0;0.3722217246697123;0.8800448626754314;0.2222443614541778;1.0;0.3958776174692267;0.2569560975029328;0.7467312695516742;0.7860360710340938;0.7051673825703316;0.0;0.19796307425150655;0.2711069276702833;0.31063409706475886;0.23903893549407657;0.17304279664075378;0.3780858564443553;0.22283238981928957;0.26878093538603637;0.48241859883791827;0.25577771107638125;0.5921253669683854;0.3958776174692267;0.2713687425384645;0.371208394120592;0.22462299072353728;0.40643068669790694;0.40856009778226265;0.3958776174692267;0.6714901140808478;0.2853602053519439;0.3316127680109612;0.3958776174692267;0.2557777195984864;0.22250532586801133;0.33861175684581707;0.17200014059458094;0.0;0.8800448626754314;0.3948001312111218;0.2199788059177148;0.20643238297698344;0.371208394120592;0.42589989939921136;0.4066197152611862;0.21890032831373238;0.20724455362113553;0.27105662949408194;0.0;0.2708151280240176;0.0;0.48254140954539615;0.28487605156415396;0.3916662456266165;0.34971473933666786;0.7462257035714537
GO:0030182;0.0;0.0;0.0;0.0;0.16416935479687364;0.0;0.31522737822580277;0.0;0.3720461974117501;0.1893901260169986;0.16001084115038958;0.0;0.1329643471034663;0.0;0.0;0.3323237427412264;0.0;0.8613692629559758;0.17332507753645837;0.0;0.3958776174692267;0.0;0.27256472056252434;0.1782676019735607;0.0;0.2996094199913227;0.33459298081011657;0.398917765651227;0.3958776174692267;0.2314941662532147;0.3958776174692267;1.0;0.0;0.33232502713848366;0.3509208314586657;0.2734223569584814;0.0;0.0;0.5759767161921346;0.0;0.24977330218912222;0.17859921366400178;0.0;0.2321322309302584;0.0;0.0;0.0;0.0;0.8613692629559758;0.48320372346533486;0.6736929327793072;0.0;0.0;0.177035211448602;0.8613692629559758;0.2970513997292837;0.0;0.3526370384665503;0.8613692629559758;0.0;0.23177731921827102;0.0;0.17748873790561923;0.3541458491954487;0.3958776174692267;0.719780023408185;0.0;0.0;0.6736929327793072;0.0;0.0;0.1085818633297837;0.21526537934928722;0.3888202548782012;0.0;0.0;0.0;0.0;0.3002543026038131;0.0;0.37317819426169485;0.3320865967136374
GO:0090026;0.14843817700995995;0.28735964938426456;0.18903146317751268;0.18833069656378904;0.0;0.2841019249739333;0.23397558358474696;0.23545846911172788;0.2507891637057306;0.0;0.0;0.17186898557731534;0.0;0.23737790818189097;0.19114252120793326;0.23938175156089933;0.2169801504641027;0.0;0.0;0.14159301940215074;0.2569560975029328;0.1525506253642948;0.0;0.17496520488790795;0.17752139675817258;0.0;0.0;0.0;0.2569560975029328;0.0;0.2569560975029328;0.0;1.0;0.23938214571607477;0.24491122350121539;0.2192589698227796;0.0;0.18951111256215875;0.0;0.25252175439821567;0.0;0.0;0.2819017553648026;0.0;0.1995541126072759;0.2748903046488082;0.16126344100746068;0.34961607623508445;0.0;0.0;0.0;0.20636045890959992;0.2928446839410095;0.17426103453037847;0.0;0.2278551643671649;0.17254077243729612;0.0;0.0;0.16126344439507012;0.0;0.25772955109518003;0.0;0.0;0.25695609750293275;0.0;0.2035237322344182;0.24989709434194127;0.0;0.19189722339564846;0.25253126458546055;0.12747529082248565;0.0;0.0;0.0;0.2325471034046872;0.0;0.3188883597185141;0.0;0.28723813877581167;0.0;0.2393089463274486
GO:0008631;0.29889862885827145;0.4609960716003602;0.1346353035881415;0.22912229903752088;0.14805759481283165;0.2341477339736528;0.6208965727988304;0.21042026355128893;0.710671625003956;0.16826620931212294;0.14466684053637088;0.164179747948959;0.12219455632538434;0.26390162593057476;0.23414968824667057;0.736885255390298;0.283818169558203;0.33232502713848366;0.15546386029346132;0.27238311199075116;0.7467312695516742;0.21980351288099162;0.23085566299759183;0.3796383754660423;0.21042170535591787;0.24996648506077376;0.0;0.315493256361877;0.8485150032937308;0.20069759163562664;0.7467312695516742;0.33232502713848366;0.23938214571607477;1.0;0.7703399900108505;0.6263181760706669;0.0;0.1873658211371883;0.23971326787363523;0.28531262972656557;0.21429391871400474;0.15969373712024845;0.34122617966647983;0.20117700452360948;0.24961262817272611;0.4239813757853218;0.238359112764078;0.5064478037177336;0.33232502713848366;0.23991793526589117;0.3147649600826263;0.21107690938134582;0.36414620369613176;0.4287162296134975;0.33232502713848366;0.590985343355615;0.26384886890540277;0.285825795858611;0.33232502713848366;0.2383591201649861;0.20091038332891967;0.30209365361088414;0.1588053306774197;0.0;0.7467312695516742;0.33156539077731356;0.20697085805003693;0.19493531504409536;0.3147649600826263;0.3696903359224571;0.3642979384312343;0.20818936364984733;0.18838471199317575;0.23967394325835767;0.0;0.2513660803368553;0.0;0.4240762325514574;0.2504152081825189;0.35224913162246296;0.2991734570219878;0.7364542828186456
