;GO:0045925;GO:0002003;GO:0071493;GO:0001666;GO:0071492;GO:0002755;GO:0045651;GO:0050435;GO:0035556;GO:1902042;GO:0050729;GO:1902600;GO:0006974;GO:0045931;GO:0045932;GO:0017055;GO:0071407;GO:0035666;GO:0090399;GO:0043123;GO:0043124;GO:0045944;GO:0043401;GO:0060544;GO:1990542;GO:0031338;GO:0071550;GO:0051384;GO:0010631;GO:0042448;GO:0008050;GO:0034166;GO:0000209;GO:0036462;GO:0071391;GO:0071260;GO:0005978;GO:0008209;GO:0015939;GO:0010803;GO:2000145;GO:0032496;GO:0042572;GO:0006366;GO:0006006;GO:0006886;GO:0006367;GO:0097296;GO:0032803;GO:0050994;GO:0032802;GO:0097202;GO:0010977;GO:0006919;GO:0051603;GO:0030225;GO:0031032;GO:0042904;GO:1900740;GO:0045214;GO:0045732;GO:0043312;GO:0060715;GO:0000303;GO:0030855;GO:0030218;GO:0010989;GO:0032355;GO:0034138;GO:0032870;GO:0018105;GO:0014883;GO:0090630;GO:0042994;GO:0045471;GO:0032868;GO:0060509;GO:0043297;GO:0010831;GO:0070423;GO:0019388;GO:0045070;GO:0032467;GO:0030049;GO:0039650;GO:0006351;GO:0050707;GO:0006355;GO:0002154;GO:0002155;GO:1901216;GO:0006631;GO:0006511;GO:0046449;GO:0006357;GO:0045087;GO:0071345
GO:0045925;1.0;0.22978009346117054;0.0;0.0;0.0;0.15706310333767334;0.1682617272862025;0.0;0.2976877445226369;0.16204226577953035;0.24509374996447372;0.0;0.0;0.26907708528739493;0.27772587306475194;0.10164094654555085;0.0;0.1537287520353088;0.0;0.19931681877506804;0.2004293616005501;0.12264191130292312;0.2866581744912107;0.2980136016222401;0.0;0.2712534723967194;0.0;0.0;0.0;0.2564128879436982;0.7323994526931483;0.1571531778376175;0.0;0.2548192879435551;0.0;0.0;0.0;0.2887115111945886;0.0;0.25889210242640726;0.2958619866032587;0.0;0.23814633797245735;0.0;0.0;0.0;0.0;0.09400089924090156;0.20454864934969816;0.2985329184124995;0.0;0.1045926939282717;0.15592997029684005;0.11383279867630942;0.0;0.0;0.0;0.16701081975156348;0.12528198155923656;0.0;0.20550926318163054;0.0;0.24262691849186846;0.0;0.0;0.0;0.279397757354846;0.0;0.15710328082062655;0.0;0.0;0.27956718247457985;0.27235594871262936;0.18776262694120197;0.0;0.0;0.0;0.0;0.21783882899386822;0.14703294858520252;0.0;0.25022116115833576;0.23354931017849534;0.0;0.10381163105156598;0.0;0.2117063090313587;0.18453654203709;0.27582758268064417;0.2797608575594044;0.26898617143096576;0.0;0.0;0.0;0.17918016092091252;0.0;0.0
GO:0002003;0.22978009346117054;1.0;0.16001172124195087;0.0;0.16006699608000283;0.1767433067465942;0.12277641114297505;0.6535005490350483;0.27233434937494994;0.11943158713017074;0.15918912161075902;0.0;0.19313666111577268;0.16897109395069282;0.17234135945631385;0.08305427470974064;0.17799238569089154;0.17394000380410654;0.19498989821904958;0.13852520339862812;0.13906167619399906;0.09656625540466392;0.26614841782762017;0.17994296601561693;0.0;0.1698267567586474;0.18766643667969046;0.0;0.1903515989670565;0.5578526863776639;0.0;0.17681861125406026;0.5606110883911666;0.24721190462458265;0.18864979542981303;0.1749441129413916;0.347274526691464;0.6054428509538431;0.4988429341165964;0.16489737609748176;0.17915627135624032;0.0;0.5293254601676136;0.41050849840093273;0.3192100277371011;0.0;0.4349978906276854;0.0778818565894737;0.14103223785072558;0.18013216996913808;0.5148344040091327;0.39677606350880057;0.11607795524186919;0.0910201420846814;0.6062366038229656;0.1844720753637428;0.18323265203907516;0.4053806723000226;0.1438518408826229;0.17879841787134046;0.1414882322781303;0.13321562589825342;0.18413186454945843;0.0;0.19951260380778435;0.19433899863618204;0.17298369453976475;0.0;0.17677689885681017;0.16925520072865752;0.5282986588452846;0.17304862403320498;0.17025824739029538;0.14333910207216657;0.0;0.0;0.18472295124842938;0.17923418869526864;0.14722521586771817;0.168216697248572;0.27052379342896904;0.16133639634472355;0.15423730169065816;0.19147673872634277;0.08449801977310474;0.4170249245381983;0.14439829187426506;0.1312207527097233;0.25989218678252324;0.17312281022164017;0.1689352384264256;0.41568254788880193;0.5813489238469532;0.5608349578342668;0.12848945413278012;0.0;0.17803913171163044
GO:0071493;0.0;0.16001172124195087;1.0;0.3262210625276875;0.8871609565942984;0.1471637936049878;0.0;0.22487099777597977;0.25817406293726675;0.0;0.0;0.0;0.45702893997422395;0.0;0.0;0.0;0.4077937677523314;0.14431463450133789;0.27781109719030317;0.0;0.0;0.0;0.2500676866931183;0.0;0.0;0.0;0.26317861923865543;0.20828210176331807;0.26848998358816667;0.176560454378964;0.0;0.1472406104342244;0.17193273748581211;0.22612411304715888;0.44210777656807837;0.6023455457998111;0.13850614009913834;0.19613960396494906;0.1744059642126887;0.0;0.0;0.20724199693004092;0.16525042272446783;0.13019039158908416;0.0;0.0;0.13961491494073355;0.0;0.0;0.0;0.15457568237169642;0.0;0.0;0.0;0.0;0.256939149502803;0.25454101128022355;0.11948717112305611;0.09129510648672924;0.24606371377540714;0.0;0.16728774130544116;0.25627962203623206;0.21632280432189235;0.28708308965052504;0.27649170588527333;0.0;0.21506879920608857;0.14719805851755585;0.38078775539506793;0.15960470176347422;0.0;0.0;0.0;0.21591216391326684;0.20076596236201077;0.25742610614549044;0.24688979802640018;0.0;0.13856016911670233;0.0;0.0;0.0;0.2707338894413576;0.0;0.13267625575576356;0.0;0.0;0.2420144168166947;0.0;0.0;0.20593117993673224;0.16484707949901606;0.20279985533378875;0.0;0.24071631740642022;0.4079409225525281
GO:0001666;0.0;0.0;0.3262210625276875;1.0;0.3264215672497043;0.0;0.0;0.0;0.0;0.0;0.0;0.0;0.47992152827689377;0.0;0.0;0.0;0.29575208413835663;0.0;0.0;0.0;0.0;0.0;0.0;0.0;0.0;0.0;0.0;0.2954321957277418;0.0;0.0;0.0;0.0;0.0;0.0;0.33235257592863754;0.38461635914409864;0.0;0.0;0.0;0.0;0.0;0.2933439464144293;0.0;0.0;0.0;0.0;0.0;0.0;0.0;0.0;0.0;0.0;0.0;0.0;0.0;0.0;0.0;0.0;0.0;0.0;0.0;0.0;0.0;0.42872761409306015;0.0;0.0;0.0;0.3092752564709322;0.0;0.2687119390536292;0.0;0.0;0.0;0.0;0.3110222752459553;0.28053522342303944;0.0;0.0;0.0;0.0;0.0;0.0;0.0;0.0;0.0;0.0;0.0;0.0;0.0;0.0;0.0;0.0;0.0;0.0;0.0;0.5020811631755708;0.2959035350460592
GO:0071492;0.0;0.16006699608000283;0.8871609565942984;0.3264215672497043;1.0;0.14721054706842293;0.0;0.22498017991382535;0.2583179895645763;0.0;0.0;0.0;0.4572994149271497;0.0;0.0;0.0;0.4080090920959889;0.1443595948753681;0.27797775801428526;0.0;0.0;0.0;0.25020271458303667;0.0;0.0;0.0;0.2633281814339202;0.20839199552245188;0.268645645292275;0.17662775611650422;0.0;0.14728741272707818;0.1719965568125086;0.226234515730178;0.442360873900758;0.6026561582701674;0.13854755358382378;0.19622266328034324;0.17447163315871736;0.0;0.0;0.20735079558318142;0.16530937681648142;0.13022698086310083;0.0;0.0;0.13965699422981254;0.0;0.0;0.0;0.15462726472277222;0.0;0.0;0.0;0.0;0.25708170216626736;0.2546809146106788;0.11951799082612094;0.09131309745184536;0.24619445113870173;0.0;0.1673481582755428;0.2564214436108025;0.21644134914183338;0.2872610643482331;0.27665678697382345;0.0;0.2151859732486936;0.14724483375869038;0.38097549795138397;0.15965969570725333;0.0;0.0;0.0;0.21603025897593334;0.20086806595560447;0.2575691998092386;0.2470214149200243;0.0;0.1386016149219921;0.0;0.0;0.0;0.2708921646713398;0.0;0.13271425584970145;0.0;0.0;0.24214088557402436;0.0;0.0;0.20602274106930182;0.16490574610087275;0.20288865253669774;0.0;0.24086311396427157;0.4081564023674155
GO:0002755;0.15706310333767334;0.1767433067465942;0.1471637936049878;0.0;0.14721054706842293;1.0;0.3342829856747012;0.15333885834754107;0.4580800948929951;0.25478833925094757;0.49608531566366343;0.0;0.1747247274621898;0.3547806478257863;0.2315066705277396;0.15347154498461169;0.16223691395051604;0.9551142978754635;0.17624007833574887;0.38044622611100687;0.2936322182973868;0.21057657634319712;0.44860978586717676;0.3160738962834641;0.0;0.29985182727261905;0.17023563384972815;0.0;0.1724422230426947;0.19012211266352078;0.0;0.9699481782567991;0.12673085783934226;0.4193716459008362;0.1710444101150962;0.1597005638919012;0.10759159201693648;0.2051076310475973;0.12806952370478147;0.3435609131174035;0.31481838065314355;0.0;0.18105253084356943;0.10250555940347889;0.0;0.0;0.10825945394439733;0.2208749538193145;0.2527427295733577;0.24101058634275158;0.1170434871328843;0.18653483693749945;0.21075941688055133;0.1990706674995031;0.0;0.16760294870176562;0.1665792111830243;0.1408728023124571;0.25908431641044394;0.16290629719092167;0.24093692798238994;0.16276944783291888;0.16732206702705554;0.0;0.17992659244888462;0.1757081678553021;0.23229311472561268;0.0;0.9697334404725974;0.1549463822835619;0.11990422588411809;0.2863755488375283;0.1553984815812757;0.19599674494580102;0.0;0.0;0.1678100138239487;0.16326796718716738;0.3126089213956614;0.8960872707396954;0.0;0.2719277297625378;0.32631099962928856;0.1733650901843048;0.15601849273141447;0.1040403691861105;0.2583224908823206;0.23636654910034066;0.43899154272548585;0.35917980360531965;0.35471188767270395;0.1442897076271192;0.12283898237379999;0.14274539296266617;0.23177783305799443;0.14440197342427863;0.16227574964326086
GO:0045651;0.1682617272862025;0.12277641114297505;0.0;0.0;0.0;0.3342829856747012;1.0;0.0;0.3393721371374106;0.22724328036709396;0.28633536839615387;0.0;0.0;0.4383049226034483;0.3027994085957621;0.158811645808649;0.0;0.32906362785940885;0.0;0.3608096702108396;0.2638908412495358;0.2529574382290182;0.33184586375761727;0.33959101236866157;0.0;0.3209364060843106;0.0;0.0;0.0;0.13259229632091651;0.0;0.33442315596415095;0.0;0.3087547243018649;0.0;0.0;0.0;0.1436795800021407;0.0;0.3118280345071373;0.33814214409456783;0.0;0.125929590884743;0.0;0.0;0.0;0.0;0.20453328813507737;0.2675589488830128;0.2589611008883875;0.0;0.22304868263962935;0.36616902189911205;0.23860935551584295;0.0;0.0;0.0;0.09683615205951811;0.20438850051412086;0.0;0.2551058637794407;0.0;0.0;0.0;0.0;0.0;0.30390168225622705;0.0;0.334345513583994;0.0;0.0;0.30401309334821947;0.16635271007195074;0.20479099817247445;0.0;0.0;0.0;0.0;0.5616935663072489;0.3183994837928996;0.0;0.29011364108717813;0.4008819195031435;0.0;0.16154049699769965;0.0;0.3198904193946553;0.2492759359531828;0.3242256347528848;0.3270200145851532;0.4382140319656827;0.0;0.0;0.0;0.24417770352282125;0.0;0.0
GO:0050435;0.0;0.6535005490350483;0.22487099777597977;0.0;0.22498017991382535;0.15333885834754107;0.0;1.0;0.2778001344134367;0.0;0.0;0.0;0.2962846363905414;0.0;0.0;0.0;0.26207718604408864;0.1502480894222552;0.30066844042208557;0.0;0.0;0.0;0.26843678873080795;0.0;0.0;0.0;0.2836030426558093;0.0;0.2897804664249385;0.41685099302077383;0.0;0.15342225879695912;0.5399184950719677;0.24103909307826313;0.28585482000149565;0.25552162383847904;0.32346713702586294;0.46569821475037426;0.6635263311069084;0.0;0.0;0.0;0.3888838614341074;0.40357087635875105;0.3650544963593285;0.0;0.43394597951821123;0.0;0.0;0.0;0.4830049417373818;0.21662823893002933;0.0;0.0;0.523370365231806;0.27637085114017274;0.2735982227133106;0.2775488550642691;0.09363432558771108;0.2638283952775804;0.0;0.1753131455012626;0.27560794256774285;0.0;0.3115588394017185;0.2991236112560662;0.0;0.0;0.15337605949817018;0.24356442656497362;0.49943685948520355;0.0;0.0;0.0;0.0;0.0;0.2769343284785695;0.2647782945174241;0.0;0.1440209191654325;0.2878077634624133;0.0;0.0;0.2923960860221041;0.0;0.4115669952187298;0.0;0.0;0.2591788349775787;0.0;0.0;0.49033487974937157;0.5166163279092576;0.7778977750449482;0.0;0.0;0.2621785431306636
GO:0035556;0.2976877445226369;0.27233434937494994;0.25817406293726675;0.0;0.2583179895645763;0.4580800948929951;0.3393721371374106;0.2778001344134367;1.0;0.32631099585319084;0.38409559479602007;0.0;0.35695233324127146;0.5570128484181279;0.4389558793303191;0.2015820798948359;0.3084485789697571;0.44797596537816553;0.36333454292990014;0.40521330116662746;0.40759153413893934;0.24451892566169234;0.8645037415621275;0.6216162055009923;0.0;0.5618378160601971;0.33870554827475424;0.0;0.3475540986363498;0.30545436249133057;0.0;0.45835328626499894;0.20124999705772179;0.7621114427621318;0.34192230923073075;0.2994079394428602;0.15692150854991005;0.3460778767143096;0.20464691539282184;0.5345059006286909;0.6167786598106769;0.0;0.28270206078987065;0.1463320144507278;0.0;0.0;0.15834623913670723;0.18607370250591726;0.416408994763478;0.47442861635731676;0.17787140702089296;0.20758967862027203;0.31351509961912416;0.22645337451105096;0.0;0.3284408480197175;0.3245324262368632;0.1955938055201807;0.2353604856582581;0.31087719537598874;0.3187829966007388;0.19491503682796166;0.32736394513478617;0.0;0.3793586003264844;0.3610810649238843;0.4417918822144749;0.0;0.45820194960877725;0.28312157477005606;0.18456328332944555;0.44207941530110634;0.29176412083412623;0.281926950621956;0.0;0.0;0.3292369581864645;0.3121969437518332;0.444984789011585;0.47506565066420575;0.0;0.3926539897050373;0.4790183187073008;0.3513234223758512;0.20599914116603976;0.1494799627141214;0.431774682583106;0.37374659539131333;0.829481461513031;0.580751190269577;0.5568114153088668;0.24945696992379066;0.19160963009847912;0.2448767996367306;0.3624016937564364;0.0;0.30858898667834805
GO:1902042;0.16204226577953035;0.11943158713017074;0.0;0.0;0.0;0.25478833925094757;0.22724328036709396;0.0;0.32631099585319084;1.0;0.2731301225639714;0.0;0.0;0.3077639900427116;0.2964255660531222;0.21260933955325406;0.0;0.2509101975657007;0.0;0.4314765228888456;0.6885038933461521;0.18038769770727453;0.3193469459742441;0.4314057854705565;0.0;0.30923129188732595;0.0;0.0;0.0;0.12869973833976597;0.0;0.254892447409786;0.0;0.29790630309687754;0.0;0.0;0.0;0.13912001105157024;0.0;0.5089448209686144;0.3251736978204238;0.0;0.12241321548896159;0.0;0.0;0.0;0.0;0.3403386295419679;0.25937394181667367;0.24897865666549476;0.0;0.1594604498541027;0.29370099784157394;0.25236783741207797;0.0;0.0;0.0;0.09474336300929305;0.340101864896356;0.0;0.19819483969405524;0.0;0.0;0.0;0.0;0.0;0.2974645935169724;0.0;0.25483478064833276;0.0;0.0;0.2954932936505337;0.16027102362670845;0.23668094259865072;0.0;0.0;0.0;0.0;0.2701811736684609;0.24297679003949554;0.0;0.22444767595609186;0.28236183255354974;0.0;0.3418714571726602;0.0;0.26525374233222604;0.24215643416021895;0.31228382694492884;0.5328193178168159;0.3572557211863843;0.0;0.0;0.0;0.23734244948090477;0.0;0.0
GO:0050729;0.24509374996447372;0.15918912161075902;0.0;0.0;0.0;0.49608531566366343;0.28633536839615387;0.0;0.38409559479602007;0.2731301225639714;1.0;0.0;0.0;0.43839477032728613;0.3613502388947364;0.14283112159343;0.0;0.4862726890737;0.0;0.454946798015902;0.3321915341207768;0.21299011688910138;0.37157513236407413;0.38446374578455283;0.0;0.35389304851046494;0.0;0.0;0.0;0.17609150871371182;0.0;0.4963499924500287;0.0;0.3347740359406663;0.0;0.0;0.0;0.19619843939610127;0.0;0.41844486749135973;0.3820310128725798;0.0;0.16453065838582856;0.0;0.0;0.0;0.0;0.2248678428321233;0.2745966183554357;0.3850502592271578;0.0;0.18313272879810413;0.2138434223500156;0.1984787729526288;0.0;0.0;0.0;0.11815204041221625;0.2246820006222536;0.0;0.344065924292139;0.0;0.0;0.0;0.0;0.0;0.363269905604387;0.0;0.4962033766282384;0.0;0.0;0.4479327309577822;0.24106417233327654;0.19434639047287458;0.0;0.0;0.0;0.0;0.3627666464904907;0.46647965126738916;0.0;0.41094703207140854;0.3863087796241309;0.0;0.14573767140026675;0.0;0.2833247530187108;0.24990316263120993;0.35916733358942093;0.4482065361340453;0.4382634801187335;0.0;0.0;0.0;0.24322016051397796;0.0;0.0
GO:1902600;0.0;0.0;0.0;0.0;0.0;0.0;0.0;0.0;0.0;0.0;0.0;1.0;0.0;0.0;0.0;0.0;0.0;0.0;0.0;0.0;0.0;0.0;0.0;0.0;0.5590649725503046;0.0;0.0;0.0;0.0;0.0;0.0;0.0;0.0;0.0;0.0;0.0;0.0;0.0;0.0;0.0;0.0;0.0;0.0;0.0;0.0;0.32712830018642236;0.0;0.0;0.0;0.0;0.0;0.0;0.0;0.0;0.0;0.0;0.0;0.0;0.0;0.0;0.0;0.2663983357594283;0.0;0.0;0.0;0.0;0.0;0.0;0.0;0.0;0.0;0.0;0.0;0.1168362755860278;0.0;0.0;0.0;0.0;0.0;0.0;0.0;0.0;0.0;0.0;0.0;0.0;0.0;0.0;0.0;0.0;0.0;0.0;0.0;0.0;0.0;0.0;0.0
GO:0006974;0.0;0.19313666111577268;0.45702893997422395;0.47992152827689377;0.4572994149271497;0.1747247274621898;0.0;0.2962846363905414;0.35695233324127146;0.0;0.0;0.0;1.0;0.0;0.0;0.0;0.5526504411402945;0.17072296172400325;0.3956154802415358;0.0;0.0;0.0;0.3416401978418629;0.0;0.0;0.0;0.3665904854398672;0.28219171980178054;0.3769783185531274;0.21777377407376314;0.0;0.17483302176970741;0.2107762871676662;0.29846390947326434;0.6176140943795506;0.5352845483782382;0.16265358925121964;0.24835168258126883;0.2145053866844845;0.0;0.0;0.28028585171940046;0.2008209376483536;0.1513043086523656;0.0;0.0;0.1641848147730762;0.0;0.0;0.0;0.18527227656454173;0.0;0.0;0.0;0.0;0.35459599476617804;0.3500446117305789;0.13703815024631674;0.10119789643355208;0.3342104350102704;0.0;0.20383773279180753;0.35334107349781857;0.4084942479516119;0.41468811693648505;0.39294525897637794;0.0;0.29479530057289377;0.1747730306018382;0.5041905814229387;0.19254399185042623;0.0;0.0;0.0;0.2963821418569081;0.2685693249651527;0.35552412801430516;0.3357362146630587;0.0;0.16272810462025747;0.0;0.0;0.0;0.38141696237611755;0.0;0.1546722851431061;0.0;0.0;0.3267841467922027;0.0;0.0;0.26426153908662736;0.20022557788958503;0.259127191230247;0.0;0.4745540690691323;0.5529207435888793
GO:0045931;0.26907708528739493;0.16897109395069282;0.0;0.0;0.0;0.3547806478257863;0.4383049226034483;0.0;0.5570128484181279;0.3077639900427116;0.43839477032728613;0.0;0.0;1.0;0.396736281749925;0.19434682770202097;0.0;0.347377416181242;0.0;0.517419341169254;0.3790580274339017;0.3210934383120266;0.5370222901578025;0.5576027157439566;0.0;0.5090211382333268;0.0;0.0;0.0;0.18813962992508412;0.0;0.35498056346589796;0.0;0.4790442789307937;0.0;0.0;0.0;0.21127283232518027;0.0;0.48648339453886613;0.5537070797510557;0.0;0.17500169604662236;0.0;0.0;0.0;0.0;0.246895063928982;0.38667263289229764;0.4254900153230281;0.0;0.27438980861565426;0.29635592580319464;0.2983227210009869;0.0;0.0;0.0;0.12345668722401691;0.24668412119181476;0.0;0.36919685436159966;0.0;0.0;0.0;0.0;0.0;0.39905153751083033;0.0;0.35486982014096513;0.0;0.0;0.39928611319747376;0.264228105794873;0.26797438198789403;0.0;0.0;0.0;0.0;0.5643472334021928;0.3324942147637853;0.0;0.447314013875047;0.7393643772902925;0.0;0.19844927552181446;0.0;0.3998872858341822;0.34961471083557466;0.5173453690974459;0.5244967034650757;0.692945972975953;0.0;0.0;0.0;0.3396680420438643;0.0;0.0
GO:0045932;0.27772587306475194;0.17234135945631385;0.0;0.0;0.0;0.2315066705277396;0.3027994085957621;0.0;0.4389558793303191;0.2964255660531222;0.3613502388947364;0.0;0.0;0.396736281749925;1.0;0.18590146120078724;0.0;0.22658981908941317;0.0;0.29382214788097244;0.3666867793468174;0.18075341106261145;0.42267918767122237;0.4394367723999207;0.0;0.39994765140533284;0.0;0.0;0.0;0.19232740790621564;0.0;0.23163949611498008;0.0;0.3756991437906745;0.0;0.0;0.0;0.21656825507784702;0.0;0.3817083414595553;0.43626148030125805;0.0;0.17861940037988075;0.0;0.0;0.0;0.0;0.1385303302055201;0.301539037491363;0.4402031710308508;0.0;0.15414415225800526;0.3832516621666138;0.1677661440528112;0.0;0.0;0.0;0.12524622741919042;0.1384106855072539;0.0;0.30295595629245653;0.0;0.0;0.0;0.0;0.0;0.6869531684705603;0.0;0.23156591700734058;0.0;0.0;0.6655048200094715;0.27256315849084983;0.2574772935174136;0.0;0.0;0.0;0.0;0.3211429129071068;0.21671642971595917;0.0;0.3689150431034303;0.3443187669369553;0.0;0.18987279756322764;0.0;0.3810273705912122;0.2720226289843829;0.4066971105889992;0.4125011047016767;0.396602134589507;0.0;0.0;0.0;0.2641229145879474;0.0;0.0
GO:0017055;0.10164094654555085;0.08305427470974064;0.0;0.0;0.0;0.15347154498461169;0.158811645808649;0.0;0.2015820798948359;0.21260933955325406;0.14283112159343;0.0;0.0;0.19434682770202097;0.18590146120078724;1.0;0.0;0.15180798425970296;0.0;0.17188079528791225;0.23499735541247316;0.5252994115989187;0.19890254352688463;0.20165928293228214;0.0;0.2272540046029184;0.0;0.0;0.0;0.08743285049098529;0.0;0.15351599993501575;0.0;0.19036895296184297;0.0;0.0;0.0;0.09212035909001375;0.0;0.19153285662902725;0.2011474759353575;0.0;0.08448530614168669;0.0;0.0;0.0;0.0;0.22542628750053723;0.3419377488339623;0.23230680591436337;0.0;0.24080053852772243;0.2573122458668772;0.2532427737119073;0.0;0.0;0.0;0.07031283632592139;0.13355510174248897;0.0;0.2675324291896296;0.0;0.0;0.0;0.0;0.0;0.18630958704380987;0.0;0.153491377109353;0.0;0.0;0.1501548001539476;0.10094121436523947;0.568964688540542;0.0;0.0;0.0;0.0;0.17865381969052918;0.14835834545494664;0.0;0.14399826192843856;0.1838995092032393;0.0;0.16622840755480997;0.0;0.17648598330005724;0.6207699855843121;0.19613948783362878;0.19715865314886438;0.19432229995765016;0.0;0.0;0.0;0.6396787425716276;0.0;0.0
GO:0071407;0.0;0.17799238569089154;0.4077937677523314;0.29575208413835663;0.4080090920959889;0.16223691395051604;0.0;0.26207718604408864;0.3084485789697571;0.0;0.0;0.0;0.5526504411402945;0.0;0.0;0.0;1.0;0.1587810728747773;0.3368995363927301;0.0;0.0;0.0;0.2969479988561998;0.0;0.0;0.0;0.31561906119273037;0.5092326675353224;0.32328881285013644;0.19871004908107945;0.0;0.16233027742393416;0.192867613872666;0.26378084701695614;0.7267447147679638;0.46896837745964487;0.15177795241568823;0.22385962688372335;0.19598525940867334;0.0;0.0;0.4232003941913115;0.18449852872814598;0.1418493220841682;0.0;0.0;0.15311041785045684;0.0;0.0;0.0;0.17129158001322461;0.0;0.0;0.0;0.0;0.30668752563503615;0.3032769966413855;0.1292361178774664;0.0968788981454002;0.2913189487142079;0.0;0.18704174742690766;0.305748345804116;0.35240009297814534;0.3506326375974312;0.3349611658873169;0.0;0.5289695254311826;0.16227855842530478;0.7702668950304935;0.1774888962947563;0.0;0.0;0.0;0.4442756948705104;0.4076659959738263;0.30738156059541816;0.2924775523778068;0.0;0.15184283417691458;0.0;0.0;0.0;0.32654771443472524;0.0;0.14480540972275635;0.0;0.0;0.2856603421216212;0.0;0.0;0.23670505253105278;0.18399589460303434;0.23257730427933226;0.0;0.2929451788599698;0.8352251134134422
GO:0035666;0.1537287520353088;0.17394000380410654;0.14431463450133789;0.0;0.1443595948753681;0.9551142978754635;0.32906362785940885;0.1502480894222552;0.44797596537816553;0.2509101975657007;0.4862726890737;0.0;0.17072296172400325;0.347377416181242;0.22658981908941317;0.15180798425970296;0.1587810728747773;1.0;0.17216940722604526;0.3738114714132661;0.28849337514943096;0.2079461820894801;0.43891470045620334;0.30909798445111253;0.0;0.2935664790506266;0.16643461963731254;0.0;0.1685431613910573;0.1868822377807869;0.0;0.9554905055435056;0.12461226011659839;0.4108871816011989;0.16720760046540556;0.15635081726217123;0.10606072217612893;0.20134194882497802;0.1259063138281051;0.336546764251301;0.30789717171437814;0.0;0.17811200251293757;0.1011150669147746;0.0;0.0;0.10670965661523193;0.21862216938519055;0.2482624421672107;0.23568639305106392;0.11523409129313947;0.18446783709717615;0.20763475366336043;0.19671826413568658;0.0;0.16391731774113893;0.16293797811924138;0.13908615578649547;0.2564436137467313;0.15942218616219947;0.23665335286128764;0.16010206180789813;0.16364864365595339;0.0;0.1756858919956097;0.17166174898897943;0.22734315790902143;0.0;0.9552821209586306;0.15179113641561856;0.11800601702790223;0.28027110097625313;0.1521336989273936;0.19329167691166582;0.0;0.0;0.16411537078521896;0.15976853492196494;0.30684679481151145;0.883333460922333;0.0;0.2664837735484566;0.3200377473347085;0.16942466009760143;0.15429956757844954;0.10260821632048388;0.2536440295589729;0.23244353680462246;0.429703424431781;0.3515205156640265;0.34731149546649687;0.14154971306878614;0.1208474875169329;0.14006319103301418;0.22800444567461783;0.14103271359955227;0.15881827150542205
GO:0090399;0.0;0.19498989821904958;0.27781109719030317;0.0;0.27797775801428526;0.17624007833574887;0.0;0.30066844042208557;0.36333454292990014;0.0;0.0;0.0;0.3956154802415358;0.0;0.0;0.0;0.3368995363927301;0.17216940722604526;1.0;0.0;0.0;0.0;0.34748211748416424;0.0;0.0;0.0;0.3733252545875722;0.0;0.3841038822134799;0.22013286466015364;0.0;0.1763502598087191;0.2129854402997125;0.30291292355860044;0.3772370010061817;0.32614326155957873;0.16396600557294863;0.25142444341702763;0.21679382529183044;0.0;0.0;0.0;0.2028253421177785;0.1524393259231166;0.0;0.0;0.16552215923990585;0.0;0.0;0.0;0.18697699543857382;0.0;0.0;0.0;0.0;0.5989881305854129;0.35618007230014886;0.13796856327757884;0.10170437992712995;0.33979894702801056;0.0;0.2059031208620837;0.596830789656312;0.0;0.7026111369146495;0.6650455463552809;0.0;0.0;0.17628922307243408;0.30691190074095287;0.19438581829135326;0.0;0.0;0.0;0.0;0.0;0.6005838631850196;0.3413763004783146;0.0;0.16404172856974514;0.0;0.0;0.0;0.38871293422539743;0.0;0.1558585930035092;0.0;0.0;0.33212507574395983;0.0;0.0;0.26774336320418163;0.2022180563831936;0.26247417590019667;0.0;0.0;0.3370670478305667
GO:0043123;0.19931681877506804;0.13852520339862812;0.0;0.0;0.0;0.38044622611100687;0.3608096702108396;0.0;0.40521330116662746;0.4314765228888456;0.454946798015902;0.0;0.0;0.517419341169254;0.29382214788097244;0.17188079528791225;0.0;0.3738114714132661;0.0;1.0;0.6047866940914394;0.2774397715448943;0.39452938562861956;0.4055253811978998;0.0;0.3792043858893484;0.0;0.0;0.0;0.1511502791672921;0.0;0.38062474809629815;0.0;0.36231423969413185;0.0;0.0;0.0;0.16572899490073445;0.0;0.6202672007189498;0.40346098524530294;0.0;0.14255246201822516;0.0;0.0;0.0;0.0;0.43510644248925345;0.30686967634596624;0.30930212765706827;0.0;0.2418685095471998;0.24710478055916335;0.26027418072981784;0.0;0.0;0.0;0.10637463071938213;0.43477478655412033;0.0;0.2927233339950993;0.0;0.0;0.0;0.0;0.0;0.2950901128464658;0.0;0.3805258599476565;0.0;0.0;0.3638265782638318;0.19664369787932795;0.22705365458031643;0.0;0.0;0.0;0.0;0.4420893146140151;0.36033162869868657;0.0;0.3397686756727937;0.46605884279337156;0.0;0.17508178600479957;0.0;0.31513432537985264;0.28305863885093113;0.38380495610005516;0.6560957834741665;0.5172926823263548;0.0;0.0;0.0;0.2765030809214368;0.0;0.0
GO:0043124;0.2004293616005501;0.13906167619399906;0.0;0.0;0.0;0.2936322182973868;0.2638908412495358;0.0;0.40759153413893934;0.6885038933461521;0.3321915341207768;0.0;0.0;0.3790580274339017;0.3666867793468174;0.23499735541247316;0.0;0.28849337514943096;0.0;0.6047866940914394;1.0;0.2027373278911742;0.39678351336631074;0.4079072895984723;0.0;0.3812863351499142;0.0;0.0;0.0;0.1517892210146769;0.0;0.293770498541342;0.0;0.364214390422717;0.0;0.0;0.0;0.166497448281784;0.0;0.6235584456677061;0.40581863385741984;0.0;0.14312064530592108;0.0;0.0;0.0;0.0;0.2721808085740533;0.30823167535148005;0.31112109507316615;0.0;0.1766777281168469;0.3382116878035084;0.1901593360003601;0.0;0.0;0.0;0.10669069546661744;0.27197286107115304;0.0;0.2356648555229546;0.0;0.0;0.0;0.0;0.0;0.36827806149116826;0.0;0.29369390132236134;0.0;0.0;0.3658682250940899;0.19772651820338114;0.269630055195874;0.0;0.0;0.0;0.0;0.3236145815312074;0.27805476107497773;0.0;0.2737359572241626;0.3412467750224138;0.0;0.2393848471173893;0.0;0.3165708470342416;0.2842170750714097;0.3859378709778448;0.6597793642515984;0.3789647316526783;0.0;0.0;0.0;0.2776083756227169;0.0;0.0
GO:0045944;0.12264191130292312;0.09656625540466392;0.0;0.0;0.0;0.21057657634319712;0.2529574382290182;0.0;0.24451892566169234;0.18038769770727453;0.21299011688910138;0.0;0.0;0.3210934383120266;0.18075341106261145;0.5252994115989187;0.0;0.2079461820894801;0.0;0.2774397715448943;0.2027373278911742;1.0;0.24058747446086232;0.2446325289574394;0.0;0.23480091310271678;0.0;0.0;0.0;0.10253661675996185;0.0;0.21064698849069896;0.0;0.22821348720841791;0.0;0.0;0.0;0.10904377996094537;0.0;0.22988818166077074;0.24387975710473977;0.0;0.0985062256582668;0.0;0.0;0.0;0.0;0.38470576545487933;0.4029679742607057;0.28184756390859916;0.0;0.4140754529926261;0.1764075013047158;0.4381739009249516;0.0;0.0;0.0;0.07976123283240989;0.17465770128219918;0.0;0.45924728914827584;0.0;0.0;0.0;0.0;0.0;0.1812324718035341;0.0;0.21060798764622285;0.0;0.0;0.18128083975786957;0.121624597475697;0.620737739873359;0.0;0.0;0.0;0.0;0.290387345310208;0.20251957176278887;0.0;0.21507363258269044;0.30054021940195347;0.0;0.13636159123584252;0.0;0.20854722782696752;0.7256749646825421;0.23655666319420576;0.23804071886973058;0.3210446570086582;0.0;0.0;0.0;0.7460506821105704;0.0;0.0
GO:0043401;0.2866581744912107;0.26614841782762017;0.2500676866931183;0.0;0.25020271458303667;0.44860978586717676;0.33184586375761727;0.26843678873080795;0.8645037415621275;0.3193469459742441;0.37157513236407413;0.0;0.3416401978418629;0.5370222901578025;0.42267918767122237;0.19890254352688463;0.2969479988561998;0.43891470045620334;0.34748211748416424;0.39452938562861956;0.39678351336631074;0.24058747446086232;1.0;0.5968228576877629;0.0;0.5415057533892466;0.3248885626877636;0.0;0.33302124417342754;0.2976937700372475;0.0;0.44887179490315;0.1962898974078349;0.7362531622355435;0.32784708459101025;0.2885597891028437;0.15388937941283093;0.33614934769759647;0.19952009138911053;0.51607146904506;0.5923621255651472;0.0;0.2760419289412871;0.14369186743443724;0.0;0.0;0.15525934264638153;0.18378826071591964;0.4051347617185785;0.45547174262581736;0.1739856456147444;0.20474917521220629;0.3070811302369157;0.2230773800214372;0.0;0.31543255677232285;0.31182589959177753;0.1923823702945959;0.2324722044971471;0.29919822779305844;0.31011046340769316;0.19025867852835465;0.31443913964055537;0.0;0.3621102591339232;0.3454204320510784;0.4253081394770075;0.0;0.44872665359414604;0.27340234668238256;0.18038307746164126;0.42557461001933233;0.28116131646204945;0.2767133930841202;0.0;0.0;0.3161667834865479;0.30042048380391534;0.43213396530992965;0.4194685709862342;0.0;0.37957884754295956;0.4641594178151469;0.33648036382423485;0.20320170519504974;0.14672607112004477;0.4196651473847958;0.3646389175356485;0.880193759551544;0.5590536264365483;0.5368350535813701;0.24188073397525447;0.18710803589048916;0.23757214429524637;0.35383220381524;0.0;0.2970781292784816
GO:0060544;0.2980136016222401;0.17994296601561693;0.0;0.0;0.0;0.3160738962834641;0.33959101236866157;0.0;0.6216162055009923;0.4314057854705565;0.38446374578455283;0.0;0.0;0.5576027157439566;0.4394367723999207;0.20165928293228214;0.0;0.30909798445111253;0.0;0.4055253811978998;0.4079072895984723;0.2446325289574394;0.5968228576877629;1.0;0.0;0.562437952271981;0.0;0.0;0.0;0.2018430012146643;0.0;0.3162625107343649;0.0;0.5260642066122538;0.0;0.0;0.0;0.2287094049467394;0.0;0.5350490388166838;0.617501982256209;0.0;0.18679805711027522;0.0;0.0;0.0;0.0;0.24593680779513036;0.41673856504347473;0.47499042314485085;0.0;0.20767155280975766;0.31370188368971347;0.29933027680518226;0.0;0.0;0.0;0.12921313719454808;0.24571939259778644;0.0;0.3190365484828972;0.0;0.0;0.0;0.0;0.0;0.44227901270611397;0.0;0.3161580261576265;0.0;0.0;0.44256718043109056;0.29207713182356554;0.282077982989526;0.0;0.0;0.0;0.0;0.44536116486809;0.2951256135460128;0.0;0.39303873792831623;0.4794544967157269;0.0;0.27228290955115714;0.0;0.43212903456642476;0.37401207252065943;0.5726184184218158;0.5813924348858543;0.6471661882930072;0.0;0.0;0.0;0.36265129324793616;0.0;0.0
GO:1990542;0.0;0.0;0.0;0.0;0.0;0.0;0.0;0.0;0.0;0.0;0.0;0.5590649725503046;0.0;0.0;0.0;0.0;0.0;0.0;0.0;0.0;0.0;0.0;0.0;0.0;1.0;0.0;0.0;0.0;0.0;0.0;0.0;0.0;0.0;0.0;0.0;0.0;0.0;0.0;0.0;0.0;0.0;0.0;0.0;0.0;0.0;0.4036385336656263;0.0;0.0;0.0;0.0;0.0;0.0;0.0;0.0;0.0;0.0;0.0;0.0;0.0;0.0;0.0;0.31502643527152246;0.0;0.0;0.0;0.0;0.0;0.0;0.0;0.0;0.0;0.0;0.0;0.13299560661038362;0.0;0.0;0.0;0.0;0.0;0.0;0.0;0.0;0.0;0.0;0.0;0.0;0.0;0.0;0.0;0.0;0.0;0.0;0.0;0.0;0.0;0.0;0.0
GO:0031338;0.2712534723967194;0.1698267567586474;0.0;0.0;0.0;0.29985182727261905;0.3209364060843106;0.0;0.5618378160601971;0.30923129188732595;0.35389304851046494;0.0;0.0;0.5090211382333268;0.39994765140533284;0.2272540046029184;0.0;0.2935664790506266;0.0;0.3792043858893484;0.3812863351499142;0.23480091310271678;0.5415057533892466;0.562437952271981;0.0;1.0;0.0;0.0;0.0;0.18920105160798814;0.0;0.30002157258977263;0.0;0.48260870022632096;0.0;0.0;0.0;0.21261225011269344;0.0;0.4901598045482761;0.6517231948353174;0.0;0.17591969215038317;0.0;0.0;0.0;0.0;0.18039213978982982;0.38899163918636603;0.42918591405443746;0.0;0.20054309413363572;0.3470829905726832;0.2180937418137436;0.0;0.0;0.0;0.1239128449882011;0.29781585891723894;0.0;0.2976966520030856;0.0;0.0;0.0;0.0;0.0;0.4023006515456538;0.0;0.299927542014447;0.0;0.0;0.402539063797557;0.26632645343615957;0.2690861208851122;0.0;0.0;0.0;0.0;0.4138161528037734;0.28093430034877537;0.0;0.36114571112239696;0.44309211414233063;0.0;0.19905831868757926;0.0;0.5345722317038429;0.35150943024432757;0.5215050238622146;0.528772627223399;0.5088529151465219;0.0;0.0;0.0;0.3414562084279959;0.0;0.0
GO:0071550;0.0;0.18766643667969046;0.26317861923865543;0.0;0.2633281814339202;0.17023563384972815;0.0;0.2836030426558093;0.33870554827475424;0.0;0.0;0.0;0.3665904854398672;0.0;0.0;0.0;0.31561906119273037;0.16643461963731254;0.3733252545875722;0.0;0.0;0.0;0.3248885626877636;0.0;0.0;0.0;1.0;0.0;0.3566849131525381;0.21084397579695438;0.0;0.17033843332873175;0.20427802514548765;0.28559912502079654;0.3507558481044246;0.30615964706080373;0.15875642438837465;0.2393793052985144;0.2077788223343391;0.0;0.0;0.0;0.19491342630158812;0.14792637794059413;0.0;0.0;0.16021482395426062;0.0;0.0;0.0;0.18023265713507;0.0;0.0;0.0;0.0;0.3365832402243209;0.5639709569510623;0.13426133949790087;0.16907525756687375;0.5396848647498442;0.0;0.1977540877337538;0.3354523723044943;0.0;0.3902632045202548;0.3709465493683785;0.0;0.0;0.1702814865035432;0.2891513419478643;0.18710681577226085;0.0;0.0;0.0;0.0;0.0;0.337419362728458;0.6415629247088548;0.0;0.15882741099317543;0.0;0.0;0.0;0.3606560225338596;0.0;0.15114405116067656;0.0;0.0;0.3114249602401958;0.0;0.0;0.2541262238424073;0.19435252960293964;0.24937462159895743;0.0;0.0;0.3157660744322022
GO:0051384;0.0;0.0;0.20828210176331807;0.2954321957277418;0.20839199552245188;0.0;0.0;0.0;0.0;0.0;0.0;0.0;0.28219171980178054;0.0;0.0;0.0;0.5092326675353224;0.0;0.0;0.0;0.0;0.0;0.0;0.0;0.0;0.0;0.0;1.0;0.0;0.0;0.0;0.0;0.0;0.0;0.37092683326445036;0.23949985206949026;0.0;0.0;0.0;0.0;0.0;0.5058459407088115;0.0;0.0;0.0;0.0;0.0;0.0;0.0;0.0;0.0;0.0;0.0;0.0;0.0;0.0;0.0;0.0;0.0;0.0;0.0;0.0;0.0;0.35206806315892464;0.0;0.0;0.0;0.7894761806014591;0.0;0.5477223712372542;0.0;0.0;0.0;0.0;0.4438580452427744;0.5679645149724983;0.0;0.0;0.0;0.0;0.0;0.0;0.0;0.0;0.0;0.0;0.0;0.0;0.0;0.0;0.0;0.0;0.0;0.0;0.0;0.29263133036757094;0.4258932850997722
GO:0010631;0.0;0.1903515989670565;0.26848998358816667;0.0;0.268645645292275;0.1724422230426947;0.0;0.2897804664249385;0.3475540986363498;0.0;0.0;0.0;0.3769783185531274;0.0;0.0;0.0;0.32328881285013644;0.1685431613910573;0.3841038822134799;0.0;0.0;0.0;0.33302124417342754;0.0;0.0;0.0;0.3566849131525381;0.0;1.0;0.21423935155741142;0.0;0.17254770558649832;0.20746362344784927;0.2918647724599565;0.36025404545310946;0.313371295775934;0.1606737847041239;0.24376548291014852;0.2110754230655624;0.0;0.0;0.0;0.19781157631371626;0.14958969368375621;0.0;0.0;0.16216779001931744;0.0;0.0;0.0;0.18270790228757186;0.0;0.0;0.0;0.0;0.34531981892126873;0.3410019983387038;0.13563012227124774;0.10042798657036031;0.32595775574065977;0.0;0.2007379749925836;0.34412958576016234;0.0;0.40205753279357;0.3815863015607869;0.0;0.0;0.17248927224605246;0.2955755730287948;0.18977587376020963;0.0;0.0;0.0;0.0;0.0;0.3461999674187337;0.3274089497920506;0.0;0.16074649671909907;0.0;0.0;0.0;0.4816437908113077;0.0;0.15288093911071451;0.0;0.0;0.318889816861315;0.0;0.0;0.2590750532228155;0.1972339004830001;0.2541383820719152;0.0;0.0;0.32344305968775494
GO:0042448;0.2564128879436982;0.5578526863776639;0.176560454378964;0.0;0.17662775611650422;0.19012211266352078;0.13259229632091651;0.41685099302077383;0.30545436249133057;0.12869973833976597;0.17609150871371182;0.0;0.21777377407376314;0.18813962992508412;0.19232740790621564;0.08743285049098529;0.19871004908107945;0.1868822377807869;0.22013286466015364;0.1511502791672921;0.1517892210146769;0.10253661675996185;0.2976937700372475;0.2018430012146643;0.0;0.18920105160798814;0.21084397579695438;0.0;0.21423935155741142;1.0;0.0;0.1902092520083494;0.392653249217068;0.2742004370451928;0.21208603503702173;0.1949184205618396;0.3251348913752255;0.8618142345873319;0.3819846281781933;0.18310299447671455;0.20085369025007643;0.0;0.6987007890075124;0.3476076461533557;0.4196244270061792;0.0;0.369843170093528;0.08171944086024736;0.1541400475910951;0.2020810924605555;0.3580574960589879;0.2045608801254705;0.1248138798149762;0.09630563443690279;0.3358303462839376;0.20682031657439842;0.20526366490750708;0.5555945555646156;0.15093473742306185;0.1997151696713486;0.1546849067379058;0.14449056420988454;0.20639277709604636;0.0;0.22591442026528935;0.219303639169916;0.1931277077362298;0.0;0.1901609834068511;0.18788240374526807;0.3681825407607583;0.19320864338135094;0.18973676454347702;0.1532699463242534;0.0;0.0;0.20713571215610566;0.20025901669585056;0.16156801195163342;0.18029168042546317;0.349236331205271;0.17872274663753762;0.17005226074668706;0.21566566235275317;0.08903430272753442;0.35350672295452457;0.15816981256331963;0.1424953055006578;0.2898883518142509;0.1933011263049511;0.18809517894286754;0.5611446318857221;0.3786486560386874;0.4927074870778577;0.13928024428581195;0.0;0.19876831233512948
GO:0008050;0.7323994526931483;0.0;0.0;0.0;0.0;0.0;0.0;0.0;0.0;0.0;0.0;0.0;0.0;0.0;0.0;0.0;0.0;0.0;0.0;0.0;0.0;0.0;0.0;0.0;0.0;0.0;0.0;0.0;0.0;0.0;1.0;0.0;0.0;0.0;0.0;0.0;0.0;0.0;0.0;0.0;0.0;0.0;0.0;0.0;0.0;0.0;0.0;0.0;0.0;0.0;0.0;0.0;0.0;0.0;0.0;0.0;0.0;0.0;0.0;0.0;0.0;0.0;0.2892730663861162;0.0;0.0;0.0;0.0;0.0;0.0;0.0;0.0;0.0;0.0;0.0;0.0;0.0;0.0;0.0;0.0;0.0;0.0;0.0;0.0;0.0;0.0;0.0;0.0;0.0;0.0;0.0;0.0;0.0;0.0;0.0;0.0;0.0;0.0
GO:0034166;0.1571531778376175;0.17681861125406026;0.1472406104342244;0.0;0.14728741272707818;0.9699481782567991;0.33442315596415095;0.15342225879695912;0.45835328626499894;0.254892447409786;0.4963499924500287;0.0;0.17483302176970741;0.35498056346589796;0.23163949611498008;0.15351599993501575;0.16233027742393416;0.9554905055435056;0.1763502598087191;0.38062474809629815;0.293770498541342;0.21064698849069896;0.44887179490315;0.3162625107343649;0.0;0.30002157258977263;0.17033843332873175;0.0;0.17254770558649832;0.1902092520083494;0.0;1.0;0.12678782016373932;0.4196006063035328;0.171148188996817;0.1597910301524888;0.10763264551249858;0.20520905215635113;0.12812769605421837;0.34375023246516245;0.31500549919968396;0.0;0.181131552973559;0.10254282263208332;0.0;0.0;0.10830101878958119;0.2209351144835782;0.25286331730388634;0.2411545448034964;0.11709207216981338;0.1865900867480857;0.21084326345749763;0.19913359407240278;0.0;0.1677025922591181;0.16667764083260186;0.14092063797302026;0.2591548359344253;0.16300043290540345;0.2410522274532107;0.16284114062953717;0.167421376784924;0.0;0.18004143309024112;0.17581768504748355;0.23242684454176016;0.0;0.970121255213908;0.15503154103741476;0.11995521546211955;0.28654047003426925;0.15548665636711534;0.19606925479069928;0.0;0.0;0.16790990381609652;0.1633625214703311;0.31276412456113006;0.8964292924965834;0.0;0.27207460693515806;0.3264801101851421;0.17347170513003948;0.15606443565661032;0.10407875685797723;0.2584484631051792;0.23647201313515537;0.4392424340545764;0.35938673300610724;0.3549117258070698;0.1443635525612095;0.12289249908035353;0.14281766525377498;0.23187924109774058;0.14449319224777268;0.16236915783292558
GO:0000209;0.0;0.5606110883911666;0.17193273748581211;0.0;0.1719965568125086;0.12673085783934226;0.0;0.5399184950719677;0.20124999705772179;0.0;0.0;0.0;0.2107762871676662;0.0;0.0;0.0;0.192867613872666;0.12461226011659839;0.2129854402997125;0.0;0.0;0.0;0.1962898974078349;0.0;0.0;0.0;0.20427802514548765;0.0;0.20746362344784927;0.392653249217068;0.0;0.12678782016373932;1.0;0.1812271009089606;0.20544371644105044;0.1892936640390946;0.4089445291110762;0.42849368176960406;0.43818934141668253;0.0;0.0;0.0;0.3713565350633605;0.4327659769872733;0.3466657528293907;0.0;0.4160615154736948;0.0;0.0;0.0;0.6349597489781876;0.2919997507261937;0.0;0.0;0.5997039148001115;0.20049882170247085;0.19903553773303145;0.2804201262381645;0.08299390214691475;0.19381435782497114;0.0;0.14137647252387903;0.2000969930353814;0.0;0.21839304054856426;0.21220909339462732;0.0;0.0;0.1267562674721057;0.1826509450793515;0.7829976623188694;0.0;0.0;0.0;0.0;0.0;0.20079521789123586;0.19432650125031117;0.0;0.12029829673112881;0.2899877233919454;0.0;0.0;0.2088008597623083;0.0;0.4399805412003996;0.0;0.0;0.1912933360157211;0.0;0.0;0.4459469744676936;0.6255533897962117;0.4965591650612152;0.0;0.0;0.19292250092986324
