;GO:0016525;GO:0060760;GO:0035563;GO:0016925;GO:0015031;GO:0042531;GO:0045648;GO:0060368;GO:0007259;GO:0032727;GO:0002479;GO:0045893;GO:0032728;GO:0019885;GO:2000110;GO:2000373;GO:0045655;GO:0003340;GO:1904469;GO:0042542;GO:0006974;GO:0061326;GO:0071360;GO:0051770;GO:0046597;GO:0051097;GO:0050727;GO:0035549;GO:0033003;GO:0050689;GO:0071407;GO:0035666;GO:0050688;GO:0008285;GO:0043367;GO:0043124;GO:0045669;GO:0045944;GO:0006302;GO:0048661;GO:0006659;GO:0019060;GO:2000778;GO:1990668;GO:0070102;GO:0070106;GO:0016579;GO:0034165;GO:0000209;GO:0032020;GO:1902741;GO:0002230;GO:0016064;GO:0001937;GO:0034157;GO:0038114;GO:0006366;GO:0009597;GO:0032091;GO:0051607;GO:0072308;GO:2000553;GO:1900182;GO:0032480;GO:0002053;GO:0007221;GO:0033209;GO:0072136;GO:0010742;GO:0070757;GO:0030336;GO:0060340;GO:0051591;GO:0000079;GO:0000122;GO:0032869;GO:0072162;GO:0045351;GO:0017121;GO:0034127;GO:0071357;GO:0034124;GO:0045070;GO:0002819;GO:0045071;GO:0050776;GO:0035458;GO:0060333;GO:0006471;GO:0050709;GO:0006351;GO:0039530;GO:1900245;GO:0060338;GO:1900246;GO:0046725;GO:0060334;GO:0046967;GO:0060335;GO:0060337;GO:0006511;GO:0045089;GO:0045087;GO:0034356;GO:0071346;GO:2001034
GO:0016525;1.0;0.16666666666666663;0.10526315789473684;0.0;0.0;0.052631578947368474;0.2068965517241379;0.1428571428571429;0.1578947368421053;0.19047619047619047;0.0;0.06818181818181823;0.19047619047619047;0.0;0.14814814814814814;0.07999999999999996;0.2857142857142857;0.33333333333333337;0.09090909090909094;0.0;0.0;0.0;0.0;0.125;0.18181818181818177;0.09523809523809523;0.16666666666666663;0.09090909090909094;0.16666666666666663;0.125;0.0;0.07894736842105265;0.13636363636363635;0.23529411764705888;0.0;0.14814814814814814;0.20833333333333337;0.06521739130434778;0.0;0.15000000000000002;0.0;0.0;0.09756097560975607;0.0;0.1578947368421053;0.1578947368421053;0.0;0.08108108108108103;0.0;0.0;0.09090909090909094;0.125;0.0;0.19047619047619047;0.08108108108108103;0.1578947368421053;0.0;0.0;0.10526315789473684;0.0;0.31034482758620685;0.0888888888888889;0.1428571428571429;0.3529411764705882;0.15000000000000002;0.06382978723404253;0.1578947368421053;0.0;0.0;0.1578947368421053;0.16666666666666663;0.07692307692307687;0.0;0.08571428571428574;0.08695652173913049;0.0;0.0;0.0;0.09523809523809523;0.12;0.0;0.12;0.13043478260869568;0.17647058823529416;0.18181818181818177;0.1875;0.0;0.1578947368421053;0.0;0.125;0.0;0.07692307692307687;0.07999999999999996;0.11538461538461542;0.07999999999999996;0.17391304347826086;0.11111111111111116;0.0;0.07317073170731703;0.1578947368421053;0.0;0.12;0.0;0.0;0.0;0.07317073170731703
GO:0060760;0.16666666666666663;1.0;0.16666666666666663;0.0;0.0;0.12765957446808507;0.16666666666666663;0.3076923076923077;0.25;0.2857142857142857;0.0;0.11111111111111116;0.2857142857142857;0.0;0.1428571428571429;0.11111111111111116;0.17647058823529416;0.09999999999999998;0.10810810810810811;0.0;0.0;0.0;0.0;0.25;0.1875;0.1428571428571429;0.4;0.10810810810810811;0.2727272727272727;0.16000000000000003;0.0;0.2142857142857143;0.2857142857142857;0.2727272727272727;0.0;0.19999999999999996;0.2222222222222222;0.10526315789473684;0.0;0.33333333333333337;0.0;0.0;0.11764705882352944;0.0;0.25;0.25;0.0;0.2222222222222222;0.0;0.0;0.10810810810810811;0.25;0.0;0.19999999999999996;0.2222222222222222;0.25;0.0;0.0;0.16666666666666663;0.0;0.1071428571428571;0.16666666666666663;0.3076923076923077;0.23076923076923073;0.33333333333333337;0.10256410256410253;0.25;0.0;0.0;0.25;0.16666666666666663;0.25;0.0;0.1071428571428571;0.07499999999999996;0.0;0.0;0.0;0.1428571428571429;0.23529411764705888;0.0;0.23529411764705888;0.2666666666666667;0.4444444444444444;0.1875;0.5;0.0;0.25;0.0;0.11538461538461542;0.0;0.13953488372093026;0.14634146341463417;0.2941176470588235;0.14634146341463417;0.17647058823529416;0.2777777777777778;0.0;0.23333333333333328;0.25;0.0;0.4;0.0;0.0;0.0;0.19354838709677424
GO:0035563;0.10526315789473684;0.16666666666666663;1.0;0.0;0.0;0.039215686274509776;0.07692307692307687;0.1333333333333333;0.15384615384615385;0.125;0.0;0.052631578947368474;0.125;0.0;0.09090909090909094;0.25;0.11111111111111116;0.06451612903225812;0.05128205128205132;0.0;0.0;0.0;0.0;0.11111111111111116;0.11764705882352944;0.23076923076923073;0.16666666666666663;0.05128205128205132;0.16666666666666663;0.07407407407407407;0.0;0.0625;0.125;0.16666666666666663;0.0;0.09090909090909094;0.09999999999999998;0.050000000000000044;0.0;0.1428571428571429;0.0;0.0;0.05555555555555558;0.0;0.15384615384615385;0.15384615384615385;0.0;0.06451612903225812;0.0;0.0;0.05128205128205132;0.11111111111111116;0.0;0.125;0.06451612903225812;0.15384615384615385;0.0;0.0;0.4;0.0;0.06896551724137934;0.050000000000000044;0.1333333333333333;0.1428571428571429;0.1428571428571429;0.04878048780487809;0.15384615384615385;0.0;0.0;0.15384615384615385;0.10526315789473684;0.06060606060606055;0.0;0.1071428571428571;0.04878048780487809;0.0;0.0;0.0;0.1428571428571429;0.10526315789473684;0.0;0.10526315789473684;0.11764705882352944;0.18181818181818177;0.11764705882352944;0.19999999999999996;0.0;0.15384615384615385;0.0;0.07407407407407407;0.0;0.04255319148936165;0.0444444444444444;0.09999999999999998;0.0444444444444444;0.11111111111111116;0.09523809523809523;0.0;0.05714285714285716;0.15384615384615385;0.0;0.10526315789473684;0.0;0.0;0.0;0.05714285714285716
GO:0016925;0.0;0.0;0.0;1.0;0.0;0.0;0.0;0.0;0.07999999999999996;0.0;0.0;0.0;0.0;0.0;0.0;0.0;0.0;0.0;0.0;0.0;0.08695652173913049;0.0;0.0625;0.0;0.0;0.0;0.0;0.0;0.0;0.0;0.07692307692307687;0.045454545454545414;0.0;0.0;0.06060606060606055;0.0;0.0;0.0;0.28125;0.0;0.20512820512820518;0.0;0.0;0.0714285714285714;0.07999999999999996;0.07999999999999996;0.7619047619047619;0.0;0.85;0.7894736842105263;0.0;0.0;0.0;0.0;0.0;0.07999999999999996;0.23076923076923073;0.0;0.0;0.0;0.0;0.0;0.0;0.0;0.0;0.0;0.07999999999999996;0.0;0.08695652173913049;0.07999999999999996;0.0;0.0;0.0;0.0;0.0;0.050000000000000044;0.07407407407407407;0.33333333333333337;0.07692307692307687;0.0;0.0714285714285714;0.0;0.0;0.0;0.0;0.0;0.0714285714285714;0.07999999999999996;0.7894736842105263;0.0;0.23684210526315785;0.03389830508474578;0.0;0.0;0.0;0.0;0.0;0.0;0.0;0.07999999999999996;0.3928571428571429;0.0;0.0;0.1428571428571429;0.0714285714285714;0.0
GO:0015031;0.0;0.0;0.0;0.0;1.0;0.0;0.0;0.0;0.0;0.0;0.0;0.0;0.0;0.0;0.0;0.0;0.0;0.0;0.0;0.0;0.0;0.0;0.0;0.0;0.0;0.0;0.0;0.0;0.0;0.0;0.0;0.0;0.0;0.0;0.0;0.0;0.0;0.0;0.0;0.0;0.0;0.43999999999999995;0.0;0.0;0.0;0.0;0.0;0.0;0.0;0.0;0.0;0.0;0.0;0.0;0.0;0.0;0.0;0.0;0.0;0.0;0.0;0.0;0.0;0.0;0.0;0.0;0.0;0.0;0.0;0.0;0.0;0.0;0.0;0.0;0.0;0.0;0.0;0.0;0.0;0.0;0.0;0.0;0.0;0.0;0.0;0.0;0.0;0.0;0.0;0.0;0.0;0.0;0.0;0.0;0.0;0.0;0.0;0.2857142857142857;0.0;0.0;0.0;0.0;0.0;0.0;0.0;0.0
GO:0042531;0.052631578947368474;0.12765957446808507;0.039215686274509776;0.0;0.0;1.0;0.09836065573770492;0.16666666666666663;0.07999999999999996;0.07547169811320753;0.0;0.234375;0.07547169811320753;0.0;0.06779661016949157;0.03508771929824561;0.07272727272727275;0.05882352941176472;0.08108108108108103;0.0;0.0;0.0;0.0;0.1568627450980392;0.054545454545454564;0.037735849056603765;0.08163265306122447;0.08108108108108103;0.08163265306122447;0.0625;0.0;0.10606060606060608;0.07547169811320753;0.08163265306122447;0.0;0.16666666666666663;0.10909090909090913;0.2272727272727273;0.0;0.12244897959183676;0.0;0.0;0.08450704225352113;0.0;0.07999999999999996;0.07999999999999996;0.0;0.24137931034482762;0.0;0.0;0.08108108108108103;0.07272727272727275;0.0;0.07547169811320753;0.24137931034482762;0.07999999999999996;0.0;0.0;0.039215686274509776;0.0;0.06060606060606055;0.07999999999999996;0.07692307692307687;0.05769230769230771;0.12244897959183676;0.22388059701492535;0.07999999999999996;0.0;0.0;0.07999999999999996;0.0714285714285714;0.23333333333333328;0.0;0.2962962962962963;0.12328767123287676;0.0;0.0;0.0;0.037735849056603765;0.15384615384615385;0.0;0.15384615384615385;0.07407407407407407;0.08333333333333337;0.054545454545454564;0.08510638297872342;0.0;0.07999999999999996;0.0;0.0625;0.0;0.0864197530864198;0.22857142857142854;0.15094339622641506;0.22857142857142854;0.0535714285714286;0.14814814814814814;0.0;0.22580645161290325;0.07999999999999996;0.0;0.11111111111111116;0.0;0.0;0.0;0.288135593220339
GO:0045648;0.2068965517241379;0.16666666666666663;0.07692307692307687;0.0;0.0;0.09836065573770492;1.0;0.1923076923076923;0.16000000000000003;0.23076923076923073;0.0;0.125;0.23076923076923073;0.0;0.11764705882352944;0.0625;0.4782608695652174;0.20512820512820518;0.17021276595744683;0.0;0.0;0.0;0.0;0.1333333333333333;0.09999999999999998;0.0714285714285714;0.12;0.17021276595744683;0.21739130434782605;0.10256410256410253;0.0;0.1707317073170732;0.1428571428571429;0.16666666666666663;0.0;0.11764705882352944;0.5;0.12;0.0;0.25;0.0;0.0;0.18181818181818177;0.0;0.16000000000000003;0.16000000000000003;0.0;0.20512820512820518;0.0;0.0;0.17021276595744683;0.1333333333333333;0.0;0.1428571428571429;0.20512820512820518;0.16000000000000003;0.0;0.0;0.07692307692307687;0.0;0.21621621621621623;0.16666666666666663;0.14814814814814814;0.15384615384615385;0.25;0.11764705882352944;0.16000000000000003;0.0;0.0;0.16000000000000003;0.12903225806451613;0.19512195121951215;0.0;0.09756097560975607;0.07547169811320753;0.0;0.0;0.0;0.11111111111111116;0.16666666666666663;0.0;0.16666666666666663;0.13793103448275867;0.17391304347826086;0.09999999999999998;0.18181818181818177;0.0;0.16000000000000003;0.0;0.10256410256410253;0.0;0.16666666666666663;0.196078431372549;0.16129032258064513;0.196078431372549;0.1333333333333333;0.15625;0.0;0.18604651162790697;0.16000000000000003;0.0;0.2068965517241379;0.0;0.0;0.0;0.1333333333333333
GO:0060368;0.1428571428571429;0.3076923076923077;0.1333333333333333;0.0;0.0;0.16666666666666663;0.1923076923076923;1.0;0.2857142857142857;0.16666666666666663;0.0;0.10256410256410253;0.16666666666666663;0.0;0.17391304347826086;0.09523809523809523;0.2777777777777778;0.125;0.09999999999999998;0.0;0.0;0.0;0.0;0.15000000000000002;0.1578947368421053;0.11764705882352944;0.3076923076923077;0.09999999999999998;0.41666666666666663;0.18518518518518523;0.0;0.23333333333333328;0.3125;0.3076923076923077;0.0;0.42105263157894735;0.19047619047619047;0.09756097560975607;0.0;0.2666666666666667;0.0;0.0;0.10810810810810811;0.0;0.2857142857142857;0.2857142857142857;0.0;0.3846153846153846;0.0;0.0;0.09999999999999998;0.2777777777777778;0.0;0.23529411764705888;0.3846153846153846;0.2857142857142857;0.0;0.0;0.1333333333333333;0.0;0.1333333333333333;0.15384615384615385;0.17647058823529416;0.1875;0.2666666666666667;0.09523809523809523;0.2857142857142857;0.0;0.0;0.2857142857142857;0.19999999999999996;0.3571428571428571;0.0;0.1333333333333333;0.09523809523809523;0.0;0.0;0.0;0.11764705882352944;0.7142857142857143;0.0;0.7142857142857143;0.1578947368421053;0.6;0.1578947368421053;0.5;0.0;0.2857142857142857;0.0;0.1428571428571429;0.0;0.15555555555555556;0.25;0.6666666666666667;0.25;0.15000000000000002;0.625;0.0;0.33333333333333337;0.2857142857142857;0.0;0.33333333333333337;0.0;0.0;0.0;0.1428571428571429
GO:0007259;0.1578947368421053;0.25;0.15384615384615385;0.07999999999999996;0.0;0.07999999999999996;0.16000000000000003;0.2857142857142857;1.0;0.1875;0.0;0.10810810810810811;0.1875;0.0;0.19047619047619047;0.10526315789473684;0.23529411764705888;0.1333333333333333;0.10526315789473684;0.0;0.16666666666666663;0.0;0.09523809523809523;0.16666666666666663;0.17647058823529416;0.1333333333333333;0.25;0.10526315789473684;0.36363636363636365;0.11111111111111116;0.1333333333333333;0.2068965517241379;0.1875;0.36363636363636365;0.09090909090909094;0.19047619047619047;0.21052631578947367;0.10256410256410253;0.0714285714285714;0.3076923076923077;0.05882352941176472;0.0;0.11428571428571432;0.11764705882352944;0.6;0.6;0.08333333333333337;0.1333333333333333;0.08333333333333337;0.09523809523809523;0.10526315789473684;0.16666666666666663;0.0;0.2666666666666667;0.1333333333333333;0.6;0.05714285714285716;0.0;0.15384615384615385;0.0;0.1428571428571429;0.07499999999999996;0.19999999999999996;0.2142857142857143;0.3076923076923077;0.09999999999999998;0.6;0.0;0.16666666666666663;0.6;0.2222222222222222;0.125;0.0;0.1428571428571429;0.09999999999999998;0.06896551724137934;0.125;0.0;0.2142857142857143;0.2222222222222222;0.11764705882352944;0.2222222222222222;0.17647058823529416;0.2727272727272727;0.17647058823529416;0.30000000000000004;0.11764705882352944;0.6;0.09523809523809523;0.15384615384615385;0.05882352941176472;0.16279069767441856;0.09090909090909094;0.21052631578947367;0.09090909090909094;0.16666666666666663;0.19999999999999996;0.0;0.11764705882352944;0.6;0.07692307692307687;0.1578947368421053;0.0;0.039215686274509776;0.11764705882352944;0.11764705882352944
GO:0032727;0.19047619047619047;0.2857142857142857;0.125;0.0;0.0;0.07547169811320753;0.23076923076923073;0.16666666666666663;0.1875;1.0;0.0;0.09999999999999998;0.8333333333333334;0.0;0.12;0.09090909090909094;0.19999999999999996;0.12121212121212122;0.21621621621621623;0.0;0.0;0.0;0.0;0.19999999999999996;0.15000000000000002;0.11111111111111116;0.19999999999999996;0.2857142857142857;0.19999999999999996;0.09999999999999998;0.0;0.11764705882352944;0.1578947368421053;0.19999999999999996;0.0;0.12;0.30000000000000004;0.09523809523809523;0.0;0.25;0.0;0.0;0.23529411764705888;0.0;0.1875;0.1875;0.0;0.12121212121212122;0.0;0.0;0.32352941176470584;0.1428571428571429;0.0;0.1578947368421053;0.12121212121212122;0.1875;0.0;0.0;0.125;0.0;0.12903225806451613;0.21052631578947367;0.23529411764705888;0.4285714285714286;0.25;0.09302325581395354;0.1875;0.0;0.0;0.1875;0.13636363636363635;0.11428571428571432;0.0;0.09375;0.06818181818181823;0.0;0.0;0.0;0.11111111111111116;0.13636363636363635;0.0;0.13636363636363635;0.21052631578947367;0.2142857142857143;0.15000000000000002;0.23076923076923073;0.0;0.1875;0.0;0.09999999999999998;0.0;0.1777777777777778;0.18604651162790697;0.13043478260869568;0.18604651162790697;0.1428571428571429;0.125;0.0;0.10810810810810811;0.1875;0.0;0.19047619047619047;0.0;0.0;0.0;0.10810810810810811
GO:0002479;0.0;0.0;0.0;0.0;0.0;0.0;0.0;0.0;0.0;0.0;1.0;0.0;0.0;0.5;0.0;0.0;0.0;0.0;0.0;0.0;0.0;0.0;0.0;0.0;0.0;0.0;0.0;0.0;0.0;0.0;0.0;0.06060606060606055;0.0;0.0;0.09090909090909094;0.0;0.0;0.0;0.0;0.0;0.0;0.0;0.0;0.0;0.0;0.0;0.0;0.0;0.0;0.0;0.0;0.0;0.125;0.0;0.0;0.0;0.0;0.0;0.0;0.10526315789473684;0.0;0.0;0.0;0.0;0.0;0.0;0.0;0.0;0.0;0.0;0.0;0.0;0.0;0.0;0.0;0.0;0.0;0.0;0.0;0.0;0.0;0.0;0.0;0.0;0.0;0.0;0.0;0.0;0.0;0.0;0.0;0.04166666666666663;0.0;0.0;0.0;0.0;0.0;0.0;0.0;0.0;0.0;0.0;0.16666666666666663;0.0;0.0;0.0
GO:0045893;0.06818181818181823;0.11111111111111116;0.052631578947368474;0.0;0.0;0.234375;0.125;0.10256410256410253;0.10810810810810811;0.09999999999999998;0.0;1.0;0.09999999999999998;0.0;0.08695652173913049;0.045454545454545414;0.09523809523809523;0.07272727272727275;0.09836065573770492;0.0;0.0;0.0;0.0;0.3529411764705882;0.0714285714285714;0.050000000000000044;0.08108108108108103;0.09836065573770492;0.11111111111111116;0.05769230769230771;0.0;0.09090909090909094;0.07317073170731703;0.11111111111111116;0.0;0.08695652173913049;0.1428571428571429;0.9428571428571428;0.0;0.16666666666666663;0.0;0.0;0.10344827586206895;0.0;0.10810810810810811;0.10810810810810811;0.0;0.1132075471698113;0.0;0.0;0.09836065573770492;0.06976744186046513;0.0;0.09999999999999998;0.1132075471698113;0.10810810810810811;0.0;0.0;0.052631578947368474;0.0;0.07547169811320753;0.0625;0.10256410256410253;0.07692307692307687;0.16666666666666663;0.9166666666666666;0.10810810810810811;0.0;0.0;0.10810810810810811;0.09302325581395354;0.10909090909090913;0.0;0.1875;0.38;0.0;0.0;0.0;0.050000000000000044;0.09302325581395354;0.0;0.09302325581395354;0.09756097560975607;0.08333333333333337;0.0714285714285714;0.08571428571428574;0.0;0.10810810810810811;0.0;0.07843137254901966;0.0;0.0714285714285714;0.08955223880597019;0.09090909090909094;0.08955223880597019;0.06976744186046513;0.0888888888888889;0.0;0.10526315789473684;0.10810810810810811;0.0;0.09302325581395354;0.0;0.0;0.0;0.3695652173913043
GO:0032728;0.19047619047619047;0.2857142857142857;0.125;0.0;0.0;0.07547169811320753;0.23076923076923073;0.16666666666666663;0.1875;0.8333333333333334;0.0;0.09999999999999998;1.0;0.0;0.12;0.09090909090909094;0.19999999999999996;0.12121212121212122;0.21621621621621623;0.0;0.0;0.0;0.0;0.19999999999999996;0.15000000000000002;0.11111111111111116;0.19999999999999996;0.32352941176470584;0.19999999999999996;0.09999999999999998;0.0;0.11764705882352944;0.1578947368421053;0.19999999999999996;0.0;0.12;0.30000000000000004;0.09523809523809523;0.0;0.25;0.0;0.0;0.23529411764705888;0.0;0.1875;0.1875;0.0;0.12121212121212122;0.0;0.0;0.2857142857142857;0.1428571428571429;0.0;0.1578947368421053;0.12121212121212122;0.1875;0.0;0.0;0.125;0.0;0.12903225806451613;0.21052631578947367;0.23529411764705888;0.4285714285714286;0.25;0.09302325581395354;0.1875;0.0;0.0;0.1875;0.13636363636363635;0.11428571428571432;0.0;0.09375;0.06818181818181823;0.0;0.0;0.0;0.11111111111111116;0.13636363636363635;0.0;0.13636363636363635;0.21052631578947367;0.2142857142857143;0.15000000000000002;0.23076923076923073;0.0;0.1875;0.0;0.09999999999999998;0.0;0.1777777777777778;0.18604651162790697;0.13043478260869568;0.18604651162790697;0.1428571428571429;0.125;0.0;0.10810810810810811;0.1875;0.0;0.19047619047619047;0.0;0.0;0.0;0.10810810810810811
GO:0019885;0.0;0.0;0.0;0.0;0.0;0.0;0.0;0.0;0.0;0.0;0.5;0.0;0.0;1.0;0.0;0.0;0.0;0.0;0.0;0.0;0.0;0.0;0.0;0.0;0.0;0.0;0.0;0.0;0.0;0.0;0.0;0.0625;0.0;0.0;0.09523809523809523;0.0;0.0;0.0;0.0;0.0;0.0;0.0;0.0;0.0;0.0;0.0;0.0;0.0;0.0;0.0;0.0;0.0;0.1333333333333333;0.0;0.0;0.0;0.0;0.0;0.0;0.11111111111111116;0.0;0.0;0.0;0.0;0.0;0.0;0.0;0.0;0.0;0.0;0.0;0.0;0.0;0.0;0.0;0.0;0.0;0.0;0.0;0.0;0.0;0.0;0.0;0.0;0.0;0.0;0.0;0.0;0.0;0.0;0.0;0.04255319148936165;0.0;0.0;0.0;0.0;0.0;0.0;0.0;0.0;0.0;0.0;0.18181818181818177;0.0;0.0;0.0
GO:2000110;0.14814814814814814;0.1428571428571429;0.09090909090909094;0.0;0.0;0.06779661016949157;0.11764705882352944;0.17391304347826086;0.19047619047619047;0.12;0.0;0.08695652173913049;0.12;0.0;1.0;0.0714285714285714;0.15384615384615385;0.16216216216216217;0.08510638297872342;0.0;0.0;0.0;0.0;0.11111111111111116;0.16000000000000003;0.08333333333333337;0.1428571428571429;0.08510638297872342;0.19999999999999996;0.11428571428571432;0.0;0.09999999999999998;0.12;0.33333333333333337;0.0;0.2142857142857143;0.1428571428571429;0.08333333333333337;0.0;0.18181818181818177;0.0;0.0;0.09090909090909094;0.0;0.19047619047619047;0.19047619047619047;0.0;0.10256410256410253;0.0;0.0;0.08510638297872342;0.11111111111111116;0.0;0.2727272727272727;0.10256410256410253;0.19047619047619047;0.0;0.0;0.09090909090909094;0.0;0.17142857142857137;0.061224489795918324;0.125;0.18181818181818177;0.18181818181818177;0.08163265306122447;0.19047619047619047;0.0;0.0;0.19047619047619047;0.24;0.09756097560975607;0.0;0.10810810810810811;0.12765957446808507;0.0;0.0;0.0;0.08333333333333337;0.14814814814814814;0.0;0.14814814814814814;0.11538461538461542;0.15000000000000002;0.16000000000000003;0.1578947368421053;0.0;0.19047619047619047;0.0;0.18181818181818177;0.0;0.07272727272727275;0.07547169811320753;0.1428571428571429;0.07547169811320753;0.15384615384615385;0.13793103448275867;0.0;0.09302325581395354;0.19047619047619047;0.0;0.1071428571428571;0.0;0.0;0.0;0.09302325581395354
GO:2000373;0.07999999999999996;0.11111111111111116;0.25;0.0;0.0;0.03508771929824561;0.0625;0.09523809523809523;0.10526315789473684;0.09090909090909094;0.0;0.045454545454545414;0.09090909090909094;0.0;0.0714285714285714;1.0;0.08333333333333337;0.05405405405405406;0.0444444444444444;0.0;0.0;0.0;0.0;0.08333333333333337;0.08695652173913049;0.2941176470588235;0.11111111111111116;0.0444444444444444;0.11111111111111116;0.06060606060606055;0.0;0.052631578947368474;0.09090909090909094;0.11111111111111116;0.0;0.0714285714285714;0.07692307692307687;0.04347826086956519;0.0;0.09999999999999998;0.0;0.0;0.04761904761904767;0.0;0.10526315789473684;0.10526315789473684;0.0;0.05405405405405406;0.0;0.0;0.0444444444444444;0.08333333333333337;0.0;0.09090909090909094;0.05405405405405406;0.10526315789473684;0.0;0.0;0.17647058823529416;0.0;0.05714285714285716;0.04347826086956519;0.09523809523809523;0.09999999999999998;0.09999999999999998;0.04255319148936165;0.10526315789473684;0.0;0.0;0.10526315789473684;0.07999999999999996;0.05128205128205132;0.0;0.12121212121212122;0.04255319148936165;0.0;0.0;0.0;0.09999999999999998;0.07999999999999996;0.0;0.07999999999999996;0.08695652173913049;0.11764705882352944;0.08695652173913049;0.125;0.0;0.10526315789473684;0.0;0.06060606060606055;0.0;0.037735849056603765;0.039215686274509776;0.07692307692307687;0.039215686274509776;0.08333333333333337;0.07407407407407407;0.0;0.04878048780487809;0.10526315789473684;0.0;0.07999999999999996;0.0;0.0;0.0;0.04878048780487809
GO:0045655;0.2857142857142857;0.17647058823529416;0.11111111111111116;0.0;0.0;0.07272727272727275;0.4782608695652174;0.2777777777777778;0.23529411764705888;0.19999999999999996;0.0;0.09523809523809523;0.19999999999999996;0.0;0.15384615384615385;0.08333333333333337;1.0;0.25806451612903225;0.11904761904761907;0.0;0.0;0.0;0.0;0.13043478260869568;0.13636363636363635;0.09999999999999998;0.17647058823529416;0.11904761904761907;0.33333333333333337;0.12903225806451613;0.0;0.1428571428571429;0.19999999999999996;0.25;0.0;0.15384615384615385;0.33333333333333337;0.09090909090909094;0.0;0.2222222222222222;0.0;0.0;0.1282051282051282;0.0;0.23529411764705888;0.23529411764705888;0.0;0.1470588235294118;0.0;0.0;0.11904761904761907;0.18181818181818177;0.0;0.19999999999999996;0.1470588235294118;0.23529411764705888;0.0;0.0;0.11111111111111116;0.0;0.27586206896551724;0.11627906976744184;0.15000000000000002;0.2222222222222222;0.2222222222222222;0.0888888888888889;0.23529411764705888;0.0;0.0;0.23529411764705888;0.17391304347826086;0.13888888888888884;0.0;0.12121212121212122;0.0888888888888889;0.0;0.0;0.0;0.09999999999999998;0.2272727272727273;0.0;0.2272727272727273;0.13636363636363635;0.2666666666666667;0.13636363636363635;0.2857142857142857;0.0;0.23529411764705888;0.0;0.12903225806451613;0.0;0.12244897959183676;0.12765957446808507;0.21739130434782605;0.12765957446808507;0.13043478260869568;0.20833333333333337;0.0;0.13157894736842102;0.23529411764705888;0.0;0.17391304347826086;0.0;0.0;0.0;0.10256410256410253
GO:0003340;0.33333333333333337;0.09999999999999998;0.06451612903225812;0.0;0.0;0.05882352941176472;0.20512820512820518;0.125;0.1333333333333333;0.12121212121212122;0.0;0.07272727272727275;0.12121212121212122;0.0;0.16216216216216217;0.05405405405405406;0.25806451612903225;1.0;0.09090909090909094;0.0;0.0;0.0;0.0;0.08333333333333337;0.11764705882352944;0.06060606060606055;0.09999999999999998;0.09090909090909094;0.13793103448275867;0.09090909090909094;0.0;0.08163265306122447;0.08823529411764708;0.2222222222222222;0.0;0.16216216216216217;0.20588235294117652;0.07017543859649122;0.0;0.12903225806451613;0.0;0.0;0.09615384615384615;0.0;0.1333333333333333;0.1333333333333333;0.0;0.08333333333333337;0.0;0.0;0.09090909090909094;0.08333333333333337;0.0;0.19354838709677424;0.08333333333333337;0.1333333333333333;0.0;0.0;0.06451612903225812;0.0;0.7241379310344828;0.07017543859649122;0.09090909090909094;0.2068965517241379;0.12903225806451613;0.06896551724137934;0.1333333333333333;0.0;0.0;0.1333333333333333;0.17647058823529416;0.07999999999999996;0.0;0.08695652173913049;0.1071428571428571;0.0;0.0;0.0;0.06060606060606055;0.11111111111111116;0.0;0.11111111111111116;0.08571428571428574;0.10344827586206895;0.11764705882352944;0.1071428571428571;0.0;0.1333333333333333;0.0;0.1428571428571429;0.0;0.07936507936507942;0.08196721311475408;0.10810810810810811;0.08196721311475408;0.11428571428571432;0.10526315789473684;0.0;0.07692307692307687;0.1333333333333333;0.0;0.08108108108108103;0.0;0.0;0.0;0.07692307692307687
GO:1904469;0.09090909090909094;0.10810810810810811;0.05128205128205132;0.0;0.0;0.08108108108108103;0.17021276595744683;0.09999999999999998;0.10526315789473684;0.21621621621621623;0.0;0.09836065573770492;0.21621621621621623;0.0;0.08510638297872342;0.0444444444444444;0.11904761904761907;0.09090909090909094;1.0;0.0;0.0;0.0;0.0;0.09302325581395354;0.06976744186046513;0.04878048780487809;0.07894736842105265;0.7435897435897436;0.10810810810810811;0.05660377358490565;0.0;0.0892857142857143;0.0714285714285714;0.10810810810810811;0.0;0.08510638297872342;0.19512195121951215;0.09523809523809523;0.0;0.16216216216216217;0.0;0.0;0.8055555555555556;0.0;0.10526315789473684;0.10526315789473684;0.0;0.11111111111111116;0.0;0.0;0.7435897435897436;0.06818181818181823;0.0;0.09756097560975607;0.11111111111111116;0.10526315789473684;0.0;0.0;0.05128205128205132;0.0;0.09433962264150941;0.1311475409836066;0.1578947368421053;0.13157894736842102;0.16216216216216217;0.09375;0.10526315789473684;0.0;0.0;0.10526315789473684;0.11627906976744184;0.1071428571428571;0.0;0.07407407407407407;0.06060606060606055;0.0;0.0;0.0;0.04878048780487809;0.09090909090909094;0.0;0.09090909090909094;0.09523809523809523;0.08108108108108103;0.06976744186046513;0.08333333333333337;0.0;0.10526315789473684;0.0;0.33333333333333337;0.0;0.13432835820895528;0.15625;0.0888888888888889;0.15625;0.06818181818181823;0.08695652173913049;0.0;0.10344827586206895;0.10526315789473684;0.0;0.09090909090909094;0.0;0.0;0.0;0.10344827586206895
GO:0042542;0.0;0.0;0.0;0.0;0.0;0.0;0.0;0.0;0.0;0.0;0.0;0.0;0.0;0.0;0.0;0.0;0.0;0.0;0.0;1.0;0.2142857142857143;0.0;0.13043478260869568;0.0;0.0;0.0;0.0;0.0;0.0;0.0;0.17647058823529416;0.0;0.0;0.0;0.0;0.0;0.0;0.0;0.09999999999999998;0.0;0.0;0.0;0.0;0.0;0.0;0.0;0.0;0.0;0.0;0.0;0.0;0.0;0.10526315789473684;0.0;0.0;0.0;0.0;0.11764705882352944;0.0;0.1428571428571429;0.0;0.0;0.0;0.0;0.0;0.0;0.0;0.0;0.0;0.0;0.0;0.0;0.23529411764705888;0.0;0.0;0.1333333333333333;0.0;0.0;0.0;0.0;0.1578947368421053;0.0;0.0;0.0;0.0;0.0;0.1578947368421053;0.0;0.0;0.0;0.0;0.039215686274509776;0.0;0.0;0.0;0.0;0.0;0.0;0.0;0.0;0.0;0.0;0.2142857142857143;0.0;0.1578947368421053;0.0
GO:0006974;0.0;0.0;0.0;0.08695652173913049;0.0;0.0;0.0;0.0;0.16666666666666663;0.0;0.0;0.0;0.0;0.0;0.0;0.0;0.0;0.0;0.0;0.2142857142857143;1.0;0.0;0.23529411764705888;0.0;0.0;0.0;0.0;0.0;0.0;0.0;0.36363636363636365;0.06451612903225812;0.0;0.0;0.09999999999999998;0.0;0.0;0.0;0.2727272727272727;0.0;0.0625;0.0;0.0;0.1333333333333333;0.16666666666666663;0.16666666666666663;0.09090909090909094;0.0;0.09090909090909094;0.10526315789473684;0.0;0.0;0.1428571428571429;0.0;0.0;0.16666666666666663;0.06060606060606055;0.16666666666666663;0.0;0.1875;0.0;0.0;0.0;0.0;0.0;0.0;0.16666666666666663;0.0;0.19999999999999996;0.16666666666666663;0.0;0.0;0.1428571428571429;0.0;0.0;0.16000000000000003;0.1428571428571429;0.0;0.15384615384615385;0.0;0.3076923076923077;0.0;0.0;0.0;0.0;0.0;0.3076923076923077;0.16666666666666663;0.10526315789473684;0.0;0.0625;0.06666666666666665;0.0;0.0;0.0;0.0;0.0;0.0;0.0;0.16666666666666663;0.08333333333333337;0.0;0.33333333333333337;0.04081632653061229;0.3076923076923077;0.0
GO:0061326;0.0;0.0;0.0;0.0;0.0;0.0;0.0;0.0;0.0;0.0;0.0;0.0;0.0;0.0;0.0;0.0;0.0;0.0;0.0;0.0;0.0;1.0;0.0;0.0;0.0;0.0;0.0;0.0;0.0;0.0;0.0;0.0;0.0;0.0;0.09999999999999998;0.0;0.0;0.0;0.0;0.0;0.0;0.0;0.0;0.0;0.0;0.0;0.0;0.0;0.0;0.0;0.0;0.0;0.0;0.0;0.0;0.0;0.0;0.0;0.0;0.0;0.0;0.0;0.0;0.0;0.0;0.0;0.0;0.0;0.19999999999999996;0.0;0.0;0.0;0.0;0.0;0.0;0.0;0.1428571428571429;0.0;0.0;0.0;0.0;0.0;0.0;0.0;0.0;0.0;0.0;0.0;0.0;0.0;0.0;0.0;0.0;0.0;0.0;0.0;0.0;0.0;0.0;0.0;0.0;0.0;0.0;0.0;0.0;0.0
GO:0071360;0.0;0.0;0.0;0.0625;0.0;0.0;0.0;0.0;0.09523809523809523;0.0;0.0;0.0;0.0;0.0;0.0;0.0;0.0;0.0;0.0;0.13043478260869568;0.23529411764705888;0.0;1.0;0.0;0.0;0.0;0.0;0.0;0.0;0.0;0.6;0.050000000000000044;0.0;0.0;0.06896551724137934;0.0;0.0;0.0;0.12121212121212122;0.0;0.04878048780487809;0.0;0.0;0.08333333333333337;0.09523809523809523;0.09523809523809523;0.06451612903225812;0.0;0.06451612903225812;0.0714285714285714;0.0;0.0;0.08695652173913049;0.0;0.0;0.09523809523809523;0.04761904761904767;0.09523809523809523;0.0;0.07692307692307687;0.0;0.0;0.0;0.0;0.0;0.0;0.09523809523809523;0.0;0.10526315789473684;0.09523809523809523;0.0;0.0;0.3157894736842105;0.0;0.0;0.3571428571428571;0.08695652173913049;0.0;0.09090909090909094;0.0;0.4444444444444444;0.0;0.0;0.0;0.0;0.0;0.4444444444444444;0.09523809523809523;0.0714285714285714;0.0;0.04878048780487809;0.05555555555555558;0.0;0.0;0.0;0.0;0.0;0.0;0.0;0.09523809523809523;0.06060606060606055;0.0;0.10526315789473684;0.03448275862068961;0.4444444444444444;0.0
GO:0051770;0.125;0.25;0.11111111111111116;0.0;0.0;0.1568627450980392;0.1333333333333333;0.15000000000000002;0.16666666666666663;0.19999999999999996;0.0;0.3529411764705882;0.19999999999999996;0.0;0.11111111111111116;0.08333333333333337;0.13043478260869568;0.08333333333333337;0.09302325581395354;0.0;0.0;0.0;0.0;1.0;0.13636363636363635;0.09999999999999998;0.17647058823529416;0.09302325581395354;0.17647058823529416;0.09375;0.0;0.11111111111111116;0.1428571428571429;0.17647058823529416;0.0;0.11111111111111116;0.16666666666666663;0.33333333333333337;0.0;0.2222222222222222;0.0;0.0;0.09999999999999998;0.0;0.16666666666666663;0.16666666666666663;0.0;0.11428571428571432;0.0;0.0;0.09302325581395354;0.13043478260869568;0.0;0.1428571428571429;0.11428571428571432;0.16666666666666663;0.0;0.0;0.11111111111111116;0.0;0.08823529411764708;0.09090909090909094;0.21052631578947367;0.1578947368421053;0.2222222222222222;0.32432432432432434;0.16666666666666663;0.0;0.0;0.16666666666666663;0.125;0.10810810810810811;0.0;0.15625;0.16666666666666663;0.0;0.0;0.0;0.09999999999999998;0.125;0.0;0.125;0.19047619047619047;0.1875;0.13636363636363635;0.19999999999999996;0.0;0.16666666666666663;0.0;0.09375;0.0;0.07843137254901966;0.08163265306122447;0.12;0.08163265306122447;0.13043478260869568;0.11538461538461542;0.0;0.10256410256410253;0.16666666666666663;0.0;0.17391304347826086;0.0;0.0;0.0;0.22857142857142854
GO:0046597;0.18181818181818177;0.1875;0.11764705882352944;0.0;0.0;0.054545454545454564;0.09999999999999998;0.1578947368421053;0.17647058823529416;0.15000000000000002;0.0;0.0714285714285714;0.15000000000000002;0.0;0.16000000000000003;0.08695652173913049;0.13636363636363635;0.11764705882352944;0.06976744186046513;0.0;0.0;0.0;0.0;0.13636363636363635;1.0;0.10526315789473684;0.1875;0.06976744186046513;0.1875;0.2142857142857143;0.0;0.08333333333333337;0.21052631578947367;0.2666666666666667;0.0;0.16000000000000003;0.125;0.06818181818181823;0.0;0.16666666666666663;0.0;0.0;0.07499999999999996;0.0;0.17647058823529416;0.17647058823529416;0.0;0.08571428571428574;0.0;0.0;0.06976744186046513;0.19047619047619047;0.0;0.21052631578947367;0.08571428571428574;0.17647058823529416;0.0;0.0;0.11764705882352944;0.0;0.125;0.06818181818181823;0.1578947368421053;0.23529411764705888;0.16666666666666663;0.06666666666666665;0.17647058823529416;0.0;0.0;0.17647058823529416;0.18181818181818177;0.08108108108108103;0.0;0.09090909090909094;0.09090909090909094;0.0;0.0;0.0;0.10526315789473684;0.13043478260869568;0.0;0.13043478260869568;0.4117647058823529;0.19999999999999996;0.8461538461538461;0.2142857142857143;0.0;0.17647058823529416;0.0;0.1333333333333333;0.0;0.05882352941176472;0.08333333333333337;0.125;0.08333333333333337;0.5625;0.12;0.0;0.07692307692307687;0.17647058823529416;0.0;0.13043478260869568;0.0;0.0;0.0;0.07692307692307687
GO:0051097;0.09523809523809523;0.1428571428571429;0.23076923076923073;0.0;0.0;0.037735849056603765;0.0714285714285714;0.11764705882352944;0.1333333333333333;0.11111111111111116;0.0;0.050000000000000044;0.11111111111111116;0.0;0.08333333333333337;0.2941176470588235;0.09999999999999998;0.06060606060606055;0.04878048780487809;0.0;0.0;0.0;0.0;0.09999999999999998;0.10526315789473684;1.0;0.1428571428571429;0.04878048780487809;0.1428571428571429;0.06896551724137934;0.0;0.05882352941176472;0.11111111111111116;0.1428571428571429;0.0;0.08333333333333337;0.09090909090909094;0.04761904761904767;0.0;0.125;0.0;0.0;0.052631578947368474;0.0;0.1333333333333333;0.1333333333333333;0.0;0.06060606060606055;0.0;0.0;0.04878048780487809;0.09999999999999998;0.0;0.11111111111111116;0.06060606060606055;0.1333333333333333;0.0;0.0;0.33333333333333337;0.0;0.06451612903225812;0.04761904761904767;0.11764705882352944;0.125;0.125;0.046511627906976716;0.1333333333333333;0.0;0.0;0.1333333333333333;0.09523809523809523;0.05714285714285716;0.0;0.13793103448275867;0.046511627906976716;0.0;0.0;0.0;0.125;0.09523809523809523;0.0;0.09523809523809523;0.10526315789473684;0.15384615384615385;0.10526315789473684;0.16666666666666663;0.0;0.1333333333333333;0.0;0.06896551724137934;0.0;0.04081632653061229;0.04255319148936165;0.09090909090909094;0.04255319148936165;0.09999999999999998;0.08695652173913049;0.0;0.05405405405405406;0.1333333333333333;0.0;0.09523809523809523;0.0;0.0;0.0;0.05405405405405406
GO:0050727;0.16666666666666663;0.4;0.16666666666666663;0.0;0.0;0.08163265306122447;0.12;0.3076923076923077;0.25;0.19999999999999996;0.0;0.08108108108108103;0.19999999999999996;0.0;0.1428571428571429;0.11111111111111116;0.17647058823529416;0.09999999999999998;0.07894736842105265;0.0;0.0;0.0;0.0;0.17647058823529416;0.1875;0.1428571428571429;1.0;0.07894736842105265;0.2727272727272727;0.31818181818181823;0.0;0.2142857142857143;0.6363636363636364;0.2727272727272727;0.0;0.19999999999999996;0.1578947368421053;0.07692307692307687;0.0;0.23076923076923073;0.0;0.0;0.08571428571428574;0.0;0.25;0.25;0.0;0.2222222222222222;0.0;0.0;0.07894736842105265;0.5384615384615384;0.0;0.19999999999999996;0.2222222222222222;0.25;0.0;0.0;0.16666666666666663;0.0;0.1071428571428571;0.10526315789473684;0.2142857142857143;0.23076923076923073;0.23076923076923073;0.07499999999999996;0.25;0.0;0.0;0.25;0.16666666666666663;0.2068965517241379;0.0;0.1071428571428571;0.07499999999999996;0.0;0.0;0.0;0.1428571428571429;0.4;0.0;0.4;0.1875;0.4444444444444444;0.1875;0.5;0.0;0.25;0.0;0.11538461538461542;0.0;0.13953488372093026;0.17500000000000004;0.375;0.17500000000000004;0.17647058823529416;0.3529411764705882;0.0;0.19354838709677424;0.25;0.0;0.4;0.0;0.0;0.0;0.15625
GO:0035549;0.09090909090909094;0.10810810810810811;0.05128205128205132;0.0;0.0;0.08108108108108103;0.17021276595744683;0.09999999999999998;0.10526315789473684;0.2857142857142857;0.0;0.09836065573770492;0.32352941176470584;0.0;0.08510638297872342;0.0444444444444444;0.11904761904761907;0.09090909090909094;0.7435897435897436;0.0;0.0;0.0;0.0;0.09302325581395354;0.06976744186046513;0.04878048780487809;0.07894736842105265;1.0;0.10810810810810811;0.05660377358490565;0.0;0.0892857142857143;0.0714285714285714;0.10810810810810811;0.0;0.08510638297872342;0.19512195121951215;0.09523809523809523;0.0;0.16216216216216217;0.0;0.0;0.8055555555555556;0.0;0.10526315789473684;0.10526315789473684;0.0;0.11111111111111116;0.0;0.0;0.8378378378378378;0.06818181818181823;0.0;0.09756097560975607;0.11111111111111116;0.10526315789473684;0.0;0.0;0.05128205128205132;0.0;0.09433962264150941;0.1311475409836066;0.1578947368421053;0.16216216216216217;0.16216216216216217;0.09375;0.10526315789473684;0.0;0.0;0.10526315789473684;0.11627906976744184;0.1071428571428571;0.0;0.07407407407407407;0.06060606060606055;0.0;0.0;0.0;0.04878048780487809;0.09090909090909094;0.0;0.09090909090909094;0.09523809523809523;0.08108108108108103;0.06976744186046513;0.08333333333333337;0.0;0.10526315789473684;0.0;0.33333333333333337;0.0;0.13432835820895528;0.15625;0.0888888888888889;0.15625;0.06818181818181823;0.08695652173913049;0.0;0.10344827586206895;0.10526315789473684;0.0;0.09090909090909094;0.0;0.0;0.0;0.10344827586206895
GO:0033003;0.16666666666666663;0.2727272727272727;0.16666666666666663;0.0;0.0;0.08163265306122447;0.21739130434782605;0.41666666666666663;0.36363636363636365;0.19999999999999996;0.0;0.11111111111111116;0.19999999999999996;0.0;0.19999999999999996;0.11111111111111116;0.33333333333333337;0.13793103448275867;0.10810810810810811;0.0;0.0;0.0;0.0;0.17647058823529416;0.1875;0.1428571428571429;0.2727272727272727;0.10810810810810811;1.0;0.16000000000000003;0.0;0.1724137931034483;0.2857142857142857;0.4;0.0;0.19999999999999996;0.2222222222222222;0.10526315789473684;0.0;0.33333333333333337;0.0;0.0;0.11764705882352944;0.0;0.36363636363636365;0.36363636363636365;0.0;0.1785714285714286;0.0;0.0;0.10810810810810811;0.25;0.0;0.2857142857142857;0.1785714285714286;0.36363636363636365;0.0;0.0;0.16666666666666663;0.0;0.14814814814814814;0.10526315789473684;0.2142857142857143;0.23076923076923073;0.33333333333333337;0.10256410256410253;0.36363636363636365;0.0;0.0;0.36363636363636365;0.23529411764705888;0.16666666666666663;0.0;0.14814814814814814;0.10256410256410253;0.0;0.0;0.0;0.1428571428571429;0.3125;0.0;0.3125;0.1875;0.4444444444444444;0.1875;0.5;0.0;0.36363636363636365;0.0;0.16000000000000003;0.0;0.11363636363636365;0.11904761904761907;0.2941176470588235;0.11904761904761907;0.17647058823529416;0.2777777777777778;0.0;0.15625;0.36363636363636365;0.0;0.23529411764705888;0.0;0.0;0.0;0.12121212121212122
GO:0050689;0.125;0.16000000000000003;0.07407407407407407;0.0;0.0;0.0625;0.10256410256410253;0.18518518518518523;0.11111111111111116;0.09999999999999998;0.0;0.05769230769230771;0.09999999999999998;0.0;0.11428571428571432;0.06060606060606055;0.12903225806451613;0.09090909090909094;0.05660377358490565;0.0;0.0;0.0;0.0;0.09375;0.2142857142857143;0.06896551724137934;0.31818181818181823;0.05660377358490565;0.16000000000000003;1.0;0.0;0.16666666666666663;0.5;0.16000000000000003;0.0;0.18181818181818177;0.08823529411764708;0.05555555555555558;0.0;0.1071428571428571;0.0;0.0;0.06000000000000005;0.0;0.11111111111111116;0.11111111111111116;0.0;0.1707317073170732;0.0;0.0;0.05660377358490565;0.5909090909090908;0.0;0.13793103448275867;0.1707317073170732;0.11111111111111116;0.0;0.0;0.07407407407407407;0.0;0.09523809523809523;0.11764705882352944;0.10344827586206895;0.14814814814814814;0.1071428571428571;0.054545454545454564;0.11111111111111116;0.0;0.0;0.11111111111111116;0.125;0.16279069767441856;0.0;0.06976744186046513;0.07407407407407407;0.0;0.0;0.0;0.06896551724137934;0.24137931034482762;0.0;0.24137931034482762;0.1333333333333333;0.21739130434782605;0.2142857142857143;0.2272727272727273;0.0;0.11111111111111116;0.0;0.09999999999999998;0.0;0.1228070175438597;0.24;0.23333333333333328;0.24;0.2068965517241379;0.22580645161290325;0.0;0.15555555555555556;0.11111111111111116;0.0;0.24137931034482762;0.0;0.0;0.0;0.1063829787234043
GO:0071407;0.0;0.0;0.0;0.07692307692307687;0.0;0.0;0.0;0.0;0.1333333333333333;0.0;0.0;0.0;0.0;0.0;0.0;0.0;0.0;0.0;0.0;0.17647058823529416;0.36363636363636365;0.0;0.6;0.0;0.0;0.0;0.0;0.0;0.0;0.0;1.0;0.05882352941176472;0.0;0.0;0.08695652173913049;0.0;0.0;0.0;0.14814814814814814;0.0;0.05714285714285716;0.0;0.0;0.11111111111111116;0.1333333333333333;0.1333333333333333;0.07999999999999996;0.0;0.07999999999999996;0.09090909090909094;0.0;0.0;0.11764705882352944;0.0;0.0;0.1333333333333333;0.05555555555555558;0.1333333333333333;0.0;0.09999999999999998;0.0;0.0;0.0;0.0;0.0;0.0;0.1333333333333333;0.0;0.15384615384615385;0.1333333333333333;0.0;0.0;0.3571428571428571;0.0;0.0;0.33333333333333337;0.11764705882352944;0.0;0.125;0.0;0.6666666666666667;0.0;0.0;0.0;0.0;0.0;0.6666666666666667;0.1333333333333333;0.09090909090909094;0.0;0.05714285714285716;0.0625;0.0;0.0;0.0;0.0;0.0;0.0;0.0;0.1333333333333333;0.07407407407407407;0.0;0.15384615384615385;0.038461538461538436;0.6666666666666667;0.0
