;GO:0045806;GO:0036499;GO:0034198;GO:0090650;GO:0036092;GO:1902237;GO:0046854;GO:0006366;GO:0006520;GO:0043267;GO:1903204;GO:0046855;GO:0006367;GO:0043547;GO:0007214;GO:1904417;GO:0036091;GO:0070086;GO:0050796;GO:0032922;GO:0045893;GO:0030308;GO:0006914;GO:0010976;GO:0032288;GO:0035556;GO:0010575;GO:0042789;GO:0006094;GO:0030182;GO:0009247;GO:0006334;GO:0042149;GO:0006654;GO:0051451;GO:0051056;GO:1990737;GO:0016567;GO:0008360;GO:0061395;GO:0043123;GO:0045786;GO:0042631;GO:0043525;GO:0045943;GO:0002576;GO:0043171;GO:0034644;GO:0030521;GO:0016311;GO:0051865;GO:1903351;GO:0000209;GO:0030163;GO:0007162;GO:0048305;GO:0002230;GO:0048666;GO:0006357;GO:1990440;GO:0007517;GO:0072673;GO:0006508;GO:2000786;GO:0032057;GO:0070059;GO:0031642;GO:2001311
GO:0045806;1.0;0.07103941365552983;0.0;0.0;0.0;0.07103941365552983;0.0;0.0;0.0;0.5991962303900853;0.21222068399326394;0.0;0.0;0.07455557650113201;0.0752364431324365;0.06748421709113606;0.06660741936166652;0.0;0.43913369299283794;0.07069643980595329;0.11207706664264702;0.3802646930032586;0.0;0.39502364492277947;0.0;0.11308062335281427;0.0666223197777781;0.0;0.0;0.0;0.0;0.0;0.0;0.0;0.0;0.09457249656344312;0.0;0.0;0.3789892906936399;0.0597540978909255;0.08906279152853684;0.28813274084151447;0.0;0.07954526346593434;0.07447015634202964;0.0;0.0;0.0;0.07911985273505;0.0;0.0;0.0;0.0;0.0;0.26739212116634786;0.0;0.06599275184356883;0.0;0.12050419667645326;0.07057270191161669;0.0;0.0;0.0;0.30115250472999033;0.18983010158506936;0.0765621339417255;0.19538731858837904;0.0
GO:0036499;0.07103941365552983;1.0;0.36846489584275177;0.2472722557547908;0.02182212351854227;0.06408801570823591;0.023263802655009012;0.02712995012846432;0.02542065798400764;0.05987742191607121;0.06592070451414411;0.01989707421866705;0.024083588471831858;0.06492722814618747;0.17872852465913472;0.06118030945748723;0.3160968196712085;0.0;0.07847745434770959;0.06297229644114179;0.09570036915576074;0.07843949506529221;0.024562408806052934;0.08110689872024471;0.01968676996160056;0.25539292129917324;0.059719320054302846;0.020327253806802243;0.0;0.02477593375833625;0.022100137607658533;0.023361732439439318;0.3658966565263033;0.02137625180786892;0.01957001359577429;0.08263952455899813;0.5385649193522067;0.02710641583581767;0.07820782549547413;0.28629243543793514;0.0784013527513156;0.08639043338578885;0.30598636240710225;0.07093050095117616;0.06686706065219274;0.02344023085503357;0.021154061359467343;0.29416485256855135;0.18695945887010063;0.025254952376925786;0.021981355279213428;0.2591498642112749;0.024889227914135312;0.0;0.08094032350194594;0.018307684229438067;0.059212961388398516;0.023716259423215674;0.1017779103404574;0.5862598116536393;0.0;0.018793571078130664;0.0;0.06370792878581515;0.31159926125322257;0.6308075030576059;0.06118030945748723;0.016820808509603918
GO:0034198;0.0;0.36846489584275177;1.0;0.6454428240681703;0.02425916567084211;0.0;0.026054074570735202;0.0310018770917311;0.028789767392964412;0.0;0.0;0.0219033464565488;0.02708666893163923;0.0;0.022917023668722024;0.0;0.345648484179024;0.0;0.0;0.0;0.0;0.0;0.027693851637747725;0.0;0.021648764299347714;0.034299274744592836;0.0;0.022425790895409164;0.0;0.02796559255318611;0.024603232535349955;0.026176966686091197;0.7989521693221792;0.02370939980386463;0.02150765967640577;0.0;0.3335952628261399;0.030971149722753936;0.0;0.3103222220429491;0.0;0.0;0.5918074478411074;0.0;0.0;0.026275564055684153;0.023436369429700937;0.32829897248150375;0.024089453878974987;0.028577411213721683;0.02445610907708051;0.2852805994291253;0.02811002050089319;0.0;0.0;0.019992662136233238;0.0;0.02662290294602338;0.0;0.366063276079318;0.0;0.020573522445697098;0.0;0.0;0.3402778130790802;0.39686485824153184;0.0;0.018232653144588037
GO:0090650;0.0;0.2472722557547908;0.6454428240681703;1.0;0.02096334253509538;0.0;0.02229033359681087;0.02581518229491977;0.02426280689616606;0.0;0.0;0.019180638613064935;0.023041839171859955;0.0;0.0199535213561624;0.0;0.23374129465545893;0.0;0.0;0.0;0.0;0.0;0.023479755505302555;0.0;0.01898513217417398;0.028061574753642068;0.0;0.01958008594644456;0.0;0.02367479721038503;0.021219776862578924;0.02238022331764302;0.6411185351856259;0.020551542567957427;0.01887652695603444;0.0;0.29294944688926733;0.02579387286611131;0.0;0.2123767424263656;0.0;0.0;0.525106532103369;0.0;0.0;0.02245225413216976;0.020346083498723314;0.42800853045370635;0.02083649140926217;0.0241118076860385;0.02111024600253506;0.32309622376287345;0.023778223686460598;0.0;0.0;0.017699386080986357;0.0;0.022705378909716648;0.0;0.2458577247928923;0.0;0.01815312070227472;0.0;0.0;0.23052602855586188;0.2638291311646726;0.0;0.016305915572199955
GO:0036092;0.0;0.02182212351854227;0.02425916567084211;0.02096334253509538;1.0;0.0;0.8032161122626329;0.30860729156653577;0.13728394962726465;0.0;0.0;0.45668282754758555;0.2692421882871273;0.0;0.023111381001720988;0.0;0.020460688760885998;0.0;0.0;0.0;0.0;0.0;0.13122234538465977;0.0;0.02182212351854227;0.03473648223399689;0.0;0.22252851800345133;0.23521164792111687;0.02825555697840355;0.591327890658468;0.026430857739783008;0.024069847138229045;0.7302981669747426;0.02167875745174712;0.0;0.01974202850009074;0.1478054451020856;0.0;0.018355462662427813;0.0;0.0;0.01974202850009074;0.0;0.0;0.02653138065354658;0.11087403108093527;0.025441547064307;0.02430429968813146;0.4421597779680174;0.11643177316717192;0.022080823654154244;0.13400879398789461;0.1414637706831951;0.0;0.02014042183934945;0.0;0.026885561372677367;0.0;0.02167875745174712;0.0;0.02073002640556365;0.1600575113104066;0.0;0.02014042183934945;0.023518611116653793;0.0;0.5025704680282965
GO:1902237;0.07103941365552983;0.06408801570823591;0.0;0.0;0.0;1.0;0.0;0.0;0.0;0.05987742191607121;0.47125384897801015;0.0;0.0;0.06492722814618747;0.06748421709113606;0.3342237894597659;0.16134250722487628;0.0;0.2765724537985807;0.06297229644114179;0.25538944004997627;0.07843949506529221;0.0;0.21644478105032;0.0;0.09643111740200874;0.16343445745828475;0.0;0.0;0.0;0.0;0.0;0.0;0.0;0.0;0.40226684185667166;0.0;0.0;0.07820782549547413;0.1461297186764444;0.479191905712726;0.08639043338578885;0.0;0.515571486910382;0.17844383807921113;0.0;0.0;0.0;0.07059204865979604;0.0;0.0;0.0;0.0;0.0;0.08094032350194594;0.0;0.3675782149798771;0.0;0.1017779103404574;0.17001326539160683;0.0;0.0;0.0;0.17001326539160683;0.05959856069666081;0.06854885612745097;0.06118030945748723;0.0
GO:0046854;0.0;0.023263802655009012;0.026054074570735202;0.02229033359681087;0.8032161122626329;0.0;1.0;0.16241752076938198;0.14964960707805672;0.0;0.0;0.48723519132734594;0.13995477546217505;0.0;0.0247347782966494;0.0;0.021722890458909478;0.0;0.0;0.0;0.0;0.0;0.14254823139866143;0.0;0.023263802655009012;0.03853808625661973;0.0;0.11400629691312637;0.12341325123484351;0.030720599763496635;0.537814176151809;0.028575719626404344;0.02583583071830609;0.7025782433327261;0.023100938576977263;0.0;0.020914579697882626;0.1622387902980123;0.0;0.019364880698138413;0.0;0.0;0.020914579697882626;0.0;0.0;0.028693255642082867;0.11885291669144775;0.027422830922860474;0.026106141667355115;0.4816632895937891;0.12520620988708328;0.02355804442127005;0.14576621415955393;0.15462998132289515;0.0;0.021362239030958803;0.0;0.029107958986500596;0.0;0.023100938576977263;0.0;0.02202673021467717;0.1771210066085626;0.0;0.021362239030958803;0.025201805300743303;0.0;0.5302082183794055
GO:0006366;0.0;0.02712995012846432;0.0310018770917311;0.02581518229491977;0.30860729156653577;0.0;0.16241752076938198;1.0;0.20237273469857148;0.0;0.0;0.12989438669329015;0.4839353021649278;0.0;0.02915171106104584;0.0;0.02505713758405306;0.0;0.0;0.0;0.0;0.0;0.17515841224560363;0.0;0.02712995012846432;0.05044707376082644;0.0;0.6501501263032459;0.3008959367141229;0.03784173929040029;0.3142887611400603;0.03463906069570418;0.03069336201735098;0.2996264202457291;0.02690871356398683;0.0;0.023987756031928202;0.31410588638624615;0.0;0.02197112985757659;0.0;0.0;0.023987756031928202;0.0;0.0;0.0348119181134181;0.26204878137690624;0.032959393501742124;0.03107562554030067;0.18277918456217093;0.22849084529830174;0.027530959685737516;0.27476935173877765;0.2386956627240496;0.0;0.02457849642351956;0.0;0.03542423234962602;0.0;0.02690871356398683;0.0;0.02546227809197861;0.28378211179464635;0.0;0.02457849642351956;0.029802620887177462;0.0;0.10366243931870743
GO:0006520;0.0;0.02542065798400764;0.028789767392964412;0.02426280689616606;0.13728394962726465;0.0;0.14964960707805672;0.20237273469857148;1.0;0.0;0.0;0.4134214600035765;0.17098876976093141;0.0;0.02718739165119924;0.0;0.023592005330650003;0.0;0.0;0.0;0.0;0.0;0.16031926684700107;0.0;0.02542065798400764;0.044840621635568866;0.0;0.13622252146180613;0.4638462875503154;0.034596930074227816;0.13962597594907908;0.03190037374903532;0.02852352009198405;0.13356912625669792;0.025226320901652447;0.0;0.02264165310332815;0.3312693438857594;0.0;0.02083649140926217;0.0;0.0;0.02264165310332815;0.0;0.0;0.03204692044604796;0.23525376908973036;0.030470325197771996;0.0288533560289948;0.16668005001944183;0.24755119284766164;0.02577240146140143;0.293363418270397;0.31362405231569734;0.0;0.023167227161864604;0.0;0.032565105336413394;0.0;0.025226320901652447;0.0;0.0239508132967792;0.36647732738549904;0.0;0.023167227161864604;0.02775268631929555;0.0;0.09830907833729641
GO:0043267;0.5991962303900853;0.05987742191607121;0.0;0.0;0.0;0.05987742191607121;0.0;0.0;0.0;1.0;0.1878116641780085;0.0;0.0;0.07031885972008092;0.0632572539386995;0.05700123764407563;0.056290027998268925;0.0;0.41611819741544237;0.06734053201808415;0.09221853874287762;0.22620864088525264;0.0;0.07704002879093222;0.0;0.09299015159828103;0.06363388276783323;0.0;0.0;0.0;0.0;0.0;0.0;0.0;0.0;0.07861369447142355;0.0;0.0;0.07407619677833965;0.050705289685758395;0.07427352462420467;0.25108631095070943;0.0;0.0667096624296337;0.06264142502646004;0.0;0.0;0.0;0.06636958813616947;0.0;0.0;0.0;0.0;0.0;0.233991756038185;0.0;0.06305928481380803;0.0;0.09867021189978485;0.05950054119847291;0.0;0.0;0.0;0.05950054119847291;0.16877081934075294;0.06432132982809595;0.17351300987297683;0.0
GO:1903204;0.21222068399326394;0.06592070451414411;0.0;0.0;0.0;0.47125384897801015;0.0;0.0;0.0;0.1878116641780085;1.0;0.0;0.0;0.06740024597525522;0.06951937510977287;0.3433359424233135;0.06208715716471687;0.0;0.08124326429030926;0.06498969345954794;0.09984543952702998;0.2351061570291812;0.0;0.08406464728721377;0.0;0.10064112362664952;0.0615306764069553;0.0;0.0;0.0;0.0;0.0;0.0;0.0;0.0;0.2675983944642313;0.0;0.0;0.08095433026097584;0.056090591462583377;0.2533914112580554;0.2598653296254791;0.0;0.6464318618543249;0.06886461412120384;0.0;0.0;0.0;0.07282206919688144;0.0;0.0;0.0;0.0;0.0;0.24287463943325116;0.0;0.37862991427739684;0.0;0.10647910216506665;0.06551863670048165;0.0;0.0;0.0;0.06551863670048165;0.17713559007674695;0.07064973399071632;0.18196494885661285;0.0
GO:0046855;0.0;0.01989707421866705;0.0219033464565488;0.019180638613064935;0.45668282754758555;0.0;0.48723519132734594;0.12989438669329015;0.4134214600035765;0.0;0.0;1.0;0.11511777065853723;0.0;0.02096334253509538;0.0;0.018758980498249034;0.0;0.0;0.0;0.0;0.0;0.3841170172451066;0.0;0.01989707421866705;0.030100745967096772;0.0;0.09696465535303632;0.5528774155863931;0.025109944287691775;0.10552317943852084;0.023658472460720045;0.021748895141936887;0.4472435084641992;0.019777817580782155;0.0;0.01815312070227472;0.12978004376125987;0.0;0.01697409998357078;0.0;0.0;0.01815312070227472;0.0;0.0;0.02373898114639985;0.3528437817546922;0.022862694272932867;0.02194013348914372;0.7270189226134127;0.10494924728793467;0.020111920149896732;0.11902082308252418;0.43641545528672576;0.0;0.018489420279622117;0.0;0.024022133124990276;0.0;0.019777817580782155;0.0;0.01898513217417398;0.13913143026920452;0.0;0.018489420279622117;0.021297844365349615;0.0;0.3510638958485647
GO:0006367;0.0;0.024083588471831858;0.02708666893163923;0.023041839171859955;0.2692421882871273;0.0;0.13995477546217505;0.4839353021649278;0.17098876976093141;0.0;0.0;0.11511777065853723;1.0;0.0;0.025663581676632758;0.0;0.022436008978092444;0.0;0.0;0.0;0.0;0.0;0.1491824491537159;0.0;0.024083588471831858;0.04084104123518699;0.0;0.3344036109752717;0.2627394401095468;0.03216647792488644;0.27355654321153794;0.029822649105314732;0.02685086135305221;0.26238087156407713;0.023909086972007047;0.0;0.02157480869171149;0.21076738427529743;0.0;0.019929572263880577;0.0;0.0;0.02157480869171149;0.0;0.0;0.02995068950001255;0.2298956002061422;0.028569157102375634;0.02714294939384223;0.1546750658617888;0.16071416830208968;0.024399073615056225;0.18835437930312543;0.20038475444690643;0.0;0.022051499538322493;0.0;0.030402823005543634;0.0;0.023909086972007047;0.0;0.022760273954801125;0.23122484644816582;0.0;0.022051499538322493;0.02616669811840442;0.0;0.09403012447900523
GO:0043547;0.07455557650113201;0.06492722814618747;0.0;0.0;0.0;0.06492722814618747;0.0;0.0;0.0;0.07031885972008092;0.06740024597525522;0.0;0.0;1.0;0.06954640721574597;0.06109506598969036;0.06016106975623799;0.0;0.08565486923026304;0.07530135113308101;0.11511010300158675;0.08559597231824743;0.0;0.08979400353271223;0.0;0.11649335210018028;0.07006911344045905;0.0;0.0;0.0;0.0;0.0;0.0;0.0;0.0;0.09226179591047269;0.0;0.0;0.08523703838776103;0.053007649495348814;0.08553681561805428;0.09848056333710468;0.0;0.07439938964123731;0.06869520880054934;0.0;0.0;0.0;0.07391515001829507;0.0;0.0;0.0;0.0;0.0;0.08952827142276876;0.0;0.06927230410239224;0.0;0.12699241144655293;0.06441999339939154;0.0;0.0;0.0;0.06441999339939154;0.05905610080256173;0.0710273877255916;0.06109506598969036;0.0
GO:0007214;0.0752364431324365;0.17872852465913472;0.022917023668722024;0.0199535213561624;0.023111381001720988;0.06748421709113606;0.0247347782966494;0.02915171106104584;0.02718739165119924;0.0632572539386995;0.06951937510977287;0.02096334253509538;0.025663581676632758;0.06954640721574597;1.0;0.06426790352577431;0.06347219819552367;0.0;0.08363125879756991;0.06672148171059111;0.10347661963819996;0.08358815141516814;0.026207998523275683;0.08662399279043335;0.02073002640556365;0.2763166275522559;0.06308082624997637;0.021441417378219852;0.0;0.02645123429480933;0.023423450692018302;0.02484551333078237;0.022748000832157264;0.022611871495328794;0.02060060834852257;0.08837446628653585;0.018843922736484796;0.029124540213457725;0.08332512178768939;0.05721857929509224;0.08354483893648937;0.09267759778270244;0.018843922736484796;0.0751142921452188;0.07057270191161669;0.024934318744491406;0.022363401224581768;0.023969355683756167;0.1979314376867156;0.02699793842351263;0.023290060504730925;0.02096334253509538;0.026580407856575575;0.0;0.08643401163362345;0.01920656017453798;0.0625161284975159;0.02524689168584666;0.11061881986728621;0.06706291148901057;0.0;0.01974202850009074;0.0;0.06706291148901057;0.06252474796870607;0.19187665505856757;0.06426790352577431;0.017576593621501723
GO:1904417;0.06748421709113606;0.06118030945748723;0.0;0.0;0.0;0.3342237894597659;0.0;0.0;0.0;0.05700123764407563;0.3433359424233135;0.0;0.0;0.06109506598969036;0.06426790352577431;1.0;0.21562265077011802;0.0;0.07416141918200261;0.1392511982612278;0.33298069251866214;0.07412751948649361;0.0;0.20416471992863838;0.0;0.08999536430888157;0.1556036943400399;0.0;0.0;0.0;0.0;0.0;0.0;0.0;0.0;0.24310660230601167;0.0;0.0;0.07392058690953657;0.1960852285998908;0.3265540666877446;0.08118897929434574;0.0;0.17982849871621;0.2373975794669063;0.0;0.0;0.0;0.06708038150796272;0.0;0.0;0.0;0.0;0.0;0.07635704662816539;0.0;0.675388177299288;0.0;0.20941853039709185;0.226687726034622;0.0;0.0;0.0;0.7375707018750648;0.12630364633713145;0.06523275353214734;0.0585250000880146;0.0
GO:0036091;0.06660741936166652;0.3160968196712085;0.345648484179024;0.23374129465545893;0.020460688760885998;0.16134250722487628;0.021722890458909478;0.02505713758405306;0.023592005330650003;0.056290027998268925;0.06208715716471687;0.018758980498249034;0.022436008978092444;0.06016106975623799;0.06347219819552367;0.21562265077011802;1.0;0.0;0.07310388819038618;0.19034395936914664;0.4650493694763018;0.07307094819628525;0.02285099274650745;0.2011627009907741;0.018571933505860526;0.08844277323034869;0.15366703280928656;0.01914088350863035;0.0;0.02303568721655709;0.020704901455138494;0.021808253039854338;0.3433874868321632;0.02006821524873952;0.018467991341220527;0.07670242766892837;0.29008466758240475;0.025037060767133825;0.0728698645751703;0.7402270256741932;0.19491142047773244;0.07992323857958997;0.29008466758240475;0.17749541178032807;0.33319411595139475;0.021876643500360515;0.019872260366623797;0.2752119439530164;0.06621397879346244;0.023449215578532388;0.020600608348522568;0.24432673846601688;0.023133593445628;0.0;0.0752364431324365;0.017339728950274563;0.05570241043814931;0.022116886440092454;0.37605477550704125;0.815998235340433;0.0;0.017774984128329507;0.0;0.22402929975318053;0.2951245315094945;0.33677127970767995;0.05786441677593565;0.016000171534896985
GO:0070086;0.0;0.0;0.0;0.0;0.0;0.0;0.0;0.0;0.0;0.0;0.0;0.0;0.0;0.0;0.0;0.0;0.0;1.0;0.0;0.0;0.0;0.0;0.0;0.0;0.0;0.0;0.0;0.0;0.0;0.0;0.0;0.0;0.0;0.0;0.0;0.0;0.0;0.0;0.0;0.0;0.0;0.0;0.0;0.0;0.0;0.33271135468360147;0.0;0.0;0.0;0.0;0.0;0.0;0.0;0.0;0.0;0.29515690768508795;0.0;0.0;0.0;0.0;0.0;0.0;0.0;0.0;0.0;0.0;0.0;0.0
GO:0050796;0.43913369299283794;0.07847745434770959;0.0;0.0;0.0;0.2765724537985807;0.0;0.0;0.0;0.41611819741544237;0.08124326429030926;0.0;0.0;0.08565486923026304;0.08363125879756991;0.07416141918200261;0.07310388819038618;0.0;1.0;0.07918342390310058;0.13178264845080068;0.10113624911561792;0.0;0.10561469519511327;0.0;0.13317231030016058;0.07410752338604917;0.0;0.0;0.0;0.0;0.0;0.0;0.0;0.0;0.38142156504824115;0.0;0.0;0.3520443869499571;0.06493053510876767;0.3562037797100301;0.11475354577288371;0.0;0.08898951241896169;0.0826855034049496;0.0;0.0;0.0;0.08845742649107864;0.0;0.0;0.0;0.0;0.0;0.10533241912132024;0.0;0.073329367069605;0.0;0.14358972452058943;0.07790828543719962;0.0;0.0;0.0;0.07790828543719962;0.0718499167063563;0.08527251995387085;0.07416141918200261;0.0
GO:0032922;0.07069643980595329;0.06297229644114179;0.0;0.0;0.0;0.06297229644114179;0.0;0.0;0.0;0.06734053201808415;0.06498969345954794;0.0;0.0;0.07530135113308101;0.06672148171059111;0.1392511982612278;0.19034395936914664;0.0;0.07918342390310058;1.0;0.3217847097668231;0.07913951291191268;0.0;0.08224037094599637;0.0;0.10067411328511912;0.06714062824992705;0.0;0.0;0.0;0.0;0.0;0.0;0.0;0.0;0.08403613367842142;0.0;0.0;0.07887165430358184;0.1706391643397822;0.07909539646124358;0.0884750527990998;0.0;0.07057389495438765;0.21298522826967178;0.0;0.0;0.0;0.07019339354938603;0.0;0.0;0.0;0.0;0.0;0.08204581860285845;0.0;0.0665012733867194;0.0;0.34628086772665884;0.201757680761658;0.0;0.0;0.0;0.14567036764368207;0.18734449127492;0.06790638678188883;0.05979898517499056;0.0
GO:0045893;0.11207706664264702;0.09570036915576074;0.0;0.0;0.0;0.25538944004997627;0.0;0.0;0.0;0.09221853874287762;0.09984543952702998;0.0;0.0;0.11511010300158675;0.10347661963819996;0.33298069251866214;0.4650493694763018;0.0;0.13178264845080068;0.3217847097668231;1.0;0.13167564396608988;0.0;0.3719277157635009;0.0;0.19172382843992442;0.25135055017549546;0.0;0.0;0.0;0.0;0.0;0.0;0.0;0.0;0.14395766960004713;0.0;0.0;0.13102410462608896;0.4039581666111175;0.35110760562308285;0.1557366788213847;0.0;0.2983700827080954;0.540264816869956;0.0;0.0;0.0;0.11096758597379712;0.0;0.0;0.0;0.0;0.0;0.13887884823873275;0.0;0.0906518446922297;0.0;0.7090465201993377;0.5022607246907695;0.0;0.0;0.0;0.3534633925844487;0.2664720384774829;0.1060009842941547;0.08935857852328079;0.0
GO:0030308;0.3802646930032586;0.07843949506529221;0.0;0.0;0.0;0.07843949506529221;0.0;0.0;0.0;0.22620864088525264;0.2351061570291812;0.0;0.0;0.08559597231824743;0.08358815141516814;0.07412751948649361;0.07307094819628525;0.0;0.10113624911561792;0.07913951291191268;0.13167564396608988;1.0;0.0;0.45039268955171574;0.0;0.13306303810523518;0.0740690602469967;0.0;0.0;0.0;0.0;0.0;0.0;0.0;0.0;0.10815621511936804;0.0;0.0;0.4296662812394517;0.06490454773410878;0.1010098930606579;0.33201145115516445;0.0;0.08894070591534209;0.08264336523544685;0.0;0.0;0.0;0.08840920173195545;0.0;0.0;0.0;0.0;0.0;0.3047714077703261;0.0;0.07329170723873225;0.0;0.1434626961730845;0.07787087463705278;0.0;0.0;0.0;0.33229575044233;0.2079352176109236;0.08522770446005672;0.21462169808555423;0.0
GO:0006914;0.0;0.024562408806052934;0.027693851637747725;0.023479755505302555;0.13122234538465977;0.0;0.14254823139866143;0.17515841224560363;0.16031926684700107;0.0;0.0;0.3841170172451066;0.1491824491537159;0.0;0.026207998523275683;0.0;0.02285099274650745;0.0;0.0;0.0;0.0;0.0;1.0;0.0;0.024562408806052934;0.04223732485187286;0.0;0.11991595330403643;0.11218593344743362;0.03302637170463176;0.13337346070091566;0.03056035811977467;0.027447401799035463;0.12780454185268564;0.024380925734277067;0.0;0.02195827355615107;0.1749493214195829;0.0;0.020256340167518972;0.0;0.0;0.02195827355615107;0.0;0.0;0.030694825694360252;0.4407127034234907;0.029245452138520353;0.02775268631929555;0.1589171890436246;0.1324524946699934;0.024890648841227676;0.15584483695323556;0.546470926024077;0.0;0.022452254132169763;0.0;0.031169883331173327;0.0;0.024380925734277067;0.0;0.023187454025804265;0.1655614623389715;0.0;0.022452254132169763;0.026732905490471134;0.0;0.09500562580325214
GO:0010976;0.39502364492277947;0.08110689872024471;0.0;0.0;0.0;0.21644478105032;0.0;0.0;0.0;0.07704002879093222;0.08406464728721377;0.0;0.0;0.08979400353271223;0.08662399279043335;0.20416471992863838;0.2011627009907741;0.0;0.10561469519511327;0.08224037094599637;0.3719277157635009;0.45039268955171574;0.0;1.0;0.0;0.14092520516614085;0.45529827552100266;0.0;0.0;0.0;0.0;0.0;0.0;0.0;0.0;0.11329373521044572;0.0;0.0;0.4486045998066272;0.1780518740054294;0.28147946404855345;0.12046419357379652;0.0;0.24654408087617583;0.2284612496523149;0.0;0.0;0.0;0.09181246278176182;0.0;0.0;0.0;0.0;0.0;0.1101243056630276;0.0;0.0759435589417174;0.0;0.15264423673340344;0.21482278143438124;0.0;0.0;0.0;0.467784312616841;0.07404777437022396;0.08838605777821007;0.49943319956114646;0.0
GO:0032288;0.0;0.01968676996160056;0.021648764299347714;0.01898513217417398;0.02182212351854227;0.0;0.023263802655009012;0.02712995012846432;0.02542065798400764;0.0;0.0;0.01989707421866705;0.024083588471831858;0.0;0.02073002640556365;0.0;0.018571933505860526;0.0;0.0;0.0;0.0;0.0;0.024562408806052934;0.0;1.0;0.02962203158350366;0.0;0.020327253806802243;0.0;0.21979765951383634;0.022100137607658533;0.32487123162372056;0.0214978701212227;0.02137625180786892;0.01957001359577429;0.0;0.01797790430867298;0.02710641583581767;0.0;0.016820808509603918;0.0;0.0;0.01797790430867298;0.0;0.0;0.02344023085503357;0.021154061359467343;0.02258546390480828;0.021684700450242282;0.025254952376925786;0.021981355279213428;0.01989707421866705;0.024889227914135312;0.0;0.0;0.018307684229438067;0.0;0.21039684576537307;0.0;0.01957001359577429;0.20578200051683565;0.16672562080491435;0.0;0.0;0.018307684229438067;0.021057065768047428;0.0;0.016820808509603918
GO:0035556;0.11308062335281427;0.25539292129917324;0.034299274744592836;0.028061574753642068;0.03473648223399689;0.09643111740200874;0.03853808625661973;0.05044707376082644;0.044840621635568866;0.09299015159828103;0.10064112362664952;0.030100745967096772;0.04084104123518699;0.11649335210018028;0.2763166275522559;0.08999536430888157;0.08844277323034869;0.0;0.13317231030016058;0.10067411328511912;0.19172382843992442;0.13306303810523518;0.04223732485187286;0.14092520516614085;0.02962203158350366;1.0;0.09260939185554294;0.03109630712757744;0.0;0.04287269207288293;0.035446274477988295;0.03880757191842729;0.033922040730103305;0.03362021625188491;0.029358481352004768;0.1456175836360542;0.025915491655330004;0.05036576235885758;0.13239773129286297;0.07675387763987655;0.13295331318071513;0.15768117786465594;0.025915491655330004;0.1128049071220474;0.10286370761393195;0.03902466682574223;0.03307384819547502;0.03671154409144968;0.2964972973458249;0.04432758362228414;0.03514169843890577;0.030100745967096772;0.04321307042542475;0.0;0.14042307672646606;0.026606362210237943;0.09139735652935642;0.039795787347713836;0.21777620083515525;0.09557315993061272;0.0;0.02764507552902291;0.0;0.09557315993061272;0.08661395254755712;0.5490990542782647;0.08999536430888157;0.023577511584009055
GO:0010575;0.0666223197777781;0.059719320054302846;0.0;0.0;0.0;0.16343445745828475;0.0;0.0;0.0;0.06363388276783323;0.0615306764069553;0.0;0.0;0.07006911344045905;0.06308082624997637;0.1556036943400399;0.15366703280928656;0.0;0.07410752338604917;0.06714062824992705;0.25135055017549546;0.0740690602469967;0.0;0.45529827552100266;0.0;0.09260939185554294;1.0;0.0;0.0;0.0;0.0;0.0;0.0;0.0;0.0;0.07834139390934432;0.0;0.0;0.07383437449731553;0.13845527078901998;0.2025997717223508;0.0821853279362855;0.0;0.18202810586682014;0.17095792221073536;0.0;0.0;0.0;0.06617539909006624;0.0;0.0;0.0;0.0;0.0;0.07660890732837554;0.0;0.06288395815859812;0.0;0.09824162328758534;0.1624084667450622;0.0;0.0;0.0;0.1624084667450622;0.05530778776722128;0.06413892525188056;0.2557776339408275;0.0
GO:0042789;0.0;0.020327253806802243;0.022425790895409164;0.01958008594644456;0.22252851800345133;0.0;0.11400629691312637;0.6501501263032459;0.13622252146180613;0.0;0.0;0.09696465535303632;0.3344036109752717;0.0;0.021441417378219852;0.0;0.01914088350863035;0.0;0.0;0.0;0.0;0.0;0.11991595330403643;0.0;0.020327253806802243;0.03109630712757744;0.0;1.0;0.21737505941111623;0.025798961128506784;0.22546748868901623;0.024269166139721195;0.022263910908401328;0.21782072817452075;0.02020280083632445;0.0;0.018510518396739405;0.20431563053511229;0.0;0.017286181241497434;0.0;0.0;0.018510518396739405;0.0;0.0;0.02435389223572707;0.19127247706961006;0.023432501471490664;0.02246435531032257;0.12343943601148838;0.1642766789775507;0.020551542567957427;0.18691014288205565;0.15851492562778244;0.0;0.018860318009640803;0.0;0.024651995280370476;0.0;0.02020280083632445;0.0;0.019376394895878803;0.1772122946163758;0.0;0.018860318009640803;0.021791477374789987;0.0;0.08155828697088935
GO:0006094;0.0;0.0;0.0;0.0;0.23521164792111687;0.0;0.12341325123484351;0.3008959367141229;0.4638462875503154;0.0;0.0;0.5528774155863931;0.2627394401095468;0.0;0.0;0.0;0.0;0.0;0.0;0.0;0.0;0.0;0.11218593344743362;0.0;0.0;0.0;0.0;0.21737505941111623;1.0;0.0;0.23856012341836805;0.0;0.0;0.22986202661398317;0.0;0.0;0.0;0.14681427846745557;0.0;0.0;0.0;0.0;0.0;0.0;0.0;0.0;0.10414173466107321;0.0;0.0;0.11578073279662754;0.11581584870785837;0.0;0.1331935185918941;0.1405555712222661;0.0;0.0;0.0;0.0;0.0;0.0;0.0;0.0;0.158895857874344;0.0;0.0;0.0;0.0;0.08626205960070142
GO:0030182;0.0;0.02477593375833625;0.02796559255318611;0.02367479721038503;0.02825555697840355;0.0;0.030720599763496635;0.03784173929040029;0.034596930074227816;0.0;0.0;0.025109944287691775;0.03216647792488644;0.0;0.02645123429480933;0.0;0.02303568721655709;0.0;0.0;0.0;0.0;0.0;0.03302637170463176;0.0;0.21979765951383634;0.04287269207288293;0.0;0.025798961128506784;0.0;1.0;0.028723415748651962;0.030891600961990034;0.02771430443949531;0.027512511390033096;0.024591293508476806;0.0;0.02212876516863006;0.03779596763544427;0.0;0.020401339940053796;0.0;0.0;0.02212876516863006;0.0;0.0;0.0310290058677521;0.02714554284897731;0.02954866234228901;0.028025588759474557;0.034290721009273065;0.02852309079107943;0.025109944287691775;0.03361995692322712;0.0;0.0;0.02263053403917266;0.0;0.405745918532129;0.0;0.024591293508476806;0.27148837844161305;0.3009843836904131;0.0;0.0;0.02263053403917266;0.026986029182053135;0.0;0.020401339940053796
GO:0009247;0.0;0.022100137607658533;0.024603232535349955;0.021219776862578924;0.591327890658468;0.0;0.537814176151809;0.3142887611400603;0.13962597594907908;0.0;0.0;0.10552317943852084;0.27355654321153794;0.0;0.023423450692018302;0.0;0.020704901455138494;0.0;0.0;0.0;0.0;0.0;0.13337346070091566;0.0;0.022100137607658533;0.035446274477988295;0.0;0.22546748868901623;0.23856012341836805;0.028723415748651962;1.0;0.02683980321043804;0.024408527275092736;0.5776204967160556;0.021953107607178064;0.0;0.01996929177207435;0.15052376963346978;0.0;0.018551764961999846;0.0;0.0;0.01996929177207435;0.0;0.0;0.026943466924689418;0.11240584213005408;0.02582023239451979;0.02464965712491014;0.13774658178078852;0.11811201335883773;0.022365511497371215;0.13623949888711773;0.14395187357747805;0.0;0.020377004946604303;0.0;0.027308811133068833;0.0;0.021953107607178064;0.0;0.020980750278630406;0.16325004249147415;0.0;0.020377004946604303;0.02384185214477439;0.0;0.39596752316330314
GO:0006334;0.0;0.023361732439439318;0.026176966686091197;0.02238022331764302;0.026430857739783008;0.0;0.028575719626404344;0.03463906069570418;0.03190037374903532;0.0;0.0;0.023658472460720045;0.029822649105314732;0.0;0.02484551333078237;0.0;0.021808253039854338;0.0;0.0;0.0;0.0;0.0;0.03056035811977467;0.0;0.32487123162372056;0.03880757191842729;0.0;0.024269166139721195;0.0;0.030891600961990034;0.02683980321043804;1.0;0.02595666785276767;0.025779576764197135;0.023197499151391014;0.0;0.020993696203519773;0.03460070488992776;0.0;0.019432688045097665;0.0;0.0;0.020993696203519773;0.0;0.0;0.028842377025844253;0.02545711000625835;0.027559008285563024;0.026229526617742565;0.03163985789482652;0.0266648103952334;0.023658472460720045;0.03106792793708771;0.0;0.0;0.021444785313718844;0.0;0.029261433547889407;0.0;0.023197499151391014;0.0;0.18688485128109902;0.0;0.0;0.021444785313718844;0.025316771193558314;0.0;0.019432688045097665
GO:0042149;0.0;0.3658966565263033;0.7989521693221792;0.6411185351856259;0.024069847138229045;0.0;0.02583583071830609;0.03069336201735098;0.02852352009198405;0.0;0.0;0.021748895141936887;0.02685086135305221;0.0;0.022748000832157264;0.0;0.3433874868321632;0.0;0.0;0.0;0.0;0.0;0.027447401799035463;0.0;0.0214978701212227;0.033922040730103305;0.0;0.022263910908401328;0.0;0.02771430443949531;0.024408527275092736;0.02595666785276767;1.0;0.023528532800448462;0.021358719349702425;0.0;0.3314887235301193;0.030663242874911335;0.0;0.3084985491906243;0.0;0.0;0.5880703874464439;0.0;0.0;0.0260536095907754;0.023259628535918352;0.3256377180505348;0.023902764750328175;0.02831505926396871;0.024263716363412083;0.2832689450135541;0.02785614191783434;0.0;0.0;0.019863902677448392;0.0;0.026395067067465274;0.0;0.3635282915782771;0.0;0.020437197936451847;0.0;0.0;0.33808630967898284;0.39388705986530853;0.0;0.018125505179654226
GO:0006654;0.0;0.02137625180786892;0.02370939980386463;0.020551542567957427;0.7302981669747426;0.0;0.7025782433327261;0.2996264202457291;0.13356912625669792;0.0;0.0;0.4472435084641992;0.26238087156407713;0.0;0.022611871495328794;0.0;0.02006821524873952;0.0;0.0;0.0;0.0;0.0;0.12780454185268564;0.0;0.02137625180786892;0.03362021625188491;0.0;0.21782072817452075;0.22986202661398317;0.027512511390033096;0.5776204967160556;0.025779576764197135;0.023528532800448462;1.0;0.021238665959601426;0.0;0.019376394895878803;0.14350830236845658;0.0;0.018038973739713547;0.0;0.0;0.019376394895878803;0.0;0.0;0.025875197795232025;0.10842412864884168;0.024837551635675234;0.023752509511706595;0.43028198442291327;0.11374871354249616;0.021624428257780756;0.13046681740206317;0.13752254371773726;0.0;0.019760024566423645;0.0;0.026211964545393936;0.0;0.021238665959601426;0.0;0.020327253806802243;0.15503054861246549;0.0;0.019760024566423645;0.023001540398192657;0.0;0.49390503752733417
GO:0051451;0.0;0.01957001359577429;0.02150765967640577;0.01887652695603444;0.02167875745174712;0.0;0.023100938576977263;0.02690871356398683;0.025226320901652447;0.0;0.0;0.019777817580782155;0.023909086972007047;0.0;0.02060060834852257;0.0;0.018467991341220527;0.0;0.0;0.0;0.0;0.0;0.024380925734277067;0.0;0.01957001359577429;0.029358481352004768;0.0;0.02020280083632445;0.0;0.024591293508476806;0.021953107607178064;0.023197499151391014;0.021358719349702425;0.021238665959601426;1.0;0.0;0.01788048761237731;0.02688556137267737;0.0;0.016735498401546103;0.0;0.0;0.01788048761237731;0.0;0.0;0.023274895928415428;0.021019311839193183;0.022431927775403128;0.021543128513277464;0.025063131066404877;0.02183589632396222;0.019777817580782155;0.0247029015255915;0.0;0.0;0.018206670843572734;0.0;0.02354702170894645;0.0;0.019454633959398688;0.0;0.01868714032575525;0.0;0.0;0.018206670843572734;0.020923545221878833;0.0;0.016735498401546103
GO:0051056;0.09457249656344312;0.08263952455899813;0.0;0.0;0.0;0.40226684185667166;0.0;0.0;0.0;0.07861369447142355;0.2675983944642313;0.0;0.0;0.09226179591047269;0.08837446628653585;0.24310660230601167;0.07670242766892837;0.0;0.38142156504824115;0.08403613367842142;0.14395766960004713;0.10815621511936804;0.0;0.11329373521044572;0.0;0.1456175836360542;0.07834139390934432;0.0;0.0;0.0;0.0;0.0;0.0;0.0;0.0;1.0;0.0;0.0;0.10771625156205862;0.06775385221720462;0.5261222576480279;0.12387641449786033;0.0;0.09437957134484641;0.08731906721094741;0.0;0.0;0.0;0.09378129357618739;0.0;0.0;0.0;0.0;0.0;0.11296898250918397;0.0;0.27484920647119027;0.0;0.15816476568051224;0.0820086253855949;0.0;0.0;0.0;0.0820086253855949;0.07532312881131757;0.09020921963961172;0.07786746472634623;0.0
GO:1990737;0.0;0.5385649193522067;0.3335952628261399;0.29294944688926733;0.01974202850009074;0.0;0.020914579697882626;0.023987756031928202;0.02264165310332815;0.0;0.0;0.01815312070227472;0.02157480869171149;0.0;0.018843922736484796;0.0;0.29008466758240475;0.0;0.0;0.0;0.0;0.0;0.02195827355615107;0.0;0.01797790430867298;0.025915491655330004;0.0;0.018510518396739405;0.0;0.02212876516863006;0.01996929177207435;0.020993696203519773;0.3314887235301193;0.019376394895878803;0.01788048761237731;0.0;1.0;0.023969355683756167;0.0;0.26478747285651116;0.0;0.0;0.4114205919089659;0.0;0.0;0.021057065768047428;0.01919365610162498;0.26524052423752953;0.019629487714027224;0.022510103516895807;0.019872260366623797;0.30578777207248486;0.022219098842393394;0.0;0.0;0.016820808509603918;0.0;0.021279553630266138;0.0;0.5356466028297004;0.0;0.017230094564966995;0.0;0.0;0.28629243543793514;0.5725921381508703;0.0;0.01555730723324292
GO:0016567;0.0;0.02710641583581767;0.030971149722753936;0.02579387286611131;0.1478054451020856;0.0;0.1622387902980123;0.31410588638624615;0.3312693438857594;0.0;0.0;0.12978004376125987;0.21076738427529743;0.0;0.029124540213457725;0.0;0.025037060767133825;0.0;0.0;0.0;0.0;0.0;0.1749493214195829;0.0;0.02710641583581767;0.05036576235885758;0.0;0.20431563053511229;0.14681427846745557;0.03779596763544427;0.15052376963346978;0.03460070488992776;0.030663242874911335;0.14350830236845658;0.02688556137267737;0.0;0.023969355683756167;1.0;0.0;0.021955692264695244;0.0;0.0;0.023969355683756167;0.0;0.0;0.03477317875676971;0.25250174765514777;0.03292466543242743;0.031044751879358044;0.18255151556502444;0.7277086792279789;0.027506724838241698;0.874919178679991;0.409542073036248;0.0;0.02455917899945468;0.0;0.0353841190033657;0.0;0.02688556137267737;0.0;0.025441547064307;0.48677864525588876;0.0;0.02455917899945468;0.029774223723593212;0.0;0.10358960289446968
GO:0008360;0.3789892906936399;0.07820782549547413;0.0;0.0;0.0;0.07820782549547413;0.0;0.0;0.0;0.07407619677833965;0.08095433026097584;0.0;0.0;0.08523703838776103;0.08332512178768939;0.07392058690953657;0.0728698645751703;0.0;0.3520443869499571;0.07887165430358184;0.13102410462608896;0.4296662812394517;0.0;0.4486045998066272;0.0;0.13239773129286297;0.07383437449731553;0.0;0.0;0.0;0.0;0.0;0.0;0.0;0.0;0.10771625156205862;0.0;0.0;1.0;0.06474584987937618;0.10062604591907554;0.11417794735696395;0.0;0.08864297161461294;0.082386238839839;0.0;0.0;0.0;0.08811500939703043;0.0;0.0;0.0;0.0;0.0;0.10484725311868372;0.0;0.07306191404099181;0.0;0.14268963226259998;0.07764254682379705;0.0;0.0;0.0;0.33132141488482786;0.07162384036424711;0.08495427204010463;0.3154388211860927;0.0
GO:0061395;0.0597540978909255;0.28629243543793514;0.3103222220429491;0.2123767424263656;0.018355462662427813;0.1461297186764444;0.019364880698138413;0.02197112985757659;0.02083649140926217;0.050705289685758395;0.056090591462583377;0.01697409998357078;0.019929572263880577;0.053007649495348814;0.05721857929509224;0.1960852285998908;0.7402270256741932;0.0;0.06493053510876767;0.1706391643397822;0.4039581666111175;0.06490454773410878;0.020256340167518972;0.1780518740054294;0.016820808509603918;0.07675387763987655;0.13845527078901998;0.017286181241497434;0.0;0.020401339940053796;0.018551764961999846;0.019432688045097665;0.3084985491906243;0.018038973739713547;0.016735498401546103;0.06775385221720462;0.26478747285651116;0.021955692264695244;0.06474584987937618;1.0;0.17313690876392446;0.0702547308266959;0.26478747285651116;0.15925624171434227;0.30062096229286334;0.01948697196488797;0.01788048761237731;0.24606647061344142;0.05943726275267549;0.02072503023176142;0.018467991341220527;0.22107952443199255;0.020478096291912416;0.0;0.06660741936166652;0.01580365215978331;0.05022799301474899;0.01967736774486301;0.32418522686455165;0.739448969348593;0.0;0.016164404869870686;0.0;0.20301298168526555;0.26898029681837726;0.30314801147275683;0.05262136121035541;0.01468324974140624
GO:0043123;0.08906279152853684;0.0784013527513156;0.0;0.0;0.0;0.479191905712726;0.0;0.0;0.0;0.07427352462420467;0.2533914112580554;0.0;0.0;0.08553681561805428;0.08354483893648937;0.3265540666877446;0.19491142047773244;0.0;0.3562037797100301;0.07909539646124358;0.35110760562308285;0.1010098930606579;0.0;0.28147946404855345;0.0;0.13295331318071513;0.2025997717223508;0.0;0.0;0.0;0.0;0.0;0.0;0.0;0.0;0.5261222576480279;0.0;0.0;0.10062604591907554;0.17313690876392446;1.0;0.1145909004609081;0.0;0.23721950229389516;0.22043206296706896;0.0;0.0;0.0;0.08836075041834779;0.0;0.0;0.0;0.0;0.0;0.10519536756299369;0.0;0.25988342033848366;0.0;0.14333515793613363;0.20770869313655252;0.0;0.0;0.0;0.20770869313655252;0.07178612091057679;0.08518267665624868;0.07409345451712974;0.0
GO:0045786;0.28813274084151447;0.08639043338578885;0.0;0.0;0.0;0.08639043338578885;0.0;0.0;0.0;0.25108631095070943;0.2598653296254791;0.0;0.0;0.09848056333710468;0.09267759778270244;0.08118897929434574;0.07992323857958997;0.0;0.11475354577288371;0.0884750527990998;0.1557366788213847;0.33201145115516445;0.0;0.12046419357379652;0.0;0.15768117786465594;0.0821853279362855;0.0;0.0;0.0;0.0;0.0;0.0;0.0;0.0;0.12387641449786033;0.0;0.0;0.11417794735696395;0.0702547308266959;0.1145909004609081;1.0;0.0;0.09930366522150455;0.09151759195699567;0.0;0.0;0.0;0.09864154963668574;0.0;0.0;0.0;0.0;0.0;0.34771760159878373;0.0;0.0812293804314225;0.0;0.17249917529840297;0.0857012017858011;0.0;0.0;0.0;0.0857012017858011;0.22706942586567572;0.09469741871870134;0.23506677038019985;0.0
GO:0042631;0.0;0.30598636240710225;0.5918074478411074;0.525106532103369;0.01974202850009074;0.0;0.020914579697882626;0.023987756031928202;0.02264165310332815;0.0;0.0;0.01815312070227472;0.02157480869171149;0.0;0.018843922736484796;0.0;0.29008466758240475;0.0;0.0;0.0;0.0;0.0;0.02195827355615107;0.0;0.01797790430867298;0.025915491655330004;0.0;0.018510518396739405;0.0;0.02212876516863006;0.01996929177207435;0.020993696203519773;0.5880703874464439;0.019376394895878803;0.01788048761237731;0.0;0.4114205919089659;0.023969355683756167;0.0;0.26478747285651116;0.0;0.0;1.0;0.0;0.0;0.021057065768047428;0.01919365610162498;0.5831190339888955;0.019629487714027224;0.022510103516895807;0.019872260366623797;0.39505769489449816;0.022219098842393394;0.0;0.0;0.016820808509603918;0.0;0.021279553630266138;0.0;0.3043283170629156;0.0;0.017230094564966995;0.0;0.0;0.28629243543793514;0.3253189712141467;0.0;0.01555730723324292
GO:0043525;0.07954526346593434;0.07093050095117616;0.0;0.0;0.0;0.515571486910382;0.0;0.0;0.0;0.0667096624296337;0.6464318618543249;0.0;0.0;0.07439938964123731;0.0751142921452188;0.17982849871621;0.17749541178032807;0.0;0.08898951241896169;0.07057389495438765;0.2983700827080954;0.08894070591534209;0.0;0.24654408087617583;0.0;0.1128049071220474;0.18202810586682014;0.0;0.0;0.0;0.0;0.0;0.0;0.0;0.0;0.09437957134484641;0.0;0.0;0.08864297161461294;0.15925624171434227;0.23721950229389516;0.09930366522150455;0.0;1.0;0.19841435669844928;0.0;0.0;0.0;0.07898477772231587;0.0;0.0;0.0;0.0;0.0;0.09216974369073763;0.0;0.06588595890199977;0.0;0.12019114157979936;0.18804600054118148;0.0;0.0;0.0;0.18804600054118148;0.06547204325562081;0.07643564396721529;0.06738592523050228;0.0
