;GO:2000480;GO:0061333;GO:0032693;GO:1902950;GO:0002634;GO:0071498;GO:0071374;GO:0002638;GO:0001947;GO:2000111;GO:0019886;GO:0050710;GO:0042308;GO:1902564;GO:0060998;GO:0045652;GO:0002922;GO:0002924;GO:0014902;GO:0030890;GO:0051898;GO:1905563;GO:0060025;GO:0045947;GO:1904753;GO:0002062;GO:0045666;GO:0045663;GO:0038096;GO:0045669;GO:0045944;GO:0043401;GO:0043524;GO:0000165;GO:0051145;GO:0030889;GO:0071277;GO:0001649;GO:0050731;GO:0050853;GO:0043537;GO:0046928;GO:1900165;GO:0060536;GO:1904646;GO:0048667;GO:0048666;GO:0043410;GO:0001782;GO:0007517;GO:0002467;GO:0002622;GO:0001811;GO:0016064;GO:0050869;GO:0001814;GO:2001199;GO:0060045;GO:0055012;GO:0006366;GO:0006367;GO:0035914;GO:0002316;GO:0043031;GO:0048167;GO:0030220;GO:2000311;GO:2000310;GO:0030224;GO:0071219;GO:0010694;GO:0014898;GO:0051966;GO:0030501;GO:0051963;GO:0043318;GO:0014033;GO:0030182;GO:0042100;GO:1904706;GO:0006898;GO:2000727;GO:0071560;GO:0002605;GO:2001016;GO:0010469;GO:0031666;GO:0050766;GO:0035984;GO:0050765;GO:0090073;GO:0000122;GO:0060297;GO:0035176;GO:0035690;GO:0007166;GO:1905898;GO:0072160;GO:1901216;GO:0006357;GO:0030318;GO:0009617;GO:0071222;GO:2000987;GO:0045087;GO:0046330;GO:0045088;GO:0071864;GO:0030279
GO:2000480;1.0;0.0;0.0055718127568780825;0.0055718127568780825;0.003125082239637018;0.0;0.0;0.0055718127568780825;0.0;0.0055718127568780825;0.0;0.016748290373977258;0.0055718127568780825;0.016748290373977258;0.0055718127568780825;0.0055718127568780825;0.003125082239637018;0.0055718127568780825;0.0;0.0055718127568780825;0.016748290373977258;0.016748290373977258;0.0055718127568780825;0.20250599593386143;0.016748290373977258;0.0;0.0055718127568780825;0.0055718127568780825;0.0055718127568780825;0.0055718127568780825;0.015558198673889911;0.0055718127568780825;0.016748290373977258;0.0055718127568780825;0.0;0.016748290373977258;0.0;0.0;0.07629271233753304;0.0055718127568780825;0.016748290373977258;0.0055718127568780825;0.016748290373977258;0.0;0.0;0.0;0.0;0.07629271233753304;0.002356312784390948;0.0;0.0;0.003125082239637018;0.0055718127568780825;0.0;0.016748290373977258;0.0049833112693018775;0.016748290373977258;0.0055718127568780825;0.0;0.0;0.0;0.0;0.0;0.016748290373977258;0.0055718127568780825;0.0;0.0055718127568780825;0.0055718127568780825;0.0;0.0;0.020278824851896176;0.0;0.0055718127568780825;0.003125082239637018;0.0055718127568780825;0.016748290373977258;0.0;0.0;0.0;0.016748290373977258;0.0;0.0055718127568780825;0.0;0.0055718127568780825;0.0055718127568780825;0.0055718127568780825;0.0055718127568780825;0.0055718127568780825;0.0;0.016748290373977258;0.003125082239637018;0.04374284022303413;0.0055718127568780825;0.0;0.0;0.0055718127568780825;0.0055718127568780825;0.0;0.0055718127568780825;0.015937097983932783;0.0;0.0;0.0;0.003125082239637018;0.0;0.06187512794404485;0.003125082239637018;0.0055718127568780825;0.0055718127568780825
GO:0061333;0.0;1.0;0.0;0.0;0.0;0.0;0.0;0.0;0.6254971664487011;0.0;0.0;0.0;0.0;0.0;0.0;0.0;0.0;0.0;0.104543647937524;0.0;0.0;0.0;0.0;0.0;0.0;0.104543647937524;0.0;0.0;0.0;0.0;0.0;0.0;0.0;0.0;0.104543647937524;0.0;0.0;0.104543647937524;0.0;0.0;0.0;0.0;0.0;0.33951735312515163;0.0;0.13610176506583027;0.104543647937524;0.0;0.0;0.104543647937524;0.104543647937524;0.0;0.0;0.0;0.0;0.0;0.0;0.0;0.07118576870710282;0.0;0.0;0.104543647937524;0.02247754451120141;0.0;0.0;0.09963167988796041;0.0;0.0;0.04843175339428085;0.0;0.0;0.0;0.0;0.0;0.0;0.0;0.07239242404242849;0.104543647937524;0.0;0.0;0.0;0.0;0.0;0.0;0.0;0.0;0.0;0.0;0.0;0.0;0.0;0.0;0.0;0.0;0.0;0.0;0.0;0.0678553000836163;0.0;0.0;0.104543647937524;0.0;0.0;0.0;0.0;0.0;0.0;0.0;0.0
GO:0032693;0.0055718127568780825;0.0;1.0;0.06843860095121258;0.06843860095121258;0.0;0.0;0.10322751629728567;0.0;0.017441392760916805;0.0;0.08065318401314035;0.010219862732289236;0.06273419046960249;0.09086707678534721;0.11546831538534785;0.041044485181548206;0.015643359445194113;0.0;0.008823175234248635;0.033344230600658636;0.07349021061759281;0.06843860095121258;0.0059623291452822825;0.03244546911032127;0.0;0.02360482794317955;0.039084367195468886;0.011610595646515674;0.046875373730982314;0.0030507844279764845;0.06843860095121258;0.04432685872670267;0.019295301441722517;0.0;0.01572544280588467;0.0;0.0;0.005730222168749597;0.02035217025398522;0.06646566216072405;0.043312437811348296;0.07171470227413292;0.0;0.0;0.0;0.0;0.004390224708493307;0.051602722104972056;0.0;0.0;0.06843860095121258;0.007171266608613837;0.0;0.04961106167776178;0.0049833112693018775;0.06777540726639553;0.01105254803770684;0.0;0.0;0.0;0.0;0.0;0.06273419046960249;0.06843860095121258;0.0;0.02224653402370641;0.02224653402370641;0.0;0.0;0.014145272569135413;0.0;0.06843860095121258;0.04633109928272434;0.12202145114976122;0.0070130133919965405;0.0;0.0;0.0;0.09844323943383655;0.0;0.011920627753581966;0.0;0.12202145114976122;0.021159911913157522;0.06843860095121258;0.0129732069349006;0.02547189156984704;0.0;0.04539071301822094;0.051602722104972056;0.004334589126298501;0.026989424676336568;0.0;0.0;0.06843860095121258;0.05146249210369704;0.0;0.06843860095121258;0.01796646261110231;0.0;0.0;0.0;0.03797000925595291;0.0;0.0025345128976109917;0.06843860095121258;0.06843860095121258;0.36296955553477317
GO:1902950;0.0055718127568780825;0.0;0.06843860095121258;1.0;0.10040333596803487;0.0;0.0;0.057897580535933114;0.0;0.031096837532917178;0.0;0.014477465185059882;0.005732050395408536;0.06273419046960249;0.19715819695907766;0.11546831538534785;0.041044485181548206;0.008773946093232619;0.0;0.015731131713214507;0.033344230600658636;0.07349021061759281;0.20138585661781103;0.0059623291452822825;0.03244546911032127;0.0;0.02360482794317955;0.06968481436172225;0.02070091600076522;0.046875373730982314;0.005439344724655555;0.20138585661781103;0.04432685872670267;0.0344022327979711;0.0;0.01572544280588467;0.0;0.0;0.010216603126352617;0.03628655925051139;0.022344123425261618;0.0772231816711453;0.01287298348024969;0.0;0.0;0.0;0.0;0.007827477218386933;0.08516583188447835;0.0;0.0;0.07265948100401794;0.004022173553232967;0.0;0.04961106167776178;0.002795007338151127;0.02278442756645844;0.01105254803770684;0.0;0.0;0.0;0.0;0.0;0.06273419046960249;0.20138585661781103;0.0;0.039664083235136566;0.039664083235136566;0.0;0.0;0.025220075539317884;0.0;0.20138585661781103;0.025985886789280228;0.26528424574701004;0.0070130133919965405;0.0;0.0;0.0;0.09844323943383655;0.0;0.011920627753581966;0.0;0.08016315007692891;0.021159911913157522;0.1637692245489811;0.023130360852805676;0.0686714487475441;0.0;0.06863520807761832;0.07101527932167624;0.004334589126298501;0.0727626720734301;0.0;0.0;0.20138585661781103;0.09175418373547248;0.0;0.13638272690268344;0.03203300198081839;0.0;0.0;0.0;0.021296372786065616;0.0;0.0045188670929252805;0.10515632427049278;0.12628214781267033;0.10675699647710434
GO:0002634;0.003125082239637018;0.0;0.06843860095121258;0.10040333596803487;1.0;0.0;0.0;0.10322751629728567;0.0;0.017441392760916805;0.0;0.008120026874367534;0.005732050395408536;0.06273419046960249;0.09086707678534721;0.11546831538534785;0.20630125419359333;0.053506093419112395;0.0;0.015731131713214507;0.033344230600658636;0.0412187131925274;0.10040333596803487;0.003344112541432901;0.018197804502348085;0.0;0.02360482794317955;0.06968481436172225;0.05835815538228922;0.046875373730982314;0.0030507844279764845;0.10040333596803487;0.02486176133157318;0.019295301441722517;0.0;0.01572544280588467;0.0;0.0;0.005730222168749597;0.1022957951692432;0.012532227180524838;0.043312437811348296;0.007220115571114353;0.0;0.0;0.0;0.0;0.007827477218386933;0.07570414024190907;0.0;0.0;0.44309879922602047;0.024528392538581856;0.0;0.04961106167776178;0.01704477348653502;0.02278442756645844;0.01105254803770684;0.0;0.0;0.0;0.0;0.0;0.06273419046960249;0.10040333596803487;0.0;0.039664083235136566;0.039664083235136566;0.0;0.0;0.014145272569135413;0.0;0.10040333596803487;0.04633109928272434;0.13293203576764942;0.023987107821455356;0.0;0.0;0.0;0.0552142063258047;0.0;0.011920627753581966;0.0;0.14292553858744023;0.021159911913157522;0.1637692245489811;0.023130360852805676;0.02547189156984704;0.0;0.025458449033951783;0.07101527932167624;0.0024311562656152597;0.06825830106102702;0.0;0.0;0.10040333596803487;0.09175418373547248;0.0;0.07649346024966712;0.01796646261110231;0.0;0.0;0.0;0.03797000925595291;0.0;0.0045188670929252805;0.5046557179072163;0.07082831289070685;0.10040333596803487
GO:0071498;0.0;0.0;0.0;0.0;0.0;1.0;0.12371485671176422;0.0;0.0;0.0;0.0;0.0;0.0;0.0;0.0;0.0;0.0;0.0;0.08434001437621572;0.0;0.0;0.0;0.0;0.0;0.0;0.08434001437621572;0.0;0.0;0.008754391999442696;0.0;0.0;0.08434001437621572;0.0;0.01454866207651827;0.08434001437621572;0.0;0.1723805146509096;0.08434001437621572;0.0;0.015345541423299216;0.0;0.0;0.0;0.0;0.049400718762330674;0.07096173750168966;0.08434001437621572;0.0;0.0;0.0;0.08434001437621572;0.0;0.0;0.08434001437621572;0.0;0.0;0.0;0.0;0.07118576870710282;0.00576711589335461;0.007057077111086225;0.08434001437621572;0.02247754451120141;0.0;0.0;0.08434001437621572;0.0;0.0;0.04843175339428085;0.22802613389431337;0.0;0.08113849502165814;0.0;0.0;0.0;0.0;0.07239242404242849;0.08434001437621572;0.06654560080986596;0.0;0.0;0.0;0.13881615168234668;0.0;0.0;0.0;0.0;0.0;0.03684741383211037;0.0;0.0;0.0;0.0;0.0;0.3229171101794394;0.08434001437621572;0.0;0.0678553000836163;0.0;0.0;0.08434001437621572;0.08434001437621572;0.05685982556920437;0.0;0.15378451361231155;0.0;0.0;0.0;0.0
GO:0071374;0.0;0.0;0.0;0.0;0.0;0.12371485671176422;1.0;0.0;0.0;0.0;0.0;0.0;0.0;0.0;0.0;0.0;0.0;0.0;0.030783930078066138;0.0;0.0;0.0;0.0;0.0;0.0;0.030783930078066138;0.0;0.0;0.008754391999442696;0.0;0.0;0.030783930078066138;0.0;0.01454866207651827;0.030783930078066138;0.0;0.23043231487474022;0.030783930078066138;0.0;0.015345541423299216;0.0;0.0;0.0;0.0;0.15207949350665437;0.030783930078066138;0.030783930078066138;0.0;0.0;0.0;0.030783930078066138;0.0;0.0;0.030783930078066138;0.0;0.0;0.0;0.0;0.030783930078066138;0.00576711589335461;0.007057077111086225;0.030783930078066138;0.02247754451120141;0.0;0.0;0.030783930078066138;0.0;0.0;0.030783930078066138;0.12371485671176422;0.0;0.030783930078066138;0.0;0.0;0.0;0.0;0.030783930078066138;0.030783930078066138;0.030783930078066138;0.0;0.0;0.0;0.3808546357086602;0.0;0.0;0.0;0.0;0.0;0.11343430162579798;0.0;0.0;0.0;0.0;0.0;0.23043231487474022;0.030783930078066138;0.0;0.030783930078066138;0.0;0.0;0.030783930078066138;0.030783930078066138;0.1750422603169701;0.0;0.030783930078066138;0.0;0.0;0.0;0.0
GO:0002638;0.0055718127568780825;0.0;0.10322751629728567;0.057897580535933114;0.10322751629728567;0.0;0.0;1.0;0.0;0.017441392760916805;0.0;0.014477465185059882;0.010219862732289236;0.17876869340132157;0.05096493730502352;0.10322751629728567;0.07317957371918846;0.07745764119314734;0.0;0.015731131713214507;0.033344230600658636;0.07349021061759281;0.057897580535933114;0.0059623291452822825;0.03244546911032127;0.0;0.013239322962505668;0.039084367195468886;0.02070091600076522;0.026291155915497647;0.0030507844279764845;0.057897580535933114;0.04432685872670267;0.019295301441722517;0.0;0.04481155877714521;0.0;0.0;0.005730222168749597;0.03628655925051139;0.022344123425261618;0.043312437811348296;0.01287298348024969;0.0;0.0;0.0;0.0;0.004390224708493307;0.0436547900953703;0.0;0.0;0.13995827595574775;0.035508318901478556;0.0;0.141372744399774;0.024674721411578664;0.06492699300752827;0.006199081534592997;0.0;0.0;0.0;0.0;0.0;0.17876869340132157;0.057897580535933114;0.0;0.02224653402370641;0.02224653402370641;0.0;0.0;0.014145272569135413;0.0;0.057897580535933114;0.025985886789280228;0.057897580535933114;0.0347247326830995;0.0;0.0;0.0;0.09844323943383655;0.0;0.006685964461396609;0.0;0.2941593423520959;0.011868034300051272;0.057897580535933114;0.0129732069349006;0.02547189156984704;0.0;0.04539071301822094;0.0436547900953703;0.004334589126298501;0.026989424676336568;0.0;0.0;0.057897580535933114;0.05146249210369704;0.0;0.057897580535933114;0.01796646261110231;0.0;0.0;0.0;0.021296372786065616;0.0;0.0025345128976109917;0.10322751629728567;0.057897580535933114;0.10322751629728567
GO:0001947;0.0;0.6254971664487011;0.0;0.0;0.0;0.0;0.0;0.0;1.0;0.0;0.0;0.0;0.0;0.0;0.0;0.0;0.0;0.0;0.07017914666689468;0.0;0.0;0.0;0.0;0.0;0.0;0.07017914666689468;0.0;0.0;0.0;0.0;0.0;0.0;0.0;0.0;0.07017914666689468;0.0;0.0;0.07017914666689468;0.0;0.0;0.0;0.0;0.0;0.22791473792042427;0.0;0.13460078724750382;0.07017914666689468;0.0;0.0;0.07017914666689468;0.07017914666689468;0.0;0.0;0.0;0.0;0.0;0.0;0.0;0.07017914666689468;0.0;0.0;0.07017914666689468;0.02247754451120141;0.0;0.0;0.07017914666689468;0.0;0.0;0.04843175339428085;0.0;0.0;0.0;0.0;0.0;0.0;0.0;0.07017914666689468;0.07017914666689468;0.0;0.0;0.0;0.0;0.0;0.0;0.0;0.0;0.0;0.0;0.0;0.0;0.0;0.0;0.0;0.0;0.0;0.0;0.0;0.0678553000836163;0.0;0.0;0.07017914666689468;0.0;0.0;0.0;0.0;0.0;0.0;0.0;0.0
GO:2000111;0.0055718127568780825;0.0;0.017441392760916805;0.031096837532917178;0.017441392760916805;0.0;0.0;0.017441392760916805;0.0;1.0;0.0;0.014477465185059882;0.005732050395408536;0.031096837532917178;0.031096837532917178;0.031096837532917178;0.031096837532917178;0.008773946093232619;0.0;0.04712477875388824;0.031096837532917178;0.031096837532917178;0.031096837532917178;0.0059623291452822825;0.031096837532917178;0.0;0.07071152378766986;0.0931548737496956;0.02070091600076522;0.0931548737496956;0.016294308724158792;0.031096837532917178;0.06338396528250477;0.031096837532917178;0.0;0.01572544280588467;0.0;0.0;0.03060524638168383;0.031096837532917178;0.022344123425261618;0.031096837532917178;0.01287298348024969;0.0;0.0;0.0;0.0;0.023448289598117546;0.013150814471015494;0.0;0.0;0.017441392760916805;0.004022173553232967;0.0;0.031096837532917178;0.002795007338151127;0.02278442756645844;0.033109434873406576;0.0;0.0;0.0;0.0;0.0;0.031096837532917178;0.031096837532917178;0.0;0.031096837532917178;0.031096837532917178;0.0;0.0;0.07555022115467669;0.0;0.031096837532917178;0.031096837532917178;0.031096837532917178;0.0070130133919965405;0.0;0.0;0.0;0.031096837532917178;0.0;0.03570988761241643;0.0;0.017441392760916805;0.06338743998447859;0.031096837532917178;0.0692901920572205;0.0931548737496956;0.0;0.031096837532917178;0.013150814471015494;0.004334589126298501;0.031096837532917178;0.0;0.0;0.031096837532917178;0.0931548737496956;0.0;0.1631642414295862;0.031096837532917178;0.0;0.0;0.0;0.031096837532917178;0.0;0.013536890787930196;0.017441392760916805;0.0931548737496956;0.017441392760916805
GO:0019886;0.0;0.0;0.0;0.0;0.0;0.0;0.0;0.0;0.0;0.0;1.0;0.0;0.0;0.0;0.0;0.0;0.0;0.0;0.0;0.0;0.0;0.0;0.0;0.0;0.0;0.0;0.0;0.0;0.008754391999442696;0.0;0.0;0.0;0.0;0.0;0.0;0.0;0.0;0.0;0.0;0.015345541423299216;0.0;0.0;0.0;0.0;0.0;0.0;0.0;0.0;0.07979355434688268;0.0;0.07979355434688268;0.0;0.0;0.07979355434688268;0.0;0.0;0.0;0.0;0.0;0.0;0.0;0.0;0.02247754451120141;0.0;0.0;0.0;0.0;0.0;0.0;0.0;0.0;0.0;0.0;0.0;0.0;0.0;0.0;0.0;0.06654560080986596;0.0;0.0;0.0;0.0;0.0;0.0;0.0;0.0;0.0;0.0;0.0;0.0;0.0;0.0;0.0;0.0;0.0;0.0;0.0;0.0;0.0;0.0;0.0;0.0;0.0;0.07979355434688268;0.0;0.0;0.0;0.0
GO:0050710;0.016748290373977258;0.0;0.08065318401314035;0.014477465185059882;0.008120026874367534;0.0;0.0;0.014477465185059882;0.0;0.014477465185059882;0.0;1.0;0.11257754845747675;0.04351775649661066;0.014477465185059882;0.014477465185059882;0.008120026874367534;0.014477465185059882;0.0;0.014477465185059882;0.04351775649661066;0.04351775649661066;0.014477465185059882;0.017922142072549968;0.04351775649661066;0.0;0.014477465185059882;0.014477465185059882;0.014477465185059882;0.014477465185059882;0.005439344724655555;0.014477465185059882;0.04351775649661066;0.014477465185059882;0.0;0.04351775649661066;0.0;0.0;0.010216603126352617;0.014477465185059882;0.04351775649661066;0.0521645385253435;0.8891738516169289;0.0;0.0;0.0;0.0;0.007827477218386933;0.006122502278817677;0.0;0.0;0.008120026874367534;0.007171266608613837;0.0;0.04351775649661066;0.0049833112693018775;0.04351775649661066;0.01105254803770684;0.0;0.0;0.0;0.0;0.0;0.04351775649661066;0.014477465185059882;0.0;0.0189955851822691;0.0189955851822691;0.0;0.0;0.014477465185059882;0.0;0.014477465185059882;0.014477465185059882;0.014477465185059882;0.09508809773994886;0.0;0.0;0.0;0.04351775649661066;0.0;0.011920627753581966;0.0;0.014477465185059882;0.014477465185059882;0.014477465185059882;0.014477465185059882;0.0189955851822691;0.0;0.04723594596322357;0.006122502278817677;0.013029324657314607;0.014477465185059882;0.0;0.0;0.014477465185059882;0.014477465185059882;0.0;0.014477465185059882;0.014477465185059882;0.0;0.0;0.0;0.014477465185059882;0.0;0.0045188670929252805;0.008120026874367534;0.014477465185059882;0.0430652074203071
GO:0042308;0.0055718127568780825;0.0;0.010219862732289236;0.005732050395408536;0.005732050395408536;0.0;0.0;0.010219862732289236;0.0;0.005732050395408536;0.0;0.11257754845747675;1.0;0.010219862732289236;0.005732050395408536;0.005732050395408536;0.005732050395408536;0.010219862732289236;0.0;0.005732050395408536;0.010219862732289236;0.010219862732289236;0.005732050395408536;0.0059623291452822825;0.010219862732289236;0.0;0.005732050395408536;0.005732050395408536;0.005732050395408536;0.005732050395408536;0.0030507844279764845;0.005732050395408536;0.010219862732289236;0.005732050395408536;0.0;0.010219862732289236;0.0;0.0;0.005730222168749597;0.005732050395408536;0.010219862732289236;0.013409272313956846;0.11257754845747675;0.0;0.0;0.0;0.0;0.004390224708493307;0.0043219674209415745;0.0;0.0;0.005732050395408536;0.007171266608613837;0.0;0.010219862732289236;0.0049833112693018775;0.010219862732289236;0.005732050395408536;0.0;0.0;0.0;0.0;0.0;0.010219862732289236;0.005732050395408536;0.0;0.013409272313956846;0.013409272313956846;0.0;0.0;0.005732050395408536;0.0;0.005732050395408536;0.005732050395408536;0.005732050395408536;0.022881513952149882;0.0;0.0;0.0;0.010219862732289236;0.0;0.005732050395408536;0.0;0.010219862732289236;0.005732050395408536;0.005732050395408536;0.005732050395408536;0.013409272313956846;0.0;0.03334457224405199;0.0043219674209415745;0.004334589126298501;0.005732050395408536;0.0;0.0;0.005732050395408536;0.005732050395408536;0.0;0.005732050395408536;0.005732050395408536;0.0;0.0;0.0;0.005732050395408536;0.0;0.0025345128976109917;0.005732050395408536;0.005732050395408536;0.010219862732289236
GO:1902564;0.016748290373977258;0.0;0.06273419046960249;0.06273419046960249;0.06273419046960249;0.0;0.0;0.17876869340132157;0.0;0.031096837532917178;0.0;0.04351775649661066;0.010219862732289236;1.0;0.06273419046960249;0.06273419046960249;0.06273419046960249;0.04457765227367721;0.0;0.04922394597935607;0.10022929354675525;0.18857246002466296;0.06273419046960249;0.017922142072549968;0.09752770986583613;0.0;0.02360482794317955;0.06273419046960249;0.02070091600076522;0.046875373730982314;0.005439344724655555;0.06273419046960249;0.13324193287088393;0.0344022327979711;0.0;0.19110944139643868;0.0;0.0;0.010216603126352617;0.03628655925051139;0.06716411401591137;0.06273419046960249;0.03869485115781893;0.0;0.0;0.0;0.0;0.007827477218386933;0.026530212243665967;0.0;0.0;0.06273419046960249;0.020435394990481425;0.0;0.6029173487422147;0.01420055057308565;0.0684876225276656;0.01105254803770684;0.0;0.0;0.0;0.0;0.0;0.7624011765580959;0.06273419046960249;0.0;0.039664083235136566;0.039664083235136566;0.0;0.0;0.025220075539317884;0.0;0.06273419046960249;0.025985886789280228;0.06273419046960249;0.0852283200158066;0.0;0.0;0.0;0.18857246002466296;0.0;0.011920627753581966;0.0;0.17876869340132157;0.021159911913157522;0.06273419046960249;0.023130360852805676;0.04541468016124073;0.0;0.1364397683631041;0.026530212243665967;0.013029324657314607;0.04812034026019073;0.0;0.0;0.06273419046960249;0.06273419046960249;0.0;0.06273419046960249;0.03203300198081839;0.0;0.0;0.0;0.021296372786065616;0.0;0.0045188670929252805;0.06273419046960249;0.06273419046960249;0.06273419046960249
GO:0060998;0.0055718127568780825;0.0;0.09086707678534721;0.19715819695907766;0.09086707678534721;0.0;0.0;0.05096493730502352;0.0;0.031096837532917178;0.0;0.014477465185059882;0.005732050395408536;0.06273419046960249;1.0;0.26629411855497775;0.041044485181548206;0.008773946093232619;0.0;0.015731131713214507;0.033344230600658636;0.07349021061759281;0.09086707678534721;0.0059623291452822825;0.03244546911032127;0.0;0.18456071886477945;0.2042175986464048;0.02070091600076522;0.1373724870572703;0.005439344724655555;0.09086707678534721;0.04432685872670267;0.0344022327979711;0.0;0.01572544280588467;0.0;0.0;0.010216603126352617;0.03628655925051139;0.022344123425261618;0.0772231816711453;0.01287298348024969;0.0;0.0;0.0;0.0;0.007827477218386933;0.03842757537845103;0.0;0.0;0.05096493730502352;0.004022173553232967;0.0;0.04961106167776178;0.002795007338151127;0.06677180856078976;0.03204499328169023;0.0;0.0;0.0;0.0;0.0;0.06273419046960249;0.09086707678534721;0.0;0.039664083235136566;0.039664083235136566;0.0;0.0;0.025220075539317884;0.0;0.09086707678534721;0.1343291845629709;0.312416434443069;0.0070130133919965405;0.0;0.0;0.0;0.09086707678534721;0.0;0.03493446881493608;0.0;0.05096493730502352;0.0620110197329897;0.09086707678534721;0.023130360852805676;0.0686714487475441;0.0;0.06863520807761832;0.03842757537845103;0.004334589126298501;0.1634637039098214;0.0;0.0;0.09086707678534721;0.09086707678534721;0.0;0.09086707678534721;0.03203300198081839;0.0;0.0;0.0;0.03797000925595291;0.0;0.0045188670929252805;0.05096493730502352;0.09086707678534721;0.09086707678534721
GO:0045652;0.0055718127568780825;0.0;0.11546831538534785;0.11546831538534785;0.11546831538534785;0.0;0.0;0.10322751629728567;0.0;0.031096837532917178;0.0;0.014477465185059882;0.005732050395408536;0.06273419046960249;0.26629411855497775;1.0;0.07317957371918846;0.015643359445194113;0.0;0.015731131713214507;0.033344230600658636;0.07349021061759281;0.11546831538534785;0.0059623291452822825;0.03244546911032127;0.0;0.06917606544799217;0.2042175986464048;0.02070091600076522;0.1373724870572703;0.005439344724655555;0.11546831538534785;0.04432685872670267;0.0344022327979711;0.0;0.01572544280588467;0.0;0.0;0.010216603126352617;0.03628655925051139;0.022344123425261618;0.0772231816711453;0.01287298348024969;0.0;0.0;0.0;0.0;0.007827477218386933;0.04883140902369964;0.0;0.0;0.11546831538534785;0.007171266608613837;0.0;0.04961106167776178;0.0049833112693018775;0.10922838826177132;0.03204499328169023;0.0;0.0;0.0;0.0;0.0;0.06273419046960249;0.11546831538534785;0.0;0.039664083235136566;0.039664083235136566;0.0;0.0;0.025220075539317884;0.0;0.11546831538534785;0.1343291845629709;0.33478084674665354;0.0070130133919965405;0.0;0.0;0.0;0.09844323943383655;0.0;0.03493446881493608;0.0;0.11546831538534785;0.0620110197329897;0.11546831538534785;0.023130360852805676;0.04541468016124073;0.0;0.04539071301822094;0.04883140902369964;0.004334589126298501;0.1410209731344571;0.0;0.0;0.11546831538534785;0.09175418373547248;0.0;0.11546831538534785;0.03203300198081839;0.0;0.0;0.0;0.03797000925595291;0.0;0.0045188670929252805;0.11546831538534785;0.11546831538534785;0.11546831538534785
GO:0002922;0.003125082239637018;0.0;0.041044485181548206;0.041044485181548206;0.20630125419359333;0.0;0.0;0.07317957371918846;0.0;0.031096837532917178;0.0;0.008120026874367534;0.005732050395408536;0.06273419046960249;0.041044485181548206;0.07317957371918846;1.0;0.0503441113297053;0.0;0.044666400907885304;0.033344230600658636;0.041044485181548206;0.041044485181548206;0.003344112541432901;0.018197804502348085;0.0;0.02360482794317955;0.06968481436172225;0.2038111268561737;0.046875373730982314;0.005439344724655555;0.041044485181548206;0.02486176133157318;0.019295301441722517;0.0;0.01572544280588467;0.0;0.0;0.010216603126352617;0.35725977199785064;0.012532227180524838;0.041044485181548206;0.007220115571114353;0.0;0.0;0.0;0.0;0.023066218166148213;0.030947552014906423;0.0;0.0;0.20630125419359333;0.020216588049429236;0.0;0.04961106167776178;0.01404850168762975;0.02278442756645844;0.01105254803770684;0.0;0.0;0.0;0.0;0.0;0.06273419046960249;0.041044485181548206;0.0;0.039664083235136566;0.039664083235136566;0.0;0.0;0.025220075539317884;0.0;0.041044485181548206;0.04633109928272434;0.041044485181548206;0.019770454853934027;0.0;0.0;0.0;0.041044485181548206;0.0;0.011920627753581966;0.0;0.07317957371918846;0.021159911913157522;0.07317957371918846;0.06816116288901806;0.04541468016124073;0.0;0.025458449033951783;0.030947552014906423;0.0024311562656152597;0.026989424676336568;0.0;0.0;0.041044485181548206;0.21564751523612624;0.0;0.07317957371918846;0.01796646261110231;0.0;0.0;0.0;0.11189103370510538;0.0;0.013316317802164437;0.20630125419359333;0.07317957371918846;0.041044485181548206
GO:0002924;0.0055718127568780825;0.0;0.015643359445194113;0.008773946093232619;0.053506093419112395;0.0;0.0;0.07745764119314734;0.0;0.008773946093232619;0.0;0.014477465185059882;0.010219862732289236;0.04457765227367721;0.008773946093232619;0.015643359445194113;0.0503441113297053;1.0;0.0;0.015643359445194113;0.0462587366408422;0.015643359445194113;0.008773946093232619;0.0059623291452822825;0.015643359445194113;0.0;0.008773946093232619;0.008773946093232619;0.04410034807976098;0.008773946093232619;0.0030507844279764845;0.008773946093232619;0.015643359445194113;0.008773946093232619;0.0;0.04457765227367721;0.0;0.0;0.005730222168749597;0.04410034807976098;0.015643359445194113;0.008773946093232619;0.01287298348024969;0.0;0.0;0.0;0.0;0.007827477218386933;0.006615557532157094;0.0;0.0;0.09101062935841077;0.2869410418524355;0.0;0.04457765227367721;0.19939525407839467;0.04457765227367721;0.006199081534592997;0.0;0.0;0.0;0.0;0.0;0.04457765227367721;0.008773946093232619;0.0;0.015643359445194113;0.015643359445194113;0.0;0.0;0.008773946093232619;0.0;0.008773946093232619;0.008773946093232619;0.008773946093232619;0.12305089367396926;0.0;0.0;0.0;0.015643359445194113;0.0;0.006685964461396609;0.0;0.04457765227367721;0.008773946093232619;0.015643359445194113;0.015643359445194113;0.008773946093232619;0.0;0.015643359445194113;0.006615557532157094;0.004334589126298501;0.008773946093232619;0.0;0.0;0.008773946093232619;0.015643359445194113;0.0;0.008773946093232619;0.008773946093232619;0.0;0.0;0.0;0.015643359445194113;0.0;0.0045188670929252805;0.04410034807976098;0.008773946093232619;0.015643359445194113
GO:0014902;0.0;0.104543647937524;0.0;0.0;0.0;0.08434001437621572;0.030783930078066138;0.0;0.07017914666689468;0.0;0.0;0.0;0.0;0.0;0.0;0.0;0.0;0.0;1.0;0.0;0.0;0.0;0.0;0.0;0.0;0.743088038277249;0.0;0.0;0.008754391999442696;0.0;0.0;0.1308438738678979;0.0;0.01454866207651827;0.9382566254374146;0.0;0.042893390906138834;0.743088038277249;0.0;0.015345541423299216;0.0;0.0;0.0;0.12142215727978062;0.012292365788604492;0.2918929813101488;0.4307808540776915;0.0;0.0;0.12164126588817334;0.11430254219999185;0.0;0.0;0.0;0.0;0.0;0.0;0.0;0.46000047788718224;0.00576711589335461;0.007057077111086225;0.743088038277249;0.11137121533727763;0.0;0.0;0.49365273282796285;0.0;0.0;0.23996852653315373;0.05673967337753697;0.0;0.0;0.0;0.0;0.0;0.0;0.3586883007972247;0.743088038277249;0.06654560080986596;0.0;0.0;0.0;0.034541580701594334;0.0;0.0;0.0;0.0;0.0;0.00916873075000207;0.0;0.0;0.0;0.0;0.0;0.08035136607671284;0.14532829318607357;0.0;0.3362078644142834;0.0;0.0;0.7299068121783648;0.0;0.014148413061266386;0.0;0.0;0.0;0.0;0.0;0.0
GO:0030890;0.0055718127568780825;0.0;0.008823175234248635;0.015731131713214507;0.015731131713214507;0.0;0.0;0.015731131713214507;0.0;0.04712477875388824;0.0;0.014477465185059882;0.005732050395408536;0.04922394597935607;0.015731131713214507;0.015731131713214507;0.044666400907885304;0.015643359445194113;0.0;1.0;0.015731131713214507;0.02378701339191293;0.015731131713214507;0.0059623291452822825;0.015731131713214507;0.0;0.04712477875388824;0.04712477875388824;0.044666400907885304;0.04712477875388824;0.016294308724158792;0.015731131713214507;0.015731131713214507;0.015731131713214507;0.0;0.1579933775049937;0.0;0.0;0.03060524638168383;0.044666400907885304;0.015731131713214507;0.015731131713214507;0.01287298348024969;0.0;0.0;0.0;0.0;0.023448289598117546;0.006652676316702776;0.0;0.0;0.015731131713214507;0.007171266608613837;0.0;0.057673240855988885;0.0049833112693018775;0.015731131713214507;0.06031604169808035;0.0;0.0;0.0;0.0;0.0;0.04922394597935607;0.015731131713214507;0.0;0.015731131713214507;0.015731131713214507;0.0;0.0;0.04712477875388824;0.0;0.015731131713214507;0.015731131713214507;0.015731131713214507;0.023879506901386904;0.0;0.0;0.0;0.02378701339191293;0.0;0.03570988761241643;0.0;0.015731131713214507;0.04712477875388824;0.015731131713214507;0.04712477875388824;0.04712477875388824;0.0;0.015731131713214507;0.006652676316702776;0.004334589126298501;0.015731131713214507;0.0;0.0;0.015731131713214507;0.04712477875388824;0.0;0.04712477875388824;0.015731131713214507;0.0;0.0;0.0;0.015731131713214507;0.0;0.013536890787930196;0.015731131713214507;0.08584804093455935;0.008823175234248635
GO:0051898;0.016748290373977258;0.0;0.033344230600658636;0.033344230600658636;0.033344230600658636;0.0;0.0;0.033344230600658636;0.0;0.031096837532917178;0.0;0.04351775649661066;0.010219862732289236;0.10022929354675525;0.033344230600658636;0.033344230600658636;0.033344230600658636;0.0462587366408422;0.0;0.015731131713214507;1.0;0.10022929354675525;0.0504197456547025;0.017922142072549968;0.09752770986583613;0.0;0.02360482794317955;0.033344230600658636;0.02070091600076522;0.033344230600658636;0.005439344724655555;0.033344230600658636;0.10022929354675525;0.033344230600658636;0.0;0.04726904759087745;0.0;0.0;0.010216603126352617;0.033344230600658636;0.06716411401591137;0.0504197456547025;0.03869485115781893;0.0;0.0;0.0;0.0;0.04114198821730005;0.014101234244281155;0.0;0.0;0.033344230600658636;0.021206041745147456;0.0;0.10022929354675525;0.014736072799042953;0.0684876225276656;0.01105254803770684;0.0;0.0;0.0;0.0;0.0;0.10022929354675525;0.0504197456547025;0.0;0.1574097109116945;0.1574097109116945;0.0;0.0;0.025220075539317884;0.0;0.0504197456547025;0.018701896024026703;0.033344230600658636;0.021080389778130395;0.0;0.0;0.0;0.10022929354675525;0.0;0.011920627753581966;0.0;0.033344230600658636;0.021159911913157522;0.1574097109116945;0.10919260542336219;0.033344230600658636;0.0;0.10022929354675525;0.014101234244281155;0.013029324657314607;0.033344230600658636;0.0;0.0;0.033344230600658636;0.033344230600658636;0.0;0.033344230600658636;0.03203300198081839;0.0;0.0;0.0;0.033344230600658636;0.0;0.023751608788583584;0.033344230600658636;0.033344230600658636;0.033344230600658636
GO:1905563;0.016748290373977258;0.0;0.07349021061759281;0.07349021061759281;0.0412187131925274;0.0;0.0;0.07349021061759281;0.0;0.031096837532917178;0.0;0.04351775649661066;0.010219862732289236;0.18857246002466296;0.07349021061759281;0.07349021061759281;0.041044485181548206;0.015643359445194113;0.0;0.02378701339191293;0.10022929354675525;1.0;0.07349021061759281;0.017922142072549968;0.09752770986583613;0.0;0.02360482794317955;0.06968481436172225;0.02070091600076522;0.046875373730982314;0.005439344724655555;0.07349021061759281;0.13324193287088393;0.0344022327979711;0.0;0.08613638718384177;0.0;0.0;0.010216603126352617;0.03628655925051139;0.06716411401591137;0.07349021061759281;0.03869485115781893;0.0;0.0;0.0;0.0;0.007827477218386933;0.03107891997843143;0.0;0.0;0.0412187131925274;0.007171266608613837;0.0;0.14912569804409723;0.0049833112693018775;0.0684876225276656;0.016712536197687904;0.0;0.0;0.0;0.0;0.0;0.18857246002466296;0.07349021061759281;0.0;0.039664083235136566;0.039664083235136566;0.0;0.0;0.025220075539317884;0.0;0.07349021061759281;0.025985886789280228;0.07349021061759281;0.021080389778130395;0.0;0.0;0.0;0.4025439101536915;0.0;0.011920627753581966;0.0;0.07349021061759281;0.021159911913157522;0.07349021061759281;0.023130360852805676;0.04541468016124073;0.0;0.1364397683631041;0.03107891997843143;0.013029324657314607;0.04812034026019073;0.0;0.0;0.07349021061759281;0.07349021061759281;0.0;0.07349021061759281;0.03203300198081839;0.0;0.0;0.0;0.021296372786065616;0.0;0.0045188670929252805;0.0412187131925274;0.11112440325362781;0.07349021061759281
GO:0060025;0.0055718127568780825;0.0;0.06843860095121258;0.20138585661781103;0.10040333596803487;0.0;0.0;0.057897580535933114;0.0;0.031096837532917178;0.0;0.014477465185059882;0.005732050395408536;0.06273419046960249;0.09086707678534721;0.11546831538534785;0.041044485181548206;0.008773946093232619;0.0;0.015731131713214507;0.0504197456547025;0.07349021061759281;1.0;0.0059623291452822825;0.03244546911032127;0.0;0.02360482794317955;0.06968481436172225;0.02070091600076522;0.046875373730982314;0.005439344724655555;0.26004484677644485;0.04432685872670267;0.0344022327979711;0.0;0.01572544280588467;0.0;0.0;0.010216603126352617;0.03628655925051139;0.022344123425261618;0.2649964682514622;0.01287298348024969;0.0;0.0;0.0;0.0;0.011835912940850757;0.10997264691242924;0.0;0.0;0.07265948100401794;0.004022173553232967;0.0;0.04961106167776178;0.002795007338151127;0.02278442756645844;0.01105254803770684;0.0;0.0;0.0;0.0;0.0;0.06273419046960249;0.6959697753224873;0.0;0.05997598242086992;0.05997598242086992;0.0;0.0;0.025220075539317884;0.0;0.8923611342020029;0.025985886789280228;0.13293203576764942;0.0070130133919965405;0.0;0.0;0.0;0.09844323943383655;0.0;0.011920627753581966;0.0;0.08016315007692891;0.021159911913157522;0.24763512305077412;0.034975373253234215;0.04541468016124073;0.0;0.04539071301822094;0.07101527932167624;0.004334589126298501;0.04812034026019073;0.0;0.0;0.26004484677644485;0.09175418373547248;0.0;0.13638272690268344;0.03203300198081839;0.0;0.0;0.0;0.021296372786065616;0.0;0.006832970063138813;0.10515632427049278;0.12628214781267033;0.10675699647710434
GO:0045947;0.20250599593386143;0.0;0.0059623291452822825;0.0059623291452822825;0.003344112541432901;0.0;0.0;0.0059623291452822825;0.0;0.0059623291452822825;0.0;0.017922142072549968;0.0059623291452822825;0.017922142072549968;0.0059623291452822825;0.0059623291452822825;0.003344112541432901;0.0059623291452822825;0.0;0.0059623291452822825;0.017922142072549968;0.017922142072549968;0.0059623291452822825;1.0;0.017922142072549968;0.0;0.0059623291452822825;0.0059623291452822825;0.0059623291452822825;0.0059623291452822825;0.051113932974103576;0.0059623291452822825;0.017922142072549968;0.0059623291452822825;0.0;0.017922142072549968;0.0;0.0;0.05298536493732633;0.0059623291452822825;0.017922142072549968;0.0059623291452822825;0.017922142072549968;0.0;0.0;0.0;0.0;0.05298536493732633;0.002521461686312516;0.0;0.0;0.003344112541432901;0.0059623291452822825;0.0;0.017922142072549968;0.0049833112693018775;0.017922142072549968;0.0059623291452822825;0.0;0.0;0.0;0.0;0.0;0.017922142072549968;0.0059623291452822825;0.0;0.0059623291452822825;0.0059623291452822825;0.0;0.0;0.017054094950251602;0.0;0.0059623291452822825;0.003344112541432901;0.0059623291452822825;0.017922142072549968;0.0;0.0;0.0;0.017922142072549968;0.0;0.0059623291452822825;0.0;0.0059623291452822825;0.0059623291452822825;0.0059623291452822825;0.0059623291452822825;0.0059623291452822825;0.0;0.017922142072549968;0.002521461686312516;0.2010517316640836;0.0059623291452822825;0.0;0.0;0.0059623291452822825;0.0059623291452822825;0.0;0.0059623291452822825;0.056028457052940614;0.0;0.0;0.0;0.003344112541432901;0.0;0.04015776656868632;0.003344112541432901;0.0059623291452822825;0.0059623291452822825
GO:1904753;0.016748290373977258;0.0;0.03244546911032127;0.03244546911032127;0.018197804502348085;0.0;0.0;0.03244546911032127;0.0;0.031096837532917178;0.0;0.04351775649661066;0.010219862732289236;0.09752770986583613;0.03244546911032127;0.03244546911032127;0.018197804502348085;0.015643359445194113;0.0;0.015731131713214507;0.09752770986583613;0.09752770986583613;0.03244546911032127;0.017922142072549968;1.0;0.0;0.02360482794317955;0.03244546911032127;0.02070091600076522;0.03244546911032127;0.005439344724655555;0.03244546911032127;0.09752770986583613;0.03244546911032127;0.0;0.04726904759087745;0.0;0.0;0.010216603126352617;0.03244546911032127;0.4434933823654178;0.03244546911032127;0.03869485115781893;0.0;0.0;0.0;0.0;0.007827477218386933;0.01372114911181041;0.0;0.0;0.018197804502348085;0.007171266608613837;0.0;0.09752770986583613;0.0049833112693018775;0.0684876225276656;0.01105254803770684;0.0;0.0;0.0;0.0;0.0;0.09752770986583613;0.03244546911032127;0.0;0.03244546911032127;0.03244546911032127;0.0;0.0;0.025220075539317884;0.0;0.03244546911032127;0.018197804502348085;0.03244546911032127;0.021080389778130395;0.0;0.0;0.0;0.09752770986583613;0.0;0.011920627753581966;0.0;0.03244546911032127;0.021159911913157522;0.03244546911032127;0.023130360852805676;0.03244546911032127;0.0;0.09752770986583613;0.01372114911181041;0.013029324657314607;0.03244546911032127;0.0;0.0;0.03244546911032127;0.03244546911032127;0.0;0.03244546911032127;0.03203300198081839;0.0;0.0;0.0;0.018197804502348085;0.0;0.0045188670929252805;0.018197804502348085;0.03244546911032127;0.03244546911032127
GO:0002062;0.0;0.104543647937524;0.0;0.0;0.0;0.08434001437621572;0.030783930078066138;0.0;0.07017914666689468;0.0;0.0;0.0;0.0;0.0;0.0;0.0;0.0;0.0;0.743088038277249;0.0;0.0;0.0;0.0;0.0;0.0;1.0;0.0;0.0;0.008754391999442696;0.0;0.0;0.1308438738678979;0.0;0.01454866207651827;0.7667591881539971;0.0;0.042893390906138834;0.7919880533013256;0.0;0.015345541423299216;0.0;0.0;0.0;0.12142215727978062;0.012292365788604492;0.2918929813101488;0.4307808540776915;0.0;0.0;0.12164126588817334;0.11430254219999185;0.0;0.0;0.0;0.0;0.0;0.0;0.0;0.3527095929752266;0.00576711589335461;0.007057077111086225;0.7919880533013256;0.11137121533727763;0.0;0.0;0.49365273282796285;0.0;0.0;0.23996852653315373;0.05673967337753697;0.0;0.0;0.0;0.0;0.0;0.0;0.3586883007972247;0.7919880533013256;0.06654560080986596;0.0;0.0;0.0;0.034541580701594334;0.0;0.0;0.0;0.0;0.0;0.00916873075000207;0.0;0.0;0.0;0.0;0.0;0.08035136607671284;0.14532829318607357;0.0;0.3362078644142834;0.0;0.0;0.7299068121783648;0.0;0.014148413061266386;0.0;0.0;0.0;0.0;0.0;0.0
GO:0045666;0.0055718127568780825;0.0;0.02360482794317955;0.02360482794317955;0.02360482794317955;0.0;0.0;0.013239322962505668;0.0;0.07071152378766986;0.0;0.014477465185059882;0.005732050395408536;0.02360482794317955;0.18456071886477945;0.06917606544799217;0.02360482794317955;0.008773946093232619;0.0;0.04712477875388824;0.02360482794317955;0.02360482794317955;0.02360482794317955;0.0059623291452822825;0.02360482794317955;0.0;1.0;0.24467165483012063;0.02070091600076522;0.24467165483012063;0.016294308724158792;0.02360482794317955;0.02360482794317955;0.02360482794317955;0.0;0.01572544280588467;0.0;0.0;0.03060524638168383;0.02360482794317955;0.022344123425261618;0.02360482794317955;0.01287298348024969;0.0;0.0;0.0;0.0;0.023448289598117546;0.009982452799980139;0.0;0.0;0.013239322962505668;0.004022173553232967;0.0;0.02360482794317955;0.002795007338151127;0.06677180856078976;0.033109434873406576;0.0;0.0;0.0;0.0;0.0;0.02360482794317955;0.02360482794317955;0.0;0.02360482794317955;0.02360482794317955;0.0;0.0;0.07071152378766986;0.0;0.02360482794317955;0.06997366374480725;0.08115740532812496;0.0070130133919965405;0.0;0.0;0.0;0.02360482794317955;0.0;0.12356115139256948;0.0;0.013239322962505668;0.21932931162702074;0.02360482794317955;0.0692901920572205;0.07071152378766986;0.0;0.02360482794317955;0.009982452799980139;0.004334589126298501;0.08018506487865153;0.0;0.0;0.02360482794317955;0.07071152378766986;0.0;0.07071152378766986;0.02360482794317955;0.0;0.0;0.0;0.06997366374480725;0.0;0.013536890787930196;0.013239322962505668;0.07071152378766986;0.02360482794317955
