;GO:0061333;GO:0090179;GO:0051092;GO:0032966;GO:0002634;GO:0002755;GO:0001942;GO:0071498;GO:0071374;GO:0006958;GO:0001947;GO:2000111;GO:0019886;GO:0050729;GO:0060998;GO:0045652;GO:0007266;GO:0032956;GO:0014902;GO:0030890;GO:0034614;GO:0051017;GO:1905563;GO:0060025;GO:0060267;GO:1904753;GO:0002062;GO:0038095;GO:0045666;GO:0097190;GO:0045663;GO:0038096;GO:0045944;GO:0045669;GO:0043524;GO:0000165;GO:0051145;GO:0030889;GO:0071277;GO:0048147;GO:0019221;GO:0060828;GO:0001649;GO:2000774;GO:0001805;GO:0050852;GO:0050853;GO:0043537;GO:0046928;GO:0034166;GO:0060536;GO:0038083;GO:0048667;GO:0048666;GO:0007249;GO:0001782;GO:0007517;GO:0002224;GO:0002587;GO:0002467;GO:0050860;GO:0001812;GO:0002902;GO:0019731;GO:0050900;GO:0001818;GO:0060045;GO:0055012;GO:0006366;GO:1901300;GO:0090251;GO:0002322;GO:0050871;GO:0035914;GO:0048167;GO:0030220;GO:2000311;GO:2000310;GO:0016055;GO:0030224;GO:0019722;GO:0010694;GO:0014898;GO:0051966;GO:0030501;GO:0051963;GO:0030183;GO:0014033;GO:0007186;GO:0030182;GO:0042100;GO:1904706;GO:0042742;GO:0006898;GO:0045579;GO:0042986;GO:2000727;GO:0045580;GO:0071560;GO:0002721;GO:0010628;GO:2001016;GO:0031666;GO:0035984;GO:1903861;GO:0045345;GO:0006468;GO:0090073;GO:0045348;GO:0000122;GO:0030449;GO:0000086;GO:0018298;GO:0016310;GO:0060297;GO:0060333;GO:0006351;GO:0035690;GO:0050707;GO:0007169;GO:0048469;GO:0072160;GO:0002553;GO:0030318;GO:0042094;GO:0098761;GO:0071222;GO:2000987;GO:0045087;GO:0042130;GO:0043065;GO:0006508;GO:0071864;GO:0071226;GO:0030279
GO:0061333;1.0;0.0;0.0;0.0;0.0;0.0;0.1942901920983713;0.0;0.0;0.0;0.8170146769557894;0.0;0.0;0.0;0.0;0.0;0.0;0.0;0.177835694720858;0.0;0.0;0.0;0.0;0.0;0.0;0.0;0.19618698882696156;0.0;0.0;0.0;0.0;0.0;0.0;0.0;0.0;0.0;0.18624384998307408;0.0;0.0;0.0;0.0;0.0;0.21023416967681932;0.0;0.0;0.0;0.0;0.0;0.0;0.0;0.5727822193402146;0.0;0.357848103385996;0.21662937454461406;0.0;0.0;0.21174024780536913;0.0;0.0;0.17396775290999428;0.0;0.0;0.0;0.0;0.0;0.0;0.0;0.16855694015885875;0.0;0.0;0.0;0.0;0.0;0.19916537348100433;0.0;0.18489082595678208;0.0;0.0;0.0;0.18261288290953337;0.0;0.0;0.0;0.0;0.0;0.0;0.2087972113620106;0.17061543065727333;0.0;0.22660860142195716;0.0;0.0;0.0;0.0;0.0;0.0;0.0;0.0;0.0;0.0;0.0;0.0;0.0;0.0;0.0;0.0;0.0;0.0;0.0;0.0;0.0;0.0;0.0;0.0;0.0;0.0;0.0;0.0;0.0;0.0;0.21530191224653056;0.15892072745805177;0.0;0.18416804020975544;0.0;0.0;0.0;0.0;0.0;0.0;0.0;0.0;0.0;0.0;0.0
GO:0090179;0.0;1.0;0.07762849018188886;0.0551677899027042;0.38945166187577884;0.18346639562029973;0.0;0.02036470446401519;0.019410420868698968;0.06900319129373302;0.0;0.058819797245830946;0.0;0.06750318982417597;0.4772715343862978;0.3458465645545982;0.197301722457725;0.08359506232215948;0.01967736774486301;0.07040579747707171;0.02336439314196439;0.022177906355851287;0.05990430059695317;0.058819797245830946;0.0551677899027042;0.06150253728872775;0.021666816202049213;0.3289458700298265;0.5467332007736058;0.21794843187402868;0.2860254970488367;0.3317423767708029;0.0941228231194174;0.30808647883061785;0.07739640580181796;0.21941464591823293;0.020589825016054882;0.06574570715869288;0.022705378909716648;0.06861604341248287;0.38147613581559586;0.08066969047002512;0.02318457567359441;0.27157607970364495;0.05047470214886026;0.32916974977346275;0.33005008468449176;0.273614860379375;0.07229474390970289;0.14570760068385988;0.0;0.021887368178553204;0.019905260702196843;0.023874105578062146;0.19317142758525593;0.05194992542357211;0.0;0.19766812929209987;0.05047470214886026;0.0;0.06629495352102335;0.05047470214886026;0.06629495352102335;0.0;0.025846348766312914;0.3212853648889005;0.3259667915301517;0.018668589620516856;0.027336705055139646;0.05990430059695317;0.0;0.018401602429566784;0.07849321715806577;0.021988989959064193;0.07896995799838982;0.020443101180450892;0.06787648238693347;0.06629495352102335;0.7207402601802219;0.020195985138444682;0.20547365549164154;0.06150253728872775;0.0;0.07336181126739771;0.3361543708626186;0.4867772775722003;0.023029518021079505;0.01889255409576281;0.25214615801474455;0.0249482518415595;0.021461535260672113;0.06629495352102335;0.0;0.0;0.31307331729353355;0.0573562907887846;0.32029952672501394;0.37254353411153157;0.022085669583136187;0.21779840271873513;0.08695593334408358;0.29714529597973144;0.06268922183041602;0.018401602429566784;0.4344453675530875;0.05412348337655617;0.028197607125796317;0.048505218930194174;0.05412348337655617;0.09104123347463873;0.06693443022116562;0.02354702170894645;0.020104716632479723;0.02887268445936335;0.38294544971116207;0.3153809109817096;0.031210799945853004;0.025278990896481328;0.31201001918785704;0.37244621683113177;0.023731053515626988;0.01761889629646255;0.04515175978830506;0.02036470446401519;0.0;0.016900057869488838;0.023928997708171824;0.24059024127371872;0.0;0.07219762376875083;0.08810202509150936;0.0;0.06150253728872775;0.01761889629646255;0.29106870527406503
GO:0051092;0.0;0.07762849018188886;1.0;0.21937591171696647;0.06629009630493733;0.2026350817854544;0.0;0.0;0.0;0.23604600659497413;0.0;0.16666071322070966;0.0;0.22966683358009635;0.08986717200297178;0.08756973980181704;0.09197139566296922;0.1062470167573068;0.0;0.20667342457469898;0.0;0.0;0.0707068951991919;0.06920090238946457;0.17971088165993143;0.07294429269029833;0.0;0.09520176824236706;0.2564876327247556;0.10415229956123012;0.19471283348554322;0.23170765906123736;0.41020412355443236;0.21312035015985514;0.09643111740200874;0.10504067395562847;0.0;0.07899069796355741;0.0;0.08317079645968657;0.11485829270820155;0.10156584586148003;0.0;0.1829704093233735;0.16180347217199048;0.22947413731436075;0.23023747731194588;0.0839057691190397;0.08863783366095004;0.15412455084397975;0.0;0.0;0.0;0.0;0.08960607948730882;0.06278699244656612;0.0;0.22200832141803334;0.05912335434529117;0.0;0.0797848722529315;0.16180347217199048;0.0797848722529315;0.0;0.0;0.09006107487304345;0.19625716981644592;0.0;0.0;0.17028768667203606;0.0;0.0;0.2363558153695472;0.0;0.09888611439709785;0.0;0.3010598479288822;0.29261774355927345;0.10511890868012523;0.0;0.09672037385363165;0.3624818353100276;0.0;0.0902472491320853;0.20371409600494908;0.09207736520830322;0.0;0.0;0.12573512294327713;0.0;0.0;0.0797848722529315;0.0;0.0;0.18695738195937356;0.20811268703685182;0.19215072715469622;0.09598430289064251;0.0;0.0563174591406258;0.3749440124435205;0.17567614619713603;0.17971088165993143;0.0;0.19304165433648138;0.22300828217742963;0.0;0.3743267586122551;0.22300828217742963;0.392712625543692;0.2678364735064693;0.0;0.0;0.0;0.07383251359515379;0.09037101984584274;0.0;0.0;0.09864198651608484;0.11136725641583615;0.0;0.0;0.053120593203753556;0.0;0.0;0.0;0.0;0.17321156686161523;0.0;0.08849188428162809;0.2736749289633437;0.0;0.17567614619713603;0.0;0.07963602527095252
GO:0032966;0.0;0.0551677899027042;0.21937591171696647;1.0;0.05383991633304158;0.058844373015996446;0.0;0.0;0.0;0.06630271372635961;0.0;0.05022799301474899;0.0;0.06491664244286902;0.06198473960167786;0.06073584800599659;0.06311654918742086;0.07050390851090066;0.0;0.05977256868958135;0.0;0.0;0.1556290722782589;0.05022799301474899;0.12441539254698016;0.15965268860853846;0.0;0.06483206699651349;0.07062985149745113;0.06945064614317488;0.05700123764407563;0.06536196750105087;0.263815727658842;0.06123879299283058;0.1993165421413675;0.06989858801060886;0.0;0.17030367359256388;0.0;0.17748293654698694;0.07472860761229658;0.06813588268287171;0.0;0.05421379955540991;0.04901441689918224;0.06487450189988972;0.06504134204418019;0.17873009700436934;0.061318189777826285;0.04707022364997294;0.0;0.0;0.0;0.0;0.06184350469779602;0.050185729510553875;0.0;0.06322938766261532;0.14920095343280554;0.0;0.17167904553069818;0.04901441689918224;0.056398756957575444;0.0;0.0;0.20860971335264158;0.05736286868279918;0.0;0.0;0.05112613595807175;0.0;0.0;0.06636958813616946;0.0;0.06675681039563568;0.0;0.05769838112377498;0.056398756957575444;0.06993794753059207;0.0;0.06562947039024232;0.12213316333985802;0.0;0.062190020937943784;0.05909312244957768;0.06317324606513687;0.0;0.0;0.07983445627302789;0.0;0.0;0.17167904553069818;0.0;0.0;0.0551677899027042;0.1637446712521365;0.056398756957575444;0.065243684644765;0.0;0.04707022364997294;0.19260468669288164;0.0524479452610096;0.05342800857268471;0.0;0.056608617115513946;0.17521521417420655;0.0;0.046963756519824214;0.17521521417420655;0.45100733025733797;0.14994316940248545;0.0;0.0;0.0;0.052968583605682296;0.0622567891049194;0.0;0.0;0.06663030910432075;0.07303596434637509;0.0;0.0;0.04381312964590267;0.0;0.0;0.0;0.0;0.0518452204188938;0.0;0.18641222072269462;0.07413872995984488;0.0;0.0524479452610096;0.0;0.18971185192096363
GO:0002634;0.0;0.38945166187577884;0.06629009630493733;0.05383991633304158;1.0;0.4107494382802719;0.0;0.0;0.0;0.46330966499339993;0.0;0.05059186880199425;0.0;0.23246630823012693;0.30325904518855995;0.36635823499165593;0.06369219596769943;0.07122295972105795;0.0;0.3604975785073622;0.0;0.0;0.05150319009614524;0.05059186880199425;0.05383991633304158;0.05284482373404034;0.0;0.4529367918713792;0.34598721950771594;0.07014826763524912;0.2786767182803145;0.45667381664368123;0.07987232133679761;0.29957723090436394;0.06609776644875254;0.07060528332826072;0.0;0.3372382223980167;0.0;0.05879630065156266;0.07553690784506008;0.2441079823923654;0.0;0.26494242653675837;0.5820793664990406;0.45323603505134363;0.45441259683290985;0.059212961388398516;0.06186135930191103;0.3280050173102222;0.0;0.0;0.0;0.0;0.06239606272198646;0.05060261943540509;0.0;0.44163767694447925;0.29515489205049794;0.0;0.3935393968396646;0.5820793664990406;0.05685794151638186;0.0;0.0;0.06921012965791012;0.2804593603457066;0.0;0.0;0.18271834034096043;0.0;0.0;0.4006669806262394;0.0;0.06740111205678219;0.0;0.2064023928181907;0.20171544111505918;0.07064544297281408;0.0;0.06625209332682176;0.05284482373404034;0.0;0.06274881637617478;0.2889911361927496;0.309126868990555;0.0;0.0;0.08075766679531009;0.0;0.0;0.05685794151638186;0.0;0.0;0.33250430835151656;0.04936086100569289;0.27570723330686664;0.3938059069419476;0.0;0.5588340781933117;0.08370204926951443;0.25624740814972163;0.1910083654644495;0.0;0.399706165327484;0.05284482373404034;0.0;0.04732864068651359;0.05284482373404034;0.077347719796419;0.4498229109735929;0.0;0.0;0.0;0.37380792347592484;0.06281679045226314;0.0;0.0;0.06727215949217581;0.07380787328572548;0.0;0.0;0.04413053307145662;0.0;0.0;0.0;0.0;0.18530747885805307;0.0;0.3694188344303451;0.07493425183890903;0.0;0.05284482373404034;0.0;0.06288395815859812
GO:0002755;0.0;0.18346639562029973;0.2026350817854544;0.058844373015996446;0.4107494382802719;1.0;0.0;0.0218054670890184;0.020714994840789015;0.6317011349235141;0.0;0.15048095752159932;0.35296719480774685;0.684725144929824;0.07885642429493901;0.4056135805230487;0.21312593435516514;0.0911928658603442;0.021019311839193183;0.4591600257631003;0.025280831177586373;0.02389748341340863;0.06370792878581515;0.062482740243255855;0.1610399811919724;0.06551863670048165;0.023305123784276436;0.6269494850186097;0.2200719613610771;0.23742122269696883;0.17298305419194018;0.643842604402992;0.2501476163654616;0.1873596237926662;0.08386561666448336;0.23916218780806284;0.022063770115845354;0.3702202474497057;0.024511054276737387;0.07365293121101205;0.25813039637684426;0.2738748964859898;0.025070438077349332;0.3712160937881722;0.5015223024023943;0.6384366676598998;0.6402857544362947;0.07422872975836507;0.07790828543719962;0.661512602134837;0.0;0.02356048679189128;0.021279553630266138;0.02587865985661935;0.20831462422248068;0.3144104920498813;0.0;0.9163713763646184;0.3201143710955229;0.2896994937873863;0.4323719811224493;0.5015223024023943;0.0709851905646393;0.32389877374643866;0.3979006062474106;0.07770520844280425;0.17420085320729195;0.019872260366623797;0.029997289915375598;0.34803199863223716;0.0;0.2760126516625684;0.5163794543283482;0.02367828058242477;0.08571635966979246;0.021895373515347975;0.2272903162669132;0.22161975547632504;0.239315308031806;0.02161214347188439;0.2226930434429661;0.15779249033916135;0.0;0.07914891950588901;0.18005089256562765;0.08055308714296748;0.35103408389546903;0.020126232879360377;0.27857979237051267;0.02714554284897731;0.3253448578610068;0.0709851905646393;0.0;0.0;0.4200720737225866;0.14650980275311207;0.17095792221073539;0.4395307060218905;0.023790423392701078;0.35454511571973907;0.26396915206533644;0.15779249033916135;0.2947049874477291;0.01957001359577429;0.17166280121084806;0.15779249033916135;0.031037111050789132;0.05176525365869937;0.15779249033916135;0.10012640948015748;0.5597464132075607;0.025494785434423736;0.02150765967640577;0.031856971398102854;0.066234335109854;0.2098739886938115;0.03472742809979378;0.027537564164063746;0.08553286772180466;0.25144203303817475;0.02571066150219781;0.01868714032575525;0.047963539666545055;0.0218054670890184;0.0;0.01788048761237731;0.02594316929752707;0.5333283530424936;0.41733117531819136;0.40936856791863463;0.23260602187652013;0.0;0.15779249033916135;0.01868714032575525;0.06981921323670565
GO:0001942;0.1942901920983713;0.0;0.0;0.0;0.0;0.0;1.0;0.0;0.0;0.0;0.21435608245320129;0.0;0.0;0.0;0.0;0.0;0.0;0.0;0.18804612080031366;0.0;0.0;0.0;0.0;0.0;0.0;0.0;0.20868748212288335;0.0;0.0;0.0;0.0;0.0;0.0;0.0;0.0;0.0;0.1974730913380494;0.0;0.0;0.0;0.0;0.0;0.22465463370605654;0.0;0.0;0.0;0.0;0.0;0.0;0.0;0.201397049350886;0.0;0.1903942457176706;0.3024769347110974;0.0;0.0;0.2951784660579431;0.0;0.0;0.1837266671523901;0.0;0.0;0.0;0.0;0.0;0.0;0.0;0.17770228757558026;0.0;0.0;0.0;0.0;0.0;0.21206077060531028;0.0;0.1959526583284926;0.0;0.0;0.0;0.19339587193900915;0.0;0.0;0.24143395573860899;0.0;0.0;0.0;0.22301455473543033;0.17999172874361913;0.0;0.24345285676820888;0.0;0.0;0.0;0.0;0.0;0.0;0.0;0.0;0.0;0.0;0.0;0.0;0.0;0.0;0.0;0.0;0.0;0.0;0.0;0.0;0.0;0.0;0.0;0.0;0.0;0.0;0.0;0.0;0.0;0.0;0.23045102067170606;0.1670251674520968;0.0;0.19514098811241162;0.0;0.0;0.0;0.0;0.0;0.0;0.0;0.0;0.0;0.0;0.0
GO:0071498;0.0;0.02036470446401519;0.0;0.0;0.0;0.0218054670890184;0.0;1.0;0.25849838411068976;0.19912940720259842;0.0;0.0;0.0;0.0;0.0;0.0;0.023493618260426462;0.0;0.020126232879360377;0.0;0.40848231279590963;0.022749758445447812;0.0;0.0;0.0;0.0;0.02221229118145525;0.024175780367111;0.0;0.02602463353314552;0.0;0.024386989702570205;0.0;0.0;0.0;0.02620491011931083;0.021081804293616;0.0;0.30353807789770576;0.0;0.028159696525351777;0.0;0.02381025170111798;0.0;0.0;0.024192685514444073;0.02425916567084211;0.0;0.0;0.017230094564966998;0.0;0.022444147417896007;0.02036470446401519;0.02453808426775922;0.022988990525325444;0.0;0.0;0.023538411979250773;0.0;0.15831232709099088;0.0;0.0;0.0;0.2683430179180884;0.026626353560731113;0.0;0.0;0.019072139574988347;0.02821077785449304;0.0;0.0;0.018793571078130667;0.0;0.02255101776875801;0.0;0.020928011150375257;0.0;0.0;0.026220758741117366;0.020669107130772676;0.02449370142765062;0.0;0.25081109910597676;0.0;0.0;0.0;0.023646741634018104;0.019305952003115197;0.030248086593785195;0.025674230635354633;0.021996595440112225;0.0;0.32247380318584695;0.0;0.0;0.0;0.0;0.0;0.29504075479226594;0.0;0.0;0.0;0.0;0.2447772642056708;0.0;0.0;0.02912853774769322;0.0;0.0;0.0;0.0;0.024192685514444073;0.020573522445697098;0.02984949544778941;0.0;0.023152666217478437;0.03235535707366127;0.3389583901705257;0.0;0.027472373338779756;0.024386989702570205;0.01797790430867298;0.018446220176376486;0.020845858660619696;0.0;0.22441373127459519;0.3203521103697681;0.0;0.3411986261588909;0.0;0.0;0.0;0.0;0.2341535951062061;0.0
GO:0071374;0.0;0.019410420868698968;0.0;0.0;0.0;0.020714994840789015;0.0;0.25849838411068976;1.0;0.18789684050025887;0.0;0.0;0.0;0.0;0.0;0.0;0.022232646214321562;0.0;0.019193656101624983;0.0;0.382136254356552;0.02156535982546319;0.0;0.0;0.0;0.0;0.021081804293616;0.02284259558844974;0.0;0.024486227758153543;0.0;0.023031061942055113;0.0;0.0;0.0;0.024645755437530035;0.020060815992430193;0.0;0.3716623283619987;0.0;0.026367207516203514;0.0;0.022515997531319814;0.0;0.0;0.022857687078178996;0.022917023668722024;0.0;0.0;0.016542012253947143;0.0;0.021290549717543024;0.019410420868698968;0.02316577534240055;0.021780212890886292;0.0;0.0;0.02227275644662113;0.0;0.15112961534736782;0.0;0.0;0.0;0.16729104553376553;0.025018183884105104;0.0;0.0;0.018232653144588034;0.02641198754607074;0.0;0.0;0.01797790430867298;0.0;0.02138669289777738;0.0;0.019921509271399407;0.0;0.0;0.02465977371961126;0.01968676996160056;0.023126213965686353;0.0;0.15687600021846834;0.0;0.0;0.0;0.022369725580730186;0.018446220176376486;0.02818958598734345;0.024175780367111;0.020887409289556614;0.0;0.19902111295398753;0.0;0.0;0.0;0.0;0.0;0.48566889622232473;0.0;0.0;0.0;0.0;0.4065207624321834;0.0;0.0;0.027214776114902445;0.0;0.0;0.0;0.0;0.022857687078178996;0.019600035981132177;0.027843089476446616;0.0;0.02192707375252999;0.03001116373548947;0.4124684210184841;0.0;0.025763663972666148;0.023031061942055113;0.017230094564966998;0.017659794945153594;0.019847054713726234;0.0;0.3023602791139025;0.42437619298308216;0.0;0.20984947073103077;0.0;0.0;0.0;0.0;0.2576381764412787;0.0
GO:0006958;0.0;0.06900319129373302;0.23604600659497413;0.06630271372635961;0.46330966499339993;0.6317011349235141;0.0;0.19912940720259842;0.18789684050025887;1.0;0.0;0.16815648441611383;0.40902668802459907;0.42550875368965163;0.0800091698845366;0.4660475997654506;0.0819049825797738;0.09479414237200626;0.0;0.5261859944347593;0.23596687230829363;0.0;0.06279422307085425;0.06144475937465925;0.18145129643181185;0.06480004489885585;0.0;0.5870595709519314;0.260047530054904;0.09289986458765499;0.19675760323146416;0.7234677877403989;0.3031109330528307;0.2155724405194218;0.08592642781408179;0.3270999541308192;0.0;0.419921455816551;0.22766790385708424;0.07398292955082676;0.10259229916406047;0.3212888082382195;0.0;0.3381400614271771;0.45741232266251547;0.7164075241671658;0.7188202848373282;0.07464383796284187;0.07890207033225118;0.47921851611318483;0.0;0.270521524317722;0.0;0.0;0.07977400939862213;0.35813294081906016;0.0;0.6928201050123824;0.35660967727797727;0.4297282217068817;0.49100654750627953;0.45741232266251547;0.07093983928030155;0.7257037030516967;0.4706116646984883;0.09126160289075115;0.1983346768124035;0.0;0.20893871873626815;0.31448666666658737;0.0;0.43358587215271993;0.6027222071408537;0.0;0.08814215438279238;0.0;0.25901221229006915;0.2516739190942138;0.09377385227162542;0.0;0.08618741898408938;0.17733892769855703;0.194904917202779;0.08035152583022734;0.2059533755127337;0.08200048391447752;0.4064330236539436;0.0;0.11246716456894365;0.0;0.37238880357512194;0.07093983928030155;0.26449162329543774;0.0;0.4754834532119427;0.16321295822816034;0.1941417640792218;0.5113894651304786;0.21997169145367323;0.3930315634036454;0.3236451152753972;0.17733892769855703;0.33205792525252054;0.17626451571788485;0.19505129392211581;0.17733892769855703;0.37394792040820624;0.05838922733850586;0.17733892769855703;0.10596152079101853;0.5818391212307014;0.0;0.24380400902921573;0.15566753331712105;0.06559665593473807;0.08046302008517243;0.24962278074565014;0.2607715939621279;0.08792175642325296;0.09942879282593581;0.0;0.0;0.053597347752929965;0.0;0.2144921215021151;0.15939531281194871;0.24317282117345307;0.31993686344061983;0.6556642828236929;0.4710117338611727;0.2777316836954716;0.3929719008038849;0.17733892769855703;0.16740601783392586;0.08057325829723586
GO:0001947;0.8170146769557894;0.0;0.0;0.0;0.0;0.0;0.21435608245320129;0.0;0.0;0.0;1.0;0.0;0.0;0.0;0.0;0.0;0.0;0.0;0.19450096838120925;0.0;0.0;0.0;0.0;0.0;0.0;0.0;0.21666723582491312;0.0;0.0;0.0;0.0;0.0;0.0;0.0;0.0;0.0;0.2046036089971475;0.0;0.0;0.0;0.0;0.0;0.23392933456709983;0.0;0.0;0.0;0.0;0.0;0.0;0.0;0.6304099431203182;0.0;0.39181593806140924;0.24187460663439841;0.0;0.0;0.2357955469433198;0.0;0.0;0.18988352794054378;0.0;0.0;0.0;0.0;0.0;0.0;0.0;0.18345568039501642;0.0;0.0;0.0;0.0;0.0;0.22030567974731466;0.0;0.2029718451935941;0.0;0.0;0.0;0.20022988725103014;0.0;0.0;0.0;0.0;0.0;0.0;0.23215157716493973;0.1858967882669376;0.0;0.2543823939039163;0.0;0.0;0.0;0.0;0.0;0.0;0.0;0.0;0.0;0.0;0.0;0.0;0.0;0.0;0.0;0.0;0.0;0.0;0.0;0.0;0.0;0.0;0.0;0.0;0.0;0.0;0.0;0.0;0.0;0.0;0.24022090166597737;0.1720980849392614;0.0;0.20210111329176503;0.0;0.0;0.0;0.0;0.0;0.0;0.0;0.0;0.0;0.0;0.0
GO:2000111;0.0;0.058819797245830946;0.16666071322070966;0.05022799301474899;0.05059186880199425;0.15048095752159932;0.0;0.0;0.0;0.16815648441611383;0.0;1.0;0.0;0.16489370925442276;0.06558777375215778;0.06435553081928198;0.0667015471606305;0.07390306147085493;0.0;0.16919886073752477;0.0;0.0;0.054758207775648764;0.053850618625840056;0.13745944830114576;0.05609059146258336;0.0;0.0683844064831006;0.19754529578441848;0.07288345826742137;0.16185330607084514;0.16594308359169674;0.21886217203189642;0.17306686202257485;0.3591125037993847;0.07331737414662519;0.0;0.0595985606966608;0.0;0.06194765440710911;0.0779691184375589;0.0716073869326104;0.0;0.15441905950406765;0.1267312027320844;0.16479435472114617;0.1651876585576635;0.06235447317662384;0.06493053510876767;0.12197147205934863;0.0;0.0;0.0;0.0;0.06544859303304613;0.046963756519824214;0.0;0.1609084210738594;0.046307867842103195;0.0;0.06004954854082531;0.1267312027320844;0.68695159274857;0.0;0.0;0.06335373659477554;0.16281440554187668;0.0;0.0;0.3968346382684831;0.0;0.0;0.18650358681216245;0.0;0.07026491678886405;0.0;0.06134422349101479;0.06004954854082531;0.07335548078904486;0.0;0.06916445580749518;0.1496853656059157;0.0;0.06578999156532306;0.1510752034086364;0.06675726700141972;0.0;0.0;0.08283331419665965;0.0;0.0;0.06004954854082531;0.0;0.0;0.15696862211697796;0.14042725323563962;0.16025038056158933;0.06878723786738072;0.0;0.044568651499123986;0.2060344968720637;0.1496853656059157;0.15231491803185873;0.0;0.1608089673172536;0.13508635950314984;0.0;0.04413053307145662;0.13508635950314984;0.07966322150936911;0.05979898517499056;0.0;0.0;0.0;0.056614310378147896;0.06585574345319786;0.0;0.0;0.07014156817678183;0.07634456048102807;0.0;0.0;0.04133727606172416;0.0;0.0;0.0;0.0;0.1336243499179673;0.0;0.06485218253718107;0.5626227858519475;0.0;0.1496853656059157;0.0;0.05801156037177137
GO:0019886;0.0;0.0;0.0;0.0;0.0;0.35296719480774685;0.0;0.0;0.0;0.40902668802459907;0.0;0.0;1.0;0.0;0.0;0.0;0.0;0.0;0.0;0.0;0.0;0.0;0.0;0.0;0.0;0.0;0.0;0.0;0.0;0.0;0.0;0.4017804316785138;0.0;0.0;0.0;0.0;0.0;0.0;0.0;0.0;0.0;0.0;0.0;0.0;0.0;0.3980460038213874;0.3993225936550005;0.0;0.0;0.2705209630164305;0.0;0.0;0.0;0.0;0.0;0.3434342866986755;0.0;0.38554433900204843;0.0;0.31416285225694857;0.0;0.0;0.0;0.3547868086545605;0.4455533394787468;0.0;0.0;0.0;0.0;0.0;0.0;0.29813083191545703;0.0;0.0;0.0;0.0;0.0;0.0;0.0;0.0;0.0;0.0;0.0;0.0;0.0;0.0;0.3876065183521967;0.0;0.0;0.0;0.3565225892154078;0.0;0.0;0.0;0.0;0.0;0.0;0.0;0.0;0.0;0.0;0.0;0.0;0.0;0.0;0.0;0.0;0.0;0.0;0.0;0.0;0.0;0.0;0.0;0.0;0.0;0.0;0.0;0.0;0.0;0.0;0.0;0.0;0.0;0.0;0.0;0.0;0.0;0.47005993781667466;0.0;0.0;0.0;0.0;0.0;0.0
GO:0050729;0.0;0.06750318982417597;0.22966683358009635;0.06491664244286902;0.23246630823012693;0.684725144929824;0.0;0.0;0.0;0.42550875368965163;0.0;0.16489370925442276;0.0;1.0;0.07799947712381984;0.07603211800571377;0.0798001750981958;0.0919861108963071;0.0;0.20396300676599435;0.0;0.0;0.0615495851356978;0.06025253395795976;0.17765802135751754;0.06347546126569864;0.0;0.2929071331167915;0.25232633103427826;0.09020134058524128;0.19230522501888872;0.4178030270421769;0.2926720903906065;0.2102393771928788;0.08361277801940536;0.09095840492632182;0.0;0.0686734069467845;0.0;0.07226131626799265;0.09931125961530449;0.3121842926050808;0.0;0.4102093409883013;0.7075563778404882;0.41383421753213256;0.41519074484277296;0.07289169230435398;0.07694693011614943;0.5224115068913683;0.0;0.0;0.0;0.0;0.07777596542142842;0.062001677897054804;0.0;0.7492680135348525;0.0585145858438736;0.0;0.24605287671829484;0.7075563778404882;0.06935542463705764;0.0;0.0;0.08865608037159417;0.1938114585600122;0.0;0.0;0.3820833497674802;0.0;0.0;0.23281761575803753;0.0;0.08570933428173767;0.0;0.2530624696061528;0.24605287671829484;0.09102506600637093;0.0;0.0838598833354047;0.17371392648879233;0.0;0.07832481531883252;0.20108024808902383;0.07989082836773669;0.0;0.0;0.10853620488038777;0.0;0.0;0.06935542463705764;0.0;0.0;0.18473665131461783;0.1601374493563187;0.18980568075858;0.08323103150687117;0.0;0.19783740549722506;0.311771712352117;0.17371392648879233;0.650490786336146;0.0;0.1906749453374841;0.17371392648879233;0.0;0.0571571358785019;0.17371392648879233;0.10246511036047626;0.7563893846738511;0.0;0.0;0.0;0.06423964592639193;0.0784307523487606;0.0;0.0;0.0855009204852681;0.09634393771174855;0.0;0.0;0.05255738729236255;0.0;0.0;0.0;0.0;0.586395132863105;0.0;0.07682194348644913;0.2689423870381303;0.0;0.17371392648879233;0.0;0.078535488650901
GO:0060998;0.0;0.4772715343862978;0.08986717200297178;0.06198473960167786;0.30325904518855995;0.07885642429493901;0.0;0.0;0.0;0.0800091698845366;0.0;0.06558777375215778;0.0;0.07799947712381984;1.0;0.4127817993735471;0.08569706367046433;0.4180276956307354;0.0;0.0803274713446589;0.0;0.0;0.06693907433949718;0.06558777375215778;0.06198473960167786;0.06894099713536478;0.0;0.08849501111723637;0.7062598569100647;0.09617798584375765;0.3830162871771806;0.08936529256350667;0.11273854078703509;0.41684249987240396;0.08955628602834452;0.09693503858275253;0.0;0.07431748339084304;0.0;0.0780060620783756;0.10523606290669221;0.09396822707248728;0.0;0.30570802571018774;0.05612179661643282;0.08856459857435622;0.08883837148981301;0.31136887776608174;0.0827956471891254;0.0608934353577728;0.0;0.0;0.0;0.0;0.08363985585358003;0.05894867121556768;0.0;0.08588018824244972;0.05612179661643282;0.0;0.07502005025565787;0.05612179661643282;0.07502005025565787;0.0;0.0;0.37462298766114216;0.3697283423820198;0.0;0.0;0.06693907433949718;0.0;0.0;0.0910280918952683;0.0;0.09166987815423829;0.0;0.07705164264685324;0.07502005025565787;0.09700166112078645;0.0;0.08980571560011807;0.06894099713536478;0.0;0.08419822021548669;0.38289015886904354;0.560038580657273;0.0;0.0;0.11429495384975691;0.0;0.0;0.07502005025565787;0.0;0.0;0.3686485586941069;0.06377329531985823;0.3782773973543045;0.44963035027232007;0.0;0.24106525302624573;0.10519050081855456;0.3476246800489118;0.07043557658994934;0.0;0.5888570136198275;0.060669479291596703;0.0;0.054552566456402204;0.060669479291596703;0.10834589096997933;0.07724108306505607;0.0;0.0;0.0;0.45012853720030305;0.08430594505401715;0.0;0.0;0.36207250043169475;0.10229796625589639;0.0;0.0;0.05034705225402706;0.0;0.0;0.0;0.0;0.2693024499232751;0.0;0.08266828921801019;0.10420854232272166;0.0;0.06894099713536478;0.0;0.3341723866548567
GO:0045652;0.0;0.3458465645545982;0.08756973980181704;0.06073584800599659;0.36635823499165593;0.4056135805230487;0.0;0.0;0.0;0.4660475997654506;0.0;0.06435553081928198;0.0;0.07603211800571377;0.4127817993735471;1.0;0.08360541885768445;0.09523781979303814;0.0;0.41300682620014156;0.0;0.0;0.06565602934599338;0.06435553081928198;0.06073584800599659;0.06758084113176488;0.0;0.4539429702770715;0.48124257070497617;0.09355127093430454;0.3747070036062009;0.458293651112839;0.10914627151582611;0.40701955305714094;0.08727451998408361;0.09426738270273453;0.0;0.38276241975084596;0.0;0.07626920085415664;0.10209934742440976;0.09145925255638823;0.0;0.2994453171656377;0.3294485490266528;0.4542909287480387;0.4556597429200057;0.3043798851841297;0.08084162228403892;0.3148312380780354;0.0;0.0;0.0;0.0;0.08164625991489138;0.05765609646942136;0.0;0.4408580639604688;0.3294485490266528;0.0;0.38630334790500787;0.3294485490266528;0.07341224506711155;0.0;0.0;0.36455188099447355;0.36164889550692003;0.0;0.0;0.06565602934599338;0.0;0.0;0.46660027186319597;0.0;0.08928057529114466;0.0;0.07535656130497771;0.07341224506711155;0.09433038759635318;0.0;0.08751138444923182;0.06758084113176488;0.0;0.08217823908828158;0.37423197433375105;0.40435688765446937;0.0;0.0;0.11060443714050669;0.0;0.0;0.07341224506711155;0.0;0.0;0.5881026204389314;0.06260768318294821;0.37017027985567047;0.7140145799499628;0.0;0.3148312380780354;0.10164358122454081;0.3407662965729716;0.06901641438639028;0.0;0.3717489408191354;0.059472514351682666;0.0;0.05344377786637105;0.059472514351682666;0.10502397630610255;0.4503265285078031;0.0;0.0;0.0;0.34460716933264335;0.08228085397278716;0.0;0.0;0.35265640721694064;0.0993314857374771;0.0;0.0;0.049401147311962885;0.0;0.0;0.0;0.0;0.2640584366614648;0.0;0.4247586166833241;0.10113188592690706;0.0;0.06758084113176488;0.0;0.3261354237711686
GO:0007266;0.0;0.197301722457725;0.09197139566296922;0.06311654918742086;0.06369219596769943;0.21312593435516514;0.0;0.023493618260426462;0.022232646214321562;0.0819049825797738;0.0;0.0667015471606305;0.0;0.0798001750981958;0.08569706367046433;0.08360541885768445;1.0;0.1004671082055877;0.022583564940960716;0.08200449741682528;0.027578330275334163;0.025940268448521403;0.06809962056088802;0.0667015471606305;0.06311654918742086;0.07017263604069093;0.0252437849869723;0.23977666047418558;0.1006922650847589;0.26111614447110787;0.07745778333864552;0.24218957956222462;0.11606996793965318;0.08444556090447333;0.09164580693867025;0.5105204250915242;0.023793739679280595;0.07575071298434458;0.0266648103952334;0.07958660532105954;0.2863851598007202;0.09627134469440497;0.027328148083761335;0.07297115504360976;0.05704802377341861;0.23996955656198632;0.24072852160734318;0.08025934039014344;0.08457845823742086;0.1638127200266078;0.0;0.02554367371480678;0.02288425937724423;0.02829128888186477;0.43897625247056093;0.06012413637165438;0.0;0.23253344870193882;0.05704802377341861;0.0;0.0764807725723584;0.05704802377341861;0.0764807725723584;0.0;0.03110384336312858;0.08533240778282519;0.0780461660404774;0.021264789841122258;0.033287799331006354;0.06809962056088802;0.0;0.020919068091574542;0.09318768539409258;0.025682190818446245;0.09386039748712799;0.02359801775940709;0.0785933637816619;0.0764807725723584;0.2634089849162089;0.02326935612641188;0.47209440791904794;0.07017263604069093;0.0;0.0860426179263206;0.07117755073900765;0.08770460558770007;0.02711297075489074;0.021555863886025584;0.3117764992894313;0.029812344361359787;0.024965564815786413;0.0764807725723584;0.0;0.0;0.07449707480205332;0.06482580186057778;0.0764807725723584;0.09124214487090873;0.025814171192790808;0.054431295632272475;0.10849206574039515;0.07017263604069093;0.07172169412910703;0.020919068091574542;0.07682063313575468;0.06175334657182608;0.034573143044704185;0.05555775319443151;0.06175334657182608;0.11141923126693044;0.07900653837720067;0.027833135497250517;0.023148279301736893;0.035593527902920086;0.07099425990721223;0.22817745599588896;0.03921511030038382;0.030285845978578033;0.09364042618265736;0.2781757376702164;0.028090627330205935;0.019913405567360813;0.05120201659856203;0.023493618260426462;0.0;0.01900000024168065;0.028368405170515035;0.06091947619353744;0.0;0.08444556090447333;0.10704856775666152;0.0;0.07017263604069093;0.019913405567360813;0.07591612561354497
GO:0032956;0.0;0.08359506232215948;0.1062470167573068;0.07050390851090066;0.07122295972105795;0.0911928658603442;0.0;0.0;0.0;0.09479414237200626;0.0;0.07390306147085493;0.0;0.0919861108963071;0.4180276956307354;0.09523781979303814;0.1004671082055877;1.0;0.0;0.09316594007910343;0.0;0.0;0.0756232139007321;0.07390306147085493;0.07050390851090066;0.07818820849805863;0.0;0.1043343935868272;0.11805911844371421;0.11518236208196586;0.0873412668483225;0.10554622514120116;0.13977068257880557;0.09632953758759141;0.10581274786888958;0.11626984575790432;0.0;0.08517685103507544;0.0;0.09005754275129588;0.12842013218579382;0.11202736997951618;0.0;0.08167847115735309;0.06301595653023727;0.10443113435055706;0.1048119990600226;0.09091990065110615;0.0965025103666293;0.06799655897155739;0.0;0.0;0.0;0.0;0.09765131380285653;0.0678928118359303;0.0;0.10071888895491905;0.06301595653023727;0.0;0.08610101529851784;0.06301595653023727;0.08610101529851784;0.0;0.0;0.09941560812120882;0.08809010832196333;0.0;0.0;0.0756232139007321;0.0;0.0;0.10787352912544959;0.0;0.10877600649114712;0.0;0.08878783844429838;0.08610101529851784;0.11636570926907461;0.0;0.10616112641251324;0.07818820849805863;0.0;0.09841327574943833;0.08071494605900728;0.42925955276914646;0.0;0.0;0.14217090908656044;0.0;0.0;0.08610101529851784;0.0;0.0;0.08359506232215948;0.0716073869326104;0.08610101529851784;0.10527500689857387;0.0;0.059838354503703055;0.13232467537262568;0.07818820849805863;0.0801162266667956;0.0;0.3692550514085726;0.06880721331903482;0.0;0.062126726168559215;0.06880721331903482;0.13308146405041357;0.09093318085548328;0.0;0.0;0.0;0.672694798939848;0.09856047690634322;0.0;0.0;0.10848067771901232;0.12407162618655586;0.0;0.0;0.05673010509040637;0.0;0.0;0.0;0.0;0.06777355706327626;0.0;0.09632953758759141;0.1268932891756659;0.0;0.07818820849805863;0.0;0.0868633319472872
GO:0014902;0.177835694720858;0.01967736774486301;0.0;0.0;0.0;0.021019311839193183;0.18804612080031366;0.020126232879360377;0.019193656101624983;0.0;0.19450096838120925;0.0;0.0;0.0;0.0;0.0;0.022583564940960716;0.0;1.0;0.0;0.02305103501128173;0.02189537351534798;0.0;0.0;0.0;0.0;0.3323111017749105;0.02321319372876718;0.0;0.024912574935073352;0.0;0.023407851100751942;0.0;0.0;0.0;0.025077725012694282;0.7628582245578156;0.0;0.02240933659861543;0.0;0.026862234835871353;0.0;0.3552796453727219;0.0;0.0;0.02322877904638956;0.023290060504730925;0.0;0.0;0.016735498401546103;0.18377137375557667;0.02161214347188439;0.2533437011818506;0.3031650223191684;0.022116886440092458;0.0;0.20434553738157804;0.02262495253948777;0.0;0.1689447205547897;0.0;0.0;0.0;0.0;0.025463425235094102;0.0;0.0;0.7494564330440856;0.02690871356398683;0.0;0.0;0.018206670843572734;0.0;0.3371899673958672;0.0;0.31376319746575787;0.0;0.0;0.025092239146645663;0.31001448024937533;0.023506148618294156;0.0;0.0;0.0;0.0;0.0;0.3529349642015733;0.2902239618953252;0.028756141138988375;0.38191946470934873;0.021196850970869326;0.0;0.0;0.0;0.0;0.0;0.0;0.0;0.0218054670890184;0.0;0.0;0.0;0.0;0.018206670843572734;0.0;0.0;0.02774245850349534;0.0;0.0;0.0;0.0;0.02322877904638956;0.019872260366623797;0.02839566592381925;0.0;0.022268338462058074;0.03065413987965565;0.024912574935073352;0.0;0.026236085359516652;0.30137321777331244;0.2708568003034629;0.01788048761237731;0.3125740451697419;0.0;0.016735498401546103;0.023600418376274874;0.0;0.0;0.0;0.0;0.0;0.0;0.017440114187681783;0.0
GO:0030890;0.0;0.07040579747707171;0.20667342457469898;0.05977256868958135;0.3604975785073622;0.4591600257631003;0.0;0.0;0.0;0.5261859944347593;0.0;0.16919886073752477;0.0;0.20396300676599435;0.0803274713446589;0.41300682620014156;0.08200449741682528;0.09316594007910343;0.0;1.0;0.0;0.0;0.3332900432901826;0.06340275240098667;0.16358018352832746;0.06653094768407432;0.0;0.44497943783674887;0.2491425906254546;0.09155135206831072;0.1949291219927962;0.5176059725562402;0.2840327141238026;0.211427698257136;0.08553146415267159;0.09223706113072168;0.0;0.869717623302151;0.0;0.38622304080679165;0.0997218972624745;0.08954686479541753;0.0;0.18424620716128806;0.3741824953181784;0.5131745518717351;0.514690141962169;0.07553076060718965;0.0793438485681276;0.3578091289122407;0.0;0.0;0.0;0.0;0.08011880403104045;0.05666232530006506;0.0;0.4982917192073088;0.3247016493809339;0.0;0.3797928645989716;0.3741824953181784;0.07217500702980206;0.0;0.0;0.07933199733588332;0.4703790382922407;0.0;0.0;0.17256640835156586;0.0;0.0;0.8728682422932936;0.0;0.08745730525606663;0.0;0.0740535007777239;0.07217500702980206;0.0922973803964765;0.0;0.08575894940505084;0.17754687494857177;0.0;0.08063100219784652;0.18323216528511696;0.08208873320339229;0.0;0.0;0.10781979760363644;0.0;0.0;0.37199939819441763;0.0;0.0;0.7074121133577165;0.16466975953803084;0.19260881429771037;0.6556171730057038;0.0;0.3104934511235419;0.2708637341675816;0.17754687494857177;0.18125856427976023;0.0;0.19341632929383584;0.16023050002835867;0.0;0.052588834280061766;0.16023050002835867;0.10251004840278433;0.4415038593758922;0.0;0.0;0.0;0.06726905765547858;0.08072978710688476;0.0;0.0;0.08726629227805346;0.09707976984899895;0.0;0.0;0.04866976732956418;0.0;0.0;0.0;0.0;0.15817771439049863;0.0;0.7567465306444793;0.2636579262673761;0.0;0.4253884376255222;0.0;0.07112977983542682
GO:0034614;0.0;0.02336439314196439;0.0;0.0;0.0;0.025280831177586373;0.0;0.40848231279590963;0.382136254356552;0.23596687230829363;0.0;0.0;0.0;0.0;0.0;0.0;0.027578330275334163;0.0;0.02305103501128173;0.0;1.0;0.026558934077118315;0.0;0.0;0.0;0.0;0.025829299938061552;0.02852309079107943;0.0;0.031132537299044086;0.0;0.02881755199503819;0.0;0.0;0.0;0.0313908763054708;0.024313228515537185;0.0;0.460185462342524;0.0;0.03423795822187952;0.0;0.02801566277817017;0.0;0.0;0.028546625332372802;0.028639233278859123;0.0;0.0;0.01932980117066826;0.0;0.026143348024288474;0.02336439314196439;0.02902877234099322;0.026885561372677367;0.0;0.0;0.027640074626553605;0.0;0.1807451946973896;0.0;0.0;0.0;0.3113343703479058;0.03199756414303986;0.0;0.0;0.02167875745174712;0.03431350084217704;0.0;0.0;0.021319557844277772;0.0;0.026288463719501012;0.0;0.024108903599024685;0.0;0.0;0.031413621257012976;0.02376596059175926;0.028966678662646538;0.0;0.28797932189846903;0.0;0.0;0.0;0.027789567293179114;0.021981355279213428;0.037375429755235806;0.030632409149451034;0.025538098219573126;0.0;0.3866326776277003;0.0;0.0;0.0;0.0;0.0;0.44515661695457914;0.0;0.0;0.0;0.0;0.4639673539478475;0.0;0.0;0.03568090278816487;0.0;0.0;0.0;0.0;0.028546625332372802;0.02363967470695421;0.03676875233203759;0.0;0.02710969499736797;0.04064646443690489;0.5244249391480831;0.0;0.0332272199538443;0.02881755199503819;0.020275980933668718;0.020873666878203672;0.023999945204943005;0.0;0.32560885434106596;0.6335063129228206;0.0;0.41386423382052673;0.0;0.0;0.0;0.0;0.27166641537301334;0.0
GO:0051017;0.0;0.022177906355851287;0.0;0.0;0.0;0.02389748341340863;0.0;0.022749758445447812;0.02156535982546319;0.0;0.0;0.0;0.0;0.0;0.0;0.0;0.025940268448521403;0.0;0.02189537351534798;0.0;0.026558934077118315;1.0;0.0;0.0;0.0;0.0;0.024386989702570205;0.026774433397373395;0.0;0.02906091019416046;0.0;0.02703373231979058;0.0;0.0;0.0;0.029285887979583484;0.023031061942055113;0.0;0.02571066150219781;0.0;0.03174895665100417;0.0;0.02632682752987367;0.0;0.0;0.026795169693174213;0.02687674623571732;0.0;0.0;0.018510518396739405;0.0;0.024666754142322056;0.1874206654596144;0.027219528422870568;0.025326435986149483;0.0;0.0;0.025994888546882214;0.0;0.0;0.0;0.0;0.0;0.0;0.029813254697273417;0.0;0.0;0.020653538310306335;0.031813904622362346;0.0;0.0;0.020327253806802243;0.0;0.024795899813465062;0.0;0.02284763779577122;0.0;0.0;0.029305683814773914;0.022539409182826105;0.027164926348105908;0.0;0.0;0.0;0.0;0.0;0.02612707215351493;0.020928011150375257;0.03442898520610938;0.028624660451008508;0.02412723791392013;0.0;0.0;0.0;0.0;0.0;0.0;0.0;0.024918906282273383;0.0;0.0;0.0;0.0;0.020327253806802243;0.0;0.0;0.03298594125502205;0.0;0.0;0.0;0.0;0.026795169693174213;0.022425790895409164;0.03391353112940551;0.0;0.02552523171356224;0.03718559390854899;0.02906091019416046;0.0;0.03087796308566978;0.02703373231979058;0.019376394895878807;0.019921509271399407;0.022749758445447812;0.0;0.018510518396739405;0.027290905211385618;0.0;0.0;0.0;0.0;0.0;0.0;0.019376394895878807;0.0
