;GO:0061333;GO:0090179;GO:0051092;GO:0032966;GO:0002634;GO:0002755;GO:0001942;GO:0071498;GO:0071374;GO:0006958;GO:0001947;GO:2000111;GO:0019886;GO:0050729;GO:0060998;GO:0045652;GO:0007266;GO:0032956;GO:0014902;GO:0030890;GO:0034614;GO:0051017;GO:1905563;GO:0060025;GO:0060267;GO:1904753;GO:0002062;GO:0038095;GO:0045666;GO:0097190;GO:0045663;GO:0038096;GO:0045944;GO:0045669;GO:0043524;GO:0000165;GO:0051145;GO:0030889;GO:0071277;GO:0048147;GO:0019221;GO:0060828;GO:0001649;GO:2000774;GO:0001805;GO:0050852;GO:0050853;GO:0043537;GO:0046928;GO:0034166;GO:0060536;GO:0038083;GO:0048667;GO:0048666;GO:0007249;GO:0001782;GO:0007517;GO:0002224;GO:0002587;GO:0002467;GO:0050860;GO:0001812;GO:0002902;GO:0019731;GO:0050900;GO:0001818;GO:0060045;GO:0055012;GO:0006366;GO:1901300;GO:0090251;GO:0002322;GO:0050871;GO:0035914;GO:0048167;GO:0030220;GO:2000311;GO:2000310;GO:0016055;GO:0030224;GO:0019722;GO:0010694;GO:0014898;GO:0051966;GO:0030501;GO:0051963;GO:0030183;GO:0014033;GO:0007186;GO:0030182;GO:0042100;GO:1904706;GO:0042742;GO:0006898;GO:0045579;GO:0042986;GO:2000727;GO:0045580;GO:0071560;GO:0002721;GO:0010628;GO:2001016;GO:0031666;GO:0035984;GO:1903861;GO:0045345;GO:0006468;GO:0090073;GO:0045348;GO:0000122;GO:0030449;GO:0000086;GO:0018298;GO:0016310;GO:0060297;GO:0060333;GO:0006351;GO:0035690;GO:0050707;GO:0007169;GO:0048469;GO:0072160;GO:0002553;GO:0030318;GO:0042094;GO:0098761;GO:0071222;GO:2000987;GO:0045087;GO:0042130;GO:0043065;GO:0006508;GO:0071864;GO:0071226;GO:0030279
GO:0061333;1.0;0.0;0.0;0.0;0.0;0.0;0.5165534134691132;0.0;0.0;0.0;0.7249138767514692;0.0;0.0;0.0;0.0;0.0;0.0;0.0;0.5502127434389472;0.0;0.0;0.0;0.0;0.0;0.0;0.0;0.5432278013699066;0.0;0.0;0.0;0.0;0.0;0.0;0.0;0.0;0.0;0.5724603504100509;0.0;0.0;0.0;0.0;0.0;0.5165534134691132;0.0;0.0;0.0;0.0;0.0;0.0;0.0;0.690952927074151;0.0;0.6375924262238135;0.5991347383108441;0.0;0.0;0.5724603504100509;0.0;0.0;0.5165534134691132;0.0;0.0;0.0;0.0;0.0;0.0;0.0;0.5165534134691132;0.0;0.0;0.0;0.0;0.0;0.5502127434389472;0.0;0.5165534134691132;0.0;0.0;0.0;0.5165534134691132;0.0;0.0;0.0;0.0;0.0;0.0;0.583872073408781;0.5502127434389472;0.0;0.6207260871104752;0.0;0.0;0.0;0.0;0.0;0.0;0.0;0.0;0.0;0.0;0.0;0.0;0.0;0.0;0.0;0.0;0.0;0.0;0.0;0.0;0.0;0.0;0.0;0.0;0.0;0.0;0.0;0.0;0.0;0.0;0.5926834457280683;0.5502127434389472;0.0;0.5432278013699066;0.0;0.0;0.0;0.0;0.0;0.0;0.0;0.0;0.0;0.0;0.0
GO:0090179;0.0;1.0;0.293006542549582;0.24007963235059676;0.44494400696086334;0.5452113864407775;0.0;0.36097136141009367;0.2610185749042658;0.3842684492507788;0.0;0.209731877021625;0.0;0.3256999275920535;0.6071750027321741;0.3848056790145938;0.5353666635249013;0.38622872963878085;0.41923666540876925;0.22374314557048924;0.3419008870735769;0.4389261112405218;0.22374314557048924;0.40073563809933477;0.27653935370102606;0.22374314557048924;0.4122517233397286;0.5721288325429055;0.6591359680037969;0.5946670307989392;0.3413370766503811;0.5552991675579886;0.33719977645849797;0.3413370766503811;0.2925806601653439;0.5826135063568882;0.44148427237987303;0.22374314557048924;0.2610185749042658;0.2832212090999459;0.6543020793045984;0.3326768534581077;0.3855773354389354;0.3441374680309766;0.20727595672193327;0.5552991675579886;0.5721288325429055;0.31092767212677314;0.3865114694521648;0.5185369985399844;0.0;0.22407358170335817;0.4328241782709224;0.46815866028066616;0.5185369985399844;0.2942498669645995;0.0;0.5994431713418051;0.23959436050011845;0.0;0.2733764861840696;0.18047340216027258;0.27548353687843885;0.0;0.4849883252655831;0.4527015971405153;0.3385012347482882;0.3855773354389354;0.48458024718554527;0.2560615493486744;0.0;0.3855773354389354;0.3033083921806614;0.41923666540876925;0.4073988617668326;0.3855773354389354;0.2832212090999459;0.2832212090999459;0.7364059974203927;0.3855773354389354;0.5887154393264875;0.23923188436375753;0.0;0.3037936640311397;0.3749609560987175;0.6364075517723184;0.4528959953786031;0.41923666540876925;0.6308316816822342;0.4897500090802972;0.2946779048740996;0.23923188436375753;0.0;0.0;0.36026356986891367;0.22374314557048924;0.3972085630698213;0.43909685338186155;0.28367981189368235;0.33808733187804463;0.37243125054415366;0.37216056471812203;0.27617687756466514;0.28367981189368235;0.563670949846464;0.22276469551520156;0.3683083527994698;0.2351289086247536;0.22276469551520156;0.32190873040274914;0.3378642326281505;0.3855773354389354;0.32509508272116966;0.4009116277617444;0.44494400696086334;0.5552991675579886;0.4928671133341394;0.41973807919786693;0.433847420502512;0.660449694459289;0.4617073676978904;0.41923666540876925;0.3855773354389354;0.4122517233397286;0.0;0.2610185749042658;0.3855773354389354;0.33104300034276385;0.0;0.27965008251142687;0.3495434188513634;0.0;0.25654682119915273;0.3855773354389354;0.3701202722987845
GO:0051092;0.0;0.293006542549582;1.0;0.35272051285951245;0.3032137416018193;0.36012239756630243;0.0;0.0;0.0;0.3334480096655092;0.0;0.2965030164646016;0.0;0.4417295418963825;0.33651059543529216;0.30005087408486286;0.309836207534499;0.4030583946236978;0.0;0.3138179532999968;0.0;0.0;0.24057281055540614;0.3156677795389986;0.402521880248497;0.24057281055540614;0.0;0.309836207534499;0.42891302782284224;0.369136574808537;0.3729389116398427;0.3334480096655092;0.569046299261543;0.3729389116398427;0.3094103251502608;0.35708305036648597;0.0;0.24057281055540614;0.0;0.30005087408486286;0.39200945429619194;0.3495065184430246;0.0;0.38291180121658636;0.3138179532999968;0.3334480096655092;0.35027767465042614;0.27289121433359137;0.38067989744766517;0.3334480096655092;0.0;0.0;0.0;0.0;0.293006542549582;0.23598456296592396;0.0;0.4143541824673301;0.2564240254850354;0.0;0.29020615116898657;0.2810142776713333;0.29231320186335574;0.0;0.0;0.39819795049877754;0.35610924665492577;0.0;0.0;0.35027767465042614;0.0;0.0;0.39752451748241313;0.0;0.3747647352006723;0.0;0.4211813328630388;0.4211813328630388;0.3950967913936122;0.0;0.36318498333608534;0.44714472492297125;0.0;0.3206233290160566;0.3729389116398427;0.3884043814648531;0.0;0.0;0.405301225691832;0.0;0.0;0.2560615493486744;0.0;0.0;0.3528952252560175;0.3897301469091662;0.3951865186109465;0.35665716798224784;0.0;0.2835836852363069;0.5585743206354645;0.38976857662475967;0.38291180121658636;0.0;0.35610924665492577;0.39705559010343544;0.0;0.4698059619123878;0.39705559010343544;0.5537552532057941;0.48171600936453235;0.0;0.0;0.0;0.31968093045037527;0.293006542549582;0.0;0.0;0.39581096270933025;0.3981570694508826;0.0;0.0;0.2715886299751829;0.0;0.0;0.0;0.0;0.38291180121658636;0.0;0.29647974749634376;0.4437595441531151;0.0;0.35610924665492577;0.0;0.3156166256570468
GO:0032966;0.0;0.24007963235059676;0.35272051285951245;1.0;0.26675402025138994;0.26675402025138994;0.0;0.0;0.0;0.24007963235059676;0.0;0.18047340216027258;0.0;0.3083849907566583;0.2835836852363069;0.24943908341599474;0.25690929733551365;0.3501314844247125;0.0;0.19326468817306902;0.0;0.0;0.28093901339472765;0.25970968871610917;0.35888966070191947;0.28093901339472765;0.0;0.25690929733551365;0.33554465050792975;0.31620966460955174;0.23959436050011845;0.24007963235059676;0.4493474787626043;0.23959436050011845;0.3516027260317092;0.30415614016750064;0.0;0.28093901339472765;0.0;0.34455839449642844;0.3390825440972066;0.29889472777415654;0.0;0.24007963235059676;0.19326468817306902;0.24007963235059676;0.25690929733551365;0.31508361521503975;0.32775298724867985;0.24007963235059676;0.0;0.0;0.0;0.0;0.24007963235059676;0.20514362943214276;0.0;0.3209858051524176;0.31508361521503975;0.0;0.33471367158055215;0.16870655967928444;0.24622506201708644;0.0;0.0;0.46220384038280327;0.22276469551520156;0.0;0.0;0.22410562170685017;0.0;0.0;0.27135246453883716;0.0;0.32183782500168706;0.0;0.24943908341599474;0.24943908341599474;0.34216988119462693;0.0;0.3102580731371;0.25295375818454585;0.0;0.27001153834718855;0.23959436050011845;0.3324462906419637;0.0;0.0;0.3523743154928467;0.0;0.0;0.29825395023012286;0.0;0.0;0.2323419601290897;0.35552090424010796;0.26184196747122224;0.30787157535550663;0.0;0.24943908341599474;0.4517503769211429;0.2564240254850354;0.24007963235059676;0.0;0.24007963235059676;0.37818214122952454;0.0;0.18831396444722587;0.37818214122952454;0.5379905464376558;0.37792324627411494;0.0;0.0;0.0;0.26675402025138994;0.24007963235059676;0.0;0.0;0.3428840525103449;0.34523015925189726;0.0;0.0;0.2351289086247536;0.0;0.0;0.0;0.0;0.24007963235059676;0.0;0.321357211542397;0.31758749120953916;0.0;0.22276469551520156;0.0;0.3796225155410725
GO:0002634;0.0;0.44494400696086334;0.3032137416018193;0.26675402025138994;1.0;0.4569752262535989;0.0;0.0;0.0;0.4303008383528057;0.0;0.2199390760738622;0.0;0.4293815195269822;0.41431590881747987;0.44865699380429025;0.3032137416018193;0.3964359286910181;0.0;0.3468876369199046;0.0;0.0;0.23395034462272646;0.3090453136063189;0.3032137416018193;0.23395034462272646;0.0;0.44713050333772264;0.46627687408910284;0.36251410887585733;0.4103027579061033;0.4303008383528057;0.3474069755107352;0.4103027579061033;0.3027878592175811;0.3504605844338063;0.0;0.3468876369199046;0.0;0.29342840815218313;0.3853869883635122;0.41989125654448045;0.0;0.3934730929211864;0.5243581066031275;0.4303008383528057;0.44713050333772264;0.2662687484009117;0.37405743151498544;0.4303008383528057;0.0;0.0;0.0;0.0;0.28638407661690235;0.24582928588180025;0.0;0.5112070111546265;0.37920604069808983;0.0;0.44713050333772264;0.5243581066031275;0.28569073593067607;0.0;0.0;0.4080426734146538;0.3511817995662574;0.0;0.0;0.3432759524350472;0.0;0.0;0.4264528835300768;0.0;0.36814226926799265;0.0;0.37043561218631865;0.37043561218631865;0.38847432546093247;0.0;0.35656251740340567;0.2199390760738622;0.0;0.31400086308337694;0.4103027579061033;0.4662096948470409;0.0;0.0;0.3986787597591523;0.0;0.0;0.24943908341599474;0.0;0.0;0.41876858450458876;0.23395034462272646;0.40988912788779047;0.4999169875476539;0.0;0.6106387246942448;0.3991056384449468;0.4271324228910202;0.3633912806510379;0.0;0.4717465615225239;0.24943908341599474;0.0;0.2289996208968833;0.24943908341599474;0.3321159294549863;0.5311166192542636;0.0;0.0;0.0;0.5735159184069096;0.28638407661690235;0.0;0.0;0.3891884967766505;0.39153460351820285;0.0;0.0;0.2814333528910592;0.0;0.0;0.0;0.0;0.3633912806510379;0.0;0.40279457386084216;0.35975061790360063;0.0;0.26675402025138994;0.0;0.325461348572923
GO:0002755;0.0;0.5452113864407775;0.36012239756630243;0.26675402025138994;0.4569752262535989;1.0;0.0;0.38764574931088686;0.28769296280505896;0.6617203780340066;0.0;0.27684773203834534;0.4322119205831734;0.5453534984958716;0.47091407888583803;0.40636570044936127;0.5620410514256944;0.4129031175395741;0.44591105330956243;0.3922734891519396;0.3685752749743701;0.46560049914131496;0.2504175334712824;0.42741002600012795;0.36012239756630243;0.2504175334712824;0.4389261112405218;0.6750039316236898;0.5633165112733882;0.6213414186997325;0.34049234120079;0.6705739398933854;0.4043156314752183;0.34049234120079;0.3192550480661371;0.6092878942576814;0.46815866028066616;0.3468876369199046;0.28769296280505896;0.3098955970007391;0.6442142981873873;0.41989125654448045;0.4122517233397286;0.4142769854342226;0.4269295276257513;0.6705739398933854;0.6874036048783024;0.28273593724946766;0.413185857352958;0.7033582885615743;0.0;0.25074796960415136;0.4594985661717156;0.4948330481814594;0.5452113864407775;0.47170282255750695;0.0;0.8438706915537193;0.37920604069808983;0.556770681117843;0.42750044697221024;0.4001269730640906;0.30215792477923203;0.4588863084839666;0.6561816709444908;0.4080426734146538;0.3236626762158731;0.4122517233397286;0.5112546350863385;0.39416165721823193;0.0;0.556770681117843;0.4718387357621118;0.44591105330956243;0.4340732496676258;0.4122517233397286;0.37043561218631865;0.37043561218631865;0.6473016352848076;0.4122517233397286;0.6153898272272809;0.3063477393804779;0.0;0.3304680519319329;0.34049234120079;0.5001466279259825;0.6240893410575107;0.44591105330956243;0.6575060695830275;0.5164243969810904;0.46587125055300727;0.2659062722645507;0.0;0.0;0.4313507611079603;0.2908590005872096;0.36273994817189376;0.4629719943467463;0.31035419979447554;0.43734516988808647;0.4560142944094299;0.3573220061857069;0.4142769854342226;0.31035419979447554;0.4678514931160551;0.3063477393804779;0.3949827407002629;0.2618032965255468;0.3063477393804779;0.34858311830354227;0.516984125866796;0.4122517233397286;0.3517694706219629;0.42758601566253757;0.3295256533662515;0.5452113864407775;0.5195415012349325;0.44641246709866006;0.4056556856252065;0.6503619133420779;0.4883817555986836;0.44591105330956243;0.4122517233397286;0.4389261112405218;0.0;0.28769296280505896;0.4122517233397286;0.4793632596199272;0.5616988758366301;0.40279457386084216;0.41665927386808377;0.0;0.3236626762158731;0.4122517233397286;0.325461348572923
GO:0001942;0.5165534134691132;0.0;0.0;0.0;0.0;0.0;1.0;0.0;0.0;0.0;0.44637497268261;0.0;0.0;0.0;0.0;0.0;0.0;0.0;0.48003430265244385;0.0;0.0;0.0;0.0;0.0;0.0;0.0;0.4730493605834032;0.0;0.0;0.0;0.0;0.0;0.0;0.0;0.0;0.0;0.5022819096235476;0.0;0.0;0.0;0.0;0.0;0.44637497268261;0.0;0.0;0.0;0.0;0.0;0.0;0.0;0.4854522446386307;0.0;0.493621815514597;0.5839185157063457;0.0;0.0;0.5572441278055525;0.0;0.0;0.44637497268261;0.0;0.0;0.0;0.0;0.0;0.0;0.0;0.44637497268261;0.0;0.0;0.0;0.0;0.0;0.48003430265244385;0.0;0.44637497268261;0.0;0.0;0.0;0.44637497268261;0.0;0.0;0.40140051084849265;0.0;0.0;0.0;0.5136936326222776;0.48003430265244385;0.0;0.5505476463239718;0.0;0.0;0.0;0.0;0.0;0.0;0.0;0.0;0.0;0.0;0.0;0.0;0.0;0.0;0.0;0.0;0.0;0.0;0.0;0.0;0.0;0.0;0.0;0.0;0.0;0.0;0.0;0.0;0.0;0.0;0.5225050049415649;0.48003430265244385;0.0;0.4730493605834032;0.0;0.0;0.0;0.0;0.0;0.0;0.0;0.0;0.0;0.0;0.0
GO:0071498;0.0;0.36097136141009367;0.0;0.0;0.0;0.38764574931088686;0.0;1.0;0.43710586010611935;0.43842656874951846;0.0;0.0;0.0;0.0;0.0;0.0;0.3778010263950106;0.0;0.3678281368182669;0.0;0.626818446401761;0.41432013721168004;0.0;0.0;0.0;0.0;0.36084319474922627;0.3778010263950106;0.0;0.43710139366904865;0.0;0.36097136141009367;0.0;0.0;0.0;0.4250478692269976;0.39007574378937065;0.0;0.43710586010611935;0.0;0.45997427315670353;0.0;0.3341688068484331;0.0;0.0;0.36097136141009367;0.3778010263950106;0.0;0.0;0.36097136141009367;0.0;0.24506256931597636;0.40821820424208066;0.4435526862518245;0.36097136141009367;0.0;0.0;0.4418775342119145;0.0;0.4116240141878579;0.0;0.0;0.0;0.48835695838875587;0.4335797966750808;0.0;0.0;0.3341688068484331;0.43317171859504294;0.0;0.0;0.3341688068484331;0.0;0.3678281368182669;0.0;0.36097136141009367;0.0;0.0;0.4630616102541238;0.3341688068484331;0.431149802196597;0.0;0.5111463620390398;0.0;0.0;0.0;0.4014874667881007;0.3678281368182669;0.4732660445523436;0.46514403505145546;0.30822190662794274;0.0;0.5376925832789656;0.0;0.0;0.0;0.0;0.0;0.43710586010611935;0.0;0.0;0.0;0.0;0.4597670970955359;0.0;0.0;0.38185235455331284;0.0;0.0;0.0;0.0;0.36097136141009367;0.33863908447501284;0.40910932936156613;0.0;0.36097136141009367;0.44145858474363703;0.5958253643997204;0.0;0.4661218883113942;0.43710139366904865;0.3678281368182669;0.36097136141009367;0.36084319474922627;0.0;0.43710586010611935;0.4865696516571965;0.0;0.5911695257414193;0.0;0.0;0.0;0.0;0.4865696516571965;0.0
GO:0071374;0.0;0.2610185749042658;0.0;0.0;0.0;0.28769296280505896;0.0;0.43710586010611935;1.0;0.36113501923310715;0.0;0.0;0.0;0.0;0.0;0.0;0.27784823988918267;0.0;0.2946779048740996;0.0;0.495630655867265;0.31436735070585214;0.0;0.0;0.0;0.0;0.28769296280505896;0.27784823988918267;0.0;0.33714860716322076;0.0;0.2610185749042658;0.0;0.0;0.0;0.32509508272116966;0.3169255118452034;0.0;0.4147483436979539;0.0;0.36002148665087563;0.0;0.2610185749042658;0.0;0.0;0.2610185749042658;0.27784823988918267;0.0;0.0;0.2610185749042658;0.0;0.17001544586744105;0.30826541773625277;0.34359989974599653;0.2610185749042658;0.0;0.0;0.3419247477060866;0.0;0.33847378224369057;0.0;0.0;0.0;0.32820317694357615;0.3604295647309135;0.0;0.0;0.2610185749042658;0.36002148665087563;0.0;0.0;0.2610185749042658;0.0;0.2946779048740996;0.0;0.2610185749042658;0.0;0.0;0.36310882374829595;0.2610185749042658;0.33119701569076904;0.0;0.31884372587817816;0.0;0.0;0.0;0.32833723484393346;0.2946779048740996;0.3733132580465157;0.36519124854562757;0.22823290433105947;0.0;0.35487756484436933;0.0;0.0;0.0;0.0;0.0;0.5389178751759096;0.0;0.0;0.0;0.0;0.5061141995472461;0.0;0.0;0.30186335225642963;0.0;0.0;0.0;0.0;0.2610185749042658;0.2586500821781295;0.3258166587781519;0.0;0.2610185749042658;0.3683083527994698;0.573467847991555;0.0;0.3661691018055663;0.33714860716322076;0.2946779048740996;0.2610185749042658;0.28769296280505896;0.0;0.48452019006335256;0.48452019006335256;0.0;0.4184969459460701;0.0;0.0;0.0;0.0;0.4120537232007121;0.0
GO:0006958;0.0;0.3842684492507788;0.3334480096655092;0.24007963235059676;0.4303008383528057;0.6617203780340066;0.0;0.43842656874951846;0.36113501923310715;1.0;0.0;0.25017334413755216;0.4281987696717968;0.47322289277488616;0.42777250213648893;0.3796913125485681;0.4010981142356957;0.3697615407902249;0.0;0.3810878400444147;0.4193560944130017;0.0;0.20727595672193327;0.3842684492507788;0.3334480096655092;0.20727595672193327;0.0;0.545014875971599;0.5366421233725949;0.4603984815097338;0.3138179532999968;0.6350459901332135;0.37764124357442513;0.3138179532999968;0.27611347131678793;0.5597566742127523;0.0;0.3202132490191114;0.33847378224369057;0.26675402025138994;0.48327136099738865;0.39321686864368727;0.0;0.410263834522846;0.407339950875228;0.6350459901332135;0.6518756551181304;0.23959436050011845;0.37004428060360883;0.6350459901332135;0.0;0.3341764126602712;0.0;0.0;0.3842684492507788;0.4718309892183743;0.0;0.7159521629350343;0.3525316527972966;0.6106836967800993;0.400826059071417;0.407339950875228;0.2590163480298829;0.6947263251764791;0.6295072830436976;0.3813682855138606;0.2969882883150799;0.0;0.5600735830959697;0.3674872693174387;0.0;0.5988774596618195;0.4624792846967138;0.0;0.39093167291827663;0.0;0.34376122428552547;0.34376122428552547;0.48635869809480897;0.0;0.45444689003728206;0.2796733514796847;0.38793757379476773;0.28732647518258375;0.3138179532999968;0.4570050511766333;0.5974149531567176;0.0;0.49656313239302874;0.0;0.46185809964163066;0.22276469551520156;0.4144837950346935;0.0;0.4201651120004354;0.2641846126864164;0.33606556027110057;0.43629760644595306;0.38793757379476773;0.4303008383528057;0.4293399065086368;0.33064761828491374;0.3876025975334294;0.36113501923310715;0.44117710521526193;0.2796733514796847;0.4784111837563828;0.2351289086247536;0.2796733514796847;0.3054415415541932;0.48178099436405386;0.0;0.4351979136780827;0.4056995204461336;0.28638407661690235;0.3842684492507788;0.5683604492445637;0.4971932865372917;0.36251410887585733;0.4894189761520793;0.0;0.0;0.37931772552493564;0.0;0.49568016639584844;0.33847378224369057;0.4630325427783602;0.3876025975334294;0.6907068604824789;0.37612018596004904;0.3899848859672906;0.5326406660656956;0.2969882883150799;0.4630325427783602;0.29878696067212984
GO:0001947;0.7249138767514692;0.0;0.0;0.0;0.0;0.0;0.44637497268261;0.0;0.0;0.0;1.0;0.0;0.0;0.0;0.0;0.0;0.0;0.0;0.48003430265244385;0.0;0.0;0.0;0.0;0.0;0.0;0.0;0.4730493605834032;0.0;0.0;0.0;0.0;0.0;0.0;0.0;0.0;0.0;0.5022819096235476;0.0;0.0;0.0;0.0;0.0;0.44637497268261;0.0;0.0;0.0;0.0;0.0;0.0;0.0;0.6207744862876478;0.0;0.5674139854373101;0.5289562975243407;0.0;0.0;0.5022819096235476;0.0;0.0;0.44637497268261;0.0;0.0;0.0;0.0;0.0;0.0;0.0;0.44637497268261;0.0;0.0;0.0;0.0;0.0;0.48003430265244385;0.0;0.44637497268261;0.0;0.0;0.0;0.44637497268261;0.0;0.0;0.0;0.0;0.0;0.0;0.5136936326222776;0.48003430265244385;0.0;0.5505476463239718;0.0;0.0;0.0;0.0;0.0;0.0;0.0;0.0;0.0;0.0;0.0;0.0;0.0;0.0;0.0;0.0;0.0;0.0;0.0;0.0;0.0;0.0;0.0;0.0;0.0;0.0;0.0;0.0;0.0;0.0;0.5225050049415649;0.48003430265244385;0.0;0.4730493605834032;0.0;0.0;0.0;0.0;0.0;0.0;0.0;0.0;0.0;0.0;0.0
GO:2000111;0.0;0.209731877021625;0.2965030164646016;0.18047340216027258;0.2199390760738622;0.27684773203834534;0.0;0.0;0.0;0.25017334413755216;0.0;1.0;0.0;0.34980490792787317;0.2532359299073351;0.2504175334712824;0.22656154200654188;0.34928373643787325;0.0;0.2697407283673061;0.0;0.0;0.19694059100882855;0.22374314557048924;0.2965030164646016;0.1851737485278404;0.0;0.22656154200654188;0.37921701507350336;0.3153619166227125;0.33338533752975075;0.25017334413755216;0.3704060732425184;0.33338533752975075;0.5164950185709383;0.2878196533873931;0.0;0.1851737485278404;0.0;0.2504175334712824;0.3227460573170991;0.28586190928058;0.0;0.31655567254483385;0.2373820581247557;0.25017334413755216;0.26700300912246905;0.2020034135127573;0.3269052392618406;0.25017334413755216;0.0;0.0;0.0;0.0;0.22374314557048924;0.16969110642992985;0.0;0.331079516939373;0.18553622466420133;0.0;0.21377025599374544;0.21472082113533925;0.6354472797630512;0.0;0.0;0.31492328497082045;0.31655567254483385;0.0;0.0;0.5524183927814237;0.0;0.0;0.34782850473307425;0.0;0.2914900696727153;0.0;0.23640626492241817;0.23640626492241817;0.31182212586565516;0.0;0.27991031780812825;0.25694944235450967;0.0;0.256978719853612;0.2810142776713333;0.29647974749634376;0.0;0.0;0.35152656750600747;0.0;0.0;0.209731877021625;0.0;0.0;0.32282926887219104;0.28375199691617037;0.33831800766545933;0.31032749565519835;0.0;0.20714779006106576;0.3965362308799733;0.3502150025146677;0.29924073570943865;0.0;0.31655567254483385;0.25017334413755216;0.0;0.15286144144501296;0.25017334413755216;0.2833393333601003;0.2714192320851104;0.0;0.0;0.0;0.2504175334712824;0.209731877021625;0.0;0.0;0.3265475657302374;0.3148824039229255;0.0;0.0;0.18831396444722587;0.0;0.0;0.0;0.0;0.2796733514796847;0.0;0.24108068546877803;0.7281847117768169;0.0;0.31655567254483385;0.0;0.2323419601290897
GO:0019886;0.0;0.0;0.0;0.0;0.0;0.4322119205831734;0.0;0.0;0.0;0.4281987696717968;0.0;0.0;1.0;0.0;0.0;0.0;0.0;0.0;0.0;0.0;0.0;0.0;0.0;0.0;0.0;0.0;0.0;0.0;0.0;0.0;0.0;0.40553753268238024;0.0;0.0;0.0;0.0;0.0;0.0;0.0;0.0;0.0;0.0;0.0;0.0;0.0;0.40553753268238024;0.42236719766729713;0.0;0.0;0.40553753268238024;0.0;0.0;0.0;0.0;0.0;0.40273714130178473;0.0;0.48644370548420107;0.0;0.40553753268238024;0.0;0.0;0.0;0.3952669273822658;0.5276097594984446;0.0;0.0;0.0;0.0;0.0;0.0;0.4281987696717968;0.0;0.0;0.0;0.0;0.0;0.0;0.0;0.0;0.0;0.0;0.0;0.0;0.0;0.0;0.4955174296114645;0.0;0.0;0.0;0.4022518694513065;0.0;0.0;0.0;0.0;0.0;0.0;0.0;0.0;0.0;0.0;0.0;0.0;0.0;0.0;0.0;0.0;0.0;0.0;0.0;0.0;0.0;0.0;0.0;0.0;0.0;0.0;0.0;0.0;0.0;0.0;0.0;0.0;0.0;0.0;0.0;0.0;0.0;0.4855606963847598;0.0;0.0;0.0;0.0;0.0;0.0
GO:0050729;0.0;0.3256999275920535;0.4417295418963825;0.3083849907566583;0.4293815195269822;0.5453534984958716;0.0;0.0;0.0;0.47322289277488616;0.0;0.34980490792787317;0.0;1.0;0.36920398047776365;0.3350593786574515;0.3425295925769704;0.43575177966616924;0.0;0.36529364672114145;0.0;0.0;0.2788849834145258;0.3453299839575659;0.4417295418963825;0.2788849834145258;0.0;0.41953679661110593;0.47807360171386964;0.4018299598510085;0.41906830490696595;0.45359283640937376;0.4787502776091502;0.41906830490696595;0.3462450277649764;0.3897764354089574;0.0;0.2788849834145258;0.0;0.3350593786574515;0.4247028393386634;0.49846722025065643;0.0;0.5554903599546268;0.6777809820393735;0.45359283640937376;0.47042250139429065;0.3097259169483069;0.4133732824901366;0.5186791105950783;0.0;0.0;0.0;0.0;0.3256999275920535;0.2907639246735995;0.0;0.6192153397624116;0.3097259169483069;0.0;0.41953679661110593;0.6777809820393735;0.3318453572585432;0.0;0.0;0.44735852438980495;0.40223863992204906;0.0;0.0;0.49005255775980305;0.0;0.0;0.44668509137344053;0.0;0.4074581202431438;0.0;0.44901157589249463;0.44901157589249463;0.4277901764360837;0.0;0.3958783683785568;0.3357936393790089;0.0;0.3556318335886453;0.41906830490696595;0.41806658588342044;0.0;0.0;0.43799461073430346;0.0;0.0;0.29289625196339003;0.0;0.0;0.40437091867716213;0.36529364672114145;0.44131591187806973;0.3934918705969634;0.0;0.44901157589249463;0.5345902581156059;0.4358979698918829;0.6873762358797115;0.0;0.40223863992204906;0.38260858355653665;0.0;0.2739342596886826;0.38260858355653665;0.3770505682467857;0.7236115966747269;0.0;0.0;0.0;0.3523743154928467;0.3256999275920535;0.0;0.0;0.4285043477518017;0.430850454493354;0.0;0.0;0.32074920386621036;0.0;0.0;0.0;0.0;0.6628679274952605;0.0;0.3347919203554634;0.49292011804414254;0.0;0.40223863992204906;0.0;0.3647771995480742
GO:0060998;0.0;0.6071750027321741;0.33651059543529216;0.2835836852363069;0.41431590881747987;0.47091407888583803;0.0;0.0;0.0;0.42777250213648893;0.0;0.2532359299073351;0.0;0.36920398047776365;1.0;0.43330486320675005;0.4610693559699618;0.5169420638055873;0.0;0.2672471984561994;0.0;0.0;0.2672471984561994;0.4442396909850449;0.3200434065867362;0.2672471984561994;0.0;0.4610693559699618;0.7307115671255819;0.5203697232439999;0.4234601402908738;0.4442396909850449;0.3807038293442081;0.4234601402908738;0.33608471305105403;0.5083161988019488;0.0;0.2672471984561994;0.0;0.326725261985656;0.5432426027316547;0.37618090634381784;0.0;0.38764152091668674;0.2507800096076434;0.4442396909850449;0.4610693559699618;0.35443172501248327;0.4300155223378749;0.4442396909850449;0.0;0.0;0.0;0.0;0.4442396909850449;0.3377539198503096;0.0;0.5251458637868657;0.2830984133858286;0.0;0.31688053906977975;0.2239774550459827;0.318987589764149;0.0;0.0;0.49620565002622535;0.3820052876339983;0.0;0.0;0.29956560223438455;0.0;0.0;0.34681244506637154;0.0;0.45090291465254273;0.0;0.326725261985656;0.326725261985656;0.5463299398290751;0.0;0.5144181317715482;0.28273593724946766;0.0;0.34729771691684985;0.3988349526189152;0.6799116046580287;0.0;0.0;0.5565343741272948;0.0;0.0;0.28273593724946766;0.0;0.0;0.41290407163331405;0.2672471984561994;0.44570774726197754;0.4899111571041351;0.0;0.3815913847637547;0.41593530342986373;0.4402898052757907;0.31968093045037527;0.0;0.6656965332981017;0.2662687484009117;0.0;0.27863296151046374;0.2662687484009117;0.3654127832884592;0.38136828551386065;0.0;0.0;0.0;0.4965631995354952;0.4442396909850449;0.0;0.0;0.4773514733882221;0.5493902178863453;0.0;0.0;0.4228217784106458;0.0;0.0;0.0;0.0;0.374547053228474;0.0;0.32315413539713694;0.39304747173707355;0.0;0.30005087408486286;0.0;0.4136243251844946
GO:0045652;0.0;0.3848056790145938;0.30005087408486286;0.24943908341599474;0.44865699380429025;0.40636570044936127;0.0;0.0;0.0;0.3796913125485681;0.0;0.2504175334712824;0.0;0.3350593786574515;0.43330486320675005;1.0;0.30005087408486286;0.43556435452899067;0.0;0.3623763757131729;0.0;0.0;0.2659062722645507;0.3028512654654583;0.2835836852363069;0.2504175334712824;0.0;0.39652097753348503;0.5048958848438854;0.4016425347138299;0.4757243232225465;0.3796913125485681;0.36387416435929115;0.4757243232225465;0.3365699849015323;0.36692777328236226;0.0;0.3623763757131729;0.0;0.3295256533662515;0.4018541772120682;0.3593512413589009;0.0;0.3708118559317698;0.3623763757131729;0.3796913125485681;0.39652097753348503;0.3376020600275664;0.413185857352958;0.3796913125485681;0.0;0.0;0.0;0.0;0.3028512654654583;0.231818017332936;0.0;0.4605974853503889;0.39652097753348503;0.0;0.41615103389899744;0.33287636837104034;0.3161691933280963;0.0;0.0;0.47937598504130846;0.3848056790145938;0.0;0.0;0.30005087408486286;0.0;0.0;0.443767820365472;0.0;0.3649794017510362;0.0;0.3098955970007391;0.3098955970007391;0.38531145794397603;0.0;0.35339964988644923;0.23640626492241817;0.0;0.3304680519319329;0.40163534399951073;0.4802035179298649;0.0;0.0;0.43780718559712484;0.0;0.0;0.2832212090999459;0.0;0.0;0.5311586064065045;0.2659062722645507;0.47116937563198963;0.6153381900734738;0.0;0.42599575681487367;0.3817907016095516;0.4925539882074634;0.2832212090999459;0.0;0.4094308666865524;0.23395034462272646;0.0;0.21498835234801905;0.23395034462272646;0.34858311830354227;0.5001371498155385;0.0;0.0;0.0;0.4855690461384227;0.2832212090999459;0.0;0.0;0.4605218084033052;0.3883717360012464;0.0;0.0;0.2618032965255468;0.0;0.0;0.0;0.0;0.33808733187804463;0.0;0.41828331265411045;0.3935327435875518;0.0;0.3028512654654583;0.0;0.3967946601995777
GO:0007266;0.0;0.5353666635249013;0.309836207534499;0.25690929733551365;0.3032137416018193;0.5620410514256944;0.0;0.3778010263950106;0.27784823988918267;0.4010981142356957;0.0;0.22656154200654188;0.0;0.3425295925769704;0.4610693559699618;0.30005087408486286;1.0;0.4030583946236978;0.4360663303936862;0.24057281055540614;0.35873055205849386;0.45575577622543867;0.24057281055540614;0.41756530308425166;0.293369018685943;0.24057281055540614;0.42908138832464554;0.5521963285098181;0.5130303212415848;0.6114966957838561;0.29020615116898657;0.5353666635249013;0.35402944144341486;0.29020615116898657;0.3094103251502608;0.6764100437281706;0.4583139373647899;0.24057281055540614;0.27784823988918267;0.30005087408486286;0.634369575271511;0.3495065184430246;0.4024070004238523;0.293006542549582;0.22410562170685017;0.5353666635249013;0.5521963285098181;0.27289121433359137;0.40334113443708175;0.5353666635249013;0.0;0.24090324668827506;0.4496538432558393;0.4849883252655831;0.6123335359112667;0.31107953194951643;0.0;0.616272836326722;0.2564240254850354;0.0;0.29020615116898657;0.19730306714518947;0.29231320186335574;0.0;0.5018179902505;0.39819795049877754;0.2733764861840696;0.4024070004238523;0.5014099121704623;0.27289121433359137;0.0;0.4024070004238523;0.32013805716557836;0.4360663303936862;0.4242285267517495;0.4024070004238523;0.30005087408486286;0.30005087408486286;0.6374569123689313;0.4024070004238523;0.6825119766977701;0.2560615493486744;0.0;0.3206233290160566;0.2737389623204306;0.4903019050101062;0.46972566036352;0.4360663303936862;0.6476613466671512;0.5065796740652142;0.31150756985901656;0.2560615493486744;0.0;0.0;0.27965008251142687;0.24057281055540614;0.31245375814009035;0.35665716798224784;0.30050947687859925;0.2835836852363069;0.38926091552907055;0.3070358161539035;0.293006542549582;0.30050947687859925;0.41756530308425166;0.23959436050011845;0.38513801778438667;0.2519585736096705;0.23959436050011845;0.33873839538766604;0.3546938976130674;0.4024070004238523;0.3419247477060866;0.41774129274666133;0.31968093045037527;0.5353666635249013;0.5096967783190562;0.4365677441827838;0.39581096270933025;0.6405171904262017;0.4785370326828073;0.4360663303936862;0.4024070004238523;0.42908138832464554;0.0;0.27784823988918267;0.4024070004238523;0.27653935370102606;0.0;0.29647974749634376;0.3663730838362803;0.0;0.2733764861840696;0.4024070004238523;0.3156166256570468
GO:0032956;0.0;0.38622872963878085;0.4030583946236978;0.3501314844247125;0.3964359286910181;0.4129031175395741;0.0;0.0;0.0;0.3697615407902249;0.0;0.34928373643787325;0.0;0.43575177966616924;0.5169420638055873;0.43556435452899067;0.4030583946236978;1.0;0.0;0.34928373643787325;0.0;0.0;0.36659867327326845;0.40888996662819743;0.38659120577514183;0.34928373643787325;0.0;0.4030583946236978;0.4816937477961139;0.511822553448813;0.4257196316131144;0.38622872963878085;0.462740367325882;0.4257196316131144;0.4395775054403672;0.47296647444510137;0.0;0.34928373643787325;0.0;0.43556435452899067;0.5078928783748073;0.46235876189773584;0.0;0.40888996662819743;0.317327808796049;0.38622872963878085;0.4030583946236978;0.3661134014227902;0.5233658760879412;0.38622872963878085;0.0;0.0;0.0;0.0;0.40888996662819743;0.3292067500551228;0.0;0.46713490244060174;0.3496462125742342;0.0;0.3834283382581854;0.2905252542343883;0.4150353962946871;0.0;0.0;0.49142013758797637;0.40888996662819743;0.0;0.0;0.4030583946236978;0.0;0.0;0.4306751810901724;0.0;0.46798692228987115;0.0;0.4129031175395741;0.4129031175395741;0.48831897848281103;0.0;0.45640717042528417;0.33379499764460496;0.0;0.43347557247076784;0.36696114940962943;0.5688358498351482;0.0;0.0;0.547987204332108;0.0;0.0;0.38622872963878085;0.0;0.0;0.4056759452292892;0.36659867327326845;0.4253060015948016;0.48682434827235427;0.0;0.3768058723255057;0.4824831026182694;0.4425492965980313;0.38622872963878085;0.0;0.4960992479092938;0.3328165475893173;0.0;0.31237708507020584;0.3328165475893173;0.44744932127013315;0.44791608470226624;0.0;0.0;0.0;0.7551187820911003;0.38622872963878085;0.0;0.0;0.5116943867879457;0.4913792565400814;0.0;0.0;0.36481081706438173;0.0;0.0;0.0;0.0;0.3697615407902249;0.0;0.4051906733788109;0.49654026412638674;0.0;0.40888996662819743;0.0;0.4088388127462456
GO:0014902;0.5502127434389472;0.41923666540876925;0.0;0.0;0.0;0.44591105330956243;0.48003430265244385;0.3678281368182669;0.2946779048740996;0.0;0.48003430265244385;0.0;0.0;0.0;0.0;0.0;0.4360663303936862;0.0;1.0;0.0;0.35289898005399417;0.4725854412103556;0.0;0.0;0.0;0.0;0.5955180925115984;0.4360663303936862;0.0;0.49536669766772423;0.0;0.41923666540876925;0.0;0.0;0.0;0.4833131732256732;0.7717534253511115;0.0;0.2750478485085872;0.0;0.5182395771553792;0.0;0.5688437046108052;0.0;0.0;0.41923666540876925;0.4360663303936862;0.0;0.0;0.41923666540876925;0.5191115746084645;0.24224417287992372;0.5810397140000174;0.6163741960097612;0.41923666540876925;0.0;0.5359412395933814;0.5001428382105901;0.0;0.48003430265244385;0.0;0.0;0.0;0.0;0.5186476552354169;0.0;0.0;0.7440025606004488;0.5182395771553792;0.0;0.0;0.41923666540876925;0.0;0.602503034580639;0.0;0.5688437046108052;0.0;0.0;0.5213269142527994;0.5688437046108052;0.48941510619527256;0.0;0.0;0.0;0.0;0.0;0.6361623645504728;0.602503034580639;0.5315313485510191;0.673016378252167;0.32833723484393346;0.0;0.0;0.0;0.0;0.0;0.0;0.0;0.3173391418635162;0.0;0.0;0.0;0.0;0.2946779048740996;0.0;0.0;0.38233762640379115;0.0;0.0;0.0;0.0;0.41923666540876925;0.33912435632549115;0.41190972074216164;0.0;0.41923666540876925;0.5265264433039731;0.42659485460604013;0.0;0.5243871923100698;0.6099229034269853;0.602503034580639;0.41923666540876925;0.5955180925115984;0.0;0.2750478485085872;0.41923666540876925;0.0;0.0;0.0;0.0;0.0;0.0;0.41923666540876925;0.0
GO:0030890;0.0;0.22374314557048924;0.3138179532999968;0.19326468817306902;0.3468876369199046;0.3922734891519396;0.0;0.0;0.0;0.3810878400444147;0.0;0.2697407283673061;0.0;0.36529364672114145;0.2672471984561994;0.3623763757131729;0.24057281055540614;0.34928373643787325;0.0;1.0;0.0;0.0;0.3868479518995644;0.23923188436375753;0.3138179532999968;0.1851737485278404;0.0;0.3370429140040283;0.37921701507350336;0.3153619166227125;0.33338533752975075;0.3655991012511464;0.38319735925531484;0.33338533752975075;0.26308065282321136;0.2878196533873931;0.0;0.7851474704628364;0.0;0.44632601542902106;0.3227460573170991;0.28586190928058;0.0;0.31655567254483385;0.3810878400444147;0.3655991012511464;0.3824287662360633;0.21377025599374544;0.3269052392618406;0.3655991012511464;0.0;0.0;0.0;0.0;0.22374314557048924;0.18058550093835818;0.0;0.44650527405296725;0.3370429140040283;0.0;0.3525316527972966;0.35158783270228217;0.25092540838465427;0.0;0.0;0.3289345535196847;0.5159756537439579;0.0;0.0;0.31607040069435555;0.0;0.0;0.8340259686378431;0.0;0.30550133822157954;0.0;0.23640626492241817;0.23640626492241817;0.3258333944145194;0.0;0.2939215863569925;0.25694944235450967;0.0;0.256978719853612;0.2965030164646016;0.31196848628961205;0.0;0.0;0.35152656750600747;0.0;0.0;0.4023366906928327;0.0;0.0;0.7494205025866356;0.28375199691617037;0.33831800766545933;0.5784718837949815;0.0;0.3623763757131729;0.4120249696732416;0.3502150025146677;0.31655567254483385;0.0;0.31655567254483385;0.2641846126864164;0.0;0.1637558359534413;0.2641846126864164;0.2833393333601003;0.43117146855981625;0.0;0.0;0.0;0.2504175334712824;0.22374314557048924;0.0;0.0;0.3265475657302374;0.32889367247178974;0.0;0.0;0.20232523299609012;0.0;0.0;0.0;0.0;0.2969882883150799;0.0;0.6378064227863737;0.40955227019704454;0.0;0.5159756537439579;0.0;0.24635322867795395
GO:0034614;0.0;0.3419008870735769;0.0;0.0;0.0;0.3685752749743701;0.0;0.626818446401761;0.495630655867265;0.4193560944130017;0.0;0.0;0.0;0.0;0.0;0.0;0.35873055205849386;0.0;0.35289898005399417;0.0;1.0;0.3952496628751633;0.0;0.0;0.0;0.0;0.3459140379849535;0.35873055205849386;0.0;0.4180309193325319;0.0;0.3419008870735769;0.0;0.0;0.0;0.40597739489048085;0.3751465870250979;0.0;0.495630655867265;0.0;0.44090379882018677;0.0;0.31923965008416033;0.0;0.0;0.3419008870735769;0.35873055205849386;0.0;0.0;0.3419008870735769;0.0;0.24000336352832374;0.3891477299055639;0.4244822119153077;0.3419008870735769;0.0;0.0;0.42280705987539774;0.0;0.3966948574235851;0.0;0.0;0.0;0.4764589822483873;0.41865063991080803;0.0;0.0;0.31923965008416033;0.4182425618307702;0.0;0.0;0.31923965008416033;0.0;0.35289898005399417;0.0;0.3419008870735769;0.0;0.0;0.443991135917607;0.31923965008416033;0.4120793278600802;0.0;0.4920758877025231;0.0;0.0;0.0;0.38655831002382796;0.35289898005399417;0.45419557021582685;0.4460735607149387;0.3004652480598183;0.0;0.5227634265146929;0.0;0.0;0.0;0.0;0.0;0.495630655867265;0.0;0.0;0.0;0.0;0.6307794385067855;0.0;0.0;0.3740956959851884;0.0;0.0;0.0;0.0;0.3419008870735769;0.3308824259068884;0.39952647275131475;0.0;0.3419008870735769;0.4265294279793643;0.664492598800113;0.0;0.4470514139748774;0.4180309193325319;0.35289898005399417;0.3419008870735769;0.3459140379849535;0.0;0.495630655867265;0.6307794385067855;0.0;0.5720990514049027;0.0;0.0;0.0;0.0;0.46749917732067975;0.0
GO:0051017;0.0;0.4389261112405218;0.0;0.0;0.0;0.46560049914131496;0.0;0.41432013721168004;0.31436735070585214;0.0;0.0;0.0;0.0;0.0;0.0;0.0;0.45575577622543867;0.0;0.4725854412103556;0.0;0.3952496628751633;1.0;0.0;0.0;0.0;0.0;0.46560049914131496;0.45575577622543867;0.0;0.5150561434994767;0.0;0.4389261112405218;0.0;0.0;0.0;0.5030026190574257;0.4948330481814594;0.0;0.31436735070585214;0.0;0.5379290229871316;0.0;0.4389261112405218;0.0;0.0;0.4389261112405218;0.45575577622543867;0.0;0.0;0.4389261112405218;0.0;0.27742235750494454;0.5777972377654381;0.5215074360822525;0.4389261112405218;0.0;0.0;0.5198322840423426;0.0;0.0;0.0;0.0;0.0;0.0;0.5383371010671695;0.0;0.0;0.4389261112405218;0.5379290229871316;0.0;0.0;0.4389261112405218;0.0;0.4725854412103556;0.0;0.4389261112405218;0.0;0.0;0.5410163600845519;0.4389261112405218;0.509104552027025;0.0;0.0;0.0;0.0;0.0;0.5062447711801894;0.4725854412103556;0.5512207943827717;0.5430987848818836;0.348026680675686;0.0;0.0;0.0;0.0;0.0;0.0;0.0;0.3370285876952687;0.0;0.0;0.0;0.0;0.3370285876952687;0.0;0.0;0.42165712860105614;0.0;0.0;0.0;0.0;0.4389261112405218;0.378443858522756;0.45426040356333075;0.0;0.4389261112405218;0.5462158891357258;0.4730868549994533;0.0;0.5440766381418223;0.5150561434994767;0.4725854412103556;0.4389261112405218;0.46560049914131496;0.0;0.31436735070585214;0.4389261112405218;0.0;0.0;0.0;0.0;0.0;0.0;0.4389261112405218;0.0
GO:1905563;0.0;0.22374314557048924;0.24057281055540614;0.28093901339472765;0.23395034462272646;0.2504175334712824;0.0;0.0;0.0;0.20727595672193327;0.0;0.19694059100882855;0.0;0.2788849834145258;0.2672471984561994;0.2659062722645507;0.24057281055540614;0.36659867327326845;0.0;0.3868479518995644;0.0;0.0;1.0;0.23923188436375753;0.22410562170685017;0.2834078126429887;0.0;0.24057281055540614;0.31920816372782224;0.3326768534581077;0.2560615493486744;0.22374314557048924;0.31039722189683727;0.2560615493486744;0.36956026407323855;0.3033083921806614;0.0;0.47525942219387685;0.0;0.5710276580112597;0.3382347961103674;0.2998731778294442;0.0;0.23923188436375753;0.16870655967928444;0.22374314557048924;0.24057281055540614;0.3002374776279056;0.3442201760972358;0.22374314557048924;0.0;0.0;0.0;0.0;0.23923188436375753;0.18058550093835818;0.0;0.3046493183723101;0.28227993958637626;0.0;0.3157262164211739;0.1476697265316091;0.2626922508656424;0.0;0.0;0.4199125470278743;0.4392816838937403;0.0;0.0;0.24057281055540614;0.0;0.0;0.2738083848385289;0.0;0.30550133822157954;0.0;0.2504175334712824;0.2504175334712824;0.3258333944145194;0.0;0.2939215863569925;0.1851737485278404;0.0;0.27098998840247623;0.2100943531579859;0.31196848628961205;0.0;0.0;0.36884150434140267;0.0;0.0;0.5175507155488058;0.0;0.0;0.24880914897764567;0.209731877021625;0.2628204175265099;0.3243387642040626;0.0;0.2199390760738622;0.3256163063666259;0.27289121433359137;0.22374314557048924;0.0;0.23923188436375753;0.18047340216027258;0.0;0.1637558359534413;0.18047340216027258;0.3815733974752486;0.2854305006339746;0.0;0.0;0.0;0.2659062722645507;0.22374314557048924;0.0;0.0;0.3420363045235057;0.32889367247178974;0.0;0.0;0.20232523299609012;0.0;0.0;0.0;0.0;0.20727595672193327;0.0;0.5311663591348145;0.33405468005809513;0.0;0.4392816838937403;0.0;0.33733122218614353
