;GO:0002086;GO:0046697;GO:0008625;GO:0045766;GO:0006687;GO:0051005;GO:0031638;GO:0010813;GO:0010815;GO:0015707;GO:0032729;GO:0019886;GO:0019747;GO:0070839;GO:0048011;GO:0002764;GO:0002369;GO:0048255;GO:0014902;GO:0016485;GO:0007193;GO:0008284;GO:0008203;GO:0045944;GO:0043129;GO:0042832;GO:0002576;GO:0097067;GO:0071310;GO:0032147;GO:0010634;GO:1905572;GO:0022617;GO:0008333;GO:0005980;GO:0043410;GO:0005985;GO:0002224;GO:0070574;GO:0071421;GO:0033344;GO:0032496;GO:0019730;GO:0001818;GO:2001235;GO:1903206;GO:0006006;GO:0006886;GO:0006879;GO:0000023;GO:0032526;GO:0006914;GO:0033619;GO:0032367;GO:0006919;GO:0051603;GO:0043312;GO:0045454;GO:0006897;GO:0006895;GO:0038180;GO:0030855;GO:0007218;GO:0045342;GO:0010628;GO:0010506;GO:0002606;GO:0001913;GO:0015914;GO:2001259;GO:0050766;GO:0046718;GO:0046716;GO:0060586;GO:1904037;GO:0007035;GO:0009615;GO:0046836;GO:0060742;GO:0032868;GO:0032509;GO:0034769;GO:0050829;GO:0030163;GO:1902023;GO:0045599;GO:0046323;GO:0060736;GO:0006876;GO:0002026;GO:0043181;GO:0070371;GO:0043066;GO:0006508;GO:0002309;GO:0006909;GO:0002827
GO:0002086;1.0;0.0;0.0;0.0;0.0;0.0;0.0;0.0;0.0;0.0;0.0;0.0;0.0;0.0;0.0;0.0;0.211001209933457;0.0;0.0;0.0;0.0;0.0;0.0;0.0;0.0;0.0;0.0;0.0;0.0;0.0;0.0;0.0;0.0;0.0;0.0;0.0;0.0;0.0;0.0;0.0;0.0;0.0;0.0;0.0;0.0;0.0;0.0;0.0;0.0;0.0;0.0;0.0;0.0;0.0;0.0;0.0;0.0;0.0;0.0;0.0;0.0;0.0;0.0;0.0;0.0;0.0;0.0;0.0;0.0;0.0;0.0;0.0;0.0;0.21307770470021928;0.0;0.0;0.0;0.0;0.0;0.0;0.0;0.0;0.0;0.0;0.0;0.0;0.0;0.26870213604349286;0.0;0.0;0.0;0.0;0.0;0.0;0.0;0.0;0.0
GO:0046697;0.0;1.0;0.0;0.0;0.0;0.0;0.0;0.0;0.0;0.0;0.0;0.0;0.0;0.0;0.0;0.0;0.0;0.0;0.3319138702773774;0.0;0.0;0.0;0.0;0.0;0.0;0.0;0.0;0.0;0.0;0.0;0.0;0.0;0.0;0.0;0.0;0.0;0.0;0.0;0.0;0.0;0.0;0.0;0.0;0.0;0.0;0.0;0.0;0.0;0.0;0.0;0.0;0.0;0.0;0.0;0.0;0.0;0.0;0.0;0.0;0.0;0.0;0.3706116122742339;0.0;0.0;0.0;0.0;0.0;0.0;0.0;0.0;0.0;0.0;0.0;0.0;0.0;0.0;0.0;0.0;0.5288032219875295;0.0;0.0;0.0;0.0;0.0;0.0;0.0;0.0;0.5539991806900342;0.0;0.0;0.0;0.0;0.0;0.0;0.0;0.0;0.0
GO:0008625;0.0;0.0;1.0;0.3335166467412626;0.2102208449415086;0.25218896494326865;0.0;0.21054546530890375;0.19873778452663235;0.0;0.3879734566058979;0.0;0.5092744870894597;0.0;0.7583215185734855;0.698978860676194;0.0;0.22623168169189983;0.30136691664749005;0.0;0.7066313483558999;0.5344382984504178;0.0;0.23193948510841397;0.28411986621583235;0.0;0.2627289484612058;0.23711019842204067;0.29644925298445163;0.2210698000868755;0.36754435043284756;0.0;0.29972194644749023;0.0;0.15241286491850237;0.2155037327026657;0.2538520689835405;0.4373626790972724;0.0;0.0;0.0;0.0;0.0;0.42019255313913745;0.33316822011102765;0.31252593760727837;0.0;0.0;0.29623447911868;0.2538520689835405;0.0;0.29166838035541753;0.0;0.0;0.21562289158687978;0.0;0.18027181913739457;0.6407068722843464;0.0;0.0;0.8169416916636438;0.3275717283451208;0.761472143168578;0.0;0.37343079684442665;0.5125137810031023;0.39176974214971133;0.0;0.0;0.2520790681031741;0.4023871311080063;0.0;0.43313574044737807;0.23361846769540498;0.4296379219530053;0.28171073693400783;0.0;0.0;0.28744359622636856;0.0;0.0;0.28846285727845705;0.0;0.0;0.0;0.46040618995841576;0.0;0.0;0.2807119441279837;0.40642119321979553;0.4320606413781692;0.3982931060941941;0.45806807118509346;0.0;0.2135098569643038;0.0;0.31450212167705566
GO:0045766;0.0;0.0;0.3335166467412626;1.0;0.0;0.2267636167233774;0.0;0.0;0.0;0.0;0.5829962471217757;0.0;0.3472991361574734;0.0;0.3227082096747955;0.33055711989414077;0.0;0.20439061678604414;0.0;0.0;0.3338115427256989;0.45237545153236847;0.0;0.20928634060833315;0.2522552123206496;0.0;0.0;0.0;0.0;0.1999526155608847;0.4333746229095969;0.0;0.0;0.0;0.0;0.1951558651761418;0.0;0.2680660535955604;0.0;0.0;0.0;0.0;0.0;0.45526948242921866;0.29413014966873996;0.2221200046241323;0.0;0.0;0.1799555407584894;0.0;0.0;0.0;0.0;0.0;0.19525867695958019;0.0;0.0;0.3453531663848902;0.0;0.0;0.345056827202866;0.0;0.35692788198935216;0.0;0.41872553982265487;0.34927533899293856;0.4371148535096183;0.0;0.0;0.2922736471475612;0.3500645467536266;0.0;0.25373798295790495;0.21163656273588155;0.3716409098150451;0.17180663710035138;0.0;0.0;0.0;0.0;0.0;0.0;0.0;0.0;0.0;0.38619998215247886;0.0;0.0;0.1712438804851621;0.4419785603944112;0.25317906568446474;0.1968034585004659;0.3157057855698553;0.0;0.0;0.0;0.358376648779404
GO:0006687;0.0;0.0;0.2102208449415086;0.0;1.0;0.0;0.4990471550255285;0.5299423148314607;0.5047204387279355;0.0;0.0;0.0;0.0;0.0;0.20405516596528808;0.20853647213647833;0.0;0.0;0.23721595472753246;0.5129410580762339;0.21038852058408403;0.0;0.4080588429462668;0.0;0.0;0.0;0.2126050159394754;0.19551098647259452;0.23415845361135101;0.0;0.0;0.0;0.2361955802714843;0.0;0.35584851266798134;0.0;0.5487446181524721;0.14031220326883118;0.0;0.0;0.0;0.0;0.0;0.0;0.0;0.0;0.39610380521040306;0.0;0.1705390635196644;0.5487446181524721;0.0;0.4236270295624327;0.5284157760864263;0.0;0.0;0.5275348763179115;0.155170293139835;0.21692829128165708;0.0;0.0;0.21676093023571613;0.25315684712114456;0.22344263733076677;0.3101506599413486;0.0;0.0;0.0;0.0;0.0;0.0;0.0;0.0;0.23288163468436252;0.0;0.0;0.1634039053660026;0.0;0.0;0.2285036773371932;0.0;0.0;0.22914732898224868;0.0;0.4820958391997003;0.0;0.0;0.0;0.0;0.16290925642993048;0.0;0.23242415266668676;0.4393550448887774;0.0;0.5440083552033108;0.17918005503088114;0.0;0.0
GO:0051005;0.0;0.0;0.25218896494326865;0.2267636167233774;0.0;1.0;0.0;0.0;0.0;0.0;0.26386466414490295;0.0;0.26385425450516603;0.0;0.24311751738825377;0.24969839367168561;0.0;0.11707855929432534;0.0;0.0;0.2524374090392533;0.2769192756019491;0.0;0.12003515973857666;0.2847404145531024;0.0;0.0;0.0;0.0;0.1887658498883537;0.1903169137462158;0.0;0.0;0.0;0.0;0.11152192268557923;0.0;0.15612850690765995;0.0;0.0;0.0;0.0;0.0;0.2858252385908121;0.17249317274876524;0.1617926572789725;0.0;0.0;0.19589944756534886;0.0;0.0;0.0;0.0;0.0;0.21822844029668081;0.0;0.0;0.26220052113260983;0.0;0.0;0.26194887862795624;0.0;0.2720696531744596;0.0;0.25395478787514;0.2655359455337452;0.26645183319849897;0.0;0.0;0.22794360574639133;0.20838757654977033;0.0;0.2866311065179685;0.23403785780767805;0.22252425914126864;0.18628119346728136;0.0;0.0;0.0;0.0;0.0;0.0;0.0;0.0;0.0;0.23848935578169006;0.0;0.0;0.18561980148387472;0.2764377598876677;0.28591809062399254;0.14216635091559096;0.23727601128010922;0.0;0.0;0.0;0.21381411583381948
GO:0031638;0.0;0.0;0.0;0.0;0.4990471550255285;0.0;1.0;0.41811822547152605;0.395723678556551;0.0;0.0;0.0;0.0;0.0;0.0;0.0;0.0;0.0;0.0;0.9677786376427899;0.0;0.0;0.4018575652486473;0.0;0.0;0.0;0.0;0.0;0.0;0.0;0.0;0.0;0.0;0.0;0.313417367568996;0.0;0.4181979720201848;0.0;0.0;0.0;0.0;0.0;0.0;0.0;0.0;0.0;0.4658986365260212;0.0;0.0;0.4181979720201848;0.0;0.2523430426674866;0.8649056492565187;0.0;0.0;0.863229436371869;0.0;0.0;0.0;0.0;0.0;0.0;0.0;0.47118846558207855;0.0;0.0;0.0;0.0;0.0;0.0;0.0;0.0;0.0;0.0;0.0;0.0;0.0;0.0;0.0;0.0;0.0;0.0;0.0;0.711965995643323;0.0;0.0;0.0;0.0;0.0;0.0;0.0;0.4535660937854526;0.0;0.8947272296614248;0.0;0.0;0.0
GO:0010813;0.0;0.0;0.21054546530890375;0.0;0.5299423148314607;0.0;0.41811822547152605;1.0;0.9077879758084781;0.0;0.0;0.0;0.0;0.0;0.20436100979948993;0.20885590741743298;0.0;0.0;0.23762938105342463;0.42977659649308;0.21071365940367273;0.0;0.26789650543524673;0.0;0.0;0.0;0.21293704708917888;0.19579173637920322;0.23456128218057662;0.0;0.0;0.0;0.2366054545021927;0.0;0.42371572316902684;0.0;0.46525869774187895;0.14045674462936086;0.0;0.0;0.0;0.0;0.0;0.0;0.0;0.0;0.30425401147682785;0.0;0.17075263604667207;0.46525869774187895;0.0;0.5651593679649197;0.442762553043161;0.0;0.0;0.44202329445471555;0.15534708643418205;0.2172739742632642;0.0;0.0;0.21710607960713596;0.253627759991143;0.2238094112864066;0.31067834653524484;0.0;0.0;0.0;0.0;0.0;0.0;0.0;0.0;0.23328007840701015;0.0;0.0;0.16359997021886338;0.0;0.0;0.22888726879391597;0.0;0.0;0.2295330863158238;0.0;0.5778581020581481;0.0;0.0;0.0;0.0;0.16310413533425355;0.0;0.2328210311553849;0.3870981663602768;0.0;0.45584861365323637;0.17941583370908618;0.0;0.0
GO:0010815;0.0;0.0;0.19873778452663235;0.0;0.5047204387279355;0.0;0.395723678556551;0.9077879758084781;1.0;0.0;0.0;0.0;0.0;0.0;0.1932184517537176;0.19723174048332426;0.0;0.0;0.22269623608954645;0.406151069349318;0.19888763578409768;0.0;0.2535824473419471;0.0;0.0;0.0;0.20086728514664604;0.1855406096032692;0.21999944472486618;0.0;0.0;0.0;0.2217967138610298;0.0;0.4082544192194448;0.0;0.43957345983380863;0.13510195398186056;0.0;0.0;0.0;0.0;0.0;0.0;0.0;0.0;0.28592397124577346;0.0;0.1629032544117437;0.43957345983380863;0.0;0.5304952826892649;0.41772931761693;0.0;0.0;0.41707122726298723;0.14882311903733095;0.2047220421752429;0.0;0.0;0.20457297910756542;0.23668785292210123;0.21051412038949047;0.29159033668303774;0.0;0.0;0.0;0.0;0.0;0.0;0.0;0.0;0.2188719980327078;0.0;0.0;0.1563805197699711;0.0;0.0;0.21500055498299522;0.0;0.0;0.2155702879805723;0.0;0.5479060592287274;0.0;0.0;0.0;0.0;0.15592741980285274;0.0;0.21846785483130746;0.37346584238489544;0.0;0.4293580388953632;0.1707699292252675;0.0;0.0
GO:0015707;0.0;0.0;0.0;0.0;0.0;0.0;0.0;0.0;0.0;1.0;0.0;0.0;0.0;0.5882744495777784;0.0;0.0;0.0;0.0;0.0;0.0;0.0;0.0;0.0;0.0;0.0;0.0;0.4516987277636511;0.0;0.0;0.0;0.0;0.5896048251342406;0.0;0.4660495362941994;0.0;0.0;0.0;0.0;0.4443686892328103;0.4771219352516536;0.4934630251167111;0.0;0.0;0.0;0.0;0.0;0.0;0.4498215991056911;0.0;0.0;0.0;0.0;0.0;0.399284010876592;0.0;0.0;0.29707643034185605;0.0;0.5678312562548803;0.4468666029784988;0.0;0.0;0.0;0.0;0.0;0.0;0.0;0.0;0.6494838143296356;0.0;0.0;0.0;0.0;0.0;0.0;0.0;0.0;0.5421592938594926;0.0;0.0;0.46636079855162504;0.0;0.0;0.0;0.5709442703505825;0.0;0.452782167629012;0.0;0.0;0.0;0.2859698795622033;0.0;0.0;0.0;0.0;0.5401888758480767;0.0
GO:0032729;0.0;0.0;0.3879734566058979;0.5829962471217757;0.0;0.26386466414490295;0.0;0.0;0.0;0.0;1.0;0.0;0.40675092376074035;0.0;0.3734242310080289;0.3839743545655798;0.0;0.21952575056039356;0.0;0.0;0.38837257391308894;0.5338358664105133;0.0;0.22518341176666903;0.29902676301561243;0.0;0.0;0.0;0.0;0.21441436406650644;0.48620296714322897;0.0;0.0;0.0;0.0;0.2089082168356194;0.0;0.29471526019657657;0.0;0.0;0.0;0.0;0.0;0.62878445484915;0.3265266432123879;0.24502503082532626;0.0;0.0;0.2025574428513019;0.0;0.0;0.0;0.0;0.0;0.20902603353288293;0.0;0.0;0.40408425287782357;0.0;0.0;0.4036786111011591;0.0;0.42002136851840016;0.0;0.4875953425090521;0.4094642651903186;0.5127127110943219;0.0;0.0;0.3242402449418612;0.39693600466760426;0.0;0.30111263370941405;0.24360390287630398;0.42490790018304897;0.1922914220456622;0.0;0.0;0.0;0.0;0.0;0.0;0.0;0.0;0.0;0.3660191356593934;0.0;0.0;0.19158674361573785;0.5214216586383879;0.300325848935768;0.2145758661861773;0.3640797565106294;0.0;0.0;0.0;0.407657084253079
GO:0019886;0.0;0.0;0.0;0.0;0.0;0.0;0.0;0.0;0.0;0.0;0.0;1.0;0.0;0.0;0.0;0.0;0.22307980386614515;0.0;0.0;0.0;0.0;0.0;0.0;0.0;0.0;0.0;0.0;0.0;0.0;0.0;0.0;0.0;0.0;0.0;0.0;0.0;0.0;0.14306115374288783;0.0;0.0;0.0;0.0;0.2606770958714509;0.0;0.0;0.0;0.0;0.0;0.0;0.0;0.0;0.0;0.0;0.0;0.0;0.0;0.1626429271302895;0.0;0.0;0.0;0.0;0.0;0.0;0.0;0.0;0.0;0.0;0.2431557972988284;0.0;0.0;0.0;0.0;0.0;0.0;0.0;0.0;0.0;0.0;0.0;0.0;0.0;0.0;0.0;0.0;0.0;0.0;0.0;0.0;0.0;0.0;0.0;0.0;0.0;0.0;0.1967149875956205;0.0;0.0
GO:0019747;0.0;0.0;0.5092744870894597;0.3472991361574734;0.0;0.26385425450516603;0.0;0.0;0.0;0.0;0.40675092376074035;0.0;1.0;0.0;0.49017712747446174;0.5040252587011718;0.0;0.365481263528924;0.0;0.0;0.5097983689366757;0.5616465156356664;0.0;0.3749003466572565;0.29901339425749107;0.0;0.0;0.0;0.0;0.356971631243991;0.38021136560242813;0.0;0.0;0.0;0.0;0.3478047782263163;0.0;0.31007474165669646;0.0;0.0;0.0;0.0;0.0;0.4423071357100367;0.3435431287090454;0.3216374856467203;0.0;0.0;0.20255130842968075;0.0;0.0;0.0;0.0;0.0;0.3480009242381999;0.0;0.0;0.5304215035230754;0.0;0.0;0.5298890593470541;0.0;0.5513404788868241;0.0;0.49182069560860237;0.74701038605177;0.4109255505902234;0.0;0.0;0.259873884161053;0.41761938523854375;0.0;0.30109907779662787;0.243595030437158;0.44704781186421383;0.19228589366805193;0.0;0.0;0.0;0.0;0.0;0.0;0.0;0.0;0.0;0.4804571542037641;0.0;0.0;0.19158125568230963;0.4270743421163564;0.30031236377001513;0.28166859159622193;0.4779115109033434;0.0;0.0;0.0;0.3267290620578088
GO:0070839;0.0;0.0;0.0;0.0;0.0;0.0;0.0;0.0;0.0;0.5882744495777784;0.0;0.0;0.0;1.0;0.0;0.0;0.0;0.0;0.0;0.0;0.0;0.0;0.0;0.0;0.0;0.0;0.4339367430393527;0.0;0.0;0.0;0.0;0.4302884684268053;0.0;0.44716459286401367;0.0;0.0;0.0;0.0;0.7006070561503029;0.6077080454471716;0.4723414233228012;0.0;0.0;0.0;0.0;0.0;0.0;0.3623342187567661;0.0;0.0;0.0;0.0;0.0;0.3853414098103888;0.0;0.0;0.28928861336589046;0.0;0.5400428454050111;0.42947529349926356;0.0;0.0;0.0;0.0;0.0;0.0;0.0;0.0;0.5380514520522696;0.0;0.0;0.0;0.0;0.0;0.0;0.0;0.0;0.5167705695811945;0.0;0.0;0.4474511329359534;0.0;0.0;0.0;0.4841446020653881;0.0;0.43493655647044954;0.0;0.0;0.0;0.273260819091509;0.0;0.0;0.0;0.0;0.5149800708391693;0.0
GO:0048011;0.0;0.0;0.7583215185734855;0.3227082096747955;0.20405516596528808;0.24311751738825377;0.0;0.20436100979948993;0.1932184517537176;0.0;0.3734242310080289;0.0;0.49017712747446174;0.0;1.0;0.6741213807805978;0.0;0.22238290088063864;0.28885474707823566;0.0;0.6812364921626507;0.5134459666113786;0.0;0.2278957812893042;0.27265803105371794;0.0;0.2531685664176088;0.22929565520920156;0.28433388748209976;0.2173932221071572;0.35749252178360386;0.0;0.28734319075336673;0.0;0.14914556127560408;0.21200849731752566;0.24491582351532537;0.4274991588724252;0.0;0.0;0.0;0.0;0.0;0.40317950363282884;0.3248875589596101;0.30522835029399253;0.0;0.0;0.28790226443013484;0.24491582351532537;0.0;0.27993290103719365;0.0;0.0;0.21212382125847273;0.0;0.1757187577774617;0.6168255915050002;0.0;0.0;0.8563383989672597;0.31284218573256106;0.7320646236225913;0.0;0.3599328718200111;0.49317731931375663;0.37693983948394927;0.0;0.0;0.24585532340192662;0.39037031992581245;0.0;0.4155513047065027;0.22581314864233265;0.4159660233320907;0.2741651096280936;0.0;0.0;0.2760389821774756;0.0;0.0;0.2769788350917327;0.0;0.0;0.0;0.44474166129972187;0.0;0.0;0.27321901577266877;0.3904838899744788;0.4145616276332931;0.3900965788888124;0.44255955986680395;0.0;0.20715265553881376;0.0;0.30487318832371074
GO:0002764;0.0;0.0;0.698978860676194;0.33055711989414077;0.20853647213647833;0.24969839367168561;0.0;0.20885590741743298;0.19723174048332426;0.0;0.3839743545655798;0.0;0.5040252587011718;0.0;0.6741213807805978;1.0;0.0;0.22518985974527134;0.29791729305494363;0.0;0.6996593483473059;0.5286604566438448;0.0;0.23084455707434243;0.2809626283338841;0.0;0.26010331417465193;0.23496956516418122;0.2931106682191403;0.2200748732934284;0.3648024057252871;0.0;0.2963096654791738;0.0;0.15152552941596817;0.25254305015142275;0.25140003512463893;0.6280109018883004;0.0;0.0;0.0;0.0;0.0;0.41550567604823485;0.38949780222488956;0.3655187307668725;0.0;0.0;0.29396028820950276;0.25140003512463893;0.0;0.28843602372322463;0.0;0.0;0.21467628356249036;0.0;0.17903177149318703;0.634143819773349;0.0;0.0;0.7256993764236604;0.3235001636651898;0.7533821678938967;0.0;0.3697244458031774;0.5071979122180167;0.4690306155924885;0.0;0.0;0.25038471915379623;0.3991030012276929;0.0;0.42829105400627354;0.23147963357429194;0.42589597701433346;0.27965330251201304;0.0;0.0;0.2843036980263481;0.0;0.0;0.28530077422566497;0.0;0.0;0.0;0.4561117781469741;0.0;0.0;0.2786690200278637;0.402034893069995;0.42723984152916794;0.3960685111655438;0.4538169645853803;0.0;0.21177258389816997;0.0;0.5137527436777244
GO:0002369;0.211001209933457;0.0;0.0;0.0;0.0;0.0;0.0;0.0;0.0;0.0;0.0;0.22307980386614515;0.0;0.0;0.0;0.0;1.0;0.0;0.0;0.0;0.0;0.0;0.0;0.0;0.0;0.20557963302856225;0.0;0.1871578846231716;0.22974285233944164;0.0;0.0;0.0;0.0;0.0;0.0;0.0;0.0;0.12348937460745928;0.0;0.0;0.0;0.21207077945272254;0.3640576675080751;0.0;0.0;0.0;0.0;0.0;0.0;0.0;0.23844580206977267;0.0;0.0;0.0;0.0;0.0;0.18772718491934431;0.0;0.0;0.0;0.0;0.0;0.0;0.0;0.0;0.0;0.0;0.7377716592513542;0.0;0.0;0.0;0.0;0.0;0.18370711929074984;0.0;0.0;0.23892893505653978;0.0;0.0;0.2052943769871551;0.0;0.0;0.19842628888480182;0.0;0.0;0.0;0.0;0.2236177639651963;0.0;0.0;0.0;0.0;0.0;0.0;0.22001719338067968;0.0;0.0
GO:0048255;0.0;0.0;0.22623168169189983;0.20439061678604414;0.0;0.11707855929432534;0.0;0.0;0.0;0.0;0.21952575056039356;0.0;0.365481263528924;0.0;0.22238290088063864;0.22518985974527134;0.0;1.0;0.0;0.0;0.2263350025810358;0.28053212597360916;0.0;0.47855163224283387;0.16477103873588284;0.0;0.0;0.0;0.0;0.36249834052882146;0.23367534805344883;0.0;0.0;0.0;0.0;0.3564535603219999;0.0;0.20920793375432317;0.0;0.0;0.0;0.0;0.0;0.22623283819882306;0.22145387632360738;0.24503884310616128;0.0;0.0;0.13768389467357256;0.0;0.0;0.0;0.0;0.0;0.3565840718734137;0.0;0.0;0.27007533984161036;0.0;0.0;0.23021014481576707;0.0;0.23416840150434773;0.0;0.4597625132818659;0.39348920916637065;0.2204947350675566;0.0;0.0;0.1763986209782366;0.24502344859373446;0.0;0.16524388816936536;0.1506158867149197;0.2532522589183387;0.13403743416739883;0.0;0.0;0.0;0.0;0.0;0.0;0.0;0.0;0.0;0.30053353124220444;0.0;0.0;0.13378030452855497;0.22036666366314006;0.16506598426075297;0.1664740746427834;0.2998011079503678;0.0;0.0;0.0;0.19849588536447305
GO:0014902;0.0;0.3319138702773774;0.30136691664749005;0.0;0.23721595472753246;0.0;0.0;0.23762938105342463;0.22269623608954645;0.0;0.0;0.0;0.0;0.0;0.28885474707823566;0.29791729305494363;0.0;0.0;1.0;0.0;0.301711631336589;0.0;0.0;0.0;0.0;0.0;0.3062909139394213;0.2720263742777605;0.3531167614626059;0.0;0.0;0.0;0.35777003649621975;0.0;0.1661187025387225;0.0;0.29429353108464107;0.17580019265870409;0.0;0.0;0.0;0.0;0.0;0.0;0.0;0.0;0.0;0.0;0.22598506221648584;0.29429353108464107;0.0;0.3463542759214672;0.0;0.0;0.0;0.0;0.19976648990678297;0.31534497078504203;0.0;0.0;0.31499142812561487;0.7824315028413901;0.3293011902584216;0.0;0.0;0.0;0.0;0.0;0.0;0.0;0.0;0.0;0.35022111928395394;0.0;0.0;0.2136242345775547;0.0;0.0;0.6689193927835799;0.0;0.0;0.3418433330739391;0.0;0.0;0.0;0.0;0.0;0.29978437567476524;0.21277959895953943;0.0;0.34918750487000944;0.1587464357609074;0.0;0.0;0.24141233765136078;0.0;0.0
GO:0016485;0.0;0.0;0.0;0.0;0.5129410580762339;0.0;0.9677786376427899;0.42977659649308;0.406151069349318;0.0;0.0;0.0;0.0;0.0;0.0;0.0;0.0;0.0;0.0;1.0;0.0;0.0;0.4147668404425687;0.0;0.0;0.0;0.0;0.0;0.0;0.0;0.0;0.0;0.0;0.0;0.31978027588768576;0.0;0.4321967158725593;0.0;0.0;0.0;0.0;0.0;0.0;0.0;0.0;0.0;0.48333955947169555;0.0;0.0;0.4321967158725593;0.0;0.2620120933157232;0.8947470269992969;0.0;0.0;0.8929532717036566;0.0;0.0;0.0;0.0;0.0;0.0;0.0;0.4892832302851348;0.0;0.0;0.0;0.0;0.0;0.0;0.0;0.0;0.0;0.0;0.0;0.0;0.0;0.0;0.0;0.0;0.0;0.0;0.0;0.7339854993168738;0.0;0.0;0.0;0.0;0.0;0.0;0.0;0.4624034516656872;0.0;0.9266999559176842;0.0;0.0;0.0
GO:0007193;0.0;0.0;0.7066313483558999;0.3338115427256989;0.21038852058408403;0.2524374090392533;0.0;0.21071365940367273;0.19888763578409768;0.0;0.38837257391308894;0.0;0.5097983689366757;0.0;0.6812364921626507;0.6996593483473059;0.0;0.2263350025810358;0.301711631336589;0.0;1.0;0.5350152598125099;0.0;0.2320480865696779;0.2844352460353477;0.0;0.2629908999137947;0.23732353395786882;0.2967828032226862;0.22116845883459813;0.3678171380806157;0.0;0.30006290612194764;0.0;0.15250098328399256;0.21559748490436084;0.25409661001557016;0.437629007448407;0.0;0.0;0.0;0.0;0.0;0.4206607519847225;0.33339235124536337;0.31272314767582166;0.0;0.0;0.2964607857348095;0.25409661001557016;0.0;0.29199125307673146;0.0;0.0;0.2157167475169772;0.0;0.18039510825952015;0.6413618295512885;0.0;0.0;0.7339515785362698;0.32797903795999717;0.8455237396874684;0.0;0.37380053991967466;0.5130443519278379;0.3921767124209756;0.0;0.0;0.2522474958510437;0.40271411316470784;0.0;0.43361972047131764;0.23383165402879702;0.43001071248240913;0.2819153892075938;0.0;0.0;0.28775717811101686;0.0;0.0;0.28877866822000525;0.0;0.0;0.0;0.46083431334405084;0.0;0.0;0.2809151472797743;0.4068591895478;0.4325422204458885;0.39851396550704166;0.45849185526209907;0.0;0.21368282255069823;0.0;0.31476433762048955
GO:0008284;0.0;0.0;0.5344382984504178;0.45237545153236847;0.0;0.2769192756019491;0.0;0.0;0.0;0.0;0.5338358664105133;0.0;0.5616465156356664;0.0;0.5134459666113786;0.5286604566438448;0.0;0.28053212597360916;0.0;0.0;0.5350152598125099;1.0;0.0;0.33244688056886196;0.3159037275927994;0.0;0.0;0.0;0.0;0.31620974652561734;0.5408380731361172;0.0;0.0;0.0;0.0;0.3079212052630074;0.0;0.37945031508734006;0.0;0.0;0.0;0.0;0.0;0.4673973349891725;0.4869676882265701;0.3314950737071809;0.0;0.0;0.2101630537773408;0.0;0.0;0.0;0.0;0.0;0.3080984628791169;0.0;0.0;0.5577746189813324;0.0;0.0;0.5571858744960821;0.0;0.5809538925527208;0.0;0.5118526334839499;0.5655888805300467;0.5396023991174318;0.0;0.0;0.33479087356752596;0.5961867943244938;0.0;0.31823261116875307;0.254688585213654;0.6400096098650665;0.1991326149520129;0.0;0.0;0.0;0.0;0.0;0.0;0.0;0.0;0.0;0.5027913000122377;0.0;0.0;0.1983770021093591;0.45042050814937445;0.3173539471501831;0.28919977637503697;0.5000041728927053;0.0;0.0;0.0;0.4244755139358499
GO:0008203;0.0;0.0;0.0;0.0;0.4080588429462668;0.0;0.4018575652486473;0.26789650543524673;0.2535824473419471;0.0;0.0;0.0;0.0;0.0;0.0;0.0;0.0;0.0;0.0;0.4147668404425687;0.0;0.0;1.0;0.0;0.0;0.0;0.0;0.0;0.0;0.0;0.0;0.0;0.0;0.0;0.2564284968538922;0.0;0.41692782139283735;0.0;0.0;0.0;0.0;0.0;0.0;0.0;0.0;0.0;0.5450359124406304;0.0;0.0;0.41692782139283735;0.0;0.251470200392868;0.42927214000933833;0.0;0.0;0.42844279438876887;0.0;0.0;0.0;0.0;0.0;0.0;0.0;0.36489102009820074;0.0;0.0;0.0;0.0;0.0;0.0;0.0;0.0;0.0;0.0;0.0;0.0;0.0;0.0;0.0;0.0;0.0;0.0;0.0;0.3862519205851393;0.0;0.0;0.0;0.0;0.0;0.0;0.0;0.24631775369750405;0.0;0.4440253858847284;0.0;0.0;0.0
GO:0045944;0.0;0.0;0.23193948510841397;0.20928634060833315;0.0;0.12003515973857666;0.0;0.0;0.0;0.0;0.22518341176666903;0.0;0.3749003466572565;0.0;0.2278957812893042;0.23084455707434243;0.0;0.47855163224283387;0.0;0.0;0.2320480865696779;0.33244688056886196;0.0;1.0;0.126819011260355;0.0;0.0;0.0;0.0;0.44555799792699563;0.2757054926936024;0.0;0.0;0.0;0.0;0.43801099790544284;0.0;0.2132914678256347;0.0;0.0;0.0;0.0;0.0;0.18716214644077064;0.26098752505416334;0.18325147074147397;0.0;0.0;0.1055081368552201;0.0;0.0;0.0;0.0;0.0;0.4381739009249516;0.0;0.0;0.23622875637109417;0.0;0.0;0.236123089407833;0.0;0.24028913282646125;0.0;0.47140075925707114;0.3302502396128008;0.22620310159948193;0.0;0.0;0.18003327467615482;0.289401837630303;0.0;0.12719268695464828;0.11565914540188835;0.29935163766201817;0.10265348164540644;0.0;0.0;0.0;0.0;0.0;0.0;0.0;0.0;0.0;0.22577222313487683;0.0;0.0;0.1024523126436487;0.1843793437600157;0.12705208925709455;0.1695443031922555;0.22520851965056157;0.0;0.0;0.0;0.20311010334941915
GO:0043129;0.0;0.0;0.28411986621583235;0.2522552123206496;0.0;0.2847404145531024;0.0;0.0;0.0;0.0;0.29902676301561243;0.0;0.29901339425749107;0.0;0.27265803105371794;0.2809626283338841;0.0;0.16477103873588284;0.0;0.0;0.2844352460353477;0.3159037275927994;0.0;0.126819011260355;1.0;0.0;0.0;0.0;0.0;0.12055094288150259;0.2079540586770569;0.0;0.0;0.0;0.0;0.11735425957956841;0.0;0.1678037914023492;0.0;0.0;0.0;0.0;0.0;0.3275464563626329;0.1868568067200637;0.17436454473025587;0.0;0.0;0.4173313240923351;0.0;0.0;0.0;0.0;0.0;0.1174226024512445;0.0;0.0;0.4875144222122247;0.0;0.0;0.2965687478934036;0.0;0.3096080620353693;0.0;0.2863631457502736;0.3011749592063277;0.30235374362892126;0.0;0.0;0.1854809717389394;0.22972075440948583;0.0;0.6342265453689333;0.5080394245331016;0.24702015017726237;0.39498626956997823;0.0;0.0;0.0;0.0;0.0;0.0;0.0;0.0;0.0;0.2668502639366339;0.0;0.0;0.39345740243959065;0.4205565365043263;0.43708541684629526;0.15178251953784974;0.2653320998151117;0.0;0.0;0.0;0.23633284931554127
GO:0042832;0.0;0.0;0.0;0.0;0.0;0.0;0.0;0.0;0.0;0.0;0.0;0.0;0.0;0.0;0.0;0.0;0.20557963302856225;0.0;0.0;0.0;0.0;0.0;0.0;0.0;0.0;1.0;0.0;0.20454338842428335;0.2565057284368653;0.0;0.0;0.0;0.0;0.0;0.0;0.0;0.0;0.0;0.0;0.0;0.0;0.4778490533943489;0.641020424959287;0.0;0.0;0.0;0.0;0.0;0.0;0.0;0.26740248615099027;0.0;0.0;0.0;0.0;0.0;0.0;0.0;0.0;0.0;0.0;0.0;0.0;0.0;0.0;0.0;0.0;0.22162146920634185;0.0;0.0;0.0;0.2460545500042285;0.0;0.0;0.0;0.0;0.7300172918788661;0.0;0.0;0.2264026266148359;0.0;0.0;0.8243904569636843;0.0;0.0;0.0;0.0;0.0;0.0;0.0;0.0;0.0;0.0;0.0;0.0;0.0;0.0
GO:0002576;0.0;0.0;0.2627289484612058;0.0;0.2126050159394754;0.0;0.0;0.21293704708917888;0.20086728514664604;0.4516987277636511;0.0;0.0;0.0;0.4339367430393527;0.2531685664176088;0.26010331417465193;0.0;0.0;0.3062909139394213;0.0;0.2629908999137947;0.0;0.0;0.0;0.0;0.0;1.0;0.2401477019140919;0.30121259320789323;0.0;0.0;0.33773990952978905;0.30459190218889953;0.49693997681964514;0.15366219377916188;0.0;0.25733681187244506;0.16191013172379054;0.3374567756218495;0.35991290566102513;0.43544961502547086;0.0;0.0;0.0;0.0;0.0;0.0;0.34022317509040984;0.20353909379058324;0.25733681187244506;0.0;0.296278127005537;0.0;0.36042976897627343;0.0;0.0;0.6330000202366065;0.27328974048753596;0.591041709438778;0.4786876457848609;0.27302416890480014;0.33339754655426684;0.2837101997135535;0.0;0.0;0.0;0.0;0.0;0.4160131607488792;0.0;0.0;0.0;0.299103099336965;0.0;0.0;0.19345702537083753;0.0;0.47293420814230624;0.2919197419946874;0.0;0.49723475470636047;0.29297105265609746;0.0;0.0;0.3279972606214327;0.0;0.4034616686832228;0.0;0.19276407919928315;0.0;0.4002708637847227;0.14733303915793572;0.0;0.0;0.21596965116529937;0.5659315379521879;0.0
GO:0097067;0.0;0.0;0.23711019842204067;0.0;0.19551098647259452;0.0;0.0;0.19579173637920322;0.1855406096032692;0.0;0.0;0.0;0.0;0.0;0.22929565520920156;0.23496956516418122;0.1871578846231716;0.0;0.2720263742777605;0.0;0.23732353395786882;0.0;0.0;0.0;0.0;0.20454338842428335;0.2401477019140919;1.0;0.7737459669251832;0.0;0.0;0.0;0.2706854021105142;0.0;0.14452901721803277;0.0;0.2327095618527706;0.15180242766490099;0.0;0.0;0.0;0.36468214410822836;0.2115052970318724;0.0;0.0;0.0;0.0;0.0;0.18781793104641561;0.2327095618527706;0.4097723308988349;0.2640995373491144;0.0;0.0;0.0;0.0;0.16934575594070064;0.2456782521658454;0.0;0.0;0.24546361199064892;0.29319783528244864;0.25406712813140225;0.0;0.0;0.0;0.0;0.20036122980394783;0.0;0.0;0.0;0.0;0.26634187384834634;0.0;0.0;0.17920020181129556;0.23753036369585914;0.0;0.2606309222010348;0.49235052323628026;0.0;0.2614686219964689;0.19746073457237973;0.0;0.0;0.0;0.0;0.0;0.1786054686802124;0.0;0.26574365528450733;0.13891613076218406;0.0;0.0;0.19835270493213547;0.0;0.0
GO:0071310;0.0;0.0;0.29644925298445163;0.0;0.23415845361135101;0.0;0.0;0.23456128218057662;0.21999944472486618;0.0;0.0;0.0;0.0;0.0;0.28433388748209976;0.2931106682191403;0.22974285233944164;0.0;0.3531167614626059;0.0;0.2967828032226862;0.0;0.0;0.0;0.0;0.2565057284368653;0.30121259320789323;0.7737459669251832;1.0;0.0;0.0;0.0;0.35086046231280976;0.0;0.16461349339011253;0.0;0.2896022066313282;0.1741153117904972;0.0;0.0;0.0;0.46100487327192924;0.26754964377536594;0.0;0.0;0.0;0.0;0.0;0.22320852563939367;0.2896022066313282;0.5354924355190122;0.33987461661619617;0.0;0.0;0.0;0.0;0.1975937451088351;0.30996461597655156;0.0;0.0;0.3096230280176866;0.389639224615426;0.3234384873749188;0.0;0.0;0.0;0.0;0.2499627758500783;0.0;0.0;0.0;0.0;0.3435973525767102;0.0;0.0;0.2111414620481627;0.3105977615215724;0.0;0.33415160253771714;0.4426313855304117;0.0;0.3355298194090608;0.24546454409191532;0.0;0.0;0.0;0.0;0.0;0.21031630738475593;0.0;0.3426024106006457;0.15737130996080134;0.0;0.0;0.23824642634527546;0.0;0.0
GO:0032147;0.0;0.0;0.2210698000868755;0.1999526155608847;0.0;0.1887658498883537;0.0;0.0;0.0;0.0;0.21441436406650644;0.0;0.356971631243991;0.0;0.2173932221071572;0.2200748732934284;0.0;0.36249834052882146;0.0;0.0;0.22116845883459813;0.31620974652561734;0.0;0.44555799792699563;0.12055094288150259;0.0;0.0;0.0;0.0;1.0;0.26444412340266915;0.0;0.0;0.0;0.0;0.7403392287358067;0.0;0.2054753738868737;0.0;0.0;0.0;0.0;0.0;0.17789671183773742;0.2508743422505085;0.17639885950603523;0.0;0.0;0.10113332875849983;0.0;0.0;0.0;0.0;0.0;0.6096958566420518;0.0;0.0;0.2249630900281467;0.0;0.0;0.22486725914263928;0.0;0.22864240919989243;0.0;0.37310126500453566;0.3144124679343735;0.21533865567992233;0.0;0.0;0.2335871765966457;0.2770189310847735;0.0;0.120888544176895;0.1104229243247782;0.28612209310023523;0.09850755169399486;0.0;0.0;0.0;0.0;0.0;0.0;0.0;0.0;0.0;0.21546005176848504;0.0;0.0;0.09832228936537617;0.17538076184882972;0.12076153122357944;0.16366204572964738;0.21494660816211394;0.0;0.0;0.0;0.19430755840406996
GO:0010634;0.0;0.0;0.36754435043284756;0.4333746229095969;0.0;0.1903169137462158;0.0;0.0;0.0;0.0;0.48620296714322897;0.0;0.38021136560242813;0.0;0.35749252178360386;0.3648024057252871;0.0;0.23367534805344883;0.0;0.0;0.3678171380806157;0.5408380731361172;0.0;0.2757054926936024;0.2079540586770569;0.0;0.0;0.0;0.0;0.26444412340266915;1.0;0.0;0.0;0.0;0.0;0.2586222460344428;0.0;0.2984915494040152;0.0;0.0;0.0;0.0;0.0;0.37509264572253787;0.3741697636849198;0.25864703715253523;0.0;0.0;0.15621477055828728;0.0;0.0;0.0;0.0;0.0;0.2587472769587479;0.0;0.0;0.3784330204358979;0.0;0.0;0.3781619171252587;0.0;0.38896223231617105;0.0;0.35116978417179534;0.3820139566599334;0.3640130232747405;0.0;0.0;0.30294078452660467;0.4884444824171235;0.0;0.20896071305787575;0.17954621396852183;0.4583926462394966;0.15003723613889797;0.0;0.0;0.0;0.0;0.0;0.0;0.0;0.0;0.0;0.35229459326217805;0.0;0.0;0.14960787856224728;0.36602418249567575;0.2085815074954169;0.23215569836630717;0.3509239816080764;0.0;0.0;0.0;0.3077125143563847
GO:1905572;0.0;0.0;0.0;0.0;0.0;0.0;0.0;0.0;0.0;0.5896048251342406;0.0;0.0;0.0;0.4302884684268053;0.0;0.0;0.0;0.0;0.0;0.0;0.0;0.0;0.0;0.0;0.0;0.0;0.33773990952978905;0.0;0.0;0.0;0.0;1.0;0.0;0.3456992342430302;0.0;0.0;0.0;0.0;0.3478842850266214;0.36764222733456886;0.5008070507991281;0.0;0.0;0.0;0.0;0.0;0.0;0.46894777032758495;0.0;0.0;0.0;0.0;0.0;0.42718507705205205;0.0;0.0;0.24312382682468747;0.0;0.3987113907498336;0.33503109744754445;0.0;0.0;0.0;0.0;0.0;0.0;0.0;0.0;0.6811617538466355;0.0;0.0;0.0;0.0;0.0;0.0;0.0;0.0;0.6733902515262622;0.0;0.0;0.3458704659720123;0.0;0.0;0.0;0.6659501945614782;0.0;0.40725179184232874;0.0;0.0;0.0;0.20671730205736286;0.0;0.0;0.0;0.0;0.3848821935217605;0.0
GO:0022617;0.0;0.0;0.29972194644749023;0.0;0.2361955802714843;0.0;0.0;0.2366054545021927;0.2217967138610298;0.0;0.0;0.0;0.0;0.0;0.28734319075336673;0.2963096654791738;0.0;0.0;0.35777003649621975;0.0;0.30006290612194764;0.0;0.0;0.0;0.0;0.0;0.30459190218889953;0.2706854021105142;0.35086046231280976;0.0;0.0;0.0;1.0;0.0;0.16561766633637123;0.0;0.2927246719183437;0.17523915191053535;0.0;0.0;0.0;0.0;0.0;0.0;0.0;0.0;0.0;0.0;0.22505883037661356;0.2927246719183437;0.0;0.3441833036916862;0.0;0.0;0.0;0.0;0.1990423673390523;0.3135443230183466;0.0;0.0;0.31319480411400497;0.3953125765649875;0.32733812918122074;0.0;0.0;0.0;0.0;0.0;0.0;0.0;0.0;0.0;0.3480015565026073;0.0;0.0;0.21279637123417625;0.0;0.0;0.338315517879694;0.0;0.0;0.8633514416477255;0.0;0.0;0.0;0.0;0.0;0.0;0.21195825656447137;0.0;0.3469809827619721;0.15828882297692512;0.0;0.0;0.24035562315787862;0.0;0.0
GO:0008333;0.0;0.0;0.0;0.0;0.0;0.0;0.0;0.0;0.0;0.4660495362941994;0.0;0.0;0.0;0.44716459286401367;0.0;0.0;0.0;0.0;0.0;0.0;0.0;0.0;0.0;0.0;0.0;0.0;0.49693997681964514;0.0;0.0;0.0;0.0;0.3456992342430302;0.0;1.0;0.0;0.0;0.0;0.0;0.3454026040372439;0.3689656184343683;0.44877127625914115;0.0;0.0;0.0;0.0;0.0;0.0;0.5585011215508162;0.0;0.0;0.0;0.0;0.0;0.5925072691867096;0.0;0.0;0.3364528133860948;0.0;0.6115682434012693;0.739438420954513;0.0;0.0;0.0;0.0;0.0;0.0;0.0;0.0;0.42815554768119884;0.0;0.0;0.0;0.0;0.0;0.0;0.0;0.0;0.48868960144556334;0.0;0.0;0.768921003667888;0.0;0.0;0.0;0.3354989098401836;0.0;0.4148723666955912;0.0;0.0;0.0;0.25912973715278836;0.0;0.0;0.0;0.0;0.5847232713212155;0.0
GO:0005980;0.0;0.0;0.15241286491850237;0.0;0.35584851266798134;0.0;0.313417367568996;0.42371572316902684;0.4082544192194448;0.0;0.0;0.0;0.0;0.0;0.14914556127560408;0.15152552941596817;0.0;0.0;0.1661187025387225;0.31978027588768576;0.15250098328399256;0.0;0.2564284968538922;0.0;0.0;0.0;0.15366219377916188;0.14452901721803277;0.16461349339011253;0.0;0.0;0.0;0.16561766633637123;0.0;1.0;0.0;0.4841676442673777;0.11196719266545585;0.0;0.0;0.0;0.0;0.0;0.0;0.0;0.0;0.3268757863269838;0.0;0.1304123928515116;0.4841676442673777;0.0;0.3981451045912024;0.3267581531868609;0.0;0.0;0.3263639738028659;0.12123039766202183;0.1559079283469753;0.0;0.0;0.15582146089678253;0.1737817543879082;0.15924466296980083;0.28149551451304494;0.0;0.0;0.0;0.0;0.0;0.0;0.0;0.0;0.16398145363948136;0.0;0.0;0.12619843553134144;0.0;0.0;0.16179865968056356;0.0;0.0;0.1621211059584058;0.0;0.43465272859972093;0.0;0.0;0.0;0.0;0.12590319253812823;0.0;0.16375449564022584;0.356369458746793;0.0;0.3336757200867865;0.13540590972751199;0.0;0.0
GO:0043410;0.0;0.0;0.2155037327026657;0.1951558651761418;0.0;0.11152192268557923;0.0;0.0;0.0;0.0;0.2089082168356194;0.0;0.3478047782263163;0.0;0.21200849731752566;0.25254305015142275;0.0;0.3564535603219999;0.0;0.0;0.21559748490436084;0.3079212052630074;0.0;0.43801099790544284;0.11735425957956841;0.0;0.0;0.0;0.0;0.7403392287358067;0.2586222460344428;0.0;0.0;0.0;0.0;1.0;0.0;0.2593325241763206;0.0;0.0;0.0;0.0;0.0;0.17317198393581437;0.4852462369109958;0.2034354739643144;0.0;0.0;0.09887386206623157;0.0;0.0;0.0;0.0;0.0;0.5089461865008985;0.0;0.0;0.2192018014143537;0.0;0.0;0.21911081512800454;0.0;0.22269361696748197;0.0;0.3636784195437203;0.30631642843955703;0.20978554936086316;0.0;0.0;0.169477294055437;0.27063688854367834;0.0;0.1176741699705802;0.10773482387451318;0.27931886678118023;0.09636264511557745;0.0;0.0;0.0;0.0;0.0;0.0;0.0;0.0;0.0;0.21016950324597822;0.0;0.0;0.09618535550819496;0.1707870047924636;0.1175538182954352;0.16059136676403196;0.20968093634769186;0.0;0.0;0.0;0.25803336390467935
GO:0005985;0.0;0.0;0.2538520689835405;0.0;0.5487446181524721;0.0;0.4181979720201848;0.46525869774187895;0.43957345983380863;0.0;0.0;0.0;0.0;0.0;0.24491582351532537;0.25140003512463893;0.0;0.0;0.29429353108464107;0.4321967158725593;0.25409661001557016;0.0;0.41692782139283735;0.0;0.0;0.0;0.25733681187244506;0.2327095618527706;0.2896022066313282;0.0;0.0;0.0;0.2927246719183437;0.0;0.4841676442673777;0.0;1.0;0.15849458567099473;0.0;0.0;0.0;0.0;0.0;0.0;0.0;0.0;0.5654987527215118;0.0;0.1981705242465094;0.9341854775409449;0.0;0.5223520494207389;0.4479699336488389;0.0;0.0;0.44706684301767385;0.17771672338682076;0.2636979055390845;0.0;0.0;0.26345064027055926;0.3192317760348698;0.2733867671005436;0.382592267829113;0.0;0.0;0.0;0.0;0.0;0.0;0.0;0.0;0.2876516749734742;0.0;0.0;0.18860079028529844;0.0;0.0;0.28100171592743783;0.0;0.0;0.28197572631047724;0.0;0.4013240505823149;0.0;0.0;0.0;0.0;0.18794213746486055;0.0;0.2869540263195467;0.3835143690823317;0.0;0.4640604699133245;0.20993503925075;0.0;0.0
GO:0002224;0.0;0.0;0.4373626790972724;0.2680660535955604;0.14031220326883118;0.15612850690765995;0.0;0.14045674462936086;0.13510195398186056;0.0;0.29471526019657657;0.14306115374288783;0.31007474165669646;0.0;0.4274991588724252;0.6280109018883004;0.12348937460745928;0.20920793375432317;0.17580019265870409;0.0;0.437629007448407;0.37945031508734006;0.0;0.2132914678256347;0.1678037914023492;0.0;0.16191013172379054;0.15180242766490099;0.1741153117904972;0.2054753738868737;0.2984915494040152;0.0;0.17523915191053535;0.0;0.11196719266545585;0.2593325241763206;0.15849458567099473;1.0;0.0;0.0;0.0;0.0;0.13420430826875043;0.24778393515951364;0.3590278995217086;0.29945059324868395;0.0;0.0;0.20053528582089705;0.15849458567099473;0.0;0.17245503572024767;0.0;0.0;0.201495272889256;0.0;0.16554477066901882;0.39105487672062966;0.0;0.0;0.4476767547066552;0.18440562236139585;0.4580597943741784;0.0;0.28788924984598707;0.31127258535012053;0.3950922605936172;0.1294037461389693;0.0;0.22188643885664397;0.317260990682222;0.0;0.25512193319752685;0.14880546739919515;0.33119501430555054;0.1937725476011892;0.0;0.0;0.17096924917872217;0.0;0.0;0.17132932386923996;0.0;0.0;0.0;0.2912525472506547;0.0;0.0;0.19329946821757835;0.24292986350499413;0.25474856330125106;0.2958064212523574;0.2903151260088522;0.0;0.18581174608837828;0.0;0.5209002786755752
GO:0070574;0.0;0.0;0.0;0.0;0.0;0.0;0.0;0.0;0.0;0.4443686892328103;0.0;0.0;0.0;0.7006070561503029;0.0;0.0;0.0;0.0;0.0;0.0;0.0;0.0;0.0;0.0;0.0;0.0;0.3374567756218495;0.0;0.0;0.0;0.0;0.3478842850266214;0.0;0.3454026040372439;0.0;0.0;0.0;0.0;1.0;0.835207141670877;0.3602342098386874;0.0;0.0;0.0;0.0;0.0;0.0;0.29250525542364475;0.0;0.0;0.0;0.0;0.0;0.30731781021229226;0.0;0.0;0.24297707477683406;0.0;0.39831686197572036;0.3347524851524401;0.0;0.0;0.0;0.0;0.0;0.0;0.0;0.0;0.415100519615404;0.0;0.0;0.0;0.0;0.0;0.0;0.0;0.0;0.3855118699384472;0.0;0.0;0.345573541965927;0.0;0.0;0.0;0.39373760105351807;0.0;0.40440346522894055;0.0;0.0;0.0;0.20652695572737514;0.0;0.0;0.0;0.0;0.38451454574807953;0.0
GO:0071421;0.0;0.0;0.0;0.0;0.0;0.0;0.0;0.0;0.0;0.4771219352516536;0.0;0.0;0.0;0.6077080454471716;0.0;0.0;0.0;0.0;0.0;0.0;0.0;0.0;0.0;0.0;0.0;0.0;0.35991290566102513;0.0;0.0;0.0;0.0;0.36764222733456886;0.0;0.3689656184343683;0.0;0.0;0.0;0.0;0.835207141670877;1.0;0.3859395643655666;0.0;0.0;0.0;0.0;0.0;0.0;0.3092289880229418;0.0;0.0;0.0;0.0;0.0;0.3258318235030008;0.0;0.0;0.25440618185510755;0.0;0.42998333209201256;0.35683836433474203;0.0;0.0;0.0;0.0;0.0;0.0;0.0;0.0;0.4435432136429253;0.0;0.0;0.0;0.0;0.0;0.0;0.0;0.0;0.41509943596353;0.0;0.0;0.3691606808879235;0.0;0.0;0.0;0.415511530992226;0.0;0.4313659836635728;0.0;0.0;0.0;0.2217220935796454;0.0;0.0;0.0;0.0;0.4139433798628953;0.0
GO:0033344;0.0;0.0;0.0;0.0;0.0;0.0;0.0;0.0;0.0;0.4934630251167111;0.0;0.0;0.0;0.4723414233228012;0.0;0.0;0.0;0.0;0.0;0.0;0.0;0.0;0.0;0.0;0.0;0.0;0.43544961502547086;0.0;0.0;0.0;0.0;0.5008070507991281;0.0;0.44877127625914115;0.0;0.0;0.0;0.0;0.3602342098386874;0.3859395643655666;1.0;0.0;0.0;0.0;0.0;0.0;0.0;0.43739515848706806;0.0;0.0;0.0;0.0;0.0;0.7464146699905198;0.0;0.0;0.28996020857352434;0.0;0.5423880252585537;0.4309571635966017;0.0;0.0;0.0;0.0;0.0;0.0;0.0;0.0;0.6266840355717345;0.0;0.0;0.0;0.0;0.0;0.0;0.0;0.0;0.720767239683017;0.0;0.0;0.4490598797986772;0.0;0.0;0.0;0.42064814797597605;0.0;0.5253440155891836;0.0;0.0;0.0;0.2743380301791197;0.0;0.0;0.0;0.0;0.5171121977413701;0.0
GO:0032496;0.0;0.0;0.0;0.0;0.0;0.0;0.0;0.0;0.0;0.0;0.0;0.0;0.0;0.0;0.0;0.0;0.21207077945272254;0.0;0.0;0.0;0.0;0.0;0.0;0.0;0.0;0.4778490533943489;0.0;0.36468214410822836;0.46100487327192924;0.0;0.0;0.0;0.0;0.0;0.0;0.0;0.0;0.0;0.0;0.0;0.0;1.0;0.49660299906830035;0.0;0.0;0.0;0.0;0.0;0.0;0.0;0.6731706680011638;0.0;0.0;0.0;0.0;0.0;0.0;0.0;0.0;0.0;0.0;0.0;0.0;0.0;0.0;0.0;0.0;0.22918381011865321;0.0;0.0;0.0;0.0;0.0;0.0;0.0;0.0;0.5684150513037354;0.0;0.0;0.48682719027216637;0.0;0.0;0.45896183139276636;0.0;0.0;0.0;0.0;0.0;0.0;0.0;0.0;0.0;0.0;0.0;0.0;0.0;0.0
GO:0019730;0.0;0.0;0.0;0.0;0.0;0.0;0.0;0.0;0.0;0.0;0.0;0.2606770958714509;0.0;0.0;0.0;0.0;0.3640576675080751;0.0;0.0;0.0;0.0;0.0;0.0;0.0;0.0;0.641020424959287;0.0;0.2115052970318724;0.26754964377536594;0.0;0.0;0.0;0.0;0.0;0.0;0.0;0.0;0.13420430826875043;0.0;0.0;0.0;0.49660299906830035;1.0;0.0;0.0;0.0;0.0;0.0;0.0;0.0;0.27942665007037526;0.0;0.0;0.0;0.0;0.0;0.15129173993377898;0.0;0.0;0.0;0.0;0.0;0.0;0.0;0.0;0.0;0.0;0.3935165262973156;0.0;0.0;0.0;0.25691103230004475;0.0;0.0;0.0;0.0;0.7629216120699183;0.0;0.0;0.23496320159316886;0.0;0.0;0.615614850880468;0.0;0.0;0.0;0.0;0.0;0.0;0.0;0.0;0.0;0.0;0.0;0.18034900493275924;0.0;0.0
GO:0001818;0.0;0.0;0.42019255313913745;0.45526948242921866;0.0;0.2858252385908121;0.0;0.0;0.0;0.0;0.62878445484915;0.0;0.4423071357100367;0.0;0.40317950363282884;0.41550567604823485;0.0;0.22623283819882306;0.0;0.0;0.4206607519847225;0.4673973349891725;0.0;0.18716214644077064;0.3275464563626329;0.0;0.0;0.0;0.0;0.17789671183773742;0.37509264572253787;0.0;0.0;0.0;0.0;0.17317198393581437;0.0;0.24778393515951364;0.0;0.0;0.0;0.0;0.0;1.0;0.2759884174697251;0.31956528890222613;0.0;0.0;0.21525323424771878;0.0;0.0;0.0;0.0;0.0;0.1732729911224809;0.0;0.0;0.4391556786544757;0.0;0.0;0.4386766097392274;0.0;0.45804394332933573;0.0;0.42352291201779496;0.44551745748454974;0.4472682475670601;0.0;0.0;0.27395126593292524;0.3394931313811929;0.0;0.33005084717818334;0.2622026276771734;0.3651435241692056;0.20369669769875903;0.0;0.0;0.0;0.0;0.0;0.0;0.0;0.0;0.0;0.489672848456064;0.0;0.0;0.20290611966195427;0.5694914822987579;0.32910580617520174;0.2240785014066626;0.48687711472230705;0.0;0.0;0.0;0.34929570464148
