;GO:0002086;GO:0046697;GO:0008625;GO:0045766;GO:0006687;GO:0051005;GO:0031638;GO:0010813;GO:0010815;GO:0015707;GO:0032729;GO:0019886;GO:0019747;GO:0070839;GO:0048011;GO:0002764;GO:0002369;GO:0048255;GO:0014902;GO:0016485;GO:0007193;GO:0008284;GO:0008203;GO:0045944;GO:0043129;GO:0042832;GO:0002576;GO:0097067;GO:0071310;GO:0032147;GO:0010634;GO:1905572;GO:0022617;GO:0008333;GO:0005980;GO:0043410;GO:0005985;GO:0002224;GO:0070574;GO:0071421;GO:0033344;GO:0032496;GO:0019730;GO:0001818;GO:2001235;GO:1903206;GO:0006006;GO:0006886;GO:0006879;GO:0000023;GO:0032526;GO:0006914;GO:0033619;GO:0032367;GO:0006919;GO:0051603;GO:0043312;GO:0045454;GO:0006897;GO:0006895;GO:0038180;GO:0030855;GO:0007218;GO:0045342;GO:0010628;GO:0010506;GO:0002606;GO:0001913;GO:0015914;GO:2001259;GO:0050766;GO:0046718;GO:0046716;GO:0060586;GO:1904037;GO:0007035;GO:0009615;GO:0046836;GO:0060742;GO:0032868;GO:0032509;GO:0034769;GO:0050829;GO:0030163;GO:1902023;GO:0045599;GO:0046323;GO:0060736;GO:0006876;GO:0002026;GO:0043181;GO:0070371;GO:0043066;GO:0006508;GO:0002309;GO:0006909;GO:0002827
GO:0002086;1.0;0.0;0.0;0.0;0.0;0.0;0.0;0.0;0.0;0.0;0.0;0.0;0.0;0.0;0.0;0.0;0.2136320908824978;0.0;0.0;0.0;0.0;0.0;0.0;0.0;0.0;0.0;0.0;0.0;0.0;0.0;0.0;0.0;0.0;0.0;0.0;0.0;0.0;0.0;0.0;0.0;0.0;0.0;0.0;0.0;0.0;0.0;0.0;0.0;0.0;0.0;0.0;0.0;0.0;0.0;0.0;0.0;0.0;0.0;0.0;0.0;0.0;0.0;0.0;0.0;0.0;0.0;0.0;0.0;0.0;0.0;0.0;0.0;0.0;0.22296885092973806;0.0;0.0;0.0;0.0;0.0;0.0;0.0;0.0;0.0;0.0;0.0;0.0;0.0;0.2709131896803701;0.0;0.0;0.0;0.0;0.0;0.0;0.0;0.0;0.0
GO:0046697;0.0;1.0;0.0;0.0;0.0;0.0;0.0;0.0;0.0;0.0;0.0;0.0;0.0;0.0;0.0;0.0;0.0;0.0;0.3517950215661509;0.0;0.0;0.0;0.0;0.0;0.0;0.0;0.0;0.0;0.0;0.0;0.0;0.0;0.0;0.0;0.0;0.0;0.0;0.0;0.0;0.0;0.0;0.0;0.0;0.0;0.0;0.0;0.0;0.0;0.0;0.0;0.0;0.0;0.0;0.0;0.0;0.0;0.0;0.0;0.0;0.0;0.0;0.39719493396580213;0.0;0.0;0.0;0.0;0.0;0.0;0.0;0.0;0.0;0.0;0.0;0.0;0.0;0.0;0.0;0.0;0.5597576718676325;0.0;0.0;0.0;0.0;0.0;0.0;0.0;0.0;0.5562331637400857;0.0;0.0;0.0;0.0;0.0;0.0;0.0;0.0;0.0
GO:0008625;0.0;0.0;1.0;0.31370917369355183;0.2149794938482288;0.25025452073415755;0.0;0.21516988791097535;0.2011618699598922;0.0;0.3694412343717963;0.0;0.4824629757065307;0.0;0.7056462441254123;0.6458227138359665;0.0;0.20218890628611874;0.2999379579393759;0.0;0.6481163977846436;0.5064460394994891;0.0;0.21534886015685967;0.2855142102216322;0.0;0.2605327922888103;0.23101025436653225;0.2989570118001391;0.1981464856618308;0.3297815785320834;0.0;0.2996731314388795;0.0;0.14814432732157398;0.1949350536685789;0.26093857135245824;0.37862897200388174;0.0;0.0;0.0;0.0;0.0;0.40529482923771815;0.3011123801547115;0.2704170445984521;0.0;0.0;0.26603972047501606;0.26093857135245824;0.0;0.29881530835631;0.0;0.0;0.19072543662355354;0.0;0.17190398496331563;0.5817663204713815;0.0;0.0;0.7703315739168316;0.3323237427412264;0.7106691583545935;0.0;0.3692476162158035;0.48303210498897553;0.3692178646089066;0.0;0.0;0.22748464744156235;0.36458128324840333;0.0;0.40684205607779483;0.23098498661026737;0.3923317912510081;0.25046890103485725;0.0;0.0;0.2843812374317063;0.0;0.0;0.2857202135618499;0.0;0.0;0.0;0.42408330328125204;0.0;0.0;0.2504347916266102;0.3851230836053692;0.40543459643944063;0.36800617447780515;0.4240775779325256;0.0;0.20016925415882555;0.0;0.2922825662700309
GO:0045766;0.0;0.0;0.31370917369355183;1.0;0.0;0.21564150615318725;0.0;0.0;0.0;0.0;0.5466658113342007;0.0;0.32638189849606314;0.0;0.30231657079484237;0.31261004830204187;0.0;0.187785845252839;0.0;0.0;0.3135552916110863;0.42482882318429854;0.0;0.19908527315003385;0.2413216509326692;0.0;0.0;0.0;0.0;0.1842938669233561;0.4078930553189219;0.0;0.0;0.0;0.0;0.181512616380157;0.0;0.24396347788801692;0.0;0.0;0.0;0.0;0.0;0.4248154595444733;0.27024365190304406;0.1962806846424822;0.0;0.0;0.1732940662267957;0.0;0.0;0.0;0.0;0.0;0.17785732004970908;0.0;0.0;0.32415802981687547;0.0;0.0;0.32575035319161877;0.0;0.3389558057642082;0.0;0.3926600441948494;0.3267072865898671;0.39263311844348414;0.0;0.0;0.25658158731330294;0.32028515178313494;0.0;0.25028699978363167;0.20117971530718695;0.34150576410061284;0.16421979570341969;0.0;0.0;0.0;0.0;0.0;0.0;0.0;0.0;0.0;0.36531381667126733;0.0;0.0;0.164199787174644;0.4069360363784207;0.24955973349558608;0.1902608143205762;0.2923581583251952;0.0;0.0;0.0;0.3207742165181881
GO:0006687;0.0;0.0;0.2149794938482288;0.0;1.0;0.0;0.47446155001970663;0.4806344957104297;0.4544952425800962;0.0;0.0;0.0;0.0;0.0;0.20772084822111436;0.2142808719217274;0.0;0.0;0.23182244347457787;0.49024022117962673;0.21488170533069836;0.0;0.3919580034064416;0.0;0.0;0.0;0.20755880262957668;0.18837941898338884;0.23123601379622827;0.0;0.0;0.0;0.2316642106320139;0.0;0.3077282836740944;0.0;0.49432782673515197;0.13757529305184757;0.0;0.0;0.0;0.0;0.0;0.0;0.0;0.0;0.37639243570768394;0.0;0.1636991548657693;0.49432782673515197;0.0;0.3915195331129118;0.5071133585233738;0.0;0.0;0.5071133585233738;0.1471275371888597;0.22160322255597859;0.0;0.0;0.22260981730022125;0.2507059078024797;0.23092924096751724;0.3115044306646958;0.0;0.0;0.0;0.0;0.0;0.0;0.0;0.0;0.23075277991528415;0.0;0.0;0.15557836695178925;0.0;0.0;0.22241845728885554;0.0;0.0;0.22323667201731057;0.0;0.45828580137244357;0.0;0.0;0.0;0.0;0.15556040864681223;0.0;0.2301344656624093;0.4089819544211459;0.0;0.5252766054156205;0.16735293694968148;0.0;0.0
GO:0051005;0.0;0.0;0.25025452073415755;0.21564150615318725;0.0;1.0;0.0;0.0;0.0;0.0;0.2508383282115077;0.0;0.2612021500120143;0.0;0.24047255969542153;0.24930832609004194;0.0;0.11512259523601598;0.0;0.0;0.25012201787806343;0.27303795425469213;0.0;0.12231871637245668;0.2613421608693757;0.0;0.0;0.0;0.0;0.19129467982938883;0.18345398448672298;0.0;0.0;0.0;0.0;0.11114109082313929;0.0;0.1512156443978357;0.0;0.0;0.0;0.0;0.0;0.27302862102005204;0.16837551874639525;0.15205683528855113;0.0;0.0;0.18338218544631626;0.0;0.0;0.0;0.0;0.0;0.22082560201385842;0.0;0.0;0.2592759122573421;0.0;0.0;0.2606549061681414;0.0;0.27213430640471387;0.0;0.2507175450704414;0.2614841724151617;0.2506989844707276;0.0;0.0;0.21573552725439077;0.20154873205512863;0.0;0.2718892881812159;0.21490428152367624;0.215817283031043;0.17325154762002262;0.0;0.0;0.0;0.0;0.0;0.0;0.0;0.0;0.0;0.23197090785420055;0.0;0.0;0.17322927786310785;0.26058695882981425;0.271031278550608;0.1471754158945008;0.23196801146050328;0.0;0.0;0.0;0.2018762128393074
GO:0031638;0.0;0.0;0.0;0.0;0.47446155001970663;0.0;1.0;0.405754035915767;0.3808808319750021;0.0;0.0;0.0;0.0;0.0;0.0;0.0;0.0;0.0;0.0;0.9613362466450125;0.0;0.0;0.377790363992904;0.0;0.0;0.0;0.0;0.0;0.0;0.0;0.0;0.0;0.0;0.0;0.2859218705570146;0.0;0.4069256575307095;0.0;0.0;0.0;0.0;0.0;0.0;0.0;0.0;0.0;0.4428061006001002;0.0;0.0;0.4069256575307095;0.0;0.27361427249121895;0.8386852022177346;0.0;0.0;0.8386852022177346;0.0;0.0;0.0;0.0;0.0;0.0;0.0;0.46058965671857044;0.0;0.0;0.0;0.0;0.0;0.0;0.0;0.0;0.0;0.0;0.0;0.0;0.0;0.0;0.0;0.0;0.0;0.0;0.0;0.6738596779690813;0.0;0.0;0.0;0.0;0.0;0.0;0.0;0.4436974746206277;0.0;0.8740196841729755;0.0;0.0;0.0
GO:0010813;0.0;0.0;0.21516988791097535;0.0;0.4806344957104297;0.0;0.405754035915767;1.0;0.8919609354098142;0.0;0.0;0.0;0.0;0.0;0.20789859695557691;0.21447002999814627;0.0;0.0;0.2320438551013042;0.41925935350200066;0.21507192614570517;0.0;0.26183140752704726;0.0;0.0;0.0;0.2077362740257887;0.18852559584946693;0.23145630611965126;0.0;0.0;0.0;0.23188531996408995;0.0;0.39201270886692136;0.0;0.4235237901174001;0.13765324047412536;0.0;0.0;0.0;0.0;0.0;0.0;0.0;0.0;0.30016823333433723;0.0;0.16380952726058642;0.4235237901174001;0.0;0.5460378622879508;0.4337022746992754;0.0;0.0;0.4337022746992754;0.14721668811930055;0.22180553533852887;0.0;0.0;0.22281397304609743;0.25096487955124;0.2311489488925539;0.311802227977604;0.0;0.0;0.0;0.0;0.0;0.0;0.0;0.0;0.23097215203621418;0.0;0.0;0.1556780569257283;0.0;0.0;0.22262226203190238;0.0;0.0;0.22344197969075658;0.0;0.5848066622480831;0.0;0.0;0.0;0.0;0.15566007560041617;0.0;0.23035266316424308;0.36321819102710734;0.0;0.449250446260302;0.1674682931131562;0.0;0.0
GO:0010815;0.0;0.0;0.2011618699598922;0.0;0.4544952425800962;0.0;0.3808808319750021;0.8919609354098142;1.0;0.0;0.0;0.0;0.0;0.0;0.19479250154561198;0.2005500407745172;0.0;0.0;0.21583537715134626;0.3927568846834419;0.20107624550575168;0.0;0.2462856179569941;0.0;0.0;0.0;0.19464999244389683;0.1776845890648205;0.21532695318562464;0.0;0.0;0.0;0.21569820960309652;0.0;0.37625144948160155;0.0;0.3968130080362106;0.1317824892396116;0.0;0.0;0.0;0.0;0.0;0.0;0.0;0.0;0.2799128895168575;0.0;0.1555625690187201;0.3968130080362106;0.0;0.5079994507645617;0.405404028223303;0.0;0.0;0.405404028223303;0.14052169764952566;0.20695003076670918;0.0;0.0;0.2078276438377794;0.23211270731552286;0.21506091598138186;0.29000334620817797;0.0;0.0;0.0;0.0;0.0;0.0;0.0;0.0;0.21490786476160312;0.0;0.0;0.14821087052799098;0.0;0.0;0.2076608446310471;0.0;0.0;0.20837390924473778;0.0;0.5501079305299588;0.0;0.0;0.0;0.0;0.1481945727117858;0.0;0.21437145100406882;0.3480892978143517;0.0;0.4189577122225899;0.15885850249264358;0.0;0.0
GO:0015707;0.0;0.0;0.0;0.0;0.0;0.0;0.0;0.0;0.0;1.0;0.0;0.0;0.0;0.5778457772475076;0.0;0.0;0.0;0.0;0.0;0.0;0.0;0.0;0.0;0.0;0.0;0.0;0.45923491249727333;0.0;0.0;0.0;0.0;0.5784286042396174;0.0;0.4591007640859662;0.0;0.0;0.0;0.0;0.43629639378648755;0.46900891654874755;0.48327842279102473;0.0;0.0;0.0;0.0;0.0;0.0;0.44861175774597967;0.0;0.0;0.0;0.0;0.0;0.3910055745365114;0.0;0.0;0.29831080191362624;0.0;0.56109088348362;0.44004356574003317;0.0;0.0;0.0;0.0;0.0;0.0;0.0;0.0;0.6421018004440842;0.0;0.0;0.0;0.0;0.0;0.0;0.0;0.0;0.5324294940188224;0.0;0.0;0.45983886703688265;0.0;0.0;0.0;0.5595430217736164;0.0;0.44211578000236695;0.0;0.0;0.0;0.3129151158543796;0.0;0.0;0.0;0.0;0.532424802638261;0.0
GO:0032729;0.0;0.0;0.3694412343717963;0.5466658113342007;0.0;0.2508383282115077;0.0;0.0;0.0;0.0;1.0;0.0;0.38714372238379596;0.0;0.35374243926861415;0.3679178366629608;0.0;0.20241401962201414;0.0;0.0;0.369227838258088;0.5078607943061844;0.0;0.21560424975554107;0.28627436847891935;0.0;0.0;0.0;0.0;0.19836268265943394;0.45975489297235117;0.0;0.0;0.0;0.0;0.19514429578993261;0.0;0.2692421689470758;0.0;0.0;0.0;0.0;0.0;0.6073160391092883;0.30161193185498997;0.21673781802700223;0.0;0.0;0.19531847251160286;0.0;0.0;0.0;0.0;0.0;0.190925734525035;0.0;0.0;0.3840187160449131;0.0;0.0;0.38625546176920517;0.0;0.40496293924258764;0.0;0.462558970494721;0.38760162653960323;0.46252160563784867;0.0;0.0;0.2846934518601217;0.36531387808218085;0.0;0.29897880720981024;0.2314822600812838;0.3931802848011815;0.18386729048881315;0.0;0.0;0.0;0.0;0.0;0.0;0.0;0.0;0.0;0.34018847466936913;0.0;0.0;0.1838422082231772;0.482499055958618;0.29794163171347715;0.20942111570217156;0.3401838712069252;0.0;0.0;0.0;0.36595026071927783
GO:0019886;0.0;0.0;0.0;0.0;0.0;0.0;0.0;0.0;0.0;0.0;0.0;1.0;0.0;0.0;0.0;0.0;0.22987285496459542;0.0;0.0;0.0;0.0;0.0;0.0;0.0;0.0;0.0;0.0;0.0;0.0;0.0;0.0;0.0;0.0;0.0;0.0;0.0;0.0;0.16355755804866062;0.0;0.0;0.0;0.0;0.2713704341136918;0.0;0.0;0.0;0.0;0.0;0.0;0.0;0.0;0.0;0.0;0.0;0.0;0.0;0.17723794308642096;0.0;0.0;0.0;0.0;0.0;0.0;0.0;0.0;0.0;0.0;0.24851814247238962;0.0;0.0;0.0;0.0;0.0;0.0;0.0;0.0;0.0;0.0;0.0;0.0;0.0;0.0;0.0;0.0;0.0;0.0;0.0;0.0;0.0;0.0;0.0;0.0;0.0;0.0;0.20743857517462855;0.0;0.0
GO:0019747;0.0;0.0;0.4824629757065307;0.32638189849606314;0.0;0.2612021500120143;0.0;0.0;0.0;0.0;0.38714372238379596;0.0;1.0;0.0;0.46107717228266637;0.4803841221627735;0.0;0.32771912016317073;0.0;0.0;0.48217172525827856;0.5331939124998529;0.0;0.3495144297029696;0.2998524810153696;0.0;0.0;0.0;0.0;0.3210357628100471;0.34091804125971975;0.0;0.0;0.0;0.0;0.31573017384493973;0.0;0.27619920549386723;0.0;0.0;0.0;0.0;0.0;0.42669957086772264;0.3103695582872406;0.2778597458535796;0.0;0.0;0.20154527709986095;0.0;0.0;0.0;0.0;0.0;0.30878069960761123;0.0;0.0;0.5023948474535301;0.0;0.0;0.505459457810039;0.0;0.5311568219332274;0.0;0.4834810749558225;0.7060338065872859;0.38689844047851596;0.0;0.0;0.23407523729405105;0.3782407444767857;0.0;0.313820054099458;0.24028028408722316;0.4081950392725823;0.18937507037125986;0.0;0.0;0.0;0.0;0.0;0.0;0.0;0.0;0.0;0.44267893432248345;0.0;0.0;0.18934846301955843;0.40439952712647764;0.31267754927323593;0.2682442764798748;0.44267269586742614;0.0;0.0;0.0;0.30325302464394477
GO:0070839;0.0;0.0;0.0;0.0;0.0;0.0;0.0;0.0;0.0;0.5778457772475076;0.0;0.0;0.0;1.0;0.0;0.0;0.0;0.0;0.0;0.0;0.0;0.0;0.0;0.0;0.0;0.0;0.44026420611975003;0.0;0.0;0.0;0.0;0.42095585353405807;0.0;0.4401409104747264;0.0;0.0;0.0;0.0;0.6957475626873165;0.6001692661560424;0.4623146110362442;0.0;0.0;0.0;0.0;0.0;0.0;0.3619976318030523;0.0;0.0;0.0;0.0;0.0;0.3771682138640265;0.0;0.0;0.2901884040245753;0.0;0.5330288489939851;0.42259517276894293;0.0;0.0;0.0;0.0;0.0;0.0;0.0;0.0;0.5287511547028214;0.0;0.0;0.0;0.0;0.0;0.0;0.0;0.0;0.5070964208599331;0.0;0.0;0.44081926316456777;0.0;0.0;0.0;0.47452577246702915;0.0;0.42450595540700037;0.0;0.0;0.0;0.29816718992149177;0.0;0.0;0.0;0.0;0.5070921652900562;0.0
GO:0048011;0.0;0.0;0.7056462441254123;0.30231657079484237;0.20772084822111436;0.24047255969542153;0.0;0.20789859695557691;0.19479250154561198;0.0;0.35374243926861415;0.0;0.46107717228266637;0.0;1.0;0.6185539533584838;0.0;0.19833375073200465;0.28599458903765734;0.0;0.6206577172528599;0.4829330388764061;0.0;0.21098094918766094;0.27285133626031616;0.0;0.24994780847462117;0.2226497599630169;0.2851025908573908;0.19444253153669958;0.3196474683921055;0.0;0.28575380258973565;0.0;0.14466083807638114;0.1913491028355992;0.2503212615441374;0.3690895922869461;0.0;0.0;0.0;0.0;0.0;0.3864786947249289;0.2926410460451704;0.26356516027640386;0.0;0.0;0.25786767980419717;0.2503212615441374;0.0;0.28497371404524136;0.0;0.0;0.18729132631436848;0.0;0.16723113797535707;0.5561772425323113;0.0;0.0;0.8243440347398544;0.3152922342507137;0.6777888137696445;0.0;0.35356492251351224;0.4615969378227965;0.3535376443670884;0.0;0.0;0.22143361568718486;0.35223558778153663;0.0;0.38803652630646696;0.22262628794963704;0.3780719112070394;0.24321240996320947;0.0;0.0;0.2718164499714902;0.0;0.0;0.27303946583714894;0.0;0.0;0.0;0.4074707799826549;0.0;0.0;0.24318024820813508;0.36809397004315697;0.3867559692387248;0.35898818436175384;0.40746549440123464;0.0;0.1938616033587433;0.0;0.28236847509352714
GO:0002764;0.0;0.0;0.6458227138359665;0.31261004830204187;0.2142808719217274;0.24930832609004194;0.0;0.21447002999814627;0.2005500407745172;0.0;0.3679178366629608;0.0;0.4803841221627735;0.0;0.6185539533584838;1.0;0.0;0.20182289118426316;0.2985797895787898;0.0;0.645452148514499;0.5041558613937122;0.0;0.21493369743966748;0.28428325916605446;0.0;0.25950743794593917;0.23020375240514593;0.29760769270046944;0.19779494721815194;0.32880896278174626;0.0;0.2983173549548057;0.0;0.147812236261179;0.23345490608471997;0.25991002685415565;0.5872691195723797;0.0;0.0;0.0;0.0;0.0;0.40346213113719;0.36027073576792457;0.323633673343963;0.0;0.0;0.26525542234887406;0.25991002685415565;0.0;0.29746726520441225;0.0;0.0;0.19039971531488936;0.0;0.17145698971146262;0.5792796798889414;0.0;0.0;0.675011926772895;0.33065725853458183;0.707467083342459;0.0;0.3677258115758587;0.48094835457501584;0.4594466563348462;0.0;0.0;0.2269061313917687;0.36339293942653755;0.0;0.4050107421150829;0.23017866076067883;0.39095599968770817;0.24977360336566254;0.0;0.0;0.2831600153794856;0.0;0.0;0.2844874893960175;0.0;0.0;0.0;0.42247627043592284;0.0;0.0;0.2497396830560873;0.383467901981249;0.40361590300595235;0.36714567360438083;0.4224705883962766;0.0;0.19956343902045803;0.0;0.5066450833499744
GO:0002369;0.2136320908824978;0.0;0.0;0.0;0.0;0.0;0.0;0.0;0.0;0.0;0.0;0.22987285496459542;0.0;0.0;0.0;0.0;1.0;0.0;0.0;0.0;0.0;0.0;0.0;0.0;0.0;0.20565749639828046;0.0;0.1929709160711507;0.23819287340364656;0.0;0.0;0.0;0.0;0.0;0.0;0.0;0.0;0.14000818530074322;0.0;0.0;0.0;0.21324866621851934;0.3596204888875603;0.0;0.0;0.0;0.0;0.0;0.0;0.0;0.2387305625992699;0.0;0.0;0.0;0.0;0.0;0.20130954167545234;0.0;0.0;0.0;0.0;0.0;0.0;0.0;0.0;0.0;0.0;0.7296092845594094;0.0;0.0;0.0;0.0;0.0;0.19295328430969383;0.0;0.0;0.2379469508281873;0.0;0.0;0.2066048666399339;0.0;0.0;0.19910695705776593;0.0;0.0;0.0;0.0;0.2278480682825651;0.0;0.0;0.0;0.0;0.0;0.0;0.2295808564663976;0.0;0.0
GO:0048255;0.0;0.0;0.20218890628611874;0.187785845252839;0.0;0.11512259523601598;0.0;0.0;0.0;0.0;0.20241401962201414;0.0;0.32771912016317073;0.0;0.19833375073200465;0.20182289118426316;0.0;1.0;0.0;0.0;0.20213773744336114;0.2526390528148229;0.0;0.4485147249710463;0.16516055890334455;0.0;0.0;0.0;0.0;0.3278159137032583;0.20661540410263476;0.0;0.0;0.0;0.0;0.3243676238313324;0.0;0.18474657083798027;0.0;0.0;0.0;0.0;0.0;0.21058234431368508;0.1968286258817008;0.21500493249946653;0.0;0.0;0.1378004738043769;0.0;0.0;0.0;0.0;0.0;0.3197866721643127;0.0;0.0;0.2485514137451765;0.0;0.0;0.20611884806157899;0.0;0.21026713307378175;0.0;0.43772541763534;0.3671640603086334;0.20236033913240364;0.0;0.0;0.1589277161666586;0.21745505369340634;0.0;0.1682080400295866;0.15002041962683735;0.22538075395250012;0.13346655276753694;0.0;0.0;0.0;0.0;0.0;0.0;0.0;0.0;0.0;0.27114109907896955;0.0;0.0;0.13345678522123083;0.20798289960344166;0.16796493086306796;0.15148950838310613;0.27113941718286344;0.0;0.0;0.0;0.18141476698206052
GO:0014902;0.0;0.3517950215661509;0.2999379579393759;0.0;0.23182244347457787;0.0;0.0;0.2320438551013042;0.21583537715134626;0.0;0.0;0.0;0.0;0.0;0.28599458903765734;0.2985797895787898;0.0;0.0;1.0;0.0;0.2997476404991379;0.0;0.0;0.0;0.0;0.0;0.28568749949275923;0.25057306633003257;0.3325571159608579;0.0;0.0;0.0;0.3334434910117565;0.0;0.15595237873515005;0.0;0.2861754914186426;0.16803437142813923;0.0;0.0;0.0;0.0;0.0;0.0;0.0;0.0;0.0;0.0;0.20871670188461716;0.2861754914186426;0.0;0.33238177948542214;0.0;0.0;0.0;0.0;0.1825070447900401;0.3129904032058628;0.0;0.0;0.3150021756192739;0.7565956009339477;0.3319229746473803;0.0;0.0;0.0;0.0;0.0;0.0;0.0;0.0;0.0;0.3315585392724928;0.0;0.0;0.1956929839566256;0.0;0.0;0.6358399754474515;0.0;0.0;0.31625882247380677;0.0;0.0;0.0;0.0;0.0;0.31273324355957494;0.19566457177965732;0.0;0.33028348776018107;0.16306020800464224;0.0;0.0;0.2146930806999579;0.0;0.0
GO:0016485;0.0;0.0;0.0;0.0;0.49024022117962673;0.0;0.9613362466450125;0.41925935350200066;0.3927568846834419;0.0;0.0;0.0;0.0;0.0;0.0;0.0;0.0;0.0;0.0;1.0;0.0;0.0;0.3918148690364536;0.0;0.0;0.0;0.0;0.0;0.0;0.0;0.0;0.0;0.0;0.0;0.2925380101785503;0.0;0.42324343701208356;0.0;0.0;0.0;0.0;0.0;0.0;0.0;0.0;0.0;0.46219693093139336;0.0;0.0;0.42324343701208356;0.0;0.28611117939581887;0.8738302953085701;0.0;0.0;0.8738302953085701;0.0;0.0;0.0;0.0;0.0;0.0;0.0;0.48172681417937313;0.0;0.0;0.0;0.0;0.0;0.0;0.0;0.0;0.0;0.0;0.0;0.0;0.0;0.0;0.0;0.0;0.0;0.0;0.0;0.6988538577662495;0.0;0.0;0.0;0.0;0.0;0.0;0.0;0.4543980332904958;0.0;0.9122560479813023;0.0;0.0;0.0
GO:0007193;0.0;0.0;0.6481163977846436;0.3135552916110863;0.21488170533069836;0.25012201787806343;0.0;0.21507192614570517;0.20107624550575168;0.0;0.369227838258088;0.0;0.48217172525827856;0.0;0.6206577172528599;0.645452148514499;0.0;0.20213773744336114;0.2997476404991379;0.0;1.0;0.5061251230738948;0.0;0.21529081460425345;0.28534175178862764;0.0;0.2603891849214981;0.2308973419827856;0.2987679367970362;0.19809734218323258;0.32964547343779266;0.0;0.29948314982068563;0.0;0.14809788378708347;0.19488749006222944;0.2607945164243442;0.37850157214749774;0.0;0.0;0.0;0.0;0.0;0.4050380182777442;0.3009989066674984;0.27032552333936366;0.0;0.0;0.26592996813170033;0.2607945164243442;0.0;0.2986264124944471;0.0;0.0;0.1906799048658498;0.0;0.1718414525393579;0.5814179488494267;0.0;0.0;0.6775180334656657;0.3320901234433835;0.8070275695611119;0.0;0.36903444365383214;0.48274016720600915;0.3690047263877951;0.0;0.0;0.2274037198979402;0.3644149452693073;0.0;0.4065854436391494;0.2308720989197056;0.39213917425616795;0.2503716175895735;0.0;0.0;0.2842101445664282;0.0;0.0;0.2855475062509716;0.0;0.0;0.0;0.4238582565583399;0.0;0.0;0.25033753467092695;0.3848911924282692;0.40517975586187055;0.36788582185353763;0.42385253728445965;0.0;0.20008447245467997;0.0;0.292148982409126
GO:0008284;0.0;0.0;0.5064460394994891;0.42482882318429854;0.0;0.27303795425469213;0.0;0.0;0.0;0.0;0.5078607943061844;0.0;0.5331939124998529;0.0;0.4829330388764061;0.5041558613937122;0.0;0.2526390528148229;0.0;0.0;0.5061251230738948;1.0;0.0;0.3129593834375936;0.3155554334054356;0.0;0.0;0.0;0.0;0.28694312986081044;0.49082846683159587;0.0;0.0;0.0;0.0;0.28210660963729206;0.0;0.3405888709204191;0.0;0.0;0.0;0.0;0.0;0.4502631887291934;0.44546508152575065;0.28565029005224885;0.0;0.0;0.20851985691694275;0.0;0.0;0.0;0.0;0.0;0.27577643137459074;0.0;0.0;0.5284539728781902;0.0;0.0;0.5318458232165062;0.0;0.5603718683633414;0.0;0.5075679909189924;0.5338891083744354;0.5075230011103292;0.0;0.0;0.3011283633353764;0.5466347757562552;0.0;0.33106207346500505;0.2502597463843861;0.5917316707149096;0.19551992822830394;0.0;0.0;0.0;0.0;0.0;0.0;0.0;0.0;0.0;0.4627873486954749;0.0;0.0;0.19549156627653555;0.4255036471587186;0.32979083022138633;0.2754979212419921;0.4627805306166598;0.0;0.0;0.0;0.39356061085596855
GO:0008203;0.0;0.0;0.0;0.0;0.3919580034064416;0.0;0.377790363992904;0.26183140752704726;0.2462856179569941;0.0;0.0;0.0;0.0;0.0;0.0;0.0;0.0;0.0;0.0;0.3918148690364536;0.0;0.0;1.0;0.0;0.0;0.0;0.0;0.0;0.0;0.0;0.0;0.0;0.0;0.0;0.23304782879989006;0.0;0.3907480520552005;0.0;0.0;0.0;0.0;0.0;0.0;0.0;0.0;0.0;0.509835400639967;0.0;0.0;0.3907480520552005;0.0;0.26135552812610263;0.4069287656170695;0.0;0.0;0.4069287656170695;0.0;0.0;0.0;0.0;0.0;0.0;0.0;0.3523858561613915;0.0;0.0;0.0;0.0;0.0;0.0;0.0;0.0;0.0;0.0;0.0;0.0;0.0;0.0;0.0;0.0;0.0;0.0;0.0;0.36352106259973155;0.0;0.0;0.0;0.0;0.0;0.0;0.0;0.24241993447425647;0.0;0.4233345804004026;0.0;0.0;0.0
GO:0045944;0.0;0.0;0.21534886015685967;0.19908527315003385;0.0;0.12231871637245668;0.0;0.0;0.0;0.0;0.21560424975554107;0.0;0.3495144297029696;0.0;0.21098094918766094;0.21493369743966748;0.0;0.4485147249710463;0.0;0.0;0.21529081460425345;0.3129593834375936;0.0;1.0;0.13017638953741992;0.0;0.0;0.0;0.0;0.41696836193621395;0.25281646988705897;0.0;0.0;0.0;0.0;0.41240789148537454;0.0;0.19376507689720388;0.0;0.0;0.0;0.0;0.0;0.17998504332189988;0.24021647965759804;0.16207801874780714;0.0;0.0;0.10742782155960907;0.0;0.0;0.0;0.0;0.0;0.4063553999077452;0.0;0.0;0.21923111177738602;0.0;0.0;0.2198126773420494;0.0;0.2245367843029085;0.0;0.4662426386924686;0.3064057203469486;0.2155433462321519;0.0;0.0;0.16694694458858164;0.2668487018839391;0.0;0.13274129212613522;0.1175265230103436;0.2771601694935627;0.1038697999067681;0.0;0.0;0.0;0.0;0.0;0.0;0.0;0.0;0.0;0.20704346765850998;0.0;0.0;0.10386179489126379;0.175893758491219;0.1325364487045633;0.15875849722302718;0.20704210299473738;0.0;0.0;0.0;0.1919389967798531
GO:0043129;0.0;0.0;0.2855142102216322;0.2413216509326692;0.0;0.2613421608693757;0.0;0.0;0.0;0.0;0.28627436847891935;0.0;0.2998524810153696;0.0;0.27285133626031616;0.28428325916605446;0.0;0.16516055890334455;0.0;0.0;0.28534175178862764;0.3155554334054356;0.0;0.13017638953741992;1.0;0.0;0.0;0.0;0.0;0.11956693002472178;0.20171542726775274;0.0;0.0;0.0;0.0;0.11759043376388617;0.0;0.16340955465759868;0.0;0.0;0.0;0.0;0.0;0.3155429671748736;0.1836335998225179;0.16439232233917414;0.0;0.0;0.4077278034946597;0.0;0.0;0.0;0.0;0.0;0.11500156354617602;0.0;0.0;0.502237515097326;0.0;0.0;0.2991315261668538;0.0;0.3143490628280435;0.0;0.28611705935464454;0.3002242000479661;0.28609288774803987;0.0;0.0;0.17304733115218957;0.22380877535618948;0.0;0.6350069191580558;0.4861276883787176;0.2415418075626527;0.383097805439296;0.0;0.0;0.0;0.0;0.0;0.0;0.0;0.0;0.0;0.2619579733026879;0.0;0.0;0.3830439589735132;0.4046475652162482;0.4233699129395946;0.15870159566116043;0.26195427967521384;0.0;0.0;0.0;0.22421266046891447
GO:0042832;0.0;0.0;0.0;0.0;0.0;0.0;0.0;0.0;0.0;0.0;0.0;0.0;0.0;0.0;0.0;0.0;0.20565749639828046;0.0;0.0;0.0;0.0;0.0;0.0;0.0;0.0;1.0;0.0;0.21431786434968328;0.27158289880313913;0.0;0.0;0.0;0.0;0.0;0.0;0.0;0.0;0.0;0.0;0.0;0.0;0.4826860619392306;0.6440146368112805;0.0;0.0;0.0;0.0;0.0;0.0;0.0;0.27228212239265687;0.0;0.0;0.0;0.0;0.0;0.0;0.0;0.0;0.0;0.0;0.0;0.0;0.0;0.0;0.0;0.0;0.22045497587212678;0.0;0.0;0.0;0.2608957539097254;0.0;0.0;0.0;0.0;0.7332442444428878;0.0;0.0;0.2312675808982688;0.0;0.0;0.8216876074322521;0.0;0.0;0.0;0.0;0.0;0.0;0.0;0.0;0.0;0.0;0.0;0.0;0.0;0.0
GO:0002576;0.0;0.0;0.2605327922888103;0.0;0.20755880262957668;0.0;0.0;0.2077362740257887;0.19464999244389683;0.45923491249727333;0.0;0.0;0.0;0.44026420611975003;0.24994780847462117;0.25950743794593917;0.0;0.0;0.28568749949275923;0.0;0.2603891849214981;0.0;0.0;0.0;0.0;0.0;1.0;0.22246359533815202;0.28479741288706695;0.0;0.0;0.33901879790269407;0.28544722964371405;0.5034914334516248;0.14458222734005322;0.0;0.2500859717733656;0.15490837290299217;0.33972905413274274;0.36335403399012106;0.44076648539642066;0.0;0.0;0.0;0.0;0.0;0.0;0.34865134688406907;0.18884139941307673;0.2500859717733656;0.0;0.2846688117682641;0.0;0.36270220918272705;0.0;0.0;0.6155063474453838;0.27032493958227094;0.6040792609215276;0.4842788615328428;0.27182430911294475;0.3149190458150008;0.28433220766021844;0.0;0.0;0.0;0.0;0.0;0.42195860755008724;0.0;0.0;0.0;0.2840647430131538;0.0;0.0;0.17811625175443643;0.0;0.48128814314981444;0.27153903877280916;0.0;0.5042328615240104;0.2727595539297483;0.0;0.0;0.32867596745118915;0.0;0.4062686603399659;0.0;0.1780927139062077;0.0;0.38634440627738004;0.15067117262109125;0.0;0.0;0.19372045258868154;0.5761813001144741;0.0
GO:0097067;0.0;0.0;0.23101025436653225;0.0;0.18837941898338884;0.0;0.0;0.18852559584946693;0.1776845890648205;0.0;0.0;0.0;0.0;0.0;0.2226497599630169;0.23020375240514593;0.1929709160711507;0.0;0.25057306633003257;0.0;0.2308973419827856;0.0;0.0;0.0;0.0;0.21431786434968328;0.22246359533815202;1.0;0.7541477055155517;0.0;0.0;0.0;0.2503882116410955;0.0;0.13500736767771393;0.0;0.22275938563586944;0.14396873101029223;0.0;0.0;0.0;0.3735629179479474;0.2213909254632713;0.0;0.0;0.0;0.0;0.0;0.1728317853374856;0.22275938563586944;0.42039830219132834;0.2497890632780073;0.0;0.0;0.0;0.0;0.15446329690430485;0.23867627417039425;0.0;0.0;0.23984435534672838;0.27278111011697376;0.24952985468221434;0.0;0.0;0.0;0.0;0.20594148399702647;0.0;0.0;0.0;0.0;0.2493238347184967;0.0;0.0;0.16380460249648907;0.2496174240865205;0.0;0.2396222327902264;0.5053974402611737;0.0;0.24057218872265815;0.20721354313715257;0.0;0.0;0.0;0.0;0.0;0.16378469500790713;0.0;0.24860214698455932;0.14030177850558173;0.0;0.0;0.17690969995509762;0.0;0.0
GO:0071310;0.0;0.0;0.2989570118001391;0.0;0.23123601379622827;0.0;0.0;0.23145630611965126;0.21532695318562464;0.0;0.0;0.0;0.0;0.0;0.2851025908573908;0.29760769270046944;0.23819287340364656;0.0;0.3325571159608579;0.0;0.2987679367970362;0.0;0.0;0.0;0.0;0.27158289880313913;0.28479741288706695;0.7541477055155517;1.0;0.0;0.0;0.0;0.33223158719520685;0.0;0.15568676612531027;0.0;0.2852823661983919;0.16772605005378366;0.0;0.0;0.0;0.47830135190834355;0.2830417792146398;0.0;0.0;0.0;0.0;0.0;0.2082412255539586;0.2852823661983919;0.5578789781497286;0.3311775670493312;0.0;0.0;0.0;0.0;0.18214338270968694;0.3119223754503223;0.0;0.0;0.313920397787789;0.37284310042605817;0.33072207839234646;0.0;0.0;0.0;0.0;0.2582712263488188;0.0;0.0;0.0;0.0;0.33036027386183814;0.0;0.0;0.19527493538273738;0.330875923375794;0.0;0.3135399907632118;0.4585938550404983;0.0;0.315168411232683;0.26027502392963503;0.0;0.0;0.0;0.0;0.0;0.19524664445819673;0.0;0.329094404273508;0.16276985457821852;0.0;0.0;0.21419001783146713;0.0;0.0
GO:0032147;0.0;0.0;0.1981464856618308;0.1842938669233561;0.0;0.19129467982938883;0.0;0.0;0.0;0.0;0.19836268265943394;0.0;0.3210357628100471;0.0;0.19444253153669958;0.19779494721815194;0.0;0.3278159137032583;0.0;0.0;0.19809734218323258;0.28694312986081044;0.0;0.41696836193621395;0.11956693002472178;0.0;0.0;0.0;0.0;1.0;0.23556311335637875;0.0;0.0;0.0;0.0;0.7226525010825778;0.0;0.1819198525474442;0.0;0.0;0.0;0.0;0.0;0.16502314961045952;0.22458687076759953;0.1521372681203971;0.0;0.0;0.10009802002995777;0.0;0.0;0.0;0.0;0.0;0.5785548533519249;0.0;0.0;0.2014285440576111;0.0;0.0;0.20191938727527112;0.0;0.20589872841388304;0.0;0.35275986699970985;0.281427250489338;0.19831112923234182;0.0;0.0;0.2206503809475316;0.2476994797432078;0.0;0.12172731796705198;0.10880978860319314;0.2565595644344868;0.09700196589567502;0.0;0.0;0.0;0.0;0.0;0.0;0.0;0.0;0.0;0.191093259755019;0.0;0.0;0.0969949844257345;0.16157728625840814;0.12155503527157781;0.14920877393660287;0.19109209725342982;0.0;0.0;0.0;0.17815365895357962
GO:0010634;0.0;0.0;0.3297815785320834;0.4078930553189219;0.0;0.18345398448672298;0.0;0.0;0.0;0.0;0.45975489297235117;0.0;0.34091804125971975;0.0;0.3196474683921055;0.32880896278174626;0.0;0.20661540410263476;0.0;0.0;0.32964547343779266;0.49082846683159587;0.0;0.25281646988705897;0.20171542726775274;0.0;0.0;0.0;0.0;0.23556311335637875;1.0;0.0;0.0;0.0;0.0;0.232293708908285;0.0;0.2619319706018993;0.0;0.0;0.0;0.0;0.0;0.3527117289284783;0.3327808560082257;0.21936799282460182;0.0;0.0;0.15187943073810092;0.0;0.0;0.0;0.0;0.0;0.2279845900580399;0.0;0.0;0.3389740384782808;0.0;0.0;0.3403664156675022;0.0;0.35182832556385696;0.0;0.33025694111431725;0.34120211601625544;0.3302378933920529;0.0;0.0;0.2739905551360446;0.4415920542121607;0.0;0.2079414809372109;0.17288140491510634;0.4081481281572573;0.1448638826741117;0.0;0.0;0.0;0.0;0.0;0.0;0.0;0.0;0.0;0.3106954710076786;0.0;0.0;0.14484831260213624;0.34029788746990247;0.2074392393221981;0.21333071663150469;0.31069239794789505;0.0;0.0;0.0;0.27788038293706874
GO:1905572;0.0;0.0;0.0;0.0;0.0;0.0;0.0;0.0;0.0;0.5784286042396174;0.0;0.0;0.0;0.42095585353405807;0.0;0.0;0.0;0.0;0.0;0.0;0.0;0.0;0.0;0.0;0.0;0.0;0.33901879790269407;0.0;0.0;0.0;0.0;1.0;0.0;0.33894568458195135;0.0;0.0;0.0;0.0;0.34048344975272016;0.3600831829992206;0.4899684426512999;0.0;0.0;0.0;0.0;0.0;0.0;0.461915950785065;0.0;0.0;0.0;0.0;0.0;0.4181127014572749;0.0;0.0;0.24246170603042583;0.0;0.3914818838625672;0.32844428505032414;0.0;0.0;0.0;0.0;0.0;0.0;0.0;0.0;0.6721155083870269;0.0;0.0;0.0;0.0;0.0;0.0;0.0;0.0;0.6710110784689002;0.0;0.0;0.3393478256521427;0.0;0.0;0.0;0.654322851820532;0.0;0.39458552364427185;0.0;0.0;0.0;0.22239206729344552;0.0;0.0;0.0;0.0;0.3773081370317262;0.0
GO:0022617;0.0;0.0;0.2996731314388795;0.0;0.2316642106320139;0.0;0.0;0.23188531996408995;0.21569820960309652;0.0;0.0;0.0;0.0;0.0;0.28575380258973565;0.2983173549548057;0.0;0.0;0.3334434910117565;0.0;0.29948314982068563;0.0;0.0;0.0;0.0;0.0;0.28544722964371405;0.2503882116410955;0.33223158719520685;0.0;0.0;0.0;1.0;0.0;0.15588075339378488;0.0;0.2859344003897265;0.16795122119006933;0.0;0.0;0.0;0.0;0.0;0.0;0.0;0.0;0.0;0.0;0.20858843054653778;0.2859344003897265;0.0;0.3320565937231902;0.0;0.0;0.0;0.0;0.18240895856918232;0.3127020372826846;0.0;0.0;0.3147100925193242;0.37395759382729465;0.331598685571163;0.0;0.0;0.0;0.0;0.0;0.0;0.0;0.0;0.0;0.331234961565691;0.0;0.0;0.19558021686385665;0.0;0.0;0.3143277703573912;0.0;0.0;0.8467689981845151;0.0;0.0;0.0;0.0;0.0;0.0;0.19555183741982632;0.0;0.32996239278330536;0.16298190659309228;0.0;0.0;0.21455736075605136;0.0;0.0
GO:0008333;0.0;0.0;0.0;0.0;0.0;0.0;0.0;0.0;0.0;0.4591007640859662;0.0;0.0;0.0;0.4401409104747264;0.0;0.0;0.0;0.0;0.0;0.0;0.0;0.0;0.0;0.0;0.0;0.0;0.5034914334516248;0.0;0.0;0.0;0.0;0.33894568458195135;0.0;1.0;0.0;0.0;0.0;0.0;0.33965563417434125;0.36327004889863695;0.4406429083045694;0.0;0.0;0.0;0.0;0.0;0.0;0.5570850796572424;0.0;0.0;0.0;0.0;0.0;0.5795307687832787;0.0;0.0;0.3370025968972553;0.0;0.6038853806553263;0.7260678962991806;0.0;0.0;0.0;0.0;0.0;0.0;0.0;0.0;0.4218453503715599;0.0;0.0;0.0;0.0;0.0;0.0;0.0;0.0;0.48114080338482157;0.0;0.0;0.7559764435832689;0.0;0.0;0.0;0.32860724673013386;0.0;0.4061636681448554;0.0;0.0;0.0;0.2830424014602256;0.0;0.0;0.0;0.0;0.5760049115152756;0.0
GO:0005980;0.0;0.0;0.14814432732157398;0.0;0.3077282836740944;0.0;0.2859218705570146;0.39201270886692136;0.37625144948160155;0.0;0.0;0.0;0.0;0.0;0.14466083807638114;0.147812236261179;0.0;0.0;0.15595237873515005;0.2925380101785503;0.14809788378708347;0.0;0.23304782879989006;0.0;0.0;0.0;0.14458222734005322;0.13500736767771393;0.15568676612531027;0.0;0.0;0.0;0.15588075339378488;0.0;1.0;0.0;0.43801508864506816;0.10675418059319287;0.0;0.0;0.0;0.0;0.0;0.0;0.0;0.0;0.3058918346249195;0.0;0.12184223503065317;0.43801508864506816;0.0;0.3673310319610782;0.2994712105570623;0.0;0.0;0.2994712105570623;0.11241775762018913;0.1512599027641465;0.0;0.0;0.15172820303059098;0.1642763116589192;0.15554764354542075;0.2614965537196469;0.0;0.0;0.0;0.0;0.0;0.0;0.0;0.0;0.1554675631475409;0.0;0.0;0.11728559162901928;0.0;0.0;0.1516392800361572;0.0;0.0;0.15201915525029858;0.0;0.4159690284836391;0.0;0.0;0.0;0.0;0.11727538532289467;0.0;0.15518664823437442;0.31782584083086396;0.0;0.3067757183417457;0.12385491144042207;0.0;0.0
GO:0043410;0.0;0.0;0.1949350536685789;0.181512616380157;0.0;0.11114109082313929;0.0;0.0;0.0;0.0;0.19514429578993261;0.0;0.31573017384493973;0.0;0.1913491028355992;0.23345490608471997;0.0;0.3243676238313324;0.0;0.0;0.19488749006222944;0.28210660963729206;0.0;0.41240789148537454;0.11759043376388617;0.0;0.0;0.0;0.0;0.7226525010825778;0.232293708908285;0.0;0.0;0.0;0.0;1.0;0.0;0.23829911815574906;0.0;0.0;0.0;0.0;0.0;0.16224167225036576;0.4681750815246162;0.18023885036332496;0.0;0.0;0.09870904208250024;0.0;0.0;0.0;0.0;0.0;0.47448061770973177;0.0;0.0;0.19811073463919815;0.0;0.0;0.19858552222261355;0.0;0.20243329136214933;0.0;0.34703769130237727;0.27677399170353156;0.19509440146531726;0.0;0.0;0.15441123704233772;0.24408709640104326;0.0;0.11967936371500469;0.10717049728582716;0.2526861535421641;0.09569702186612468;0.0;0.0;0.0;0.0;0.0;0.0;0.0;0.0;0.0;0.18810466284087435;0.0;0.0;0.09569022696618106;0.15890981785898384;0.11951282529660844;0.14738043541083823;0.18810353641665106;0.0;0.0;0.0;0.24430252394179558
GO:0005985;0.0;0.0;0.26093857135245824;0.0;0.49432782673515197;0.0;0.4069256575307095;0.4235237901174001;0.3968130080362106;0.0;0.0;0.0;0.0;0.0;0.2503212615441374;0.25991002685415565;0.0;0.0;0.2861754914186426;0.42324343701208356;0.2607945164243442;0.0;0.3907480520552005;0.0;0.0;0.0;0.2500859717733656;0.22275938563586944;0.2852823661983919;0.0;0.0;0.0;0.2859344003897265;0.0;0.43801508864506816;0.0;1.0;0.15505173702836764;0.0;0.0;0.0;0.0;0.0;0.0;0.0;0.0;0.5499475135593329;0.0;0.18905449437283478;0.9198221326253309;0.0;0.48298725518808805;0.4409339706547783;0.0;0.0;0.4409339706547783;0.16729297504185311;0.2707618199211649;0.0;0.0;0.2722660532050703;0.3155121130418065;0.28481557661719736;0.38462512901776486;0.0;0.0;0.0;0.0;0.0;0.0;0.0;0.0;0.284547202238612;0.0;0.0;0.17830581669524137;0.0;0.0;0.27197985540893865;0.0;0.0;0.2732043454874593;0.0;0.3904186669446298;0.0;0.0;0.0;0.0;0.17828222872211175;0.0;0.28360758103937267;0.3587207067063016;0.0;0.4602613854441944;0.19394470770985006;0.0;0.0
GO:0002224;0.0;0.0;0.37862897200388174;0.24396347788801692;0.13757529305184757;0.1512156443978357;0.0;0.13765324047412536;0.1317824892396116;0.0;0.2692421689470758;0.16355755804866062;0.27619920549386723;0.0;0.3690895922869461;0.5872691195723797;0.14000818530074322;0.18474657083798027;0.16803437142813923;0.0;0.37850157214749774;0.3405888709204191;0.0;0.19376507689720388;0.16340955465759868;0.0;0.15490837290299217;0.14396873101029223;0.16772605005378366;0.1819198525474442;0.2619319706018993;0.0;0.16795122119006933;0.0;0.10675418059319287;0.23829911815574906;0.15505173702836764;1.0;0.0;0.0;0.0;0.0;0.15438749691788642;0.2271975988132904;0.3268321061376594;0.26605116795729317;0.0;0.0;0.17615619408680708;0.15505173702836764;0.0;0.16768143778325345;0.0;0.0;0.17665949065876058;0.0;0.16178571500587055;0.33419840082269936;0.0;0.0;0.3884776398771319;0.1777381388518138;0.3990122453265049;0.0;0.26915985175578766;0.2763856325024205;0.37458983604702667;0.14671232931365444;0.0;0.197397203954997;0.2796008948276151;0.0;0.22852445254960074;0.1439589167309638;0.2928419679822503;0.1691917219585692;0.0;0.0;0.16303779987502565;0.0;0.0;0.16347701362821748;0.0;0.0;0.0;0.2560226381213116;0.0;0.0;0.16917615714303852;0.2207170398002801;0.22807971004922142;0.2620263588531051;0.256020551427844;0.0;0.17924229363150884;0.0;0.5050384118293925
GO:0070574;0.0;0.0;0.0;0.0;0.0;0.0;0.0;0.0;0.0;0.43629639378648755;0.0;0.0;0.0;0.6957475626873165;0.0;0.0;0.0;0.0;0.0;0.0;0.0;0.0;0.0;0.0;0.0;0.0;0.33972905413274274;0.0;0.0;0.0;0.0;0.34048344975272016;0.0;0.33965563417434125;0.0;0.0;0.0;0.0;1.0;0.8269403761353746;0.35271030087153965;0.0;0.0;0.0;0.0;0.0;0.0;0.29115405987163706;0.0;0.0;0.0;0.0;0.0;0.30088801104287755;0.0;0.0;0.2428247796896933;0.0;0.39242928009973227;0.3291108807883302;0.0;0.0;0.0;0.0;0.0;0.0;0.0;0.0;0.4077134278974613;0.0;0.0;0.0;0.0;0.0;0.0;0.0;0.0;0.37819046338105344;0.0;0.0;0.3400594626474367;0.0;0.0;0.0;0.38614576415232316;0.0;0.3953891738280005;0.0;0.0;0.0;0.22290707182077116;0.0;0.0;0.0;0.0;0.3781880963785972;0.0
GO:0071421;0.0;0.0;0.0;0.0;0.0;0.0;0.0;0.0;0.0;0.46900891654874755;0.0;0.0;0.0;0.6001692661560424;0.0;0.0;0.0;0.0;0.0;0.0;0.0;0.0;0.0;0.0;0.0;0.0;0.36335403399012106;0.0;0.0;0.0;0.0;0.3600831829992206;0.0;0.36327004889863695;0.0;0.0;0.0;0.0;0.8269403761353746;1.0;0.37824306846884403;0.0;0.0;0.0;0.0;0.0;0.0;0.3083353151480698;0.0;0.0;0.0;0.0;0.0;0.3192735603378714;0.0;0.0;0.25465960452705527;0.0;0.42429613875272415;0.3512340653303006;0.0;0.0;0.0;0.0;0.0;0.0;0.0;0.0;0.43614054314835893;0.0;0.0;0.0;0.0;0.0;0.0;0.0;0.0;0.4076998290059044;0.0;0.0;0.3637320195392517;0.0;0.0;0.0;0.40777029630851075;0.0;0.4220674621507469;0.0;0.0;0.0;0.2401676976535162;0.0;0.0;0.0;0.0;0.40769707820974993;0.0
GO:0033344;0.0;0.0;0.0;0.0;0.0;0.0;0.0;0.0;0.0;0.48327842279102473;0.0;0.0;0.0;0.4623146110362442;0.0;0.0;0.0;0.0;0.0;0.0;0.0;0.0;0.0;0.0;0.0;0.0;0.44076648539642066;0.0;0.0;0.0;0.0;0.4899684426512999;0.0;0.4406429083045694;0.0;0.0;0.0;0.0;0.35271030087153965;0.37824306846884403;1.0;0.0;0.0;0.0;0.0;0.0;0.0;0.43378077451438;0.0;0.0;0.0;0.0;0.0;0.7435450141587554;0.0;0.0;0.29040653118737825;0.0;0.533765266903822;0.42305792410689347;0.0;0.0;0.0;0.0;0.0;0.0;0.0;0.0;0.6155795807051838;0.0;0.0;0.0;0.0;0.0;0.0;0.0;0.0;0.706894363730459;0.0;0.0;0.441322810447237;0.0;0.0;0.0;0.4080104509254221;0.0;0.5087667205080645;0.0;0.0;0.0;0.29855535580483605;0.0;0.0;0.0;0.0;0.5077586152078004;0.0
GO:0032496;0.0;0.0;0.0;0.0;0.0;0.0;0.0;0.0;0.0;0.0;0.0;0.0;0.0;0.0;0.0;0.0;0.21324866621851934;0.0;0.0;0.0;0.0;0.0;0.0;0.0;0.0;0.4826860619392306;0.0;0.3735629179479474;0.47830135190834355;0.0;0.0;0.0;0.0;0.0;0.0;0.0;0.0;0.0;0.0;0.0;0.0;1.0;0.500566657403612;0.0;0.0;0.0;0.0;0.0;0.0;0.0;0.6694676527664349;0.0;0.0;0.0;0.0;0.0;0.0;0.0;0.0;0.0;0.0;0.0;0.0;0.0;0.0;0.0;0.0;0.22920107499125308;0.0;0.0;0.0;0.0;0.0;0.0;0.0;0.0;0.5733381215446238;0.0;0.0;0.48500380033665025;0.0;0.0;0.4648661781653644;0.0;0.0;0.0;0.0;0.0;0.0;0.0;0.0;0.0;0.0;0.0;0.0;0.0;0.0
GO:0019730;0.0;0.0;0.0;0.0;0.0;0.0;0.0;0.0;0.0;0.0;0.0;0.2713704341136918;0.0;0.0;0.0;0.0;0.3596204888875603;0.0;0.0;0.0;0.0;0.0;0.0;0.0;0.0;0.6440146368112805;0.0;0.2213909254632713;0.2830417792146398;0.0;0.0;0.0;0.0;0.0;0.0;0.0;0.0;0.15438749691788642;0.0;0.0;0.0;0.500566657403612;1.0;0.0;0.0;0.0;0.0;0.0;0.0;0.0;0.28380133469909696;0.0;0.0;0.0;0.0;0.0;0.16651997347778896;0.0;0.0;0.0;0.0;0.0;0.0;0.0;0.0;0.0;0.0;0.3863751648563908;0.0;0.0;0.0;0.2714530059047972;0.0;0.0;0.0;0.0;0.7641440248174891;0.0;0.0;0.2395252067866678;0.0;0.0;0.620369882294037;0.0;0.0;0.0;0.0;0.0;0.0;0.0;0.0;0.0;0.0;0.0;0.1929065549720562;0.0;0.0
GO:0001818;0.0;0.0;0.40529482923771815;0.4248154595444733;0.0;0.27302862102005204;0.0;0.0;0.0;0.0;0.6073160391092883;0.0;0.42669957086772264;0.0;0.3864786947249289;0.40346213113719;0.0;0.21058234431368508;0.0;0.0;0.4050380182777442;0.4502631887291934;0.0;0.17998504332189988;0.3155429671748736;0.0;0.0;0.0;0.0;0.16502314961045952;0.3527117289284783;0.0;0.0;0.0;0.0;0.16224167225036576;0.0;0.2271975988132904;0.0;0.0;0.0;0.0;0.0;1.0;0.25618815389584326;0.2856442481926685;0.0;0.0;0.2085144133384935;0.0;0.0;0.0;0.0;0.0;0.15860119166276984;0.0;0.0;0.42290648355903626;0.0;0.0;0.4256207767320246;0.0;0.4484483955484372;0.0;0.4061926623410576;0.42725589390096597;0.40615665959119934;0.0;0.0;0.24098840652369527;0.3143694219306973;0.0;0.3310483519568439;0.2502519054218228;0.3403038100126391;0.19551514223138514;0.0;0.0;0.0;0.0;0.0;0.0;0.0;0.0;0.0;0.46277149032539405;0.0;0.0;0.19548678166800426;0.5316575912579565;0.3297772138870089;0.22047717559980304;0.46276467271383875;0.0;0.0;0.0;0.31495835963113233
