;GO:0002086;GO:0046697;GO:0008625;GO:0045766;GO:0006687;GO:0051005;GO:0031638;GO:0010813;GO:0010815;GO:0015707;GO:0032729;GO:0019886;GO:0019747;GO:0070839;GO:0048011;GO:0002764;GO:0002369;GO:0048255;GO:0014902;GO:0016485;GO:0007193;GO:0008284;GO:0008203;GO:0045944;GO:0043129;GO:0042832;GO:0002576;GO:0097067;GO:0071310;GO:0032147;GO:0010634;GO:1905572;GO:0022617;GO:0008333;GO:0005980;GO:0043410;GO:0005985;GO:0002224;GO:0070574;GO:0071421;GO:0033344;GO:0032496;GO:0019730;GO:0001818;GO:2001235;GO:1903206;GO:0006006;GO:0006886;GO:0006879;GO:0000023;GO:0032526;GO:0006914;GO:0033619;GO:0032367;GO:0006919;GO:0051603;GO:0043312;GO:0045454;GO:0006897;GO:0006895;GO:0038180;GO:0030855;GO:0007218;GO:0045342;GO:0010628;GO:0010506;GO:0002606;GO:0001913;GO:0015914;GO:2001259;GO:0050766;GO:0046718;GO:0046716;GO:0060586;GO:1904037;GO:0007035;GO:0009615;GO:0046836;GO:0060742;GO:0032868;GO:0032509;GO:0034769;GO:0050829;GO:0030163;GO:1902023;GO:0045599;GO:0046323;GO:0060736;GO:0006876;GO:0002026;GO:0043181;GO:0070371;GO:0043066;GO:0006508;GO:0002309;GO:0006909;GO:0002827
GO:0002086;1.0;0.0;0.0;0.0;0.0;0.0;0.0;0.0;0.0;0.0;0.0;0.0;0.0;0.0;0.0;0.0;0.19510772212051097;0.0;0.0;0.0;0.0;0.0;0.0;0.0;0.0;0.0;0.0;0.0;0.0;0.0;0.0;0.0;0.0;0.0;0.0;0.0;0.0;0.0;0.0;0.0;0.0;0.0;0.0;0.0;0.0;0.0;0.0;0.0;0.0;0.0;0.0;0.0;0.0;0.0;0.0;0.0;0.0;0.0;0.0;0.0;0.0;0.0;0.0;0.0;0.0;0.0;0.0;0.0;0.0;0.0;0.0;0.0;0.0;0.19275817040614016;0.0;0.0;0.0;0.0;0.0;0.0;0.0;0.0;0.0;0.0;0.0;0.0;0.0;0.19398468274162417;0.0;0.0;0.0;0.0;0.0;0.0;0.0;0.0;0.0
GO:0046697;0.0;1.0;0.0;0.0;0.0;0.0;0.0;0.0;0.0;0.0;0.0;0.0;0.0;0.0;0.0;0.0;0.0;0.0;0.17987669796978115;0.0;0.0;0.0;0.0;0.0;0.0;0.0;0.0;0.0;0.0;0.0;0.0;0.0;0.0;0.0;0.0;0.0;0.0;0.0;0.0;0.0;0.0;0.0;0.0;0.0;0.0;0.0;0.0;0.0;0.0;0.0;0.0;0.0;0.0;0.0;0.0;0.0;0.0;0.0;0.0;0.0;0.0;0.23551091491552187;0.0;0.0;0.0;0.0;0.0;0.0;0.0;0.0;0.0;0.0;0.0;0.0;0.0;0.0;0.0;0.0;0.4716634099495178;0.0;0.0;0.0;0.0;0.0;0.0;0.0;0.0;0.4716634099495178;0.0;0.0;0.0;0.0;0.0;0.0;0.0;0.0;0.0
GO:0008625;0.0;0.0;1.0;0.07464383796284187;0.02383643374802551;0.049553782751963496;0.0;0.01864978894956986;0.01983002654283323;0.0;0.06885887467506738;0.0;0.060712243272341475;0.0;0.30656069875560676;0.2514621894389319;0.0;0.07538034752501814;0.02097206752162638;0.0;0.21256279047697185;0.1005093922746404;0.0;0.10351239443482718;0.05204533198186668;0.0;0.02548057513173678;0.02156219976803395;0.03213283367477613;0.09034742842115154;0.08335531821698815;0.0;0.023904874017850568;0.0;0.02110621004689814;0.09533400631142466;0.019154254597201287;0.2129881328855636;0.0;0.0;0.0;0.0;0.0;0.07747997422415964;0.08520013210364971;0.07081968628358437;0.0;0.0;0.059736527897979126;0.019154254597201287;0.0;0.026812163448350888;0.0;0.0;0.08034002727926726;0.0;0.028959080190098376;0.07865223375268801;0.0;0.0;0.29504902852168197;0.02775322375476215;0.21649095900851037;0.0;0.09610812447908391;0.08991917926773049;0.058160737929194864;0.0;0.0;0.06818654049796158;0.07700981413783284;0.0;0.054800694341765946;0.05165058363502477;0.0736711011413855;0.05520254983048997;0.0;0.0;0.020827074288089328;0.0;0.0;0.019154254597201287;0.0;0.0;0.0;0.07623968695999613;0.0;0.0;0.04459656634831675;0.06448141805190236;0.04459656634831675;0.19350719949667186;0.10066671801458296;0.0;0.019529053387198653;0.0;0.0620540187806067
GO:0045766;0.0;0.0;0.07464383796284187;1.0;0.0;0.055723731175084695;0.0;0.0;0.0;0.0;0.4716321663943502;0.0;0.05963838373511227;0.0;0.07159036811400396;0.0998095747377852;0.0;0.20850064439597285;0.0;0.0;0.0819049825797738;0.2924856306146595;0.0;0.3031109330528307;0.058894200811566655;0.0;0.0;0.0;0.0;0.25749107805394433;0.5075595988095719;0.0;0.0;0.0;0.0;0.27448102410967457;0.0;0.22467047785599947;0.0;0.0;0.0;0.0;0.0;0.4105438261481597;0.24031054471614904;0.07093983928030155;0.0;0.0;0.06893814364684428;0.0;0.0;0.0;0.0;0.0;0.2244115403138089;0.0;0.0;0.0800091698845366;0.0;0.0;0.06854293734054198;0.0;0.0836654108126542;0.0;0.3236451152753972;0.09356051697768561;0.17951902104751524;0.0;0.0;0.21520766225363663;0.21369365005987875;0.0;0.06244721103341155;0.05838922733850586;0.20308909167730166;0.06296956930328322;0.0;0.0;0.0;0.0;0.0;0.0;0.0;0.0;0.0;0.3742781102446479;0.0;0.0;0.049532334507010015;0.3317678990689763;0.049532334507010015;0.07351045197608791;0.10707711302497341;0.0;0.0;0.0;0.1931894119507161
GO:0006687;0.0;0.0;0.02383643374802551;0.0;1.0;0.0;0.20418892024887658;0.16325709288750984;0.1740177489414496;0.0;0.0;0.0;0.0;0.0;0.022941277152828832;0.030983125579080357;0.0;0.0;0.02189537351534798;0.2313888006645067;0.025940268448521403;0.0;0.4941123023468746;0.0;0.0;0.0;0.026856553326935134;0.022539409182826105;0.034352345539033054;0.0;0.0;0.0;0.025111904271561642;0.0;0.10399506094756512;0.0;0.09399208230847397;0.025994888546882214;0.0;0.0;0.0;0.0;0.0;0.0;0.0;0.0;0.12572364137782496;0.0;0.025111904271561642;0.09399208230847397;0.0;0.13291946302353097;0.20328563400974486;0.0;0.0;0.2633804389602236;0.03074958753743831;0.025394320216796554;0.0;0.0;0.022041628613433593;0.029393499173044214;0.02644513591987129;0.0819612878009246;0.0;0.0;0.0;0.0;0.0;0.0;0.0;0.0;0.022941277152828832;0.0;0.0;0.023117326092099644;0.0;0.0;0.02173738053617767;0.0;0.0;0.019921509271399407;0.0;0.2561289936053197;0.0;0.0;0.0;0.0;0.018510518396739405;0.0;0.018510518396739405;0.19804207350124997;0.0;0.2903235022324664;0.020327253806802243;0.0;0.0
GO:0051005;0.0;0.0;0.049553782751963496;0.055723731175084695;0.0;1.0;0.0;0.0;0.0;0.0;0.05198594539089076;0.0;0.04158973532777567;0.0;0.047995785998861604;0.06132090951030583;0.0;0.05032943784539326;0.0;0.0;0.05313915106351528;0.06431559526173422;0.0;0.06590952795707013;0.045868955703161046;0.0;0.0;0.0;0.0;0.3336484279364394;0.05489783422981753;0.0;0.0;0.0;0.0;0.0615310902878896;0.0;0.05323083947788146;0.0;0.0;0.0;0.0;0.0;0.05752587151156898;0.05593699358318707;0.04765987877387211;0.0;0.0;0.05174003102782304;0.0;0.0;0.0;0.0;0.0;0.3905375137309148;0.0;0.0;0.052218852331852854;0.0;0.0;0.04640990047317579;0.0;0.05398400832893991;0.0;0.06889140920017416;0.058565769274468576;0.044846359756696506;0.0;0.0;0.24627727215325856;0.051273067271858985;0.0;0.047995785998861604;0.04556206372025016;0.04933388209357355;0.04830375621439229;0.0;0.0;0.0;0.0;0.0;0.0;0.0;0.0;0.0;0.05082774516571876;0.0;0.0;0.03998325582277077;0.049100952405871715;0.03998325582277077;0.04897905319701719;0.0643994938813651;0.0;0.0;0.0;0.0474796078678862
GO:0031638;0.0;0.0;0.0;0.0;0.20418892024887658;0.0;1.0;0.15918046032135044;0.16939361570525743;0.0;0.0;0.0;0.0;0.0;0.0;0.0;0.0;0.0;0.0;0.8714564814812686;0.0;0.0;0.12125392380751161;0.0;0.0;0.0;0.0;0.0;0.0;0.0;0.0;0.0;0.0;0.0;0.1246723873071666;0.0;0.09158070561210625;0.0;0.0;0.0;0.0;0.0;0.0;0.0;0.0;0.0;0.12144632731136083;0.0;0.0;0.09158070561210625;0.0;0.11019440643362113;0.42322450543820295;0.0;0.0;0.5433729928135241;0.0;0.0;0.0;0.0;0.0;0.0;0.0;0.10517661466021318;0.0;0.0;0.0;0.0;0.0;0.0;0.0;0.0;0.0;0.0;0.0;0.0;0.0;0.0;0.0;0.0;0.0;0.0;0.0;0.2922625479926992;0.0;0.0;0.0;0.0;0.0;0.0;0.0;0.22797809555203014;0.0;0.59653723042909;0.0;0.0;0.0
GO:0010813;0.0;0.0;0.01864978894956986;0.0;0.16325709288750984;0.0;0.15918046032135044;1.0;0.7281156346425967;0.0;0.0;0.0;0.0;0.0;0.01809729474646061;0.022756774514483602;0.0;0.0;0.017440114187681783;0.17523928333403047;0.019913405567360813;0.0;0.08989282617322755;0.0;0.0;0.0;0.02044898396350942;0.017846288321375487;0.024523376499772587;0.0;0.0;0.0;0.019421595251349472;0.0;0.289120440652062;0.0;0.07581376436705532;0.019945577875110712;0.0;0.0;0.0;0.0;0.0;0.0;0.0;0.0;0.09000546952565251;0.0;0.019421595251349472;0.07581376436705532;0.0;0.34906763864765433;0.15863096467666213;0.0;0.0;0.19299274651615234;0.022630534039172655;0.019590093105253132;0.0;0.0;0.017532779044369076;0.021887368178553208;0.020209588569859747;0.06740413537455707;0.0;0.0;0.0;0.0;0.0;0.0;0.0;0.0;0.01809729474646061;0.0;0.0;0.01820667084357273;0.0;0.0;0.017339728950274563;0.0;0.0;0.016164404869870686;0.0;0.48358558800094453;0.0;0.0;0.0;0.0;0.015222863394942618;0.0;0.015222863394942618;0.15541984445200738;0.0;0.20707422621931107;0.016430515760039975;0.0;0.0
GO:0010815;0.0;0.0;0.01983002654283323;0.0;0.1740177489414496;0.0;0.16939361570525743;0.7281156346425967;1.0;0.0;0.0;0.0;0.0;0.0;0.01920656017453798;0.024538898862808956;0.0;0.0;0.018467991341220527;0.18769772189895878;0.021264789841122258;0.0;0.09612045756176243;0.0;0.0;0.0;0.021876643500360515;0.018924080213231;0.026605590670109598;0.0;0.0;0.0;0.020704901455138494;0.0;0.3062563889835649;0.0;0.07993741683173482;0.021301480959127362;0.0;0.0;0.0;0.0;0.0;0.0;0.0;0.0;0.09624926023021073;0.0;0.020704901455138494;0.07993741683173482;0.0;0.3745234466900047;0.1687714835636888;0.0;0.0;0.20821300332369094;0.024392175685828594;0.020896512239237695;0.0;0.0;0.018571933505860526;0.02353100656421573;0.021602877895512254;0.07084591776029639;0.0;0.0;0.0;0.0;0.0;0.0;0.0;0.0;0.01920656017453798;0.0;0.0;0.01932980117066826;0.0;0.0;0.01835546266242781;0.0;0.0;0.017043617088630857;0.0;0.5208883800487766;0.0;0.0;0.0;0.0;0.016000171534896985;0.0;0.016000171534896985;0.16514139559835303;0.0;0.22469797751799467;0.017339728950274563;0.0;0.0
GO:0015707;0.0;0.0;0.0;0.0;0.0;0.0;0.0;0.0;0.0;1.0;0.0;0.0;0.0;0.2770111063621504;0.0;0.0;0.0;0.0;0.0;0.0;0.0;0.0;0.0;0.0;0.0;0.0;0.19507372823266866;0.0;0.0;0.0;0.0;0.3582167568548244;0.0;0.1848732543153347;0.0;0.0;0.0;0.0;0.287579744740964;0.287579744740964;0.1755113406345142;0.0;0.0;0.0;0.0;0.0;0.0;0.3617398840066616;0.0;0.0;0.0;0.0;0.0;0.16447716822663597;0.0;0.0;0.2148066168652466;0.0;0.21513814717258306;0.17248132704484426;0.0;0.0;0.0;0.0;0.0;0.0;0.0;0.0;0.45498558093053587;0.0;0.0;0.0;0.0;0.0;0.0;0.0;0.0;0.16181327341721294;0.0;0.0;0.1755113406345142;0.0;0.0;0.0;0.3903447572773327;0.0;0.1691775049448013;0.0;0.0;0.0;0.13331334997803274;0.0;0.0;0.0;0.0;0.18669313363308537;0.0
GO:0032729;0.0;0.0;0.06885887467506738;0.4716321663943502;0.0;0.05198594539089076;0.0;0.0;0.0;0.0;1.0;0.0;0.05588706559605263;0.0;0.06625209332682176;0.08972969978032251;0.0;0.19203405669902454;0.0;0.0;0.07499190496435187;0.2610807375431789;0.0;0.2695139139771843;0.054734857238054525;0.0;0.0;0.0;0.0;0.23283477374673656;0.46296094416683425;0.0;0.0;0.0;0.0;0.2466395055123972;0.0;0.20566718079079135;0.0;0.0;0.0;0.0;0.0;0.6732728537392314;0.21869665542435057;0.0656945855407625;0.0;0.0;0.06330696445162537;0.0;0.0;0.0;0.0;0.0;0.2054501729968731;0.0;0.0;0.07339950249478215;0.0;0.0;0.06363388276783323;0.0;0.07646502893985953;0.0;0.2856273333346186;0.08464696634593234;0.1671765059052353;0.0;0.0;0.19770910090445043;0.1964305567394859;0.0;0.057790713504880235;0.05429842729047495;0.18743408952759938;0.05823779602710764;0.0;0.0;0.0;0.0;0.0;0.0;0.0;0.0;0.0;0.07101640042027273;0.0;0.0;0.046556830900940795;0.30633984412017884;0.046556830900940795;0.06789322161253095;0.09556057058437606;0.0;0.0;0.0;0.1789700037690531
GO:0019886;0.0;0.0;0.0;0.0;0.0;0.0;0.0;0.0;0.0;0.0;0.0;1.0;0.0;0.0;0.0;0.0;0.32212117445139843;0.0;0.0;0.0;0.0;0.0;0.0;0.0;0.0;0.0;0.0;0.0;0.0;0.0;0.0;0.0;0.0;0.0;0.0;0.0;0.0;0.38554433900204843;0.0;0.0;0.0;0.0;0.39220917510108566;0.0;0.0;0.0;0.0;0.0;0.0;0.0;0.0;0.0;0.0;0.0;0.0;0.0;0.46040883210092143;0.0;0.0;0.0;0.0;0.0;0.0;0.0;0.0;0.0;0.0;0.32436625565569654;0.0;0.0;0.0;0.0;0.0;0.0;0.0;0.0;0.0;0.0;0.0;0.0;0.0;0.0;0.0;0.0;0.0;0.0;0.0;0.0;0.0;0.0;0.0;0.0;0.0;0.0;0.29813083191545703;0.0;0.0
GO:0019747;0.0;0.0;0.060712243272341475;0.05963838373511227;0.0;0.04158973532777567;0.0;0.0;0.0;0.0;0.05588706559605263;0.0;1.0;0.0;0.05891366192879758;0.07408206249159804;0.0;0.1372341110565344;0.0;0.0;0.06482580186057778;0.07742535040194483;0.0;0.1764183872804277;0.04333071161169873;0.0;0.0;0.0;0.0;0.15872335571959575;0.0668307025526715;0.0;0.0;0.0;0.0;0.16555257092702522;0.0;0.06493053510876767;0.0;0.0;0.0;0.0;0.0;0.0614351281228402;0.06801139472742612;0.0585250000880146;0.0;0.0;0.048533142893334325;0.0;0.0;0.0;0.0;0.0;0.14452576307821788;0.0;0.0;0.06377329531985823;0.0;0.0;0.05707594597774237;0.0;0.06578999156532307;0.0;0.16904053040473513;0.15708348325486166;0.048627486449745794;0.0;0.0;0.05544336754731076;0.06268922183041602;0.0;0.04522381300535717;0.043056743319223614;0.06045879382841809;0.045497135854564885;0.0;0.0;0.0;0.0;0.0;0.0;0.0;0.0;0.0;0.06217793518997288;0.0;0.0;0.03804081975918655;0.0529685836056823;0.03804081975918655;0.06004954854082531;0.0775186751330593;0.0;0.0;0.0;0.05131951903144696
GO:0070839;0.0;0.0;0.0;0.0;0.0;0.0;0.0;0.0;0.0;0.2770111063621504;0.0;0.0;0.0;1.0;0.0;0.0;0.0;0.0;0.0;0.0;0.0;0.0;0.0;0.0;0.0;0.0;0.20470391949654396;0.0;0.0;0.0;0.0;0.2770111063621504;0.0;0.19350037487366697;0.0;0.0;0.0;0.0;0.4732745288528547;0.38037248617993263;0.18326850494668154;0.0;0.0;0.0;0.0;0.0;0.0;0.23699582291715696;0.0;0.0;0.0;0.0;0.0;0.17127074971656528;0.0;0.0;0.2265422588420655;0.0;0.22691103514029454;0.17996725328193683;0.0;0.0;0.0;0.0;0.0;0.0;0.0;0.0;0.35537103267908493;0.0;0.0;0.0;0.0;0.0;0.0;0.0;0.0;0.16838418168654143;0.0;0.0;0.18326850494668154;0.0;0.0;0.0;0.35438570070059994;0.0;0.17637341471463788;0.0;0.0;0.0;0.13821265395458765;0.0;0.0;0.0;0.0;0.1954949830050504;0.0
GO:0048011;0.0;0.0;0.30656069875560676;0.07159036811400396;0.022941277152828832;0.047995785998861604;0.0;0.01809729474646061;0.01920656017453798;0.0;0.06625209332682176;0.0;0.05891366192879758;0.0;1.0;0.24000346353622148;0.0;0.0726274092519681;0.020275980933668718;0.0;0.20431689816413154;0.0956739294967129;0.0;0.09839103037604466;0.05032943784539326;0.0;0.024460313871913754;0.020827074288089328;0.030527095768848107;0.08642121460148655;0.08000202092991245;0.0;0.023004666679790172;0.0;0.020401339940053793;0.09097289045925983;0.018571933505860526;0.20470984976566534;0.0;0.0;0.0;0.0;0.0;0.07419516500040657;0.08169987886051967;0.0683844064831006;0.0;0.0;0.05748697574707239;0.018571933505860526;0.0;0.025684839186966776;0.0;0.0;0.07722040622493154;0.0;0.027648405254191526;0.0756598696516044;0.0;0.0;0.9158866382794406;0.02654715632649773;0.20794360933300562;0.0;0.09110493354595765;0.08602929668161856;0.056290027998268925;0.0;0.0;0.06562947039024232;0.07413883766130161;0.0;0.052901621291111804;0.04996019717837248;0.07103941365552983;0.053276012288802355;0.0;0.0;0.02014042183934945;0.0;0.0;0.018571933505860526;0.0;0.0;0.0;0.07342479560913301;0.0;0.0;0.04333071161169873;0.062190020937943784;0.04333071161169873;0.1866496273674456;0.09581647089299844;0.0;0.018924080213231;0.0;0.059929050797917896
GO:0002764;0.0;0.0;0.2514621894389319;0.0998095747377852;0.030983125579080357;0.06132090951030583;0.0;0.022756774514483602;0.024538898862808956;0.0;0.08972969978032251;0.0;0.07408206249159804;0.0;0.24000346353622148;1.0;0.0;0.09714907195244567;0.0263119674632097;0.0;0.27916582725533146;0.14333381219199384;0.0;0.149519724851049;0.06518235125250628;0.0;0.033819624790410334;0.027247580582115957;0.04663338503647691;0.12352105775375767;0.11081269312587429;0.0;0.031098857626847082;0.0;0.02652346168326678;0.41534167128714233;0.023512388299017466;0.7989321282607643;0.0;0.0;0.0;0.0;0.0;0.10494625849075634;0.3562172234056017;0.28006106689680277;0.0;0.0;0.07771376560421096;0.023512388299017466;0.0;0.03620623234193345;0.0;0.0;0.10554649424654075;0.0;0.040234110443210146;0.1026525521020306;0.0;0.0;0.22867791303107443;0.03794360962090615;0.28598076967797403;0.0;0.14230675485705907;0.12272197506666062;0.43280222394843404;0.0;0.0;0.08859140585267367;0.09987256400030839;0.0;0.06956279301011184;0.06456435457577336;0.09432853925613956;0.07021159255987877;0.0;0.0;0.02608413896334205;0.0;0.0;0.023512388299017466;0.0;0.0;0.0;0.09858112106026325;0.0;0.0;0.05390600776283649;0.0824370399753989;0.05390600776283649;0.24719590507578335;0.14365397695454174;0.0;0.024079670312129507;0.0;0.5434078774182236
GO:0002369;0.19510772212051097;0.0;0.0;0.0;0.0;0.0;0.0;0.0;0.0;0.0;0.0;0.32212117445139843;0.0;0.0;0.0;0.0;1.0;0.0;0.0;0.0;0.0;0.0;0.0;0.0;0.0;0.1624620199450083;0.0;0.16052098869566112;0.23081411622037876;0.0;0.0;0.0;0.0;0.0;0.0;0.0;0.0;0.3190990702996854;0.0;0.0;0.0;0.2013693955290527;0.4260855349035656;0.0;0.0;0.0;0.0;0.0;0.0;0.0;0.1846765309511753;0.0;0.0;0.0;0.0;0.0;0.5171442511785178;0.0;0.0;0.0;0.0;0.0;0.0;0.0;0.0;0.0;0.0;0.8520981493225075;0.0;0.0;0.0;0.0;0.0;0.21472511480443907;0.0;0.0;0.19983150750498885;0.0;0.0;0.18957070403677578;0.0;0.0;0.18056738995306856;0.0;0.0;0.0;0.0;0.21624821000972938;0.0;0.0;0.0;0.0;0.0;0.0;0.36014802507719096;0.0;0.0
GO:0048255;0.0;0.0;0.07538034752501814;0.20850064439597285;0.0;0.05032943784539326;0.0;0.0;0.0;0.0;0.19203405669902454;0.0;0.1372341110565344;0.0;0.0726274092519681;0.09714907195244567;0.0;1.0;0.0;0.0;0.08182722583658378;0.24801403051225857;0.0;0.5103339113250995;0.24080415349513007;0.0;0.0;0.0;0.0;0.34434323896797203;0.20482568988316135;0.0;0.0;0.0;0.0;0.36379133342491005;0.0;0.1974715098224164;0.0;0.0;0.0;0.0;0.0;0.24091457954768056;0.20945299895302236;0.20857089158410966;0.0;0.0;0.2770635423171085;0.0;0.0;0.0;0.0;0.0;0.3054559341778492;0.0;0.0;0.28008483953396573;0.0;0.0;0.06985469323827521;0.0;0.08336949349842995;0.0;0.5391824339355398;0.6210143185801458;0.16172073624215444;0.0;0.0;0.19012370919856042;0.1889410959648379;0.0;0.25377375287990245;0.23894790755200862;0.18060302066275427;0.2556671923142239;0.0;0.0;0.0;0.0;0.0;0.0;0.0;0.0;0.0;0.22482924575137636;0.0;0.0;0.20585535457694507;0.26058675782882723;0.20585535457694507;0.07436144312880605;0.29863788892510285;0.0;0.0;0.0;0.17273168823264315
GO:0014902;0.0;0.17987669796978115;0.02097206752162638;0.0;0.02189537351534798;0.0;0.0;0.017440114187681783;0.018467991341220527;0.0;0.0;0.0;0.0;0.0;0.020275980933668718;0.0263119674632097;0.0;0.0;1.0;0.0;0.022583564940960716;0.0;0.0;0.0;0.0;0.0;0.023274895928415428;0.019961425850583678;0.028702656915080612;0.0;0.0;0.0;0.021953107607178064;0.0;0.01957001359577429;0.0;0.01788048761237731;0.02262495253948777;0.0;0.0;0.0;0.0;0.0;0.0;0.0;0.0;0.0;0.0;0.021953107607178064;0.01788048761237731;0.0;0.024380925734277067;0.0;0.0;0.0;0.0;0.026143348024288474;0.022168637735401456;0.0;0.0;0.01957001359577429;0.3906989122835006;0.0229652639750066;0.0;0.0;0.0;0.0;0.0;0.0;0.0;0.0;0.0;0.020275980933668718;0.0;0.0;0.020413377208106327;0.0;0.0;0.3002049206356301;0.0;0.0;0.01788048761237731;0.0;0.0;0.0;0.0;0.0;0.17148274198752145;0.016735498401546103;0.0;0.016735498401546103;0.020714994840789015;0.0;0.0;0.018206670843572734;0.0;0.0
GO:0016485;0.0;0.0;0.0;0.0;0.2313888006645067;0.0;0.8714564814812686;0.17523928333403047;0.18769772189895878;0.0;0.0;0.0;0.0;0.0;0.0;0.0;0.0;0.0;0.0;1.0;0.0;0.0;0.1385216881285478;0.0;0.0;0.0;0.0;0.0;0.0;0.0;0.0;0.0;0.0;0.0;0.13912584057024618;0.0;0.10109934473245567;0.0;0.0;0.0;0.0;0.0;0.0;0.0;0.0;0.0;0.13877285078926016;0.0;0.0;0.10109934473245567;0.0;0.12702550265280188;0.4773642092867321;0.0;0.0;0.6359782213840611;0.0;0.0;0.0;0.0;0.0;0.0;0.0;0.11527999449505102;0.0;0.0;0.0;0.0;0.0;0.0;0.0;0.0;0.0;0.0;0.0;0.0;0.0;0.0;0.0;0.0;0.0;0.0;0.0;0.3405357211538966;0.0;0.0;0.0;0.0;0.0;0.0;0.0;0.2563212174777335;0.0;0.7100428387139858;0.0;0.0;0.0
GO:0007193;0.0;0.0;0.21256279047697185;0.0819049825797738;0.025940268448521403;0.05313915106351528;0.0;0.019913405567360813;0.021264789841122258;0.0;0.07499190496435187;0.0;0.06482580186057778;0.0;0.20431689816413154;0.27916582725533146;0.0;0.08182722583658378;0.022583564940960716;0.0;1.0;0.11230739555878254;0.0;0.11606996793965318;0.05601474704569407;0.0;0.027899372760381805;0.02326935612641188;0.03607720485323607;0.09976855856141018;0.0913104485583383;0.0;0.02602134367284754;0.0;0.02273919105887121;0.10588452595769753;0.020489603251445852;0.23253344870193882;0.0;0.0;0.0;0.0;0.0;0.08533240778282519;0.09352887568478828;0.0764807725723584;0.0;0.0;0.06502543042457445;0.020489603251445852;0.0;0.02950372678680862;0.0;0.0;0.08770460558770007;0.0;0.03212438432269164;0.08569706367046433;0.0;0.0;0.19605098374614127;0.03064723786644791;0.49828504390182526;0.0;0.10849206574039515;0.09924659797594058;0.06247639228086218;0.0;0.0;0.07419516500040657;0.08375088664467746;0.0;0.059219370779266145;0.05555775319443151;0.07981701015540076;0.059688921188117236;0.0;0.0;0.022415522267312474;0.0;0.0;0.020489603251445852;0.0;0.0;0.0;0.08284082854840795;0.0;0.0;0.0474796078678862;0.06982918344026202;0.0474796078678862;0.20950631999534425;0.11250385956863643;0.0;0.020919068091574542;0.0;0.0669913154212903
GO:0008284;0.0;0.0;0.1005093922746404;0.2924856306146595;0.0;0.06431559526173422;0.0;0.0;0.0;0.0;0.2610807375431789;0.0;0.07742535040194483;0.0;0.0956739294967129;0.14333381219199384;0.0;0.24801403051225857;0.0;0.0;0.11230739555878254;1.0;0.0;0.43710846410617876;0.06857650692268882;0.0;0.0;0.0;0.0;0.3552067953372904;0.3161381778136528;0.0;0.0;0.0;0.0;0.3848645908135385;0.0;0.2712346356300361;0.0;0.0;0.0;0.0;0.0;0.11278610160877357;0.3261755017183084;0.09465312393971959;0.0;0.0;0.08258722320950013;0.0;0.0;0.0;0.0;0.0;0.30012933282344256;0.0;0.0;0.10918554891561387;0.0;0.0;0.09091990065110615;0.0;0.11523316851549217;0.0;0.4299806974310127;0.13217683777918054;0.2080592990318255;0.0;0.0;0.25756225908791236;0.2829978023509421;0.0;0.0734420464692268;0.0678928118359303;0.26637432220537355;0.0741656022247123;0.0;0.0;0.0;0.0;0.0;0.0;0.0;0.0;0.0;0.10459099820271851;0.0;0.0;0.056206661916109284;0.08719822269878225;0.056206661916109284;0.09870605103043341;0.15678173795441888;0.0;0.0;0.0;0.2266469333433598
GO:0008203;0.0;0.0;0.0;0.0;0.4941123023468746;0.0;0.12125392380751161;0.08989282617322755;0.09612045756176243;0.0;0.0;0.0;0.0;0.0;0.0;0.0;0.0;0.0;0.0;0.1385216881285478;0.0;0.0;1.0;0.0;0.0;0.0;0.0;0.0;0.0;0.0;0.0;0.0;0.0;0.0;0.10968242905873009;0.0;0.09861365615443589;0.0;0.0;0.0;0.0;0.0;0.0;0.0;0.0;0.0;0.45603846463966147;0.0;0.0;0.09861365615443589;0.0;0.12248831952170496;0.12068524563165374;0.0;0.0;0.1591937866465561;0.0;0.0;0.0;0.0;0.0;0.0;0.0;0.08569287768419079;0.0;0.0;0.0;0.0;0.0;0.0;0.0;0.0;0.0;0.0;0.0;0.0;0.0;0.0;0.0;0.0;0.0;0.0;0.0;0.1544732458810094;0.0;0.0;0.0;0.0;0.0;0.0;0.0;0.1173900762566515;0.0;0.1769153910729308;0.0;0.0;0.0
GO:0045944;0.0;0.0;0.10351239443482718;0.3031109330528307;0.0;0.06590952795707013;0.0;0.0;0.0;0.0;0.2695139139771843;0.0;0.1764183872804277;0.0;0.09839103037604466;0.149519724851049;0.0;0.5103339113250995;0.0;0.0;0.11606996793965318;0.43710846410617876;0.0;1.0;0.0703916119284032;0.0;0.0;0.0;0.0;0.5261514568386734;0.3273307811460863;0.0;0.0;0.0;0.0;0.5719903175183753;0.0;0.2803479791487464;0.0;0.0;0.0;0.0;0.0;0.11711867234702808;0.3381035215708287;0.09731174760910834;0.0;0.0;0.08523408743628896;0.0;0.0;0.0;0.0;0.0;0.4418305204457864;0.0;0.0;0.11273854078703509;0.0;0.0;0.09337022746264595;0.0;0.11919779585225297;0.0;0.9051071659038554;0.30409653460503894;0.21338008989744883;0.0;0.0;0.2657660950012621;0.2919336241992912;0.0;0.07552777086762015;0.06967143538505964;0.27427652772084243;0.07629322174793281;0.0;0.0;0.0;0.0;0.0;0.0;0.0;0.0;0.0;0.10784680197478617;0.0;0.0;0.05742021304164946;0.08976555015803939;0.05742021304164946;0.10160070833771043;0.16421294760523844;0.0;0.0;0.0;0.23297534879588291
GO:0043129;0.0;0.0;0.05204533198186668;0.058894200811566655;0.0;0.045868955703161046;0.0;0.0;0.0;0.0;0.054734857238054525;0.0;0.04333071161169873;0.0;0.05032943784539326;0.06518235125250628;0.0;0.24080415349513007;0.0;0.0;0.05601474704569407;0.06857650692268882;0.0;0.0703916119284032;1.0;0.0;0.0;0.0;0.0;0.062343852597853265;0.057972426770498506;0.0;0.0;0.0;0.0;0.06541988734630565;0.0;0.05611663680798188;0.0;0.0;0.0;0.0;0.0;0.060910955893406775;0.05913247312168122;0.04996019717837248;0.0;0.0;0.43155777805219686;0.0;0.0;0.0;0.0;0.0;0.05606594183421843;0.0;0.0;0.3843767839960116;0.0;0.0;0.04858838236676683;0.0;0.0569543247214031;0.0;0.07380333663476461;0.06207808064841658;0.046877317196255174;0.0;0.0;0.054247428306272105;0.05394516735490289;0.0;0.588859972997863;0.3776554633102602;0.05180281643722896;0.401493232758042;0.0;0.0;0.0;0.0;0.0;0.0;0.0;0.0;0.0;0.053452442790798825;0.0;0.0;0.32955582700249786;0.23463369577041132;0.18931330959745427;0.0514117245135597;0.06867189859932037;0.0;0.0;0.0;0.0497621408224172
GO:0042832;0.0;0.0;0.0;0.0;0.0;0.0;0.0;0.0;0.0;0.0;0.0;0.0;0.0;0.0;0.0;0.0;0.1624620199450083;0.0;0.0;0.0;0.0;0.0;0.0;0.0;0.0;1.0;0.0;0.16686130654646117;0.24415392619199128;0.0;0.0;0.0;0.0;0.0;0.0;0.0;0.0;0.0;0.0;0.0;0.0;0.5508445054533584;0.5529018924693769;0.0;0.0;0.0;0.0;0.0;0.0;0.0;0.19311881296729588;0.0;0.0;0.0;0.0;0.0;0.0;0.0;0.0;0.0;0.0;0.0;0.0;0.0;0.0;0.0;0.0;0.16346281588096712;0.0;0.0;0.0;0.4194975566715346;0.0;0.0;0.0;0.0;0.6010077545702034;0.0;0.0;0.19847716857877729;0.0;0.0;0.5820898258590178;0.0;0.0;0.0;0.0;0.0;0.0;0.0;0.0;0.0;0.0;0.0;0.0;0.0;0.0
GO:0002576;0.0;0.0;0.02548057513173678;0.0;0.026856553326935134;0.0;0.0;0.02044898396350942;0.021876643500360515;0.19507372823266866;0.0;0.0;0.0;0.20470391949654396;0.024460313871913754;0.033819624790410334;0.0;0.0;0.023274895928415428;0.0;0.027899372760381805;0.0;0.0;0.0;0.0;0.0;1.0;0.024003994591082614;0.03787435301202295;0.0;0.0;0.19507372823266866;0.026943466924689418;0.435509469062412;0.02344023085503357;0.0;0.021057065768047428;0.027962564671944034;0.21533431368250253;0.21533431368250253;0.24872247370833694;0.0;0.0;0.0;0.0;0.0;0.0;0.35925293632699806;0.026943466924689418;0.021057065768047428;0.0;0.030694825694360252;0.0;0.2271292693960369;0.0;0.0;0.7625731709695446;0.027268848722680043;0.5470493816410795;0.39443651533936797;0.02344023085503357;0.03193446986521483;0.02848423848811043;0.0;0.0;0.0;0.0;0.0;0.2717914741194603;0.0;0.0;0.0;0.024460313871913754;0.0;0.0;0.024660550263540332;0.0;0.22208055338174;0.023096448141110063;0.0;0.40425601703808295;0.021057065768047428;0.0;0.0;0.2189954609942314;0.0;0.23619113098447733;0.0;0.01948697196488797;0.0;0.17692769375442222;0.025102089884096453;0.0;0.0;0.021510911652872108;0.4417507479492368;0.0
GO:0097067;0.0;0.0;0.02156219976803395;0.0;0.022539409182826105;0.0;0.0;0.017846288321375487;0.018924080213231;0.0;0.0;0.0;0.0;0.0;0.020827074288089328;0.027247580582115957;0.16052098869566112;0.0;0.019961425850583678;0.0;0.02326935612641188;0.0;0.0;0.0;0.0;0.16686130654646117;0.024003994591082614;1.0;0.5450527315378432;0.0;0.0;0.0;0.022600594379872017;0.0;0.020082913816025467;0.0;0.018307684229438063;0.023313297955699884;0.0;0.0;0.0;0.38708391232477185;0.19023217914107254;0.0;0.0;0.0;0.0;0.0;0.022600594379872017;0.018307684229438063;0.3540045330512876;0.025182157503934606;0.0;0.0;0.0;0.0;0.027066797439943873;0.02282909188983642;0.0;0.0;0.020082913816025467;0.026010507593517997;0.02367479721038503;0.0;0.0;0.0;0.0;0.1614979413679458;0.0;0.0;0.0;0.0;0.020827074288089328;0.0;0.0;0.020972067521626378;0.20652912015655425;0.0;0.01983002654283323;0.5557555822562836;0.0;0.018307684229438063;0.18601830961845636;0.0;0.0;0.0;0.0;0.0;0.017109163434613224;0.0;0.017109163434613224;0.02129054971754302;0.0;0.0;0.01864978894956986;0.0;0.0
GO:0071310;0.0;0.0;0.03213283367477613;0.0;0.034352345539033054;0.0;0.0;0.024523376499772587;0.026605590670109598;0.0;0.0;0.0;0.0;0.0;0.030527095768848107;0.04663338503647691;0.23081411622037876;0.0;0.028702656915080612;0.0;0.03607720485323607;0.0;0.0;0.0;0.0;0.24415392619199128;0.03787435301202295;0.5450527315378432;1.0;0.0;0.0;0.0;0.03449467421765741;0.0;0.028954513521367336;0.0;0.025403127720083674;0.03618294181034726;0.0;0.0;0.0;0.6397546596276208;0.2976624649998075;0.0;0.0;0.0;0.0;0.0;0.03449467421765741;0.025403127720083674;0.5541693260825575;0.04089308074163839;0.0;0.0;0.0;0.0;0.04610633643131936;0.035029808514116495;0.0;0.0;0.028954513521367336;0.043123226440095384;0.03706123845967674;0.0;0.0;0.0;0.0;0.23283943604238416;0.0;0.0;0.0;0.0;0.030527095768848107;0.0;0.0;0.030839612027823454;0.3395922527294705;0.0;0.028431759995776754;0.5782617822703089;0.0;0.025403127720083674;0.2874727471022972;0.0;0.0;0.0;0.0;0.0;0.023152666217478437;0.0;0.023152666217478437;0.03153325296673733;0.0;0.0;0.0260666008284249;0.0;0.0
GO:0032147;0.0;0.0;0.09034742842115154;0.25749107805394433;0.0;0.3336484279364394;0.0;0.0;0.0;0.0;0.23283477374673656;0.0;0.15872335571959575;0.0;0.08642121460148655;0.12352105775375767;0.0;0.34434323896797203;0.0;0.0;0.09976855856141018;0.3552067953372904;0.0;0.5261514568386734;0.062343852597853265;0.0;0.0;0.0;0.0;1.0;0.27913363844630507;0.0;0.0;0.0;0.0;0.7715971759164882;0.0;0.24087661133863875;0.0;0.0;0.0;0.0;0.0;0.09863902080155121;0.2869297383005219;0.0855874472198392;0.0;0.0;0.07371244103706877;0.0;0.0;0.0;0.0;0.0;0.5398703650497036;0.0;0.0;0.09729722038323348;0.0;0.0;0.08252352384796391;0.0;0.10207079518095624;0.0;0.5549151429557931;0.25480539000507374;0.18971802688367184;0.0;0.0;0.4746378400217028;0.252976525059249;0.0;0.06633939770298095;0.06177827433090046;0.2396096159737277;0.06692920740355417;0.0;0.0;0.0;0.0;0.0;0.0;0.0;0.0;0.0;0.09363193323874491;0.0;0.0;0.05194992542357211;0.07849442223201249;0.05194992542357211;0.08888765736820158;0.13338030811837612;0.0;0.0;0.0;0.20505219282469656
GO:0010634;0.0;0.0;0.08335531821698815;0.5075595988095719;0.0;0.05489783422981753;0.0;0.0;0.0;0.0;0.46296094416683425;0.0;0.0668307025526715;0.0;0.08000202092991245;0.11081269312587429;0.0;0.20482568988316135;0.0;0.0;0.0913104485583383;0.3161381778136528;0.0;0.3273307811460863;0.057972426770498506;0.0;0.0;0.0;0.0;0.27913363844630507;1.0;0.0;0.0;0.0;0.0;0.29712663097421943;0.0;0.22040923836751894;0.0;0.0;0.0;0.0;0.0;0.40190605773775356;0.2608863900716191;0.07928700220125474;0.0;0.0;0.06767851973672903;0.0;0.0;0.0;0.0;0.0;0.24395308224042536;0.0;0.0;0.08923601891210606;0.0;0.0;0.0766506237519853;0.0;0.09323511171827296;0.0;0.31487574506291505;0.10402430360046787;0.17678801023752655;0.0;0.0;0.36109280094748897;0.35859833897167026;0.0;0.06141184092337873;0.05748307096392207;0.22117202133530164;0.06191695141129291;0.0;0.0;0.0;0.0;0.0;0.0;0.0;0.0;0.0;0.08614326685547362;0.0;0.0;0.04887869415996713;0.326104096639528;0.04887869415996713;0.08211119561234258;0.11868295217320397;0.0;0.0;0.0;0.19003029071159563
GO:1905572;0.0;0.0;0.0;0.0;0.0;0.0;0.0;0.0;0.0;0.3582167568548244;0.0;0.0;0.0;0.2770111063621504;0.0;0.0;0.0;0.0;0.0;0.0;0.0;0.0;0.0;0.0;0.0;0.0;0.19507372823266866;0.0;0.0;0.0;0.0;1.0;0.0;0.1848732543153347;0.0;0.0;0.0;0.0;0.287579744740964;0.287579744740964;0.5085395415407623;0.0;0.0;0.0;0.0;0.0;0.0;0.39645970878486286;0.0;0.0;0.0;0.0;0.0;0.47656831416993867;0.0;0.0;0.2148066168652466;0.0;0.21513814717258306;0.17248132704484426;0.0;0.0;0.0;0.0;0.0;0.0;0.0;0.0;0.5409384957310698;0.0;0.0;0.0;0.0;0.0;0.0;0.0;0.0;0.8991262047196783;0.0;0.0;0.1755113406345142;0.0;0.0;0.0;0.4673887148305055;0.0;0.2510575106535888;0.0;0.0;0.0;0.13331334997803274;0.0;0.0;0.0;0.0;0.18669313363308537;0.0
GO:0022617;0.0;0.0;0.023904874017850568;0.0;0.025111904271561642;0.0;0.0;0.019421595251349472;0.020704901455138494;0.0;0.0;0.0;0.0;0.0;0.023004666679790172;0.031098857626847082;0.0;0.0;0.021953107607178064;0.0;0.02602134367284754;0.0;0.0;0.0;0.0;0.0;0.026943466924689418;0.022600594379872017;0.03449467421765741;0.0;0.0;0.0;1.0;0.0;0.022100137607658533;0.0;0.01996929177207435;0.0260763060921386;0.0;0.0;0.0;0.0;0.0;0.0;0.0;0.0;0.0;0.0;0.025187876554592037;0.01996929177207435;0.0;0.028436823255833868;0.0;0.0;0.0;0.0;0.030863578270066177;0.025472013565965283;0.0;0.0;0.022100137607658533;0.029497640364179557;0.026529402865485663;0.0;0.0;0.0;0.0;0.0;0.0;0.0;0.0;0.0;0.023004666679790172;0.0;0.0;0.023181693605904784;0.0;0.0;0.02179428335430022;0.0;0.0;0.5589334463905631;0.0;0.0;0.0;0.0;0.0;0.0;0.018551764961999846;0.0;0.018551764961999846;0.023571445664121594;0.0;0.0;0.020377004946604303;0.0;0.0
GO:0008333;0.0;0.0;0.0;0.0;0.0;0.0;0.0;0.0;0.0;0.1848732543153347;0.0;0.0;0.0;0.19350037487366697;0.0;0.0;0.0;0.0;0.0;0.0;0.0;0.0;0.0;0.0;0.0;0.0;0.435509469062412;0.0;0.0;0.0;0.0;0.1848732543153347;0.0;1.0;0.0;0.0;0.0;0.0;0.20297207803408474;0.20297207803408474;0.23237495558658228;0.0;0.0;0.0;0.0;0.0;0.0;0.558208596071264;0.0;0.0;0.0;0.0;0.0;0.365306775931889;0.0;0.0;0.49839886243360865;0.0;0.4994976840996341;0.38871290345837606;0.0;0.0;0.0;0.0;0.0;0.0;0.0;0.0;0.25238914028540355;0.0;0.0;0.0;0.0;0.0;0.0;0.0;0.0;0.2089551946374635;0.0;0.0;0.3977538850513412;0.0;0.0;0.0;0.2062217506982717;0.0;0.2214004054884057;0.0;0.0;0.0;0.1676760823675548;0.0;0.0;0.0;0.0;0.4102155590294101;0.0
GO:0005980;0.0;0.0;0.02110621004689814;0.0;0.10399506094756512;0.0;0.1246723873071666;0.289120440652062;0.3062563889835649;0.0;0.0;0.0;0.0;0.0;0.020401339940053793;0.02652346168326678;0.0;0.0;0.01957001359577429;0.13912584057024618;0.02273919105887121;0.0;0.10968242905873009;0.0;0.0;0.0;0.02344023085503357;0.020082913816025467;0.028954513521367336;0.0;0.0;0.0;0.022100137607658533;0.0;1.0;0.0;0.5872627174579347;0.0227811515667553;0.0;0.0;0.0;0.0;0.0;0.0;0.0;0.0;0.5856877366379367;0.0;0.022100137607658533;0.5872627174579347;0.0;0.4025732320298371;0.12418471732925485;0.0;0.0;0.15557142527665604;0.026352129467078544;0.02231857877471457;0.0;0.0;0.01968676996160056;0.02534985070862077;0.023126213965686353;0.09791402195136786;0.0;0.0;0.0;0.0;0.0;0.0;0.0;0.0;0.020401339940053793;0.0;0.0;0.020540446236642355;0.0;0.0;0.019443700530977902;0.0;0.0;0.01797790430867298;0.0;0.5289657902651361;0.0;0.0;0.0;0.0;0.016820808509603918;0.0;0.016820808509603918;0.15030971038953164;0.0;0.1689788208780138;0.018307684229438067;0.0;0.0
GO:0043410;0.0;0.0;0.09533400631142466;0.27448102410967457;0.0;0.0615310902878896;0.0;0.0;0.0;0.0;0.2466395055123972;0.0;0.16555257092702522;0.0;0.09097289045925983;0.41534167128714233;0.0;0.36379133342491005;0.0;0.0;0.10588452595769753;0.3848645908135385;0.0;0.5719903175183753;0.06541988734630565;0.0;0.0;0.0;0.0;0.7715971759164882;0.29712663097421943;0.0;0.0;0.0;0.0;1.0;0.0;0.46790045352598775;0.0;0.0;0.0;0.0;0.0;0.10548415961849256;0.600904635911503;0.2811394542155725;0.0;0.0;0.07805165133002055;0.0;0.0;0.0;0.0;0.0;0.5571638324783026;0.0;0.0;0.10310512752864368;0.0;0.0;0.08666405180720035;0.0;0.10848134887393832;0.0;0.6072284049612853;0.2730047003917626;0.19878384878844169;0.0;0.0;0.2434971568201164;0.26766660136636516;0.0;0.0698333943603559;0.0647973997900293;0.25274798925682823;0.07048727515121578;0.0;0.0;0.0;0.0;0.0;0.0;0.0;0.0;0.0;0.09899843513948264;0.0;0.0;0.054068364456417266;0.08276858013498208;0.054068364456417266;0.0937100971809419;0.14454185276795745;0.0;0.0;0.0;0.394703818179318
GO:0005985;0.0;0.0;0.019154254597201287;0.0;0.09399208230847397;0.0;0.09158070561210625;0.07581376436705532;0.07993741683173482;0.0;0.0;0.0;0.0;0.0;0.018571933505860526;0.023512388299017466;0.0;0.0;0.01788048761237731;0.10109934473245567;0.020489603251445852;0.0;0.09861365615443589;0.0;0.0;0.0;0.021057065768047428;0.018307684229438063;0.025403127720083674;0.0;0.0;0.0;0.01996929177207435;0.0;0.5872627174579347;0.0;1.0;0.020523665909713697;0.0;0.0;0.0;0.0;0.0;0.0;0.0;0.0;0.5265058946009465;0.0;0.01996929177207435;0.840260351810514;0.0;0.10298797825810069;0.09125593130226066;0.0;0.0;0.11168408777298398;0.023377650108166555;0.02014747062899469;0.0;0.0;0.01797790430867298;0.02258546390480828;0.020803309448960187;0.06888499328986027;0.0;0.0;0.0;0.0;0.0;0.0;0.0;0.0;0.018571933505860526;0.0;0.0;0.018687140325755247;0.0;0.0;0.017774984128329507;0.0;0.0;0.016542012253947143;0.0;0.10933995313797569;0.0;0.0;0.0;0.0;0.01555730723324292;0.0;0.01555730723324292;0.08935925670123356;0.0;0.12012597476864562;0.016820808509603918;0.0;0.0
GO:0002224;0.0;0.0;0.2129881328855636;0.22467047785599947;0.025994888546882214;0.05323083947788146;0.0;0.019945577875110712;0.021301480959127362;0.0;0.20566718079079135;0.38554433900204843;0.06493053510876767;0.0;0.20470984976566534;0.7989321282607643;0.3190990702996854;0.1974715098224164;0.02262495253948777;0.0;0.23253344870193882;0.2712346356300361;0.0;0.2803479791487464;0.05611663680798188;0.0;0.027962564671944034;0.023313297955699884;0.03618294181034726;0.24087661133863875;0.22040923836751894;0.0;0.0260763060921386;0.0;0.0227811515667553;0.46790045352598775;0.020523665909713697;1.0;0.0;0.0;0.0;0.0;0.38773800965347077;0.08553878991204902;0.41317385651027594;0.41860576773112435;0.0;0.0;0.06516277748153318;0.020523665909713697;0.0;0.029574404573246137;0.0;0.0;0.21168625760956064;0.0;0.45425971889185224;0.08588018824244972;0.0;0.0;0.19641275557997057;0.03072350759261354;0.23724258416761757;0.0;0.2978249114866808;0.09949229095907575;0.43127077514554896;0.32130207887156154;0.0;0.20347750788606958;0.2021235246148016;0.0;0.059333264181126825;0.05565798572479198;0.19261065500675054;0.059804629636469396;0.0;0.0;0.022456295677098836;0.0;0.0;0.020523665909713697;0.0;0.0;0.0;0.08301193747925745;0.0;0.0;0.04755279246456393;0.06996732591312005;0.04755279246456393;0.20991950634150375;0.11281967982226426;0.0;0.29554030432026984;0.0;0.5147826462547994
GO:0070574;0.0;0.0;0.0;0.0;0.0;0.0;0.0;0.0;0.0;0.287579744740964;0.0;0.0;0.0;0.4732745288528547;0.0;0.0;0.0;0.0;0.0;0.0;0.0;0.0;0.0;0.0;0.0;0.0;0.21533431368250253;0.0;0.0;0.0;0.0;0.287579744740964;0.0;0.20297207803408474;0.0;0.0;0.0;0.0;1.0;0.6039419302285313;0.19174307134665544;0.0;0.0;0.0;0.0;0.0;0.0;0.2513623182062599;0.0;0.0;0.0;0.0;0.0;0.1786497155247416;0.0;0.0;0.23963432600651885;0.0;0.24004699654190711;0.18813246016991844;0.0;0.0;0.0;0.0;0.0;0.0;0.0;0.0;0.3729543691184892;0.0;0.0;0.0;0.0;0.0;0.0;0.0;0.0;0.1755113406345142;0.0;0.0;0.19174307134665544;0.0;0.0;0.0;0.3692205414472096;0.0;0.3415705514923115;0.0;0.0;0.0;0.14348579833571026;0.0;0.0;0.0;0.0;0.2051678424738681;0.0
GO:0071421;0.0;0.0;0.0;0.0;0.0;0.0;0.0;0.0;0.0;0.287579744740964;0.0;0.0;0.0;0.38037248617993263;0.0;0.0;0.0;0.0;0.0;0.0;0.0;0.0;0.0;0.0;0.0;0.0;0.21533431368250253;0.0;0.0;0.0;0.0;0.287579744740964;0.0;0.20297207803408474;0.0;0.0;0.0;0.0;0.6039419302285313;1.0;0.19174307134665544;0.0;0.0;0.0;0.0;0.0;0.0;0.2513623182062599;0.0;0.0;0.0;0.0;0.0;0.1786497155247416;0.0;0.0;0.23963432600651885;0.0;0.24004699654190711;0.18813246016991844;0.0;0.0;0.0;0.0;0.0;0.0;0.0;0.0;0.3729543691184892;0.0;0.0;0.0;0.0;0.0;0.0;0.0;0.0;0.1755113406345142;0.0;0.0;0.19174307134665544;0.0;0.0;0.0;0.3692205414472096;0.0;0.3415705514923115;0.0;0.0;0.0;0.14348579833571026;0.0;0.0;0.0;0.0;0.2051678424738681;0.0
GO:0033344;0.0;0.0;0.0;0.0;0.0;0.0;0.0;0.0;0.0;0.1755113406345142;0.0;0.0;0.0;0.18326850494668154;0.0;0.0;0.0;0.0;0.0;0.0;0.0;0.0;0.0;0.0;0.0;0.0;0.24872247370833694;0.0;0.0;0.0;0.0;0.5085395415407623;0.0;0.23237495558658228;0.0;0.0;0.0;0.0;0.19174307134665544;0.19174307134665544;1.0;0.0;0.0;0.0;0.0;0.0;0.0;0.4423314504641345;0.0;0.0;0.0;0.0;0.0;0.8177086555168143;0.0;0.0;0.28171961703532344;0.0;0.2822901371371917;0.21312838736605558;0.0;0.0;0.0;0.0;0.0;0.0;0.0;0.0;0.6816524238918693;0.0;0.0;0.0;0.0;0.0;0.0;0.0;0.0;0.5710162060079202;0.0;0.0;0.21777401793383752;0.0;0.0;0.0;0.2888443986936964;0.0;0.30882783579593676;0.0;0.0;0.0;0.1591850271563685;0.0;0.0;0.0;0.0;0.23525747949029155;0.0
GO:0032496;0.0;0.0;0.0;0.0;0.0;0.0;0.0;0.0;0.0;0.0;0.0;0.0;0.0;0.0;0.0;0.0;0.2013693955290527;0.0;0.0;0.0;0.0;0.0;0.0;0.0;0.0;0.5508445054533584;0.0;0.38708391232477185;0.6397546596276208;0.0;0.0;0.0;0.0;0.0;0.0;0.0;0.0;0.0;0.0;0.0;0.0;1.0;0.6524139665165385;0.0;0.0;0.0;0.0;0.0;0.0;0.0;0.6870246866566083;0.0;0.0;0.0;0.0;0.0;0.0;0.0;0.0;0.0;0.0;0.0;0.0;0.0;0.0;0.0;0.0;0.20290921549515095;0.0;0.0;0.0;0.0;0.0;0.0;0.0;0.0;0.7280445774458397;0.0;0.0;0.5851331261453794;0.0;0.0;0.6335209539829001;0.0;0.0;0.0;0.0;0.0;0.0;0.0;0.0;0.0;0.0;0.0;0.0;0.0;0.0
GO:0019730;0.0;0.0;0.0;0.0;0.0;0.0;0.0;0.0;0.0;0.0;0.0;0.39220917510108566;0.0;0.0;0.0;0.0;0.4260855349035656;0.0;0.0;0.0;0.0;0.0;0.0;0.0;0.0;0.5529018924693769;0.0;0.19023217914107254;0.2976624649998075;0.0;0.0;0.0;0.0;0.0;0.0;0.0;0.0;0.38773800965347077;0.0;0.0;0.0;0.6524139665165385;1.0;0.0;0.0;0.0;0.0;0.0;0.0;0.0;0.225129268001014;0.0;0.0;0.0;0.0;0.0;0.4635406041683852;0.0;0.0;0.0;0.0;0.0;0.0;0.0;0.0;0.0;0.0;0.4290694172026111;0.0;0.0;0.0;0.48755078600680546;0.0;0.0;0.0;0.0;0.7107761337558174;0.0;0.0;0.23244483954007775;0.0;0.0;0.6276520862187385;0.0;0.0;0.0;0.0;0.0;0.0;0.0;0.0;0.0;0.0;0.0;0.2994408480774902;0.0;0.0
