;GO:0006281;GO:1904851;GO:0006164;GO:0009116;GO:0046655;GO:0046931;GO:0009113;GO:0046654;GO:0000413;GO:0001666;GO:0051289;GO:0035999;GO:0071733;GO:0009070;GO:0071899;GO:0009086;GO:0044208;GO:0043312;GO:0006177;GO:0000105;GO:0071169;GO:0031100;GO:0035066;GO:0043967;GO:0043968;GO:1904874;GO:0006183;GO:1904871;GO:0006189;GO:0006541;GO:0009257;GO:1903507;GO:0000122;GO:0071392;GO:0051262;GO:0032508;GO:0071353;GO:0034644;GO:0019346;GO:0042407;GO:0006351;GO:0008053;GO:0006310;GO:0001780;GO:0090090;GO:0000492;GO:0046651;GO:0046452;GO:0032212;GO:0009060
GO:0006281;1.0;0.0;0.4407376909726204;0.6229840529810369;0.44611495739134666;0.18788106695088447;0.47883759840731444;0.35101655959723277;0.4853178551619;0.2601319832448657;0.17230066911695202;0.465029450001166;0.08815259783061496;0.3360718703838937;0.0;0.3004275098541313;0.3329529725989336;0.12811567233512774;0.29039018164796954;0.4292256710008722;0.0;0.0;0.0;0.3861256181991015;0.3861256181991015;0.0;0.2903901548539853;0.0;0.3371686864894666;0.4097534559732857;0.33093179752014895;0.0;0.0;0.23229314934353343;0.18237303488817916;0.18225255087842518;0.2832026221514793;0.27543485144118984;0.36566882384721994;0.17710750263723668;0.6093037668439383;0.17697915681193394;0.8294132635868482;0.0;0.0;0.16761297305165146;0.17587472438562732;0.4746288652803518;0.0;0.30851612169031883
GO:1904851;0.0;1.0;0.0;0.0;0.0;0.0;0.0;0.0;0.0;0.0;0.0;0.0;0.16385947841153803;0.0;0.26359579867390526;0.0;0.0;0.0;0.0;0.0;0.0;0.0;0.1883447337667291;0.0;0.0;0.48974525331092544;0.0;0.6534119798227597;0.0;0.0;0.0;0.1758886241514031;0.15079814886272105;0.0;0.0;0.0;0.0;0.0;0.0;0.0;0.0;0.0;0.0;0.22325818632934866;0.2284197757108683;0.0;0.0;0.0;0.17540269369437742;0.0
GO:0006164;0.4407376909726204;0.0;1.0;0.5797899601161061;0.41527298657630657;0.13251829853258115;0.7579577484781955;0.5461421185637442;0.3318268592321383;0.0;0.12457303240525186;0.42902520667209004;0.0737051292842798;0.45564980153808815;0.0;0.41684849027364346;0.7910066619040569;0.09971026301285615;0.702956156719605;0.6005689644935965;0.0;0.0;0.0;0.2777529060089015;0.2777529060089015;0.0;0.7029561002404587;0.0;0.799549947748576;0.3823659304811011;0.5200891611150904;0.0;0.0;0.10508427101537485;0.12975422136477902;0.12969322078775067;0.12187339298247571;0.11941825282850108;0.3506923300928316;0.12706642113586789;0.6333541514223369;0.12700034291248397;0.48184773468015435;0.0;0.0;0.12210404463611793;0.12643061076282838;0.43591141402811934;0.0;0.21958085133478802
GO:0009116;0.6229840529810369;0.0;0.5797899601161061;1.0;0.5729659797631171;0.21467658790760513;0.6338638424950889;0.44258523951777284;0.4840677675466711;0.0;0.19457290573670463;0.5994789955914016;0.0936363000482205;0.4560345818534958;0.0;0.40383830033193363;0.4572726037684015;0.1400344480450597;0.4413580876025163;0.5384673652245392;0.0;0.0;0.0;0.37699870563244603;0.37699870563244603;0.0;0.44135804498946235;0.0;0.46337664821051305;0.5671311900784896;0.4156562126251575;0.0;0.0;0.15087020070638707;0.20751535596516965;0.20735937590323714;0.18806613091339167;0.18228312379788358;0.5001332789182821;0.20072494166194477;0.5386669367629308;0.200560099408547;0.708416651381063;0.0;0.0;0.18861593325755133;0.19914292592557173;0.6130103358210759;0.0;0.3509886607527988
GO:0046655;0.44611495739134666;0.0;0.41527298657630657;0.5729659797631171;1.0;0.16824778868780996;0.4488747839192659;0.6520118749936654;0.3568013366054074;0.0;0.15564429004963698;0.8484138871951834;0.08357665550083633;0.4602246283827323;0.0;0.4145448039866657;0.3421959398688237;0.11867260321856682;0.2792506723445424;0.531533582627052;0.0;0.0;0.0;0.28871114619708094;0.28871114619708094;0.0;0.27925064760395363;0.0;0.3221690561988511;0.5524960815214964;0.643963622839811;0.0;0.0;0.12636379914823914;0.16381719755907284;0.16371997739720148;0.15145266022485765;0.14767959703297223;0.497633117672829;0.1595561370827233;0.3940256018764418;0.1594519614743231;0.49670467046607664;0.0;0.0;0.15180902281859932;0.15855489809795142;0.9028948280466825;0.0;0.2771606949453825
GO:0046931;0.18788106695088447;0.0;0.13251829853258115;0.21467658790760513;0.16824778868780996;1.0;0.14791519673597597;0.12218918349197487;0.21584146361749884;0.0;0.7691264064879813;0.17834022390383825;0.1880836546550453;0.17328325922979454;0.0;0.14855412735110676;0.09309293007091685;0.1824987925912741;0.07900559269537508;0.14150604817473555;0.0;0.0;0.0;0.2641660922318617;0.2641660922318617;0.0;0.07900558406602252;0.0;0.09453080180635373;0.23175363969201948;0.11335429306615309;0.0;0.0;0.2013448855554145;0.8472108582528078;0.536594541393798;0.2735479054377243;0.26148168267038313;0.19548260703558415;0.51083466045213;0.15586675855831658;0.5102054636657137;0.22320161007224926;0.0;0.0;0.7348305835386124;0.29762725416780494;0.18359370424950136;0.0;0.3160425646667601
GO:0009113;0.47883759840731444;0.0;0.7579577484781955;0.6338638424950889;0.4488747839192659;0.14791519673597597;1.0;0.5820468189471768;0.3628672135144433;0.0;0.13808488058662902;0.46498573437195356;0.0782345304163232;0.49318653084477887;0.0;0.4480456096481648;0.5909718750803812;0.10818341803996025;0.5220414589250874;0.6441244241660778;0.0;0.0;0.0;0.29917443650478964;0.29917443650478964;0.0;0.5220414149752519;0.0;0.5977042450041234;0.4195422343722211;0.5525482025052822;0.0;0.0;0.11453868227961027;0.14447983210276064;0.14440420416860858;0.1347756250335223;0.13177952731246087;0.38171481776255745;0.14115516104491294;0.6509649662245264;0.14107362207043503;0.5277568802353438;0.0;0.0;0.1350577545340052;0.1403709758190708;0.4730856111899634;0.0;0.2444762128712454
GO:0046654;0.35101655959723277;0.0;0.5461421185637442;0.44258523951777284;0.6520118749936654;0.12218918349197487;0.5820468189471768;1.0;0.2754018965870384;0.0;0.11540251556613695;0.7018239902510486;0.07039537072985474;0.5739245000827312;0.0;0.5276670641395986;0.4365728567648024;0.09374741598192389;0.4079935428965647;0.69879185823623;0.0;0.0;0.0;0.2329890879348889;0.2329890879348889;0.0;0.40799351128805217;0.0;0.4410972917486158;0.4222320290883071;0.9544685146755438;0.0;0.0;0.0984826307143588;0.11983537769408133;0.11978334495872375;0.11308201521673335;0.11096522838587598;0.38942159376627516;0.11753916381087381;0.5140714755524243;0.11748262080540635;0.3815974600219722;0.0;0.0;0.11328056369428657;0.11699491915477624;0.6824720909393568;0.0;0.2028090728918289
GO:0000413;0.4853178551619;0.0;0.3318268592321383;0.4840677675466711;0.3568013366054074;0.21584146361749884;0.3628672135144433;0.2754018965870384;1.0;0.0;0.19552933823239155;0.3733690051158481;0.09385723887659594;0.4113515649647418;0.0;0.36412811435347053;0.2461567519776769;0.1405291702392267;0.21317161315224076;0.3501005936048634;0.0;0.0;0.0;0.6990031381910898;0.6990031381910898;0.0;0.2131715925343563;0.0;0.24944941402434562;0.5119860538106958;0.2586048332524415;0.0;0.0;0.15144460450284386;0.2086036145383271;0.2084459948168323;0.18895951742095557;0.1831222894512069;0.4512775036021165;0.20174296979115175;0.41942795077500405;0.20157645191141974;0.5521452058155223;0.0;0.0;0.18951456342575726;0.20014493004085487;0.38182653920722626;0.0;0.35282671084168094
GO:0001666;0.2601319832448657;0.0;0.0;0.0;0.0;0.0;0.0;0.0;0.0;1.0;0.0;0.0;0.0;0.0;0.0;0.0;0.0;0.0;0.0;0.0;0.0;0.0;0.0;0.0;0.0;0.0;0.0;0.0;0.0;0.0;0.0;0.0;0.0;0.20794686873997342;0.0;0.0;0.285878864871299;0.3664184934873951;0.0;0.0;0.0;0.0;0.0;0.0;0.0;0.0;0.0;0.0;0.0;0.0
GO:0051289;0.17230066911695202;0.0;0.12457303240525186;0.19457290573670463;0.15564429004963698;0.7691264064879813;0.13808488058662902;0.11540251556613695;0.19552933823239155;0.0;1.0;0.16424266697289214;0.17855419986851448;0.1599439600442152;0.0;0.1386415478827898;0.08910078080880367;0.16776327322285509;0.07611147277677774;0.13248318592629799;0.0;0.0;0.0;0.2457452638154852;0.2457452638154852;0.0;0.07611146476806357;0.0;0.09041710300094924;0.20849757953836337;0.1074900136900545;0.0;0.0;0.1835571572762544;0.9119053564099812;0.46568772737037534;0.24172346567816863;0.23225288508735834;0.17867236136095385;0.44616211224265384;0.14498998540394925;0.44568207063142773;0.2015500680044927;0.0;0.0;0.6490192251940932;0.26033536182053096;0.1686880619769536;0.0;0.2743166131927861
GO:0035999;0.465029450001166;0.0;0.42902520667209004;0.5994789955914016;0.8484138871951834;0.17834022390383825;0.46498573437195356;0.7018239902510486;0.3733690051158481;0.0;0.16424266697289214;1.0;0.08599406809442299;0.47869349448721576;0.0;0.4294698973320531;0.32634225299961245;0.1236064883639451;0.28540256028637834;0.5500076761393031;0.0;0.0;0.0;0.2994635144350273;0.2994635144350273;0.0;0.2854025344437129;0.0;0.3303850583997579;0.5793289618775378;0.6626666088858998;0.0;0.0;0.1319730549039464;0.17336999866991387;0.17326111312778383;0.15958205585147558;0.15539866902276722;0.5192970860144557;0.1686047193184848;0.4087082818505697;0.16848839717629413;0.520265508413513;0.0;0.0;0.15997775149109436;0.16748709548964189;0.900724821371101;0.0;0.2933038915708967
GO:0071733;0.08815259783061496;0.16385947841153803;0.0737051292842798;0.0936363000482205;0.08357665550083633;0.1880836546550453;0.0782345304163232;0.07039537072985474;0.09385723887659594;0.0;0.17855419986851448;0.08599406809442299;1.0;0.08480076092978998;0.13731511384158593;0.07841290880035362;0.059653757454003566;0.08694943420333251;0.05353668454576985;0.07640420511859664;0.0;0.0;0.38696845150207443;0.16271136045972925;0.16271136045972925;0.19077572480207494;0.05353668058330428;0.1719650457532991;0.06024092158418056;0.09674570722264988;0.06737025013467413;0.45163012558280957;0.5033137970628178;0.09100794591707102;0.18478968223875633;0.2560186284092719;0.10333657354664455;0.10156605966863526;0.08979083807453522;0.21671291851062072;0.08040404471688976;0.21661797013364933;0.09522264635298046;0.10869542883531177;0.15883682499084048;0.17555444939143156;0.10659439339205729;0.0871971938478504;0.5708122726650504;0.10886628996342555
GO:0009070;0.3360718703838937;0.0;0.45564980153808815;0.4560345818534958;0.4602246283827323;0.17328325922979454;0.49318653084477887;0.5739245000827312;0.4113515649647418;0.0;0.1599439600442152;0.47869349448721576;0.08480076092978998;1.0;0.0;0.8318601207977196;0.34791481501111005;0.12115590291009413;0.32587062889957835;0.8035191727659783;0.0;0.0;0.0;0.3313767622659109;0.3313767622659109;0.0;0.3258705997054982;0.0;0.3521720473632191;0.7044622921108192;0.5423549722339246;0.0;0.0;0.12918323964210893;0.16858719520068144;0.16848423271431653;0.15552083470737962;0.1515450129865117;0.6734861537162364;0.16407779187570096;0.40402736599615563;0.16396763018597418;0.3750899659480897;0.0;0.0;0.1558966227057932;0.16301918891137754;0.48803603498560466;0.0;0.28522173573580406
GO:0071899;0.0;0.26359579867390526;0.0;0.0;0.0;0.0;0.0;0.0;0.0;0.0;0.0;0.0;0.13731511384158593;0.0;1.0;0.0;0.0;0.0;0.0;0.0;0.0;0.0;0.15895286484966917;0.0;0.0;0.36794429739266715;0.0;0.2911840074096591;0.0;0.0;0.0;0.18718419738263015;0.15902558169345965;0.0;0.0;0.0;0.0;0.0;0.0;0.0;0.0;0.0;0.0;0.2490737343816328;0.24784253294166708;0.0;0.0;0.0;0.14747783207701365;0.0
GO:0009086;0.3004275098541313;0.0;0.41684849027364346;0.40383830033193363;0.4145448039866657;0.14855412735110676;0.4480456096481648;0.5276670641395986;0.36412811435347053;0.0;0.1386415478827898;0.4294698973320531;0.07841290880035362;0.8318601207977196;0.0;1.0;0.32482803267613364;0.10852480418382471;0.30677332079587327;0.7320586128513076;0.0;0.0;0.0;0.3000310198613439;0.3000310198613439;0.0;0.30677329492330535;0.0;0.32853600101922054;0.6203937286439217;0.5008625321921546;0.0;0.0;0.1149214271451331;0.14508936759139723;0.14501310035718876;0.1353058793383658;0.13228642394050522;0.6372700514013825;0.1417369103911438;0.3657906139257479;0.1416546981266557;0.3312285920114975;0.0;0.0;0.13559023553954844;0.14094626614991082;0.4369747934965306;0.0;0.24550659596972604
GO:0044208;0.3329529725989336;0.0;0.7910066619040569;0.4572726037684015;0.3421959398688237;0.09309293007091685;0.5909718750803812;0.4365728567648024;0.2461567519776769;0.0;0.08910078080880367;0.32634225299961245;0.059653757454003566;0.34791481501111005;0.0;0.32482803267613364;1.0;0.0756150270528487;0.8433759961713907;0.47099265958963077;0.0;0.0;0.0;0.21509286919884119;0.21509286919884119;0.0;0.7186056494068149;0.0;0.9390531421524541;0.2810439994795393;0.41976410046183366;0.0;0.0;0.07866583595639345;0.09172035768892715;0.0916898729638726;0.08771111943367885;0.08643224727417408;0.2635484812302659;0.09036912387655141;0.4904213686393862;0.09033569651217709;0.3558910993468155;0.0;0.0;0.08783052312243869;0.09004706578681981;0.33031138827471196;0.0;0.15525704221424064
GO:0043312;0.12811567233512774;0.0;0.09971026301285615;0.1400344480450597;0.11867260321856682;0.1824987925912741;0.10818341803996025;0.09374741598192389;0.1405291702392267;0.0;0.16776327322285509;0.1236064883639451;0.08694943420333251;0.12115590291009413;0.0;0.10852480418382471;0.0756150270528487;1.0;0.06604905513969231;0.10471460805508087;0.20321352386820332;0.0;0.0;0.11231333208407958;0.11231333208407958;0.0;0.06604904910860289;0.0;0.07656092743951276;0.14710518211761087;0.08845778014294373;0.0;0.0;0.13423660868525378;0.17729745184436502;0.17718357874668986;0.16290367248677912;0.1585467005963973;0.13160535776365248;0.1723169268132835;0.11237638957749166;0.17219542794775416;0.14361244925177405;0.17663163402912926;0.0;0.16331603323449273;0.3476423394449784;0.126107538143387;0.0;0.1770832658938596
GO:0006177;0.29039018164796954;0.0;0.702956156719605;0.4413580876025163;0.2792506723445424;0.07900559269537508;0.5220414589250874;0.4079935428965647;0.21317161315224076;0.0;0.07611147277677774;0.28540256028637834;0.05353668454576985;0.32587062889957835;0.0;0.30677332079587327;0.8433759961713907;0.06604905513969231;1.0;0.4365634019860751;0.0;0.0;0.0;0.18947437040051232;0.18947437040051232;0.0;0.8574593643012135;0.0;0.8501845531429455;0.24252676377806215;0.3939130137851519;0.0;0.0;0.06836496105013973;0.07801478906183444;0.07799273308739524;0.07509514265941715;0.0741557367774579;0.22938605871853643;0.07703505094350442;0.4319918923130428;0.077010758989849;0.30768627317285496;0.0;0.0;0.07518265052673104;0.07680089820125352;0.28843367853659735;0.0;0.13206966911659623
GO:0000105;0.4292256710008722;0.0;0.6005689644935965;0.5384673652245392;0.531533582627052;0.14150604817473555;0.6441244241660778;0.69879185823623;0.3501005936048634;0.0;0.13248318592629799;0.5500076761393031;0.07640420511859664;0.8035191727659783;0.0;0.7320586128513076;0.47099265958963077;0.10471460805508087;0.4365634019860751;1.0;0.0;0.0;0.0;0.29044231591668884;0.29044231591668884;0.0;0.4365633659052883;0.0;0.47624606603250413;0.595587268833951;0.6642176647988797;0.0;0.0;0.11065765940321556;0.13835877438176677;0.13828941729793578;0.1294340133585012;0.1266682634390172;0.5436770808786398;0.1353068677737407;0.5709486798424916;0.13523194362854923;0.47150611894308025;0.0;0.0;0.12969420095892;0.13458615073777339;0.5592803440681384;0.0;0.2341284581317715
GO:0071169;0.0;0.0;0.0;0.0;0.0;0.0;0.0;0.0;0.0;0.0;0.0;0.0;0.0;0.0;0.0;0.0;0.0;0.20321352386820332;0.0;0.0;1.0;0.0;0.0;0.0;0.0;0.0;0.0;0.0;0.0;0.0;0.0;0.0;0.0;0.0;0.0;0.0;0.0;0.0;0.0;0.0;0.0;0.0;0.0;0.0;0.0;0.0;0.0;0.0;0.0;0.0
GO:0031100;0.0;0.0;0.0;0.0;0.0;0.0;0.0;0.0;0.0;0.0;0.0;0.0;0.0;0.0;0.0;0.0;0.0;0.0;0.0;0.0;0.0;1.0;0.0;0.0;0.0;0.0;0.0;0.0;0.0;0.0;0.0;0.0;0.0;0.0;0.0;0.0;0.0;0.0;0.0;0.0;0.0;0.0;0.0;0.0;0.0;0.0;0.0;0.0;0.0;0.0
GO:0035066;0.0;0.1883447337667291;0.0;0.0;0.0;0.0;0.0;0.0;0.0;0.0;0.0;0.0;0.38696845150207443;0.0;0.15895286484966917;0.0;0.0;0.0;0.0;0.0;0.0;0.0;1.0;0.0;0.0;0.22480093468189963;0.0;0.19913343948894954;0.0;0.0;0.0;0.30260708249025625;0.27124987874396134;0.0;0.0;0.0;0.0;0.0;0.0;0.0;0.0;0.0;0.0;0.1272494123405674;0.18173913215583662;0.0;0.0;0.0;0.5565900118680469;0.0
GO:0043967;0.3861256181991015;0.0;0.2777529060089015;0.37699870563244603;0.28871114619708094;0.2641660922318617;0.29917443650478964;0.2329890879348889;0.6990031381910898;0.0;0.2457452638154852;0.2994635144350273;0.16271136045972925;0.3313767622659109;0.0;0.3000310198613439;0.21509286919884119;0.11231333208407958;0.18947437040051232;0.29044231591668884;0.0;0.0;0.0;1.0;0.9677027987700777;0.0;0.1894743541118167;0.0;0.21760269277768762;0.3937192723204717;0.22085326580668752;0.0;0.0;0.11917847977089385;0.25771391737152993;0.2575720540404136;0.14124611031261558;0.1379589339826167;0.356807207614989;0.251484713783306;0.3432268246784442;0.2513321256955279;0.42726949100927336;0.0;0.0;0.24009877692216103;0.1474038891121535;0.30487993201926067;0.0;0.2570890248046823
GO:0043968;0.3861256181991015;0.0;0.2777529060089015;0.37699870563244603;0.28871114619708094;0.2641660922318617;0.29917443650478964;0.2329890879348889;0.6990031381910898;0.0;0.2457452638154852;0.2994635144350273;0.16271136045972925;0.3313767622659109;0.0;0.3000310198613439;0.21509286919884119;0.11231333208407958;0.18947437040051232;0.29044231591668884;0.0;0.0;0.0;0.9677027987700777;1.0;0.0;0.1894743541118167;0.0;0.21760269277768762;0.3937192723204717;0.22085326580668752;0.0;0.0;0.11917847977089385;0.25771391737152993;0.2575720540404136;0.14124611031261558;0.1379589339826167;0.356807207614989;0.251484713783306;0.3432268246784442;0.2513321256955279;0.42726949100927336;0.0;0.0;0.24009877692216103;0.1474038891121535;0.30487993201926067;0.0;0.2570890248046823
GO:1904874;0.0;0.48974525331092544;0.0;0.0;0.0;0.0;0.0;0.0;0.0;0.0;0.0;0.0;0.19077572480207494;0.0;0.36794429739266715;0.0;0.0;0.0;0.0;0.0;0.0;0.0;0.22480093468189963;0.0;0.0;1.0;0.0;0.554906598103041;0.0;0.0;0.0;0.21694178557897578;0.18000190847378658;0.0;0.0;0.0;0.0;0.0;0.0;0.0;0.0;0.0;0.0;0.3307654686372247;0.3028449094087385;0.0;0.0;0.0;0.20660586364061018;0.0
GO:0006183;0.2903901548539853;0.0;0.7029561002404587;0.44135804498946235;0.27925064760395363;0.07900558406602252;0.5220414149752519;0.40799351128805217;0.2131715925343563;0.0;0.07611146476806357;0.2854025344437129;0.05353668058330428;0.3258705997054982;0.0;0.30677329492330535;0.7186056494068149;0.06604904910860289;0.8574593643012135;0.4365633659052883;0.0;0.0;0.0;0.1894743541118167;0.1894743541118167;0.0;1.0;0.0;0.7244069375535892;0.24252673978704667;0.39391298432071553;0.0;0.0;0.06836495458869417;0.07801478064756492;0.07799272467788274;0.07509513486315854;0.0741557291750345;0.2293860372568755;0.07703504273924677;0.4319918551641071;0.07701075079076475;0.30768624309203424;0.0;0.0;0.07518264271229198;0.07680089004679476;0.28843365214209293;0.0;0.13206965487982544
GO:1904871;0.0;0.6534119798227597;0.0;0.0;0.0;0.0;0.0;0.0;0.0;0.0;0.0;0.0;0.1719650457532991;0.0;0.2911840074096591;0.0;0.0;0.0;0.0;0.0;0.0;0.0;0.19913343948894954;0.0;0.0;0.554906598103041;0.0;1.0;0.0;0.0;0.0;0.18775875333200978;0.15944008448534605;0.0;0.0;0.0;0.0;0.0;0.0;0.0;0.0;0.0;0.0;0.2504536832324479;0.24885080525247524;0.0;0.0;0.0;0.18472297100245524;0.0
GO:0006189;0.3371686864894666;0.0;0.799549947748576;0.46337664821051305;0.3221690561988511;0.09453080180635373;0.5977042450041234;0.4410972917486158;0.24944941402434562;0.0;0.09041710300094924;0.3303850583997579;0.06024092158418056;0.3521720473632191;0.0;0.32853600101922054;0.9390531421524541;0.07656092743951276;0.8501845531429455;0.47624606603250413;0.0;0.0;0.0;0.21760269277768762;0.21760269277768762;0.0;0.7244069375535892;0.0;1.0;0.2849038409585904;0.423945178016965;0.0;0.0;0.07969012081480405;0.0931158239332504;0.09308440469960687;0.08898640790981727;0.08767035569947053;0.26693981647059406;0.0917234731160006;0.496145921216108;0.09168903649221016;0.3607118934932208;0.0;0.0;0.08910931144764704;0.09139170713202081;0.33445375703264696;0.0;0.1576176786854506
GO:0006541;0.4097534559732857;0.0;0.3823659304811011;0.5671311900784896;0.5524960815214964;0.23175363969201948;0.4195422343722211;0.4222320290883071;0.5119860538106958;0.0;0.20849757953836337;0.5793289618775378;0.09674570722264988;0.7044622921108192;0.0;0.6203937286439217;0.2810439994795393;0.14710518211761087;0.24252676377806215;0.595587268833951;0.0;0.0;0.0;0.3937192723204717;0.3937192723204717;0.0;0.24252673978704667;0.0;0.2849038409585904;1.0;0.3956717746548924;0.0;0.0;0.159109719049764;0.223429859698682;0.22324904821889535;0.20104399889453442;0.19444931172914284;0.7762182601128452;0.21557768925760615;0.3518345741619634;0.2153875608124239;0.4692709683653733;0.0;0.0;0.201672426505581;0.21375395087606755;0.593068938467535;0.0;0.37786527039596507
GO:0009257;0.33093179752014895;0.0;0.5200891611150904;0.4156562126251575;0.643963622839811;0.11335429306615309;0.5525482025052822;0.9544685146755438;0.2586048332524415;0.0;0.1074900136900545;0.6626666088858998;0.06737025013467413;0.5423549722339246;0.0;0.5008625321921546;0.41976410046183366;0.08845778014294373;0.3939130137851519;0.6642176647988797;0.0;0.0;0.0;0.22085326580668752;0.22085326580668752;0.0;0.39391298432071553;0.0;0.423945178016965;0.3956717746548924;1.0;0.0;0.0;0.09266172639642847;0.11132573996873044;0.11128083326982724;0.10547403242753657;0.10363017033320424;0.36671782101564315;0.10934136035840722;0.48728384224385196;0.10929242788005221;0.3579783859174807;0.0;0.0;0.10564674314319991;0.10887023313423937;0.6723454429456199;0.0;0.18841831399878048
GO:1903507;0.0;0.1758886241514031;0.0;0.0;0.0;0.0;0.0;0.0;0.0;0.0;0.0;0.0;0.45163012558280957;0.0;0.18718419738263015;0.0;0.0;0.0;0.0;0.0;0.0;0.0;0.30260708249025625;0.0;0.0;0.21694178557897578;0.0;0.18775875333200978;0.0;0.0;0.0;1.0;0.8843566989755022;0.0;0.0;0.0;0.0;0.0;0.0;0.0;0.0;0.0;0.0;0.15209910096224882;0.29338524580353575;0.0;0.0;0.0;0.39616677730158195;0.0
GO:0000122;0.0;0.15079814886272105;0.0;0.0;0.0;0.0;0.0;0.0;0.0;0.0;0.0;0.0;0.5033137970628178;0.0;0.15902558169345965;0.0;0.0;0.0;0.0;0.0;0.0;0.0;0.27124987874396134;0.0;0.0;0.18000190847378658;0.0;0.15944008448534605;0.0;0.0;0.0;0.8843566989755022;1.0;0.0;0.0;0.0;0.0;0.0;0.0;0.0;0.0;0.0;0.0;0.12731247482789657;0.25300232131335604;0.0;0.0;0.0;0.3817788489914209;0.0
GO:0071392;0.23229314934353343;0.0;0.10508427101537485;0.15087020070638707;0.12636379914823914;0.2013448855554145;0.11453868227961027;0.0984826307143588;0.15144460450284386;0.20794686873997342;0.1835571572762544;0.1319730549039464;0.09100794591707102;0.12918323964210893;0.0;0.1149214271451331;0.07866583595639345;0.13423660868525378;0.06836496105013973;0.11065765940321556;0.0;0.0;0.0;0.11917847977089385;0.11917847977089385;0.0;0.06836495458869417;0.0;0.07969012081480405;0.159109719049764;0.09266172639642847;0.0;0.0;1.0;0.1950324030039352;0.19489461805175454;0.5364551900977411;0.292353074647608;0.14113152815554206;0.18902253347063558;0.11924948407351342;0.18887634476686188;0.15503157851499713;0.0;0.0;0.17824639418261942;0.1876189608721606;0.13482805118542573;0.0;0.19477325548331945
GO:0051262;0.18237303488817916;0.0;0.12975422136477902;0.20751535596516965;0.16381719755907284;0.8472108582528078;0.14447983210276064;0.11983537769408133;0.2086036145383271;0.0;0.9119053564099812;0.17336999866991387;0.18478968223875633;0.16858719520068144;0.0;0.14508936759139723;0.09172035768892715;0.17729745184436502;0.07801478906183444;0.13835877438176677;0.0;0.0;0.0;0.25771391737152993;0.25771391737152993;0.0;0.07801478064756492;0.0;0.0931158239332504;0.223429859698682;0.11132573996873044;0.0;0.0;0.1950324030039352;1.0;0.5106264095439166;0.26202584013286373;0.2509340806047839;0.18952692032180135;0.4872451428560883;0.15205686919188588;0.4866726823609182;0.21547056697907987;0.0;0.0;0.703752692481329;0.2840378107164981;0.17833066475051076;0.0;0.3007626042027742
GO:0032508;0.18225255087842518;0.0;0.12969322078775067;0.20735937590323714;0.16371997739720148;0.536594541393798;0.14440420416860858;0.11978334495872375;0.2084459948168323;0.0;0.46568772737037534;0.17326111312778383;0.2560186284092719;0.16848423271431653;0.0;0.14501310035718876;0.0916898729638726;0.17718357874668986;0.07799273308739524;0.13828941729793578;0.0;0.0;0.0;0.2575720540404136;0.2575720540404136;0.0;0.07799272467788274;0.0;0.09308440469960687;0.22324904821889535;0.11128083326982724;0.0;0.0;0.19489461805175454;0.5106264095439166;1.0;0.2617772000670544;0.2507060361002192;0.18939680192047156;0.5809627521890944;0.1519731031591094;0.5802808928045292;0.215302403376027;0.0;0.0;0.44581958969626473;0.28374566430079273;0.17821546101046198;0.0;0.3004350602234646
GO:0071353;0.2832026221514793;0.0;0.12187339298247571;0.18806613091339167;0.15145266022485765;0.2735479054377243;0.1347756250335223;0.11308201521673335;0.18895951742095557;0.285878864871299;0.24172346567816863;0.15958205585147558;0.10333657354664455;0.15552083470737962;0.0;0.1353058793383658;0.08771111943367885;0.16290367248677912;0.07509514265941715;0.1294340133585012;0.0;0.0;0.0;0.14124611031261558;0.14124611031261558;0.0;0.07509513486315854;0.0;0.08898640790981727;0.20104399889453442;0.10547403242753657;0.0;0.0;0.5364551900977411;0.26202584013286373;0.2617772000670544;1.0;0.3778351229237676;0.17317056791798838;0.2512917071467737;0.1413458550268482;0.2510334024308361;0.19457663767240546;0.0;0.0;0.23259730030708606;0.24881711865826545;0.16377552126964706;0.0;0.26155829495421473
GO:0034644;0.27543485144118984;0.0;0.11941825282850108;0.18228312379788358;0.14767959703297223;0.26148168267038313;0.13177952731246087;0.11096522838587598;0.1831222894512069;0.3664184934873951;0.23225288508735834;0.15539866902276722;0.10156605966863526;0.1515450129865117;0.0;0.13228642394050522;0.08643224727417408;0.1585467005963973;0.0741557367774579;0.1266682634390172;0.0;0.0;0.0;0.1379589339826167;0.1379589339826167;0.0;0.0741557291750345;0.0;0.08767035569947053;0.19444931172914284;0.10363017033320424;0.0;0.0;0.292353074647608;0.2509340806047839;0.2507060361002192;0.3778351229237676;1.0;0.16825538452193178;0.24107238035612558;0.13805408850177586;0.24083464756518527;0.18839288838508533;0.0;0.0;0.22381534538456185;0.23879405604963258;0.15937241844389927;0.0;0.25050524835213933
GO:0019346;0.36566882384721994;0.0;0.3506923300928316;0.5001332789182821;0.497633117672829;0.19548260703558415;0.38171481776255745;0.38942159376627516;0.4512775036021165;0.0;0.17867236136095385;0.5192970860144557;0.08979083807453522;0.6734861537162364;0.0;0.6372700514013825;0.2635484812302659;0.13160535776365248;0.22938605871853643;0.5436770808786398;0.0;0.0;0.0;0.356807207614989;0.356807207614989;0.0;0.2293860372568755;0.0;0.26693981647059406;0.7762182601128452;0.36671782101564315;0.0;0.0;0.14113152815554206;0.18952692032180135;0.18939680192047156;0.17317056791798838;0.16825538452193178;1.0;0.183846620629916;0.31882998477863633;0.1837083254142754;0.412339165615384;0.0;0.0;0.1736366184640479;0.18251859230837372;0.5303099748456882;0.0;0.3206025522232341
GO:0042407;0.17710750263723668;0.0;0.12706642113586789;0.20072494166194477;0.1595561370827233;0.51083466045213;0.14115516104491294;0.11753916381087381;0.20174296979115175;0.0;0.44616211224265384;0.1686047193184848;0.21671291851062072;0.16407779187570096;0.0;0.1417369103911438;0.09036912387655141;0.1723169268132835;0.07703505094350442;0.1353068677737407;0.0;0.0;0.0;0.251484713783306;0.251484713783306;0.0;0.07703504273924677;0.0;0.0917234731160006;0.21557768925760615;0.10934136035840722;0.0;0.0;0.18902253347063558;0.4872451428560883;0.5809627521890944;0.2512917071467737;0.24107238035612558;0.183846620629916;1.0;0.1483787777163766;0.7343916836310178;0.20815871736873437;0.0;0.0;0.4278924494849438;0.2714677024984265;0.17329274661296673;0.0;0.2867052318896474
GO:0006351;0.6093037668439383;0.0;0.6333541514223369;0.5386669367629308;0.3940256018764418;0.15586675855831658;0.6509649662245264;0.5140714755524243;0.41942795077500405;0.0;0.14498998540394925;0.4087082818505697;0.08040404471688976;0.40402736599615563;0.0;0.3657906139257479;0.4904213686393862;0.11237638957749166;0.4319918923130428;0.5709486798424916;0.0;0.0;0.0;0.3432268246784442;0.3432268246784442;0.0;0.4319918551641071;0.0;0.496145921216108;0.3518345741619634;0.48728384224385196;0.0;0.0;0.11924948407351342;0.15205686919188588;0.1519731031591094;0.1413458550268482;0.13805408850177586;0.31882998477863633;0.1483787777163766;1.0;0.14828868234878947;0.6742695986009357;0.0;0.0;0.14165619396277962;0.14751252370762893;0.41610478287317365;0.0;0.2572841303549147
GO:0008053;0.17697915681193394;0.0;0.12700034291248397;0.200560099408547;0.1594519614743231;0.5102054636657137;0.14107362207043503;0.11748262080540635;0.20157645191141974;0.0;0.44568207063142773;0.16848839717629413;0.21661797013364933;0.16396763018597418;0.0;0.1416546981266557;0.09033569651217709;0.17219542794775416;0.077010758989849;0.13523194362854923;0.0;0.0;0.0;0.2513321256955279;0.2513321256955279;0.0;0.07701075079076475;0.0;0.09168903649221016;0.2153875608124239;0.10929242788005221;0.0;0.0;0.18887634476686188;0.4866726823609182;0.5802808928045292;0.2510334024308361;0.24083464756518527;0.1837083254142754;0.7343916836310178;0.14828868234878947;1.0;0.2079814446685352;0.0;0.0;0.42745089745027487;0.27116627940965676;0.17316986826104697;0.0;0.2863690422301508
GO:0006310;0.8294132635868482;0.0;0.48184773468015435;0.708416651381063;0.49670467046607664;0.22320161007224926;0.5277568802353438;0.3815974600219722;0.5521452058155223;0.0;0.2015500680044927;0.520265508413513;0.09522264635298046;0.3750899659480897;0.0;0.3312285920114975;0.3558910993468155;0.14361244925177405;0.30768627317285496;0.47150611894308025;0.0;0.0;0.0;0.42726949100927336;0.42726949100927336;0.0;0.30768624309203424;0.0;0.3607118934932208;0.4692709683653733;0.3579783859174807;0.0;0.0;0.15503157851499713;0.21547056697907987;0.215302403376027;0.19457663767240546;0.18839288838508533;0.412339165615384;0.20815871736873437;0.6742695986009357;0.2079814446685352;1.0;0.0;0.0;0.19516522478805148;0.20645784949757737;0.5323103224320636;0.0;0.36442424737489576
GO:0001780;0.0;0.22325818632934866;0.0;0.0;0.0;0.0;0.0;0.0;0.0;0.0;0.0;0.0;0.10869542883531177;0.0;0.2490737343816328;0.0;0.0;0.17663163402912926;0.0;0.0;0.0;0.0;0.1272494123405674;0.0;0.0;0.3307654686372247;0.0;0.2504536832324479;0.0;0.0;0.0;0.15209910096224882;0.12731247482789657;0.0;0.0;0.0;0.0;0.0;0.0;0.0;0.0;0.0;0.0;1.0;0.2080989201870981;0.0;0.2823328202546022;0.0;0.15880212807926894;0.0
GO:0090090;0.0;0.2284197757108683;0.0;0.0;0.0;0.0;0.0;0.0;0.0;0.0;0.0;0.0;0.15883682499084048;0.0;0.24784253294166708;0.0;0.0;0.0;0.0;0.0;0.0;0.0;0.18173913215583662;0.0;0.0;0.3028449094087385;0.0;0.24885080525247524;0.0;0.0;0.0;0.29338524580353575;0.25300232131335604;0.0;0.0;0.0;0.0;0.0;0.0;0.0;0.0;0.0;0.0;0.2080989201870981;1.0;0.0;0.0;0.0;0.1696598655105243;0.0
GO:0000492;0.16761297305165146;0.0;0.12210404463611793;0.18861593325755133;0.15180902281859932;0.7348305835386124;0.1350577545340052;0.11328056369428657;0.18951456342575726;0.0;0.6490192251940932;0.15997775149109436;0.17555444939143156;0.1558966227057932;0.0;0.13559023553954844;0.08783052312243869;0.16331603323449273;0.07518265052673104;0.12969420095892;0.0;0.0;0.0;0.24009877692216103;0.24009877692216103;0.0;0.07518264271229198;0.0;0.08910931144764704;0.201672426505581;0.10564674314319991;0.0;0.0;0.17824639418261942;0.703752692481329;0.44581958969626473;0.23259730030708606;0.22381534538456185;0.1736366184640479;0.4278924494849438;0.14165619396277962;0.42745089745027487;0.19516522478805148;0.0;0.0;1.0;0.24978040687026914;0.16419231332547593;0.0;0.26262297431131143
GO:0046651;0.17587472438562732;0.0;0.12643061076282838;0.19914292592557173;0.15855489809795142;0.29762725416780494;0.1403709758190708;0.11699491915477624;0.20014493004085487;0.0;0.26033536182053096;0.16748709548964189;0.10659439339205729;0.16301918891137754;0.0;0.14094626614991082;0.09004706578681981;0.3476423394449784;0.07680089820125352;0.13458615073777339;0.0;0.0;0.0;0.1474038891121535;0.1474038891121535;0.0;0.07680089004679476;0.0;0.09139170713202081;0.21375395087606755;0.10887023313423937;0.0;0.0;0.1876189608721606;0.2840378107164981;0.28374566430079273;0.24881711865826545;0.23879405604963258;0.18251859230837372;0.2714677024984265;0.14751252370762893;0.27116627940965676;0.20645784949757737;0.2823328202546022;0.0;0.24978040687026914;1.0;0.17211232559688014;0.0;0.28348849432687656
GO:0046452;0.4746288652803518;0.0;0.43591141402811934;0.6130103358210759;0.9028948280466825;0.18359370424950136;0.4730856111899634;0.6824720909393568;0.38182653920722626;0.0;0.1686880619769536;0.900724821371101;0.0871971938478504;0.48803603498560466;0.0;0.4369747934965306;0.33031138827471196;0.126107538143387;0.28843367853659735;0.5592803440681384;0.0;0.0;0.0;0.30487993201926067;0.30487993201926067;0.0;0.28843365214209293;0.0;0.33445375703264696;0.593068938467535;0.6723454429456199;0.0;0.0;0.13482805118542573;0.17833066475051076;0.17821546101046198;0.16377552126964706;0.15937241844389927;0.5303099748456882;0.17329274661296673;0.41610478287317365;0.17316986826104697;0.5323103224320636;0.0;0.0;0.16419231332547593;0.17211232559688014;1.0;0.0;0.3016860496165867
GO:0032212;0.0;0.17540269369437742;0.0;0.0;0.0;0.0;0.0;0.0;0.0;0.0;0.0;0.0;0.5708122726650504;0.0;0.14747783207701365;0.0;0.0;0.0;0.0;0.0;0.0;0.0;0.5565900118680469;0.0;0.0;0.20660586364061018;0.0;0.18472297100245524;0.0;0.0;0.0;0.39616677730158195;0.3817788489914209;0.0;0.0;0.0;0.0;0.0;0.0;0.0;0.0;0.0;0.0;0.15880212807926894;0.1696598655105243;0.0;0.0;0.0;1.0;0.0
GO:0009060;0.30851612169031883;0.0;0.21958085133478802;0.3509886607527988;0.2771606949453825;0.3160425646667601;0.2444762128712454;0.2028090728918289;0.35282671084168094;0.0;0.2743166131927861;0.2933038915708967;0.10886628996342555;0.28522173573580406;0.0;0.24550659596972604;0.15525704221424064;0.1770832658938596;0.13206966911659623;0.2341284581317715;0.0;0.0;0.0;0.2570890248046823;0.2570890248046823;0.0;0.13206965487982544;0.0;0.1576176786854506;0.37786527039596507;0.18841831399878048;0.0;0.0;0.19477325548331945;0.3007626042027742;0.3004350602234646;0.26155829495421473;0.25050524835213933;0.3206025522232341;0.2867052318896474;0.2572841303549147;0.2863690422301508;0.36442424737489576;0.0;0.0;0.26262297431131143;0.28348849432687656;0.3016860496165867;0.0;1.0
