;GO:1900454;GO:0045963;GO:0043542;GO:0051092;GO:0045766;GO:0060326;GO:0001666;GO:0009308;GO:0051926;GO:2000353;GO:0032689;GO:0051248;GO:0030183;GO:1905875;GO:0002291;GO:0034142;GO:0043312;GO:0042102;GO:0043113;GO:0043315;GO:1990771;GO:2000406;GO:0002523;GO:0035987;GO:0002728;GO:0035307;GO:2000363;GO:0032755;GO:0031623;GO:0071404;GO:0008360;GO:0046718;GO:0035584;GO:0045429;GO:0090314;GO:1900271;GO:2001198;GO:1903980;GO:1905564;GO:0090074;GO:0002223;GO:0002774;GO:0045591;GO:0045471;GO:0050730;GO:0002534;GO:0007229;GO:0002578;GO:0019221;GO:0034446;GO:0071356;GO:0050776;GO:0060333;GO:0033198;GO:0050904;GO:1903238;GO:0035094;GO:1901216;GO:0001774;GO:0002666;GO:0071222;GO:0045123;GO:0042130;GO:0006909;GO:0030593;GO:0072678;GO:0032496;GO:0050900;GO:0071345;GO:0035924;GO:0032930
GO:1900454;1.0;0.30123468036738754;0.0;0.3068179540798705;0.3516531870990795;0.0;0.0;0.0;0.3016905651926858;0.3956885015019526;0.32547762453450724;0.2911174645224075;0.0;0.3405809529075624;0.0;0.29215927073077574;0.0;0.2625880882471156;0.0;0.2249232190795353;0.0;0.32398859588940604;0.0;0.0;0.1715741418333649;0.2809014746359685;0.2399367737236764;0.4066911522099903;0.0;0.0;0.4895594106609831;0.0;0.40558925752855635;0.3609080422414251;0.2568505726715617;0.8498068793136955;0.37672172049685454;0.39551440485390965;0.4223402864771885;0.2400165136950495;0.2792013076361192;0.3392788267680081;0.22908610412912253;0.0;0.3195729487525803;0.0;0.4396798625491721;0.3528924948415355;0.4396798625491721;0.0;0.0;0.38580181005294817;0.4219597205763084;0.0;0.0;0.2679912848780077;0.0;0.48781796224285995;0.0;0.340033921612339;0.0;0.0;0.21895419612929215;0.0;0.0;0.0;0.0;0.0;0.0;0.0;0.40858702922590345
GO:0045963;0.30123468036738754;1.0;0.0;0.39908907067872207;0.23494069987412397;0.0;0.0;0.0;0.3110016046899483;0.27819388547399676;0.3309563117995428;0.5964663588589166;0.0;0.3977121817107144;0.0;0.21417841722169306;0.0;0.19487728929490597;0.0;0.16959212298800685;0.0;0.23443406898032043;0.0;0.0;0.19130841741210733;0.36930292139274484;0.19534458157200854;0.2648640481352247;0.0;0.0;0.32981735288587327;0.0;0.3302248454844952;0.355702120578416;0.17960087753870538;0.32000017184345714;0.31083214465764464;0.2780906377757116;0.29383368867984033;0.19539743319898153;0.20577901899110485;0.28489058907625403;0.17242640186622907;0.0;0.483509618976815;0.0;0.3524759145421645;0.3532910084611193;0.3524759145421645;0.0;0.0;0.30348068867305344;0.34099600763920757;0.0;0.0;0.19843947148650226;0.0;0.3309061229404028;0.0;0.22842458392637027;0.0;0.0;0.27126208186388956;0.0;0.0;0.0;0.0;0.0;0.0;0.0;0.3977634707695188
GO:0043542;0.0;0.0;1.0;0.0;0.0;0.7041356399485826;0.0;0.0;0.0;0.0;0.0;0.0;0.24984444931687913;0.0;0.2510176273923366;0.15926122865812217;0.177053329794318;0.0;0.0;0.0;0.0;0.0;0.7038307818530155;0.35212149281199606;0.0;0.0;0.0;0.0;0.22150003619416167;0.2604704442482324;0.0;0.0;0.28532314482404664;0.0;0.0;0.0;0.0;0.0;0.0;0.0;0.15148717019115382;0.23150521972156365;0.0;0.0;0.0;0.0;0.3143097281457268;0.0;0.3143097281457268;0.2378979103319973;0.26149299059956127;0.0;0.2991265421582433;0.0;0.7038307818530155;0.0;0.0;0.0;0.2996908051555773;0.0;0.19458610947259392;0.7038307818530155;0.0;0.0;0.5064700120432974;0.6714825647337879;0.0;0.7394764005081922;0.2856530632474018;0.2731564369811841;0.0
GO:0051092;0.3068179540798705;0.39908907067872207;0.0;1.0;0.2501964469164423;0.0;0.0;0.0;0.21028083016803575;0.28666110291877817;0.2215674400089885;0.4074545795756377;0.0;0.24454015684480623;0.0;0.22810271553953568;0.0;0.20966799353485394;0.0;0.18493993645195408;0.0;0.2470521913750121;0.0;0.0;0.13756530432649283;0.4021749523455936;0.2769589045772669;0.27685364303230797;0.0;0.0;0.2760571460677434;0.0;0.27634256531493323;0.43018251122305146;0.19815860359820353;0.269146000953788;0.2626307190727199;0.286569718166663;0.3003942722670554;0.22124272453951388;0.2201264021370773;0.24386813840069824;0.1877451164589293;0.0;0.46276557494443205;0.0;0.2917552447866604;0.23393920270761723;0.2917552447866604;0.0;0.0;0.2479608241939861;0.2838455382686787;0.0;0.0;0.21309857522526643;0.0;0.3320996573404249;0.0;0.24425801429893357;0.0;0.0;0.17481558780101222;0.0;0.0;0.0;0.0;0.0;0.0;0.0;0.3891643708766556
GO:0045766;0.3516531870990795;0.23494069987412397;0.0;0.2501964469164423;1.0;0.0;0.0;0.0;0.2921390436466851;0.3206510174659629;0.3928367243634321;0.2822138209382441;0.0;0.26474741264836965;0.0;0.23849019296973964;0.0;0.21480088638772368;0.0;0.18448345518751988;0.0;0.26387789080091634;0.0;0.0;0.21047307559966638;0.22948333885275818;0.23178144644832627;0.5466651263952763;0.0;0.0;0.4680032679636831;0.0;0.31356378363267684;0.25065432173123986;0.2512534103552849;0.3021105755251536;0.5076880361261151;0.3205138579750937;0.34160872078458854;0.23185585706049874;0.22812186300614415;0.2637641506240819;0.3710351741004114;0.0;0.24885745848827187;0.0;0.33895133182623394;0.3398935940427396;0.33895133182623394;0.0;0.0;0.3703185996940951;0.3257730744003175;0.0;0.0;0.21913677555747846;0.0;0.39276601485213697;0.0;0.652410964028818;0.0;0.0;0.17196396555097646;0.0;0.0;0.0;0.0;0.0;0.0;0.0;0.33080360513014523
GO:0060326;0.0;0.0;0.7041356399485826;0.0;0.0;1.0;0.0;0.0;0.0;0.0;0.0;0.0;0.24878211148182222;0.0;0.2499453108443124;0.15882890063602403;0.176519171748835;0.0;0.0;0.0;0.0;0.0;0.700260444783669;0.3500150337314343;0.0;0.0;0.0;0.0;0.22066466328404855;0.25931603018306365;0.0;0.0;0.2839385104906493;0.0;0.0;0.0;0.0;0.0;0.0;0.0;0.1510959668823877;0.23059283000645983;0.0;0.0;0.0;0.0;0.31263029516381546;0.0;0.31263029516381546;0.23693454103810216;0.260329515064475;0.0;0.2976050523598334;0.0;0.700260444783669;0.0;0.0;0.0;0.2981635844146726;0.0;0.19394111570393896;0.700260444783669;0.0;0.0;0.7203052173397133;0.6682321150212893;0.0;0.7355362774755831;0.28426523275203963;0.27188710901008;0.0
GO:0001666;0.0;0.0;0.0;0.0;0.0;0.0;1.0;0.0;0.0;0.0;0.0;0.0;0.0;0.0;0.0;0.0;0.0;0.0;0.0;0.0;0.0;0.0;0.0;0.0;0.0;0.0;0.0;0.0;0.0;0.28465715339995884;0.0;0.0;0.0;0.0;0.0;0.0;0.0;0.0;0.0;0.0;0.0;0.0;0.0;0.31533643040217413;0.0;0.0;0.0;0.0;0.0;0.0;0.285878864871299;0.0;0.0;0.24018329786716525;0.0;0.0;0.3985501311802106;0.0;0.0;0.0;0.20777477599152205;0.0;0.0;0.0;0.0;0.0;0.2993428567360905;0.0;0.31500617755485083;0.29987735267522125;0.0
GO:0009308;0.0;0.0;0.0;0.0;0.0;0.0;0.0;1.0;0.0;0.0;0.0;0.0;0.0;0.0;0.0;0.0;0.0;0.0;0.0;0.0;0.0;0.0;0.0;0.0;0.0;0.0;0.0;0.0;0.3343175377312542;0.0;0.0;0.0;0.0;0.0;0.0;0.0;0.0;0.0;0.0;0.0;0.0;0.0;0.0;0.0;0.0;0.0;0.0;0.0;0.0;0.0;0.0;0.0;0.0;0.0;0.0;0.0;0.0;0.0;0.0;0.0;0.0;0.0;0.0;0.0;0.0;0.0;0.0;0.0;0.0;0.0;0.0
GO:0051926;0.3016905651926858;0.3110016046899483;0.0;0.21028083016803575;0.2921390436466851;0.0;0.0;0.0;1.0;0.27335809704540226;0.42470018148143374;0.37809794939442815;0.0;0.3531190529414752;0.0;0.19997264114393032;0.0;0.17925956912754284;0.0;0.2288721192514091;0.0;0.27788221385840417;0.0;0.0;0.21928781366181116;0.19207427855751724;0.25053277748479785;0.3398867806975728;0.0;0.0;0.33838905836970895;0.0;0.3389252283775557;0.2106850052744726;0.31588288767549916;0.32558380933991843;0.3138163174460897;0.27323354289140694;0.2924717554910869;0.2506197171425026;0.190882834140343;0.28148198204233954;0.15592440824920822;0.0;0.2645695775634976;0.0;0.3687811237878556;0.4621962439798702;0.3687811237878556;0.0;0.0;0.4062172466598569;0.3532344600898248;0.0;0.0;0.22870863230281666;0.0;0.3398224738874371;0.0;0.28213146904384895;0.0;0.0;0.22406895524453088;0.0;0.0;0.0;0.0;0.0;0.0;0.0;0.2825969737471607
GO:2000353;0.3956885015019526;0.27819388547399676;0.0;0.28666110291877817;0.3206510174659629;0.0;0.0;0.0;0.27335809704540226;1.0;0.29274360804171934;0.2646489718792968;0.0;0.3114193827667362;0.0;0.27382490978809637;0.0;0.28729124004733475;0.0;0.2481030740848638;0.0;0.34982485258415413;0.0;0.0;0.16202374869586003;0.306115623258469;0.21585969490862125;0.36578949868074595;0.0;0.0;0.3644003621834717;0.0;0.3648978547405231;0.33308404228957394;0.23990833451844812;0.35245376977387366;0.3413640716074265;0.42063589693937425;0.4466479177256514;0.21592423225143675;0.26241049191794413;0.31033033778773206;0.25246591664352397;0.0;0.29376164129493415;0.0;0.3922604659663682;0.31473512952152766;0.3922604659663682;0.0;0.0;0.34065108071931843;0.3780948668580868;0.0;0.0;0.2928606834326985;0.0;0.6500567241668097;0.0;0.31096195505651264;0.0;0.0;0.2065215504304034;0.0;0.0;0.0;0.0;0.0;0.0;0.0;0.43334844881519463
GO:0032689;0.32547762453450724;0.3309563117995428;0.0;0.2215674400089885;0.3928367243634321;0.0;0.0;0.0;0.42470018148143374;0.29274360804171934;1.0;0.40800561540196745;0.0;0.379069962431558;0.0;0.21015302412412112;0.0;0.1873973047849192;0.0;0.15892624127451285;0.0;0.23505288057197862;0.0;0.0;0.40708738507781;0.2014475023776903;0.2729482242147262;0.553455897303204;0.0;0.0;0.36860494624481105;0.0;0.36924123413831295;0.22201621317602013;0.22260365752070743;0.3534619189100492;0.42438422998702907;0.29260076629882636;0.3147735634702822;0.2730514202114929;0.2001373322440684;0.3020802560410613;0.2024799492027221;0.0;0.2826873218158372;0.0;0.4049585023855703;0.5076883070460746;0.4049585023855703;0.0;0.0;0.4505539105277834;0.3862891813986089;0.0;0.0;0.1915284387184514;0.0;0.370306423298687;0.0;0.3783924279826627;0.0;0.0;0.23424463429367562;0.0;0.0;0.0;0.0;0.0;0.0;0.0;0.3033647764934489
GO:0051248;0.2911174645224075;0.5964663588589166;0.0;0.4074545795756377;0.2822138209382441;0.0;0.0;0.0;0.37809794939442815;0.2646489718792968;0.40800561540196745;1.0;0.0;0.3415008362796017;0.0;0.19527172690577382;0.0;0.17547283665757452;0.0;0.15026614845410743;0.0;0.216591163465755;0.0;0.0;0.21475074117822132;0.41759026582644937;0.24070909940498703;0.32652621915134844;0.0;0.0;0.3251436905992296;0.0;0.3256386774027832;0.30723599850438127;0.20597658010862882;0.3133037416652493;0.3023923058069521;0.2645322261350447;0.2825242974920596;0.24078935363387696;0.18659498767082047;0.27225624998432335;0.15305148495492554;0.0;0.5703378481623227;0.0;0.35310478416553087;0.44249206048929285;0.35310478416553087;0.0;0.0;0.3872783798624562;0.3388261717070013;0.0;0.0;0.17908987911460614;0.0;0.3264668681884634;0.0;0.27286381413009575;0.0;0.0;0.2193340179469995;0.0;0.0;0.0;0.0;0.0;0.0;0.0;0.3414948938665232
GO:0030183;0.0;0.0;0.24984444931687913;0.0;0.0;0.24878211148182222;0.0;0.0;0.0;0.0;0.0;0.0;1.0;0.0;0.5067493868920829;0.19639919236887188;0.32155328379664877;0.0;0.0;0.0;0.0;0.0;0.3393545812887047;0.5759745574081534;0.0;0.0;0.0;0.0;0.1929180078127218;0.22182370312655716;0.0;0.0;0.23959697641914685;0.0;0.0;0.0;0.0;0.0;0.0;0.0;0.1876943399109999;0.20046369812059886;0.0;0.0;0.0;0.0;0.2597097412295428;0.0;0.2597097412295428;0.3476224895631964;0.22256489237542026;0.0;0.24925571691431098;0.0;0.3393545812887047;0.0;0.0;0.0;0.507088205689136;0.0;0.1721765959694734;0.3393545812887047;0.0;0.0;0.25614410617085037;0.3262520444126062;0.0;0.35356264010369637;0.23982957912302746;0.23095844689672598;0.0
GO:1905875;0.3405809529075624;0.3977121817107144;0.0;0.24454015684480623;0.26474741264836965;0.0;0.0;0.0;0.3531190529414752;0.3114193827667362;0.379069962431558;0.3415008362796017;0.0;1.0;0.0;0.2333453743290683;0.0;0.21061841708051773;0.0;0.18138980890657586;0.0;0.2575938521612047;0.0;0.0;0.2064558693442046;0.22471589806595646;0.22367758521378062;0.30336917543912606;0.0;0.0;0.4514728660781881;0.0;0.3781106673461343;0.24497754486659643;0.19651409615582308;0.36476555457873183;0.3529006028246508;0.3112900057158401;0.33115057219875016;0.22374688271841864;0.22341024212448016;0.31983541886798095;0.18463591115248998;0.0;0.30226494930802744;0.0;0.40757072568567637;0.40866093963493777;0.40757072568567637;0.0;0.0;0.3551269366307487;0.3922992810966567;0.0;0.0;0.2147854608370142;0.0;0.3790041216227136;0.0;0.25650204068941873;0.0;0.0;0.29318044159565887;0.0;0.0;0.0;0.0;0.0;0.0;0.0;0.32098707227571105
GO:0002291;0.0;0.0;0.2510176273923366;0.0;0.0;0.2499453108443124;0.0;0.0;0.0;0.0;0.0;0.0;0.5067493868920829;0.0;1.0;0.1969294036070842;0.4798272533093725;0.0;0.0;0.0;0.0;0.0;0.34094068364265046;0.2865247556089758;0.0;0.0;0.0;0.0;0.19361673182131392;0.2227480006261555;0.0;0.0;0.2406756835749523;0.0;0.0;0.0;0.0;0.0;0.0;0.0;0.18817853449103225;0.20121825699831278;0.0;0.0;0.0;0.0;0.26097763111351174;0.0;0.26097763111351174;0.20603031417548026;0.22349538994088114;0.0;0.2504233596405578;0.0;0.34094068364265046;0.0;0.0;0.0;0.5094674194391365;0.0;0.17273293468242473;0.34094068364265046;0.0;0.0;0.2570467056425781;0.32771776738550357;0.0;0.3552846732488353;0.2409103864548705;0.23196060929518278;0.0
GO:0034142;0.29215927073077574;0.21417841722169306;0.15926122865812217;0.22810271553953568;0.23849019296973964;0.15882890063602403;0.0;0.0;0.19997264114393032;0.27382490978809637;0.21015302412412112;0.19527172690577382;0.19639919236887188;0.2333453743290683;0.1969294036070842;1.0;0.15879125420295834;0.2689156072309217;0.0;0.3537687289299555;0.0;0.31500187295532683;0.21668097344991777;0.17285164481783213;0.3279870104923454;0.21346105530850604;0.15505777823952735;0.2625911138432175;0.13404734027220377;0.1473929227313715;0.2618744622636267;0.0;0.3691750433595907;0.22841980578218882;0.1907433071210302;0.25564719833180455;0.2996387524694225;0.363132837753597;0.2863288961927538;0.1550910762667466;0.8662816965578336;0.5096141770094916;0.2416353536240168;0.0;0.22328856741600173;0.0;0.38865060114797456;0.2764592075613408;0.38865060114797456;0.1398823872453073;0.14771979632046506;0.4065154334707677;0.3786697826814487;0.0;0.21668097344991777;0.27316743010394007;0.0;0.31499304871743705;0.21721156456120952;0.3244045186987417;0.12369360894066661;0.21668097344991777;0.2027715251203958;0.0;0.17945711574337528;0.21126353783442156;0.0;0.22238714897532594;0.155131857422536;0.15137100625282388;0.2799405352141756
GO:0043312;0.0;0.0;0.177053329794318;0.0;0.0;0.176519171748835;0.0;0.0;0.0;0.0;0.0;0.0;0.32155328379664877;0.0;0.4798272533093725;0.15879125420295834;1.0;0.0;0.17201608423957904;0.0;0.29650042514840436;0.0;0.24080859379286762;0.1940115752924505;0.0;0.0;0.0;0.0;0.34871112021011796;0.16250623812533915;0.0;0.0;0.17184490382046466;0.0;0.0;0.0;0.0;0.0;0.0;0.0;0.1530522462388183;0.15073953316720864;0.0;0.0;0.0;0.0;0.18195124342188715;0.0;0.18195124342188715;0.1534239666325667;0.16290367248677912;0.0;0.17675747065953681;0.0;0.24080859379286762;0.0;0.0;0.0;0.41721114806456105;0.0;0.1341648743360362;0.24080859379286762;0.0;0.3680841718699212;0.19569633340862339;0.23413609080486147;0.0;0.24787702303396142;0.17196452448227242;0.16735537301706052;0.0
GO:0042102;0.2625880882471156;0.19487728929490597;0.0;0.20966799353485394;0.21480088638772368;0.0;0.0;0.0;0.17925956912754284;0.28729124004733475;0.1873973047849192;0.17547283665757452;0.0;0.21061841708051773;0.0;0.2689156072309217;0.0;1.0;0.0;0.3568285306422014;0.0;0.3233768609489214;0.0;0.0;0.1544107340888944;0.22877358894256417;0.1382918910677331;0.23415739541361524;0.0;0.0;0.23358737274203614;0.0;0.23379169464208227;0.24350809039622945;0.17528245226524986;0.22862000090247842;0.2686144932798419;0.5262605787096672;0.3820291629203779;0.13831837696785562;0.2605259957336191;0.25208010102630074;0.6346865404100074;0.0;0.20239066403101033;0.0;0.24472941830236655;0.2451220761004255;0.24472941830236655;0.0;0.0;0.25732402183879094;0.23913960489436992;0.0;0.0;0.46875987734999053;0.0;0.3258074921015055;0.0;0.2928401474725201;0.0;0.0;0.5523896210458783;0.0;0.0;0.0;0.0;0.0;0.0;0.0;0.2930826986913175
GO:0043113;0.0;0.0;0.0;0.0;0.0;0.0;0.0;0.0;0.0;0.0;0.0;0.0;0.0;0.0;0.0;0.0;0.17201608423957904;0.0;1.0;0.0;0.2892002228754487;0.0;0.0;0.0;0.0;0.0;0.0;0.0;0.21367219895036152;0.0;0.0;0.0;0.0;0.0;0.0;0.0;0.0;0.0;0.0;0.0;0.0;0.0;0.0;0.0;0.0;0.0;0.0;0.0;0.0;0.0;0.0;0.0;0.0;0.0;0.0;0.0;0.0;0.0;0.0;0.0;0.0;0.0;0.0;0.30028021875592353;0.0;0.0;0.0;0.0;0.0;0.0;0.0
GO:0043315;0.2249232190795353;0.16959212298800685;0.0;0.18493993645195408;0.18448345518751988;0.0;0.0;0.0;0.2288721192514091;0.2481030740848638;0.15892624127451285;0.15026614845410743;0.0;0.18138980890657586;0.0;0.3537687289299555;0.0;0.3568285306422014;0.0;1.0;0.0;0.315779856038573;0.0;0.0;0.24624422222453496;0.20321368350471425;0.11730686290693178;0.19858221322023833;0.0;0.0;0.1981720868277869;0.0;0.1983191295613973;0.21475660223340165;0.24545630537170285;0.19458521864886755;0.22933028508976386;0.4544927070604078;0.2568654411389251;0.1173259199504751;0.3439603107685294;0.2880917466818289;0.32631653776462555;0.0;0.1752539532438515;0.0;0.2061340775444261;0.20641258163762136;0.2061340775444261;0.0;0.0;0.2992325510213974;0.20215399797401262;0.0;0.0;0.28114041621803976;0.0;0.27631242758371016;0.0;0.2522359939640046;0.0;0.0;0.22215768414443385;0.0;0.0;0.0;0.0;0.0;0.0;0.0;0.2524104711375066
GO:1990771;0.0;0.0;0.0;0.0;0.0;0.0;0.0;0.0;0.0;0.0;0.0;0.0;0.0;0.0;0.0;0.0;0.29650042514840436;0.0;0.2892002228754487;0.0;1.0;0.0;0.0;0.0;0.0;0.0;0.0;0.0;0.5285210634196738;0.0;0.0;0.0;0.0;0.0;0.0;0.0;0.0;0.0;0.0;0.0;0.0;0.0;0.0;0.0;0.0;0.0;0.0;0.0;0.0;0.0;0.0;0.0;0.0;0.0;0.0;0.0;0.0;0.0;0.0;0.0;0.0;0.0;0.0;0.6188482050262111;0.0;0.0;0.0;0.0;0.0;0.0;0.0
GO:2000406;0.32398859588940604;0.23443406898032043;0.0;0.2470521913750121;0.26387789080091634;0.0;0.0;0.0;0.27788221385840417;0.34982485258415413;0.23505288057197862;0.216591163465755;0.0;0.2575938521612047;0.0;0.31500187295532683;0.0;0.3233768609489214;0.0;0.315779856038573;0.0;1.0;0.0;0.0;0.17824069484495764;0.266743563770014;0.17339674208580552;0.29370395018661255;0.0;0.0;0.29280770429927655;0.0;0.2931288318112202;0.28699141897153296;0.24791056993153301;0.28504420005055786;0.3332122833879048;0.44816141153535277;0.36750122185225675;0.17343838338659343;0.3035514831260242;0.3081402443229236;0.2884313109341593;0.0;0.24539294841677986;0.0;0.3105298041458954;0.31116226818982734;0.3105298041458954;0.0;0.0;0.3310920241114323;0.30158496366397475;0.0;0.0;0.7179437167269027;0.0;0.40864995382632646;0.0;0.3580745925682631;0.0;0.0;0.21760906817960698;0.0;0.0;0.0;0.0;0.0;0.0;0.0;0.3584497580794597
GO:0002523;0.0;0.0;0.7038307818530155;0.0;0.0;0.700260444783669;0.0;0.0;0.0;0.0;0.0;0.0;0.3393545812887047;0.0;0.34094068364265046;0.21668097344991777;0.24080859379286762;0.0;0.0;0.0;0.0;0.0;1.0;0.34983732105273535;0.0;0.0;0.0;0.0;0.22059401654890484;0.2592184726324639;0.0;0.0;0.28382155106016255;0.0;0.0;0.0;0.0;0.0;0.0;0.0;0.20613369742094226;0.23051568428311328;0.0;0.0;0.0;0.0;0.3124885100324245;0.0;0.3124885100324245;0.2368530944272486;0.2602311935998881;0.0;0.29747656552385265;0.0;0.9041226245706416;0.0;0.0;0.0;0.4066849067655496;0.0;0.19388654203766084;0.9041226245706416;0.0;0.0;0.6516032774200403;0.8627870907475313;0.0;0.9496474784805533;0.2841480040565866;0.27177986538835675;0.0
GO:0035987;0.0;0.0;0.35212149281199606;0.0;0.0;0.3500150337314343;0.0;0.0;0.0;0.0;0.0;0.0;0.5759745574081534;0.0;0.2865247556089758;0.17285164481783213;0.1940115752924505;0.0;0.0;0.0;0.0;0.0;0.34983732105273535;1.0;0.0;0.0;0.0;0.0;0.24869510880451254;0.2989069237869576;0.0;0.0;0.33210301319406743;0.0;0.0;0.0;0.0;0.0;0.0;0.0;0.16373217808459048;0.2613782602198096;0.0;0.0;0.0;0.0;0.37203890385366706;0.0;0.37203890385366706;0.45655897014953895;0.3002543026038131;0.0;0.35095321838712384;0.0;0.34983732105273535;0.0;0.0;0.0;0.35173020241935304;0.0;0.21526537934928722;0.34983732105273535;0.0;0.0;0.24011123551111754;0.33113029161628377;0.0;0.3707982140476796;0.3325500677622358;0.3157341323287407;0.0
GO:0002728;0.1715741418333649;0.19130841741210733;0.0;0.13756530432649283;0.21047307559966638;0.0;0.0;0.0;0.21928781366181116;0.16202374869586003;0.40708738507781;0.21475074117822132;0.0;0.2064558693442046;0.0;0.3279870104923454;0.0;0.1544107340888944;0.0;0.24624422222453496;0.0;0.17824069484495764;0.0;0.0;1.0;0.1295328609270391;0.13526423964954884;0.27388418565453987;0.0;0.0;0.18285186477805224;0.0;0.1830083064697149;0.13773816629775895;0.13796404222472666;0.1790466900187263;0.26297795224180937;0.20239844868027343;0.16855268290764264;0.1352895784164525;0.31791237051149224;0.28667740003100817;0.16792196026346057;0.0;0.15889526776122584;0.0;0.19137418745255977;0.33332734689874904;0.19137418745255977;0.0;0.0;0.34953241652941003;0.18710087513777868;0.0;0.0;0.15663867321228855;0.0;0.183269592695652;0.0;0.2474432832377119;0.0;0.0;0.21495362068558016;0.0;0.0;0.0;0.0;0.0;0.0;0.0;0.16522540886619835
GO:0035307;0.2809014746359685;0.36930292139274484;0.0;0.4021749523455936;0.22948333885275818;0.0;0.0;0.0;0.19207427855751724;0.306115623258469;0.2014475023776903;0.41759026582644937;0.0;0.22471589806595646;0.0;0.21346105530850604;0.0;0.22877358894256417;0.0;0.20321368350471425;0.0;0.266743563770014;0.0;0.0;0.1295328609270391;1.0;0.14864443947635433;0.2517133957964812;0.0;0.0;0.25105481392709145;0.0;0.25129085180930166;0.4710216128003893;0.1849379778625211;0.24532586463479505;0.23990116799562544;0.306025778770249;0.3195658458262277;0.1486750397188544;0.20646014522843179;0.22414829441453704;0.20613132265355177;0.0;0.6316775115463946;0.0;0.2639716213050129;0.21162279651570048;0.2639716213050129;0.0;0.0;0.223031625251512;0.2574798951816518;0.0;0.0;0.23229135760480615;0.0;0.35023223848534085;0.0;0.22447762419069633;0.0;0.0;0.16444476575100417;0.0;0.0;0.0;0.0;0.0;0.0;0.0;0.4863810377973675
GO:2000363;0.2399367737236764;0.19534458157200854;0.0;0.2769589045772669;0.23178144644832627;0.0;0.0;0.0;0.25053277748479785;0.21585969490862125;0.2729482242147262;0.24070909940498703;0.0;0.22367758521378062;0.0;0.15505777823952735;0.0;0.1382918910677331;0.0;0.11730686290693178;0.0;0.17339674208580552;0.0;0.0;0.13526423964954884;0.14864443947635433;1.0;0.2729466242190543;0.0;0.0;0.2716401612389839;0.0;0.27210774764572626;0.16379599119498972;0.16422865106688497;0.260510724489974;0.2503468789455438;0.21575460317120518;0.23206486447486527;0.3684374203596447;0.14767916619909105;0.22272837050096314;0.11960618984325283;0.0;0.20846050950374045;0.0;0.29834788297346293;0.29933625036781053;0.29834788297346293;0.0;0.0;0.33182435856035825;0.2846340169982033;0.0;0.0;0.1413360477887337;0.0;0.2728905088998585;0.0;0.2232787165874893;0.0;0.0;0.13834292916550905;0.0;0.0;0.0;0.0;0.0;0.0;0.0;0.22367327484998284
GO:0032755;0.4066911522099903;0.2648640481352247;0.0;0.27685364303230797;0.5466651263952763;0.0;0.0;0.0;0.3398867806975728;0.36578949868074595;0.553455897303204;0.32652621915134844;0.0;0.30336917543912606;0.0;0.2625911138432175;0.0;0.23415739541361524;0.0;0.19858221322023833;0.0;0.29370395018661255;0.0;0.0;0.27388418565453987;0.2517133957964812;0.2729466242190543;1.0;0.0;0.0;0.3686027898121484;0.0;0.3692390702543545;0.2774143935125326;0.278148416215249;0.35345993601855363;0.42438194235363175;0.36561101564835635;0.39331626911179857;0.2730498190057463;0.2500763125764982;0.3020788077404166;0.2817684493132574;0.0;0.28268605350168363;0.0;0.4049558996240534;0.4063015979537462;0.4049558996240534;0.0;0.0;0.45055068866866604;0.38628681308858775;0.0;0.0;0.23931932995991814;0.0;0.46270535194665685;0.0;0.5265647776612659;0.0;0.0;0.18746600713141784;0.0;0.0;0.0;0.0;0.0;0.0;0.0;0.37906081552784593
GO:0031623;0.0;0.0;0.22150003619416167;0.0;0.0;0.22066466328404855;0.0;0.3343175377312542;0.0;0.0;0.0;0.0;0.1929180078127218;0.0;0.19361673182131392;0.13404734027220377;0.34871112021011796;0.0;0.21367219895036152;0.0;0.5285210634196738;0.0;0.22059401654890484;0.24869510880451254;0.0;0.0;0.0;0.0;1.0;0.19919262853378908;0.0;0.0;0.21340813606592493;0.0;0.0;0.0;0.0;0.0;0.0;0.0;0.1284970800188867;0.18179782211875534;0.0;0.0;0.0;0.0;0.22921932015726565;0.0;0.22921932015726565;0.18571679379906056;0.19979009249122207;0.0;0.22103718408569042;0.0;0.22059401654890484;0.0;0.0;0.0;0.22134513998803623;0.0;0.15822354471458458;0.22059401654890484;0.0;0.6150035870778398;0.17124814100917699;0.21300604934326864;0.0;0.22874775112514192;0.21359264948475398;0.20652773134346084;0.0
GO:0071404;0.0;0.0;0.2604704442482324;0.0;0.0;0.25931603018306365;0.28465715339995884;0.0;0.0;0.0;0.0;0.0;0.22182370312655716;0.0;0.2227480006261555;0.1473929227313715;0.16250623812533915;0.0;0.0;0.0;0.0;0.0;0.2592184726324639;0.2989069237869576;0.0;0.0;0.0;0.0;0.19919262853378908;1.0;0.0;0.0;0.24935217097336704;0.0;0.0;0.0;0.0;0.0;0.0;0.0;0.14071004345753718;0.2072473922994898;0.0;0.41927629695207635;0.0;0.0;0.27121076805526406;0.0;0.27121076805526406;0.21235579906673874;0.5479212415980295;0.0;0.25983063294584485;0.4678752785328772;0.2592184726324639;0.0;0.40214894100577586;0.0;0.2602562752283956;0.0;0.420284525305878;0.2592184726324639;0.0;0.0;0.1936477840966821;0.24880340610843227;0.40225035340590565;0.2705508453848656;0.5921565610430191;0.5693947079742492;0.0
GO:0008360;0.4895594106609831;0.32981735288587327;0.0;0.2760571460677434;0.4680032679636831;0.0;0.0;0.0;0.33838905836970895;0.3644003621834717;0.36860494624481105;0.3251436905992296;0.0;0.4514728660781881;0.0;0.2618744622636267;0.0;0.23358737274203614;0.0;0.1981720868277869;0.0;0.29280770429927655;0.0;0.0;0.18285186477805224;0.25105481392709145;0.2716401612389839;0.3686027898121484;0.0;0.0;1.0;0.0;0.4591665898840284;0.3343895556488171;0.22195946499276598;0.5314582324951377;0.5068881217413063;0.3642232318770431;0.39171065128858823;0.2717423703182883;0.24942625830353926;0.3759768081902613;0.242402556769248;0.0;0.3519285005922337;0.0;0.503349198246627;0.4041632123123071;0.503349198246627;0.0;0.0;0.44792267617440973;0.4802601739480234;0.0;0.0;0.23872393024455094;0.0;0.4604848316838021;0.0;0.37690430978132894;0.0;0.0;0.23367349374890556;0.0;0.0;0.0;0.0;0.0;0.0;0.0;0.3775692566339049
GO:0046718;0.0;0.0;0.0;0.0;0.0;0.0;0.0;0.0;0.0;0.0;0.0;0.0;0.0;0.0;0.0;0.0;0.0;0.0;0.0;0.0;0.0;0.0;0.0;0.0;0.0;0.0;0.0;0.0;0.0;0.0;0.0;1.0;0.0;0.0;0.0;0.0;0.0;0.0;0.0;0.0;0.0;0.0;0.0;0.0;0.0;0.0;0.0;0.0;0.0;0.0;0.0;0.0;0.0;0.0;0.0;0.0;0.0;0.0;0.0;0.0;0.0;0.0;0.0;0.0;0.0;0.0;0.0;0.0;0.0;0.0;0.0
GO:0035584;0.40558925752855635;0.3302248454844952;0.28532314482404664;0.27634256531493323;0.31356378363267684;0.2839385104906493;0.0;0.0;0.3389252283775557;0.3648978547405231;0.36924123413831295;0.3256386774027832;0.23959697641914685;0.3781106673461343;0.2406756835749523;0.3691750433595907;0.17184490382046466;0.23379169464208227;0.0;0.1983191295613973;0.0;0.2931288318112202;0.28382155106016255;0.33210301319406743;0.1830083064697149;0.25129085180930166;0.27210774764572626;0.3692390702543545;0.21340813606592493;0.24935217097336704;0.4591665898840284;0.0;1.0;0.27690124530253063;0.22219002317061595;0.44035870521186427;0.4231822407236195;0.36472024057241126;0.3922855670146668;0.2722103089684616;0.3516099137780965;0.5302563360309316;0.20220592443618993;0.0;0.3523925001575418;0.0;0.7102340620355231;0.4049283105997125;0.7102340620355231;0.2285887353843865;0.2502891279288667;0.44886261327130206;0.6775964209248309;0.0;0.28382155106016255;0.2389373410770661;0.0;0.46127955510627267;0.2850661764472256;0.3020634158751105;0.18831334931322014;0.28382155106016255;0.23387796640498723;0.0;0.2070562473126387;0.271383054928136;0.0;0.29746378449760913;0.2723359644080882;0.2609541459163013;0.3781033825677454
GO:0045429;0.3609080422414251;0.355702120578416;0.0;0.43018251122305146;0.25065432173123986;0.0;0.0;0.0;0.2106850052744726;0.33308404228957394;0.22201621317602013;0.30723599850438127;0.0;0.24497754486659643;0.0;0.22841980578218882;0.0;0.24350809039622945;0.0;0.21475660223340165;0.0;0.28699141897153296;0.0;0.0;0.13773816629775895;0.4710216128003893;0.16379599119498972;0.2774143935125326;0.0;0.0;0.3343895556488171;0.0;0.27690124530253063;1.0;0.19844571145163437;0.3260015641499825;0.2631352816388849;0.33297767284968044;0.34907043634757196;0.163833148412356;0.22042168968088716;0.24430312362397172;0.2180177693589179;0.0;0.3715521953418988;0.0;0.29237805232672903;0.23443954836242378;0.29237805232672903;0.0;0.0;0.24852301785049077;0.28443499988224297;0.0;0.0;0.24749753660596885;0.0;0.3859880051466255;0.0;0.24469439271405033;0.0;0.0;0.175038999235709;0.0;0.0;0.0;0.0;0.0;0.0;0.0;0.6233666210009899
GO:0090314;0.2568505726715617;0.17960087753870538;0.0;0.19815860359820353;0.2512534103552849;0.0;0.0;0.0;0.31588288767549916;0.23990833451844812;0.22260365752070743;0.20597658010862882;0.0;0.19651409615582308;0.0;0.1907433071210302;0.0;0.17528245226524986;0.0;0.24545630537170285;0.0;0.24791056993153301;0.0;0.0;0.13796404222472666;0.1849379778625211;0.16422865106688497;0.278148416215249;0.0;0.0;0.22195946499276598;0.0;0.22219002317061595;0.19844571145163437;1.0;0.21637740507001793;0.21111627299506636;0.2398315456845468;0.2514502955286877;0.16426600486418594;0.18405273942707787;0.19597183419650308;0.15690657430703334;0.0;0.18762173458151118;0.0;0.23464349955040242;0.23509467220247474;0.23464349955040242;0.0;0.0;0.24925933988981783;0.22825163046414623;0.0;0.0;0.21373691983882365;0.0;0.27811394757689567;0.0;0.24526529795938215;0.0;0.0;0.14031778984278911;0.0;0.0;0.0;0.0;0.0;0.0;0.0;0.24554670140826718
GO:1900271;0.8498068793136955;0.32000017184345714;0.0;0.269146000953788;0.3021105755251536;0.0;0.0;0.0;0.32558380933991843;0.35245376977387366;0.3534619189100492;0.3133037416652493;0.0;0.36476555457873183;0.0;0.25564719833180455;0.0;0.22862000090247842;0.0;0.19458521864886755;0.0;0.28504420005055786;0.0;0.0;0.1790466900187263;0.24532586463479505;0.260510724489974;0.35345993601855363;0.0;0.0;0.5314582324951377;0.0;0.44035870521186427;0.3260015641499825;0.21637740507001793;1.0;0.406536008455449;0.3522880606141447;0.3779400965039563;0.2606047284253612;0.2437705564471818;0.3632723404323161;0.19832565160213972;0.0;0.3407731581869642;0.0;0.48083638387664135;0.38602952112412625;0.48083638387664135;0.0;0.0;0.42575735031258943;0.4597232167716646;0.0;0.0;0.23353811765044977;0.0;0.44157102340259224;0.0;0.2914206672364489;0.0;0.0;0.22870249738165144;0.0;0.0;0.0;0.0;0.0;0.0;0.0;0.36475877494204906
GO:2001198;0.37672172049685454;0.31083214465764464;0.0;0.2626307190727199;0.5076880361261151;0.0;0.0;0.0;0.3138163174460897;0.3413640716074265;0.42438422998702907;0.3023923058069521;0.0;0.3529006028246508;0.0;0.2996387524694225;0.0;0.2686144932798419;0.0;0.22933028508976386;0.0;0.3332122833879048;0.0;0.0;0.26297795224180937;0.23990116799562544;0.2503468789455438;0.42438194235363175;0.0;0.0;0.5068881217413063;0.0;0.4231822407236195;0.2631352816388849;0.21111627299506636;0.406536008455449;1.0;0.40934713532923905;0.3652175410168811;0.2504336896080772;0.2860242895110041;0.4216969895452609;0.46017197763749135;0.0;0.3303955023942187;0.0;0.4604302412012113;0.4618220646262581;0.4604302412012113;0.0;0.0;0.5071284009111012;0.44103494279400474;0.0;0.0;0.27427121417417466;0.0;0.4243017087232571;0.0;0.560663402808324;0.0;0.0;0.26870942052170815;0.0;0.0;0.0;0.0;0.0;0.0;0.0;0.35289425706172595
GO:1903980;0.39551440485390965;0.2780906377757116;0.0;0.286569718166663;0.3205138579750937;0.0;0.0;0.0;0.27323354289140694;0.42063589693937425;0.29260076629882636;0.2645322261350447;0.0;0.3112900057158401;0.0;0.363132837753597;0.0;0.5262605787096672;0.0;0.4544927070604078;0.0;0.44816141153535277;0.0;0.0;0.20239844868027343;0.306025778770249;0.21575460317120518;0.36561101564835635;0.0;0.0;0.3642232318770431;0.0;0.36472024057241126;0.33297767284968044;0.2398315456845468;0.3522880606141447;0.40934713532923905;1.0;0.44645667163647607;0.2158190776796561;0.34800002775011313;0.3721484025656799;0.4624829350389544;0.0;0.29364651716247764;0.0;0.3920552230324644;0.39306390913117056;0.3920552230324644;0.0;0.0;0.42541124089887583;0.37790417642585894;0.0;0.0;0.3752049767702374;0.0;0.5086827681679841;0.0;0.4326066436517394;0.0;0.0;0.3276786555550392;0.0;0.0;0.0;0.0;0.0;0.0;0.0;0.43316842002399425
GO:1905564;0.4223402864771885;0.29383368867984033;0.0;0.3003942722670554;0.34160872078458854;0.0;0.0;0.0;0.2924717554910869;0.4466479177256514;0.3147735634702822;0.2825242974920596;0.0;0.33115057219875016;0.0;0.2863288961927538;0.0;0.3820291629203779;0.0;0.2568654411389251;0.0;0.36750122185225675;0.0;0.0;0.16855268290764264;0.3195658458262277;0.23206486447486527;0.39331626911179857;0.0;0.0;0.39171065128858823;0.0;0.3922855670146668;0.34907043634757196;0.2514502955286877;0.3779400965039563;0.3652175410168811;0.44645667163647607;1.0;0.2321394572033935;0.2738719290534425;0.3299194268116033;0.2615448006018661;0.0;0.31125586801311766;0.0;0.42408876453585875;0.34034405367040155;0.42408876453585875;0.0;0.0;0.37085337640975896;0.407579463530063;0.0;0.0;0.30514794606365236;0.0;0.5472229515169404;0.0;0.3306333921118638;0.0;0.0;0.25709928408193083;0.0;0.0;0.0;0.0;0.0;0.0;0.0;0.4608044664246182
GO:0090074;0.2400165136950495;0.19539743319898153;0.0;0.22124272453951388;0.23185585706049874;0.0;0.0;0.0;0.2506197171425026;0.21592423225143675;0.2730514202114929;0.24078935363387696;0.0;0.22374688271841864;0.0;0.1550910762667466;0.0;0.13831837696785562;0.0;0.1173259199504751;0.0;0.17343838338659343;0.0;0.0;0.1352895784164525;0.1486750397188544;0.3684374203596447;0.2730498190057463;0.0;0.0;0.2717423703182883;0.0;0.2722103089684616;0.163833148412356;0.16426600486418594;0.2606047284253612;0.2504336896080772;0.2158190776796561;0.2321394572033935;1.0;0.1477093702654379;0.22279708101121526;0.11962600134418533;0.0;0.2085206976685562;0.0;0.29847118309506315;0.29946036895024;0.29847118309506315;0.0;0.0;0.3319768882022446;0.2847462402730061;0.0;0.0;0.14136371268352046;0.0;0.2729936612510935;0.0;0.22334776712753243;0.0;0.0;0.1383694346209206;0.0;0.0;0.0;0.0;0.0;0.0;0.0;0.22374256968344713
GO:0002223;0.2792013076361192;0.20577901899110485;0.15148717019115382;0.2201264021370773;0.22812186300614415;0.1510959668823877;0.0;0.0;0.190882834140343;0.26241049191794413;0.2001373322440684;0.18659498767082047;0.1876943399109999;0.22341024212448016;0.18817853449103225;0.8662816965578336;0.1530522462388183;0.2605259957336191;0.0;0.3439603107685294;0.0;0.3035514831260242;0.20613369742094226;0.16373217808459048;0.31791237051149224;0.20646014522843179;0.14767916619909105;0.2500763125764982;0.1284970800188867;0.14071004345753718;0.24942625830353926;0.0;0.3516099137780965;0.22042168968088716;0.18405273942707787;0.2437705564471818;0.2860242895110041;0.34800002775011313;0.2738719290534425;0.1477093702654379;1.0;0.5729009675029579;0.23484007203102894;0.0;0.2141746331043554;0.0;0.4195604941807761;0.26262245148504015;0.4195604941807761;0.13384928110283015;0.14100791780053654;0.38508038944360423;0.409311079529602;0.0;0.20613369742094226;0.2645146932640431;0.0;0.2999825019561684;0.2066138338277352;0.31060692717699256;0.11895247073120745;0.20613369742094226;0.19644383799595752;0.0;0.17216141442207886;0.2012248554667329;0.0;0.21129126829657613;0.14774636130771268;0.14433113661035035;0.268021659282791
GO:0002774;0.3392788267680081;0.28489058907625403;0.23150521972156365;0.24386813840069824;0.2637641506240819;0.23059283000645983;0.0;0.0;0.28148198204233954;0.31033033778773206;0.3020802560410613;0.27225624998432335;0.20046369812059886;0.31983541886798095;0.20121825699831278;0.5096141770094916;0.15073953316720864;0.25208010102630074;0.0;0.2880917466818289;0.0;0.3081402443229236;0.23051568428311328;0.2613782602198096;0.28667740003100817;0.22414829441453704;0.22272837050096314;0.3020788077404166;0.18179782211875534;0.2072473922994898;0.3759768081902613;0.0;0.5302563360309316;0.24430312362397172;0.19597183419650308;0.3632723404323161;0.4216969895452609;0.3721484025656799;0.3299194268116033;0.22279708101121526;0.5729009675029579;1.0;0.22104732742231128;0.0;0.3012388845686153;0.0;0.6492643638211545;0.4067876418344374;0.6492643638211545;0.19269947441316698;0.20789423102602678;0.614523709204157;0.6250438674445072;0.0;0.23051568428311328;0.25705541393331865;0.0;0.37739231502765774;0.2313360194583099;0.3193529524784368;0.16326378739204828;0.23051568428311328;0.25216369975259284;0.0;0.17716786259847206;0.22224259779746336;0.0;0.23943420192806406;0.22288125051371976;0.21519955033966948;0.3198302065261827
GO:0045591;0.22908610412912253;0.17242640186622907;0.0;0.1877451164589293;0.3710351741004114;0.0;0.0;0.0;0.15592440824920822;0.25246591664352397;0.2024799492027221;0.15305148495492554;0.0;0.18463591115248998;0.0;0.2416353536240168;0.0;0.6346865404100074;0.0;0.32631653776462555;0.0;0.2884313109341593;0.0;0.0;0.16792196026346057;0.20613132265355177;0.11960618984325283;0.2817684493132574;0.0;0.0;0.242402556769248;0.0;0.20220592443618993;0.2180177693589179;0.15690657430703334;0.19832565160213972;0.46017197763749135;0.4624829350389544;0.2615448006018661;0.11962600134418533;0.23484007203102894;0.22104732742231128;1.0;0.0;0.1782823254481462;0.0;0.21033647893553895;0.21062646234754803;0.21033647893553895;0.0;0.0;0.2195730688829972;0.20619409406346872;0.0;0.0;0.4237377461068786;0.0;0.2817346244549501;0.0;0.4366550414553918;0.0;0.0;0.36350776643032356;0.0;0.0;0.0;0.0;0.0;0.0;0.0;0.25692749716953733
GO:0045471;0.0;0.0;0.0;0.0;0.0;0.0;0.31533643040217413;0.0;0.0;0.0;0.0;0.0;0.0;0.0;0.0;0.0;0.0;0.0;0.0;0.0;0.0;0.0;0.0;0.0;0.0;0.0;0.0;0.0;0.0;0.41927629695207635;0.0;0.0;0.0;0.0;0.0;0.0;0.0;0.0;0.0;0.0;0.0;0.0;0.0;1.0;0.0;0.0;0.0;0.0;0.0;0.0;0.4208546673762415;0.0;0.0;0.5045733778894711;0.0;0.0;0.6712656922892456;0.0;0.0;0.0;0.3796402384817077;0.0;0.0;0.0;0.0;0.0;0.525548403422212;0.0;0.4580004325695414;0.43882218606929746;0.0
GO:0050730;0.3195729487525803;0.483509618976815;0.0;0.46276557494443205;0.24885745848827187;0.0;0.0;0.0;0.2645695775634976;0.29376164129493415;0.2826873218158372;0.5703378481623227;0.0;0.30226494930802744;0.0;0.22328856741600173;0.0;0.20239066403101033;0.0;0.1752539532438515;0.0;0.24539294841677986;0.0;0.0;0.15889526776122584;0.6316775115463946;0.20846050950374045;0.28268605350168363;0.0;0.0;0.3519285005922337;0.0;0.3523925001575418;0.3715521953418988;0.18762173458151118;0.3407731581869642;0.3303955023942187;0.29364651716247764;0.31125586801311766;0.2085206976685562;0.2141746331043554;0.3012388845686153;0.1782823254481462;0.0;1.0;0.0;0.3778463563042039;0.3031411125064515;0.3778463563042039;0.0;0.0;0.3271101754910766;0.3646852305328763;0.0;0.0;0.20623552633560774;0.0;0.35316842202385457;0.0;0.24155850334768905;0.0;0.0;0.2024553142411818;0.0;0.0;0.0;0.0;0.0;0.0;0.0;0.4206663109059407
GO:0002534;0.0;0.0;0.0;0.0;0.0;0.0;0.0;0.0;0.0;0.0;0.0;0.0;0.0;0.0;0.0;0.0;0.0;0.0;0.0;0.0;0.0;0.0;0.0;0.0;0.0;0.0;0.0;0.0;0.0;0.0;0.0;0.0;0.0;0.0;0.0;0.0;0.0;0.0;0.0;0.0;0.0;0.0;0.0;0.0;0.0;1.0;0.0;0.0;0.0;0.0;0.0;0.0;0.0;0.0;0.0;0.0;0.0;0.0;0.0;0.0;0.0;0.0;0.0;0.0;0.0;0.0;0.0;0.0;0.0;0.0;0.0
GO:0007229;0.4396798625491721;0.3524759145421645;0.3143097281457268;0.2917552447866604;0.33895133182623394;0.31263029516381546;0.0;0.0;0.3687811237878556;0.3922604659663682;0.4049585023855703;0.35310478416553087;0.2597097412295428;0.40757072568567637;0.26097763111351174;0.38865060114797456;0.18195124342188715;0.24472941830236655;0.0;0.2061340775444261;0.0;0.3105298041458954;0.3124885100324245;0.37203890385366706;0.19137418745255977;0.2639716213050129;0.29834788297346293;0.4049558996240534;0.22921932015726565;0.27121076805526406;0.503349198246627;0.0;0.7102340620355231;0.29237805232672903;0.23464349955040242;0.48083638387664135;0.4604302412012113;0.3920552230324644;0.42408876453585875;0.29847118309506315;0.4195604941807761;0.6492643638211545;0.21033647893553895;0.0;0.3778463563042039;0.0;1.0;0.4482887308901754;0.8931468751811964;0.2468254664602329;0.27231956052248846;0.5027688919349734;0.8479464733357255;0.0;0.3124885100324245;0.2503736074737467;0.0;0.505889485898681;0.3139979242130618;0.32555311793495423;0.200518338757772;0.3124885100324245;0.2448239528103565;0.0;0.22190747926782156;0.29747690638882796;0.0;0.3291064205824405;0.2986222593853004;0.2849922042020803;0.4075622615269674
