;GO:0016525;GO:0045408;GO:0007252;GO:0015031;GO:0032691;GO:0051928;GO:0050718;GO:1901224;GO:0051092;GO:1900017;GO:0042534;GO:0060765;GO:0042535;GO:0000187;GO:0032727;GO:0032967;GO:0002755;GO:0032728;GO:0032729;GO:0014739;GO:2001204;GO:0018158;GO:0032689;GO:0032722;GO:0019886;GO:0035556;GO:0050830;GO:0032720;GO:0033138;GO:1902042;GO:2000010;GO:0002092;GO:0051260;GO:0008631;GO:0042542;GO:0045416;GO:0032715;GO:2000406;GO:0001798;GO:0051770;GO:0031623;GO:0050965;GO:0010543;GO:0071404;GO:0051897;GO:0035666;GO:0051017;GO:0051898;GO:0045429;GO:1902176;GO:0008284;GO:0038095;GO:0043123;GO:0038094;GO:0097190;GO:0043488;GO:0042311;GO:0043523;GO:0045944;GO:0002223;GO:0043403;GO:0043524;GO:0048661;GO:0007628;GO:0007229;GO:0001885;GO:0031338;GO:0071673;GO:0032707;GO:0045671;GO:0048662;GO:0051384;GO:0071672;GO:0033599;GO:0071315;GO:0001805;GO:0032700;GO:0050731;GO:0016579;GO:0033194;GO:0090201;GO:1904646;GO:0043534;GO:0007249;GO:0045953;GO:0002862;GO:0001774;GO:0071260;GO:0001812;GO:0001933;GO:0016064;GO:0001934;GO:0030593;GO:0032497;GO:0016601;GO:0043306;GO:0034392;GO:0061136;GO:0032494;GO:0032495;GO:0002281;GO:0007179;GO:0007212;GO:0006641;GO:0006366;GO:0045444;GO:0006886;GO:0042699;GO:0060326;GO:0002554;GO:1902905;GO:0043154;GO:0060729;GO:0043032;GO:0031398;GO:0051607;GO:0032760;GO:0031397;GO:0032765;GO:0034260;GO:0032088;GO:0090026;GO:0002292;GO:0034142;GO:0043312;GO:0045454;GO:1903974;GO:0042102;GO:1900227;GO:0042742;GO:0006898;GO:0042744;GO:0048298;GO:2000727;GO:0010629;GO:0033209;GO:0043161;GO:0031668;GO:0097178;GO:0042590;GO:0010628;GO:0031663;GO:0071447;GO:0032870;GO:0010469;GO:0016046;GO:0032755;GO:0050766;GO:0072659;GO:0016567;GO:0090630;GO:1903223;GO:1904037;GO:0048741;GO:0043330;GO:0045076;GO:0009609;GO:0060071;GO:2000573;GO:0050776;GO:0032226;GO:0034128;GO:0010572;GO:0140052;GO:0050829;GO:1900087;GO:0034122;GO:0006195;GO:0030041;GO:0009620;GO:0002031;GO:0002032;GO:0002431;GO:0030316;GO:0045084;GO:0071222;GO:0019372;GO:0045087;GO:0006749;GO:0046330;GO:0070373;GO:0043066;GO:0070374;GO:0033026;GO:0034599;GO:0050702;GO:0032695;GO:0071346;GO:0032733
GO:0016525;1.0;0.3062742527940508;0.0;0.0;0.5299804798056565;0.31568328982085586;0.21370723958701185;0.2553658786963765;0.20718951883245215;0.3142085977267668;0.2990550071378836;0.3292979641987338;0.21118072529229706;0.12337672969020379;0.3870709193780823;0.3121482146142369;0.20681774431593433;0.38694228874896863;0.4116394079339776;0.3623595932962893;0.4459453860140013;0.0;0.5636976799966497;0.41172732511844923;0.0;0.3579381974968376;0.0;0.529401222328439;0.18575397378811623;0.2639207233341669;0.32691006720514765;0.21939465548201817;0.0;0.32447969007188726;0.0;0.21847366018894152;0.5635911069118771;0.23099840645818265;0.15760470377796543;0.2877578934564802;0.0;0.0;0.32901699981765364;0.0;0.2551934907093432;0.20288477605509184;0.0;0.31822311220795685;0.2136818741569475;0.21844402202053603;0.3515444251798031;0.28469753723547747;0.2551629345169007;0.28467837848272937;0.35889568310815084;0.23919202458963862;0.20723623770500155;0.3443677758587735;0.16534270828927214;0.19817514794065083;0.0;0.34073506560722233;0.3293650234360208;0.0;0.34569235232939294;0.0;0.3315680295642531;0.22013172315454718;0.5645959396507522;0.5077661528626025;0.4097951784443839;0.0;0.2742216098804005;0.5475713951868186;0.0;0.16233294307119217;0.5641995109704432;0.18567959961797087;0.0;0.0;0.24277525313129886;0.0;0.0;0.34614873592819373;0.2581525046266734;0.32117066661673976;0.0;0.0;0.1674521373427924;0.24070614446556812;0.0;0.19262860666332945;0.0;0.0;0.32431636515025497;0.15393872966243782;0.3418757611659062;0.2537121197563899;0.0;0.0;0.0;0.323594820956285;0.34639843829201666;0.0;0.0;0.0;0.0;0.30489103427344094;0.0;0.0;0.32841957715239334;0.1951562220449362;0.22021553100398028;0.29146048410754016;0.2107302070271978;0.0;0.38665085629672236;0.26289765002066867;0.2861954131204703;0.39034911276528916;0.2575724733429278;0.19469148377060205;0.0;0.20684600667950626;0.0;0.3353251382526748;0.2920903718037409;0.19210784430325906;0.2912008778872234;0.0;0.0;0.0;0.1969294697158896;0.3368249618189642;0.4058731320186036;0.3341021495940387;0.0;0.0;0.0;0.0;0.3261333140883689;0.34585115033007857;0.0;0.0;0.32686712448603683;0.0;0.41154178199239755;0.2739237386219895;0.0;0.0;0.2258056155846167;0.23700815984543463;0.2903825958812922;0.0;0.0;0.3063530057938647;0.0;0.4758917582740881;0.19542928502598292;0.3905763539086952;0.2812884657382194;0.27652443611089755;0.25267488476106803;0.0;0.0;0.24972461779965274;0.28847939369323605;0.0;0.0;0.0;0.0;0.26590464744729025;0.2348443895221067;0.0;0.21854318099643033;0.0;0.0;0.0;0.0;0.13764739051322586;0.18737973054820056;0.3813828131637915;0.1498089962718688;0.3002691873784172;0.0;0.0;0.5639876599918803;0.0;0.4119071895204776
GO:0045408;0.3062742527940508;1.0;0.0;0.0;0.3884812545804855;0.2716946208753629;0.2785639747488807;0.296400462447112;0.6154206739759757;0.3231952092933642;0.8965442065128437;0.36981402366218225;0.6545704186937676;0.3251985918493094;0.3876593115092032;0.4020454420342123;0.2454549876433629;0.38754849809420033;0.4086374905003102;0.31448729364027483;0.3637553316645694;0.0;0.4095444690592339;0.40871189702683497;0.0;0.3969893444889726;0.0;0.3881161084482723;0.47531261034749056;0.2517045682492581;0.27996960456486475;0.4097363131520151;0.0;0.3651749392259852;0.0;0.6752751659922475;0.46481018775015026;0.2711132347428603;0.14581809717240377;0.4967388839583245;0.0;0.0;0.3631027195121311;0.0;0.2962235306191896;0.24122718897954723;0.0;0.29747440937135106;0.4903738407681072;0.21192395925581023;0.3909812509976975;0.32610775261459624;0.2961921661333305;0.32608860305555565;0.3978862087255899;0.5500448714944766;0.17917816340655385;0.3841976140797951;0.5008384649803137;0.23614413892425917;0.0;0.3159210722298291;0.3698784505995141;0.0;0.3854528451276572;0.0;0.37199287531164726;0.25965327955589074;0.4101005236347531;0.30392129420989594;0.37067872701266535;0.0;0.26052868093818415;0.43460271052937244;0.0;0.1498565094115616;0.40985515250189014;0.47513884701090103;0.0;0.0;0.23337665896417664;0.0;0.0;0.38588500024000966;0.18795824625872404;0.22846489966541766;0.0;0.0;0.15420850238463188;0.49439304620611196;0.0;0.4913219934877397;0.0;0.0;0.36501734382581047;0.1872894415696231;0.316847771528212;0.6291838911763716;0.0;0.0;0.0;0.3643208407776233;0.386121373700592;0.0;0.0;0.0;0.0;0.3461106180168713;0.0;0.0;0.36896976603832204;0.40781890527899284;0.18879921788726503;0.3328469992121776;0.5329889988337095;0.0;0.3872973951646113;0.5355061354692072;0.2974733076057057;0.2708394520098463;0.616368826243257;0.2323698932986911;0.0;0.24548531285994293;0.0;0.37558950783343276;0.3334726096861476;0.22956281675517715;0.33258905349310813;0.0;0.0;0.0;0.3149502081022752;0.28317574052284755;0.42339832448075765;0.37442005530461425;0.0;0.0;0.0;0.0;0.42239482243616217;0.38560323235431077;0.0;0.0;0.36747604020690766;0.0;0.46376176440044353;0.3152870436706206;0.0;0.0;0.19289326610651833;0.27740218204199624;0.3317756142020116;0.0;0.0;0.915928393565126;0.0;0.34749320864345107;0.5836711832086461;0.3253947959459417;0.3226951397931705;0.2624921442910002;0.2869364103512019;0.0;0.0;0.29059611191598195;0.27263166208571304;0.0;0.0;0.0;0.0;0.2534093324236748;0.2751418760588785;0.0;0.6754719774527923;0.0;0.0;0.0;0.0;0.36033312025822467;0.39273626179770876;0.3484775082950117;0.38989818854779756;0.2825438082629555;0.0;0.0;0.4097240055773807;0.0;0.4088641062003647
GO:0007252;0.0;0.0;1.0;0.0;0.0;0.0;0.0;0.0;0.0;0.0;0.0;0.0;0.0;0.0;0.0;0.0;0.1242148997816136;0.0;0.0;0.0;0.0;0.8504474046231587;0.0;0.0;0.0;0.19497851799447166;0.0;0.0;0.0;0.0;0.0;0.0;0.19213583849929264;0.18046994132132116;0.0;0.0;0.0;0.0;0.0;0.0;0.46281629849771255;0.0;0.0;0.17858717393924317;0.0;0.12217891138718566;0.193322918045991;0.0;0.0;0.0;0.0;0.16240474024015175;0.0;0.1623958169554939;0.19538492010121802;0.0;0.0;0.0;0.0;0.11972648147702726;0.0;0.0;0.0;0.0;0.18973823506255325;0.19907331967547665;0.0;0.0;0.0;0.0;0.0;0.0;0.0;0.0;0.12527742878905435;0.0;0.0;0.0;0.8149126894806957;0.0;0.0;0.1477881743395755;0.19046045224331362;0.1899349600117829;0.0;0.0;0.19569743305312137;0.18373493944850297;0.0;0.0;0.0;0.0;0.16014099600328202;0.0;0.1803976220684722;0.0;0.0;0.0;0.0;0.0;0.18014707545741795;0.18007794901939894;0.19004254753270722;0.45844714590979513;0.4250260956186008;0.21117728889054907;0.0;0.1716889825875793;0.195108295441944;0.14868842803946417;0.0;0.0;0.0;0.0;0.0;0.0;0.0;0.0;0.0;0.0;0.0;0.0;0.15193476913046416;0.12422949108572953;0.13825256852527437;0.18523923310499213;0.0;0.0;0.0;0.0;0.0;0.3015623293400287;0.0;0.0;0.0;0.18470465639376726;0.5678253397699481;0.193509523079849;0.1832431982835866;0.0;0.0;0.18980669785245186;0.16926614672925477;0.17747017139090568;0.0;0.0;0.0;0.0;0.0;0.8314726565813448;0.0;0.0;0.0;0.18416327992741968;0.0;0.0;0.0;0.14897387153954184;0.0;0.0;0.0;0.0;0.0;0.17862755108677633;0.0;0.0;0.0;0.3627268212524619;0.17375397020720976;0.0;0.4534551612022858;0.0;0.13841466258906798;0.1942460525002945;0.0;0.1475731575559484;0.40702292054545625;0.0;0.4884632504196677;0.0;0.0;0.0;0.0;0.0;0.18703119572601326;0.14704667551300418;0.0;0.1780120937283818;0.0
GO:0015031;0.0;0.0;0.0;1.0;0.0;0.0;0.0;0.0;0.0;0.0;0.0;0.0;0.0;0.0;0.0;0.0;0.0;0.0;0.0;0.0;0.0;0.0;0.0;0.0;0.0;0.0;0.0;0.0;0.0;0.0;0.0;0.0;0.0;0.0;0.0;0.0;0.0;0.0;0.0;0.0;0.31378182329732035;0.0;0.0;0.0;0.0;0.0;0.0;0.0;0.0;0.0;0.0;0.0;0.0;0.0;0.0;0.0;0.0;0.0;0.0;0.0;0.0;0.0;0.0;0.0;0.0;0.0;0.0;0.0;0.0;0.0;0.0;0.0;0.0;0.0;0.0;0.0;0.0;0.0;0.0;0.0;0.0;0.0;0.0;0.0;0.0;0.0;0.0;0.0;0.0;0.0;0.0;0.0;0.0;0.0;0.0;0.0;0.0;0.0;0.0;0.0;0.0;0.0;0.0;0.0;0.0;0.0;0.8671860645658;0.0;0.0;0.4182699216600861;0.0;0.0;0.0;0.0;0.0;0.0;0.0;0.0;0.0;0.0;0.0;0.0;0.0;0.0;0.2707442606343554;0.0;0.0;0.0;0.0;0.0;0.45848430503352905;0.0;0.0;0.0;0.0;0.0;0.0;0.0;0.0;0.0;0.0;0.0;0.0;0.0;0.0;0.0;0.0;0.0;0.4084317029139783;0.0;0.0;0.0;0.0;0.0;0.0;0.0;0.0;0.0;0.0;0.0;0.0;0.0;0.0;0.0;0.0;0.0;0.0;0.0;0.0;0.0;0.30531568966623546;0.0;0.0;0.0;0.0;0.0;0.0;0.0;0.0;0.0;0.0;0.0;0.0;0.0;0.0;0.7626902315802006;0.0;0.0;0.0
GO:0032691;0.5299804798056565;0.3884812545804855;0.0;0.0;1.0;0.3520165345272915;0.33459115675321904;0.27862962685459847;0.22224480172287886;0.3994699233920077;0.37852707041985556;0.3690299413319559;0.2606331449206605;0.1285627963079586;0.5028165946121189;0.3476265577820078;0.2218170904914491;0.5026301824571061;0.5386860417411733;0.4013030986482647;0.36161885471676963;0.0;0.7841064466554682;0.5388153514775024;0.0;0.40537984049382403;0.0;0.7308742566289379;0.19776491045989286;0.28364231994216327;0.3660336717142753;0.23634850946657182;0.0;0.3629894735045688;0.0;0.2701932238919825;0.7839397858588086;0.24987019052929701;0.16616727505996942;0.3176430951803804;0.0;0.0;0.360809049071706;0.0;0.27842441183537897;0.2172991937160854;0.0;0.34734286257559854;0.22973201043328764;0.2317828936929195;0.3971982381780698;0.3139181755592177;0.27838803960447234;0.3138948823281049;0.40660839509725033;0.25948513941495716;0.23021859189754137;0.38806076626800773;0.17479192798778442;0.211905475450166;0.0;0.3743380927535802;0.3691141611691301;0.0;0.38974360886942006;0.0;0.3718832244086688;0.2372041153730314;0.7855114715435759;0.3964478662141489;0.4593912288764959;0.0;0.2955750047438983;0.45404851053715795;0.0;0.17143181633409071;0.784891323702189;0.19768060938020993;0.0;0.0;0.25936392167028827;0.0;0.0;0.39032381399063437;0.27699068993579073;0.35085752332267006;0.0;0.0;0.17715107137066713;0.25700376540768555;0.0;0.20557601208259463;0.0;0.0;0.36278509296548506;0.16209728307012083;0.3757153261476956;0.27666199015803933;0.0;0.0;0.0;0.36188246355148745;0.3906413457973851;0.0;0.0;0.0;0.0;0.3386496656666774;0.0;0.0;0.3679271552257056;0.20573378369433398;0.24634833406579526;0.3221607265248017;0.22632381361499865;0.0;0.5022078900810084;0.2824609768528035;0.36089900915704465;0.4350929001681222;0.27632302606688064;0.20792721105638678;0.0;0.2218496012571211;0.0;0.3766160490008838;0.3229304732089469;0.2049829993950467;0.3218435798381052;0.0;0.0;0.0;0.15149818282240377;0.2668100095298278;0.4544680945959328;0.37507401889649833;0.0;0.0;0.0;0.0;0.3650601514098812;0.38994546823948384;0.0;0.0;0.36597983628260267;0.0;0.538542460257557;0.3008699703724861;0.0;0.0;0.25336501904943665;0.2569169854746805;0.32084431882880976;0.0;0.0;0.38859007355981745;0.0;0.3416527404045813;0.20876895507230112;0.4477553094637947;0.30977848209087144;0.29825218314580054;0.2710139178663051;0.0;0.0;0.2719272026836823;0.3122070623571521;0.0;0.0;0.0;0.0;0.28593510925458016;0.2543763797508914;0.0;0.27028454739049906;0.0;0.0;0.0;0.0;0.14413409690280976;0.1971100931124231;0.4239825209807998;0.1575247100743775;0.32606263223972687;0.0;0.0;0.7845599619315601;0.0;0.5390799196991265
GO:0051928;0.31568328982085586;0.2716946208753629;0.0;0.0;0.3520165345272915;1.0;0.3482196875568657;0.34557322006773794;0.275972159537556;0.34851102173222814;0.2647723174317366;0.3661404922402595;0.22785819602396565;0.15996161242714668;0.4379972577626935;0.4305159050825659;0.27544355717314783;0.4378360950597885;0.4689915173131493;0.40724566984402205;0.29433511794842615;0.0;0.3769915984371134;0.4691031919238401;0.0;0.40189581508745265;0.0;0.3515904522589747;0.24570230642851668;0.22743726153885646;0.5327399858626921;0.4427818754275593;0.0;0.3601934838208397;0.0;0.23618224867292484;0.37691211522366636;0.36456963477037274;0.2065845382987281;0.39363360796184954;0.0;0.0;0.2936801263700084;0.0;0.34532020651635237;0.2698593635652249;0.0;0.2782113538587608;0.285223938131937;0.18601944209349905;0.4913905679122103;0.31182486872290344;0.34527536226172184;0.3118018850980861;0.4031033114322118;0.25805319088947615;0.22856073669495205;0.3848669054486577;0.21726705603431065;0.26319123371420267;0.0;0.29969515806526464;0.45691868240069267;0.0;0.38652210233051487;0.0;0.5280802911918419;0.34618264281600475;0.3776616665678146;0.2365468314990644;0.36725393353689284;0.0;0.28889369340638554;0.36897346094734834;0.0;0.21310567976197722;0.37736591525761615;0.24559801200654105;0.0;0.0;0.20805635779218637;0.0;0.0;0.3870927484593872;0.2221290187813387;0.2810095759764597;0.0;0.0;0.2201884134576198;0.20617143670331745;0.0;0.25536431059425324;0.0;0.0;0.35999223883626646;0.3041580899410436;0.3007906790172769;0.2750347831709956;0.0;0.0;0.0;0.35910343645558296;0.38740504292194;0.0;0.0;0.0;0.0;0.3362148102741153;0.0;0.0;0.4554607834591229;0.16518734532274404;0.24445099037777637;0.3991936975863743;0.2810128701166986;0.0;0.4374709986996481;0.2264945952045535;0.3150421644038608;0.3479735203208523;0.2215961318410565;0.30364421656074836;0.0;0.2754837371144074;0.0;0.3736070670166276;0.4001409594637602;0.2546308915743813;0.3988034030817065;0.0;0.0;0.0;0.1544125310248832;0.27139587420722594;0.3633487834772275;0.37208952900314246;0.0;0.0;0.0;0.0;0.45193918240086506;0.3867206376211772;0.0;0.0;0.3631377696076709;0.0;0.4688675168160771;0.5628854235787356;0.0;0.0;0.25135849303982183;0.31879104105257156;0.39757363464546275;0.0;0.0;0.27177028399481373;0.0;0.2781806260169751;0.25931292150239266;0.44350863949887814;0.3839516633933464;0.23909221431966737;0.27565183471461974;0.0;0.0;0.33730853064846067;0.25021920646247386;0.0;0.0;0.0;0.0;0.22926671021112738;0.3156556299456472;0.0;0.23626175342261754;0.0;0.0;0.0;0.0;0.17927634913573523;0.1582866671302123;0.33915223658589605;0.1958758951316675;0.2612617492292248;0.0;0.0;0.3772078857846154;0.0;0.46933167726711245
GO:0050718;0.21370723958701185;0.2785639747488807;0.0;0.0;0.33459115675321904;0.3482196875568657;1.0;0.29269128913286013;0.22082649459813797;0.339073449748619;0.2743238774220154;0.24879543776898946;0.32800676335211076;0.17416011087524952;0.3850543635747897;0.22921752831220965;0.2205556812184164;0.3849795234159284;0.3989798817574699;0.2992858447436935;0.25806608484535154;0.0;0.2734973975631567;0.39902842953345297;0.0;0.26080626401339974;0.0;0.2637719840228616;0.2363444301683101;0.18909968729804527;0.3153414122816661;0.35849884992833325;0.0;0.2466871163724477;0.0;0.33609341379280433;0.273467966567716;0.30765298364450117;0.14533812964601528;0.21832597494356076;0.0;0.0;0.25773744158251854;0.0;0.29256555895213304;0.21767178109528693;0.0;0.2138151008197804;0.26037774813664466;0.16572814603934816;0.3543697574311593;0.22821798845033045;0.2925432665244614;0.22820860972250992;0.2611930481036482;0.2044641574817481;0.12307857058818922;0.25522368627597114;0.21739188756698727;0.21417209072535384;0.0;0.22318180410344707;0.3415028229819704;0.0;0.2557770112075893;0.0;0.3318486681055655;0.29795915869427364;0.273745268637786;0.22643894829494127;0.24918650645002594;0.0;0.22643547261182692;0.29181506300317234;0.0;0.14853585868590855;0.27363591771070406;0.23627759273823096;0.0;0.0;0.17856431485744853;0.0;0.0;0.2559672312968313;0.14190563054638866;0.16383649609736692;0.0;0.0;0.1519424646627163;0.17750330894281888;0.0;0.2424552514972862;0.0;0.0;0.24661518880706837;0.37030270364825174;0.2236438928686902;0.21237901949849516;0.0;0.0;0.0;0.24629705886084272;0.25607121423986445;0.0;0.0;0.0;0.0;0.23783734650151947;0.0;0.0;0.3409379744258679;0.15266170678619134;0.12754311199777388;0.3177229794718711;0.25793421781658127;0.0;0.38480988509867037;0.18860251168876233;0.3192502332079197;0.18454166600558902;0.18599443555559658;0.27397973733701264;0.0;0.22057627932247215;0.0;0.2513961518449343;0.3181380888076098;0.24199695429659707;0.3175516871926723;0.0;0.0;0.0;0.21012535862125845;0.31259071000899885;0.18877808257632922;0.2508716822568585;0.0;0.0;0.0;0.0;0.2351524367322299;0.2558432228642749;0.0;0.0;0.24773506413030158;0.0;0.398925962360938;0.41372382014905457;0.0;0.0;0.1293984445355328;0.27894598163118184;0.317010982081803;0.0;0.0;0.27860983251256405;0.0;0.2497733351079091;0.24490723774240494;0.20834218455736245;0.3109199132469047;0.1951241496654876;0.3157283810084165;0.0;0.0;0.2885445507202401;0.20067197064961473;0.0;0.0;0.0;0.0;0.19006026555051206;0.2401426547698761;0.0;0.3361697576328331;0.0;0.0;0.0;0.0;0.18955817266020383;0.14811565134515675;0.2389526172015894;0.20209892420811879;0.2059911029303373;0.0;0.0;0.2735774535516741;0.0;0.3991277226758782
GO:1901224;0.2553658786963765;0.296400462447112;0.0;0.0;0.27862962685459847;0.34557322006773794;0.29269128913286013;1.0;0.29613049688473747;0.3919463815573776;0.2900973841649346;0.6384144375284242;0.28947710294160234;0.46523417276966206;0.3468824233861611;0.34217321572303283;0.380670735597743;0.3467813307334821;0.3660407055290304;0.4450354670525844;0.3166419864978968;0.0;0.2940487060608247;0.3661087292742246;0.0;0.40560325596156294;0.0;0.2783626143963268;0.3092353882016575;0.4317377179593252;0.35630939931312555;0.36028165309529125;0.0;0.372450896002208;0.0;0.2987401870832595;0.29400034778982076;0.377569229699689;0.2499261841897648;0.31845760940345946;0.0;0.0;0.37201958662732093;0.0;0.9118449573372944;0.3740282163276783;0.0;0.5604604946441563;0.35171099887869495;0.3974297787001015;0.5480711146606813;0.3906562746872225;0.9117468557262215;0.3906329274595589;0.4065395088291616;0.2839269679084668;0.1825625724567554;0.39225971998547715;0.2775729009316545;0.36604599490354195;0.0;0.3213520724598298;0.5178924097261519;0.0;0.3935682736847527;0.0;0.37954586705717347;0.45139926148599385;0.2944562030141792;0.2638225250346099;0.3781779098363672;0.0;0.310986356307522;0.3795655070165352;0.0;0.25692147097670254;0.2942763833349675;0.3091209767494318;0.0;0.0;0.399903221835957;0.0;0.0;0.39401882842075187;0.23473775853532594;0.28615066502532566;0.0;0.0;0.2644644287259091;0.2344722234350746;0.0;0.3197808162582764;0.0;0.0;0.3722869594041847;0.3243237529309936;0.32231095576123053;0.2994224673473342;0.0;0.0;0.0;0.37156246478484894;0.3942652748197486;0.0;0.0;0.0;0.0;0.35263991637154374;0.0;0.0;0.5165944785796412;0.19298943263651486;0.19256065465069136;0.4651021323046042;0.34726719771705666;0.0;0.34655225920321164;0.25423582100213854;0.36028759687040474;0.2760905558158956;0.24951938576763136;0.4033708992081143;0.0;0.3807183921555871;0.0;0.38329077047563387;0.5820628629644622;0.3189840570464065;0.46473516396066794;0.0;0.0;0.0;0.25491017033802926;0.3370463206496787;0.28568207027769243;0.38207294601912856;0.0;0.0;0.0;0.0;0.35556959201568566;0.39372506145010416;0.0;0.0;0.6342974140356095;0.0;0.36596516545167407;0.44014385396505196;0.0;0.0;0.19682129959879419;0.48271997927059745;0.4635779861920924;0.0;0.0;0.2964690574500136;0.0;0.3022572293199812;0.3240600171136576;0.41039370074349574;0.6696442636153859;0.4505047007213609;0.42666421917838204;0.0;0.0;0.405130764727909;0.46816430635504663;0.0;0.0;0.0;0.0;0.43470200954936733;0.4273992721277878;0.0;0.2988282701770843;0.0;0.0;0.0;0.0;0.5159561347335113;0.3444530131051601;0.3550972676916215;0.5587076221796584;0.2868799767904617;0.0;0.0;0.29418027443284706;0.0;0.3662478831471333
GO:0051092;0.20718951883245215;0.6154206739759757;0.0;0.0;0.22224480172287886;0.275972159537556;0.22082649459813797;0.29613049688473747;1.0;0.2381597253728112;0.6045258092039013;0.2990243260799299;0.4952970461639636;0.3452451102620252;0.27680646719119073;0.3822511701122034;0.25214305745843113;0.27674208984972926;0.2888714219645798;0.2641984670333731;0.2596199319466327;0.0;0.23194611636511137;0.28891378566767245;0.0;0.3165451548216479;0.0;0.22207488958998253;0.41999259471304884;0.2167758841238166;0.28277657939908607;0.393384042624014;0.0;0.295983982496103;0.0;0.5090671779755674;0.23191602641175868;0.27460253311086524;0.1620707097134105;0.4615773488284173;0.0;0.0;0.2592314437921113;0.0;0.2959819034971995;0.2483810017299249;0.0;0.249888714581057;0.4631201094043773;0.18660820069120032;0.37170893520730847;0.2697876594356083;0.2959555595790459;0.2697745529849736;0.3171151111473077;0.5936261403071824;0.14664671013115305;0.3083588507303627;0.6969057523896641;0.2438344919565464;0.0;0.2627778879580453;0.3554872555101744;0.0;0.30916691738898683;0.0;0.30044725901036584;0.26464945113788435;0.23219959008578486;0.22301166231868777;0.2995894179932912;0.0;0.2232892146837104;0.30045956577403066;0.0;0.16605722179304178;0.23208775584881516;0.41985820135881097;0.0;0.0;0.20304295133985323;0.0;0.0;0.3094448802796575;0.1623203941284961;0.1916676421293808;0.0;0.0;0.17032646934273005;0.3966289704671366;0.0;0.4323223257056129;0.0;0.0;0.2958804412140317;0.19878936601570357;0.26341872120815435;0.4876030071122616;0.0;0.0;0.0;0.29542263095072213;0.30959686391488817;0.0;0.0;0.0;0.0;0.28333448972797765;0.0;0.0;0.3547807897365695;0.3638287068302959;0.15302910646064757;0.3261479764493756;0.46393395725163455;0.0;0.2765961855546504;0.42504888942401664;0.2220400835239726;0.27011981652504086;0.8640231721166974;0.2404419735695139;0.0;0.2521699784212291;0.0;0.3027890949646088;0.3266531544125267;0.23790953661316355;0.32593958917921423;0.0;0.0;0.0;0.31457981956720416;0.24942023820720485;0.3966194981301161;0.3020285965080247;0.0;0.0;0.0;0.0;0.45189492438283513;0.30926366069779365;0.0;0.0;0.3483333592623949;0.0;0.2888243733638517;0.31183103269042206;0.0;0.0;0.2557611757752395;0.2800118442283473;0.32528206213940747;0.0;0.0;0.6155388057300455;0.0;0.2498698292854755;0.6183320964395677;0.2555247864091636;0.31790351671728395;0.22472993480150308;0.25228258267278;0.0;0.0;0.2912409990378052;0.23212087739664405;0.0;0.0;0.0;0.0;0.25530040114845354;0.2780719506350502;0.0;0.5091975811547862;0.0;0.0;0.0;0.0;0.32830159083050553;0.32366624276609024;0.2849186854114812;0.3524190229415345;0.2392675454437958;0.0;0.0;0.23202797153760313;0.0;0.28900043732141883
GO:1900017;0.3142085977267668;0.3231952092933642;0.0;0.0;0.3994699233920077;0.34851102173222814;0.339073449748619;0.3919463815573776;0.2381597253728112;1.0;0.3162757919370608;0.35732290133433675;0.33533162099082553;0.19916805548867086;0.5823435746527977;0.3450532523571189;0.4391278629752843;0.5821724132130474;0.6147961167344284;0.5625820171209455;0.2966662979565507;0.0;0.4217757981571665;0.6149113978477107;0.0;0.31191601431344257;0.0;0.39908383815489695;0.2152725220446901;0.24095685372161146;0.3594334033730529;0.2510256940670961;0.0;0.2861992044988355;0.0;0.34611644557306237;0.4217058080706546;0.2631481040110778;0.45770184935033964;0.32095080282579824;0.0;0.0;0.45225795794400714;0.0;0.39170697708442115;0.4314216335374075;0.0;0.285795111678382;0.24501841310956207;0.23646967236028812;0.3830904003781181;0.3140098015213583;0.3916645388437957;0.31399088948733517;0.3126428599080549;0.21772479134226763;0.18406935588943213;0.3015604252314803;0.19312701763269444;0.4221632296124677;0.0;0.2466390452945448;0.3618099376336525;0.0;0.3025756755096545;0.0;0.29169953133348187;0.4228186161605576;0.4223655865364166;0.24687445484845047;0.29063888998283116;0.0;0.2906429894028833;0.35614361815306733;0.0;0.4705719761465813;0.42210532373494114;0.21519245705642379;0.0;0.0;0.22309184073252722;0.0;0.0;0.3029252558506948;0.31476314333158406;0.4778234732048815;0.0;0.0;0.4844533603393037;0.1795939414297856;0.0;0.22265353521739153;0.0;0.0;0.2860721353689427;0.2455606723927986;0.24738053297343912;0.22969032693808816;0.0;0.0;0.0;0.28551058298042487;0.3031164739521735;0.0;0.0;0.0;0.0;0.27085054006570314;0.0;0.0;0.36089519460866115;0.14767740389265968;0.19423775403137356;0.32463754834818115;0.2419043849393742;0.0;0.58178457202554;0.19482161980815194;0.5398790324832924;0.2784300738466582;0.19118637276606498;0.377584443995606;0.0;0.43918315672577674;0.0;0.2946034777519821;0.44225532367679177;0.222095770856607;0.324379380654538;0.0;0.0;0.0;0.24180640903953662;0.3158261392454076;0.288187701375458;0.29365907261717333;0.0;0.0;0.0;0.0;0.3586805801338242;0.30269732453333104;0.0;0.0;0.35499838706717773;0.0;0.6146680980048032;0.3070863764849345;0.0;0.0;0.1985737735899286;0.4113057785986794;0.32356530999086774;0.0;0.0;0.32327052297852515;0.0;0.28309390844561905;0.2256494108541914;0.41459547676936576;0.3144848568458117;0.3352795229284316;0.4841158021474419;0.0;0.0;0.28248957125549595;0.3485071934121943;0.0;0.0;0.0;0.0;0.24262116489889252;0.36322912824044096;0.0;0.3462190152487131;0.0;0.0;0.0;0.0;0.24813277663259334;0.17517013077085075;0.2727536140607392;0.23935613571031725;0.22000442030546494;0.0;0.0;0.42196622127257144;0.0;0.6151472257213716
GO:0042534;0.2990550071378836;0.8965442065128437;0.0;0.0;0.37852707041985556;0.2647723174317366;0.2743238774220154;0.2900973841649346;0.6045258092039013;0.3162757919370608;1.0;0.360053340143399;0.7341681193547867;0.3216076327185611;0.37774666722964695;0.3918984102119056;0.2411165938254099;0.3776414477000393;0.3976381927157283;0.30688048266149176;0.35563802807414385;0.0;0.3984969508042442;0.39770864720450616;0.0;0.38576322437899246;0.0;0.48036942156617785;0.4676801642514466;0.2471444926140467;0.2726249150184893;0.40210577639113865;0.0;0.35565445089457604;0.0;0.6647899048007249;0.39843447279237043;0.2658301811385548;0.14380034249250367;0.4850354383155991;0.0;0.0;0.35501419241469945;0.0;0.2899278952306154;0.23703568388893745;0.0;0.2911260616365291;0.4814519958627153;0.2086820918217142;0.3800876929787;0.31849410909432857;0.2898978496882706;0.31847584324233563;0.38661002839369885;0.5389945687213711;0.17473930197815127;0.37367370204132716;0.49359899357814285;0.23212594523320812;0.0;0.3087704419207372;0.36011441077705775;0.0;0.37486100226718844;0.0;0.36211837348840686;0.254803420940521;0.39902339141938137;0.29823391241166475;0.36087295019725174;0.0;0.2556463727838419;0.42306566933258966;0.0;0.14772626059254626;0.3987910928420133;0.4675119356150483;0.0;0.0;0.2294513126715643;0.0;0.0;0.37526972075989184;0.1846191031133841;0.22355025999489794;0.0;0.0;0.15195365840890368;0.48614084284360337;0.0;0.4831711480645491;0.0;0.0;0.3555049640452159;0.18475294271499285;0.3096556069549801;0.6158790862779997;0.0;0.0;0.0;0.3548442569731256;0.3754932645699581;0.0;0.0;0.0;0.0;0.3375465788513726;0.0;0.0;0.3592530119864324;0.4021873133193452;0.18387741197439061;0.32491924650423193;0.5234105285093579;0.0;0.4793819915795197;0.5258377999783591;0.2916014390465883;0.26396010471859427;0.6054406631675233;0.2284780587416077;0.0;0.24114585646105605;0.0;0.3655257215360104;0.32551538360642657;0.2257636739352707;0.32467343742273913;0.0;0.0;0.0;0.3115807917774722;0.2782319811864092;0.4122873158215036;0.36441800710296857;0.0;0.0;0.0;0.0;0.41133573221401476;0.37500323655648254;0.0;0.0;0.3578367732476152;0.0;0.39755995187927573;0.3081647625271987;0.0;0.0;0.1877585930091733;0.27187368529493;0.3238982119356001;0.0;0.0;0.896744173613265;0.0;0.3400780716573453;0.5738624932227607;0.31551544876227955;0.31523818929654;0.25753666809169407;0.28186164609013653;0.0;0.0;0.2845349562301443;0.26728984802866596;0.0;0.0;0.0;0.0;0.24878784501215648;0.2697022226275271;0.0;0.6649806509124577;0.0;0.0;0.0;0.0;0.35592956245146623;0.3875108523010181;0.33979740639232753;0.38474753285072943;0.27681058959681215;0.0;0.0;0.3986669299090811;0.0;0.39785276976921785
GO:0060765;0.3292979641987338;0.36981402366218225;0.0;0.0;0.3690299413319559;0.3661404922402595;0.24879543776898946;0.6384144375284242;0.2990243260799299;0.35732290133433675;0.360053340143399;1.0;0.2456138546068137;0.28965808320878783;0.36797637629560287;0.36139354547517216;0.35126867172528836;0.367834455262961;0.39536402859836545;0.42023194297052635;0.4018664536967235;0.0;0.3965719404390498;0.3954630472392294;0.0;0.556882354768946;0.0;0.36856170496919827;0.2653576828075413;0.52071837507604;0.38132928085020057;0.31850502930980357;0.0;0.4962371179599359;0.0;0.25481466350259246;0.3964839873124593;0.3372399417359354;0.20858236808769962;0.3290985127139266;0.0;0.0;0.47191724958651926;0.0;0.6379294377371528;0.34393962578161347;0.0;0.6413616994070277;0.3093583182512144;0.4235242288701675;0.545131574781494;0.5023156467037531;0.6378434789084366;0.5022770463127775;0.5586487637711426;0.35059666161597797;0.2391060047379361;0.5320339459104529;0.23393095739193248;0.33519952971744393;0.0;0.4094836928744651;0.5049630341162068;0.0;0.5344440697531636;0.0;0.5089121601032138;0.376285790826919;0.39731348913948716;0.32044350552275375;0.5064557750382005;0.0;0.3778489512350888;0.5089474707252054;0.0;0.21531723388483986;0.39698617121424173;0.2652420644250091;0.0;0.0;0.4751027593308537;0.0;0.0;0.5352752398673055;0.28195397311546805;0.3595482844569566;0.0;0.0;0.22264279055306663;0.2781528613879357;0.0;0.27608004035352984;0.0;0.0;0.49594614486343486;0.25498633684920774;0.41104192557915514;0.3745303329222915;0.0;0.0;0.0;0.49466124905049386;0.5357301653127992;0.0;0.0;0.0;0.0;0.4616801295565728;0.0;0.0;0.5032709389744436;0.22163715772305378;0.25655232497315417;0.438378163812785;0.30465210206345067;0.0;0.36751296740407824;0.3064097236154151;0.32183417052671276;0.36458914004812365;0.2995848405006429;0.32875984027388333;0.0;0.35132143846220387;0.0;0.5156677108366199;0.5172657109665156;0.27526534872450475;0.43793083161091706;0.0;0.0;0.0;0.19437671762942593;0.29392037367730106;0.3815034729736609;0.5134658415263633;0.0;0.0;0.0;0.0;0.3802728161722451;0.534733229918738;0.0;0.0;0.8469191159185255;0.0;0.39525408381209576;0.4084191410696884;0.0;0.0;0.26417131325763576;0.4084629692476698;0.43652159477034963;0.0;0.0;0.36992081262578536;0.0;0.3789761790324304;0.2804684260610786;0.5802854904487775;0.5661201530248159;0.548265011121825;0.3515421994009704;0.0;0.0;0.3679237610185699;0.5746449318806596;0.0;0.0;0.0;0.0;0.5250365649591158;0.40430792887999817;0.0;0.2549026218254872;0.0;0.0;0.0;0.0;0.32530398010792816;0.35904630471409077;0.4659012084595029;0.3560568333710903;0.35511032268693415;0.0;0.0;0.3968112856141885;0.0;0.39566564618024036
GO:0042535;0.21118072529229706;0.6545704186937676;0.0;0.0;0.2606331449206605;0.22785819602396565;0.32800676335211076;0.28947710294160234;0.4952970461639636;0.33533162099082553;0.7341681193547867;0.2456138546068137;1.0;0.42231643269265273;0.3802360949842168;0.3955931372998965;0.21844533993090767;0.38016311591155877;0.3938091452201857;0.2956827111044321;0.25513176340505966;0.0;0.26994771506558435;0.39385644272765535;0.0;0.2573122353607087;0.0;0.3308506223969617;0.5717656680513465;0.18725605340697177;0.2324769729940859;0.4717980810032296;0.0;0.24355888795287642;0.0;0.8801857490087326;0.2699190430335516;0.2714597768631237;0.14419014172281647;0.5364676103608355;0.0;0.0;0.25481054662992214;0.0;0.2893541184277411;0.21561600979952567;0.0;0.21146104501056714;0.5914336350941074;0.16431036475795022;0.34966907521615936;0.2255380934140961;0.28933231269589316;0.22552893365176016;0.25768871787698616;0.39788419873301833;0.12157186147292355;0.25187667682903747;0.6351957068621651;0.21218159046409094;0.0;0.22061821651841396;0.33713519731325536;0.0;0.2524155689663751;0.0;0.24657305232256477;0.262991697419699;0.27018919088938764;0.22417663009926483;0.24599497764705405;0.0;0.19209643474457513;0.28806864766760254;0.0;0.14733700732885197;0.2700826619946209;0.5716054110318592;0.0;0.0;0.17691949489224518;0.0;0.0;0.2526008203230512;0.14054254705180813;0.16202223296313809;0.0;0.0;0.15068822460645165;0.375496415710675;0.0;0.586414265412331;0.0;0.0;0.2434887727823755;0.20464077717073742;0.2210697399078973;0.44846678140702917;0.0;0.0;0.0;0.2431786526974989;0.25270208560034846;0.0;0.0;0.0;0.0;0.2349282157736719;0.0;0.0;0.3365846928994622;0.3233600616426457;0.12592583005735752;0.31393906765631063;0.6234896802100445;0.0;0.5199590614698315;0.3987477197337366;0.31593099006338765;0.18224308137685985;0.46111541247667864;0.2420207411432999;0.0;0.21846554572533747;0.0;0.2481481396169159;0.314344342100127;0.23979555891221638;0.31377183000802195;0.0;0.0;0.0;0.41117871901668623;0.3096277730372116;0.28175826174141017;0.24763712089395276;0.0;0.0;0.0;0.0;0.4109522698657873;0.25248005152145714;0.0;0.0;0.2445803712422146;0.0;0.3937566142546192;0.3023659620635863;0.0;0.0;0.1277340751111866;0.27602508839481793;0.3132439097481208;0.0;0.0;0.654677005080264;0.0;0.24702356315680946;0.7148525317697191;0.2054171637929053;0.30729538414970287;0.19316178265360465;0.31270595132107176;0.0;0.0;0.28542030802359203;0.19859702152487282;0.0;0.0;0.0;0.0;0.18819794593703848;0.23764296603019566;0.0;0.8803839527860245;0.0;0.0;0.0;0.0;0.45938821855369205;0.3138045333834169;0.23601630783739355;0.48954909637193855;0.2038052953231441;0.0;0.0;0.2700257061734885;0.0;0.3939531782731596
GO:0000187;0.12337672969020379;0.3251985918493094;0.0;0.0;0.1285627963079586;0.15996161242714668;0.17416011087524952;0.46523417276966206;0.3452451102620252;0.19916805548867086;0.3216076327185611;0.28965808320878783;0.42231643269265273;1.0;0.1602415593245933;0.22099771744089453;0.2122198318856513;0.16021998320038763;0.16421187097589676;0.2120203664765573;0.1574928210177719;0.0;0.1317505113580035;0.1642255598072099;0.0;0.17677781767345258;0.0;0.12850591995115032;0.6898734290862878;0.23797133915456942;0.16222424444354935;0.352480790861179;0.0;0.17017590419701997;0.0;0.43029084434458126;0.13174080231864918;0.20105373138393004;0.15454284479502395;0.2724131602279155;0.0;0.0;0.18520661395660273;0.0;0.4650902424855323;0.21013931026137367;0.0;0.2852654275240729;0.3475510252108124;0.23599221836516376;0.2409722975037869;0.1897122912885266;0.465064719499232;0.18970678511366584;0.17695543308224626;0.2929521136758472;0.08583846923053215;0.1741952022410471;0.3713428097435201;0.20759593818112249;0.0;0.1586494083888062;0.23495264264224294;0.0;0.1744527820654144;0.0;0.17164192039799234;0.24528328143949382;0.13183225582733657;0.14322991289060272;0.17136160369585351;0.0;0.1687217012268334;0.17164593688597143;0.0;0.15718930434256384;0.1317961991527432;0.6897249290105424;0.0;0.0;0.227968515526199;0.0;0.0;0.17454125012134966;0.1305587801981325;0.14505420140708866;0.0;0.0;0.15998098257743848;0.41646893047909483;0.0;0.7033662597142556;0.0;0.0;0.17014167175874428;0.20222758663050844;0.158882767539519;0.35240631817956874;0.0;0.0;0.0;0.16999019009698882;0.1745895931002798;0.0;0.0;0.0;0.0;0.1659170330745797;0.0;0.0;0.23468513987834963;0.31502275483021003;0.08798647419851303;0.22344674680795554;0.5593336714465613;0.0;0.16017106759576338;0.34574573152097554;0.19065498711417916;0.18449741085650653;0.2969267677579009;0.2303779632217775;0.0;0.2122346424484483;0.0;0.17240367991670713;0.27935984730462776;0.1831425760950515;0.22336201273399153;0.0;0.0;0.0;0.33913549102802715;0.1889564367368215;0.19659985392084683;0.17215685959958923;0.0;0.0;0.0;0.0;0.2868832274575122;0.17448358070218023;0.0;0.0;0.3179744598263875;0.0;0.16419666629964502;0.217520949694608;0.0;0.0;0.20170858616805362;0.25424723876954974;0.22309436125317192;0.0;0.0;0.3252372631367548;0.0;0.15385100143948788;0.40680926492671704;0.17135033367485422;0.3269867311218605;0.24356392626442402;0.23779242367760364;0.0;0.0;0.20861092899864792;0.24863450749330793;0.0;0.0;0.0;0.0;0.2629927443571247;0.22599455412623257;0.0;0.4303657005502941;0.0;0.0;0.0;0.0;0.7973574372043565;0.47973168977384;0.16645901742925556;0.8389471679557817;0.14976487218711101;0.0;0.0;0.13177691782712722;0.0;0.1642535538496462
GO:0032727;0.3870709193780823;0.3876593115092032;0.0;0.0;0.5028165946121189;0.4379972577626935;0.3850543635747897;0.3468824233861611;0.27680646719119073;0.5823435746527977;0.37774666722964695;0.36797637629560287;0.3802360949842168;0.1602415593245933;1.0;0.4325497130862921;0.2762746669773334;0.867077670550469;0.7846966181783397;0.5503593414157107;0.36078973301881134;0.0;0.5386749086564302;0.7848844295989504;0.0;0.4041088557940756;0.0;0.502205053512293;0.24636341100681955;0.22814430939348365;0.4553887182130395;0.29434051863027877;0.0;0.3619700691161941;0.0;0.3941626983077758;0.5385607505548119;0.3111473851540382;0.2070516936458811;0.39533318228923353;0.0;0.0;0.3599836324313916;0.0;0.34662748982800223;0.27065706722847194;0.0;0.27927006329448756;0.28611521296845976;0.18649215390392868;0.49404196871108136;0.3131554711229031;0.3465823054179085;0.3131322909378893;0.40532970711581934;0.25896378706456935;0.22961433989030836;0.38689590641171384;0.21778383430284018;0.26394994705779345;0.0;0.3009240513674724;0.4592102634647673;0.0;0.3885686394699128;0.0;0.370813327998147;0.2954041041959422;0.5396373067245995;0.2897250197754908;0.369101028662579;0.0;0.23772451943534506;0.4527421404753359;0.0;0.21360282896563093;0.5392125261152441;0.2462585547051557;0.0;0.0;0.20864788200007842;0.0;0.0;0.38914534895952885;0.22280339874764676;0.2820897306433769;0.0;0.0;0.22071919925934566;0.2067522764777;0.0;0.2560785076474552;0.0;0.0;0.361766834591264;0.20198667554399927;0.3020285916139342;0.276069409338932;0.0;0.0;0.0;0.3608692587646957;0.3894609655025197;0.0;0.0;0.0;0.0;0.3377622204978938;0.0;0.0;0.4577377278358355;0.1655600027224925;0.24565657203920335;0.40094173071811073;0.28187798161986477;0.0;0.7317046412707857;0.2271957851238657;0.5262257881722039;0.34963132777052514;0.2222672751288177;0.2590025929145419;0.0;0.2763150897761455;0.0;0.37551878710054093;0.4018973166368187;0.2553409863959118;0.4005480122864876;0.0;0.0;0.0;0.2080987574106368;0.3662236207730765;0.3651567090401912;0.37398571095480587;0.0;0.0;0.0;0.0;0.45418096579653056;0.3887692832607375;0.0;0.0;0.3649435906659896;0.0;0.7844880779460055;0.37450625355924294;0.0;0.0;0.2526333477292691;0.319904852452779;0.39930747753673684;0.0;0.0;0.3877676704361745;0.0;0.3409125542671767;0.26004940793451325;0.4462052255702942;0.38556848762130086;0.2398737082942836;0.37198398754903206;0.0;0.0;0.3385557482746046;0.25107526234952765;0.0;0.0;0.0;0.0;0.22998519641324866;0.3167476021874808;0.0;0.39429572641830546;0.0;0.0;0.0;0.0;0.17962805685021038;0.1586288072034064;0.34072686692841103;0.19629582501371534;0.26219517130990067;0.0;0.0;0.5389855535328639;0.0;0.785268691669681
