;GO:0016525;GO:0045408;GO:0007252;GO:0015031;GO:0032691;GO:0051928;GO:0050718;GO:1901224;GO:0051092;GO:1900017;GO:0042534;GO:0060765;GO:0042535;GO:0000187;GO:0032727;GO:0032967;GO:0002755;GO:0032728;GO:0032729;GO:0014739;GO:2001204;GO:0018158;GO:0032689;GO:0032722;GO:0019886;GO:0035556;GO:0050830;GO:0032720;GO:0033138;GO:1902042;GO:2000010;GO:0002092;GO:0051260;GO:0008631;GO:0042542;GO:0045416;GO:0032715;GO:2000406;GO:0001798;GO:0051770;GO:0031623;GO:0050965;GO:0010543;GO:0071404;GO:0051897;GO:0035666;GO:0051017;GO:0051898;GO:0045429;GO:1902176;GO:0008284;GO:0038095;GO:0043123;GO:0038094;GO:0097190;GO:0043488;GO:0042311;GO:0043523;GO:0045944;GO:0002223;GO:0043403;GO:0043524;GO:0048661;GO:0007628;GO:0007229;GO:0001885;GO:0031338;GO:0071673;GO:0032707;GO:0045671;GO:0048662;GO:0051384;GO:0071672;GO:0033599;GO:0071315;GO:0001805;GO:0032700;GO:0050731;GO:0016579;GO:0033194;GO:0090201;GO:1904646;GO:0043534;GO:0007249;GO:0045953;GO:0002862;GO:0001774;GO:0071260;GO:0001812;GO:0001933;GO:0016064;GO:0001934;GO:0030593;GO:0032497;GO:0016601;GO:0043306;GO:0034392;GO:0061136;GO:0032494;GO:0032495;GO:0002281;GO:0007179;GO:0007212;GO:0006641;GO:0006366;GO:0045444;GO:0006886;GO:0042699;GO:0060326;GO:0002554;GO:1902905;GO:0043154;GO:0060729;GO:0043032;GO:0031398;GO:0051607;GO:0032760;GO:0031397;GO:0032765;GO:0034260;GO:0032088;GO:0090026;GO:0002292;GO:0034142;GO:0043312;GO:0045454;GO:1903974;GO:0042102;GO:1900227;GO:0042742;GO:0006898;GO:0042744;GO:0048298;GO:2000727;GO:0010629;GO:0033209;GO:0043161;GO:0031668;GO:0097178;GO:0042590;GO:0010628;GO:0031663;GO:0071447;GO:0032870;GO:0010469;GO:0016046;GO:0032755;GO:0050766;GO:0072659;GO:0016567;GO:0090630;GO:1903223;GO:1904037;GO:0048741;GO:0043330;GO:0045076;GO:0009609;GO:0060071;GO:2000573;GO:0050776;GO:0032226;GO:0034128;GO:0010572;GO:0140052;GO:0050829;GO:1900087;GO:0034122;GO:0006195;GO:0030041;GO:0009620;GO:0002031;GO:0002032;GO:0002431;GO:0030316;GO:0045084;GO:0071222;GO:0019372;GO:0045087;GO:0006749;GO:0046330;GO:0070373;GO:0043066;GO:0070374;GO:0033026;GO:0034599;GO:0050702;GO:0032695;GO:0071346;GO:0032733
GO:0016525;1.0;0.2925719911004357;0.0;0.0;0.491534827154328;0.2824107353568897;0.19134711967690546;0.2348379387289187;0.19561475237956627;0.2851999006320273;0.2845274651926933;0.3028637162369935;0.19850972090568195;0.11204941537824419;0.3532105793201976;0.28252342035257066;0.18666371014915709;0.3532105793201976;0.3787944041209357;0.330422222666414;0.4204811288191026;0.0;0.5271233966696187;0.3787966460155674;0.0;0.33914822171593495;0.0;0.491534827154328;0.1724654320583629;0.23968040235543958;0.2923604331688126;0.2008248984487489;0.0;0.30252057334187704;0.0;0.20633865335054954;0.5271227601636918;0.20605164744221727;0.13396685704207537;0.2647992299675521;0.0;0.0;0.2998749765221285;0.0;0.23483791567653758;0.18265604337795296;0.0;0.2934387850954055;0.19596446812673918;0.19512417136014423;0.32688791607974077;0.2637697286638527;0.2348379550374329;0.2637697286638527;0.33914822171593495;0.2217368896474649;0.19445224075682438;0.31454660923948913;0.1563905932116605;0.1787195295024985;0.0;0.31119614242736265;0.3031529928293962;0.0;0.3259262064063246;0.0;0.30276283119760067;0.19623052779081213;0.5271227601636918;0.48494969127250914;0.3787997637873409;0.0;0.2451974376838617;0.5261358126711433;0.0;0.13832517067642525;0.5271233966696187;0.17246543405262318;0.0;0.0;0.21936655238390698;0.0;0.0;0.3259255468779214;0.223902260653584;0.2854017224885213;0.0;0.0;0.14306140500824222;0.2246213585170691;0.0;0.17976360490714907;0.0;0.0;0.3023794910432482;0.13355799259037165;0.31122530211393823;0.2349688521302318;0.0;0.0;0.0;0.30238591606128284;0.3259303431023839;0.0;0.0;0.0;0.0;0.27937409703117866;0.0;0.0;0.30316556090805774;0.17784845182942982;0.2074658748583027;0.2646093545368666;0.19657732199498074;0.0;0.35322029192860954;0.24563071079863324;0.25719224492651105;0.3509834410966781;0.24442603166518578;0.1720662027755816;0.0;0.18666371014915709;0.0;0.3122250259356143;0.2644176500899079;0.16849067947262106;0.2646585408633785;0.0;0.0;0.0;0.18258773215364935;0.31254236430074195;0.3786339633918242;0.3137230773598352;0.0;0.0;0.0;0.0;0.303019725937688;0.3259262064063246;0.0;0.0;0.30180803103438064;0.0;0.3787939464781673;0.24880571927956313;0.0;0.0;0.21585607051037328;0.21120746455073414;0.2647758169936007;0.0;0.0;0.29257203916598506;0.0;0.4640894461407342;0.18352878041845874;0.3548262751898087;0.25652301883238154;0.2506970088966308;0.22799637802109202;0.0;0.0;0.22277153296611754;0.26313620390255343;0.0;0.0;0.0;0.0;0.238480119730136;0.21534854317893024;0.0;0.20633865335054954;0.0;0.0;0.0;0.0;0.12578714120543066;0.1726576072313483;0.3531369590443697;0.1381769840965455;0.27008918618498684;0.0;0.0;0.5271233966696187;0.0;0.3787944041209357
GO:0045408;0.2925719911004357;1.0;0.0;0.0;0.3820828285432786;0.2554731677982872;0.2525968166916495;0.2697820056407577;0.5831331912721872;0.3142812382559073;0.8743771651895503;0.33999096435252696;0.6248387828368933;0.2918761666154616;0.38207215070670325;0.38213627520947335;0.21804513409718546;0.38207215070670325;0.4069326434558158;0.30073066295687145;0.33246104537156435;0.0;0.40693396066025417;0.40693480700359613;0.0;0.37614541205151103;0.0;0.3820828285432786;0.4397323197160751;0.22366228970528124;0.2635880284650579;0.3707840453370933;0.0;0.33964485014356854;0.0;0.6480504017327448;0.47291196567784677;0.23907467358474166;0.12758525474143909;0.47715245207619994;0.0;0.0;0.3301743916077529;0.0;0.2697819812929758;0.21366258577306535;0.0;0.2697839624162466;0.4507006246693029;0.1843744346980271;0.36402671087540395;0.3000390902606168;0.269782022865709;0.3000390902606168;0.37614541205151103;0.507085006975123;0.17705801481161945;0.35172767033562696;0.47265568831353605;0.2093458766074777;0.0;0.28472091901717356;0.34028268393332556;0.0;0.36307192513139547;0.0;0.3398892140072836;0.2284574396663279;0.40693351924578114;0.2744143855214983;0.3402840983024506;0.0;0.2284591676624545;0.4075198137341742;0.0;0.13153211907483228;0.40693396066025417;0.4397323244931984;0.0;0.0;0.20587213816880937;0.0;0.0;0.3630712701415886;0.16795300507687974;0.21045987964759685;0.0;0.0;0.1358074007677726;0.4571733902085896;0.0;0.45716998601129744;0.0;0.0;0.33950252307956025;0.1589578474361485;0.2847453280029014;0.5862430662421816;0.0;0.0;0.0;0.33950900507817466;0.3630760333538987;0.0;0.0;0.0;0.0;0.3161125299581972;0.0;0.0;0.3402953568683594;0.36677984698714733;0.1877833700965977;0.30090829450041323;0.49700639569157107;0.0;0.38208165394685756;0.4970100426719776;0.2856202851289277;0.2542304602438345;0.583133219705884;0.20202285444902723;0.0;0.21804513409718546;0.0;0.34940269415218045;0.30070988037835317;0.19807329410245664;0.30095919818644895;0.0;0.0;0.0;0.2754033324383924;0.25248415807213864;0.4070439171820777;0.35090334782714844;0.0;0.0;0.0;0.0;0.4070415289136934;0.36307192513139547;0.0;0.0;0.33892588325539647;0.0;0.4729104346338715;0.28446429205177803;0.0;0.0;0.19463083679112694;0.24461953931988295;0.3010805621932072;0.0;0.0;0.8971113662731421;0.0;0.32246851846464236;0.5494150299040722;0.31331814242306216;0.29251642319430854;0.2332262176897353;0.25608087588631545;0.0;0.0;0.25698453588948755;0.243954978763925;0.0;0.0;0.0;0.0;0.22261672870255128;0.2490587878496924;0.0;0.6480504017327448;0.0;0.0;0.0;0.0;0.326056161864195;0.35659987343978083;0.3194310282844736;0.35659661071979387;0.24991974708609327;0.0;0.0;0.40693396066025417;0.0;0.4069326434558158
GO:0007252;0.0;0.0;1.0;0.0;0.0;0.0;0.0;0.0;0.0;0.0;0.0;0.0;0.0;0.0;0.0;0.0;0.12382993155425437;0.0;0.0;0.0;0.0;0.8236807617107921;0.0;0.0;0.0;0.20762752212419153;0.0;0.0;0.0;0.0;0.0;0.0;0.19521961504259033;0.18870109641330282;0.0;0.0;0.0;0.0;0.0;0.0;0.4266057387632062;0.0;0.0;0.17743687746132608;0.0;0.12143814130505938;0.19504484114589582;0.0;0.0;0.0;0.0;0.16788359201670552;0.0;0.16788359201670552;0.20762752212419153;0.0;0.0;0.0;0.0;0.11907853789160805;0.0;0.0;0.0;0.0;0.20087683033386028;0.20138661331276222;0.0;0.0;0.0;0.0;0.0;0.0;0.0;0.0;0.1191484137322316;0.0;0.0;0.0;0.7861632874705728;0.0;0.0;0.14430472048720552;0.18896018014040528;0.20087649133404425;0.0;0.0;0.19480371920728823;0.18276524808529315;0.0;0.0;0.0;0.0;0.15491817876197347;0.0;0.18862681369033488;0.0;0.0;0.0;0.0;0.0;0.1779176320368544;0.18863019682892412;0.2008789566043442;0.4233958107632443;0.3954773226722705;0.2156785945065727;0.0;0.17636771854941338;0.19427645548083639;0.14405695023989187;0.0;0.0;0.0;0.0;0.0;0.0;0.0;0.0;0.0;0.0;0.0;0.0;0.14762531456634206;0.12382993155425437;0.1343252696068739;0.19378488429802562;0.0;0.0;0.0;0.0;0.0;0.27783196233909685;0.0;0.0;0.0;0.194565149389771;0.5206119120993796;0.19423728446433;0.18356056972892723;0.0;0.0;0.20087683033386028;0.16793449455181417;0.17747371031065867;0.0;0.0;0.0;0.0;0.0;0.8052589225802874;0.0;0.0;0.0;0.18355061843716897;0.0;0.0;0.0;0.1512489328555342;0.0;0.0;0.0;0.0;0.0;0.17743687746132608;0.0;0.0;0.0;0.33234213101402865;0.17322299329373925;0.0;0.4160548306829961;0.0;0.1406470435968287;0.19529995428971408;0.0;0.14418128697902702;0.3695180634999789;0.0;0.45483559631579923;0.0;0.0;0.0;0.0;0.0;0.1884965129398699;0.1441164622455496;0.0;0.17791080365028436;0.0
GO:0015031;0.0;0.0;0.0;1.0;0.0;0.0;0.0;0.0;0.0;0.0;0.0;0.0;0.0;0.0;0.0;0.0;0.0;0.0;0.0;0.0;0.0;0.0;0.0;0.0;0.0;0.0;0.0;0.0;0.0;0.0;0.0;0.0;0.0;0.0;0.0;0.0;0.0;0.0;0.0;0.0;0.33599788122794016;0.0;0.0;0.0;0.0;0.0;0.0;0.0;0.0;0.0;0.0;0.0;0.0;0.0;0.0;0.0;0.0;0.0;0.0;0.0;0.0;0.0;0.0;0.0;0.0;0.0;0.0;0.0;0.0;0.0;0.0;0.0;0.0;0.0;0.0;0.0;0.0;0.0;0.0;0.0;0.0;0.0;0.0;0.0;0.0;0.0;0.0;0.0;0.0;0.0;0.0;0.0;0.0;0.0;0.0;0.0;0.0;0.0;0.0;0.0;0.0;0.0;0.0;0.0;0.0;0.0;0.8671627787868394;0.0;0.0;0.41617039402078904;0.0;0.0;0.0;0.0;0.0;0.0;0.0;0.0;0.0;0.0;0.0;0.0;0.0;0.0;0.2740509020701088;0.0;0.0;0.0;0.0;0.0;0.4597810697242801;0.0;0.0;0.0;0.0;0.0;0.0;0.0;0.0;0.0;0.0;0.0;0.0;0.0;0.0;0.0;0.0;0.0;0.42220249451999853;0.0;0.0;0.0;0.0;0.0;0.0;0.0;0.0;0.0;0.0;0.0;0.0;0.0;0.0;0.0;0.0;0.0;0.0;0.0;0.0;0.0;0.32560410788048433;0.0;0.0;0.0;0.0;0.0;0.0;0.0;0.0;0.0;0.0;0.0;0.0;0.0;0.0;0.767891213851536;0.0;0.0;0.0
GO:0032691;0.491534827154328;0.3820828285432786;0.0;0.0;1.0;0.31436793863150514;0.3205838785518624;0.2565220854865297;0.21043182252761078;0.37159349802056063;0.3706391428662545;0.33992109344771976;0.2517919729247279;0.11675862342164559;0.4702439168049556;0.3145075754011393;0.20010918793065618;0.4702439168049556;0.5084767141528396;0.3651824521510797;0.3309441161729333;0.0;0.7557745274740068;0.5084800921878455;0.0;0.3863080999082388;0.0;0.6989684113486766;0.18388073966750546;0.25745665146544916;0.3267461773857159;0.21647334769411172;0.0;0.33948890162498285;0.0;0.26234984695361085;0.7557735030879552;0.22255871843958464;0.14075433552266828;0.2926980519694698;0.0;0.0;0.32822942649037107;0.0;0.25652205798044403;0.19551049129985917;0.0;0.3205341707402398;0.21083657883773774;0.206745353719053;0.37048060517169235;0.29144070461963706;0.25652210494583816;0.29144070461963706;0.3863080999082388;0.24097003473225392;0.2147961000101915;0.3547076416812453;0.16571956381779046;0.19100724565833277;0.0;0.34184132818913787;0.3402855332371689;0.0;0.3692457760885361;0.0;0.33979401532111647;0.21114458616220455;0.7557735030879552;0.367658710007374;0.42519835103816683;0.0;0.26383327830407033;0.424264096890654;0.0;0.1455734110837744;0.7557745274740068;0.18388074193449858;0.0;0.0;0.23416426234171303;0.0;0.0;0.3692449295906162;0.23933975481979958;0.31096853096361277;0.0;0.0;0.15082843584421154;0.24016161304133254;0.0;0.19220030487015058;0.0;0.0;0.33931124184897254;0.14030306077944416;0.34187651400161245;0.25667829931158886;0.0;0.0;0.0;0.3393193321990061;0.3692510855057527;0.0;0.0;0.0;0.0;0.31060974583203266;0.0;0.0;0.34030136883076645;0.18745227816291052;0.2307871501092533;0.2924660764309353;0.21154615215341185;0.0;0.4702583124060364;0.2643349820736432;0.33218164433783576;0.39046276828160853;0.262940370778058;0.18342698175092265;0.0;0.20010918793065618;0.0;0.3517581561202921;0.29223190189081427;0.1793692862226441;0.2925261652263729;0.0;0.0;0.0;0.13635300933066377;0.2401134490500186;0.4249894570106855;0.3536607389417179;0.0;0.0;0.0;0.0;0.34011762881441354;0.3692457760885361;0.0;0.0;0.33859183023701706;0.0;0.5084760245878974;0.27328046964026215;0.0;0.0;0.2412170659634059;0.22858578489695852;0.29266944586208393;0.0;0.0;0.38208289709163845;0.0;0.31913419498639944;0.196510725060628;0.4067810958910917;0.2826192239874295;0.27021146302662125;0.24402379795939605;0.0;0.0;0.24219244402559031;0.28471861462646;0.0;0.0;0.0;0.0;0.2560722392298294;0.2334441995985166;0.0;0.26234984695361085;0.0;0.0;0.0;0.0;0.13175261305178812;0.1816947596252298;0.393129837771672;0.14540929687490253;0.2928766180668451;0.0;0.0;0.7557745274740068;0.0;0.5084767141528396
GO:0051928;0.2824107353568897;0.2554731677982872;0.0;0.0;0.31436793863150514;1.0;0.3214352027387714;0.32025016636502096;0.2627510683576934;0.31046463509718514;0.2478280343942079;0.3395259839793769;0.21042872688584024;0.14583482161771397;0.3927978982156907;0.3925631992403535;0.24987076151475054;0.3927978982156907;0.4246968498142276;0.3648174411373451;0.26461546816599696;0.0;0.3398873209974138;0.4246996679796277;0.0;0.3857978770006872;0.0;0.31436793863150514;0.2296194991827771;0.20589796334184438;0.48926321986396687;0.42925627019355383;0.0;0.33909479565736256;0.0;0.21924690092414054;0.3398868608460281;0.33337376912594574;0.17579170916583628;0.36536816024631547;0.0;0.0;0.26244681362495637;0.0;0.32025013205569663;0.2441323381631712;0.0;0.256299213407662;0.26325609390124205;0.16536515216078987;0.46233931827110863;0.29115021298800087;0.3202501906373124;0.29115021298800087;0.3857978770006872;0.24077140957177626;0.21458258330988614;0.35427743184261873;0.20695374543584405;0.23851284709357531;0.0;0.27332048073406356;0.4247013839853822;0.0;0.36877960135414345;0.0;0.5075914842805215;0.3162887330712338;0.3398868608460281;0.2112893457106251;0.3398913398042906;0.0;0.2636427033579529;0.3391453909864342;0.0;0.18180737855298654;0.3398873209974138;0.2296195020118844;0.0;0.0;0.1872820892855506;0.0;0.0;0.368778756992288;0.19141868063450926;0.24865703623679347;0.0;0.0;0.1883670187741956;0.19207555257433143;0.0;0.24000165362252768;0.0;0.0;0.33891754801770846;0.27828675718014984;0.2733485873519434;0.2564529464113426;0.0;0.0;0.0;0.33892561960437334;0.36878489737339226;0.0;0.0;0.0;0.0;0.31027980588917353;0.0;0.0;0.42472112497292236;0.1499415181095584;0.2305406766412333;0.3650788802262734;0.2641414446033553;0.0;0.39280991001651944;0.21139484727007107;0.277561256013175;0.31215438622050384;0.21028034699965747;0.27479458704627197;0.0;0.24987076151475054;0.0;0.3513350668801139;0.3647868575238559;0.22398931762054922;0.3651538126880183;0.0;0.0;0.0;0.1363020894102504;0.2399555905999193;0.33972455013152886;0.35323306331232385;0.0;0.0;0.0;0.0;0.4244920706319116;0.36877960135414345;0.0;0.0;0.3381998030999973;0.0;0.42469627453656583;0.5417967803456214;0.0;0.0;0.24094782444687068;0.2854008895548432;0.36533248765077136;0.0;0.0;0.2554732135918928;0.0;0.25518077032954145;0.24538048212494107;0.40621539944437524;0.35279915503919373;0.21609092943743244;0.24386075780543617;0.0;0.0;0.30237541600066653;0.227683407102644;0.0;0.0;0.0;0.0;0.2047915719865154;0.291462021533304;0.0;0.21924690092414054;0.0;0.0;0.0;0.0;0.16455429513608202;0.14533841838640194;0.31428427348515936;0.18160251745782816;0.23420195790242485;0.0;0.0;0.3398873209974138;0.0;0.4246968498142276
GO:0050718;0.19134711967690546;0.2525968166916495;0.0;0.0;0.3205838785518624;0.3214352027387714;1.0;0.25232814591863;0.1935569366449187;0.31666155192954937;0.24825455802540627;0.21055305684119252;0.30359821035845597;0.1504482586598527;0.35995557028425024;0.20244389497784948;0.1876184099488044;0.35995557028425024;0.3744555367005067;0.27108676974013673;0.2214821670035726;0.0;0.2519284115375302;0.3744567692293362;0.0;0.22387950702422718;0.0;0.24217684284958949;0.2062375791833354;0.15925675541906367;0.2882952469433412;0.3249637921395989;0.0;0.21042026355128893;0.0;0.31194357744801215;0.2519282423559122;0.2656090110810259;0.1237496632088401;0.19496046599066089;0.0;0.0;0.22046499437826955;0.0;0.2523281306124664;0.1848982877273602;0.0;0.18132985553050965;0.2247746662406223;0.13827648654858196;0.3054862666362458;0.19451312893524905;0.252328156747046;0.19451312893524905;0.22387950702422718;0.17494171143635415;0.11487570501279017;0.21499593197699338;0.19262120406326394;0.18218845868413827;0.0;0.18795744282423743;0.2931505282876786;0.0;0.21918205518157;0.0;0.29400326066611226;0.2572615810083147;0.2519282423559122;0.1941261757091419;0.21066544277060337;0.0;0.19395972360450706;0.25245936959352483;0.0;0.12670085641605316;0.2519284115375302;0.20623758082343036;0.0;0.0;0.1500256705110346;0.0;0.0;0.21918181647767498;0.12175270588963825;0.142636610960012;0.0;0.0;0.12985217588594872;0.15246500289576775;0.0;0.21216137542440539;0.0;0.0;0.21036562718723792;0.33882493174352507;0.18796807978071323;0.18139142315255788;0.0;0.0;0.0;0.21036811586877863;0.21918355237069287;0.0;0.0;0.0;0.0;0.2011436004608251;0.0;0.0;0.29315728715953454;0.1293709500580052;0.11929644169869155;0.27118237892145375;0.22523788982996015;0.0;0.35996124508740907;0.16186211311978566;0.29649325179577474;0.16147882820020393;0.16133812255049063;0.23545846911172788;0.0;0.1876184099488044;0.0;0.2141250017861331;0.27106654663915014;0.20294501671076412;0.2712120873349787;0.0;0.0;0.0;0.1832822849520449;0.27183175093791484;0.1685550312053432;0.21468765547159363;0.0;0.0;0.0;0.0;0.21061338709454566;0.21918205518157;0.0;0.0;0.21014408887253483;0.0;0.37445528510095255;0.37187535103283836;0.0;0.0;0.12202374211751144;0.23601084784499146;0.271282903521234;0.0;0.0;0.25259684236432955;0.0;0.21700244939489816;0.2151574852699804;0.1834536736706275;0.26623581251868633;0.16404671175449378;0.27462572860068885;0.0;0.0;0.24415595212559377;0.16928324697369368;0.0;0.0;0.0;0.0;0.15872593871500035;0.2060182502496408;0.0;0.31194357744801215;0.0;0.0;0.0;0.0;0.16430505260031592;0.1266022219123599;0.20248209200451028;0.1761719502220711;0.17213402915958376;0.0;0.0;0.2519284115375302;0.0;0.3744555367005067
GO:1901224;0.2348379387289187;0.2697820056407577;0.0;0.0;0.2565220854865297;0.32025016636502096;0.25232814591863;1.0;0.27390655839404093;0.3666922327773175;0.26292724826120467;0.6091459979456089;0.26126139630476164;0.4465428635515921;0.3205224219220419;0.3203661296645595;0.34774127677948624;0.3205224219220419;0.3414497318620121;0.419772217719486;0.2778961868428331;0.0;0.27326395937836945;0.3414515534971146;0.0;0.37757551473128;0.0;0.2565220854865297;0.28231305741771306;0.4002548644889623;0.3304564554851905;0.32559914469258056;0.0;0.3408104394425306;0.0;0.2709858110215841;0.2732636619409295;0.3334869422900228;0.22220964033683344;0.30202050806002834;0.0;0.0;0.33109193764492234;0.0;0.8976623028373726;0.3407368606668052;0.0;0.5344580325312223;0.3182392350678853;0.3649419755651408;0.5084246627308052;0.3610469585644096;0.8976624415417034;0.3610469585644096;0.37757551473128;0.2565432603438206;0.1775933681007828;0.35297781876298845;0.25740512039412555;0.33383827773893543;0.0;0.28553955963816124;0.4751481055026424;0.0;0.364404168701627;0.0;0.3410564840018673;0.4083162067753267;0.2732636619409295;0.22926436915686643;0.34145408681625516;0.0;0.2747138642710096;0.340851340585736;0.0;0.22909511590452775;0.27326395937836945;0.28231306049094484;0.0;0.0;0.36835236291310963;0.0;0.0;0.36440350889621165;0.21030632399636495;0.2636736296029737;0.0;0.0;0.23655430267110877;0.21094061860200009;0.0;0.29353201292038306;0.0;0.0;0.34066713403562665;0.2839022022832799;0.28556410919505304;0.27065590137407786;0.0;0.0;0.0;0.3406736605819337;0.36440830712875544;0.0;0.0;0.0;0.0;0.3171219586715006;0.0;0.0;0.47516586199058236;0.16916183246378944;0.1883856565608335;0.4200012324350219;0.3191685773695219;0.0;0.32053041997360193;0.22936377283215775;0.3331710287921058;0.2550462909629976;0.22831302915371451;0.36097403419349733;0.0;0.34774127677948624;0.0;0.3506363408575295;0.5378433753763455;0.2761795304068187;0.4200724986621851;0.0;0.0;0.0;0.22541119097843365;0.2934824968119323;0.2731587360031397;0.3521476329642545;0.0;0.0;0.0;0.0;0.3413173518774185;0.364404168701627;0.0;0.0;0.6072312068585096;0.0;0.3414493600074632;0.39698311923732515;0.0;0.0;0.19527792418700682;0.43727364674463276;0.4202424111105271;0.0;0.0;0.2697820465097914;0.0;0.26952100586200833;0.2992982785067674;0.39304912491450916;0.6363854573462796;0.41741028139006886;0.3814441399763419;0.0;0.0;0.3585343503624465;0.4366590745135435;0.0;0.0;0.0;0.0;0.398379577016203;0.397326618701336;0.0;0.2709858110215841;0.0;0.0;0.0;0.0;0.49891418414651856;0.3249179047999343;0.32046179643466965;0.5457229782663301;0.2505502732052795;0.0;0.0;0.27326395937836945;0.0;0.3414497318620121
GO:0051092;0.19561475237956627;0.5831331912721872;0.0;0.0;0.21043182252761078;0.2627510683576934;0.1935569366449187;0.27390655839404093;1.0;0.22329544785303246;0.5705732304724285;0.276662678601573;0.4592096907068917;0.31943485782846814;0.2629343085427776;0.3670031616372228;0.22810271553953568;0.2629343085427776;0.2768538874996712;0.25009441823531864;0.2335471376001678;0.0;0.2215674400089885;0.27685508509101525;0.0;0.30013791802303214;0.0;0.21043182252761078;0.388675186337647;0.19439059920716334;0.2695823179953043;0.3607107237032817;0.0;0.2764334503239578;0.0;0.47429461414377916;0.2215672444657109;0.2470521913750121;0.14396892695868285;0.446722555010702;0.0;0.0;0.23219191803731118;0.0;0.27390653747380606;0.22409458465158863;0.0;0.22831441944004172;0.43018251122305146;0.16401506946335073;0.3507573136507094;0.2496159439438485;0.27390657319415784;0.2496159439438485;0.30013791802303214;0.5577797017028697;0.1473578329438037;0.28438466561147013;0.6713088640357069;0.2201264021370773;0.0;0.2389219937846661;0.33214323009442953;0.0;0.2917552447866604;0.0;0.2765952992998925;0.23754325026387538;0.2215672444657109;0.19821206520788087;0.2768567505583473;0.0;0.198003918635653;0.27646035829875226;0.0;0.14797891116094997;0.2215674400089885;0.38867519005358325;0.0;0.0;0.18081092845048455;0.0;0.0;0.29175482183892565;0.14716059116520033;0.17880289947658826;0.0;0.0;0.15229560092201583;0.3653602480024786;0.0;0.4021750428503817;0.0;0.0;0.2763391631795124;0.17226560387488082;0.23893918146435042;0.4526469437132552;0.0;0.0;0.0;0.2763434576167014;0.29175789758965925;0.0;0.0;0.0;0.0;0.2606416235666804;0.0;0.0;0.33215329416209577;0.3321660338599991;0.15471204806293457;0.3001850172851438;0.4325410661205447;0.0;0.2629396907440807;0.39294652448901574;0.20575280007405722;0.26409703820508995;0.846351080444595;0.21334819576327588;0.0;0.22810271553953568;0.0;0.28286282986724304;0.3000204063153957;0.20966799353485394;0.3002272427855462;0.0;0.0;0.0;0.2758957294309169;0.22114930036868705;0.3850984935436597;0.2838455382686787;0.0;0.0;0.0;0.0;0.44036630507336444;0.2917552447866604;0.0;0.0;0.3335945288511224;0.0;0.27685364303230797;0.2864172946124982;0.0;0.0;0.2699528279914257;0.2519718538104317;0.300327906649606;0.0;0.0;0.5831332658602867;0.0;0.22760323114133632;0.5885355831680631;0.2479608241939861;0.2931907547644052;0.20157478619895663;0.2239037961536755;0.0;0.0;0.26282987981324046;0.20953939429183854;0.0;0.0;0.0;0.0;0.2340364843793482;0.25588788777534044;0.0;0.47429461414377916;0.0;0.0;0.0;0.0;0.29742113012001015;0.29298503564413136;0.262893509714855;0.3225065332218749;0.2139248037379301;0.0;0.0;0.2215674400089885;0.0;0.2768538874996712
GO:1900017;0.2851999006320273;0.3142812382559073;0.0;0.0;0.37159349802056063;0.31046463509718514;0.31666155192954937;0.3666922327773175;0.22329544785303246;1.0;0.30649725029179176;0.33007602870575387;0.32766901935001896;0.1848201016612828;0.5523066606927743;0.310573618736121;0.42189603081756655;0.5523066606927743;0.5871950148169427;0.5223847392041134;0.2704979293852533;0.0;0.3950569861199468;0.5871980456506274;0.0;0.2913478644137681;0.0;0.37159349802056063;0.19890527291585655;0.2193282207070043;0.32004739702679197;0.2287162275488483;0.0;0.2638995851409276;0.0;0.3396358375320515;0.3950565700961206;0.23412931369010856;0.4304070137450407;0.2933021522053584;0.0;0.0;0.4276448637292518;0.0;0.36669220045384465;0.41357333695314313;0.0;0.26350322548063804;0.22366008320571462;0.21697229486618025;0.35268372959408056;0.29229087572053764;0.36669225564470825;0.29229087572053764;0.2913478644137681;0.20025595604367025;0.17249562154175457;0.27300482960767103;0.18167001965427682;0.40536948901038705;0.0;0.2222715737280446;0.33035097504036137;0.0;0.28153636968183643;0.0;0.26408391727761915;0.3980993450919743;0.3950565700961206;0.2242053600229054;0.26438177586333966;0.0;0.26782488654528175;0.3297880867361389;0.0;0.4435311327613139;0.3950569861199468;0.1989052750387318;0.0;0.0;0.20219444632429315;0.0;0.0;0.2815358775697039;0.28650679424357306;0.456796208422157;0.0;0.0;0.457734592327502;0.16538283077253765;0.0;0.20664888980270013;0.0;0.0;0.26379221933964897;0.21814438032473782;0.2222901613463215;0.21098635385616987;0.0;0.0;0.0;0.26379710915515553;0.2815394563028667;0.0;0.0;0.0;0.0;0.2461120634238145;0.0;0.0;0.33036291899714254;0.1331636100025246;0.18265949616392543;0.29311570521850466;0.22429881098945914;0.0;0.5523200210239887;0.17950818882028993;0.507360703646744;0.24728999632624363;0.17870391224247503;0.3528434260492661;0.0;0.42189603081756655;0.0;0.2712542637377652;0.4076419733915233;0.19466665575152015;0.29316400633703216;0.0;0.0;0.0;0.22264641868828103;0.28752310811098286;0.2642808507288597;0.27238424463539385;0.0;0.0;0.0;0.0;0.3302243182954068;0.28153636968183643;0.0;0.0;0.3290720706368358;0.0;0.5871943961257863;0.27749025839806113;0.0;0.0;0.18913193987456756;0.38013897311604655;0.29327916362374934;0.0;0.0;0.31428128463464516;0.0;0.26255637513470304;0.21062423517672252;0.3784107389311921;0.2851470975398452;0.3177601305039926;0.4557014163363731;0.0;0.0;0.2512793175037507;0.3320691700775335;0.0;0.0;0.0;0.0;0.21832269722552064;0.33913134906625414;0.0;0.3396358375320515;0.0;0.0;0.0;0.0;0.23521505955031194;0.16183943243523466;0.24862479421148242;0.22521602125471116;0.19569045167516422;0.0;0.0;0.3950569861199468;0.0;0.5871950148169427
GO:0042534;0.2845274651926933;0.8743771651895503;0.0;0.0;0.3706391428662545;0.2478280343942079;0.24825455802540627;0.26292724826120467;0.5705732304724285;0.30649725029179176;1.0;0.3291756634362276;0.7196863971133954;0.28813424399982257;0.37062909506216835;0.37069669533146776;0.21354546816988312;0.37062909506216835;0.39397724467047185;0.2922377335304559;0.3237899125832686;0.0;0.39397847933894453;0.39397927265031985;0.0;0.3629522535870648;0.0;0.49063705912211714;0.43129386432911865;0.2189303174888989;0.2554572295199817;0.36260431101005003;0.0;0.3288512086528443;0.0;0.6361031412802862;0.3939780655835092;0.23367594989187893;0.12564949885584364;0.4636609079421522;0.0;0.0;0.32162059357508505;0.0;0.2629272251349855;0.20934018925206418;0.0;0.2629291068621511;0.4409772731869388;0.18114686932832175;0.35165599616958915;0.2915846282378895;0.2629272646219557;0.2915846282378895;0.3629522535870648;0.49484854209316753;0.17207973454183;0.34016547554707416;0.4643701952755302;0.20519467327500693;0.0;0.2770967191441909;0.32944911122492604;0.0;0.3507649213158205;0.0;0.32908028269032014;0.22352263100184908;0.3939780655835092;0.26847980195527954;0.32945043696898996;0.0;0.22352428515259257;0.3945676605454176;0.0;0.12947571023777688;0.39397847933894453;0.43129386892465515;0.0;0.0;0.20185623478575662;0.0;0.0;0.35076430997760993;0.16461455147803147;0.20524398162985016;0.0;0.0;0.1336162510057153;0.4480592093046123;0.0;0.44805593948560535;0.0;0.0;0.32871778215375796;0.1565530035445254;0.2771198383414385;0.5713400665592872;0.0;0.0;0.0;0.3287238588713611;0.35076875574538036;0.0;0.0;0.0;0.0;0.3067421190341388;0.0;0.0;0.32946099005514007;0.3608902989951899;0.1821932212917103;0.29240547096788855;0.48625348602621454;0.0;0.4906355959840683;0.4862569769057472;0.2791767324163206;0.24665842071091118;0.5705732576944635;0.19815431045919252;0.0;0.21354546816988312;0.0;0.3379903702600062;0.2922181081793035;0.19435313942807736;0.2924535382786779;0.0;0.0;0.0;0.27208379089422663;0.24745151639648835;0.3940897498434488;0.33939439807521055;0.0;0.0;0.0;0.0;0.39408751116895735;0.3507649213158205;0.0;0.0;0.32817716670855684;0.0;0.39397683069420353;0.27685364610876495;0.0;0.0;0.1886320803482578;0.23897044471004164;0.2925681379769784;0.0;0.0;0.8743772939417087;0.0;0.3143043955733841;0.5382516668380457;0.30189638839680755;0.28447491077900444;0.22808556014759165;0.2509052993298843;0.0;0.0;0.2507571772864977;0.2383361838617285;0.0;0.0;0.0;0.0;0.21792843078768498;0.24320525135006366;0.0;0.6361031412802862;0.0;0.0;0.0;0.0;0.3213935331071067;0.3510302350225465;0.3098658231102387;0.35102707342529244;0.2440261498511607;0.0;0.0;0.39397847933894453;0.0;0.39397724467047185
GO:0060765;0.3028637162369935;0.33999096435252696;0.0;0.0;0.33992109344771976;0.3395259839793769;0.21055305684119252;0.6091459979456089;0.276662678601573;0.33007602870575387;0.3291756634362276;1.0;0.2192583783134224;0.26786682992015465;0.3399084649210211;0.33968887035864564;0.3148237944282028;0.3399084649210211;0.3699542868456339;0.3921994229010176;0.3529796802000678;0.0;0.3699559136561956;0.36995695893274616;0.0;0.5310575692265355;0.0;0.33992109344771976;0.24017347617445126;0.4831585458744342;0.3540103353056173;0.28503277157533397;0.0;0.4610970961245829;0.0;0.22884896845949365;0.3699553684877618;0.2934890418115097;0.18191156268146794;0.31438761984393054;0.0;0.0;0.4197659173813311;0.0;0.6091459284253185;0.3072393382232075;0.0;0.6091515851430613;0.27722265499221316;0.3841286051830182;0.5072177424154333;0.46911052263201847;0.6091460471280633;0.46911052263201847;0.5310575692265355;0.3192301441491238;0.23059342786105402;0.4836531515105088;0.21548826848990257;0.2998289905287159;0.0;0.3654036016884651;0.462273439109796;0.0;0.5053660004734487;0.0;0.4615475843413006;0.33309463956704416;0.3699553684877618;0.27806086172223704;0.4622760493567464;0.0;0.33309770150504375;0.46117196698749363;0.0;0.18836105431594383;0.3699559136561956;0.24017347926960322;0.0;0.0;0.43742661586175885;0.0;0.0;0.5053647314754435;0.2506562838061719;0.33034639079185335;0.0;0.0;0.19541130313473565;0.25155784442213985;0.0;0.2515556058548569;0.0;0.0;0.4608348209862129;0.21751521872006058;0.36544380549533484;0.34138006807479254;0.0;0.0;0.0;0.4608467640694563;0.5053739599148207;0.0;0.0;0.0;0.0;0.4187746486793321;0.0;0.0;0.46229682754624196;0.19432353081466433;0.24912458235757648;0.39250159655533107;0.2782046140970994;0.0;0.33991970425772006;0.27820709597859167;0.29313181237854374;0.33733454242512095;0.2766626949860789;0.2873923658557707;0.0;0.3148237944282028;0.0;0.47926786417015316;0.4704782643722193;0.23402077551602604;0.39258821016372186;0.0;0.0;0.0;0.16790091163122778;0.25150500149311605;0.36976307757639715;0.4820958577862621;0.0;0.0;0.0;0.0;0.3697601306925932;0.5053660004734487;0.0;0.0;0.8209337730416979;0.0;0.36995374138760684;0.3649810320675185;0.0;0.0;0.2613215820292161;0.36217615780175133;0.3927947493651126;0.0;0.0;0.3399910292612669;0.0;0.339576545405857;0.25747116841843504;0.5621864094825084;0.5279443271724803;0.5083805814907572;0.3068808243686832;0.0;0.0;0.320947598519111;0.5372236842544927;0.0;0.0;0.0;0.0;0.48042860844039315;0.3703221547144115;0.0;0.22884896845949365;0.0;0.0;0.0;0.0;0.3033684227360421;0.33593328107980186;0.4246185399696157;0.3359297589894526;0.31000319929257997;0.0;0.0;0.3699559136561956;0.0;0.3699542868456339
GO:0042535;0.19850972090568195;0.6248387828368933;0.0;0.0;0.2517919729247279;0.21042872688584024;0.30359821035845597;0.26126139630476164;0.4592096907068917;0.32766901935001896;0.7196863971133954;0.2192583783134224;1.0;0.38781176176814464;0.37424659765050255;0.3743931008470227;0.19331934474913076;0.37424659765050255;0.3899458889618325;0.28142451578889244;0.22947059098686876;0.0;0.2623501241326397;0.38994722557373723;0.0;0.233747489319712;0.0;0.3333119976238538;0.5357549493832294;0.16418741235876727;0.21478764372833767;0.4321932520523868;0.0;0.21911438109616233;0.0;0.8594298597001087;0.2623499406641807;0.23982432235312026;0.12670637892776998;0.5152826107456572;0.0;0.0;0.22837890114016018;0.0;0.2612613798956358;0.1904326765758275;0.0;0.18774956417054023;0.5526379691529238;0.14197849993051906;0.3186783319530236;0.20191930137808542;0.26126140791347335;0.20191930137808542;0.233747489319712;0.3585108210546634;0.11924306402763321;0.22408043658167923;0.6084434243303526;0.1875594585400126;0.0;0.1948639438500475;0.30527754884563457;0.0;0.22863154158265334;0.0;0.21921605694589036;0.2320502378908834;0.2623499406641807;0.20023589621626564;0.21938025224437138;0.0;0.16675770805001225;0.26289125835301574;0.0;0.12980204480593505;0.2623501241326397;0.53575495376629;0.0;0.0;0.15439345836947438;0.0;0.0;0.2286312818528511;0.12534863503680002;0.14759706733715905;0.0;0.0;0.13311153326482203;0.3409426534362824;0.0;0.5515990423462925;0.0;0.0;0.21905513717771813;0.17591051173336533;0.19487537690275727;0.4079188844361051;0.0;0.0;0.0;0.21905783570532114;0.22863317065019567;0.0;0.0;0.0;0.0;0.2090735870913763;0.0;0.0;0.30528487849157343;0.28800832795757647;0.12401330566611495;0.2815278778363634;0.5866670526963379;0.0;0.5354342685094419;0.36261807289350567;0.306121913401311;0.16786573441338004;0.42597993212478236;0.2118193117647709;0.0;0.19331934474913076;0.0;0.22313451221409739;0.2814030410967698;0.20868401563726385;0.281559896349193;0.0;0.0;0.0;0.3696537562502044;0.2798771840082865;0.26245679742285033;0.22374557793774363;0.0;0.0;0.0;0.0;0.3901241226150626;0.22863154158265334;0.0;0.0;0.21881492928017443;0.0;0.3899456161155541;0.27099540259989124;0.0;0.0;0.1269632058000604;0.24380823136300606;0.28163622021724305;0.0;0.0;0.6248388485864518;0.0;0.22466540204142027;0.6817678758800418;0.19174179492980933;0.2762004004630282;0.16928330353945617;0.282839897752399;0.0;0.0;0.2525103482525278;0.17486517685716274;0.0;0.0;0.0;0.0;0.16362327643454222;0.21291274855875406;0.0;0.8594298597001087;0.0;0.0;0.0;0.0;0.42434392039230834;0.28169377947035223;0.2105200772528074;0.4557416246732457;0.17790875155410207;0.0;0.0;0.2623501241326397;0.0;0.3899458889618325
GO:0000187;0.11204941537824419;0.2918761666154616;0.0;0.0;0.11675862342164559;0.14583482161771397;0.1504482586598527;0.4465428635515921;0.31943485782846814;0.1848201016612828;0.28813424399982257;0.26786682992015465;0.38781176176814464;1.0;0.1458912528406099;0.2030029905792023;0.19147858764530984;0.1458912528406099;0.15007797786200452;0.19740107080809885;0.13637020557023813;0.0;0.12010795136773286;0.15007832977918925;0.0;0.15666636965427785;0.0;0.11675862342164559;0.6677104770771896;0.21786663887035482;0.14791518041998683;0.31859762607067593;0.0;0.14995434443392638;0.0;0.39616884390538654;0.12010789390653107;0.1759842026787264;0.13920133628386744;0.2524656502265719;0.0;0.0;0.16304732018060647;0.0;0.44654284344950657;0.18933545652423714;0.0;0.2658655996226967;0.31470895822139255;0.21596377063029196;0.2150274146124496;0.16999278782234672;0.44654287777290486;0.16999278782234672;0.15666636965427785;0.2596415829797693;0.08371611084271244;0.1522637073930835;0.34298024001682303;0.18718609154796373;0.0;0.1381853774439279;0.2088416453496443;0.0;0.15435148376159527;0.0;0.15000195798214316;0.2200993815801059;0.12010789390653107;0.1235133505085724;0.1500788191813565;0.0;0.14808165665542933;0.14996226212561836;0.0;0.1418724770185337;0.12010795136773286;0.667710481212623;0.0;0.0;0.20805819265806907;0.0;0.0;0.15435136538352034;0.1177928065290499;0.13285361918604993;0.0;0.0;0.14469804402583647;0.3908611238951478;0.0;0.6825527937869834;0.0;0.0;0.14992659480498874;0.1780417692999037;0.13819112675750747;0.31781879013539316;0.0;0.0;0.0;0.14992785888814925;0.15435222624613232;0.0;0.0;0.0;0.0;0.1451826590294337;0.0;0.0;0.20884507558708393;0.2873504489748172;0.08603963158775892;0.19744679762520465;0.5273660538680276;0.0;0.14589290983093034;0.3150762817282796;0.17590007998380652;0.17620313528042758;0.2699594260777122;0.20556665526219922;0.0;0.19147858764530984;0.0;0.1518263572271316;0.2529342164368414;0.15861577382846745;0.1974625462914879;0.0;0.0;0.0;0.30284102505302835;0.16417481356777489;0.17956202004450847;0.15210902015681269;0.0;0.0;0.0;0.0;0.2669070106652279;0.15435148376159527;0.0;0.0;0.2987866870799673;0.0;0.1500779060240843;0.1922075649264691;0.0;0.0;0.20654085021582827;0.2282470673360543;0.19750008273165237;0.0;0.0;0.29187618864084236;0.0;0.13432194380899276;0.3739361762291225;0.1592679982440491;0.303672063063607;0.22285214280435775;0.21204699798105084;0.0;0.0;0.18272038564599916;0.22822338619119983;0.0;0.0;0.0;0.0;0.24273001136026998;0.20560749452989793;0.0;0.39616884390538654;0.0;0.0;0.0;0.0;0.7787776243019124;0.45611641902947553;0.14587869133557382;0.8240430016032697;0.12943762386668936;0.0;0.0;0.12010795136773286;0.0;0.15007797786200452
GO:0032727;0.3532105793201976;0.38207215070670325;0.0;0.0;0.4702439168049556;0.3927978982156907;0.35995557028425024;0.3205224219220419;0.2629343085427776;0.5523066606927743;0.37062909506216835;0.3399084649210211;0.37424659765050255;0.1458912528406099;1.0;0.3929723662116632;0.25003647115501987;0.8496234683438779;0.7557512869589338;0.508168199159598;0.3309345362168533;0.0;0.508459859958118;0.7557563075612251;0.0;0.38629178961071287;0.0;0.4702439168049556;0.22975942926275025;0.20603856011722702;0.4082637645921922;0.27048300835122624;0.0;0.3394763051902914;0.0;0.3899388080384757;0.508459170811027;0.2780864817837827;0.17587371189216677;0.3657225747124374;0.0;0.0;0.328220003053607;0.0;0.32052238755435775;0.24429052156115846;0.0;0.2565171039624488;0.26344003941020955;0.16545582993940391;0.4629069720370778;0.2914314213882786;0.32052244623562026;0.2914314213882786;0.38629178961071287;0.24096368833528517;0.2147892766819907;0.35469389060011597;0.2070674070996731;0.23866382985188597;0.0;0.27356828725502697;0.4251803291723359;0.0;0.36923087472065536;0.0;0.33978139623472486;0.2638248852924008;0.508459170811027;0.2641968583506037;0.34027464481073655;0.0;0.21114155778690002;0.4242483525960554;0.0;0.18189509104633778;0.508459859958118;0.2297594320953067;0.0;0.0;0.1873984046104399;0.0;0.0;0.36923002829105694;0.19154019259880126;0.2488621214531146;0.0;0.0;0.1884611764512201;0.19219790019644947;0.0;0.24015452774821813;0.0;0.0;0.33929865859440406;0.1753098489972104;0.27359644486447066;0.25667109854532616;0.0;0.0;0.0;0.3393067483443853;0.36923618370934136;0.0;0.0;0.0;0.0;0.3105992012831549;0.0;0.0;0.42520011471071945;0.15001606584903074;0.23077927302121748;0.36543273342792365;0.2643266298740484;0.0;0.6989490538673866;0.2115430540154648;0.49372947745163326;0.31247765458884325;0.21042699459318898;0.22919246901428925;0.0;0.25003647115501987;0.0;0.35174463277158047;0.36514014459120453;0.22412246777534334;0.36550781123178067;0.0;0.0;0.0;0.18974528949884353;0.3341325770869128;0.34010747883157183;0.3536470689105621;0.0;0.0;0.0;0.0;0.4249705435746288;0.36923087472065536;0.0;0.0;0.33857930028322114;0.0;0.7557502620934946;0.3414612718124708;0.0;0.0;0.24120846082535444;0.285617095929545;0.36568683288044185;0.0;0.0;0.3820722192512318;0.0;0.3191252865533538;0.2455402876347364;0.4067630110454227;0.35312959352550094;0.2162457964835339;0.33957395105052246;0.0;0.0;0.3026181163356305;0.22785534254123976;0.0;0.0;0.0;0.0;0.20493066131949292;0.29168751231000944;0.0;0.3899388080384757;0.0;0.0;0.0;0.0;0.16462614682967058;0.14540845818723863;0.31461197065913404;0.1816900323455745;0.2343838831898838;0.0;0.0;0.508459859958118;0.0;0.7557512869589338
