;GO:0016525;GO:0045408;GO:0007252;GO:0015031;GO:0032691;GO:0051928;GO:0050718;GO:1901224;GO:0051092;GO:1900017;GO:0042534;GO:0060765;GO:0042535;GO:0000187;GO:0032727;GO:0032967;GO:0002755;GO:0032728;GO:0032729;GO:0014739;GO:2001204;GO:0018158;GO:0032689;GO:0032722;GO:0019886;GO:0035556;GO:0050830;GO:0032720;GO:0033138;GO:1902042;GO:2000010;GO:0002092;GO:0051260;GO:0008631;GO:0042542;GO:0045416;GO:0032715;GO:2000406;GO:0001798;GO:0051770;GO:0031623;GO:0050965;GO:0010543;GO:0071404;GO:0051897;GO:0035666;GO:0051017;GO:0051898;GO:0045429;GO:1902176;GO:0008284;GO:0038095;GO:0043123;GO:0038094;GO:0097190;GO:0043488;GO:0042311;GO:0043523;GO:0045944;GO:0002223;GO:0043403;GO:0043524;GO:0048661;GO:0007628;GO:0007229;GO:0001885;GO:0031338;GO:0071673;GO:0032707;GO:0045671;GO:0048662;GO:0051384;GO:0071672;GO:0033599;GO:0071315;GO:0001805;GO:0032700;GO:0050731;GO:0016579;GO:0033194;GO:0090201;GO:1904646;GO:0043534;GO:0007249;GO:0045953;GO:0002862;GO:0001774;GO:0071260;GO:0001812;GO:0001933;GO:0016064;GO:0001934;GO:0030593;GO:0032497;GO:0016601;GO:0043306;GO:0034392;GO:0061136;GO:0032494;GO:0032495;GO:0002281;GO:0007179;GO:0007212;GO:0006641;GO:0006366;GO:0045444;GO:0006886;GO:0042699;GO:0060326;GO:0002554;GO:1902905;GO:0043154;GO:0060729;GO:0043032;GO:0031398;GO:0051607;GO:0032760;GO:0031397;GO:0032765;GO:0034260;GO:0032088;GO:0090026;GO:0002292;GO:0034142;GO:0043312;GO:0045454;GO:1903974;GO:0042102;GO:1900227;GO:0042742;GO:0006898;GO:0042744;GO:0048298;GO:2000727;GO:0010629;GO:0033209;GO:0043161;GO:0031668;GO:0097178;GO:0042590;GO:0010628;GO:0031663;GO:0071447;GO:0032870;GO:0010469;GO:0016046;GO:0032755;GO:0050766;GO:0072659;GO:0016567;GO:0090630;GO:1903223;GO:1904037;GO:0048741;GO:0043330;GO:0045076;GO:0009609;GO:0060071;GO:2000573;GO:0050776;GO:0032226;GO:0034128;GO:0010572;GO:0140052;GO:0050829;GO:1900087;GO:0034122;GO:0006195;GO:0030041;GO:0009620;GO:0002031;GO:0002032;GO:0002431;GO:0030316;GO:0045084;GO:0071222;GO:0019372;GO:0045087;GO:0006749;GO:0046330;GO:0070373;GO:0043066;GO:0070374;GO:0033026;GO:0034599;GO:0050702;GO:0032695;GO:0071346;GO:0032733
GO:0016525;1.0;0.30178460661586193;0.0;0.0;0.4684477675530129;0.08003033272062951;0.31595883064149066;0.07641221491937646;0.08208621150536907;0.3033815062844758;0.30771724962228814;0.07023588590374683;0.2943390680951828;0.08265138427132582;0.31029991558277675;0.07000144928445662;0.07169544206701436;0.32077662704573284;0.3417887278727742;0.2471892395465029;0.36172288879919573;0.0;0.486245436965874;0.336417664374589;0.0;0.10833318547641663;0.0;0.5044445114007744;0.0795168067566958;0.21991033887308514;0.0674400168447299;0.0697590976386423;0.0;0.06777691012300328;0.0;0.29212430475869594;0.4938198132684508;0.07023588590374683;0.05761672934141255;0.06708503495453623;0.0;0.0;0.32077662704573284;0.0;0.08259623759256089;0.0697590976386423;0.0;0.2224512969662845;0.07241762128800028;0.20911475434073998;0.10055224791007761;0.0807860448504325;0.08374716568965385;0.0818511324502106;0.08808536360505792;0.0807860448504325;0.06084982109330038;0.08474106923222799;0.10398160113830308;0.07608841177022332;0.0;0.24897512414872663;0.07741264248125142;0.0;0.0783125803978541;0.0;0.07682606957175533;0.05930098439524709;0.392891702578331;0.5117602412642603;0.22430644171669306;0.0;0.18433671908620383;0.37386531295097924;0.0;0.05761672934141255;0.449280041836856;0.08399221716414468;0.0;0.0;0.2063143917815408;0.0;0.0;0.07619769492027631;0.19917014307129402;0.19917014307129402;0.0;0.0;0.05761672934141255;0.2803423969973548;0.0;0.10159791087425717;0.0;0.0;0.06897794064677816;0.06631111148059168;0.1900087023719055;0.08399221716414468;0.0;0.0;0.0;0.07873145462272614;0.07241762128800028;0.0;0.0;0.0;0.0;0.06156842808176668;0.0;0.0;0.08441976226111697;0.2391571324533695;0.052822937275244196;0.06950821043342972;0.07981360403827337;0.0;0.3432637480534725;0.2326004478097469;0.2667677561736575;0.22430644171669306;0.23593228617788842;0.06809763884653094;0.0;0.06777691012300328;0.0;0.07641221491937646;0.05930098439524709;0.07905349542885827;0.06242028310310705;0.0;0.0;0.0;0.3380190564986405;0.37386531295097924;0.33200877052892;0.07769211374643104;0.0;0.0;0.0;0.0;0.11056757189315938;0.07130685517486617;0.0;0.0;0.0949494834133734;0.0;0.34950095800070935;0.07465448173072858;0.0;0.0;0.06867627435528027;0.060556964223340115;0.07110473357168552;0.0;0.0;0.30633984412017884;0.0;0.5228527885561409;0.07608841177022332;0.10232249491821296;0.06315912437342337;0.19225775130364012;0.2769679386945978;0.0;0.0;0.07089696035048804;0.22044081772368782;0.0;0.0;0.0;0.0;0.17538658001584995;0.08173152531778681;0.0;0.2769679386945978;0.0;0.0;0.0;0.0;0.0814261716380233;0.23127786016011417;0.30662801062900874;0.08637892162271908;0.16726531250088952;0.0;0.0;0.4598772499394992;0.0;0.31986737524992215
GO:0045408;0.30178460661586193;1.0;0.0;0.0;0.48312699321941643;0.06767217443312186;0.492455463443489;0.07393806823191643;0.24018358949835836;0.47546673747796325;0.749942979183514;0.06878723786738072;0.7215742851683449;0.31250923436843697;0.48483490307526855;0.2016471838864619;0.07001571277956971;0.49891368072913184;0.5267657195845176;0.21964851287019974;0.25765414018068306;0.0;0.49891368072913184;0.5196944981979404;0.0;0.09870344222603673;0.0;0.5148900521601903;0.3024774594561193;0.07047506265307596;0.058445860602438025;0.1513281951521992;0.0;0.0667015471606305;0.0;0.7168454841026364;0.7591107582033545;0.06878723786738072;0.05092186334953819;0.20211739112005167;0.0;0.0;0.27588650906385526;0.0;0.07897292413200045;0.0683844064831006;0.0;0.07117298650018124;0.20997579702145222;0.06748421709113606;0.0929371957417515;0.07751153632691903;0.07989680968003428;0.07837262471596454;0.08334289660097134;0.17676920091839696;0.0524938275779184;0.08069137469807347;0.2919634411540625;0.0736711011413855;0.0;0.07832451110526596;0.07476077595485593;0.0;0.07549812272771197;0.0;0.07427879172159742;0.05935430562821362;0.414257776060425;0.2730737354285194;0.07168110081997063;0.0;0.06045879382841809;0.2651399398495907;0.0;0.05092186334953819;0.46594223062531637;0.31676360742764975;0.0;0.0;0.0667015471606305;0.0;0.0;0.07376123976623118;0.05693015079675134;0.05693015079675134;0.0;0.0;0.05092186334953819;0.3420186223124806;0.0;0.37066473128258043;0.0;0.0;0.06772278161164935;0.06544859303304613;0.06208715716471687;0.31676360742764975;0.0;0.0;0.0;0.07584044373612775;0.07062095749906758;0.0;0.0;0.0;0.0;0.06134422349101479;0.0;0.0;0.08043484000424987;0.299411029174612;0.046409900473175794;0.06817213179273887;0.30343252057148346;0.0;0.5287018995082637;0.29242119664421745;0.42492405556189866;0.06308082624997637;0.22879784769483685;0.06697473644713542;0.0;0.0667015471606305;0.0;0.07393806823191643;0.05935430562821362;0.07610325158856145;0.06208715716471687;0.0;0.0;0.0;0.24284983546543204;0.2651399398495907;0.21940619420154547;0.07499003071932547;0.0;0.0;0.0;0.0;0.22181322909319476;0.06968933554240778;0.0;0.0;0.08868091361387338;0.0;0.806074302770415;0.07248481229844167;0.0;0.0;0.05821729516510389;0.06045879382841809;0.06951937510977287;0.0;0.0;0.7470375527628483;0.0;0.2869532571880647;0.22523031077173178;0.08295394291180895;0.06272948316682497;0.06272948316682497;0.24284983546543204;0.0;0.0;0.0693445216752181;0.07062095749906758;0.0;0.0;0.0;0.0;0.05786441677593565;0.0782761021027167;0.0;0.6842346983931277;0.0;0.0;0.0;0.0;0.30860252055066173;0.2910041387746289;0.09307169330174879;0.32428265402946493;0.05548353548255347;0.0;0.0;0.47546673747796325;0.0;0.49769691514564307
GO:0007252;0.0;0.0;1.0;0.0;0.0;0.0;0.0;0.0;0.0;0.0;0.0;0.0;0.0;0.0;0.0;0.0;0.021154061359467343;0.0;0.0;0.0;0.0;0.24177568043162953;0.0;0.0;0.0;0.02962203158350366;0.0;0.0;0.0;0.0;0.0;0.0;0.025299165406509058;0.020168437609475898;0.0;0.0;0.0;0.0;0.0;0.0;0.15956014755382886;0.0;0.0;0.020082913816025467;0.0;0.020669107130772676;0.022041628613433593;0.0;0.0;0.0;0.0;0.02337765010816656;0.0;0.023632586280905695;0.025102089884096453;0.0;0.0;0.0;0.0;0.022239386255313888;0.0;0.0;0.0;0.0;0.0227811515667553;0.020901046312813445;0.0;0.0;0.0;0.0;0.0;0.0;0.0;0.0;0.018307684229438067;0.0;0.0;0.0;0.30749976602750034;0.0;0.0;0.020788895273728073;0.020669107130772676;0.022266125884216358;0.0;0.0;0.020249741408514595;0.02258546390480828;0.0;0.0;0.0;0.0;0.02265271414862603;0.0;0.020472313539169208;0.0;0.0;0.0;0.0;0.0;0.01957001359577429;0.022882608116611785;0.021333893842622458;0.10589419319122781;0.19562134681434531;0.02303568721655709;0.0;0.018571933505860526;0.024433280630625713;0.01797790430867298;0.0;0.0;0.0;0.0;0.0;0.0;0.0;0.0;0.0;0.0;0.0;0.0;0.020540446236642355;0.020168437609475898;0.026352129467078544;0.02231857877471457;0.0;0.0;0.0;0.0;0.0;0.09777056620692055;0.0;0.0;0.0;0.022630534039172655;0.2539381605686103;0.024694487068596137;0.01957001359577429;0.0;0.0;0.021057065768047428;0.019154254597201287;0.025530273575389867;0.0;0.0;0.0;0.0;0.0;0.3328972779968773;0.0;0.0;0.0;0.02073002640556365;0.0;0.0;0.0;0.021887368178553204;0.0;0.0;0.0;0.0;0.0;0.018571933505860526;0.0;0.0;0.0;0.32972943134457217;0.02095457486752342;0.0;0.14111018998018024;0.0;0.02360401465369252;0.021006549578978136;0.0;0.023770427279244093;0.09387679478400267;0.0;0.18596147930736978;0.0;0.0;0.0;0.0;0.0;0.024307875081430518;0.019154254597201287;0.0;0.022862694272932867;0.0
GO:0015031;0.0;0.0;0.0;1.0;0.0;0.0;0.0;0.0;0.0;0.0;0.0;0.0;0.0;0.0;0.0;0.0;0.0;0.0;0.0;0.0;0.0;0.0;0.0;0.0;0.0;0.0;0.0;0.0;0.0;0.0;0.0;0.0;0.0;0.0;0.0;0.0;0.0;0.0;0.0;0.0;0.3478967101982347;0.0;0.0;0.0;0.0;0.0;0.0;0.0;0.0;0.0;0.0;0.0;0.0;0.0;0.0;0.0;0.0;0.0;0.0;0.0;0.0;0.0;0.0;0.0;0.0;0.0;0.0;0.0;0.0;0.0;0.0;0.0;0.0;0.0;0.0;0.0;0.0;0.0;0.0;0.0;0.0;0.0;0.0;0.0;0.0;0.0;0.0;0.0;0.0;0.0;0.0;0.0;0.0;0.0;0.0;0.0;0.0;0.0;0.0;0.0;0.0;0.0;0.0;0.0;0.0;0.0;0.9173363134244212;0.0;0.0;0.41197745190474244;0.0;0.0;0.0;0.0;0.0;0.0;0.0;0.0;0.0;0.0;0.0;0.0;0.0;0.0;0.46491548921239084;0.0;0.0;0.0;0.0;0.0;0.42533072392108956;0.0;0.0;0.0;0.0;0.0;0.0;0.0;0.0;0.0;0.0;0.0;0.0;0.0;0.0;0.0;0.0;0.0;0.6167267943508787;0.0;0.0;0.0;0.0;0.0;0.0;0.0;0.0;0.0;0.0;0.0;0.0;0.0;0.0;0.0;0.0;0.0;0.0;0.0;0.0;0.0;0.2886292797309956;0.0;0.0;0.0;0.0;0.0;0.0;0.0;0.0;0.0;0.0;0.0;0.0;0.0;0.0;0.5018993811922026;0.0;0.0;0.0
GO:0032691;0.4684477675530129;0.48312699321941643;0.0;0.0;1.0;0.06931268688871685;0.8596231197464491;0.06658222372415111;0.0708495041138385;0.48538875838872453;0.4915158576889022;0.06184350469779602;0.47254516281891984;0.07127013901378226;0.4951560085050076;0.06166167335192946;0.06297229644114179;0.5098496639264115;0.5389717311113639;0.22346463533499347;0.2629209489446587;0.0;0.6559985741164925;0.5315713117207127;0.0;0.0895825147332498;0.0;0.677480702168886;0.06892716238488775;0.19297453519970428;0.0596655064900154;0.06147355044080701;0.0;0.059929050797917896;0.0;0.469385868355868;0.6649629547724429;0.06184350469779602;0.051845220418893806;0.059387483231223386;0.0;0.0;0.2819338281573489;0.0;0.07122913048261444;0.06147355044080701;0.0;0.1949283887532931;0.06352875013345113;0.1846113034633274;0.0841950033439387;0.06987882678848972;0.0720834314637878;0.07067431083977146;0.07527436720143676;0.06987882678848972;0.05362246177079258;0.07281855049065034;0.08658610736594938;0.06633623856908917;0.0;0.2149988075123463;0.06734053201808415;0.0;0.06802049529257032;0.0;0.06689622858267552;0.05320496790851525;0.5426700649415624;0.4229143612789943;0.19635140619250016;0.0;0.16502798757189993;0.27072054902210446;0.0;0.051845220418893806;0.6117597478114314;0.07226490405465189;0.0;0.0;0.18242533693227647;0.0;0.0;0.0664192882392607;0.17681727681486423;0.17681727681486423;0.0;0.0;0.051845220418893806;0.2379938260323713;0.0;0.0849268948864302;0.0;0.0;0.06086612746677066;0.05878017127718541;0.1695593515469526;0.07226490405465189;0.0;0.0;0.0;0.06833628281719302;0.06352875013345113;0.0;0.0;0.0;0.0;0.05502304956006848;0.0;0.0;0.0725811683355257;0.20763798702716596;0.047289889281872693;0.06127863827158927;0.06915006082621229;0.0;0.5409988520896997;0.2026777403422594;0.4328312090595895;0.19635140619250016;0.20520282175292462;0.06017966820016245;0.0;0.059929050797917896;0.0;0.06658222372415111;0.05320496790851525;0.06857876653004479;0.05570241043814931;0.0;0.0;0.0;0.24752330199341302;0.27072054902210446;0.2742211523538647;0.06755191134767777;0.0;0.0;0.0;0.0;0.09110493354595765;0.06267231761385626;0.0;0.0;0.0802308913692331;0.0;0.5495459655793167;0.065243684644765;0.0;0.0;0.059608720931962775;0.05421379955540991;0.0625161284975159;0.0;0.0;0.4895715488950125;0.0;0.2935012215173388;0.06633623856908917;0.08543260514413778;0.056290027998268925;0.17134807220854978;0.24752330199341302;0.0;0.0;0.062355460267896456;0.1933829001740817;0.0;0.0;0.0;0.0;0.15781798105124395;0.07058512056026428;0.0;0.4476216038355799;0.0;0.0;0.0;0.0;0.07035725871585408;0.20167281621677194;0.2566732654653865;0.0740246734129302;0.15121160666531855;0.0;0.0;0.6245259258249426;0.0;0.5085790396459159
GO:0051928;0.08003033272062951;0.06767217443312186;0.0;0.0;0.06931268688871685;1.0;0.511142644705384;0.2112053124951318;0.22705666761224932;0.18618772100254713;0.06901438444309059;0.07087973883069369;0.1805909415275881;0.22863686971793928;0.19047182426280848;0.1933239047989108;0.19804601226409102;0.19696261818929398;0.20999246167787783;0.15145523471168135;0.06645220834796725;0.0;0.0719705857461678;0.20666029157047475;0.0;0.10987260300771887;0.0;0.07469030377360598;0.21987564981407853;0.07292471456172996;0.3181861540916526;0.5076412213205248;0.0;0.06837627697015922;0.0;0.17922057039186268;0.07310229040795342;0.33149815930885035;0.15886408056722612;0.18519911317548224;0.0;0.0;0.0719705857461678;0.0;0.22848267136763611;0.19264850563395342;0.0;0.07377536429688175;0.20005976559877153;0.06931268688871685;0.2788081280218485;0.08163902645341624;0.2317012992956455;0.08272687573647576;0.0891004172385987;0.08163902645341624;0.061403810780167795;0.08568009908802596;0.28844655017768484;0.21030141740563155;0.0;0.08266596602716399;0.21399848483198264;0.0;0.07911387029331678;0.0;0.4342846119730358;0.279488908829748;0.05804929401101521;0.07111100305318602;0.07439653785385728;0.0;0.2854551403154161;0.06870271699230825;0.0;0.15886408056722612;0.06645220834796725;0.2323867230734942;0.0;0.0;0.06837627697015922;0.0;0.0;0.07695608086737109;0.0659883381002849;0.0659883381002849;0.0;0.0;0.15886408056722612;0.09320622943535246;0.0;0.2817461142707889;0.0;0.0;0.06959883497873096;0.48233296800660846;0.06292829891176246;0.0849146337157137;0.0;0.0;0.0;0.07954138356300842;0.07310229040795342;0.0;0.0;0.0;0.0;0.06206261774415747;0.0;0.0;0.23358269771276782;0.07937268392132674;0.053239909285381914;0.1919493640998813;0.22070489775331842;0.0;0.21090773575483493;0.07717489842853484;0.16354389501659533;0.07439653785385728;0.07829156835498388;0.3213164241034798;0.0;0.18712603759510166;0.0;0.07717489842853484;0.16354389501659533;0.2185812922566669;0.17221650182997436;0.0;0.0;0.0;0.169847383564215;0.18801940925211458;0.11062967174968162;0.07848069285408946;0.0;0.0;0.0;0.0;0.30698117715029183;0.0719705857461678;0.0;0.0;0.09612995859949512;0.0;0.21477889309347947;0.5436125412314343;0.0;0.0;0.06938276329769405;0.1670350558638087;0.1963991394227144;0.0;0.0;0.06870271699230825;0.0;0.0753823132283995;0.21030141740563155;0.10369474533490353;0.17427174054682268;0.06367928778294826;0.169847383564215;0.0;0.0;0.19581993594987745;0.07310229040795342;0.0;0.0;0.0;0.0;0.05804929401101521;0.2260650974168772;0.0;0.169847383564215;0.0;0.0;0.0;0.0;0.22521151614734713;0.07673171999933363;0.10206083738476457;0.2390647775237632;0.055342084994255664;0.0;0.0;0.068033413967005;0.0;0.1963991394227144
GO:0050718;0.31595883064149066;0.492455463443489;0.0;0.0;0.8596231197464491;0.511142644705384;1.0;0.20628975732148072;0.19837763937289682;0.5636022624883619;0.5011743318121397;0.07168923979923034;0.5484075787990459;0.22115205230562437;0.5751679063944464;0.17213570867101213;0.17586946191102368;0.5925840569436075;0.6271625495305553;0.29931613737798335;0.26791554324079864;0.0;0.5202497316862517;0.618367915391269;0.0;0.10479024166488411;0.0;0.5376456034830372;0.2137183341777067;0.07352438050185192;0.43796975044988257;0.4521771539708547;0.0;0.06942674844363503;0.0;0.5446723479173938;0.5275061124324388;0.29505684528847625;0.1442711455739045;0.16566445996527387;0.0;0.0;0.2876847997163902;0.0;0.22102184404976882;0.1716000382468884;0.0;0.07428433217371856;0.19663359983032058;0.07027508608932823;0.2623648477564228;0.08121616491854916;0.2237350984198138;0.08216203317862464;0.08764136329707237;0.08121616491854916;0.05469492869258163;0.08471408336958582;0.27002753352343406;0.1854673870721011;0.0;0.08210915595657095;0.20869077449866194;0.0;0.07900843255739029;0.0;0.3825585401898417;0.25313066061894146;0.42886153052992115;0.28462763827957854;0.0748380150109582;0.0;0.2580147882537682;0.2760188556528467;0.0;0.1442711455739045;0.4844989711761292;0.22431164909922863;0.0;0.0;0.06942674844363503;0.0;0.0;0.07710831336845987;0.059183271437901926;0.059183271437901926;0.0;0.0;0.1442711455739045;0.09111567959530464;0.0;0.26470903860465167;0.0;0.0;0.07053382854642229;0.5659312117828897;0.06444168885358036;0.08405479733434908;0.0;0.0;0.0;0.0793834053052134;0.07368318787380325;0.0;0.0;0.0;0.0;0.06364170119200789;0.0;0.0;0.2253166053870964;0.07923549713232435;0.04812204084235155;0.1895302320571033;0.21442504989441755;0.0;0.6295724832275262;0.07730157490010064;0.5015222672482907;0.06585897492919264;0.07828580772818698;0.2869632818153822;0.0;0.167204631914924;0.0;0.07730157490010064;0.16412787848557078;0.21261392557578476;0.17197140384489312;0.0;0.0;0.0;0.332116807328141;0.36385109400175575;0.09275026832464327;0.07845216839979591;0.0;0.0;0.0;0.0;0.2567900070683014;0.07266960101062991;0.0;0.0;0.09356376729040032;0.0;0.6397379864459939;0.4804982774339945;0.0;0.0;0.06093697386508258;0.16729470744653813;0.19343557175727277;0.0;0.0;0.49915301654903;0.0;0.2997390049117211;0.20551115407928366;0.08782589206981804;0.17381873827952074;0.06513392807581843;0.332116807328141;0.0;0.0;0.19292834843306395;0.07368318787380325;0.0;0.0;0.0;0.0;0.05990430059695317;0.19762031837029406;0.0;0.5189660732778248;0.0;0.0;0.0;0.0;0.21825434461170193;0.07691002096523163;0.09846474031834439;0.22990610080477442;0.0573562907887846;0.0;0.0;0.4948056269850641;0.0;0.5910771979100775
GO:1901224;0.07641221491937646;0.07393806823191643;0.0;0.0;0.06658222372415111;0.2112053124951318;0.20628975732148072;1.0;0.21643253865174567;0.3275414351434783;0.07534702490600065;0.28896498131327597;0.19258864958034677;0.5529140145142296;0.18293873800061086;0.18556812519697505;0.34754603096570724;0.1889182090819408;0.2008731488743468;0.2683772686839803;0.07265556665158078;0.0;0.06903114048106884;0.1978220034674047;0.0;0.11723156834451996;0.0;0.07152938031046907;0.23258217683176308;0.2969571784727746;0.17898328430716842;0.20493313526909532;0.0;0.07467745322682168;0.0;0.1911817481961249;0.07007162183391705;0.20628975732148072;0.2810697526319759;0.17806951586181521;0.0;0.0;0.24490241084092823;0.0;0.5525586682539163;0.33845280233376995;0.0;0.3910123924911889;0.21249014136118202;0.368291770583818;0.29137647477328854;0.27628639958101725;0.5599712366780989;0.2797961605128307;0.09617798584375765;0.08849501111723637;0.05894867121556768;0.09266410736145075;0.30085811640695365;0.3681174542000389;0.0;0.08955628602834452;0.22664027166281067;0.0;0.08588018824244972;0.0;0.08430594505401715;0.28906675202748433;0.05612179661643282;0.07754360902180554;0.08097529712169667;0.0;0.2089875531632489;0.07502005025565787;0.0;0.2810697526319759;0.06393837599610432;0.24518318790192137;0.0;0.0;0.27915561751618945;0.0;0.0;0.08363985585358003;0.22531083852072933;0.22531083852072933;0.0;0.0;0.2810697526319759;0.10037830858371054;0.0;0.2942706174256961;0.0;0.0;0.07595986784760142;0.32222167547737085;0.06894099713536478;0.09187584885423812;0.0;0.0;0.0;0.0863234069619665;0.07962500315692593;0.0;0.0;0.0;0.0;0.06802619257744044;0.0;0.0;0.24638436203535857;0.08614853542328735;0.05138434925908719;0.2042190445959033;0.23341939920847649;0.0;0.20171049561130183;0.08386729319675622;0.28906675202748433;0.07125990797913155;0.08502707511561124;0.3306378769050417;0.0;0.3291279398433849;0.0;0.08386729319675622;0.28906675202748433;0.23127479923802066;0.1839784194168699;0.0;0.0;0.0;0.29981366062924103;0.2002011987658068;0.10383335219299498;0.0852233562456071;0.0;0.0;0.0;0.0;0.2878758903385578;0.07844266530264267;0.0;0.0;0.3863662249719393;0.0;0.20524855665925368;0.2188346351713582;0.0;0.0;0.06626431775963103;0.2950223753006738;0.2087604304647536;0.0;0.0;0.07502005025565787;0.0;0.08200243269990737;0.22289507877111883;0.3466136845074233;0.35153329798472965;0.2606757541064488;0.29981366062924103;0.0;0.0;0.20816977709119755;0.2976503076301578;0.0;0.0;0.0;0.0;0.2383942256571654;0.3944249110206247;0.0;0.18153713913901426;0.0;0.0;0.0;0.0;0.5450150493187734;0.40600074947585924;0.10937123334934776;0.5768925936577554;0.0608934353577728;0.0;0.0;0.06540089651925626;0.0;0.18839975735530087
GO:0051092;0.08208621150536907;0.24018358949835836;0.0;0.0;0.0708495041138385;0.22705666761224932;0.19837763937289682;0.21643253865174567;1.0;0.19023806924246667;0.24505255069723114;0.08237041227776512;0.23408126123813242;0.4844237867574766;0.19471283348554322;0.24132859088787786;0.2026350817854544;0.20150104151582326;0.21515909099987232;0.15412455084397975;0.07711583769781888;0.0;0.07362893588477364;0.21166230033483074;0.0;0.12929819309392823;0.0;0.07647791441798034;0.22554661991943165;0.08480241166760609;0.19023806924246667;0.19698810406711748;0.0;0.07939748613900778;0.0;0.2322678266559782;0.07481382432559981;0.19837763937289682;0.16180347217199048;0.24018358949835836;0.0;0.0;0.08366731208479679;0.0;0.23461249971853823;0.19698810406711748;0.0;0.08581499025238128;0.25276956755663116;0.08050893986872731;0.28798990181602363;0.09520176824236706;0.23800742873141398;0.09650405788588502;0.10415229956123012;0.30256514833446646;0.06278699244656612;0.10004402433654473;0.41020412355443236;0.2154834485149472;0.0;0.09643111740200874;0.21936664151842158;0.0;0.09218234989641899;0.0;0.09037101984584274;0.16666071322070966;0.05912335434529117;0.08264528495070875;0.08655475849727258;0.0;0.0707068951991919;0.0797848722529315;0.0;0.16180347217199048;0.06786350520976113;0.2387307283245568;0.0;0.0;0.07939748613900778;0.0;0.0;0.08960607948730882;0.06737979430574796;0.06737979430574796;0.0;0.0;0.16180347217199048;0.248799058486661;0.0;0.2911256714931088;0.0;0.0;0.08084871067463303;0.18695738195937356;0.07294429269029833;0.2260617568671351;0.0;0.0;0.0;0.09269319846114511;0.08501374511106537;0.0;0.0;0.0;0.0;0.07192094945161553;0.0;0.0;0.2399930702703302;0.3392207290159508;0.05427663638600957;0.19625716981644592;0.22641927982322546;0.0;0.21612006077892013;0.2049468883800783;0.16666071322070966;0.3174468719520843;0.7402197918142509;0.19215072715469622;0.0;0.1912177617769477;0.0;0.08986717200297178;0.16666071322070966;0.22418484069535913;0.17567614619713603;0.0;0.0;0.0;0.21692008205559912;0.19215072715469622;0.3696050805547097;0.0914260044528687;0.0;0.0;0.0;0.0;0.3749440124435205;0.08366731208479679;0.0;0.0;0.41305881888018986;0.0;0.22018676900020653;0.21128387623069492;0.0;0.0;0.4606200082247324;0.17028768667203606;0.20091133503460615;0.0;0.0;0.24392158246588042;0.0;0.08772934312446701;0.2771562246497685;0.1071726145411161;0.17781530225420056;0.07383251359515379;0.17321156686161523;0.0;0.0;0.20030525294444917;0.08501374511106537;0.0;0.0;0.0;0.0;0.24640326699833875;0.23206418971392997;0.0;0.21987967527317911;0.0;0.0;0.0;0.0;0.23116479446635838;0.20374102009709194;0.11980199274852306;0.2457839058347041;0.06399563395993545;0.0;0.0;0.06951342036610157;0.0;0.20091133503460615
GO:1900017;0.3033815062844758;0.47546673747796325;0.0;0.0;0.48538875838872453;0.18618772100254713;0.5636022624883619;0.3275414351434783;0.19023806924246667;1.0;0.48358945410582377;0.2157825193966309;0.5298965666234953;0.3501655152290561;0.5548397575854863;0.16597371006552653;0.5800230407073947;0.5710292598895167;0.6030699629692051;0.290656612471534;0.2588172528666413;0.0;0.501326041025756;0.59493366295814;0.0;0.08745708641456765;0.0;0.5174597827712675;0.18517113434712903;0.2211030418068128;0.1606862458781101;0.16547564886506103;0.0;0.05897031475857605;0.0;0.5264084369400323;0.5080607150642662;0.16645506663500736;0.6182154936205708;0.1599493683041986;0.0;0.0;0.4630003382240353;0.0;0.34996785106310263;0.5664448852626194;0.0;0.2233034681943106;0.17091414399619323;0.37038749383960345;0.22527187552215888;0.24329751962175722;0.35408475413686746;0.2460150577671052;0.0737679575807404;0.06857876653004479;0.05274287178194906;0.07140790931718856;0.2315226765347635;0.610459778610364;0.0;0.06930196171418468;0.18098516246403545;0.0;0.06678805247624074;0.0;0.06570383248830043;0.5255494411094108;0.4159195674984232;0.2743805824390908;0.06339459702892575;0.0;0.40141760287992295;0.2663717812962061;0.0;0.6182154936205708;0.46804560578934035;0.1939654868016492;0.0;0.0;0.20920952705951923;0.0;0.0;0.065243684644765;0.4419687170839152;0.5284777110802916;0.0;0.0;0.6182154936205708;0.07656014729522763;0.0;0.22718602114005895;0.0;0.0;0.05987742191607121;0.28976281616035543;0.05487320428075188;0.07087542716475764;0.0;0.0;0.0;0.06709247474525704;0.06245241441647079;0.0;0.0;0.0;0.0;0.05421379955540991;0.0;0.0;0.19479797654352216;0.0669724088441845;0.04660445552005365;0.16495956014909885;0.1857589190187398;0.0;0.6052979679295115;0.06540089651925626;0.4859962954862102;0.06339459702892575;0.06620106686156961;0.5933376152152224;0.0;0.552440849153407;0.0;0.06540089651925626;0.2626703329068223;0.18425227237478162;0.15017204419721364;0.0;0.0;0.0;0.32148907045855524;0.3511342143875794;0.08793608741594502;0.06633623856908917;0.0;0.0;0.0;0.0;0.2433141379085703;0.061624567189669015;0.0;0.0;0.27857258192357276;0.0;0.6146888317669473;0.17544766438461393;0.0;0.0;0.058523765690085015;0.33166677633733155;0.1682352772133397;0.0;0.0;0.4817072291784516;0.0;0.2883966776436204;0.17833372778136677;0.2962245265320875;0.15173241568248774;0.4285036308193817;0.40732144135485104;0.0;0.0;0.16781010014096973;0.4826742587029684;0.0;0.0;0.0;0.0;0.181380661913685;0.3468631093767876;0.0;0.5023591604407114;0.0;0.0;0.0;0.0;0.4285787575516524;0.23089324625380672;0.08243474788604546;0.3634327046110661;0.04901441689918224;0.0;0.0;0.4776571854909997;0.0;0.5696298994352976
GO:0042534;0.30771724962228814;0.749942979183514;0.0;0.0;0.4915158576889022;0.06901438444309059;0.5011743318121397;0.07534702490600065;0.24505255069723114;0.48358945410582377;1.0;0.07000510814587257;0.961542999036262;0.3188818142323069;0.49328370220456746;0.20520686783981412;0.0712778705966669;0.5078648109712801;0.5367541501890662;0.22277454270152608;0.26196616869417644;0.0;0.5078648109712801;0.5294140883966474;0.0;0.10123045189980398;0.0;0.7915140556627613;0.3084435717039939;0.07175398724971883;0.059444330371875985;0.153991477421924;0.0;0.06784606884818341;0.0;0.7286895303080161;0.5147775219344626;0.07000510814587257;0.05167814210734427;0.20555426770371643;0.0;0.0;0.2808362552224957;0.0;0.08058239008367911;0.0695879295749403;0.0;0.07247760169938941;0.213794300181573;0.06865599171551477;0.09517422858178687;0.0790614028266923;0.08154454628153734;0.0799574699766808;0.0851374342681223;0.18030375429816228;0.05341768634804152;0.08237239215292065;0.2991896207697167;0.07506980534835488;0.0;0.07990739141320362;0.0762015674469268;0.0;0.07696775404132235;0.0;0.07570088878362088;0.06025886400317226;0.42041022877292633;0.2779221799305428;0.07300458338152635;0.0;0.06139759641738171;0.2697083901032508;0.0;0.05167814210734427;0.4737401110812179;0.32331269376934857;0.0;0.0;0.06784606884818341;0.0;0.0;0.07516340134517314;0.05787708478600666;0.05787708478600666;0.0;0.0;0.05167814210734427;0.3496662394181003;0.0;0.3796639181523689;0.0;0.0;0.06890292803816472;0.06655016501606317;0.06307762537370064;0.32331269376934857;0.0;0.0;0.0;0.0773235632694168;0.07190523098775634;0.0;0.0;0.0;0.0;0.06231094513540419;0.0;0.0;0.08210507521817155;0.3052556204159677;0.0471305522089913;0.0693681293374151;0.30943674177808606;0.0;0.8131504095495624;0.29799354667320715;0.4313998892712092;0.0642455178151917;0.23321188883335123;0.06812873366039686;0.0;0.06784606884818341;0.0;0.07534702490600065;0.06025886400317226;0.07759676896979321;0.06307762537370064;0.0;0.0;0.0;0.2466768982094119;0.2697083901032508;0.22505478217719138;0.07643975784245786;0.0;0.0;0.0;0.0;0.22758806563676245;0.07093964865873127;0.0;0.0;0.09071549498385774;0.0;0.5472407025034255;0.07383842008629447;0.0;0.0;0.05935578016573277;0.06139759641738171;0.07076354262155429;0.0;0.0;0.7599092608101122;0.0;0.2923119268370974;0.2295064866172489;0.08497987003696031;0.06374071816514117;0.06374071816514117;0.2466768982094119;0.0;0.0;0.07058238273798444;0.07190523098775634;0.0;0.0;0.0;0.0;0.05872380459802082;0.07985700664895035;0.0;0.6950175309914697;0.0;0.0;0.0;0.0;0.3148151838805645;0.2965221034745328;0.09531528379342732;0.3311497130757584;0.056273175188279186;0.0;0.0;0.48358945410582377;0.0;0.5066040483234123
GO:0060765;0.07023588590374683;0.06878723786738072;0.0;0.0;0.06184350469779602;0.07087973883069369;0.07168923979923034;0.28896498131327597;0.08237041227776512;0.2157825193966309;0.07000510814587257;1.0;0.06725216359697771;0.30978367269247353;0.06207120332118121;0.0628987769089162;0.22798678552275012;0.06395072651743533;0.06768238230010769;0.17906956420810768;0.06767585792175514;0.0;0.06395072651743533;0.06673327940732447;0.0;0.10479024166488411;0.0;0.06608908156512137;0.08008523560002484;0.2748452572311068;0.06082305747289283;0.07125181014331403;0.0;0.06942674844363503;0.0;0.06679410581653009;0.0648427035668068;0.07168923979923034;0.18702459406920793;0.06053416800930507;0.0;0.0;0.22687857958023838;0.0;0.3096012805722409;0.22245215678934663;0.0;0.27768607154755165;0.07368318787380325;0.2626989031573424;0.09831421682459249;0.2535614325580167;0.3134019321824727;0.25651448643930286;0.08764136329707237;0.08121616491854916;0.05469492869258163;0.08471408336958582;0.10118560358390433;0.2404289689546243;0.0;0.08210915595657095;0.078201291936798;0.0;0.07900843255739029;0.0;0.07767408119114742;0.19201437886807857;0.05271700259003229;0.0718973575620459;0.0748380150109582;0.0;0.19571927471838987;0.06972276648428098;0.0;0.18702459406920793;0.05955613105889897;0.08405479733434908;0.0;0.0;0.2595276886995272;0.0;0.0;0.07710831336845987;0.20996503542586134;0.20996503542586134;0.0;0.0;0.18702459406920793;0.09111567959530464;0.0;0.09919263971280257;0.0;0.0;0.07053382854642229;0.21251949306804482;0.06444168885358036;0.08405479733434908;0.0;0.0;0.0;0.0793834053052134;0.07368318787380325;0.0;0.0;0.0;0.0;0.06364170119200789;0.0;0.0;0.08443137785277431;0.07923549713232435;0.04812204084235155;0.0710213905887902;0.08035005843280983;0.0;0.06794245850191279;0.07730157490010064;0.19201437886807857;0.06585897492919264;0.07828580772818698;0.2176783965284799;0.0;0.21675421156450772;0.0;0.07730157490010064;0.19201437886807857;0.07967138798407782;0.06444168885358036;0.0;0.0;0.0;0.19869296883026266;0.06972276648428098;0.09275026832464327;0.07845216839979591;0.0;0.0;0.0;0.0;0.09383164882945687;0.07266960101062991;0.0;0.0;0.3497555166451729;0.0;0.069039503399795;0.07571451086651568;0.0;0.0;0.06093697386508258;0.19571927471838987;0.07248481229844167;0.0;0.0;0.06972276648428098;0.0;0.07571451086651568;0.07700981413783284;0.3115807236018675;0.2295468228830887;0.24348047673818649;0.19869296883026266;0.0;0.0;0.07229474390970289;0.2754389032121574;0.0;0.0;0.0;0.0;0.2239313380736943;0.2561833114723469;0.0;0.06364170119200789;0.0;0.0;0.0;0.0;0.3057246439723964;0.287501293469674;0.09846474031834439;0.32204610149076945;0.0573562907887846;0.0;0.0;0.06082305747289283;0.0;0.0637881086933065
GO:0042535;0.2943390680951828;0.7215742851683449;0.0;0.0;0.47254516281891984;0.1805909415275881;0.5484075787990459;0.19258864958034677;0.23408126123813242;0.5298965666234953;0.961542999036262;0.06725216359697771;1.0;0.39397446848791395;0.5401076992650395;0.32284666537677326;0.16479435472114617;0.5554370142522076;0.5857054560466014;0.2843086567035372;0.25220728445188983;0.0;0.4876370773856692;0.578027973482673;0.0;0.09557315993061272;0.0;0.7590028853575851;0.38164061581479813;0.06886461412120384;0.15650038010412864;0.2493549844355108;0.0;0.06525717393093446;0.0;0.7697265139490562;0.49400664885442136;0.17947153761995333;0.1367329428199037;0.3221958908802503;0.0;0.0;0.2696508357386037;0.0;0.20536819098544146;0.1610399811919724;0.0;0.06953085467354357;0.3343521940938899;0.06600612427084031;0.2405957271408991;0.0755678827572689;0.20770869313655252;0.07638609992527795;0.08110002285218859;0.172336595081246;0.0513290694916808;0.07858714150297082;0.4610204594277033;0.17319265037313505;0.0;0.07634039377976336;0.19467970585431335;0.0;0.07365293121101205;0.0;0.07249201509116755;0.15533561440298868;0.406453410336063;0.26696315619108274;0.07001571277956971;0.0;0.05926972323512158;0.25937552449354795;0.0;0.1367329428199037;0.45609212650361103;0.3991990217875658;0.0;0.0;0.06525717393093446;0.0;0.0;0.07199898045005027;0.05573373257852173;0.05573373257852173;0.0;0.0;0.1367329428199037;0.33247777633101416;0.0;0.4650786835740465;0.0;0.0;0.06623433510985402;0.17094589782696964;0.06083383638225044;0.30856285989637716;0.0;0.0;0.0;0.07397868778856251;0.0690039107804846;0.0;0.0;0.0;0.0;0.06012042206437605;0.0;0.0;0.2090710546738342;0.2920737535013938;0.04549713585456489;0.17790217684588364;0.3828157150686096;0.0;0.8618172959343057;0.28541849737561753;0.4746559221908302;0.06161525091123866;0.2232536826270935;0.17484538552343287;0.0;0.15716279375792094;0.0;0.0721674508407316;0.15533561440298868;0.19808945248429824;0.1623433592452302;0.0;0.0;0.0;0.31374086891549574;0.34191167165388286;0.21241130079506945;0.07316929192947007;0.0;0.0;0.0;0.0;0.36208410961924514;0.06811419534374111;0.0;0.0;0.0861459014958338;0.0;0.5966587851351228;0.18889222012201212;0.0;0.0;0.05678815801630367;0.15816931076094595;0.1813386714982313;0.0;0.0;0.7307961870028288;0.0;0.28021339265102535;0.35816104633921186;0.08043788726220495;0.16398864371464061;0.061450362778400595;0.31374086891549574;0.0;0.0;0.18089283192382316;0.0690039107804846;0.0;0.0;0.0;0.0;0.05677428619289395;0.18374442544652836;0.0;0.735408629877158;0.0;0.0;0.0;0.0;0.389173653525303;0.28406833960975436;0.09028338550962048;0.4084238551323237;0.054480490529196214;0.0;0.0;0.4652142483029609;0.0;0.5541129423517246
GO:0000187;0.08265138427132582;0.31250923436843697;0.0;0.0;0.07127013901378226;0.22863686971793928;0.22115205230562437;0.5529140145142296;0.4844237867574766;0.3501655152290561;0.3188818142323069;0.30978367269247353;0.39397446848791395;1.0;0.19587375520719727;0.29563099737084175;0.3731259455595302;0.20274457835540202;0.21657751206450299;0.28337912098824863;0.07755427034540745;0.0;0.07408332705587094;0.2130348443037608;0.0;0.13053549207622814;0.0;0.07696826718190883;0.5859444453588937;0.3189873008401843;0.19134609317246914;0.3068571691592395;0.0;0.07986232485201418;0.0;0.39090524248587283;0.07528300453119657;0.22115205230562437;0.29756775203292907;0.2946645736939693;0.0;0.0;0.2628260995351129;0.0;0.599691900452567;0.36266505115203485;0.0;0.4203686709317134;0.3251687813871338;0.3942224248304853;0.3219355851141623;0.29931421224452204;0.608432989329043;0.30343778128990756;0.1049536453889052;0.21863861810136245;0.06316574338969576;0.10078317466968137;0.47509036842661834;0.39694073318490064;0.0;0.09711766240262013;0.24470795218574434;0.0;0.09280953242086679;0.0;0.0909737164010942;0.3065461007531644;0.05941598732278985;0.08314905108421441;0.08710747183829878;0.0;0.22190110556583936;0.08025427140375978;0.0;0.29756775203292907;0.06824933485451382;0.6204459723894252;0.0;0.0;0.29853745202889787;0.0;0.0;0.09019858279528166;0.24039322812759187;0.24039322812759187;0.0;0.0;0.29756775203292907;0.5956982240187559;0.0;0.7578345799814754;0.0;0.0;0.08133074887781534;0.34409229080683507;0.07333645406295065;0.4154096248558482;0.0;0.0;0.0;0.09332737549500858;0.08554689211657292;0.0;0.0;0.0;0.0;0.07230215590892211;0.0;0.0;0.2678864764048017;0.4056049271531773;0.05455944020008645;0.21877393919009802;0.549937044395278;0.0;0.21755122252763764;0.44336460794833354;0.3065461007531644;0.37940375825252654;0.3367355627887356;0.35370679996977084;0.0;0.35197936343396763;0.0;0.09046314467395002;0.3065461007531644;0.25011968098693954;0.19570829353755265;0.0;0.0;0.0;0.3186592283518284;0.21416942919066326;0.29067502558492025;0.09204290284264816;0.0;0.0;0.0;0.0;0.49744129647080887;0.08418365375759061;0.0;0.0;0.4245112637050872;0.0;0.2216724826553077;0.23563309998647122;0.0;0.0;0.5043851744517529;0.3132521064292352;0.22399400480179024;0.0;0.0;0.3174014501716034;0.0;0.08829720856746784;0.3423379311034246;0.3836423527411426;0.37422033109328;0.2774990806530744;0.3186592283518284;0.0;0.0;0.22331414485652532;0.319787224436512;0.0;0.0;0.0;0.0;0.2523872923434708;0.4277013018424611;0.0;0.3699455562182293;0.0;0.0;0.0;0.0;0.7224778540850016;0.6126825054759083;0.12086347492862959;0.768512540215783;0.06429727923775692;0.0;0.0;0.0699182948138326;0.0;0.20214758160706303
GO:0032727;0.31029991558277675;0.48483490307526855;0.0;0.0;0.4951560085050076;0.19047182426280848;0.5751679063944464;0.18293873800061086;0.19471283348554322;0.5548397575854863;0.49328370220456746;0.06207120332118121;0.5401076992650395;0.19587375520719727;1.0;0.169369594501782;0.17298305419194018;0.8593371444723487;0.6163312080368648;0.2954440824129971;0.2638356166127762;0.0;0.5117521064336648;0.6078356668104972;0.0;0.09006107487304346;0.0;0.5285751518297394;0.18940805054331977;0.06363388276783323;0.16386713639665448;0.168850975603436;0.0;0.06014284578592311;0.0;0.5364843010815772;0.5187717761773161;0.1698708797982908;0.14232301395939856;0.16310086566741333;0.0;0.0;0.28298583022162127;0.0;0.19576057208521286;0.168850975603436;0.0;0.06428062795383853;0.1745173980702585;0.06086612746677066;0.23157382022014347;0.07016967824096905;0.1981185481953417;0.07097183604940029;0.07561197607153725;0.07016967824096905;0.053818706363081094;0.07313444358955236;0.23818437475564552;0.18226020881667532;0.0;0.07092700170738171;0.18503059221070028;0.0;0.06829605234984407;0.0;0.06716273406552827;0.14606754509470524;0.4230704993258142;0.28002720939514136;0.0647516921589212;0.0;0.054388701518186054;0.27169038928962047;0.0;0.14232301395939856;0.47712082420548363;0.19861946584211837;0.0;0.0;0.06014284578592311;0.0;0.0;0.06668199967588022;0.05828756167320704;0.05828756167320704;0.0;0.0;0.14232301395939856;0.07854828467081171;0.0;0.2335970405942781;0.0;0.0;0.06108667301240953;0.16142711775250584;0.05588706559605263;0.0725760016223486;0.0;0.0;0.0;0.06861440961092506;0.06376905159710328;0.0;0.0;0.0;0.0;0.05520322069739838;0.0;0.0;0.1994924740251967;0.06848883984237283;0.047442453657044595;0.16831365227155515;0.19002308591700773;0.0;0.6186584651047132;0.06684622823664489;0.4945719019296169;0.0647516921589212;0.06768238230010769;0.1652843043341657;0.0;0.16459352454250542;0.0;0.06684622823664489;0.14606754509470524;0.1884467675364432;0.1529466885477094;0.0;0.0;0.0;0.32735636044447125;0.35814526199298;0.09056910736757139;0.06782367734741562;0.0;0.0;0.0;0.0;0.2506824747411666;0.06290617180557714;0.0;0.0;0.08061453777373888;0.0;0.6284718261708596;0.17924673170648558;0.0;0.0;0.05985132678858545;0.14884610066562312;0.17172531018880466;0.0;0.0;0.49132540985482376;0.0;0.29464149371236215;0.18226020881667532;0.0858677459980477;0.15456556371475855;0.05647860624012793;0.32735636044447125;0.0;0.0;0.17128233280763744;0.06376905159710328;0.0;0.0;0.0;0.0;0.052005150896063286;0.1939831838858999;0.0;0.5115273939585191;0.0;0.0;0.0;0.0;0.19335434587209718;0.06651348119727923;0.08474429982788682;0.20347750788606958;0.04982174430043363;0.0;0.0;0.48711272541067313;0.0;0.5814468451185681
