;GO:0016525;GO:0045408;GO:0007252;GO:0015031;GO:0032691;GO:0051928;GO:0050718;GO:1901224;GO:0051092;GO:1900017;GO:0042534;GO:0060765;GO:0042535;GO:0000187;GO:0032727;GO:0032967;GO:0002755;GO:0032728;GO:0032729;GO:0014739;GO:2001204;GO:0018158;GO:0032689;GO:0032722;GO:0019886;GO:0035556;GO:0050830;GO:0032720;GO:0033138;GO:1902042;GO:2000010;GO:0002092;GO:0051260;GO:0008631;GO:0042542;GO:0045416;GO:0032715;GO:2000406;GO:0001798;GO:0051770;GO:0031623;GO:0050965;GO:0010543;GO:0071404;GO:0051897;GO:0035666;GO:0051017;GO:0051898;GO:0045429;GO:1902176;GO:0008284;GO:0038095;GO:0043123;GO:0038094;GO:0097190;GO:0043488;GO:0042311;GO:0043523;GO:0045944;GO:0002223;GO:0043403;GO:0043524;GO:0048661;GO:0007628;GO:0007229;GO:0001885;GO:0031338;GO:0071673;GO:0032707;GO:0045671;GO:0048662;GO:0051384;GO:0071672;GO:0033599;GO:0071315;GO:0001805;GO:0032700;GO:0050731;GO:0016579;GO:0033194;GO:0090201;GO:1904646;GO:0043534;GO:0007249;GO:0045953;GO:0002862;GO:0001774;GO:0071260;GO:0001812;GO:0001933;GO:0016064;GO:0001934;GO:0030593;GO:0032497;GO:0016601;GO:0043306;GO:0034392;GO:0061136;GO:0032494;GO:0032495;GO:0002281;GO:0007179;GO:0007212;GO:0006641;GO:0006366;GO:0045444;GO:0006886;GO:0042699;GO:0060326;GO:0002554;GO:1902905;GO:0043154;GO:0060729;GO:0043032;GO:0031398;GO:0051607;GO:0032760;GO:0031397;GO:0032765;GO:0034260;GO:0032088;GO:0090026;GO:0002292;GO:0034142;GO:0043312;GO:0045454;GO:1903974;GO:0042102;GO:1900227;GO:0042742;GO:0006898;GO:0042744;GO:0048298;GO:2000727;GO:0010629;GO:0033209;GO:0043161;GO:0031668;GO:0097178;GO:0042590;GO:0010628;GO:0031663;GO:0071447;GO:0032870;GO:0010469;GO:0016046;GO:0032755;GO:0050766;GO:0072659;GO:0016567;GO:0090630;GO:1903223;GO:1904037;GO:0048741;GO:0043330;GO:0045076;GO:0009609;GO:0060071;GO:2000573;GO:0050776;GO:0032226;GO:0034128;GO:0010572;GO:0140052;GO:0050829;GO:1900087;GO:0034122;GO:0006195;GO:0030041;GO:0009620;GO:0002031;GO:0002032;GO:0002431;GO:0030316;GO:0045084;GO:0071222;GO:0019372;GO:0045087;GO:0006749;GO:0046330;GO:0070373;GO:0043066;GO:0070374;GO:0033026;GO:0034599;GO:0050702;GO:0032695;GO:0071346;GO:0032733
GO:0016525;1.0;0.05137231478182353;0.0;0.0;0.15674420007313908;0.029554417434315347;0.00797184876263618;0.018699644403220073;0.015981626640088665;0.03512867645653689;0.05069221556074867;0.029554417434315347;0.009287300225037378;0.0012049684023742746;0.052693550906917914;0.029554417434315347;0.010822377535603424;0.052693550906917914;0.052693550906917914;0.052693550906917914;0.11520109383681197;0.0;0.15674420007313908;0.052693550906917914;0.0;0.029554417434315347;0.0;0.15674420007313908;0.005735323047764678;0.01870256991752583;0.029554417434315347;0.011347647291431718;0.0;0.029554417434315347;0.0;0.00953719963097976;0.15674420007313908;0.012695096826715107;0.003240803148649716;0.029554417434315347;0.0;0.0;0.052693550906917914;0.0;0.01873144595815766;0.01080422939422034;0.0;0.033344230600658636;0.00678050530346356;0.00796749632321152;0.029554417434315347;0.029554417434315347;0.01867714624936025;0.029554417434315347;0.029554417434315347;0.015823448938401423;0.022284038081440277;0.029554417434315347;0.0030507844279764845;0.007110073564113578;0.0;0.04432685872670267;0.029554417434315347;0.0;0.029554417434315347;0.0;0.029554417434315347;0.011998878515014196;0.15674420007313908;0.02811199165180157;0.052693550906917914;0.0;0.021325872189579147;0.15277603671478152;0.0;0.00370412346640025;0.15674420007313908;0.005730222168749597;0.0;0.0;0.016840565126693196;0.0;0.0;0.029554417434315347;0.018446204289934737;0.029356719671643633;0.0;0.0;0.004024901330554217;0.011979073374958338;0.0;0.006734762386770798;0.0;0.0;0.029554417434315347;0.00431780717579515;0.052693550906917914;0.01988136041642216;0.0;0.0;0.0;0.029554417434315347;0.029554417434315347;0.0;0.0;0.0;0.0;0.029554417434315347;0.0;0.0;0.029554417434315347;0.010840797126225047;0.022284038081440277;0.029554417434315347;0.00845102178998415;0.0;0.052693550906917914;0.01503865610264736;0.025534863971857412;0.052693550906917914;0.02847613625901737;0.005196811542275465;0.0;0.010822377535603424;0.0;0.029554417434315347;0.029554417434315347;0.007906300288822573;0.029554417434315347;0.0;0.0;0.0;0.016397223139619325;0.03456184356528886;0.052693550906917914;0.029554417434315347;0.0;0.0;0.0;0.0;0.029554417434315347;0.029554417434315347;0.0;0.0;0.029554417434315347;0.0;0.052693550906917914;0.02547189156984704;0.0;0.0;0.022284038081440277;0.012289907665204164;0.029554417434315347;0.0;0.0;0.051277140220544706;0.0;0.15277603671478152;0.005968168199039445;0.029554417434315347;0.029554417434315347;0.022447887972257566;0.0238025058441933;0.0;0.0;0.012601056659444089;0.03052912825476236;0.0;0.0;0.0;0.0;0.019095809580907123;0.020416663044052187;0.0;0.00953719963097976;0.0;0.0;0.0;0.0;0.0025345128976109917;0.006742652780456316;0.052693550906917914;0.0037883119857789515;0.026424095800781065;0.0;0.0;0.15674420007313908;0.0;0.052693550906917914
GO:0045408;0.05137231478182353;1.0;0.0;0.0;0.07607413630292843;0.028813371076682043;0.01180502595475199;0.03334021611125579;0.14439767764608277;0.05201992030621129;0.8563094381470069;0.05137231478182353;0.1568841043862805;0.011085842811766554;0.07607413630292843;0.06926064243533256;0.019295575792472548;0.07607413630292843;0.07607413630292843;0.05137231478182353;0.039733683587796303;0.0;0.07607413630292843;0.07607413630292843;0.0;0.05137231478182353;0.0;0.07607413630292843;0.05276560751048828;0.01870256991752583;0.028813371076682043;0.05787001841963126;0.0;0.05137231478182353;0.0;0.16110548665432023;0.10131392349091041;0.02263450911842551;0.003240803148649716;0.17612876997871368;0.0;0.0;0.05137231478182353;0.0;0.03339691615813532;0.01926321886938446;0.0;0.033344230600658636;0.061263427130196925;0.00796749632321152;0.05137231478182353;0.05137231478182353;0.0333001034066708;0.05137231478182353;0.05137231478182353;0.08069543033989136;0.021725288943843016;0.05137231478182353;0.027564539975775175;0.012676785936830607;0.0;0.04432685872670267;0.05137231478182353;0.0;0.05137231478182353;0.0;0.05137231478182353;0.02139319840298084;0.07607413630292843;0.009450561248887372;0.05137231478182353;0.0;0.021325872189579147;0.05137231478182353;0.0;0.00370412346640025;0.07607413630292843;0.05271867885837458;0.0;0.0;0.016840565126693196;0.0;0.0;0.05137231478182353;0.010345987550287051;0.016465406729004983;0.0;0.0;0.004024901330554217;0.06181319901194893;0.0;0.061960560166745796;0.0;0.0;0.05137231478182353;0.007698361597878944;0.05137231478182353;0.18291071867631833;0.0;0.0;0.0;0.05137231478182353;0.05137231478182353;0.0;0.0;0.0;0.0;0.05137231478182353;0.0;0.0;0.05137231478182353;0.05593958140471307;0.021725288943843016;0.05137231478182353;0.07775033683703046;0.0;0.07607413630292843;0.07760094737281252;0.03781302692942161;0.028813371076682043;0.14430627878930966;0.009265567631815326;0.0;0.019295575792472548;0.0;0.05137231478182353;0.05137231478182353;0.014096404968237644;0.05137231478182353;0.0;0.0;0.0;0.016176526087491518;0.011920627753581966;0.06926064243533256;0.05137231478182353;0.0;0.0;0.0;0.0;0.06926064243533256;0.05137231478182353;0.0;0.0;0.05137231478182353;0.0;0.10131392349091041;0.04541468016124073;0.0;0.0;0.021725288943843016;0.021912083925763177;0.05137231478182353;0.0;0.0;0.8661901762691755;0.0;0.05137231478182353;0.05392377429095785;0.028813371076682043;0.05137231478182353;0.022447887972257566;0.0238025058441933;0.0;0.0;0.022466841785702622;0.03052912825476236;0.0;0.0;0.0;0.0;0.019095809580907123;0.03640154558458736;0.0;0.16110548665432023;0.0;0.0;0.0;0.0;0.02331779948083914;0.03479275275649329;0.05137231478182353;0.03485289001232425;0.026424095800781065;0.0;0.0;0.07607413630292843;0.0;0.07607413630292843
GO:0007252;0.0;0.0;1.0;0.0;0.0;0.0;0.0;0.0;0.0;0.0;0.0;0.0;0.0;0.0;0.0;0.0;0.008160075348164186;0.0;0.0;0.0;0.0;0.8134159560994599;0.0;0.0;0.0;0.018629235703855225;0.0;0.0;0.0;0.0;0.0;0.0;0.018629235703855225;0.018629235703855225;0.0;0.0;0.0;0.0;0.0;0.0;0.16843160713183167;0.0;0.0;0.018629235703855225;0.0;0.008146391645056629;0.018629235703855225;0.0;0.0;0.0;0.0;0.018629235703855225;0.0;0.018629235703855225;0.018629235703855225;0.0;0.0;0.0;0.0;0.005360997232196642;0.0;0.0;0.0;0.0;0.018629235703855225;0.018629235703855225;0.0;0.0;0.0;0.0;0.0;0.0;0.0;0.0;0.006365710554121419;0.0;0.0;0.0;0.7257167746113345;0.0;0.0;0.012292365788604492;0.018629235703855225;0.018629235703855225;0.0;0.0;0.018629235703855225;0.018629235703855225;0.0;0.0;0.0;0.0;0.018629235703855225;0.0;0.018629235703855225;0.0;0.0;0.0;0.0;0.0;0.018629235703855225;0.018629235703855225;0.018629235703855225;0.07637186036591671;0.05214194580361808;0.018629235703855225;0.0;0.018629235703855225;0.018629235703855225;0.018629235703855225;0.0;0.0;0.0;0.0;0.0;0.0;0.0;0.0;0.0;0.0;0.0;0.0;0.018629235703855225;0.008160075348164186;0.018629235703855225;0.018629235703855225;0.0;0.0;0.0;0.0;0.0;0.05854217959414333;0.0;0.0;0.0;0.018629235703855225;0.1285085390730175;0.018629235703855225;0.018629235703855225;0.0;0.0;0.018629235703855225;0.018629235703855225;0.018629235703855225;0.0;0.0;0.0;0.0;0.0;0.8134159560994599;0.0;0.0;0.0;0.018629235703855225;0.0;0.0;0.0;0.018629235703855225;0.0;0.0;0.0;0.0;0.0;0.018629235703855225;0.0;0.0;0.0;0.011304063265328854;0.018629235703855225;0.0;0.16843160713183167;0.0;0.015394169003018042;0.018629235703855225;0.0;0.014148413061266386;0.07637186036591671;0.0;0.10734458373492309;0.0;0.0;0.0;0.0;0.0;0.018629235703855225;0.018629235703855225;0.0;0.018629235703855225;0.0
GO:0015031;0.0;0.0;0.0;1.0;0.0;0.0;0.0;0.0;0.0;0.0;0.0;0.0;0.0;0.0;0.0;0.0;0.0;0.0;0.0;0.0;0.0;0.0;0.0;0.0;0.0;0.0;0.0;0.0;0.0;0.0;0.0;0.0;0.0;0.0;0.0;0.0;0.0;0.0;0.0;0.0;0.11506320997954247;0.0;0.0;0.0;0.0;0.0;0.0;0.0;0.0;0.0;0.0;0.0;0.0;0.0;0.0;0.0;0.0;0.0;0.0;0.0;0.0;0.0;0.0;0.0;0.0;0.0;0.0;0.0;0.0;0.0;0.0;0.0;0.0;0.0;0.0;0.0;0.0;0.0;0.0;0.0;0.0;0.0;0.0;0.0;0.0;0.0;0.0;0.0;0.0;0.0;0.0;0.0;0.0;0.0;0.0;0.0;0.0;0.0;0.0;0.0;0.0;0.0;0.0;0.0;0.0;0.0;0.6013955253806149;0.0;0.0;0.08346093114245663;0.0;0.0;0.0;0.0;0.0;0.0;0.0;0.0;0.0;0.0;0.0;0.0;0.0;0.0;0.056185937859846775;0.0;0.0;0.0;0.0;0.0;0.1370166050935565;0.0;0.0;0.0;0.0;0.0;0.0;0.0;0.0;0.0;0.0;0.0;0.0;0.0;0.0;0.0;0.0;0.0;0.1140458693490029;0.0;0.0;0.0;0.0;0.0;0.0;0.0;0.0;0.0;0.0;0.0;0.0;0.0;0.0;0.0;0.0;0.0;0.0;0.0;0.0;0.0;0.11171107734422907;0.0;0.0;0.0;0.0;0.0;0.0;0.0;0.0;0.0;0.0;0.0;0.0;0.0;0.0;0.39530224667674374;0.0;0.0;0.0
GO:0032691;0.15674420007313908;0.07607413630292843;0.0;0.0;1.0;0.05197320718134382;0.01751556570670744;0.018699644403220073;0.015981626640088665;0.05201992030621129;0.07506701873263216;0.05197320718134382;0.013752998014714576;0.0012049684023742746;0.13722159884351803;0.04244253132023494;0.010822377535603424;0.13722159884351803;0.13722159884351803;0.06767346432982153;0.039733683587796303;0.0;0.5162303902936884;0.13722159884351803;0.0;0.05197320718134382;0.0;0.5162303902936884;0.005735323047764678;0.01870256991752583;0.05197320718134382;0.011347647291431718;0.0;0.05197320718134382;0.0;0.014123058845152529;0.5162303902936884;0.012695096826715107;0.003240803148649716;0.030320999158769627;0.0;0.0;0.0926647545833913;0.0;0.01873144595815766;0.01080422939422034;0.0;0.033344230600658636;0.00678050530346356;0.00796749632321152;0.05197320718134382;0.05197320718134382;0.01867714624936025;0.05197320718134382;0.05197320718134382;0.015823448938401423;0.039187811115468235;0.05197320718134382;0.0030507844279764845;0.007110073564113578;0.0;0.04432685872670267;0.05197320718134382;0.0;0.05197320718134382;0.0;0.05197320718134382;0.011998878515014196;0.5162303902936884;0.02811199165180157;0.0926647545833913;0.0;0.021325872189579147;0.0926647545833913;0.0;0.00370412346640025;0.5162303902936884;0.005730222168749597;0.0;0.0;0.016840565126693196;0.0;0.0;0.05197320718134382;0.018446204289934737;0.029356719671643633;0.0;0.0;0.004024901330554217;0.011979073374958338;0.0;0.006734762386770798;0.0;0.0;0.05197320718134382;0.00431780717579515;0.06264048397532039;0.01988136041642216;0.0;0.0;0.0;0.05197320718134382;0.05197320718134382;0.0;0.0;0.0;0.0;0.05197320718134382;0.0;0.0;0.05197320718134382;0.010840797126225047;0.039187811115468235;0.03527645241483342;0.00845102178998415;0.0;0.13722159884351803;0.01503865610264736;0.03781302692942161;0.0926647545833913;0.02847613625901737;0.005196811542275465;0.0;0.010822377535603424;0.0;0.05197320718134382;0.04001125216138185;0.007906300288822573;0.03181260391380058;0.0;0.0;0.0;0.005655519876148392;0.011920627753581966;0.0926647545833913;0.05197320718134382;0.0;0.0;0.0;0.0;0.05197320718134382;0.05197320718134382;0.0;0.0;0.05197320718134382;0.0;0.13722159884351803;0.02547189156984704;0.0;0.0;0.039187811115468235;0.012289907665204164;0.0423606122201;0.0;0.0;0.07593319808400552;0.0;0.0803947550319122;0.005968168199039445;0.05197320718134382;0.03287862268627032;0.022447887972257566;0.0238025058441933;0.0;0.0;0.012601056659444089;0.03052912825476236;0.0;0.0;0.0;0.0;0.019095809580907123;0.020416663044052187;0.0;0.014123058845152529;0.0;0.0;0.0;0.0;0.0025345128976109917;0.006742652780456316;0.0926647545833913;0.0037883119857789515;0.026424095800781065;0.0;0.0;0.5162303902936884;0.0;0.13722159884351803
GO:0051928;0.029554417434315347;0.028813371076682043;0.0;0.0;0.05197320718134382;1.0;0.025928152534440446;0.03334021611125579;0.02849417210833194;0.03512867645653689;0.028431921431887646;0.06443234822912236;0.009287300225037378;0.0021483781229270334;0.09433530291830054;0.07567219654089814;0.019295575792472548;0.09433530291830054;0.11487857031894742;0.06767346432982153;0.02228557101856969;0.0;0.06443234822912236;0.11487857031894742;0.0;0.06443234822912236;0.0;0.05197320718134382;0.01022569765270045;0.010489776242512815;0.10802782876868894;0.0658041696323838;0.0;0.06443234822912236;0.0;0.00953719963097976;0.06443234822912236;0.02263450911842551;0.005778135403014067;0.0540603148843037;0.0;0.0;0.05454012927954509;0.0;0.03339691615813532;0.01926321886938446;0.0;0.018701896024026703;0.012089187756001556;0.004468757716831938;0.11487857031894742;0.056908109707328014;0.0333001034066708;0.056908109707328014;0.06443234822912236;0.015823448938401423;0.04858200655808818;0.06443234822912236;0.005439344724655555;0.012676785936830607;0.0;0.02486176133157318;0.11487857031894742;0.0;0.06443234822912236;0.0;0.15072981631914253;0.02139319840298084;0.06443234822912236;0.005300569563656282;0.06443234822912236;0.0;0.021325872189579147;0.06443234822912236;0.0;0.006604204561841414;0.06443234822912236;0.010216603126352617;0.0;0.0;0.009445427059248;0.0;0.0;0.06443234822912236;0.010345987550287051;0.016465406729004983;0.0;0.0;0.0071761300532565695;0.006718745062848512;0.0;0.012007631192934867;0.0;0.0;0.06443234822912236;0.025038645327872172;0.03513338880813801;0.01988136041642216;0.0;0.0;0.0;0.06443234822912236;0.06443234822912236;0.0;0.0;0.0;0.0;0.06443234822912236;0.0;0.0;0.11487857031894742;0.006080316055282548;0.04858200655808818;0.06289555682387464;0.015067606996338634;0.0;0.09268371005823739;0.008434784000301693;0.025534863971857412;0.06443234822912236;0.015971510809778294;0.009265567631815326;0.0;0.019295575792472548;0.0;0.06443234822912236;0.07133738830417062;0.014096404968237644;0.05671974646562004;0.0;0.0;0.0;0.005655519876148392;0.011920627753581966;0.06443234822912236;0.06443234822912236;0.0;0.0;0.0;0.0;0.11487857031894742;0.06443234822912236;0.0;0.0;0.06443234822912236;0.0;0.11487857031894742;0.14770962038849403;0.0;0.0;0.04858200655808818;0.021912083925763177;0.07552614026072267;0.0;0.0;0.02875999018538225;0.0;0.0450912893295016;0.010640844994359093;0.06443234822912236;0.05862038668563815;0.012590425967359648;0.0238025058441933;0.0;0.0;0.022466841785702622;0.017122979659139705;0.0;0.0;0.0;0.0;0.010710333957133914;0.03640154558458736;0.0;0.00953719963097976;0.0;0.0;0.0;0.0;0.0045188670929252805;0.003781775406259269;0.0550842956350268;0.006754307064843514;0.014820575652609802;0.0;0.0;0.06443234822912236;0.0;0.11487857031894742
GO:0050718;0.00797184876263618;0.01180502595475199;0.0;0.0;0.01751556570670744;0.025928152534440446;1.0;0.023880774507985026;0.00797184876263618;0.044307889822839744;0.01180502595475199;0.00797184876263618;0.044307889822839744;0.006435763527272785;0.044307889822839744;0.00797184876263618;0.00797184876263618;0.044307889822839744;0.044307889822839744;0.02363158359314963;0.00797184876263618;0.0;0.01180502595475199;0.044307889822839744;0.0;0.00797184876263618;0.0;0.01180502595475199;0.023880774507985026;0.00797184876263618;0.010459699284035664;0.025928152534440446;0.0;0.00797184876263618;0.0;0.044307889822839744;0.01180502595475199;0.023880774507985026;0.005778135403014067;0.00797184876263618;0.0;0.0;0.00797184876263618;0.0;0.023880774507985026;0.00797184876263618;0.0;0.00797184876263618;0.023880774507985026;0.00796749632321152;0.023880774507985026;0.00797184876263618;0.023880774507985026;0.00797184876263618;0.00797184876263618;0.00797184876263618;0.003371285069018663;0.00797184876263618;0.016294308724158792;0.00797184876263618;0.0;0.00797184876263618;0.023880774507985026;0.0;0.00797184876263618;0.0;0.010459699284035664;0.023880774507985026;0.01180502595475199;0.00797184876263618;0.00797184876263618;0.0;0.00797184876263618;0.00797184876263618;0.0;0.006604204561841414;0.01180502595475199;0.023880774507985026;0.0;0.0;0.00797184876263618;0.0;0.0;0.00797184876263618;0.004471198884857247;0.004471198884857247;0.0;0.0;0.0071761300532565695;0.00797184876263618;0.0;0.023880774507985026;0.0;0.0;0.00797184876263618;0.1041452750086063;0.00797184876263618;0.00797184876263618;0.0;0.0;0.0;0.00797184876263618;0.00797184876263618;0.0;0.0;0.0;0.0;0.00797184876263618;0.0;0.0;0.023880774507985026;0.00797184876263618;0.003371285069018663;0.023880774507985026;0.023880774507985026;0.0;0.044307889822839744;0.00797184876263618;0.044307889822839744;0.004471198884857247;0.00797184876263618;0.023880774507985026;0.0;0.00797184876263618;0.0;0.00797184876263618;0.023880774507985026;0.023880774507985026;0.023880774507985026;0.0;0.0;0.0;0.016941891261251833;0.023880774507985026;0.004471198884857247;0.00797184876263618;0.0;0.0;0.0;0.0;0.00797184876263618;0.00797184876263618;0.0;0.0;0.00797184876263618;0.0;0.044307889822839744;0.025928152534440446;0.0;0.0;0.003371285069018663;0.023880774507985026;0.023880774507985026;0.0;0.0;0.01180502595475199;0.0;0.00797184876263618;0.023880774507985026;0.004471198884857247;0.023880774507985026;0.00797184876263618;0.023880774507985026;0.0;0.0;0.023880774507985026;0.00797184876263618;0.0;0.0;0.0;0.0;0.00797184876263618;0.00797184876263618;0.0;0.044307889822839744;0.0;0.0;0.0;0.0;0.013536890787930196;0.006742652780456316;0.00797184876263618;0.020233460113947156;0.00797184876263618;0.0;0.0;0.01180502595475199;0.0;0.044307889822839744
GO:1901224;0.018699644403220073;0.03334021611125579;0.0;0.0;0.018699644403220073;0.03334021611125579;0.023880774507985026;1.0;0.02849417210833194;0.09824783606169805;0.03334021611125579;0.15739075951875556;0.0278213911309494;0.051123543465938906;0.03334021611125579;0.03334021611125579;0.056860716224778764;0.03334021611125579;0.03334021611125579;0.09824783606169805;0.03334021611125579;0.0;0.018699644403220073;0.03334021611125579;0.0;0.03334021611125579;0.0;0.018699644403220073;0.030632490292028372;0.08829012008948091;0.03334021611125579;0.06060804118568746;0.0;0.03334021611125579;0.0;0.028569999332218883;0.018699644403220073;0.0678047996707485;0.01702716316904633;0.03334021611125579;0.0;0.0;0.03334021611125579;0.0;0.7933752300574287;0.056765365982764396;0.0;0.17523944690498838;0.036214832391062296;0.04187794236959808;0.09987522426819093;0.03334021611125579;0.7924206943662939;0.03334021611125579;0.03334021611125579;0.028212151838613534;0.01409953652163406;0.03334021611125579;0.016294308724158792;0.037356290143857177;0.0;0.03334021611125579;0.09987522426819093;0.0;0.03334021611125579;0.0;0.03334021611125579;0.06408628189996265;0.018699644403220073;0.009450561248887372;0.03334021611125579;0.0;0.021325872189579147;0.03334021611125579;0.0;0.019461445749017196;0.018699644403220073;0.03060524638168383;0.0;0.0;0.0795000646417668;0.0;0.0;0.03334021611125579;0.018446204289934737;0.029356719671643633;0.0;0.0;0.021146811006775446;0.011979073374958338;0.0;0.035970518437018116;0.0;0.0;0.03334021611125579;0.02306150591586036;0.03334021611125579;0.03334021611125579;0.0;0.0;0.0;0.03334021611125579;0.03334021611125579;0.0;0.0;0.0;0.0;0.03334021611125579;0.0;0.0;0.09987522426819093;0.010840797126225047;0.01409953652163406;0.09987522426819093;0.04513709877951961;0.0;0.03334021611125579;0.01503865610264736;0.07524681666708946;0.018699644403220073;0.02847613625901737;0.027756288144971785;0.0;0.056860716224778764;0.0;0.03334021611125579;0.09987522426819093;0.04222772890493259;0.09987522426819093;0.0;0.0;0.0;0.016941891261251833;0.03570988761241643;0.018699644403220073;0.03334021611125579;0.0;0.0;0.0;0.0;0.03334021611125579;0.03334021611125579;0.0;0.0;0.15739075951875556;0.0;0.03334021611125579;0.09987522426819093;0.0;0.0;0.01409953652163406;0.06564067518237175;0.09987522426819093;0.0;0.0;0.03334021611125579;0.0;0.03334021611125579;0.031876121518476914;0.03334021611125579;0.18123305725099956;0.10597082291715473;0.07130369525502721;0.0;0.0;0.06730252900752702;0.14412032205875117;0.0;0.0;0.0;0.0;0.09014650545560896;0.09824783606169805;0.0;0.028569999332218883;0.0;0.0;0.0;0.0;0.10753251291128181;0.03544004453890271;0.03334021611125579;0.16072781002879047;0.026424095800781065;0.0;0.0;0.018699644403220073;0.0;0.03334021611125579
GO:0051092;0.015981626640088665;0.14439767764608277;0.0;0.0;0.015981626640088665;0.02849417210833194;0.00797184876263618;0.02849417210833194;1.0;0.02849417210833194;0.14439767764608277;0.02849417210833194;0.04706452179058751;0.006145022122173749;0.02849417210833194;0.038416113314486536;0.019295575792472548;0.02849417210833194;0.02849417210833194;0.02849417210833194;0.02849417210833194;0.0;0.015981626640088665;0.02849417210833194;0.0;0.02849417210833194;0.0;0.015981626640088665;0.029248639994943114;0.01870256991752583;0.02849417210833194;0.05787001841963126;0.0;0.02849417210833194;0.0;0.04833091737934245;0.015981626640088665;0.02263450911842551;0.005778135403014067;0.09769159724097079;0.0;0.0;0.02849417210833194;0.0;0.02849417210833194;0.01926321886938446;0.0;0.02849417210833194;0.061263427130196925;0.00796749632321152;0.02849417210833194;0.02849417210833194;0.02849417210833194;0.02849417210833194;0.02849417210833194;0.25006662457710094;0.012050150453569459;0.02849417210833194;0.16760549890937199;0.012676785936830607;0.0;0.02849417210833194;0.02849417210833194;0.0;0.02849417210833194;0.0;0.02849417210833194;0.02139319840298084;0.015981626640088665;0.009450561248887372;0.02849417210833194;0.0;0.021325872189579147;0.02849417210833194;0.0;0.006604204561841414;0.015981626640088665;0.029222626852749144;0.0;0.0;0.016840565126693196;0.0;0.0;0.02849417210833194;0.010345987550287051;0.015981626640088665;0.0;0.0;0.0071761300532565695;0.03426383377613721;0.0;0.03434551791793423;0.0;0.0;0.02849417210833194;0.007698361597878944;0.02849417210833194;0.08150209504096358;0.0;0.0;0.0;0.02849417210833194;0.02849417210833194;0.0;0.0;0.0;0.0;0.02849417210833194;0.0;0.0;0.02849417210833194;0.031008013650729714;0.012050150453569459;0.02849417210833194;0.043097989749854466;0.0;0.02849417210833194;0.043015181290630734;0.025534863971857412;0.015981626640088665;0.9131687495135037;0.009265567631815326;0.0;0.019295575792472548;0.0;0.02849417210833194;0.02849417210833194;0.014096404968237644;0.02849417210833194;0.0;0.0;0.0;0.03845325710536802;0.011920627753581966;0.04913659242816378;0.02849417210833194;0.0;0.0;0.0;0.0;0.04913659242816378;0.02849417210833194;0.0;0.0;0.02849417210833194;0.0;0.02849417210833194;0.02849417210833194;0.0;0.0;0.024221620452226755;0.021912083925763177;0.02849417210833194;0.0;0.0;0.14439767764608277;0.0;0.02849417210833194;0.09999282365100298;0.015981626640088665;0.02849417210833194;0.022447887972257566;0.0238025058441933;0.0;0.0;0.022466841785702622;0.02849417210833194;0.0;0.0;0.0;0.0;0.019095809580907123;0.02849417210833194;0.0;0.04833091737934245;0.0;0.0;0.0;0.0;0.012925349572707388;0.019286060519732653;0.02849417210833194;0.01931939535712146;0.026424095800781065;0.0;0.0;0.015981626640088665;0.0;0.02849417210833194
GO:1900017;0.03512867645653689;0.05201992030621129;0.0;0.0;0.05201992030621129;0.03512867645653689;0.044307889822839744;0.09824783606169805;0.02849417210833194;1.0;0.05201992030621129;0.03512867645653689;0.05161922753116973;0.006330897823683107;0.19524674544173307;0.03512867645653689;0.10734656135035313;0.19524674544173307;0.19524674544173307;0.10413472193429332;0.03512867645653689;0.0;0.05201992030621129;0.19524674544173307;0.0;0.019702744454353997;0.0;0.05201992030621129;0.01022569765270045;0.01870256991752583;0.03512867645653689;0.02023209665877342;0.0;0.019702744454353997;0.0;0.0530081795390383;0.05201992030621129;0.02263450911842551;0.09132782613788502;0.03512867645653689;0.0;0.0;0.05140331697226773;0.0;0.09841492126870216;0.10716655094450978;0.0;0.033344230600658636;0.012089187756001556;0.011658729570530334;0.03512867645653689;0.03512867645653689;0.09812963087637752;0.03512867645653689;0.019702744454353997;0.015823448938401423;0.014855874209177482;0.019702744454353997;0.005439344724655555;0.0705244245587193;0.0;0.019702744454353997;0.03512867645653689;0.0;0.019702744454353997;0.0;0.019702744454353997;0.11336884366860266;0.05201992030621129;0.009450561248887372;0.019702744454353997;0.0;0.031205860238637504;0.03512867645653689;0.0;0.10438447767912432;0.05201992030621129;0.010216603126352617;0.0;0.0;0.016840565126693196;0.0;0.0;0.019702744454353997;0.032748763248176826;0.11645695134765437;0.0;0.0;0.11342419520054853;0.006718745062848512;0.0;0.012007631192934867;0.0;0.0;0.019702744454353997;0.02268573681970635;0.019702744454353997;0.019702744454353997;0.0;0.0;0.0;0.019702744454353997;0.019702744454353997;0.0;0.0;0.0;0.0;0.019702744454353997;0.0;0.0;0.03512867645653689;0.006080316055282548;0.014855874209177482;0.03512867645653689;0.015067606996338634;0.0;0.19524674544173307;0.008434784000301693;0.14192390914502512;0.019702744454353997;0.015971510809778294;0.04910096510888127;0.0;0.10734656135035313;0.0;0.019702744454353997;0.10351811860034976;0.014096404968237644;0.03512867645653689;0.0;0.0;0.0;0.016765106149821657;0.035337262362769205;0.019702744454353997;0.019702744454353997;0.0;0.0;0.0;0.0;0.03512867645653689;0.019702744454353997;0.0;0.0;0.03512867645653689;0.0;0.19524674544173307;0.03512867645653689;0.0;0.0;0.014855874209177482;0.06457111202052919;0.03512867645653689;0.0;0.0;0.05201992030621129;0.0;0.03512867645653689;0.010640844994359093;0.03512867645653689;0.03512867645653689;0.03985321625361118;0.07055965602607325;0.0;0.0;0.022466841785702622;0.054200375192308775;0.0;0.0;0.0;0.0;0.019095809580907123;0.10351811860034976;0.0;0.0530081795390383;0.0;0.0;0.0;0.0;0.013316317802164437;0.006742652780456316;0.019702744454353997;0.019903771799280025;0.014820575652609802;0.0;0.0;0.05201992030621129;0.0;0.19524674544173307
GO:0042534;0.05069221556074867;0.8563094381470069;0.0;0.0;0.07506701873263216;0.028431921431887646;0.01180502595475199;0.03334021611125579;0.14439767764608277;0.05201992030621129;1.0;0.05069221556074867;0.1832095938657019;0.011085842811766554;0.07506701873263216;0.06834372620970666;0.019295575792472548;0.07506701873263216;0.07506701873263216;0.05069221556074867;0.039733683587796303;0.0;0.07506701873263216;0.07506701873263216;0.0;0.05069221556074867;0.0;0.11137978891853102;0.05276560751048828;0.01870256991752583;0.028431921431887646;0.05787001841963126;0.0;0.05069221556074867;0.0;0.16110548665432023;0.07506701873263216;0.02263450911842551;0.003240803148649716;0.17379706583456286;0.0;0.0;0.05069221556074867;0.0;0.03339691615813532;0.01926321886938446;0.0;0.033344230600658636;0.061263427130196925;0.00796749632321152;0.05069221556074867;0.05069221556074867;0.0333001034066708;0.05069221556074867;0.05069221556074867;0.08069543033989136;0.02143767581698501;0.05069221556074867;0.027564539975775175;0.012676785936830607;0.0;0.04432685872670267;0.05069221556074867;0.0;0.05069221556074867;0.0;0.05069221556074867;0.02139319840298084;0.07506701873263216;0.009450561248887372;0.05069221556074867;0.0;0.021325872189579147;0.05069221556074867;0.0;0.00370412346640025;0.07506701873263216;0.05271867885837458;0.0;0.0;0.016840565126693196;0.0;0.0;0.05069221556074867;0.010345987550287051;0.016465406729004983;0.0;0.0;0.004024901330554217;0.06181319901194893;0.0;0.061960560166745796;0.0;0.0;0.05069221556074867;0.007698361597878944;0.05069221556074867;0.18291071867631833;0.0;0.0;0.0;0.05069221556074867;0.05069221556074867;0.0;0.0;0.0;0.0;0.05069221556074867;0.0;0.0;0.05069221556074867;0.05593958140471307;0.02143767581698501;0.05069221556074867;0.07775033683703046;0.0;0.11137978891853102;0.07760094737281252;0.03781302692942161;0.028431921431887646;0.14430627878930966;0.009265567631815326;0.0;0.019295575792472548;0.0;0.05069221556074867;0.05069221556074867;0.014096404968237644;0.05069221556074867;0.0;0.0;0.0;0.016176526087491518;0.011920627753581966;0.06834372620970666;0.05069221556074867;0.0;0.0;0.0;0.0;0.06834372620970666;0.05069221556074867;0.0;0.0;0.05069221556074867;0.0;0.07506701873263216;0.04541468016124073;0.0;0.0;0.02143767581698501;0.021912083925763177;0.05069221556074867;0.0;0.0;0.8563094381470069;0.0;0.05069221556074867;0.05392377429095785;0.028431921431887646;0.05069221556074867;0.022447887972257566;0.0238025058441933;0.0;0.0;0.022466841785702622;0.03052912825476236;0.0;0.0;0.0;0.0;0.019095809580907123;0.03640154558458736;0.0;0.16110548665432023;0.0;0.0;0.0;0.0;0.02331779948083914;0.03479275275649329;0.05069221556074867;0.03485289001232425;0.026424095800781065;0.0;0.0;0.07506701873263216;0.0;0.07506701873263216
GO:0060765;0.029554417434315347;0.05137231478182353;0.0;0.0;0.05197320718134382;0.06443234822912236;0.00797184876263618;0.15739075951875556;0.02849417210833194;0.03512867645653689;0.05069221556074867;1.0;0.009287300225037378;0.0101419517909726;0.05291017350804523;0.04244253132023494;0.019295575792472548;0.05291017350804523;0.06845703713218734;0.06767346432982153;0.039733683587796303;0.0;0.06843860095121258;0.06697163704759747;0.0;0.18244428980202534;0.0;0.05197320718134382;0.01022569765270045;0.08829012008948091;0.060589948693957105;0.02023209665877342;0.0;0.15043055132515004;0.0;0.00953719963097976;0.06874165782552993;0.02263450911842551;0.005778135403014067;0.030320999158769627;0.0;0.0;0.0972414051147806;0.0;0.15765842615334905;0.01926321886938446;0.0;0.1574097109116945;0.012089187756001556;0.03761254256986639;0.18244428980202534;0.10146335594481412;0.15720139754761792;0.10146335594481412;0.18244428980202534;0.028212151838613534;0.07715546649857495;0.18244428980202534;0.005439344724655555;0.012676785936830607;0.0;0.04432685872670267;0.12547526821630264;0.0;0.18244428980202534;0.0;0.16519133292804902;0.02139319840298084;0.06874165782552993;0.009450561248887372;0.12522304005132512;0.0;0.021325872189579147;0.17465315525974445;0.0;0.006604204561841414;0.06843860095121258;0.010216603126352617;0.0;0.0;0.0795000646417668;0.0;0.0;0.18244428980202534;0.018446204289934737;0.029356719671643633;0.0;0.0;0.0071761300532565695;0.011979073374958338;0.0;0.012007631192934867;0.0;0.0;0.18244428980202534;0.007698361597878944;0.06264048397532039;0.035447136778447984;0.0;0.0;0.0;0.18244428980202534;0.18244428980202534;0.0;0.0;0.0;0.0;0.12670761953025417;0.0;0.0;0.12094261783262943;0.010840797126225047;0.07715546649857495;0.06289555682387464;0.015067606996338634;0.0;0.05198383880526412;0.01503865610264736;0.025534863971857412;0.07303836979561198;0.02847613625901737;0.009265567631815326;0.0;0.019295575792472548;0.0;0.18244428980202534;0.07133738830417062;0.014096404968237644;0.05671974646562004;0.0;0.0;0.0;0.005655519876148392;0.011920627753581966;0.07563384408059995;0.18244428980202534;0.0;0.0;0.0;0.0;0.07595466202205571;0.18244428980202534;0.0;0.0;0.7731132441238066;0.0;0.06876025766680915;0.04541468016124073;0.0;0.0;0.06825029425055543;0.021912083925763177;0.07552614026072267;0.0;0.0;0.051277140220544706;0.0;0.0803947550319122;0.010640844994359093;0.18244428980202534;0.0886397716674801;0.10597082291715473;0.0238025058441933;0.0;0.0;0.022466841785702622;0.14412032205875117;0.0;0.0;0.0;0.0;0.09014650545560896;0.03640154558458736;0.0;0.00953719963097976;0.0;0.0;0.0;0.0;0.021332432925643442;0.031830364828648865;0.0982116173552396;0.03188538176870792;0.026424095800781065;0.0;0.0;0.06843860095121258;0.0;0.06845703713218734
GO:0042535;0.009287300225037378;0.1568841043862805;0.0;0.0;0.013752998014714576;0.009287300225037378;0.044307889822839744;0.0278213911309494;0.04706452179058751;0.05161922753116973;0.1832095938657019;0.009287300225037378;1.0;0.03481704718382501;0.05161922753116973;0.045283822383135754;0.009287300225037378;0.05161922753116973;0.05161922753116973;0.027531080701294095;0.009287300225037378;0.0;0.013752998014714576;0.05161922753116973;0.0;0.009287300225037378;0.0;0.020405845892611674;0.15051185203139275;0.009287300225037378;0.009287300225037378;0.09329361819619963;0.0;0.009287300225037378;0.0;0.710726356063713;0.013752998014714576;0.0278213911309494;0.005778135403014067;0.13249253667869781;0.0;0.0;0.009287300225037378;0.0;0.0278213911309494;0.009287300225037378;0.0;0.009287300225037378;0.19844447825475636;0.00796749632321152;0.0278213911309494;0.009287300225037378;0.0278213911309494;0.009287300225037378;0.009287300225037378;0.026564534766518964;0.003927587879854403;0.009287300225037378;0.11622408017155371;0.009287300225037378;0.0;0.009287300225037378;0.0278213911309494;0.0;0.009287300225037378;0.0;0.009287300225037378;0.0278213911309494;0.013752998014714576;0.009287300225037378;0.009287300225037378;0.0;0.009287300225037378;0.009287300225037378;0.0;0.006604204561841414;0.013752998014714576;0.15051185203139275;0.0;0.0;0.009287300225037378;0.0;0.0;0.009287300225037378;0.005209000778357681;0.005209000778357681;0.0;0.0;0.0071761300532565695;0.04792338431568795;0.0;0.15051185203139275;0.0;0.0;0.009287300225037378;0.02306150591586036;0.009287300225037378;0.04792338431568795;0.0;0.0;0.0;0.009287300225037378;0.009287300225037378;0.0;0.0;0.0;0.0;0.009287300225037378;0.0;0.0;0.0278213911309494;0.04792338431568795;0.003927587879854403;0.0278213911309494;0.15051185203139275;0.0;0.10020423458665763;0.04792338431568795;0.05161922753116973;0.005209000778357681;0.04706452179058751;0.027756288144971785;0.0;0.009287300225037378;0.0;0.009287300225037378;0.0278213911309494;0.0278213911309494;0.0278213911309494;0.0;0.0;0.0;0.056811333675205154;0.0278213911309494;0.012521226322149085;0.009287300225037378;0.0;0.0;0.0;0.0;0.04547338320878271;0.009287300225037378;0.0;0.0;0.009287300225037378;0.0;0.05161922753116973;0.0278213911309494;0.0;0.0;0.003927587879854403;0.0278213911309494;0.0278213911309494;0.0;0.0;0.1568841043862805;0.0;0.009287300225037378;0.19844447825475636;0.005209000778357681;0.0278213911309494;0.009287300225037378;0.0278213911309494;0.0;0.0;0.0278213911309494;0.009287300225037378;0.0;0.0;0.0;0.0;0.009287300225037378;0.009287300225037378;0.0;0.710726356063713;0.0;0.0;0.0;0.0;0.07323366734783925;0.03479275275649329;0.009287300225037378;0.10946165633557156;0.009287300225037378;0.0;0.0;0.013752998014714576;0.0;0.05161922753116973
GO:0000187;0.0012049684023742746;0.011085842811766554;0.0;0.0;0.0012049684023742746;0.0021483781229270334;0.006435763527272785;0.051123543465938906;0.006145022122173749;0.006330897823683107;0.011085842811766554;0.0101419517909726;0.03481704718382501;1.0;0.0021483781229270334;0.006083668962281553;0.006330897823683107;0.0021483781229270334;0.0021483781229270334;0.006330897823683107;0.0021483781229270334;0.0;0.0012049684023742746;0.0021483781229270334;0.0;0.0021483781229270334;0.0;0.0012049684023742746;0.17891773060044605;0.0101419517909726;0.0021483781229270334;0.02158107991395487;0.0;0.0021483781229270334;0.0;0.03481704718382501;0.0012049684023742746;0.006435763527272785;0.006330897823683107;0.010519098047229662;0.0;0.0;0.0021483781229270334;0.0;0.051123543465938906;0.006330897823683107;0.0;0.01129208619248899;0.02158107991395487;0.01129208619248899;0.006435763527272785;0.0021483781229270334;0.051123543465938906;0.0021483781229270334;0.0021483781229270334;0.006145022122173749;9.085464744861965E-4;0.0021483781229270334;0.02158107991395487;0.006330897823683107;0.0;0.0021483781229270334;0.006435763527272785;0.0;0.0021483781229270334;0.0;0.0021483781229270334;0.006435763527272785;0.0012049684023742746;0.0021483781229270334;0.0021483781229270334;0.0;0.0021483781229270334;0.0021483781229270334;0.0;0.006330897823683107;0.0012049684023742746;0.17891773060044605;0.0;0.0;0.0101419517909726;0.0;0.0;0.0021483781229270334;0.0021483781229270334;0.0021483781229270334;0.0;0.0;0.006330897823683107;0.029416924307513623;0.0;0.17891773060044605;0.0;0.0;0.0021483781229270334;0.006435763527272785;0.0021483781229270334;0.01909196827161538;0.0;0.0;0.0;0.0021483781229270334;0.0021483781229270334;0.0;0.0;0.0;0.0;0.0021483781229270334;0.0;0.0;0.006435763527272785;0.01909196827161538;9.085464744861965E-4;0.006435763527272785;0.09876685921538945;0.0;0.0021483781229270334;0.019684812127393165;0.006330897823683107;0.0018262400916077095;0.006145022122173749;0.006435763527272785;0.0;0.006330897823683107;0.0;0.0021483781229270334;0.006435763527272785;0.006435763527272785;0.006435763527272785;0.0;0.0;0.0;0.02158107991395487;0.006435763527272785;0.002896463778591259;0.0021483781229270334;0.0;0.0;0.0;0.0;0.010519098047229662;0.0021483781229270334;0.0;0.0;0.0101419517909726;0.0;0.0021483781229270334;0.006435763527272785;0.0;0.0;0.004944216628169998;0.006435763527272785;0.006435763527272785;0.0;0.0;0.011085842811766554;0.0;0.0021483781229270334;0.02158107991395487;0.0021483781229270334;0.011678302685560022;0.0101419517909726;0.006435763527272785;0.0;0.0;0.006435763527272785;0.0101419517909726;0.0;0.0;0.0;0.0;0.0101419517909726;0.006330897823683107;0.0;0.03481704718382501;0.0;0.0;0.0;0.0;0.2744662249390444;0.042371964460413816;0.0021483781229270334;0.2744662249390444;0.0021483781229270334;0.0;0.0;0.0012049684023742746;0.0;0.0021483781229270334
