;GO:1902230;GO:0008584;GO:0090179;GO:0014066;GO:0043508;GO:2000041;GO:0045600;GO:0046854;GO:0045766;GO:0030307;GO:0045892;GO:0030308;GO:0001701;GO:0043154;GO:0010975;GO:0055007;GO:0033138;GO:1902042;GO:0007186;GO:0000902;GO:0090263;GO:0043312;GO:0042662;GO:0006897;GO:0071560;GO:0043161;GO:0031668;GO:0071481;GO:0050680;GO:2000726;GO:0010469;GO:0010667;GO:0030336;GO:0016567;GO:0008284;GO:0002063;GO:0006661;GO:0045669;GO:0045944;GO:1904956;GO:0000122;GO:0010719;GO:0001569;GO:0060070;GO:0033630;GO:0010950;GO:0050732;GO:0016458;GO:0048708;GO:0006351;GO:0061185;GO:0090244;GO:0048821;GO:0006357;GO:0030514;GO:0090090;GO:0007517;GO:0045087;GO:0043065;GO:2000741;GO:0030199;GO:0032332
GO:1902230;1.0;0.0;0.08163265306122447;0.29032258064516125;0.23376623376623373;0.2857142857142857;0.10526315789473684;0.0;0.07317073170731703;0.10810810810810811;0.10169491525423724;0.17142857142857137;0.0;0.2033898305084746;0.09523809523809523;0.0;0.07017543859649122;0.6470588235294117;0.12121212121212122;0.0;0.19999999999999996;0.0;0.10909090909090913;0.0;0.0;0.0;0.0;0.0;0.17647058823529416;0.1132075471698113;0.25;0.33333333333333337;0.15384615384615385;0.0;0.11764705882352944;0.0;0.0;0.09523809523809523;0.06451612903225812;0.09999999999999998;0.09836065573770492;0.15384615384615385;0.0;0.11111111111111116;0.08571428571428574;0.07017543859649122;0.10909090909090913;0.10526315789473684;0.0;0.0;0.10256410256410253;0.11111111111111116;0.0;0.08695652173913049;0.2692307692307693;0.4117647058823529;0.0;0.0;0.19999999999999996;0.09999999999999998;0.0;0.09302325581395354
GO:0008584;0.0;1.0;0.0;0.0;0.0;0.0;0.0;0.0;0.0;0.0;0.0;0.0;0.23076923076923073;0.0;0.0;0.1428571428571429;0.0;0.0;0.0;0.1428571428571429;0.0;0.0;0.0;0.0;0.0;0.0;0.0;0.0;0.0;0.0;0.0;0.0;0.0;0.0;0.0;0.2727272727272727;0.0;0.0;0.0;0.0;0.0;0.0;0.125;0.0;0.0;0.0;0.0;0.0;0.16666666666666663;0.0;0.0;0.0;0.25;0.0;0.0;0.0;0.4444444444444444;0.0;0.0;0.0;0.0;0.0
GO:0090179;0.08163265306122447;0.0;1.0;0.14814814814814814;0.04878048780487809;0.2558139534883721;0.1785714285714286;0.052631578947368474;0.25;0.1428571428571429;0.07692307692307687;0.1428571428571429;0.0;0.06896551724137934;0.27586206896551724;0.0714285714285714;0.08333333333333337;0.09302325581395354;0.2727272727272727;0.0714285714285714;0.11428571428571432;0.04761904761904767;0.23809523809523814;0.0;0.06060606060606055;0.045454545454545414;0.0714285714285714;0.0625;0.14814814814814814;0.16279069767441856;0.14814814814814814;0.11428571428571432;0.125;0.05405405405405406;0.16000000000000003;0.07692307692307687;0.046511627906976716;0.19354838709677424;0.07547169811320753;0.2962962962962963;0.07407407407407407;0.24137931034482762;0.0;0.40909090909090906;0.11538461538461542;0.08333333333333337;0.08333333333333337;0.13793103448275867;0.07692307692307687;0.04166666666666663;0.2592592592592593;0.40909090909090906;0.07407407407407407;0.10810810810810811;0.07547169811320753;0.11428571428571432;0.0;0.0;0.13793103448275867;0.16666666666666663;0.0714285714285714;0.22580645161290325
GO:0014066;0.29032258064516125;0.0;0.14814814814814814;1.0;0.140625;0.24242424242424243;0.25;0.0;0.1578947368421053;0.2666666666666667;0.10256410256410253;0.2666666666666667;0.0;0.0888888888888889;0.19999999999999996;0.0;0.11428571428571432;0.3076923076923077;0.36363636363636365;0.0;0.4444444444444444;0.0;0.11428571428571432;0.0;0.0;0.0;0.0;0.0;0.2857142857142857;0.12121212121212122;0.8;0.18181818181818177;0.21052631578947367;0.0;0.33333333333333337;0.0;0.0;0.19999999999999996;0.09999999999999998;0.2222222222222222;0.09756097560975607;0.21052631578947367;0.0;0.2857142857142857;0.23076923076923073;0.11428571428571432;0.11428571428571432;0.17647058823529416;0.0;0.0;0.16666666666666663;0.2857142857142857;0.0;0.16666666666666663;0.2222222222222222;0.4444444444444444;0.0;0.0;0.25;0.2222222222222222;0.0;0.19047619047619047
GO:0043508;0.23376623376623373;0.0;0.04878048780487809;0.140625;1.0;0.1707317073170732;0.05633802816901412;0.0;0.04054054054054057;0.05714285714285716;0.1807228915662651;0.08823529411764708;0.0;0.28395061728395066;0.053333333333333344;0.0;0.20512820512820518;0.18666666666666665;0.06060606060606055;0.0;0.1095890410958904;0.0;0.06818181818181823;0.0;0.0;0.0;0.0;0.0;0.08955223880597019;0.06976744186046513;0.140625;0.07999999999999996;0.08333333333333337;0.0;0.05970149253731338;0.0;0.0;0.053333333333333344;0.09999999999999998;0.0547945205479452;0.17647058823529416;0.08333333333333337;0.0;0.05797101449275366;0.044117647058823484;0.16049382716049387;0.4461538461538461;0.11940298507462688;0.0;0.0;0.05555555555555558;0.05797101449275366;0.0;0.1216216216216216;0.23750000000000004;0.20895522388059706;0.0;0.0;0.05633802816901412;0.0547945205479452;0.0;0.052631578947368474
GO:2000041;0.2857142857142857;0.0;0.2558139534883721;0.24242424242424243;0.1707317073170732;1.0;0.13157894736842102;0.0;0.1842105263157895;0.1351351351351351;0.09999999999999998;0.23529411764705888;0.0;0.09090909090909094;0.17500000000000004;0.0;0.06896551724137934;0.32558139534883723;0.11764705882352944;0.0;0.22499999999999998;0.0;0.24;0.0;0.0;0.0;0.0;0.0;0.17142857142857137;0.19999999999999996;0.24242424242424243;0.13953488372093026;0.15000000000000002;0.0;0.11428571428571432;0.0;0.0;0.14634146341463417;0.06349206349206349;0.1842105263157895;0.09677419354838712;0.2777777777777778;0.0;0.10810810810810811;0.08333333333333337;0.06896551724137934;0.1071428571428571;0.10256410256410253;0.0;0.0;0.2222222222222222;0.10810810810810811;0.0;0.08510638297872342;0.26415094339622647;0.48484848484848486;0.0;0.0;0.10256410256410253;0.125;0.0;0.1707317073170732
GO:0045600;0.10526315789473684;0.0;0.1785714285714286;0.25;0.05633802816901412;0.13157894736842102;1.0;0.0;0.33333333333333337;0.4;0.09756097560975607;0.23529411764705888;0.0;0.08510638297872342;0.30000000000000004;0.0;0.17142857142857137;0.125;0.3076923076923077;0.0;0.2727272727272727;0.0;0.17142857142857137;0.0;0.0;0.0;0.0;0.0;0.25;0.18181818181818177;0.25;0.16666666666666663;0.19047619047619047;0.0;0.5;0.0;0.0;0.625;0.15000000000000002;0.33333333333333337;0.09302325581395354;0.3157894736842105;0.0;0.25;0.2857142857142857;0.17142857142857137;0.10810810810810811;0.1578947368421053;0.0;0.0;0.21052631578947367;0.25;0.0;0.15384615384615385;0.09523809523809523;0.16666666666666663;0.0;0.0;0.375;0.7142857142857143;0.0;0.5882352941176471
GO:0046854;0.0;0.0;0.052631578947368474;0.0;0.0;0.0;0.0;1.0;0.0;0.0;0.0;0.0;0.0;0.0;0.0;0.08333333333333337;0.0;0.0;0.09090909090909094;0.08333333333333337;0.0;0.052631578947368474;0.0;0.0;0.06896551724137934;0.16666666666666663;0.08333333333333337;0.0714285714285714;0.0;0.0;0.0;0.0;0.0;0.2068965517241379;0.0;0.09090909090909094;0.5769230769230769;0.0;0.0;0.0;0.0;0.0;0.0;0.07999999999999996;0.0;0.0;0.0;0.07407407407407407;0.09090909090909094;0.15000000000000002;0.0;0.07999999999999996;0.08695652173913049;0.0;0.0;0.0;0.0;0.0;0.0;0.0;0.08333333333333337;0.0
GO:0045766;0.07317073170731703;0.0;0.25;0.1578947368421053;0.04054054054054057;0.1842105263157895;0.33333333333333337;0.0;1.0;0.21052631578947367;0.06818181818181823;0.15000000000000002;0.0;0.06000000000000005;0.2727272727272727;0.0;0.10256410256410253;0.08571428571428574;0.1875;0.0;0.15384615384615385;0.0;0.19444444444444442;0.0;0.0;0.0;0.0;0.0;0.1578947368421053;0.17142857142857137;0.1578947368421053;0.11111111111111116;0.125;0.0;0.25;0.0;0.0;0.4;0.09090909090909094;0.30000000000000004;0.06521739130434778;0.2857142857142857;0.0;0.1578947368421053;0.25;0.10256410256410253;0.07499999999999996;0.1428571428571429;0.0;0.0;0.3157894736842105;0.1578947368421053;0.0;0.10344827586206895;0.06666666666666665;0.11111111111111116;0.0;0.0;0.19999999999999996;0.30000000000000004;0.0;0.44999999999999996
GO:0030307;0.10810810810810811;0.0;0.1428571428571429;0.2666666666666667;0.05714285714285716;0.1351351351351351;0.4;0.0;0.21052631578947367;1.0;0.09999999999999998;0.5384615384615384;0.0;0.08695652173913049;0.25;0.0;0.17647058823529416;0.12903225806451613;0.33333333333333337;0.0;0.2857142857142857;0.0;0.11111111111111116;0.0;0.0;0.0;0.0;0.0;0.2666666666666667;0.11764705882352944;0.2666666666666667;0.17391304347826086;0.19999999999999996;0.0;0.5454545454545454;0.0;0.0;0.3157894736842105;0.15384615384615385;0.21052631578947367;0.09523809523809523;0.19999999999999996;0.0;0.2666666666666667;0.3076923076923077;0.17647058823529416;0.11111111111111116;0.16666666666666663;0.0;0.0;0.1578947368421053;0.2666666666666667;0.0;0.16000000000000003;0.09756097560975607;0.17391304347826086;0.0;0.0;0.4;0.3529411764705882;0.0;0.30000000000000004
GO:0045892;0.10169491525423724;0.0;0.07692307692307687;0.10256410256410253;0.1807228915662651;0.09999999999999998;0.09756097560975607;0.0;0.06818181818181823;0.09999999999999998;1.0;0.1578947368421053;0.0;0.2542372881355932;0.0888888888888889;0.0;0.1636363636363637;0.1132075471698113;0.11111111111111116;0.0;0.08510638297872342;0.0;0.10344827586206895;0.0;0.0;0.0;0.0;0.0;0.16216216216216217;0.1071428571428571;0.10256410256410253;0.1333333333333333;0.1428571428571429;0.0;0.10810810810810811;0.0;0.0;0.0888888888888889;0.38;0.09302325581395354;0.9444444444444444;0.1428571428571429;0.0;0.10256410256410253;0.07894736842105265;0.1636363636363637;0.30612244897959184;0.2857142857142857;0.0;0.0;0.09523809523809523;0.10256410256410253;0.0;0.5588235294117647;0.4375;0.1333333333333333;0.0;0.0;0.09756097560975607;0.09302325581395354;0.0;0.08695652173913049
GO:0030308;0.17142857142857137;0.0;0.1428571428571429;0.2666666666666667;0.08823529411764708;0.23529411764705888;0.23529411764705888;0.0;0.15000000000000002;0.5384615384615384;0.1578947368421053;1.0;0.0;0.13636363636363635;0.25;0.0;0.11111111111111116;0.2068965517241379;0.33333333333333337;0.0;0.17391304347826086;0.0;0.17647058823529416;0.0;0.0;0.0;0.0;0.0;0.46153846153846156;0.1875;0.2666666666666667;0.2857142857142857;0.33333333333333337;0.0;0.3076923076923077;0.0;0.0;0.19047619047619047;0.09756097560975607;0.21052631578947367;0.15000000000000002;0.33333333333333337;0.0;0.2666666666666667;0.2142857142857143;0.11111111111111116;0.17647058823529416;0.23529411764705888;0.0;0.0;0.2222222222222222;0.2666666666666667;0.0;0.16000000000000003;0.15384615384615385;0.2857142857142857;0.0;0.0;0.23529411764705888;0.21052631578947367;0.0;0.18181818181818177
GO:0001701;0.0;0.23076923076923073;0.0;0.0;0.0;0.0;0.0;0.0;0.0;0.0;0.0;0.0;1.0;0.0;0.0;0.1428571428571429;0.0;0.0;0.0;0.1428571428571429;0.0;0.0;0.0;0.0;0.0;0.0;0.0;0.0;0.0;0.0;0.0;0.0;0.0;0.0;0.0;0.2727272727272727;0.0;0.0;0.0;0.0;0.0;0.0;0.19999999999999996;0.0;0.0;0.0;0.0;0.0;0.16666666666666663;0.0;0.0;0.0;0.25;0.0;0.0;0.0;0.30000000000000004;0.0;0.0;0.0;0.0;0.0
GO:0043154;0.2033898305084746;0.0;0.06896551724137934;0.0888888888888889;0.28395061728395066;0.09090909090909094;0.08510638297872342;0.0;0.06000000000000005;0.08695652173913049;0.2542372881355932;0.13636363636363635;0.0;1.0;0.07843137254901966;0.0;0.18644067796610164;0.2264150943396226;0.09523809523809523;0.0;0.07547169811320753;0.0;0.09375;0.0;0.0;0.0;0.0;0.0;0.13953488372093026;0.09677419354838712;0.11363636363636365;0.2666666666666667;0.125;0.0;0.09302325581395354;0.0;0.0;0.07843137254901966;0.13636363636363635;0.08163265306122447;0.24590163934426235;0.125;0.0;0.0888888888888889;0.06818181818181823;0.3207547169811321;0.37254901960784315;0.18604651162790697;0.0;0.0;0.08333333333333337;0.0888888888888889;0.0;0.18000000000000005;0.171875;0.11764705882352944;0.0;0.0;0.15909090909090906;0.08163265306122447;0.0;0.07692307692307687
GO:0010975;0.09523809523809523;0.0;0.27586206896551724;0.19999999999999996;0.053333333333333344;0.17500000000000004;0.30000000000000004;0.0;0.2727272727272727;0.25;0.0888888888888889;0.25;0.0;0.07843137254901966;1.0;0.0;0.09756097560975607;0.11111111111111116;0.23529411764705888;0.0;0.1428571428571429;0.0;0.21621621621621623;0.0;0.0;0.0;0.0;0.0;0.19999999999999996;0.22857142857142854;0.19999999999999996;0.1428571428571429;0.16000000000000003;0.0;0.2222222222222222;0.0;0.0;0.30434782608695654;0.08695652173913049;0.75;0.08510638297872342;0.38095238095238093;0.0;0.19999999999999996;0.1578947368421053;0.09756097560975607;0.09756097560975607;0.13043478260869568;0.0;0.0;0.2857142857142857;0.19999999999999996;0.0;0.1333333333333333;0.08695652173913049;0.1428571428571429;0.0;0.0;0.18181818181818177;0.2727272727272727;0.0;0.34782608695652173
GO:0055007;0.0;0.1428571428571429;0.0714285714285714;0.0;0.0;0.0;0.0;0.08333333333333337;0.0;0.0;0.0;0.0;0.1428571428571429;0.0;0.0;1.0;0.0;0.0;0.16666666666666663;0.33333333333333337;0.0;0.0714285714285714;0.0;0.0;0.10526315789473684;0.06666666666666665;0.1428571428571429;0.11111111111111116;0.0;0.0;0.0;0.0;0.0;0.08695652173913049;0.0;0.4;0.06896551724137934;0.0;0.0;0.0;0.0;0.0;0.125;0.1333333333333333;0.0;0.0;0.0;0.11764705882352944;0.5555555555555556;0.05882352941176472;0.0;0.1333333333333333;0.36363636363636365;0.0;0.0;0.0;0.18181818181818177;0.0;0.0;0.0;0.1428571428571429;0.0
GO:0033138;0.07017543859649122;0.0;0.08333333333333337;0.11428571428571432;0.20512820512820518;0.06896551724137934;0.17142857142857137;0.0;0.10256410256410253;0.17647058823529416;0.1636363636363637;0.11111111111111116;0.0;0.18644067796610164;0.09756097560975607;0.0;1.0;0.07843137254901966;0.125;0.0;0.14634146341463417;0.0;0.0714285714285714;0.0;0.0;0.0;0.0;0.0;0.11428571428571432;0.07407407407407407;0.11428571428571432;0.09302325581395354;0.09999999999999998;0.0;0.19354838709677424;0.0;0.0;0.15384615384615385;0.30000000000000004;0.10256410256410253;0.1578947368421053;0.09999999999999998;0.0;0.11428571428571432;0.12121212121212122;0.46341463414634143;0.36363636363636365;0.13888888888888884;0.0;0.0;0.07692307692307687;0.11428571428571432;0.0;0.22499999999999998;0.1607142857142857;0.09302325581395354;0.0;0.0;0.17142857142857137;0.16216216216216217;0.0;0.15000000000000002
GO:1902042;0.6470588235294117;0.0;0.09302325581395354;0.3076923076923077;0.18666666666666665;0.32558139534883723;0.125;0.0;0.08571428571428574;0.12903225806451613;0.1132075471698113;0.2068965517241379;0.0;0.2264150943396226;0.11111111111111116;0.0;0.07843137254901966;1.0;0.14814814814814814;0.0;0.23529411764705888;0.0;0.12244897959183676;0.0;0.0;0.0;0.0;0.0;0.2142857142857143;0.12765957446808507;0.3076923076923077;0.4;0.18181818181818177;0.0;0.1428571428571429;0.0;0.0;0.11111111111111116;0.0714285714285714;0.11764705882352944;0.10909090909090913;0.18181818181818177;0.0;0.1333333333333333;0.10344827586206895;0.07843137254901966;0.12244897959183676;0.125;0.0;0.0;0.12121212121212122;0.1333333333333333;0.0;0.09999999999999998;0.30434782608695654;0.5;0.0;0.0;0.24137931034482762;0.11764705882352944;0.0;0.10810810810810811
GO:0007186;0.12121212121212122;0.0;0.2727272727272727;0.36363636363636365;0.06060606060606055;0.11764705882352944;0.3076923076923077;0.09090909090909094;0.1875;0.33333333333333337;0.11111111111111116;0.33333333333333337;0.0;0.09523809523809523;0.23529411764705888;0.16666666666666663;0.125;0.14814814814814814;1.0;0.16666666666666663;0.21052631578947367;0.07692307692307687;0.125;0.0;0.11764705882352944;0.0714285714285714;0.16666666666666663;0.125;0.36363636363636365;0.1333333333333333;0.36363636363636365;0.21052631578947367;0.25;0.09523809523809523;0.4444444444444444;0.19999999999999996;0.07407407407407407;0.23529411764705888;0.10810810810810811;0.2666666666666667;0.10526315789473684;0.25;0.0;0.6666666666666667;0.30000000000000004;0.125;0.125;0.3076923076923077;0.19999999999999996;0.0625;0.19999999999999996;0.6666666666666667;0.18181818181818177;0.19047619047619047;0.10810810810810811;0.21052631578947367;0.0;0.0;0.3076923076923077;0.2666666666666667;0.16666666666666663;0.2222222222222222
GO:0000902;0.0;0.1428571428571429;0.0714285714285714;0.0;0.0;0.0;0.0;0.08333333333333337;0.0;0.0;0.0;0.0;0.1428571428571429;0.0;0.0;0.33333333333333337;0.0;0.0;0.16666666666666663;1.0;0.0;0.0714285714285714;0.0;0.0;0.10526315789473684;0.06666666666666665;0.1428571428571429;0.11111111111111116;0.0;0.0;0.0;0.0;0.0;0.08695652173913049;0.0;0.4;0.06896551724137934;0.0;0.0;0.0;0.0;0.0;0.19999999999999996;0.1333333333333333;0.0;0.0;0.0;0.11764705882352944;0.4;0.05882352941176472;0.0;0.1333333333333333;0.36363636363636365;0.0;0.0;0.0;0.18181818181818177;0.0;0.0;0.0;0.33333333333333337;0.0
GO:0090263;0.19999999999999996;0.0;0.11428571428571432;0.4444444444444444;0.1095890410958904;0.22499999999999998;0.2727272727272727;0.0;0.15384615384615385;0.2857142857142857;0.08510638297872342;0.17391304347826086;0.0;0.07547169811320753;0.1428571428571429;0.0;0.14634146341463417;0.23529411764705888;0.21052631578947367;0.0;1.0;0.0;0.09302325581395354;0.0;0.0;0.0;0.0;0.0;0.18181818181818177;0.09756097560975607;0.4444444444444444;0.1333333333333333;0.14814814814814814;0.0;0.33333333333333337;0.0;0.0;0.23076923076923073;0.13043478260869568;0.15384615384615385;0.08163265306122447;0.14814814814814814;0.0;0.18181818181818177;0.19999999999999996;0.14634146341463417;0.09302325581395354;0.12;0.0;0.0;0.11538461538461542;0.18181818181818177;0.0;0.125;0.18181818181818177;0.41666666666666663;0.0;0.0;0.2727272727272727;0.25;0.0;0.2222222222222222
GO:0043312;0.0;0.0;0.04761904761904767;0.0;0.0;0.0;0.0;0.052631578947368474;0.0;0.0;0.0;0.0;0.0;0.0;0.0;0.0714285714285714;0.0;0.0;0.07692307692307687;0.0714285714285714;0.0;1.0;0.0;0.21739130434782605;0.06060606060606055;0.045454545454545414;0.0714285714285714;0.0625;0.0;0.0;0.0;0.0;0.0;0.05405405405405406;0.0;0.07692307692307687;0.046511627906976716;0.0;0.0;0.0;0.0;0.0;0.0;0.06896551724137934;0.0;0.0;0.0;0.06451612903225812;0.07692307692307687;0.04166666666666663;0.0;0.06896551724137934;0.07407407407407407;0.0;0.0;0.0;0.0;0.07692307692307687;0.0;0.0;0.0714285714285714;0.0
GO:0042662;0.10909090909090913;0.0;0.23809523809523814;0.11428571428571432;0.06818181818181823;0.24;0.17142857142857137;0.0;0.19444444444444442;0.11111111111111116;0.10344827586206895;0.17647058823529416;0.0;0.09375;0.21621621621621623;0.0;0.0714285714285714;0.12244897959183676;0.125;0.0;0.09302325581395354;0.0;1.0;0.0;0.0;0.0;0.0;0.0;0.18181818181818177;0.28888888888888886;0.11428571428571432;0.14634146341463417;0.1578947368421053;0.0;0.12121212121212122;0.0;0.0;0.1842105263157895;0.06557377049180324;0.22857142857142854;0.09999999999999998;0.4193548387096774;0.0;0.11428571428571432;0.08823529411764708;0.0714285714285714;0.11111111111111116;0.10810810810810811;0.0;0.0;0.3548387096774194;0.11428571428571432;0.0;0.0888888888888889;0.10169491525423724;0.14634146341463417;0.0;0.0;0.10810810810810811;0.16216216216216217;0.0;0.21052631578947367
GO:0006897;0.0;0.0;0.0;0.0;0.0;0.0;0.0;0.0;0.0;0.0;0.0;0.0;0.0;0.0;0.0;0.0;0.0;0.0;0.0;0.0;0.0;0.21739130434782605;0.0;1.0;0.0;0.0;0.0;0.0;0.0;0.0;0.0;0.0;0.0;0.0;0.0;0.0;0.0;0.0;0.0;0.0;0.0;0.0;0.0;0.0;0.0;0.0;0.0;0.0;0.0;0.0;0.0;0.0;0.0;0.0;0.0;0.0;0.0;0.0;0.0;0.0;0.0;0.0
GO:0071560;0.0;0.0;0.06060606060606055;0.0;0.0;0.0;0.0;0.06896551724137934;0.0;0.0;0.0;0.0;0.0;0.0;0.0;0.10526315789473684;0.0;0.0;0.11764705882352944;0.10526315789473684;0.0;0.06060606060606055;0.0;0.0;1.0;0.05714285714285716;0.23529411764705888;0.19047619047619047;0.0;0.0;0.0;0.0;0.0;0.0714285714285714;0.0;0.11764705882352944;0.05882352941176472;0.0;0.0;0.0;0.0;0.0;0.0;0.09999999999999998;0.0;0.0;0.0;0.09090909090909094;0.11764705882352944;0.05128205128205132;0.0;0.09999999999999998;0.11111111111111116;0.0;0.0;0.0;0.0;0.11764705882352944;0.0;0.0;0.10526315789473684;0.0
GO:0043161;0.0;0.0;0.045454545454545414;0.0;0.0;0.0;0.0;0.16666666666666663;0.0;0.0;0.0;0.0;0.0;0.0;0.0;0.06666666666666665;0.0;0.0;0.0714285714285714;0.06666666666666665;0.0;0.045454545454545414;0.0;0.0;0.05714285714285716;1.0;0.06666666666666665;0.05882352941176472;0.0;0.0;0.0;0.0;0.0;0.3666666666666667;0.0;0.0714285714285714;0.14634146341463417;0.0;0.0;0.0;0.0;0.0;0.0;0.06451612903225812;0.0;0.0;0.0;0.06060606060606055;0.0714285714285714;0.2093023255813954;0.0;0.06451612903225812;0.06896551724137934;0.0;0.0;0.0;0.0;0.0;0.0;0.0;0.06666666666666665;0.0
GO:0031668;0.0;0.0;0.0714285714285714;0.0;0.0;0.0;0.0;0.08333333333333337;0.0;0.0;0.0;0.0;0.0;0.0;0.0;0.1428571428571429;0.0;0.0;0.16666666666666663;0.1428571428571429;0.0;0.0714285714285714;0.0;0.0;0.23529411764705888;0.06666666666666665;1.0;0.25;0.0;0.0;0.0;0.0;0.0;0.08695652173913049;0.0;0.16666666666666663;0.06896551724137934;0.0;0.0;0.0;0.0;0.0;0.0;0.1333333333333333;0.0;0.0;0.0;0.11764705882352944;0.16666666666666663;0.05882352941176472;0.0;0.1333333333333333;0.15384615384615385;0.0;0.0;0.0;0.0;0.16666666666666663;0.0;0.0;0.1428571428571429;0.0
GO:0071481;0.0;0.0;0.0625;0.0;0.0;0.0;0.0;0.0714285714285714;0.0;0.0;0.0;0.0;0.0;0.0;0.0;0.11111111111111116;0.0;0.0;0.125;0.11111111111111116;0.0;0.0625;0.0;0.0;0.19047619047619047;0.05882352941176472;0.25;1.0;0.0;0.0;0.0;0.0;0.0;0.07407407407407407;0.0;0.125;0.06060606060606055;0.0;0.0;0.0;0.0;0.0;0.0;0.10526315789473684;0.0;0.0;0.0;0.09523809523809523;0.125;0.052631578947368474;0.0;0.10526315789473684;0.11764705882352944;0.0;0.0;0.0;0.0;0.125;0.0;0.0;0.11111111111111116;0.0
GO:0050680;0.17647058823529416;0.0;0.14814814814814814;0.2857142857142857;0.08955223880597019;0.17142857142857137;0.25;0.0;0.1578947368421053;0.2666666666666667;0.16216216216216217;0.46153846153846156;0.0;0.13953488372093026;0.19999999999999996;0.0;0.11428571428571432;0.2142857142857143;0.36363636363636365;0.0;0.18181818181818177;0.0;0.18181818181818177;0.0;0.0;0.0;0.0;0.0;1.0;0.19354838709677424;0.2857142857142857;0.30000000000000004;0.3529411764705882;0.0;0.4545454545454546;0.0;0.0;0.19999999999999996;0.09999999999999998;0.2222222222222222;0.15384615384615385;0.3529411764705882;0.0;0.2857142857142857;0.23076923076923073;0.11428571428571432;0.18181818181818177;0.25;0.0;0.0;0.23529411764705888;0.2857142857142857;0.0;0.16666666666666663;0.1578947368421053;0.30000000000000004;0.0;0.0;0.25;0.2222222222222222;0.0;0.19047619047619047
GO:2000726;0.1132075471698113;0.0;0.16279069767441856;0.12121212121212122;0.06976744186046513;0.19999999999999996;0.18181818181818177;0.0;0.17142857142857137;0.11764705882352944;0.1071428571428571;0.1875;0.0;0.09677419354838712;0.22857142857142854;0.0;0.07407407407407407;0.12765957446808507;0.1333333333333333;0.0;0.09756097560975607;0.0;0.28888888888888886;0.0;0.0;0.0;0.0;0.0;0.19354838709677424;1.0;0.12121212121212122;0.15384615384615385;0.16666666666666663;0.0;0.12903225806451613;0.0;0.0;0.19444444444444442;0.06779661016949157;0.24242424242424243;0.10344827586206895;0.4482758620689655;0.0;0.12121212121212122;0.09375;0.07407407407407407;0.11538461538461542;0.11428571428571432;0.0;0.0;0.29032258064516125;0.12121212121212122;0.0;0.09302325581395354;0.10526315789473684;0.15384615384615385;0.0;0.0;0.11428571428571432;0.17142857142857137;0.0;0.2222222222222222
GO:0010469;0.25;0.0;0.14814814814814814;0.8;0.140625;0.24242424242424243;0.25;0.0;0.1578947368421053;0.2666666666666667;0.10256410256410253;0.2666666666666667;0.0;0.11363636363636365;0.19999999999999996;0.0;0.11428571428571432;0.3076923076923077;0.36363636363636365;0.0;0.4444444444444444;0.0;0.11428571428571432;0.0;0.0;0.0;0.0;0.0;0.2857142857142857;0.12121212121212122;1.0;0.18181818181818177;0.21052631578947367;0.0;0.33333333333333337;0.0;0.0;0.19999999999999996;0.09999999999999998;0.2222222222222222;0.09756097560975607;0.21052631578947367;0.0;0.2857142857142857;0.23076923076923073;0.1470588235294118;0.11428571428571432;0.17647058823529416;0.0;0.0;0.16666666666666663;0.2857142857142857;0.0;0.16666666666666663;0.2222222222222222;0.4444444444444444;0.0;0.0;0.25;0.2222222222222222;0.0;0.19047619047619047
GO:0010667;0.33333333333333337;0.0;0.11428571428571432;0.18181818181818177;0.07999999999999996;0.13953488372093026;0.16666666666666663;0.0;0.11111111111111116;0.17391304347826086;0.1333333333333333;0.2857142857142857;0.0;0.2666666666666667;0.1428571428571429;0.0;0.09302325581395354;0.4;0.21052631578947367;0.0;0.1333333333333333;0.0;0.14634146341463417;0.0;0.0;0.0;0.0;0.0;0.30000000000000004;0.15384615384615385;0.18181818181818177;1.0;0.24;0.0;0.19999999999999996;0.0;0.0;0.1428571428571429;0.08333333333333337;0.15384615384615385;0.12765957446808507;0.24;0.0;0.18181818181818177;0.1428571428571429;0.09302325581395354;0.14634146341463417;0.16666666666666663;0.0;0.0;0.16000000000000003;0.18181818181818177;0.0;0.125;0.13043478260869568;0.2142857142857143;0.0;0.0;0.33333333333333337;0.15384615384615385;0.0;0.13793103448275867
GO:0030336;0.15384615384615385;0.0;0.125;0.21052631578947367;0.08333333333333337;0.15000000000000002;0.19047619047619047;0.0;0.125;0.19999999999999996;0.1428571428571429;0.33333333333333337;0.0;0.125;0.16000000000000003;0.0;0.09999999999999998;0.18181818181818177;0.25;0.0;0.14814814814814814;0.0;0.1578947368421053;0.0;0.0;0.0;0.0;0.0;0.3529411764705882;0.16666666666666663;0.21052631578947367;0.24;1.0;0.0;0.23529411764705888;0.0;0.0;0.16000000000000003;0.0888888888888889;0.17391304347826086;0.13636363636363635;0.2727272727272727;0.0;0.21052631578947367;0.16666666666666663;0.09999999999999998;0.1578947368421053;0.19047619047619047;0.0;0.0;0.18181818181818177;0.21052631578947367;0.0;0.13793103448275867;0.13953488372093026;0.24;0.0;0.0;0.19047619047619047;0.17391304347826086;0.0;0.15384615384615385
GO:0016567;0.0;0.0;0.05405405405405406;0.0;0.0;0.0;0.0;0.2068965517241379;0.0;0.0;0.0;0.0;0.0;0.0;0.0;0.08695652173913049;0.0;0.0;0.09523809523809523;0.08695652173913049;0.0;0.05405405405405406;0.0;0.0;0.0714285714285714;0.3666666666666667;0.08695652173913049;0.07407407407407407;0.0;0.0;0.0;0.0;0.0;1.0;0.0;0.09523809523809523;0.17647058823529416;0.0;0.0;0.0;0.0;0.0;0.0;0.08333333333333337;0.0;0.0;0.0;0.07692307692307687;0.09523809523809523;0.25;0.0;0.08333333333333337;0.09090909090909094;0.0;0.0;0.0;0.0;0.0;0.0;0.0;0.08695652173913049;0.0
GO:0008284;0.11764705882352944;0.0;0.16000000000000003;0.33333333333333337;0.05970149253731338;0.11428571428571432;0.5;0.0;0.25;0.5454545454545454;0.10810810810810811;0.3076923076923077;0.0;0.09302325581395354;0.2222222222222222;0.0;0.19354838709677424;0.1428571428571429;0.4444444444444444;0.0;0.33333333333333337;0.0;0.12121212121212122;0.0;0.0;0.0;0.0;0.0;0.4545454545454546;0.12903225806451613;0.33333333333333337;0.19999999999999996;0.23529411764705888;0.0;1.0;0.0;0.0;0.375;0.16666666666666663;0.25;0.10256410256410253;0.23529411764705888;0.0;0.33333333333333337;0.4;0.19354838709677424;0.12121212121212122;0.19999999999999996;0.0;0.0;0.1875;0.33333333333333337;0.0;0.18181818181818177;0.10526315789473684;0.19999999999999996;0.0;0.0;0.5;0.4285714285714286;0.0;0.3529411764705882
GO:0002063;0.0;0.2727272727272727;0.07692307692307687;0.0;0.0;0.0;0.0;0.09090909090909094;0.0;0.0;0.0;0.0;0.2727272727272727;0.0;0.0;0.4;0.0;0.0;0.19999999999999996;0.4;0.0;0.07692307692307687;0.0;0.0;0.11764705882352944;0.0714285714285714;0.16666666666666663;0.125;0.0;0.0;0.0;0.0;0.0;0.09523809523809523;0.0;1.0;0.07407407407407407;0.0;0.0;0.0;0.0;0.0;0.1428571428571429;0.15384615384615385;0.0;0.0;0.0;0.1333333333333333;0.5;0.0625;0.0;0.15384615384615385;0.8571428571428572;0.0;0.0;0.0;0.375;0.0;0.0;0.0;0.16666666666666663;0.0
GO:0006661;0.0;0.0;0.046511627906976716;0.0;0.0;0.0;0.0;0.5769230769230769;0.0;0.0;0.0;0.0;0.0;0.0;0.0;0.06896551724137934;0.0;0.0;0.07407407407407407;0.06896551724137934;0.0;0.046511627906976716;0.0;0.0;0.05882352941176472;0.14634146341463417;0.06896551724137934;0.06060606060606055;0.0;0.0;0.0;0.0;0.0;0.17647058823529416;0.0;0.07407407407407407;1.0;0.0;0.0;0.0;0.0;0.0;0.0;0.06666666666666665;0.0;0.0;0.0;0.0625;0.07407407407407407;0.2142857142857143;0.0;0.06666666666666665;0.0714285714285714;0.0;0.0;0.0;0.0;0.0;0.0;0.0;0.06896551724137934;0.0
GO:0045669;0.09523809523809523;0.0;0.19354838709677424;0.19999999999999996;0.053333333333333344;0.14634146341463417;0.625;0.0;0.4;0.3157894736842105;0.0888888888888889;0.19047619047619047;0.0;0.07843137254901966;0.30434782608695654;0.0;0.15384615384615385;0.11111111111111116;0.23529411764705888;0.0;0.23076923076923073;0.0;0.1842105263157895;0.0;0.0;0.0;0.0;0.0;0.19999999999999996;0.19444444444444442;0.19999999999999996;0.1428571428571429;0.16000000000000003;0.0;0.375;0.0;0.0;1.0;0.13636363636363635;0.33333333333333337;0.08510638297872342;0.31818181818181823;0.0;0.19999999999999996;0.2222222222222222;0.15384615384615385;0.09756097560975607;0.13043478260869568;0.0;0.0;0.2272727272727273;0.19999999999999996;0.0;0.1333333333333333;0.08695652173913049;0.1428571428571429;0.0;0.0;0.30000000000000004;0.5555555555555556;0.0;0.631578947368421
GO:0045944;0.06451612903225812;0.0;0.07547169811320753;0.09999999999999998;0.09999999999999998;0.06349206349206349;0.15000000000000002;0.0;0.09090909090909094;0.15384615384615385;0.38;0.09756097560975607;0.0;0.13636363636363635;0.08695652173913049;0.0;0.30000000000000004;0.0714285714285714;0.10810810810810811;0.0;0.13043478260869568;0.0;0.06557377049180324;0.0;0.0;0.0;0.0;0.0;0.09999999999999998;0.06779661016949157;0.09999999999999998;0.08333333333333337;0.0888888888888889;0.0;0.16666666666666663;0.0;0.0;0.13636363636363635;1.0;0.09090909090909094;0.3921568627450981;0.0888888888888889;0.0;0.09999999999999998;0.10526315789473684;0.30000000000000004;0.1607142857142857;0.15000000000000002;0.0;0.0;0.06818181818181823;0.09999999999999998;0.0;0.5428571428571429;0.4;0.08333333333333337;0.0;0.0;0.15000000000000002;0.1428571428571429;0.0;0.1333333333333333
GO:1904956;0.09999999999999998;0.0;0.2962962962962963;0.2222222222222222;0.0547945205479452;0.1842105263157895;0.33333333333333337;0.0;0.30000000000000004;0.21052631578947367;0.09302325581395354;0.21052631578947367;0.0;0.08163265306122447;0.75;0.0;0.10256410256410253;0.11764705882352944;0.2666666666666667;0.0;0.15384615384615385;0.0;0.22857142857142854;0.0;0.0;0.0;0.0;0.0;0.2222222222222222;0.24242424242424243;0.2222222222222222;0.15384615384615385;0.17391304347826086;0.0;0.25;0.0;0.0;0.33333333333333337;0.09090909090909094;1.0;0.0888888888888889;0.42105263157894735;0.0;0.2222222222222222;0.17647058823529416;0.10256410256410253;0.10256410256410253;0.1428571428571429;0.0;0.0;0.3157894736842105;0.2222222222222222;0.0;0.1428571428571429;0.09090909090909094;0.15384615384615385;0.0;0.0;0.19999999999999996;0.30000000000000004;0.0;0.38095238095238093
GO:0000122;0.09836065573770492;0.0;0.07407407407407407;0.09756097560975607;0.17647058823529416;0.09677419354838712;0.09302325581395354;0.0;0.06521739130434778;0.09523809523809523;0.9444444444444444;0.15000000000000002;0.0;0.24590163934426235;0.08510638297872342;0.0;0.1578947368421053;0.10909090909090913;0.10526315789473684;0.0;0.08163265306122447;0.0;0.09999999999999998;0.0;0.0;0.0;0.0;0.0;0.15384615384615385;0.10344827586206895;0.09756097560975607;0.12765957446808507;0.13636363636363635;0.0;0.10256410256410253;0.0;0.0;0.08510638297872342;0.3921568627450981;0.0888888888888889;1.0;0.13636363636363635;0.0;0.09756097560975607;0.07499999999999996;0.1578947368421053;0.2941176470588235;0.2702702702702703;0.0;0.0;0.09090909090909094;0.09756097560975607;0.0;0.5277777777777778;0.44897959183673475;0.12765957446808507;0.0;0.0;0.09302325581395354;0.0888888888888889;0.0;0.08333333333333337
GO:0010719;0.15384615384615385;0.0;0.24137931034482762;0.21052631578947367;0.08333333333333337;0.2777777777777778;0.3157894736842105;0.0;0.2857142857142857;0.19999999999999996;0.1428571428571429;0.33333333333333337;0.0;0.125;0.38095238095238093;0.0;0.09999999999999998;0.18181818181818177;0.25;0.0;0.14814814814814814;0.0;0.4193548387096774;0.0;0.0;0.0;0.0;0.0;0.3529411764705882;0.4482758620689655;0.21052631578947367;0.24;0.2727272727272727;0.0;0.23529411764705888;0.0;0.0;0.31818181818181823;0.0888888888888889;0.42105263157894735;0.13636363636363635;1.0;0.0;0.21052631578947367;0.16666666666666663;0.09999999999999998;0.1578947368421053;0.19047619047619047;0.0;0.0;0.5294117647058824;0.21052631578947367;0.0;0.13793103448275867;0.13953488372093026;0.24;0.0;0.0;0.19047619047619047;0.2857142857142857;0.0;0.36363636363636365
GO:0001569;0.0;0.125;0.0;0.0;0.0;0.0;0.0;0.0;0.0;0.0;0.0;0.0;0.19999999999999996;0.0;0.0;0.125;0.0;0.0;0.0;0.19999999999999996;0.0;0.0;0.0;0.0;0.0;0.0;0.0;0.0;0.0;0.0;0.0;0.0;0.0;0.0;0.0;0.1428571428571429;0.0;0.0;0.0;0.0;0.0;0.0;1.0;0.0;0.0;0.0;0.0;0.0;0.1428571428571429;0.0;0.0;0.0;0.1333333333333333;0.0;0.0;0.0;0.15384615384615385;0.0;0.0;0.0;0.0;0.0
GO:0060070;0.11111111111111116;0.0;0.40909090909090906;0.2857142857142857;0.05797101449275366;0.10810810810810811;0.25;0.07999999999999996;0.1578947368421053;0.2666666666666667;0.10256410256410253;0.2666666666666667;0.0;0.0888888888888889;0.19999999999999996;0.1333333333333333;0.11428571428571432;0.1333333333333333;0.6666666666666667;0.1333333333333333;0.18181818181818177;0.06896551724137934;0.11428571428571432;0.0;0.09999999999999998;0.06451612903225812;0.1333333333333333;0.10526315789473684;0.2857142857142857;0.12121212121212122;0.2857142857142857;0.18181818181818177;0.21052631578947367;0.08333333333333337;0.33333333333333337;0.15384615384615385;0.06666666666666665;0.19999999999999996;0.09999999999999998;0.2222222222222222;0.09756097560975607;0.21052631578947367;0.0;1.0;0.23076923076923073;0.11428571428571432;0.11428571428571432;0.25;0.15384615384615385;0.05714285714285716;0.16666666666666663;1.0;0.1428571428571429;0.16666666666666663;0.09999999999999998;0.18181818181818177;0.0;0.0;0.25;0.2222222222222222;0.1333333333333333;0.19047619047619047
GO:0033630;0.08571428571428574;0.0;0.11538461538461542;0.23076923076923073;0.044117647058823484;0.08333333333333337;0.2857142857142857;0.0;0.25;0.3076923076923077;0.07894736842105265;0.2142857142857143;0.0;0.06818181818181823;0.1578947368421053;0.0;0.12121212121212122;0.10344827586206895;0.30000000000000004;0.0;0.19999999999999996;0.0;0.08823529411764708;0.0;0.0;0.0;0.0;0.0;0.23076923076923073;0.09375;0.23076923076923073;0.1428571428571429;0.16666666666666663;0.0;0.4;0.0;0.0;0.2222222222222222;0.10526315789473684;0.17647058823529416;0.07499999999999996;0.16666666666666663;0.0;0.23076923076923073;1.0;0.12121212121212122;0.08823529411764708;0.19999999999999996;0.0;0.0;0.1875;0.23076923076923073;0.0;0.13043478260869568;0.07692307692307687;0.1428571428571429;0.0;0.0;0.2857142857142857;0.25;0.0;0.21052631578947367
GO:0010950;0.07017543859649122;0.0;0.08333333333333337;0.11428571428571432;0.16049382716049387;0.06896551724137934;0.17142857142857137;0.0;0.10256410256410253;0.17647058823529416;0.1636363636363637;0.11111111111111116;0.0;0.3207547169811321;0.09756097560975607;0.0;0.46341463414634143;0.07843137254901966;0.125;0.0;0.14634146341463417;0.0;0.0714285714285714;0.0;0.0;0.0;0.0;0.0;0.11428571428571432;0.07407407407407407;0.1470588235294118;0.09302325581395354;0.09999999999999998;0.0;0.19354838709677424;0.0;0.0;0.15384615384615385;0.30000000000000004;0.10256410256410253;0.1578947368421053;0.09999999999999998;0.0;0.11428571428571432;0.12121212121212122;1.0;0.22448979591836737;0.13888888888888884;0.0;0.0;0.07692307692307687;0.11428571428571432;0.0;0.22499999999999998;0.1607142857142857;0.09302325581395354;0.0;0.0;0.17142857142857137;0.16216216216216217;0.0;0.15000000000000002
GO:0050732;0.10909090909090913;0.0;0.08333333333333337;0.11428571428571432;0.4461538461538461;0.1071428571428571;0.10810810810810811;0.0;0.07499999999999996;0.11111111111111116;0.30612244897959184;0.17647058823529416;0.0;0.37254901960784315;0.09756097560975607;0.0;0.36363636363636365;0.12244897959183676;0.125;0.0;0.09302325581395354;0.0;0.11111111111111116;0.0;0.0;0.0;0.0;0.0;0.18181818181818177;0.11538461538461542;0.11428571428571432;0.14634146341463417;0.1578947368421053;0.0;0.12121212121212122;0.0;0.0;0.09756097560975607;0.1607142857142857;0.10256410256410253;0.2941176470588235;0.1578947368421053;0.0;0.11428571428571432;0.08823529411764708;0.22448979591836737;1.0;0.24242424242424243;0.0;0.0;0.10526315789473684;0.11428571428571432;0.0;0.22499999999999998;0.20370370370370372;0.14634146341463417;0.0;0.0;0.10810810810810811;0.10256410256410253;0.0;0.09523809523809523
GO:0016458;0.10526315789473684;0.0;0.13793103448275867;0.17647058823529416;0.11940298507462688;0.10256410256410253;0.1578947368421053;0.07407407407407407;0.1428571428571429;0.16666666666666663;0.2857142857142857;0.23529411764705888;0.0;0.18604651162790697;0.13043478260869568;0.11764705882352944;0.13888888888888884;0.125;0.3076923076923077;0.11764705882352944;0.12;0.06451612903225812;0.10810810810810811;0.0;0.09090909090909094;0.06060606060606055;0.11764705882352944;0.09523809523809523;0.25;0.11428571428571432;0.17647058823529416;0.16666666666666663;0.19047619047619047;0.07692307692307687;0.19999999999999996;0.1333333333333333;0.0625;0.13043478260869568;0.15000000000000002;0.1428571428571429;0.2702702702702703;0.19047619047619047;0.0;0.25;0.19999999999999996;0.13888888888888884;0.24242424242424243;1.0;0.1333333333333333;0.05405405405405406;0.21052631578947367;0.25;0.125;0.25;0.17948717948717952;0.16666666666666663;0.0;0.0;0.1578947368421053;0.1428571428571429;0.11764705882352944;0.125
GO:0048708;0.0;0.16666666666666663;0.07692307692307687;0.0;0.0;0.0;0.0;0.09090909090909094;0.0;0.0;0.0;0.0;0.16666666666666663;0.0;0.0;0.5555555555555556;0.0;0.0;0.19999999999999996;0.4;0.0;0.07692307692307687;0.0;0.0;0.11764705882352944;0.0714285714285714;0.16666666666666663;0.125;0.0;0.0;0.0;0.0;0.0;0.09523809523809523;0.0;0.5;0.07407407407407407;0.0;0.0;0.0;0.0;0.0;0.1428571428571429;0.15384615384615385;0.0;0.0;0.0;0.1333333333333333;1.0;0.0625;0.0;0.15384615384615385;0.4444444444444444;0.0;0.0;0.0;0.2222222222222222;0.0;0.0;0.0;0.16666666666666663;0.0
GO:0006351;0.0;0.0;0.04166666666666663;0.0;0.0;0.0;0.0;0.15000000000000002;0.0;0.0;0.0;0.0;0.0;0.0;0.0;0.05882352941176472;0.0;0.0;0.0625;0.05882352941176472;0.0;0.04166666666666663;0.0;0.0;0.05128205128205132;0.2093023255813954;0.05882352941176472;0.052631578947368474;0.0;0.0;0.0;0.0;0.0;0.25;0.0;0.0625;0.2142857142857143;0.0;0.0;0.0;0.0;0.0;0.0;0.05714285714285716;0.0;0.0;0.0;0.05405405405405406;0.0625;1.0;0.0;0.05714285714285716;0.06060606060606055;0.0;0.0;0.0;0.0;0.0;0.0;0.0;0.05882352941176472;0.0
GO:0061185;0.10256410256410253;0.0;0.2592592592592593;0.16666666666666663;0.05555555555555558;0.2222222222222222;0.21052631578947367;0.0;0.3157894736842105;0.1578947368421053;0.09523809523809523;0.2222222222222222;0.0;0.08333333333333337;0.2857142857142857;0.0;0.07692307692307687;0.12121212121212122;0.19999999999999996;0.0;0.11538461538461542;0.0;0.3548387096774194;0.0;0.0;0.0;0.0;0.0;0.23529411764705888;0.29032258064516125;0.16666666666666663;0.16000000000000003;0.18181818181818177;0.0;0.1875;0.0;0.0;0.2272727272727273;0.06818181818181823;0.3157894736842105;0.09090909090909094;0.5294117647058824;0.0;0.16666666666666663;0.1875;0.07692307692307687;0.10526315789473684;0.21052631578947367;0.0;0.0;1.0;0.16666666666666663;0.0;0.1071428571428571;0.09302325581395354;0.16000000000000003;0.0;0.0;0.15000000000000002;0.19047619047619047;0.0;0.2727272727272727
GO:0090244;0.11111111111111116;0.0;0.40909090909090906;0.2857142857142857;0.05797101449275366;0.10810810810810811;0.25;0.07999999999999996;0.1578947368421053;0.2666666666666667;0.10256410256410253;0.2666666666666667;0.0;0.0888888888888889;0.19999999999999996;0.1333333333333333;0.11428571428571432;0.1333333333333333;0.6666666666666667;0.1333333333333333;0.18181818181818177;0.06896551724137934;0.11428571428571432;0.0;0.09999999999999998;0.06451612903225812;0.1333333333333333;0.10526315789473684;0.2857142857142857;0.12121212121212122;0.2857142857142857;0.18181818181818177;0.21052631578947367;0.08333333333333337;0.33333333333333337;0.15384615384615385;0.06666666666666665;0.19999999999999996;0.09999999999999998;0.2222222222222222;0.09756097560975607;0.21052631578947367;0.0;1.0;0.23076923076923073;0.11428571428571432;0.11428571428571432;0.25;0.15384615384615385;0.05714285714285716;0.16666666666666663;1.0;0.1428571428571429;0.16666666666666663;0.09999999999999998;0.18181818181818177;0.0;0.0;0.25;0.2222222222222222;0.1333333333333333;0.19047619047619047
