;GO:0043988;GO:0018108;GO:0007131;GO:0007052;GO:0046777;GO:0000733;GO:0006364;GO:0009157;GO:0032091;GO:0007019;GO:0044878;GO:0071373;GO:0051289;GO:0000183;GO:0045893;GO:0044320;GO:0007409;GO:0034501;GO:0071732;GO:0071897;GO:0016572;GO:0071456;GO:0035556;GO:0010971;GO:0031115;GO:0036089;GO:0036123;GO:0036124;GO:0000707;GO:0007066;GO:0036120;GO:0009165;GO:0007141;GO:1901796;GO:0008631;GO:0007265;GO:0046104;GO:0006974;GO:0042148;GO:0048012;GO:0051973;GO:0051497;GO:0051256;GO:0031145;GO:0033762;GO:0031100;GO:0016567;GO:0035024;GO:1904355;GO:0045787;GO:0051272;GO:0009615;GO:0042754;GO:0061436;GO:0000079;GO:0000122;GO:0071392;GO:0000086;GO:0043097;GO:0048146;GO:0000281;GO:0034644;GO:0071314;GO:0032466;GO:0016310;GO:0032467;GO:0031577;GO:0016579;GO:1905098;GO:0006351;GO:0007088;GO:0000724;GO:0000722;GO:1990314;GO:0043065;GO:0070495;GO:0002903;GO:0032212
GO:0043988;1.0;0.8074360053662901;0.4226251290517099;0.23506039853100485;0.8003478683150657;0.48875162428552205;0.39546164357523644;0.3496568519949204;0.0;0.22229986309860972;0.1078296515829186;0.11039457848882411;0.24428921537506096;0.1589769049250704;0.0;0.13573974673699785;0.22951680850615439;0.0;0.11399917584455022;0.38332917727746313;0.9272673688975331;0.1331312951797819;0.15166472166591932;0.0;0.0;0.2508264483377016;0.7227903900087944;0.722689025865171;0.21799776395990314;0.23123894043440957;0.13581131267437185;0.358640861624864;0.22294166585664435;0.0;0.1427386702141568;0.14548201695406052;0.3769063759752258;0.15701264754667793;0.45886267562768046;0.14247899736590114;0.0;0.0;0.24999899478479776;0.47209957928768975;0.0;0.0;0.686429420659012;0.0;0.0;0.0;0.0;0.0;0.0;0.0;0.0;0.0;0.12139724411455029;0.1556575458177102;0.293677386519473;0.0;0.15925256409166952;0.13940232620495277;0.10556445787792801;0.0;0.4249313025543177;0.0;0.13939061640294245;0.6751036756600969;0.0;0.37029646060271554;0.0;0.39456980473540315;0.44249417867867413;0.11549892350943466;0.0;0.0;0.0;0.0
GO:0018108;0.8074360053662901;1.0;0.48619226462767845;0.16552945627931884;0.9252985859824772;0.4735467528323258;0.45730963140829467;0.39380273099162194;0.0;0.1549078460185874;0.12347429910532462;0.12684913871890074;0.17335218550298498;0.08842061771255486;0.0;0.16149861994311293;0.1608876546856395;0.0;0.131631640257547;0.43490357100289895;0.8393717734471654;0.1578196563269748;0.18455443331068677;0.0;0.0;0.1789666613780972;0.6478849491135754;0.6477826678530313;0.15137672085260392;0.16232509814246254;0.16159993485696877;0.40523558600788284;0.15543676570497728;0.0;0.17150380533403944;0.1754796580058879;0.43335922176714764;0.19253435993593335;0.534777204374961;0.1711290640155715;0.0;0.0;0.1782526066756209;0.5388168405257179;0.0;0.0;0.7981191799437314;0.0;0.0;0.0;0.0;0.0;0.0;0.0;0.0;0.0;0.1415952515884535;0.19050072978075713;0.3268537084081012;0.0;0.19591331935382658;0.16670984790857643;0.120513148975787;0.0;0.5195681896993473;0.0;0.16669310137692112;0.7828489306324268;0.0;0.4182043935117774;0.0;0.4494296888185402;0.422865254483909;0.13363528154535828;0.0;0.0;0.0;0.0
GO:0007131;0.4226251290517099;0.48619226462767845;1.0;0.21391972088763658;0.5045588434149006;0.7638834040352415;0.7286288183423107;0.5113153898666676;0.0;0.15487505511816965;0.15957948630607488;0.12682715008697343;0.17331112216886943;0.08840993324067455;0.0;0.16146297973497473;0.16085228359876122;0.0;0.1316079624813217;0.7015574221362761;0.457711271209342;0.1577856212317073;0.18450789207791315;0.0;0.0;0.2312808617946008;0.40635223752378813;0.406288096285917;0.2827293719365215;0.30317334251584205;0.16156424992252497;0.5261576217048308;0.29031078940255295;0.0;0.1714636129114178;0.1754375807060921;0.6065703990751385;0.19248370746059024;0.8626359059670707;0.17108904702403163;0.0;0.0;0.23035830470857474;0.4567346201287042;0.0;0.0;0.5258549870988123;0.0;0.0;0.0;0.0;0.0;0.0;0.0;0.0;0.0;0.14156785403445848;0.2461826030929962;0.45751483368090207;0.0;0.25317537780623983;0.16667187078929777;0.12049330193356936;0.0;0.34724729234346247;0.0;0.1666551318862339;0.5157957797231016;0.0;0.6426660695197163;0.0;0.7578593362178149;0.7130713702486413;0.13361087752365747;0.0;0.0;0.0;0.0
GO:0007052;0.23506039853100485;0.16552945627931884;0.21391972088763658;1.0;0.17370620694671254;0.3210503210966297;0.17410484348330263;0.13267464250064884;0.0;0.6123033926290582;0.2495357376206424;0.16356541405302794;0.42417166063610356;0.17780534875250537;0.0;0.22612232954934663;0.3815327639925763;0.0;0.1716049035746821;0.143597896183915;0.25986967340041495;0.218975163147336;0.2740599102566056;0.0;0.0;0.5209212169573024;0.22389385638401185;0.22385025596505248;0.4112310176797316;0.5237198066810386;0.22632099927204993;0.1374634247723489;0.4930629509742096;0.0;0.2462353056785806;0.25451458905651336;0.1645959199488416;0.29203392030258996;0.18751726067664284;0.24546356497755317;0.0;0.0;0.6675464746666462;0.1527865582780355;0.0;0.0;0.18341948181668116;0.0;0.0;0.0;0.0;0.0;0.0;0.0;0.0;0.0;0.18893714972744702;0.45388033532056465;0.11585046120167647;0.0;0.4736196339051842;0.23647216585811529;0.1531808457193327;0.0;0.2851898357851743;0.0;0.2364384725101868;0.17879977783858694;0.0;0.13674979741474072;0.0;0.14966446802173047;0.27825932411086324;0.17502604412818593;0.0;0.0;0.0;0.0
GO:0046777;0.8003478683150657;0.9252985859824772;0.5045588434149006;0.17370620694671254;1.0;0.4909532507180442;0.4752994867550869;0.4062147647512629;0.0;0.16204627420296425;0.1279676131009506;0.13159615648714132;0.18234102971783686;0.09070125903861871;0.0;0.16927264104566558;0.16860156251676525;0.0;0.13675057488377762;0.44954120479431336;0.8691618911210143;0.16523539300909365;0.19477680950163082;0.0;0.0;0.18856330686597944;0.6360711505759736;0.6359675835039178;0.15818626425802454;0.17018082601564544;0.16938394802684054;0.41839080954649355;0.16262515526231197;0.0;0.18029712138467321;0.18469635329078507;0.44965873005215784;0.20368656534397916;0.557082115735227;0.17988301398273698;0.0;0.0;0.18777078970270245;0.5578977160446292;0.0;0.0;0.8308360630969409;0.0;0.0;0.0;0.0;0.0;0.0;0.0;0.0;0.0;0.14753593818561528;0.2014119151010076;0.3360410351344843;0.0;0.2074721499750871;0.1750065538486824;0.12478979836377059;0.0;0.5491677936484729;0.0;0.17498809907095317;0.8143011914974098;0.0;0.4317220440406627;0.0;0.46507906191309234;0.4366908712399104;0.13891436364562035;0.0;0.0;0.0;0.0
GO:0000733;0.48875162428552205;0.4735467528323258;0.7638834040352415;0.3210503210966297;0.4909532507180442;1.0;0.7089475739831604;0.5001069929880041;0.0;0.3010983243867263;0.12035383069939758;0.12355803316354194;0.2837219564594889;0.14725005167483365;0.0;0.1562015293610059;0.2639881929655553;0.0;0.12809115542203264;0.6851928984525809;0.528332512572915;0.15275737154898042;0.17766918061447023;0.0;0.0;0.2925782356951819;0.4703434236979247;0.47027080223963186;0.24886320244435725;0.3592951358489572;0.15629630514283896;0.5142966233052525;0.3020939042994752;0.0;0.16554216603054606;0.16924343117875204;0.5908610467219617;0.1850528819738076;0.8380258699761256;0.16519299812840713;0.0;0.0;0.2914530023742868;0.4455574177746617;0.0;0.0;0.5110934422995843;0.0;0.0;0.0;0.0;0.0;0.0;0.0;0.0;0.0;0.13750682461331853;0.18317345492114515;0.4485202931040584;0.0;0.1881722177328009;0.16107135711661533;0.11753875279309113;0.0;0.33404262860039124;0.0;0.16105572418329722;0.5015859571056157;0.0;0.6282378467725142;0.0;0.7075240266771785;0.8068749341699422;0.12998768623414841;0.0;0.0;0.0;0.0
GO:0006364;0.39546164357523644;0.45730963140829467;0.7286288183423107;0.17410484348330263;0.4752994867550869;0.7089475739831604;1.0;0.528280465230324;0.0;0.16239313692822827;0.12818382730176203;0.13182481706314855;0.18278033333459573;0.09080982584660893;0.0;0.1696511660123689;0.1689770887919478;0.0;0.1369975156339077;0.6490542083916564;0.4295195184153731;0.1655960579954638;0.1952781604418583;0.0;0.0;0.18903314260697618;0.3797316167940154;0.3796696976623517;0.15851678211499276;0.17056342820822162;0.16976297152057634;0.544139219194073;0.1629745032943101;0.0;0.1807266200614187;0.18514709332129342;0.6305937308164183;0.2042348969079941;0.8046241143118783;0.1803105396363063;0.0;0.0;0.1882366794968236;0.42856885018532315;0.0;0.0;0.49622674032907066;0.0;0.0;0.0;0.0;0.0;0.0;0.0;0.0;0.0;0.14782340779801367;0.20194805204941774;0.4710503519418028;0.0;0.20804108126615373;0.17541118798036254;0.12499539879453386;0.0;0.3680969201184602;0.0;0.17539264776960228;0.48633266610890624;0.0;0.6602917275240915;0.0;0.6715242612391442;0.6304725479722232;0.1391691881324406;0.0;0.0;0.0;0.0
GO:0009157;0.3496568519949204;0.39380273099162194;0.5113153898666676;0.13267464250064884;0.4062147647512629;0.5001069929880041;0.528280465230324;1.0;0.0;0.12576298180168335;0.10422240532366316;0.1066166874457056;0.13765349019819967;0.07809087238373011;0.0;0.1300725387786683;0.12967592304060352;0.0;0.10997504263578672;0.7207308457732565;0.37425476116119005;0.12767542573195756;0.14462424327471984;0.0;0.0;0.14117021235539;0.281480238544207;0.2814419322679093;0.12342555236567516;0.13060812912211017;0.13013825218338407;0.9217207358540978;0.12611137498761618;0.0;0.13648543929987741;0.13899157475316426;0.5725672834147085;0.14947923086929682;0.5535209712065641;0.13624800114630045;0.0;0.0;0.14072554069539553;0.31106317375927367;0.0;0.0;0.35006713177801224;0.0;0.0;0.0;0.0;0.0;0.0;0.0;0.0;0.0;0.11684429457959837;0.1482505355346692;0.6691950648449465;0.0;0.1515079742384626;0.13343188876041642;0.10210474433333212;0.0;0.3611722917317567;0.0;0.13342116047448296;0.3445004833813236;0.0;0.6969704208301516;0.0;0.4784677712252244;0.4542247626946859;0.11137013002200435;0.0;0.0;0.0;0.0
GO:0032091;0.0;0.0;0.0;0.0;0.0;0.0;0.0;0.0;1.0;0.0;0.17527044057272603;0.0;0.0;0.11098119577698236;0.134648068345224;0.0;0.0;0.0;0.0;0.0;0.0;0.0;0.3394068563843941;0.21142781608274452;0.18338011706357268;0.0;0.0;0.0;0.0;0.0;0.0;0.0;0.0;0.30089171458579234;0.2966698656747621;0.30914191428747945;0.0;0.0;0.0;0.2955175605376817;0.1754912342808225;0.19335069361956872;0.0;0.0;0.0;0.0;0.0;0.1945016812576205;0.15263487968383482;0.3318440182452694;0.3150520022169545;0.0;0.38729585274146355;0.2965120185261598;0.23147549478366766;0.12731989056634446;0.0;0.0;0.0;0.3028817066557423;0.0;0.0;0.0;0.2592718534620762;0.0;0.25847521812868895;0.2821695470420311;0.0;0.7119612056653767;0.0;0.2938399927526347;0.0;0.15117824399918736;0.0;0.2758827218261755;0.22008846493233547;0.22424947075049062;0.12085870148072729
GO:0007019;0.22229986309860972;0.1549078460185874;0.15487505511816965;0.6123033926290582;0.16204627420296425;0.3010983243867263;0.16239313692822827;0.12576298180168335;0.0;1.0;0.14829175754418317;0.15318646165043448;0.4532641228945379;0.17040622140341022;0.0;0.20675616664812876;0.3490146239027839;0.0;0.160216114569339;0.1355358738747646;0.24436223973613852;0.200764589299235;0.2461194760376809;0.0;0.0;0.40079349440800166;0.21228696958931112;0.21224777217960844;0.38097247057560923;0.4176719861261723;0.2069222511272116;0.13005774324561278;0.39521719050993137;0.0;0.2234444060890699;0.23024084794143446;0.15408997527974289;0.26051912002299976;0.17400163262977003;0.2228087302060182;0.0;0.0;0.46638019080269094;0.14369243749500077;0.0;0.0;0.1704677082568434;0.0;0.0;0.0;0.0;0.0;0.0;0.0;0.0;0.0;0.17522354932071793;0.25680959813797005;0.11054552002996706;0.0;0.26674420615737454;0.21537531587689843;0.14404113092762497;0.0;0.2550586788743176;0.0;0.21534736589802936;0.16647028121158494;0.0;0.12941875763291677;0.0;0.14092758778085362;0.2631462823648606;0.16319428597939983;0.0;0.0;0.0;0.0
GO:0044878;0.1078296515829186;0.12347429910532462;0.15957948630607488;0.2495357376206424;0.1279676131009506;0.12035383069939758;0.12818382730176203;0.10422240532366316;0.17527044057272603;0.14829175754418317;1.0;0.12237816282201741;0.1651087130640137;0.2640353368702458;0.18678114262108453;0.15432061682472492;0.15376266100065883;0.0;0.12682356638728393;0.11084605492099425;0.11648271986008096;0.15095801297988892;0.4168255380218917;0.5199217225624696;0.3147246652047954;0.21999774344361414;0.10380128111194452;0.10378538389050496;0.1874992316468832;0.2004545031119033;0.15441312317362918;0.10715480212062341;0.19231262661502047;0.3093835727407004;0.388737449906502;0.3973157294418802;0.12295411567993719;0.18241882672481483;0.13530933727167893;0.38792794440904016;0.18402847599725197;0.325651147636965;0.26777928886784896;0.11624245409179787;0.0;0.0;0.13316263433457975;0.32688631441737;0.2040257094155699;0.3766822498602038;0.3169573366354774;0.0;0.3318585121346595;0.1587209514849402;0.25795661800748887;0.2446379581732538;0.13604709341647314;0.2852219652409708;0.09355020249875497;0.3104680396976191;0.2928929757180971;0.1590720861313398;0.11647054301967533;0.5631000509369429;0.17972465460179435;0.3729691199199357;0.6232594796485568;0.1307107754002965;0.26774385148372726;0.10672067408035063;0.4471171972039624;0.11442638425727047;0.15870514130056082;0.12868247445164382;0.2951586993692776;0.3530372358013978;0.3570663890567124;0.17265232452881185
GO:0071373;0.11039457848882411;0.12684913871890074;0.12682715008697343;0.16356541405302794;0.13159615648714132;0.12355803316354194;0.13182481706314855;0.1066166874457056;0.0;0.15318646165043448;0.12237816282201741;1.0;0.17119932728105716;0.0878570911142568;0.0;0.6445849619150489;0.15903160238155384;0.0;0.4490655998919223;0.11355829513239336;0.11948154666724757;0.35613276684185335;0.1821163005135002;0.0;0.0;0.17667301525948606;0.1061760330712546;0.10615940019848484;0.14973250347465772;0.16043592676799256;0.5540153235439099;0.109687347397104;0.15370367198414106;0.0;0.16939633329662548;0.17327396960609445;0.12630019425286662;0.31664727441577334;0.13937278609547427;0.16903073536405308;0.0;0.0;0.1759771104129883;0.11922876387684173;0.5963006272337859;0.0;0.13709629732274972;0.0;0.0;0.0;0.0;0.1614724895369147;0.0;0.0;0.0;0.0;0.64828601284461;0.18790405918190817;0.0954747213849633;0.0;0.19316806027424674;0.274683061976929;0.6215713575998859;0.0;0.18696496067877647;0.0;0.16470151441623124;0.13449885435010864;0.0;0.10923249965266067;0.0;0.19564076462157795;0.11044013576150369;0.9117317176856957;0.0;0.0;0.0;0.0
GO:0051289;0.24428921537506096;0.17335218550298498;0.17331112216886943;0.42417166063610356;0.18234102971783686;0.2837219564594889;0.18278033333459573;0.13765349019819967;0.0;0.4532641228945379;0.1651087130640137;0.17119932728105716;1.0;0.1830358492060602;0.0;0.240977353978293;0.40645619636756675;0.0;0.18002701661246373;0.14944839674846375;0.27119632834393037;0.23287710065861142;0.2961892519165673;0.0;0.0;0.4784389706126225;0.23225108320184823;0.23220416745346006;0.5724222315303299;0.41188850418925504;0.2412029972115195;0.142815422965935;0.38628105445995337;0.0;0.26395402374353144;0.27349078083493533;0.17232860134784028;0.3172948929402912;0.19761967359798777;0.26306742033271696;0.0;0.0;0.5627420283064004;0.15942705967477275;0.0;0.0;0.1930738207421028;0.0;0.0;0.0;0.0;0.0;0.0;0.0;0.0;0.0;0.19919731926125203;0.31180935396410414;0.11962867695687213;0.0;0.3265772831469479;0.2527671663098134;0.15985641359751154;0.0;0.30923191603871497;0.0;0.25272866981712855;0.18796177605438394;0.0;0.14204530080520422;0.0;0.1560306998689892;0.24442074814905956;0.18379589423903583;0.0;0.0;0.0;0.0
GO:0000183;0.1589769049250704;0.08842061771255486;0.08840993324067455;0.17780534875250537;0.09070125903861871;0.14725005167483365;0.09080982584660893;0.07809087238373011;0.11098119577698236;0.17040622140341022;0.2640353368702458;0.0878570911142568;0.1830358492060602;1.0;0.5296251781562201;0.10319125550559738;0.1746151056919634;0.0;0.09012502034375423;0.08175111590539429;0.16826188602670647;0.1016767868346123;0.26674321734582157;0.17642128073950616;0.22571368208261888;0.18668131774837185;0.15452234680755342;0.1545045965024715;0.1678667731441134;0.17561010381709363;0.10323261004488378;0.07972561028876328;0.17078310000594374;0.20238307665870714;0.25495447431198354;0.25861654734664463;0.0881535445838095;0.11504013622618715;0.09432893488917488;0.2546060217476335;0.40026353978205975;0.23127901426761044;0.18622257920715776;0.08464937012067494;0.0;0.0;0.09328060470878871;0.23190133709504016;0.3245212417947466;0.20916811865128632;0.20559676813111413;0.0;0.20743107526695206;0.1041077558845443;0.31748008540182965;0.8736766568846897;0.09468689166811226;0.11431100697493018;0.0719415363065949;0.20284657057439023;0.11623800237584483;0.1052943459431143;0.08477026017711879;0.26142125564220575;0.1139627772509233;0.19145650125733074;0.32240915216156774;0.09207080079823379;0.18042532784152718;0.0794850406077952;0.20070795283609902;0.08368220979997619;0.17366378864427942;0.09105980296195178;0.1961977341679205;0.24476367643140942;0.24669364049729967;0.3811574485886028
GO:0045893;0.0;0.0;0.0;0.0;0.0;0.0;0.0;0.0;0.134648068345224;0.0;0.18678114262108453;0.0;0.0;0.5296251781562201;1.0;0.0;0.0;0.0;0.0;0.0;0.0;0.0;0.2546320907865462;0.2830195954302511;0.19144619444419497;0.0;0.0;0.0;0.0;0.0;0.0;0.0;0.0;0.24258685879913147;0.24115625646761682;0.2453159846274209;0.0;0.0;0.0;0.24076168037264734;0.7211923945755944;0.1969278308880436;0.0;0.0;0.0;0.0;0.0;0.19754344047817032;0.5804102265705573;0.3464109507627423;0.33929891717014693;0.0;0.2037478186441135;0.12466239728271276;0.36584118761290113;0.5786046209233788;0.0;0.0;0.0;0.3338561370995123;0.0;0.0;0.0;0.227371820944203;0.0;0.31162416061308007;0.23605772824650875;0.0;0.17230829177260526;0.0;0.2401840480237672;0.0;0.08877975759424851;0.0;0.32081841694008106;0.21038779589734424;0.21233515553588564;0.6825482810331334
GO:0044320;0.13573974673699785;0.16149861994311293;0.16146297973497473;0.22612232954934663;0.16927264104566558;0.1562015293610059;0.1696511660123689;0.1300725387786683;0.0;0.20675616664812876;0.15432061682472492;0.6445849619150489;0.240977353978293;0.10319125550559738;0.0;1.0;0.21754824809172177;0.0;0.38179462796385;0.1405546001357918;0.14974282380423035;0.48381764211571837;0.26318422990547063;0.0;0.0;0.2519655172294988;0.1294172628226061;0.1293925521934267;0.20051332507137992;0.22018473225544827;0.7590908725101014;0.13467206547424346;0.20769948101424218;0.0;0.23742036581801312;0.24510822825161563;0.16060987339850494;0.46645526139649185;0.18236112226414275;0.23670281043124916;0.0;0.0;0.2505524487182271;0.14934599314330452;0.49281710727069783;0.0;0.17848326723737157;0.0;0.0;0.0;0.0;0.23760255507155031;0.0;0.0;0.0;0.0;0.7418013456945355;0.2754450720807471;0.11386150262283239;0.0;0.28690598203213097;0.38076387378549104;0.5193136224270082;0.0;0.2734318169293602;0.0;0.22829941703971096;0.174105902719459;0.0;0.13398705376065256;0.0;0.24407213667153072;0.1358086305920227;0.6885881766204468;0.0;0.0;0.0;0.0
GO:0007409;0.22951680850615439;0.1608876546856395;0.16085228359876122;0.3815327639925763;0.16860156251676525;0.2639881929655553;0.1689770887919478;0.12967592304060352;0.0;0.3490146239027839;0.15376266100065883;0.15903160238155384;0.40645619636756675;0.1746151056919634;0.0;0.21754824809172177;1.0;0.0;0.16662124108813206;0.14009159891675632;0.2531109651382555;0.2109248786178311;0.2615655336660218;0.0;0.0;0.42488075741619197;0.21885881141967428;0.21881714978718914;0.3385258519242257;0.37156594872111975;0.21773213105600553;0.13424694998692857;0.3505992461334311;0.0;0.23610228168413275;0.24370365333351338;0.16000560149031587;0.27788922582257913;0.1815824921311066;0.23539265956405922;0.0;0.0;0.4225119047677944;0.1488233687401196;0.0;0.2544295723571775;0.17773733196723743;0.0;0.0;0.0;0.0;0.0;0.0;0.0;0.0;0.0;0.18291360777933277;0.27367255174293725;0.11355747180739303;0.0;0.2849834032267539;0.22711147979778976;0.14919744128948492;0.0;0.27168503078979567;0.0;0.2270804009626996;0.17339603466050246;0.0;0.13356624523184946;0.0;0.14585957702034583;0.2296329106509275;0.16984469070756752;0.0;0.0;0.0;0.0
GO:0034501;0.0;0.0;0.0;0.0;0.0;0.0;0.0;0.0;0.0;0.0;0.0;0.0;0.0;0.0;0.0;0.0;0.0;1.0;0.0;0.0;0.0;0.0;0.0;0.0;0.0;0.0;0.0;0.0;0.0;0.0;0.0;0.0;0.0;0.0;0.0;0.0;0.0;0.0;0.0;0.0;0.0;0.0;0.0;0.0;0.0;0.0;0.0;0.0;0.0;0.0;0.0;0.0;0.0;0.0;0.0;0.0;0.0;0.0;0.0;0.0;0.0;0.0;0.0;0.0;0.0;0.0;0.0;0.0;0.0;0.0;0.0;0.0;0.0;0.0;0.0;0.0;0.0;0.0
GO:0071732;0.11399917584455022;0.131631640257547;0.1316079624813217;0.1716049035746821;0.13675057488377762;0.12809115542203264;0.1369975156339077;0.10997504263578672;0.0;0.160216114569339;0.12682356638728393;0.4490655998919223;0.18002701661246373;0.09012502034375423;0.0;0.38179462796385;0.16662124108813206;0.0;1.0;0.11737602834862168;0.12371536055928627;0.47405423333123087;0.19213868199760545;0.0;0.0;0.18608974175971654;0.10950625142872476;0.10948855889768122;0.15644178718818635;0.16816345408773536;0.38204271869939926;0.11324516352713931;0.16078197080847795;0.0;0.1780343724058914;0.18232256237648592;0.13104061900366437;0.45935028160585795;0.1451678152493269;0.17763058232867487;0.0;0.0;0.18531783807160582;0.12344436602899986;0.3147508062822694;0.0;0.14269975714292896;0.0;0.0;0.0;0.0;0.17073648508600364;0.0;0.0;0.0;0.0;0.4190486514820187;0.19859229063171221;0.098158988791311;0.0;0.20448155449736288;0.2882839894808596;0.49644200609386213;0.0;0.1975436174750157;0.0;0.17285585781647944;0.1398878248333949;0.0;0.11276039558347438;0.0;0.2777061779542835;0.11404775740954165;0.47379645694113953;0.0;0.0;0.0;0.0
GO:0071897;0.38332917727746313;0.43490357100289895;0.7015574221362761;0.143597896183915;0.44954120479431336;0.6851928984525809;0.6490542083916564;0.7207308457732565;0.0;0.1355358738747646;0.11084605492099425;0.11355829513239336;0.14944839674846375;0.08175111590539429;0.0;0.1405546001357918;0.14009159891675632;0.0;0.11737602834862168;1.0;0.41197288297482665;0.13775972181433246;0.15770072154952047;0.0;0.0;0.15360269682330097;0.36989362625264094;0.3698404776473118;0.13282496711215871;0.1411801987320685;0.1406313346141115;0.7397180414753286;0.13594060445773257;0.0;0.14807260030660052;0.15102692917382118;0.5428330077405518;0.1634909205492768;0.7636033952628956;0.14779317667554814;0.0;0.0;0.15307640025377606;0.4111815011094002;0.0;0.0;0.46636880346187726;0.0;0.0;0.0;0.0;0.0;0.0;0.0;0.0;0.0;0.125233980696567;0.16202221314898557;0.6510653924924422;0.0;0.16592091646940688;0.14448538229632857;0.1084537623806287;0.0;0.2956366927449072;0.0;0.1444728030099925;0.45843956348173026;0.0;0.9086665446601122;0.0;0.653731787091828;0.6186911412854088;0.118966562020929;0.0;0.0;0.0;0.0
GO:0016572;0.9272673688975331;0.8393717734471654;0.457711271209342;0.25986967340041495;0.8691618911210143;0.528332512572915;0.4295195184153731;0.37425476116119005;0.0;0.24436223973613852;0.11648271986008096;0.11948154666724757;0.27119632834393037;0.16826188602670647;0.0;0.14974282380423035;0.2531109651382555;0.0;0.12371536055928627;0.41197288297482665;1.0;0.14657471091086885;0.1693603842441832;0.0;0.0;0.2792767672824599;0.7438092577667221;0.7436976378840084;0.23917379878509124;0.2552069804967514;0.14982992175839446;0.38456589677415687;0.24513797911926427;0.0;0.1583058140266194;0.16168725965595204;0.40807341260003505;0.17605661398990488;0.5005201561253229;0.15798647586433545;0.0;0.0;0.2782513417899237;0.5090552771243739;0.0;0.0;0.7477831085216046;0.0;0.0;0.0;0.0;0.0;0.0;0.0;0.0;0.0;0.1324767089704399;0.17435463992404196;0.3122601726803216;0.0;0.17887771971560013;0.15421249507655857;0.1138438349946727;0.0;0.4757359285964894;0.0;0.15419816512367907;0.7343620644594336;0.0;0.39695784163495856;0.0;0.4249846631852595;0.4746906458987946;0.12548363331836432;0.0;0.0;0.0;0.0
GO:0071456;0.1331312951797819;0.1578196563269748;0.1577856212317073;0.218975163147336;0.16523539300909365;0.15275737154898042;0.1655960579954638;0.12767542573195756;0.0;0.200764589299235;0.15095801297988892;0.35613276684185335;0.23287710065861142;0.1016767868346123;0.0;0.48381764211571837;0.2109248786178311;0.0;0.47405423333123087;0.13775972181433246;0.14657471091086885;1.0;0.2535520930053785;0.0;0.0;0.24312325883833336;0.12704402082811134;0.12702020808843134;0.19487317217062325;0.21340235423763584;0.48421610671041526;0.13210409871713036;0.20165390573429973;0.0;0.2295535747841083;0.2367327089744402;0.15697083373851714;0.6150378856427254;0.17768402686532994;0.22888271601119195;0.0;0.0;0.24180736910656214;0.14619447281519327;0.27034187763120393;0.0;0.17400052617902906;0.0;0.0;0.0;0.0;0.22841220296758083;0.0;0.0;0.0;0.0;0.4084572998700684;0.2649125326054895;0.11202043496192224;0.0;0.27549686970259446;0.43355061565577535;0.33450028453116754;0.0;0.26304977986482236;0.0;0.22101617983441843;0.1698377178228877;0.0;0.13144489800840428;0.0;0.32788429171854805;0.13319755640377193;0.37986047573689646;0.0;0.0;0.0;0.0
GO:0035556;0.15166472166591932;0.18455443331068677;0.18450789207791315;0.2740599102566056;0.19477680950163082;0.17766918061447023;0.1952781604418583;0.14462424327471984;0.3394068563843941;0.2461194760376809;0.4168255380218917;0.1821163005135002;0.2961892519165673;0.26674321734582157;0.2546320907865462;0.26318422990547063;0.2615655336660218;0.0;0.19213868199760545;0.15770072154952047;0.1693603842441832;0.2535520930053785;1.0;0.39483013694782043;0.3440240172241719;0.31296462992665747;0.1438146059878061;0.143784092198044;0.2373238262851496;0.26538621889065944;0.26345340015261093;0.1503330531993164;0.24745733049846771;0.5538297887048206;0.8800837796577085;0.9152490359944121;0.18339472653224603;0.35695233324127146;0.2123107469815269;0.7894735784562132;0.2495435295053214;0.3621382329028885;0.31078751039898045;0.16885294261786027;0.0;0.0;0.20707285009313553;0.3642255114334368;0.28779311194395796;0.6077816934750592;0.5785784830998568;0.0;0.5356236572889564;0.28238909227301856;0.32688212220786333;0.24106516920884494;0.2141327575379448;0.3500248389999346;0.12485872360810853;0.5573145970931183;0.36874317983469707;0.27731079721141993;0.16933464388160754;0.4804328226929191;0.346780188623376;0.4790183187073008;0.6595016670171135;0.20120388884205714;0.361990197818801;0.1494799627141214;0.5414631031264387;0.16504789391362967;0.2232587747680888;0.19643779037930809;0.5098442973176527;0.41042453947628527;0.41790125244357074;0.22907606983839346
GO:0010971;0.0;0.0;0.0;0.0;0.0;0.0;0.0;0.0;0.21142781608274452;0.0;0.5199217225624696;0.0;0.0;0.17642128073950616;0.2830195954302511;0.0;0.0;0.0;0.0;0.0;0.0;0.0;0.39483013694782043;1.0;0.26117163706469637;0.0;0.0;0.0;0.0;0.0;0.0;0.0;0.0;0.3666045545112018;0.3633471422343469;0.3728734313358744;0.0;0.0;0.0;0.3624521540436114;0.2784217513884544;0.27148075364610413;0.0;0.0;0.0;0.0;0.0;0.2726520952036379;0.3121475368088211;0.6543629233562136;0.5178133013323394;0.0;0.3249431496218539;0.18780600206793435;0.29064386968174666;0.19722380881951604;0.0;0.0;0.0;0.5052428088889095;0.0;0.0;0.0;0.436378371887341;0.0;0.6587165429341367;0.40719597821946596;0.0;0.25169994165954396;0.0;0.5285806336733221;0.0;0.11672960155487523;0.0;0.47597010645503013;0.2977406805359241;0.3016558781307037;0.25956826502531594
GO:0031115;0.0;0.0;0.0;0.0;0.0;0.0;0.0;0.0;0.18338011706357268;0.0;0.3147246652047954;0.0;0.0;0.22571368208261888;0.19144619444419497;0.0;0.0;0.0;0.0;0.0;0.0;0.0;0.3440240172241719;0.26117163706469637;1.0;0.0;0.0;0.0;0.0;0.0;0.0;0.0;0.0;0.3223961650824869;0.31987429717006927;0.3272343130322042;0.0;0.0;0.0;0.3191804552973321;0.1885553733785879;0.6754891286720205;0.0;0.0;0.0;0.0;0.0;0.33743765332369097;0.2774719178215191;0.33996346304752767;0.3306289048698194;0.0;0.34778482813717504;0.16534252856722523;0.2296015272329092;0.2504999993449591;0.0;0.0;0.0;0.3235739489199902;0.0;0.0;0.0;0.4037833858260442;0.0;0.29552855298354647;0.42410325773539137;0.0;0.2780155024680629;0.0;0.4211838099084984;0.0;0.10764014060089093;0.0;0.3069793521344082;0.36537618108055486;0.3696936228868638;0.23382139024129467
GO:0036089;0.2508264483377016;0.1789666613780972;0.2312808617946008;0.5209212169573024;0.18856330686597944;0.2925782356951819;0.18903314260697618;0.14117021235539;0.0;0.40079349440800166;0.21999774344361414;0.17667301525948606;0.4784389706126225;0.18668131774837185;0.0;0.2519655172294988;0.42488075741619197;0.0;0.18608974175971654;0.15360269682330097;0.2792767672824599;0.24312325883833336;0.31296462992665747;0.0;0.0;1.0;0.2381521230072421;0.2381027931523626;0.45379015705096976;0.5051430377439761;0.2522122180611753;0.14660447079459982;0.4723879874915697;0.0;0.27719504593403876;0.28773170496375405;0.17787590907406706;0.33662419496442486;0.2049493444667933;0.2762174248010148;0.0;0.0;0.5872443022383484;0.16416343634383482;0.0;0.0;0.20006419660376648;0.0;0.0;0.0;0.0;0.0;0.0;0.0;0.0;0.0;0.2066466920720928;0.42715747249634695;0.12227585885217263;0.0;0.44865930101827334;0.26488385384588076;0.16461871677065903;0.0;0.32756294487526266;0.0;0.2648415784535582;0.1945805370681649;0.0;0.14579305828269426;0.0;0.16056455349298868;0.25096511699329765;0.19011958201013654;0.0;0.0;0.0;0.0
GO:0036123;0.7227903900087944;0.6478849491135754;0.40635223752378813;0.22389385638401185;0.6360711505759736;0.4703434236979247;0.3797316167940154;0.281480238544207;0.0;0.21228696958931112;0.10380128111194452;0.1061760330712546;0.23225108320184823;0.15452234680755342;0.0;0.1294172628226061;0.21885881141967428;0.0;0.10950625142872476;0.36989362625264094;0.7438092577667221;0.12704402082811134;0.1438146059878061;0.0;0.0;0.2381521230072421;1.0;0.9509824935465248;0.20836027220118053;0.220424171321178;0.1294823156310416;0.2884664897012291;0.21287218181559714;0.0;0.13576413621716643;0.13824361203102772;0.36244475120853337;0.14861448518848888;0.43974266645374444;0.13552919891521842;0.0;0.0;0.2374060552300266;0.4548490732199178;0.0;0.0;0.658216263186624;0.0;0.0;0.0;0.0;0.0;0.0;0.0;0.0;0.0;0.11631525205441166;0.14739990711934498;0.28482242899854543;0.0;0.15061966622923276;0.13274241814135873;0.10170052644517492;0.0;0.2690605575694945;0.0;0.13273180043518554;0.6477953246308978;0.0;0.3577440052983548;0.0;0.3803493563545883;0.4273515627824511;0.110889395678707;0.0;0.0;0.0;0.0
GO:0036124;0.722689025865171;0.6477826678530313;0.406288096285917;0.22385025596505248;0.6359675835039178;0.47027080223963186;0.3796696976623517;0.2814419322679093;0.0;0.21224777217960844;0.10378538389050496;0.10615940019848484;0.23220416745346006;0.1545045965024715;0.0;0.1293925521934267;0.21881714978718914;0.0;0.10948855889768122;0.3698404776473118;0.7436976378840084;0.12702020808843134;0.143784092198044;0.0;0.0;0.2381027931523626;0.9509824935465248;1.0;0.20832251132969637;0.22038191165588025;0.12945758015593078;0.2884262584640044;0.21283276801680812;0.0;0.1357369426965086;0.13821541626664777;0.36238774122332595;0.14858190081571943;0.43966755198425767;0.13550209941949387;0.0;0.0;0.23735703393405652;0.4547809391539271;0.0;0.0;0.658105359736432;0.0;0.0;0.0;0.0;0.0;0.0;0.0;0.0;0.0;0.11629529110884275;0.14736785311579895;0.28478722189477396;0.0;0.150586196734227;0.13271642153236757;0.10168526612854484;0.0;0.2690022764803369;0.0;0.13270580798441745;0.6476879047622672;0.0;0.3576942905830642;0.0;0.38029316082294395;0.4272916096974375;0.11087125342282105;0.0;0.0;0.0;0.0
GO:0000707;0.21799776395990314;0.15137672085260392;0.2827293719365215;0.4112310176797316;0.15818626425802454;0.24886320244435725;0.15851678211499276;0.12342555236567516;0.0;0.38097247057560923;0.1874992316468832;0.14973250347465772;0.5724222315303299;0.1678667731441134;0.0;0.20051332507137992;0.3385258519242257;0.0;0.15644178718818635;0.13282496711215871;0.23917379878509124;0.19487317217062325;0.2373238262851496;0.0;0.0;0.45379015705096976;0.20836027220118053;0.20832251132969637;1.0;0.5174600387960365;0.20066952759632725;0.12755952875170032;0.5425694986107289;0.0;0.2161708430601658;0.22252571893298675;0.15059561786689668;0.25068471564719974;0.16955885673834478;0.21557582353783086;0.0;0.0;0.5221924213800158;0.1406490906965637;0.0;0.0;0.16620135046065493;0.0;0.0;0.0;0.0;0.0;0.0;0.0;0.0;0.0;0.17071896373584766;0.31960001003696203;0.10873546012935494;0.0;0.3314862079801182;0.20860964427840484;0.14098315300762895;0.0;0.24562474503045514;0.0;0.20858342261944934;0.1623992783114601;0.0;0.1269447972740912;0.0;0.13799903753715606;0.21810250196608078;0.159280050608368;0.0;0.0;0.0;0.0
GO:0007066;0.23123894043440957;0.16232509814246254;0.30317334251584205;0.5237198066810386;0.17018082601564544;0.3592951358489572;0.17056342820822162;0.13060812912211017;0.0;0.4176719861261723;0.2004545031119033;0.16043592676799256;0.41188850418925504;0.17561010381709363;0.0;0.22018473225544827;0.37156594872111975;0.0;0.16816345408773536;0.1411801987320685;0.2552069804967514;0.21340235423763584;0.26538621889065944;0.0;0.0;0.5051430377439761;0.220424171321178;0.22038191165588025;0.5174600387960365;1.0;0.22037310114052208;0.1352462874194402;0.6598941465830919;0.0;0.23921087188336262;0.24701703387570065;0.16142725718754042;0.28220560631813857;0.18341561959838681;0.23848246939824305;0.0;0.0;0.5022875478927281;0.15005249565626877;0.0;0.0;0.1794932700654122;0.0;0.0;0.0;0.0;0.0;0.0;0.0;0.0;0.0;0.18477384741295097;0.35916714405607886;0.11427169965193418;0.0;0.3742480292543215;0.22998638540590696;0.1504327805195075;0.0;0.27580939627143225;0.0;0.22995451481901702;0.17506683834932646;0.0;0.13455543665625633;0.0;0.14704004154967934;0.3121856375613429;0.17144743911247784;0.0;0.0;0.0;0.0
GO:0036120;0.13581131267437185;0.16159993485696877;0.16156424992252497;0.22632099927204993;0.16938394802684054;0.15629630514283896;0.16976297152057634;0.13013825218338407;0.0;0.2069222511272116;0.15441312317362918;0.5540153235439099;0.2412029972115195;0.10323261004488378;0.0;0.7590908725101014;0.21773213105600553;0.0;0.38204271869939926;0.1406313346141115;0.14982992175839446;0.48421610671041526;0.26345340015261093;0.0;0.0;0.2522122180611753;0.1294823156310416;0.12945758015593078;0.20066952759632725;0.22037310114052208;1.0;0.13474250972200794;0.20786708506856108;0.0;0.2376393938941401;0.24534167756657024;0.1607100759381008;0.4669623268731515;0.1824903142154419;0.2369205159642747;0.0;0.0;0.2507963888831982;0.14943262994228426;0.4241436390588587;0.0;0.1786070212864999;0.0;0.0;0.0;0.0;0.23785995117737488;0.0;0.0;0.0;0.0;0.637631614267587;0.2757399199779186;0.1139118537518274;0.0;0.2872258911156066;0.3811016809087404;0.519615640721416;0.0;0.2737223681602844;0.0;0.2285019324435776;0.17422365898067946;0.0;0.13405678301378207;0.0;0.24421089384310862;0.13588026920213245;0.5918607678626517;0.0;0.0;0.0;0.0
GO:0009165;0.358640861624864;0.40523558600788284;0.5261576217048308;0.1374634247723489;0.41839080954649355;0.5142966233052525;0.544139219194073;0.9217207358540978;0.0;0.13005774324561278;0.10715480212062341;0.109687347397104;0.142815422965935;0.07972561028876328;0.0;0.13467206547424346;0.13424694998692857;0.0;0.11324516352713931;0.7397180414753286;0.38456589677415687;0.13210409871713036;0.1503330531993164;0.0;0.0;0.14660447079459982;0.2884664897012291;0.2884262584640044;0.12755952875170032;0.1352462874194402;0.13474250972200794;1.0;0.13043037298754792;0.0;0.14155852690986198;0.1442562692865791;0.5891272822613589;0.15558585180582207;0.5709563533379189;0.14130312634690065;0.0;0.0;0.1461249636434665;0.3196173837139173;0.0;0.0;0.36093853236352347;0.0;0.0;0.0;0.0;0.0;0.0;0.0;0.0;0.0;0.12054255868725827;0.1542551618114351;0.6842972898741818;0.0;0.15778495936604908;0.13827648942731124;0.10491757888559898;0.0;0.375740866011008;0.0;0.13826496799440413;0.3550236896498289;0.0;0.714710938245713;0.0;0.4914400942967631;0.4658997871634529;0.11472500879893113;0.0;0.0;0.0;0.0
GO:0007141;0.22294166585664435;0.15543676570497728;0.29031078940255295;0.4930629509742096;0.16262515526231197;0.3020939042994752;0.1629745032943101;0.12611137498761618;0.0;0.39521719050993137;0.19231262661502047;0.15370367198414106;0.38628105445995337;0.17078310000594374;0.0;0.20769948101424218;0.3505992461334311;0.0;0.16078197080847795;0.13594060445773257;0.24513797911926427;0.20165390573429973;0.24745733049846771;0.0;0.0;0.4723879874915697;0.21287218181559714;0.21283276801680812;0.5425694986107289;0.6598941465830919;0.20786708506856108;0.13043037298754792;1.0;0.0;0.22454655034029133;0.23141123464999616;0.15461331517531232;0.26201857784224464;0.17466925727839908;0.2239045970301762;0.0;0.0;0.46988989342988013;0.144147429094722;0.0;0.0;0.1711084398218617;0.0;0.0;0.0;0.0;0.0;0.0;0.0;0.0;0.0;0.17590060184897635;0.33384272930789155;0.11081461200289885;0.0;0.3468334612925626;0.2163991131527847;0.14449833694429437;0.0;0.25649576524567325;0.0;0.21637089683652821;0.16708126125326903;0.0;0.12978772964756205;0.0;0.1413652117815406;0.26390638626936835;0.16378141308124466;0.0;0.0;0.0;0.0
GO:1901796;0.0;0.0;0.0;0.0;0.0;0.0;0.0;0.0;0.30089171458579234;0.0;0.3093835727407004;0.0;0.0;0.20238307665870714;0.24258685879913147;0.0;0.0;0.0;0.0;0.0;0.0;0.0;0.5538297887048206;0.3666045545112018;0.3223961650824869;0.0;0.0;0.0;0.0;0.0;0.0;0.0;0.0;1.0;0.49381175926605575;0.5115745384918721;0.0;0.0;0.0;0.4921601294032002;0.23796396384516671;0.33825190493909335;0.0;0.0;0.0;0.0;0.0;0.6305213011401861;0.2725004735838843;0.5433814929871885;0.5199196678902458;0.0;0.47104043541005103;0.25520935988430865;0.30729454244866294;0.23024201600347902;0.0;0.0;0.0;0.5026846472952946;0.0;0.0;0.0;0.4392791999704195;0.0;0.43809635001534203;0.47289685301295614;0.0;0.33129221699709055;0.0;0.48975242589908424;0.0;0.1396547515526087;0.0;0.46373947102388635;0.643039564274352;0.3864122219888837;0.21928082832853585
GO:0008631;0.1427386702141568;0.17150380533403944;0.1714636129114178;0.2462353056785806;0.18029712138467321;0.16554216603054606;0.1807266200614187;0.13648543929987741;0.2966698656747621;0.2234444060890699;0.388737449906502;0.16939633329662548;0.26395402374353144;0.25495447431198354;0.24115625646761682;0.23742036581801312;0.23610228168413275;0.0;0.1780343724058914;0.14807260030660052;0.1583058140266194;0.2295535747841083;0.8800837796577085;0.3633471422343469;0.31987429717006927;0.27719504593403876;0.13576413621716643;0.1357369426965086;0.2161708430601658;0.23921087188336262;0.2376393938941401;0.14155852690986198;0.22454655034029133;0.49381175926605575;1.0;0.813766148724923;0.17050186980615237;0.3111568396842988;0.19522114308640923;0.705219229178808;0.23658721225931212;0.3354769492029534;0.27548578597987156;0.15786236765691605;0.0;0.0;0.1907837286781435;0.3372674427941904;0.2706966120168352;0.5362557536506285;0.5133922906428496;0.0;0.4640239645022545;0.2521656618193899;0.3050025591190838;0.2289529240494834;0.1967605758919309;0.30587971790220075;0.1187455142322321;0.49658031391372925;0.3200785198324763;0.24885643699375837;0.15828332404821688;0.4346105211344865;0.3033989874842671;0.4334526471975857;0.5918415384607478;0.18579066693174787;0.3278060488921395;0.14080186463764108;0.48395632562093144;0.15453165124459453;0.21011212631585469;0.1817194255855067;0.4585394642961442;0.376512299229548;0.38279504065536823;0.21811124319279918
GO:0007265;0.14548201695406052;0.1754796580058879;0.1754375807060921;0.25451458905651336;0.18469635329078507;0.16924343117875204;0.18514709332129342;0.13899157475316426;0.30914191428747945;0.23024084794143446;0.3973157294418802;0.17327396960609445;0.27349078083493533;0.25861654734664463;0.2453159846274209;0.24510822825161563;0.24370365333351338;0.0;0.18232256237648592;0.15102692917382118;0.16168725965595204;0.2367327089744402;0.9152490359944121;0.3728734313358744;0.3272343130322042;0.28773170496375405;0.13824361203102772;0.13821541626664777;0.22252571893298675;0.24701703387570065;0.24534167756657024;0.1442562692865791;0.23141123464999616;0.5115745384918721;0.813766148724923;1.0;0.17443087171836869;0.3244956781025452;0.20038924419503598;0.7301873352604074;0.24058950184686795;0.34358157791783583;0.28589046308210686;0.16122469442098974;0.0;0.0;0.19571658777984097;0.34545987005890605;0.2759489434725243;0.5572682089307449;0.5326190737411125;0.0;0.48478740473827087;0.2611199799257071;0.31168696311165456;0.23269904122384497;0.20201160154169218;0.3187605831406027;0.1206379931913008;0.5145464486759651;0.3342106136135556;0.25731594932616814;0.16166379870611763;0.4483104940868605;0.31606744185383595;0.4470785751074467;0.61195721082877;0.1904655424892071;0.33803390961911056;0.143470572157784;0.5010049261989813;0.1577521450001407;0.21415254460140726;0.1861891997782227;0.4738160774586504;0.3867511533213277;0.39338325542156277;0.2215083462092146
