;GO:0043988;GO:0018108;GO:0007131;GO:0007052;GO:0046777;GO:0000733;GO:0006364;GO:0009157;GO:0032091;GO:0007019;GO:0044878;GO:0071373;GO:0051289;GO:0000183;GO:0045893;GO:0044320;GO:0007409;GO:0034501;GO:0071732;GO:0071897;GO:0016572;GO:0071456;GO:0035556;GO:0010971;GO:0031115;GO:0036089;GO:0036123;GO:0036124;GO:0000707;GO:0007066;GO:0036120;GO:0009165;GO:0007141;GO:1901796;GO:0008631;GO:0007265;GO:0046104;GO:0006974;GO:0042148;GO:0048012;GO:0051973;GO:0051497;GO:0051256;GO:0031145;GO:0033762;GO:0031100;GO:0016567;GO:0035024;GO:1904355;GO:0045787;GO:0051272;GO:0009615;GO:0042754;GO:0061436;GO:0000079;GO:0000122;GO:0071392;GO:0000086;GO:0043097;GO:0048146;GO:0000281;GO:0034644;GO:0071314;GO:0032466;GO:0016310;GO:0032467;GO:0031577;GO:0016579;GO:1905098;GO:0006351;GO:0007088;GO:0000724;GO:0000722;GO:1990314;GO:0043065;GO:0070495;GO:0002903;GO:0032212
GO:0043988;1.0;0.7806127434526134;0.37916239550027536;0.22875676723153243;0.772418598305014;0.44890761598794465;0.357237283153197;0.32133182435066504;0.0;0.21484532914414756;0.1049802448298992;0.10504132042842898;0.23985960428505615;0.162688289106006;0.0;0.13184537080379627;0.223646617633444;0.0;0.10855047523026726;0.34849877790550216;0.915230254892814;0.12892994283032017;0.15516564790133358;0.0;0.0;0.24486619276135763;0.6843576830658513;0.6843576824190901;0.21016407642182944;0.2235439868216296;0.1317949235963809;0.33137859779685824;0.21439467674849094;0.0;0.14434608193552123;0.147746761721685;0.33675789165578435;0.15542023098026314;0.418306789521251;0.14430655153627522;0.0;0.0;0.24474454405501905;0.4228383103295519;0.0;0.0;0.6458621847542675;0.0;0.0;0.0;0.0;0.0;0.0;0.0;0.0;0.0;0.11682054616550676;0.15196442269347488;0.2584675929631425;0.0;0.15576244513997717;0.1348091292452909;0.09970331411746461;0.0;0.41546399013456115;0.0;0.14089589802335184;0.6335201687423369;0.0;0.33741927089803003;0.0;0.35354059510811486;0.4039945209795745;0.11063296310459207;0.0;0.0;0.0;0.0
GO:0018108;0.7806127434526134;1.0;0.4445323156757968;0.16380690515473964;0.912059885769532;0.4349800603926982;0.42186673794920077;0.36714183510439247;0.0;0.15186372340372858;0.12171741462583283;0.1217995250492732;0.1735648537685074;0.08981421202303656;0.0;0.15936783232425103;0.1593837199389323;0.0;0.12654297429681402;0.40296365020364766;0.8180529944571249;0.1551277546507522;0.19474670848504544;0.0;0.0;0.17803249880385924;0.6021172924072619;0.6021172917585372;0.1479136814356395;0.15929531815273143;0.15929413121866887;0.38031611907588747;0.15148197397004856;0.0;0.17800105985713927;0.18320093656916275;0.3937604591993847;0.19514790802977094;0.49931273935236253;0.1779409509755446;0.0;0.0;0.17792344025017418;0.4903160084701414;0.0;0.0;0.7681718211925922;0.0;0.0;0.0;0.0;0.0;0.0;0.0;0.0;0.0;0.13792556394806674;0.18973038270837653;0.29077546804448884;0.0;0.19568773574436787;0.16371851158620837;0.11468013007426588;0.0;0.5218138297913583;0.0;0.17278354301513738;0.7507756233675643;0.0;0.38822366094925254;0.0;0.40971980160452603;0.3849628061119571;0.12938205869508163;0.0;0.0;0.0;0.0
GO:0007131;0.37916239550027536;0.4445323156757968;1.0;0.2181679522362901;0.46398703967753235;0.7239379220263016;0.6878765745792307;0.47183640378205555;0.0;0.1510940731714556;0.16233855409317632;0.12130394654859082;0.1725602507425937;0.08954445318344462;0.0;0.15852045292402717;0.15853617202653975;0.0;0.12600812856835525;0.6708653662877808;0.41636120545411764;0.15432475191292525;0.19348283240467026;0.0;0.0;0.23700198952662999;0.3597786366574051;0.35977863627116263;0.29873268709837236;0.32159735028182207;0.15844753331211434;0.4887036939047204;0.3059029283527156;0.0;0.17694460281950078;0.18208204821985893;0.5598421671741867;0.19387883610642329;0.8304785567642203;0.17688520520792517;0.0;0.0;0.23685766893712135;0.40979383941875197;0.0;0.0;0.4859263696646585;0.0;0.0;0.0;0.0;0.0;0.0;0.0;0.0;0.0;0.13729041305646408;0.25247607270727596;0.41388698304904586;0.0;0.2603518852746201;0.1628243642012391;0.11424068872287038;0.0;0.32885272227562745;0.0;0.17178793823148375;0.4749738785783254;0.0;0.6099129086942469;0.0;0.7205846452205036;0.6772097223434327;0.12882299744745357;0.0;0.0;0.0;0.0
GO:0007052;0.22875676723153243;0.16380690515473964;0.2181679522362901;1.0;0.17282526776122228;0.32108509601112656;0.17298111687183187;0.12938794617232402;0.0;0.5878259189665603;0.24730284650468168;0.14812547794719402;0.3942351419398804;0.1753131282012149;0.0;0.20765790720516697;0.35226258472787303;0.0;0.15520059743464878;0.14446637502760495;0.2562610847249487;0.2005165249074073;0.27205736320098184;0.0;0.0;0.489521290184236;0.21485086546684967;0.21485086519258229;0.383912165988118;0.49054226763864495;0.20753279238270345;0.13494504495677007;0.4596539049711878;0.0;0.2404560292410715;0.2500432694549044;0.159258189779245;0.27284096688613824;0.18850994324285236;0.24034635279751249;0.0;0.0;0.6503478674682044;0.14817468759520103;0.0;0.0;0.1832323451729598;0.0;0.0;0.0;0.0;0.0;0.0;0.0;0.0;0.0;0.17267852755539084;0.43839381116929876;0.11086707531369476;0.0;0.45766041225901316;0.21510625818158735;0.13772725839178984;0.0;0.27338433614951313;0.0;0.23103178983565867;0.17800502056392425;0.0;0.13811693583902943;0.0;0.14740951698244134;0.27679838875528684;0.15949300790063423;0.0;0.0;0.0;0.0
GO:0046777;0.772418598305014;0.912059885769532;0.46398703967753235;0.17282526776122228;1.0;0.45359016726112755;0.4412826172133248;0.38032840823878994;0.0;0.15958397720539377;0.12662726427148568;0.12671613507777693;0.18372297782497266;0.09245957459489539;0.0;0.1678913163054768;0.16790894889717753;0.0;0.13185834946070962;0.41888487359393994;0.851637624904778;0.16319225177015387;0.20762752212419153;0.0;0.0;0.18873642906802557;0.5880650337247335;0.5880650330688101;0.15522787250576786;0.16781084010608452;0.16780952287970277;0.39448428882403597;0.15916248127343013;0.0;0.18870109641330282;0.19455519489400466;0.4106661154540927;0.20808361070782946;0.5239908696321236;0.1886335451457915;0.0;0.0;0.188613866844399;0.5101139320424826;0.0;0.0;0.8052589225802874;0.0;0.0;0.0;0.0;0.0;0.0;0.0;0.0;0.0;0.14426413547678668;0.20193537584287766;0.29989208760709896;0.0;0.20869748969736646;0.17272687620459318;0.11902850939217108;0.0;0.5564556357674952;0.0;0.18284776680733042;0.7861632874705728;0.0;0.40298009713966454;0.0;0.42619028658836033;0.39946776136823214;0.13494385954625462;0.0;0.0;0.0;0.0
GO:0000733;0.44890761598794465;0.4349800603926982;0.7239379220263016;0.32108509601112656;0.45359016726112755;1.0;0.6724520580040467;0.46345123178501824;0.0;0.2983661059074341;0.11881937905457618;0.11889762474644948;0.28449558407358183;0.14964425374270865;0.0;0.1544359491400006;0.26197025757586995;0.0;0.12341354896510938;0.657822494822396;0.4920613702651194;0.15045096122419116;0.1874323151648812;0.0;0.0;0.29156639043245164;0.42635906438943844;0.42635906393971124;0.24366028580114096;0.362897370670543;0.15436673804980497;0.4797140081325733;0.2976381800863893;0.0;0.1718706702927358;0.1767136727897301;0.5480763218267451;0.1878039150031974;0.8105830474161939;0.1718146297847505;0.0;0.0;0.29139393232671595;0.401662539349982;0.0;0.0;0.4745351023246714;0.0;0.0;0.0;0.0;0.0;0.0;0.0;0.0;0.0;0.13421608384838554;0.18278122480274217;0.4074208958564213;0.0;0.18830382457406794;0.15851806935607038;0.11210396977495819;0.0;0.3185344676061142;0.0;0.16700143381550775;0.4640845753021427;0.0;0.5984790478619635;0.0;0.6685898978010844;0.7796320331663366;0.126112450331716;0.0;0.0;0.0;0.0
GO:0006364;0.357237283153197;0.42186673794920077;0.6878765745792307;0.17298111687183187;0.4412826172133248;0.6724520580040467;1.0;0.4908561897126353;0.0;0.1597168507178896;0.12671090920192687;0.12679989749728543;0.18389911113591237;0.09250416193416303;0.0;0.16803839004635246;0.16805605354570902;0.0;0.1319490505071236;0.6209678169431853;0.3939000666441137;0.16333120450302727;0.20785249935408484;0.0;0.0;0.18892231108507113;0.33825173047821694;0.3382517301007157;0.15535358816778588;0.16795777282384516;0.1679564532897743;0.5091370758621058;0.15929465352659897;0.0;0.18888690880602227;0.19475272111676872;0.5868215211858316;0.20830957796140678;0.7769063029305616;0.18881922446253355;0.0;0.0;0.188799507403868;0.38740540777947613;0.0;0.0;0.4632792276041827;0.0;0.0;0.0;0.0;0.0;0.0;0.0;0.0;0.0;0.14437271348975775;0.20214818025897427;0.4284496691115174;0.0;0.208924792922874;0.1728825478321538;0.11910241373352577;0.0;0.3533670070124734;0.0;0.18302222520715247;0.4522847015663533;0.0;0.6354783970777814;0.0;0.6318047148985029;0.5921655330594858;0.13503885662978735;0.0;0.0;0.0;0.0
GO:0009157;0.32133182435066504;0.36714183510439247;0.47183640378205555;0.12938794617232402;0.38032840823878994;0.46345123178501824;0.4908561897126353;1.0;0.0;0.12182052216490523;0.10162913849393698;0.10168637603815069;0.135400784614416;0.07838193473721698;0.0;0.12660249541674476;0.12661252153904923;0.0;0.10497144562496993;0.6941345736737672;0.34768918202261323;0.12391195745471406;0.14795478912496404;0.0;0.0;0.13810440871826826;0.24787927484745897;0.24787927461990025;0.11926561555152765;0.12655672902013604;0.1265559798305736;0.9090044460138352;0.12157475307865435;0.0;0.13808548956485578;0.14119440054616034;0.5354112090501009;0.1481862423935472;0.5187242940220786;0.13804931340642349;0.0;0.0;0.13803877365409511;0.2767644903303789;0.0;0.0;0.3186076784625552;0.0;0.0;0.0;0.0;0.0;0.0;0.0;0.0;0.0;0.1126857820456326;0.1450413918454442;0.6284895292517063;0.0;0.14849730953622747;0.1293327901244012;0.09667577583107076;0.0;0.34800704963375456;0.0;0.13492482218226617;0.3127390733481113;0.0;0.6727380146530306;0.0;0.4409671563637125;0.41848383836987907;0.10691764245110706;0.0;0.0;0.0;0.0
GO:0032091;0.0;0.0;0.0;0.0;0.0;0.0;0.0;0.0;1.0;0.0;0.16825624962156882;0.0;0.0;0.11284567773760552;0.13875675750584576;0.0;0.0;0.0;0.0;0.0;0.0;0.0;0.3493523768160281;0.20215351800206385;0.1736078853327882;0.0;0.0;0.0;0.0;0.0;0.0;0.0;0.0;0.2993668618611499;0.29890822463254535;0.3138680941061029;0.0;0.0;0.0;0.2987387636982809;0.17866968492523153;0.18391104626280277;0.0;0.0;0.0;0.0;0.0;0.18961335654375902;0.1518558874397135;0.3319901300918507;0.31470910651751155;0.0;0.37226225158054066;0.27166322242506963;0.23379402130436017;0.1301417776414878;0.0;0.0;0.0;0.29974476217772894;0.0;0.0;0.0;0.25102494288709715;0.0;0.25102278840491643;0.28448266820437274;0.0;0.7211031870984359;0.0;0.2855614013305924;0.0;0.15383018507358293;0.0;0.27318285695467376;0.21576820839974173;0.21612789353507705;0.11975768771978922
GO:0007019;0.21484532914414756;0.15186372340372858;0.1510940731714556;0.5878259189665603;0.15958397720539377;0.2983661059074341;0.1597168507178896;0.12182052216490523;0.0;1.0;0.1381850285627998;0.13829086969537457;0.42331460457959197;0.16702478872614723;0.0;0.18883192334417528;0.32032316479115924;0.0;0.14443819485311385;0.1350962807418827;0.23893000899280337;0.1829082334853643;0.24062768912732208;0.0;0.0;0.3657148686339072;0.2025338125847596;0.2025338123410374;0.3501584951210212;0.38208116882430515;0.188728460032708;0.12673425839743555;0.36007677884515693;0.0;0.21556988809613042;0.22324368037025016;0.1479461908476685;0.24124049400686953;0.17286496254647027;0.21548173476835758;0.0;0.0;0.4385216168162863;0.13833376089229343;0.0;0.0;0.16841668376505825;0.0;0.0;0.0;0.0;0.0;0.0;0.0;0.0;0.0;0.1594588529606638;0.23301550737273563;0.10526412503618858;0.0;0.24206598367652557;0.19497101450850082;0.12918512766009088;0.0;0.2416651880450649;0.0;0.2079645875425679;0.16399030708740486;0.0;0.12952790673311282;0.0;0.13766662304028615;0.25974796781657583;0.14814881450695253;0.0;0.0;0.0;0.0
GO:0044878;0.1049802448298992;0.12171741462583283;0.16233855409317632;0.24730284650468168;0.12662726427148568;0.11881937905457618;0.12671090920192687;0.10162913849393698;0.16825624962156882;0.1381850285627998;1.0;0.1128408923453034;0.15592455542999642;0.23055945548959703;0.16689113917975112;0.1443706646844937;0.1443837026913493;0.0;0.11690059144875636;0.11070484330926557;0.11455018614501244;0.1408823223507215;0.35518516178822224;0.5049796657756755;0.27092352770978856;0.21362680783640148;0.09994502436511031;0.09994502426444402;0.18066431916721054;0.1932583759931081;0.14431017943391183;0.10502627955691816;0.18463102309972473;0.26989465442532484;0.3278190766944639;0.3363739528437466;0.11918788588576787;0.1731259606370765;0.13484790088564882;0.32771988129295354;0.16106306815375324;0.2813790788191595;0.26640009159210765;0.11286944782011839;0.0;0.0;0.13212563102882027;0.28699149827486686;0.17780138616745214;0.340560522766955;0.2770976386631955;0.0;0.3013603405241299;0.1513938809380313;0.232058716854134;0.22179088090345808;0.12654847126425997;0.28213265992786796;0.08984069801588596;0.27007621102090196;0.2899892223274619;0.14793188936460736;0.10670389279192898;0.5290084728695739;0.1733445778324667;0.34027088129773153;0.5731165051650378;0.12938583096085682;0.23777223874770967;0.10693764154329995;0.4169620713347247;0.11242492124335718;0.14478149716596686;0.11931935726150672;0.2567717513864348;0.31126366361978913;0.31158159955979775;0.1499667662428802
GO:0071373;0.10504132042842898;0.1217995250492732;0.12130394654859082;0.14812547794719402;0.12671613507777693;0.11889762474644948;0.12679989749728543;0.10168637603815069;0.0;0.13829086969537457;0.1128408923453034;1.0;0.15605932884320997;0.08488690761925585;0.0;0.6274258253558157;0.1444992563671466;0.0;0.42981339658768153;0.11077276360846079;0.1146229083772103;0.33296386382446663;0.1729756869769606;0.0;0.0;0.1596618664457424;0.10000038012374307;0.10000038002296525;0.13500771449591756;0.14442659110534403;0.5340553309340382;0.10508740874712229;0.13797423761614847;0.0;0.1596365804692306;0.16380628957817764;0.11926661783397814;0.2935589116200992;0.13494868981707542;0.1595882330346405;0.0;0.0;0.1595741479823783;0.11294005101566157;0.6052245086400887;0.0;0.13222239018138826;0.0;0.0;0.0;0.0;0.16830601064146028;0.0;0.0;0.0;0.0;0.6330301621273595;0.1690068068244747;0.08988542425364035;0.0;0.17371767611013694;0.25080386296326207;0.6036075108613056;0.0;0.17351116351079615;0.0;0.15542738727849792;0.12947861745183017;0.0;0.10700101661790899;0.0;0.19056780856745428;0.10616393468735884;0.9045653866936877;0.0;0.0;0.0;0.0
GO:0051289;0.23985960428505615;0.1735648537685074;0.1725602507425937;0.3942351419398804;0.18372297782497266;0.28449558407358183;0.18389911113591237;0.135400784614416;0.0;0.42331460457959197;0.15592455542999642;0.15605932884320997;1.0;0.18176102541932732;0.0;0.2235936563874056;0.37929913469328563;0.0;0.1639327995459815;0.15200311986848167;0.2702760874409444;0.21533594593282177;0.3000766603593082;0.0;0.0;0.44464899926363466;0.2246160580224393;0.22461605772267382;0.5394798022784197;0.3790040286413656;0.22344860873823996;0.14149854728922295;0.3534322268504779;0.0;0.26208535381579046;0.2735159306496958;0.16846649823087384;0.301030265943033;0.2015500680044927;0.26195506423022885;0.0;0.0;0.5302470784995343;0.1561139521423121;0.0;0.0;0.19552872420089434;0.0;0.0;0.0;0.0;0.0;0.0;0.0;0.0;0.0;0.1835571572762544;0.2883303544245206;0.11525256113068409;0.0;0.3023167370088845;0.23225288508735834;0.144560620597121;0.0;0.3016918508705186;0.0;0.2509287485191934;0.18958764056010952;0.0;0.14498998540394925;0.0;0.15526482342122097;0.24332356555908688;0.16872927815501915;0.0;0.0;0.0;0.0
GO:0000183;0.162688289106006;0.08981421202303656;0.08954445318344462;0.1753131282012149;0.09245957459489539;0.14964425374270865;0.09250416193416303;0.07838193473721698;0.11284567773760552;0.16702478872614723;0.23055945548959703;0.08488690761925585;0.18176102541932732;1.0;0.503781966440957;0.10157482599498054;0.17229604643304264;0.0;0.08716404221023352;0.08367239784972307;0.17380318811719878;0.09983560337749915;0.23611020226548834;0.15670963749265554;0.20278012806804252;0.18462150602310157;0.1566472131989565;0.15664721307680674;0.16418174534244231;0.17223512789370066;0.10154488145225504;0.08038733451830986;0.16675229624462862;0.1841223903958713;0.22369660146284154;0.22764734761380923;0.0884293821064054;0.1150154334406009;0.09676695265888753;0.2236504076715076;0.3703679769148076;0.20858120972624014;0.1845523440297342;0.08490306647346102;0.0;0.0;0.09535707990614388;0.21164939441637753;0.29541222841772125;0.19094780980111686;0.18744645294873316;0.0;0.19824327462230285;0.10500196954128223;0.28809616971625435;0.8659004396924485;0.09241755905646679;0.1131118824376274;0.07117864793557051;0.1842068684378982;0.11520273724031001;0.10332487245873062;0.08136647893060742;0.23943966836910033;0.11511188030862676;0.17206806959239906;0.2903853352983458;0.0939217094271093;0.16858499264032836;0.08150232715498625;0.1809403968111487;0.08465128968252622;0.16694882861612542;0.08850173177482598;0.17791916267727412;0.224563592486294;0.22472903149691398;0.35009846863353855
GO:0045893;0.0;0.0;0.0;0.0;0.0;0.0;0.0;0.0;0.13875675750584576;0.0;0.16689113917975112;0.0;0.0;0.503781966440957;1.0;0.0;0.0;0.0;0.0;0.0;0.0;0.0;0.23982072189214945;0.25757433217217296;0.16996474020889896;0.0;0.0;0.0;0.0;0.0;0.0;0.0;0.0;0.22459515997350804;0.22444235326937126;0.2292958331385248;0.0;0.0;0.0;0.2243858270584099;0.6969573214960686;0.1756629944861104;0.0;0.0;0.0;0.0;0.0;0.1786988822301381;0.5513738459104542;0.32678365423133;0.31944523186117385;0.0;0.19684766472938486;0.12708373883738497;0.33588718238146154;0.5537595493375639;0.0;0.0;0.0;0.3127101002252572;0.0;0.0;0.0;0.2069142892670927;0.0;0.28793016402324784;0.21949939966535903;0.0;0.16157895925926422;0.0;0.2198784389008555;0.0;0.09355872645590094;0.0;0.29978548346182954;0.1916477223435332;0.1918154176375706;0.6537799779109283
GO:0044320;0.13184537080379627;0.15936783232425103;0.15852045292402717;0.20765790720516697;0.1678913163054768;0.1544359491400006;0.16803839004635246;0.12660249541674476;0.0;0.18883192334417528;0.1443706646844937;0.6274258253558157;0.2235936563874056;0.10157482599498054;0.0;1.0;0.2006005899670473;0.0;0.35709372970242004;0.14100257182571982;0.1473005938771971;0.4579211482285147;0.26002806983250903;0.0;0.0;0.23106344492943168;0.1239996121595038;0.12399961200454997;0.18276311681923962;0.20046057474711731;0.7412537896743204;0.1319179895789698;0.18824205448020687;0.0;0.23101048967528656;0.2398454785175275;0.15505906918502316;0.4417031131527866;0.18265496684580598;0.23090925875155566;0.0;0.0;0.23087977231474519;0.1445330183998373;0.5053966544118647;0.0;0.1776958017908596;0.0;0.0;0.0;0.0;0.24961697418517245;0.0;0.0;0.0;0.0;0.7284603006329103;0.2511615712709521;0.10881566093640284;0.0;0.2617084457168988;0.3515343449105921;0.4976318904228528;0.0;0.2612400287892452;0.0;0.22229869733645743;0.17277536050979295;0.0;0.13494757691193293;0.0;0.24360720874270347;0.1336188495564318;0.6743047075240238;0.0;0.0;0.0;0.0
GO:0007409;0.223646617633444;0.1593837199389323;0.15853617202653975;0.35226258472787303;0.16790894889717753;0.26197025757586995;0.16805605354570902;0.12661252153904923;0.0;0.32032316479115924;0.1443837026913493;0.1444992563671466;0.37929913469328563;0.17229604643304264;0.0;0.2006005899670473;1.0;0.0;0.15122434398174484;0.1410150085626014;0.2498654134421552;0.19392856548319365;0.260070368353209;0.0;0.0;0.3919725437601156;0.21033698472684498;0.21033698446398086;0.31002722791120463;0.3400517861990436;0.20048383237679776;0.13192887531899639;0.3193224287516716;0.0;0.23104387381831404;0.2398814652406687;0.15507410927872511;0.26078635040359227;0.18267583704846888;0.2309426136404038;0.0;0.0;0.3916609193042041;0.14454608574859384;0.0;0.2735018902312356;0.17771555404575134;0.0;0.0;0.0;0.0;0.0;0.0;0.0;0.0;0.0;0.1677704351677106;0.25120103414291206;0.10882306766519464;0.0;0.2617512927393931;0.2075428122898264;0.13458688276423356;0.0;0.2612827225576376;0.0;0.22232961084509523;0.17279403396247367;0.0;0.1349589684119439;0.0;0.14381784020322907;0.22665518497108225;0.15529674242658018;0.0;0.0;0.0;0.0
GO:0034501;0.0;0.0;0.0;0.0;0.0;0.0;0.0;0.0;0.0;0.0;0.0;0.0;0.0;0.0;0.0;0.0;0.0;1.0;0.0;0.0;0.0;0.0;0.0;0.0;0.0;0.0;0.0;0.0;0.0;0.0;0.0;0.0;0.0;0.0;0.0;0.0;0.0;0.0;0.0;0.0;0.0;0.0;0.0;0.0;0.0;0.0;0.0;0.0;0.0;0.0;0.0;0.0;0.0;0.0;0.0;0.0;0.0;0.0;0.0;0.0;0.0;0.0;0.0;0.0;0.0;0.0;0.0;0.0;0.0;0.0;0.0;0.0;0.0;0.0;0.0;0.0;0.0;0.0
GO:0071732;0.10855047523026726;0.12654297429681402;0.12600812856835525;0.15520059743464878;0.13185834946070962;0.12341354896510938;0.1319490505071236;0.10497144562496993;0.0;0.14443819485311385;0.11690059144875636;0.42981339658768153;0.1639327995459815;0.08716404221023352;0.0;0.35709372970242004;0.15122434398174484;0.0;1.0;0.11468243747329054;0.11881422518982739;0.44644788351991943;0.1827017811613175;0.0;0.0;0.1679126509738095;0.10317571673484574;0.10317571662756626;0.14086044134140188;0.15114475941202188;0.35693703806853994;0.10859969508692453;0.14409282231523182;0.0;0.16788468431341988;0.172502638166027;0.12381115113963934;0.4322855602959575;0.14079618939022676;0.16783121261696973;0.0;0.0;0.16781563502889552;0.11700701673282414;0.32101658002233774;0.0;0.13783109838451535;0.0;0.0;0.0;0.0;0.17750010297189522;0.0;0.0;0.0;0.0;0.3976748859748503;0.178279732876795;0.09244266947767568;0.0;0.18352975714731484;0.26277722545788657;0.47808577563860294;0.0;0.1832992723149277;0.0;0.16323562672769018;0.1348522359541222;0.0;0.11064460034517125;0.0;0.27518509547187253;0.10974977777227085;0.4554483052673519;0.0;0.0;0.0;0.0
GO:0071897;0.34849877790550216;0.40296365020364766;0.6708653662877808;0.14446637502760495;0.41888487359393994;0.657822494822396;0.6209678169431853;0.6941345736737672;0.0;0.1350962807418827;0.11070484330926557;0.11077276360846079;0.15200311986848167;0.08367239784972307;0.0;0.14100257182571982;0.1410150085626014;0.0;0.11468243747329054;1.0;0.37967682270236297;0.1376732166058301;0.16800645671325576;0.0;0.0;0.1554187714180718;0.3320554672217759;0.33205546689276483;0.13196133934011123;0.14094580450471283;0.14094487527037763;0.7169409915056334;0.13479409243612084;0.0;0.15539481145758943;0.1593431341320091;0.5085576869929972;0.1683049601207955;0.7446249103844829;0.15534899883811504;0.0;0.0;0.1553356521145363;0.37420813837431594;0.0;0.0;0.4366844406467559;0.0;0.0;0.0;0.0;0.0;0.0;0.0;0.0;0.0;0.12395314173216869;0.1642598667691038;0.614797950174611;0.0;0.1687063403615067;0.144397617939037;0.10485275739162729;0.0;0.28542166654138584;0.0;0.15140353844781074;0.4278189965093193;0.0;0.8996468645489626;0.0;0.6230671989131135;0.5886271859555118;0.11700936985476514;0.0;0.0;0.0;0.0
GO:0016572;0.915230254892814;0.8180529944571249;0.41636120545411764;0.2562610847249487;0.851637624904778;0.4920613702651194;0.3939000666441137;0.34768918202261323;0.0;0.23893000899280337;0.11455018614501244;0.1146229083772103;0.2702760874409444;0.17380318811719878;0.0;0.1473005938771971;0.2498654134421552;0.0;0.11881422518982739;0.37967682270236297;1.0;0.14367100636445368;0.17702493056271537;0.0;0.0;0.2766498219913654;0.7072445497861836;0.707244549063889;0.23315447502303133;0.24973731553873926;0.14723762921535527;0.35948197601579435;0.23837278585519883;0.0;0.16307917057622887;0.1674331123123217;0.369232703834968;0.17735637263514953;0.46404609510523814;0.16302871574551797;0.0;0.0;0.2764945537538471;0.46141840337294815;0.0;0.0;0.7150311780317697;0.0;0.0;0.0;0.0;0.0;0.0;0.0;0.0;0.0;0.12879403993409366;0.1728702894330481;0.27717847704042864;0.0;0.17780214327288904;0.15100968859822464;0.10829597783324427;0.0;0.4741787847347678;0.0;0.15868897227171683;0.6999349495211594;0.0;0.3665635043528383;0.0;0.38566886981450227;0.4386122497554274;0.12131367492290057;0.0;0.0;0.0;0.0
GO:0071456;0.12892994283032017;0.1551277546507522;0.15432475191292525;0.2005165249074073;0.16319225177015387;0.15045096122419116;0.16333120450302727;0.12391195745471406;0.0;0.1829082334853643;0.1408823223507215;0.33296386382446663;0.21533594593282177;0.09983560337749915;0.0;0.4579211482285147;0.19392856548319365;0.0;0.44644788351991943;0.1376732166058301;0.14367100636445368;1.0;0.24892672977031383;0.0;0.0;0.22225564024613076;0.12141744090377653;0.12141744075520905;0.1772084672493171;0.19379770621503647;0.4576635107986047;0.12899938470528285;0.18235473847493766;0.0;0.222206644774249;0.23036916282682224;0.15104227723673505;0.5893914019178295;0.1771067894695135;0.2221129811119751;0.0;0.0;0.22208569827076446;0.14103692093878828;0.2790211708966823;0.0;0.17244047157751335;0.0;0.0;0.0;0.0;0.23936927973321476;0.0;0.0;0.0;0.0;0.3850816103732588;0.2407892965784959;0.10682207007355035;0.0;0.25046626361440727;0.40829268709758565;0.3106403433993998;0.0;0.2500371928029879;0.0;0.21413461392898386;0.16780297152709847;0.0;0.13189492822045015;0.0;0.3314224121481976;0.13062535244169698;0.35719630469561753;0.0;0.0;0.0;0.0
GO:0035556;0.15516564790133358;0.19474670848504544;0.19348283240467026;0.27205736320098184;0.20762752212419153;0.1874323151648812;0.20785249935408484;0.14795478912496404;0.3493523768160281;0.24062768912732208;0.35518516178822224;0.1729756869769606;0.3000766603593082;0.23611020226548834;0.23982072189214945;0.26002806983250903;0.260070368353209;0.0;0.1827017811613175;0.16800645671325576;0.17702493056271537;0.24892672977031383;1.0;0.35297529997489197;0.30173936178598837;0.31368625837401043;0.1444121663734652;0.14441216616329594;0.23085909838054336;0.25983507875684536;0.2598319207425471;0.1552662373939431;0.23967066281319455;0.5310671806746815;0.8485150032937308;0.893177273536328;0.1883509404830205;0.3710210352674434;0.23068656399140403;0.7462871432700279;0.22796701180402118;0.3201778792815677;0.3133478434685988;0.17304279664075378;0.0;0.0;0.22283238981928957;0.33040908689672327;0.263012219408281;0.5921139700491794;0.559694859633114;0.0;0.5349121200926098;0.2837353922984898;0.3002570581954124;0.22462118693014754;0.20741576879825646;0.3519164227215028;0.1242245803527712;0.5317705852512026;0.3729772138627779;0.2718136256840823;0.15896095361128434;0.4418006620926883;0.3720265404589634;0.4417967150555546;0.6119779303384145;0.2151488315685165;0.33575973915438395;0.15948027459181627;0.5054301476368149;0.17200014059458094;0.21509200633316733;0.1886794747220315;0.48254140954539615;0.3775790134962014;0.37823048898900247;0.2063559424868567
GO:0010971;0.0;0.0;0.0;0.0;0.0;0.0;0.0;0.0;0.20215351800206385;0.0;0.5049796657756755;0.0;0.0;0.15670963749265554;0.25757433217217296;0.0;0.0;0.0;0.0;0.0;0.0;0.0;0.35297529997489197;1.0;0.21993242173498334;0.0;0.0;0.0;0.0;0.0;0.0;0.0;0.0;0.32095169496290876;0.3206397383322715;0.33063794939843544;0.0;0.0;0.0;0.32052438555342005;0.24763600120545862;0.2295685913159689;0.0;0.0;0.0;0.0;0.0;0.23478125223350726;0.27638409372685874;0.6083664321581818;0.4608662336549107;0.0;0.2932723810487712;0.1782942219169234;0.2620330060705044;0.17591162859474946;0.0;0.0;0.0;0.44697732407992147;0.0;0.0;0.0;0.3976383220318085;0.0;0.6181977128205219;0.3714431294697521;0.0;0.22130485763160843;0.0;0.4934943643181817;0.0;0.11864713970374921;0.0;0.4210316250466578;0.2576532679111314;0.25795645853207294;0.22892106656167496
GO:0031115;0.0;0.0;0.0;0.0;0.0;0.0;0.0;0.0;0.1736078853327882;0.0;0.27092352770978856;0.0;0.0;0.20278012806804252;0.16996474020889896;0.0;0.0;0.0;0.0;0.0;0.0;0.0;0.30173936178598837;0.21993242173498334;1.0;0.0;0.0;0.0;0.0;0.0;0.0;0.0;0.0;0.27802547260696675;0.2777913515315175;0.28526476675044543;0.0;0.0;0.0;0.27770476473117495;0.16392390867093198;0.6460650627287516;0.0;0.0;0.0;0.0;0.0;0.2935516615522186;0.2519148374913306;0.2938880815783254;0.28567513711654074;0.0;0.3115332670190239;0.15571283541712902;0.19824468713583943;0.2256886351219719;0.0;0.0;0.0;0.2782181369923186;0.0;0.0;0.0;0.34987326280423203;0.0;0.2514283482315546;0.37607461333213044;0.0;0.24406025397619285;0.0;0.3763330326422723;0.0;0.10820491173605018;0.0;0.2641203493033171;0.3189953431050017;0.3193292785196423;0.2118264021072256
GO:0036089;0.24486619276135763;0.17803249880385924;0.23700198952662999;0.489521290184236;0.18873642906802557;0.29156639043245164;0.18892231108507113;0.13810440871826826;0.0;0.3657148686339072;0.21362680783640148;0.1596618664457424;0.44464899926363466;0.18462150602310157;0.0;0.23106344492943168;0.3919725437601156;0.0;0.1679126509738095;0.1554187714180718;0.2766498219913654;0.22225564024613076;0.31368625837401043;0.0;0.0;1.0;0.2290006941067198;0.22900069379513688;0.42281575248785225;0.46997742740887627;0.2309085472845957;0.14445382718686903;0.43728254147432755;0.0;0.2724077320421913;0.28477768817563137;0.17267234972000445;0.31472847485492067;0.2075996756022532;0.2722669800480122;0.0;0.0;0.5540664832514713;0.15971904120833605;0.0;0.0;0.20121716413237659;0.0;0.0;0.0;0.0;0.0;0.0;0.0;0.0;0.0;0.1885614394965615;0.4029226963589847;0.11720562582378885;0.0;0.4233611064153585;0.2403228908138815;0.14764658561069435;0.0;0.31545171210587486;0.0;0.2603751757320523;0.1949309257289407;0.0;0.148094505956369;0.0;0.15883035398373768;0.24847735826724554;0.17294842504756205;0.0;0.0;0.0;0.0
GO:0036123;0.6843576830658513;0.6021172924072619;0.3597786366574051;0.21485086546684967;0.5880650337247335;0.42635906438943844;0.33825173047821694;0.24787927484745897;0.0;0.2025338125847596;0.09994502436511031;0.10000038012374307;0.2246160580224393;0.1566472131989565;0.0;0.1239996121595038;0.21033698472684498;0.0;0.10317571673484574;0.3320554672217759;0.7072445497861836;0.12141744090377653;0.1444121663734652;0.0;0.0;0.2290006941067198;1.0;0.94292646647107;0.198368496837356;0.21024620345901504;0.12395498924829301;0.2552805530839935;0.20213328066455208;0.0;0.1349947875112714;0.13796458885651314;0.3197964054885336;0.1446326602651179;0.3948379727186709;0.13496021245426543;0.0;0.0;0.22889429513904386;0.4025417196540432;0.0;0.0;0.6102624345918028;0.0;0.0;0.0;0.0;0.0;0.0;0.0;0.0;0.0;0.11061901743393854;0.1416353060658132;0.2483574827399806;0.0;0.14492897227618595;0.12661763319946207;0.0951505952309833;0.0;0.24523441620715355;0.0;0.13197247575942256;0.5992318799533813;0.0;0.3219817178278005;0.0;0.33662960765236444;0.38563997293144;0.1050553004407018;0.0;0.0;0.0;0.0
GO:0036124;0.6843576824190901;0.6021172917585372;0.35977863627116263;0.21485086519258229;0.5880650330688101;0.42635906393971124;0.3382517301007157;0.24787927461990025;0.0;0.2025338123410374;0.09994502426444402;0.10000038002296525;0.22461605772267382;0.15664721307680674;0.0;0.12399961200454997;0.21033698446398086;0.0;0.10317571662756626;0.33205546689276483;0.707244549063889;0.12141744075520905;0.14441216616329594;0.0;0.0;0.22900069379513688;0.94292646647107;1.0;0.19836849660355552;0.2102462031963778;0.12395498909345068;0.25528055284264284;0.20213328042179288;0.0;0.1349947873276194;0.1379645886646918;0.31979640515028834;0.14463266005430633;0.3948379722534844;0.1349602122707075;0.0;0.0;0.22889429482775042;0.40254171924828097;0.0;0.0;0.6102624338854272;0.0;0.0;0.0;0.0;0.0;0.0;0.0;0.0;0.0;0.110619017310622;0.14163530586364878;0.24835748253597642;0.0;0.14492897206450972;0.12661763303789605;0.09515059513974342;0.0;0.24523441584933137;0.0;0.13197247558390182;0.5992318792723107;0.0;0.32198171751844934;0.0;0.3366296073142265;0.38563997256351257;0.10505530032947803;0.0;0.0;0.0;0.0
GO:0000707;0.21016407642182944;0.1479136814356395;0.29873268709837236;0.383912165988118;0.15522787250576786;0.24366028580114096;0.15535358816778588;0.11926561555152765;0.0;0.3501584951210212;0.18066431916721054;0.13500771449591756;0.5394798022784197;0.16418174534244231;0.0;0.18276311681923962;0.31002722791120463;0.0;0.14086044134140188;0.13196133934011123;0.23315447502303133;0.1772084672493171;0.23085909838054336;0.0;0.0;0.42281575248785225;0.198368496837356;0.19836849660355552;1.0;0.4979161229662302;0.1826661952805027;0.12397142348327175;0.5260703579668108;0.0;0.20769658847217823;0.2148108249147902;0.14419479669833155;0.23142309968277103;0.1677652202847213;0.2076147556118388;0.0;0.0;0.4906748951592884;0.13504859301205602;0.0;0.0;0.16357234710821858;0.0;0.0;0.0;0.0;0.0;0.0;0.0;0.0;0.0;0.15510948343671113;0.2997662592450706;0.1033510387839731;0.0;0.31093400153563155;0.18850794206978697;0.12631561025651272;0.0;0.23181390282387537;0.0;0.20062757383957086;0.15939378982295363;0.0;0.12664331121818065;0.0;0.13441269263306205;0.2128186818368506;0.14438726830638401;0.0;0.0;0.0;0.0
GO:0007066;0.2235439868216296;0.15929531815273143;0.32159735028182207;0.49054226763864495;0.16781084010608452;0.362897370670543;0.16795777282384516;0.12655672902013604;0.0;0.38208116882430515;0.1932583759931081;0.14442659110534403;0.3790040286413656;0.17223512789370066;0.0;0.20046057474711731;0.3400517861990436;0.0;0.15114475941202188;0.14094580450471283;0.24973731553873926;0.19379770621503647;0.25983507875684536;0.0;0.0;0.46997742740887627;0.21024620345901504;0.2102462031963778;0.4979161229662302;1.0;0.20034398004156848;0.13186830019134985;0.6363235159819485;0.0;0.23085815592458886;0.23968127409392398;0.15499042223500686;0.2605497640936095;0.18255971889148787;0.2307570584357296;0.0;0.0;0.46960408798945974;0.14447337339223057;0.0;0.0;0.17760565439865944;0.0;0.0;0.0;0.0;0.0;0.0;0.0;0.0;0.0;0.16767248812911345;0.33610901389814307;0.10878184923274971;0.0;0.35021249143944777;0.20739294193369362;0.13452384278391663;0.0;0.2610452351794402;0.0;0.2221576329548004;0.17269013520762963;0.0;0.13489557946489567;0.0;0.14374585849098215;0.31399950370154195;0.15521281498370668;0.0;0.0;0.0;0.0
GO:0036120;0.1317949235963809;0.15929413121866887;0.15844753331211434;0.20753279238270345;0.16780952287970277;0.15436673804980497;0.1679564532897743;0.1265559798305736;0.0;0.188728460032708;0.14431017943391183;0.5340553309340382;0.22344860873823996;0.10154488145225504;0.0;0.7412537896743204;0.20048383237679776;0.0;0.35693703806853994;0.14094487527037763;0.14723762921535527;0.4576635107986047;0.2598319207425471;0.0;0.0;0.2309085472845957;0.12395498924829301;0.12395498909345068;0.1826661952805027;0.20034398004156848;1.0;0.13186748679551644;0.18813923637584198;0.0;0.23085566299759186;0.23967858697339797;0.1549892985867553;0.4413690031999262;0.18255815994928512;0.23075456769164973;0.0;0.0;0.2307251207462784;0.1444723970625364;0.4351392970015375;0.0;0.17760417891713906;0.0;0.0;0.0;0.0;0.2494362121680939;0.0;0.0;0.0;0.0;0.6200124788886254;0.2509785660893009;0.10878129571127981;0.0;0.26150975426086615;0.35132268866769245;0.49743754321856914;0.0;0.26104204768053624;0.0;0.22215532439158164;0.17268874026817835;0.0;0.13489472829451618;0.0;0.24350554733525043;0.13356703633684572;0.5739399428804015;0.0;0.0;0.0;0.0
GO:0009165;0.33137859779685824;0.38031611907588747;0.4887036939047204;0.13494504495677007;0.39448428882403597;0.4797140081325733;0.5091370758621058;0.9090044460138352;0.0;0.12673425839743555;0.10502627955691816;0.10508740874712229;0.14149854728922295;0.08038733451830986;0.0;0.1319179895789698;0.13192887531899639;0.0;0.10859969508692453;0.7169409915056334;0.35948197601579435;0.12899938470528285;0.1552662373939431;0.0;0.0;0.14445382718686903;0.2552805530839935;0.25528055284264284;0.12397142348327175;0.13186830019134985;0.13186748679551644;1.0;0.12646828447551714;0.0;0.14443312853867227;0.14783795943309483;0.5542531595035548;0.15552115092898863;0.5391831403525287;0.1443935504546853;0.0;0.0;0.1443820197467909;0.28602341911885565;0.0;0.0;0.3309402785305444;0.0;0.0;0.0;0.0;0.0;0.0;0.0;0.0;0.0;0.11687755344998277;0.15206090318332682;0.6454632929681927;0.0;0.1558638101468464;0.13488505045716848;0.09974483628589807;0.0;0.36525220696280153;0.0;0.1409788319573982;0.324613070190739;0.0;0.694138422075912;0.0;0.45566522873830284;0.43169885880978043;0.1106840900389817;0.0;0.0;0.0;0.0
GO:0007141;0.21439467674849094;0.15148197397004856;0.3059029283527156;0.4596539049711878;0.15916248127343013;0.2976381800863893;0.15929465352659897;0.12157475307865435;0.0;0.36007677884515693;0.18463102309972473;0.13797423761614847;0.3534322268504779;0.16675229624462862;0.0;0.18824205448020687;0.3193224287516716;0.0;0.14409282231523182;0.13479409243612084;0.23837278585519883;0.18235473847493766;0.23967066281319455;0.0;0.0;0.43728254147432755;0.20213328066455208;0.20213328042179288;0.5260703579668108;0.6363235159819485;0.18813923637584198;0.12646828447551714;1.0;0.0;0.21480148557900702;0.22241970196473884;0.14758385938015262;0.24027859672395083;0.1723705000924044;0.21471395945165514;0.0;0.0;0.43695932154856737;0.13801693259941963;0.0;0.0;0.16794730703188696;0.0;0.0;0.0;0.0;0.0;0.0;0.0;0.0;0.0;0.15903801685867178;0.31084735337821195;0.105080570041328;0.0;0.3228725652618502;0.194342231729131;0.12890877833182762;0.0;0.2406999077950045;0.0;0.20724935711340212;0.16354524612186735;0.0;0.12925009050868685;0.0;0.1373528398282721;0.259196106908674;0.14778549109696731;0.0;0.0;0.0;0.0
GO:1901796;0.0;0.0;0.0;0.0;0.0;0.0;0.0;0.0;0.2993668618611499;0.0;0.26989465442532484;0.0;0.0;0.1841223903958713;0.22459515997350804;0.0;0.0;0.0;0.0;0.0;0.0;0.0;0.5310671806746815;0.32095169496290876;0.27802547260696675;0.0;0.0;0.0;0.0;0.0;0.0;0.0;0.0;1.0;0.46110434197492134;0.4820676318743894;0.0;0.0;0.0;0.46086582276959076;0.21416606462010648;0.2936048660561761;0.0;0.0;0.0;0.0;0.0;0.5970211658583957;0.24481128867286908;0.5072181472260429;0.48324070989561974;0.0;0.44990828997511884;0.24985294798669275;0.2767665179015375;0.2112104585013692;0.0;0.0;0.0;0.46228143591113563;0.0;0.0;0.0;0.39275161516867635;0.0;0.3927484958849627;0.44071490048905265;0.0;0.30016244158340166;0.0;0.44224559822170867;0.0;0.14658456417983026;0.0;0.4246220956352563;0.6091581806450205;0.3416975486033759;0.1949823290257607
GO:0008631;0.14434608193552123;0.17800105985713927;0.17694460281950078;0.2404560292410715;0.18870109641330282;0.1718706702927358;0.18888690880602227;0.13808548956485578;0.29890822463254535;0.21556988809613042;0.3278190766944639;0.1596365804692306;0.26208535381579046;0.22369660146284154;0.22444235326937126;0.23101048967528656;0.23104387381831404;0.0;0.16788468431341988;0.15539481145758943;0.16307917057622887;0.222206644774249;0.8485150032937308;0.3206397383322715;0.2777913515315175;0.2724077320421913;0.1349947875112714;0.1349947873276194;0.20769658847217823;0.23085815592458886;0.23085566299759186;0.14443312853867227;0.21480148557900702;0.46110434197492134;1.0;0.7703399900108505;0.17264277522622806;0.3146302361552182;0.20755692817153654;0.6481591534341022;0.21402711522633908;0.293343783809842;0.2721524860008338;0.15969373712024845;0.0;0.0;0.20117700452360948;0.30190896369015346;0.2446297463420684;0.5064394663159774;0.48253385786906694;0.0;0.4491428845232267;0.2495333964793165;0.27653451143456576;0.2110753165857586;0.18852617232365615;0.30078328008425725;0.11719199906612089;0.461634528776725;0.31603584495936715;0.24026560687679901;0.147624961944981;0.3922845726596662;0.3153530214586149;0.3922814607901352;0.5350237127128539;0.19489323594708274;0.29982156101738494;0.14807275090044306;0.4416535154658422;0.1588053306774197;0.1998726738179995;0.17291875591658737;0.4240762325514574;0.3408132900177413;0.34134398193556625;0.19486715061269347
GO:0007265;0.147746761721685;0.18320093656916275;0.18208204821985893;0.2500432694549044;0.19455519489400466;0.1767136727897301;0.19475272111676872;0.14119440054616034;0.3138680941061029;0.22324368037025016;0.3363739528437466;0.16380628957817764;0.2735159306496958;0.22764734761380923;0.2292958331385248;0.2398454785175275;0.2398814652406687;0.0;0.172502638166027;0.1593431341320091;0.1674331123123217;0.23036916282682224;0.893177273536328;0.33063794939843544;0.28526476675044543;0.28477768817563137;0.13796458885651314;0.1379645886646918;0.2148108249147902;0.23968127409392398;0.23967858697339797;0.14783795943309483;0.22241970196473884;0.4820676318743894;0.7703399900108505;1.0;0.17753000714091688;0.3312489631212986;0.21466143662019785;0.6775676706340842;0.21843617117396258;0.3016900085200283;0.2844987463774711;0.1638664716520438;0.0;0.0;0.20784445104002708;0.31075704797704806;0.25040681686210314;0.5318411028305623;0.5055395434569399;0.0;0.47424347721741206;0.2598737121470577;0.28393955280647193;0.21536237637525715;0.19436925441343297;0.31593618249405797;0.11942367517244686;0.48264715281843046;0.33280734936129597;0.24983736618858088;0.1511837966337617;0.40735503492822;0.3320502170216879;0.40735167936854133;0.5581931050339596;0.20114420071719336;0.31080265654432;0.1516534701087084;0.46084870107086684;0.16293116718187214;0.20465261037924548;0.1778218473137903;0.44174337176348977;0.3521313898139236;0.3526979438922157;0.19851540493111913
