;GO:0043988;GO:0018108;GO:0007131;GO:0007052;GO:0046777;GO:0000733;GO:0006364;GO:0009157;GO:0032091;GO:0007019;GO:0044878;GO:0071373;GO:0051289;GO:0000183;GO:0045893;GO:0044320;GO:0007409;GO:0034501;GO:0071732;GO:0071897;GO:0016572;GO:0071456;GO:0035556;GO:0010971;GO:0031115;GO:0036089;GO:0036123;GO:0036124;GO:0000707;GO:0007066;GO:0036120;GO:0009165;GO:0007141;GO:1901796;GO:0008631;GO:0007265;GO:0046104;GO:0006974;GO:0042148;GO:0048012;GO:0051973;GO:0051497;GO:0051256;GO:0031145;GO:0033762;GO:0031100;GO:0016567;GO:0035024;GO:1904355;GO:0045787;GO:0051272;GO:0009615;GO:0042754;GO:0061436;GO:0000079;GO:0000122;GO:0071392;GO:0000086;GO:0043097;GO:0048146;GO:0000281;GO:0034644;GO:0071314;GO:0032466;GO:0016310;GO:0032467;GO:0031577;GO:0016579;GO:1905098;GO:0006351;GO:0007088;GO:0000724;GO:0000722;GO:1990314;GO:0043065;GO:0070495;GO:0002903;GO:0032212
GO:0043988;1.0;0.45572593707909254;0.13782044033979002;0.17129279771003839;0.4511557419087485;0.14923908809939496;0.1270267050480989;0.2737520211167891;0.0;0.15471425959919308;0.016820808509603918;0.016542012253947143;0.1719403287056233;0.40470843140533;0.0;0.01788048761237731;0.17794868530649585;0.0;0.018307684229438063;0.15070764266727427;0.8523081785504136;0.020831789118631077;0.025915491655330004;0.0;0.0;0.14696732623217218;0.44866838568359785;0.46227339503637044;0.14816570433327106;0.1314714214962308;0.018571933505860526;0.3380224152570246;0.1583791750960942;0.0;0.01837872977948846;0.02218483009939226;0.14172483127289578;0.024250953203823814;0.12539814502392194;0.01797790430867298;0.0;0.0;0.1502125268459646;0.19270408154641933;0.0;0.0;0.29437065050546946;0.0;0.0;0.0;0.0;0.0;0.0;0.0;0.0;0.0;0.019269451414091393;0.02101931183919318;0.15147401822761372;0.0;0.020038414336241286;0.02036470446401519;0.016542012253947143;0.0;0.47888127939854686;0.0;0.018687140325755247;0.2743346380293325;0.0;0.19410660788059522;0.0;0.14810752463432833;0.15269263677324443;0.017659794945153594;0.0;0.0;0.0;0.0
GO:0018108;0.45572593707909254;1.0;0.19040287284416538;0.028664077683402157;0.6586742746668603;0.1709573626132688;0.1855204822217262;0.36910968147055767;0.0;0.024892068995282617;0.02222136300885264;0.02173738053617767;0.02881755199503819;0.024286344850750423;0.0;0.02410890359902469;0.03026491209657957;0.0;0.024892068995282617;0.2159096299770728;0.5412785927222806;0.02980170806887289;0.041427553727127774;0.0;0.0;0.02322736667005061;0.45572593707909254;0.4740597106063614;0.023481019219191282;0.02006821524873952;0.02538312307691892;0.4963605763458048;0.025700676998121553;0.0;0.02502359105622119;0.03265048947135027;0.1872275593224481;0.03733146047043671;0.16748164775204227;0.024286344850750423;0.0;0.0;0.023917490658381616;0.2670560721307446;0.0;0.0;0.45032814140125005;0.0;0.0;0.0;0.0;0.0;0.0;0.0;0.0;0.0;0.026704281328477596;0.030186982052920263;0.20462619999762505;0.0;0.028204198778953922;0.028854921749346812;0.02173738053617767;0.0;0.752433618956095;0.0;0.02559881963641493;0.4050701319650983;0.0;0.317660801451963;0.0;0.21061254533060225;0.1763111633243405;0.02370939980386463;0.0;0.0;0.0;0.0
GO:0007131;0.13782044033979002;0.19040287284416538;1.0;0.4925349055464638;0.19112784102607458;0.44333055426813744;0.27256131433936387;0.19869066386727813;0.0;0.021510911652872108;0.3954522591112041;0.01911377124220526;0.024380925734277067;0.021057065768047428;0.0;0.020923545221878833;0.02540898364570496;0.0;0.021510911652872108;0.5413652101483345;0.16189267475817562;0.02508169128704951;0.03283735790357287;0.0;0.0;0.41106517190067987;0.13782044033979002;0.14267217767805573;0.6602810344986052;0.5751072019816543;0.021876643500360515;0.25554923839336263;0.7139821894687762;0.0;0.021609059926712387;0.02706945423451794;0.18504891763839207;0.03020997072173614;0.4354701478581274;0.021057065768047428;0.0;0.0;0.4216760531580461;0.16476779190340715;0.0;0.0;0.21468796358198936;0.0;0.0;0.0;0.0;0.0;0.0;0.0;0.0;0.0;0.022850992746507454;0.5145134543463005;0.19995857930306288;0.0;0.48582739959069815;0.024407669327549827;0.01911377124220526;0.0;0.14838519601324593;0.0;0.022036674815599528;0.1968309765955747;0.0;0.35408312764447897;0.0;0.7710855873776572;0.6622997898759039;0.020621975026485204;0.0;0.0;0.0;0.0
GO:0007052;0.17129279771003839;0.028664077683402157;0.4925349055464638;1.0;0.02878258810947527;0.3097165689656736;0.028811616099829705;0.022316419816850137;0.0;0.6118334711909064;0.4885923743211734;0.020269459708345785;0.22219794402202936;0.18987533985630806;0.0;0.022316419816850137;0.23233563444570815;0.0;0.022985841799558752;0.027227433210055246;0.2033590757088407;0.027110022726169667;0.03640318073032801;0.0;0.0;0.43750095691256163;0.17129279771003839;0.1777011138655421;0.44193201128180565;0.3817256054614624;0.02340393447621552;0.02926003132061077;0.4804128846755636;0.0;0.02309794596497708;0.029447261413966905;0.020689651021367564;0.033202007065524876;0.0215590344612731;0.022468373465070406;0.0;0.0;0.523133622383498;0.024522556886335638;0.0;0.0;0.03267642263156155;0.0;0.0;0.0;0.0;0.0;0.0;0.0;0.0;0.0;0.024522556886335638;0.6477316735772889;0.022468373465070406;0.0;0.6088408464756528;0.026324285391871323;0.020269459708345785;0.0;0.03493442255537375;0.0;0.023587184142736667;0.029717577738028852;0.0;0.038416560238936935;0.0;0.02661868018552052;0.31868521239525166;0.021973691153118542;0.0;0.0;0.0;0.0
GO:0046777;0.4511557419087485;0.6586742746668603;0.19112784102607458;0.02878258810947527;1.0;0.1715415857134539;0.1863737144406184;0.3703923908225787;0.0;0.02498139262978561;0.022292520168939445;0.0218054670890184;0.02893733753642992;0.024371366747052696;0.0;0.024192685514444076;0.030397059836462462;0.0;0.02498139262978561;0.2168423204800139;0.5433203517005011;0.029929833162769853;0.041675558168773;0.0;0.0;0.023305123784276436;0.2677956644416596;0.2786041431559366;0.02356048679189128;0.020126232879360377;0.025476012282727677;0.4986829525381129;0.025795909270829653;0.0;0.025113862813378313;0.032804343827091735;0.18782709866690966;0.03753272806556691;0.16804231783574045;0.024371366747052696;0.0;0.0;0.023999945204943005;0.2680844227618198;0.0;0.0;0.45271266888470785;0.0;0.0;0.0;0.0;0.0;0.0;0.0;0.0;0.0;0.026807111286012153;0.030318448648408616;0.20534255759131986;0.0;0.02831892939940016;0.02897501880826483;0.0218054670890184;0.0;0.7567311810005672;0.0;0.02569329716516224;0.4069984272951978;0.0;0.3196838477246783;0.0;0.21149993828681876;0.1769326176411467;0.02379042339270108;0.0;0.0;0.0;0.0
GO:0000733;0.14923908809939496;0.1709573626132688;0.44333055426813744;0.3097165689656736;0.1715415857134539;1.0;0.24460670114204078;0.1822635806901589;0.0;0.2774826861830208;0.01797790430867298;0.017659794945153594;0.18645612490687977;0.16315040354567042;0.0;0.019193656101624983;0.19354270372634022;0.0;0.01968676996160056;0.48838864678973176;0.1730070713368601;0.02263610086552701;0.02876818654610246;0.0;0.0;0.15744425695478687;0.14923908809939496;0.15408018821179004;0.15882038373277324;0.4506104732146233;0.019992662136233234;0.2290032262297307;0.2845635495075382;0.0;0.01976894614374969;0.024242713280608143;0.17071876224386234;0.026731425104625735;0.4005228526627243;0.019305952003115197;0.0;0.0;0.16117450554298535;0.15000290797923205;0.0;0.0;0.19028361961292234;0.0;0.0;0.0;0.0;0.0;0.0;0.0;0.0;0.0;0.020803309448960187;0.022857687078178996;0.18332994621187435;0.0;0.02170242042218144;0.02208566958313619;0.017659794945153594;0.0;0.13058874989902727;0.0;0.020126232879360377;0.17612172455895617;0.0;0.3083097083945165;0.0;0.4792438798823433;0.5287469745920663;0.018939587432658576;0.0;0.0;0.0;0.0
GO:0006364;0.1270267050480989;0.1855204822217262;0.27256131433936387;0.028811616099829705;0.1863737144406184;0.24460670114204078;1.0;0.22992924036168674;0.0;0.025003256786636063;0.0223099292909887;0.02182212351854227;0.028966678662646538;0.024392175685828594;0.0;0.024213190317556237;0.030429437463056146;0.0;0.025003256786636063;0.30927055590253294;0.15300030360027606;0.029961222585938967;0.04173644401928842;0.0;0.0;0.023324151066833197;0.1270267050480989;0.1321576938678614;0.02357993351109733;0.02014042183934945;0.02549875120457347;0.3096593393006614;0.025819223095110203;0.0;0.025135959568081075;0.03284205596904637;0.21185581194067538;0.03758210347661528;0.239612907961355;0.024392175685828594;0.0;0.0;0.024020124454502058;0.15619091049522346;0.0;0.0;0.21485391572959692;0.0;0.0;0.0;0.0;0.0;0.0;0.0;0.0;0.0;0.026832289635551385;0.03035065893638085;0.2316288912223534;0.0;0.02834702924220515;0.029004436437219668;0.02182212351854227;0.0;0.18674906823355222;0.0;0.02571642579767643;0.1931330947182196;0.0;0.5002853583962213;0.0;0.30164317172305066;0.25230055663508283;0.02381025170111798;0.0;0.0;0.0;0.0
GO:0009157;0.2737520211167891;0.36910968147055767;0.19869066386727813;0.022316419816850137;0.3703923908225787;0.1822635806901589;0.22992924036168674;1.0;0.0;0.019961425850583678;0.018206670843572734;0.01788048761237731;0.02240933659861543;0.01957001359577429;0.0;0.019454633959398688;0.023274895928415428;0.0;0.019961425850583678;0.28408893840483185;0.3179829445283036;0.022999975585573474;0.029358481352004768;0.0;0.0;0.01887652695603444;0.09191838890520297;0.09493857478613422;0.019043711450542553;0.016735498401546103;0.020275980933668718;0.7362554259895879;0.020478096291912416;0.0;0.020045915875616153;0.024660550263540332;0.4465863092921822;0.02724035476304011;0.17925211204080402;0.01957001359577429;0.0;0.0;0.01932980117066826;0.10852163788879665;0.0;0.0;0.138210855305634;0.0;0.0;0.0;0.0;0.0;0.0;0.0;0.0;0.0;0.02111024600253506;0.02322877904638956;0.4800273602804179;0.0;0.022036674815599528;0.022431927775403128;0.01788048761237731;0.0;0.4347404336010244;0.0;0.020413377208106327;0.1277458334284972;0.0;0.3772457220417787;0.0;0.2150409449368302;0.18685692213856694;0.019193656101624983;0.0;0.0;0.0;0.0
GO:0032091;0.0;0.0;0.0;0.0;0.0;0.0;0.0;0.0;1.0;0.0;0.052901621291111804;0.0;0.0;0.0575644937945887;0.09383243580588932;0.0;0.0;0.0;0.0;0.0;0.0;0.0;0.09474953409777101;0.061570348575751936;0.0575644937945887;0.0;0.0;0.0;0.0;0.0;0.0;0.0;0.0;0.07089336743866576;0.05921937077926615;0.07604093368466576;0.0;0.0;0.0;0.0575644937945887;0.30161753210654346;0.06002453029109549;0.0;0.0;0.0;0.0;0.0;0.05976805595784252;0.05921937077926615;0.07975868622313374;0.0817632239738962;0.0;0.05861385433020507;0.06002453029109549;0.33108641157788316;0.0872182853921153;0.0;0.0;0.0;0.0652396163316577;0.0;0.0;0.0;0.05517835974545515;0.0;0.06312881505161429;0.06050698773077374;0.0;0.7754246051299516;0.0;0.0736264838348804;0.0;0.057936555134918515;0.0;0.0837320672914297;0.05180281643722896;0.0575644937945887;0.06281292044709812
GO:0007019;0.15471425959919308;0.024892068995282617;0.021510911652872108;0.6118334711909064;0.02498139262978561;0.2774826861830208;0.025003256786636063;0.019961425850583678;0.0;1.0;0.01864978894956986;0.018307684229438063;0.3666934323445176;0.16971633892639817;0.0;0.019961425850583678;0.20285254017058016;0.0;0.020495327744062996;0.023801459636255753;0.18040832387970887;0.023711688573120053;0.03052811151583636;0.0;0.0;0.16355034533917207;0.15471425959919308;0.15992328806272188;0.3102167110817726;0.24115162809546117;0.020827074288089328;0.025340269079860527;0.29656170952843564;0.0;0.02058440795226302;0.02548057513173678;0.01864978894956986;0.02824441645889387;0.0193532780096808;0.020082913816025467;0.0;0.0;0.45228117798606865;0.021708291142540363;0.0;0.0;0.02786316916443898;0.0;0.0;0.0;0.0;0.0;0.0;0.0;0.0;0.0;0.021708291142540363;0.023954946227021073;0.020082913816025467;0.0;0.02268917370486198;0.02310840246881013;0.018307684229438063;0.0;0.029488409966316107;0.0;0.020972067521626378;0.02568272069272882;0.0;0.03193153105353898;0.0;0.023334952359942086;0.28466001366698457;0.01968676996160056;0.0;0.0;0.0;0.0
GO:0044878;0.016820808509603918;0.02222136300885264;0.3954522591112041;0.4885923743211734;0.022292520168939445;0.01797790430867298;0.0223099292909887;0.018206670843572734;0.052901621291111804;0.01864978894956986;1.0;0.016820808509603918;0.020769490860343066;0.17255594668189217;0.0860239630599355;0.018206670843572734;0.021510911652872108;0.0;0.01864978894956986;0.021348120299372372;0.0193532780096808;0.02127587371158766;0.08661395254755712;0.637455072166009;0.17255594668189217;0.35917649100223836;0.016820808509603918;0.017339728950274563;0.36215760181489065;0.3207060573625605;0.018924080213231;0.022577857762265983;0.38759988350074004;0.07006846433419076;0.060952265659301896;0.07386199582970429;0.017109163434613224;0.024854891282698514;0.017699386080986357;0.05959856069666081;0.06408801570823591;0.17836568160965977;0.42737309584542366;0.019648816607209404;0.0;0.0;0.02455917899945468;0.17776470186448048;0.060952265659301896;0.44865060967281173;0.07792861587242146;0.0;0.16195708204874595;0.047289889281872693;0.40375744576866546;0.23644673524259163;0.019648816607209404;0.5070563118727204;0.018307684229438067;0.06574570715869288;0.4829089488685952;0.020788895273728073;0.016820808509603918;0.5142752168352216;0.025813159729250724;0.4433746226488772;0.6462638591026554;0.022849315921731388;0.15121160666531855;0.027666107247553737;0.514681682231604;0.02097206752162638;0.04598425559910885;0.01797790430867298;0.07929270481406911;0.15854165387353428;0.17255594668189217;0.06383782472827598
GO:0071373;0.016542012253947143;0.02173738053617767;0.01911377124220526;0.020269459708345785;0.0218054670890184;0.017659794945153594;0.02182212351854227;0.01788048761237731;0.0;0.018307684229438063;0.016820808509603918;1.0;0.020346083498723314;0.01797790430867298;0.0;0.4924793191991818;0.021057065768047428;0.0;0.47413928150314055;0.020901046312813445;0.01898513217417398;0.3509097133955491;0.025915491655330004;0.0;0.0;0.017390972284480048;0.016542012253947143;0.017043617088630857;0.017532779044369076;0.01555730723324292;0.41995309570092604;0.022078396294764047;0.01874136187375256;0.0;0.01837872977948846;0.02218483009939226;0.016820808509603918;0.3158570531876895;0.017390972284480048;0.01797790430867298;0.0;0.0;0.017774984128329507;0.019269451414091393;0.5590514728513178;0.0;0.023969355683756167;0.0;0.0;0.0;0.0;0.17963161088226065;0.0;0.0;0.0;0.0;0.5307353199464407;0.02101931183919318;0.01797790430867298;0.0;0.020038414336241286;0.26524052423752953;0.43765682814133444;0.0;0.025162364515897644;0.0;0.018687140325755247;0.02233790802176929;0.0;0.02691987698256535;0.0;0.2675294766740566;0.018068461080748513;0.5815140081869236;0.0;0.0;0.0;0.0
GO:0051289;0.1719403287056233;0.02881755199503819;0.024380925734277067;0.22219794402202936;0.02893733753642992;0.18645612490687977;0.028966678662646538;0.02240933659861543;0.0;0.3666934323445176;0.020769490860343066;0.020346083498723314;1.0;0.19067131155159;0.0;0.02240933659861543;0.2335285218739536;0.0;0.02308442892073447;0.02736587162663368;0.20427238299210476;0.02724726675608463;0.03665107511377288;0.0;0.0;0.18292343571633024;0.1719403287056233;0.1783980999075428;0.37225941237481613;0.15952142582353895;0.023506148618294156;0.029419971534117576;0.20094459933492445;0.0;0.023197499151391014;0.029609260704366206;0.020769490860343066;0.033408096967067605;0.021645739105976714;0.02256256257530849;0.0;0.0;0.30932605590507534;0.024634798889385322;0.0;0.0;0.0328760197993083;0.0;0.0;0.0;0.0;0.0;0.0;0.0;0.0;0.0;0.024634798889385322;0.02756896765816427;0.02256256257530849;0.0;0.02590571627986055;0.026453670162824353;0.020346083498723314;0.0;0.0351626541976387;0.0;0.023691008747666522;0.02988257321393916;0.0;0.03869273791729684;0.0;0.02675098233175632;0.19187822134748322;0.022063770115845354;0.0;0.0;0.0;0.0
GO:0000183;0.40470843140533;0.024286344850750423;0.021057065768047428;0.18987533985630806;0.024371366747052696;0.16315040354567042;0.024392175685828594;0.01957001359577429;0.0575644937945887;0.16971633892639817;0.17255594668189217;0.01797790430867298;0.19067131155159;1.0;0.3169590975509846;0.01957001359577429;0.19808829539125125;0.0;0.020082913816025467;0.02324705947286056;0.47051255378571244;0.02316141420050335;0.09643111740200874;0.0678612956772135;0.18555428339594493;0.16043922491284426;0.40470843140533;0.41808088130132603;0.1618684417450976;0.14214899611599074;0.020401339940053793;0.02471281045674468;0.17413661399405794;0.07635704662816539;0.06565602934599338;0.08088406379613647;0.018307684229438067;0.027467101247460855;0.01898513217417398;0.06408801570823591;0.2146947533806919;0.19228934052043858;0.1643144864101153;0.021246167726588917;0.0;0.0;0.02710641583581767;0.19159105434185866;0.1980245169421605;0.08408431567961713;0.08578632708797548;0.0;0.17434658706639344;0.050981453053261495;0.1708809836693909;0.5187532518439442;0.021246167726588917;0.023393457114963385;0.01968676996160056;0.07125181014331403;0.02218483009939226;0.02258546390480828;0.01797790430867298;0.17894111642627963;0.0286421407146338;0.06930893627529043;0.19360046312865217;0.025038403971077983;0.16195708204874593;0.030941579472333947;0.07877476584726023;0.022801828253623917;0.16728672742699072;0.019305952003115197;0.08744229576729938;0.1694476624384488;0.18555428339594493;0.21378862325994638
GO:0045893;0.0;0.0;0.0;0.0;0.0;0.0;0.0;0.0;0.09383243580588932;0.0;0.0860239630599355;0.0;0.0;0.3169590975509846;1.0;0.0;0.0;0.0;0.0;0.0;0.0;0.0;0.19172382843992442;0.27851441949170164;0.09570036915576074;0.0;0.0;0.0;0.0;0.0;0.0;0.0;0.0;0.12591116525831147;0.0992394996394377;0.13871330030338383;0.0;0.0;0.0;0.09570036915576074;0.5370420411183646;0.10098198442299465;0.0;0.0;0.0;0.0;0.0;0.10042545914593495;0.4869739684611968;0.39602444407797227;0.41039467632966264;0.0;0.08618741898408938;0.07751666134715535;0.2784015411484354;0.5598926828632573;0.0;0.0;0.0;0.30050614310118023;0.0;0.0;0.0;0.09069518168961575;0.0;0.2877578881415201;0.1020326363769826;0.0;0.07729015688799988;0.0;0.13262318648344296;0.0;0.07406937296834909;0.0;0.424816709126662;0.08380505635767124;0.09570036915576074;0.5335239379773142
GO:0044320;0.01788048761237731;0.02410890359902469;0.020923545221878833;0.022316419816850137;0.024192685514444076;0.019193656101624983;0.024213190317556237;0.019454633959398688;0.0;0.019961425850583678;0.018206670843572734;0.4924793191991818;0.02240933659861543;0.01957001359577429;0.0;1.0;0.023274895928415428;0.0;0.3362485182768172;0.023084428920734472;0.020769490860343066;0.38743262976005877;0.029358481352004768;0.0;0.0;0.01887652695603444;0.01788048761237731;0.018467991341220527;0.019043711450542553;0.016735498401546103;0.4584854322669292;0.02452910636097588;0.020478096291912416;0.0;0.020045915875616153;0.024660550263540332;0.018206670843572734;0.3547925770556693;0.01887652695603444;0.01957001359577429;0.0;0.0;0.01932980117066826;0.02111024600253506;0.48434370397398135;0.0;0.02688556137267737;0.0;0.0;0.0;0.0;0.19983150750498885;0.0;0.0;0.0;0.0;0.5814360214795878;0.02322877904638956;0.01957001359577429;0.0;0.022036674815599528;0.2921651180020722;0.4043179523063871;0.0;0.02839566592381925;0.0;0.020413377208106327;0.02484984581819369;0.0;0.03065413987965565;0.0;0.2949447951131966;0.01967736774486301;0.5286477021649151;0.0;0.0;0.0;0.0
GO:0007409;0.17794868530649585;0.03026491209657957;0.02540898364570496;0.23233563444570815;0.030397059836462462;0.19354270372634022;0.030429437463056146;0.023274895928415428;0.0;0.20285254017058016;0.021510911652872108;0.021057065768047428;0.2335285218739536;0.19808829539125125;0.0;0.023274895928415428;1.0;0.0;0.024003994591082614;0.02866778949139111;0.21280893883164226;0.02853765787366337;0.03902466682574223;0.0;0.0;0.1897391188780728;0.17794868530649585;0.18487475855801694;0.19174127468403185;0.16468016389151008;0.024460313871913754;0.030930062611887552;0.2091996641097359;0.0;0.02412627638302942;0.031139351571648953;0.021510911652872108;0.03536899280380001;0.02245225413216976;0.02344023085503357;0.0;0.0;0.1951830624092364;0.025684839186966776;0.0;0.24545716716089236;0.03477317875676971;0.0;0.0;0.0;0.0;0.0;0.0;0.0;0.0;0.0;0.025684839186966776;0.02889074830546479;0.02344023085503357;0.0;0.027069454234517936;0.027668313336631816;0.021057065768047428;0.0;0.03734164389564805;0.0;0.024660550263540332;0.03144178564665276;0.0;0.04134771691671265;0.0;0.02799372293708131;0.1993912481841366;0.02290234083085127;0.0;0.0;0.0;0.0
GO:0034501;0.0;0.0;0.0;0.0;0.0;0.0;0.0;0.0;0.0;0.0;0.0;0.0;0.0;0.0;0.0;0.0;0.0;1.0;0.0;0.0;0.0;0.0;0.0;0.0;0.0;0.0;0.0;0.0;0.0;0.0;0.0;0.0;0.0;0.0;0.0;0.0;0.0;0.0;0.0;0.0;0.0;0.0;0.0;0.0;0.0;0.0;0.0;0.0;0.0;0.0;0.0;0.0;0.0;0.0;0.0;0.0;0.0;0.0;0.0;0.0;0.0;0.0;0.0;0.0;0.0;0.0;0.0;0.0;0.0;0.0;0.0;0.0;0.0;0.0;0.0;0.0;0.0;0.0
GO:0071732;0.018307684229438063;0.024892068995282617;0.021510911652872108;0.022985841799558752;0.02498139262978561;0.01968676996160056;0.025003256786636063;0.019961425850583678;0.0;0.020495327744062996;0.01864978894956986;0.47413928150314055;0.02308442892073447;0.020082913816025467;0.0;0.3362485182768172;0.024003994591082614;0.0;1.0;0.023801459636255753;0.021348120299372372;0.4035761459425975;0.03052811151583636;0.0;0.0;0.0193532780096808;0.018307684229438063;0.018924080213231;0.019529053387198653;0.017109163434613224;0.35083029247665;0.025340269079860527;0.021040383582903943;0.0;0.02058440795226302;0.02548057513173678;0.01864978894956986;0.4807237874994649;0.0193532780096808;0.020082913816025467;0.0;0.0;0.01983002654283323;0.021708291142540363;0.4638261601453391;0.0;0.02786316916443898;0.0;0.0;0.0;0.0;0.20652912015655425;0.0;0.0;0.0;0.0;0.4724271710370993;0.023954946227021073;0.020082913816025467;0.0;0.02268917370486198;0.30097587696151346;0.5287095653121258;0.0;0.029488409966316107;0.0;0.020972067521626378;0.02568272069272882;0.0;0.03193153105353898;0.0;0.3971640446499156;0.020195985138444682;0.5098553617011672;0.0;0.0;0.0;0.0
GO:0071897;0.15070764266727427;0.2159096299770728;0.5413652101483345;0.027227433210055246;0.2168423204800139;0.48838864678973176;0.30927055590253294;0.28408893840483185;0.0;0.023801459636255753;0.021348120299372372;0.020901046312813445;0.02736587162663368;0.02324705947286056;0.0;0.023084428920734472;0.02866778949139111;0.0;0.023801459636255753;1.0;0.17997013328083036;0.028251847455255413;0.038492160987693334;0.0;0.0;0.022274961864690142;0.15070764266727427;0.15652830654805358;0.022508135151639904;0.0193532780096808;0.024250039016390085;0.37651304675303215;0.024539713195627318;0.0;0.023921681448272825;0.030799363111267578;0.2027224425698893;0.034931020306232616;0.4788664120236704;0.02324705947286056;0.0;0.0;0.022908878776287125;0.1835302490155508;0.0;0.0;0.247679934229744;0.0;0.0;0.0;0.0;0.0;0.0;0.0;0.0;0.0;0.025453083643177322;0.02859785788306325;0.2860903542104528;0.0;0.026812163448350888;0.027399569017324075;0.020901046312813445;0.0;0.1728504503452431;0.0;0.024446833663443416;0.22421288771595982;0.0;0.5063431852487834;0.0;0.5958946744415737;0.5030245373259659;0.022717898372565656;0.0;0.0;0.0;0.0
GO:0016572;0.8523081785504136;0.5412785927222806;0.16189267475817562;0.2033590757088407;0.5433203517005011;0.1730070713368601;0.15300030360027606;0.3179829445283036;0.0;0.18040832387970887;0.0193532780096808;0.01898513217417398;0.20427238299210476;0.47051255378571244;0.0;0.020769490860343066;0.21280893883164226;0.0;0.021348120299372372;0.17997013328083036;1.0;0.024860645574211256;0.032459504818285294;0.0;0.0;0.16996146514838992;0.514933036792054;0.5329341250878437;0.1715662160200492;0.14957366418178156;0.021708291142540363;0.40811905867447085;0.18541129865142536;0.0;0.021444785313718844;0.026812163448350888;0.16306232003850576;0.029889869596580233;0.14501762399546544;0.020901046312813445;0.0;0.0;0.1743166227331224;0.22668498551808938;0.0;0.0;0.36184176323491446;0.0;0.0;0.0;0.0;0.0;0.0;0.0;0.0;0.0;0.022667373102279776;0.025128181614894454;0.1761031439374145;0.0;0.02373898114639985;0.024198294749429496;0.01898513217417398;0.0;0.5954358304466827;0.0;0.02186586001337612;0.33203349612337785;0.0;0.24552396972239818;0.0;0.1762746523286653;0.17766541636649574;0.020472313539169208;0.0;0.0;0.0;0.0
GO:0071456;0.020831789118631077;0.02980170806887289;0.02508169128704951;0.027110022726169667;0.029929833162769853;0.02263610086552701;0.029961222585938967;0.022999975585573474;0.0;0.023711688573120053;0.02127587371158766;0.3509097133955491;0.02724726675608463;0.02316141420050335;0.0;0.38743262976005877;0.02853765787366337;0.0;0.4035761459425975;0.028251847455255413;0.024860645574211256;1.0;0.03825791943579585;0.0;0.0;0.022196317394609318;0.020831789118631077;0.021633590465764903;0.022427838538016758;0.019293883748060556;0.40692023083410045;0.030446437287681982;0.02444429804331762;0.0;0.023831002950211393;0.030649211038968508;0.02127587371158766;0.591245582518749;0.022196317394609318;0.02316141420050335;0.0;0.0;0.022825702727455637;0.025350448440133865;0.34133104909161327;0.0;0.03416308962635752;0.0;0.0;0.0;0.0;0.2488231687146443;0.0;0.0;0.0;0.0;0.4270261447980991;0.028468358937741002;0.02316141420050335;0.0;0.026698299626773978;0.5389052291635361;0.3509097133955491;0.0;0.036639010284536845;0.0;0.024352138017901443;0.03094215449682749;0.0;0.04048797259013898;0.0;0.46970425832257157;0.02331193764589605;0.3813031910932093;0.0;0.0;0.0;0.0
GO:0035556;0.025915491655330004;0.041427553727127774;0.03283735790357287;0.03640318073032801;0.041675558168773;0.02876818654610246;0.04173644401928842;0.029358481352004768;0.09474953409777101;0.03052811151583636;0.08661395254755712;0.025915491655330004;0.03665107511377288;0.09643111740200874;0.19172382843992442;0.029358481352004768;0.03902466682574223;0.0;0.03052811151583636;0.038492160987693334;0.032459504818285294;0.03825791943579585;1.0;0.10523551369106915;0.09643111740200874;0.028061574753642068;0.025915491655330004;0.02716814543421921;0.028432641087379005;0.023577511584009055;0.03127002181026434;0.04268403038666754;0.031753353920987513;0.12717915915166414;0.5137962581313972;0.7204350893617858;0.026606362210237943;0.0516253906765934;0.028061574753642068;0.25539292129917324;0.10875819780565288;0.10179596007278027;0.02907512471150142;0.0332995517527151;0.0;0.0;0.05036576235885758;0.10123045189980398;0.10002551736833702;0.15016413712658275;0.15568019732325677;0.0;0.08686103614637197;0.07814149235191123;0.12326787302123185;0.17134361582043567;0.0332995517527151;0.038895193309014905;0.02962203158350366;0.11361975409847225;0.035664649206629664;0.03671154409144968;0.025915491655330004;0.091351229638843;0.05593869212094926;0.10875819780565288;0.10286370761393195;0.04366474654098646;0.07783143879474773;0.06543606213029636;0.13403072665958887;0.037286643550076534;0.07463966084136789;0.02876818654610246;0.16122093120363185;0.0843649029034733;0.09643111740200874;0.10803963973315162
GO:0010971;0.0;0.0;0.0;0.0;0.0;0.0;0.0;0.0;0.061570348575751936;0.0;0.637455072166009;0.0;0.0;0.0678612956772135;0.27851441949170164;0.0;0.0;0.0;0.0;0.0;0.0;0.0;0.10523551369106915;1.0;0.0678612956772135;0.0;0.0;0.0;0.0;0.0;0.0;0.0;0.0;0.08177439172604777;0.06962191934245267;0.08698848946789037;0.0;0.0;0.0;0.0678612956772135;0.19679403305177867;0.07047506265307596;0.0;0.0;0.0;0.0;0.0;0.07020354897953404;0.1857955528586723;0.7421262322619883;0.2473416947699338;0.0;0.06070276841424934;0.05409867508856425;0.46986217086649174;0.09801933007188768;0.0;0.0;0.0;0.20267407290772443;0.0;0.0;0.0;0.45179868195854955;0.0;0.6599496747982371;0.4161905151945938;0.0;0.05615028101693404;0.0;0.6035888242078085;0.0;0.052396771154452855;0.0;0.25250818925179086;0.061655648908341625;0.0678612956772135;0.1959105521315814
GO:0031115;0.0;0.0;0.0;0.0;0.0;0.0;0.0;0.0;0.0575644937945887;0.0;0.17255594668189217;0.0;0.0;0.18555428339594493;0.09570036915576074;0.0;0.0;0.0;0.0;0.0;0.0;0.0;0.09643111740200874;0.0678612956772135;1.0;0.0;0.0;0.0;0.0;0.0;0.0;0.0;0.0;0.07635704662816539;0.06565602934599338;0.08088406379613647;0.0;0.0;0.0;0.06408801570823591;0.06930893627529043;0.7021407319578001;0.0;0.0;0.0;0.0;0.0;0.19159105434185866;0.3719824400601772;0.08408431567961713;0.08578632708797548;0.0;0.17434658706639344;0.050981453053261495;0.07492961163174648;0.261552858755413;0.0;0.0;0.0;0.07125181014331403;0.0;0.0;0.0;0.17894111642627963;0.0;0.06930893627529043;0.19360046312865217;0.0;0.16195708204874593;0.0;0.4463082813097524;0.0;0.04946728468493297;0.0;0.08744229576729938;0.1694476624384488;0.18555428339594493;0.39102112149309326
GO:0036089;0.14696732623217218;0.02322736667005061;0.41106517190067987;0.43750095691256163;0.023305123784276436;0.15744425695478687;0.023324151066833197;0.01887652695603444;0.0;0.16355034533917207;0.35917649100223836;0.017390972284480048;0.18292343571633024;0.16043922491284426;0.0;0.01887652695603444;0.1897391188780728;0.0;0.0193532780096808;0.022274961864690142;0.16996146514838992;0.022196317394609318;0.028061574753642068;0.0;0.0;1.0;0.14696732623217218;0.15165984566353843;0.3752087821754666;0.33089856964548187;0.019648816607209404;0.02361715357558863;0.4025871610231767;0.0;0.019432688045097665;0.02373898114639985;0.017699386080986357;0.02612026355570901;0.0183317861014124;0.01898513217417398;0.0;0.0;0.38067901108607405;0.020431274075746683;0.0;0.0;0.02579387286611131;0.0;0.0;0.0;0.0;0.0;0.0;0.0;0.0;0.0;0.020431274075746683;0.4547562750679415;0.01898513217417398;0.0;0.43220058424940383;0.021666816202049213;0.017390972284480048;0.0;0.027180668743999964;0.0;0.019777817580782155;0.02391434273800446;0.0;0.029242987391330848;0.0;0.02186586001337612;0.1612928940171964;0.01863073091991696;0.0;0.0;0.0;0.0
GO:0036123;0.44866838568359785;0.45572593707909254;0.13782044033979002;0.17129279771003839;0.2677956644416596;0.14923908809939496;0.1270267050480989;0.09191838890520297;0.0;0.15471425959919308;0.016820808509603918;0.016542012253947143;0.1719403287056233;0.40470843140533;0.0;0.01788048761237731;0.17794868530649585;0.0;0.018307684229438063;0.15070764266727427;0.514933036792054;0.020831789118631077;0.025915491655330004;0.0;0.0;0.14696732623217218;1.0;0.887385192025456;0.14816570433327106;0.1314714214962308;0.018571933505860526;0.11349861709702519;0.1583791750960942;0.0;0.01837872977948846;0.02218483009939226;0.14172483127289578;0.024250953203823814;0.12539814502392194;0.01797790430867298;0.0;0.0;0.1502125268459646;0.19270408154641933;0.0;0.0;0.29437065050546946;0.0;0.0;0.0;0.0;0.0;0.0;0.0;0.0;0.0;0.019269451414091393;0.02101931183919318;0.15147401822761372;0.0;0.020038414336241286;0.02036470446401519;0.016542012253947143;0.0;0.11801570114603785;0.0;0.018687140325755247;0.2743346380293325;0.0;0.19410660788059522;0.0;0.14810752463432833;0.15269263677324443;0.017659794945153594;0.0;0.0;0.0;0.0
GO:0036124;0.46227339503637044;0.4740597106063614;0.14267217767805573;0.1777011138655421;0.2786041431559366;0.15408018821179004;0.1321576938678614;0.09493857478613422;0.0;0.15992328806272188;0.017339728950274563;0.017043617088630857;0.1783980999075428;0.41808088130132603;0.0;0.018467991341220527;0.18487475855801694;0.0;0.018924080213231;0.15652830654805358;0.5329341250878437;0.021633590465764903;0.02716814543421921;0.0;0.0;0.15165984566353843;0.887385192025456;1.0;0.15293630381415854;0.13521397143726316;0.01920656017453798;0.11813920691154768;0.16384226954209993;0.0;0.01900000024168065;0.023096448141110063;0.14609702966372304;0.025344465200909563;0.12940198211661327;0.018571933505860526;0.0;0.0;0.15511802475005426;0.19954512061221782;0.0;0.0;0.30748326997211944;0.0;0.0;0.0;0.0;0.0;0.0;0.0;0.0;0.0;0.0199535213561624;0.02183589632396222;0.15647905039919519;0.0;0.0207792198345862;0.021130292664295988;0.017043617088630857;0.0;0.12354657517856615;0.0;0.01932980117066826;0.2856885885911395;0.0;0.20387088003001017;0.0;0.15372533304468816;0.1577641926036267;0.018232653144588034;0.0;0.0;0.0;0.0
GO:0000707;0.14816570433327106;0.023481019219191282;0.6602810344986052;0.44193201128180565;0.02356048679189128;0.15882038373277324;0.02357993351109733;0.019043711450542553;0.0;0.3102167110817726;0.36215760181489065;0.017532779044369076;0.37225941237481613;0.1618684417450976;0.0;0.019043711450542553;0.19174127468403185;0.0;0.019529053387198653;0.022508135151639904;0.1715662160200492;0.022427838538016758;0.028432641087379005;0.0;0.0;0.3752087821754666;0.14816570433327106;0.15293630381415854;1.0;0.5305279696411375;0.01983002654283323;0.023879438894913518;0.7751564196365549;0.0;0.01960991546369627;0.024003994591082614;0.017846288321375487;0.026441470907508112;0.018489420279622113;0.019154254597201287;0.0;0.0;0.3840294061800822;0.02062727568362247;0.0;0.0;0.026107054833261287;0.0;0.0;0.0;0.0;0.0;0.0;0.0;0.0;0.0;0.02062727568362247;0.4595456626385295;0.019154254597201287;0.0;0.43652439301483353;0.021887368178553204;0.017532779044369076;0.0;0.027528659342310358;0.0;0.019961425850583678;0.024183308172272374;0.0;0.029646180214144644;0.0;0.02209050384407466;0.16273742900784174;0.018793571078130664;0.0;0.0;0.0;0.0
GO:0007066;0.1314714214962308;0.02006821524873952;0.5751072019816543;0.3817256054614624;0.020126232879360377;0.4506104732146233;0.02014042183934945;0.016735498401546103;0.0;0.24115162809546117;0.3207060573625605;0.01555730723324292;0.15952142582353895;0.14214899611599074;0.0;0.016735498401546103;0.16468016389151008;0.0;0.017109163434613224;0.0193532780096808;0.14957366418178156;0.019293883748060556;0.023577511584009055;0.0;0.0;0.33089856964548187;0.1314714214962308;0.13521397143726316;0.5305279696411375;1.0;0.017339728950274563;0.020358520356458545;0.5646516873272365;0.0;0.01717119564934004;0.02044898396350942;0.01580365215978331;0.022191730279048662;0.016305915572199955;0.016820808509603918;0.0;0.0;0.33773987640175746;0.017946248599749984;0.0;0.0;0.021955692264695244;0.0;0.0;0.0;0.0;0.0;0.0;0.0;0.0;0.0;0.017946248599749984;0.394796018760013;0.016820808509603918;0.0;0.3776842945186277;0.01889255409576281;0.01555730723324292;0.0;0.022952503793430286;0.0;0.017440114187681783;0.02057897380148033;0.0;0.024405952548612088;0.0;0.019043711450542553;0.4603637669357765;0.016542012253947143;0.0;0.0;0.0;0.0
GO:0036120;0.018571933505860526;0.02538312307691892;0.021876643500360515;0.02340393447621552;0.025476012282727677;0.019992662136233234;0.02549875120457347;0.020275980933668718;0.0;0.020827074288089328;0.018924080213231;0.41995309570092604;0.023506148618294156;0.020401339940053793;0.0;0.4584854322669292;0.024460313871913754;0.0;0.35083029247665;0.024250039016390085;0.021708291142540363;0.40692023083410045;0.03127002181026434;0.0;0.0;0.019648816607209404;0.018571933505860526;0.01920656017453798;0.01983002654283323;0.017339728950274563;1.0;0.025849346774252248;0.021390160356200373;0.0;0.020919068091574542;0.02599536310006183;0.018924080213231;0.3761263798784459;0.019648816607209404;0.020401339940053793;0.0;0.0;0.02014042183934945;0.022080823654154244;0.4439979210140499;0.0;0.0284798950392215;0.0;0.0;0.0;0.0;0.21073543592646607;0.0;0.0;0.0;0.0;0.4992969766051642;0.024409384928318303;0.020401339940053793;0.0;0.023096448141110063;0.3064800929450244;0.41995309570092604;0.0;0.030180073570610498;0.0;0.021319557844277772;0.026205792853120427;0.0;0.032744130416609944;0.0;0.3095402566487247;0.0205180357274168;0.452078958432864;0.0;0.0;0.0;0.0
GO:0009165;0.3380224152570246;0.4963605763458048;0.25554923839336263;0.02926003132061077;0.4986829525381129;0.2290032262297307;0.3096593393006614;0.7362554259895879;0.0;0.025340269079860527;0.022577857762265983;0.022078396294764047;0.029419971534117576;0.02471281045674468;0.0;0.02452910636097588;0.030930062611887552;0.0;0.025340269079860527;0.37651304675303215;0.40811905867447085;0.030446437287681982;0.04268403038666754;0.0;0.0;0.02361715357558863;0.11349861709702519;0.11813920691154768;0.023879438894913518;0.020358520356458545;0.025849346774252248;1.0;0.026178748841220782;0.0;0.02547658305326463;0.033425974631325316;0.5538059240156841;0.03834870508724108;0.22426925613363155;0.02471281045674468;0.0;0.0;0.02433099027770744;0.13993419140072566;0.0;0.0;0.1935439238607221;0.0;0.0;0.0;0.0;0.0;0.0;0.0;0.0;0.0;0.02722079450793204;0.030848674100026886;0.6061735782964897;0.0;0.028780990772050513;0.029458921074864444;0.022078396294764047;0.0;0.6227946255105675;0.0;0.026073074620682087;0.17362593928431547;0.0;0.5596853504164344;0.0;0.2832485438166625;0.23630163126734452;0.024115674419280198;0.0;0.0;0.0;0.0
GO:0007141;0.1583791750960942;0.025700676998121553;0.7139821894687762;0.4804128846755636;0.025795909270829653;0.2845635495075382;0.025819223095110203;0.020478096291912416;0.0;0.29656170952843564;0.38759988350074004;0.01874136187375256;0.20094459933492445;0.17413661399405794;0.0;0.020478096291912416;0.2091996641097359;0.0;0.021040383582903943;0.024539713195627318;0.18541129865142536;0.02444429804331762;0.031753353920987513;0.0;0.0;0.4025871610231767;0.1583791750960942;0.16384226954209993;0.7751564196365549;0.5646516873272365;0.021390160356200373;0.026178748841220782;1.0;0.0;0.021134275670770666;0.026328521074800177;0.019100025070911946;0.029290064205319093;0.019838563415758244;0.020605974847087632;0.0;0.0;0.4127594521762971;0.022320735465966204;0.0;0.0;0.028880270547028162;0.0;0.0;0.0;0.0;0.0;0.0;0.0;0.0;0.0;0.022320735465966204;0.5012999573509126;0.020605974847087632;0.0;0.4740293397655632;0.023803660717265387;0.01874136187375256;0.0;0.030630056409728462;0.0;0.021543128513277464;0.026544401545759818;0.0;0.03327449286555257;0.0;0.024044118941487464;0.2921168414702156;0.02018914122417139;0.0;0.0;0.0;0.0
GO:1901796;0.0;0.0;0.0;0.0;0.0;0.0;0.0;0.0;0.07089336743866576;0.0;0.07006846433419076;0.0;0.0;0.07635704662816539;0.12591116525831147;0.0;0.0;0.0;0.0;0.0;0.0;0.0;0.12717915915166414;0.08177439172604777;0.07635704662816539;0.0;0.0;0.0;0.0;0.0;0.0;0.0;0.0;1.0;0.07859336378166192;0.10145896177989748;0.0;0.0;0.0;0.07635704662816539;0.0838857148552923;0.07968226396088318;0.0;0.0;0.0;0.0;0.0;0.3861829995706862;0.07859336378166192;0.10654561584121962;0.10929324621204412;0.0;0.06844342957988546;0.06116638632250846;0.0922621104781491;0.1167883582599105;0.0;0.0;0.0;0.0867486411128018;0.0;0.0;0.0;0.07313666887232652;0.0;0.0838857148552923;0.08033500717415575;0.0;0.06271069666484524;0.0;0.09816194310647047;0.0;0.05899964960181643;0.0;0.11199537412242319;0.2563970312076661;0.07635704662816539;0.08345758985264563
GO:0008631;0.01837872977948846;0.02502359105622119;0.021609059926712387;0.02309794596497708;0.025113862813378313;0.01976894614374969;0.025135959568081075;0.020045915875616153;0.05921937077926615;0.02058440795226302;0.060952265659301896;0.01837872977948846;0.023197499151391014;0.06565602934599338;0.0992394996394377;0.020045915875616153;0.02412627638302942;0.0;0.02058440795226302;0.023921681448272825;0.021444785313718844;0.023831002950211393;0.5137962581313972;0.06962191934245267;0.06565602934599338;0.019432688045097665;0.01837872977948846;0.01900000024168065;0.01960991546369627;0.01717119564934004;0.020919068091574542;0.02547658305326463;0.021134275670770666;0.07859336378166192;1.0;0.428385348207746;0.018723519825233667;0.028413870126491887;0.019432688045097665;0.173886662182639;0.07114649461741368;0.06809962056088802;0.019913405567360813;0.02180825303985434;0.0;0.0;0.02802806573157446;0.06784606884818341;0.06730269514903457;0.08680422389249653;0.08861931592505737;0.0;0.05869871777795138;0.05227521775345586;0.07708191952617716;0.09348395615560047;0.02180825303985434;0.024076727534893844;0.020168437609475898;0.07319527800174228;0.022798395911577007;0.023221708248255764;0.01837872977948846;0.06326088124749005;0.029673167963651964;0.07114649461741368;0.06857582296501505;0.025822754070076257;0.054431295632272475;0.032148284253497694;0.08115715289806069;0.023450496235711462;0.050684422661984245;0.01976894614374969;0.09038759047147672;0.059829841314888735;0.06565602934599338;0.07083829058053998
