;GO:0043988;GO:0018108;GO:0007131;GO:0007052;GO:0046777;GO:0000733;GO:0006364;GO:0009157;GO:0032091;GO:0007019;GO:0044878;GO:0071373;GO:0051289;GO:0000183;GO:0045893;GO:0044320;GO:0007409;GO:0034501;GO:0071732;GO:0071897;GO:0016572;GO:0071456;GO:0035556;GO:0010971;GO:0031115;GO:0036089;GO:0036123;GO:0036124;GO:0000707;GO:0007066;GO:0036120;GO:0009165;GO:0007141;GO:1901796;GO:0008631;GO:0007265;GO:0046104;GO:0006974;GO:0042148;GO:0048012;GO:0051973;GO:0051497;GO:0051256;GO:0031145;GO:0033762;GO:0031100;GO:0016567;GO:0035024;GO:1904355;GO:0045787;GO:0051272;GO:0009615;GO:0042754;GO:0061436;GO:0000079;GO:0000122;GO:0071392;GO:0000086;GO:0043097;GO:0048146;GO:0000281;GO:0034644;GO:0071314;GO:0032466;GO:0016310;GO:0032467;GO:0031577;GO:0016579;GO:1905098;GO:0006351;GO:0007088;GO:0000724;GO:0000722;GO:1990314;GO:0043065;GO:0070495;GO:0002903;GO:0032212
GO:0043988;1.0;0.24984096997165642;0.04279030535796003;0.016097493254838013;0.24984096997165642;0.04279030535796003;0.019402387007179785;0.023179751696399277;0.0;0.016097493254838013;0.004732785597239154;0.004732785597239154;0.016097493254838013;0.008520245555276938;0.0;0.004732785597239154;0.016097493254838013;0.0;0.004732785597239154;0.04279030535796003;0.5169547619515524;0.004732785597239154;0.004732785597239154;0.0;0.0;0.016097493254838013;0.1390984754550953;0.13912188205127451;0.016097493254838013;0.016097493254838013;0.004732785597239154;0.02875483531464242;0.016097493254838013;0.0;0.004732785597239154;0.004732785597239154;0.027271054374879172;0.004732785597239154;0.04279030535796003;0.004732785597239154;0.0;0.0;0.016097493254838013;0.06292084531850942;0.0;0.0;0.20664955786647543;0.0;0.0;0.0;0.0;0.0;0.0;0.0;0.0;0.0;0.004732785597239154;0.004732785597239154;0.007323886524911635;0.0;0.004732785597239154;0.004732785597239154;0.004732785597239154;0.0;0.0343024292179672;0.0;0.004732785597239154;0.20664955786647543;0.0;0.04279030535796003;0.0;0.04279030535796003;0.04279030535796003;0.004732785597239154;0.0;0.0;0.0;0.0
GO:0018108;0.24984096997165642;1.0;0.08998448810863408;0.00995265833540629;0.525394983826213;0.08998448810863408;0.038734520536797254;0.023179751696399277;0.0;0.00995265833540629;0.006832714216537167;0.005601155136909821;0.00995265833540629;0.001919127668234308;0.0;0.00995265833540629;0.00995265833540629;0.0;0.00971799451654237;0.05310401099681123;0.48329368130488526;0.00995265833540629;0.00995265833540629;0.0;0.0;0.00995265833540629;0.11396730667261505;0.11398648435746166;0.00995265833540629;0.00995265833540629;0.00995265833540629;0.02875483531464242;0.00995265833540629;0.0;0.00995265833540629;0.00995265833540629;0.048598510812975636;0.00995265833540629;0.08998448810863408;0.00995265833540629;0.0;0.0;0.00995265833540629;0.12770307016159615;0.0;0.0;0.4345670012619151;0.0;0.0;0.0;0.0;0.0;0.0;0.0;0.0;0.0;0.00995265833540629;0.00995265833540629;0.007323886524911635;0.0;0.00995265833540629;0.00995265833540629;0.0062694278334615135;0.0;0.07213518361787605;0.0;0.00995265833540629;0.4345670012619151;0.0;0.052364803152556746;0.0;0.05847707176232832;0.08998448810863408;0.00866372901446263;0.0;0.0;0.0;0.0
GO:0007131;0.04279030535796003;0.08998448810863408;1.0;0.042226351912627746;0.16843160713183167;0.8297044833431331;0.3118798332214858;0.10703402866026145;0.0;0.019233788478669363;0.015000715815601685;0.005601155136909821;0.019233788478669363;0.001919127668234308;0.0;0.019233788478669363;0.019233788478669363;0.0;0.00971799451654237;0.2533712716884281;0.08277379087567088;0.019233788478669363;0.019233788478669363;0.0;0.0;0.042226351912627746;0.02295452473689046;0.022958387376572485;0.11055576846229939;0.11055576846229939;0.019233788478669363;0.13277734410186237;0.11055576846229939;0.0;0.019233788478669363;0.019233788478669363;0.24114640437445362;0.019233788478669363;0.8297044833431331;0.019233788478669363;0.0;0.0;0.042226351912627746;0.08684647098592325;0.0;0.0;0.17389752087497473;0.0;0.0;0.0;0.0;0.0;0.0;0.0;0.0;0.0;0.009957373492963335;0.042226351912627746;0.036341214411397205;0.0;0.042226351912627746;0.019233788478669363;0.0062694278334615135;0.0;0.07885026693266481;0.0;0.019233788478669363;0.15027200014179495;0.0;0.19117819692555485;0.0;0.2862759273719812;0.44131467939291885;0.00866372901446263;0.0;0.0;0.0;0.0
GO:0007052;0.016097493254838013;0.00995265833540629;0.042226351912627746;1.0;0.018629235703855225;0.08652980117349252;0.009448434403698913;0.003743509541034318;0.0;0.31499940538312104;0.022978939961635667;0.005601155136909821;0.1190359496981399;0.0065274760624263505;0.0;0.030783930078066138;0.1190359496981399;0.0;0.00971799451654237;0.005873524301798058;0.031139075291749845;0.03261432980414468;0.034997475654522964;0.0;0.0;0.1190359496981399;0.008635374392142977;0.008636827497366394;0.08549331770637295;0.1457758450897046;0.034541580701594334;0.004643880648987097;0.10673269892775442;0.0;0.034997475654522964;0.034997475654522964;0.008434082850672379;0.034997475654522964;0.02259291310586302;0.034997475654522964;0.0;0.0;0.1190359496981399;0.009605580600905082;0.0;0.0;0.02189487228911387;0.0;0.0;0.0;0.0;0.0;0.0;0.0;0.0;0.0;0.009957373492963335;0.11769918459748806;0.0012710320688167113;0.0;0.11769918459748806;0.034997475654522964;0.0062694278334615135;0.0;0.034997475654522964;0.0;0.034997475654522964;0.016620707704463857;0.0;0.005791764842280598;0.0;0.006467807151415524;0.04426585430070096;0.00866372901446263;0.0;0.0;0.0;0.0
GO:0046777;0.24984096997165642;0.525394983826213;0.16843160713183167;0.018629235703855225;1.0;0.16843160713183167;0.038734520536797254;0.023179751696399277;0.0;0.018629235703855225;0.006832714216537167;0.005601155136909821;0.018629235703855225;0.001919127668234308;0.0;0.018629235703855225;0.018629235703855225;0.0;0.00971799451654237;0.05310401099681123;0.48329368130488526;0.018629235703855225;0.018629235703855225;0.0;0.0;0.018629235703855225;0.11085553954877475;0.11087419360547782;0.018629235703855225;0.018629235703855225;0.018629235703855225;0.02875483531464242;0.018629235703855225;0.0;0.018629235703855225;0.018629235703855225;0.048598510812975636;0.018629235703855225;0.16843160713183167;0.018629235703855225;0.0;0.0;0.018629235703855225;0.12770307016159615;0.0;0.0;0.8134159560994599;0.0;0.0;0.0;0.0;0.0;0.0;0.0;0.0;0.0;0.009957373492963335;0.018629235703855225;0.007323886524911635;0.0;0.018629235703855225;0.018629235703855225;0.0062694278334615135;0.0;0.13502154830108826;0.0;0.018629235703855225;0.7257167746113345;0.0;0.052364803152556746;0.0;0.05847707176232832;0.09014656039554385;0.00866372901446263;0.0;0.0;0.0;0.0
GO:0000733;0.04279030535796003;0.08998448810863408;0.8297044833431331;0.08652980117349252;0.16843160713183167;1.0;0.3118798332214858;0.10703402866026145;0.0;0.08652980117349252;0.006832714216537167;0.005601155136909821;0.06629165816666714;0.0065274760624263505;0.0;0.019490252303352235;0.06629165816666714;0.0;0.00971799451654237;0.2533712716884281;0.08277379087567088;0.019490252303352235;0.019490252303352235;0.0;0.0;0.06629165816666714;0.02295452473689046;0.022958387376572485;0.06629165816666714;0.10621627912167685;0.019490252303352235;0.13277734410186237;0.08652980117349252;0.0;0.019490252303352235;0.019490252303352235;0.24114640437445362;0.019490252303352235;0.8407677840231157;0.019490252303352235;0.0;0.0;0.06629165816666714;0.08684647098592325;0.0;0.0;0.17621627484047278;0.0;0.0;0.0;0.0;0.0;0.0;0.0;0.0;0.0;0.009957373492963335;0.019490252303352235;0.036341214411397205;0.0;0.019490252303352235;0.019490252303352235;0.0062694278334615135;0.0;0.07990165839707876;0.0;0.019490252303352235;0.15027200014179495;0.0;0.19117819692555485;0.0;0.2790073623238419;0.430109670004553;0.00866372901446263;0.0;0.0;0.0;0.0
GO:0006364;0.019402387007179785;0.038734520536797254;0.3118798332214858;0.009448434403698913;0.038734520536797254;0.3118798332214858;1.0;0.10703402866026145;0.0;0.009448434403698913;0.006832714216537167;0.005601155136909821;0.009448434403698913;0.001919127668234308;0.0;0.009448434403698913;0.009448434403698913;0.0;0.009448434403698913;0.19387696430955673;0.03753207908160854;0.009448434403698913;0.009448434403698913;0.0;0.0;0.009448434403698913;0.010408258805009448;0.010410010239811165;0.009448434403698913;0.009448434403698913;0.009448434403698913;0.13277734410186237;0.009448434403698913;0.0;0.009448434403698913;0.009448434403698913;0.24114640437445362;0.009448434403698913;0.3118798332214858;0.009448434403698913;0.0;0.0;0.009448434403698913;0.038734520536797254;0.0;0.0;0.038734520536797254;0.0;0.0;0.0;0.0;0.0;0.0;0.0;0.0;0.0;0.009448434403698913;0.009448434403698913;0.036341214411397205;0.0;0.009448434403698913;0.009448434403698913;0.0062694278334615135;0.0;0.038734520536797254;0.0;0.009448434403698913;0.038734520536797254;0.0;0.19306781528701464;0.0;0.21349342436060237;0.3118798332214858;0.00866372901446263;0.0;0.0;0.0;0.0
GO:0009157;0.023179751696399277;0.023179751696399277;0.10703402866026145;0.003743509541034318;0.023179751696399277;0.10703402866026145;0.10703402866026145;1.0;0.0;0.003743509541034318;0.003743509541034318;0.003743509541034318;0.003743509541034318;0.001919127668234308;0.0;0.003743509541034318;0.003743509541034318;0.0;0.003743509541034318;0.3524401556518602;0.023179751696399277;0.003743509541034318;0.003743509541034318;0.0;0.0;0.003743509541034318;0.010408258805009448;0.010410010239811165;0.003743509541034318;0.003743509541034318;0.003743509541034318;0.611831835865275;0.003743509541034318;0.0;0.003743509541034318;0.003743509541034318;0.11959893938306215;0.003743509541034318;0.10703402866026145;0.003743509541034318;0.0;0.0;0.003743509541034318;0.015346780323745896;0.0;0.0;0.015346780323745896;0.0;0.0;0.0;0.0;0.0;0.0;0.0;0.0;0.0;0.003743509541034318;0.003743509541034318;0.1196638435836595;0.0;0.003743509541034318;0.003743509541034318;0.003743509541034318;0.0;0.023179751696399277;0.0;0.003743509541034318;0.015346780323745896;0.0;0.3524401556518602;0.0;0.10703402866026145;0.10703402866026145;0.003743509541034318;0.0;0.0;0.0;0.0
GO:0032091;0.0;0.0;0.0;0.0;0.0;0.0;0.0;0.0;1.0;0.0;0.006832714216537167;0.0;0.0;0.001919127668234308;0.002787224368742792;0.0;0.0;0.0;0.0;0.0;0.0;0.0;0.10292480909972106;0.009459662727090156;0.008305053832784603;0.0;0.0;0.0;0.0;0.0;0.0;0.0;0.0;0.0747123879528242;0.06361689574238968;0.10292480909972106;0.0;0.0;0.0;0.10292480909972106;0.0046889866229025395;0.009937779348536565;0.0;0.0;0.0;0.0;0.0;0.009903774264048999;0.005489107595306336;0.07982393189929127;0.06447559725923538;0.0;0.10292480909972106;0.07503818167084514;0.013108607716313777;0.0018330924277329649;0.0;0.0;0.0;0.05282386427454605;0.0;0.0;0.0;0.023624488508556325;0.0;0.023703913721158192;0.06344935056675086;0.0;0.33008610553658996;0.0;0.061253058479543404;0.0;0.009970584203866012;0.0;0.04161658636127304;0.01412296530798914;0.021721660286305573;0.0020732243079716467
GO:0007019;0.016097493254838013;0.00995265833540629;0.019233788478669363;0.31499940538312104;0.018629235703855225;0.08652980117349252;0.009448434403698913;0.003743509541034318;0.0;1.0;0.006832714216537167;0.005601155136909821;0.1608715201707559;0.0065274760624263505;0.0;0.030783930078066138;0.12324586072409453;0.0;0.00971799451654237;0.005873524301798058;0.031139075291749845;0.03261432980414468;0.03623522155407836;0.0;0.0;0.12324586072409453;0.008635374392142977;0.008636827497366394;0.1115935245456631;0.1457758450897046;0.034541580701594334;0.004643880648987097;0.10673269892775442;0.0;0.03623522155407836;0.03623522155407836;0.008434082850672379;0.03623522155407836;0.02259291310586302;0.03623522155407836;0.0;0.0;0.12324586072409453;0.009605580600905082;0.0;0.0;0.02189487228911387;0.0;0.0;0.0;0.0;0.0;0.0;0.0;0.0;0.0;0.009957373492963335;0.03623522155407836;0.0012710320688167113;0.0;0.03623522155407836;0.03623522155407836;0.0062694278334615135;0.0;0.03623522155407836;0.0;0.03623522155407836;0.016620707704463857;0.0;0.005791764842280598;0.0;0.006467807151415524;0.04426585430070096;0.00866372901446263;0.0;0.0;0.0;0.0
GO:0044878;0.004732785597239154;0.006832714216537167;0.015000715815601685;0.022978939961635667;0.006832714216537167;0.006832714216537167;0.006832714216537167;0.003743509541034318;0.006832714216537167;0.006832714216537167;1.0;0.005601155136909821;0.006832714216537167;0.013640849239219346;0.006590760104905454;0.006832714216537167;0.006832714216537167;0.0;0.006832714216537167;0.005873524301798058;0.006832714216537167;0.006832714216537167;0.01615685510344688;0.11957154927089834;0.04856582814430815;0.015000715815601685;0.0025388658285425297;0.002539293052543422;0.015000715815601685;0.015000715815601685;0.006832714216537167;0.004643880648987097;0.015000715815601685;0.01615685510344688;0.01615685510344688;0.01615685510344688;0.006832714216537167;0.006832714216537167;0.006832714216537167;0.01615685510344688;0.008360149742924409;0.04856582814430815;0.022978939961635667;0.006832714216537167;0.0;0.0;0.006832714216537167;0.04856582814430815;0.012979719808849375;0.024430748894820286;0.01615685510344688;0.0;0.01615685510344688;0.006832714216537167;0.024430748894820286;0.013029324657314607;0.006832714216537167;0.022978939961635667;0.0012710320688167113;0.01615685510344688;0.022978939961635667;0.006832714216537167;0.0062694278334615135;0.12529476667707523;0.006832714216537167;0.028889224884008732;0.10487470834174789;0.006832714216537167;0.01615685510344688;0.005791764842280598;0.028889224884008732;0.006467807151415524;0.006832714216537167;0.006832714216537167;0.01615685510344688;0.04856582814430815;0.04856582814430815;0.004902412669297628
GO:0071373;0.004732785597239154;0.005601155136909821;0.005601155136909821;0.005601155136909821;0.005601155136909821;0.005601155136909821;0.005601155136909821;0.003743509541034318;0.0;0.005601155136909821;0.005601155136909821;1.0;0.005601155136909821;0.001919127668234308;0.0;0.13463960180855097;0.005601155136909821;0.0;0.07043506121917413;0.005601155136909821;0.005601155136909821;0.04192730235865174;0.005601155136909821;0.0;0.0;0.005601155136909821;0.0025388658285425297;0.002539293052543422;0.005601155136909821;0.005601155136909821;0.06929673676511582;0.004643880648987097;0.005601155136909821;0.0;0.005601155136909821;0.005601155136909821;0.005601155136909821;0.022509994774088046;0.005601155136909821;0.005601155136909821;0.0;0.0;0.005601155136909821;0.005601155136909821;0.11864244900646961;0.0;0.005601155136909821;0.0;0.0;0.0;0.0;0.005601155136909821;0.0;0.0;0.0;0.0;0.13463960180855097;0.005601155136909821;0.0012710320688167113;0.0;0.005601155136909821;0.022509994774088046;0.21379709140867242;0.0;0.005601155136909821;0.0;0.005601155136909821;0.005601155136909821;0.0;0.005601155136909821;0.0;0.022509994774088046;0.005601155136909821;0.6421164666212852;0.0;0.0;0.0;0.0
GO:0051289;0.016097493254838013;0.00995265833540629;0.019233788478669363;0.1190359496981399;0.018629235703855225;0.06629165816666714;0.009448434403698913;0.003743509541034318;0.0;0.1608715201707559;0.006832714216537167;0.005601155136909821;1.0;0.0065274760624263505;0.0;0.030783930078066138;0.13403169211379498;0.0;0.00971799451654237;0.005873524301798058;0.031139075291749845;0.03261432980414468;0.03940633811535304;0.0;0.0;0.13403169211379498;0.008635374392142977;0.008636827497366394;0.2722468411138112;0.1116808586242782;0.034541580701594334;0.004643880648987097;0.08176937305493309;0.0;0.03940633811535304;0.03940633811535304;0.008434082850672379;0.03940633811535304;0.02259291310586302;0.03940633811535304;0.0;0.0;0.1749501519541871;0.009605580600905082;0.0;0.0;0.02189487228911387;0.0;0.0;0.0;0.0;0.0;0.0;0.0;0.0;0.0;0.009957373492963335;0.03940633811535304;0.0012710320688167113;0.0;0.03940633811535304;0.03940633811535304;0.0062694278334615135;0.0;0.03940633811535304;0.0;0.03940633811535304;0.016620707704463857;0.0;0.005791764842280598;0.0;0.006467807151415524;0.03391267334445812;0.00866372901446263;0.0;0.0;0.0;0.0
GO:0000183;0.008520245555276938;0.001919127668234308;0.001919127668234308;0.0065274760624263505;0.001919127668234308;0.0065274760624263505;0.001919127668234308;0.001919127668234308;0.001919127668234308;0.0065274760624263505;0.013640849239219346;0.001919127668234308;0.0065274760624263505;1.0;0.13983282127110164;0.001919127668234308;0.0065274760624263505;0.0;0.001919127668234308;0.001919127668234308;0.008520245555276938;0.001919127668234308;0.004538030814406289;0.004538030814406289;0.013640849239219346;0.0065274760624263505;0.008520245555276938;0.008520245555276938;0.0065274760624263505;0.0065274760624263505;0.001919127668234308;0.001919127668234308;0.0065274760624263505;0.004538030814406289;0.004538030814406289;0.004538030814406289;0.001919127668234308;0.001919127668234308;0.001919127668234308;0.004538030814406289;0.04264421812255489;0.013640849239219346;0.0065274760624263505;0.001919127668234308;0.0;0.0;0.001919127668234308;0.013640849239219346;0.03085517679716647;0.004538030814406289;0.004538030814406289;0.0;0.004538030814406289;0.001919127668234308;0.012980163709561255;0.8608065279148356;0.001919127668234308;0.001919127668234308;0.0012710320688167113;0.004538030814406289;0.001919127668234308;0.001919127668234308;0.001919127668234308;0.013640849239219346;0.001919127668234308;0.004538030814406289;0.013640849239219346;0.001919127668234308;0.004538030814406289;0.001919127668234308;0.004538030814406289;0.001919127668234308;0.0065274760624263505;0.001919127668234308;0.004538030814406289;0.013640849239219346;0.013640849239219346;0.04264421812255489
GO:0045893;0.0;0.0;0.0;0.0;0.0;0.0;0.0;0.0;0.002787224368742792;0.0;0.006590760104905454;0.0;0.0;0.13983282127110164;1.0;0.0;0.0;0.0;0.0;0.0;0.0;0.0;0.006590760104905454;0.01974353259675029;0.006590760104905454;0.0;0.0;0.0;0.0;0.0;0.0;0.0;0.0;0.006590760104905454;0.006590760104905454;0.006590760104905454;0.0;0.0;0.0;0.006590760104905454;0.1520082200835007;0.006590760104905454;0.0;0.0;0.0;0.0;0.0;0.006590760104905454;0.1520082200835007;0.01974353259675029;0.01974353259675029;0.0;0.0036965828264998394;0.002787224368742792;0.018851600756111284;0.13356406145528946;0.0;0.0;0.0;0.01974353259675029;0.0;0.0;0.0;0.006590760104905454;0.0;0.01974353259675029;0.006590760104905454;0.0;0.0036965828264998394;0.0;0.006590760104905454;0.0;0.002787224368742792;0.0;0.01974353259675029;0.006590760104905454;0.006590760104905454;0.11306844917934183
GO:0044320;0.004732785597239154;0.00995265833540629;0.019233788478669363;0.030783930078066138;0.018629235703855225;0.019490252303352235;0.009448434403698913;0.003743509541034318;0.0;0.030783930078066138;0.006832714216537167;0.13463960180855097;0.030783930078066138;0.001919127668234308;0.0;1.0;0.030783930078066138;0.0;0.07274379738740515;0.005873524301798058;0.009155125255781466;0.23043231487474022;0.030783930078066138;0.0;0.0;0.030783930078066138;0.0025388658285425297;0.002539293052543422;0.02513568642616491;0.030783930078066138;0.3808546357086602;0.004643880648987097;0.024040818341287577;0.0;0.030783930078066138;0.030783930078066138;0.008434082850672379;0.12371485671176422;0.02259291310586302;0.030783930078066138;0.0;0.0;0.030783930078066138;0.009605580600905082;0.1998101949171108;0.0;0.02189487228911387;0.0;0.0;0.0;0.0;0.030783930078066138;0.0;0.0;0.0;0.0;0.23935362784671044;0.030783930078066138;0.0012710320688167113;0.0;0.030783930078066138;0.12371485671176422;0.07756451653702295;0.0;0.030783930078066138;0.0;0.030783930078066138;0.016620707704463857;0.0;0.005791764842280598;0.0;0.025992907109245945;0.009970584203866012;0.20825722483523107;0.0;0.0;0.0;0.0
GO:0007409;0.016097493254838013;0.00995265833540629;0.019233788478669363;0.1190359496981399;0.018629235703855225;0.06629165816666714;0.009448434403698913;0.003743509541034318;0.0;0.12324586072409453;0.006832714216537167;0.005601155136909821;0.13403169211379498;0.0065274760624263505;0.0;0.030783930078066138;1.0;0.0;0.00971799451654237;0.005873524301798058;0.031139075291749845;0.03261432980414468;0.05211794261980828;0.0;0.0;0.1772673222864366;0.008635374392142977;0.008636827497366394;0.08549331770637295;0.1116808586242782;0.034541580701594334;0.004643880648987097;0.08176937305493309;0.0;0.05211794261980828;0.05211794261980828;0.008434082850672379;0.05211794261980828;0.02259291310586302;0.05211794261980828;0.0;0.0;0.1772673222864366;0.009605580600905082;0.0;0.05211794261980828;0.02189487228911387;0.0;0.0;0.0;0.0;0.0;0.0;0.0;0.0;0.0;0.009957373492963335;0.05211794261980828;0.0012710320688167113;0.0;0.05211794261980828;0.05087039718458007;0.0062694278334615135;0.0;0.05211794261980828;0.0;0.05211794261980828;0.016620707704463857;0.0;0.005791764842280598;0.0;0.006467807151415524;0.03391267334445812;0.00866372901446263;0.0;0.0;0.0;0.0
GO:0034501;0.0;0.0;0.0;0.0;0.0;0.0;0.0;0.0;0.0;0.0;0.0;0.0;0.0;0.0;0.0;0.0;0.0;1.0;0.0;0.0;0.0;0.0;0.0;0.0;0.0;0.0;0.0;0.0;0.0;0.0;0.0;0.0;0.0;0.0;0.0;0.0;0.0;0.0;0.0;0.0;0.0;0.0;0.0;0.0;0.0;0.0;0.0;0.0;0.0;0.0;0.0;0.0;0.0;0.0;0.0;0.0;0.0;0.0;0.0;0.0;0.0;0.0;0.0;0.0;0.0;0.0;0.0;0.0;0.0;0.0;0.0;0.0;0.0;0.0;0.0;0.0;0.0;0.0
GO:0071732;0.004732785597239154;0.00971799451654237;0.00971799451654237;0.00971799451654237;0.00971799451654237;0.00971799451654237;0.009448434403698913;0.003743509541034318;0.0;0.00971799451654237;0.006832714216537167;0.07043506121917413;0.00971799451654237;0.001919127668234308;0.0;0.07274379738740515;0.00971799451654237;0.0;1.0;0.005873524301798058;0.009155125255781466;0.07351061504703214;0.00971799451654237;0.0;0.0;0.00971799451654237;0.0025388658285425297;0.002539293052543422;0.00971799451654237;0.00971799451654237;0.07274379738740515;0.004643880648987097;0.00971799451654237;0.0;0.00971799451654237;0.00971799451654237;0.008434082850672379;0.07351061504703214;0.00971799451654237;0.00971799451654237;0.0;0.0;0.00971799451654237;0.009605580600905082;0.026768684594061017;0.0;0.00971799451654237;0.0;0.0;0.0;0.0;0.00971799451654237;0.0;0.0;0.0;0.0;0.12220470991594332;0.00971799451654237;0.0012710320688167113;0.0;0.00971799451654237;0.039054802167588484;0.07883865425350127;0.0;0.00971799451654237;0.0;0.00971799451654237;0.00971799451654237;0.0;0.005791764842280598;0.0;0.04892495883762985;0.00971799451654237;0.10894722045793519;0.0;0.0;0.0;0.0
GO:0071897;0.04279030535796003;0.05310401099681123;0.2533712716884281;0.005873524301798058;0.05310401099681123;0.2533712716884281;0.19387696430955673;0.3524401556518602;0.0;0.005873524301798058;0.005873524301798058;0.005601155136909821;0.005873524301798058;0.001919127668234308;0.0;0.005873524301798058;0.005873524301798058;0.0;0.005873524301798058;1.0;0.05310401099681123;0.005873524301798058;0.005873524301798058;0.0;0.0;0.005873524301798058;0.02295452473689046;0.022958387376572485;0.005873524301798058;0.005873524301798058;0.005873524301798058;0.43720738542727544;0.005873524301798058;0.0;0.005873524301798058;0.005873524301798058;0.16793518530253218;0.005873524301798058;0.2533712716884281;0.005873524301798058;0.0;0.0;0.005873524301798058;0.05310401099681123;0.0;0.0;0.05310401099681123;0.0;0.0;0.0;0.0;0.0;0.0;0.0;0.0;0.0;0.005873524301798058;0.005873524301798058;0.1196638435836595;0.0;0.005873524301798058;0.005873524301798058;0.005873524301798058;0.0;0.024078925456931653;0.0;0.005873524301798058;0.05310401099681123;0.0;0.5452772271947665;0.0;0.2533712716884281;0.2533712716884281;0.005873524301798058;0.0;0.0;0.0;0.0
GO:0016572;0.5169547619515524;0.48329368130488526;0.08277379087567088;0.031139075291749845;0.48329368130488526;0.08277379087567088;0.03753207908160854;0.023179751696399277;0.0;0.031139075291749845;0.006832714216537167;0.005601155136909821;0.031139075291749845;0.008520245555276938;0.0;0.009155125255781466;0.031139075291749845;0.0;0.009155125255781466;0.05310401099681123;1.0;0.009155125255781466;0.009155125255781466;0.0;0.0;0.031139075291749845;0.1390984754550953;0.13912188205127451;0.031139075291749845;0.031139075291749845;0.009155125255781466;0.02875483531464242;0.031139075291749845;0.0;0.009155125255781466;0.009155125255781466;0.048598510812975636;0.009155125255781466;0.08277379087567088;0.009155125255781466;0.0;0.0;0.031139075291749845;0.12171441284528912;0.0;0.0;0.39974398743587164;0.0;0.0;0.0;0.0;0.0;0.0;0.0;0.0;0.0;0.009155125255781466;0.009155125255781466;0.007323886524911635;0.0;0.009155125255781466;0.009155125255781466;0.0062694278334615135;0.0;0.06635479879994205;0.0;0.009155125255781466;0.39974398743587164;0.0;0.052364803152556746;0.0;0.05847707176232832;0.08277379087567088;0.00866372901446263;0.0;0.0;0.0;0.0
GO:0071456;0.004732785597239154;0.00995265833540629;0.019233788478669363;0.03261432980414468;0.018629235703855225;0.019490252303352235;0.009448434403698913;0.003743509541034318;0.0;0.03261432980414468;0.006832714216537167;0.04192730235865174;0.03261432980414468;0.001919127668234308;0.0;0.23043231487474022;0.03261432980414468;0.0;0.07351061504703214;0.005873524301798058;0.009155125255781466;1.0;0.03261432980414468;0.0;0.0;0.03261432980414468;0.0025388658285425297;0.002539293052543422;0.02513568642616491;0.03261432980414468;0.24413372482976392;0.004643880648987097;0.024040818341287577;0.0;0.03261432980414468;0.03261432980414468;0.008434082850672379;0.24670722330294637;0.02259291310586302;0.03261432980414468;0.0;0.0;0.03261432980414468;0.009605580600905082;0.059468555736176425;0.0;0.02189487228911387;0.0;0.0;0.0;0.0;0.03261432980414468;0.0;0.0;0.0;0.0;0.07453566254332075;0.03261432980414468;0.0012710320688167113;0.0;0.03261432980414468;0.13107089082640788;0.04692964039812487;0.0;0.03261432980414468;0.0;0.03261432980414468;0.016620707704463857;0.0;0.005791764842280598;0.0;0.04892495883762985;0.009970584203866012;0.06485212015448712;0.0;0.0;0.0;0.0
GO:0035556;0.004732785597239154;0.00995265833540629;0.019233788478669363;0.034997475654522964;0.018629235703855225;0.019490252303352235;0.009448434403698913;0.003743509541034318;0.10292480909972106;0.03623522155407836;0.01615685510344688;0.005601155136909821;0.03940633811535304;0.004538030814406289;0.006590760104905454;0.030783930078066138;0.05211794261980828;0.0;0.00971799451654237;0.005873524301798058;0.009155125255781466;0.03261432980414468;1.0;0.022368621775393328;0.019638396565432745;0.09719405014083002;0.0025388658285425297;0.002539293052543422;0.02513568642616491;0.03283502287074603;0.034541580701594334;0.004643880648987097;0.024040818341287577;0.176667307943996;0.437746115004163;0.8417294969968654;0.008434082850672379;0.11612217906750716;0.02259291310586302;0.6268118944634699;0.008360149742924409;0.0234991916675985;0.06018885815510956;0.009605580600905082;0.0;0.0;0.02189487228911387;0.0234187821545654;0.012979719808849375;0.1887542286435455;0.15246106446313656;0.0;0.1927430309596824;0.07503818167084514;0.023371771396054876;0.004334589126298501;0.009957373492963335;0.07750509165065662;0.0012710320688167113;0.12490900307557773;0.11767551566483743;0.05087039718458007;0.0062694278334615135;0.0558632229637193;0.1379723158137202;0.056051034367928625;0.15003436863108593;0.016620707704463857;0.04505840611999148;0.005791764842280598;0.14484094594527047;0.006467807151415524;0.009970584203866012;0.00866372901446263;0.09840791439978333;0.0333956165706329;0.05136373434187032;0.004902412669297628
GO:0010971;0.0;0.0;0.0;0.0;0.0;0.0;0.0;0.0;0.009459662727090156;0.0;0.11957154927089834;0.0;0.0;0.004538030814406289;0.01974353259675029;0.0;0.0;0.0;0.0;0.0;0.0;0.0;0.022368621775393328;1.0;0.019638396565432745;0.0;0.0;0.0;0.0;0.0;0.0;0.0;0.0;0.022368621775393328;0.022368621775393328;0.022368621775393328;0.0;0.0;0.0;0.022368621775393328;0.025043983749353807;0.022368621775393328;0.0;0.0;0.0;0.0;0.0;0.022368621775393328;0.03888254420790806;0.11850659948729168;0.06700829739473453;0.0;0.012545967656423369;0.009459662727090156;0.033823549089157696;0.004334589126298501;0.0;0.0;0.0;0.06700829739473453;0.0;0.0;0.0;0.03999615894783946;0.0;0.17257901496968236;0.033823549089157696;0.0;0.012545967656423369;0.0;0.03999615894783946;0.0;0.009459662727090156;0.0;0.06700829739473453;0.022368621775393328;0.022368621775393328;0.014685854559773542
GO:0031115;0.0;0.0;0.0;0.0;0.0;0.0;0.0;0.0;0.008305053832784603;0.0;0.04856582814430815;0.0;0.0;0.013640849239219346;0.006590760104905454;0.0;0.0;0.0;0.0;0.0;0.0;0.0;0.019638396565432745;0.019638396565432745;1.0;0.0;0.0;0.0;0.0;0.0;0.0;0.0;0.0;0.019638396565432745;0.019638396565432745;0.019638396565432745;0.0;0.0;0.0;0.019638396565432745;0.008360149742924409;0.22436236802653692;0.0;0.0;0.0;0.0;0.0;0.05903098013320088;0.025902824399053576;0.019638396565432745;0.019638396565432745;0.0;0.019638396565432745;0.008305053832784603;0.019638396565432745;0.013029324657314607;0.0;0.0;0.0;0.019638396565432745;0.0;0.0;0.0;0.05903098013320088;0.0;0.019638396565432745;0.05903098013320088;0.0;0.019638396565432745;0.0;0.03919113395395209;0.0;0.008305053832784603;0.0;0.019638396565432745;0.05903098013320088;0.05903098013320088;0.009783441890473985
GO:0036089;0.016097493254838013;0.00995265833540629;0.042226351912627746;0.1190359496981399;0.018629235703855225;0.06629165816666714;0.009448434403698913;0.003743509541034318;0.0;0.12324586072409453;0.015000715815601685;0.005601155136909821;0.13403169211379498;0.0065274760624263505;0.0;0.030783930078066138;0.1772673222864366;0.0;0.00971799451654237;0.005873524301798058;0.031139075291749845;0.03261432980414468;0.09719405014083002;0.0;0.0;1.0;0.008635374392142977;0.008636827497366394;0.08549331770637295;0.1116808586242782;0.034541580701594334;0.004643880648987097;0.08176937305493309;0.0;0.06361689574238968;0.09719405014083002;0.008434082850672379;0.09719405014083002;0.02259291310586302;0.09719405014083002;0.0;0.0;0.20471870492791283;0.009605580600905082;0.0;0.0;0.02189487228911387;0.0;0.0;0.0;0.0;0.0;0.0;0.0;0.0;0.0;0.009957373492963335;0.17015666355542192;0.0012710320688167113;0.0;0.21338230737079464;0.05087039718458007;0.0062694278334615135;0.0;0.09719405014083002;0.0;0.06344935056675086;0.016620707704463857;0.0;0.005791764842280598;0.0;0.006467807151415524;0.03391267334445812;0.00866372901446263;0.0;0.0;0.0;0.0
GO:0036123;0.1390984754550953;0.11396730667261505;0.02295452473689046;0.008635374392142977;0.11085553954877475;0.02295452473689046;0.010408258805009448;0.010408258805009448;0.0;0.008635374392142977;0.0025388658285425297;0.0025388658285425297;0.008635374392142977;0.008520245555276938;0.0;0.0025388658285425297;0.008635374392142977;0.0;0.0025388658285425297;0.02295452473689046;0.1390984754550953;0.0025388658285425297;0.0025388658285425297;0.0;0.0;0.008635374392142977;1.0;0.7203043251295577;0.008635374392142977;0.008635374392142977;0.0025388658285425297;0.010408258805009448;0.008635374392142977;0.0;0.0025388658285425297;0.0025388658285425297;0.014629343890222994;0.0025388658285425297;0.02295452473689046;0.0025388658285425297;0.0;0.0;0.008635374392142977;0.03375339550039235;0.0;0.0;0.11085553954877475;0.0;0.0;0.0;0.0;0.0;0.0;0.0;0.0;0.0;0.0025388658285425297;0.0025388658285425297;0.007323886524911635;0.0;0.0025388658285425297;0.0025388658285425297;0.0025388658285425297;0.0;0.010408258805009448;0.0;0.0025388658285425297;0.11085553954877475;0.0;0.02295452473689046;0.0;0.02295452473689046;0.02295452473689046;0.0025388658285425297;0.0;0.0;0.0;0.0
GO:0036124;0.13912188205127451;0.11398648435746166;0.022958387376572485;0.008636827497366394;0.11087419360547782;0.022958387376572485;0.010410010239811165;0.010410010239811165;0.0;0.008636827497366394;0.002539293052543422;0.002539293052543422;0.008636827497366394;0.008520245555276938;0.0;0.002539293052543422;0.008636827497366394;0.0;0.002539293052543422;0.022958387376572485;0.13912188205127451;0.002539293052543422;0.002539293052543422;0.0;0.0;0.008636827497366394;0.7203043251295577;1.0;0.008636827497366394;0.008636827497366394;0.002539293052543422;0.010410010239811165;0.008636827497366394;0.0;0.002539293052543422;0.002539293052543422;0.014631805622054957;0.002539293052543422;0.022958387376572485;0.002539293052543422;0.0;0.0;0.008636827497366394;0.0337590753045424;0.0;0.0;0.11087419360547782;0.0;0.0;0.0;0.0;0.0;0.0;0.0;0.0;0.0;0.002539293052543422;0.002539293052543422;0.007323886524911635;0.0;0.002539293052543422;0.002539293052543422;0.002539293052543422;0.0;0.010410010239811165;0.0;0.002539293052543422;0.11087419360547782;0.0;0.022958387376572485;0.0;0.022958387376572485;0.022958387376572485;0.002539293052543422;0.0;0.0;0.0;0.0
GO:0000707;0.016097493254838013;0.00995265833540629;0.11055576846229939;0.08549331770637295;0.018629235703855225;0.06629165816666714;0.009448434403698913;0.003743509541034318;0.0;0.1115935245456631;0.015000715815601685;0.005601155136909821;0.2722468411138112;0.0065274760624263505;0.0;0.02513568642616491;0.08549331770637295;0.0;0.00971799451654237;0.005873524301798058;0.031139075291749845;0.02513568642616491;0.02513568642616491;0.0;0.0;0.08549331770637295;0.008635374392142977;0.008636827497366394;1.0;0.14447986322371678;0.02513568642616491;0.004643880648987097;0.1680986163660104;0.0;0.02513568642616491;0.02513568642616491;0.008434082850672379;0.02513568642616491;0.02259291310586302;0.02513568642616491;0.0;0.0;0.1115935245456631;0.009605580600905082;0.0;0.0;0.02189487228911387;0.0;0.0;0.0;0.0;0.0;0.0;0.0;0.0;0.0;0.009957373492963335;0.05518352984768444;0.0012710320688167113;0.0;0.05518352984768444;0.02513568642616491;0.0062694278334615135;0.0;0.02513568642616491;0.0;0.02513568642616491;0.016620707704463857;0.0;0.005791764842280598;0.0;0.006467807151415524;0.03391267334445812;0.00866372901446263;0.0;0.0;0.0;0.0
GO:0007066;0.016097493254838013;0.00995265833540629;0.11055576846229939;0.1457758450897046;0.018629235703855225;0.10621627912167685;0.009448434403698913;0.003743509541034318;0.0;0.1457758450897046;0.015000715815601685;0.005601155136909821;0.1116808586242782;0.0065274760624263505;0.0;0.030783930078066138;0.1116808586242782;0.0;0.00971799451654237;0.005873524301798058;0.031139075291749845;0.03261432980414468;0.03283502287074603;0.0;0.0;0.1116808586242782;0.008635374392142977;0.008636827497366394;0.14447986322371678;1.0;0.03283502287074603;0.004643880648987097;0.13818656418787162;0.0;0.03283502287074603;0.03283502287074603;0.008434082850672379;0.03283502287074603;0.02259291310586302;0.03283502287074603;0.0;0.0;0.1116808586242782;0.009605580600905082;0.0;0.0;0.02189487228911387;0.0;0.0;0.0;0.0;0.0;0.0;0.0;0.0;0.0;0.009957373492963335;0.07208685030185087;0.0012710320688167113;0.0;0.07208685030185087;0.03283502287074603;0.0062694278334615135;0.0;0.03283502287074603;0.0;0.03283502287074603;0.016620707704463857;0.0;0.005791764842280598;0.0;0.006467807151415524;0.05433682121302579;0.00866372901446263;0.0;0.0;0.0;0.0
GO:0036120;0.004732785597239154;0.00995265833540629;0.019233788478669363;0.034541580701594334;0.018629235703855225;0.019490252303352235;0.009448434403698913;0.003743509541034318;0.0;0.034541580701594334;0.006832714216537167;0.06929673676511582;0.034541580701594334;0.001919127668234308;0.0;0.3808546357086602;0.034541580701594334;0.0;0.07274379738740515;0.005873524301798058;0.009155125255781466;0.24413372482976392;0.034541580701594334;0.0;0.0;0.034541580701594334;0.0025388658285425297;0.002539293052543422;0.02513568642616491;0.03283502287074603;1.0;0.004643880648987097;0.024040818341287577;0.0;0.034541580701594334;0.034541580701594334;0.008434082850672379;0.13881615168234668;0.02259291310586302;0.034541580701594334;0.0;0.0;0.034541580701594334;0.009605580600905082;0.09514644998073787;0.0;0.02189487228911387;0.0;0.0;0.0;0.0;0.034541580701594334;0.0;0.0;0.0;0.0;0.1231912833956078;0.034541580701594334;0.0012710320688167113;0.0;0.034541580701594334;0.13881615168234668;0.07756451653702295;0.0;0.034541580701594334;0.0;0.034541580701594334;0.016620707704463857;0.0;0.005791764842280598;0.0;0.025992907109245945;0.009970584203866012;0.10718648818763812;0.0;0.0;0.0;0.0
GO:0009165;0.02875483531464242;0.02875483531464242;0.13277734410186237;0.004643880648987097;0.02875483531464242;0.13277734410186237;0.13277734410186237;0.611831835865275;0.0;0.004643880648987097;0.004643880648987097;0.004643880648987097;0.004643880648987097;0.001919127668234308;0.0;0.004643880648987097;0.004643880648987097;0.0;0.004643880648987097;0.43720738542727544;0.02875483531464242;0.004643880648987097;0.004643880648987097;0.0;0.0;0.004643880648987097;0.010408258805009448;0.010410010239811165;0.004643880648987097;0.004643880648987097;0.004643880648987097;1.0;0.004643880648987097;0.0;0.004643880648987097;0.004643880648987097;0.14836430738384795;0.004643880648987097;0.13277734410186237;0.004643880648987097;0.0;0.0;0.004643880648987097;0.019037914926752997;0.0;0.0;0.019037914926752997;0.0;0.0;0.0;0.0;0.0;0.0;0.0;0.0;0.0;0.004643880648987097;0.004643880648987097;0.1196638435836595;0.0;0.004643880648987097;0.004643880648987097;0.004643880648987097;0.0;0.02875483531464242;0.0;0.004643880648987097;0.019037914926752997;0.0;0.43720738542727544;0.0;0.13277734410186237;0.13277734410186237;0.004643880648987097;0.0;0.0;0.0;0.0
GO:0007141;0.016097493254838013;0.00995265833540629;0.11055576846229939;0.10673269892775442;0.018629235703855225;0.08652980117349252;0.009448434403698913;0.003743509541034318;0.0;0.10673269892775442;0.015000715815601685;0.005601155136909821;0.08176937305493309;0.0065274760624263505;0.0;0.024040818341287577;0.08176937305493309;0.0;0.00971799451654237;0.005873524301798058;0.031139075291749845;0.024040818341287577;0.024040818341287577;0.0;0.0;0.08176937305493309;0.008635374392142977;0.008636827497366394;0.1680986163660104;0.13818656418787162;0.024040818341287577;0.004643880648987097;1.0;0.0;0.024040818341287577;0.024040818341287577;0.008434082850672379;0.024040818341287577;0.02259291310586302;0.024040818341287577;0.0;0.0;0.08176937305493309;0.009605580600905082;0.0;0.0;0.02189487228911387;0.0;0.0;0.0;0.0;0.0;0.0;0.0;0.0;0.0;0.009957373492963335;0.052779828408355024;0.0012710320688167113;0.0;0.052779828408355024;0.024040818341287577;0.0062694278334615135;0.0;0.024040818341287577;0.0;0.024040818341287577;0.016620707704463857;0.0;0.005791764842280598;0.0;0.006467807151415524;0.04426585430070096;0.00866372901446263;0.0;0.0;0.0;0.0
GO:1901796;0.0;0.0;0.0;0.0;0.0;0.0;0.0;0.0;0.0747123879528242;0.0;0.01615685510344688;0.0;0.0;0.004538030814406289;0.006590760104905454;0.0;0.0;0.0;0.0;0.0;0.0;0.0;0.176667307943996;0.022368621775393328;0.019638396565432745;0.0;0.0;0.0;0.0;0.0;0.0;0.0;0.0;1.0;0.15043055132515004;0.176667307943996;0.0;0.0;0.0;0.176667307943996;0.008360149742924409;0.0234991916675985;0.0;0.0;0.0;0.0;0.0;0.12309141663208842;0.012979719808849375;0.176667307943996;0.15246106446313656;0.0;0.09908801506273343;0.0747123879528242;0.023371771396054876;0.004334589126298501;0.0;0.0;0.0;0.12490900307557773;0.0;0.0;0.0;0.0558632229637193;0.0;0.056051034367928625;0.15003436863108593;0.0;0.04505840611999148;0.0;0.14484094594527047;0.0;0.009970584203866012;0.0;0.09840791439978333;0.15765229112820747;0.05136373434187032;0.004902412669297628
