;GO:0042536;GO:0045926;GO:2000080;GO:0008584;GO:0090179;GO:0043508;GO:1903243;GO:0090331;GO:0032691;GO:1901862;GO:0045765;GO:0046851;GO:0060527;GO:0048754;GO:0008585;GO:0071380;GO:0045921;GO:0060766;GO:0032966;GO:0030307;GO:0048247;GO:0045892;GO:0030308;GO:0045893;GO:0071773;GO:0031639;GO:0050714;GO:2000352;GO:0050679;GO:0070208;GO:0035556;GO:1902042;GO:0042426;GO:1902043;GO:0060355;GO:0036120;GO:0051260;GO:1900026;GO:0007266;GO:0051258;GO:2000406;GO:0071360;GO:0051894;GO:0071481;GO:0051770;GO:0010944;GO:0001558;GO:0051496;GO:0071364;GO:0050680;GO:0050726;GO:0031069;GO:0051897;GO:0008285;GO:0090277;GO:0007597;GO:1904754;GO:0045944;GO:0071281;GO:0043525;GO:0045668;GO:0002576;GO:0071392;GO:0051146;GO:0048147;GO:0019221;GO:0048662;GO:0045671;GO:0001649;GO:2000378;GO:0050732;GO:2000270;GO:0036345;GO:0022617;GO:2000271;GO:0044344;GO:0048701;GO:0060416;GO:0042167;GO:0009267;GO:0044345;GO:0009306;GO:0071391;GO:0006554;GO:0002224;GO:0030514;GO:0070172;GO:0001657;GO:0071542;GO:0030593;GO:0050900;GO:0030199;GO:0071549;GO:0071305;GO:0006081;GO:0007175;GO:2000041;GO:0007179;GO:0006366;GO:0045600;GO:0042730;GO:0006006;GO:0060687;GO:0009756;GO:0043547;GO:0003404;GO:0043152;GO:0019285;GO:0001869;GO:0010975;GO:0071456;GO:0035115;GO:0031953;GO:0017148;GO:0030501;GO:0045616;GO:0014034;GO:0007186;GO:2000054;GO:2000052;GO:0090263;GO:0045578;GO:0043312;GO:0006898;GO:0042742;GO:0071560;GO:0010906;GO:0072378;GO:0072377;GO:0051056;GO:0010507;GO:0071320;GO:0034138;GO:0010469;GO:0030212;GO:0030336;GO:0033689;GO:0035584;GO:0045907;GO:1903225;GO:0001570;GO:0046676;GO:0043687;GO:0043569;GO:0043568;GO:1904956;GO:0000122;GO:0032869;GO:0071230;GO:1904707;GO:0010719;GO:0045595;GO:0071354;GO:0048863;GO:0045112;GO:0071474;GO:0010951;GO:0018298;GO:0060070;GO:0014912;GO:0071356;GO:0050777;GO:0050776;GO:0090246;GO:0030163;GO:0090244;GO:0007565;GO:0060218;GO:1904205;GO:0046329;GO:0071222;GO:0002548;GO:0071223;GO:0045087;GO:0043066;GO:0070373;GO:0070098;GO:0070374;GO:0006508;GO:0045880;GO:0034116;GO:0071347;GO:0072679;GO:0030277;GO:0071346;GO:0071504
GO:0042536;1.0;0.009274960314931108;0.027879567268268988;0.0;0.009274960314931108;0.026233387702544717;0.027589642570152242;0.027879567268268988;0.051670307711509704;0.009274960314931108;0.009274960314931108;0.027589642570152242;0.0;0.0;0.0;0.0;0.009274960314931108;0.027879567268268988;0.04546459177475783;0.009274960314931108;0.0;0.10802829529479428;0.027879567268268988;0.033399477249332614;0.0;0.0;0.009274960314931108;0.027879567268268988;0.009274960314931108;0.0;0.009274960314931108;0.027879567268268988;0.003922369346997974;0.009274960314931108;0.009274960314931108;0.0;0.0;0.009274960314931108;0.009274960314931108;0.0;0.009274960314931108;0.0;0.009274960314931108;0.0;0.03179898275575061;0.1078206993514693;0.009274960314931108;0.009274960314931108;0.0;0.027879567268268988;0.12216273083523552;0.0;0.009274960314931108;0.027879567268268988;0.009274960314931108;0.0;0.009274960314931108;0.027564539975775175;0.0;0.009274960314931108;0.027879567268268988;0.0;0.0;0.0;0.027879567268268988;0.009274960314931108;0.027879567268268988;0.027879567268268988;0.0;0.09359897681408857;0.15088280897488088;0.027879567268268988;0.0;0.0;0.009274960314931108;0.0;0.0;0.0;0.0;0.0;0.0;0.0;0.0;0.0;0.009274960314931108;0.04700198779749824;0.009274960314931108;0.0;0.0;0.0;0.0;0.0;0.0;0.0;0.0;0.043503624952029266;0.027879567268268988;0.009274960314931108;0.0;0.009274960314931108;0.027589642570152242;0.0;0.009274960314931108;0.009274960314931108;0.003922369346997974;0.0;0.0;0.003922369346997974;0.07193741571850154;0.009274960314931108;0.0;0.0;0.15088280897488088;0.15324708190693637;0.009274960314931108;0.009274960314931108;0.0;0.009274960314931108;0.027879567268268988;0.009274960314931108;0.009274960314931108;0.027879567268268988;0.0;0.0;0.0;0.0;0.026529238828723177;0.0;0.0;0.009274960314931108;0.09359897681408857;0.0;0.009274960314931108;0.009274960314931108;0.0;0.027879567268268988;0.027879567268268988;0.009274960314931108;0.009274960314931108;0.027879567268268988;0.0;0.02304710180403587;0.0;0.027879567268268988;0.009274960314931108;0.009274960314931108;0.09299146178927044;0.0;0.0;0.009274960314931108;0.027879567268268988;0.009274960314931108;0.0;0.0;0.0;0.0;0.15088280897488088;0.0;0.009274960314931108;0.027879567268268988;0.0;0.009274960314931108;0.005202079649526814;0.0;0.0;0.009274960314931108;0.0;0.0;0.027589642570152242;0.07341124914742767;0.0;0.0;0.0;0.0;0.027879567268268988;0.10968784306492166;0.009274960314931108;0.03485289001232425;0.0;0.009274960314931108;0.005202079649526814;0.0;0.0;0.003922369346997974;0.0;0.0
GO:0045926;0.009274960314931108;1.0;0.02261708446976016;0.0;0.016209392859091565;0.0016126000802902012;0.02584790028081978;0.014512104402440329;0.0926647545833913;0.1975176443403618;0.09937522716329328;0.1353298543814883;0.0;0.0;0.0;0.0;0.025970087734194153;0.03399321744050389;0.07483593254660961;0.09873193228442995;0.0;0.00503549750813152;0.27512045992642525;0.0036965828264998394;0.0;0.0;0.011706691432212915;0.0612840738504301;0.06863501806665667;0.0;0.1927430309596824;0.01870256991752583;0.01309673151835547;0.010513823464703588;0.10978152335785422;0.0;0.0;0.012740889305521773;0.15084255453411852;0.0;0.012695096826715107;0.0;0.01592132021249522;0.0;0.030320999158769627;0.005025820887275304;0.30332536409687677;0.012232851829583478;0.0;0.12213173300517399;0.004056151912243635;0.0;0.01873144595815766;0.18256445760049927;0.010046458195008854;0.0;0.018258899518606993;0.0030507844279764845;0.0;0.02489867114273423;0.04674786275686857;0.0;0.0;0.0;0.12465904409825714;0.1685090979943731;0.12522304005132512;0.009450561248887372;0.0;0.07038469662597253;0.010194876917698917;0.07661983022451697;0.0;0.0;0.04301731671509186;0.0;0.0;0.0;0.0;0.0;0.0;0.0;0.0;0.0;0.010901518784986353;0.01328554432758263;0.016626669343070558;0.0;0.0;0.0;0.0;0.0;0.0;0.0;0.0;0.0026742237749092564;0.04883521031613328;0.14934313403128344;0.0;0.039084367195468886;0.031484589256357734;0.0;0.042272086757374656;0.1927430309596824;0.06825029425055588;0.0;0.0;0.008465391121995564;0.004422085461431739;0.052979598498939864;0.0;0.0;0.010203932787939208;0.0071432701679223;0.025985886789280228;0.06247141676578763;0.0;0.1927430309596824;0.024939541263481486;0.01891864695205164;0.01888105388734162;0.009901847381277385;0.0;0.0;0.0;0.0;0.07504522384066935;0.0;0.0;0.09908801506273343;0.03661205876314987;0.0;0.010822377535603424;0.09185382161404643;0.0;0.05038208982079265;0.12602666856974465;0.14828407885683123;0.04313915302698829;0.026294757422913692;0.0;0.007667298152432265;0.0;0.042485619384908496;0.023888165926552792;0.06774753860000839;0.004334589126298501;0.0;0.0;0.055301598951816175;0.0465186892251035;0.19138589159077335;0.0;0.0;0.0;0.0;0.01591452275163979;0.0;0.14215787638425859;0.03930126313498078;0.0;0.10100720486029585;0.19895412338614296;0.0;0.0;0.14215787638425859;0.0;0.0;0.04341672682048774;0.004512683897774373;0.0;0.0;0.0;0.0;0.0982116173552396;0.006742652780456316;0.14792009941079345;0.0037883119857789515;0.0;0.023799924187602718;0.08573510197347547;0.0;0.0;0.12462936895216259;0.0;0.0
GO:2000080;0.027879567268268988;0.02261708446976016;1.0;0.0;0.02261708446976016;0.028485447527607285;0.06688063121836264;0.04362187838590044;0.02261708446976016;0.02261708446976016;0.01268532380266494;0.02261708446976016;0.0;0.0;0.0;0.0;0.02261708446976016;0.3995149081072072;0.02261708446976016;0.02261708446976016;0.0;0.015136182446102072;0.06798460656178923;0.006590760104905454;0.0;0.0;0.020872248363747226;0.06798460656178923;0.04404360342015117;0.0;0.02261708446976016;0.3303677585835264;0.009564737295947137;0.08849252022518993;0.02261708446976016;0.0;0.0;0.02261708446976016;0.02261708446976016;0.0;0.02261708446976016;0.0;0.02261708446976016;0.0;0.01268532380266494;0.015107095528969269;0.02261708446976016;0.02181035718438865;0.0;0.12388547457168522;0.007231847751660943;0.0;0.10676955694938123;0.12388547457168522;0.027084947230600898;0.0;0.02261708446976016;0.005439344724655555;0.0;0.02261708446976016;0.06798460656178923;0.0;0.0;0.0;0.12388547457168522;0.02261708446976016;0.12388547457168522;0.028407405435158316;0.0;0.06798460656178923;0.030644741019662348;0.06798460656178923;0.0;0.0;0.02261708446976016;0.0;0.0;0.0;0.0;0.0;0.0;0.0;0.0;0.0;0.019436679350425087;0.23467980712921163;0.01268532380266494;0.0;0.0;0.0;0.0;0.0;0.0;0.0;0.0;0.047238284276625415;0.4145611245460526;0.02261708446976016;0.0;0.02261708446976016;0.06688063121836264;0.0;0.01268532380266494;0.02261708446976016;0.009564737295947137;0.0;0.0;0.008465391121995564;0.01329232955202528;0.02261708446976016;0.0;0.0;0.030671962024924275;0.02147192811611379;0.01268532380266494;0.02261708446976016;0.0;0.02261708446976016;0.5366191243614309;0.11887761494581649;0.12511878795926984;0.029763924671682703;0.0;0.0;0.0;0.0;0.02261708446976016;0.0;0.0;0.10676955694938123;0.06798460656178923;0.0;0.019295575792472548;0.10676955694938123;0.0;0.06798460656178923;0.12388547457168522;0.02261708446976016;0.01268532380266494;0.06798460656178923;0.0;0.041834157399757516;0.0;0.3995149081072072;0.10676955694938123;0.02261708446976016;0.013029324657314607;0.0;0.0;0.03419924904171291;0.06798460656178923;0.02261708446976016;0.0;0.0;0.0;0.0;0.04783740226709901;0.0;0.02261708446976016;0.06798460656178923;0.0;0.06688063121836264;0.02261708446976016;0.0;0.0;0.02261708446976016;0.0;0.0;0.06688063121836264;0.07971339078415357;0.0;0.0;0.0;0.0;0.06798460656178923;0.1191042244894342;0.02261708446976016;0.03188538176870792;0.0;0.10676955694938123;0.01268532380266494;0.0;0.0;0.009564737295947137;0.0;0.0
GO:0008584;0.0;0.0;0.0;1.0;0.0;0.0;0.0;0.0;0.0;0.0;0.0;0.0;0.19036447136951384;0.06511534976621601;0.9784436693804469;0.0;0.0;0.0;0.0;0.0;0.0;0.0;0.0;0.0;0.0;0.0;0.0;0.0;0.0;0.0;0.0;0.0;0.0;0.0;0.0;0.0;0.0;0.0;0.0;0.0;0.0;0.0;0.0;0.0;0.0;0.0;0.0;0.0;0.0;0.0;0.0;0.06607111804024644;0.0;0.0;0.0;0.0;0.0;0.0;0.0;0.0;0.0;0.0;0.0;0.06607111804024644;0.0;0.0;0.0;0.0;0.06607111804024644;0.0;0.0;0.0;0.06607111804024644;0.0;0.0;0.0;0.06607111804024644;0.0;0.0;0.0;0.06607111804024644;0.0;0.0;0.0;0.0;0.0;0.0;0.12672175318334397;0.06607111804024644;0.0;0.0;0.0;0.0;0.0;0.0;0.0;0.0;0.0;0.0;0.0;0.0;0.0;0.0;0.0;0.0;0.06607111804024644;0.0;0.0;0.0;0.0;0.0;0.05726080959113724;0.0;0.0;0.0;0.0;0.06607111804024644;0.0;0.0;0.0;0.0;0.0;0.0;0.0;0.0;0.0;0.0;0.0;0.0;0.0;0.0;0.0;0.0;0.0;0.0;0.0;0.0;0.0;0.0;0.0;0.06607111804024644;0.0;0.0;0.0;0.0;0.0;0.0;0.0;0.0;0.0;0.0;0.0;0.0;0.06607111804024644;0.0;0.0;0.0;0.0;0.0;0.0;0.0;0.0;0.0;0.06494845783469833;0.0;0.0;0.06607111804024644;0.06607111804024644;0.0;0.0;0.0;0.0;0.0;0.0;0.0;0.0;0.0;0.0;0.0;0.0;0.0;0.0;0.0;0.0;0.0;0.0
GO:0090179;0.009274960314931108;0.016209392859091565;0.02261708446976016;0.0;1.0;0.0016126000802902012;0.02584790028081978;0.014512104402440329;0.028900264053219014;0.028900264053219014;0.0837914265800942;0.028900264053219014;0.0;0.0;0.0;0.004780636235848622;0.028900264053219014;0.028900264053219014;0.016209392859091565;0.028900264053219014;0.01222188623923354;0.00503549750813152;0.028900264053219014;0.006590760104905454;0.01222188623923354;0.0;0.020872248363747226;0.028900264053219014;0.028900264053219014;0.01222188623923354;0.07053227468093504;0.01870256991752583;0.01222188623923354;0.018745444507407213;0.028900264053219014;0.01222188623923354;0.01222188623923354;0.03222267493400939;0.07053227468093504;0.01222188623923354;0.02263450911842551;0.01222188623923354;0.028386649778735284;0.01222188623923354;0.016209392859091565;0.005025820887275304;0.028900264053219014;0.02181035718438865;0.01222188623923354;0.028900264053219014;0.007231847751660943;0.0;0.028900264053219014;0.028900264053219014;0.017912163469622634;0.0;0.028900264053219014;0.005439344724655555;0.01222188623923354;0.028900264053219014;0.028900264053219014;0.01222188623923354;0.009957373492963335;0.01222188623923354;0.028900264053219014;0.08409846404502279;0.028900264053219014;0.02740030359475652;0.01222188623923354;0.028900264053219014;0.010194876917698917;0.028900264053219014;0.01222188623923354;0.01222188623923354;0.028900264053219014;0.01222188623923354;0.0;0.0;0.0052735860127957395;0.01222188623923354;0.01222188623923354;0.01222188623923354;0.01222188623923354;0.006015550456266111;0.04743600973004754;0.01328554432758263;0.1544096498237419;0.0;0.01222188623923354;0.01222188623923354;0.01222188623923354;0.01222188623923354;0.00478124222235527;0.008498956730120865;0.01222188623923354;0.0026742237749092564;0.14205611450015088;0.08409846404502279;0.00576711589335461;0.028900264053219014;0.028900264053219014;0.0;0.1544096498237419;0.07053227468093504;0.01222188623923354;0.0;0.0;0.008465391121995564;0.004422085461431739;0.09936401356124445;0.01222188623923354;0.0;0.010203932787939208;0.0071432701679223;0.0837914265800942;0.0837914265800942;0.01222188623923354;0.07053227468093504;0.07230798088460642;0.028900264053219014;0.028900264053219014;0.028708731391787687;0.01222188623923354;0.0;0.0;0.01222188623923354;0.028900264053219014;0.0;0.0;0.028900264053219014;0.028900264053219014;0.010285811140939306;0.04709164073433045;0.028900264053219014;0.01222188623923354;0.028900264053219014;0.028900264053219014;0.07053227468093504;0.028900264053219014;0.09040583948813477;0.01222188623923354;0.007667298152432265;0.01222188623923354;0.028900264053219014;0.028900264053219014;0.09936401356124445;0.004334589126298501;0.007277504342912662;0.011861000587948936;0.028900264053219014;0.0837914265800942;0.028900264053219014;0.01222188623923354;0.01222188623923354;0.0;0.01222188623923354;0.01591452275163979;0.01222188623923354;0.10374049306539737;0.028900264053219014;0.01222188623923354;0.016209392859091565;0.016209392859091565;0.0;0.0;0.10374049306539737;0.0;0.01222188623923354;0.028900264053219014;0.004512683897774373;0.01222188623923354;0.01222188623923354;0.01222188623923354;0.0;0.028900264053219014;0.006742652780456316;0.08409846404502279;0.006754307064843514;0.0;0.028900264053219014;0.016209392859091565;0.01222188623923354;0.01222188623923354;0.01222188623923354;0.01222188623923354;0.01181199151734236
GO:0043508;0.026233387702544717;0.0016126000802902012;0.028485447527607285;0.0;0.0016126000802902012;1.0;0.00476859479464705;0.00484730833218671;0.0016126000802902012;0.0016126000802902012;9.044646850939408E-4;0.0016126000802902012;0.0;0.0;0.0;0.0;0.0016126000802902012;0.028485447527607285;0.004583021651124706;0.0016126000802902012;0.0;0.016273677988950085;0.00484730833218671;0.00461253215244131;0.0;0.0;0.0016126000802902012;0.00484730833218671;0.0016126000802902012;0.0;0.0016126000802902012;0.028485447527607285;6.819665970661072E-4;0.007612678651809766;0.0016126000802902012;0.0;0.0;0.0016126000802902012;0.0016126000802902012;0.0;0.0016126000802902012;0.0;0.0016126000802902012;0.0;0.0021741227356896534;0.016273677988950085;0.0016126000802902012;0.0016126000802902012;0.0;0.00484730833218671;0.008321175317119194;0.0;0.008475984234954938;0.00484730833218671;0.002438409416751657;0.0;0.0016126000802902012;0.00461253215244131;0.0;0.0016126000802902012;0.00484730833218671;0.0;0.0;0.0;0.00484730833218671;0.0016126000802902012;0.00484730833218671;0.00484730833218671;0.0;0.016273677988950085;0.1346180985635552;0.00484730833218671;0.0;0.0;0.0016126000802902012;0.0;0.0;0.0;0.0;0.0;0.0;0.0;0.0;0.0;0.002359695879211997;0.028485447527607285;9.044646850939408E-4;0.0;0.0;0.0;0.0;0.0;0.0;0.0;0.0;0.22218367406364029;0.028485447527607285;0.0016126000802902012;0.0;0.0016126000802902012;0.00476859479464705;0.0;9.044646850939408E-4;0.0016126000802902012;0.001370799156315836;0.0;0.0;6.819665970661072E-4;0.058609504581623124;0.0016126000802902012;0.0;0.0;0.1346180985635552;0.058609504581623124;9.044646850939408E-4;0.0016126000802902012;0.0;0.0016126000802902012;0.028485447527607285;0.007612678651809766;0.007612678651809766;0.00484730833218671;0.0;0.0;0.0;0.0;0.00461253215244131;0.0;0.0;0.008475984234954938;0.016273677988950085;0.0;0.002359695879211997;0.007612678651809766;0.0;0.00484730833218671;0.00484730833218671;0.0016126000802902012;9.044646850939408E-4;0.00484730833218671;0.0;0.008798636004564564;0.0;0.028485447527607285;0.007612678651809766;0.0016126000802902012;0.016273677988950085;0.0;0.0;0.0016126000802902012;0.00484730833218671;0.0016126000802902012;0.0;0.0;0.0;0.0;0.058609504581623124;0.0;0.0016126000802902012;0.00484730833218671;0.0;0.00476859479464705;0.0016126000802902012;0.0;0.0;0.0016126000802902012;0.0;0.0;0.00476859479464705;0.3573483356734836;0.0;0.0;0.0;0.0;0.00484730833218671;0.2064305246537793;0.0016126000802902012;0.03180493813529565;0.0;0.007612678651809766;9.044646850939408E-4;0.0;0.0;6.819665970661072E-4;0.0;0.0
GO:1903243;0.027589642570152242;0.02584790028081978;0.06688063121836264;0.0;0.02584790028081978;0.00476859479464705;1.0;0.04316824652710499;0.0768881273582088;0.02584790028081978;0.02584790028081978;0.0768881273582088;0.0;0.0;0.0;0.0;0.014497402842510143;0.07643442676096844;0.02584790028081978;0.014497402842510143;0.0;0.00503549750813152;0.02584790028081978;0.0036965828264998394;0.0;0.0;0.011706691432212915;0.02584790028081978;0.014497402842510143;0.0;0.014497402842510143;0.055305080686332705;0.01093104534178278;0.018745444507407213;0.014497402842510143;0.0;0.0;0.012740889305521773;0.014497402842510143;0.0;0.012695096826715107;0.0;0.014497402842510143;0.0;0.014497402842510143;0.005025820887275304;0.014497402842510143;0.012232851829583478;0.0;0.02584790028081978;0.007231847751660943;0.0;0.02584790028081978;0.02584790028081978;0.010046458195008854;0.0;0.014497402842510143;0.0030507844279764845;0.0;0.014497402842510143;0.0768881273582088;0.0;0.0;0.0;0.02584790028081978;0.014497402842510143;0.02584790028081978;0.02811199165180157;0.0;0.02584790028081978;0.010194876917698917;0.02584790028081978;0.0;0.0;0.014497402842510143;0.0;0.0;0.0;0.0;0.0;0.0;0.0;0.0;0.0;0.028441429917645332;0.03928647796740912;0.02584790028081978;0.0;0.0;0.0;0.0;0.0;0.0;0.0;0.0;0.00790790582774793;0.05166813560964291;0.014497402842510143;0.0;0.014497402842510143;0.0768881273582088;0.0;0.02584790028081978;0.014497402842510143;0.01093104534178278;0.0;0.0;0.008465391121995564;0.013076480629390133;0.02584790028081978;0.0;0.0;0.010203932787939208;0.0071432701679223;0.02584790028081978;0.02584790028081978;0.0;0.014497402842510143;0.07418608877661037;0.02584790028081978;0.02584790028081978;0.02945440419770359;0.0;0.0;0.0;0.0;0.014497402842510143;0.0;0.0;0.02584790028081978;0.02584790028081978;0.0;0.028234954990406808;0.02584790028081978;0.0;0.02584790028081978;0.02584790028081978;0.014497402842510143;0.03827658335931786;0.0768881273582088;0.0;0.007667298152432265;0.0;0.07643442676096844;0.02584790028081978;0.02584790028081978;0.004334589126298501;0.0;0.0;0.014497402842510143;0.0768881273582088;0.014497402842510143;0.0;0.0;0.0;0.0;0.01591452275163979;0.0;0.014497402842510143;0.02584790028081978;0.0;0.07643442676096844;0.02584790028081978;0.0;0.0;0.014497402842510143;0.0;0.0;0.2781995137192293;0.013344387866421214;0.0;0.0;0.0;0.0;0.02584790028081978;0.019938594412825677;0.014497402842510143;0.006754307064843514;0.0;0.02584790028081978;0.014497402842510143;0.0;0.0;0.01093104534178278;0.0;0.0
GO:0090331;0.027879567268268988;0.014512104402440329;0.04362187838590044;0.0;0.014512104402440329;0.00484730833218671;0.04316824652710499;1.0;0.04316824652710499;0.014512104402440329;0.014512104402440329;0.04316824652710499;0.0;0.0;0.0;0.0;0.014512104402440329;0.04362187838590044;0.014512104402440329;0.014512104402440329;0.0;0.015136182446102072;0.04362187838590044;0.006590760104905454;0.0;0.0;0.014512104402440329;0.04362187838590044;0.014512104402440329;0.0;0.014512104402440329;0.04362187838590044;0.008139455094186466;0.014512104402440329;0.014512104402440329;0.0;0.0;0.014512104402440329;0.014512104402440329;0.0;0.014512104402440329;0.0;0.014512104402440329;0.0;0.008139455094186466;0.015107095528969269;0.014512104402440329;0.014512104402440329;0.0;0.04362187838590044;0.007231847751660943;0.0;0.014512104402440329;0.04362187838590044;0.014512104402440329;0.0;0.014512104402440329;0.005439344724655555;0.0;0.014512104402440329;0.04362187838590044;0.0;0.0;0.0;0.04362187838590044;0.014512104402440329;0.04362187838590044;0.028407405435158316;0.0;0.04362187838590044;0.030644741019662348;0.04362187838590044;0.0;0.0;0.014512104402440329;0.0;0.0;0.0;0.0;0.0;0.0;0.0;0.0;0.0;0.02123536602514009;0.039934966210058716;0.014512104402440329;0.0;0.0;0.0;0.0;0.0;0.0;0.0;0.0;0.008038438881831552;0.04362187838590044;0.014512104402440329;0.0;0.014512104402440329;0.4573806581438226;0.0;0.014512104402440329;0.014512104402440329;0.006137151161383605;0.0;0.0;0.008139455094186466;0.01329232955202528;0.014512104402440329;0.0;0.0;0.030671962024924275;0.02147192811611379;0.014512104402440329;0.014512104402440329;0.0;0.014512104402440329;0.04362187838590044;0.014512104402440329;0.014512104402440329;0.05251358307057309;0.0;0.0;0.0;0.0;0.014512104402440329;0.0;0.0;0.014512104402440329;0.04362187838590044;0.0;0.02123536602514009;0.014512104402440329;0.0;0.04362187838590044;0.04362187838590044;0.014512104402440329;0.014512104402440329;0.04362187838590044;0.0;0.02304710180403587;0.0;0.04362187838590044;0.014512104402440329;0.014512104402440329;0.013029324657314607;0.0;0.0;0.014512104402440329;0.04362187838590044;0.014512104402440329;0.0;0.0;0.0;0.0;0.04362187838590044;0.0;0.014512104402440329;0.04362187838590044;0.0;0.04291351982346294;0.014512104402440329;0.0;0.0;0.014512104402440329;0.0;0.0;0.04316824652710499;0.013564659040739994;0.0;0.0;0.0;0.0;0.04362187838590044;0.020267713863604715;0.014512104402440329;0.006754307064843514;0.0;0.014512104402440329;0.01851671226805453;0.0;0.0;0.008139455094186466;0.0;0.0
GO:0032691;0.051670307711509704;0.0926647545833913;0.02261708446976016;0.0;0.028900264053219014;0.0016126000802902012;0.0768881273582088;0.04316824652710499;1.0;0.0926647545833913;0.0926647545833913;0.275644031995584;0.0;0.0;0.0;0.0;0.025970087734194153;0.03399321744050389;0.07483593254660961;0.05197320718134382;0.0;0.00503549750813152;0.0926647545833913;0.0036965828264998394;0.0;0.0;0.011706691432212915;0.0612840738504301;0.05197320718134382;0.0;0.05197320718134382;0.01870256991752583;0.01309673151835547;0.010513823464703588;0.05197320718134382;0.0;0.0;0.012740889305521773;0.05197320718134382;0.0;0.012695096826715107;0.0;0.01592132021249522;0.0;0.030320999158769627;0.005025820887275304;0.05197320718134382;0.012232851829583478;0.0;0.0926647545833913;0.014262290358559573;0.0;0.01873144595815766;0.0926647545833913;0.010046458195008854;0.0;0.018258899518606993;0.0030507844279764845;0.0;0.02489867114273423;0.1390579345449324;0.0;0.0;0.0;0.0926647545833913;0.05197320718134382;0.0926647545833913;0.02811199165180157;0.0;0.07038469662597253;0.010194876917698917;0.07661983022451697;0.0;0.0;0.04301731671509186;0.0;0.0;0.0;0.0;0.0;0.0;0.0;0.0;0.0;0.010901518784986353;0.01328554432758263;0.029644240133941114;0.0;0.0;0.0;0.0;0.0;0.0;0.0;0.0;0.0026742237749092564;0.017472660861452403;0.05197320718134382;0.0;0.039084367195468886;0.09365523242752735;0.0;0.07536830527760911;0.05197320718134382;0.039187811115468235;0.0;0.0;0.008465391121995564;0.004422085461431739;0.0926647545833913;0.0;0.0;0.010203932787939208;0.0071432701679223;0.04633109928272434;0.0926647545833913;0.0;0.05197320718134382;0.07418608877661037;0.01891864695205164;0.01888105388734162;0.02945440419770359;0.0;0.0;0.0;0.0;0.05197320718134382;0.0;0.0;0.05197320718134382;0.03661205876314987;0.0;0.010822377535603424;0.05197320718134382;0.0;0.05038208982079265;0.0926647545833913;0.05197320718134382;0.07691422648275893;0.07821736526453642;0.0;0.007667298152432265;0.0;0.042485619384908496;0.023888165926552792;0.0926647545833913;0.004334589126298501;0.0;0.0;0.05197320718134382;0.13837622641753922;0.05197320718134382;0.0;0.0;0.0;0.0;0.01591452275163979;0.0;0.05197320718134382;0.03930126313498078;0.0;0.0926647545833913;0.05197320718134382;0.0;0.0;0.05197320718134382;0.0;0.0;0.12914901345883512;0.004512683897774373;0.0;0.0;0.0;0.0;0.0926647545833913;0.006742652780456316;0.05197320718134382;0.0037883119857789515;0.0;0.023799924187602718;0.05197320718134382;0.0;0.0;0.039187811115468235;0.0;0.0
GO:1901862;0.009274960314931108;0.1975176443403618;0.02261708446976016;0.0;0.028900264053219014;0.0016126000802902012;0.02584790028081978;0.014512104402440329;0.0926647545833913;1.0;0.17717938792241442;0.1353298543814883;0.0;0.0;0.0;0.0;0.025970087734194153;0.03399321744050389;0.07483593254660961;0.05537612650142185;0.0;0.00503549750813152;0.09843484775068445;0.0036965828264998394;0.0;0.0;0.011706691432212915;0.0612840738504301;0.06863501806665667;0.0;0.11078241665264778;0.01870256991752583;0.01309673151835547;0.010513823464703588;0.10978152335785422;0.0;0.0;0.022716154047428622;0.11078241665264778;0.0;0.012695096826715107;0.0;0.01592132021249522;0.0;0.030320999158769627;0.005025820887275304;0.11078241665264778;0.012232851829583478;0.0;0.12213173300517399;0.004056151912243635;0.0;0.01873144595815766;0.18256445760049927;0.010046458195008854;0.0;0.018258899518606993;0.0030507844279764845;0.0;0.02489867114273423;0.1361433211460418;0.0;0.0;0.0;0.12465904409825714;0.11078241665264778;0.12522304005132512;0.027522772576989506;0.0;0.07038469662597253;0.010194876917698917;0.07661983022451697;0.0;0.0;0.04301731671509186;0.0;0.0;0.0;0.0;0.0;0.0;0.0;0.0;0.0;0.010901518784986353;0.01328554432758263;0.029644240133941114;0.0;0.0;0.0;0.0;0.0;0.0;0.0;0.0;0.0026742237749092564;0.050885450984325044;0.11078241665264778;0.0;0.06968481436172225;0.031484589256357734;0.0;0.07536830527760911;0.11078241665264778;0.06825029425055588;0.0;0.0;0.008465391121995564;0.004422085461431739;0.09445908303679042;0.0;0.0;0.010203932787939208;0.0071432701679223;0.04633109928272434;0.11138236058590657;0.0;0.11078241665264778;0.07263117018050731;0.01891864695205164;0.01888105388734162;0.02883704855085104;0.0;0.0;0.0;0.0;0.07504522384066935;0.0;0.0;0.09908801506273343;0.03661205876314987;0.0;0.010822377535603424;0.09185382161404643;0.0;0.05038208982079265;0.12602666856974465;0.11078241665264778;0.04313915302698829;0.07657795229919948;0.0;0.007667298152432265;0.0;0.042485619384908496;0.023888165926552792;0.12078933316726453;0.004334589126298501;0.0;0.0;0.055301598951816175;0.13547590142044844;0.1975176443403618;0.0;0.0;0.0;0.0;0.01591452275163979;0.0;0.11078241665264778;0.03930126313498078;0.0;0.10100720486029585;0.11078241665264778;0.0;0.0;0.11078241665264778;0.0;0.0;0.04341672682048774;0.004512683897774373;0.0;0.0;0.0;0.0;0.0982116173552396;0.006742652780456316;0.11078241665264778;0.0037883119857789515;0.0;0.023799924187602718;0.08573510197347547;0.0;0.0;0.08352996965439173;0.0;0.0
GO:0045765;0.009274960314931108;0.09937522716329328;0.01268532380266494;0.0;0.0837914265800942;9.044646850939408E-4;0.02584790028081978;0.014512104402440329;0.0926647545833913;0.17717938792241442;1.0;0.1353298543814883;0.0;0.0;0.0;0.0;0.025970087734194153;0.01906589555801229;0.04197349298922266;0.05537612650142185;0.0;0.002824277217674385;0.05520949965292756;0.0036965828264998394;0.0;0.0;0.011706691432212915;0.03437261428538941;0.06863501806665667;0.0;0.09937522716329328;0.010489776242512815;0.01309673151835547;0.010513823464703588;0.09937522716329328;0.0;0.0;0.03222267493400939;0.09937522716329328;0.0;0.012695096826715107;0.0;0.01592132021249522;0.0;0.030320999158769627;0.0028188498572627963;0.09937522716329328;0.012232851829583478;0.0;0.06850045512376697;0.007231847751660943;0.0;0.01873144595815766;0.09937522716329328;0.010046458195008854;0.0;0.018258899518606993;0.0030507844279764845;0.0;0.02489867114273423;0.04674786275686857;0.0;0.0;0.0;0.06991795699535841;0.09937522716329328;0.07023428739141924;0.02740030359475652;0.0;0.03947691262534637;0.0057180365136027134;0.04297403396104125;0.0;0.0;0.04301731671509186;0.0;0.0;0.0;0.0;0.0;0.0;0.0;0.0;0.0;0.010901518784986353;0.00745151002620946;0.08594845936811221;0.0;0.0;0.0;0.0;0.0;0.0;0.0;0.0;0.0014999013047356149;0.0506590243270875;0.09937522716329328;0.0;0.06968481436172225;0.031484589256357734;0.0;0.21851765113652996;0.09937522716329328;0.06825029425055588;0.0;0.0;0.008465391121995564;0.0024802306431812816;0.2738681316726122;0.0;0.0;0.005723115711430647;0.004006471090965158;0.1343291845629709;0.3229343120244618;0.0;0.09937522716329328;0.07230798088460642;0.01891864695205164;0.01888105388734162;0.028708731391787687;0.0;0.0;0.0;0.0;0.07504522384066935;0.0;0.0;0.09908801506273343;0.02053473431174207;0.0;0.010822377535603424;0.09185382161404643;0.0;0.028257980116147188;0.07068502134816938;0.09937522716329328;0.07691422648275893;0.07623720087768716;0.0;0.004300384511771217;0.0;0.023829058938826957;0.023888165926552792;0.3502082376515884;0.0024311562656152597;0.0;0.0;0.055301598951816175;0.13487306986640907;0.17717938792241442;0.0;0.0;0.0;0.0;0.008926034411701067;0.0;0.09937522716329328;0.022043037836620708;0.0;0.05665226664241893;0.09937522716329328;0.0;0.0;0.09937522716329328;0.0;0.0;0.04341672682048774;0.0025310449071753015;0.0;0.0;0.0;0.0;0.0550842956350268;0.003781775406259269;0.09937522716329328;0.0037883119857789515;0.0;0.023799924187602718;0.08573510197347547;0.0;0.0;0.07492894594793782;0.0;0.0
GO:0046851;0.027589642570152242;0.1353298543814883;0.02261708446976016;0.0;0.028900264053219014;0.0016126000802902012;0.0768881273582088;0.04316824652710499;0.275644031995584;0.1353298543814883;0.1353298543814883;1.0;0.0;0.0;0.0;0.0;0.025970087734194153;0.03399321744050389;0.07483593254660961;0.05537612650142185;0.0;0.00503549750813152;0.09843484775068445;0.0036965828264998394;0.0;0.0;0.011706691432212915;0.0612840738504301;0.06863501806665667;0.0;0.07590293193147712;0.01870256991752583;0.01309673151835547;0.010513823464703588;0.07590293193147712;0.0;0.0;0.012740889305521773;0.07590293193147712;0.0;0.012695096826715107;0.0;0.01592132021249522;0.0;0.030320999158769627;0.005025820887275304;0.07590293193147712;0.012232851829583478;0.0;0.12213173300517399;0.007231847751660943;0.0;0.01873144595815766;0.1353298543814883;0.010046458195008854;0.0;0.018258899518606993;0.0030507844279764845;0.0;0.02489867114273423;0.1390579345449324;0.0;0.0;0.0;0.12465904409825714;0.07590293193147712;0.12522304005132512;0.02811199165180157;0.0;0.07038469662597253;0.010194876917698917;0.07661983022451697;0.0;0.0;0.04301731671509186;0.0;0.0;0.0;0.0;0.0;0.0;0.0;0.0;0.0;0.010901518784986353;0.01328554432758263;0.029644240133941114;0.0;0.0;0.0;0.0;0.0;0.0;0.0;0.0;0.0026742237749092564;0.017472660861452403;0.07590293193147712;0.0;0.039084367195468886;0.09365523242752735;0.0;0.07536830527760911;0.07590293193147712;0.057230829516879925;0.0;0.0;0.008465391121995564;0.004422085461431739;0.09445908303679042;0.0;0.0;0.010203932787939208;0.0071432701679223;0.04633109928272434;0.11138236058590657;0.0;0.07590293193147712;0.07418608877661037;0.01891864695205164;0.01888105388734162;0.02945440419770359;0.0;0.0;0.0;0.0;0.07504522384066935;0.0;0.0;0.07590293193147712;0.03661205876314987;0.0;0.010822377535603424;0.07590293193147712;0.0;0.05038208982079265;0.12602666856974465;0.07590293193147712;0.07691422648275893;0.07821736526453642;0.0;0.007667298152432265;0.0;0.042485619384908496;0.023888165926552792;0.12078933316726453;0.004334589126298501;0.0;0.0;0.055301598951816175;0.13837622641753922;0.07590293193147712;0.0;0.0;0.0;0.0;0.01591452275163979;0.0;0.07590293193147712;0.03930126313498078;0.0;0.10100720486029585;0.07590293193147712;0.0;0.0;0.07590293193147712;0.0;0.0;0.12914901345883512;0.004512683897774373;0.0;0.0;0.0;0.0;0.0982116173552396;0.006742652780456316;0.07590293193147712;0.0037883119857789515;0.0;0.023799924187602718;0.07590293193147712;0.0;0.0;0.057230829516879925;0.0;0.0
GO:0060527;0.0;0.0;0.0;0.19036447136951384;0.0;0.0;0.0;0.0;0.0;0.0;0.0;0.0;1.0;0.4795604830868348;0.19036447136951384;0.0;0.0;0.0;0.0;0.0;0.0;0.0;0.0;0.0;0.0;0.0;0.0;0.0;0.0;0.0;0.0;0.0;0.0;0.0;0.0;0.0;0.0;0.0;0.0;0.0;0.0;0.0;0.0;0.0;0.0;0.0;0.0;0.0;0.0;0.0;0.0;0.08485278082542523;0.0;0.0;0.0;0.0;0.0;0.0;0.0;0.0;0.0;0.0;0.0;0.044241165838737086;0.0;0.0;0.0;0.0;0.044241165838737086;0.0;0.0;0.0;0.044241165838737086;0.0;0.0;0.0;0.08485278082542523;0.0;0.0;0.0;0.044241165838737086;0.0;0.0;0.0;0.0;0.0;0.0;0.044241165838737086;0.044241165838737086;0.0;0.0;0.0;0.0;0.0;0.0;0.0;0.0;0.0;0.0;0.0;0.0;0.0;0.0;0.0;0.0;0.14367820351663388;0.0;0.0;0.0;0.0;0.0;0.08485278082542523;0.0;0.0;0.0;0.0;0.044241165838737086;0.0;0.0;0.0;0.0;0.0;0.0;0.0;0.0;0.0;0.0;0.0;0.0;0.0;0.0;0.0;0.0;0.0;0.0;0.0;0.0;0.0;0.0325269320903045;0.0;0.044241165838737086;0.0;0.0;0.0;0.0;0.0;0.0;0.0;0.0;0.0;0.0;0.0;0.0;0.044241165838737086;0.0;0.0;0.0;0.0;0.0;0.0;0.0;0.0;0.0;0.17737775224080538;0.0;0.0;0.044241165838737086;0.044241165838737086;0.0;0.0;0.0;0.0;0.0;0.0;0.0;0.0;0.0;0.0;0.0;0.0;0.0;0.0;0.0;0.044241165838737086;0.0;0.0
GO:0048754;0.0;0.0;0.0;0.06511534976621601;0.0;0.0;0.0;0.0;0.0;0.0;0.0;0.0;0.4795604830868348;1.0;0.06511534976621601;0.0;0.0;0.0;0.0;0.0;0.0;0.0;0.0;0.0;0.0;0.0;0.0;0.0;0.0;0.0;0.0;0.0;0.0;0.0;0.0;0.0;0.0;0.0;0.0;0.0;0.0;0.0;0.0;0.0;0.0;0.0;0.0;0.0;0.0;0.0;0.0;0.12488862798560814;0.0;0.0;0.0;0.0;0.0;0.0;0.0;0.0;0.0;0.0;0.0;0.06511534976621601;0.0;0.0;0.0;0.0;0.06511534976621601;0.0;0.0;0.0;0.06511534976621601;0.0;0.0;0.0;0.12488862798560814;0.0;0.0;0.0;0.0;0.0;0.0;0.0;0.0;0.0;0.0;0.06511534976621601;0.06511534976621601;0.0;0.0;0.0;0.0;0.0;0.0;0.0;0.0;0.0;0.0;0.0;0.0;0.0;0.0;0.0;0.0;0.21146948319285633;0.0;0.0;0.0;0.0;0.0;0.10982393510681211;0.0;0.0;0.0;0.0;0.06511534976621601;0.0;0.0;0.0;0.0;0.0;0.0;0.0;0.0;0.0;0.0;0.0;0.0;0.0;0.0;0.0;0.0;0.0;0.0;0.0;0.0;0.0;0.0325269320903045;0.0;0.06511534976621601;0.0;0.0;0.0;0.0;0.0;0.0;0.0;0.0;0.0;0.0;0.0;0.0;0.06511534976621601;0.0;0.0;0.0;0.0;0.0;0.0;0.0;0.0;0.0;0.2604002684788737;0.0;0.0;0.06511534976621601;0.06511534976621601;0.0;0.0;0.0;0.0;0.0;0.0;0.0;0.0;0.0;0.0;0.0;0.0;0.0;0.0;0.0;0.06511534976621601;0.0;0.0
GO:0008585;0.0;0.0;0.0;0.9784436693804469;0.0;0.0;0.0;0.0;0.0;0.0;0.0;0.0;0.19036447136951384;0.06511534976621601;1.0;0.0;0.0;0.0;0.0;0.0;0.0;0.0;0.0;0.0;0.0;0.0;0.0;0.0;0.0;0.0;0.0;0.0;0.0;0.0;0.0;0.0;0.0;0.0;0.0;0.0;0.0;0.0;0.0;0.0;0.0;0.0;0.0;0.0;0.0;0.0;0.0;0.06607111804024644;0.0;0.0;0.0;0.0;0.0;0.0;0.0;0.0;0.0;0.0;0.0;0.06607111804024644;0.0;0.0;0.0;0.0;0.06607111804024644;0.0;0.0;0.0;0.06607111804024644;0.0;0.0;0.0;0.06607111804024644;0.0;0.0;0.0;0.06607111804024644;0.0;0.0;0.0;0.0;0.0;0.0;0.12672175318334397;0.06607111804024644;0.0;0.0;0.0;0.0;0.0;0.0;0.0;0.0;0.0;0.0;0.0;0.0;0.0;0.0;0.0;0.0;0.06607111804024644;0.0;0.0;0.0;0.0;0.0;0.05726080959113724;0.0;0.0;0.0;0.0;0.06607111804024644;0.0;0.0;0.0;0.0;0.0;0.0;0.0;0.0;0.0;0.0;0.0;0.0;0.0;0.0;0.0;0.0;0.0;0.0;0.0;0.0;0.0;0.0;0.0;0.06607111804024644;0.0;0.0;0.0;0.0;0.0;0.0;0.0;0.0;0.0;0.0;0.0;0.0;0.06607111804024644;0.0;0.0;0.0;0.0;0.0;0.0;0.0;0.0;0.0;0.06494845783469833;0.0;0.0;0.06607111804024644;0.06607111804024644;0.0;0.0;0.0;0.0;0.0;0.0;0.0;0.0;0.0;0.0;0.0;0.0;0.0;0.0;0.0;0.0;0.0;0.0
GO:0071380;0.0;0.0;0.0;0.0;0.004780636235848622;0.0;0.0;0.0;0.0;0.0;0.0;0.0;0.0;0.0;0.0;1.0;0.0;0.0;0.0;0.0;0.004780636235848622;0.0;0.0;0.0;0.059145387461655985;0.0;0.0;0.0;0.0;0.004780636235848622;0.004780636235848622;0.0;0.004780636235848622;0.0;0.0;0.059145387461655985;0.004780636235848622;0.0;0.004780636235848622;0.004780636235848622;0.0;0.059145387461655985;0.0;0.01921248279245814;0.0;0.0;0.0;0.0;0.059145387461655985;0.0;0.0;0.0;0.0;0.0;0.0;0.004780636235848622;0.0;0.0;0.03578532928079814;0.0;0.0;0.004780636235848622;0.11491610988323739;0.004780636235848622;0.0;0.004780636235848622;0.0;0.0;0.004780636235848622;0.0;0.0;0.0;0.004780636235848622;0.004780636235848622;0.0;0.059145387461655985;0.0;0.031029821588417654;0.004780636235848622;0.01921248279245814;0.004780636235848622;0.004780636235848622;0.03578532928079814;0.004780636235848622;0.004780636235848622;0.0;0.0;0.0;0.004780636235848622;0.004780636235848622;0.004780636235848622;0.004780636235848622;0.11491610988323739;0.08767144346189212;0.004780636235848622;0.0;0.0;0.004780636235848622;0.004780636235848622;0.0;0.0;0.0;0.0;0.004780636235848622;0.0;0.0;0.004780636235848622;0.004780636235848622;0.0;0.0;0.03578532928079814;0.0;0.0;0.0;0.0;0.0;0.004780636235848622;0.004780636235848622;0.0;0.0;0.0;0.0;0.004780636235848622;0.0;0.004780636235848622;0.059145387461655985;0.0;0.004780636235848622;0.004780636235848622;0.0;0.0;0.060116957611063795;0.004780636235848622;0.0;0.004780636235848622;0.0;0.0;0.004780636235848622;0.0;0.0;0.004780636235848622;0.0;0.004780636235848622;0.0;0.0;0.0;0.0;0.11491610988323739;0.060116957611063795;0.0;0.0;0.0;0.059145387461655985;0.004780636235848622;0.0;0.01921248279245814;0.0;0.004780636235848622;0.004780636235848622;0.0;0.059145387461655985;0.0;0.0;0.0;0.0;0.004780636235848622;0.0;0.004780636235848622;0.0;0.0;0.08767144346189212;0.004780636235848622;0.060116957611063795;0.004780636235848622;0.0;0.0;0.004780636235848622;0.0;0.0;0.0;0.0;0.059145387461655985;0.004780636235848622;0.0;0.059145387461655985;0.060116957611063795
GO:0045921;0.009274960314931108;0.025970087734194153;0.02261708446976016;0.0;0.028900264053219014;0.0016126000802902012;0.014497402842510143;0.014512104402440329;0.025970087734194153;0.025970087734194153;0.025970087734194153;0.025970087734194153;0.0;0.0;0.0;0.0;1.0;0.03399321744050389;0.025970087734194153;0.13870682676033078;0.0;0.00503549750813152;0.04630293062349397;0.01974353259675029;0.0;0.0;0.28236476271643296;0.04630293062349397;0.13870682676033078;0.0;0.04630293062349397;0.01870256991752583;0.01309673151835547;0.05615456924264385;0.13870682676033078;0.0;0.0;0.06804937833716553;0.04630293062349397;0.0;0.0678047996707485;0.0;0.0850361318418878;0.0;0.04630293062349397;0.005025820887275304;0.04630293062349397;0.06533593867211791;0.0;0.04630293062349397;0.021663999227248668;0.0;0.10004507709335599;0.04630293062349397;0.2423200270375628;0.0;0.09752119585745768;0.016294308724158792;0.0;0.13298436647984044;0.04630293062349397;0.0;0.0;0.0;0.04630293062349397;0.04630293062349397;0.04630293062349397;0.009450561248887372;0.0;0.04630293062349397;0.010194876917698917;0.04630293062349397;0.0;0.0;0.13870682676033078;0.0;0.0;0.0;0.0;0.0;0.0;0.0;0.0;0.0;0.019436679350425087;0.01328554432758263;0.029644240133941114;0.0;0.0;0.0;0.0;0.0;0.0;0.0;0.0;0.0026742237749092564;0.017472660861452403;0.04630293062349397;0.0;0.13870682676033078;0.01765887243533998;0.0;0.025970087734194153;0.04630293062349397;0.019581452597850338;0.0;0.0;0.008465391121995564;0.004422085461431739;0.04630293062349397;0.0;0.0;0.010203932787939208;0.0071432701679223;0.04630293062349397;0.04630293062349397;0.0;0.04630293062349397;0.024939541263481486;0.1010449218414823;0.10084413643145626;0.009901847381277385;0.0;0.0;0.0;0.0;0.04630293062349397;0.0;0.0;0.04630293062349397;0.03661205876314987;0.0;0.019295575792472548;0.04630293062349397;0.0;0.04630293062349397;0.04630293062349397;0.04630293062349397;0.04630293062349397;0.026294757422913692;0.0;0.027626457031344857;0.0;0.042485619384908496;0.1275872352342367;0.04630293062349397;0.004334589126298501;0.0;0.0;0.13870682676033078;0.04630293062349397;0.04630293062349397;0.0;0.0;0.0;0.0;0.01591452275163979;0.0;0.04630293062349397;0.03930126313498078;0.0;0.025970087734194153;0.025970087734194153;0.0;0.0;0.04630293062349397;0.0;0.0;0.0243512924447054;0.004512683897774373;0.0;0.0;0.0;0.0;0.04630293062349397;0.006742652780456316;0.04630293062349397;0.020233460113947156;0.0;0.1271159341080005;0.04630293062349397;0.0;0.0;0.019581452597850338;0.0;0.0
