;GO:0006281;GO:0034475;GO:0007131;GO:1904851;GO:0006123;GO:0006520;GO:0051170;GO:0006637;GO:0000187;GO:0030307;GO:0071051;GO:0042182;GO:0070126;GO:0070125;GO:0034427;GO:0010971;GO:1902042;GO:1902043;GO:0000707;GO:0007186;GO:0007066;GO:0007141;GO:0090263;GO:1902600;GO:0043278;GO:0009725;GO:0000467;GO:0042148;GO:0000387;GO:0000266;GO:0006412;GO:0006406;GO:0000077;GO:0051973;GO:0006606;GO:0016042;GO:0071049;GO:0035589;GO:0043967;GO:0043968;GO:1904874;GO:0043928;GO:1904871;GO:0046952;GO:0006784;GO:0043488;GO:1904837;GO:0000398;GO:0006417;GO:0045471;GO:0000165;GO:0106074;GO:0071035;GO:0072321;GO:0032508;GO:0071034;GO:0032543;GO:0071038;GO:0035774;GO:0016579;GO:0045638;GO:0006351;GO:0090521;GO:0046325;GO:0006310;GO:0000724;GO:0045039;GO:0000722;GO:0007602;GO:0000245;GO:0034080;GO:0008535;GO:0006357;GO:0006626;GO:0048034;GO:0006429;GO:0000492;GO:0051792;GO:0051790;GO:0006508;GO:0032212
GO:0006281;1.0;0.6318235285911474;0.7389204756579685;0.0;0.276165823206832;0.4416370823008769;0.0;0.3500796400574738;0.0;0.0;0.6318236028147195;0.33973616120599714;0.17716787179033472;0.4269402158837066;0.4963834019712749;0.0;0.0;0.0;0.1469945632037512;0.19315654666792087;0.15822981900792682;0.15051811941992221;0.0;0.0;0.15862188683950548;0.20009258061094973;0.5741033590703354;0.8294132635868482;0.17223313011744928;0.18784003288203055;0.45717712288295104;0.0;0.39296067583720695;0.0;0.0;0.3164220845870758;0.0;0.16713375643815748;0.3861256181991015;0.3861256181991015;0.0;0.4963834019712749;0.0;0.29216792957553195;0.4068400101602673;0.0;0.18788106695088447;0.6582140117399343;0.0;0.17683916429379815;0.40692045860418635;0.6679256654695142;0.5154539050313647;0.0;0.18225255087842518;0.5878293891511143;0.4483675374690494;0.5154539085291483;0.0;0.47439139942038255;0.0;0.6093037668439383;0.18211474574429912;0.0;0.8294132635868482;0.92314064519483;0.09311642383435491;0.6403763403344829;0.20383711470271798;0.17223313011744928;0.1347247847719536;0.17718772596489812;0.0;0.0;0.4068400101602673;0.5943099926653205;0.16761297305165146;0.2941162092941394;0.2941162209831675;0.43008789472223774;0.0
GO:0034475;0.6318235285911474;1.0;0.632520878902251;0.0;0.2644993719620326;0.4230623420405079;0.0;0.3345212262912781;0.0;0.0;0.844541948147819;0.3250642798171343;0.16906497985090074;0.36027667644045275;0.4838312047701076;0.0;0.0;0.0;0.14137284973673814;0.18356474627472952;0.1517348785433643;0.14462906218069954;0.0;0.0;0.0;0.0;0.7697115761529709;0.707022166596623;0.16456557160548196;0.17875656712755505;0.403791443592839;0.0;0.14079502355518997;0.0;0.0;0.3011238888385696;0.0;0.1599039799761634;0.3387279509217451;0.3387279509217451;0.0;0.4838312047701076;0.0;0.2812509783987705;0.395054398266032;0.0;0.1787937281534972;0.7166715998952073;0.0;0.0;0.3563943641081518;0.7268772138029571;0.5320383637374704;0.0;0.17368912271298545;0.604576824532965;0.39625748590442367;0.5320383672556881;0.0;0.41332438772459884;0.0;0.5905922801532694;0.17356395888419351;0.0;0.707022166596623;0.5847974221948596;0.09082845740149396;0.5506779850672576;0.14357777673970007;0.16456557160548196;0.1299872787788442;0.1690830593747156;0.0;0.0;0.395054398266032;0.6492582878547773;0.16034257954605255;0.28459669679544186;0.28459670774004936;0.40988568559771327;0.0
GO:0007131;0.7389204756579685;0.632520878902251;1.0;0.0;0.2765595069818839;0.44226376042308874;0.0;0.35060590648303014;0.0;0.0;0.6325209532897562;0.34023176682062073;0.17744233771856144;0.42753210239129985;0.49678760983362824;0.0;0.0;0.0;0.29873268709837236;0.19348283240467026;0.32159735028182207;0.3059029283527156;0.0;0.0;0.0;0.0;0.5746790584985706;0.8304785567642203;0.17249250812643235;0.1881485898398397;0.4576707121502522;0.0;0.14655725623607596;0.0;0.0;0.31694174453589685;0.0;0.16737799191493297;0.3865114204923558;0.3865114204923558;0.0;0.49678760983362824;0.0;0.2925343916671893;0.40723209679050815;0.0;0.188189758844084;0.6589708684709439;0.0;0.0;0.4073489577811982;0.6687050343543899;0.5158897815864234;0.0;0.1825430100161903;0.588396330327727;0.4488422776764185;0.5158897850901251;0.0;0.4749738785783254;0.0;0.6099129086942469;0.18240476545364342;0.0;0.8773764981736848;0.7205846452205036;0.09319218593501996;0.6772097223434327;0.14957488749706194;0.17249250812643235;0.13488343925570664;0.17746225345983738;0.0;0.0;0.40723209679050815;0.5949269526766289;0.1678586121407708;0.29443405598470335;0.2944340676990094;0.43077311388386713;0.0
GO:1904851;0.0;0.0;0.0;1.0;0.0;0.0;0.0;0.0;0.13815662245976446;0.3527120937614677;0.0;0.0;0.0;0.0;0.13942916140876296;0.2711327293533723;0.18751327275496016;0.23430109104943317;0.0;0.32592271244672616;0.0;0.0;0.28541457449398966;0.0;0.0;0.0;0.0;0.0;0.0;0.0;0.0;0.0;0.2330361192775695;0.1907752294981969;0.0;0.0;0.0;0.2729314996547688;0.0;0.0;0.48974525331092544;0.13942916140876296;0.6534119798227597;0.0;0.0;0.21600612913671144;0.0;0.0;0.222118157325141;0.0;0.18601736569186048;0.15466574020456617;0.0;0.0;0.0;0.0;0.0;0.0;0.35209024194309785;0.0;0.22209706930412776;0.0;0.0;0.3306538672614769;0.0;0.0;0.0;0.1283701250202201;0.23869488653180468;0.0;0.0;0.0;0.21667498267411905;0.0;0.0;0.0;0.0;0.0;0.0;0.0;0.17540269369437742
GO:0006123;0.276165823206832;0.2644993719620326;0.2765595069818839;0.0;1.0;0.3645534426037925;0.0;0.3937924312378119;0.0;0.0;0.26449941038653196;0.37822059077575626;0.242183962729108;0.3535297853676119;0.18380619290451364;0.0;0.0;0.0;0.18911810554923544;0.2730840564950621;0.20813172290433607;0.19499081357121195;0.0;0.0;0.0;0.0;0.23525071275058249;0.32012849384058517;0.23305610979738792;0.26257696937333;0.2574118999989055;0.0;0.18808550503936058;0.0;0.0;0.26249705433453485;0.0;0.22381578627005297;0.23422525904883404;0.23422525904883404;0.0;0.18380619290451364;0.0;0.3704673702889797;0.22426409957820276;0.0;0.2626571592016498;0.2782977292223376;0.0;0.0;0.24965681578443105;0.2834450970043824;0.1920812782928064;0.0;0.2517864260925041;0.22446757122002287;0.2513364040881673;0.19208127982021628;0.0;0.30224499204152394;0.0;0.23438719403775457;0.2515234855668007;0.0;0.32012849384058517;0.25018907932659723;0.10841316083803465;0.23202123380449616;0.19308473870000983;0.23305610979738792;0.1692830045138505;0.2422210641482732;0.0;0.0;0.22426409957820276;0.24534820025753523;0.22467600216793182;0.2577162397377412;0.257716252341566;0.2516751837725966;0.0
GO:0006520;0.4416370823008769;0.4230623420405079;0.44226376042308874;0.0;0.3645534426037925;1.0;0.0;0.4703203438135875;0.0;0.0;0.42306240322992567;0.5278281250358073;0.24053831851696275;0.4225151011631654;0.2943893995939984;0.0;0.0;0.0;0.18811312305392452;0.27099350188199467;0.2069151535511963;0.19392262255275314;0.0;0.0;0.0;0.0;0.37646243597449575;0.5115676518528359;0.23153178537282224;0.2606436214000003;0.461092515878608;0.0;0.1870914383152401;0.0;0.0;0.4390248296624458;0.0;0.2224095752703376;0.4197207514384548;0.4197207514384548;0.0;0.2943893995939984;0.0;0.43387860576349385;0.35676463286511567;0.0;0.26072263452642114;0.4450306189168075;0.0;0.0;0.44725871885389623;0.4532231331347851;0.30760069620808006;0.0;0.2500081760814423;0.35927095990344887;0.45025513095982966;0.3076006986462771;0.0;0.5409975992568975;0.0;0.3750859618917339;0.24974893458084046;0.0;0.5115676518528359;0.4002683796318908;0.10808214995212398;0.3713143497327325;0.19203727308808968;0.23153178537282224;0.16847732723242834;0.2405749174015174;0.0;0.0;0.35676463286511567;0.6743428188700709;0.2232589953217847;0.5584877631991814;0.5584877903955884;0.5880742249109641;0.0
GO:0051170;0.0;0.0;0.0;0.0;0.0;0.0;1.0;0.0;0.0;0.0;0.0;0.0;0.0;0.0;0.0;0.0;0.0;0.0;0.0;0.0;0.0;0.0;0.0;0.4071464961457514;0.0;0.0;0.0;0.0;0.0;0.0;0.0;0.6511437560020249;0.0;0.0;0.5835455220342732;0.0;0.38507304410818144;0.0;0.0;0.0;0.0;0.0;0.0;0.0;0.0;0.0;0.0;0.0;0.0;0.0;0.0;0.0;0.0;0.4053391441242633;0.0;0.0;0.0;0.0;0.0;0.0;0.0;0.0;0.0;0.0;0.0;0.0;0.30787945967498037;0.0;0.0;0.0;0.0;0.0;0.0;0.4404071321885002;0.0;0.0;0.0;0.0;0.0;0.0;0.0
GO:0006637;0.3500796400574738;0.3345212262912781;0.35060590648303014;0.0;0.3937924312378119;0.4703203438135875;0.0;1.0;0.0;0.0;0.3345212774166972;0.4892946703293968;0.26230443289688726;0.45509168209298656;0.22883327381892343;0.0;0.0;0.0;0.20116787834270378;0.29894046267394053;0.222820315229026;0.2078259673297385;0.0;0.0;0.0;0.0;0.2958272930112362;0.409357098229431;0.2516303301779016;0.2863951990408743;0.3251041756513424;0.0;0.19999990662297895;0.0;0.0;0.38434309745108575;0.0;0.2408923649795112;0.2944787210414487;0.2944787210414487;0.0;0.22883327381892343;0.0;0.39635562629343474;0.3265690208842844;0.0;0.28649059929218895;0.35293049479602207;0.0;0.0;0.3653561612080058;0.35982361780303573;0.2395193347704185;0.0;0.2736059333207251;0.2816734153080155;0.31705257660962777;0.2395193367460105;0.0;0.3851190820817096;0.0;0.2946916454352617;0.2732954740582961;0.0;0.409357098229431;0.3155342298176952;0.11226817321219856;0.29158204194419635;0.20566209357794826;0.2516303301779016;0.17887362674716248;0.2623479556688509;0.0;0.0;0.3265690208842844;0.30913542515692943;0.24188914535115436;0.32550800983133055;0.3255080265565851;0.3671254600706273;0.0
GO:0000187;0.0;0.0;0.0;0.13815662245976446;0.0;0.0;0.0;0.0;1.0;0.205769271747145;0.0;0.0;0.0;0.0;0.12378364893113523;0.18272052211766385;0.21786663887035482;0.3587034566896371;0.0;0.15666636965427785;0.0;0.0;0.39559811416297846;0.0;0.0;0.0;0.0;0.0;0.0;0.0;0.0;0.0;0.13583753756185796;0.47215358925711415;0.0;0.0;0.0;0.14577812474673812;0.0;0.0;0.15681038009570905;0.12378364893113523;0.14387439518930553;0.0;0.0;0.2596415829797693;0.0;0.0;0.31354355606189166;0.0;0.12150973975984192;0.0763001459394282;0.0;0.0;0.0;0.0;0.0;0.0;0.26804936043368;0.0;0.13278654203694065;0.0;0.0;0.1151215615004552;0.0;0.0;0.0;0.06929741192492413;0.1373566118633787;0.0;0.0;0.0;0.2600312283315827;0.0;0.0;0.0;0.0;0.0;0.0;0.0;0.3255944524107268
GO:0030307;0.0;0.0;0.0;0.3527120937614677;0.0;0.0;0.0;0.0;0.205769271747145;1.0;0.0;0.0;0.0;0.0;0.15202289997800175;0.43313528604555607;0.26367952515289833;0.36691961601423306;0.0;0.5050498714583534;0.0;0.0;0.45953310838891;0.0;0.0;0.0;0.0;0.0;0.0;0.0;0.0;0.0;0.33798090951219567;0.2919573198396045;0.0;0.0;0.0;0.40704158661275175;0.0;0.0;0.5065495549030337;0.15202289997800175;0.3925388225896991;0.0;0.0;0.3096450993629241;0.0;0.0;0.3197387643325015;0.0;0.261314621792759;0.17662877267388796;0.0;0.0;0.0;0.0;0.0;0.0;0.2701863974980086;0.0;0.3197037934825612;0.0;0.0;0.31398998778014114;0.0;0.0;0.0;0.1431432194161556;0.3475443022265687;0.0;0.0;0.0;0.3107455726734788;0.0;0.0;0.0;0.0;0.0;0.0;0.0;0.30374301922528724
GO:0071051;0.6318236028147195;0.844541948147819;0.6325209532897562;0.0;0.26449941038653196;0.42306240322992567;0.0;0.3345212774166972;0.0;0.0;1.0;0.32506432809277175;0.16906500644121533;0.3602767274010438;0.48383124568529534;0.0;0.0;0.0;0.1413728683296827;0.1835647776216386;0.1517348999617629;0.14462908164000304;0.0;0.0;0.0;0.0;0.7697116558409347;0.7070222595395463;0.1645655967993079;0.17875659685380854;0.4037914884946654;0.0;0.14079504199645715;0.0;0.0;0.3011239389034727;0.0;0.1599040037628913;0.3387279858675394;0.3387279858675394;0.0;0.48383124568529534;0.0;0.28125101453789225;0.3950544376210481;0.0;0.17879375789211127;0.716671684588809;0.0;0.0;0.3563944027942119;0.726877300925857;0.5320384104137356;0.0;0.17368915077775024;0.6045768848046309;0.39625752914632106;0.5320384139319538;0.0;0.4133244397571258;0.0;0.5905923411171127;0.1735639869085248;0.0;0.7070222595395463;0.5847974857808087;0.0908284650761692;0.5506780414499336;0.1435777959171386;0.1645655967993079;0.1299872944975885;0.16908308597071756;0.0;0.0;0.3950544376210481;0.6492583573644449;0.16034260346344828;0.28459672847217043;0.2845967394167804;0.4098857518070346;0.0
GO:0042182;0.33973616120599714;0.3250642798171343;0.34023176682062073;0.0;0.37822059077575626;0.5278281250358073;0.0;0.4892946703293968;0.0;0.0;0.32506432809277175;1.0;0.25066110263494845;0.4377656704920247;0.333711687700406;0.0;0.0;0.0;0.1942479788802129;0.28391073351398716;0.21436193707303502;0.20044882822177665;0.0;0.0;0.0;0.0;0.2884073167588267;0.39528463068179825;0.2408959463571928;0.2725713016360874;0.316165062664498;0.0;0.19315876085890812;0.0;0.0;0.5479696850470829;0.0;0.23103664087967188;0.2871253999033791;0.2871253999033791;0.0;0.333711687700406;0.0;0.695747219453347;0.27468447346101343;0.0;0.2726577130925673;0.3424203956827978;0.0;0.0;0.30643973991812185;0.34890531211845005;0.34897737197237955;0.0;0.26096185485965495;0.4089269094923146;0.3085449631456397;0.34897737479206287;0.0;0.37263833533747986;0.0;0.2873278196924586;0.26067941210781587;0.0;0.39528463068179825;0.3071068232419614;0.11007966393726676;0.2843709018952945;0.1984351045197609;0.2408959463571928;0.17338158387169222;0.25070084703817813;0.0;0.0;0.27468447346101343;0.35167050150248214;0.23195337123564466;0.36978310611757553;0.36978312459470997;0.3501673572713062;0.0
GO:0070126;0.17716787179033472;0.16906497985090074;0.17744233771856144;0.0;0.242183962729108;0.24053831851696275;0.0;0.26230443289688726;0.0;0.0;0.16906500644121533;0.25066110263494845;1.0;0.23243826998600012;0.11459743302022285;0.0;0.0;0.0;0.4218674946329248;0.3151553790999745;0.3930059895921256;0.36557819962485355;0.0;0.0;0.0;0.0;0.14900778418857655;0.20824211550129335;0.5324823970272929;0.5109518032582123;0.16417118339055514;0.0;0.20712970872418454;0.0;0.0;0.0;0.0;0.2513117257558377;0.25155647315261603;0.25155647315261603;0.0;0.11459743302022285;0.0;0.20139894185811147;0.14156728266829907;0.0;0.610077278582999;0.17865499109299074;0.0;0.0;0.15884112956584265;0.18225377274124774;0.120059485945945;0.0;0.4870071786290844;0.1417046219162709;0.15999332480344775;0.12005948695667627;0.0;0.19549724148743025;0.0;0.14842114793757474;0.28678491761301156;0.0;0.20824211550129335;0.1592061313000791;0.19417443486605618;0.24901947869986368;0.21320892990128795;0.5324823970272929;0.3736293500898659;0.5562347634909295;0.0;0.0;0.14156728266829907;0.15589092275522742;0.5109733334266714;0.1643808811152591;0.16438088980043508;0.0;0.0
GO:0070125;0.4269402158837066;0.36027667644045275;0.42753210239129985;0.0;0.3535297853676119;0.4225151011631654;0.0;0.45509168209298656;0.0;0.0;0.3602767274010438;0.4377656704920247;0.23243826998600012;1.0;0.28678933572031545;0.0;0.0;0.0;0.18312248042637883;0.2607561154813363;0.20089298663221963;0.18862330978131583;0.0;0.0;0.0;0.0;0.32137232133509863;0.4927511696592043;0.22401748998226226;0.251159598433484;0.6405500037226376;0.0;0.18215414766449697;0.0;0.0;0.3370705962891523;0.0;0.21546685497163628;0.3636179260878844;0.3636179260878844;0.0;0.28678933572031545;0.0;0.3618526680110826;0.3919553269556054;0.0;0.25123296527346384;0.3785516873700421;0.0;0.0;0.3869782052357491;0.385356205337534;0.299452185156703;0.0;0.24126936969796445;0.3488095678934932;0.625810251414801;0.29945218749206465;0.0;0.4660492638500283;0.0;0.5845952872345447;0.24102792580564303;0.0;0.4927511696592043;0.3877826634504527;0.10641583931922456;0.3602755994417397;0.18683912007168266;0.22401748998226226;0.16446306662202353;0.23247244528724792;0.0;0.0;0.3919553269556054;0.3348288833816822;0.21626397683197024;0.4489204101261745;0.44892043151751193;0.4041249500093993;0.0
GO:0034427;0.4963834019712749;0.4838312047701076;0.49678760983362824;0.13942916140876296;0.18380619290451364;0.2943893995939984;0.0;0.22883327381892343;0.12378364893113523;0.15202289997800175;0.48383124568529534;0.333711687700406;0.11459743302022285;0.28678933572031545;1.0;0.13082370758425577;0.1493170426990968;0.11949818209783022;0.10116534987545195;0.20797985858240056;0.10636310929156301;0.10282191543076033;0.13489328042946053;0.0;0.0;0.0;0.45117770238128285;0.5386652300479867;0.11251228167910156;0.11896953101329359;0.3311213178926113;0.0;0.20732126071981882;0.15599876289502138;0.0;0.2799508743752922;0.0;0.1894858719379227;0.28552344355452114;0.28552344355452114;0.16403617399155018;0.9769809070845541;0.14678536736617556;0.3013133872917765;0.3036431217380134;0.22682929123637702;0.11898599007175005;0.5280797097816952;0.23066292515775697;0.0;0.35979507667978544;0.5378992438535127;0.6857578853079934;0.0;0.11670345829891778;0.7576082577519134;0.32647536948221695;0.6857578888924066;0.0993546721197155;0.33107401313964935;0.16576677624173441;0.47747880683044736;0.11664693809242939;0.1833687503788238;0.5386652300479867;0.4685753311308722;0.07235325242329352;0.4783389828807051;0.17570278918651935;0.11251228167910156;0.0951984388226904;0.11460573945177088;0.22725299608397076;0.0;0.3036431217380134;0.4628023715468434;0.11052215063069053;0.21296418646206125;0.2129641925905533;0.27543383599301313;0.14718423031315744
GO:0010971;0.0;0.0;0.0;0.2711327293533723;0.0;0.0;0.0;0.0;0.18272052211766385;0.43313528604555607;0.0;0.0;0.0;0.0;0.13082370758425577;1.0;0.21526025136010668;0.299542945177033;0.0;0.35297529997489197;0.0;0.0;0.35853234237662446;0.0;0.0;0.0;0.0;0.0;0.0;0.0;0.0;0.0;0.31368671027249856;0.24763600120545862;0.0;0.0;0.0;0.3021322953494565;0.0;0.0;0.3537071659697959;0.13082370758425577;0.29406785766553256;0.0;0.0;0.24494430910015083;0.0;0.0;0.25121776846834626;0.0;0.21368153497287593;0.14076706014280185;0.0;0.0;0.0;0.0;0.0;0.0;0.23179400306509476;0.0;0.2511961797684266;0.0;0.0;0.23525353999212892;0.0;0.0;0.0;0.11864713970374921;0.26806863307016077;0.0;0.0;0.0;0.24563242787604506;0.0;0.0;0.0;0.0;0.0;0.0;0.0;0.22892106656167496
GO:1902042;0.0;0.0;0.0;0.18751327275496016;0.0;0.0;0.0;0.0;0.21786663887035482;0.26367952515289833;0.0;0.0;0.0;0.0;0.1493170426990968;0.21526025136010668;1.0;0.5622321980075631;0.0;0.2930139518696805;0.0;0.0;0.4002524038133697;0.0;0.0;0.0;0.0;0.0;0.0;0.0;0.0;0.0;0.3168665139438133;0.1613142683400718;0.0;0.0;0.0;0.25709877214751253;0.0;0.0;0.2349032751496246;0.1493170426990968;0.20106471026603948;0.0;0.0;0.214486043799925;0.0;0.0;0.21928105395072586;0.0;0.19012820504338732;0.12369857347699838;0.0;0.0;0.0;0.0;0.0;0.0;0.2423021150003491;0.0;0.3051144921986774;0.0;0.0;0.2511540769672426;0.0;0.0;0.0;0.10628589529862605;0.23201127783687212;0.0;0.0;0.0;0.21501348626580505;0.0;0.0;0.0;0.0;0.0;0.0;0.0;0.15018452288584414
GO:1902043;0.0;0.0;0.0;0.23430109104943317;0.0;0.0;0.0;0.0;0.3587034566896371;0.36691961601423306;0.0;0.0;0.0;0.0;0.11949818209783022;0.299542945177033;0.5622321980075631;1.0;0.0;0.2930109710294253;0.0;0.0;0.6589875915612535;0.0;0.0;0.0;0.0;0.0;0.0;0.0;0.0;0.0;0.227708167210209;0.22447544882860218;0.0;0.0;0.0;0.25709647725341156;0.0;0.0;0.29351511868526925;0.11949818209783022;0.25123369988459315;0.0;0.0;0.21448444659233803;0.0;0.0;0.21927938453140833;0.0;0.19012695000574845;0.12369767525587809;0.0;0.0;0.0;0.0;0.0;0.0;0.3889860527213298;0.0;0.2192629360376367;0.0;0.0;0.20099748138716492;0.0;0.0;0.0;0.10628523215806202;0.2320094089577395;0.0;0.0;0.0;0.215011881193205;0.0;0.0;0.0;0.0;0.0;0.0;0.0;0.20898803035706356
GO:0000707;0.1469945632037512;0.14137284973673814;0.29873268709837236;0.0;0.18911810554923544;0.18811312305392452;0.0;0.20116787834270378;0.0;0.0;0.1413728683296827;0.1942479788802129;0.4218674946329248;0.18312248042637883;0.10116534987545195;0.0;0.0;0.0;1.0;0.23085909838054336;0.4979161229662302;0.5260703579668108;0.0;0.0;0.0;0.0;0.1270701757210144;0.1677652202847213;0.6040738337132909;0.3787567104408369;0.13793462216480062;0.0;0.16704248122180346;0.0;0.0;0.0;0.0;0.19463847344445395;0.2146689285368174;0.2146689285368174;0.0;0.10116534987545195;0.0;0.16329522339086688;0.12161917738805393;0.0;0.5974754268157194;0.14801681531636515;0.0;0.0;0.13415243049178943;0.1504785974003809;0.10539836882307749;0.0;0.36543786393944017;0.12172052502613627;0.1349733637722991;0.10539836960202918;0.0;0.15939378982295363;0.0;0.12664331121818065;0.2152601271748966;0.0;0.1677652202847213;0.13441269263306205;0.17143560389473866;0.2128186818368506;0.1709739704402196;0.6040738337132909;0.5539841683024179;0.6245131719678635;0.0;0.0;0.12161917738805393;0.13204196052598063;0.5851939394171872;0.1380826208293194;0.1380826269578175;0.0;0.0
GO:0007186;0.19315654666792087;0.18356474627472952;0.19348283240467026;0.32592271244672616;0.2730840564950621;0.27099350188199467;0.0;0.29894046267394053;0.15666636965427785;0.5050498714583534;0.1835647776216386;0.28391073351398716;0.3151553790999745;0.2607561154813363;0.20797985858240056;0.35297529997489197;0.2930139518696805;0.2930109710294253;0.23085909838054336;1.0;0.25983507875684536;0.23967066281319455;0.3775716049578685;0.0;0.0;0.0;0.16015779003038394;0.23068656399140403;0.2998718655694019;0.35058779502621434;0.17780981264478177;0.0;0.47133726540304144;0.22796701180402118;0.0;0.0;0.0;0.7704710722326953;0.15935330539648346;0.15935330539648346;0.5019254905584928;0.20797985858240056;0.36916996099882227;0.22231841235233327;0.15159410402518128;0.3508983778981445;0.350730764745546;0.19492553042760216;0.36391725075770637;0.0;0.40856009778226265;0.2718434714738346;0.12719429200792134;0.0;0.3316127680109612;0.1517515977796758;0.17291930273147763;0.1271942931423521;0.20961487713844476;0.2151488315685165;0.36387194907583786;0.15948027459181627;0.33115682388696693;0.3689492894317605;0.23068656399140403;0.17200014059458094;0.12094943629041861;0.21509200633316733;0.5638725767522715;0.2998718655694019;0.20197070866510453;0.3152182094175853;0.3523122805064314;0.0;0.15159410402518128;0.1681371580948411;0.28613948203979306;0.17805582527060104;0.1780558354609344;0.0;0.2063559424868567
GO:0007066;0.15822981900792682;0.1517348785433643;0.32159735028182207;0.0;0.20813172290433607;0.2069151535511963;0.0;0.222820315229026;0.0;0.0;0.1517348999617629;0.21436193707303502;0.3930059895921256;0.20089298663221963;0.10636310929156301;0.0;0.0;0.0;0.4979161229662302;0.25983507875684536;1.0;0.6363235159819485;0.0;0.0;0.0;0.0;0.13537999310042317;0.18255971889148787;0.3788113843336279;0.5067385240222189;0.14778121266975686;0.0;0.18170421375446646;0.0;0.0;0.0;0.0;0.21483758732779917;0.2286476571598837;0.2286476571598837;0.0;0.10636310929156301;0.0;0.1772789880624643;0.12921005026669477;0.0;0.42467584866877295;0.15941494096047207;0.0;0.0;0.14344823806686804;0.16227412502815375;0.11105235886146132;0.0;0.5653365725827242;0.12932444991479616;0.14438728089822528;0.11105235972622675;0.0;0.17269013520762963;0.0;0.13489557946489567;0.24024077355176124;0.0;0.18255971889148787;0.14374585849098215;0.21512598816326606;0.31399950370154195;0.18636577415686378;0.3788113843336279;0.27833008276024424;0.3930635910649379;0.0;0.0;0.12921005026669477;0.14103778126818786;0.36573870148934073;0.14795110858411964;0.14795111561990304;0.0;0.0
GO:0007141;0.15051811941992221;0.14462906218069954;0.3059029283527156;0.0;0.19499081357121195;0.19392262255275314;0.0;0.2078259673297385;0.0;0.0;0.14462908164000304;0.20044882822177665;0.36557819962485355;0.18862330978131583;0.10282191543076033;0.0;0.0;0.0;0.5260703579668108;0.23967066281319455;0.6363235159819485;1.0;0.0;0.0;0.0;0.0;0.12969473956094854;0.1723705000924044;0.3532646956437417;0.5443164809765837;0.14103264117166903;0.0;0.17160762718347822;0.0;0.0;0.0;0.0;0.20086467839801372;0.21908474323383756;0.21908474323383756;0.0;0.10282191543076033;0.0;0.1676551742225626;0.1240212679555942;0.0;0.3928285932351606;0.15159014572701568;0.0;0.0;0.13708107870537606;0.15417326135121992;0.10719769747651613;0.0;0.4516784544502108;0.12412666028196233;0.1379383609319622;0.10719769828229088;0.0;0.16354524612186735;0.0;0.12925009050868685;0.22290143337393098;0.0;0.1723705000924044;0.1373528398282721;0.20797027809808744;0.259196106908674;0.17575961272830495;0.3532646956437417;0.2642874651343054;0.3656280411572785;0.0;0.0;0.1240212679555942;0.13487821319194296;0.3418692564331576;0.14118736633927217;0.14118737274646345;0.0;0.0
GO:0090263;0.0;0.0;0.0;0.28541457449398966;0.0;0.0;0.0;0.0;0.39559811416297846;0.45953310838891;0.0;0.0;0.0;0.0;0.13489328042946053;0.35853234237662446;0.4002524038133697;0.6589875915612535;0.0;0.3775716049578685;0.0;0.0;1.0;0.0;0.0;0.0;0.0;0.0;0.0;0.0;0.0;0.0;0.2756910447801845;0.2560452706922964;0.0;0.0;0.0;0.31997407493005553;0.0;0.0;0.3784091426114518;0.13489328042946053;0.31094329273702576;0.0;0.0;0.2565414553878859;0.0;0.0;0.2634313795669304;0.0;0.22245424805799732;0.14723442161850359;0.0;0.0;0.0;0.0;0.0;0.0;0.44008162714708277;0.0;0.26340764075495016;0.0;0.0;0.2487484045003875;0.0;0.0;0.0;0.123208721468751;0.28202119557142313;0.0;0.0;0.0;0.2572963765117358;0.0;0.0;0.0;0.0;0.0;0.0;0.0;0.23608891963722148
GO:1902600;0.0;0.0;0.0;0.0;0.0;0.0;0.4071464961457514;0.0;0.0;0.0;0.0;0.0;0.0;0.0;0.0;0.0;0.0;0.0;0.0;0.0;0.0;0.0;0.0;1.0;0.0;0.0;0.0;0.0;0.0;0.0;0.0;0.30065160026829346;0.0;0.0;0.24959399479096;0.0;0.2517320410833975;0.0;0.0;0.0;0.0;0.0;0.0;0.0;0.0;0.0;0.0;0.0;0.0;0.0;0.0;0.0;0.0;0.36353736506947154;0.0;0.0;0.0;0.0;0.0;0.0;0.0;0.0;0.0;0.0;0.0;0.0;0.21867732802504128;0.0;0.0;0.0;0.0;0.0;0.0;0.25558744077978485;0.0;0.0;0.0;0.0;0.0;0.0;0.0
GO:0043278;0.15862188683950548;0.0;0.0;0.0;0.0;0.0;0.0;0.0;0.0;0.0;0.0;0.0;0.0;0.0;0.0;0.0;0.0;0.0;0.0;0.0;0.0;0.0;0.0;0.0;1.0;0.45938562389048687;0.0;0.0;0.0;0.0;0.0;0.0;0.1822214324599261;0.0;0.0;0.0;0.0;0.0;0.0;0.0;0.0;0.0;0.0;0.0;0.0;0.0;0.0;0.0;0.0;0.46702674785180864;0.0;0.0;0.0;0.0;0.0;0.0;0.0;0.0;0.0;0.0;0.0;0.0;0.0;0.0;0.0;0.14406936031716475;0.0;0.0;0.18690991115521488;0.0;0.0;0.0;0.0;0.0;0.0;0.0;0.0;0.0;0.0;0.0;0.0
GO:0009725;0.20009258061094973;0.0;0.0;0.0;0.0;0.0;0.0;0.0;0.0;0.0;0.0;0.0;0.0;0.0;0.0;0.0;0.0;0.0;0.0;0.0;0.0;0.0;0.0;0.0;0.45938562389048687;1.0;0.0;0.0;0.0;0.0;0.0;0.0;0.23916493323049837;0.0;0.0;0.0;0.0;0.0;0.0;0.0;0.0;0.0;0.0;0.0;0.0;0.0;0.0;0.0;0.0;0.5586993978543924;0.0;0.0;0.0;0.0;0.0;0.0;0.0;0.0;0.0;0.0;0.0;0.0;0.0;0.0;0.0;0.17747843261529134;0.0;0.0;0.2473069886041633;0.0;0.0;0.0;0.0;0.0;0.0;0.0;0.0;0.0;0.0;0.0;0.0
GO:0000467;0.5741033590703354;0.7697115761529709;0.5746790584985706;0.0;0.23525071275058249;0.37646243597449575;0.0;0.2958272930112362;0.0;0.0;0.7697116558409347;0.2884073167588267;0.14900778418857655;0.32137232133509863;0.45117770238128285;0.0;0.0;0.0;0.1270701757210144;0.16015779003038394;0.13537999310042317;0.12969473956094854;0.0;0.0;0.0;0.0;1.0;0.6355222544040846;0.1455015624838744;0.1564853797697421;0.36870219457417536;0.0;0.12660315938426217;0.0;0.0;0.2636138264053393;0.0;0.1418454542103964;0.3112464907768515;0.3112464907768515;0.0;0.45117770238128285;0.0;0.2533860632541337;0.364018908865152;0.0;0.15651385714590882;0.6508452738941861;0.0;0.0;0.32609973888870497;0.6592512196354259;0.5228696658291686;0.0;0.1525882118579669;0.5570491387345551;0.36241053634561815;0.49488096312979135;0.0;0.3731241437891573;0.0;0.5426523171284278;0.15249160374787002;0.0;0.6355222544040846;0.5350111092185296;0.08470313410559499;0.5063112934867419;0.12884872015251966;0.1455015624838744;0.11779626123988705;0.14902182822919932;0.0;0.0;0.364018908865152;0.5947625217468073;0.1421904755769963;0.259844411349134;0.2598444204727551;0.360103378960491;0.0
GO:0042148;0.8294132635868482;0.707022166596623;0.8304785567642203;0.0;0.32012849384058517;0.5115676518528359;0.0;0.409357098229431;0.0;0.0;0.7070222595395463;0.39528463068179825;0.20824211550129335;0.4927511696592043;0.5386652300479867;0.0;0.0;0.0;0.1677652202847213;0.23068656399140403;0.18255971889148787;0.1723705000924044;0.0;0.0;0.0;0.0;0.6355222544040846;1.0;0.20145765827585518;0.22314369983260515;0.5102668854213134;0.0;0.1669521318210879;0.0;0.0;0.3758767723209915;0.0;0.1945158171086397;0.42726949100927336;0.42726949100927336;0.0;0.5386652300479867;0.0;0.33233067223573565;0.4484983220468767;0.0;0.22320161007224926;0.7402334901265407;0.0;0.0;0.4528790165061521;0.7525388865883753;0.5611966778482429;0.0;0.215302403376027;0.6480702152398673;0.49931697577782125;0.561196681994378;0.0;0.5380461804178658;0.0;0.6742695986009357;0.21511011351836754;0.0;0.9465475294732815;0.7584512645434676;0.10104089926771553;0.7080241788384884;0.17087931929402286;0.20145765827585518;0.1519692732848735;0.20826954561259764;0.0;0.0;0.4484983220468767;0.6603772513102225;0.19516522478805148;0.3283071284628475;0.32830714302753294;0.5080509793860842;0.0
GO:0000387;0.17223313011744928;0.16456557160548196;0.17249250812643235;0.0;0.23305610979738792;0.23153178537282224;0.0;0.2516303301779016;0.0;0.0;0.1645655967993079;0.2408959463571928;0.5324823970272929;0.22401748998226226;0.11251228167910156;0.0;0.0;0.0;0.6040738337132909;0.2998718655694019;0.3788113843336279;0.3532646956437417;0.0;0.0;0.0;0.0;0.1455015624838744;0.20145765827585518;1.0;0.4872160691732755;0.1599252161864397;0.0;0.2004163731981369;0.0;0.0;0.0;0.0;0.24149680272989474;0.2456642579504923;0.2456642579504923;0.0;0.11251228167910156;0.0;0.19504625340782558;0.13839875260567877;0.0;0.768623422995082;0.17363823174812967;0.0;0.0;0.15486304937394627;0.17703581658212125;0.11777281178930307;0.0;0.4653969185139756;0.13853001000489173;0.15595805629975723;0.11777281276189987;0.0;0.18950587250671388;0.0;0.14494215724196519;0.27407372023228715;0.0;0.20145765827585518;0.15520997758349328;0.19064489287166975;0.2432441481151496;0.20610250104551106;0.919240120152114;0.5370032361975791;0.7882896134362122;0.0;0.0;0.13839875260567877;0.15205745938487802;0.8835645743553106;0.16012420075922837;0.1601242090004191;0.0;0.0
GO:0000266;0.18784003288203055;0.17875656712755505;0.1881485898398397;0.0;0.26257696937333;0.2606436214000003;0.0;0.2863951990408743;0.0;0.0;0.17875659685380854;0.2725713016360874;0.5109518032582123;0.251159598433484;0.11896953101329359;0.0;0.0;0.0;0.3787567104408369;0.35058779502621434;0.5067385240222189;0.5443164809765837;0.0;0.0;0.0;0.0;0.1564853797697421;0.22314369983260515;0.4872160691732755;1.0;0.17329468204888684;0.0;0.22186687956023754;0.0;0.0;0.0;0.0;0.2733408118743236;0.26411826367438046;0.26411826367438046;0.0;0.11896953101329359;0.0;0.21530453814380554;0.14829988492434576;0.0;0.5658097797734277;0.18951255485046695;0.0;0.0;0.1673664480975507;0.19356701613921026;0.12486703273054042;0.0;0.6402348355180013;0.1484506048039878;0.16864614186631083;0.12486703382383785;0.0;0.20857335586849207;0.0;0.1558385161506503;0.315831202275786;0.0;0.22314369983260515;0.1677717320049009;0.2793838436634048;0.31191076542447643;0.2288565380812449;0.4872160691732755;0.3327236056813891;0.5110491708044228;0.0;0.0;0.14829988492434576;0.1640943176537676;0.4658022576091736;0.17352835108176895;0.17352836076046602;0.0;0.0
GO:0006412;0.45717712288295104;0.403791443592839;0.4576707121502522;0.0;0.2574118999989055;0.461092515878608;0.0;0.3251041756513424;0.0;0.0;0.4037914884946654;0.316165062664498;0.16417118339055514;0.6405500037226376;0.3311213178926113;0.0;0.0;0.0;0.13793462216480062;0.17780981264478177;0.14778121266975686;0.14103264117166903;0.0;0.0;0.0;0.0;0.36870219457417536;0.5102668854213134;0.1599252161864397;0.17329468204888684;1.0;0.0;0.13738450532091992;0.0;0.0;0.29192493348323384;0.0;0.1555192903594429;0.47252647402296394;0.47252647402296394;0.0;0.3311213178926113;0.0;0.27456435483446295;0.489939848332897;0.0;0.17332960664532576;0.4197209266399375;0.0;0.0;0.49667437099697453;0.42556511358260646;0.34331533368931844;0.0;0.16852804819876196;0.3892551514831805;0.98172003637478;0.3433153359224331;0.0;0.574163696824406;0.0;0.6154038600698258;0.1684102096790311;0.0;0.5102668854213133;0.42383687926776853;0.08939679959283502;0.3995792622437776;0.1400328085687467;0.1599252161864397;0.12707484697969454;0.1641882313414831;0.0;0.0;0.489939848332897;0.417785848939137;0.15593413503791012;0.3949429903868612;0.3949430052612246;0.506745185572774;0.0
GO:0006406;0.0;0.0;0.0;0.0;0.0;0.0;0.6511437560020249;0.0;0.0;0.0;0.0;0.0;0.0;0.0;0.0;0.0;0.0;0.0;0.0;0.0;0.0;0.0;0.0;0.30065160026829346;0.0;0.0;0.0;0.0;0.0;0.0;0.0;1.0;0.0;0.0;0.5172005859599362;0.0;0.2712927096486638;0.0;0.0;0.0;0.0;0.0;0.0;0.0;0.0;0.0;0.0;0.0;0.0;0.0;0.0;0.0;0.0;0.41783748923250186;0.0;0.0;0.0;0.0;0.0;0.0;0.0;0.0;0.0;0.0;0.0;0.0;0.32875031378548336;0.0;0.0;0.0;0.0;0.0;0.0;0.44289640634030686;0.0;0.0;0.0;0.0;0.0;0.0;0.0
GO:0000077;0.39296067583720695;0.14079502355518997;0.14655725623607596;0.2330361192775695;0.18808550503936058;0.1870914383152401;0.0;0.19999990662297895;0.13583753756185796;0.33798090951219567;0.14079504199645715;0.19315876085890812;0.20712970872418454;0.18215414766449697;0.20732126071981882;0.31368671027249856;0.3168665139438133;0.227708167210209;0.16704248122180346;0.47133726540304144;0.18170421375446646;0.17160762718347822;0.2756910447801845;0.0;0.1822214324599261;0.23916493323049837;0.12660315938426217;0.1669521318210879;0.2004163731981369;0.22186687956023754;0.13738450532091992;0.0;1.0;0.18638133580932073;0.0;0.0;0.0;0.39780232780319313;0.12609992768437794;0.12609992768437794;0.3110133758326676;0.20732126071981885;0.2543398225251807;0.16252478665138795;0.12119130189628416;0.2611939604510599;0.22192412889025884;0.14738352348014083;0.26833953535777144;0.20668056202236418;0.27466045196696526;0.20444338251113403;0.1050768659196838;0.0;0.21411350263323314;0.12129193737972847;0.13444656871315466;0.10507686669389057;0.17393124541447247;0.15865964494415685;0.37336972619578745;0.12617942156273146;0.21392332962502156;0.3176737080622728;0.1669521318210879;0.3594562850273878;0.1007782858966106;0.1705927018818625;0.41169740237346214;0.2004163731981369;0.15137598546194167;0.20715684654177943;0.26197655335950365;0.0;0.12119130189628416;0.13153775651854113;0.19418781412240163;0.1375313252018529;0.13753133128151257;0.0;0.17168147801411215
GO:0051973;0.0;0.0;0.0;0.1907752294981969;0.0;0.0;0.0;0.0;0.47215358925711415;0.2919573198396045;0.0;0.0;0.0;0.0;0.15599876289502138;0.24763600120545862;0.1613142683400718;0.22447544882860218;0.0;0.22796701180402118;0.0;0.0;0.2560452706922964;0.0;0.0;0.0;0.0;0.0;0.0;0.0;0.0;0.0;0.18638133580932073;1.0;0.0;0.0;0.0;0.20561964519666312;0.0;0.0;0.22827205978748408;0.15599876289502138;0.20185236578736163;0.0;0.0;0.38525938755487976;0.0;0.0;0.4967584212356385;0.0;0.16042604752669434;0.10276805822709731;0.0;0.0;0.0;0.0;0.0;0.0;0.18414218497519594;0.0;0.1806850426553998;0.0;0.0;0.16150068326389588;0.0;0.0;0.0;0.09045624663019639;0.18925314225531154;0.0;0.0;0.0;0.5224817471243461;0.0;0.0;0.0;0.0;0.0;0.0;0.0;0.7340041393670508
GO:0006606;0.0;0.0;0.0;0.0;0.0;0.0;0.5835455220342732;0.0;0.0;0.0;0.0;0.0;0.0;0.0;0.0;0.0;0.0;0.0;0.0;0.0;0.0;0.0;0.0;0.24959399479096;0.0;0.0;0.0;0.0;0.0;0.0;0.0;0.5172005859599362;0.0;0.0;1.0;0.0;0.33070310350618365;0.0;0.0;0.0;0.0;0.0;0.0;0.0;0.0;0.0;0.0;0.0;0.0;0.0;0.0;0.0;0.0;0.6400708119177452;0.0;0.0;0.0;0.0;0.0;0.0;0.0;0.0;0.0;0.0;0.0;0.0;0.6406078087961403;0.0;0.0;0.0;0.0;0.0;0.0;0.7970828950899224;0.0;0.0;0.0;0.0;0.0;0.0;0.0
GO:0016042;0.3164220845870758;0.3011238888385696;0.31694174453589685;0.0;0.26249705433453485;0.4390248296624458;0.0;0.38434309745108575;0.0;0.0;0.3011239389034727;0.5479696850470829;0.0;0.3370705962891523;0.2799508743752922;0.0;0.0;0.0;0.0;0.0;0.0;0.0;0.0;0.0;0.0;0.0;0.2636138264053393;0.3758767723209915;0.0;0.0;0.29192493348323384;0.0;0.0;0.0;0.0;1.0;0.0;0.0;0.26232012159326795;0.26232012159326795;0.0;0.2799508743752922;0.0;0.4328709253835824;0.1990506889357711;0.0;0.0;0.31923887832429093;0.0;0.0;0.2819404173854669;0.3260671924300984;0.29382645879520713;0.0;0.0;0.34931176044314205;0.2840957290669209;0.293826461367489;0.0;0.3513395356531832;0.0;0.26252432278017857;0.0;0.0;0.3758767723209915;0.2826230135241351;0.0;0.25954435895377964;0.0;0.0;0.0;0.0;0.0;0.0;0.1990506889357711;0.2764293346924218;0.0;0.3489369104222787;0.3489369298806282;0.5323508363125109;0.0
GO:0071049;0.0;0.0;0.0;0.0;0.0;0.0;0.38507304410818144;0.0;0.0;0.0;0.0;0.0;0.0;0.0;0.0;0.0;0.0;0.0;0.0;0.0;0.0;0.0;0.0;0.2517320410833975;0.0;0.0;0.0;0.0;0.0;0.0;0.0;0.2712927096486638;0.0;0.0;0.33070310350618365;0.0;1.0;0.0;0.0;0.0;0.0;0.0;0.0;0.0;0.0;0.0;0.0;0.0;0.0;0.0;0.0;0.0;0.0;0.3371817813573488;0.0;0.0;0.0;0.0;0.0;0.0;0.0;0.0;0.0;0.0;0.0;0.0;0.2353719869040315;0.0;0.0;0.0;0.0;0.0;0.0;0.3395027998824498;0.0;0.0;0.0;0.0;0.0;0.0;0.0
GO:0035589;0.16713375643815748;0.1599039799761634;0.16737799191493297;0.2729314996547688;0.22381578627005297;0.2224095752703376;0.0;0.2408923649795112;0.14577812474673812;0.40704158661275175;0.1599040037628913;0.23103664087967188;0.2513117257558377;0.21546685497163628;0.1894858719379227;0.3021322953494565;0.25709877214751253;0.25709647725341156;0.19463847344445395;0.7704710722326953;0.21483758732779917;0.20086467839801372;0.31997407493005553;0.0;0.0;0.0;0.1418454542103964;0.1945158171086397;0.24149680272989474;0.2733408118743236;0.1555192903594429;0.0;0.39780232780319313;0.20561964519666312;0.0;0.0;0.0;1.0;0.1412140580084506;0.1412140580084506;0.3863930126601474;0.1894858719379227;0.3026185241631797;0.18853208688174639;0.1350868227344964;0.3006093156615423;0.27342771200266197;0.16845656747663224;0.31011344668980745;0.0;0.358920275344437;0.2342294839397239;0.11536590924315877;0.0;0.26166712579870144;0.13521187039208707;0.15176514359737836;0.1153659101764082;0.19057047031037735;0.18335068649100408;0.310080549543307;0.14131375744266103;0.2613831551648705;0.3024702274631474;0.1945158171086397;0.15105665681174907;0.11020496017519135;0.19084322462826125;0.4734929105743739;0.24149680272989474;0.1736926223598937;0.2513516767666965;0.30164639247389713;0.0;0.1350868227344964;0.14806897613514228;0.23251039388575845;0.15570745549561316;0.1557074632884365;0.0;0.18787300078340605
GO:0043967;0.3861256181991015;0.3387279509217451;0.3865114204923558;0.0;0.23422525904883404;0.4197207514384548;0.0;0.2944787210414487;0.0;0.0;0.3387279858675394;0.2871253999033791;0.25155647315261603;0.3636179260878844;0.28552344355452114;0.0;0.0;0.0;0.2146689285368174;0.15935330539648346;0.2286476571598837;0.21908474323383756;0.0;0.0;0.0;0.0;0.3112464907768515;0.42726949100927336;0.2456642579504923;0.26411826367438046;0.47252647402296394;0.0;0.12609992768437794;0.0;0.0;0.26232012159326795;0.0;0.1412140580084506;1.0;0.9677027987700777;0.0;0.28552344355452114;0.0;0.25239603583088593;0.26603945213385194;0.0;0.2641660922318617;0.35109017834380996;0.0;0.0;0.5653629143857413;0.35560801732611147;0.2954391105117087;0.0;0.2575720540404136;0.33243775255059455;0.46449029980804046;0.2954391123239096;0.0;0.6465769425823256;0.0;0.3432268246784442;0.15176211614620208;0.0;0.42726949100927336;0.3599216038428187;0.1432857824267669;0.41089626119515643;0.12832751523592428;0.2456642579504923;0.23759445715823269;0.25158007159481055;0.0;0.0;0.26603945213385194;0.3551818058544932;0.24009877692216103;0.2589527355802732;0.25895274464138496;0.4566329593233329;0.0
GO:0043968;0.3861256181991015;0.3387279509217451;0.3865114204923558;0.0;0.23422525904883404;0.4197207514384548;0.0;0.2944787210414487;0.0;0.0;0.3387279858675394;0.2871253999033791;0.25155647315261603;0.3636179260878844;0.28552344355452114;0.0;0.0;0.0;0.2146689285368174;0.15935330539648346;0.2286476571598837;0.21908474323383756;0.0;0.0;0.0;0.0;0.3112464907768515;0.42726949100927336;0.2456642579504923;0.26411826367438046;0.47252647402296394;0.0;0.12609992768437794;0.0;0.0;0.26232012159326795;0.0;0.1412140580084506;0.9677027987700777;1.0;0.0;0.28552344355452114;0.0;0.25239603583088593;0.26603945213385194;0.0;0.2641660922318617;0.35109017834380996;0.0;0.0;0.5653629143857413;0.35560801732611147;0.2954391105117087;0.0;0.2575720540404136;0.33243775255059455;0.46449029980804046;0.2954391123239096;0.0;0.6465769425823256;0.0;0.3432268246784442;0.15176211614620208;0.0;0.42726949100927336;0.3599216038428187;0.1432857824267669;0.41089626119515643;0.12832751523592428;0.2456642579504923;0.23759445715823269;0.25158007159481055;0.0;0.0;0.26603945213385194;0.3551818058544932;0.24009877692216103;0.2589527355802732;0.25895274464138496;0.4566329593233329;0.0
GO:1904874;0.0;0.0;0.0;0.48974525331092544;0.0;0.0;0.0;0.0;0.15681038009570905;0.5065495549030337;0.0;0.0;0.0;0.0;0.16403617399155018;0.3537071659697959;0.2349032751496246;0.29351511868526925;0.0;0.5019254905584928;0.0;0.0;0.3784091426114518;0.0;0.0;0.0;0.0;0.0;0.0;0.0;0.0;0.0;0.3110133758326676;0.22827205978748408;0.0;0.0;0.0;0.3863930126601474;0.0;0.0;1.0;0.16403617399155018;0.554906598103041;0.0;0.0;0.28140368145363315;0.0;0.0;0.29186651358400145;0.0;0.232560427767159;0.19961167143859598;0.0;0.0;0.0;0.0;0.0;0.0;0.2517838262085178;0.0;0.29183010336465587;0.0;0.0;0.4622615288612867;0.0;0.0;0.0;0.15787448836273696;0.321175317709601;0.0;0.0;0.0;0.2825399101694026;0.0;0.0;0.0;0.0;0.0;0.0;0.0;0.20660586364061018
