;GO:0006281;GO:0034475;GO:0007131;GO:1904851;GO:0006123;GO:0006520;GO:0051170;GO:0006637;GO:0000187;GO:0030307;GO:0071051;GO:0042182;GO:0070126;GO:0070125;GO:0034427;GO:0010971;GO:1902042;GO:1902043;GO:0000707;GO:0007186;GO:0007066;GO:0007141;GO:0090263;GO:1902600;GO:0043278;GO:0009725;GO:0000467;GO:0042148;GO:0000387;GO:0000266;GO:0006412;GO:0006406;GO:0000077;GO:0051973;GO:0006606;GO:0016042;GO:0071049;GO:0035589;GO:0043967;GO:0043968;GO:1904874;GO:0043928;GO:1904871;GO:0046952;GO:0006784;GO:0043488;GO:1904837;GO:0000398;GO:0006417;GO:0045471;GO:0000165;GO:0106074;GO:0071035;GO:0072321;GO:0032508;GO:0071034;GO:0032543;GO:0071038;GO:0035774;GO:0016579;GO:0045638;GO:0006351;GO:0090521;GO:0046325;GO:0006310;GO:0000724;GO:0045039;GO:0000722;GO:0007602;GO:0000245;GO:0034080;GO:0008535;GO:0006357;GO:0006626;GO:0048034;GO:0006429;GO:0000492;GO:0051792;GO:0051790;GO:0006508;GO:0032212
GO:0006281;1.0;0.6728398181123175;0.7755360357049532;0.0;0.2978931565588663;0.47488135374799245;0.0;0.37638075132264237;0.0;0.0;0.6733150995366878;0.36615694707510466;0.17584072474493598;0.45419335095187624;0.5305305185257045;0.0;0.0;0.0;0.14935443032744203;0.18162220859262218;0.16000194794829706;0.15330530525104882;0.0;0.0;0.13908371552094775;0.16972414712887893;0.6205274276985552;0.8520710791752775;0.17063598544916228;0.18484154984445603;0.4929379865570942;0.0;0.36730690210718475;0.0;0.0;0.3198391643995608;0.0;0.1613165393539531;0.426859560127692;0.4269456843725627;0.0;0.5304542648073661;0.0;0.32278259093408845;0.4413270659357811;0.0;0.18396314312537768;0.6941914559714046;0.0;0.15269186362979653;0.43303999723463404;0.6981700087704716;0.5667915545607795;0.0;0.1802158822854674;0.6335119939984651;0.4851380144234123;0.5668891467285249;0.0;0.5096991623321535;0.0;0.6364942254720125;0.18209685773398987;0.0;0.8513727722100985;0.9354916936420267;0.09767311366944137;0.6755177365165409;0.1987713892799142;0.17064867530202682;0.13826671900086332;0.1749432108835916;0.0;0.0;0.4413742932768078;0.6350852651035901;0.16689380983733856;0.3274220892247004;0.32743969290074726;0.4397927965899279;0.0
GO:0034475;0.6728398181123175;1.0;0.6802021177064529;0.0;0.2908947760128871;0.46419094179833786;0.0;0.367275325264924;0.0;0.0;0.8702262455330697;0.35753380572312765;0.17138064131830433;0.39044670052985325;0.5201472557573398;0.0;0.0;0.0;0.1461244290756977;0.1768679814675798;0.1563007019397344;0.14990410299996282;0.0;0.0;0.0;0.0;0.8031262674403802;0.7459754486750637;0.1664328684738607;0.17991957078914556;0.4420440421588756;0.0;0.1395925617558061;0.0;0.0;0.31139895741636947;0.0;0.15755493883428484;0.37982130492726784;0.3798966845900913;0.0;0.520073486503959;0.0;0.31606266606496036;0.43426119662919976;0.0;0.17908721650451953;0.7580718036504488;0.0;0.0;0.3852294274642208;0.7616465124513019;0.5825191202124439;0.0;0.17553404646144782;0.6500070223300479;0.4351685402126793;0.5826179993211759;0.0;0.45209686552174616;0.0;0.622387289303197;0.17731807577946493;0.0;0.7453764087532135;0.6301753859565558;0.09628130747377199;0.593886921199778;0.14387423009487646;0.1664449408494312;0.13549403993760953;0.17052796934076608;0.0;0.0;0.43430692373077934;0.693987661838635;0.1628708531779673;0.3215511932369651;0.32156817126512427;0.428754644295772;0.0
GO:0007131;0.7755360357049532;0.6802021177064529;1.0;0.0;0.3022203119865697;0.48148059154890654;0.0;0.38201724075029847;0.0;0.0;0.6806878609714302;0.3714892131807898;0.17860700980829755;0.46034574142571943;0.5348115284669651;0.0;0.0;0.0;0.2827293719365215;0.18457491728132328;0.30317334251584205;0.29031078940255295;0.0;0.0;0.0;0.0;0.6267840907744286;0.8626359059670707;0.17323972218489955;0.18790074419416009;0.49815849659774175;0.0;0.14434961199903013;0.0;0.0;0.3250829797219055;0.0;0.1636416939306429;0.43112719909043534;0.4312150542199595;0.0;0.5347340392450781;0.0;0.32691924225217067;0.44564243884863486;0.0;0.1869930923580526;0.7020311564893912;0.0;0.0;0.43743274777073815;0.7061003419252746;0.5716804621107191;0.0;0.18312267561275533;0.6396258606239932;0.4901937715373823;0.5717797452655115;0.0;0.5157957797231016;0.0;0.6426660695197163;0.18506514584427616;0.0;0.901002336085573;0.7578593362178149;0.09852069516609338;0.7130713702486413;0.1489328657292223;0.17325280227654247;0.13997137143200258;0.17768110921428773;0.0;0.0;0.4456905943499153;0.6416404903679368;0.16938376180595605;0.3310189558866743;0.3310369484650274;0.4466359845391699;0.0
GO:1904851;0.0;0.0;0.0;1.0;0.0;0.0;0.0;0.0;0.1527253283303261;0.389427879014002;0.0;0.0;0.0;0.0;0.14931009811300544;0.3066803381826337;0.20980308878130863;0.2614298958358119;0.0;0.3500923588449378;0.0;0.0;0.3144704334007668;0.0;0.0;0.0;0.0;0.0;0.0;0.0;0.0;0.0;0.2556737416698622;0.20780544789016267;0.0;0.0;0.0;0.29934615042418733;0.0;0.0;0.5390173331676148;0.1492854643302718;0.6848108551558192;0.0;0.0;0.23558639990104527;0.0;0.0;0.2384024675415405;0.0;0.19464009786550535;0.1512035494469153;0.0;0.0;0.0;0.0;0.0;0.0;0.3691273887540826;0.0;0.2485278990946526;0.0;0.0;0.36836384331408567;0.0;0.0;0.0;0.12692271029812413;0.2657960658076239;0.0;0.0;0.0;0.22905587898454657;0.0;0.0;0.0;0.0;0.0;0.0;0.0;0.19271878901426281
GO:0006123;0.2978931565588663;0.2908947760128871;0.3022203119865697;0.0;1.0;0.39939366080240146;0.0;0.4435340099977067;0.0;0.0;0.291160263052428;0.4263345318348851;0.25980762450413025;0.38559729013213073;0.19993994075853225;0.0;0.0;0.0;0.20586638143776337;0.2726302461165569;0.226656585951258;0.21344860777619634;0.0;0.0;0.0;0.0;0.26232765972429256;0.34228411937800823;0.24860374450759498;0.27994924700756796;0.27905929188106865;0.0;0.19313436373415618;0.0;0.0;0.2553342594794652;0.0;0.22930365914396522;0.25956625403687167;0.2596322619124882;0.0;0.1999054414732043;0.0;0.41284884126257937;0.25249080789365963;0.0;0.27793925459148433;0.30293054177316703;0.0;0.0;0.26432077513591246;0.3051981295081255;0.21657388856627488;0.0;0.2694736829853239;0.24842001193869173;0.27343267214823147;0.2166192806239393;0.0;0.326431499769815;0.0;0.2498825181071287;0.2737011536135297;0.0;0.3419074109382358;0.2734071614404446;0.11904380632243017;0.25334061641143274;0.2014280426765137;0.2486306812718909;0.1853762108109772;0.2578530654471739;0.0;0.0;0.25252467065541095;0.2701494564585955;0.240739301452417;0.29236672310377654;0.29238705158647554;0.23650844417778025;0.0
GO:0006520;0.47488135374799245;0.46419094179833786;0.48148059154890654;0.0;0.39939366080240146;1.0;0.0;0.50992293190572;0.0;0.0;0.4645968798904947;0.5577228158035281;0.24250799649346225;0.44695221342498165;0.3232726225350769;0.0;0.0;0.0;0.19485226416039397;0.2536432543789375;0.21337728145264323;0.20163151747907088;0.0;0.0;0.0;0.0;0.4203293553911726;0.5421943548483078;0.2327183808509366;0.2599664867597571;0.49692796260647176;0.0;0.18340829497075092;0.0;0.0;0.44815058404296215;0.0;0.2157216644453161;0.46351564573011866;0.4636291044574529;0.0;0.32321846454114156;0.0;0.47251987725967365;0.3972819224855932;0.0;0.2582323107531303;0.4825629634271364;0.0;0.0;0.47168251062513555;0.4860172342414609;0.34932191918377126;0.0;0.2509088460026663;0.3988447125843596;0.4873028241895288;0.3493928325419303;0.0;0.5773514118324361;0.0;0.40110806428308743;0.2545699385180544;0.0;0.5416267099917785;0.4373834996262577;0.11527586607221371;0.40645596192748756;0.19087154329426048;0.23274198500610777;0.17639767210493582;0.24080421165829516;0.0;0.0;0.397333261436986;0.6889876312110536;0.22581291820715624;0.5863232373031352;0.5863622938092019;0.5954344425421361;0.0
GO:0051170;0.0;0.0;0.0;0.0;0.0;0.0;1.0;0.0;0.0;0.0;0.0;0.0;0.0;0.0;0.0;0.0;0.0;0.0;0.0;0.0;0.0;0.0;0.0;0.4103005503395539;0.0;0.0;0.0;0.0;0.0;0.0;0.0;0.6578536006099445;0.0;0.0;0.581478360694933;0.0;0.3789872654874651;0.0;0.0;0.0;0.0;0.0;0.0;0.0;0.0;0.0;0.0;0.0;0.0;0.0;0.0;0.0;0.0;0.40563302686868596;0.0;0.0;0.0;0.0;0.0;0.0;0.0;0.0;0.0;0.0;0.0;0.0;0.30778190040277875;0.0;0.0;0.0;0.0;0.0;0.0;0.44394815621198036;0.0;0.0;0.0;0.0;0.0;0.0;0.0
GO:0006637;0.37638075132264237;0.367275325264924;0.38201724075029847;0.0;0.4435340099977067;0.50992293190572;0.0;1.0;0.0;0.0;0.3676205061910924;0.5458407956660407;0.2727068479160001;0.49160686565668044;0.25011109762127;0.0;0.0;0.0;0.21388273356834647;0.2868690448778191;0.23641218233226;0.22207870879273917;0.0;0.0;0.0;0.0;0.33024217225797203;0.4344420208863206;0.2603891968743897;0.2949838940575975;0.3519060932870609;0.0;0.2001728682637143;0.0;0.0;0.3892723912856787;0.0;0.23929347470740917;0.32667384395077576;0.3267591168354986;0.0;0.25006706694099445;0.0;0.4547465290735321;0.3577974774556439;0.0;0.2927530716834396;0.382942853040914;0.0;0.0;0.3783314481603577;0.3858990053568572;0.27137656826303735;0.0;0.28337626477055206;0.31229091337860704;0.3446125501446995;0.27143469746824467;0.0;0.41364679115464215;0.0;0.3141762458943957;0.2880549784631818;0.0;0.4339470738993907;0.3445795008076648;0.12168101972531749;0.318636353294673;0.20909602931442248;0.26041874828725875;0.19185112442619734;0.27055419052375224;0.0;0.0;0.3578466982337473;0.34036053109633835;0.25177434628935746;0.369189357608226;0.3692157955927355;0.3591699388814737;0.0
GO:0000187;0.0;0.0;0.0;0.1527253283303261;0.0;0.0;0.0;0.0;1.0;0.23181847783003628;0.0;0.0;0.0;0.0;0.13419754225638972;0.2086146416186566;0.23797133915456942;0.3810541808543927;0.0;0.1768105590777616;0.0;0.0;0.4169899490338406;0.0;0.0;0.0;0.0;0.0;0.0;0.0;0.0;0.0;0.15481464075363724;0.4950544589927028;0.0;0.0;0.0;0.16598483642101125;0.0;0.0;0.17116243527934294;0.13418437854703294;0.15832025013769463;0.0;0.0;0.2929521136758472;0.0;0.0;0.3448001577225124;0.0;0.13525152390727466;0.07494169421445374;0.0;0.0;0.0;0.0;0.0;0.0;0.29144360820568377;0.0;0.15278823178967388;0.0;0.0;0.1269407648489683;0.0;0.0;0.0;0.06845134777627569;0.15758285405414202;0.0;0.0;0.0;0.28898366516580004;0.0;0.0;0.0;0.0;0.0;0.0;0.0;0.3591716128988053
GO:0030307;0.0;0.0;0.0;0.389427879014002;0.0;0.0;0.0;0.0;0.23181847783003628;1.0;0.0;0.0;0.0;0.0;0.15873018934762861;0.49080692119295777;0.3004655483342502;0.4118094079645772;0.0;0.533854727501795;0.0;0.0;0.5046621354147343;0.0;0.0;0.0;0.0;0.0;0.0;0.0;0.0;0.0;0.3735894169028906;0.3213505989712983;0.0;0.0;0.0;0.4460214442613152;0.0;0.0;0.5368924008087369;0.15870234947185113;0.42799451211228207;0.0;0.0;0.34120547733636425;0.0;0.0;0.3457109908497872;0.0;0.27692929846602565;0.1658926208720676;0.0;0.0;0.0;0.0;0.0;0.0;0.3127950327933153;0.0;0.36200344600155054;0.0;0.0;0.34337700067556515;0.0;0.0;0.0;0.1371139310156873;0.3901272820700526;0.0;0.0;0.0;0.33079979909426516;0.0;0.0;0.0;0.0;0.0;0.0;0.0;0.33231635228074724
GO:0071051;0.6733150995366878;0.8702262455330697;0.6806878609714302;0.0;0.291160263052428;0.4645968798904947;0.0;0.3676205061910924;0.0;0.0;1.0;0.35786091034684075;0.17154952482208063;0.3907798230725884;0.5204153269389883;0.0;0.0;0.0;0.14624718608335613;0.1770478585542757;0.15644116040041614;0.1500332954445436;0.0;0.0;0.0;0.0;0.8036408082354315;0.7465597136968194;0.16659213684725713;0.18010571170213027;0.4423411258876343;0.0;0.1397045851906996;0.0;0.0;0.31171822722105164;0.0;0.1576976615899491;0.38006264548072566;0.3801381209768083;0.0;0.520341481633671;0.0;0.31631826131161567;0.43453121929183025;0.0;0.17927163824702347;0.7586141133676936;0.0;0.0;0.38547769189443026;0.7621944465544369;0.5828395761421882;0.0;0.17571121916160917;0.6504060580006369;0.4354564511913407;0.582938564081012;0.0;0.4524388348593353;0.0;0.6227711405293224;0.17749887000275166;0.0;0.7459597354213348;0.6305922849929753;0.0963345869769497;0.5942571745502173;0.14399323395416883;0.16660423234010596;0.13559957930378552;0.1706951757093713;0.0;0.0;0.4345770032801106;0.6944425421726197;0.16302337402066683;0.32177512880441234;0.32179213048920136;0.42917271965554005;0.0
GO:0042182;0.36615694707510466;0.35753380572312765;0.3714892131807898;0.0;0.4263345318348851;0.5577228158035281;0.0;0.5458407956660407;0.0;0.0;0.35786091034684075;1.0;0.26084957912868934;0.47430882217447706;0.345036982887242;0.0;0.0;0.0;0.20652004521092426;0.2737778157937556;0.22744919590656854;0.21415139037397735;0.0;0.0;0.0;0.0;0.32234500529743904;0.4208774722216248;0.249557605854821;0.2811593955409957;0.3429528769303474;0.0;0.19370956175883391;0.0;0.0;0.5397860141946559;0.0;0.23011492377889756;0.31894441852070343;0.319025703361594;0.0;0.3449773473448613;0.0;0.7330380493753579;0.31023194327473413;0.0;0.27913205112826406;0.3723644520627138;0.0;0.0;0.32479956418496586;0.3751589429469158;0.3737944908584727;0.0;0.2705947783165108;0.42887392404500485;0.3360220835701025;0.3738729776658801;0.0;0.4013313330924286;0.0;0.30702044118312083;0.2748577755622819;0.0;0.42041293358189497;0.3359906613221059;0.11926208734767672;0.3112783151903635;0.20205378235027668;0.24958474973291753;0.18590606250534358;0.25887937061813127;0.0;0.0;0.31027363831434374;0.3768331508704864;0.24163365904989012;0.4079003575268857;0.4079287888951024;0.34380100053106855;0.0
GO:0070126;0.17584072474493598;0.17138064131830433;0.17860700980829755;0.0;0.25980762450413025;0.24250799649346225;0.0;0.2727068479160001;0.0;0.0;0.17154952482208063;0.26084957912868934;1.0;0.2332228754285121;0.11493198317888681;0.0;0.0;0.0;0.4553795411097301;0.3121911374372692;0.42974142570965;0.40194092023730427;0.0;0.0;0.0;0.0;0.15335069045759242;0.20453498282004534;0.5622662535233623;0.5458991090734091;0.16387663705212818;0.0;0.212181926031428;0.0;0.0;0.0;0.0;0.25665877541681054;0.25719088267392265;0.2572608970853248;0.0;0.11491109265042376;0.0;0.21467456562829443;0.14720683714238852;0.0;0.638457217698113;0.17906167736668674;0.0;0.0;0.15459954442172405;0.18051450661757915;0.12504948109397068;0.0;0.5225468989261471;0.14467389088508859;0.1603261916537434;0.12507721412950037;0.0;0.19420700344257238;0.0;0.14558325431957586;0.31359619023274343;0.0;0.20428850249539104;0.16031011897454706;0.2137564042973291;0.2505986236957368;0.22223475028781559;0.5623351368066949;0.4057814045965349;0.5860340154073254;0.0;0.0;0.14722793079686136;0.15825948056213537;0.5422381886395902;0.1723172962425288;0.17233023730382124;0.0;0.0
GO:0070125;0.45419335095187624;0.39044670052985325;0.46034574142571943;0.0;0.38559729013213073;0.44695221342498165;0.0;0.49160686565668044;0.0;0.0;0.3907798230725884;0.47430882217447706;0.2332228754285121;1.0;0.31166796620235887;0.0;0.0;0.0;0.1888124113265285;0.24350369161168445;0.2061556747405746;0.19517104662920426;0.0;0.0;0.0;0.0;0.3543690104900103;0.5167493016677902;0.22415454000455054;0.24932567571271239;0.6626757712786283;0.0;0.17804730805935473;0.0;0.0;0.3297674174912774;0.0;0.2083432415871809;0.39917587144384986;0.39927144155013294;0.0;0.31161664469453176;0.0;0.40398780866700823;0.42302730956250584;0.0;0.2477301233906507;0.4055090199601372;0.0;0.0;0.40605248106628566;0.4083377667394115;0.33631892551033604;0.0;0.24098244664044421;0.3829967939789452;0.6501353077693711;0.3363859396548857;0.0;0.4945512870559328;0.0;0.597301389174552;0.2443576422571272;0.0;0.5162236131147394;0.419153527170439;0.11313482467995818;0.3901492239049889;0.1850722787687633;0.22417643881606814;0.17143314369606102;0.23164663757662582;0.0;0.0;0.42308080931801634;0.36429331578210306;0.21774095330695734;0.4854656149652342;0.4854971614617264;0.3962249985436073;0.0
GO:0034427;0.5305305185257045;0.5201472557573398;0.5348115284669651;0.14931009811300544;0.19993994075853225;0.3232726225350769;0.0;0.25011109762127;0.13419754225638972;0.15873018934762861;0.5204153269389883;0.345036982887242;0.11493198317888681;0.31166796620235887;1.0;0.13957827031110182;0.15784377338455835;0.1270873455043428;0.10299386474434462;0.22665360760438505;0.10794755864889083;0.10485735986862045;0.14156966738561755;0.0;0.0;0.0;0.49000265217905664;0.5720043106871187;0.11268542566766954;0.11871024777205934;0.36283332529468265;0.0;0.22693518878490512;0.1661288483571788;0.0;0.2778128801698695;0.0;0.20960302476540454;0.31885988892687334;0.3189079433107933;0.17189501766246346;0.9808540875219413;0.15603604492429982;0.316513861157821;0.3314912174100022;0.23831693309047106;0.11834732694554059;0.5584917306183066;0.2399558722355938;0.0;0.40129823952660065;0.5776981165871387;0.7026925924107823;0.0;0.11678512908269774;0.7650243900471143;0.358589667084832;0.7027861912270651;0.10806747902755184;0.3629204939207753;0.17430857501616095;0.5057471393084499;0.11757213785502656;0.19373609999667937;0.5716738844491035;0.5052336495778981;0.07545993458572954;0.5220297888473393;0.1967163420014591;0.11269095967674835;0.09759685359801212;0.1145478758911248;0.23445184719014472;0.0;0.3315178617431923;0.4985206667712375;0.11104118588731796;0.23868027582487572;0.23868963018640973;0.2885291083880235;0.15796994491472263
GO:0010971;0.0;0.0;0.0;0.3066803381826337;0.0;0.0;0.0;0.0;0.2086146416186566;0.49080692119295777;0.0;0.0;0.0;0.0;0.13957827031110182;1.0;0.25083483875615864;0.34386532993538027;0.0;0.3949935029133114;0.0;0.0;0.4062842172163384;0.0;0.0;0.0;0.0;0.0;0.0;0.0;0.0;0.0;0.34694508970095733;0.2784217513884544;0.0;0.0;0.0;0.3447606415731128;0.0;0.0;0.39132430458871886;0.13955674283878308;0.33010564983445445;0.0;0.0;0.27860556476606185;0.0;0.0;0.2816022492658829;0.0;0.23421680680307458;0.13695632111103906;0.0;0.0;0.0;0.0;0.0;0.0;0.2719764351395979;0.0;0.2923187611893462;0.0;0.0;0.26478204329971056;0.0;0.0;0.0;0.11672960155487523;0.31038699654429114;0.0;0.0;0.0;0.2716287893052289;0.0;0.0;0.0;0.0;0.0;0.0;0.0;0.25956826502531594
GO:1902042;0.0;0.0;0.0;0.20980308878130863;0.0;0.0;0.0;0.0;0.23797133915456942;0.3004655483342502;0.0;0.0;0.0;0.0;0.15784377338455835;0.25083483875615864;1.0;0.5782980505838549;0.0;0.32642257248031076;0.0;0.0;0.43278679833285655;0.0;0.0;0.0;0.0;0.0;0.0;0.0;0.0;0.0;0.352676265656216;0.18310761917855412;0.0;0.0;0.0;0.29134222400959264;0.0;0.0;0.2573070252886015;0.15782159007730237;0.22332998733918108;0.0;0.0;0.24265188375212807;0.0;0.0;0.24492188647724206;0.0;0.20827367812931297;0.1200455314986383;0.0;0.0;0.0;0.0;0.0;0.0;0.2728430290355509;0.0;0.34503259257825913;0.0;0.0;0.27734235542240687;0.0;0.0;0.0;0.10421680035506857;0.26641014055766504;0.0;0.0;0.0;0.23734244948090477;0.0;0.0;0.0;0.0;0.0;0.0;0.0;0.17184154781186886
GO:1902043;0.0;0.0;0.0;0.2614298958358119;0.0;0.0;0.0;0.0;0.3810541808543927;0.4118094079645772;0.0;0.0;0.0;0.0;0.1270873455043428;0.34386532993538027;0.5782980505838549;1.0;0.0;0.32593352250443197;0.0;0.0;0.6926382294419887;0.0;0.0;0.0;0.0;0.0;0.0;0.0;0.0;0.0;0.25828601571807064;0.2510972869099516;0.0;0.0;0.0;0.29095257850503153;0.0;0.0;0.32053149123044894;0.1270694983891523;0.27826271074330233;0.0;0.0;0.24238153322293962;0.0;0.0;0.2446464569131102;0.0;0.20807447451140101;0.11991755250749912;0.0;0.0;0.0;0.0;0.0;0.0;0.4265322314629221;0.0;0.2526945970396639;0.0;0.0;0.22317163335569787;0.0;0.0;0.0;0.1041203323697465;0.26608429333809613;0.0;0.0;0.0;0.23708379421913403;0.0;0.0;0.0;0.0;0.0;0.0;0.0;0.2356602057119518
GO:0000707;0.14935443032744203;0.1461244290756977;0.2827293719365215;0.0;0.20586638143776337;0.19485226416039397;0.0;0.21388273356834647;0.0;0.0;0.14624718608335613;0.20652004521092426;0.4553795411097301;0.1888124113265285;0.10299386474434462;0.0;0.0;0.0;1.0;0.23743472744603553;0.5174600387960365;0.5425694986107289;0.0;0.0;0.0;0.0;0.13281061023608765;0.16955885673834478;0.6358562174098448;0.41213395686487864;0.14063374282335162;0.0;0.17478072480224163;0.0;0.0;0.0;0.0;0.20388433815663254;0.22307894737321637;0.2231316191291599;0.0;0.10297708835353467;0.0;0.17646856528986224;0.12817750971523684;0.0;0.6307724937336531;0.15167174502581776;0.0;0.0;0.1337463008273303;0.1527128151526602;0.1110450713505588;0.0;0.39868290213820173;0.1262528198977302;0.1380109475562734;0.11106693997210107;0.0;0.1623992783114601;0.0;0.1269447972740912;0.23824657071291994;0.0;0.16938943172657514;0.13799903753715606;0.1896533609082606;0.21810250196608078;0.18154539303884518;0.6359169092907988;0.5827701135515274;0.656604439256186;0.0;0.0;0.12819350203553306;0.13647676229454353;0.6180694203075248;0.14680480995131004;0.14681420259596306;0.0;0.0
GO:0007186;0.18162220859262218;0.1768679814675798;0.18457491728132328;0.3500923588449378;0.2726302461165569;0.2536432543789375;0.0;0.2868690448778191;0.1768105590777616;0.533854727501795;0.1770478585542757;0.2737778157937556;0.3121911374372692;0.24350369161168445;0.22665360760438505;0.3949935029133114;0.32642257248031076;0.32593352250443197;0.23743472744603553;1.0;0.26552490537547113;0.2475779070118817;0.40734604353363;0.0;0.0;0.0;0.15772943264968428;0.2123994985376202;0.2961532919444667;0.34173544775946463;0.16888694027137502;0.0;0.5248566888613699;0.24960877755036026;0.0;0.0;0.0;0.8134531090607989;0.15590191017698973;0.1559455490913206;0.505964632435759;0.22661153486318344;0.3894544957578472;0.22335470289544876;0.15123713670245373;0.3750754347888829;0.33874505508070674;0.18506051794881498;0.38052697456387613;0.0;0.43334999888772346;0.2745484968094674;0.1279458849393305;0.0;0.3262534535328435;0.14856485425098748;0.16511857224095075;0.12797491771082747;0.2425366828000962;0.20128359562176537;0.4003603748947477;0.14952395173122773;0.3324706711737824;0.38988829683742093;0.21213371142991586;0.16510152438091008;0.1289584909541285;0.2233254738014668;0.6308816861776718;0.2961915191211651;0.2105884030229816;0.30937322238292636;0.3625393217168286;0.0;0.15125940128010726;0.1629273049497716;0.2850598595344279;0.177865751685741;0.17787953957749414;0.0;0.22913105240518677
GO:0007066;0.16000194794829706;0.1563007019397344;0.30317334251584205;0.0;0.226656585951258;0.21337728145264323;0.0;0.23641218233226;0.0;0.0;0.15644116040041614;0.22744919590656854;0.42974142570965;0.2061556747405746;0.10794755864889083;0.0;0.0;0.0;0.5174600387960365;0.26552490537547113;1.0;0.6598941465830919;0.0;0.0;0.0;0.0;0.1411639789452297;0.18341561959838681;0.4116507974964691;0.5468189018082265;0.15003502707547753;0.0;0.18954126672173385;0.0;0.0;0.0;0.0;0.22425633363420314;0.2369642374836108;0.23702367116357798;0.0;0.1079291298058236;0.0;0.19152784744068677;0.1359411945941673;0.0;0.45893606070322296;0.16266438886549622;0.0;0.0;0.14222154375371326;0.1638624299032985;0.1168252462592206;0.0;0.6008979796076094;0.13377825475513458;0.14705356333488373;0.11684945101449772;0.0;0.17506683834932646;0.0;0.13455543665625633;0.2665406159058606;0.0;0.18321738760985593;0.14704004154967934;0.2361556948130166;0.3121856375613429;0.1975228462881653;0.41169433820301576;0.30882633639631707;0.4265882419310736;0.0;0.0;0.1359591830243935;0.1453130168378019;0.3989290574048108;0.15707940009836244;0.15709015354624506;0.0;0.0
GO:0007141;0.15330530525104882;0.14990410299996282;0.29031078940255295;0.0;0.21344860777619634;0.20163151747907088;0.0;0.22207870879273917;0.0;0.0;0.1500332954445436;0.21415139037397735;0.40194092023730427;0.19517104662920426;0.10485735986862045;0.0;0.0;0.0;0.5425694986107289;0.2475779070118817;0.6598941465830919;1.0;0.0;0.0;0.0;0.0;0.13592556619009655;0.17466925727839908;0.3860719783230934;0.5783563518092466;0.14413130828066703;0.0;0.18021578490255433;0.0;0.0;0.0;0.0;0.21131863059264552;0.22825874234900784;0.2283138888351399;0.0;0.10483997095771955;0.0;0.18201076823420995;0.13107655388094294;0.0;0.4273687086542005;0.15574784393520205;0.0;0.0;0.13690582507831878;0.15684582493321453;0.11321436736693818;0.0;0.4916468456257833;0.12906449980104115;0.14137770994942828;0.11323709884066359;0.0;0.16708126125326903;0.0;0.12978772964756205;0.2484607245042401;0.0;0.17448947104515752;0.1413652117815406;0.22880543498092;0.26390638626936835;0.18741637510113543;0.38611027589653785;0.2942030575684538;0.3991811973107354;0.0;0.0;0.1310932778392133;0.13976819557838932;0.37486057604352846;0.1506202229810697;0.15063011021060307;0.0;0.0
GO:0090263;0.0;0.0;0.0;0.3144704334007668;0.0;0.0;0.0;0.0;0.4169899490338406;0.5046621354147343;0.0;0.0;0.0;0.0;0.14156966738561755;0.4062842172163384;0.43278679833285655;0.6926382294419887;0.0;0.40734604353363;0.0;0.0;1.0;0.0;0.0;0.0;0.0;0.0;0.0;0.0;0.0;0.0;0.30689138682363204;0.28282654098896737;0.0;0.0;0.0;0.35413384297112327;0.0;0.0;0.4040975134500366;0.14154752130467319;0.339148810975009;0.0;0.0;0.2846949347625471;0.0;0.0;0.28782478126673494;0.0;0.2385054427955611;0.13979918091887902;0.0;0.0;0.0;0.0;0.0;0.0;0.47916288793818607;0.0;0.29902955096694595;0.0;0.0;0.2720413181631895;0.0;0.0;0.0;0.11878844794937544;0.3179637644617742;0.0;0.0;0.0;0.2774138344073892;0.0;0.0;0.0;0.0;0.0;0.0;0.0;0.26339260968550987
GO:1902600;0.0;0.0;0.0;0.0;0.0;0.0;0.4103005503395539;0.0;0.0;0.0;0.0;0.0;0.0;0.0;0.0;0.0;0.0;0.0;0.0;0.0;0.0;0.0;0.0;1.0;0.0;0.0;0.0;0.0;0.0;0.0;0.0;0.30470508300865157;0.0;0.0;0.25071868905622335;0.0;0.24320253486395751;0.0;0.0;0.0;0.0;0.0;0.0;0.0;0.0;0.0;0.0;0.0;0.0;0.0;0.0;0.0;0.0;0.36400603226945777;0.0;0.0;0.0;0.0;0.0;0.0;0.0;0.0;0.0;0.0;0.0;0.0;0.21782433600765022;0.0;0.0;0.0;0.0;0.0;0.0;0.2568164138967679;0.0;0.0;0.0;0.0;0.0;0.0;0.0
GO:0043278;0.13908371552094775;0.0;0.0;0.0;0.0;0.0;0.0;0.0;0.0;0.0;0.0;0.0;0.0;0.0;0.0;0.0;0.0;0.0;0.0;0.0;0.0;0.0;0.0;0.0;1.0;0.4661340889961963;0.0;0.0;0.0;0.0;0.0;0.0;0.16536578256276138;0.0;0.0;0.0;0.0;0.0;0.0;0.0;0.0;0.0;0.0;0.0;0.0;0.0;0.0;0.0;0.0;0.4736170177487481;0.0;0.0;0.0;0.0;0.0;0.0;0.0;0.0;0.0;0.0;0.0;0.0;0.0;0.0;0.0;0.12761167081683467;0.0;0.0;0.1725003821271502;0.0;0.0;0.0;0.0;0.0;0.0;0.0;0.0;0.0;0.0;0.0;0.0
GO:0009725;0.16972414712887893;0.0;0.0;0.0;0.0;0.0;0.0;0.0;0.0;0.0;0.0;0.0;0.0;0.0;0.0;0.0;0.0;0.0;0.0;0.0;0.0;0.0;0.0;0.0;0.4661340889961963;1.0;0.0;0.0;0.0;0.0;0.0;0.0;0.21056180357574492;0.0;0.0;0.0;0.0;0.0;0.0;0.0;0.0;0.0;0.0;0.0;0.0;0.0;0.0;0.0;0.0;0.5635019726616378;0.0;0.0;0.0;0.0;0.0;0.0;0.0;0.0;0.0;0.0;0.0;0.0;0.0;0.0;0.0;0.15294558530279037;0.0;0.0;0.22226727781616462;0.0;0.0;0.0;0.0;0.0;0.0;0.0;0.0;0.0;0.0;0.0;0.0
GO:0000467;0.6205274276985552;0.8031262674403802;0.6267840907744286;0.0;0.26232765972429256;0.4203293553911726;0.0;0.33024217225797203;0.0;0.0;0.8036408082354315;0.32234500529743904;0.15335069045759242;0.3543690104900103;0.49000265217905664;0.0;0.0;0.0;0.13281061023608765;0.15772943264968428;0.1411639789452297;0.13592556619009655;0.0;0.0;0.0;0.0;1.0;0.6822114643804813;0.14937713969431748;0.16015181711383714;0.40922017962940355;0.0;0.12739272681804462;0.0;0.0;0.2774593990790207;0.0;0.14218625485894476;0.3530469694078147;0.35311209541419114;0.0;0.48993718506511336;0.0;0.28824612753223455;0.4042591947419673;0.0;0.15949198119953584;0.698441426638949;0.0;0.0;0.357714822404025;0.7014245875317755;0.5716573835481423;0.0;0.15666769727512758;0.6056311938381014;0.4033210316888447;0.5467123354970003;0.0;0.4146654509053392;0.0;0.5797137054770864;0.1580872908665232;0.0;0.6817104219153909;0.5840595127616199;0.09031573091036561;0.5527559392960074;0.13094916362399783;0.1493868644699768;0.12397050783546298;0.15266763287952342;0.0;0.0;0.4042988214758782;0.643636165860787;0.14650146719812537;0.29687619784365454;0.29689067009169734;0.3840713234658477;0.0
GO:0042148;0.8520710791752775;0.7459754486750637;0.8626359059670707;0.0;0.34228411937800823;0.5421943548483078;0.0;0.4344420208863206;0.0;0.0;0.7465597136968194;0.4208774722216248;0.20453498282004534;0.5167493016677902;0.5720043106871187;0.0;0.0;0.0;0.16955885673834478;0.2123994985376202;0.18341561959838681;0.17466925727839908;0.0;0.0;0.0;0.0;0.6822114643804813;1.0;0.19752684527457504;0.21681563561868653;0.5446369012043538;0.0;0.16082652153780067;0.0;0.0;0.3745674966745239;0.0;0.18514517845606698;0.4689025733496913;0.46900650055883675;0.0;0.571915669817828;0.0;0.36456705335486883;0.48375867748311385;0.0;0.2156080420803392;0.7723119157520262;0.0;0.0;0.4763710869826192;0.7772394796045445;0.6143827314385989;0.0;0.21047868286606053;0.6935606604004527;0.5351307992397668;0.6144974021491437;0.0;0.5708121213756655;0.0;0.697136634766176;0.21304893122268986;0.0;0.9575054181999193;0.7914417408332559;0.10592764223213114;0.7406568419761174;0.1665365049743188;0.19754385011973927;0.15541047076724243;0.20332166142777608;0.0;0.0;0.4838154233681653;0.6998485542829824;0.19252952956030409;0.3631663248670032;0.36318798200722563;0.5106638413163136;0.0
GO:0000387;0.17063598544916228;0.1664328684738607;0.17323972218489955;0.0;0.24860374450759498;0.2327183808509366;0.0;0.2603891968743897;0.0;0.0;0.16659213684725713;0.249557605854821;0.5622662535233623;0.22415454000455054;0.11268542566766954;0.0;0.0;0.0;0.6358562174098448;0.2961532919444667;0.4116507974964691;0.3860719783230934;0.0;0.0;0.0;0.0;0.14937713969431748;0.19752684527457504;1.0;0.5170355263308006;0.15934693488276055;0.0;0.20464961558675251;0.0;0.0;0.0;0.0;0.24571911234985516;0.25059984441006583;0.2506663158165938;0.0;0.11266534377381222;0.0;0.2069674558565533;0.14354149650392622;0.0;0.7900704123836609;0.17366744134335899;0.0;0.0;0.15056186272075994;0.1750337221017788;0.12239455232974078;0.0;0.49603996996129585;0.14113208456521303;0.15598804059910634;0.12242112013943184;0.0;0.1878777973439573;0.0;0.14199733505228368;0.2974174000984991;0.0;0.1972969567738614;0.15597282590914013;0.2091837893849075;0.24433702219144798;0.21398566962637894;0.9276489246569817;0.5689553825466697;0.8094690479569642;0.0;0.0;0.14356155273175425;0.15403097703822555;0.8959851188178862;0.16731608211935448;0.1673282828707321;0.0;0.0
GO:0000266;0.18484154984445603;0.17991957078914556;0.18790074419416009;0.0;0.27994924700756796;0.2599664867597571;0.0;0.2949838940575975;0.0;0.0;0.18010571170213027;0.2811593955409957;0.5458991090734091;0.24932567571271239;0.11871024777205934;0.0;0.0;0.0;0.41213395686487864;0.34173544775946463;0.5468189018082265;0.5783563518092466;0.0;0.0;0.0;0.0;0.16015181711383714;0.21681563561868653;0.5170355263308006;1.0;0.17166717711335508;0.0;0.22542775132417736;0.0;0.0;0.0;0.0;0.27629667489244064;0.2684631717708514;0.2685394588381664;0.0;0.11868796129344558;0.0;0.22824338458796883;0.15346280291702552;0.0;0.5938903885072835;0.18840402631127437;0.0;0.0;0.16151439335615658;0.19001309106115297;0.1295352095747504;0.0;0.6759217109341857;0.15071200426088766;0.16777514682244413;0.1295649681914387;0.0;0.20524528137743303;0.0;0.15169911710059164;0.3434197366190046;0.0;0.2165386885109782;0.16775754601646392;0.2987400193922267;0.3091473535485785;0.2368085431234016;0.517104215787331;0.36457425579563374;0.5408210337089124;0.0;0.0;0.15348572767510504;0.16551328513693248;0.4971238920077619;0.18095216856160437;0.1809664391332225;0.0;0.0
GO:0006412;0.4929379865570942;0.4420440421588756;0.49815849659774175;0.0;0.27905929188106865;0.49692796260647176;0.0;0.3519060932870609;0.0;0.0;0.4423411258876343;0.3429528769303474;0.16387663705212818;0.6626757712786283;0.36283332529468265;0.0;0.0;0.0;0.14063374282335162;0.16888694027137502;0.15003502707547753;0.14413130828066703;0.0;0.0;0.0;0.0;0.40922017962940355;0.5446369012043538;0.15934693488276055;0.17166717711335508;1.0;0.0;0.13457334902004728;0.0;0.0;0.2972384456727215;0.0;0.1511903499046084;0.5157599518682479;0.5158593729365222;0.0;0.36278307080206007;0.0;0.30461395432821886;0.5217671889274895;0.0;0.17090926630209186;0.4553702203698559;0.0;0.0;0.5228900558430373;0.45784882126697934;0.38667154693650013;0.0;0.16767026076370345;0.43022655705476526;0.9849101775011151;0.3867355451366287;0.0;0.6105698655775089;0.0;0.6379456801886297;0.16929728357708454;0.0;0.5442148915778975;0.4626135480693054;0.09386658479107997;0.43672435906969437;0.13854826436361906;0.15935800113660326;0.13076023719172936;0.16309682998019487;0.0;0.0;0.5218205867178343;0.4568888841746759;0.1560787928556337;0.42988341160506266;0.42990539787323967;0.5207909886480391;0.0
GO:0006406;0.0;0.0;0.0;0.0;0.0;0.0;0.6578536006099445;0.0;0.0;0.0;0.0;0.0;0.0;0.0;0.0;0.0;0.0;0.0;0.0;0.0;0.0;0.0;0.0;0.30470508300865157;0.0;0.0;0.0;0.0;0.0;0.0;0.0;1.0;0.0;0.0;0.522467110727603;0.0;0.26681794939863;0.0;0.0;0.0;0.0;0.0;0.0;0.0;0.0;0.0;0.0;0.0;0.0;0.0;0.0;0.0;0.0;0.42428697444777286;0.0;0.0;0.0;0.0;0.0;0.0;0.0;0.0;0.0;0.0;0.0;0.0;0.331630393410915;0.0;0.0;0.0;0.0;0.0;0.0;0.45054093853108695;0.0;0.0;0.0;0.0;0.0;0.0;0.0
GO:0000077;0.36730690210718475;0.1395925617558061;0.14434961199903013;0.2556737416698622;0.19313436373415618;0.18340829497075092;0.0;0.2001728682637143;0.15481464075363724;0.3735894169028906;0.1397045851906996;0.19370956175883391;0.212181926031428;0.17804730805935473;0.22693518878490512;0.34694508970095733;0.352676265656216;0.25828601571807064;0.17478072480224163;0.5248566888613699;0.18954126672173385;0.18021578490255433;0.30689138682363204;0.0;0.16536578256276138;0.21056180357574492;0.12739272681804462;0.16082652153780067;0.20464961558675251;0.22542775132417736;0.13457334902004728;0.0;1.0;0.20790729836380212;0.0;0.0;0.0;0.4552378369721536;0.1261979263038097;0.12622651881770508;0.32989491743282784;0.22689940395519367;0.2760494303581642;0.16702983334778984;0.1231238469716864;0.28820960951689173;0.22412260780057894;0.14464644775442032;0.2914176468937476;0.18496516777738228;0.30506369656291704;0.21419941963499806;0.10723199142414973;0.0;0.21858532493227978;0.12134688295482086;0.13216980202317677;0.1072523838381651;0.20297750818134747;0.15437135771006025;0.4131162535624013;0.12198599129826289;0.22135867803243459;0.34286367118857575;0.1606740902031962;0.34056246701333365;0.1079423546928107;0.18168695407590316;0.46851727340574423;0.20466786898130213;0.1597860030077058;0.21087647338315618;0.28074997843220173;0.0;0.12313860301891151;0.13076207130177778;0.19929028710575702;0.14021334589973194;0.1402219140047363;0.0;0.193502900125648
GO:0051973;0.0;0.0;0.0;0.20780544789016267;0.0;0.0;0.0;0.0;0.4950544589927028;0.3213505989712983;0.0;0.0;0.0;0.0;0.1661288483571788;0.2784217513884544;0.18310761917855412;0.2510972869099516;0.0;0.24960877755036026;0.0;0.0;0.28282654098896737;0.0;0.0;0.0;0.0;0.0;0.0;0.0;0.0;0.0;0.20790729836380212;1.0;0.0;0.0;0.0;0.22856383909547962;0.0;0.0;0.2434929903977885;0.16610867542013316;0.21830236724606106;0.0;0.0;0.42361960563446516;0.0;0.0;0.5333705489114962;0.0;0.17409074957968848;0.09848818847323242;0.0;0.0;0.0;0.0;0.0;0.0;0.21047340770177306;0.0;0.20426900781550078;0.0;0.0;0.17505832301163105;0.0;0.0;0.0;0.0875755584100116;0.21293056582949418;0.0;0.0;0.0;0.5544943234406134;0.0;0.0;0.0;0.0;0.0;0.0;0.0;0.7616178680182416
GO:0006606;0.0;0.0;0.0;0.0;0.0;0.0;0.581478360694933;0.0;0.0;0.0;0.0;0.0;0.0;0.0;0.0;0.0;0.0;0.0;0.0;0.0;0.0;0.0;0.0;0.25071868905622335;0.0;0.0;0.0;0.0;0.0;0.0;0.0;0.522467110727603;0.0;0.0;1.0;0.0;0.32514624565295214;0.0;0.0;0.0;0.0;0.0;0.0;0.0;0.0;0.0;0.0;0.0;0.0;0.0;0.0;0.0;0.0;0.6469817170769834;0.0;0.0;0.0;0.0;0.0;0.0;0.0;0.0;0.0;0.0;0.0;0.0;0.6422795917340663;0.0;0.0;0.0;0.0;0.0;0.0;0.8056969042276573;0.0;0.0;0.0;0.0;0.0;0.0;0.0
GO:0016042;0.3198391643995608;0.31139895741636947;0.3250829797219055;0.0;0.2553342594794652;0.44815058404296215;0.0;0.3892723912856787;0.0;0.0;0.31171822722105164;0.5397860141946559;0.0;0.3297674174912774;0.2778128801698695;0.0;0.0;0.0;0.0;0.0;0.0;0.0;0.0;0.0;0.0;0.0;0.2774593990790207;0.3745674966745239;0.0;0.0;0.2972384456727215;0.0;0.0;0.0;0.0;1.0;0.0;0.0;0.2742216567178419;0.27429896356851924;0.0;0.2777610340103263;0.0;0.43934966735768566;0.20394833984184602;0.0;0.0;0.3259455105013679;0.0;0.0;0.27980097869613446;0.32870285381854564;0.30298186277403366;0.0;0.0;0.3521409795077805;0.2905559509870507;0.30305101656842437;0.0;0.35478328877421667;0.0;0.2629263533873185;0.0;0.0;0.374094209913991;0.29052572504960655;0.0;0.2669494737001898;0.0;0.0;0.0;0.0;0.0;0.0;0.20397857252071436;0.2866712109574115;0.0;0.36633368894160473;0.3663623183935006;0.5424710670142922;0.0
GO:0071049;0.0;0.0;0.0;0.0;0.0;0.0;0.3789872654874651;0.0;0.0;0.0;0.0;0.0;0.0;0.0;0.0;0.0;0.0;0.0;0.0;0.0;0.0;0.0;0.0;0.24320253486395751;0.0;0.0;0.0;0.0;0.0;0.0;0.0;0.26681794939863;0.0;0.0;0.32514624565295214;0.0;1.0;0.0;0.0;0.0;0.0;0.0;0.0;0.0;0.0;0.0;0.0;0.0;0.0;0.0;0.0;0.0;0.0;0.32741051555993406;0.0;0.0;0.0;0.0;0.0;0.0;0.0;0.0;0.0;0.0;0.0;0.0;0.22862009960188243;0.0;0.0;0.0;0.0;0.0;0.0;0.33403099429857264;0.0;0.0;0.0;0.0;0.0;0.0;0.0
GO:0035589;0.1613165393539531;0.15755493883428484;0.1636416939306429;0.29934615042418733;0.22930365914396522;0.2157216644453161;0.0;0.23929347470740917;0.16598483642101125;0.4460214442613152;0.1576976615899491;0.23011492377889756;0.25665877541681054;0.2083432415871809;0.20960302476540454;0.3447606415731128;0.29134222400959264;0.29095257850503153;0.20388433815663254;0.8134531090607989;0.22425633363420314;0.21131863059264552;0.35413384297112327;0.0;0.0;0.0;0.14218625485894476;0.18514517845606698;0.24571911234985516;0.27629667489244064;0.1511903499046084;0.0;0.4552378369721536;0.22856383909547962;0.0;0.0;0.0;1.0;0.14069946832130775;0.14073501050633305;0.4063970437292307;0.209567043478463;0.3276626760615275;0.1934145686572179;0.13688897159283106;0.3294886129214214;0.2743386066953023;0.16402327979438508;0.3336880999543301;0.0;0.39032400282262936;0.24310667897604685;0.11752452744020768;0.0;0.26608769828041795;0.13469601000825518;0.14816325592920884;0.11754902285801998;0.22261979417423466;0.17664185126006418;0.3488422083283698;0.13548392324703004;0.2702087861652547;0.3279696873804239;0.18494319235305276;0.14814952930789513;0.11837834486739822;0.2020672984269912;0.5436396281909586;0.24574542759524148;0.18376754199073309;0.2547511335327261;0.3197751457437418;0.0;0.13690721174361664;0.14639649916673422;0.23803329676351279;0.1583462161153681;0.15835714371779774;0.0;0.2112739804359453
GO:0043967;0.426859560127692;0.37982130492726784;0.43112719909043534;0.0;0.25956625403687167;0.46351564573011866;0.0;0.32667384395077576;0.0;0.0;0.38006264548072566;0.31894441852070343;0.25719088267392265;0.39917587144384986;0.31885988892687334;0.0;0.0;0.0;0.22307894737321637;0.15590191017698973;0.2369642374836108;0.22825874234900784;0.0;0.0;0.0;0.0;0.3530469694078147;0.4689025733496913;0.25059984441006583;0.2684631717708514;0.5157599518682479;0.0;0.1261979263038097;0.0;0.0;0.2742216567178419;0.0;0.14069946832130775;1.0;0.9724888965985805;0.0;0.3188175532063268;0.0;0.28552390349912815;0.29912606077566284;0.0;0.2673700431485647;0.3906296644321715;0.0;0.0;0.595457402797483;0.39263605308221683;0.33888724954467203;0.0;0.26268994656596195;0.37520016029284825;0.5083834525466017;0.33894087052546945;0.0;0.6894155301307457;0.0;0.37680723631547747;0.15625151463960105;0.0;0.4685613505184811;0.4019706639951334;0.1521771732194396;0.45035241872314735;0.12968705162869096;0.25061597986344364;0.24380611330948915;0.25605815018976014;0.0;0.0;0.2991551641954771;0.39705659215612854;0.2458274852329216;0.2944286089900727;0.29444284358387396;0.48221004634167397;0.0
GO:0043968;0.4269456843725627;0.3798966845900913;0.4312150542199595;0.0;0.2596322619124882;0.4636291044574529;0.0;0.3267591168354986;0.0;0.0;0.3801381209768083;0.319025703361594;0.2572608970853248;0.39927144155013294;0.3189079433107933;0.0;0.0;0.0;0.2231316191291599;0.1559455490913206;0.23702367116357798;0.2283138888351399;0.0;0.0;0.0;0.0;0.35311209541419114;0.46900650055883675;0.2506663158165938;0.2685394588381664;0.5158593729365222;0.0;0.12622651881770508;0.0;0.0;0.27429896356851924;0.0;0.14073501050633305;0.9724888965985805;1.0;0.0;0.31886559482956256;0.0;0.28558904427006726;0.2991797386831773;0.0;0.26744571014161517;0.3907093956580037;0.0;0.0;0.5955678437551178;0.39271660554189963;0.33894153053991427;0.0;0.2627629874021491;0.37526669845915855;0.5084800498064358;0.33899516870084245;0.0;0.6895635784907843;0.0;0.37687434575266704;0.15629534951830346;0.0;0.4686651265091871;0.4020470368475947;0.1522016823022279;0.4504334312527442;0.1297172472421991;0.25068245983121457;0.24385988148189222;0.2561275491543617;0.0;0.0;0.29920885254960305;0.3971313913972541;0.24589144869430388;0.29448724717900465;0.2945014874434103;0.4823400982706022;0.0
GO:1904874;0.0;0.0;0.0;0.5390173331676148;0.0;0.0;0.0;0.0;0.17116243527934294;0.5368924008087369;0.0;0.0;0.0;0.0;0.17189501766246346;0.39132430458871886;0.2573070252886015;0.32053149123044894;0.0;0.505964632435759;0.0;0.0;0.4040975134500366;0.0;0.0;0.0;0.0;0.0;0.0;0.0;0.0;0.0;0.32989491743282784;0.2434929903977885;0.0;0.0;0.0;0.4063970437292307;0.0;0.0;1.0;0.17186236876763783;0.6029862446837644;0.0;0.0;0.297197944214398;0.0;0.0;0.3016936101619549;0.0;0.2348674251669848;0.18807160035446782;0.0;0.0;0.0;0.0;0.0;0.0;0.27795048884845197;0.0;0.31809380352577193;0.0;0.0;0.5017713691768299;0.0;0.0;0.0;0.15192181461375645;0.34694315599273406;0.0;0.0;0.0;0.28687979213151804;0.0;0.0;0.0;0.0;0.0;0.0;0.0;0.22303462904492716
