;GO:0016525;GO:0006283;GO:0006366;GO:0051092;GO:0006367;GO:0046339;GO:0007259;GO:0042535;GO:2000439;GO:0035518;GO:0001701;GO:0032729;GO:0016055;GO:0071456;GO:2000473;GO:0019722;GO:0035556;GO:0051403;GO:0070914;GO:1901990;GO:0007186;GO:0006296;GO:0090026;GO:0006293;GO:0090265;GO:0006294;GO:0050729;GO:0007223;GO:0043310;GO:0045732;GO:0007188;GO:0046549;GO:0006654;GO:0043161;GO:0060837;GO:0035705;GO:0002407;GO:0010820;GO:0070911;GO:0035264;GO:0007194;GO:0000715;GO:0061154;GO:0001570;GO:0043687;GO:0046834;GO:0001885;GO:0007229;GO:0043171;GO:0046641;GO:2000451;GO:0045070;GO:0032743;GO:0042769;GO:0050908;GO:0000209;GO:1902188;GO:1903238;GO:0051481;GO:0001580;GO:0007205;GO:0046726;GO:0007602;GO:1903955;GO:0007204;GO:0006357;GO:0002548;GO:0048873;GO:0043066;GO:0045087;GO:0070098;GO:0006508;GO:0002827;GO:2000464;GO:0002829;GO:2001199;GO:0014886;GO:0032897
GO:0016525;1.0;0.0;0.0;0.19561475237956627;0.0;0.0;0.31369523055522053;0.19850972090568195;0.19651641925667265;0.0;0.0;0.3787944041209357;0.3137123053926923;0.0;0.24174488500118366;0.3137061207862688;0.33914822171593495;0.16679598543198373;0.0;0.3146039911869068;0.33914822171593495;0.0;0.1720662027755816;0.27327770590219314;0.30302057238540514;0.0;0.27328096953391895;0.2918794124862762;0.18132876929073954;0.24159018310964753;0.31370947922397524;0.0;0.0;0.0;0.0;0.0;0.0;0.159161900769947;0.0;0.0;0.1523337877794893;0.0;0.0;0.0;0.0;0.0;0.0;0.3259262064063246;0.0;0.15607173991429418;0.17985412497320033;0.2732998691907244;0.3787944041209357;0.0;0.0;0.0;0.2562476762555231;0.17182286758621765;0.1600625993975771;0.0;0.3259303431023839;0.26341672595005083;0.24571231963511359;0.16519216165267378;0.1600625993975771;0.2224417619753266;0.0;0.2414429567447276;0.3531369590443697;0.0;0.3137230773598352;0.0;0.2491744759054931;0.2524304209732918;0.35310309630125314;0.5343682725674211;0.37860024267870296;0.365324645080693
GO:0006283;0.0;1.0;0.5777401744559274;0.0;0.5725242197320545;0.3777170593636115;0.17183704943400305;0.0;0.0;0.3792206976886361;0.0;0.0;0.1718439823019244;0.34691541572958795;0.0;0.1718414711990005;0.18195930074196912;0.4926797097101977;0.7962753759150631;0.0;0.18195930074196912;0.7024098956495799;0.0;0.0;0.0;0.1632739075410429;0.0;0.16281675510366864;0.0;0.0;0.17184283481081788;0.16758280000841697;0.28879196830119164;0.40159626633187856;0.17730217623007372;0.13713335922939357;0.15032510704818056;0.0;0.9615499740931555;0.0;0.0;0.18245332000981013;0.0;0.18811327197860764;0.48532893795261234;0.36791535736549885;0.1771482121917308;0.17675363678090705;0.3977021655278869;0.0;0.0;0.0;0.0;0.46146437926305783;0.15086764992126545;0.45412639793943993;0.0;0.0;0.12897478906939241;0.17737838457058963;0.17675528302784907;0.0;0.19457711034804706;0.0;0.12897478906939241;0.0;0.146764923689912;0.0;0.0;0.24467355513675254;0.1718483559253999;0.40649314164740064;0.0;0.0;0.0;0.0;0.0;0.0
GO:0006366;0.0;0.5777401744559274;1.0;0.0;0.8846065548871033;0.3289490772756115;0.14808020019645934;0.0;0.0;0.3432382734182659;0.0;0.0;0.14808534857979577;0.12918578541480943;0.0;0.14808348382849748;0.15553635577636976;0.3200612200595402;0.5053966995064436;0.0;0.15553635577636976;0.6210142211095875;0.0;0.0;0.0;0.1416770167635636;0.0;0.14133267702408459;0.0;0.0;0.14808449645097113;0.14491010457512477;0.36755640518278937;0.36146701830905803;0.15212088720995598;0.12156869007777932;0.13182387548341035;0.0;0.5777401744559274;0.0;0.0;0.155897173630161;0.0;0.16001084115038958;0.4279174430460192;0.3214900333537512;0.15200753697478026;0.15171691796475154;0.349658530399101;0.0;0.0;0.0;0.0;0.14811671749645755;0.0;0.40347452122611527;0.0;0.0;0.11511342860516663;0.0;0.15171813086675942;0.0;0.125840583070828;0.0;0.11511342860516663;0.0;0.1290780988404391;0.0;0.0;0.0;0.14808859642551378;0.35019258594952524;0.0;0.0;0.0;0.0;0.0;0.0
GO:0051092;0.19561475237956627;0.0;0.0;1.0;0.0;0.0;0.2838272946332408;0.4592096907068917;0.2378226423405276;0.0;0.0;0.2768538874996712;0.2838384811972105;0.0;0.280134022405457;0.2838344293968432;0.30013791802303214;0.17330568648866312;0.0;0.284422201775334;0.30013791802303214;0.0;0.21334819576327588;0.30756813643787456;0.27676741602647503;0.0;0.2563737046448823;0.2692548636030031;0.15415675027022122;0.4176891962067042;0.2838366296585938;0.0;0.0;0.0;0.0;0.0;0.0;0.199939983774723;0.0;0.0;0.3410648535746849;0.0;0.0;0.0;0.0;0.0;0.0;0.2917552447866604;0.0;0.19667671600004225;0.22127331977336223;0.25638701619959675;0.2768538874996712;0.0;0.0;0.0;0.24418718170960735;0.21309857522526643;0.12672493898979553;0.0;0.29175789758965925;0.24936285801319116;0.23645524383900435;0.20624929704000203;0.12672493898979553;0.8508267791723823;0.0;0.17285140625102646;0.262893509714855;0.0;0.2838455382686787;0.0;0.23901289096790188;0.18499058891912154;0.21037931167799587;0.21420500301577552;0.22148383869818258;0.2157527332525996
GO:0006367;0.0;0.5725242197320545;0.8846065548871033;0.0;1.0;0.35234076104260037;0.15941268994850097;0.0;0.0;0.32633986262170595;0.0;0.0;0.15941865650594333;0.13772741173368125;0.0;0.15941649540722727;0.16808717109795196;0.3032535512621456;0.49741237411333505;0.0;0.16808717109795196;0.6603622858761337;0.0;0.0;0.0;0.15201641701020108;0.0;0.15162005474737658;0.0;0.0;0.15941766895576745;0.15574482600413728;0.3878612363486452;0.3446098952598794;0.16410530445309088;0.12910336926236624;0.1407299442218054;0.0;0.5725242197320545;0.0;0.0;0.16850864881830083;0.0;0.17332507753645837;0.41206440880327966;0.34379694518187276;0.16397339847735393;0.1636352750877264;0.3728166682826088;0.0;0.0;0.0;0.0;0.15945501121445463;0.0;0.38709497342343535;0.0;0.0;0.1218470133420206;0.0;0.16363668603838355;0.0;0.1339317213701489;0.0;0.1218470133420206;0.0;0.1376050208872551;0.0;0.0;0.0;0.15942242051123642;0.37704498134710246;0.0;0.0;0.0;0.0;0.0;0.0
GO:0046339;0.0;0.3777170593636115;0.3289490772756115;0.0;0.35234076104260037;1.0;0.2610059428668147;0.0;0.0;0.34384805468130764;0.0;0.0;0.2610219380492174;0.2075109497244588;0.0;0.26101614447488586;0.28509537832350634;0.31173923592397146;0.3122780897342058;0.0;0.28509537832350634;0.46322237693683305;0.0;0.0;0.0;0.24174787930277045;0.0;0.24074702982089977;0.0;0.0;0.26101929056617984;0.2513154410281434;0.5358957373977437;0.3704178161335384;0.2738261389581337;0.18853569841534049;0.2144030697319203;0.0;0.3777170593636115;0.0;0.0;0.28631000989977023;0.0;0.3004979581314158;0.4785403964977857;0.6760824129836058;0.2734590801035166;0.27251997204008;0.42361715048513693;0.0;0.0;0.0;0.0;0.2611194144584883;0.0;0.43654854719340036;0.0;0.0;0.17345100377177042;0.0;0.2725238854660935;0.0;0.19901308918018912;0.0;0.17345100377177042;0.0;0.20723323768876098;0.0;0.0;0.0;0.2610320290093652;0.4411766062376037;0.0;0.0;0.0;0.0;0.0;0.0
GO:0007259;0.31369523055522053;0.17183704943400305;0.14808020019645934;0.2838272946332408;0.15941268994850097;0.2610059428668147;1.0;0.22373424187938584;0.2853475908245224;0.15528502309091943;0.0;0.3862451900676291;0.7101723438321682;0.23036279941135354;0.3646205900022566;0.8069524224381796;0.8931419216524134;0.3783149547250124;0.140073045256904;0.5061003500705202;0.7860049597902689;0.21472952251944621;0.24490696974195195;0.4236240207778058;0.38603493677884015;0.2733363052728631;0.3390323831323579;0.6478354133161103;0.2021469406482182;0.29158138796163546;0.7101641137897481;0.2856311283071825;0.17329623564327892;0.16824927682077484;0.3150689765656807;0.20721131995925615;0.2388876516977408;0.22420112605194903;0.17183704943400305;0.0;0.16676161836692738;0.3317108879305159;0.0;0.3509060657732006;0.22258584521780667;0.25005604035976375;0.3145831183966037;0.7461414102593594;0.23101500052341678;0.21930604088732808;0.2576135795440605;0.33906147186029256;0.3862451900676291;0.29836306237874477;0.0;0.20117557397132385;0.3132039691829732;0.24451252623805936;0.25808313927998;0.0;0.7461537299471432;0.32398115354157037;0.5237243976342535;0.2338236255601554;0.25808313927998;0.3300483957891537;0.23002060464742408;0.31431891145546736;0.4417323351205568;0.0;0.7102037131012942;0.0;0.3027014325747905;0.20221735024086615;0.35347708612216616;0.3196503961632097;0.3859929774182597;0.3689146492238068
GO:0042535;0.19850972090568195;0.0;0.0;0.4592096907068917;0.0;0.0;0.22373424187938584;1.0;0.23228005660493792;0.0;0.0;0.3899458889618325;0.2237411929177347;0.0;0.26612635691651704;0.22373867524833102;0.233747489319712;0.14888772716982024;0.0;0.2241037407315762;0.233747489319712;0.0;0.2118193117647709;0.28710021918762174;0.2193241560643678;0.0;0.20631849424402887;0.21457972489097127;0.13453114586837867;0.5240283738472261;0.22374004242806306;0.0;0.0;0.0;0.0;0.0;0.0;0.20032066320366207;0.0;0.0;0.25603875069206483;0.0;0.0;0.0;0.0;0.0;0.0;0.22863154158265334;0.0;0.1974902825302552;0.21851838671313487;0.20632711516650984;0.3899458889618325;0.0;0.0;0.0;0.19835215932624278;0.21160714374152229;0.10536145762379363;0.0;0.22863317065019567;0.20175366215850837;0.19321993756792954;0.20575747874485062;0.10536145762379363;0.4640828842230122;0.0;0.13540326819253784;0.2105200772528074;0.0;0.22374557793774363;0.0;0.1949244042023662;0.23994339843666454;0.16847011125657912;0.21366912802558985;0.21931331608424823;0.17189847154886737
GO:2000439;0.19651641925667265;0.0;0.0;0.2378226423405276;0.0;0.0;0.2853475908245224;0.23228005660493792;1.0;0.0;0.0;0.2783002061746151;0.2853588975515463;0.0;0.7325021354550012;0.2853548022272804;0.30183849120746736;0.1738713271504702;0.0;0.28594889492273345;0.30183849120746736;0.0;0.76207746564867;0.35847854192295586;0.3872070679439011;0.0;0.25761347685651914;0.2706226793080703;0.21635225888832016;0.23441533927337568;0.28535702612387126;0.0;0.0;0.0;0.0;0.0;0.0;0.6508525595861102;0.0;0.0;0.13301729567976325;0.0;0.0;0.0;0.0;0.0;0.0;0.2933618982657199;0.0;0.29325655103580195;0.7904842077164157;0.2576269174699573;0.2783002061746151;0.0;0.0;0.0;0.34144080380936775;0.7611827762474447;0.12723669721350428;0.0;0.29336458036649704;0.25053559614286214;0.23750946007819676;0.2744492091755991;0.12723669721350428;0.21972737126646097;0.0;0.1738049164144693;0.26419730102090166;0.0;0.2853660304306295;0.0;0.3341491461286542;0.48299627088212127;0.2641783469268066;0.25801869010916434;0.22264046164830503;0.21685012490564803
GO:0035518;0.0;0.3792206976886361;0.3432382734182659;0.0;0.32633986262170595;0.34384805468130764;0.15528502309091943;0.0;0.0;1.0;0.0;0.0;0.15529068465942644;0.13463546476161006;0.0;0.15528863402956372;0.16350452292606307;0.5189325434095916;0.330280426329684;0.0;0.16350452292606307;0.39444425552907186;0.0;0.0;0.0;0.2514669191218235;0.0;0.14788134107141965;0.0;0.0;0.15528974759001796;0.15180256906291834;0.26856616969493147;0.44567868531271304;0.15973438101386356;0.12638268998733243;0.13750329468490058;0.0;0.3792206976886361;0.0;0.0;0.2780029102509476;0.0;0.16845650803503318;0.701035029926534;0.335706390987901;0.15960940538331284;0.15928902256878005;0.3647348785141547;0.0;0.0;0.0;0.0;0.15532518080899363;0.0;0.778121674221596;0.0;0.0;0.11942070114037893;0.0;0.1592903595630919;0.0;0.13100604052243991;0.0;0.11942070114037893;0.0;0.13451850518750091;0.0;0.0;0.0;0.15529425625667534;0.46795193804213625;0.0;0.0;0.0;0.0;0.0;0.0
GO:0001701;0.0;0.0;0.0;0.0;0.0;0.0;0.0;0.0;0.0;0.0;1.0;0.0;0.0;0.0;0.0;0.0;0.0;0.0;0.0;0.0;0.0;0.0;0.0;0.0;0.0;0.0;0.0;0.0;0.0;0.0;0.0;0.38453098944940345;0.0;0.0;0.3160996574975291;0.0;0.0;0.0;0.0;0.47735389797752187;0.0;0.0;0.3012000028804306;0.35218502392339196;0.0;0.0;0.42363492096769834;0.0;0.0;0.0;0.0;0.0;0.0;0.0;0.0;0.0;0.0;0.0;0.0;0.0;0.0;0.0;0.0;0.0;0.0;0.0;0.0;0.0;0.0;0.0;0.0;0.0;0.0;0.0;0.0;0.0;0.0;0.0
GO:0032729;0.3787944041209357;0.0;0.0;0.2768538874996712;0.0;0.0;0.3862451900676291;0.3899458889618325;0.2783002061746151;0.0;0.0;1.0;0.3862710765108421;0.0;0.35319200936528644;0.3862617002137813;0.4255708803643182;0.1853028982945253;0.0;0.38762383019099256;0.4255708803643182;0.0;0.23969736654561608;0.40827524083741157;0.462560549003459;0.0;0.4082810706421904;0.3536950960955996;0.1589276374911909;0.35292776246025664;0.3862667918302603;0.0;0.0;0.0;0.0;0.0;0.0;0.21982731830612903;0.0;0.0;0.13151345361028785;0.0;0.0;0.0;0.0;0.0;0.0;0.40495655317885726;0.0;0.2151193555563289;0.2518557233407191;0.4083148315156979;0.8226322416182144;0.0;0.0;0.0;0.37822110545864013;0.23931951263356857;0.18391410260303767;0.0;0.40496293924258764;0.39078415831921637;0.28809962394868355;0.2290703015856648;0.18391410260303767;0.25662211836604604;0.0;0.30016235932391305;0.3401838712069252;0.0;0.38628740777262816;0.0;0.36595026071927783;0.2764428041311482;0.340144606661354;0.3108329555589606;0.46251233547377546;0.35441607229688193
GO:0016055;0.3137123053926923;0.1718439823019244;0.14808534857979577;0.2838384811972105;0.15941865650594333;0.2610219380492174;0.7101723438321682;0.2237411929177347;0.2853588975515463;0.15529068465942644;0.0;0.3862710765108421;1.0;0.23037525917991553;0.3646390518704744;0.7102040609561127;0.7860658772866084;0.332945061587607;0.14007765190687987;0.5061359193506332;0.7860658772866084;0.21474034849901372;0.2449152986551795;0.42364894134840386;0.38606079504611324;0.2733538474827066;0.33905232771814575;0.91221720613858;0.20215261502036683;0.29159614022573;0.7102138423253542;0.28565028418185545;0.17330328675700654;0.16825592320370056;0.315092284576039;0.20722140110455314;0.2389010507336883;0.22420810613159736;0.1718439823019244;0.0;0.16676548002251654;0.3317367233232982;0.0;0.350934977852296;0.2225974778922373;0.25007072157440685;0.3146063545746068;0.8479071202095022;0.23102753094574285;0.2193127194913311;0.25762279515896924;0.3390814198687893;0.3862710765108421;0.29838396411322843;0.0;0.2011850763602625;0.31322099058088526;0.24452082834359098;0.2580945999232528;0.0;0.7462086266669182;0.3239993665218355;0.5237514425637281;0.23383121766435397;0.2580945999232528;0.33006352256721644;0.2300330274255016;0.3143421086179768;0.4417594318141467;0.0;0.807065045552118;0.0;0.30271733154044883;0.20222302856662813;0.3534987664715883;0.3196645848123536;0.38601883006441595;0.3689382647001581
GO:0071456;0.0;0.34691541572958795;0.12918578541480943;0.0;0.13772741173368125;0.2075109497244588;0.23036279941135354;0.0;0.0;0.13463546476161006;0.0;0.0;0.23037525917991553;1.0;0.0;0.23037074617954761;0.24892672977031383;0.29011191467555364;0.3328541167784443;0.0;0.24892672977031383;0.17715689690224004;0.0;0.0;0.0;0.21523014895223874;0.0;0.21443646626701943;0.0;0.0;0.2303731968822163;0.22278108600579313;0.1479693087788924;0.14427402978141057;0.24029216084848154;0.1720079850153749;0.19328300526011077;0.0;0.34691541572958795;0.0;0.0;0.24985222163861312;0.0;0.2605891764853905;0.18247039449159794;0.20052955932964914;0.24000945395035167;0.23928573483639137;0.18809665470676076;0.0;0.0;0.0;0.0;0.5442124273393393;0.26088948157126185;0.16782818283054726;0.0;0.0;0.1593634343632509;0.24043215822615052;0.239288751961457;0.0;0.30862986921001795;0.0;0.1593634343632509;0.0;0.18743689082581677;0.0;0.0;0.3348249727067596;0.23038311964374428;0.0;0.0;0.0;0.0;0.0;0.0;0.0
GO:2000473;0.24174488500118366;0.0;0.0;0.280134022405457;0.0;0.0;0.3646205900022566;0.26612635691651704;0.7325021354550012;0.0;0.0;0.35319200936528644;0.3646390518704744;0.0;1.0;0.364632364889566;0.3919863605970463;0.20042254396708453;0.0;0.36560297663306207;0.3919863605970463;0.0;0.6449670985675776;0.4460237904947008;0.35305128932713503;0.0;0.32052683441326413;0.3409175095405142;0.21024414340942613;0.2853871884814491;0.3646359961348555;0.0;0.0;0.0;0.0;0.0;0.0;0.5983704484432345;0.0;0.0;0.14801880274829377;0.0;0.0;0.0;0.0;0.0;0.0;0.37780928729038654;0.0;0.26161102473218695;0.672955406632417;0.320547641738467;0.3531920093652865;0.0;0.0;0.0;0.41992890078787376;0.6440909851463058;0.1521811273347436;0.0;0.37781373579535216;0.3096427831778458;0.2899863897439082;0.3159716123701516;0.1521811273347436;0.26390979776663087;0.0;0.22394779321870736;0.3307830930974228;0.0;0.3646506987986727;0.0;0.2938426181672539;0.5475077399485656;0.2647027559961877;0.25721933663482177;0.2825253484225821;0.2732659454938589
GO:0019722;0.3137061207862688;0.1718414711990005;0.14808348382849748;0.2838344293968432;0.15941649540722727;0.26101614447488586;0.8069524224381796;0.22373867524833102;0.2853548022272804;0.15528863402956372;0.0;0.3862617002137813;0.7102040609561127;0.23037074617954761;0.364632364889566;1.0;0.8931860699661526;0.37832287550254584;0.14007598337412663;0.5061230358182264;0.7860438122869707;0.21473642727566605;0.24491228191318093;0.4236399149460541;0.3860514289548432;0.2733474935517684;0.33904510365177;0.6478618066319494;0.20215055976399895;0.2915907968821024;0.7101958301785537;0.28564334575563005;0.17330073282458378;0.16825351586768597;0.31508384217254576;0.20721774966797335;0.23889619751903543;0.22420557794331666;0.1718414711990005;0.0;0.1667640813360788;0.3317273654523133;0.0;0.3509245055406854;0.22259326447506306;0.25006540393771476;0.31459793819015114;0.7461764216658557;0.23102299235372892;0.2193103004987261;0.2576194572488404;0.3390741945626616;0.3862617002137813;0.2983763933067954;0.0;0.20118163455497326;0.3132148253309194;0.24451782131147592;0.25809044883748294;0.0;0.7461887425098366;0.3239927696658979;0.5237416467488613;0.23382846779813674;0.25809044883748294;0.33005804358940155;0.23002852782353206;0.31433370636566965;0.44174961718931693;0.0;0.7102354330273394;0.0;0.30271157284870914;0.20222097187824958;0.3534909136871129;0.3196594456332126;0.38600946600920727;0.3689297109836433
GO:0035556;0.33914822171593495;0.18195930074196912;0.15553635577636976;0.30013791802303214;0.16808717109795196;0.28509537832350634;0.8931419216524134;0.233747489319712;0.30183849120746736;0.16350452292606307;0.0;0.4255708803643182;0.7860658772866084;0.24892672977031383;0.3919863605970463;0.8931860699661526;1.0;0.39625031111531756;0.14672653162644697;0.5604046064396283;0.8800448626754314;0.23077158250460267;0.2569560975029328;0.4610172798664382;0.42531564763327706;0.29987125078458;0.3689592275257041;0.710403338211722;0.21028597766487542;0.31344719728357145;0.7860557942367888;0.31473395580322727;0.18359627901315184;0.17794133706755952;0.350855543181918;0.2221107297680935;0.25891067773765186;0.2342571471607547;0.18195930074196912;0.0;0.17226184693153948;0.371617198814829;0.0;0.3958776174692267;0.23987048810805878;0.2720813582967899;0.35025315166407966;0.8303733106208108;0.24968845616446725;0.22891832712744878;0.27097956001478735;0.36899367857125703;0.4255708803643182;0.3302630970101926;0.0;0.21519027850157846;0.3385740778982838;0.25652192135365454;0.2749158522511755;0.0;0.8303885688799914;0.3512031189821535;0.5638725767522715;0.24478245619821887;0.2749158522511755;0.3523122805064314;0.24852720864579705;0.34992566309608664;0.48254475307504696;0.0;0.7861043096265699;0.0;0.32633442600889045;0.21036217226675896;0.38613116917673723;0.3404892684035642;0.42526471530161664;0.4046273326316989
GO:0051403;0.16679598543198373;0.4926797097101977;0.3200612200595402;0.17330568648866312;0.3032535512621456;0.31173923592397146;0.3783149547250124;0.14888772716982024;0.1738713271504702;0.5189325434095916;0.0;0.1853028982945253;0.332945061587607;0.29011191467555364;0.20042254396708453;0.37832287550254584;0.39625031111531756;1.0;0.4332388789126492;0.23681112877116248;0.3487180506305764;0.3612073388778712;0.1579762635945867;0.2170390598497508;0.1852544917522418;0.13409302508122284;0.17369821926588047;0.31857365079127087;0.13900900955212328;0.160330541466803;0.3329432526549839;0.13698570829208495;0.3167157985660113;0.4130837634614449;0.14341192566056793;0.11594197792692078;0.12523354770712275;0.1490943407983379;0.4926797097101976;0.0;0.1213082049991574;0.14676343923919133;0.0;0.15040357496868456;0.6407929462080841;0.4302366420501628;0.14331117827431356;0.34064375954809467;0.33275995361873034;0.14691364463308557;0.16316767886312103;0.1737058543693364;0.1853028982945253;0.33025162255657803;0.1256098621080698;0.6058565859540737;0.16665699446287457;0.15781204794440837;0.15017753593215263;0.14346178071877708;0.34064632730787403;0.16966003648217537;0.32900528902797105;0.15328936928547293;0.15017753593215263;0.18951093074772582;0.12275286683277312;0.1432563212609324;0.22169527010226325;0.1968849060534399;0.3329519562317322;0.42125366164111805;0.163635966249434;0.13904230126493108;0.17741259629934572;0.1860361411601306;0.18524482818026264;0.18121868589064025
GO:0070914;0.0;0.7962753759150631;0.5053966995064436;0.0;0.49741237411333505;0.3122780897342058;0.140073045256904;0.0;0.0;0.330280426329684;0.0;0.0;0.14007765190687987;0.3328541167784443;0.0;0.14007598337412663;0.14672653162644697;0.4332388789126492;1.0;0.0;0.14672653162644697;0.5926194586614982;0.0;0.0;0.0;0.13433019157241555;0.0;0.1340205991323489;0.0;0.0;0.14007688944363372;0.13723322700684268;0.248911645482868;0.3471250443252599;0.14368323507930977;0.11611924105120354;0.12544038629895818;0.0;0.796275375915063;0.0;0.0;0.14704759031088557;0.0;0.1507020106259616;0.4079631988053658;0.3055481958563897;0.1435821062752265;0.14332278363195738;0.33302419994249566;0.0;0.0;0.0;0.0;0.37614299055503214;0.2532559481367483;0.3856873919121757;0.0;0.0;0.11021568482568803;0.1437332789823629;0.14332386603241823;0.0;0.2853170655121203;0.0;0.11021568482568803;0.0;0.1229515857828858;0.0;0.0;0.197265521988788;0.1400805579924506;0.33122408564918054;0.0;0.0;0.0;0.0;0.0;0.0
GO:1901990;0.3146039911869068;0.0;0.0;0.284422201775334;0.0;0.0;0.5061003500705202;0.2241037407315762;0.28594889492273345;0.0;0.0;0.38762383019099256;0.5061359193506332;0.0;0.36560297663306207;0.5061230358182264;0.5604046064396283;0.23681112877116248;0.0;1.0;0.5604046064396283;0.0;0.24534978069018384;0.4249506532098021;0.38741207370433706;0.0;0.340094121885466;0.46155761764298353;0.2024485281416558;0.2923663788010526;0.5061300319671419;0.0;0.0;0.0;0.0;0.0;0.0;0.224572169917652;0.0;0.0;0.16696680911734907;0.0;0.0;0.0;0.0;0.0;0.0;0.5318713528880178;0.0;0.21966104646297466;0.258103577544292;0.34012339309935075;0.38762383019099256;0.0;0.0;0.0;0.31410988161035686;0.24495391068021063;0.1895801936018725;0.0;0.531880169142237;0.32495057900656144;0.37289034265651694;0.2342272312741678;0.1895801936018725;0.33085311502966064;0.0;0.3155547658299623;0.44317500172040286;0.0;0.5061583594482859;0.0;0.30354752641955135;0.20251914801897958;0.35463137839248554;0.32040515163182626;0.3873698144554038;0.37017214634402895
GO:0007186;0.33914822171593495;0.18195930074196912;0.15553635577636976;0.30013791802303214;0.16808717109795196;0.28509537832350634;0.7860049597902689;0.233747489319712;0.30183849120746736;0.16350452292606307;0.0;0.4255708803643182;0.7860658772866084;0.24892672977031383;0.3919863605970463;0.7860438122869707;0.8800448626754314;0.3487180506305764;0.14672653162644697;0.5604046064396283;1.0;0.23077158250460267;0.2569560975029328;0.4610172798664382;0.42531564763327706;0.29987125078458;0.3689592275257041;0.710403338211722;0.21028597766487542;0.31344719728357145;0.8931996851241135;0.31473395580322727;0.18359627901315184;0.17794133706755952;0.350855543181918;0.2221107297680935;0.25891067773765186;0.2342571471607547;0.18195930074196912;0.0;0.17226184693153948;0.371617198814829;0.0;0.3958776174692267;0.23987048810805878;0.2720813582967899;0.35025315166407966;0.8303733106208108;0.24968845616446725;0.22891832712744878;0.27097956001478735;0.36899367857125703;0.4255708803643182;0.3302630970101926;0.0;0.21519027850157846;0.3385740778982838;0.25652192135365454;0.2749158522511755;0.0;0.9435752699646706;0.3512031189821535;0.5638725767522715;0.24478245619821887;0.2749158522511755;0.3523122805064314;0.24852720864579705;0.34992566309608664;0.48254475307504696;0.0;0.7861043096265699;0.0;0.32633442600889045;0.21036217226675896;0.38613116917673723;0.3404892684035642;0.42526471530161664;0.4046273326316989
GO:0006296;0.0;0.7024098956495799;0.6210142211095875;0.0;0.6603622858761337;0.46322237693683305;0.21472952251944621;0.0;0.0;0.39444425552907186;0.0;0.0;0.21474034849901372;0.17715689690224004;0.0;0.21473642727566605;0.23077158250460267;0.3612073388778712;0.5926194586614982;0.0;0.23077158250460267;1.0;0.0;0.0;0.0;0.20152221662122707;0.0;0.2008262497492781;0.0;0.0;0.21473855662589375;0.20812719169019475;0.3362467779718343;0.4214511290322138;0.22333176387832793;0.16313941840681626;0.18215588479056494;0.0;0.7024098956495799;0.0;0.0;0.23156678264484748;0.0;0.24076076165834545;0.526946046927153;0.4485667766012148;0.22308753655056754;0.22246213881928525;0.47978124553576385;0.0;0.0;0.0;0.0;0.21480631812994133;0.0;0.4867914579457543;0.0;0.0;0.15172186152398678;0.0;0.2224647466027501;0.0;0.17092596443623756;0.0;0.15172186152398678;0.0;0.17695444874791008;0.0;0.0;0.0;0.21474717821747671;0.5082256622205391;0.0;0.0;0.0;0.0;0.0;0.0
GO:0090026;0.1720662027755816;0.0;0.0;0.21334819576327588;0.0;0.0;0.24490696974195195;0.2118193117647709;0.76207746564867;0.0;0.0;0.23969736654561608;0.2449152986551795;0.0;0.6449670985675776;0.24491228191318093;0.2569560975029328;0.1579762635945867;0.0;0.24534978069018384;0.2569560975029328;0.0;1.0;0.311971189472861;0.33351235325831863;0.0;0.3985512653569828;0.23398013376809595;0.2269240710802865;0.20641463387161232;0.2449139201054329;0.0;0.0;0.0;0.0;0.0;0.0;0.8275004037024751;0.0;0.0;0.12351008746733581;0.0;0.0;0.0;0.0;0.0;0.0;0.25078720360745227;0.0;0.2677746586316645;0.6508321730699015;0.22420180992537778;0.23969736654561608;0.0;0.0;0.0;0.29899587555129853;0.6289627969904301;0.11315026709416327;0.0;0.25078916370573057;0.2188119601677488;0.20880994531850314;0.24954275243436136;0.11315026709416327;0.19494014624220554;0.0;0.14854394809030277;0.2291614689563907;0.0;0.24492055292431772;0.0;0.3759400049663322;0.607731408433347;0.27490733465508443;0.22946055105038765;0.23961960513012143;0.18745677353569468
GO:0006293;0.27327770590219314;0.0;0.0;0.30756813643787456;0.0;0.0;0.4236240207778058;0.28710021918762174;0.35847854192295586;0.0;0.0;0.40827524083741157;0.42364894134840386;0.0;0.4460237904947008;0.4236399149460541;0.4610172798664382;0.2170390598497508;0.0;0.4249506532098021;0.4610172798664382;0.0;0.311971189472861;1.0;0.40808721682884114;0.0;0.3652473691573835;0.39196198600293614;0.1878210019344156;0.32030560206504216;0.42364481656563563;0.0;0.0;0.0;0.0;0.0;0.0;0.2876526046521231;0.0;0.0;0.15688968414775023;0.0;0.0;0.0;0.0;0.0;0.0;0.44153132362656033;0.0;0.28185213695696515;0.3267233617800378;0.3652743879285147;0.4082752408374117;0.0;0.0;0.0;0.3410020682675862;0.3115111742844668;0.16876937237084813;0.0;0.4415373992761973;0.3511809589711119;0.3261105687957245;0.3818862352322628;0.16876937237084813;0.2934978165507798;0.0;0.26181745169291065;0.3786249502908267;0.0;0.4236646630495605;0.0;0.33099548701734705;0.2614467053602653;0.30298333841630065;0.28524652077899404;0.32656318429042575;0.3142551232992836
GO:0090265;0.30302057238540514;0.0;0.0;0.27676741602647503;0.0;0.0;0.38603493677884015;0.2193241560643678;0.3872070679439011;0.0;0.0;0.462560549003459;0.38606079504611324;0.0;0.35305128932713503;0.3860514289548432;0.42531564763327706;0.1852544917522418;0.0;0.38741207370433706;0.42531564763327706;0.0;0.33351235325831863;0.40808721682884114;1.0;0.0;0.4080930412651891;0.3535187789161817;0.23757490203735734;0.35278725286586804;0.38605651502929605;0.0;0.0;0.0;0.0;0.0;0.0;0.30587223747975245;0.0;0.0;0.13148906916185618;0.0;0.0;0.0;0.0;0.0;0.0;0.40472544142171946;0.0;0.29932307150020243;0.350424554085527;0.4081267710481714;0.462560549003459;0.0;0.0;0.0;0.3780597389277274;0.33298675331638156;0.1838495854087489;0.0;0.4047318201983231;0.3906118962385731;0.2879826303531269;0.22901110010165002;0.1838495854087489;0.2565292892646575;0.0;0.299990544124128;0.34002076433416983;0.0;0.3860771085312671;0.0;0.5091067634369667;0.19860788373679159;0.4248162915859511;0.3107239599320243;0.3699566757086993;0.3542390357507581
GO:0006294;0.0;0.1632739075410429;0.1416770167635636;0.0;0.15201641701020108;0.24174787930277045;0.2733363052728631;0.0;0.0;0.2514669191218235;0.0;0.0;0.2733538474827066;0.21523014895223874;0.0;0.2733474935517684;0.29987125078458;0.13409302508122284;0.13433019157241555;0.0;0.29987125078458;0.20152221662122707;0.0;0.0;0.0;1.0;0.0;0.2511992211751141;0.0;0.0;0.27335094393249787;0.2627271930093746;0.16459072912449674;0.1600314300493526;0.287429110164617;0.19488612107831207;0.2226537377921214;0.0;0.1632739075410429;0.0;0.0;0.5109033202104619;0.0;0.3169596164700141;0.20842629071419855;0.23232505218706218;0.28702470333539826;0.28599028682120664;0.21579937175428268;0.0;0.0;0.0;0.0;0.27346075384383456;0.0;0.18953778199191817;0.0;0.0;0.17881144140069619;0.0;0.2859945966828746;0.0;0.20610221063087739;0.0;0.17881144140069619;0.0;0.21493140628222615;0.0;0.0;0.0;0.27336491447599115;0.0;0.0;0.0;0.0;0.0;0.0;0.0
GO:0050729;0.27328096953391895;0.0;0.0;0.2563737046448823;0.0;0.0;0.3390323831323579;0.20631849424402887;0.25761347685651914;0.0;0.0;0.4082810706421904;0.33905232771814575;0.0;0.32052683441326413;0.33904510365177;0.3689592275257041;0.17369821926588047;0.0;0.340094121885466;0.3689592275257041;0.0;0.3985512653569828;0.3652473691573835;0.4080930412651891;0.0;1.0;0.31369245496047443;0.18782223570065473;0.3203091902569071;0.3390490265463884;0.0;0.0;0.0;0.0;0.0;0.0;0.3674834195113845;0.0;0.0;0.1255598943745622;0.0;0.0;0.0;0.0;0.0;0.0;0.3533640758945028;0.0;0.20254704434142312;0.23479306061536606;0.36527905436882285;0.40828107064219044;0.0;0.0;0.0;0.34100613514356837;0.22386104765753978;0.16877105668788167;0.0;0.3533689384022304;0.351185272264287;0.26099007802852947;0.21486826002384726;0.16877105668788167;0.23488944548969615;0.0;0.2618215052485885;0.303018504360293;0.0;0.33906491020764623;0.0;0.4606233523809627;0.33400450568499707;0.3785910360199159;0.22828577924599078;0.40805551326202855;0.3142594390688776
GO:0007223;0.2918794124862762;0.16281675510366864;0.14133267702408459;0.2692548636030031;0.15162005474737658;0.24074702982089977;0.6478354133161103;0.21457972489097127;0.2706226793080703;0.14788134107141965;0.0;0.3536950960955996;0.91221720613858;0.21443646626701943;0.3409175095405142;0.6478618066319494;0.710403338211722;0.31857365079127087;0.1340205991323489;0.46155761764298353;0.710403338211722;0.2008262497492781;0.23398013376809595;0.39196198600293614;0.3535187789161817;0.2511992211751141;0.31369245496047443;1.0;0.1946441500955848;0.2726400939344112;0.6478699461292134;0.26154551958493893;0.16412618347446298;0.15959223019463473;0.2860153839813017;0.19423516165092014;0.22180446846447252;0.21500914712399127;0.16281675510366864;0.0;0.16162222939440346;0.2996631171085499;0.0;0.31524134309860796;0.20768190792649263;0.23140055499270104;0.2856149427647348;0.7700515211296852;0.2150014931671191;0.21050318562187736;0.24555140867630115;0.31371735773439935;0.3536950960955996;0.2721807901968414;0.0;0.18892200494305236;0.2914540580035912;0.23362007640453641;0.24325022963275256;0.0;0.6776900477916634;0.30076416128947636;0.4890464230899908;0.22384325433369773;0.24325022963275256;0.3105066725802143;0.21413992130364412;0.2853971372680688;0.407415222719246;0.0;0.736215766160707;0.0;0.28233830843732194;0.19470942925944076;0.326019347636045;0.301286325234262;0.3534835901051666;0.3391073120999387
GO:0043310;0.18132876929073954;0.0;0.0;0.15415675027022122;0.0;0.0;0.2021469406482182;0.13453114586837867;0.21635225888832016;0.0;0.0;0.1589276374911909;0.20215261502036683;0.0;0.21024414340942613;0.20215055976399895;0.21028597766487542;0.13900900955212328;0.0;0.2024485281416558;0.21028597766487542;0.0;0.2269240710802865;0.1878210019344156;0.23757490203735734;0.0;0.18782223570065473;0.1946441500955848;1.0;0.14019902965808434;0.20215167583834942;0.0;0.0;0.0;0.0;0.0;0.0;0.21539746228276732;0.0;0.0;0.1553015261726307;0.0;0.0;0.0;0.0;0.0;0.0;0.20613636156592252;0.0;0.21095223554856607;0.2044280046474841;0.1503203212976245;0.1589276374911909;0.0;0.0;0.0;0.1450126447736103;0.19839993930152003;0.09710466986857766;0.0;0.20613768583338812;0.14728099914466977;0.17690481594783955;0.1928904872226021;0.09710466986857766;0.16684760988935132;0.0;0.12206472059330105;0.26619783519788504;0.0;0.2021561946458154;0.0;0.24820241429818365;0.17694131958737525;0.4140531221449119;0.29272340460326945;0.1985310819596951;0.1948186939796559
GO:0045732;0.24159018310964753;0.0;0.0;0.4176891962067042;0.0;0.0;0.29158138796163546;0.5240283738472261;0.23441533927337568;0.0;0.0;0.35292776246025664;0.29159614022573;0.0;0.2853871884814491;0.2915907968821024;0.31344719728357145;0.160330541466803;0.0;0.2923663788010526;0.31344719728357145;0.0;0.20641463387161232;0.32030560206504216;0.35278725286586804;0.0;0.3203091902569071;0.2726400939344112;0.14019902965808434;1.0;0.29159369848923555;0.0;0.0;0.0;0.0;0.0;0.0;0.19150794215221173;0.0;0.0;0.20617257391529403;0.0;0.0;0.0;0.0;0.0;0.0;0.302119742770298;0.0;0.18792497231291527;0.21536789483684649;0.3203299693336044;0.3529277624602567;0.0;0.0;0.0;0.3015093706362379;0.20613436592229248;0.15209816356126452;0.0;0.30212329722397774;0.3094396643597318;0.23193425173727272;0.19848506452619274;0.15209816356126452;0.4193758987173939;0.0;0.22376817563984103;0.2645410317953407;0.0;0.29160544689760554;0.0;0.29365969347072785;0.17523542364583714;0.264517286893969;0.20574109068681803;0.282314072992722;0.2730682868433665
GO:0007188;0.31370947922397524;0.17184283481081788;0.14808449645097113;0.2838366296585938;0.15941766895576745;0.26101929056617984;0.7101641137897481;0.22374004242806306;0.28535702612387126;0.15528974759001796;0.0;0.3862667918302603;0.7102138423253542;0.2303731968822163;0.3646359961348555;0.7101958301785537;0.7860557942367888;0.3329432526549839;0.14007688944363372;0.5061300319671419;0.8931996851241135;0.21473855662589375;0.2449139201054329;0.42364481656563563;0.38605651502929605;0.27335094393249787;0.3390490265463884;0.6478699461292134;0.20215167583834942;0.29159369848923555;1.0;0.2856471135335513;0.17330211969415488;0.16825482313082693;0.31508842665093595;0.20721973251589987;0.23889883296800318;0.22420695083514036;0.17184283481081788;0.0;0.16676484087116722;0.3317324470537312;0.0;0.3509301923121654;0.2225955524952253;0.25006829158127697;0.31460250853950966;0.7461872190038727;0.2310254569534125;0.21931161409374905;0.2576212698456473;0.33907811813050087;0.3862667918302603;0.298380504484501;0.0;0.20118350356678075;0.3132181732575018;0.24451945423094978;0.2580927030126313;0.0;0.8479107962018014;0.32399635196712495;0.5237469661898995;0.2338299610682542;0.2580927030126313;0.33006101885259786;0.230030971250477;0.31433826904089424;0.4417549468362088;0.0;0.7102452152607571;0.0;0.3027147000022029;0.20222208873022893;0.3534951779936094;0.3196622363753415;0.38601455097802256;0.36893435591600404
GO:0046549;0.0;0.16758280000841697;0.14491010457512477;0.0;0.15574482600413728;0.2513154410281434;0.2856311283071825;0.0;0.0;0.15180256906291834;0.38453098944940345;0.0;0.28565028418185545;0.22278108600579313;0.0;0.28564334575563005;0.31473395580322727;0.13698570829208495;0.13723322700684268;0.0;0.31473395580322727;0.20812719169019475;0.0;0.0;0.0;0.2627271930093746;0.0;0.26154551958493893;0.0;0.0;0.2856471135335513;1.0;0.16897033739628503;0.16416871185788995;0.5099113182894127;0.20105659706291645;0.23074433276809353;0.0;0.16758280000841697;0.33149188782527833;0.0;0.3162149174528151;0.28751042741752947;0.5650519741940834;0.21549952837476277;0.2411476926461633;0.7092423885358212;0.2994779125970904;0.22339100619245278;0.0;0.0;0.0;0.0;0.2857670269875862;0.0;0.19536916049349415;0.0;0.0;0.1839924551592551;0.0;0.29948263856390583;0.0;0.21301596968835068;0.0;0.1839924551592551;0.0;0.22246102959452138;0.0;0.0;0.0;0.2856623692575865;0.0;0.0;0.0;0.0;0.0;0.0;0.0
GO:0006654;0.0;0.28879196830119164;0.36755640518278937;0.0;0.3878612363486452;0.5358957373977437;0.17329623564327892;0.0;0.0;0.26856616969493147;0.0;0.0;0.17330328675700654;0.1479693087788924;0.0;0.17330073282458378;0.18359627901315184;0.3167157985660113;0.248911645482868;0.0;0.18359627901315184;0.3362467779718343;0.0;0.0;0.0;0.16459072912449674;0.0;0.16412618347446298;0.0;0.0;0.17330211969415488;0.16897033739628503;1.0;0.28450554346676155;0.1788560743495118;0.13806108404639794;0.1514406305166671;0.0;0.28879196830119164;0.0;0.0;0.18409923933724784;0.0;0.18986338232115196;0.34424550533294584;0.5733924854452431;0.178699400957971;0.178297892967296;0.30184678955171274;0.0;0.0;0.0;0.0;0.1733462507465123;0.0;0.32196664314475504;0.0;0.0;0.12979507986197444;0.0;0.17829956810580203;0.0;0.14359706714394951;0.0;0.12979507986197444;0.0;0.1478280476222526;0.0;0.0;0.0;0.1733077349787393;0.2926065132882966;0.0;0.0;0.0;0.0;0.0;0.0
GO:0043161;0.0;0.40159626633187856;0.36146701830905803;0.0;0.3446098952598794;0.3704178161335384;0.16824927682077484;0.0;0.0;0.44567868531271304;0.0;0.0;0.16825592320370056;0.14427402978141057;0.0;0.16825351586768597;0.17794133706755952;0.4130837634614449;0.3471250443252599;0.0;0.17794133706755952;0.4214511290322138;0.0;0.0;0.0;0.1600314300493526;0.0;0.15959223019463473;0.0;0.0;0.16825482313082693;0.16416871185788995;0.28450554346676155;1.0;0.17348509732511555;0.13483872925222207;0.147572203589594;0.0;0.40159626633187856;0.0;0.0;0.17841375136461865;0.0;0.18382213729149627;0.5681974236252134;0.3609865528368186;0.17333768845118608;0.17295988729763354;0.5807307546243483;0.0;0.0;0.0;0.0;0.1682964207388627;0.0;0.532266691786306;0.0;0.0;0.1269430466833005;0.0;0.17296146363425413;0.0;0.14011437027624046;0.0;0.1269430466833005;0.0;0.14413973283225107;0.0;0.0;0.0;0.16826011609137506;0.5612267078048585;0.0;0.0;0.0;0.0;0.0;0.0
GO:0060837;0.0;0.17730217623007372;0.15212088720995598;0.0;0.16410530445309088;0.2738261389581337;0.3150689765656807;0.0;0.0;0.15973438101386356;0.3160996574975291;0.0;0.315092284576039;0.24029216084848154;0.0;0.31508384217254576;0.350855543181918;0.14341192566056793;0.14368323507930977;0.0;0.350855543181918;0.22333176387832793;0.0;0.0;0.0;0.287429110164617;0.0;0.2860153839813017;0.0;0.0;0.31508842665093595;0.5099113182894127;0.1788560743495118;0.17348509732511555;1.0;0.2152105159023456;0.24958256618225896;0.0;0.17730217623007372;0.37180881993594117;0.0;0.35269694214745956;0.3173571593555747;0.7568126979757772;0.23184263089786356;0.2617989188729092;0.5646876693779492;0.33200160668008644;0.24100188412243076;0.0;0.0;0.0;0.0;0.3152343389591357;0.0;0.20870707950075637;0.0;0.0;0.19577537617119187;0.0;0.33200741488845464;0.0;0.22897060097905164;0.0;0.19577537617119187;0.0;0.23991985482341824;0.0;0.0;0.0;0.31510698932068715;0.0;0.0;0.0;0.0;0.0;0.0;0.0
GO:0035705;0.0;0.13713335922939357;0.12156869007777932;0.0;0.12910336926236624;0.18853569841534049;0.20721131995925615;0.0;0.0;0.12638268998733243;0.0;0.0;0.20722140110455314;0.1720079850153749;0.0;0.20721774966797335;0.2221107297680935;0.11594197792692078;0.11611924105120354;0.0;0.2221107297680935;0.16313941840681626;0.0;0.0;0.0;0.19488612107831207;0.0;0.19423516165092014;0.0;0.0;0.20721973251589987;0.20105659706291645;0.13806108404639794;0.13483872925222207;0.2152105159023456;1.0;0.7733569233858326;0.0;0.13713335922939357;0.0;0.0;0.2228472670069879;0.0;0.23134918322068787;0.16763465683598444;0.18275493476460986;0.21498371879378225;0.21440287272228403;0.17237134968421286;0.0;0.0;0.0;0.0;0.2072828312137554;0.0;0.1551954637267337;0.0;0.0;0.14792948291135105;0.0;0.21440529497987856;0.0;0.16612797167276408;0.0;0.14792948291135105;0.0;0.7519149376504586;0.0;0.0;0.2223372465239861;0.20722776091573908;0.0;0.0;0.0;0.0;0.0;0.0;0.0
GO:0002407;0.0;0.15032510704818056;0.13182387548341035;0.0;0.1407299442218054;0.2144030697319203;0.2388876516977408;0.0;0.0;0.13750329468490058;0.0;0.0;0.2389010507336883;0.19328300526011077;0.0;0.23889619751903543;0.25891067773765186;0.12523354770712275;0.12544038629895818;0.0;0.25891067773765186;0.18215588479056494;0.0;0.0;0.0;0.2226537377921214;0.0;0.22180446846447252;0.0;0.0;0.23889883296800318;0.23074433276809353;0.1514406305166671;0.147572203589594;0.24958256618225896;0.7733569233858326;1.0;0.0;0.15032510704818056;0.0;0.0;0.2599120469374062;0.0;0.2715511522373163;0.18777824270694915;0.20695854680075224;0.24927758999067282;0.24849698872180367;0.19374193511340626;0.0;0.0;0.0;0.0;0.23898270293135407;0.0;0.17230790317870284;0.0;0.0;0.1633972327823365;0.0;0.24850024260655765;0.0;0.1858897442268753;0.0;0.1633972327823365;0.0;0.8448005253564399;0.0;0.0;0.2592185244833329;0.23890950377843695;0.0;0.0;0.0;0.0;0.0;0.0;0.0
