;GO:0006283;GO:1903800;GO:0043620;GO:0007254;GO:0051092;GO:0032968;GO:0000187;GO:0032727;GO:0000186;GO:0002755;GO:0075733;GO:0000184;GO:0045893;GO:0031914;GO:0046341;GO:0032728;GO:0032201;GO:0050715;GO:0018279;GO:0035556;GO:0033138;GO:0090502;GO:1903251;GO:0006296;GO:0006054;GO:0006294;GO:0048008;GO:0006297;GO:1903533;GO:0009967;GO:0006974;GO:0001682;GO:0048010;GO:0051497;GO:0016241;GO:0050727;GO:0018146;GO:0050689;GO:0032434;GO:0035666;GO:0071888;GO:2000641;GO:0090316;GO:0043407;GO:0000715;GO:0006261;GO:0008284;GO:0043123;GO:0045666;GO:0045787;GO:0042276;GO:0002064;GO:0043488;GO:0022900;GO:0006661;GO:0038096;GO:0042795;GO:0044458;GO:0045944;GO:0021895;GO:0000398;GO:0000165;GO:0016197;GO:0030521;GO:0019985;GO:0070987;GO:0016579;GO:0000209;GO:0021522;GO:0007249;GO:0007517;GO:1901407;GO:0030512;GO:0016601;GO:0007051;GO:0018108;GO:0015871;GO:0036297;GO:0007179;GO:0006366;GO:0008543;GO:0008542;GO:0061418;GO:0006880;GO:0006886;GO:0043547;GO:0006367;GO:0006521;GO:0006884;GO:0006368;GO:0060964;GO:0006879;GO:0006913;GO:0032526;GO:0098534;GO:0051607;GO:0016055;GO:0060291;GO:0030100;GO:0032006;GO:0010971;GO:0010592;GO:0036289;GO:0006370;GO:0032482;GO:0045732;GO:0043312;GO:0045454;GO:0007188;GO:0007616;GO:0010629;GO:0043161;GO:0032872;GO:0031145;GO:0031663;GO:0050769;GO:0070911;GO:0016567;GO:0007032;GO:0060340;GO:0045746;GO:0043687;GO:0045744;GO:0000122;GO:0009968;GO:0006977;GO:0006614;GO:0000083;GO:0043330;GO:0045351;GO:0035855;GO:0070423;GO:0071359;GO:0039536;GO:0015721;GO:0042769;GO:0072718;GO:0060333;GO:0006351;GO:0039530;GO:0006596;GO:0045358;GO:1902268;GO:0006357;GO:0048505;GO:0060337;GO:0070371;GO:0006625;GO:0070373;GO:0043066;GO:0045087;GO:0072673;GO:0070374;GO:0006508;GO:0043065;GO:0030032;GO:0070498;GO:0016266;GO:0030036
GO:0006283;1.0;0.0;0.38095238095238093;0.2727272727272727;0.0;0.0;0.0;0.0;0.0;0.17391304347826086;0.0;0.5714285714285714;0.0;0.0;0.3333333333333333;0.0;0.7368421052631579;0.0;0.5;0.25;0.0;0.631578947368421;0.125;0.631578947368421;0.35294117647058826;0.2222222222222222;0.21052631578947367;0.7777777777777778;0.0;0.0;0.6666666666666666;0.36363636363636365;0.21052631578947367;0.0;0.0;0.0;0.3157894736842105;0.0;0.0;0.16666666666666666;0.23529411764705882;0.0;0.0;0.0;0.25;0.7368421052631579;0.0;0.0;0.0;0.0;0.7619047619047619;0.26666666666666666;0.0;0.4;0.3157894736842105;0.19047619047619047;0.34782608695652173;0.1111111111111111;0.0;0.23529411764705882;0.36363636363636365;0.2;0.0;0.21052631578947367;0.8;0.7619047619047619;0.4;0.47619047619047616;0.23529411764705882;0.23529411764705882;0.0;0.0;0.0;0.21052631578947367;0.23529411764705882;0.5;0.0;0.8421052631578947;0.21052631578947367;0.38095238095238093;0.21052631578947367;0.10526315789473684;0.34782608695652173;0.23529411764705882;0.0;0.0;0.6;0.0;0.23529411764705882;0.6;0.0;0.19047619047619047;0.0;0.25;0.25;0.35294117647058826;0.2222222222222222;0.0;0.0;0.0;0.0;0.0;0.47619047619047616;0.38095238095238093;0.21052631578947367;0.0;0.1;0.25;0.2222222222222222;0.0;0.0;0.5;0.0;0.47619047619047616;0.23529411764705882;0.0;0.9;0.5;0.25;0.0;0.0;0.5555555555555556;0.0;0.0;0.0;0.45454545454545453;0.0;0.19047619047619047;0.23529411764705882;0.1111111111111111;0.25;0.17391304347826086;0.35294117647058826;0.0;0.0;0.625;0.25;0.2222222222222222;0.4;0.16666666666666666;0.3157894736842105;0.0;0.0;0.0;0.0;0.2222222222222222;0.19047619047619047;0.09523809523809523;0.0;0.0;0.4;0.2222222222222222;0.0;0.5;0.0;0.11764705882352941;0.2222222222222222;0.5;0.25
GO:1903800;0.0;1.0;0.5454545454545454;0.08695652173913043;0.3333333333333333;0.5833333333333334;0.4;0.42105263157894735;0.4;0.08333333333333333;0.0;0.5454545454545454;0.6363636363636364;0.2;0.0;0.42105263157894735;0.1;0.38095238095238093;0.0;0.11764705882352941;0.5454545454545454;0.0;0.0;0.0;0.0;0.0;0.1;0.0;0.3;0.5555555555555556;0.0;0.0;0.1;0.2608695652173913;0.5263157894736842;0.4444444444444444;0.0;0.4;0.45454545454545453;0.08;0.0;0.3157894736842105;0.4;0.3333333333333333;0.0;0.0;0.47058823529411764;0.5;0.4;0.47058823529411764;0.0;0.0;0.6666666666666666;0.0;0.0;0.09090909090909091;0.0;0.0;0.6086956521739131;0.0;0.0;0.09523809523809523;0.0;0.1;0.0;0.0;0.0;0.0;0.0;0.1111111111111111;0.0;0.5217391304347826;0.4;0.1;0.0;0.0;0.0;0.0;0.1;0.0;0.1;0.0;0.08333333333333333;0.2222222222222222;0.0;0.2222222222222222;0.0;0.5555555555555556;0.2222222222222222;0.0;0.9;0.18181818181818182;0.0;0.0;0.0;0.0;0.10526315789473684;0.4;0.3333333333333333;0.42105263157894735;0.38095238095238093;0.38095238095238093;0.0;0.0;0.1;0.631578947368421;0.0;0.35294117647058826;0.10526315789473684;0.0;0.6666666666666666;0.0;0.36363636363636365;0.0;0.1111111111111111;0.42105263157894735;0.0;0.0;0.0;0.5;0.42105263157894735;0.0;0.42105263157894735;0.5217391304347826;0.4444444444444444;0.2608695652173913;0.0;0.5454545454545454;0.0;0.0;0.0;0.08333333333333333;0.0;0.38095238095238093;0.0;0.0;0.0;0.10526315789473684;0.0;0.32;0.0;0.5;0.3157894736842105;0.5454545454545454;0.35294117647058826;0.10526315789473684;0.09090909090909091;0.0;0.34782608695652173;0.3157894736842105;0.0;0.0;0.43478260869565216;0.0;0.42105263157894735;0.0;0.10526315789473684;0.0;0.0
GO:0043620;0.38095238095238093;0.5454545454545454;1.0;0.2608695652173913;0.8333333333333334;0.8333333333333334;0.4;0.3157894736842105;0.4;0.16666666666666666;0.0;0.5454545454545454;0.9090909090909091;0.1;0.21052631578947367;0.3157894736842105;0.2;0.38095238095238093;0.19047619047619047;0.23529411764705882;0.45454545454545453;0.2;0.11764705882352941;0.2;0.2222222222222222;0.21052631578947367;0.2;0.21052631578947367;0.3;0.4444444444444444;0.5;0.08695652173913043;0.2;0.34782608695652173;0.5263157894736842;0.3333333333333333;0.2;0.3;0.45454545454545453;0.16;0.2222222222222222;0.42105263157894735;0.3;0.4166666666666667;0.23529411764705882;0.2;0.47058823529411764;0.4;0.1;0.47058823529411764;0.36363636363636365;0.25;0.5714285714285714;0.25;0.2;0.18181818181818182;0.08333333333333333;0.10526315789473684;0.8695652173913043;0.2222222222222222;0.08695652173913043;0.19047619047619047;0.0;0.2;0.38095238095238093;0.36363636363636365;0.09523809523809523;0.18181818181818182;0.2222222222222222;0.2222222222222222;0.0;0.8695652173913043;0.4;0.2;0.2222222222222222;0.19047619047619047;0.0;0.4;0.2;0.09090909090909091;0.2;0.1;0.9166666666666666;0.2222222222222222;0.0;0.1111111111111111;0.19047619047619047;0.4444444444444444;0.2222222222222222;0.19047619047619047;0.6;0.18181818181818182;0.0;0.23529411764705882;0.23529411764705882;0.3333333333333333;0.21052631578947367;0.4;0.4444444444444444;0.42105263157894735;0.38095238095238093;0.38095238095238093;0.18181818181818182;0.09090909090909091;0.2;0.5263157894736842;0.09523809523809523;0.23529411764705882;0.21052631578947367;0.0;0.6666666666666666;0.19047619047619047;0.36363636363636365;0.18181818181818182;0.2222222222222222;0.10526315789473684;0.38095238095238093;0.19047619047619047;0.23529411764705882;0.4;0.42105263157894735;0.21052631578947367;0.42105263157894735;0.8695652173913043;0.4444444444444444;0.34782608695652173;0.0;0.9090909090909091;0.2222222222222222;0.0;0.23529411764705882;0.16666666666666666;0.3333333333333333;0.2857142857142857;0.0;0.47058823529411764;0.23529411764705882;0.21052631578947367;0.09523809523809523;0.16;0.2;0.6;0.3157894736842105;0.9090909090909091;0.47058823529411764;0.21052631578947367;0.18181818181818182;0.09090909090909091;0.43478260869565216;0.42105263157894735;0.375;0.21052631578947367;0.43478260869565216;0.0;0.42105263157894735;0.1111111111111111;0.21052631578947367;0.19047619047619047;0.23529411764705882
GO:0007254;0.2727272727272727;0.08695652173913043;0.2608695652173913;1.0;0.08;0.08;0.07692307692307693;0.1;0.07692307692307693;0.08;0.0;0.17391304347826086;0.08695652173913043;0.09523809523809523;0.2;0.1;0.09523809523809523;0.09090909090909091;0.09090909090909091;0.1111111111111111;0.08695652173913043;0.09523809523809523;0.1111111111111111;0.09523809523809523;0.21052631578947367;0.1;0.09523809523809523;0.1;0.09523809523809523;0.10526315789473684;0.35294117647058826;0.08333333333333333;0.09523809523809523;0.08333333333333333;0.1;0.10526315789473684;0.19047619047619047;0.09523809523809523;0.08695652173913043;0.07692307692307693;0.21052631578947367;0.1;0.09523809523809523;0.08;0.1111111111111111;0.19047619047619047;0.1111111111111111;0.09523809523809523;0.09523809523809523;0.1111111111111111;0.17391304347826086;0.11764705882352941;0.09090909090909091;0.11764705882352941;0.19047619047619047;0.08695652173913043;0.08;0.1;0.08333333333333333;0.10526315789473684;0.08333333333333333;0.9090909090909091;0.0;0.09523809523809523;0.18181818181818182;0.17391304347826086;0.09090909090909091;0.6086956521739131;0.10526315789473684;0.10526315789473684;0.0;0.08333333333333333;0.09523809523809523;0.09523809523809523;0.10526315789473684;0.7272727272727273;0.0;0.2857142857142857;0.09523809523809523;0.08695652173913043;0.09523809523809523;0.09523809523809523;0.16;0.10526315789473684;0.0;0.10526315789473684;0.09090909090909091;0.10526315789473684;0.21052631578947367;0.09090909090909091;0.09523809523809523;0.17391304347826086;0.0;0.2222222222222222;0.1111111111111111;0.10526315789473684;0.1;0.09523809523809523;0.10526315789473684;0.1;0.09090909090909091;0.09090909090909091;0.6956521739130435;0.08695652173913043;0.09523809523809523;0.1;0.09090909090909091;0.2222222222222222;0.1;0.0;0.10526315789473684;0.09090909090909091;0.08695652173913043;0.08695652173913043;0.10526315789473684;0.1;0.2727272727272727;0.6363636363636364;0.1111111111111111;0.09523809523809523;0.1;0.7;0.1;0.08333333333333333;0.10526315789473684;0.16666666666666666;0.0;0.08695652173913043;0.21052631578947367;0.1;0.1111111111111111;0.08;0.3157894736842105;0.09090909090909091;0.0;0.2222222222222222;0.2222222222222222;0.1;0.09090909090909091;0.15384615384615385;0.19047619047619047;0.09523809523809523;0.1;0.08695652173913043;0.1111111111111111;0.1;0.08695652173913043;0.08695652173913043;0.08333333333333333;0.1;0.23529411764705882;0.1;0.08333333333333333;0.1111111111111111;0.1;0.10526315789473684;0.1;0.09090909090909091;0.2222222222222222
GO:0051092;0.0;0.3333333333333333;0.8333333333333334;0.08;1.0;0.7692307692307693;0.2962962962962963;0.38095238095238093;0.2962962962962963;0.07692307692307693;0.0;0.5;0.8333333333333334;0.18181818181818182;0.0;0.38095238095238093;0.09090909090909091;0.34782608695652173;0.0;0.10526315789473684;0.3333333333333333;0.0;0.0;0.0;0.0;0.0;0.09090909090909091;0.0;0.2727272727272727;0.4;0.0;0.0;0.09090909090909091;0.24;0.2857142857142857;0.3;0.0;0.2727272727272727;0.4166666666666667;0.07407407407407407;0.0;0.2857142857142857;0.36363636363636365;0.23076923076923078;0.0;0.0;0.42105263157894735;0.36363636363636365;0.36363636363636365;0.42105263157894735;0.0;0.0;0.17391304347826086;0.0;0.0;0.08333333333333333;0.0;0.0;0.8;0.0;0.0;0.08695652173913043;0.0;0.09090909090909091;0.0;0.0;0.0;0.0;0.0;0.1;0.0;0.8;0.2727272727272727;0.09090909090909091;0.0;0.0;0.0;0.0;0.09090909090909091;0.0;0.09090909090909091;0.0;0.07692307692307693;0.2;0.0;0.4;0.0;0.3;0.2;0.0;0.5454545454545454;0.16666666666666666;0.0;0.0;0.0;0.0;0.09523809523809523;0.36363636363636365;0.3;0.2857142857142857;0.34782608695652173;0.34782608695652173;0.0;0.0;0.09090909090909091;0.38095238095238093;0.0;0.3157894736842105;0.09523809523809523;0.0;0.6;0.0;0.25;0.0;0.1;0.38095238095238093;0.0;0.0;0.0;0.36363636363636365;0.2857142857142857;0.0;0.2857142857142857;0.8;0.3;0.24;0.0;0.8333333333333334;0.0;0.0;0.0;0.07692307692307693;0.0;0.2608695652173913;0.0;0.0;0.0;0.09523809523809523;0.0;0.2962962962962963;0.0;0.5454545454545454;0.2857142857142857;0.8333333333333334;0.3157894736842105;0.09523809523809523;0.08333333333333333;0.0;0.24;0.2857142857142857;0.0;0.0;0.32;0.0;0.38095238095238093;0.0;0.09523809523809523;0.0;0.0
GO:0032968;0.0;0.5833333333333334;0.8333333333333334;0.08;0.7692307692307693;1.0;0.4444444444444444;0.38095238095238093;0.4444444444444444;0.07692307692307693;0.0;0.5;0.9166666666666666;0.18181818181818182;0.0;0.38095238095238093;0.09090909090909091;0.34782608695652173;0.0;0.42105263157894735;0.5;0.0;0.0;0.0;0.0;0.0;0.09090909090909091;0.0;0.2727272727272727;0.4;0.0;0.0;0.09090909090909091;0.32;0.38095238095238093;0.3;0.0;0.2727272727272727;0.4166666666666667;0.07407407407407407;0.0;0.38095238095238093;0.36363636363636365;0.38461538461538464;0.0;0.0;0.42105263157894735;0.36363636363636365;0.36363636363636365;0.42105263157894735;0.0;0.0;0.5217391304347826;0.0;0.0;0.08333333333333333;0.0;0.0;0.96;0.0;0.0;0.08695652173913043;0.0;0.09090909090909091;0.0;0.0;0.0;0.0;0.0;0.1;0.0;0.88;0.36363636363636365;0.09090909090909091;0.0;0.0;0.0;0.0;0.09090909090909091;0.0;0.09090909090909091;0.0;0.8461538461538461;0.2;0.0;0.2;0.0;0.4;0.2;0.0;0.5454545454545454;0.16666666666666666;0.0;0.0;0.0;0.0;0.09523809523809523;0.36363636363636365;0.4;0.2857142857142857;0.34782608695652173;0.34782608695652173;0.0;0.0;0.09090909090909091;0.5714285714285714;0.0;0.42105263157894735;0.09523809523809523;0.0;0.6;0.0;0.3333333333333333;0.0;0.1;0.38095238095238093;0.0;0.0;0.0;0.36363636363636365;0.2857142857142857;0.0;0.2857142857142857;0.88;0.3;0.24;0.0;0.8333333333333334;0.0;0.0;0.0;0.07692307692307693;0.0;0.2608695652173913;0.0;0.0;0.0;0.09523809523809523;0.0;0.2962962962962963;0.0;0.5454545454545454;0.2857142857142857;0.9166666666666666;0.42105263157894735;0.09523809523809523;0.08333333333333333;0.0;0.4;0.38095238095238093;0.0;0.0;0.48;0.0;0.38095238095238093;0.0;0.09523809523809523;0.0;0.0
GO:0000187;0.0;0.4;0.4;0.07692307692307693;0.2962962962962963;0.4444444444444444;1.0;0.36363636363636365;0.9285714285714286;0.07407407407407407;0.0;0.4;0.48;0.34782608695652173;0.0;0.36363636363636365;0.08695652173913043;0.3333333333333333;0.0;0.4;0.8;0.0;0.0;0.0;0.0;0.0;0.08695652173913043;0.0;0.17391304347826086;0.6666666666666666;0.0;0.0;0.08695652173913043;0.3076923076923077;0.45454545454545453;0.38095238095238093;0.0;0.34782608695652173;0.56;0.07142857142857142;0.0;0.36363636363636365;0.34782608695652173;0.8888888888888888;0.0;0.0;0.5;0.6956521739130435;0.08695652173913043;0.5;0.0;0.0;0.16666666666666666;0.0;0.0;0.08;0.0;0.0;0.46153846153846156;0.0;0.0;0.08333333333333333;0.0;0.08695652173913043;0.0;0.0;0.0;0.0;0.0;0.09523809523809523;0.0;0.6923076923076923;0.5217391304347826;0.08695652173913043;0.0;0.0;0.0;0.0;0.08695652173913043;0.0;0.08695652173913043;0.0;0.07407407407407407;0.19047619047619047;0.0;0.47619047619047616;0.0;0.47619047619047616;0.19047619047619047;0.0;0.34782608695652173;0.16;0.0;0.0;0.0;0.0;0.09090909090909091;0.43478260869565216;0.38095238095238093;0.6363636363636364;0.4166666666666667;0.4166666666666667;0.0;0.0;0.08695652173913043;0.6363636363636364;0.0;0.4;0.09090909090909091;0.0;0.47619047619047616;0.0;0.8;0.0;0.09523809523809523;0.09090909090909091;0.0;0.0;0.0;0.6086956521739131;0.5454545454545454;0.0;0.5454545454545454;0.38461538461538464;0.5714285714285714;0.3076923076923077;0.0;0.08;0.0;0.0;0.0;0.07407407407407407;0.0;0.5833333333333334;0.0;0.0;0.0;0.09090909090909091;0.0;0.07142857142857142;0.0;0.5217391304347826;0.18181818181818182;0.4;0.4;0.09090909090909091;0.08;0.0;0.7692307692307693;0.36363636363636365;0.0;0.0;0.8461538461538461;0.0;0.45454545454545453;0.0;0.09090909090909091;0.0;0.0
GO:0032727;0.0;0.42105263157894735;0.3157894736842105;0.1;0.38095238095238093;0.38095238095238093;0.36363636363636365;1.0;0.36363636363636365;0.09523809523809523;0.0;0.3157894736842105;0.42105263157894735;0.23529411764705882;0.0;0.875;0.11764705882352941;0.6666666666666666;0.0;0.14285714285714285;0.42105263157894735;0.0;0.0;0.0;0.0;0.0;0.11764705882352941;0.0;0.35294117647058826;0.5333333333333333;0.0;0.0;0.11764705882352941;0.3;0.375;0.4;0.0;0.35294117647058826;0.3157894736842105;0.09090909090909091;0.0;0.375;0.47058823529411764;0.2857142857142857;0.0;0.0;0.5714285714285714;0.47058823529411764;0.5882352941176471;0.5714285714285714;0.0;0.0;0.2222222222222222;0.0;0.0;0.10526315789473684;0.0;0.0;0.4;0.0;0.0;0.1111111111111111;0.0;0.11764705882352941;0.0;0.0;0.0;0.0;0.0;0.13333333333333333;0.0;0.3;0.35294117647058826;0.11764705882352941;0.0;0.0;0.0;0.0;0.11764705882352941;0.0;0.11764705882352941;0.0;0.09523809523809523;0.26666666666666666;0.0;0.26666666666666666;0.0;0.4;0.26666666666666666;0.0;0.35294117647058826;0.21052631578947367;0.0;0.0;0.0;0.0;0.125;0.47058823529411764;0.4;0.375;0.4444444444444444;0.4444444444444444;0.0;0.0;0.11764705882352941;0.5;0.0;0.42857142857142855;0.125;0.0;0.4;0.0;0.3157894736842105;0.0;0.13333333333333333;0.625;0.0;0.0;0.0;0.47058823529411764;0.375;0.0;0.375;0.3;0.4;0.3;0.0;0.10526315789473684;0.0;0.0;0.0;0.09523809523809523;0.0;0.5555555555555556;0.0;0.0;0.0;0.125;0.0;0.5454545454545454;0.0;0.7058823529411765;0.375;0.3157894736842105;0.42857142857142855;0.125;0.10526315789473684;0.0;0.3;0.375;0.0;0.0;0.4;0.0;0.5;0.0;0.125;0.0;0.0
GO:0000186;0.0;0.4;0.4;0.07692307692307693;0.2962962962962963;0.4444444444444444;0.9285714285714286;0.36363636363636365;1.0;0.07407407407407407;0.0;0.4;0.48;0.34782608695652173;0.0;0.36363636363636365;0.08695652173913043;0.3333333333333333;0.0;0.4;0.8;0.0;0.0;0.0;0.0;0.0;0.08695652173913043;0.0;0.17391304347826086;0.6666666666666666;0.0;0.0;0.08695652173913043;0.3076923076923077;0.45454545454545453;0.38095238095238093;0.0;0.34782608695652173;0.56;0.07142857142857142;0.0;0.36363636363636365;0.34782608695652173;0.8888888888888888;0.0;0.0;0.5;0.6956521739130435;0.08695652173913043;0.5;0.0;0.0;0.16666666666666666;0.0;0.0;0.08;0.0;0.0;0.46153846153846156;0.0;0.0;0.08333333333333333;0.0;0.08695652173913043;0.0;0.0;0.0;0.0;0.0;0.09523809523809523;0.0;0.6923076923076923;0.5217391304347826;0.08695652173913043;0.0;0.0;0.0;0.0;0.08695652173913043;0.0;0.08695652173913043;0.0;0.07407407407407407;0.19047619047619047;0.0;0.47619047619047616;0.0;0.47619047619047616;0.19047619047619047;0.0;0.34782608695652173;0.16;0.0;0.0;0.0;0.0;0.09090909090909091;0.43478260869565216;0.38095238095238093;0.6363636363636364;0.4166666666666667;0.4166666666666667;0.0;0.0;0.08695652173913043;0.6363636363636364;0.0;0.4;0.09090909090909091;0.0;0.47619047619047616;0.0;0.8;0.0;0.09523809523809523;0.09090909090909091;0.0;0.0;0.0;0.6086956521739131;0.5454545454545454;0.0;0.5454545454545454;0.38461538461538464;0.5714285714285714;0.3076923076923077;0.0;0.08;0.0;0.0;0.0;0.07407407407407407;0.0;0.5833333333333334;0.0;0.0;0.0;0.09090909090909091;0.0;0.07142857142857142;0.0;0.5217391304347826;0.18181818181818182;0.4;0.4;0.09090909090909091;0.08;0.0;0.7692307692307693;0.36363636363636365;0.0;0.0;0.8461538461538461;0.0;0.45454545454545453;0.0;0.09090909090909091;0.0;0.0
GO:0002755;0.17391304347826086;0.08333333333333333;0.16666666666666666;0.08;0.07692307692307693;0.07692307692307693;0.07407407407407407;0.09523809523809523;0.07407407407407407;1.0;0.0;0.16666666666666666;0.08333333333333333;0.09090909090909091;0.19047619047619047;0.09523809523809523;0.09090909090909091;0.08695652173913043;0.08695652173913043;0.10526315789473684;0.08333333333333333;0.09090909090909091;0.10526315789473684;0.09090909090909091;0.2;0.09523809523809523;0.09090909090909091;0.09523809523809523;0.09090909090909091;0.1;0.2222222222222222;0.08;0.09090909090909091;0.08;0.09523809523809523;0.1;0.18181818181818182;0.09090909090909091;0.08333333333333333;0.07407407407407407;0.2;0.09523809523809523;0.09090909090909091;0.07692307692307693;0.10526315789473684;0.18181818181818182;0.10526315789473684;0.09090909090909091;0.09090909090909091;0.10526315789473684;0.08333333333333333;0.1111111111111111;0.08695652173913043;0.1111111111111111;0.18181818181818182;0.08333333333333333;0.07692307692307693;0.09523809523809523;0.08;0.1;0.08;0.08695652173913043;0.0;0.09090909090909091;0.08695652173913043;0.08333333333333333;0.08695652173913043;0.16666666666666666;0.1;0.1;0.0;0.08;0.09090909090909091;0.09090909090909091;0.1;0.17391304347826086;0.0;0.18181818181818182;0.09090909090909091;0.08333333333333333;0.09090909090909091;0.0;0.07692307692307693;0.1;0.0;0.1;0.08695652173913043;0.1;0.2;0.08695652173913043;0.09090909090909091;0.16666666666666666;0.0;0.0;0.10526315789473684;0.1;0.09523809523809523;0.09090909090909091;0.1;0.09523809523809523;0.08695652173913043;0.08695652173913043;0.16666666666666666;0.08333333333333333;0.09090909090909091;0.09523809523809523;0.08695652173913043;0.21052631578947367;0.09523809523809523;0.0;0.1;0.08695652173913043;0.08333333333333333;0.08333333333333333;0.1;0.09523809523809523;0.17391304347826086;0.17391304347826086;0.10526315789473684;0.7272727272727273;0.09523809523809523;0.19047619047619047;0.09523809523809523;0.08;0.1;0.08;0.0;0.08333333333333333;0.0;0.0;0.10526315789473684;0.07692307692307693;0.2;0.08695652173913043;0.0;0.10526315789473684;0.0;0.09523809523809523;0.08695652173913043;0.07407407407407407;0.18181818181818182;0.09090909090909091;0.09523809523809523;0.08333333333333333;0.10526315789473684;0.09523809523809523;0.08333333333333333;0.08333333333333333;0.08;0.09523809523809523;0.1111111111111111;0.09523809523809523;0.08;0.0;0.09523809523809523;0.1;0.09523809523809523;0.08695652173913043;0.21052631578947367
GO:0075733;0.0;0.0;0.0;0.0;0.0;0.0;0.0;0.0;0.0;0.0;1.0;0.0;0.0;0.0;0.0;0.0;0.0;0.0;0.0;0.0;0.0;0.0;0.0;0.0;0.0;0.0;0.0;0.0;0.0;0.0;0.0;0.0;0.0;0.0;0.0;0.0;0.0;0.0;0.0;0.0;0.0;0.0;0.0;0.0;0.0;0.0;0.0;0.0;0.0;0.0;0.0;0.0;0.0;0.0;0.0;0.0;0.0;0.0;0.0;0.0;0.0;0.0;0.15384615384615385;0.0;0.0;0.0;0.0;0.0;0.0;0.0;0.0;0.0;0.0;0.0;0.0;0.0;0.5333333333333333;0.0;0.0;0.0;0.0;0.0;0.0;0.14285714285714285;0.125;0.0;0.0;0.0;0.0;0.0;0.0;0.0;0.14285714285714285;0.0;0.0;0.14285714285714285;0.0;0.0;0.0;0.0;0.0;0.0;0.0;0.0;0.0;0.0;0.11764705882352941;0.0;0.0;0.0;0.0;0.0;0.0;0.0;0.0;0.0;0.0;0.0;0.0;0.0;0.0;0.0;0.0;0.0;0.0;0.0;0.1;0.0;0.0;0.0;0.0;0.0;0.0;0.0;0.11764705882352941;0.0;0.0;0.0;0.0;0.09523809523809523;0.0;0.0;0.0;0.0;0.0;0.0;0.0;0.1111111111111111;0.0;0.0;0.0;0.0;0.0;0.0;0.0;0.0;0.0;0.0;0.0
GO:0000184;0.5714285714285714;0.5454545454545454;0.5454545454545454;0.17391304347826086;0.5;0.5;0.4;0.3157894736842105;0.4;0.16666666666666666;0.0;1.0;0.5454545454545454;0.2;0.3157894736842105;0.3157894736842105;0.5;0.2857142857142857;0.47619047619047616;0.23529411764705882;0.45454545454545453;0.7;0.11764705882352941;0.6;0.3333333333333333;0.21052631578947367;0.2;0.5263157894736842;0.3;0.3333333333333333;0.25;0.34782608695652173;0.2;0.34782608695652173;0.42105263157894735;0.3333333333333333;0.3;0.4;0.45454545454545453;0.16;0.2222222222222222;0.3157894736842105;0.3;0.5;0.23529411764705882;0.5;0.35294117647058826;0.3;0.1;0.35294117647058826;0.45454545454545453;0.25;0.5714285714285714;0.375;0.3;0.18181818181818182;0.3333333333333333;0.10526315789473684;0.5217391304347826;0.2222222222222222;0.6956521739130435;0.19047619047619047;0.0;0.2;0.47619047619047616;0.45454545454545453;0.2857142857142857;0.45454545454545453;0.2222222222222222;0.2222222222222222;0.0;0.5217391304347826;0.4;0.2;0.2222222222222222;0.47619047619047616;0.0;0.5;0.2;0.36363636363636365;0.2;0.0;0.16666666666666666;0.2222222222222222;0.0;0.2222222222222222;0.6666666666666666;0.4444444444444444;0.2222222222222222;0.6666666666666666;0.6;0.18181818181818182;0.0;0.0;0.23529411764705882;0.0;0.21052631578947367;0.3;0.3333333333333333;0.3157894736842105;0.2857142857142857;0.2857142857142857;0.45454545454545453;0.7272727272727273;0.2;0.5263157894736842;0.09523809523809523;0.23529411764705882;0.21052631578947367;0.0;0.7777777777777778;0.5714285714285714;0.45454545454545453;0.5454545454545454;0.2222222222222222;0.10526315789473684;0.47619047619047616;0.47619047619047616;0.23529411764705882;0.3;0.42105263157894735;0.5263157894736842;0.42105263157894735;0.6086956521739131;0.4444444444444444;0.34782608695652173;0.0;0.5454545454545454;0.0;0.42105263157894735;0.23529411764705882;0.16666666666666666;0.2222222222222222;0.38095238095238093;0.0;0.23529411764705882;0.0;0.21052631578947367;0.38095238095238093;0.16;0.4;0.6;0.42105263157894735;0.5454545454545454;0.35294117647058826;0.21052631578947367;0.18181818181818182;0.09090909090909091;0.5217391304347826;0.42105263157894735;0.0;0.21052631578947367;0.43478260869565216;0.35294117647058826;0.3157894736842105;0.1111111111111111;0.21052631578947367;0.47619047619047616;0.23529411764705882
GO:0045893;0.0;0.6363636363636364;0.9090909090909091;0.08695652173913043;0.8333333333333334;0.9166666666666666;0.48;0.42105263157894735;0.48;0.08333333333333333;0.0;0.5454545454545454;1.0;0.2;0.0;0.42105263157894735;0.1;0.38095238095238093;0.0;0.47058823529411764;0.5454545454545454;0.0;0.0;0.0;0.0;0.0;0.1;0.0;0.3;0.4444444444444444;0.0;0.0;0.1;0.34782608695652173;0.5263157894736842;0.3333333333333333;0.0;0.3;0.45454545454545453;0.08;0.0;0.42105263157894735;0.4;0.4166666666666667;0.0;0.0;0.47058823529411764;0.4;0.4;0.47058823529411764;0.0;0.0;0.5714285714285714;0.0;0.0;0.09090909090909091;0.0;0.0;0.9565217391304348;0.0;0.0;0.38095238095238093;0.0;0.1;0.0;0.0;0.0;0.0;0.0;0.4444444444444444;0.0;0.8695652173913043;0.4;0.1;0.0;0.0;0.0;0.0;0.1;0.0;0.1;0.0;0.8333333333333334;0.2222222222222222;0.0;0.2222222222222222;0.0;0.4444444444444444;0.2222222222222222;0.0;0.6;0.18181818181818182;0.0;0.0;0.0;0.0;0.10526315789473684;0.4;0.4444444444444444;0.42105263157894735;0.38095238095238093;0.38095238095238093;0.0;0.0;0.1;0.631578947368421;0.0;0.47058823529411764;0.10526315789473684;0.0;0.6666666666666666;0.0;0.36363636363636365;0.0;0.4444444444444444;0.42105263157894735;0.0;0.0;0.0;0.4;0.42105263157894735;0.0;0.42105263157894735;0.8695652173913043;0.4444444444444444;0.34782608695652173;0.0;0.9090909090909091;0.0;0.0;0.0;0.08333333333333333;0.0;0.2857142857142857;0.0;0.0;0.0;0.10526315789473684;0.0;0.32;0.0;0.6;0.3157894736842105;0.9090909090909091;0.47058823529411764;0.10526315789473684;0.09090909090909091;0.0;0.43478260869565216;0.42105263157894735;0.0;0.0;0.5217391304347826;0.0;0.42105263157894735;0.0;0.10526315789473684;0.0;0.0
GO:0031914;0.0;0.2;0.1;0.09523809523809523;0.18181818181818182;0.18181818181818182;0.34782608695652173;0.23529411764705882;0.34782608695652173;0.09090909090909091;0.0;0.2;0.2;1.0;0.0;0.23529411764705882;0.1111111111111111;0.21052631578947367;0.0;0.13333333333333333;0.2;0.0;0.0;0.0;0.0;0.0;0.1111111111111111;0.0;0.2222222222222222;0.5;0.0;0.0;0.1111111111111111;0.19047619047619047;0.23529411764705882;0.25;0.0;0.2222222222222222;0.2;0.08695652173913043;0.0;0.23529411764705882;0.2222222222222222;0.36363636363636365;0.0;0.0;0.26666666666666666;0.4444444444444444;0.1111111111111111;0.26666666666666666;0.0;0.0;0.3157894736842105;0.0;0.0;0.1;0.0;0.0;0.19047619047619047;0.0;0.0;0.10526315789473684;0.0;0.1111111111111111;0.0;0.0;0.0;0.0;0.0;0.125;0.0;0.19047619047619047;0.4444444444444444;0.1111111111111111;0.0;0.0;0.0;0.0;0.1111111111111111;0.0;0.1111111111111111;0.0;0.09090909090909091;0.375;0.0;0.25;0.0;0.25;0.375;0.0;0.2222222222222222;0.3;0.0;0.0;0.0;0.0;0.11764705882352941;0.8888888888888888;0.25;0.47058823529411764;0.21052631578947367;0.21052631578947367;0.0;0.0;0.1111111111111111;0.23529411764705882;0.0;0.4;0.11764705882352941;0.0;0.25;0.0;0.2;0.0;0.125;0.11764705882352941;0.0;0.0;0.0;0.4444444444444444;0.47058823529411764;0.0;0.47058823529411764;0.19047619047619047;0.5;0.19047619047619047;0.0;0.1;0.0;0.0;0.0;0.09090909090909091;0.0;0.21052631578947367;0.0;0.0;0.0;0.11764705882352941;0.0;0.08695652173913043;0.0;0.2222222222222222;0.23529411764705882;0.2;0.26666666666666666;0.11764705882352941;0.1;0.0;0.38095238095238093;0.23529411764705882;0.0;0.0;0.38095238095238093;0.0;0.23529411764705882;0.0;0.11764705882352941;0.0;0.0
GO:0046341;0.3333333333333333;0.0;0.21052631578947367;0.2;0.0;0.0;0.0;0.0;0.0;0.19047619047619047;0.0;0.3157894736842105;0.0;0.0;1.0;0.0;0.35294117647058826;0.0;0.3333333333333333;0.2857142857142857;0.0;0.35294117647058826;0.14285714285714285;0.35294117647058826;0.4;0.25;0.23529411764705882;0.375;0.0;0.0;0.3076923076923077;0.3;0.23529411764705882;0.0;0.0;0.0;0.35294117647058826;0.0;0.0;0.18181818181818182;0.26666666666666666;0.0;0.0;0.0;0.2857142857142857;0.35294117647058826;0.0;0.0;0.0;0.0;0.3157894736842105;0.3076923076923077;0.0;0.46153846153846156;0.8235294117647058;0.21052631578947367;0.2857142857142857;0.125;0.0;0.26666666666666666;0.3;0.2222222222222222;0.0;0.23529411764705882;0.3333333333333333;0.3157894736842105;0.3333333333333333;0.3157894736842105;0.26666666666666666;0.26666666666666666;0.0;0.0;0.0;0.23529411764705882;0.26666666666666666;0.5555555555555556;0.0;0.35294117647058826;0.23529411764705882;0.3157894736842105;0.23529411764705882;0.0;0.19047619047619047;0.26666666666666666;0.0;0.0;0.3333333333333333;0.0;0.26666666666666666;0.3333333333333333;0.0;0.21052631578947367;0.0;0.0;0.2857142857142857;0.0;0.25;0.0;0.0;0.0;0.0;0.0;0.5263157894736842;0.3157894736842105;0.23529411764705882;0.0;0.1111111111111111;0.2857142857142857;0.25;0.0;0.0;0.3333333333333333;0.0;0.3157894736842105;0.26666666666666666;0.0;0.3333333333333333;0.3333333333333333;0.2857142857142857;0.0;0.0;0.375;0.0;0.0;0.0;0.2;0.0;0.21052631578947367;0.0;0.125;0.2857142857142857;0.19047619047619047;0.26666666666666666;0.0;0.0;0.14285714285714285;0.0;0.25;0.3333333333333333;0.18181818181818182;0.35294117647058826;0.0;0.0;0.0;0.0;0.25;0.21052631578947367;0.10526315789473684;0.0;0.0;0.0;0.25;0.0;0.42857142857142855;0.0;0.13333333333333333;0.25;0.3333333333333333;0.2857142857142857
GO:0032728;0.0;0.42105263157894735;0.3157894736842105;0.1;0.38095238095238093;0.38095238095238093;0.36363636363636365;0.875;0.36363636363636365;0.09523809523809523;0.0;0.3157894736842105;0.42105263157894735;0.23529411764705882;0.0;1.0;0.11764705882352941;0.6666666666666666;0.0;0.14285714285714285;0.42105263157894735;0.0;0.0;0.0;0.0;0.0;0.11764705882352941;0.0;0.35294117647058826;0.5333333333333333;0.0;0.0;0.11764705882352941;0.3;0.375;0.4;0.0;0.35294117647058826;0.3157894736842105;0.09090909090909091;0.0;0.375;0.47058823529411764;0.2857142857142857;0.0;0.0;0.5714285714285714;0.47058823529411764;0.5882352941176471;0.5714285714285714;0.0;0.0;0.2222222222222222;0.0;0.0;0.10526315789473684;0.0;0.0;0.4;0.0;0.0;0.1111111111111111;0.0;0.11764705882352941;0.0;0.0;0.0;0.0;0.0;0.13333333333333333;0.0;0.3;0.35294117647058826;0.11764705882352941;0.0;0.0;0.0;0.0;0.11764705882352941;0.0;0.11764705882352941;0.0;0.09523809523809523;0.26666666666666666;0.0;0.26666666666666666;0.0;0.4;0.26666666666666666;0.0;0.35294117647058826;0.21052631578947367;0.0;0.0;0.0;0.0;0.125;0.47058823529411764;0.4;0.375;0.4444444444444444;0.4444444444444444;0.0;0.0;0.11764705882352941;0.5;0.0;0.42857142857142855;0.125;0.0;0.4;0.0;0.3157894736842105;0.0;0.13333333333333333;0.625;0.0;0.0;0.0;0.47058823529411764;0.375;0.0;0.375;0.3;0.4;0.3;0.0;0.10526315789473684;0.0;0.0;0.0;0.09523809523809523;0.0;0.5555555555555556;0.0;0.0;0.0;0.125;0.0;0.5454545454545454;0.0;0.8235294117647058;0.375;0.3157894736842105;0.42857142857142855;0.125;0.10526315789473684;0.0;0.3;0.375;0.0;0.0;0.4;0.0;0.5;0.0;0.125;0.0;0.0
GO:0032201;0.7368421052631579;0.1;0.2;0.09523809523809523;0.09090909090909091;0.09090909090909091;0.08695652173913043;0.11764705882352941;0.08695652173913043;0.09090909090909091;0.0;0.5;0.1;0.1111111111111111;0.35294117647058826;0.11764705882352941;1.0;0.10526315789473684;0.3157894736842105;0.13333333333333333;0.1;0.6666666666666666;0.13333333333333333;0.4444444444444444;0.375;0.11764705882352941;0.1111111111111111;0.47058823529411764;0.1111111111111111;0.125;0.2857142857142857;0.38095238095238093;0.1111111111111111;0.09523809523809523;0.11764705882352941;0.125;0.3333333333333333;0.1111111111111111;0.1;0.08695652173913043;0.25;0.11764705882352941;0.1111111111111111;0.09090909090909091;0.13333333333333333;0.7777777777777778;0.13333333333333333;0.1111111111111111;0.1111111111111111;0.13333333333333333;0.4;0.14285714285714285;0.10526315789473684;0.42857142857142855;0.3333333333333333;0.1;0.36363636363636365;0.11764705882352941;0.09523809523809523;0.125;0.38095238095238093;0.10526315789473684;0.0;0.1111111111111111;0.42105263157894735;0.4;0.3157894736842105;0.5;0.125;0.125;0.0;0.09523809523809523;0.1111111111111111;0.1111111111111111;0.375;0.5263157894736842;0.0;0.7777777777777778;0.1111111111111111;0.4;0.1111111111111111;0.0;0.09090909090909091;0.125;0.0;0.125;0.42105263157894735;0.125;0.625;0.42105263157894735;0.1111111111111111;0.5;0.0;0.0;0.13333333333333333;0.0;0.11764705882352941;0.3333333333333333;0.125;0.11764705882352941;0.10526315789473684;0.10526315789473684;0.5;0.4;0.1111111111111111;0.11764705882352941;0.10526315789473684;0.6666666666666666;0.11764705882352941;0.0;0.125;0.3157894736842105;0.1;0.3;0.125;0.11764705882352941;0.7368421052631579;0.5263157894736842;0.13333333333333333;0.1111111111111111;0.11764705882352941;0.5882352941176471;0.11764705882352941;0.09523809523809523;0.125;0.2857142857142857;0.0;0.3;0.0;0.11764705882352941;0.13333333333333333;0.09090909090909091;0.25;0.10526315789473684;0.0;0.13333333333333333;0.0;0.11764705882352941;0.42105263157894735;0.08695652173913043;0.4444444444444444;0.1111111111111111;0.11764705882352941;0.1;0.13333333333333333;0.11764705882352941;0.1;0.1;0.09523809523809523;0.11764705882352941;0.0;0.11764705882352941;0.09523809523809523;0.4;0.11764705882352941;0.125;0.11764705882352941;0.3157894736842105;0.26666666666666666
GO:0050715;0.0;0.38095238095238093;0.38095238095238093;0.09090909090909091;0.34782608695652173;0.34782608695652173;0.3333333333333333;0.6666666666666666;0.3333333333333333;0.08695652173913043;0.0;0.2857142857142857;0.38095238095238093;0.21052631578947367;0.0;0.6666666666666666;0.10526315789473684;1.0;0.0;0.5;0.47619047619047616;0.0;0.0;0.0;0.0;0.0;0.10526315789473684;0.0;0.7368421052631579;0.47058823529411764;0.0;0.0;0.10526315789473684;0.36363636363636365;0.4444444444444444;0.35294117647058826;0.0;0.3157894736842105;0.38095238095238093;0.08333333333333333;0.0;0.4444444444444444;0.8421052631578947;0.34782608695652173;0.0;0.0;0.625;0.42105263157894735;0.5263157894736842;0.625;0.0;0.0;0.4;0.0;0.0;0.09523809523809523;0.0;0.0;0.36363636363636365;0.0;0.0;0.4;0.0;0.10526315789473684;0.0;0.0;0.0;0.0;0.0;0.47058823529411764;0.0;0.36363636363636365;0.42105263157894735;0.10526315789473684;0.0;0.0;0.0;0.0;0.10526315789473684;0.0;0.10526315789473684;0.0;0.08695652173913043;0.23529411764705882;0.0;0.23529411764705882;0.0;0.47058823529411764;0.23529411764705882;0.0;0.42105263157894735;0.19047619047619047;0.0;0.0;0.0;0.0;0.1111111111111111;0.42105263157894735;0.47058823529411764;0.4444444444444444;0.5;0.5;0.0;0.0;0.10526315789473684;0.4444444444444444;0.0;0.5;0.1111111111111111;0.0;0.35294117647058826;0.0;0.38095238095238093;0.0;0.47058823529411764;0.5555555555555556;0.0;0.0;0.0;0.42105263157894735;0.4444444444444444;0.0;0.4444444444444444;0.36363636363636365;0.47058823529411764;0.36363636363636365;0.0;0.09523809523809523;0.0;0.0;0.0;0.08695652173913043;0.0;0.5;0.0;0.0;0.0;0.1111111111111111;0.0;0.5;0.0;0.5263157894736842;0.5555555555555556;0.38095238095238093;0.5;0.1111111111111111;0.09523809523809523;0.0;0.36363636363636365;0.4444444444444444;0.0;0.0;0.36363636363636365;0.0;0.5555555555555556;0.0;0.1111111111111111;0.0;0.0
GO:0018279;0.5;0.0;0.19047619047619047;0.09090909090909091;0.0;0.0;0.0;0.0;0.0;0.08695652173913043;0.0;0.47619047619047616;0.0;0.0;0.3333333333333333;0.0;0.3157894736842105;0.0;1.0;0.125;0.0;0.42105263157894735;0.125;0.10526315789473684;0.35294117647058826;0.1111111111111111;0.10526315789473684;0.1111111111111111;0.0;0.0;0.26666666666666666;0.09090909090909091;0.10526315789473684;0.0;0.0;0.0;0.3157894736842105;0.0;0.0;0.08333333333333333;0.23529411764705882;0.0;0.0;0.0;0.125;0.5263157894736842;0.0;0.0;0.0;0.0;0.09523809523809523;0.13333333333333333;0.0;0.26666666666666666;0.3157894736842105;0.09523809523809523;0.08695652173913043;0.1111111111111111;0.0;0.11764705882352941;0.09090909090909091;0.1;0.0;0.10526315789473684;0.1;0.09523809523809523;0.5;0.47619047619047616;0.11764705882352941;0.11764705882352941;0.0;0.0;0.0;0.10526315789473684;0.11764705882352941;0.8;0.0;0.5263157894736842;0.10526315789473684;0.09523809523809523;0.10526315789473684;0.0;0.08695652173913043;0.11764705882352941;0.0;0.0;0.1;0.0;0.23529411764705882;0.1;0.0;0.19047619047619047;0.0;0.0;0.125;0.0;0.1111111111111111;0.0;0.0;0.0;0.0;0.0;0.7619047619047619;0.09523809523809523;0.10526315789473684;0.0;0.1;0.25;0.1111111111111111;0.0;0.0;0.5;0.0;0.47619047619047616;0.11764705882352941;0.0;0.5;0.5;0.125;0.0;0.0;0.5555555555555556;0.0;0.0;0.0;0.09090909090909091;0.0;0.09523809523809523;0.0;0.1111111111111111;0.125;0.08695652173913043;0.23529411764705882;0.0;0.0;0.125;0.0;0.1111111111111111;0.1;0.08333333333333333;0.42105263157894735;0.0;0.0;0.0;0.0;0.1111111111111111;0.09523809523809523;0.09523809523809523;0.0;0.0;0.0;0.1111111111111111;0.0;0.625;0.0;0.11764705882352941;0.1111111111111111;0.5;0.25
GO:0035556;0.25;0.11764705882352941;0.23529411764705882;0.1111111111111111;0.10526315789473684;0.42105263157894735;0.4;0.14285714285714285;0.4;0.10526315789473684;0.0;0.23529411764705882;0.47058823529411764;0.13333333333333333;0.2857142857142857;0.14285714285714285;0.13333333333333333;0.5;0.125;1.0;0.47058823529411764;0.13333333333333333;0.16666666666666666;0.13333333333333333;0.3076923076923077;0.14285714285714285;0.13333333333333333;0.14285714285714285;0.13333333333333333;0.6153846153846154;0.36363636363636365;0.1111111111111111;0.13333333333333333;0.4444444444444444;0.5714285714285714;0.15384615384615385;0.26666666666666666;0.13333333333333333;0.47058823529411764;0.1;0.3076923076923077;0.5714285714285714;0.13333333333333333;0.42105263157894735;0.16666666666666666;0.26666666666666666;0.6666666666666666;0.5333333333333333;0.13333333333333333;0.6666666666666666;0.11764705882352941;0.18181818181818182;0.125;0.18181818181818182;0.26666666666666666;0.11764705882352941;0.10526315789473684;0.14285714285714285;0.4444444444444444;0.15384615384615385;0.1111111111111111;0.75;0.0;0.13333333333333333;0.125;0.11764705882352941;0.125;0.23529411764705882;0.15384615384615385;0.9230769230769231;0.0;0.4444444444444444;0.5333333333333333;0.13333333333333333;0.15384615384615385;0.25;0.0;0.26666666666666666;0.13333333333333333;0.11764705882352941;0.13333333333333333;0.0;0.10526315789473684;0.15384615384615385;0.0;0.15384615384615385;0.125;0.6153846153846154;0.3076923076923077;0.125;0.5333333333333333;0.23529411764705882;0.0;0.0;0.16666666666666666;0.0;0.14285714285714285;0.5333333333333333;0.6153846153846154;0.5714285714285714;0.5;0.5;0.23529411764705882;0.11764705882352941;0.13333333333333333;0.14285714285714285;0.125;0.6666666666666666;0.14285714285714285;0.0;0.15384615384615385;0.125;0.47058823529411764;0.11764705882352941;0.15384615384615385;0.14285714285714285;0.25;0.25;0.16666666666666666;0.5333333333333333;0.5714285714285714;0.2857142857142857;0.5714285714285714;0.4444444444444444;0.6153846153846154;0.1111111111111111;0.0;0.11764705882352941;0.0;0.0;0.16666666666666666;0.10526315789473684;0.3076923076923077;0.125;0.0;0.16666666666666666;0.0;0.14285714285714285;0.125;0.1;0.26666666666666666;0.5333333333333333;0.14285714285714285;0.47058823529411764;0.6666666666666666;0.14285714285714285;0.11764705882352941;0.11764705882352941;0.4444444444444444;0.5714285714285714;0.0;0.14285714285714285;0.4444444444444444;0.0;0.5714285714285714;0.15384615384615385;0.14285714285714285;0.125;0.3333333333333333
