;GO:0018108;GO:0006283;GO:0036092;GO:0006882;GO:0006287;GO:0045004;GO:0045648;GO:0043547;GO:0046855;GO:0002244;GO:0046856;GO:0006879;GO:0006913;GO:0071294;GO:0098656;GO:0001701;GO:0032729;GO:0032201;GO:0050714;GO:0031953;GO:0015701;GO:0035556;GO:1905793;GO:0045859;GO:0060271;GO:0006296;GO:1902047;GO:0043312;GO:0006297;GO:0051456;GO:0051453;GO:0045540;GO:0051496;GO:0051056;GO:0006606;GO:0071287;GO:0000070;GO:0016241;GO:0016243;GO:0052548;GO:0070757;GO:1990938;GO:1905166;GO:1903146;GO:1902531;GO:1903543;GO:0006261;GO:0008284;GO:0008203;GO:0048812;GO:0006661;GO:0006468;GO:0043687;GO:1904714;GO:0034644;GO:0070588;GO:0033674;GO:0033157;GO:0036500;GO:0019985;GO:0042769;GO:0031293;GO:0055089;GO:0090043;GO:1901215;GO:0006874;GO:0034599;GO:0032496;GO:0071901;GO:0035722
GO:0018108;1.0;0.46467753949453805;0.4071216439476472;0.13844406280796417;0.5348018760185852;0.46504082241688516;0.0;0.0;0.3982221368430585;0.19902289546995702;0.4606699729007653;0.14404965194122346;0.0;0.17012973925013175;0.0;0.0;0.0;0.4219785499356987;0.0;0.0;0.0;0.18455443331068677;0.0;0.0;0.1651195639290821;0.4870964703128741;0.0;0.1329288022138514;0.5346700636420666;0.1909281705277498;0.14719485826083645;0.0;0.0;0.0;0.0;0.17021927625470096;0.16999017729017127;0.0;0.16686342932386025;0.0;0.17541896622887;0.8993778117243134;0.0;0.0;0.0;0.0;0.47082721418624923;0.0;0.2870212766254651;0.16453088985369024;0.414123512004904;0.9426999715576526;0.8318999972401655;0.0;0.16670984790857643;0.0;0.0;0.0;0.15488031479787537;0.3771338192703761;0.18270925050187667;0.5414635105231788;0.0;0.0;0.0;0.1436442237999361;0.17741861670700118;0.0;0.0;0.17535663205904364
GO:0006283;0.46467753949453805;1.0;0.31638890820033755;0.13181815570608904;0.8208769279399609;0.9365965711255297;0.0;0.0;0.3097658540701479;0.18561064382335823;0.3559767531525605;0.1368901910871644;0.0;0.2672028332601707;0.0;0.0;0.0;0.6544169052852856;0.0;0.0;0.0;0.17296459262175168;0.0;0.0;0.15578041775375462;0.7382310119570551;0.0;0.12680862952841987;0.820684444469762;0.17855082144785728;0.1397274458706438;0.0;0.0;0.0;0.0;0.2673352734299869;0.16010842875099654;0.0;0.1573316694772567;0.0;0.16491547372592452;0.4505434527367975;0.0;0.0;0.0;0.0;0.7269101968785886;0.0;0.3241716262622692;0.15525634551561482;0.32159092834152575;0.49005628833837517;0.5209175771803891;0.0;0.2621381656235461;0.0;0.0;0.0;0.33543585576956436;0.7657115104034826;0.4415363517300072;0.4018418217048668;0.0;0.0;0.0;0.13652401086938423;0.3812946874059313;0.14156452681434425;0.0;0.164860379620082
GO:0036092;0.4071216439476472;0.31638890820033755;1.0;0.13444634187711907;0.3627335341899162;0.3166299218778215;0.0;0.0;0.42272578030630226;0.1908642731127877;0.7219371146778095;0.13972669656046627;0.0;0.16413233220924767;0.0;0.0;0.0;0.2879936414565604;0.0;0.0;0.0;0.1775179462223179;0.0;0.0;0.1594643217067289;0.3651439124055825;0.0;0.12923901039516417;0.3626467550852102;0.18340717249646837;0.14268402131707603;0.0;0.0;0.0;0.0;0.16421566622535855;0.1640024327247949;0.0;0.16109019198048538;0.0;0.16904983147216357;0.39451649839007485;0.0;0.0;0.0;0.0;0.4423032461227375;0.0;0.3242989717457635;0.1589152134976607;0.983257299260867;0.42979066938193267;0.371558083556814;0.0;0.16094704955757047;0.0;0.0;0.0;0.14989411192812555;0.35612388050829297;0.1758101323104982;0.28428194326156425;0.0;0.0;0.0;0.13934520500367942;0.17090614260590406;0.0;0.0;0.16899194085589975
GO:0006882;0.13844406280796417;0.13181815570608904;0.13444634187711907;1.0;0.1535054238371863;0.13192920098962022;0.18633071618609412;0.19439423085529117;0.13128064966985756;0.22538552240523363;0.15372759542962805;0.8699600275168118;0.0;0.1890301355259759;0.0;0.0;0.19134313364151279;0.28353881031499695;0.13766620551947092;0.11454961132955743;0.0;0.3045532134620405;0.0;0.13901799892484404;0.1828650939030644;0.15465206715489543;0.0;0.1441936366871366;0.1534641770742752;0.21505993946185523;0.7100167944081949;0.16732792976813157;0.13577188976010132;0.18681805670186238;0.0;0.18914067809986035;0.1888578578114742;0.187100763198848;0.3322002132146917;0.16717644284129496;0.28774494980156035;0.13369771626383645;0.1156831421565562;0.1724931036327199;0.19200744364697878;0.14704642952166233;0.13369975208231807;0.19811582974035627;0.0;0.18214336665204056;0.13694471163584032;0.14706254321984555;0.1577125303613767;0.15746681759223635;0.1848175847171112;0.0;0.1315250477789397;0.17702289100911234;0.2506810883281148;0.10544506354145462;0.2046885424304466;0.0;0.4524666684696881;0.164640641575004;0.18769613928447923;0.8701278027513286;0.19807150617310496;0.0;0.09755860699549555;0.2876309529137392
GO:0006287;0.5348018760185852;0.8208769279399609;0.3627335341899162;0.1535054238371863;1.0;0.8215796631955739;0.0;0.0;0.35405469626232855;0.23170452596588428;0.41573995014283566;0.1604275146755998;0.0;0.19345499059732588;0.0;0.0;0.0;0.7390002921375811;0.0;0.0;0.0;0.2123255172426825;0.0;0.0;0.18700287161682325;0.8629285471761698;0.0;0.1467541350922383;0.9582245844210096;0.22080584051663527;0.1643382811405142;0.0;0.0;0.0;0.0;0.1935707705324039;0.19327455691151216;0.0;0.1892427309465268;0.0;0.20032325043673443;0.5161655074665961;0.0;0.0;0.0;0.0;0.8327869524432443;0.0;0.3887991299000413;0.18624818048787256;0.3695876614154234;0.5686977629542822;0.6106829814949852;0.0;0.18904521546482536;0.0;0.0;0.0;0.1739768137626051;0.6545200897369748;0.20988690962963502;0.4843502316156001;0.0;0.0;0.0;0.1599248154410922;0.20293521408016674;0.0;0.0;0.2002419647848084
GO:0045004;0.46504082241688516;0.9365965711255297;0.3166299218778215;0.13192920098962022;0.8215796631955739;1.0;0.0;0.0;0.30999687926797476;0.18583088815188556;0.3562818824166634;0.13700995015091083;0.0;0.2674764983888444;0.0;0.0;0.0;0.6548634544454602;0.0;0.0;0.0;0.17315583242442195;0.0;0.0;0.15593552850267683;0.7388671149394551;0.0;0.12691139172282379;0.8213868500610153;0.17875462093373112;0.13985222301686204;0.0;0.0;0.0;0.0;0.2676092100514199;0.1602722825713647;0.0;0.15748988634218916;0.0;0.16508931958012754;0.4508849637070031;0.0;0.0;0.0;0.0;0.7274612006971385;0.0;0.3244929741545654;0.15541041386523008;0.3218399357153553;0.4904603541418589;0.5213741612340731;0.0;0.2624015496455497;0.0;0.0;0.0;0.33575022259848436;0.7661803754563726;0.4420199579301799;0.40225005919359474;0.0;0.0;0.0;0.13664312980214555;0.3817009388367812;0.14171481325611684;0.0;0.16503410927746362
GO:0045648;0.0;0.0;0.0;0.18633071618609412;0.0;0.0;1.0;0.18272486105702707;0.0;0.0;0.0;0.1941788436019488;0.0;0.0;0.0;0.0;0.4452276964775639;0.14839482875346752;0.34960995220613456;0.21350893975501414;0.0;0.36483011261149273;0.0;0.25712363748195544;0.0;0.0;0.0;0.0;0.0;0.0;0.19859307676709148;0.23368280035722522;0.34500466173069744;0.34042093288457353;0.0;0.0;0.0;0.3409062512247618;0.22637457951005843;0.23348225465003017;0.3458781430709774;0.0;0.21554437125048873;0.3157177993108161;0.34931597366403383;0.37233373715877194;0.0;0.4937436395454075;0.0;0.0;0.0;0.0;0.0;0.2895676554364842;0.0;0.0;0.33466015347552336;0.24647822247973006;0.30362400868926553;0.0;0.0;0.0;0.25245626415107764;0.3020827667717185;0.34192804741705424;0.1936103977968819;0.0;0.0;0.18282291480031354;0.3457491630274419
GO:0043547;0.0;0.0;0.0;0.19439423085529117;0.0;0.0;0.18272486105702707;1.0;0.0;0.0;0.0;0.20597985849464578;0.0;0.0;0.0;0.0;0.2824854308387561;0.14338351834273466;0.17928410589021784;0.1419721622084047;0.0;0.30427677083194765;0.0;0.29960948595853487;0.0;0.0;0.0;0.0;0.0;0.0;0.21266867516612337;0.23309583001515802;0.1760846331531387;0.27273267261617823;0.0;0.0;0.0;0.27333561354973346;0.25787617322409445;0.45529980227988937;0.27956739521046475;0.0;0.14371751219353124;0.24324238291953793;0.2839357244649485;0.19552767291863898;0.0;0.297499988279325;0.0;0.0;0.0;0.0;0.0;0.2143927548241193;0.0;0.0;0.38361592282884827;0.25234813888596414;0.22961440126800897;0.0;0.0;0.0;0.3058983628391943;0.2279136371451455;0.27460814970463465;0.20512766302126556;0.0;0.0;0.19266383906891452;0.2794044565989928
GO:0046855;0.3982221368430585;0.3097658540701479;0.42272578030630226;0.13128064966985756;0.35405469626232855;0.30999687926797476;0.0;0.0;1.0;0.18454670521085503;0.5128841289103457;0.1363106164007522;0.0;0.15943872299631648;0.0;0.0;0.0;0.2824957230810212;0.0;0.0;0.0;0.17204033109503167;0.0;0.0;0.15503028727214813;0.3563507468606735;0.0;0.1263111241196453;0.3539720195963061;0.17756606412633452;0.13912365007951155;0.0;0.0;0.0;0.0;0.15951735789655316;0.15931614385069254;0.0;0.15656656179415002;0.0;0.16407502488436268;0.38615388645201304;0.0;0.0;0.0;0.0;0.31367442338539187;0.0;0.40341904529426276;0.15451124161102686;0.4296501157772009;0.419884557037633;0.3624571305124085;0.0;0.15643134238561074;0.0;0.0;0.0;0.14596977319858692;0.2536048145718442;0.17043580974785077;0.27621772368537534;0.0;0.0;0.0;0.1359475262225032;0.1658231234857499;0.0;0.0;0.16402049080036604
GO:0002244;0.19902289546995702;0.18561064382335823;0.1908642731127877;0.22538552240523363;0.23170452596588428;0.18583088815188556;0.0;0.0;0.18454670521085503;1.0;0.23221108543064706;0.24062992332925084;0.0;0.32345967770100004;0.0;0.328978385029049;0.0;0.16090827862350604;0.0;0.0;0.0;0.379915548369622;0.0;0.0;0.30581732928016897;0.2343269666736992;0.0;0.21112491223282076;0.23161056401794733;0.4079501109346458;0.24953686554696783;0.0;0.0;0.0;0.0;0.32378348633875675;0.32295556699442457;0.0;0.3118535632313907;0.0;0.34313013379231194;0.18935904472777187;0.0;0.0;0.0;0.0;0.18936312854160472;0.0;0.0;0.5042348635830285;0.19593894378975296;0.2173326400942567;0.24142553398750496;0.0;0.3113175560993206;0.0;0.0;0.0;0.2724567887239336;0.13726788855129637;0.3721781959985501;0.0;0.0;0.0;0.0;0.23950072565112956;0.35086544541222187;0.0;0.0;0.3428917134614949
GO:0046856;0.4606699729007653;0.3559767531525605;0.7219371146778095;0.15372759542962805;0.41573995014283566;0.3562818824166634;0.0;0.0;0.5128841289103457;0.23221108543064706;1.0;0.16067019084650347;0.0;0.19380798235666874;0.0;0.0;0.0;0.32043024513527074;0.0;0.0;0.0;0.212750808424997;0.0;0.0;0.18733268996602995;0.418909336772772;0.0;0.1469571809472903;0.41562595979279765;0.2212658193587534;0.16459294242079792;0.0;0.0;0.0;0.0;0.19392418532476305;0.1936268899139897;0.0;0.1895805046614852;0.0;0.20070177628668695;0.44459633118702924;0.0;0.0;0.0;0.0;0.36114820233875616;0.0;0.380672826050039;0.18657533977151408;0.7355965760169181;0.48990857618743955;0.42737336807828813;0.0;0.1893822838408084;0.0;0.0;0.0;0.17426224904597504;0.28376278955117984;0.21030247821719927;0.3351804365602386;0.0;0.0;0.0;0.16016597200130103;0.20332368485743754;0.0;0.0;0.20062018321638422
GO:0006879;0.14404965194122346;0.1368901910871644;0.13972669656046627;0.8699600275168118;0.1604275146755998;0.13700995015091083;0.1941788436019488;0.20597985849464578;0.1363106164007522;0.24062992332925084;0.16067019084650347;1.0;0.0;0.19963751006891797;0.0;0.0;0.2025574428513019;0.2933390771335334;0.14337729772342458;0.11847639419033301;0.0;0.32336882216327295;0.0;0.14484417361054644;0.19277371794402223;0.1616803238233231;0.0;0.1502847360156198;0.16038246466795159;0.22889667759647286;0.7437005354595047;0.17584128438429192;0.14132372245063088;0.19749342665024008;0.0;0.19976081090514805;0.19944536506816887;0.19780939307474366;0.35042296382818244;0.1756739982404339;0.30448393132814616;0.13891828871603862;0.11968938384967102;0.18155439162642348;0.2033020544880424;0.1535807857631226;0.13892048662744277;0.2101630537773408;0.0;0.19197182894266235;0.14242713694521308;0.15340376289537305;0.16502828796801242;0.16498376840384177;0.19494479057874506;0.0;0.13672834287992522;0.18657952262567618;0.2632910757109422;0.1086657897484764;0.21718411937961657;0.0;0.48052489728441095;0.1728760137044407;0.1984749928906648;0.8170913258594447;0.20974919847044074;0.0;0.10039246541523114;0.30435628852807306
GO:0006913;0.0;0.0;0.0;0.0;0.0;0.0;0.0;0.0;0.0;0.0;0.0;0.0;1.0;0.0;0.5084349309791714;0.0;0.0;0.0;0.0;0.0;0.5089393589455862;0.0;0.3306952589291972;0.0;0.0;0.0;0.5097479025640287;0.29577435869182095;0.0;0.0;0.0;0.0;0.0;0.0;0.5458175973073837;0.0;0.0;0.0;0.0;0.0;0.0;0.0;0.0;0.0;0.0;0.0;0.0;0.0;0.0;0.0;0.0;0.0;0.0;0.0;0.0;0.38080703399823534;0.0;0.0;0.0;0.0;0.0;0.0;0.0;0.0;0.0;0.0;0.0;0.0;0.0;0.0
GO:0071294;0.17012973925013175;0.2672028332601707;0.16413233220924767;0.1890301355259759;0.19345499059732588;0.2674764983888444;0.0;0.0;0.15943872299631648;0.32345967770100004;0.19380798235666874;0.19963751006891797;0.0;1.0;0.0;0.0;0.0;0.14148193412229848;0.0;0.0;0.0;0.2869042416427394;0.0;0.0;0.24252739989132555;0.19527966699134808;0.0;0.17889561179923597;0.19338948597798883;0.30260851224369234;0.20572984440901498;0.0;0.0;0.0;0.0;0.8636090063132551;0.25318245533740236;0.0;0.2463082815732469;0.0;0.265416324197517;0.163017982873852;0.0;0.0;0.0;0.0;0.1630210095332791;0.0;0.0;0.2412595313637544;0.1678711355950085;0.18333280253016626;0.2001848297518843;0.0;0.41018522665785107;0.0;0.0;0.0;0.36864169489305937;0.20490620329453088;0.4710454630393871;0.0;0.0;0.0;0.0;0.19885964848755325;0.6163000387571206;0.3130358027976637;0.0;0.2652736487714572
GO:0098656;0.0;0.0;0.0;0.0;0.0;0.0;0.0;0.0;0.0;0.0;0.0;0.0;0.5084349309791714;0.0;1.0;0.0;0.0;0.0;0.0;0.0;0.7077320017571231;0.0;0.24269721553894125;0.0;0.0;0.0;0.6118722602268825;0.29636160658029287;0.0;0.0;0.0;0.0;0.0;0.0;0.277084069173719;0.0;0.0;0.0;0.0;0.0;0.0;0.0;0.0;0.0;0.0;0.0;0.0;0.0;0.0;0.0;0.0;0.0;0.0;0.0;0.0;0.6056027253120342;0.0;0.0;0.0;0.0;0.0;0.0;0.0;0.0;0.0;0.0;0.0;0.0;0.0;0.0
GO:0001701;0.0;0.0;0.0;0.0;0.0;0.0;0.0;0.0;0.0;0.328978385029049;0.0;0.0;0.0;0.0;0.0;1.0;0.0;0.0;0.0;0.0;0.0;0.0;0.0;0.0;0.0;0.0;0.0;0.0;0.0;0.0;0.0;0.0;0.0;0.0;0.0;0.0;0.0;0.0;0.0;0.0;0.0;0.0;0.0;0.0;0.0;0.0;0.0;0.0;0.0;0.23320648666160795;0.0;0.0;0.0;0.0;0.0;0.0;0.0;0.0;0.0;0.0;0.0;0.0;0.0;0.0;0.0;0.0;0.0;0.0;0.0;0.0
GO:0032729;0.0;0.0;0.0;0.19134313364151279;0.0;0.0;0.4452276964775639;0.2824854308387561;0.0;0.0;0.0;0.2025574428513019;0.0;0.0;0.0;0.0;1.0;0.1417167311666872;0.3247829193771657;0.20676340752292874;0.0;0.43738226085320686;0.0;0.2636054826260808;0.0;0.0;0.0;0.0;0.0;0.0;0.20902234465231168;0.33698296992641685;0.3190694248418246;0.39303143534862284;0.0;0.0;0.0;0.3938812713095444;0.25253432644204815;0.33656608993226234;0.4026600575913777;0.0;0.2092756591986894;0.3513647284660521;0.4088085470231855;0.3537445202621479;0.0;0.5338358664105133;0.0;0.0;0.0;0.0;0.0;0.31041151732491734;0.0;0.0;0.3064203477444642;0.3642512889898101;0.3320429667454784;0.0;0.0;0.0;0.2984106149822298;0.3296286458747519;0.39567462157018995;0.20173327441352645;0.0;0.0;0.17040416461833086;0.4024306357010108
GO:0032201;0.4219785499356987;0.6544169052852856;0.2879936414565604;0.28353881031499695;0.7390002921375811;0.6548634544454602;0.14839482875346752;0.14338351834273466;0.2824957230810212;0.16090827862350604;0.32043024513527074;0.2933390771335334;0.0;0.14148193412229848;0.0;0.0;0.1417167311666872;1.0;0.10996184423520285;0.09469734065604715;0.0;0.2226211495642076;0.0;0.11082260471079752;0.2769586913146644;0.6641663138848208;0.0;0.11477106840097362;0.738844287783806;0.2011014248952049;0.2987891177127262;0.12809993338092182;0.10874989058505317;0.13921917977932324;0.0;0.14154385050545187;0.36498694419227595;0.13937611803274602;0.3901611762035896;0.1280111302509432;0.21350469833272376;0.4102899984391901;0.09547069316366273;0.13110541661323177;0.14208081081172216;0.11586559328195556;0.6619641718180926;0.14539810048057983;0.2873160382076892;0.23338501667489311;0.2922974698405627;0.4428029974378952;0.46784759358923417;0.12223951099504664;0.13910877784014256;0.0;0.10600821465172645;0.13370586198440684;0.19239760281524884;0.5441568433734173;0.1500746682786262;0.35515369750496395;0.24200007931381756;0.1265190005705054;0.13970623255732462;0.2926340124108106;0.1464866599243637;0.0;0.08277895191595547;0.21344193054216407
GO:0050714;0.0;0.0;0.0;0.13766620551947092;0.0;0.0;0.34960995220613456;0.17928410589021784;0.0;0.0;0.0;0.14337729772342458;0.0;0.0;0.0;0.0;0.3247829193771657;0.10996184423520285;1.0;0.21106171438015428;0.0;0.357742345021074;0.0;0.25358276587361966;0.0;0.0;0.0;0.0;0.0;0.0;0.14658648705471605;0.22985372649292743;0.3403583449334759;0.3342418289766433;0.0;0.0;0.0;0.3347096767302913;0.16673359858175021;0.22965969640579634;0.33950119518309163;0.0;0.21305053600219964;0.31039593817616423;0.3428128210881387;0.6588109651058579;0.0;0.48428240827007263;0.0;0.0;0.0;0.0;0.0;0.285084618902869;0.0;0.0;0.33028652078164217;0.5423138499584748;0.29869887371775367;0.0;0.0;0.0;0.18556935041299338;0.29720710490237046;0.33569461094998676;0.14296387253804588;0.0;0.0;0.181025620835044;0.3393769264465787
GO:0031953;0.0;0.0;0.0;0.11454961132955743;0.0;0.0;0.21350893975501414;0.1419721622084047;0.0;0.0;0.0;0.11847639419033301;0.0;0.0;0.0;0.0;0.20676340752292874;0.09469734065604715;0.21106171438015428;1.0;0.0;0.2814323597618993;0.0;0.6605007066935097;0.0;0.0;0.0;0.0;0.0;0.0;0.12065919068574259;0.2827183391746987;0.20875288828225144;0.26668163396384587;0.0;0.0;0.0;0.3710559464396855;0.13398563799194904;0.418131324690944;0.27001911589578725;0.0;0.6687705005092637;0.34923550393323527;0.2721097669364219;0.22230311688040905;0.0;0.27839955489152596;0.0;0.0;0.0;0.0;0.0;0.5005032106822817;0.0;0.0;0.38114929160790284;0.19518297487696643;0.24355806947990088;0.0;0.0;0.0;0.14588496419968852;0.5975204629836129;0.364967932897031;0.11819395994972184;0.0;0.0;0.8292673191002965;0.2699405017273819
GO:0015701;0.0;0.0;0.0;0.0;0.0;0.0;0.0;0.0;0.0;0.0;0.0;0.0;0.5089393589455862;0.0;0.7077320017571231;0.0;0.0;0.0;0.0;0.0;1.0;0.0;0.24290346642942556;0.0;0.0;0.0;0.616278857120067;0.29653292047685287;0.0;0.0;0.0;0.0;0.0;0.0;0.33369454322879166;0.0;0.0;0.0;0.0;0.0;0.0;0.0;0.0;0.0;0.0;0.0;0.0;0.0;0.0;0.0;0.0;0.0;0.0;0.0;0.0;0.45727295464608597;0.0;0.0;0.0;0.0;0.0;0.0;0.0;0.0;0.0;0.0;0.0;0.0;0.0;0.0
GO:0035556;0.18455443331068677;0.17296459262175168;0.1775179462223179;0.3045532134620405;0.2123255172426825;0.17315583242442195;0.36483011261149273;0.30427677083194765;0.17204033109503167;0.379915548369622;0.212750808424997;0.32336882216327295;0.0;0.2869042416427394;0.0;0.0;0.43738226085320686;0.2226211495642076;0.357742345021074;0.2814323597618993;0.0;1.0;0.0;0.36247819885701615;0.27293813534430805;0.2145255549008868;0.0;0.19491503682796166;0.21224661268511544;0.3514706020966323;0.3342671108315672;0.35772632718106573;0.3511593451243153;0.5533585031426099;0.0;0.28715896744405656;0.2865075655195696;0.5546420000372673;0.4086109283376044;0.35725658032337304;0.8235760450775624;0.17621514785350573;0.2849796077977418;0.49091980196476687;0.5772523191169909;0.39127922222847683;0.17621868440230373;0.6063116026998181;0.0;0.2713334257504227;0.18189958355184485;0.2001941997706858;0.22045991510336163;0.43047201086859627;0.27731079721141993;0.0;0.33662381293644106;0.38860886047273313;0.6703875307137669;0.1302264252059441;0.32459175157167885;0.0;0.3228344114649786;0.4587244206852175;0.5573517969751051;0.3219821758101456;0.30826107617185466;0.0;0.23044762060592236;0.8230718874671727
GO:1905793;0.0;0.0;0.0;0.0;0.0;0.0;0.0;0.0;0.0;0.0;0.0;0.0;0.3306952589291972;0.0;0.24269721553894125;0.0;0.0;0.0;0.0;0.0;0.24290346642942556;0.0;1.0;0.0;0.0;0.0;0.24323394206523893;0.15018724941731953;0.0;0.0;0.0;0.0;0.0;0.0;0.44202535557846134;0.0;0.0;0.0;0.0;0.0;0.0;0.0;0.0;0.0;0.0;0.0;0.0;0.0;0.0;0.0;0.0;0.0;0.0;0.0;0.0;0.18855774264494696;0.0;0.0;0.0;0.0;0.0;0.0;0.0;0.0;0.0;0.0;0.0;0.0;0.0;0.0
GO:0045859;0.0;0.0;0.0;0.13901799892484404;0.0;0.0;0.25712363748195544;0.29960948595853487;0.0;0.0;0.0;0.14484417361054644;0.0;0.0;0.0;0.0;0.2636054826260808;0.11082260471079752;0.25358276587361966;0.6605007066935097;0.0;0.36247819885701615;0.0;1.0;0.0;0.0;0.0;0.0;0.0;0.0;0.14812011468810335;0.35124501044945844;0.2502572753489774;0.33837231995188416;0.0;0.0;0.0;0.47094640482374117;0.16872062317715342;0.62183951646185;0.3437635259824253;0.0;0.49420397158671997;0.43634400141042556;0.3471592425616716;0.26998587856009876;0.0;0.3574626955941241;0.0;0.0;0.0;0.0;0.0;0.6150547377342316;0.0;0.0;0.6118078256291782;0.24506802145392972;0.30199327812996973;0.0;0.0;0.0;0.18803399654282862;0.7401556053624644;0.33986131011987025;0.14442225819161447;0.0;0.0;0.7119676745121468;0.3436361179342949
GO:0060271;0.1651195639290821;0.15578041775375462;0.1594643217067289;0.1828650939030644;0.18700287161682325;0.15593552850267683;0.0;0.0;0.15503028727214813;0.30581732928016897;0.18733268996602995;0.19277371794402223;0.0;0.24252739989132555;0.0;0.0;0.0;0.2769586913146644;0.0;0.0;0.0;0.27293813534430805;0.0;0.0;1.0;0.1887073281533671;0.0;0.17336423369782772;0.1869416628672506;0.28711292505220287;0.19844837549515987;0.0;0.0;0.0;0.0;0.24270939553158988;0.48617157449411874;0.0;0.47352696500389047;0.0;0.25342014566571003;0.15841225323946095;0.0;0.0;0.0;0.0;0.15841511128957686;0.0;0.0;0.4594605663558796;0.16299119728065917;0.1775280810029321;0.19328400140268676;0.0;0.23563652698658394;0.0;0.0;0.0;0.21267650717238573;0.12024007125207066;0.2689216665627146;0.0;0.0;0.0;0.0;0.19204832744513944;0.2576147422975917;0.0;0.0;0.2532900727900257
GO:0006296;0.4870964703128741;0.7382310119570551;0.3651439124055825;0.15465206715489543;0.8629285471761698;0.7388671149394551;0.0;0.0;0.3563507468606735;0.2343269666736992;0.418909336772772;0.1616803238233231;0.0;0.19527966699134808;0.0;0.0;0.0;0.6641663138848208;0.0;0.0;0.0;0.2145255549008868;0.0;0.0;0.1887073281533671;1.0;0.0;0.14780179165004098;0.8626904940801172;0.22318611266329258;0.16565316492039636;0.0;0.0;0.0;0.0;0.19539764197595083;0.19509581515320792;0.0;0.19098845344346077;0.0;0.20228044567393888;0.47001035335281677;0.0;0.0;0.0;0.0;0.7490127049051408;0.0;0.3923238946623837;0.18793884517874823;0.37209030637158064;0.5181936656608324;0.5567497375011577;0.0;0.19078727901718714;0.0;0.0;0.0;0.17545114980107615;0.5878471797728285;0.21203644580754652;0.48887381770030947;0.0;0.0;0.0;0.16116975507718065;0.20494403670025957;0.0;0.0;0.20219756423961768
GO:1902047;0.0;0.0;0.0;0.0;0.0;0.0;0.0;0.0;0.0;0.0;0.0;0.0;0.5097479025640287;0.0;0.6118722602268825;0.0;0.0;0.0;0.0;0.0;0.616278857120067;0.0;0.24323394206523893;0.0;0.0;0.0;1.0;0.29680722271286136;0.0;0.0;0.0;0.0;0.0;0.0;0.389670067126949;0.0;0.0;0.0;0.0;0.0;0.0;0.0;0.0;0.0;0.0;0.0;0.0;0.0;0.0;0.0;0.0;0.0;0.0;0.0;0.0;0.45758816216572834;0.0;0.0;0.0;0.0;0.0;0.0;0.0;0.0;0.0;0.0;0.0;0.0;0.0;0.0
GO:0043312;0.1329288022138514;0.12680862952841987;0.12923901039516417;0.1441936366871366;0.1467541350922383;0.12691139172282379;0.0;0.0;0.1263111241196453;0.21112491223282076;0.1469571809472903;0.1502847360156198;0.29577435869182095;0.17889561179923597;0.29636160658029287;0.0;0.0;0.11477106840097362;0.0;0.0;0.29653292047685287;0.19491503682796166;0.15018724941731953;0.0;0.17336423369782772;0.14780179165004098;0.29680722271286136;1.0;0.1467164362296845;0.20203829525164155;0.15371134930078942;0.0;0.0;0.0;0.19907832148248694;0.17899461591301136;0.17874130409618252;0.0;0.17528760876786548;0.0;0.18475331479275384;0.1285471035579648;0.0;0.0;0.0;0.0;0.12854898553972896;0.0;0.0;0.1727154206877627;0.13154593561310224;0.1408546276402987;0.15059468647227786;0.0;0.17511813652039165;0.24792744219142368;0.0;0.0;0.16211177519367145;0.1022149824777028;0.1928580219451779;0.0;0.0;0.0;0.0;0.14984350472323502;0.18697278330151093;0.0;0.0;0.1846841716124061
GO:0006297;0.5346700636420666;0.820684444469762;0.3626467550852102;0.1534641770742752;0.9582245844210096;0.8213868500610153;0.0;0.0;0.3539720195963061;0.23161056401794733;0.41562595979279765;0.16038246466795159;0.0;0.19338948597798883;0.0;0.0;0.0;0.738844287783806;0.0;0.0;0.0;0.21224661268511544;0.0;0.0;0.1869416628672506;0.8626904940801172;0.0;0.1467164362296845;1.0;0.22072050842817387;0.16429100830361432;0.0;0.0;0.0;0.0;0.1935051874958133;0.19320917440565205;0.0;0.1891800473845816;0.0;0.20025301285545852;0.516042720566417;0.0;0.0;0.0;0.0;0.8325888436793061;0.0;0.3886725457052142;0.18618746470387273;0.3694975722185503;0.5685487148002104;0.610511116751835;0.0;0.1889826626605219;0.0;0.0;0.0;0.17392383404930167;0.654397711570551;0.20980980680878095;0.48418782258138016;0.0;0.0;0.0;0.15988004727989705;0.20286313326768154;0.0;0.0;0.20017178418293094
GO:0051456;0.1909281705277498;0.17855082144785728;0.18340717249646837;0.21505993946185523;0.22080584051663527;0.17875462093373112;0.0;0.0;0.17756606412633452;0.4079501109346458;0.2212658193587534;0.22889667759647286;0.0;0.30260851224369234;0.0;0.0;0.0;0.2011014248952049;0.0;0.0;0.0;0.3514706020966323;0.0;0.0;0.28711292505220287;0.22318611266329258;0.0;0.20203829525164155;0.22072050842817387;1.0;0.23694166199240868;0.0;0.0;0.0;0.0;0.30289190085052764;0.3905900530738918;0.0;0.29242694764658816;0.0;0.319757450374079;0.18201683709305808;0.0;0.0;0.0;0.0;0.18202061035183908;0.0;0.0;0.28533775113333293;0.1880881903995821;0.20771598754777873;0.22961647502973218;0.0;0.2919555901359146;0.0;0.0;0.0;0.2575108820967029;0.13336802233184092;0.34483838117149807;0.0;0.0;0.0;0.0;0.22787468188226895;0.32646455472099123;0.0;0.0;0.31955039454217027
GO:0051453;0.14719485826083645;0.1397274458706438;0.14268402131707603;0.7100167944081949;0.1643382811405142;0.13985222301686204;0.19859307676709148;0.21266867516612337;0.13912365007951155;0.24953686554696783;0.16459294242079792;0.7437005354595047;0.0;0.20572984440901498;0.0;0.0;0.20902234465231168;0.2987891177127262;0.14658648705471605;0.12065919068574259;0.0;0.3342671108315672;0.0;0.14812011468810335;0.19844837549515987;0.16565316492039636;0.0;0.15371134930078942;0.16429100830361432;0.23694166199240868;1.0;0.18069286053298964;0.14444064124594577;0.20363421906253262;0.0;0.20586078808048752;0.205525799088295;0.20397015678165592;0.3608695362494086;0.1805162206115759;0.31412747877651265;0.1418411345417971;0.12191752542472052;0.18673098630426002;0.20981533845782668;0.15726886853445415;0.14184342591521337;0.21713090757931033;0.0;0.19759868545039533;0.1455011337248423;0.15697577511201405;0.16916947340735297;0.1692474459719099;0.20074991167628672;0.0;0.13964376271710344;0.1920509605071037;0.27047105936617455;0.11044606591706005;0.22441384816923887;0.0;0.496782229708848;0.1775631611962063;0.20467793655504843;0.7412492450888523;0.21648472986271325;0.0;0.10195536916435993;0.31399162439268036
GO:0045540;0.0;0.0;0.0;0.16732792976813157;0.0;0.0;0.23368280035722522;0.23309583001515802;0.0;0.0;0.0;0.17584128438429192;0.0;0.0;0.0;0.0;0.33698296992641685;0.12809993338092182;0.22985372649292743;0.2827183391746987;0.0;0.35772632718106573;0.0;0.35124501044945844;0.0;0.0;0.0;0.0;0.0;0.0;0.18069286053298964;1.0;0.22627600666382236;0.32750063180967387;0.0;0.0;0.0;0.4129057644952832;0.21231723747774614;0.43424128676897034;0.33415893441923133;0.0;0.28582272121924607;0.3750986451467909;0.33838241769632266;0.24776489018106987;0.0;0.3513400542866934;0.0;0.0;0.0;0.0;0.0;0.40510139199952394;0.0;0.0;0.27473635192380935;0.3072705476237333;0.2840294306014417;0.0;0.0;0.0;0.24383329221200992;0.4265767455009561;0.3293338357126349;0.17521985127255982;0.0;0.0;0.2369711786776315;0.3340009166218222
GO:0051496;0.0;0.0;0.0;0.13577188976010132;0.0;0.0;0.34500466173069744;0.1760846331531387;0.0;0.0;0.0;0.14132372245063088;0.0;0.0;0.0;0.0;0.3190694248418246;0.10874989058505317;0.3403583449334759;0.20875288828225144;0.0;0.3511593451243153;0.0;0.2502572753489774;0.0;0.0;0.0;0.0;0.0;0.0;0.14444064124594577;0.22627600666382236;1.0;0.32848835639722046;0.0;0.0;0.0;0.3289402252918991;0.16396293388103755;0.2260879673324895;0.33356684120225033;0.0;0.21069823551701908;0.4043213819574988;0.336763161984494;0.442777296291146;0.0;0.47549038734934285;0.0;0.0;0.0;0.0;0.0;0.28088841215336996;0.0;0.0;0.32617324842461776;0.2382523725614411;0.2940955521926995;0.0;0.0;0.0;0.18214375784940456;0.2926492977878253;0.3298914489269544;0.14092203873924614;0.0;0.0;0.1793245241393022;0.33344687807158135
GO:0051056;0.0;0.0;0.0;0.18681805670186238;0.0;0.0;0.34042093288457353;0.27273267261617823;0.0;0.0;0.0;0.19749342665024008;0.0;0.0;0.0;0.0;0.39303143534862284;0.13921917977932324;0.3342418289766433;0.26668163396384587;0.0;0.5533585031426099;0.0;0.33837231995188416;0.0;0.0;0.0;0.0;0.0;0.0;0.20363421906253262;0.32750063180967387;0.32848835639722046;1.0;0.0;0.0;0.0;0.500124364021644;0.2447114068126939;0.3271068691320457;0.5108983422795791;0.0;0.26986467981813916;0.4477216746345394;0.9612200317388762;0.3633380920790664;0.0;0.5417544168763213;0.0;0.0;0.0;0.0;0.0;0.39689323455544157;0.0;0.0;0.3157349976641581;0.3531974286816753;0.42378410516005866;0.0;0.0;0.0;0.28754837434154684;0.42078759096399376;0.5023265741449872;0.19670987246018837;0.0;0.0;0.2204625023806791;0.5106169786173866
GO:0006606;0.0;0.0;0.0;0.0;0.0;0.0;0.0;0.0;0.0;0.0;0.0;0.0;0.5458175973073837;0.0;0.277084069173719;0.0;0.0;0.0;0.0;0.0;0.33369454322879166;0.0;0.44202535557846134;0.0;0.0;0.0;0.389670067126949;0.19907832148248694;0.0;0.0;0.0;0.0;0.0;0.0;1.0;0.0;0.0;0.0;0.0;0.0;0.0;0.0;0.0;0.0;0.0;0.0;0.0;0.0;0.0;0.0;0.0;0.0;0.0;0.0;0.0;0.23429108345659608;0.0;0.0;0.0;0.0;0.0;0.0;0.0;0.0;0.0;0.0;0.0;0.0;0.0;0.0
GO:0071287;0.17021927625470096;0.2673352734299869;0.16421566622535855;0.18914067809986035;0.1935707705324039;0.2676092100514199;0.0;0.0;0.15951735789655316;0.32378348633875675;0.19392418532476305;0.19976081090514805;0.0;0.8636090063132551;0.0;0.0;0.0;0.14154385050545187;0.0;0.0;0.0;0.28715896744405656;0.0;0.0;0.24270939553158988;0.19539764197595083;0.0;0.17899461591301136;0.1935051874958133;0.30289190085052764;0.20586078808048752;0.0;0.0;0.0;0.0;1.0;0.253380800172396;0.0;0.24649599808364034;0.0;0.2656343085811451;0.16310018888282504;0.0;0.0;0.0;0.0;0.16310321859559182;0.0;0.0;0.2414396284220172;0.16795831042530524;0.18343678022411797;0.2003088077998918;0.0;0.4104974122408697;0.0;0.0;0.0;0.36889382705450113;0.20498407821935777;0.4714572072573856;0.0;0.0;0.0;0.0;0.19898199004995648;0.6168149900151179;0.3132958366869216;0.0;0.2654913987654829
GO:0000070;0.16999017729017127;0.16010842875099654;0.1640024327247949;0.1888578578114742;0.19327455691151216;0.1602722825713647;0.0;0.0;0.15931614385069254;0.32295556699442457;0.1936268899139897;0.19944536506816887;0.0;0.25318245533740236;0.0;0.0;0.0;0.36498694419227595;0.0;0.0;0.0;0.2865075655195696;0.0;0.0;0.48617157449411874;0.19509581515320792;0.0;0.17874130409618252;0.19320917440565205;0.3905900530738918;0.205525799088295;0.0;0.0;0.0;0.0;0.253380800172396;1.0;0.0;0.4937417497803612;0.0;0.2650768065470547;0.16288984057527767;0.0;0.0;0.0;0.0;0.16289286247824478;0.0;0.0;0.4087620503867839;0.1677352531435334;0.1831707487020447;0.1999916302597994;0.0;0.24568216536040827;0.0;0.0;0.0;0.22082600855487827;0.12280229471066152;0.2820850381667248;0.0;0.0;0.0;0.0;0.1986689971907357;0.2696696555278517;0.0;0.0;0.26493449580735406
GO:0016241;0.0;0.0;0.0;0.187100763198848;0.0;0.0;0.3409062512247618;0.27333561354973346;0.0;0.0;0.0;0.19780939307474366;0.0;0.0;0.0;0.0;0.3938812713095444;0.13937611803274602;0.3347096767302913;0.3710559464396855;0.0;0.5546420000372673;0.0;0.47094640482374117;0.0;0.0;0.0;0.0;0.0;0.0;0.20397015678165592;0.4129057644952832;0.3289402252918991;0.500124364021644;0.0;0.0;0.0;1.0;0.2451967067404219;0.41240842389503896;0.511992231508624;0.0;0.4589556382257201;0.8289921131578926;0.5195613112970211;0.3638910062672369;0.0;0.5429845877622684;0.0;0.0;0.0;0.0;0.0;0.7347227679150008;0.0;0.0;0.4393981367485493;0.35388358083764554;0.42453648155408996;0.0;0.0;0.0;0.2882186823762637;0.5858541357480009;0.503384027125944;0.1970233346781722;0.0;0.0;0.3066881480737101;0.5117096620290081
GO:0016243;0.16686342932386025;0.1573316694772567;0.16109019198048538;0.3322002132146917;0.1892427309465268;0.15748988634218916;0.22637457951005843;0.25787617322409445;0.15656656179415002;0.3118535632313907;0.1895805046614852;0.35042296382818244;0.0;0.2463082815732469;0.0;0.0;0.25253432644204815;0.3901611762035896;0.16673359858175021;0.13398563799194904;0.0;0.4086109283376044;0.0;0.16872062317715342;0.47352696500389047;0.19098845344346077;0.0;0.17528760876786548;0.1891800473845816;0.29242694764658816;0.3608695362494086;0.21231723747774614;0.16396293388103755;0.2447114068126939;0.0;0.24649599808364034;0.4937417497803612;0.2451967067404219;1.0;0.21207339852286985;0.37891456725634354;0.16001663294945215;0.13553907050572453;0.22070291374368584;0.2536927525199084;0.1806940115992938;0.16001954918521843;0.26446653032499345;0.0;0.3981848255750814;0.1646901647989538;0.17954549407612638;0.19567781740182408;0.19668820870276824;0.2392040301539259;0.0;0.15780937648895785;0.22817341531566354;0.31716333122214135;0.12116215309242288;0.27357817619675673;0.0;0.3616042158504959;0.20800922835687521;0.24622023269014232;0.34908812785996424;0.2618848052251475;0.0;0.11131031419613287;0.3787169132291062
GO:0052548;0.0;0.0;0.0;0.16717644284129496;0.0;0.0;0.23348225465003017;0.45529980227988937;0.0;0.0;0.0;0.1756739982404339;0.0;0.0;0.0;0.0;0.33656608993226234;0.1280111302509432;0.22965969640579634;0.418131324690944;0.0;0.35725658032337304;0.0;0.62183951646185;0.0;0.0;0.0;0.0;0.0;0.0;0.1805162206115759;0.43424128676897034;0.2260879673324895;0.3271068691320457;0.0;0.0;0.0;0.41240842389503896;0.21207339852286985;1.0;0.33374900809885144;0.0;0.4227194163779345;0.3746881661758059;0.33796207017197255;0.2475394574657333;0.0;0.35088691931016297;0.0;0.0;0.0;0.0;0.0;0.5989537642325399;0.0;0.0;0.3707464823425933;0.30692390306300255;0.2837332161332648;0.0;0.0;0.0;0.24351174514471977;0.6306727682747276;0.3289356551580224;0.1750537448784187;0.0;0.0;0.41964716992821227;0.33359137766588504
GO:0070757;0.17541896622887;0.16491547372592452;0.16904983147216357;0.28774494980156035;0.20032325043673443;0.16508931958012754;0.3458781430709774;0.27956739521046475;0.16407502488436268;0.34313013379231194;0.20070177628668695;0.30448393132814616;0.0;0.265416324197517;0.0;0.0;0.4026600575913777;0.21350469833272376;0.33950119518309163;0.27001911589578725;0.0;0.8235760450775624;0.0;0.3437635259824253;0.25342014566571003;0.20228044567393888;0.0;0.18475331479275384;0.20025301285545852;0.319757450374079;0.31412747877651265;0.33415893441923133;0.33356684120225033;0.5108983422795791;0.0;0.2656343085811451;0.2650768065470547;0.511992231508624;0.37891456725634354;0.33374900809885144;1.0;0.1678679491694499;0.27328281851026365;0.4572092320155505;0.5311987508576548;0.3695615100445184;0.1678711586026011;0.5557078243657122;0.0;0.25203615578772076;0.17301873303913856;0.18948968952259093;0.20754835674212732;0.4043309923643402;0.25718547061355995;0.0;0.3204239848505485;0.3609539618868973;0.6268637861395895;0.12561054072133163;0.297355738659594;0.0;0.29515619063471676;0.4291573073258917;0.5143004390479897;0.30325420929532515;0.2835925483115562;0.0;0.22273844453624045;0.9251026466710934
GO:1990938;0.8993778117243134;0.4505434527367975;0.39451649839007485;0.13369771626383645;0.5161655074665961;0.4508849637070031;0.0;0.0;0.38615388645201304;0.18935904472777187;0.44459633118702924;0.13891828871603862;0.0;0.163017982873852;0.0;0.0;0.0;0.4102899984391901;0.0;0.0;0.0;0.17621514785350573;0.0;0.0;0.15841225323946095;0.47001035335281677;0.0;0.1285471035579648;0.516042720566417;0.18201683709305808;0.1418411345417971;0.0;0.0;0.0;0.0;0.16310018888282504;0.16288984057527767;0.0;0.16001663294945215;0.0;0.1678679491694499;1.0;0.0;0.0;0.0;0.0;0.4563223817251915;0.0;0.2754146812262706;0.15787035431900034;0.4010880009627587;0.9110760097421112;0.8022094157025355;0.0;0.15987539123085615;0.0;0.0;0.0;0.14896416517318445;0.36777003900359084;0.17453219031373304;0.5190149825515321;0.0;0.0;0.0;0.1385411927754029;0.16969825437466068;0.0;0.0;0.1678108650511224
GO:1905166;0.0;0.0;0.0;0.1156831421565562;0.0;0.0;0.21554437125048873;0.14371751219353124;0.0;0.0;0.0;0.11968938384967102;0.0;0.0;0.0;0.0;0.2092756591986894;0.09547069316366273;0.21305053600219964;0.6687705005092637;0.0;0.2849796077977418;0.0;0.49420397158671997;0.0;0.0;0.0;0.0;0.0;0.0;0.12191752542472052;0.28582272121924607;0.21069823551701908;0.26986467981813916;0.0;0.0;0.0;0.4589556382257201;0.13553907050572453;0.4227194163779345;0.27328281851026365;0.0;1.0;0.43166281093194714;0.2754245145241926;0.22451054225766967;0.0;0.28187029089181714;0.0;0.0;0.0;0.0;0.0;0.6145040404606406;0.0;0.0;0.28543940882288227;0.19742017174950457;0.24621030748425535;0.0;0.0;0.0;0.14772846941510792;0.5643445444165227;0.3693393741069018;0.11940114378027585;0.0;0.0;0.5844875078487441;0.2732022927320086
GO:1903146;0.0;0.0;0.0;0.1724931036327199;0.0;0.0;0.3157177993108161;0.24324238291953793;0.0;0.0;0.0;0.18155439162642348;0.0;0.0;0.0;0.0;0.3513647284660521;0.13110541661323177;0.31039593817616423;0.34923550393323527;0.0;0.49091980196476687;0.0;0.43634400141042556;0.0;0.0;0.0;0.0;0.0;0.0;0.18673098630426002;0.3750986451467909;0.4043213819574988;0.4477216746345394;0.0;0.0;0.0;0.8289921131578926;0.22070291374368584;0.3746881661758059;0.4572092320155505;0.0;0.43166281093194714;1.0;0.46323565875929235;0.33533377706621836;0.0;0.4817650260276887;0.0;0.0;0.0;0.0;0.0;0.672183812877303;0.0;0.0;0.409127428881593;0.31918315345813664;0.3861692752005009;0.0;0.0;0.0;0.25495847689233075;0.5332493116337662;0.45033225125384574;0.18089199768911907;0.0;0.0;0.2916279096557025;0.4569838837921825
GO:1902531;0.0;0.0;0.0;0.19200744364697878;0.0;0.0;0.34931597366403383;0.2839357244649485;0.0;0.0;0.0;0.2033020544880424;0.0;0.0;0.0;0.0;0.4088085470231855;0.14208081081172216;0.3428128210881387;0.2721097669364219;0.0;0.5772523191169909;0.0;0.3471592425616716;0.0;0.0;0.0;0.0;0.0;0.0;0.20981533845782668;0.33838241769632266;0.336763161984494;0.9612200317388762;0.0;0.0;0.0;0.5195613112970211;0.2536927525199084;0.33796207017197255;0.5311987508576548;0.0;0.2754245145241926;0.46323565875929235;1.0;0.37348893029481917;0.0;0.5646359009624167;0.0;0.0;0.0;0.0;0.0;0.4090368893534988;0.0;0.0;0.32337227832502397;0.3658869336099266;0.43765781448663565;0.0;0.0;0.0;0.3000295077504997;0.43446263053212986;0.521938428893497;0.20247182795921237;0.0;0.0;0.22415911875967137;0.5308945898013828
GO:1903543;0.0;0.0;0.0;0.14704642952166233;0.0;0.0;0.37233373715877194;0.19552767291863898;0.0;0.0;0.0;0.1535807857631226;0.0;0.0;0.0;0.0;0.3537445202621479;0.11586559328195556;0.6588109651058579;0.22230311688040905;0.0;0.39127922222847683;0.0;0.26998587856009876;0.0;0.0;0.0;0.0;0.0;0.0;0.15726886853445415;0.24776489018106987;0.442777296291146;0.3633380920790664;0.0;0.0;0.0;0.3638910062672369;0.1806940115992938;0.2475394574657333;0.3695615100445184;0.0;0.22451054225766967;0.33533377706621836;0.37348893029481917;1.0;0.0;0.5290045501668214;0.0;0.0;0.0;0.0;0.0;0.30598423571418454;0.0;0.0;0.350495174764226;0.37528435957327155;0.321722886991077;0.0;0.0;0.0;0.203027248772831;0.3199929466956612;0.36505546678289896;0.15310652105428268;0.0;0.0;0.18923295865984782;0.36941426568793834
GO:0006261;0.47082721418624923;0.7269101968785886;0.4423032461227375;0.13369975208231807;0.8327869524432443;0.7274612006971385;0.0;0.0;0.31367442338539187;0.18936312854160472;0.36114820233875616;0.13892048662744277;0.0;0.1630210095332791;0.0;0.0;0.0;0.6619641718180926;0.0;0.0;0.0;0.17621868440230373;0.0;0.0;0.15841511128957686;0.7490127049051408;0.0;0.12854898553972896;0.8325888436793061;0.18202061035183908;0.14184342591521337;0.0;0.0;0.0;0.0;0.16310321859559182;0.16289286247824478;0.0;0.16001954918521843;0.0;0.1678711586026011;0.4563223817251915;0.0;0.0;0.0;0.0;1.0;0.0;0.3296296204525734;0.15787319284866774;0.44967084055237083;0.49690099334544974;0.5286583263169647;0.0;0.15987830232070593;0.0;0.0;0.0;0.1489666924653085;0.7530438306294661;0.17453565963223613;0.40877833654972767;0.0;0.0;0.0;0.13854337877037662;0.1697015341765007;0.0;0.0;0.16781407230186463
GO:0008284;0.0;0.0;0.0;0.19811582974035627;0.0;0.0;0.4937436395454075;0.297499988279325;0.0;0.0;0.0;0.2101630537773408;0.0;0.0;0.0;0.0;0.5338358664105133;0.14539810048057983;0.48428240827007263;0.27839955489152596;0.0;0.6063116026998181;0.0;0.3574626955941241;0.0;0.0;0.0;0.0;0.0;0.0;0.21713090757931033;0.3513400542866934;0.47549038734934285;0.5417544168763213;0.0;0.0;0.0;0.5429845877622684;0.26446653032499345;0.35088691931016297;0.5557078243657122;0.0;0.28187029089181714;0.4817650260276887;0.5646359009624167;0.5290045501668214;0.0;1.0;0.0;0.0;0.0;0.0;0.0;0.4234167216048396;0.0;0.0;0.45606158135613156;0.38108393429583753;0.45416100318329716;0.0;0.0;0.0;0.3152161464692048;0.4507212551463526;0.5455814065973876;0.20927596729042847;0.0;0.0;0.22841015848410542;0.5553749571162026
