;GO:0016525;GO:0032092;GO:0036498;GO:0060487;GO:0006120;GO:0034198;GO:0006366;GO:0006886;GO:0006884;GO:0020027;GO:0009635;GO:0022011;GO:0001666;GO:0045892;GO:0001701;GO:0043154;GO:0006914;GO:0070126;GO:0070125;GO:0006919;GO:0035556;GO:0033173;GO:0065003;GO:0032088;GO:0000902;GO:1902600;GO:0051260;GO:0007223;GO:0043312;GO:0045454;GO:1901799;GO:0042744;GO:0071284;GO:0051016;GO:0030218;GO:0016480;GO:0010507;GO:0006606;GO:0001837;GO:0010266;GO:0034614;GO:0051017;GO:0035264;GO:1903142;GO:0006783;GO:0043200;GO:0038095;GO:0097190;GO:0043488;GO:0022900;GO:0006782;GO:0045944;GO:0045471;GO:1904707;GO:0071277;GO:0001569;GO:0051384;GO:0071353;GO:0070542;GO:0032981;GO:1903393;GO:0033197;GO:0006470;GO:0006357;GO:0110059;GO:0048873;GO:0032496;GO:0030036
GO:0016525;1.0;0.24116856134832756;0.2711434376578462;0.0;0.0;0.0;0.0;0.0;0.20715163390919036;0.0;0.0;0.0;0.0;0.19907517278260414;0.0;0.17784845182942982;0.0;0.0;0.0;0.13999029903284968;0.33914822171593495;0.282089609635006;0.0;0.24442603166518578;0.0;0.0;0.0;0.2918794124862762;0.0;0.3122250259356143;0.20700832543510997;0.0;0.0;0.18050963138432838;0.0;0.19188864833277355;0.31114925161452534;0.0;0.0;0.0;0.0;0.0;0.0;0.3679044496802823;0.0;0.0;0.2637697286638527;0.33914822171593495;0.2217368896474649;0.0;0.0;0.1563905932116605;0.0;0.2826672947161614;0.0;0.0;0.0;0.0;0.0;0.0;0.3031641703259719;0.0;0.0;0.2224417619753266;0.6383220283202236;0.2414429567447276;0.0;0.0
GO:0032092;0.24116856134832756;1.0;0.2588565924582303;0.0;0.0;0.0;0.0;0.0;0.27026975758891053;0.0;0.0;0.0;0.0;0.1357613685749093;0.0;0.161481793423257;0.0;0.0;0.0;0.19842730087293342;0.349349589965259;0.27251732899532555;0.0;0.23370285554538345;0.0;0.0;0.0;0.28501382111544243;0.0;0.3118659131859988;0.14203778134721806;0.0;0.0;0.12136804129152788;0.0;0.13014138970937497;0.23219894135309574;0.0;0.0;0.0;0.0;0.0;0.0;0.18981008225207674;0.0;0.0;0.24983427958452856;0.349349589965259;0.2010005606433601;0.0;0.0;0.13289080897263938;0.0;0.2732473296208431;0.0;0.0;0.0;0.0;0.0;0.0;0.29975698964012976;0.0;0.0;0.2017848687999276;0.19561504693939885;0.331742032979918;0.0;0.0
GO:0036498;0.2711434376578462;0.2588565924582303;1.0;0.25974472440977436;0.24879380042087815;0.45575103934197775;0.134588675161899;0.0;0.3002952918822623;0.22096105558587006;0.3809303237285956;0.2711088164577627;0.36368975190693253;0.2059455170938568;0.0;0.1833116792970412;0.2587892134386461;0.23959449036382205;0.20679607167163566;0.18020396117528964;0.642450547182496;0.5275789979944729;0.27092601293614704;0.25486522892750324;0.2474578856225725;0.0;0.2492136562035863;0.5470802565329604;0.15785816189187646;0.5074251868224392;0.2144473777088304;0.20053715403218583;0.3754648350976204;0.22627428706354644;0.2710705004519188;0.19826397057795314;0.3282652705038085;0.0;0.2710757247125212;0.20634322899123944;0.48742310646916964;0.2489289048386835;0.0;0.27661402117988887;0.13738644268471817;0.24892513711942396;0.4913131996264785;0.642450547182496;0.29055671536110794;0.27051666553873416;0.14410264863425407;0.20203014163135774;0.23899371861721908;0.3754208097311437;0.3754655851434803;0.0;0.23056661603053488;0.37553084103727086;0.2595308330781274;0.2307926447168864;0.4044886728786619;0.2213683355911302;0.17675030514590376;0.2915254789071959;0.28387489193129434;0.2591727402390896;0.22969258401839876;0.25905701703401657
GO:0060487;0.0;0.0;0.25974472440977436;1.0;0.31624116913730915;0.23124988518382483;0.1521422421405633;0.0;0.27123807923783455;0.27259578751655383;0.0;0.35319381165322955;0.0;0.0;0.3161918794345634;0.0;0.33256847408112505;0.30152545754433974;0.25135526518810597;0.0;0.3509691637106289;0.2735018521270862;0.3528836166536781;0.0;0.5319805437813415;0.0;0.3169198358954921;0.2860908850183793;0.1825633186382511;0.3131559440407563;0.0;0.2421683954994755;0.27363351169880695;0.12156292566445029;0.7136673068812485;0.0;0.0;0.0;0.7136852249736577;0.0;0.25077520979493284;0.3164594879675463;0.37193641911960007;0.0;0.15572711094667357;0.0;0.25066148078777933;0.3509691637106289;0.0;0.35218946372985716;0.16441287892441755;0.0;0.0;0.0;0.2736341865445166;0.28639639108908327;0.0;0.2736929022556282;0.0;0.28771641453664976;0.0;0.0;0.2083138153864977;0.0;0.0;0.0;0.0;0.3330108733128889
GO:0006120;0.0;0.0;0.24879380042087815;0.31624116913730915;1.0;0.222529540105765;0.25121873513900744;0.0;0.25931882245926835;0.44133079222775845;0.0;0.3332482860659988;0.0;0.0;0.0;0.0;0.5332461331881134;0.2868676172300353;0.4083474321711303;0.0;0.3312670990422371;0.2613872502467768;0.3329721227362944;0.0;0.29821356831903656;0.0;0.30076716588789;0.27286233954567707;0.17708484725101314;0.2973751169899147;0.0;0.39401093731524706;0.2615075020048914;0.11910928347463633;0.3331903945757386;0.0;0.0;0.0;0.333198287668038;0.0;0.24055265986093574;0.300352517149108;0.0;0.0;0.25698591295219103;0.0;0.24044801198963664;0.3312670990422371;0.0;0.8927284711068337;0.2709309229184093;0.0;0.0;0.0;0.2615081183645134;0.0;0.0;0.2615617449118889;0.0;0.2743406305376207;0.0;0.0;0.3408072461856148;0.0;0.0;0.0;0.0;0.3152223502302621
GO:0034198;0.0;0.0;0.45575103934197775;0.23124988518382483;0.222529540105765;1.0;0.12651120329196247;0.0;0.19926512048362416;0.1999969185472999;0.3357683325317186;0.2402143601385416;0.32230115300084206;0.0;0.0;0.0;0.230492214370436;0.2151411464850716;0.188321276832943;0.0;0.23918324073864977;0.20048420374640225;0.24007083480000269;0.0;0.2214601867396055;0.0;0.22286536973411467;0.20716653240996716;0.14686027312831396;0.22099745555625253;0.0;0.18311665310979167;0.3397424391385919;0.10462621500301005;0.24018427875024542;0.0;0.0;0.0;0.24018838030504577;0.37854138113873376;0.44395292272025166;0.22263761899854764;0.0;0.0;0.12898014638380012;0.2226346051205355;0.1879315609967014;0.23918324073864977;0.0;0.2397493620502136;0.134881951570647;0.0;0.21465662397329627;0.0;0.3397430532523108;0.0;0.20783392663329678;0.33979648181115013;0.231080333542009;0.2080175642387426;0.0;0.40348573895875334;0.16307649660216866;0.0;0.0;0.0;0.2782783937288311;0.23070463047679315
GO:0006366;0.0;0.0;0.134588675161899;0.1521422421405633;0.25121873513900744;0.12651120329196247;1.0;0.0;0.1376100747647991;0.46593077718359416;0.0;0.15597172431133763;0.0;0.0;0.0;0.0;0.25713951112550326;0.1449993765249553;0.5722980880291506;0.0;0.15553635577636976;0.13819037124580272;0.15591120229268055;0.0;0.14784251130040107;0.0;0.14846743236234916;0.14133267702408459;0.11040374897214753;0.14763614543591963;0.0;0.21970134498621707;0.13822397470936112;0.0847005118364059;0.15595904163926252;0.0;0.0;0.0;0.15596077096927569;0.0;0.13213972735998822;0.1483663244403174;0.0;0.0;0.5963923547287019;0.0;0.13210814373014554;0.15553635577636976;0.0;0.26384965112946657;0.617331405890987;0.0;0.0;0.0;0.13822414690896478;0.0;0.0;0.1382391277204172;0.0;0.14172824871651918;0.0;0.0;0.40299461492232197;0.0;0.0;0.0;0.0;0.15190603858169327
GO:0006886;0.0;0.0;0.0;0.0;0.0;0.0;0.0;1.0;0.0;0.0;0.0;0.0;0.0;0.0;0.0;0.0;0.0;0.0;0.0;0.0;0.0;0.0;0.0;0.0;0.0;0.3279184240154541;0.0;0.0;0.24734912573580228;0.0;0.0;0.0;0.0;0.0;0.0;0.0;0.0;0.7782871428578519;0.0;0.0;0.0;0.0;0.0;0.0;0.0;0.0;0.0;0.0;0.0;0.0;0.0;0.0;0.0;0.0;0.0;0.0;0.0;0.0;0.0;0.0;0.0;0.0;0.0;0.0;0.0;0.0;0.0;0.0
GO:0006884;0.20715163390919036;0.27026975758891053;0.3002952918822623;0.27123807923783455;0.25931882245926835;0.19926512048362416;0.1376100747647991;0.0;1.0;0.2292238107263398;0.0;0.28365414968103453;0.0;0.12427346836410202;0.0;0.11036964340589821;0.27019630685363893;0.4229160256694897;0.21401608705412245;0.10846541695670796;0.3851015619656834;0.31366249447141814;0.48077766918786935;0.15453723916700343;0.43737985429092274;0.0;0.44061467889856687;0.325708078186865;0.1620308327077178;0.6123412307101825;0.12951212908417029;0.20731957232241333;0.2299571418936525;0.34459264770996023;0.2836122058214098;0.11954780207257196;0.2004989990347369;0.0;0.2836179246955683;0.0;0.21359542315621582;0.4400899229107649;0.0;0.16808620336522753;0.14053623272139906;0.0;0.2913503135654101;0.3851015619656834;0.23924019690915357;0.28300599372547725;0.14757181233108757;0.1218638474669087;0.0;0.23038330394311937;0.22995761849970872;0.0;0.0;0.229999084709929;0.0;0.40677176119665265;0.24894572353863068;0.0;0.18199809497202005;0.17740948513800078;0.17262256511804774;0.4571309842051904;0.0;0.4587858776463154
GO:0020027;0.0;0.0;0.22096105558587006;0.27259578751655383;0.44133079222775845;0.1999969185472999;0.46593077718359416;0.0;0.2292238107263398;1.0;0.0;0.28513934287848713;0.0;0.0;0.0;0.0;0.4599353258843031;0.2504871899991096;0.5784956511222038;0.0;0.28368764310395445;0.23083850349727258;0.2849371357741991;0.0;0.25909466915891216;0.0;0.26102009615260974;0.23974242280294586;0.1625143656715683;0.2584615284793038;0.0;0.3524958628303657;0.2309322846970843;0.11233502819222449;0.28509695867158463;0.0;0.0;0.0;0.285102737581434;0.0;0.2144364837497837;0.2607077425468688;0.0;0.0;0.3810756016338087;0.0;0.21435332117279987;0.28368764310395445;0.0;0.4818542220586401;0.4002049939661815;0.0;0.0;0.0;0.23093276535385068;0.0;0.0;0.23097458402080706;0.0;0.24088287481328013;0.0;0.0;0.7349072627266419;0.0;0.0;0.0;0.0;0.27183844627747744
GO:0009635;0.0;0.0;0.3809303237285956;0.0;0.0;0.3357683325317186;0.0;0.0;0.0;0.0;1.0;0.0;0.5344229152714989;0.0;0.0;0.0;0.0;0.0;0.0;0.0;0.0;0.0;0.0;0.0;0.0;0.0;0.0;0.0;0.0;0.0;0.0;0.0;0.40327341710217923;0.0;0.0;0.0;0.0;0.0;0.0;0.36647582355683167;0.46035961150820104;0.0;0.0;0.0;0.0;0.47356351570268407;0.0;0.0;0.0;0.0;0.0;0.0;0.5587083180736305;0.0;0.4032745080778602;0.0;0.4255810181500632;0.4033694316429227;0.5026488627134976;0.0;0.0;0.4025984317494562;0.0;0.0;0.0;0.0;0.423367751115075;0.0
GO:0022011;0.0;0.0;0.2711088164577627;0.35319381165322955;0.3332482860659988;0.2402143601385416;0.15597172431133763;0.0;0.28365414968103453;0.28513934287848713;0.0;1.0;0.0;0.0;0.0;0.0;0.351429424128623;0.31694801465368155;0.26198210108182257;0.0;0.37204108983281425;0.2861308631672708;0.3741930332339755;0.0;0.33085582642549094;0.0;0.33400199860125784;0.2999386879618909;0.1881052192623694;0.3298240941952356;0.0;0.2520174005055582;0.286274965482431;0.1239954160941834;0.37446871535350523;0.0;0.0;0.0;0.3744786853405037;0.0;0.26135202300811655;0.33349072722693246;0.0;0.0;0.15974156534281334;0.0;0.2612285006800475;0.37204108983281425;0.0;0.3734126067914804;0.16889408207629578;0.0;0.0;0.0;0.2862757041222473;0.0;0.0;0.2863399709558771;0.0;0.30172588011811147;0.0;0.0;0.21556036638004342;0.0;0.0;0.0;0.0;0.35192346310791417
GO:0001666;0.0;0.0;0.36368975190693253;0.0;0.0;0.32230115300084206;0.0;0.0;0.0;0.0;0.5344229152714989;0.0;1.0;0.0;0.0;0.0;0.0;0.0;0.0;0.0;0.0;0.0;0.0;0.0;0.0;0.0;0.0;0.0;0.0;0.0;0.0;0.0;0.28581406856804437;0.0;0.0;0.0;0.0;0.0;0.0;0.2608718300533139;0.3506203521639708;0.0;0.0;0.0;0.0;0.3328586890577269;0.0;0.0;0.0;0.0;0.0;0.0;0.31533643040217413;0.0;0.28581480483138183;0.0;0.30082904079302897;0.285878864871299;0.3520987216598614;0.0;0.0;0.2853585068226192;0.0;0.0;0.0;0.0;0.2993428567360905;0.0
GO:0045892;0.19907517278260414;0.1357613685749093;0.2059455170938568;0.0;0.0;0.0;0.0;0.0;0.12427346836410202;0.0;0.0;0.0;0.0;1.0;0.0;0.416507010771745;0.0;0.0;0.0;0.26003610491562357;0.23453190389329298;0.2109206148774691;0.0;0.6818458960668634;0.0;0.0;0.0;0.2152405851222265;0.0;0.2238492044645137;0.46549005628477313;0.0;0.0;0.1869353455572067;0.0;0.9735605963624323;0.42290616045065627;0.0;0.0;0.0;0.0;0.0;0.0;0.17584611705483863;0.0;0.0;0.20250437296908044;0.23453190389329298;0.46348856338847594;0.0;0.0;0.5537590352754593;0.0;0.2111788719144318;0.0;0.0;0.0;0.0;0.0;0.0;0.22007518250558633;0.0;0.0;0.7066978465141127;0.24874064333917056;0.13584827901229216;0.0;0.0
GO:0001701;0.0;0.0;0.0;0.3161918794345634;0.0;0.0;0.0;0.0;0.0;0.0;0.0;0.0;0.0;0.0;1.0;0.0;0.0;0.0;0.0;0.0;0.0;0.0;0.0;0.0;0.2981697376557656;0.0;0.0;0.0;0.0;0.0;0.0;0.0;0.0;0.0;0.3331356802939327;0.0;0.0;0.0;0.33314357079411333;0.0;0.0;0.0;0.47735389797752187;0.0;0.0;0.0;0.0;0.0;0.0;0.0;0.0;0.0;0.0;0.0;0.0;0.3726649536615992;0.0;0.0;0.0;0.0;0.0;0.0;0.0;0.0;0.0;0.0;0.0;0.0
GO:0043154;0.17784845182942982;0.161481793423257;0.1833116792970412;0.0;0.0;0.0;0.0;0.0;0.11036964340589821;0.0;0.0;0.0;0.0;0.416507010771745;0.0;1.0;0.0;0.0;0.0;0.5475902129676204;0.2056196315536501;0.18724288444741044;0.0;0.3930420863098217;0.0;0.0;0.0;0.1906395747082245;0.0;0.1973620704893072;0.5821304553248083;0.0;0.0;0.17300174594202827;0.0;0.4063505815163088;0.3785602362588661;0.0;0.0;0.0;0.0;0.0;0.0;0.15907540365567777;0.0;0.0;0.18058033341583846;0.2056196315536501;0.32418794681707663;0.0;0.0;0.2600352344389067;0.0;0.18744638475080702;0.0;0.0;0.0;0.0;0.0;0.0;0.19442247243624855;0.0;0.0;0.3247956293936415;0.22466371376079994;0.11940518433940604;0.0;0.0
GO:0006914;0.0;0.0;0.2587892134386461;0.33256847408112505;0.5332461331881134;0.230492214370436;0.25713951112550326;0.0;0.27019630685363893;0.4599353258843031;0.0;0.351429424128623;0.0;0.0;0.0;0.0;1.0;0.3002385917082122;0.42422499627083304;0.0;0.34922687792239915;0.272442651712209;0.3511223192127115;0.0;0.3126898212666884;0.0;0.31549852355941965;0.2849321390622126;0.18209077248522912;0.31176811768026336;0.0;0.5695582932193328;0.27257329324954466;0.12135322720216235;0.3513650441236111;0.0;0.0;0.0;0.3513738218068261;0.0;0.24988443773934801;0.31504229250880317;0.0;0.0;0.263185007417395;0.0;0.24977151506299863;0.34922687792239915;0.0;0.593560226635178;0.27783007345881755;0.0;0.0;0.0;0.2725739628758744;0.0;0.0;0.2726322244199521;0.0;0.28654449046760483;0.0;0.0;0.35179623675662486;0.0;0.0;0.0;0.0;0.33144192502832076
GO:0070126;0.0;0.0;0.23959449036382205;0.30152545754433974;0.2868676172300353;0.2151411464850716;0.1449993765249553;0.0;0.4229160256694897;0.2504871899991096;0.0;0.31694801465368155;0.0;0.0;0.0;0.0;0.3002385917082122;1.0;0.23243826998600012;0.0;0.3151553790999745;0.2512520375300576;0.641150512607423;0.0;0.48355756071125516;0.0;0.5818893184403449;0.26183647580600733;0.17237407376136546;0.28432660465682413;0.0;0.22456050333487354;0.2513631426498953;0.19837944869481783;0.31689564753943456;0.0;0.0;0.0;0.31690278747481554;0.0;0.23194215288408118;0.4868722535570417;0.0;0.0;0.14825193974753775;0.0;0.23184486109211974;0.3151553790999745;0.0;0.3161389917057174;0.15610283795181232;0.0;0.0;0.0;0.2513637121175098;0.0;0.0;0.25141325841353407;0.0;0.5328390178251268;0.0;0.0;0.19515109663333066;0.0;0.0;0.0;0.0;0.5098581016621613
GO:0070125;0.0;0.0;0.20679607167163566;0.25135526518810597;0.4083474321711303;0.188321276832943;0.5722980880291506;0.0;0.21401608705412245;0.5784956511222038;0.0;0.26198210108182257;0.0;0.0;0.0;0.0;0.42422499627083304;0.23243826998600012;1.0;0.0;0.2607561154813363;0.21542297778003724;0.2618113944569561;0.0;0.23983170413816454;0.0;0.2414805627082429;0.22315746487610127;0.15471973512019022;0.2392891096729249;0.0;0.3311330982891341;0.2155046494717658;0.10855476401064322;0.2619463212531506;0.0;0.0;0.0;0.2619511997344344;0.0;0.2010703796201768;0.24121319934391394;0.0;0.0;0.4088090618518874;0.0;0.20099725943572888;0.2607561154813363;0.0;0.4428036254267804;0.4284305683156596;0.0;0.0;0.0;0.21550506805225814;0.0;0.0;0.21554148544036603;0.0;0.2241452606851184;0.0;0.0;0.46531848695657063;0.0;0.0;0.0;0.0;0.2507112096403696
GO:0006919;0.13999029903284968;0.19842730087293342;0.18020396117528964;0.0;0.0;0.0;0.0;0.0;0.10846541695670796;0.0;0.0;0.0;0.0;0.26003610491562357;0.0;0.5475902129676204;0.0;0.0;0.0;1.0;0.20171755819334303;0.1840016225310054;0.0;0.32749420857828254;0.0;0.0;0.0;0.1872807043209953;0.0;0.19376437195963203;0.34343863047181;0.0;0.0;0.1228870388572734;0.0;0.25377157425810803;0.23947640265078918;0.0;0.0;0.0;0.0;0.0;0.0;0.21809728904908793;0.0;0.0;0.17756377342042526;0.20171755819334303;0.3192742617821338;0.0;0.0;0.4063553999077452;0.0;0.2563207270617396;0.0;0.0;0.0;0.0;0.0;0.0;0.26568872425614193;0.0;0.0;0.3198636460466193;0.15903465696691244;0.11717955573595207;0.0;0.0
GO:0035556;0.33914822171593495;0.349349589965259;0.642450547182496;0.3509691637106289;0.3312670990422371;0.23918324073864977;0.15553635577636976;0.0;0.3851015619656834;0.28368764310395445;0.0;0.37204108983281425;0.0;0.23453190389329298;0.0;0.2056196315536501;0.34922687792239915;0.3151553790999745;0.2607561154813363;0.20171755819334303;1.0;0.7702637418479228;0.3716969221531235;0.3001379373060022;0.32890290065439454;0.0;0.3320118664429943;0.710403338211722;0.1874723451898795;0.67391467400314;0.24562132556257962;0.25088270197682383;0.284811709000745;0.2542880202705453;0.3719689372446794;0.22462118483425575;0.40741896108273346;0.0;0.37197877456427325;0.0;0.2601319136790224;0.3315066650726725;0.0;0.33076387000703344;0.15928492753769344;0.0;0.6191462711759125;0.8800448626754314;0.3508983778981445;0.37092686217474313;0.1683837019774323;0.22946750361879942;0.0;0.48266352971884846;0.28481244010893075;0.0;0.0;0.28487605156415396;0.0;0.30010085885911686;0.531797165630469;0.0;0.21472967400580567;0.3523122805064314;0.34119938381057785;0.34992566309608664;0.0;0.34971473933666786
GO:0033173;0.282089609635006;0.27251732899532555;0.5275789979944729;0.2735018521270862;0.2613872502467768;0.20048420374640225;0.13819037124580272;0.0;0.31366249447141814;0.23083850349727258;0.0;0.2861308631672708;0.0;0.2109206148774691;0.0;0.18724288444741044;0.272442651712209;0.2512520375300576;0.21542297778003724;0.1840016225310054;0.7702637418479228;1.0;0.2859272478430748;0.2625285564819207;0.2599130705394772;0.0;0.26185072590562186;0.572553478839991;0.16283596998016497;0.5329025794956506;0.2198471039015754;0.20863952637895247;0.2315822192399236;0.23120335118569746;0.286088183703163;0.20287070729395887;0.341089262415073;0.0;0.2860940028675032;0.0;0.21499677052220373;0.2615363823627632;0.0;0.2856642666341616;0.1411415248624622;0.0;0.5117607944083351;0.677866648918419;0.3005588021339331;0.285471352266362;0.14823937016156982;0.2068156695929292;0.0;0.3922884411798662;0.23158270260601552;0.0;0.0;0.2316247570145848;0.0;0.24159011158961893;0.42413781569176096;0.0;0.18301451755584927;0.3015955298397369;0.2934146877891152;0.2728677482147716;0.0;0.2727394749998772
GO:0065003;0.0;0.0;0.27092601293614704;0.3528836166536781;0.3329721227362944;0.24007083480000269;0.15591120229268055;0.0;0.48077766918786935;0.2849371357741991;0.0;0.3741930332339755;0.0;0.0;0.0;0.0;0.3511223192127115;0.641150512607423;0.2618113944569561;0.0;0.3716969221531235;0.2859272478430748;1.0;0.0;0.5607160057459875;0.0;0.8926819864842793;0.29971495441312573;0.1880171977892443;0.3295535746701717;0.0;0.2518594289287912;0.2860711450885869;0.21024867127687102;0.3741200436302136;0.0;0.0;0.0;0.3741299950592915;0.0;0.26118213624296927;0.6745868247290581;0.0;0.0;0.1596780829253274;0.0;0.261058774411349;0.3716969221531235;0.0;0.37306589809177115;0.16882311832561248;0.0;0.0;0.0;0.2860718826769913;0.0;0.0;0.2861360580200485;0.0;0.8064828328075351;0.0;0.0;0.2154447830756129;0.0;0.0;0.0;0.0;0.5963890168084682
GO:0032088;0.24442603166518578;0.23370285554538345;0.25486522892750324;0.0;0.0;0.0;0.0;0.0;0.15453723916700343;0.0;0.0;0.0;0.0;0.6818458960668634;0.0;0.3930420863098217;0.0;0.0;0.0;0.32749420857828254;0.3001379373060022;0.2625285564819207;0.0;1.0;0.0;0.0;0.0;0.2692548791218449;0.0;0.2828628469943479;0.37592480079066815;0.0;0.0;0.1842307287897024;0.0;0.6611010416691158;0.3801843226065121;0.0;0.0;0.0;0.0;0.0;0.0;0.21031469436517586;0.0;0.0;0.24961595728142225;0.30013793730600213;0.5577797277647587;0.0;0.0;0.6385145521376477;0.0;0.26292877514647733;0.0;0.0;0.0;0.0;0.0;0.0;0.27686329139312627;0.0;0.0;0.8508268190261956;0.25731813241239404;0.17285141706458265;0.0;0.0
GO:0000902;0.0;0.0;0.2474578856225725;0.5319805437813415;0.29821356831903656;0.2214601867396055;0.14784251130040107;0.0;0.43737985429092274;0.25909466915891216;0.0;0.33085582642549094;0.0;0.0;0.2981697376557656;0.0;0.3126898212666884;0.48355756071125516;0.23983170413816454;0.0;0.32890290065439454;0.2599130705394772;0.5607160057459875;0.0;1.0;0.0;0.5068353758305851;0.2712562812287968;0.17640699489219988;0.2954685424711265;0.0;0.23145384417938084;0.26003196941503137;0.20150519170373477;0.5602878538831151;0.0;0.0;0.0;0.5603010315112151;0.0;0.23930355979538656;0.50614115827554;0.3472476123590386;0.0;0.15122536487389288;0.0;0.2391999956630571;0.32890290065439454;0.0;0.3299743439104917;0.15940303107882114;0.0;0.0;0.0;0.2600325788387605;0.3644680167722629;0.0;0.2600856018647186;0.0;0.4625664400839245;0.0;0.0;0.20033626116957454;0.0;0.0;0.0;0.0;0.5310289302583172
GO:1902600;0.0;0.0;0.0;0.0;0.0;0.0;0.0;0.3279184240154541;0.0;0.0;0.0;0.0;0.0;0.0;0.0;0.0;0.0;0.0;0.0;0.0;0.0;0.0;0.0;0.0;0.0;1.0;0.0;0.0;0.267871947736036;0.0;0.0;0.0;0.0;0.0;0.0;0.0;0.0;0.24959399479096;0.0;0.0;0.0;0.0;0.0;0.0;0.0;0.0;0.0;0.0;0.0;0.0;0.0;0.0;0.0;0.0;0.0;0.0;0.0;0.0;0.0;0.0;0.0;0.0;0.0;0.0;0.0;0.0;0.0;0.0
GO:0051260;0.0;0.0;0.2492136562035863;0.3169198358954921;0.30076716588789;0.22286536973411467;0.14846743236234916;0.0;0.44061467889856687;0.26102009615260974;0.0;0.33400199860125784;0.0;0.0;0.0;0.0;0.31549852355941965;0.5818893184403449;0.2414805627082429;0.0;0.3320118664429943;0.26185072590562186;0.8926819864842793;0.0;0.5068353758305851;0.0;1.0;0.2733674416001857;0.17729745184436502;0.29797514761599786;0.0;0.23298914940278917;0.2619714045861692;0.20218906698980993;0.3339438449696461;0.0;0.0;0.0;0.3339517738003608;0.0;0.24094513945473325;0.6092981661665944;0.0;0.0;0.15187927458723;0.0;0.2408401498977743;0.3320118664429943;0.0;0.33310369476066937;0.16012974456452128;0.0;0.0;0.0;0.26197202313452206;0.0;0.0;0.26202584013286373;0.0;0.7352012674578515;0.0;0.0;0.20148546727480396;0.0;0.0;0.0;0.0;0.5358048589168533
GO:0007223;0.2918794124862762;0.28501382111544243;0.5470802565329604;0.2860908850183793;0.27286233954567707;0.20716653240996716;0.14133267702408459;0.0;0.325708078186865;0.23974242280294586;0.0;0.2999386879618909;0.0;0.2152405851222265;0.0;0.1906395747082245;0.2849321390622126;0.26183647580600733;0.22315746487610127;0.1872807043209953;0.710403338211722;0.572553478839991;0.29971495441312573;0.2692548791218449;0.2712562812287968;0.0;0.2733674416001857;1.0;0.1672168199560195;0.5561001936263389;0.2245445392275854;0.2158863872261818;0.24054471806573982;0.23546485289109448;0.29989179027784646;0.20686410012945253;0.35253129790805565;0.0;0.2998981845388757;0.0;0.22270013583485454;0.27302485716610464;0.0;0.29364638455344144;0.14442106865679738;0.0;0.6023441472579568;0.710403338211722;0.3094078877076109;0.2992140697589272;0.15186128903461846;0.2109674702996756;0.0;0.40749988963015077;0.2405452395694994;0.0;0.0;0.24059061240067145;0.0;0.251360322866964;0.4419756832070692;0.0;0.18856689612353864;0.3105066725802143;0.3018421995992597;0.2853971372680688;0.0;0.28525681667348096
GO:0043312;0.0;0.0;0.15785816189187646;0.1825633186382511;0.17708484725101314;0.14686027312831396;0.11040374897214753;0.24734912573580228;0.1620308327077178;0.1625143656715683;0.0;0.1881052192623694;0.0;0.0;0.0;0.0;0.18209077248522912;0.17237407376136546;0.15471973512019022;0.0;0.1874723451898795;0.16283596998016497;0.1880171977892443;0.0;0.17640699489219988;0.267871947736036;0.17729745184436502;0.1672168199560195;1.0;0.17611326124799864;0.0;0.15118929491877553;0.16288263033120443;0.09336144844344152;0.18808677278544578;0.0;0.0;0.20000654962694966;0.1880892879955264;0.0;0.15449976159907566;0.1771532833545784;0.0;0.0;0.11227936087671934;0.0;0.15445658650517688;0.1874723451898795;0.0;0.18781996158990583;0.11672540197908696;0.0;0.0;0.0;0.16288286945072844;0.0;0.0;0.16290367248677912;0.0;0.16777083636646878;0.0;0.0;0.13726239344523192;0.0;0.0;0.0;0.0;0.18222331852673077
GO:0045454;0.3122250259356143;0.3118659131859988;0.5074251868224392;0.3131559440407563;0.2973751169899147;0.22099745555625253;0.14763614543591963;0.0;0.6123412307101825;0.2584615284793038;0.0;0.3298240941952356;0.0;0.2238492044645137;0.0;0.1973620704893072;0.31176811768026336;0.28432660465682413;0.2392891096729249;0.19376437195963203;0.67391467400314;0.5329025794956506;0.3295535746701717;0.2828628469943479;0.2954685424711265;0.0;0.29797514761599786;0.5561001936263389;0.17611326124799864;1.0;0.23392969842833689;0.23094845575180054;0.2593942451906918;0.28581358729691836;0.3297673861845494;0.21480335936077402;0.37622885428865915;0.0;0.329775117929759;0.0;0.2387633497515467;0.29756815629600614;0.0;0.30990592721602905;0.15100945395265766;0.0;0.4905301655744278;0.67391467400314;0.3959193857231231;0.3289480934149853;0.15916315609973034;0.21923111177738608;0.0;0.439499100731124;0.2593948516288792;0.0;0.0;0.2594476148705236;0.0;0.27201579601613185;0.4798701591218357;0.0;0.199957519458283;0.3287449497908973;0.31904862347697566;0.5275897650811652;0.0;0.31215687580507334
GO:1901799;0.20700832543510997;0.14203778134721806;0.2144473777088304;0.0;0.0;0.0;0.0;0.0;0.12951212908417029;0.0;0.0;0.0;0.0;0.46549005628477313;0.0;0.5821304553248083;0.0;0.0;0.0;0.34343863047181;0.24562132556257962;0.2198471039015754;0.0;0.37592480079066815;0.0;0.0;0.0;0.2245445392275854;0.0;0.23392969842833689;1.0;0.0;0.0;0.19189793467285413;0.0;0.45284055033016973;0.5949092974635064;0.0;0.0;0.0;0.0;0.0;0.0;0.1820072762583109;0.0;0.0;0.21071882582170484;0.2456213255625796;0.4451685932779816;0.0;0.0;0.290195099887611;0.0;0.22012769772699406;0.0;0.0;0.0;0.0;0.0;0.0;0.22981124244791729;0.0;0.0;0.37324796947930494;0.2576050087233715;0.1421329163059756;0.0;0.0
GO:0042744;0.0;0.0;0.20053715403218583;0.2421683954994755;0.39401093731524706;0.18311665310979167;0.21970134498621707;0.0;0.20731957232241333;0.3524958628303657;0.0;0.2520174005055582;0.0;0.0;0.0;0.0;0.5695582932193328;0.22456050333487354;0.3311330982891341;0.0;0.25088270197682383;0.20863952637895247;0.2518594289287912;0.0;0.23145384417938084;0.0;0.23298914940278917;0.2158863872261818;0.15118929491877553;0.23094845575180054;0.0;1.0;0.20871613462048041;0.10680490843961966;0.25198429057070376;0.0;0.0;0.0;0.2519888050395586;0.0;0.1951482902976557;0.23274024886240682;0.0;0.0;0.2673359842919813;0.0;0.1950794131370204;0.25088270197682383;0.0;0.4259954338759988;0.2798989808646662;0.0;0.0;0.0;0.2087165272452688;0.0;0.0;0.2087506862483119;0.0;0.21681072824615769;0.0;0.0;0.28528647278268704;0.0;0.0;0.0;0.0;0.2415705032074121
GO:0071284;0.0;0.0;0.3754648350976204;0.27363351169880695;0.2615075020048914;0.3397424391385919;0.13822397470936112;0.0;0.2299571418936525;0.2309322846970843;0.40327341710217923;0.286274965482431;0.28581406856804437;0.0;0.0;0.0;0.27257329324954466;0.2513631426498953;0.2155046494717658;0.0;0.284811709000745;0.2315822192399236;0.2860711450885869;0.0;0.26003196941503137;0.0;0.2619714045861692;0.24054471806573982;0.16288263033120443;0.2593942451906918;0.0;0.20871613462048041;1.0;0.11251086231732396;0.28623224302191885;0.0;0.0;0.0;0.2862380680482589;0.28887814217946517;0.5079229336974088;0.2616567714087131;0.0;0.0;0.14117657908517384;0.3515403788295494;0.2149944584015094;0.284811709000745;0.0;0.2856147908898034;0.1482780391915406;0.0;0.3368277923368695;0.0;0.8499508651965332;0.0;0.32439062619724324;0.5472220289527916;0.36731827378685905;0.24169283414417142;0.0;0.3108641847019818;0.18307346077013323;0.0;0.0;0.0;0.3231031379759137;0.27287040142573327
GO:0051016;0.18050963138432838;0.12136804129152788;0.22627428706354644;0.12156292566445029;0.11910928347463633;0.10462621500301005;0.0847005118364059;0.0;0.34459264770996023;0.11233502819222449;0.0;0.1239954160941834;0.0;0.1869353455572067;0.0;0.17300174594202827;0.12135322720216235;0.19837944869481783;0.10855476401064322;0.1228870388572734;0.2542880202705453;0.23120335118569746;0.21024867127687102;0.1842307287897024;0.20150519170373477;0.0;0.20218906698980993;0.23546485289109448;0.09336144844344152;0.28581358729691836;0.19189793467285413;0.10680490843961966;0.11251086231732396;1.0;0.12398740046685784;0.18232745958164578;0.24696244390783006;0.0;0.1239884934435114;0.0;0.1084464309455426;0.20207849763134078;0.0;0.1612010678552379;0.08580010769491497;0.0;0.22285156297198272;0.2542880202705453;0.2004764447037721;0.12387140189190754;0.08837235319304385;0.13266041639526727;0.0;0.19040493520113344;0.11251097640906275;0.0;0.0;0.11252090182082804;0.0;0.1947537162085409;0.23628135278870382;0.0;0.09966157608059283;0.16615383227474256;0.2277112354014345;0.16432267059636166;0.0;0.20593185979546957
GO:0030218;0.0;0.0;0.2710705004519188;0.7136673068812485;0.3331903945757386;0.24018427875024542;0.15595904163926252;0.0;0.2836122058214098;0.28509695867158463;0.0;0.37446871535350523;0.0;0.0;0.3331356802939327;0.0;0.3513650441236111;0.31689564753943456;0.2619463212531506;0.0;0.3719689372446794;0.286088183703163;0.3741200436302136;0.0;0.5602878538831151;0.0;0.3339438449696461;0.29989179027784646;0.18808677278544578;0.3297673861845494;0.0;0.25198429057070376;0.28623224302191885;0.12398740046685784;1.0;0.0;0.0;0.0;0.7566673615693373;0.0;0.26131641506480335;0.33343275148018714;0.39560483970109583;0.0;0.15972826220669736;0.0;0.2611929263851236;0.3719689372446794;0.0;0.37333992129857885;0.1688792109125472;0.0;0.0;0.0;0.28623298144128845;0.30022749954370065;0.0;0.2862972290923288;0.0;0.3016784219311846;0.0;0.0;0.21553614251985528;0.0;0.0;0.0;0.0;0.3518589019816597
GO:0016480;0.19188864833277355;0.13014138970937497;0.19826397057795314;0.0;0.0;0.0;0.0;0.0;0.11954780207257196;0.0;0.0;0.0;0.0;0.9735605963624323;0.0;0.4063505815163088;0.0;0.0;0.0;0.25377157425810803;0.22462118483425575;0.20287070729395887;0.0;0.6611010416691158;0.0;0.0;0.0;0.20686410012945253;0.0;0.21480335936077402;0.45284055033016973;0.0;0.0;0.18232745958164578;0.0;1.0;0.40791200512513465;0.0;0.0;0.0;0.0;0.0;0.0;0.170215143338601;0.0;0.0;0.19507275220070808;0.22462118483425572;0.4481950627638622;0.0;0.0;0.5393090809465227;0.0;0.2031096162874675;0.0;0.0;0.0;0.0;0.0;0.0;0.21132582492795543;0.0;0.0;0.6833324201690186;0.24064805719960045;0.13022125147214197;0.0;0.0
GO:0010507;0.31114925161452534;0.23219894135309574;0.3282652705038085;0.0;0.0;0.0;0.0;0.0;0.2004989990347369;0.0;0.0;0.0;0.0;0.42290616045065627;0.0;0.3785602362588661;0.0;0.0;0.0;0.23947640265078918;0.40741896108273346;0.341089262415073;0.0;0.3801843226065121;0.0;0.0;0.0;0.35253129790805565;0.0;0.37622885428865915;0.5949092974635064;0.0;0.0;0.24696244390783006;0.0;0.40791200512513465;1.0;0.0;0.0;0.0;0.0;0.0;0.0;0.25790119247488164;0.0;0.0;0.31960843269030514;0.40741896108273346;0.4802081509451248;0.0;0.0;0.2670218714800738;0.0;0.3417651562745648;0.0;0.0;0.0;0.0;0.0;0.0;0.365688830469062;0.0;0.0;0.37690457469263067;0.36764607675334243;0.23245329474223494;0.0;0.0
GO:0006606;0.0;0.0;0.0;0.0;0.0;0.0;0.0;0.7782871428578519;0.0;0.0;0.0;0.0;0.0;0.0;0.0;0.0;0.0;0.0;0.0;0.0;0.0;0.0;0.0;0.0;0.0;0.24959399479096;0.0;0.0;0.20000654962694966;0.0;0.0;0.0;0.0;0.0;0.0;0.0;0.0;1.0;0.0;0.0;0.0;0.0;0.0;0.0;0.0;0.0;0.0;0.0;0.0;0.0;0.0;0.0;0.0;0.0;0.0;0.0;0.0;0.0;0.0;0.0;0.0;0.0;0.0;0.0;0.0;0.0;0.0;0.0
GO:0001837;0.0;0.0;0.2710757247125212;0.7136852249736577;0.333198287668038;0.24018838030504577;0.15596077096927569;0.0;0.2836179246955683;0.285102737581434;0.0;0.3744786853405037;0.0;0.0;0.33314357079411333;0.0;0.3513738218068261;0.31690278747481554;0.2619511997344344;0.0;0.37197877456427325;0.2860940028675032;0.3741299950592915;0.0;0.5603010315112151;0.0;0.3339517738003608;0.2998981845388757;0.1880892879955264;0.329775117929759;0.0;0.2519888050395586;0.2862380680482589;0.1239884934435114;0.7566673615693373;0.0;0.0;0.0;1.0;0.0;0.2613212701113683;0.3334406560593953;0.39561596693852374;0.0;0.15973007613623597;0.0;0.26119777684409157;0.37197877456427325;0.0;0.3733498312685535;0.1688812386398289;0.0;0.0;0.0;0.2862388064976836;0.3002339081288105;0.0;0.28630305676402007;0.0;0.3016848926087286;0.0;0.0;0.2155394454456353;0.0;0.0;0.0;0.0;0.3518677043573059
GO:0010266;0.0;0.0;0.20634322899123944;0.0;0.0;0.37854138113873376;0.0;0.0;0.0;0.0;0.36647582355683167;0.0;0.2608718300533139;0.0;0.0;0.0;0.0;0.0;0.0;0.0;0.0;0.0;0.0;0.0;0.0;0.0;0.0;0.0;0.0;0.0;0.0;0.0;0.28887814217946517;0.0;0.0;0.0;0.0;0.0;0.0;1.0;0.2695705939518695;0.0;0.0;0.0;0.0;0.5623092486754196;0.0;0.0;0.0;0.0;0.0;0.0;0.46566136119175877;0.0;0.2888787019949549;0.0;0.44859299345511217;0.3609330220387097;0.42041071406795244;0.0;0.0;0.7886284746448783;0.0;0.0;0.0;0.0;0.45003771358885764;0.0
GO:0034614;0.0;0.0;0.48742310646916964;0.25077520979493284;0.24055265986093574;0.44395292272025166;0.13213972735998822;0.0;0.21359542315621582;0.2144364837497837;0.46035961150820104;0.26135202300811655;0.3506203521639708;0.0;0.0;0.0;0.24988443773934801;0.23194215288408118;0.2010703796201768;0.0;0.2601319136790224;0.21499677052220373;0.26118213624296927;0.0;0.23930355979538656;0.0;0.24094513945473325;0.22270013583485454;0.15449976159907566;0.2387633497515467;0.0;0.1951482902976557;0.5079229336974088;0.1084464309455426;0.26131641506480335;0.0;0.0;0.0;0.2613212701113683;0.2695705939518695;1.0;0.24067895974643763;0.0;0.0;0.13483558628695294;0.4039427292082394;0.20062617340537356;0.2601319136790224;0.0;0.2608016831126723;0.14129884129822629;0.0;0.3883400218759457;0.0;0.5079239182972167;0.0;0.3002426565906808;0.5080095805338991;0.42055926279776323;0.22368387817847113;0.0;0.3605477831052999;0.17255064295787928;0.0;0.0;0.0;0.3736900065745281;0.2501341196149825
GO:0051017;0.0;0.0;0.2489289048386835;0.3164594879675463;0.300352517149108;0.22263761899854764;0.1483663244403174;0.0;0.4400899229107649;0.2607077425468688;0.0;0.33349072722693246;0.0;0.0;0.0;0.0;0.31504229250880317;0.4868722535570417;0.24121319934391394;0.0;0.3315066650726725;0.2615363823627632;0.6745868247290581;0.0;0.50614115827554;0.0;0.6092981661665944;0.27302485716610464;0.1771532833545784;0.29756815629600614;0.0;0.23274024886240682;0.2616567714087131;0.20207849763134078;0.33343275148018714;0.0;0.0;0.0;0.3334406560593953;0.0;0.24067895974643763;1.0;0.0;0.0;0.15177346792337812;0.0;0.24057420198147966;0.3315066650726725;0.0;0.33259516773993286;0.16001213474612003;0.0;0.0;0.0;0.2616573884721771;0.0;0.0;0.26171107626389833;0.0;0.5557308771579242;0.0;0.0;0.20129929944350766;0.0;0.0;0.0;0.0;0.5350290745067933
GO:0035264;0.0;0.0;0.0;0.37193641911960007;0.0;0.0;0.0;0.0;0.0;0.0;0.0;0.0;0.0;0.0;0.47735389797752187;0.0;0.0;0.0;0.0;0.0;0.0;0.0;0.0;0.0;0.3472476123590386;0.0;0.0;0.0;0.0;0.0;0.0;0.0;0.0;0.0;0.39560483970109583;0.0;0.0;0.0;0.39561596693852374;0.0;0.0;0.0;1.0;0.0;0.0;0.0;0.0;0.0;0.0;0.0;0.0;0.0;0.0;0.0;0.0;0.42808107859903705;0.0;0.0;0.0;0.0;0.0;0.0;0.0;0.0;0.0;0.0;0.0;0.0
GO:1903142;0.3679044496802823;0.18981008225207674;0.27661402117988887;0.0;0.0;0.0;0.0;0.0;0.16808620336522753;0.0;0.0;0.0;0.0;0.17584611705483863;0.0;0.15907540365567777;0.0;0.0;0.0;0.21809728904908793;0.33076387000703344;0.2856642666341616;0.0;0.21031469436517586;0.0;0.0;0.0;0.29364638455344144;0.0;0.30990592721602905;0.1820072762583109;0.0;0.0;0.1612010678552379;0.0;0.170215143338601;0.25790119247488164;0.0;0.0;0.0;0.0;0.0;0.0;1.0;0.0;0.0;0.2704414853965201;0.33076387000703344;0.2340382382995493;0.0;0.0;0.24071520195395793;0.0;0.3981753168410776;0.0;0.0;0.0;0.0;0.0;0.0;0.42124822404812373;0.0;0.0;0.23466636610955002;0.49669182902340137;0.18998001175023158;0.0;0.0
GO:0006783;0.0;0.0;0.13738644268471817;0.15572711094667357;0.25698591295219103;0.12898014638380012;0.5963923547287019;0.0;0.14053623272139906;0.3810756016338087;0.0;0.15974156534281334;0.0;0.0;0.0;0.0;0.263185007417395;0.14825193974753775;0.4088090618518874;0.0;0.15928492753769344;0.1411415248624622;0.1596780829253274;0.0;0.15122536487389288;0.0;0.15187927458723;0.14442106865679738;0.11227936087671934;0.15100945395265766;0.0;0.2673359842919813;0.14117657908517384;0.08580010769491497;0.15972826220669736;0.0;0.0;0.0;0.15973007613623597;0.0;0.13483558628695294;0.15177346792337812;0.0;0.0;1.0;0.0;0.1348027009598308;0.15928492753769344;0.0;0.2702186901302416;0.8973369497316345;0.0;0.0;0.0;0.1411767587200723;0.0;0.0;0.14119238641484685;0.0;0.1448341425104153;0.0;0.0;0.3286549241381867;0.0;0.0;0.0;0.0;0.15547965415447004
GO:0043200;0.0;0.0;0.24892513711942396;0.0;0.0;0.2226346051205355;0.0;0.0;0.0;0.0;0.47356351570268407;0.0;0.3328586890577269;0.0;0.0;0.0;0.0;0.0;0.0;0.0;0.0;0.0;0.0;0.0;0.0;0.0;0.0;0.0;0.0;0.0;0.0;0.0;0.3515403788295494;0.0;0.0;0.0;0.0;0.0;0.0;0.5623092486754196;0.4039427292082394;0.0;0.0;0.0;0.0;1.0;0.0;0.0;0.0;0.0;0.0;0.0;0.5761394665591961;0.0;0.35154120785175125;0.0;0.4601769065122104;0.4392413500914082;0.742298799184273;0.0;0.0;0.5259913050927794;0.0;0.0;0.0;0.0;0.549495055155186;0.0
GO:0038095;0.2637697286638527;0.24983427958452856;0.4913131996264785;0.25066148078777933;0.24044801198963664;0.1879315609967014;0.13210814373014554;0.0;0.2913503135654101;0.21435332117279987;0.0;0.2612285006800475;0.0;0.20250437296908044;0.0;0.18058033341583846;0.24977151506299863;0.23184486109211974;0.20099725943572888;0.17756377342042526;0.6191462711759125;0.5117607944083351;0.261058774411349;0.24961595728142225;0.2391999956630571;0.0;0.2408401498977743;0.6023441472579568;0.15445658650517688;0.4905301655744278;0.21071882582170484;0.1950794131370204;0.2149944584015094;0.22285156297198272;0.2611929263851236;0.19507275220070808;0.31960843269030514;0.0;0.26119777684409157;0.0;0.20062617340537356;0.24057420198147966;0.0;0.2704414853965201;0.1348027009598308;0.0;1.0;0.6191462711759125;0.28375389714701454;0.26067868032674446;0.1412627281596568;0.19871754545665665;0.0;0.3641409430103982;0.21499487500243009;0.0;0.0;0.21503112014895104;0.0;0.22359338982445437;0.39142483287897145;0.0;0.17249679160131293;0.2846777562077681;0.27737786164536665;0.2501287605618106;0.0;0.25002097121470646
GO:0097190;0.33914822171593495;0.349349589965259;0.642450547182496;0.3509691637106289;0.3312670990422371;0.23918324073864977;0.15553635577636976;0.0;0.3851015619656834;0.28368764310395445;0.0;0.37204108983281425;0.0;0.23453190389329298;0.0;0.2056196315536501;0.34922687792239915;0.3151553790999745;0.2607561154813363;0.20171755819334303;0.8800448626754314;0.677866648918419;0.3716969221531235;0.30013793730600213;0.32890290065439454;0.0;0.3320118664429943;0.710403338211722;0.1874723451898795;0.67391467400314;0.2456213255625796;0.25088270197682383;0.284811709000745;0.2542880202705453;0.3719689372446794;0.22462118483425572;0.40741896108273346;0.0;0.37197877456427325;0.0;0.2601319136790224;0.3315066650726725;0.0;0.33076387000703344;0.15928492753769344;0.0;0.6191462711759125;1.0;0.3508983778981445;0.37092686217474313;0.1683837019774323;0.22946750361879942;0.0;0.48266352971884846;0.28481244010893075;0.0;0.0;0.28487605156415396;0.0;0.30010085885911686;0.531797165630469;0.0;0.21472967400580567;0.3523122805064314;0.34119938381057785;0.34992566309608664;0.0;0.34971473933666786
GO:0043488;0.2217368896474649;0.2010005606433601;0.29055671536110794;0.0;0.0;0.0;0.0;0.0;0.23924019690915357;0.0;0.0;0.0;0.0;0.46348856338847594;0.0;0.32418794681707663;0.0;0.0;0.0;0.3192742617821338;0.3508983778981445;0.3005588021339331;0.0;0.5577797277647587;0.0;0.0;0.0;0.3094078877076109;0.0;0.3959193857231231;0.4451685932779816;0.0;0.0;0.2004764447037721;0.0;0.4481950627638622;0.4802081509451248;0.0;0.0;0.0;0.0;0.0;0.0;0.2340382382995493;0.0;0.0;0.28375389714701454;0.3508983778981445;1.0;0.0;0.0;0.45571032786461035;0.0;0.30108348762974835;0.0;0.0;0.0;0.0;0.0;0.0;0.3194972467908635;0.0;0.0;0.6251039903084712;0.23921505591447617;0.2722409849620518;0.0;0.0
GO:0022900;0.0;0.0;0.27051666553873416;0.35218946372985716;0.8927284711068337;0.2397493620502136;0.26384965112946657;0.0;0.28300599372547725;0.4818542220586401;0.0;0.3734126067914804;0.0;0.0;0.0;0.0;0.593560226635178;0.3161389917057174;0.4428036254267804;0.0;0.37092686217474313;0.285471352266362;0.37306589809177115;0.0;0.3299743439104917;0.0;0.33310369476066937;0.2992140697589272;0.18781996158990583;0.3289480934149853;0.0;0.4259954338759988;0.2856147908898034;0.12387140189190754;0.37333992129857885;0.0;0.0;0.0;0.3733498312685535;0.0;0.2608016831126723;0.33259516773993286;0.0;0.0;0.2702186901302416;0.0;0.26067868032674446;0.37092686217474313;0.0;1.0;0.285679995199445;0.0;0.0;0.0;0.2856155261268101;0.0;0.0;0.2856794968586871;0.0;0.30099261143249945;0.0;0.0;0.36447767057724684;0.0;0.0;0.0;0.0;0.35092631676253977
