;GO:0016525;GO:0032092;GO:0036498;GO:0060487;GO:0006120;GO:0034198;GO:0006366;GO:0006886;GO:0006884;GO:0020027;GO:0009635;GO:0022011;GO:0001666;GO:0045892;GO:0001701;GO:0043154;GO:0006914;GO:0070126;GO:0070125;GO:0006919;GO:0035556;GO:0033173;GO:0065003;GO:0032088;GO:0000902;GO:1902600;GO:0051260;GO:0007223;GO:0043312;GO:0045454;GO:1901799;GO:0042744;GO:0071284;GO:0051016;GO:0030218;GO:0016480;GO:0010507;GO:0006606;GO:0001837;GO:0010266;GO:0034614;GO:0051017;GO:0035264;GO:1903142;GO:0006783;GO:0043200;GO:0038095;GO:0097190;GO:0043488;GO:0022900;GO:0006782;GO:0045944;GO:0045471;GO:1904707;GO:0071277;GO:0001569;GO:0051384;GO:0071353;GO:0070542;GO:0032981;GO:1903393;GO:0033197;GO:0006470;GO:0006357;GO:0110059;GO:0048873;GO:0032496;GO:0030036
GO:0016525;1.0;0.06831089661235003;0.07465448173072858;0.0;0.0;0.0;0.0;0.0;0.0616558760237332;0.0;0.0;0.0;0.0;0.31791467954350006;0.0;0.2391571324533695;0.0;0.0;0.0;0.07822647747273057;0.10833318547641663;0.06588595890199977;0.0;0.23593228617788842;0.0;0.0;0.0;0.07188248700260913;0.0;0.07641221491937646;0.2256108599657764;0.0;0.0;0.20420830868757894;0.0;0.18051348911226986;0.23416612906854192;0.0;0.0;0.0;0.0;0.0;0.0;0.3380190564986405;0.0;0.0;0.0807860448504325;0.08808536360505792;0.0807860448504325;0.0;0.0;0.10398160113830308;0.0;0.07068317043925014;0.0;0.0;0.0;0.0;0.0;0.0;0.07023588590374683;0.0;0.0;0.11612074264718093;0.6782727360644298;0.0616558760237332;0.0;0.0
GO:0032092;0.06831089661235003;1.0;0.06442383043058734;0.0;0.0;0.0;0.0;0.0;0.061031455513432545;0.0;0.0;0.0;0.0;0.08974393445554135;0.0;0.3237516426390855;0.0;0.0;0.0;0.43678339278981615;0.09303850242672577;0.05692842786368018;0.0;0.3194345385678737;0.0;0.0;0.0;0.062056342952194234;0.0;0.06592409038561164;0.06396411390216573;0.0;0.0;0.0579545197618178;0.0;0.051287136684715885;0.0663629522872877;0.0;0.0;0.0;0.0;0.0;0.0;0.05323083947788146;0.0;0.0;0.06965396557017839;0.07586822765748827;0.06965396557017839;0.0;0.0;0.08935669761675061;0.0;0.061031455513432545;0.0;0.0;0.0;0.0;0.0;0.0;0.06064913405213474;0.0;0.0;0.09961604203179654;0.04755279246456393;0.061031455513432545;0.0;0.0
GO:0036498;0.07465448173072858;0.06442383043058734;1.0;0.022774214900071033;0.024293542426912295;0.41426709106495957;0.03149353179882894;0.0;0.05847164067571953;0.021417671458441475;0.26814726429902486;0.022266125884216358;0.3513368253281624;0.10983972539840982;0.0;0.0841820338452577;0.028085518338180987;0.0258593173294065;0.025807083342115632;0.08383875037153726;0.3009161533981984;0.1887068036813599;0.034718570220360984;0.0831108697428048;0.028021621845783298;0.0;0.029052948315422267;0.20498045349177726;0.03045019108888914;0.08200243269990737;0.07967138798407782;0.023329558156412696;0.26304303581129673;0.07248481229844167;0.024516812132515654;0.06444168885358036;0.08252352384796391;0.0;0.02508894743760248;0.1591859821425682;0.44823012163479664;0.024837551635675234;0.0;0.06679410581653009;0.022774214900071033;0.21124099427453108;0.2288822016578297;0.24824827362070698;0.08642121460148655;0.027476467950828427;0.021231133546627146;0.10939432577707275;0.2131492971387222;0.07617178301138394;0.3321385068623571;0.0;0.2172824161757865;0.30097587696151346;0.20599449031066358;0.02508894743760248;0.07571451086651568;0.176008568038469;0.027916817736812954;0.12111662886265383;0.05990430059695317;0.05847164067571953;0.2329250521769719;0.02928641026200449
GO:0060487;0.0;0.0;0.022774214900071033;1.0;0.022476386615345928;0.022515997531319814;0.02850587585787385;0.0;0.021708291142540363;0.019992662136233234;0.0;0.02073002640556365;0.0;0.0;0.22310615620017152;0.0;0.025684839186966776;0.02381025170111798;0.02376596059175926;0.0;0.03127002181026434;0.020401339940053793;0.03112262640380578;0.0;0.3300009943691616;0.0;0.02649157534253356;0.022031708705166797;0.027648405254191526;0.023241450569117944;0.0;0.021648764299347714;0.018924080213231;0.02073002640556365;0.3520396760994134;0.0;0.0;0.0;0.3596219539779077;0.0;0.024213190317556237;0.022941277152828832;0.2094010755201625;0.0;0.02116973712405622;0.0;0.024392175685828594;0.026275564055684153;0.0;0.02517451305701642;0.01983002654283323;0.0;0.0;0.0;0.023506148618294156;0.1935931748034963;0.0;0.021458197157809184;0.0;0.023155586031973697;0.0;0.0;0.02554367371480678;0.0;0.0;0.0;0.0;0.02668554941429199
GO:0006120;0.0;0.0;0.024293542426912295;0.022476386615345928;1.0;0.023999945204943005;0.14505201982664614;0.0;0.02308442892073447;0.09921608845013526;0.0;0.021981355279213428;0.0;0.0;0.0;0.0;0.1296078605409311;0.025476012282727677;0.11924897729530011;0.0;0.034207440909455815;0.02161214347188439;0.034031131092395535;0.0;0.0275720915032707;0.0;0.028570004561728358;0.023450496235711462;0.029920101689082698;0.024825927255429283;0.0;0.10795418038798826;0.019961425850583678;0.021981355279213428;0.02417200776646314;0.0;0.0;0.0;0.024727980747086084;0.0;0.025937848825168537;0.024483731597494816;0.0;0.0;0.10541801522522148;0.0;0.026143348024288474;0.02831892939940016;0.0;0.8710421937447441;0.09836250688932885;0.0;0.0;0.0;0.025128181614894454;0.0;0.0;0.022801828253623917;0.0;0.024727980747086084;0.0;0.0;0.12884179129020382;0.0;0.0;0.0;0.0;0.0287957392444358
GO:0034198;0.0;0.0;0.41426709106495957;0.022515997531319814;0.023999945204943005;1.0;0.0310018770917311;0.0;0.023126213965686353;0.021189144978896957;0.26522407239499407;0.022019239117364506;0.3463354251400818;0.0;0.0;0.0;0.027693851637747725;0.025526913357560136;0.025476012282727677;0.0;0.034299274744592836;0.021648764299347714;0.034122019461269804;0.0;0.027631722885333984;0.0;0.02863403552987001;0.023493618260426462;0.02999033474697373;0.02487426127007137;0.0;0.023058669016832508;0.2603948510663913;0.022019239117364506;0.024217826712139325;0.0;0.0;0.0;0.02477593375833625;0.5047679182693777;0.44236376552315293;0.02453074108078305;0.0;0.0;0.022515997531319814;0.20848321265879294;0.02619695350473152;0.028381838656524636;0.0;0.02710149069342299;0.021006549578978136;0.0;0.21034179523431182;0.0;0.3279274981159545;0.0;0.21436572460412526;0.29751386962340987;0.20337114466478262;0.02477593375833625;0.0;0.5575296748947575;0.027529809716552837;0.0;0.0;0.0;0.4914353790994466;0.02886078719288464
GO:0006366;0.0;0.0;0.03149353179882894;0.02850587585787385;0.14505201982664614;0.0310018770917311;1.0;0.0;0.029491049503899924;0.19044445534697838;0.0;0.02771430443949531;0.0;0.0;0.0;0.0;0.17515841224560363;0.033509862653842065;0.4152867063264142;0.0;0.05044707376082644;0.02712995012846432;0.05006456100937286;0.0;0.037232982401569865;0.0;0.03907609410483365;0.03009114268175904;0.041646371229913166;0.03239410004747184;0.0;0.13780319963146012;0.02457849642351956;0.02771430443949531;0.03128958460041657;0.0;0.0;0.0;0.03222753348858016;0.0;0.03431350084217704;0.031813904622362346;0.0;0.0;0.3463750454091822;0.0;0.03467406685390225;0.03860792343560366;0.0;0.17014344886395127;0.3174922182437357;0.0;0.0;0.0;0.032910645270208795;0.0;0.0;0.02903138354892002;0.0;0.03222753348858016;0.0;0.0;0.2671370319088097;0.0;0.0;0.0;0.0;0.03949960407434044
GO:0006886;0.0;0.0;0.0;0.0;0.0;0.0;0.0;1.0;0.0;0.0;0.0;0.0;0.0;0.0;0.0;0.0;0.0;0.0;0.0;0.0;0.0;0.0;0.0;0.0;0.0;0.3647864652783136;0.0;0.0;0.4324067591086286;0.0;0.0;0.0;0.0;0.0;0.0;0.0;0.0;0.7305885552171874;0.0;0.0;0.0;0.0;0.0;0.0;0.0;0.0;0.0;0.0;0.0;0.0;0.0;0.0;0.0;0.0;0.0;0.0;0.0;0.0;0.0;0.0;0.0;0.0;0.0;0.0;0.0;0.0;0.0;0.0
GO:0006884;0.0616558760237332;0.061031455513432545;0.05847164067571953;0.021708291142540363;0.02308442892073447;0.023126213965686353;0.029491049503899924;0.0;1.0;0.020472313539169208;0.0;0.021246167726588917;0.0;0.07859833578448087;0.0;0.06120796443290291;0.026481942959946225;0.2069909461912857;0.024446833663443416;0.06097149646562776;0.08111392319759385;0.05223018264936246;0.2729662872460577;0.06046976479789843;0.2233130061704987;0.0;0.2310474843197593;0.05651476961497865;0.02857423882615891;0.5103581079078576;0.058092697569103575;0.02221229118145525;0.0193532780096808;0.6162466525035977;0.0232859348204451;0.047442453657044595;0.06006457002022356;0.0;0.023801459636255753;0.0;0.024920311170240236;0.1992279363895126;0.0;0.049100952405871715;0.021708291142540363;0.0;0.06274791016837468;0.06774677846179404;0.28562371101134115;0.025939784687572576;0.02030181390824431;0.07830115142476617;0.0;0.055663496902885114;0.02417200776646314;0.0;0.0;0.022011719779681096;0.0;0.20114096129548636;0.055345295898913155;0.0;0.02633190525729825;0.0860685551358689;0.0442294684177973;0.38906249798954917;0.0;0.23279385153045742
GO:0020027;0.0;0.0;0.021417671458441475;0.019992662136233234;0.09921608845013526;0.021189144978896957;0.19044445534697838;0.0;0.020472313539169208;1.0;0.0;0.019600035981132177;0.0;0.0;0.0;0.0;0.11243471945085222;0.02233148510547192;0.16074090806228614;0.0;0.02876818654610246;0.019305952003115197;0.028643386033902752;0.0;0.02392586490746056;0.0;0.02467371557432824;0.020759707699946048;0.025674230635354633;0.021830398825955735;0.0;0.09577023426334147;0.01797790430867298;0.019600035981132177;0.021323152214497296;0.0;0.0;0.0;0.021754626933136182;0.0;0.022685555746831114;0.02156535982546319;0.0;0.0;0.1684494931581851;0.0;0.02284259558844974;0.024486227758153543;0.0;0.11034695108342728;0.1583464723792852;0.0;0.0;0.0;0.022063770115845354;0.0;0.0;0.020249741408514595;0.0;0.021754626933136182;0.0;0.0;0.23850601324417864;0.0;0.0;0.0;0.0;0.024841897401615937
GO:0009635;0.0;0.0;0.26814726429902486;0.0;0.0;0.26522407239499407;0.0;0.0;0.0;0.0;1.0;0.0;0.30645384683341786;0.0;0.0;0.0;0.0;0.0;0.0;0.0;0.0;0.0;0.0;0.0;0.0;0.0;0.0;0.0;0.0;0.0;0.0;0.0;0.24529431965157067;0.0;0.0;0.0;0.0;0.0;0.0;0.24087578477380892;0.3110204704908669;0.0;0.0;0.0;0.0;0.3103267058400144;0.0;0.0;0.0;0.0;0.0;0.0;0.6265480006245508;0.0;0.3023030311833252;0.0;0.3181257346140069;0.2769336912254538;0.30351092119089296;0.0;0.0;0.26377191038191783;0.0;0.0;0.0;0.0;0.3380769671491866;0.0
GO:0022011;0.0;0.0;0.022266125884216358;0.02073002640556365;0.021981355279213428;0.022019239117364506;0.02771430443949531;0.0;0.021246167726588917;0.019600035981132177;0.0;1.0;0.0;0.0;0.0;0.0;0.02504041749880845;0.023255446653902515;0.023213193728767175;0.0;0.0303200518856508;0.019992662136233234;0.030181456217758373;0.0;0.024989612972975146;0.0;0.025806576386786916;0.021555863886025584;0.02690311676320668;0.022712541878556033;0.0;0.021189144978896953;0.01857193350586053;0.020308210222587764;0.022163987464173293;0.0;0.0;0.0;0.022630534039172655;0.0;0.02363967470695421;0.022425790895409164;0.0;0.0;0.02073002640556365;0.0;0.02381025170111798;0.025601548357908233;0.0;0.024555135943959156;0.019443700530977902;0.0;0.0;0.0;0.022965263975006596;0.0;0.0;0.021006549578978136;0.0;0.022630534039172655;0.0;0.0;0.024906228224258288;0.0;0.0;0.0;0.0;0.025990614037950673
GO:0001666;0.0;0.0;0.3513368253281624;0.0;0.0;0.3463354251400818;0.0;0.0;0.0;0.0;0.30645384683341786;0.0;1.0;0.0;0.0;0.0;0.0;0.0;0.0;0.0;0.0;0.0;0.0;0.0;0.0;0.0;0.0;0.0;0.0;0.0;0.0;0.0;0.18358149506005791;0.0;0.0;0.0;0.0;0.0;0.0;0.17947617359680862;0.3797556444642115;0.0;0.0;0.0;0.0;0.24852502436834467;0.0;0.0;0.0;0.0;0.0;0.0;0.2511706242611495;0.0;0.2400243969472923;0.0;0.25692969716943287;0.214080394986686;0.24129475941056583;0.0;0.0;0.20115253792364102;0.0;0.0;0.0;0.0;0.279092884949412;0.0
GO:0045892;0.31791467954350006;0.08974393445554135;0.10983972539840982;0.0;0.0;0.0;0.0;0.0;0.07859833578448087;0.0;0.0;0.0;0.0;1.0;0.0;0.5044930269965603;0.0;0.0;0.0;0.2662359197091785;0.1838390859175512;0.09369450595961193;0.0;0.38198982102203943;0.0;0.0;0.0;0.10461619087708303;0.0;0.11321164752017362;0.46757269999073897;0.0;0.0;0.27748087575233576;0.0;0.4723883499504133;0.4753277769789189;0.0;0.0;0.0;0.0;0.0;0.0;0.0861353586526052;0.0;0.0;0.12181030406178263;0.13685874542484483;0.38713096823256393;0.0;0.0;0.5730594812118888;0.0;0.10239109608083008;0.0;0.0;0.0;0.0;0.0;0.0;0.10156655100741038;0.0;0.0;0.6766411420672525;0.21717691444551646;0.07859833578448087;0.0;0.0
GO:0001701;0.0;0.0;0.0;0.22310615620017152;0.0;0.0;0.0;0.0;0.0;0.0;0.0;0.0;0.0;0.0;1.0;0.0;0.0;0.0;0.0;0.0;0.0;0.0;0.0;0.0;0.2812694763955266;0.0;0.0;0.0;0.0;0.0;0.0;0.0;0.0;0.0;0.24210902200439713;0.0;0.0;0.0;0.24841493464670192;0.0;0.0;0.0;0.32062964674185207;0.0;0.0;0.0;0.0;0.0;0.0;0.0;0.0;0.0;0.0;0.0;0.0;0.2917078699455606;0.0;0.0;0.0;0.0;0.0;0.0;0.0;0.0;0.0;0.0;0.0;0.0
GO:0043154;0.2391571324533695;0.3237516426390855;0.0841820338452577;0.0;0.0;0.0;0.0;0.0;0.06120796443290291;0.0;0.0;0.0;0.0;0.5044930269965603;0.0;1.0;0.0;0.0;0.0;0.8358434255648831;0.12173766409891325;0.07436144312880606;0.0;0.5169291991401768;0.0;0.0;0.0;0.08107936186497713;0.0;0.08614853542328735;0.7024413627965922;0.0;0.0;0.21919023523586087;0.0;0.28778405141946084;0.36094242681424904;0.0;0.0;0.0;0.0;0.0;0.0;0.06951937510977287;0.0;0.0;0.09103877062283729;0.09919012471786931;0.20761878164454967;0.0;0.0;0.2665960663754395;0.0;0.07973642831759337;0.0;0.0;0.0;0.0;0.0;0.0;0.07923549713232435;0.0;0.0;0.2973496153069911;0.1797611898024477;0.06120796443290291;0.0;0.0
GO:0006914;0.0;0.0;0.028085518338180987;0.025684839186966776;0.1296078605409311;0.027693851637747725;0.17515841224560363;0.0;0.026481942959946225;0.11243471945085222;0.0;0.02504041749880845;0.0;0.0;0.0;0.0;1.0;0.02967804035794548;0.1388723885719826;0.0;0.04223732485187286;0.024562408806052934;0.04196885037654264;0.0;0.03256173514565659;0.0;0.03396268382594315;0.02696482067567113;0.03588772287244106;0.02879951631721095;0.0;0.43258301351340706;0.022452254132169763;0.02504041749880845;0.02792320868670056;0.0;0.0;0.0;0.02866778949139111;0.0;0.030306672179305955;0.02834002549979979;0.0;0.0;0.12046619480287651;0.0;0.03058760253178932;0.033608468509412175;0.0;0.14927831792782142;0.11133979490341266;0.0;0.0;0.0;0.029207064666893656;0.0;0.0;0.0261107046258997;0.0;0.02866778949139111;0.0;0.0;0.152056654114942;0.0;0.0;0.0;0.0;0.034282153654034905
GO:0070126;0.0;0.0;0.0258593173294065;0.02381025170111798;0.025476012282727677;0.025526913357560136;0.033509862653842065;0.0;0.2069909461912857;0.02233148510547192;0.0;0.023255446653902515;0.0;0.0;0.0;0.0;0.02967804035794548;1.0;0.02714554284897731;0.0;0.037395780822558934;0.02284259558844974;0.5906821095418548;0.0;0.2501997977564927;0.0;0.4886254305091542;0.024906228224258288;0.0323311483797856;0.02646339382901357;0.0;0.024417945322409495;0.021006549578978136;0.1965267242768855;0.025721655810301506;0.0;0.0;0.0;0.026352129467078548;0.0;0.027730576301285094;0.220353494282977;0.0;0.0;0.02381025170111798;0.0;0.02796559255318611;0.030469552633258047;0.0;0.028998797491217865;0.02212876516863006;0.0;0.0;0.0;0.026807111286012153;0.0;0.0;0.024175780367111;0.0;0.4186004703452152;0.0;0.0;0.029489729963575077;0.0;0.0;0.0;0.0;0.26216220475485874
GO:0070125;0.0;0.0;0.025807083342115632;0.02376596059175926;0.11924897729530011;0.025476012282727677;0.4152867063264142;0.0;0.024446833663443416;0.16074090806228614;0.0;0.023213193728767175;0.0;0.0;0.0;0.0;0.1388723885719826;0.02714554284897731;1.0;0.0;0.037286643550076534;0.022801828253623917;0.0370772610116194;0.0;0.02953825166180573;0.0;0.030686524728204604;0.024857770018668044;0.032249538669470376;0.026408693535598788;0.0;0.1143057892164094;0.02097206752162638;0.023213193728767175;0.025669975920026882;0.0;0.0;0.0;0.026297887706026677;0.0;0.027670517953159748;0.02602181388298135;0.0;0.0;0.23388616862187392;0.0;0.027904513025113844;0.030397059836462462;0.0;0.1357012067049891;0.21739762157179193;0.0;0.0;0.0;0.02675098233175632;0.0;0.0;0.024130120232604167;0.0;0.026297887706026677;0.0;0.0;0.21214694106840123;0.0;0.0;0.0;0.0;0.030947096499409726
GO:0006919;0.07822647747273057;0.43678339278981615;0.08383875037153726;0.0;0.0;0.0;0.0;0.0;0.06097149646562776;0.0;0.0;0.0;0.0;0.2662359197091785;0.0;0.8358434255648831;0.0;0.0;0.0;1.0;0.12102106768583915;0.07409345451712974;0.0;0.31909078964834625;0.0;0.0;0.0;0.08076086879298462;0.0;0.08578906058550387;0.5508188357744144;0.0;0.0;0.0754276871229334;0.0;0.15224351499840919;0.19110549152362716;0.0;0.0;0.0;0.0;0.0;0.0;0.18489669284509713;0.0;0.0;0.09063742122959562;0.09871387435506848;0.20670348290458937;0.0;0.0;0.4418305204457864;0.0;0.21196542135880833;0.0;0.0;0.0;0.0;0.0;0.0;0.21063889535279137;0.0;0.0;0.29547575306197926;0.06190022557807142;0.06097149646562776;0.0;0.0
GO:0035556;0.10833318547641663;0.09303850242672577;0.3009161533981984;0.03127002181026434;0.034207440909455815;0.034299274744592836;0.05044707376082644;0.0;0.08111392319759385;0.02876818654610246;0.0;0.0303200518856508;0.0;0.1838390859175512;0.0;0.12173766409891325;0.04223732485187286;0.037395780822558934;0.037286643550076534;0.12102106768583915;1.0;0.49533307692008277;0.059265465175365156;0.1195102101053422;0.04209297798463161;0.0;0.0444639727801271;0.28613750364967816;0.04782236114521608;0.11723156834451996;0.11252488856960054;0.03232659533817811;0.026606362210237943;0.09870344222603673;0.03465178680459714;0.0843649029034733;0.11829948317343963;0.0;0.035805856419033555;0.0;0.03839940232942112;0.03529600178027174;0.0;0.08844277323034869;0.03127002181026434;0.0;0.33496696802706505;0.3781383542429346;0.12647664177729653;0.04087474690268517;0.028432641087379005;0.18259479521804664;0.0;0.10566818521948632;0.03665107511377288;0.0;0.0;0.03190351756236974;0.0;0.035805856419033555;0.10479024166488411;0.0;0.04185693223854884;0.21777620083515525;0.07675387763987655;0.08111392319759385;0.0;0.04501314347636934
GO:0033173;0.06588595890199977;0.05692842786368018;0.1887068036813599;0.020401339940053793;0.02161214347188439;0.021648764299347714;0.02712995012846432;0.0;0.05223018264936246;0.019305952003115197;0.0;0.019992662136233234;0.0;0.09369450595961193;0.0;0.07436144312880606;0.024562408806052934;0.02284259558844974;0.022801828253623917;0.07409345451712974;0.49533307692008277;1.0;0.029489729963575073;0.07352438050185192;0.024513523537803675;0.0;0.025299165406509058;0.1827864714483473;0.026352129467078544;0.07265556665158078;0.07081968628358437;0.020845858660619693;0.018307684229438067;0.06508381250634568;0.021788667351538005;0.0585250000880146;0.07306434092955379;0.0;0.022239386255313888;0.0;0.023213193728767175;0.022041628613433593;0.0;0.06045879382841808;0.020401339940053793;0.0;0.20155560017563148;0.21642324052425932;0.07610325158856145;0.024095305154783614;0.019154254597201287;0.09337022746264595;0.0;0.06804095273256552;0.02256256257530849;0.0;0.0;0.020669107130772676;0.0;0.022239386255313888;0.06767585792175514;0.0;0.024433280630625713;0.1017779103404574;0.054758207775648764;0.05223018264936246;0.0;0.025476012282727677
GO:0065003;0.0;0.0;0.034718570220360984;0.03112262640380578;0.034031131092395535;0.034122019461269804;0.05006456100937286;0.0;0.2729662872460577;0.028643386033902752;0.0;0.030181456217758373;0.0;0.0;0.0;0.0;0.04196885037654264;0.5906821095418548;0.0370772610116194;0.0;0.059265465175365156;0.029489729963575073;1.0;0.0;0.35346521913862416;0.0;0.7519215872448504;0.033021993121045305;0.047478480799767256;0.03581623859394728;0.0;0.03216909613867295;0.026499578748766836;0.2550569254874719;0.03447087891139908;0.0;0.0;0.0;0.03561273125147276;0.0;0.038177373160585684;0.4882208187966479;0.0;0.0;0.03112262640380578;0.0;0.03862424295262306;0.04356938417776755;0.0;0.0406232634517495;0.028310728716711652;0.0;0.0;0.0;0.03644875042175133;0.0;0.0;0.03175010417847738;0.0;0.6062955859328477;0.0;0.0;0.041593256696902746;0.0;0.0;0.0;0.0;0.3778205360496533
GO:0032088;0.23593228617788842;0.3194345385678737;0.0831108697428048;0.0;0.0;0.0;0.0;0.0;0.06046976479789843;0.0;0.0;0.0;0.0;0.38198982102203943;0.0;0.5169291991401768;0.0;0.0;0.0;0.31909078964834625;0.1195102101053422;0.07352438050185192;0.0;1.0;0.0;0.0;0.0;0.08008523560002484;0.0;0.08502707511561124;0.2210641045986947;0.0;0.0;0.20047615524539109;0.0;0.21956852231163157;0.22927174582849097;0.0;0.0;0.0;0.0;0.0;0.0;0.06878723786738072;0.0;0.0;0.08978730168901491;0.09770634317558016;0.28535718144359573;0.0;0.0;0.3803636851246963;0.0;0.07877476584726023;0.0;0.0;0.0;0.0;0.0;0.0;0.07828580772818698;0.0;0.0;0.42338230978109065;0.16475306315480232;0.06046976479789843;0.0;0.0
GO:0000902;0.0;0.0;0.028021621845783298;0.3300009943691616;0.0275720915032707;0.027631722885333984;0.037232982401569865;0.0;0.2233130061704987;0.02392586490746056;0.0;0.024989612972975146;0.0;0.0;0.2812694763955266;0.0;0.03256173514565659;0.2501997977564927;0.02953825166180573;0.0;0.04209297798463161;0.024513523537803675;0.35346521913862416;0.0;1.0;0.0;0.28622202298550803;0.026905916425485638;0.03578346003467019;0.028732333625318025;0.0;0.026336974281338688;0.02241140053959446;0.2111817868568793;0.35869470482181065;0.0;0.0;0.0;0.368237197160297;0.0;0.03023228287441748;0.23894560004930643;0.25983050810790426;0.0;0.025631388868481774;0.0;0.030511829442666557;0.03351701185245332;0.0;0.031745895148708465;0.023693315540895175;0.0;0.0;0.0;0.02913796936775613;0.4692035589289417;0.0;0.026055469061682452;0.0;0.2417026864852418;0.0;0.0;0.03233519182751221;0.0;0.0;0.0;0.0;0.28890689614997217
GO:1902600;0.0;0.0;0.0;0.0;0.0;0.0;0.0;0.3647864652783136;0.0;0.0;0.0;0.0;0.0;0.0;0.0;0.0;0.0;0.0;0.0;0.0;0.0;0.0;0.0;0.0;0.0;1.0;0.0;0.0;0.3405955576590087;0.0;0.0;0.0;0.0;0.0;0.0;0.0;0.0;0.28390235628593324;0.0;0.0;0.0;0.0;0.0;0.0;0.0;0.0;0.0;0.0;0.0;0.0;0.0;0.0;0.0;0.0;0.0;0.0;0.0;0.0;0.0;0.0;0.0;0.0;0.0;0.0;0.0;0.0;0.0;0.0
GO:0051260;0.0;0.0;0.029052948315422267;0.02649157534253356;0.028570004561728358;0.02863403552987001;0.03907609410483365;0.0;0.2310474843197593;0.02467371557432824;0.0;0.025806576386786916;0.0;0.0;0.0;0.0;0.03396268382594315;0.4886254305091542;0.030686524728204604;0.0;0.0444639727801271;0.025299165406509058;0.7519215872448504;0.0;0.28622202298550803;0.0;1.0;0.027855360202980673;0.03748258184514128;0.029817651666838488;0.0;0.027246011143267107;0.023066276698130817;0.21808576707106048;0.02887929885580113;0.0;0.0;0.0;0.029676469288612947;0.0;0.03143624922929464;0.4078024187962714;0.0;0.0;0.02649157534253356;0.0;0.03173861573367072;0.035003242650041635;0.0;0.03307608733497175;0.0244264765302036;0.0;0.0;0.0;0.03025474375836618;0.0;0.0;0.02694484901289802;0.0;0.5052325868719676;0.0;0.0;0.03371630113048049;0.0;0.0;0.0;0.0;0.3019854486453961
GO:0007223;0.07188248700260913;0.062056342952194234;0.20498045349177726;0.022031708705166797;0.023450496235711462;0.023493618260426462;0.03009114268175904;0.0;0.05651476961497865;0.020759707699946048;0.0;0.021555863886025584;0.0;0.10461619087708303;0.0;0.08107936186497713;0.02696482067567113;0.024906228224258288;0.024857770018668044;0.08076086879298462;0.28613750364967816;0.1827864714483473;0.033021993121045305;0.08008523560002484;0.026905916425485638;0.0;0.027855360202980673;1.0;0.029137244709379412;0.07905553443534903;0.07688680400840746;0.022551017768758008;0.01960991546369627;0.07017263604069093;0.023658472460720045;0.06260768318294821;0.07953973536103477;0.0;0.024190812914211702;0.0;0.025347458467183916;0.023957010024898594;0.0;0.06482580186057776;0.022031708705166797;0.0;0.35708145127344554;0.23810295942728102;0.08315449235571279;0.0264029202306295;0.02058440795226302;0.10421206884339797;0.0;0.07362254108662455;0.024573680840469257;0.0;0.0;0.022344310956209142;0.0;0.024190812914211702;0.07319527800174228;0.0;0.026809277513876375;0.11479632598581974;0.05831628779160021;0.05651476961497865;0.0;0.02806990076048874
GO:0043312;0.0;0.0;0.03045019108888914;0.027648405254191526;0.029920101689082698;0.02999033474697373;0.041646371229913166;0.4324067591086286;0.02857423882615891;0.025674230635354633;0.0;0.02690311676320668;0.0;0.0;0.0;0.0;0.03588772287244106;0.0323311483797856;0.032249538669470376;0.0;0.04782236114521608;0.026352129467078544;0.047478480799767256;0.0;0.03578346003467019;0.3405955576590087;0.03748258184514128;0.029137244709379412;1.0;0.031291281570083755;0.0;0.02847119204669087;0.02393837158402052;0.02690311676320668;0.030259492167268042;0.0;0.0;0.32324326066487713;0.0311358358725541;0.0;0.03307861417922092;0.03074958753743831;0.0;0.0;0.027648405254191526;0.0;0.033413568154634116;0.037051605787297416;0.0;0.034899234246507205;0.025406642781729216;0.0;0.0;0.0;0.03177299362964679;0.0;0.0;0.02814249939683547;0.0;0.0311358358725541;0.0;0.0;0.03561273125147276;0.0;0.0;0.0;0.0;0.03787208271866007
GO:0045454;0.07641221491937646;0.06592409038561164;0.08200243269990737;0.023241450569117944;0.024825927255429283;0.02487426127007137;0.03239410004747184;0.0;0.5103581079078576;0.021830398825955735;0.0;0.022712541878556033;0.0;0.11321164752017362;0.0;0.08614853542328735;0.02879951631721095;0.02646339382901357;0.026408693535598788;0.08578906058550387;0.11723156834451996;0.07265556665158078;0.03581623859394728;0.08502707511561124;0.028732333625318025;0.0;0.029817651666838488;0.07905553443534903;0.031291281570083755;1.0;0.08143059512221297;0.023820103898276872;0.02056256764078293;0.25835344051454323;0.025059136918166035;0.06558777375215778;0.08441243343728476;0.0;0.025657172761986858;0.0;0.02696207356184275;0.025394320216796554;0.0;0.06802619257744044;0.023241450569117944;0.0;0.08849501111723637;0.09617798584375765;0.3092181218313414;0.02815945826512027;0.02163663483905982;0.11273854078703509;0.0;0.07777827821410081;0.02608827721516222;0.0;0.0;0.02358959598948353;0.0;0.025657172761986858;0.07730157490010064;0.0;0.028622156260740023;0.1252294246504656;0.0608934353577728;0.4173095927645041;0.0;0.03006361729394037
GO:1901799;0.2256108599657764;0.06396411390216573;0.07967138798407782;0.0;0.0;0.0;0.0;0.0;0.058092697569103575;0.0;0.0;0.0;0.0;0.46757269999073897;0.0;0.7024413627965922;0.0;0.0;0.0;0.5508188357744144;0.11252488856960054;0.07081968628358437;0.0;0.2210641045986947;0.0;0.0;0.0;0.07688680400840746;0.0;0.08143059512221297;1.0;0.0;0.0;0.20857089158410966;0.0;0.2753800878710143;0.7608079533450947;0.0;0.0;0.0;0.0;0.0;0.0;0.06641421610033017;0.0;0.0;0.0857863270879755;0.09298703891624603;0.5797527113125691;0.0;0.0;0.24716413909079762;0.0;0.07567812879273644;0.0;0.0;0.0;0.0;0.0;0.0;0.07522674686106487;0.0;0.0;0.2733774761135564;0.17255594668189217;0.058092697569103575;0.0;0.0
GO:0042744;0.0;0.0;0.023329558156412696;0.021648764299347714;0.10795418038798826;0.023058669016832508;0.13780319963146012;0.0;0.02221229118145525;0.09577023426334147;0.0;0.021189144978896953;0.0;0.0;0.0;0.0;0.43258301351340706;0.024417945322409495;0.1143057892164094;0.0;0.03232659533817811;0.020845858660619693;0.03216909613867295;0.0;0.026336974281338688;0.0;0.027246011143267107;0.022551017768758008;0.02847119204669087;0.023820103898276872;0.0;1.0;0.019305952003115197;0.021189144978896953;0.023217455034710614;0.0;0.0;0.0;0.02372991881098299;0.0;0.024841897401615937;0.023504898649658948;0.0;0.0;0.5393467879938416;0.0;0.02503033449286009;0.027017574432509166;0.0;0.12126350320429677;0.5044922119050144;0.0;0.0;0.0;0.024098225517033212;0.0;0.0;0.021950519573941625;0.0;0.02372991881098299;0.0;0.0;0.12309049783690434;0.0;0.0;0.0;0.0;0.02745123343907044
GO:0071284;0.0;0.0;0.26304303581129673;0.018924080213231;0.019961425850583678;0.2603948510663913;0.02457849642351956;0.0;0.0193532780096808;0.01797790430867298;0.24529431965157067;0.01857193350586053;0.18358149506005791;0.0;0.0;0.0;0.022452254132169763;0.021006549578978136;0.02097206752162638;0.0;0.026606362210237943;0.018307684229438067;0.026499578748766836;0.0;0.02241140053959446;0.0;0.023066276698130817;0.01960991546369627;0.02393837158402052;0.02056256764078293;0.0;0.019305952003115197;1.0;0.01857193350586053;0.020111920149896736;0.0;0.0;0.0;0.020495327744062996;0.22537251176301767;0.3591261360342995;0.020327253806802243;0.0;0.0;0.018924080213231;0.2850634139016292;0.021458197157809184;0.022902340830851273;0.0;0.022061322008323232;0.017846288321375487;0.0;0.287145578207309;0.0;0.6672846954511261;0.0;0.2916308756588223;0.32265178726285837;0.27930188513342413;0.020495327744062996;0.0;0.24529431965157067;0.022344310956209146;0.0;0.0;0.0;0.3083101303710931;0.02321319372876718
GO:0051016;0.20420830868757894;0.0579545197618178;0.07248481229844167;0.02073002640556365;0.021981355279213428;0.022019239117364506;0.02771430443949531;0.0;0.6162466525035977;0.019600035981132177;0.0;0.020308210222587764;0.0;0.27748087575233576;0.0;0.21919023523586087;0.02504041749880845;0.1965267242768855;0.023213193728767175;0.0754276871229334;0.09870344222603673;0.06508381250634568;0.2550569254874719;0.20047615524539109;0.2111817868568793;0.0;0.21808576707106048;0.07017263604069093;0.02690311676320668;0.25835344051454323;0.20857089158410966;0.021189144978896953;0.01857193350586053;1.0;0.022163987464173293;0.1718487540236286;0.2152989781251838;0.0;0.022630534039172655;0.0;0.02363967470695421;0.1895154838169311;0.0;0.06134422349101479;0.02073002640556365;0.0;0.07751153632691903;0.08334289660097134;0.2708398064555234;0.024555135943959156;0.019443700530977902;0.09549899446991962;0.0;0.06916445580749518;0.022965263975006596;0.0;0.0;0.021006549578978136;0.0;0.19124572361670025;0.2935334543824438;0.0;0.024906228224258288;0.10431251878312732;0.16064169802991204;0.24167354579963318;0.0;0.21964102925394163
GO:0030218;0.0;0.0;0.024516812132515654;0.3520396760994134;0.02417200776646314;0.024217826712139325;0.03128958460041657;0.0;0.0232859348204451;0.021323152214497296;0.0;0.022163987464173293;0.0;0.0;0.24210902200439713;0.0;0.02792320868670056;0.025721655810301506;0.025669975920026882;0.0;0.03465178680459714;0.021788667351538005;0.03447087891139908;0.0;0.35869470482181065;0.0;0.02887929885580113;0.023658472460720045;0.030259492167268042;0.025059136918166035;0.0;0.023217455034710614;0.020111920149896736;0.022163987464173293;1.0;0.0;0.0;0.0;0.3876355584132436;0.0;0.02619252379014657;0.024710527171004307;0.226053882676091;0.0;0.022667373102279776;0.0;0.026402094557598947;0.028622782473277736;0.0;0.027321102053604253;0.02113824999963302;0.0;0.0;0.0;0.025367131805402947;0.20774166940245262;0.0;0.022998409656064506;0.0;0.0249593452863599;0.0;0.0;0.02775644654504833;0.0;0.0;0.0;0.0;0.029109967259876145
GO:0016480;0.18051348911226986;0.051287136684715885;0.06444168885358036;0.0;0.0;0.0;0.0;0.0;0.047442453657044595;0.0;0.0;0.0;0.0;0.4723883499504133;0.0;0.28778405141946084;0.0;0.0;0.0;0.15224351499840919;0.0843649029034733;0.0585250000880146;0.0;0.21956852231163157;0.0;0.0;0.0;0.06260768318294821;0.0;0.06558777375215778;0.2753800878710143;0.0;0.0;0.1718487540236286;0.0;1.0;0.27436031295172053;0.0;0.0;0.0;0.0;0.0;0.0;0.05548353548255347;0.0;0.0;0.0683844064831006;0.07288345826742137;0.21733564904644181;0.0;0.0;0.27162578265453496;0.0;0.0618039145768774;0.0;0.0;0.0;0.0;0.0;0.0;0.06150253728872775;0.0;0.0;0.29287685291343746;0.14663273868011642;0.047442453657044595;0.0;0.0
GO:0010507;0.23416612906854192;0.0663629522872877;0.08252352384796391;0.0;0.0;0.0;0.0;0.0;0.06006457002022356;0.0;0.0;0.0;0.0;0.4753277769789189;0.0;0.36094242681424904;0.0;0.0;0.0;0.19110549152362716;0.11829948317343963;0.07306434092955379;0.0;0.22927174582849097;0.0;0.0;0.0;0.07953973536103477;0.0;0.08441243343728476;0.7608079533450947;0.0;0.0;0.2152989781251838;0.0;0.27436031295172053;1.0;0.0;0.0;0.0;0.0;0.0;0.0;0.0683844064831006;0.0;0.0;0.08910218958143741;0.09689559655663094;0.6021616468175566;0.0;0.0;0.2516644394034244;0.0;0.0782469132280124;0.0;0.0;0.0;0.0;0.0;0.0;0.07776446589311098;0.0;0.0;0.2798191373307364;0.17713559007674695;0.06006457002022356;0.0;0.0
GO:0006606;0.0;0.0;0.0;0.0;0.0;0.0;0.0;0.7305885552171874;0.0;0.0;0.0;0.0;0.0;0.0;0.0;0.0;0.0;0.0;0.0;0.0;0.0;0.0;0.0;0.0;0.0;0.28390235628593324;0.0;0.0;0.32324326066487713;0.0;0.0;0.0;0.0;0.0;0.0;0.0;0.0;1.0;0.0;0.0;0.0;0.0;0.0;0.0;0.0;0.0;0.0;0.0;0.0;0.0;0.0;0.0;0.0;0.0;0.0;0.0;0.0;0.0;0.0;0.0;0.0;0.0;0.0;0.0;0.0;0.0;0.0;0.0
GO:0001837;0.0;0.0;0.02508894743760248;0.3596219539779077;0.024727980747086084;0.02477593375833625;0.03222753348858016;0.0;0.023801459636255753;0.021754626933136182;0.0;0.022630534039172655;0.0;0.0;0.24841493464670192;0.0;0.02866778949139111;0.026352129467078548;0.026297887706026677;0.0;0.035805856419033555;0.022239386255313888;0.03561273125147276;0.0;0.368237197160297;0.0;0.029676469288612947;0.024190812914211702;0.0311358358725541;0.025657172761986858;0.0;0.02372991881098299;0.020495327744062996;0.022630534039172655;0.3876355584132436;0.0;0.0;0.0;1.0;0.0;0.02684658547880244;0.025291846625367116;0.23154171057145514;0.0;0.023155586031973697;0.0;0.027066797439943873;0.02940566233743937;0.0;0.02803350872676169;0.02156219976803395;0.0;0.0;0.0;0.02598013838009066;0.21236729554016873;0.0;0.023501144664080743;0.0;0.025552571185124225;0.0;0.0;0.028492043237115558;0.0;0.0;0.0;0.0;0.029920101689082698
GO:0010266;0.0;0.0;0.1591859821425682;0.0;0.0;0.5047679182693777;0.0;0.0;0.0;0.0;0.24087578477380892;0.0;0.17947617359680862;0.0;0.0;0.0;0.0;0.0;0.0;0.0;0.0;0.0;0.0;0.0;0.0;0.0;0.0;0.0;0.0;0.0;0.0;0.0;0.22537251176301767;0.0;0.0;0.0;0.0;0.0;0.0;1.0;0.27967447173299065;0.0;0.0;0.0;0.0;0.454103167272653;0.0;0.0;0.0;0.0;0.0;0.0;0.4665425131386887;0.0;0.2726056800438146;0.0;0.4724498923248932;0.2810165297196913;0.3053266859465106;0.0;0.0;0.6651166633693483;0.0;0.0;0.0;0.0;0.3871805119486195;0.0
GO:0034614;0.0;0.0;0.44823012163479664;0.024213190317556237;0.025937848825168537;0.44236376552315293;0.03431350084217704;0.0;0.024920311170240236;0.022685555746831114;0.3110204704908669;0.02363967470695421;0.3797556444642115;0.0;0.0;0.0;0.030306672179305955;0.027730576301285094;0.027670517953159748;0.0;0.03839940232942112;0.023213193728767175;0.038177373160585684;0.0;0.03023228287441748;0.0;0.03143624922929464;0.025347458467183916;0.03307861417922092;0.02696207356184275;0.0;0.024841897401615937;0.3591261360342995;0.02363967470695421;0.02619252379014657;0.0;0.0;0.0;0.02684658547880244;0.27967447173299065;1.0;0.026558934077118315;0.0;0.0;0.024213190317556237;0.5107742305097184;0.02852309079107943;0.031132537299044086;0.0;0.02959869272033192;0.022476386615345928;0.0;0.5157313170666469;0.0;0.460185462342524;0.0;0.38948705755653545;0.41423824463390513;0.49717960323089155;0.02684658547880244;0.0;0.4204228736536179;0.030110326211015812;0.0;0.0;0.0;0.5674926613877611;0.031709765713492266
GO:0051017;0.0;0.0;0.024837551635675234;0.022941277152828832;0.024483731597494816;0.02453074108078305;0.031813904622362346;0.0;0.1992279363895126;0.02156535982546319;0.0;0.022425790895409164;0.0;0.0;0.0;0.0;0.02834002549979979;0.220353494282977;0.02602181388298135;0.0;0.03529600178027174;0.022041628613433593;0.4882208187966479;0.0;0.23894560004930643;0.0;0.4078024187962714;0.023957010024898594;0.03074958753743831;0.025394320216796554;0.0;0.023504898649658948;0.020327253806802243;0.1895154838169311;0.024710527171004307;0.0;0.0;0.0;0.025291846625367116;0.0;0.026558934077118315;1.0;0.0;0.0;0.022941277152828832;0.0;0.026774433397373395;0.02906091019416046;0.0;0.027720008675192306;0.02137625180786892;0.0;0.0;0.0;0.02571066150219781;0.0;0.0;0.023280422135229694;0.0;0.35171164572324215;0.0;0.0;0.0281682629105239;0.0;0.0;0.0;0.0;0.2498326383686018
GO:0035264;0.0;0.0;0.0;0.2094010755201625;0.0;0.0;0.0;0.0;0.0;0.0;0.0;0.0;0.0;0.0;0.32062964674185207;0.0;0.0;0.0;0.0;0.0;0.0;0.0;0.0;0.0;0.25983050810790426;0.0;0.0;0.0;0.0;0.0;0.0;0.0;0.0;0.0;0.226053882676091;0.0;0.0;0.0;0.23154171057145514;0.0;0.0;0.0;1.0;0.0;0.0;0.0;0.0;0.0;0.0;0.0;0.0;0.0;0.0;0.0;0.0;0.2731707854346206;0.0;0.0;0.0;0.0;0.0;0.0;0.0;0.0;0.0;0.0;0.0;0.0
GO:1903142;0.3380190564986405;0.05323083947788146;0.06679410581653009;0.0;0.0;0.0;0.0;0.0;0.049100952405871715;0.0;0.0;0.0;0.0;0.0861353586526052;0.0;0.06951937510977287;0.0;0.0;0.0;0.18489669284509713;0.08844277323034869;0.06045879382841808;0.0;0.06878723786738072;0.0;0.0;0.0;0.06482580186057776;0.0;0.06802619257744044;0.06641421610033017;0.0;0.0;0.06134422349101479;0.0;0.05548353548255347;0.0683844064831006;0.0;0.0;0.0;0.0;0.0;0.0;1.0;0.0;0.0;0.07103941365552983;0.07590702958393167;0.07103941365552983;0.0;0.0;0.22913232698587807;0.0;0.17069786160975498;0.0;0.0;0.0;0.0;0.0;0.0;0.16983652805770202;0.0;0.0;0.09291983859853674;0.706958948398408;0.049100952405871715;0.0;0.0
GO:0006783;0.0;0.0;0.022774214900071033;0.02116973712405622;0.10541801522522148;0.022515997531319814;0.3463750454091822;0.0;0.021708291142540363;0.1684494931581851;0.0;0.02073002640556365;0.0;0.0;0.0;0.0;0.12046619480287651;0.02381025170111798;0.23388616862187392;0.0;0.03127002181026434;0.020401339940053793;0.03112262640380578;0.0;0.025631388868481774;0.0;0.02649157534253356;0.022031708705166797;0.027648405254191526;0.023241450569117944;0.0;0.5393467879938416;0.018924080213231;0.02073002640556365;0.022667373102279776;0.0;0.0;0.0;0.023155586031973697;0.0;0.024213190317556237;0.022941277152828832;0.0;0.0;1.0;0.0;0.024392175685828594;0.026275564055684153;0.0;0.11807267983725457;0.9174102624354302;0.0;0.0;0.0;0.023506148618294156;0.0;0.0;0.021458197157809184;0.0;0.023155586031973697;0.0;0.0;0.21521990725082799;0.0;0.0;0.0;0.0;0.02668554941429199
GO:0043200;0.0;0.0;0.21124099427453108;0.0;0.0;0.20848321265879294;0.0;0.0;0.0;0.0;0.3103267058400144;0.0;0.24852502436834467;0.0;0.0;0.0;0.0;0.0;0.0;0.0;0.0;0.0;0.0;0.0;0.0;0.0;0.0;0.0;0.0;0.0;0.0;0.0;0.2850634139016292;0.0;0.0;0.0;0.0;0.0;0.0;0.454103167272653;0.5107742305097184;0.0;0.0;0.0;0.0;1.0;0.0;0.0;0.0;0.0;0.0;0.0;0.5143208455809696;0.0;0.36507073628414793;0.0;0.4334583297694832;0.3668399273190768;0.7609852178026655;0.0;0.0;0.41948507516180045;0.0;0.0;0.0;0.0;0.5657853269122983;0.0
GO:0038095;0.0807860448504325;0.06965396557017839;0.2288822016578297;0.024392175685828594;0.026143348024288474;0.02619695350473152;0.03467406685390225;0.0;0.06274791016837468;0.02284259558844974;0.0;0.02381025170111798;0.0;0.12181030406178263;0.0;0.09103877062283729;0.03058760253178932;0.02796559255318611;0.027904513025113844;0.09063742122959562;0.33496696802706505;0.20155560017563148;0.03862424295262306;0.08978730168901491;0.030511829442666557;0.0;0.03173861573367072;0.35708145127344554;0.033413568154634116;0.08849501111723637;0.0857863270879755;0.02503033449286009;0.021458197157809184;0.07751153632691903;0.026402094557598947;0.0683844064831006;0.08910218958143741;0.0;0.027066797439943873;0.0;0.02852309079107943;0.026774433397373395;0.0;0.07103941365552983;0.024392175685828594;0.0;1.0;0.2709726353972002;0.09366326129263751;0.02986659301336515;0.022630534039172655;0.1212627750462417;0.0;0.08174253608293218;0.027547016903389104;0.0;0.0;0.02477593375833625;0.0;0.027066797439943873;0.08121616491854916;0.0;0.030387611610433803;0.13583604112378653;0.06329673112888025;0.06274791016837468;0.0;0.03201744243930988
GO:0097190;0.08808536360505792;0.07586822765748827;0.24824827362070698;0.026275564055684153;0.02831892939940016;0.028381838656524636;0.03860792343560366;0.0;0.06774677846179404;0.024486227758153543;0.0;0.025601548357908233;0.0;0.13685874542484483;0.0;0.09919012471786931;0.033608468509412175;0.030469552633258047;0.030397059836462462;0.09871387435506848;0.3781383542429346;0.21642324052425932;0.04356938417776755;0.09770634317558016;0.03351701185245332;0.0;0.035003242650041635;0.23810295942728102;0.037051605787297416;0.09617798584375765;0.09298703891624603;0.027017574432509166;0.022902340830851273;0.08334289660097134;0.028622782473277736;0.07288345826742137;0.09689559655663094;0.0;0.02940566233743937;0.0;0.031132537299044086;0.02906091019416046;0.0;0.07590702958393167;0.026275564055684153;0.0;0.2709726353972002;1.0;0.10231369719957745;0.03274003273004852;0.024242713280608143;0.13616796011229623;0.0;0.0882546282108164;0.02997333015435637;0.0;0.0;0.026721413707951575;0.0;0.02940566233743937;0.08764136329707237;0.0;0.03336718007587806;0.15481951340455663;0.0671324682520333;0.06774677846179404;0.0;0.03534268621697027
GO:0043488;0.0807860448504325;0.06965396557017839;0.08642121460148655;0.0;0.0;0.0;0.0;0.0;0.28562371101134115;0.0;0.0;0.0;0.0;0.38713096823256393;0.0;0.20761878164454967;0.0;0.0;0.0;0.20670348290458937;0.12647664177729653;0.07610325158856145;0.0;0.28535718144359573;0.0;0.0;0.0;0.08315449235571279;0.0;0.3092181218313414;0.5797527113125691;0.0;0.0;0.2708398064555234;0.0;0.21733564904644181;0.6021616468175566;0.0;0.0;0.0;0.0;0.0;0.0;0.07103941365552983;0.0;0.0;0.09366326129263751;0.10231369719957745;1.0;0.0;0.0;0.38539084091284004;0.0;0.08174253608293218;0.0;0.0;0.0;0.0;0.0;0.0;0.08121616491854916;0.0;0.0;0.43170681270492417;0.06329673112888025;0.28562371101134115;0.0;0.0
