;GO:0007050;GO:0007172;GO:0034395;GO:0006366;GO:0022008;GO:0002001;GO:0006367;GO:0003334;GO:0006879;GO:0006559;GO:0048566;GO:0045893;GO:0030308;GO:0007409;GO:0032729;GO:0031077;GO:0051604;GO:0010976;GO:0050714;GO:0045739;GO:0035397;GO:0007186;GO:0030260;GO:0065004;GO:0021902;GO:0003382;GO:0051260;GO:0042102;GO:0009967;GO:0045657;GO:0030217;GO:0010629;GO:0097011;GO:0050760;GO:0045860;GO:0010628;GO:0043043;GO:0032355;GO:0016486;GO:0032753;GO:0043967;GO:0060586;GO:0033280;GO:0008285;GO:0043123;GO:0097190;GO:0006465;GO:0045666;GO:0046598;GO:0045664;GO:0046632;GO:0045944;GO:0021773;GO:1903988;GO:0048538;GO:0006302;GO:0050850;GO:0000122;GO:0032507;GO:0046641;GO:0019064;GO:0030323;GO:0050731;GO:0050852;GO:0016358;GO:0031295;GO:0050829;GO:0033077;GO:0006032;GO:0006351;GO:0033153;GO:0007169;GO:0042089;GO:0045879;GO:0045954;GO:0045086;GO:0050860;GO:0002669;GO:0043066;GO:0045087;GO:0006508;GO:0006948;GO:0070374;GO:0043065;GO:0035723;GO:0033345;GO:0010524
GO:0007050;1.0;0.47285992210269645;0.3179547062044099;0.1346516866472362;0.310116729223245;0.19918170082352088;0.14475825662410285;0.28474408169758864;0.28609267683536094;0.1301350232811356;0.0;0.23569641450544293;0.6240279373097962;0.2264529783852411;0.37030145164013345;0.0;0.0;0.28392518259963007;0.32145875010591496;0.28016171781713006;0.3118339112554814;0.657635776732298;0.0;0.26068022605418406;0.2877698003927974;0.25082656223215094;0.2706545244209657;0.26572657206648553;0.40379799465300587;0.30657623106544923;0.23634203916266347;0.4444418654114929;0.243905809489473;0.3291692120619231;0.2201482766078663;0.3570307838932397;0.19413095859021767;0.0;0.2509958728921287;0.37068440311550027;0.14267265037521754;0.22412919572489884;0.0;0.6959943579844913;0.3592796451088749;0.6592214094043642;0.1810232929889068;0.3352710522812498;0.3380285916686177;0.44293544735931983;0.22213133883652209;0.22700578213951234;0.27542668213553867;0.0;0.0;0.16028108269387972;0.35965212609466085;0.30553284024054556;0.3951295681680615;0.24683105430740038;0.24671731925542842;0.0;0.25637412453701797;0.4063233425381727;0.25972694919878336;0.3082524386958285;0.0;0.2290508139788382;0.16169258305588444;0.13731257944038947;0.15621729398830922;0.6082862031457512;0.0;0.5224885480358687;0.21879993825686733;0.24663953483332363;0.45666724411028303;0.27929404749863224;0.599014224454366;0.0;0.0;0.0;0.2047960279529888;0.4391947456549898;0.6097033865226249;0.1332400189711889;0.3042024650772299
GO:0007172;0.47285992210269645;1.0;0.2792680425374671;0.12128336215860709;0.24733022072126717;0.17125848199480465;0.12942212511901588;0.2309196402675359;0.24680573924434854;0.11760677143728794;0.0;0.2137467780170024;0.38150317264881756;0.32405231760273034;0.3055832126889759;0.0;0.0;0.25266933821758836;0.28196764331687063;0.2938880784709945;0.32613791822689636;0.5362665911813962;0.0;0.6237632318998847;0.2329055953491983;0.35298928823340536;0.5788229653651588;0.23815454828142738;0.5810642514318017;0.2704516444057851;0.19802995188652345;0.297236478358798;0.20331283358136723;0.23029793608432164;0.20088065190780122;0.29648890514309284;0.16751127989917677;0.0;0.22023870108310317;0.30584395614319326;0.21670091163127647;0.18852452552056298;0.0;0.41749727660522534;0.5256730449620868;0.5373204926186536;0.15766066151370275;0.29253892631596956;0.2832654001308303;0.371284486309363;0.1879548579121879;0.2065748087539275;0.22475366666519583;0.0;0.0;0.14169072889843576;0.5261442045540466;0.20410436810842436;0.3239166230466819;0.2228640080397207;0.3481780140743127;0.0;0.23061471067599534;0.4063255434285749;0.3633187150088216;0.27175526256256594;0.0;0.19288528023714205;0.1427926638477043;0.12343790444389012;0.13850558927566467;0.5029906275412052;0.0;0.5555458724787039;0.23965830202666205;0.22270786381038513;0.4944702344614283;0.24082548883611074;0.36866719206577475;0.0;0.0;0.0;0.31815917715151915;0.3686525248826555;0.5039592505705175;0.12013688977216352;0.27537361503454794
GO:0034395;0.3179547062044099;0.2792680425374671;1.0;0.0;0.0;0.0;0.0;0.0;0.14202710256460652;0.0;0.0;0.7268660831453544;0.323729999261668;0.0;0.25730138102066635;0.0;0.0;0.22596186417864803;0.24911005692017676;0.47959737773905187;0.2276439035549012;0.35353885802616986;0.0;0.0;0.0;0.0;0.0;0.21428244937719595;0.295861776600327;0.24007860780865528;0.0;0.43974266669447626;0.0;0.5013819632001836;0.3611366407205322;0.43880702453962467;0.0;0.0;0.12851638336913493;0.2574862142786182;0.0;0.1610548955694787;0.0;0.3492828764066467;0.27123659568307157;0.3541185592393781;0.0;0.2573252627206889;0.24129410505457546;0.31634194895631046;0.0;0.7361820432877535;0.0;0.0;0.0;0.0;0.2714488346530851;0.7281453177324896;0.17920696724204746;0.2018234749414734;0.0;0.0;0.409386469395582;0.24880526400108102;0.0;0.2411053065848364;0.0;0.0;0.0;0.0;0.0;0.3350395391233754;0.0;0.28459832429215026;0.1737204214336511;0.5048834310221539;0.2570726783241016;0.20979991104583195;0.31443996965058;0.0;0.0;0.0;0.3398846351749345;0.31442929986321383;0.3355834510598709;0.0;0.19742707169842974
GO:0006366;0.1346516866472362;0.12128336215860709;0.0;1.0;0.15529154205218829;0.12142627269976183;0.8939408255470326;0.14865834379673204;0.11965487064929486;0.3428071994809889;0.0;0.0;0.0;0.1310472355580358;0.0;0.0;0.3578572128823446;0.0;0.0;0.0;0.0;0.14637416995682184;0.0;0.141823330130058;0.1494788800086849;0.13885558127483294;0.1447250150805421;0.0;0.0;0.0;0.13429913501978;0.0;0.13670816880953832;0.0;0.0;0.0;0.5166240911324766;0.0;0.4165473193564563;0.0;0.3715032141130106;0.0;0.0;0.0;0.0;0.14656080355217838;0.4740904050207372;0.0;0.0;0.0;0.1295882394824563;0.0;0.14607840553669918;0.0;0.0;0.6174910330537182;0.0;0.0;0.14412760619635465;0.0;0.13758696786199984;0.0;0.0;0.11026731217502408;0.1415406970739062;0.0;0.0;0.13191303512294675;0.3222189766146912;0.9862906524359573;0.6070691853511302;0.14034612387661924;0.45815020808665957;0.0;0.0;0.0;0.0;0.0;0.0;0.0;0.35737029379815693;0.0;0.0;0.0;0.14052538097370068;0.3168442210996064;0.09062857101754457
GO:0022008;0.310116729223245;0.24733022072126717;0.0;0.15529154205218829;1.0;0.24792526370785334;0.16889036509783648;0.6573585304609026;0.2406511055030544;0.14931482807892424;0.35201540360119377;0.0;0.0;0.4840491369437837;0.0;0.3339948513179362;0.0;0.0;0.0;0.0;0.0;0.38025271360318835;0.0;0.3509942355164984;0.6671149945242693;0.5532915389110291;0.36931998601558624;0.0;0.0;0.0;0.6057245843464397;0.0;0.32124639547730915;0.0;0.0;0.0;0.24014827923154972;0.0;0.2051507299372656;0.0;0.1660582328265845;0.0;0.0;0.0;0.0;0.3815148063154702;0.22040592927593655;0.0;0.0;0.0;0.5590755601182267;0.0;0.7432960533892823;0.0;0.3727050839688478;0.1904046884944519;0.0;0.0;0.3654543862263898;0.0;0.3261415019723033;0.3975643020739454;0.0;0.20546984197251048;0.4692631029715203;0.0;0.0;0.5815786755832552;0.1923999100602069;0.15884144839365055;0.18469703878598212;0.34208326816025336;0.0;0.0;0.0;0.0;0.0;0.0;0.0;0.0;0.0;0.0;0.0;0.0;0.34315020142542424;0.15341694845402679;0.14636849107398164
GO:0002001;0.19918170082352088;0.17125848199480465;0.0;0.12142627269976183;0.24792526370785334;1.0;0.1295848721982993;0.2314382568437876;0.1680293111235114;0.1177411441086978;0.0;0.0;0.0;0.19139455185686605;0.0;0.0;0.0;0.0;0.0;0.0;0.0;0.22594890820191849;0.0;0.2152853030471071;0.23343318088693496;0.20852013624133223;0.2220431882863164;0.0;0.0;0.0;0.19841123494970442;0.0;0.20371475175488232;0.0;0.0;0.0;0.1677840175013306;0.0;0.1499157318520882;0.0;0.1279110450855477;0.0;0.0;0.0;0.0;0.22639393131546312;0.15790224209003945;0.0;0.0;0.0;0.18829829747309373;0.0;0.22524492753976044;0.23926594849463853;0.0;0.14188581700406144;0.0;0.0;0.29601513235261095;0.0;0.20567231649017004;0.0;0.0;0.15008606909864375;0.21463471169255033;0.0;0.0;0.193246991640019;0.14299080029168276;0.12358594066133453;0.13869199922126008;0.2118996867736603;0.0;0.0;0.0;0.0;0.0;0.0;0.0;0.0;0.0;0.0;0.0;0.0;0.21230858859313115;0.12027710970006898;0.11590143586642207
GO:0006367;0.14475825662410285;0.12942212511901588;0.0;0.8939408255470326;0.16889036509783648;0.1295848721982993;1.0;0.16107380488816248;0.12756940866597027;0.359929829481747;0.0;0.0;0.0;0.14060077318368325;0.0;0.0;0.3862004095097555;0.0;0.0;0.0;0.0;0.1583956021182147;0.0;0.15308013564035503;0.162037565681255;0.14962831089111442;0.15646622502377136;0.0;0.0;0.0;0.1443508758978272;0.0;0.1471377591201834;0.0;0.0;0.0;0.5507581608563052;0.0;0.441784665534462;0.0;0.3540169101621174;0.0;0.0;0.0;0.0;0.1586141731742254;0.459916043090143;0.0;0.0;0.0;0.1389226591604968;0.0;0.15804931908647377;0.0;0.0;0.6127718538068239;0.0;0.0;0.15576818509696444;0.0;0.14815626129767628;0.0;0.0;0.11695399127588602;0.15275090777662975;0.0;0.0;0.1415978905467667;0.34103113651852024;0.9068329437578104;0.6018402314464336;0.1513605470176402;0.4912677904685781;0.0;0.0;0.0;0.0;0.0;0.0;0.0;0.38563336662414527;0.0;0.0;0.0;0.1515690654381128;0.33294784198579885;0.09509727784358052
GO:0003334;0.28474408169758864;0.2309196402675359;0.0;0.14865834379673204;0.6573585304609026;0.2314382568437876;0.16107380488816248;1.0;0.22508700022912986;0.1431722908431621;0.43474707718685385;0.0;0.0;0.44662282233291406;0.0;0.41476402242986465;0.0;0.0;0.0;0.0;0.0;0.3427987769944305;0.0;0.31883862250000305;0.5980461624348521;0.5049267689163223;0.33388844176602783;0.0;0.0;0.0;0.4699911390075244;0.0;0.2940995993406004;0.0;0.0;0.0;0.22464705181447195;0.0;0.19373094441393596;0.0;0.15849575802712412;0.0;0.0;0.0;0.0;0.3438241530825641;0.20727896252875994;0.0;0.0;0.0;0.4365308207362546;0.0;0.5662706030103231;0.0;0.4574215699507638;0.1805280703423391;0.0;0.0;0.33072579741193764;0.0;0.2981970677663073;0.4842934121636586;0.0;0.1940154936599088;0.529061921911409;0.0;0.0;0.45272433268189305;0.18232069487198796;0.15190828882923751;0.1753892038184524;0.31146844388018874;0.0;0.0;0.0;0.0;0.0;0.0;0.0;0.0;0.0;0.0;0.0;0.0;0.31235270491756717;0.14693958831765233;0.14046118062026244
GO:0006879;0.28609267683536094;0.24680573924434854;0.14202710256460652;0.11965487064929486;0.2406511055030544;0.1680293111235114;0.12756940866597027;0.22508700022912986;1.0;0.11607489228316585;0.0;0.10912504751977797;0.1928624132351393;0.18703024271387222;0.2025574428513019;0.0;0.0;0.12870092787239865;0.14337729772342458;0.1272029005232138;0.17596759427023884;0.32350876701882236;0.0;0.2097791188345258;0.22697348877827725;0.2033504146003625;0.21619059494745613;0.1214112895560304;0.17398028282134229;0.13761462959195458;0.1937249792608901;0.19715076422828462;0.19877773818435684;0.1535392730482889;0.10263432430134066;0.19666617894754274;0.16442059897188405;0.0;0.26435907758365895;0.2027262306560158;0.12594691753474915;0.6817262142286374;0.0;0.2106159247729054;0.15769735068242613;0.32412882668092147;0.1549198181786355;0.14866036632512405;0.18808537066306355;0.18780860119920473;0.18407249312953183;0.1055081368552201;0.21922462316226002;0.0;0.0;0.13947311555588512;0.1578361174744679;0.10426155495732396;0.3858062558826065;0.11371856213890183;0.20064113580431756;0.0;0.11761970148146195;0.2168418327339354;0.20916133348564517;0.13826735870334103;0.0;0.18879877419130678;0.14054069753553688;0.12175144250244048;0.13638581127861793;0.30389998339066226;0.0;0.16648659614315875;0.13000827266034007;0.11363993387607245;0.14849734367306067;0.16042790888628045;0.1865132061871626;0.0;0.0;0.0;0.09613630314860479;0.18650594574318863;0.3044716211247133;0.11853883765840839;0.5689661208062385
GO:0006559;0.1301350232811356;0.11760677143728794;0.0;0.3428071994809889;0.14931482807892424;0.1177411441086978;0.359929829481747;0.1431722908431621;0.11607489228316585;1.0;0.0;0.0;0.0;0.12676530136611486;0.0;0.0;0.3403242410886445;0.0;0.0;0.0;0.0;0.14105239339674125;0.0;0.13682166867196197;0.14393322777980846;0.13405751506101846;0.13952034880008285;0.0;0.0;0.0;0.12980569755354734;0.0;0.13205487333434063;0.0;0.0;0.0;0.34700863003668514;0.0;0.3642249111521905;0.0;0.32435024074786967;0.0;0.0;0.0;0.0;0.1412256946562434;0.37788338877717786;0.0;0.0;0.0;0.12539959542541324;0.0;0.1407777242597744;0.0;0.0;0.38472502327062197;0.0;0.0;0.13896505343077867;0.0;0.1328746857621059;0.0;0.0;0.10721988144589749;0.1365586007545867;0.0;0.0;0.12757527089087609;0.4924652406127631;0.3473942322606198;0.3784012428513764;0.1354463127380421;0.3135046478148908;0.0;0.0;0.0;0.0;0.0;0.0;0.0;0.33987745646393536;0.0;0.0;0.0;0.1356132643135013;0.704496301663395;0.08855979503175142
GO:0048566;0.0;0.0;0.0;0.0;0.35201540360119377;0.0;0.0;0.43474707718685385;0.0;0.0;1.0;0.0;0.0;0.23514695650846934;0.0;0.5449359816176238;0.0;0.0;0.0;0.0;0.0;0.0;0.0;0.0;0.3187202581810592;0.2670858791514624;0.0;0.0;0.0;0.0;0.24791239625508973;0.0;0.0;0.0;0.0;0.0;0.0;0.0;0.0;0.0;0.0;0.0;0.0;0.0;0.0;0.0;0.0;0.0;0.0;0.0;0.2296486855274278;0.0;0.30101379288365565;0.0;0.6039371926957635;0.0;0.0;0.0;0.0;0.0;0.0;0.762933507002032;0.0;0.0;0.38609351892465027;0.0;0.0;0.23847544422876793;0.0;0.0;0.0;0.0;0.0;0.0;0.0;0.0;0.0;0.0;0.0;0.0;0.0;0.0;0.0;0.0;0.0;0.0;0.0
GO:0045893;0.23569641450544293;0.2137467780170024;0.7268660831453544;0.0;0.0;0.0;0.0;0.0;0.10912504751977797;0.0;0.0;1.0;0.23885515108929817;0.0;0.23419604314706918;0.0;0.0;0.2484921234155066;0.26848236692508365;0.6034227454335519;0.21386915288364772;0.2547000273328412;0.0;0.0;0.0;0.0;0.0;0.2380938978632665;0.30651775802040404;0.26077866364217533;0.0;0.3228233186600534;0.0;0.3884515420178437;0.46170919766972596;0.4899189609671121;0.0;0.0;0.1009693214832439;0.23431875253548848;0.0;0.12001988931420537;0.0;0.25248363054510553;0.2868586044477069;0.2550007657031722;0.0;0.2753863863770551;0.22338495879162173;0.2348090241211908;0.0;0.9746455051421745;0.0;0.0;0.0;0.0;0.287031540434144;0.5786046209233788;0.12981905356874407;0.22676103289226215;0.0;0.0;0.5119229983350474;0.23230231463023124;0.0;0.261660508236155;0.0;0.0;0.0;0.0;0.0;0.24495597623375567;0.0;0.21685538904022286;0.17335076823028098;0.667688446568938;0.20049745884312467;0.20099631986299749;0.23375949306030924;0.0;0.0;0.0;0.4388710196232426;0.32081841694008106;0.24524659457281475;0.0;0.2227011910810432
GO:0030308;0.6240279373097962;0.38150317264881756;0.323729999261668;0.0;0.0;0.0;0.0;0.0;0.1928624132351393;0.0;0.0;0.23885515108929817;1.0;0.0;0.3806842188246531;0.0;0.0;0.33636358701418;0.3273632206348687;0.2846360112150101;0.319164359955104;0.5350556884723185;0.0;0.0;0.0;0.0;0.0;0.26974836426846394;0.41315866268517715;0.3119420778071014;0.0;0.45648223143368394;0.0;0.3357277540534523;0.2229015812189773;0.3666730128150142;0.0;0.0;0.16876945199364649;0.3810889580148029;0.0;0.22971623657961227;0.0;0.7165104508516505;0.366671190087524;0.5363845925866069;0.0;0.34169889821462407;0.3466593546033776;0.4542239486956629;0.0;0.2299344272231076;0.0;0.0;0.0;0.0;0.3670591632825885;0.3094221787618297;0.2685087075348778;0.2502974816450128;0.0;0.0;0.26011580550882596;0.3268370637800898;0.0;0.31367764061383885;0.0;0.0;0.0;0.0;0.0;0.4937922182539686;0.0;0.5339663053199364;0.22238373225212074;0.2501005472507347;0.4654111003115999;0.28516006304374786;0.6141490467274988;0.0;0.0;0.0;0.20717663728487093;0.4502909953472309;0.49497460390212594;0.0;0.24357080053596453
GO:0007409;0.2264529783852411;0.32405231760273034;0.0;0.1310472355580358;0.4840491369437837;0.19139455185686605;0.14060077318368325;0.44662282233291406;0.18703024271387222;0.12676530136611486;0.23514695650846934;0.0;0.0;1.0;0.0;0.22696667745269383;0.0;0.0;0.0;0.0;0.0;0.26170025462725127;0.0;0.4198253454199914;0.4511051973233242;0.7012405516333304;0.43504738212908817;0.0;0.0;0.0;0.37420026953207985;0.0;0.23233062096874166;0.0;0.0;0.0;0.18672638648004902;0.0;0.1648587083005019;0.0;0.23515610595547512;0.0;0.0;0.0;0.0;0.26229743527982935;0.17456824920819902;0.0;0.0;0.0;0.3526770712233139;0.0;0.4327868468075459;0.0;0.24420253775645442;0.1551998051838679;0.0;0.0;0.2546048375900982;0.0;0.39841699529597796;0.25463490520530374;0.0;0.1650647182416358;0.5746579457857571;0.0;0.0;0.3631720593359395;0.15652285918878484;0.13356624523184946;0.15138653000026234;0.2430369658713165;0.0;0.0;0.0;0.0;0.0;0.0;0.0;0.0;0.0;0.0;0.0;0.0;0.24357502034573586;0.12970975801132362;0.12463533153251695
GO:0032729;0.37030145164013345;0.3055832126889759;0.25730138102066635;0.0;0.0;0.0;0.0;0.0;0.2025574428513019;0.0;0.0;0.23419604314706918;0.3806842188246531;0.0;1.0;0.0;0.0;0.38312610624997706;0.3247829193771657;0.280785532323092;0.42082977290325896;0.437645476650922;0.0;0.0;0.0;0.0;0.0;0.2655727115615419;0.41466740195872215;0.4155229686523307;0.0;0.39211087418321294;0.0;0.2834325906932194;0.21809308224133114;0.4875953425090521;0.0;0.0;0.17614718412446712;0.8457441471953703;0.0;0.24360390287630398;0.0;0.42914815625185887;0.36570653709451445;0.4388127890304778;0.0;0.4569782435805405;0.4593311104733407;0.4485907766776337;0.0;0.22518341176666903;0.0;0.0;0.0;0.0;0.3661126160267295;0.17801479942623555;0.2876785806904734;0.24578746913129812;0.0;0.0;0.255761798935652;0.3242380587863848;0.0;0.31063578109110873;0.0;0.0;0.0;0.0;0.0;0.40161104939533687;0.0;0.31403145247147407;0.28825487073281847;0.4088021105839028;0.2718670469606865;0.5028213742054145;0.3640797565106294;0.0;0.0;0.0;0.20228716943876582;0.4542207399779797;0.4026379285363146;0.0;0.23896888187276213
GO:0031077;0.0;0.0;0.0;0.0;0.3339948513179362;0.0;0.0;0.41476402242986465;0.0;0.0;0.5449359816176238;0.0;0.0;0.22696667745269383;0.0;1.0;0.0;0.0;0.0;0.0;0.0;0.0;0.0;0.0;0.30387553635208864;0.2565821381551986;0.0;0.0;0.0;0.0;0.23883698166013353;0.0;0.0;0.0;0.0;0.0;0.0;0.0;0.0;0.0;0.0;0.0;0.0;0.0;0.0;0.0;0.0;0.0;0.0;0.0;0.2218401294966007;0.0;0.2877382978920849;0.0;0.5733405306380878;0.0;0.0;0.0;0.0;0.0;0.0;0.6070009690035488;0.0;0.0;0.37025139714776795;0.0;0.0;0.23006608461375802;0.0;0.0;0.0;0.0;0.0;0.0;0.0;0.0;0.0;0.0;0.0;0.0;0.0;0.0;0.0;0.0;0.0;0.0;0.0
GO:0051604;0.0;0.0;0.0;0.3578572128823446;0.0;0.0;0.3862004095097555;0.0;0.0;0.3403242410886445;0.0;0.0;0.0;0.0;0.0;0.0;1.0;0.0;0.0;0.0;0.0;0.0;0.0;0.0;0.0;0.0;0.0;0.0;0.0;0.0;0.0;0.0;0.0;0.0;0.0;0.0;0.43529926369546945;0.0;0.6342825603060241;0.0;0.48290832617546003;0.0;0.0;0.0;0.0;0.0;0.6757337320010621;0.0;0.0;0.0;0.0;0.0;0.0;0.0;0.0;0.4301613500217668;0.0;0.0;0.0;0.0;0.0;0.0;0.0;0.0;0.0;0.0;0.0;0.0;0.42401677893747725;0.3652983694389948;0.418602085710536;0.0;0.7801076747508144;0.0;0.0;0.0;0.0;0.0;0.0;0.0;0.9176615027668155;0.0;0.0;0.0;0.0;0.3488552893840205;0.0
GO:0010976;0.28392518259963007;0.25266933821758836;0.22596186417864803;0.0;0.0;0.0;0.0;0.0;0.12870092787239865;0.0;0.0;0.2484921234155066;0.33636358701418;0.0;0.38312610624997706;0.0;0.0;1.0;0.31254572828979704;0.28299451015996946;0.25526569433624646;0.3119642062742558;0.0;0.0;0.0;0.0;0.0;0.27211505884528825;0.3653173363152609;0.5510752202990568;0.0;0.22355291665385366;0.0;0.18344953062457256;0.23570450585452365;0.27838790582804573;0.0;0.0;0.11750672565803555;0.38337022289545936;0.0;0.14413157225507725;0.0;0.30864564217283763;0.33773167675105453;0.31241549626434106;0.0;0.8734734777281528;0.268939537865773;0.6426349470333477;0.0;0.24139311010849182;0.0;0.0;0.0;0.0;0.3379714162759235;0.17408893432171088;0.15849914573272153;0.25741210592155;0.0;0.0;0.2649046923196539;0.27038515332292506;0.0;0.3033393032181999;0.0;0.0;0.0;0.0;0.0;0.297470762953639;0.0;0.2570246974941059;0.19958561025347352;0.3187963737077159;0.2343620138354196;0.4403294694116589;0.2811192049684689;0.0;0.0;0.0;0.22268220898260452;0.3858143093683929;0.29789945555486114;0.0;0.2521931880213758
GO:0050714;0.32145875010591496;0.28196764331687063;0.24911005692017676;0.0;0.0;0.0;0.0;0.0;0.14337729772342458;0.0;0.0;0.26848236692508365;0.3273632206348687;0.0;0.3247829193771657;0.0;0.0;0.31254572828979704;1.0;0.3092141722808554;0.28695978930883714;0.3578764561488895;0.0;0.0;0.0;0.0;0.0;0.2962714509273893;0.41022054536581287;0.3322337577287227;0.0;0.2542340775438221;0.0;0.20361374888858175;0.25361610683130803;0.31651258563593015;0.0;0.0;0.1296209158956199;0.32501896343607434;0.0;0.1627933184728089;0.0;0.35351604390273755;0.375756576322094;0.35847048138155674;0.0;0.3563130359180946;0.3043556496032397;0.3198103421020703;0.0;0.260214236585678;0.0;0.0;0.0;0.0;0.3760533626833155;0.1875133049870326;0.18136196102538932;0.2789253896758378;0.0;0.0;0.287744153198757;0.2982883151529118;0.0;0.3336664009725709;0.0;0.0;0.0;0.0;0.0;0.3389325749736916;0.0;0.28740247839675764;0.21845016030888495;0.2787471731475004;0.259358463311494;0.26425188672572836;0.31786655545058584;0.0;0.0;0.0;0.23860246848691613;0.4362454683528014;0.3394892109591844;0.0;0.3689983741141003
GO:0045739;0.28016171781713006;0.2938880784709945;0.47959737773905187;0.0;0.0;0.0;0.0;0.0;0.1272029005232138;0.0;0.0;0.6034227454335519;0.2846360112150101;0.0;0.280785532323092;0.0;0.0;0.28299451015996946;0.3092141722808554;1.0;0.3427252279176238;0.30742665610714065;0.0;0.0;0.0;0.0;0.0;0.2695862011243252;0.450636548301811;0.2990399702919745;0.0;0.33333782834005515;0.0;0.3656268428305382;0.5146731488756184;0.48604205575665527;0.0;0.0;0.11625669191711568;0.2809619383460323;0.0;0.14225541609185685;0.0;0.3042034288996614;0.4169999213410182;0.3078649042359996;0.0;0.3184077988300081;0.2653866374539311;0.27890881326170186;0.0;0.5863262130485775;0.0;0.0;0.0;0.0;0.4172925205895782;0.37039804516699654;0.15623324217571866;0.2551480074619142;0.0;0.0;0.577856301508218;0.3444408980823587;0.0;0.30020014115386817;0.0;0.0;0.0;0.0;0.0;0.2933422461983869;0.0;0.29889307804525767;0.3017360341405858;0.5613276321713264;0.27282774484379274;0.23437176486695227;0.27742927642429044;0.0;0.0;0.0;0.5414986718675874;0.3807503201920979;0.2937591136175165;0.0;0.25001957848495815
GO:0035397;0.3118339112554814;0.32613791822689636;0.2276439035549012;0.0;0.0;0.0;0.0;0.0;0.17596759427023884;0.0;0.0;0.21386915288364772;0.319164359955104;0.0;0.42082977290325896;0.0;0.0;0.25526569433624646;0.28695978930883714;0.3427252279176238;1.0;0.3582576392317583;0.0;0.0;0.0;0.0;0.0;0.3194898860842203;0.4826016910180779;0.3657497353368851;0.0;0.3271574852176457;0.0;0.2478616614508224;0.20035955265579916;0.40704843388753575;0.0;0.0;0.15568893700451303;0.4212261540396087;0.0;0.20614230251757285;0.0;0.3525433750274966;0.4329836738756372;0.3590394885235032;0.0;0.2985102479382907;0.3871605329881049;0.3098005269933478;0.0;0.20632792909173675;0.0;0.0;0.0;0.0;0.43340226336508;0.16329614498315803;0.2368492392037397;0.29784666117968084;0.0;0.0;0.23171119757463468;0.5784736733843678;0.0;0.36763264293011677;0.0;0.0;0.0;0.0;0.0;0.3337444909672355;0.0;0.3339174406919141;0.5209994670447337;0.22332920098644568;0.39366582724257293;0.43247138881580277;0.30741008328381314;0.0;0.0;0.0;0.25417963599659893;0.3835235382904044;0.33445333163869595;0.0;0.21784240783224607
GO:0007186;0.657635776732298;0.5362665911813962;0.35353885802616986;0.14637416995682184;0.38025271360318835;0.22594890820191849;0.1583956021182147;0.3427987769944305;0.32350876701882236;0.14105239339674125;0.0;0.2547000273328412;0.5350556884723185;0.26170025462725127;0.437645476650922;0.0;0.0;0.3119642062742558;0.3578764561488895;0.30742665610714065;0.3582576392317583;1.0;0.0;0.3085129179237183;0.34719358167958997;0.2948064226481106;0.3225822267903518;0.29013190157748037;0.46297858096340694;0.33952712179495376;0.2749977328998533;0.42072525614618184;0.28529196273609314;0.29808704986998874;0.23663965757373345;0.4192290441727712;0.21947152779664822;0.0;0.2793401620025916;0.43818048368738094;0.15590191017698973;0.25977571094089524;0.0;0.6086503722197866;0.4053853743153366;0.9041502687076656;0.2028649092063744;0.3750793306929909;0.39327010702575926;0.515170042740031;0.25594568787468835;0.24458157226789073;0.32938422826943703;0.0;0.0;0.17717060281574207;0.40585965213832453;0.2411260583641148;0.4702450321144945;0.26775228300775794;0.28914607762294897;0.0;0.2790185595214417;0.5180633821707394;0.30717860325511065;0.3415842202743699;0.0;0.26517593669459244;0.17889685000289762;0.14952395173122773;0.17221848278586438;0.8217586897743303;0.0;0.4359778424850706;0.2406833179624505;0.2675269363359504;0.3745429255882607;0.3159649692391624;0.5101448197560707;0.0;0.0;0.0;0.21899335799426406;0.5101167358143395;0.824017602101417;0.14470753086022872;0.329246580282623
GO:0030260;0.0;0.0;0.0;0.0;0.0;0.0;0.0;0.0;0.0;0.0;0.0;0.0;0.0;0.0;0.0;0.0;0.0;0.0;0.0;0.0;0.0;0.0;1.0;0.0;0.0;0.0;0.0;0.0;0.0;0.0;0.0;0.0;0.0;0.0;0.0;0.0;0.0;0.0;0.0;0.0;0.0;0.0;0.0;0.0;0.0;0.0;0.0;0.0;0.0;0.0;0.0;0.0;0.0;0.0;0.0;0.0;0.0;0.0;0.0;0.0;0.251390121437187;0.0;0.0;0.0;0.0;0.0;0.24509167092737566;0.0;0.0;0.0;0.0;0.0;0.0;0.0;0.0;0.0;0.0;0.0;0.0;0.0;0.0;0.4337984771780865;0.0;0.0;0.0;0.0;0.0
GO:0065004;0.26068022605418406;0.6237632318998847;0.0;0.141823330130058;0.3509942355164984;0.2152853030471071;0.15308013564035503;0.31883862250000305;0.2097791188345258;0.13682166867196197;0.0;0.0;0.0;0.4198253454199914;0.0;0.0;0.0;0.0;0.0;0.0;0.0;0.3085129179237183;0.0;1.0;0.3226371380417812;0.46971101474751614;0.787062223929527;0.0;0.0;0.0;0.25936211398448317;0.0;0.26849957092462406;0.0;0.0;0.0;0.20939692543911126;0.0;0.1822825022182446;0.0;0.2557102205986778;0.0;0.0;0.0;0.0;0.3093431919568449;0.19422724137455477;0.0;0.0;0.0;0.24234795211799967;0.0;0.3072019478399082;0.0;0.0;0.17054669328473165;0.0;0.0;0.29869961628806607;0.0;0.4612300439474118;0.0;0.0;0.18253439267686494;0.48817976213995035;0.0;0.0;0.2506076695846493;0.17214569190633178;0.14477832325852047;0.16595314247186405;0.2829022205045305;0.0;0.0;0.0;0.0;0.0;0.0;0.0;0.0;0.0;0.0;0.0;0.0;0.2836315302710746;0.1402581591029245;0.13434365370908694
GO:0021902;0.2877698003927974;0.2329055953491983;0.0;0.1494788800086849;0.6671149945242693;0.23343318088693496;0.162037565681255;0.5980461624348521;0.22697348877827725;0.14393322777980846;0.3187202581810592;0.0;0.0;0.4511051973233242;0.0;0.30387553635208864;0.0;0.0;0.0;0.0;0.0;0.34719358167958997;0.0;0.3226371380417812;1.0;0.5106633418899893;0.3380563593466298;0.0;0.0;0.0;0.47495744891799946;0.0;0.29732853695088574;0.0;0.0;0.0;0.22652614223843467;0.0;0.1951268131302246;0.0;0.15942882564455813;0.0;0.0;0.0;0.0;0.3482454580246706;0.20887769545878157;0.0;0.0;0.0;0.44081194376968486;0.0;0.5734956990723762;0.0;0.33558742515057916;0.1817395687850192;0.0;0.0;0.3348146471227592;0.0;0.3015171126980102;0.3556087534984872;0.0;0.19541548066754227;0.43152241399966584;0.0;0.0;0.45733064718698124;0.18355645522178907;0.15276519747444403;0.176532493116447;0.3150923803966387;0.0;0.0;0.0;0.0;0.0;0.0;0.0;0.0;0.0;0.0;0.0;0.0;0.31599736779376936;0.14774120933506737;0.14119349850517526
GO:0003382;0.25082656223215094;0.35298928823340536;0.0;0.13885558127483294;0.5532915389110291;0.20852013624133223;0.14962831089111442;0.5049267689163223;0.2033504146003625;0.13405751506101846;0.2670858791514624;0.0;0.0;0.7012405516333304;0.0;0.2565821381551986;0.0;0.0;0.0;0.0;0.0;0.2948064226481106;0.0;0.46971101474751614;0.5106633418899893;1.0;0.4888479365465983;0.0;0.0;0.0;0.41428019586973397;0.0;0.25805774103285173;0.0;0.0;0.0;0.2029912669440523;0.0;0.1774090481863629;0.0;0.25003000373205375;0.0;0.0;0.0;0.0;0.2955644706503314;0.18870383502499896;0.0;0.0;0.0;0.3880609836535948;0.0;0.487313825156978;0.0;0.27882990715541417;0.1662732128641432;0.0;0.0;0.28583303375688013;0.0;0.443074107129338;0.2925134964134802;0.0;0.17764764093530122;0.5626529481166598;0.0;0.0;0.4008055785231282;0.16779272454196928;0.1416869634101989;0.16190403522223162;0.27133425185013266;0.0;0.0;0.0;0.0;0.0;0.0;0.0;0.0;0.0;0.0;0.0;0.0;0.27200506687217596;0.13735488283689848;0.1316777426581916
GO:0051260;0.2706545244209657;0.5788229653651588;0.0;0.1447250150805421;0.36931998601558624;0.2220431882863164;0.15646622502377136;0.33388844176602783;0.21619059494745613;0.13952034880008285;0.0;0.0;0.0;0.43504738212908817;0.0;0.0;0.0;0.0;0.0;0.0;0.0;0.3225822267903518;0.0;0.787062223929527;0.3380563593466298;0.4888479365465983;1.0;0.0;0.0;0.0;0.26923388871484205;0.0;0.27909337910349924;0.0;0.0;0.0;0.21578470520533694;0.0;0.18710405763307447;0.0;0.2612784776428171;0.0;0.0;0.0;0.0;0.32349006597433627;0.1997109061663492;0.0;0.0;0.0;0.25094556433151055;0.0;0.32114923799619305;0.0;0.0;0.17476021114457962;0.0;0.0;0.31186901252851595;0.0;0.4796685788961134;0.0;0.0;0.1873694595408685;0.5088843414402563;0.0;0.0;0.25981244689381555;0.17643958432864232;0.14780347499091417;0.16994008792747164;0.29468798504934524;0.0;0.0;0.0;0.0;0.0;0.0;0.0;0.0;0.0;0.0;0.0;0.0;0.29547941197283734;0.14309551045136668;0.13694453686559485
GO:0042102;0.26572657206648553;0.23815454828142738;0.21428244937719595;0.0;0.0;0.0;0.0;0.0;0.1214112895560304;0.0;0.0;0.2380938978632665;0.26974836426846394;0.0;0.2655727115615419;0.0;0.0;0.27211505884528825;0.2962714509273893;0.2695862011243252;0.3194898860842203;0.29013190157748037;0.0;0.0;0.0;0.0;0.0;1.0;0.34327723306021524;0.35301963336403397;0.0;0.2087746200339079;0.0;0.17337840649515246;0.22632875701961544;0.260017195743744;0.0;0.0;0.11139993685876505;0.26573051485706417;0.0;0.13505082483300734;0.0;0.3333264109322581;0.31880825388397444;0.2905221967411236;0.0;0.3047010621186028;0.25175617004392464;0.26459919172621416;0.0;0.2315687740870597;0.0;0.0;0.0;0.0;0.319021871905348;0.16707313558045273;0.14758629565008338;0.9483065205549625;0.0;0.0;0.2531200983663433;0.32450492540703607;0.0;0.7957243209648359;0.0;0.0;0.0;0.0;0.0;0.27755518286665126;0.0;0.2420200585227708;0.2531605948802253;0.2461317577942583;0.2572745582662932;0.29808977600449377;0.26326721526938923;0.0;0.0;0.0;0.21429540075600284;0.36131453391445634;0.27792835928863535;0.0;0.24148958252533237
GO:0009967;0.40379799465300587;0.5810642514318017;0.295861776600327;0.0;0.0;0.0;0.0;0.0;0.17398028282134229;0.0;0.0;0.30651775802040404;0.41315866268517715;0.0;0.41466740195872215;0.0;0.0;0.3653173363152609;0.41022054536581287;0.450636548301811;0.4826016910180779;0.46297858096340694;0.0;0.0;0.0;0.0;0.0;0.34327723306021524;1.0;0.39250422725318623;0.0;0.32250877253787014;0.0;0.2451841211985965;0.2872917996561624;0.40128029896766926;0.0;0.0;0.15413124480635307;0.4150522540619402;0.0;0.20342026229727608;0.0;0.4557069497470767;0.8983297248615287;0.46397323533113044;0.0;0.4265601466939195;0.38193866144010985;0.4012003935083247;0.0;0.2957878389218894;0.0;0.0;0.0;0.0;0.8991885234715443;0.21282837190685097;0.2332629040147531;0.32020467774762124;0.0;0.0;0.33188147736771473;0.45678912522205567;0.0;0.39450537467446833;0.0;0.0;0.0;0.0;0.0;0.4317591507795584;0.0;0.5947611426260557;0.34771859151531875;0.319969830128384;0.525297740013662;0.32083573444607255;0.3981460699688659;0.0;0.0;0.0;0.5297902745894556;0.5464177060228838;0.4326628484177384;0.0;0.3121687640743928
GO:0045657;0.30657623106544923;0.2704516444057851;0.24007860780865528;0.0;0.0;0.0;0.0;0.0;0.13761462959195458;0.0;0.0;0.26077866364217533;0.3119420778071014;0.0;0.4155229686523307;0.0;0.0;0.5510752202990568;0.3322337577287227;0.2990399702919745;0.3657497353368851;0.33952712179495376;0.0;0.0;0.0;0.0;0.0;0.35301963336403397;0.39250422725318623;1.0;0.0;0.24203594493886593;0.0;0.19571407997428944;0.24673097546226996;0.30135745066383474;0.0;0.0;0.12489276865794721;0.41581013091835073;0.0;0.15540443856386207;0.0;0.33559993432770974;0.36083789442464226;0.3400617484667239;0.0;0.6253336642758534;0.290316525384659;0.5055582784259781;0.0;0.25297131058643585;0.0;0.0;0.0;0.0;0.36111157339036265;0.18234973648683842;0.17223859117913892;0.33296652122143744;0.0;0.0;0.2789135997728838;0.36384746124397965;0.0;0.39599932694700196;0.0;0.0;0.0;0.0;0.0;0.3224296474004285;0.0;0.2754476777491416;0.2813586717969044;0.3351437809960112;0.28947242945549323;0.5552727381629065;0.30330726011194487;0.0;0.0;0.0;0.23249857493169404;0.41626469776096164;0.3229333565809438;0.0;0.26485777411838335
GO:0030217;0.23634203916266347;0.19802995188652345;0.0;0.13429913501978;0.6057245843464397;0.19841123494970442;0.1443508758978272;0.4699911390075244;0.1937249792608901;0.12980569755354734;0.24791239625508973;0.0;0.0;0.37420026953207985;0.0;0.23883698166013353;0.0;0.0;0.0;0.0;0.0;0.2749977328998533;0.0;0.25936211398448317;0.47495744891799946;0.41428019586973397;0.26923388871484205;0.0;0.0;0.0;1.0;0.0;0.24275150129236395;0.0;0.0;0.0;0.19339899962769638;0.0;0.17003828956318381;0.0;0.142276907725619;0.0;0.0;0.0;0.0;0.27565721957412265;0.1803866783325316;0.0;0.0;0.0;0.9401315781520567;0.0;0.5383293579587519;0.0;0.25799895413938445;0.1597817991123978;0.0;0.0;0.2671737125932943;0.0;0.24553631061774436;0.26967156106560497;0.0;0.22314925335378752;0.3472009230903136;0.13261549974485676;0.0;0.9692868394062103;0.16118448090371051;0.13694597534727454;0.20412572908410534;0.25446403280099866;0.0;0.0;0.0;0.0;0.0;0.0;0.0;0.24527746892517271;0.0;0.0;0.0;0.0;0.25505393443354213;0.1328948113133157;0.12757322981127353
GO:0010629;0.4444418654114929;0.297236478358798;0.43974266669447626;0.0;0.0;0.0;0.0;0.0;0.19715076422828462;0.0;0.0;0.3228233186600534;0.45648223143368394;0.0;0.39211087418321294;0.0;0.0;0.22355291665385366;0.2542340775438221;0.33333782834005515;0.3271574852176457;0.42072525614618184;0.0;0.0;0.0;0.0;0.0;0.2087746200339079;0.32250877253787014;0.24203594493886593;0.0;1.0;0.0;0.6058248454952728;0.2600883790069142;0.6600077160697564;0.0;0.0;0.1720442019422291;0.39254028911706573;0.0;0.23582604688154543;0.0;0.5123910053357381;0.2854281041122877;0.4218039410166957;0.0;0.2655936836344315;0.3561093516196228;0.35543622951147114;0.0;0.3106027042143294;0.0;0.0;0.0;0.0;0.28573672026729374;0.46277905907561817;0.2768939595274219;0.19349741564282938;0.0;0.0;0.304179879262473;0.2538175186516011;0.0;0.2434076600587341;0.0;0.0;0.0;0.0;0.0;0.38731693891120833;0.0;0.378799950171321;0.22623504027682947;0.2922946783912604;0.3291788763765393;0.29152373809000814;0.43721623008029586;0.0;0.0;0.0;0.24151564815553095;0.35227564922958343;0.3882719347666233;0.0;0.18822229526077697
GO:0097011;0.243905809489473;0.20331283358136723;0.0;0.13670816880953832;0.32124639547730915;0.20371475175488232;0.1471377591201834;0.2940995993406004;0.19877773818435684;0.13205487333434063;0.0;0.0;0.0;0.23233062096874166;0.0;0.0;0.0;0.0;0.0;0.0;0.0;0.28529196273609314;0.0;0.26849957092462406;0.29732853695088574;0.25805774103285173;0.27909337910349924;0.0;0.0;0.0;0.24275150129236395;0.0;1.0;0.0;0.0;0.0;0.19843454737427849;0.40961901825419095;0.1739186136773344;0.0;0.14498353410022363;0.0;0.3671183498923328;0.0;0.0;0.2860018115492665;0.18475975456541038;0.0;0.0;0.0;0.22778398370319808;0.0;0.28417055364349497;0.0;0.0;0.27215757911751925;0.0;0.0;0.27688017081549954;0.0;0.25371020209163575;0.0;0.0;0.17414790432862756;0.2674883584297615;0.0;0.21186902624406886;0.23506587601361165;0.16466709422429263;0.13945178783956788;0.15899203960736735;0.26325377679667283;0.0;0.0;0.0;0.0;0.0;0.0;0.0;0.26848232949397194;0.0;0.0;0.0;0.0;0.2638851858226126;0.13525328511961066;0.1297450586090277
GO:0050760;0.3291692120619231;0.23029793608432164;0.5013819632001836;0.0;0.0;0.0;0.0;0.0;0.1535392730482889;0.0;0.0;0.3884515420178437;0.3357277540534523;0.0;0.2834325906932194;0.0;0.0;0.18344953062457256;0.20361374888858175;0.3656268428305382;0.2478616614508224;0.29808704986998874;0.0;0.0;0.0;0.0;0.0;0.17337840649515246;0.2451841211985965;0.19571407997428944;0.0;0.6058248454952728;0.0;1.0;0.32938378935239926;0.4166383710701603;0.0;0.0;0.13787035144004697;0.2836568895924351;0.0;0.17602085493435365;0.0;0.3650204273418883;0.22314525325241066;0.29862812701532326;0.0;0.21083584589207632;0.2641308068593988;0.26376031617229223;0.0;0.3759218654863758;0.0;0.0;0.0;0.0;0.22333383429955178;0.568743191046408;0.19793270586472705;0.16270998351343208;0.0;0.0;0.37604237070191365;0.20334646991780905;0.0;0.19661001708866258;0.0;0.0;0.0;0.0;0.0;0.28091926885757545;0.0;0.29172771025851846;0.18525179127454033;0.4399790816564718;0.2613832308236342;0.2268536105634565;0.3251888764526152;0.0;0.0;0.0;0.3090407168060545;0.262015862069326;0.28142130791169145;0.0;0.15896371968899872
GO:0045860;0.2201482766078663;0.20088065190780122;0.3611366407205322;0.0;0.0;0.0;0.0;0.0;0.10263432430134066;0.0;0.0;0.46170919766972596;0.2229015812189773;0.0;0.21809308224133114;0.0;0.0;0.23570450585452365;0.25361610683130803;0.5146731488756184;0.20035955265579916;0.23663965757373345;0.0;0.0;0.0;0.0;0.0;0.22632875701961544;0.2872917996561624;0.24673097546226996;0.0;0.2600883790069142;0.0;0.32938378935239926;1.0;0.37939220099558774;0.0;0.0;0.0953877309590314;0.21819949331370359;0.0;0.1122147747725408;0.0;0.2347252577444335;0.26995173747188533;0.23689923657390208;0.0;0.2597679632685751;0.20868774003425114;0.2193739089202445;0.0;0.45052588151987943;0.0;0.0;0.0;0.0;0.2701048837462996;0.29073732154253407;0.12073562335168193;0.21606407898282365;0.0;0.0;0.848765931994096;0.2194510749543727;0.0;0.24752022837551838;0.0;0.0;0.0;0.0;0.0;0.22820560400571768;0.0;0.20362388950576735;0.16436766380534865;0.5271287621360289;0.18913454165064922;0.18901852759799076;0.2184575548822519;0.0;0.0;0.0;0.7326982767490815;0.299818081146078;0.22845781517498376;0.0;0.21237511559827685
GO:0010628;0.3570307838932397;0.29648890514309284;0.43880702453962467;0.0;0.0;0.0;0.0;0.0;0.19666617894754274;0.0;0.0;0.4899189609671121;0.3666730128150142;0.0;0.4875953425090521;0.0;0.0;0.27838790582804573;0.31651258563593015;0.48604205575665527;0.40704843388753575;0.4192290441727712;0.0;0.0;0.0;0.0;0.0;0.260017195743744;0.40128029896766926;0.30135745066383474;0.0;0.6600077160697564;0.0;0.4166383710701603;0.37939220099558774;1.0;0.0;0.0;0.1716750634523937;0.4881275537753058;0.0;0.2351330241592973;0.0;0.41142544755062577;0.35525426061099996;0.42030006073409437;0.0;0.3306231092023484;0.4429617774296268;0.35436776750116916;0.0;0.4714007592570712;0.0;0.0;0.0;0.0;0.3556374467748182;0.3059637786774866;0.27593903577144174;0.24102146590872237;0.0;0.0;0.4435991019086595;0.315995098503826;0.0;0.3030618454040234;0.0;0.0;0.0;0.0;0.0;0.3860485524474333;0.0;0.30443524184959075;0.28172152625500374;0.4262947636306136;0.2646451351163458;0.3628223939735547;0.35124355306518557;0.0;0.0;0.0;0.3523367318495342;0.43820727144485444;0.38699729603828076;0.0;0.23446122090621668
GO:0043043;0.19413095859021767;0.16751127989917677;0.0;0.5166240911324766;0.24014827923154972;0.1677840175013306;0.5507581608563052;0.22464705181447195;0.16442059897188405;0.34700863003668514;0.0;0.0;0.0;0.18672638648004902;0.0;0.0;0.43529926369546945;0.0;0.0;0.0;0.0;0.21947152779664822;0.0;0.20939692543911126;0.22652614223843467;0.2029912669440523;0.21578470520533694;0.0;0.0;0.0;0.19339899962769638;0.0;0.19843454737427849;0.0;0.0;0.0;1.0;0.0;0.5742143795667987;0.0;0.37648897744663756;0.0;0.0;0.0;0.0;0.21989137757346106;0.6041865089102983;0.0;0.0;0.0;0.18377816388000132;0.0;0.21880727192631494;0.0;0.0;0.41643782991244616;0.0;0.0;0.2144593067617332;0.0;0.20029148616304757;0.0;0.0;0.14720030997872216;0.20878138580458316;0.0;0.0;0.188489149102277;0.42006040511723614;0.5256667097194173;0.40723070446814247;0.2061926014965822;0.5093803780429803;0.0;0.0;0.0;0.0;0.0;0.0;0.0;0.4344261562972434;0.0;0.0;0.0;0.20657975393500844;0.4290145352966832;0.11417296107481081
GO:0032355;0.0;0.0;0.0;0.0;0.0;0.0;0.0;0.0;0.0;0.0;0.0;0.0;0.0;0.0;0.0;0.0;0.0;0.0;0.0;0.0;0.0;0.0;0.0;0.0;0.0;0.0;0.0;0.0;0.0;0.0;0.0;0.0;0.40961901825419095;0.0;0.0;0.0;0.0;1.0;0.0;0.0;0.0;0.0;0.6485970330144387;0.0;0.0;0.0;0.0;0.0;0.0;0.0;0.0;0.0;0.0;0.0;0.0;0.14859722639041076;0.0;0.0;0.0;0.0;0.0;0.0;0.0;0.0;0.0;0.0;0.234685563490149;0.0;0.0;0.0;0.0;0.0;0.0;0.0;0.0;0.0;0.0;0.0;0.0;0.3062071243658897;0.0;0.0;0.0;0.0;0.0;0.0;0.0
