;GO:0007050;GO:0007172;GO:0034395;GO:0006366;GO:0022008;GO:0002001;GO:0006367;GO:0003334;GO:0006879;GO:0006559;GO:0048566;GO:0045893;GO:0030308;GO:0007409;GO:0032729;GO:0031077;GO:0051604;GO:0010976;GO:0050714;GO:0045739;GO:0035397;GO:0007186;GO:0030260;GO:0065004;GO:0021902;GO:0003382;GO:0051260;GO:0042102;GO:0009967;GO:0045657;GO:0030217;GO:0010629;GO:0097011;GO:0050760;GO:0045860;GO:0010628;GO:0043043;GO:0032355;GO:0016486;GO:0032753;GO:0043967;GO:0060586;GO:0033280;GO:0008285;GO:0043123;GO:0097190;GO:0006465;GO:0045666;GO:0046598;GO:0045664;GO:0046632;GO:0045944;GO:0021773;GO:1903988;GO:0048538;GO:0006302;GO:0050850;GO:0000122;GO:0032507;GO:0046641;GO:0019064;GO:0030323;GO:0050731;GO:0050852;GO:0016358;GO:0031295;GO:0050829;GO:0033077;GO:0006032;GO:0006351;GO:0033153;GO:0007169;GO:0042089;GO:0045879;GO:0045954;GO:0045086;GO:0050860;GO:0002669;GO:0043066;GO:0045087;GO:0006508;GO:0006948;GO:0070374;GO:0043065;GO:0035723;GO:0033345;GO:0010524
GO:0007050;1.0;0.07499003071932547;0.06748421709113606;0.03563434452466655;0.02777091059786941;0.02073002640556365;0.03055745991382295;0.023255446653902515;0.06855433319978721;0.02363967470695421;0.0;0.12908148295044056;0.2881919199202535;0.029529119021890586;0.07908735304354196;0.0;0.0;0.10387266909326257;0.10303783065839871;0.08791628600050201;0.056557061894760036;0.12679047622240378;0.0;0.03112262640380578;0.022791514758978015;0.025690128417180193;0.03254130265909306;0.09366326129263751;0.12953378789758674;0.07570543229612542;0.029004436437219668;0.351869640972001;0.023255446653902515;0.17216092921013978;0.11264738814099666;0.11727814386180588;0.031724213845716186;0.0;0.06494863931950774;0.071821916276885;0.02710641583581767;0.05811365651973113;0.0;0.3362453756611397;0.09947629676075398;0.10487539746567265;0.024392175685828594;0.10725502415081078;0.0666223197777781;0.11498933351850524;0.026262607607471563;0.12487799165288754;0.021355193019097305;0.0;0.0;0.030363894834283;0.0864977476059147;0.34602051001304107;0.07007096316516268;0.08020851095418209;0.022791514758978015;0.0;0.09978060000602015;0.09588712928850732;0.025844348333216083;0.08808034790273238;0.0;0.025526913357560133;0.022791514758978015;0.04251311633314027;0.022198607070496666;0.11219440463512301;0.0;0.24138002171279702;0.07336684947307354;0.07751153632691903;0.23222801654703826;0.06117846366953032;0.3496360842548665;0.0;0.0;0.0;0.1027486186940651;0.1144966845343432;0.07802948104606024;0.019742028500090745;0.0882418196214155
GO:0007172;0.07499003071932547;1.0;0.05569691407432494;0.026128885088720657;0.02163663483905982;0.017109163434613224;0.0232914340570394;0.018793571078130664;0.05355519090867833;0.019043711450542553;0.0;0.09188574448380729;0.07585825901243674;0.19174127468403185;0.06169852802378987;0.0;0.0;0.07835020820274757;0.07787428305479532;0.21515851716353304;0.16699146458200834;0.09071887686342082;0.0;0.4986040602110376;0.018489420279622113;0.17199297649591286;0.4158531058901103;0.0723977645115027;0.3443387042357358;0.06118030945748723;0.02237812803356361;0.08186931603793453;0.018793571078130664;0.04707022364997294;0.08324110852693478;0.08271070517163517;0.023963190790218414;0.0;0.05132906949168079;0.05718559252074501;0.17941969426347437;0.046963756519824214;0.0;0.08513011685693718;0.2834362938777412;0.07891936526755448;0.019529053387198653;0.08025934039014344;0.05383991633304158;0.084513027937936;0.02070995544300125;0.08973557308771546;0.017532779044369076;0.0;0.0;0.023178807812114018;0.2543473746856054;0.08693028497092213;0.05447631022655046;0.06408801570823591;0.15625007145252925;0.0;0.0759992494312614;0.23015586598550386;0.17280991816446906;0.06901641438639028;0.0;0.020249741408514595;0.018489420279622113;0.029646180214144644;0.018097294746460605;0.08299349636052453;0.0;0.24705524267232606;0.20633738390941755;0.06235447317662384;0.23957069808045034;0.05022799301474899;0.08758911684772969;0.0;0.0;0.0;0.29048788352901006;0.08424661014832871;0.06268922183041602;0.016430515760039975;0.06911551376350168
GO:0034395;0.06748421709113606;0.05569691407432494;1.0;0.0;0.0;0.0;0.0;0.0;0.048533142893334325;0.0;0.0;0.2678251887389904;0.06818652621592873;0.0;0.05588706559605263;0.0;0.0;0.07019326177596745;0.06981103252214887;0.18858028937732157;0.04361053511999991;0.07996009728690158;0.0;0.0;0.0;0.0;0.0;0.06537761647131816;0.08104250688233487;0.056090591462583377;0.0;0.23203312744410629;0.0;0.15150549462702353;0.1689740826841023;0.2341260334607186;0.0;0.0;0.04669779387121418;0.05215856160843516;0.0;0.043056743319223614;0.0;0.07558637315289629;0.06815770168859436;0.07064973399071632;0.0;0.07172169412910705;0.04936086100569289;0.07509949378271663;0.0;0.3205099927441065;0.0;0.0;0.0;0.0;0.0618039145768774;0.3116346252119662;0.04928839108167835;0.0585250000880146;0.0;0.0;0.155762757486843;0.06645340204223632;0.0;0.06260768318294821;0.0;0.0;0.0;0.0;0.0;0.07389720981182979;0.0;0.06019018150909809;0.0529685836056823;0.17449492203851327;0.0585250000880146;0.046307867842103195;0.0775186751330593;0.0;0.0;0.0;0.15890474730317863;0.0748890469291215;0.0573562907887846;0.0;0.06268922183041602
GO:0006366;0.03563434452466655;0.026128885088720657;0.0;1.0;0.03239410004747184;0.0232017904231567;0.4839353021649278;0.02641198754607074;0.03193593856233253;0.2466363304151501;0.0;0.0;0.0;0.0348119181134181;0.0;0.0;0.21726003204424024;0.0;0.0;0.0;0.0;0.04869443280532809;0.0;0.03704817736496906;0.02581518229491977;0.029597730552548655;0.03907609410483365;0.0;0.0;0.0;0.034085020504321696;0.0;0.02641198754607074;0.0;0.0;0.0;0.4357164993520049;0.0;0.26204878137690624;0.0;0.22708508778140016;0.0;0.0;0.0;0.0;0.03860792343560366;0.2436228735733506;0.0;0.0;0.0;0.030360193118845517;0.0;0.023987756031928202;0.0;0.0;0.36960795363727594;0.0;0.0;0.032761410720580905;0.0;0.02581518229491977;0.0;0.0;0.03470885244727532;0.029802620887177462;0.0;0.0;0.029381296784340833;0.15027032288371592;0.7529976038822191;0.25741616852415206;0.04188220231503106;0.3280553123927814;0.0;0.0;0.0;0.0;0.0;0.0;0.0;0.28378211179464635;0.0;0.0;0.0;0.027336705055139646;0.19193426542511094;0.03149353179882894
GO:0022008;0.02777091059786941;0.02163663483905982;0.0;0.03239410004747184;1.0;0.019590093105253132;0.028143457056436536;0.2810637128173495;0.025472013565965283;0.022168637735401456;0.20252641192681736;0.0;0.0;0.3510830895649268;0.0;0.18241912838172422;0.0;0.0;0.0;0.0;0.0;0.03510950431755617;0.0;0.028622156260740023;0.275793810787617;0.30850989975709386;0.029817651666838488;0.0;0.0;0.0;0.4165452910280417;0.0;0.021830398825955735;0.0;0.0;0.0;0.029130171860980967;0.0;0.024223378863161345;0.0;0.025189780195476498;0.0;0.0;0.0;0.0;0.029544273788973122;0.02282909188983642;0.0;0.0;0.0;0.37987221021085205;0.0;0.3129038818238883;0.0;0.21935882578886506;0.027979184589798988;0.0;0.0;0.025994413915328744;0.0;0.02142108215561937;0.19194762723244513;0.0;0.027205568148847916;0.213768158189247;0.0;0.0;0.3699423670826849;0.02142108215561937;0.03798070750295079;0.020896512239237695;0.03142422974036005;0.0;0.0;0.0;0.0;0.0;0.0;0.0;0.0;0.0;0.0;0.0;0.0;0.02245831351122849;0.018705448137412227;0.025189780195476498
GO:0002001;0.02073002640556365;0.017109163434613224;0.0;0.0232017904231567;0.019590093105253132;1.0;0.02093690964568773;0.017230094564966998;0.019421595251349472;0.017440114187681783;0.0;0.0;0.0;0.02044898396350942;0.0;0.0;0.0;0.0;0.0;0.0;0.0;0.024562408806052934;0.0;0.021200691870145665;0.01697409998357078;0.01853129652496056;0.021849572953508645;0.0;0.0;0.0;0.020195985138444682;0.0;0.017230094564966998;0.0;0.0;0.0;0.021478137770245764;0.0;0.01868714032575525;0.0;0.01925708380277638;0.0;0.0;0.0;0.0;0.02170242042218144;0.017846288321375487;0.0;0.0;0.0;0.018827336441713426;0.0;0.016164404869870686;0.15238800169563174;0.0;0.020845858660619696;0.0;0.0;0.1790781424710303;0.0;0.01697409998357078;0.0;0.0;0.020413377208106327;0.018611407797757263;0.0;0.0;0.018446220176376486;0.01697409998357078;0.025933973164561742;0.016643039333390182;0.022699990853089706;0.0;0.0;0.0;0.0;0.0;0.0;0.0;0.0;0.0;0.0;0.0;0.0;0.01761889629646255;0.015222863394942618;0.01925708380277638
GO:0006367;0.03055745991382295;0.0232914340570394;0.0;0.4839353021649278;0.028143457056436536;0.02093690964568773;1.0;0.023516124006709313;0.027797000839729302;0.21914274944174647;0.0;0.0;0.0;0.02995068950001255;0.0;0.0;0.1850568840041878;0.0;0.0;0.0;0.0;0.03968467009319631;0.0;0.03159128480165043;0.023041839171859955;0.02600861888682059;0.03305401291137094;0.0;0.0;0.0;0.02941105567311055;0.0;0.023516124006709313;0.0;0.0;0.0;0.370279463101736;0.0;0.2298956002061422;0.0;0.15985199524586308;0.0;0.0;0.0;0.0;0.0327184044354938;0.21559055983168046;0.0;0.0;0.0;0.026595542702472184;0.0;0.02157480869171149;0.0;0.0;0.31651441147028025;0.0;0.0;0.028420285631100748;0.0;0.023041839171859955;0.0;0.0;0.029874367218199777;0.02616669811840442;0.0;0.0;0.025841345036287208;0.13412667679946788;0.5792852777323053;0.23048887562438997;0.03503988184904112;0.29051607706031574;0.0;0.0;0.0;0.0;0.0;0.0;0.0;0.23122484644816582;0.0;0.0;0.0;0.024246378871424876;0.17409973167062695;0.027461233317984602
GO:0003334;0.023255446653902515;0.018793571078130664;0.0;0.02641198754607074;0.2810637128173495;0.017230094564966998;0.023516124006709313;1.0;0.021621364435832364;0.019193656101624983;0.22773155907165143;0.0;0.0;0.2948648349234007;0.0;0.2079638348515654;0.0;0.0;0.0;0.0;0.0;0.02818958598734345;0.0;0.023849417185646194;0.23986838017026485;0.26423968646639934;0.02467371557432824;0.0;0.0;0.0;0.29078508328671054;0.0;0.018939587432658576;0.0;0.0;0.0;0.02420109456365716;0.0;0.020714994840789015;0.0;0.021417671458441475;0.0;0.0;0.0;0.0;0.024486227758153543;0.01968676996160056;0.0;0.0;0.0;0.26892283795925376;0.0;0.22736769833890685;0.0;0.24386896221132456;0.02340131964941717;0.0;0.0;0.021996595440112225;0.0;0.01863073091991696;0.21739926105169122;0.0;0.022857687078178996;0.23854977393845275;0.0;0.0;0.2628968104971969;0.01863073091991696;0.03001116373548947;0.018232653144588034;0.025763663972666148;0.0;0.0;0.0;0.0;0.0;0.0;0.0;0.0;0.0;0.0;0.0;0.0;0.019410420868698968;0.016542012253947143;0.021417671458441475
GO:0006879;0.06855433319978721;0.05355519090867833;0.048533142893334325;0.03193593856233253;0.025472013565965283;0.019421595251349472;0.027797000839729302;0.021621364435832364;1.0;0.021953107607178064;0.0;0.0877756241307712;0.06950167467907149;0.026943466924689418;0.06330696445162537;0.0;0.0;0.07224415147902775;0.07171767114668737;0.062041810603175034;0.04635950076046049;0.0863927713138046;0.0;0.028263888903342953;0.021219776862578924;0.023710544467678694;0.029429034107523226;0.06575061424565974;0.0880479735534338;0.054030204838101385;0.026505966132599812;0.08914143448385917;0.021621364435832364;0.04635950076046049;0.0777300977801504;0.09028790998888786;0.028759156268295664;0.0;0.27261456209081697;0.057929353059023185;0.02491187050520028;0.812544692075802;0.0;0.079886471769822;0.06946266752557201;0.07287545939371144;0.022600594379872017;0.07436907938620513;0.054030204838101385;0.0791797038772275;0.024197360767429735;0.08523408743628896;0.01996929177207435;0.0;0.0;0.027636736470485982;0.061120330499753905;0.08196133678200875;0.29231928902900317;0.057005747171659606;0.021219776862578924;0.0;0.06965590845738479;0.06717536234481353;0.02384185214477439;0.062148230163136864;0.0;0.023571445664121594;0.021219776862578924;0.037352425195922;0.020704901455138494;0.07744900869450995;0.0;0.05907970678876186;0.05907970678876186;0.055226623899512925;0.057005747171659606;0.049901796351431466;0.08272561455577898;0.0;0.0;0.0;0.0715350976426385;0.07887527159307461;0.05556898796092361;0.018551764961999846;0.610723513932265
GO:0006559;0.02363967470695421;0.019043711450542553;0.0;0.2466363304151501;0.022168637735401456;0.017440114187681783;0.21914274944174647;0.019193656101624983;0.021953107607178064;1.0;0.0;0.0;0.0;0.023274895928415428;0.0;0.0;0.20534255759131986;0.0;0.0;0.0;0.0;0.028756141138988375;0.0;0.024253693733463998;0.01887652695603444;0.02082234684436629;0.025106674436893597;0.0;0.0;0.0;0.02294769944426121;0.0;0.019193656101624983;0.0;0.0;0.0;0.20741625000860628;0.0;0.17709959792843394;0.0;0.18319831358075558;0.0;0.0;0.0;0.0;0.024912574935073352;0.16818630977370344;0.0;0.0;0.0;0.021196850970869326;0.0;0.01788048761237731;0.0;0.0;0.21805511848962544;0.0;0.0;0.022340044546693597;0.0;0.01887652695603444;0.0;0.0;0.02322877904638956;0.020923545221878833;0.0;0.0;0.020714994840789015;0.6302905034537069;0.2809656639278901;0.16927147422734468;0.026236085359516652;0.16743504010896854;0.0;0.0;0.0;0.0;0.0;0.0;0.0;0.24245403942003155;0.0;0.0;0.0;0.01967736774486301;0.5994718012625904;0.02174314637983691
GO:0048566;0.0;0.0;0.0;0.0;0.20252641192681736;0.0;0.0;0.22773155907165143;0.0;0.0;1.0;0.0;0.0;0.21294946465246928;0.0;0.34533312958056767;0.0;0.0;0.0;0.0;0.0;0.0;0.0;0.0;0.17169101483479618;0.18988352794054378;0.0;0.0;0.0;0.0;0.20986342148404993;0.0;0.0;0.0;0.0;0.0;0.0;0.0;0.0;0.0;0.0;0.0;0.0;0.0;0.0;0.0;0.0;0.0;0.0;0.0;0.19339587193900915;0.0;0.1624151155713728;0.0;0.4075850991945448;0.0;0.0;0.0;0.0;0.0;0.0;0.6228458934288188;0.0;0.0;0.2488327672500953;0.0;0.0;0.1888773615284791;0.0;0.0;0.0;0.0;0.0;0.0;0.0;0.0;0.0;0.0;0.0;0.0;0.0;0.0;0.0;0.0;0.0;0.0;0.0
GO:0045893;0.12908148295044056;0.09188574448380729;0.2678251887389904;0.0;0.0;0.0;0.0;0.0;0.0877756241307712;0.0;0.0;1.0;0.13167564396608988;0.0;0.2776153784876896;0.0;0.0;0.3719277157635009;0.36792793287796693;0.5499686527517551;0.18373432270189466;0.1839925444835942;0.0;0.0;0.0;0.0;0.0;0.3244731532592718;0.5065777892548416;0.24808211474491726;0.0;0.5499468825233175;0.0;0.23323755996334022;0.5915829851878555;0.9518295132107676;0.0;0.0;0.08195044697535965;0.24573136134372334;0.0;0.07136040249107649;0.0;0.16237290919332947;0.35110760562308285;0.14118112358107288;0.0;0.38836023834112476;0.22388634722624562;0.16014261909968966;0.0;0.9530631025384096;0.0;0.0;0.0;0.0;0.2929679153862498;0.5598926828632573;0.09027746638255132;0.266451123619485;0.0;0.0;0.502123826509411;0.3019167046016149;0.0;0.29980477571090264;0.0;0.0;0.0;0.0;0.0;0.15477299217522342;0.0;0.10479137268911495;0.2523753926423361;0.4766328633085545;0.09984543952702998;0.20183277936846172;0.17155948036864394;0.0;0.0;0.0;0.5220900614287184;0.424816709126662;0.09649115606015833;0.0;0.30050614310118023
GO:0030308;0.2881919199202535;0.07585825901243674;0.06818652621592873;0.0;0.0;0.0;0.0;0.0;0.06950167467907149;0.0;0.0;0.13167564396608988;1.0;0.0;0.08018723763445786;0.0;0.0;0.45039268955171574;0.1046841156793972;0.08911201602288682;0.05711732174330592;0.1292924768823832;0.0;0.0;0.0;0.0;0.0;0.09502163512411392;0.13214634476126763;0.07659040307390003;0.0;0.359068204038997;0.0;0.17386637240137687;0.11461800181019131;0.11971311398142094;0.0;0.0;0.06579833088446671;0.07272784183691189;0.0;0.05879298541661169;0.0;0.34231292035828365;0.1010098930606579;0.10658141157661587;0.0;0.1090399944628679;0.06740111205678219;0.11704348435353011;0.0;0.12730435990399377;0.0;0.0;0.0;0.0;0.0876549485229062;0.3524493396258868;0.07106098710432725;0.08120258292629869;0.0;0.0;0.10132366613293599;0.09731126363390384;0.0;0.08928057529114466;0.0;0.0;0.0;0.0;0.0;0.11414906399958509;0.0;0.24449100429049317;0.07431242478983592;0.07843949506529221;0.2351061570291812;0.061834555506609976;0.35620124021309446;0.0;0.0;0.0;0.10438560151480208;0.11653311601404295;0.07896995799838982;0.0;0.08944648172728323
GO:0007409;0.029529119021890586;0.19174127468403185;0.0;0.0348119181134181;0.3510830895649268;0.02044898396350942;0.02995068950001255;0.2948648349234007;0.026943466924689418;0.023274895928415428;0.21294946465246928;0.0;0.0;1.0;0.0;0.19083228432185215;0.0;0.0;0.0;0.0;0.0;0.037967534708556586;0.0;0.2576933888091339;0.2890700237690245;0.6434265136876918;0.2691918681492582;0.0;0.0;0.0;0.36638325471076333;0.0;0.02290234083085127;0.0;0.0;0.0;0.03107071851912408;0.0;0.025550349499665174;0.0;0.2250264752887568;0.0;0.0;0.0;0.0;0.03154227662994247;0.024003994591082614;0.0;0.0;0.0;0.3323412719525918;0.0;0.27110714435366784;0.0;0.23163896953425028;0.029764711836089957;0.0;0.0;0.027528659342310358;0.0;0.1897391188780728;0.20128513925145525;0.0;0.02889074830546479;0.5486767261212818;0.0;0.0;0.32318633473202696;0.02245225413216976;0.04134771691671265;0.021876643500360515;0.0336943646022375;0.0;0.0;0.0;0.0;0.0;0.0;0.0;0.0;0.0;0.0;0.0;0.0;0.023594412171996895;0.01948697196488797;0.026627885907366575
GO:0032729;0.07908735304354196;0.06169852802378987;0.05588706559605263;0.0;0.0;0.0;0.0;0.0;0.06330696445162537;0.0;0.0;0.2776153784876896;0.08018723763445786;0.0;1.0;0.0;0.0;0.4944002117872399;0.2264923267254764;0.19576057208521286;0.14606754509470526;0.09983041581047314;0.0;0.0;0.0;0.0;0.0;0.20753373548653717;0.278483751321575;0.36913495002974483;0.0;0.10303270791678444;0.0;0.05337341103410523;0.24561613895674536;0.2856273333346186;0.0;0.0;0.060219699121404756;0.6186584651047132;0.0;0.05429842729047495;0.0;0.09225680233505665;0.21932526021693424;0.08410583481471194;0.0;0.5090416295723686;0.17035605352302352;0.4113222425139042;0.0;0.2695139139771843;0.0;0.0;0.0;0.0;0.19283668652187422;0.094671048839829;0.06459811829244294;0.17978702597481772;0.0;0.0;0.21993932037106162;0.2120585675039368;0.0;0.19609827663548537;0.0;0.0;0.0;0.0;0.0;0.08942182671881353;0.0;0.06809763884653094;0.18636348586944618;0.5896481003911007;0.0656945855407625;0.3408003460869592;0.09556057058437606;0.0;0.0;0.0;0.22591194361794092;0.24926101076494517;0.06403037998324589;0.0;0.1964305567394859
GO:0031077;0.0;0.0;0.0;0.0;0.18241912838172422;0.0;0.0;0.2079638348515654;0.0;0.0;0.34533312958056767;0.0;0.0;0.19083228432185215;0.0;1.0;0.0;0.0;0.0;0.0;0.0;0.0;0.0;0.0;0.1570186485554203;0.1720980849392614;0.0;0.0;0.0;0.0;0.18835025585278728;0.0;0.0;0.0;0.0;0.0;0.0;0.0;0.0;0.0;0.0;0.0;0.0;0.0;0.0;0.0;0.0;0.0;0.0;0.0;0.17497828560838016;0.0;0.1492244198585408;0.0;0.3684287756826115;0.0;0.0;0.0;0.0;0.0;0.0;0.3304549244006257;0.0;0.0;0.22542034654773307;0.0;0.0;0.17127116605820847;0.0;0.0;0.0;0.0;0.0;0.0;0.0;0.0;0.0;0.0;0.0;0.0;0.0;0.0;0.0;0.0;0.0;0.0;0.0
GO:0051604;0.0;0.0;0.0;0.21726003204424024;0.0;0.0;0.1850568840041878;0.0;0.0;0.20534255759131986;0.0;0.0;0.0;0.0;0.0;0.0;1.0;0.0;0.0;0.0;0.0;0.0;0.0;0.0;0.0;0.0;0.0;0.0;0.0;0.0;0.0;0.0;0.0;0.0;0.0;0.0;0.27851587447973786;0.0;0.8241240119220679;0.0;0.28074228339371904;0.0;0.0;0.0;0.0;0.0;0.7718195891366757;0.0;0.0;0.0;0.0;0.0;0.0;0.0;0.0;0.18383763076725518;0.0;0.0;0.0;0.0;0.0;0.0;0.0;0.0;0.0;0.0;0.0;0.0;0.19775553113360053;0.2615930386360501;0.13296687876784777;0.0;0.25031577264929117;0.0;0.0;0.0;0.0;0.0;0.0;0.0;0.4101705997238648;0.0;0.0;0.0;0.0;0.1706155315187688;0.0
GO:0010976;0.10387266909326257;0.07835020820274757;0.07019326177596745;0.0;0.0;0.0;0.0;0.0;0.07224415147902775;0.0;0.0;0.3719277157635009;0.45039268955171574;0.0;0.4944002117872399;0.0;0.0;1.0;0.2921882671067343;0.24703738424825245;0.16068624587811012;0.13670297458629008;0.0;0.0;0.0;0.0;0.0;0.2640998684993162;0.3733352291027979;0.502930635322687;0.0;0.12498244019490405;0.0;0.05871511733300534;0.3213148696718311;0.34743626813060174;0.0;0.0;0.06825117534794882;0.44675796014238667;0.0;0.06074359801512269;0.0;0.12439683436268334;0.28147946404855345;0.11156696342987782;0.0;0.9653096168879219;0.1905771520653329;0.8854445509321153;0.0;0.35888451320927284;0.0;0.0;0.0;0.0;0.2428439711566841;0.12827853512143558;0.07393044292507323;0.22433793503698235;0.0;0.0;0.28239263401715875;0.24432920523019494;0.0;0.2475228381786522;0.0;0.0;0.0;0.0;0.0;0.11988679053526372;0.0;0.08754346446022213;0.21083621341581982;0.42325965130921567;0.08406464728721377;0.407227743965645;0.12971835705276358;0.0;0.0;0.0;0.2913169369578081;0.326959400041979;0.08167418325202233;0.0;0.2480007215172158
GO:0050714;0.10303783065839871;0.07787428305479532;0.06981103252214887;0.0;0.0;0.0;0.0;0.0;0.07171767114668737;0.0;0.0;0.36792793287796693;0.1046841156793972;0.0;0.2264923267254764;0.0;0.0;0.2921882671067343;1.0;0.2452663953328901;0.1598543173185685;0.13526068001612393;0.0;0.0;0.0;0.0;0.0;0.2620767940419909;0.3693052796012783;0.20987769156381403;0.0;0.12361305674106203;0.0;0.0584111287575101;0.31832524260137535;0.34357016395112866;0.0;0.0;0.06778109510899172;0.20481145846135215;0.0;0.060370964506213466;0.0;0.12320138998556342;0.2791825219062007;0.11060443714050669;0.0;0.3022348470585074;0.18940805054331977;0.12191311993725239;0.0;0.3551589444017694;0.0;0.0;0.0;0.0;0.24113238806385934;0.12700770210949916;0.07337919177194695;0.22287649131955406;0.0;0.0;0.28008082551516933;0.24241093166497013;0.0;0.24574490711962652;0.0;0.0;0.0;0.0;0.0;0.11877607019897704;0.0;0.08694972436687913;0.20940627328487524;0.2150840557800722;0.08351701030100603;0.1733808013705975;0.1284189802957744;0.0;0.0;0.0;0.28885733826012355;0.32386431885608513;0.08115715289806069;0.0;0.5855170726558679
GO:0045739;0.08791628600050201;0.21515851716353304;0.18858028937732157;0.0;0.0;0.0;0.0;0.0;0.062041810603175034;0.0;0.0;0.5499686527517551;0.08911201602288682;0.0;0.19576057208521286;0.0;0.0;0.24703738424825245;0.2452663953328901;1.0;0.26335583614917135;0.11034586127502692;0.0;0.0;0.0;0.0;0.0;0.22516462822038238;0.49546240255703317;0.18552189963877905;0.0;0.251564301930096;0.0;0.1362724135827798;0.378115269816246;0.42966662535381267;0.0;0.0;0.05907381425966188;0.17935097579753462;0.0;0.05336506197855043;0.0;0.1021860132447493;0.3925288266520573;0.09336621677892189;0.0;0.2541809765387464;0.16742771030998463;0.10129817482911072;0.0;0.534351422038381;0.0;0.0;0.0;0.0;0.34604228740040227;0.31605854298530767;0.06328136891909865;0.1956063160158261;0.0;0.0;0.3394598066753145;0.37980066106056143;0.0;0.21300253812891393;0.0;0.0;0.0;0.0;0.0;0.09912288288432254;0.0;0.2370548924736256;0.4147953639614736;0.2700250002927932;0.22884122806567525;0.15478027408550074;0.1057496679587829;0.0;0.0;0.0;0.4040498668835908;0.2693071546513565;0.07147423134874605;0.0;0.21335632684158415
GO:0035397;0.056557061894760036;0.16699146458200834;0.04361053511999991;0.0;0.0;0.0;0.0;0.0;0.04635950076046049;0.0;0.0;0.18373432270189466;0.05711732174330592;0.0;0.14606754509470526;0.0;0.0;0.16068624587811012;0.1598543173185685;0.26335583614917135;1.0;0.06642753415705416;0.0;0.0;0.0;0.0;0.0;0.37811730401208143;0.3369312246526108;0.32654996020107346;0.0;0.06783033178683297;0.0;0.042064647228987374;0.16914952800468297;0.1872097969316293;0.0;0.0;0.04468202786965736;0.1367329428199037;0.0;0.04133727606172416;0.0;0.06298688701626835;0.28594044531457175;0.059077937100524315;0.0;0.1640084296713622;0.12969169761759194;0.06260256925867667;0.0;0.18015035378276212;0.0;0.0;0.0;0.0;0.26045272566461486;0.06410296433700415;0.04704813368835231;0.3401331475321662;0.0;0.0;0.15656205003253826;0.4274645701772075;0.0;0.3628079453638529;0.0;0.0;0.0;0.0;0.0;0.06165242053523821;0.0;0.17988762172972306;0.38889760040199345;0.13187749938889265;0.3416487292644961;0.30711124982023486;0.06450956009159448;0.0;0.0;0.0;0.29200574343214786;0.17087024016099206;0.04841537023134746;0.0;0.1442711455739045
GO:0007186;0.12679047622240378;0.09071887686342082;0.07996009728690158;0.04869443280532809;0.03510950431755617;0.024562408806052934;0.03968467009319631;0.02818958598734345;0.0863927713138046;0.028756141138988375;0.0;0.1839925444835942;0.1292924768823832;0.037967534708556586;0.09983041581047314;0.0;0.0;0.13670297458629008;0.13526068001612393;0.11034586127502692;0.06642753415705416;1.0;0.0;0.04064317268186389;0.02751077650249142;0.03184827841072926;0.04309677696390853;0.11955282915370134;0.18491289178245404;0.0917679554893653;0.03710451466661975;0.16600999886222892;0.02818958598734345;0.06642753415705416;0.15231789183295497;0.16950650774790632;0.0416752140240691;0.0;0.08074378656016873;0.08852638555354976;0.034054089195796666;0.07044370903222344;0.0;0.15876428083438593;0.12918887990613523;0.36666465588166436;0.029877353201374416;0.14262220676597903;0.08075766679531009;0.15663137143807185;0.03273283404745692;0.17556875035788871;0.025445013138970653;0.0;0.0;0.03935882053923219;0.10812034670578752;0.16514205622317654;0.08881531662182088;0.09846916749409612;0.02751077650249142;0.0;0.12970258589773473;0.32628880806124416;0.03208563715201645;0.11060443714050669;0.0;0.03159781822060888;0.02751077650249142;0.06251732355434028;0.026651538836689755;0.40121582968177266;0.0;0.10327640824444381;0.09088533922702187;0.0944352727052811;0.09846916749409612;0.07289500078510831;0.16753602928424519;0.0;0.0;0.0;0.13476273094528224;0.15571871632914025;0.25214615801474455;0.023187454025804268;0.11085917128949106
GO:0030260;0.0;0.0;0.0;0.0;0.0;0.0;0.0;0.0;0.0;0.0;0.0;0.0;0.0;0.0;0.0;0.0;0.0;0.0;0.0;0.0;0.0;0.0;1.0;0.0;0.0;0.0;0.0;0.0;0.0;0.0;0.0;0.0;0.0;0.0;0.0;0.0;0.0;0.0;0.0;0.0;0.0;0.0;0.0;0.0;0.0;0.0;0.0;0.0;0.0;0.0;0.0;0.0;0.0;0.0;0.0;0.0;0.0;0.0;0.0;0.0;0.39167883528239417;0.0;0.0;0.0;0.0;0.0;0.4810589702739755;0.0;0.0;0.0;0.0;0.0;0.0;0.0;0.0;0.0;0.0;0.0;0.0;0.0;0.0;0.6359576020022099;0.0;0.0;0.0;0.0;0.0
GO:0065004;0.03112262640380578;0.4986040602110376;0.0;0.03704817736496906;0.028622156260740023;0.021200691870145665;0.03159128480165043;0.023849417185646194;0.028263888903342953;0.024253693733463998;0.0;0.0;0.0;0.2576933888091339;0.0;0.0;0.0;0.0;0.0;0.0;0.0;0.04064317268186389;0.0;1.0;0.023361732439439318;0.22324366296379086;0.574009457602262;0.0;0.0;0.0;0.029934248629041402;0.0;0.023849417185646194;0.0;0.0;0.0;0.0328399348232374;0.0;0.02673475496575092;0.0;0.23591895798440962;0.0;0.0;0.0;0.0;0.03336718007587806;0.02504644890335043;0.0;0.0;0.0;0.02702263272812021;0.0;0.02185501700479828;0.0;0.0;0.03138444504245844;0.0;0.0;0.02890853013382749;0.0;0.19742492234547596;0.0;0.0;0.03041432500802681;0.22462196064205972;0.0;0.0;0.026244372104206926;0.023361732439439318;0.0445410113035283;0.02273919105887121;0.03578503754181464;0.0;0.0;0.0;0.0;0.0;0.0;0.0;0.0;0.0;0.0;0.0;0.0;0.024600849209560755;0.020168437609475898;0.027916817736812954
GO:0021902;0.022791514758978015;0.018489420279622113;0.0;0.02581518229491977;0.275793810787617;0.01697409998357078;0.023041839171859955;0.23986838017026485;0.021219776862578924;0.01887652695603444;0.17169101483479618;0.0;0.0;0.2890700237690245;0.0;0.1570186485554203;0.0;0.0;0.0;0.0;0.0;0.02751077650249142;0.0;0.023361732439439318;1.0;0.2595765645248844;0.024152105575009256;0.0;0.0;0.0;0.2851479840963152;0.0;0.01863073091991696;0.0;0.0;0.0;0.02369907260266901;0.0;0.020346083498723314;0.0;0.021023545921079443;0.0;0.0;0.0;0.0;0.023972432206831085;0.0193532780096808;0.0;0.0;0.0;0.2640944713028719;0.0;0.22390663948694894;0.0;0.1836368648212861;0.022931608124564604;0.0;0.0;0.021581082035616674;0.0;0.0183317861014124;0.1640273720001059;0.0;0.02240933659861543;0.17970245652754607;0.0;0.0;0.2582805504347557;0.0183317861014124;0.029242987391330848;0.01794624859974998;0.02519548302018398;0.0;0.0;0.0;0.0;0.0;0.0;0.0;0.0;0.0;0.0;0.0;0.0;0.019086148747820095;0.016305915572199955;0.021023545921079443
GO:0003382;0.025690128417180193;0.17199297649591286;0.0;0.029597730552548655;0.30850989975709386;0.01853129652496056;0.02600861888682059;0.26423968646639934;0.023710544467678694;0.02082234684436629;0.18988352794054378;0.0;0.0;0.6434265136876918;0.0;0.1720980849392614;0.0;0.0;0.0;0.0;0.0;0.03184827841072926;0.0;0.22324366296379086;0.2595765645248844;1.0;0.2318221205831216;0.0;0.0;0.0;0.3202622702244533;0.0;0.020523665909713697;0.0;0.0;0.0;0.02684908045819778;0.0;0.02262495253948777;0.0;0.19830444671721617;0.0;0.0;0.0;0.0;0.027200476458672664;0.0214039663591502;0.0;0.0;0.0;0.2939435556307272;0.0;0.24499973645794762;0.0;0.2046036089971475;0.0258682610048043;0.0;0.0;0.024162550735544377;0.0;0.17038026977747942;0.1805538754308448;0.0;0.025205591530145576;0.19973140799383846;0.0;0.0;0.28675901303831647;0.020161478237968645;0.034193046740910726;0.019696116006850124;0.0287859801059808;0.0;0.0;0.0;0.0;0.0;0.0;0.0;0.0;0.0;0.0;0.0;0.0;0.02107770458187479;0.017737756410157193;0.02346580852467948
GO:0051260;0.03254130265909306;0.4158531058901103;0.0;0.03907609410483365;0.029817651666838488;0.021849572953508645;0.03305401291137094;0.02467371557432824;0.029429034107523226;0.025106674436893597;0.0;0.0;0.0;0.2691918681492582;0.0;0.0;0.0;0.0;0.0;0.0;0.0;0.04309677696390853;0.0;0.574009457602262;0.024152105575009256;0.2318221205831216;1.0;0.0;0.0;0.0;0.03124437229511166;0.0;0.02467371557432824;0.0;0.0;0.0;0.03442347513691897;0.0;0.027774917263730374;0.0;0.2455201505260038;0.0;0.0;0.0;0.0;0.035003242650041635;0.025957148769113186;0.0;0.0;0.0;0.0280857617968616;0.0;0.022545221496724492;0.0;0.0;0.03282764430736879;0.0;0.0;0.0301285777111771;0.0;0.20410419389857445;0.0;0.0;0.0317677583763034;0.23330873225794174;0.0;0.0;0.027246011143267107;0.024152105575009256;0.0475049634528783;0.023487327377323248;0.0376735055726143;0.0;0.0;0.0;0.0;0.0;0.0;0.0;0.0;0.0;0.0;0.0;0.0;0.025478864950831494;0.020754795593142927;0.029052948315422267
GO:0042102;0.09366326129263751;0.0723977645115027;0.06537761647131816;0.0;0.0;0.0;0.0;0.0;0.06575061424565974;0.0;0.0;0.3244731532592718;0.09502163512411392;0.0;0.20753373548653717;0.0;0.0;0.2640998684993162;0.2620767940419909;0.22516462822038238;0.37811730401208143;0.11955282915370134;0.0;0.0;0.0;0.0;0.0;1.0;0.3255438915242547;0.4430619040505267;0.0;0.1087717211798313;0.0;0.05487320428075188;0.28527116949964676;0.3017550017160018;0.0;0.0;0.06242666899834765;0.18918352910398203;0.0;0.056086279198724456;0.0;0.5671256553671925;0.2534287885163911;0.09987415787028815;0.0;0.2722806714831804;0.17596526562310252;0.10900448927990608;0.0;0.31450138204881;0.0;0.0;0.0;0.0;0.22167566946060416;0.11305937900087362;0.06714446628482278;0.8616482920028798;0.0;0.0;0.25416878507697777;0.5560033032687038;0.0;0.8127836310902584;0.0;0.0;0.0;0.0;0.0;0.10648974302434709;0.0;0.08017786339587615;0.48619827903642826;0.19946779589238217;0.406498153484521;0.40802146723927263;0.11417633495330112;0.0;0.0;0.0;0.26137558449869824;0.2897116192336183;0.07522674686106487;0.0;0.2259646529536413
GO:0009967;0.12953378789758674;0.3443387042357358;0.08104250688233487;0.0;0.0;0.0;0.0;0.0;0.0880479735534338;0.0;0.0;0.5065777892548416;0.13214634476126763;0.0;0.278483751321575;0.0;0.0;0.3733352291027979;0.3693052796012783;0.49546240255703317;0.3369312246526108;0.18491289178245404;0.0;0.0;0.0;0.0;0.0;0.3255438915242547;1.0;0.2487075457693762;0.0;0.17141114654975295;0.0;0.06727577580515597;0.4170927932831582;0.47931129745483425;0.0;0.0;0.08218779839921116;0.24641147950318174;0.0;0.07154030667192275;0.0;0.16308925586807113;0.6920009307062427;0.14172237541767296;0.0;0.38989512945685173;0.22445077915900327;0.16083937979357257;0.0;0.4826842622884617;0.0;0.0;0.0;0.0;0.5770716190701746;0.16982661723929363;0.09056558793140641;0.2671727372021376;0.0;0.0;0.3537938382952343;0.5543910210997774;0.0;0.3007186657330282;0.0;0.0;0.0;0.0;0.0;0.1554237161285434;0.0;0.39283959361215665;0.46316275948479996;0.25605230740758234;0.37424817409969074;0.20229137711839565;0.17235937717793315;0.0;0.0;0.0;0.7225448367517537;0.426653976621285;0.0967436752678518;0.0;0.30142432060621815
GO:0045657;0.07570543229612542;0.06118030945748723;0.056090591462583377;0.0;0.0;0.0;0.0;0.0;0.054030204838101385;0.0;0.0;0.24808211474491726;0.07659040307390003;0.0;0.36913495002974483;0.0;0.0;0.502930635322687;0.20987769156381403;0.18552189963877905;0.32654996020107346;0.0917679554893653;0.0;0.0;0.0;0.0;0.0;0.4430619040505267;0.2487075457693762;1.0;0.0;0.08284047507052784;0.0;0.04738963936284801;0.22449506385008486;0.2290682311531788;0.0;0.0;0.05176525365869937;0.34191167165388286;0.0;0.04732864068651359;0.0;0.0860532617763991;0.20429485202799744;0.07971209864598848;0.0;0.51531057907596;0.14848902350028143;0.4307315402052787;0.0;0.2422104756177745;0.0;0.0;0.0;0.0;0.18314685223715826;0.08789310525120185;0.05496787961265207;0.3917936238579054;0.0;0.0;0.20477545545617126;0.4512254428953703;0.0;0.4221870717654287;0.0;0.0;0.0;0.0;0.0;0.08387064534215241;0.0;0.06664526249056335;0.404136635181395;0.3279764455584759;0.3399839315717309;0.3486157093810028;0.08856666863610387;0.0;0.0;0.0;0.2094277514205667;0.2272359244628904;0.06318839301536254;0.0;0.18606467716100655
GO:0030217;0.029004436437219668;0.02237812803356361;0.0;0.034085020504321696;0.4165452910280417;0.020195985138444682;0.02941105567311055;0.29078508328671054;0.026505966132599812;0.02294769944426121;0.20986342148404993;0.0;0.0;0.36638325471076333;0.0;0.18835025585278728;0.0;0.0;0.0;0.0;0.0;0.03710451466661975;0.0;0.029934248629041402;0.2851479840963152;0.3202622702244533;0.03124437229511166;0.0;0.0;0.0;1.0;0.0;0.02258546390480828;0.0;0.0;0.0;0.03049036103293653;0.0;0.025156590624984227;0.0;0.026200492450459037;0.0;0.0;0.0;0.0;0.030944338880790505;0.02365613100925357;0.0;0.0;0.0;0.9085328114338342;0.0;0.3228656415370776;0.0;0.22799210089761618;0.029231699241023056;0.0;0.0;0.027072108786718053;0.0;0.0221476267955128;0.19852572314951764;0.0;0.40038467645432796;0.22195876312199078;0.3688743380471115;0.0;0.8838846752577193;0.0221476267955128;0.04032625735268308;0.30446465969004377;0.03301293171117942;0.0;0.0;0.0;0.0;0.0;0.0;0.0;0.4733248481668954;0.0;0.0;0.0;0.0;0.023258235439370098;0.01925708380277638;0.026200492450459037
GO:0010629;0.351869640972001;0.08186931603793453;0.23203312744410629;0.0;0.0;0.0;0.0;0.0;0.08914143448385917;0.0;0.0;0.5499468825233175;0.359068204038997;0.0;0.10303270791678444;0.0;0.0;0.12498244019490405;0.12361305674106203;0.251564301930096;0.06783033178683297;0.16600999886222892;0.0;0.0;0.0;0.0;0.0;0.1087717211798313;0.17141114654975295;0.08284047507052784;0.0;1.0;0.0;0.317364507209864;0.35141838880495346;0.5771599121383394;0.0;0.0;0.08313976214964611;0.09103541679086921;0.0;0.07226051164591495;0.0;0.44463878753791697;0.11786050286134216;0.1266379376384899;0.0;0.1306142382490643;0.08284047507052784;0.14401916487075703;0.0;0.5234961419503599;0.0;0.0;0.0;0.0;0.09805267825232956;0.8695155565641915;0.09172288594647901;0.08905749692354173;0.0;0.0;0.29731931224036534;0.11220586324828875;0.0;0.10037586147238443;0.0;0.0;0.0;0.0;0.0;0.13908789333507407;0.0;0.2847130405863555;0.09353186656557289;0.21432824280480423;0.2710929618659456;0.07458773237648267;0.47038701612184197;0.0;0.0;0.0;0.30936345786308755;0.14314260091371941;0.0860264423269914;0.0;0.10061427955550221
GO:0097011;0.023255446653902515;0.018793571078130664;0.0;0.02641198754607074;0.021830398825955735;0.017230094564966998;0.023516124006709313;0.018939587432658576;0.021621364435832364;0.019193656101624983;0.0;0.0;0.0;0.02290234083085127;0.0;0.0;0.0;0.0;0.0;0.0;0.0;0.02818958598734345;0.0;0.023849417185646194;0.01863073091991696;0.020523665909713697;0.02467371557432824;0.0;0.0;0.0;0.02258546390480828;0.0;1.0;0.0;0.0;0.0;0.02420109456365716;0.3428917744938768;0.020714994840789015;0.0;0.021417671458441475;0.0;0.3076317884325709;0.0;0.0;0.024486227758153543;0.01968676996160056;0.0;0.0;0.0;0.020887409289556614;0.0;0.017659794945153594;0.0;0.0;0.30479098297887186;0.0;0.0;0.021996595440112225;0.0;0.01863073091991696;0.0;0.0;0.022857687078178996;0.020621975026485204;0.0;0.1777774262221389;0.020419363871974187;0.01863073091991696;0.03001116373548947;0.018232653144588034;0.025763663972666148;0.0;0.0;0.0;0.0;0.0;0.0;0.0;0.20984947073103077;0.0;0.0;0.0;0.0;0.019410420868698968;0.016542012253947143;0.021417671458441475
GO:0050760;0.17216092921013978;0.04707022364997294;0.15150549462702353;0.0;0.0;0.0;0.0;0.0;0.04635950076046049;0.0;0.0;0.23323755996334022;0.17386637240137687;0.0;0.05337341103410523;0.0;0.0;0.05871511733300534;0.0584111287575101;0.1362724135827798;0.042064647228987374;0.06642753415705416;0.0;0.0;0.0;0.0;0.0;0.05487320428075188;0.06727577580515597;0.04738963936284801;0.0;0.317364507209864;0.0;1.0;0.27777302112349184;0.1718572099330141;0.0;0.0;0.04468202786965736;0.04996252627028004;0.0;0.04133727606172416;0.0;0.19173345703411665;0.05709433820639078;0.059077937100524315;0.0;0.059929050797917896;0.04738963936284801;0.06260256925867667;0.0;0.22868796817564152;0.0;0.0;0.0;0.0;0.052005150896063286;0.38835111853707904;0.04704813368835231;0.04936086100569289;0.0;0.0;0.25710218730034784;0.05573373257852173;0.0;0.052651476907797014;0.0;0.0;0.0;0.0;0.0;0.06165242053523821;0.0;0.15434800705194093;0.050705289685758395;0.21656585067414427;0.15025553684463896;0.044568651499123986;0.19636850706587392;0.0;0.0;0.0;0.26203354425677405;0.0624363718558825;0.04841537023134746;0.0;0.05271700259003229
GO:0045860;0.11264738814099666;0.08324110852693478;0.1689740826841023;0.0;0.0;0.0;0.0;0.0;0.0777300977801504;0.0;0.0;0.5915829851878555;0.11461800181019131;0.0;0.24561613895674536;0.0;0.0;0.3213148696718311;0.31832524260137535;0.378115269816246;0.16914952800468297;0.15231789183295497;0.0;0.0;0.0;0.0;0.0;0.28527116949964676;0.4170927932831582;0.22449506385008486;0.0;0.35141838880495346;0.0;0.27777302112349184;1.0;0.6032320521323505;0.0;0.0;0.0731269934635554;0.2203238915661767;0.0;0.06457562702605182;0.0;0.13719534737537983;0.3056564258959181;0.12175353380900791;0.0;0.3335060418823292;0.2025997717223508;0.1355996925679919;0.0;0.5685097095216061;0.0;0.0;0.0;0.0;0.2606297458247767;0.32368368865904507;0.07968568023724797;0.23943200651553742;0.0;0.0;0.714202853957213;0.26444815204730365;0.0;0.26602668195145723;0.0;0.0;0.0;0.0;0.0;0.131729922614187;0.0;0.09369450595961193;0.22565013820496474;0.4418724899617562;0.08972074728993311;0.18436971252322737;0.14369681926162195;0.0;0.0;0.0;0.7387858602577412;0.3600393862401528;0.08700298751371983;0.0;0.26657876500687416
GO:0010628;0.11727814386180588;0.08271070517163517;0.2341260334607186;0.0;0.0;0.0;0.0;0.0;0.09028790998888786;0.0;0.0;0.9518295132107676;0.11971311398142094;0.0;0.2856273333346186;0.0;0.0;0.34743626813060174;0.34357016395112866;0.42966662535381267;0.1872097969316293;0.16950650774790632;0.0;0.0;0.0;0.0;0.0;0.3017550017160018;0.47931129745483425;0.2290682311531788;0.0;0.5771599121383394;0.0;0.1718572099330141;0.6032320521323505;1.0;0.0;0.0;0.08413619307288595;0.2519879199336559;0.0;0.07301204997771091;0.0;0.14876966557440863;0.3273438841154558;0.12866249369875196;0.0;0.3633502705555754;0.2290682311531788;0.1466433635643769;0.0;0.9051071659038554;0.0;0.0;0.0;0.0;0.2716514160373599;0.5003976773850533;0.0929371768689374;0.24645173419706587;0.0;0.0;0.5089815742139792;0.3114167192590406;0.0;0.27816900019029955;0.0;0.0;0.0;0.0;0.0;0.1415339354206849;0.0;0.09463165731069585;0.2589793982397754;0.3653868096177874;0.09005402056178499;0.2060344968720637;0.15755330175212526;0.0;0.0;0.0;0.5299203539453519;0.398833508731049;0.08695593334408358;0.0;0.2788380867976024
GO:0043043;0.031724213845716186;0.023963190790218414;0.0;0.4357164993520049;0.029130171860980967;0.021478137770245764;0.370279463101736;0.02420109456365716;0.028759156268295664;0.20741625000860628;0.0;0.0;0.0;0.03107071851912408;0.0;0.0;0.27851587447973786;0.0;0.0;0.0;0.0;0.0416752140240691;0.0;0.0328399348232374;0.02369907260266901;0.02684908045819778;0.03442347513691897;0.0;0.0;0.0;0.03049036103293653;0.0;0.02420109456365716;0.0;0.0;0.0;1.0;0.0;0.730908792288155;0.0;0.2392851661205712;0.0;0.0;0.0;0.0;0.034059634414717266;0.6840364194394402;0.0;0.0;0.0;0.02747500618127273;0.0;0.02214997215720022;0.0;0.0;0.2795115979692215;0.0;0.0;0.02942685435493601;0.0;0.02369907260266901;0.0;0.0;0.03098858907078566;0.02701757443250917;0.0;0.0;0.026670858153907632;0.19967809894629499;0.5262965196027743;0.20143473404033088;0.03658268072420944;0.2443056073045719;0.0;0.0;0.0;0.0;0.0;0.0;0.0;0.3514887133823798;0.0;0.0;0.0;0.024975210477502608;0.49923215405436533;0.02839989239960837
GO:0032355;0.0;0.0;0.0;0.0;0.0;0.0;0.0;0.0;0.0;0.0;0.0;0.0;0.0;0.0;0.0;0.0;0.0;0.0;0.0;0.0;0.0;0.0;0.0;0.0;0.0;0.0;0.0;0.0;0.0;0.0;0.0;0.0;0.3428917744938768;0.0;0.0;0.0;0.0;1.0;0.0;0.0;0.0;0.0;0.5627149445214663;0.0;0.0;0.0;0.0;0.0;0.0;0.0;0.0;0.0;0.0;0.0;0.0;0.23975237290393805;0.0;0.0;0.0;0.0;0.0;0.0;0.0;0.0;0.0;0.0;0.2231142924527127;0.0;0.0;0.0;0.0;0.0;0.0;0.0;0.0;0.0;0.0;0.0;0.0;0.2760663768784592;0.0;0.0;0.0;0.0;0.0;0.0;0.0
