;GO:0007050;GO:0007172;GO:0034395;GO:0006366;GO:0022008;GO:0002001;GO:0006367;GO:0003334;GO:0006879;GO:0006559;GO:0048566;GO:0045893;GO:0030308;GO:0007409;GO:0032729;GO:0031077;GO:0051604;GO:0010976;GO:0050714;GO:0045739;GO:0035397;GO:0007186;GO:0030260;GO:0065004;GO:0021902;GO:0003382;GO:0051260;GO:0042102;GO:0009967;GO:0045657;GO:0030217;GO:0010629;GO:0097011;GO:0050760;GO:0045860;GO:0010628;GO:0043043;GO:0032355;GO:0016486;GO:0032753;GO:0043967;GO:0060586;GO:0033280;GO:0008285;GO:0043123;GO:0097190;GO:0006465;GO:0045666;GO:0046598;GO:0045664;GO:0046632;GO:0045944;GO:0021773;GO:1903988;GO:0048538;GO:0006302;GO:0050850;GO:0000122;GO:0032507;GO:0046641;GO:0019064;GO:0030323;GO:0050731;GO:0050852;GO:0016358;GO:0031295;GO:0050829;GO:0033077;GO:0006032;GO:0006351;GO:0033153;GO:0007169;GO:0042089;GO:0045879;GO:0045954;GO:0045086;GO:0050860;GO:0002669;GO:0043066;GO:0045087;GO:0006508;GO:0006948;GO:0070374;GO:0043065;GO:0035723;GO:0033345;GO:0010524
GO:0007050;1.0;0.44798248093132176;0.47465686883211494;0.5318270900175323;0.46648350824075624;0.4328241782709224;0.4328241782709224;0.4328241782709224;0.31039769649136584;0.34775631971058624;0.0;0.40748106582202326;0.5425192375044361;0.5109787221829638;0.31400086308337694;0.0;0.0;0.5288886537331425;0.4117445823130357;0.3620147392110343;0.28119718745471345;0.5602771640735718;0.0;0.5191482930589301;0.4328241782709224;0.46648350824075624;0.4594985661717156;0.32689692534341386;0.4630966109862462;0.2864787271957445;0.5184444735123792;0.497273155340297;0.30826541773625277;0.34550079306210985;0.3794384244396164;0.41967809337614065;0.3965862796526363;0.0;0.48331317322567313;0.30415614016750064;0.47632823115663253;0.35146959937333017;0.0;0.5748798582340742;0.3131531150965377;0.5241125131902767;0.4496538432558393;0.5434474990886548;0.28684120333210544;0.5713593560222637;0.504315375202389;0.38444661929048496;0.4328241782709224;0.0;0.0;0.3685991356068798;0.34238566413668214;0.4616239159358991;0.5137303510727432;0.2906380498234458;0.4496538432558393;0.0;0.3243387642040626;0.44798248093132176;0.47632823115663253;0.3897171769326462;0.0;0.46648350824075624;0.37817349755765634;0.5401139561661263;0.4328241782709224;0.5531330078326222;0.0;0.439408954428402;0.3209858051524176;0.2864787271957445;0.3999180524540685;0.27001153834718855;0.5147340486333591;0.0;0.0;0.0;0.2878196533873931;0.4141051985187456;0.44798248093132176;0.27132042453534516;0.3933318002180557
GO:0007172;0.44798248093132176;1.0;0.42741002600012795;0.48458024718554527;0.41923666540876925;0.3855773354389354;0.3855773354389354;0.3855773354389354;0.24766211486611056;0.27784823988918267;0.0;0.36023422299003627;0.37600149740962563;0.5553561630439061;0.26675402025138994;0.0;0.0;0.4816418109011556;0.3644977394810487;0.4175992049195558;0.34376122428552547;0.5130303212415848;0.0;0.6670500937757173;0.3855773354389354;0.5108609491016987;0.5925963001785468;0.27965008251142687;0.6426789793238639;0.23923188436375753;0.47119763068039217;0.3722219382632715;0.24138851853875337;0.22276469551520156;0.3321915816076294;0.37243125054415366;0.34933943682064933;0.0;0.43606633039368614;0.25690929733551365;0.5207056720175749;0.3042227565413432;0.0;0.40836211813926365;0.45458550765147043;0.47686567035828975;0.4024070004238523;0.49620065625666776;0.23959436050011845;0.5241125131902767;0.45706853237040207;0.33719977645849797;0.3855773354389354;0.0;0.0;0.3017222364093804;0.4838180566916149;0.32190873040274914;0.46648350824075624;0.24339120699145883;0.4940312841167817;0.0;0.2770919213720756;0.4612756532849143;0.5207056720175749;0.3424703341006592;0.0;0.41923666540876925;0.30826541773625277;0.4928671133341394;0.3855773354389354;0.5058861650006352;0.0;0.4943741253491746;0.3507461663545661;0.23923188436375753;0.44474078473559414;0.22276469551520156;0.36553124537394377;0.0;0.0;0.0;0.41793823017393356;0.3668583556867586;0.40073563809933477;0.20858484291008988;0.3460849573860687
GO:0034395;0.47465686883211494;0.42741002600012795;1.0;0.0;0.0;0.0;0.0;0.0;0.268076892852904;0.0;0.0;0.6460429601060134;0.38001464832100224;0.0;0.29342840815218313;0.0;0.0;0.5083161988019488;0.3715420710163295;0.44356741765393;0.26062473252351964;0.5397047091423779;0.0;0.0;0.0;0.0;0.0;0.30632447041222;0.44252415605505235;0.2504175334712824;0.0;0.5950122858321192;0.0;0.40690031301931173;0.42506396090265647;0.5952215981130013;0.0;0.0;0.45648110838047956;0.2835836852363069;0.0;0.33089714444213636;0.0;0.41237526905064026;0.2925806601653439;0.503540058259083;0.0;0.522875044157461;0.2662687484009117;0.55078690109107;0.0;0.696875535553168;0.0;0.0;0.0;0.0;0.3218132092054883;0.681584489497419;0.48689828622754966;0.270065594892252;0.0;0.0;0.3559530321182384;0.42741002600012795;0.0;0.36914472200145243;0.0;0.0;0.0;0.0;0.0;0.5325605529014285;0.0;0.31688053906977975;0.3004133502212238;0.3872702566537993;0.30005087408486286;0.24943908341599474;0.37489069643934175;0.0;0.0;0.0;0.33344518985043325;0.3762178067521566;0.42741002600012795;0.0;0.3500981082974453
GO:0006366;0.5318270900175323;0.48458024718554527;0.0;1.0;0.5182395771553792;0.48458024718554527;0.7018838482221958;0.48458024718554527;0.3466650266127204;0.4794135880928889;0.0;0.0;0.0;0.5627347910975866;0.0;0.0;0.6617987111615743;0.0;0.0;0.0;0.0;0.5968749303277952;0.0;0.570904361973553;0.48458024718554527;0.5182395771553792;0.5112546350863385;0.0;0.0;0.0;0.570200542427002;0.0;0.34039143028536323;0.0;0.0;0.0;0.6296433568860909;0.0;0.6168660466495524;0.0;0.6191980167525526;0.0;0.0;0.0;0.0;0.5607102794445002;0.5925236288517595;0.0;0.0;0.0;0.5560714441170119;0.0;0.48458024718554527;0.0;0.0;0.569366720495379;0.0;0.0;0.5654864199873662;0.0;0.5014099121704623;0.0;0.0;0.48458024718554527;0.5280843000712554;0.0;0.0;0.5182395771553792;0.5322254569443642;0.8898156103061527;0.6109305261700049;0.5897307740868458;0.7434147754348943;0.0;0.0;0.0;0.0;0.0;0.0;0.0;0.6298377583944803;0.0;0.0;0.0;0.48458024718554527;0.42218823479461953;0.4072683294828626
GO:0022008;0.46648350824075624;0.41923666540876925;0.0;0.5182395771553792;1.0;0.41923666540876925;0.41923666540876925;0.5337928711680304;0.2813214448359444;0.31150756985901656;0.4968639676373608;0.0;0.0;0.6119474150800717;0.0;0.48003430265244385;0.0;0.0;0.0;0.0;0.0;0.5315313485510191;0.0;0.505560780196777;0.5337928711680304;0.5674522011378642;0.44591105330956243;0.0;0.0;0.0;0.654463999852262;0.0;0.2750478485085872;0.0;0.0;0.0;0.3829987667904832;0.0;0.46972566036352;0.0;0.4627407182944793;0.0;0.0;0.0;0.0;0.49536669766772423;0.4360663303936862;0.0;0.0;0.0;0.6403349015422719;0.0;0.5688437046108052;0.0;0.48003430265244385;0.33538156637921424;0.0;0.0;0.5001428382105901;0.0;0.4360663303936862;0.5136936326222776;0.0;0.41923666540876925;0.5235383555381539;0.0;0.0;0.602503034580639;0.3419247477060866;0.5265264433039731;0.41923666540876925;0.5243871923100698;0.0;0.0;0.0;0.0;0.0;0.0;0.0;0.0;0.0;0.0;0.0;0.0;0.41923666540876925;0.24224417287992372;0.3419247477060866
GO:0002001;0.4328241782709224;0.3855773354389354;0.0;0.48458024718554527;0.41923666540876925;1.0;0.3855773354389354;0.3855773354389354;0.24766211486611056;0.27784823988918267;0.0;0.0;0.0;0.46373187935097676;0.0;0.0;0.0;0.0;0.0;0.0;0.0;0.49787201858118535;0.0;0.4719014502269431;0.3855773354389354;0.41923666540876925;0.4122517233397286;0.0;0.0;0.0;0.47119763068039217;0.0;0.24138851853875337;0.0;0.0;0.0;0.34933943682064933;0.0;0.43606633039368614;0.0;0.42908138832464554;0.0;0.0;0.0;0.0;0.4617073676978904;0.4024070004238523;0.0;0.0;0.0;0.45706853237040207;0.0;0.3855773354389354;0.33649976053548797;0.0;0.3017222364093804;0.0;0.0;0.5475865845456516;0.0;0.4024070004238523;0.0;0.0;0.3855773354389354;0.42908138832464554;0.0;0.0;0.41923666540876925;0.30826541773625277;0.4928671133341394;0.3855773354389354;0.4907278623402359;0.0;0.0;0.0;0.0;0.0;0.0;0.0;0.0;0.0;0.0;0.0;0.0;0.3855773354389354;0.20858484291008988;0.30826541773625277
GO:0006367;0.4328241782709224;0.3855773354389354;0.0;0.7018838482221958;0.41923666540876925;0.3855773354389354;1.0;0.3855773354389354;0.26315085365937885;0.4072132309079396;0.0;0.0;0.0;0.46373187935097676;0.0;0.0;0.5627957994149644;0.0;0.0;0.0;0.0;0.49787201858118535;0.0;0.4719014502269431;0.3855773354389354;0.41923666540876925;0.4122517233397286;0.0;0.0;0.0;0.47119763068039217;0.0;0.2610185749042658;0.0;0.0;0.0;0.5634441207681444;0.0;0.5178631349029424;0.0;0.50457472423507;0.0;0.0;0.0;0.0;0.4617073676978904;0.4842038049331086;0.0;0.0;0.0;0.45706853237040207;0.0;0.3855773354389354;0.0;0.0;0.4971663633104296;0.0;0.0;0.46648350824075624;0.0;0.4024070004238523;0.0;0.0;0.3855773354389354;0.42908138832464554;0.0;0.0;0.41923666540876925;0.4332225451977543;0.71017071437079;0.5119276144233951;0.4907278623402359;0.6444118636882845;0.0;0.0;0.0;0.0;0.0;0.0;0.0;0.5308348466478705;0.0;0.0;0.0;0.3855773354389354;0.36547661640293866;0.30826541773625277
GO:0003334;0.4328241782709224;0.3855773354389354;0.0;0.48458024718554527;0.5337928711680304;0.3855773354389354;0.3855773354389354;1.0;0.26315085365937885;0.30050947687859925;0.5181668558495318;0.0;0.0;0.5782880851102379;0.0;0.5013371908646149;0.0;0.0;0.0;0.0;0.0;0.49787201858118535;0.0;0.4719014502269431;0.5001335411981965;0.5337928711680304;0.4122517233397286;0.0;0.0;0.0;0.5857538364396533;0.0;0.2610185749042658;0.0;0.0;0.0;0.34933943682064933;0.0;0.43606633039368614;0.0;0.42908138832464554;0.0;0.0;0.0;0.0;0.4617073676978904;0.4024070004238523;0.0;0.0;0.0;0.5716247381296632;0.0;0.5001335411981965;0.0;0.5013371908646149;0.3213522927748928;0.0;0.0;0.46648350824075624;0.0;0.4024070004238523;0.5349965208344487;0.0;0.3855773354389354;0.544841243750325;0.0;0.0;0.5337928711680304;0.33092665472566934;0.4928671133341394;0.3855773354389354;0.4907278623402359;0.0;0.0;0.0;0.0;0.0;0.0;0.0;0.0;0.0;0.0;0.0;0.0;0.3855773354389354;0.22407358170335817;0.30826541773625277
GO:0006879;0.31039769649136584;0.24766211486611056;0.268076892852904;0.3466650266127204;0.2813214448359444;0.24766211486611056;0.26315085365937885;0.26315085365937885;1.0;0.2376892252893668;0.0;0.2933109956617998;0.26910209625657755;0.3413053975714202;0.2084706626625798;0.0;0.0;0.3223086777539316;0.2701171366781702;0.23052973221541567;0.19007079801067323;0.3754455368016288;0.0;0.3339862296541182;0.26315085365937885;0.2968101836292127;0.27433650276690374;0.2193033470508176;0.33161160399062767;0.16339641010988004;0.3332824101075673;0.3139385806744614;0.20909271782346173;0.17230865703552112;0.265268354279393;0.31414789295534346;0.29741357973984534;0.0;0.3894627429560357;0.19862593974670356;0.3066549065450889;0.7830798325564694;0.0;0.3014627169862156;0.1989830449363143;0.33928088591833383;0.2644917798510275;0.33686752310944384;0.18913832202043807;0.36477938004305277;0.3191533117975772;0.27685304099788877;0.26315085365937885;0.0;0.0;0.26942643569408875;0.22821559397645869;0.2615619949421399;0.4198799208031058;0.18865305016995987;0.2644917798510275;0.0;0.2083424960017124;0.26315085365937885;0.3066549065450889;0.23142961537536705;0.0;0.2813214448359444;0.26810640313643685;0.3549518927613145;0.26315085365937885;0.36830138056067935;0.0;0.21545560473162045;0.21545560473162045;0.17230865703552112;0.19862593974670356;0.17230865703552112;0.28129308121031216;0.0;0.0;0.0;0.180226075094797;0.282620191523127;0.26315085365937885;0.18805588467578638;0.5975527350993295
GO:0006559;0.34775631971058624;0.27784823988918267;0.0;0.4794135880928889;0.31150756985901656;0.27784823988918267;0.4072132309079396;0.30050947687859925;0.2376892252893668;1.0;0.0;0.0;0.0;0.3786640207906406;0.0;0.0;0.4694367256512315;0.0;0.0;0.0;0.0;0.41280416002084924;0.0;0.3641723546771904;0.30050947687859925;0.33416880684843314;0.3045226277899759;0.0;0.0;0.0;0.3634685351306394;0.0;0.22541450789500678;0.0;0.0;0.0;0.4333712225125939;0.0;0.41820059254037767;0.0;0.411215650471337;0.0;0.0;0.0;0.0;0.37663950913755423;0.38454126257054383;0.0;0.0;0.0;0.34933943682064933;0.0;0.30050947687859925;0.0;0.0;0.39845310086197705;0.0;0.0;0.35875441269100355;0.0;0.2946779048740996;0.0;0.0;0.30050947687859925;0.3440135297643094;0.0;0.0;0.31150756985901656;0.6640135036587455;0.487700454241483;0.380410676346279;0.4056600037798998;0.4369307657459387;0.0;0.0;0.0;0.0;0.0;0.0;0.0;0.45710582924964993;0.0;0.0;0.0;0.30050947687859925;0.5138096011014833;0.2586500821781295
GO:0048566;0.0;0.0;0.0;0.0;0.4968639676373608;0.0;0.0;0.5181668558495318;0.0;0.0;1.0;0.0;0.0;0.5413591815795682;0.0;0.604523137761283;0.0;0.0;0.0;0.0;0.0;0.0;0.0;0.0;0.4632046376675269;0.4968639676373608;0.0;0.0;0.0;0.0;0.5488249329089836;0.0;0.0;0.0;0.0;0.0;0.0;0.0;0.0;0.0;0.0;0.0;0.0;0.0;0.0;0.0;0.0;0.0;0.0;0.0;0.5346958345989936;0.0;0.4632046376675269;0.0;0.604523137761283;0.0;0.0;0.0;0.0;0.0;0.0;0.6699372340488097;0.0;0.0;0.561670908735242;0.0;0.0;0.4968639676373608;0.0;0.0;0.0;0.0;0.0;0.0;0.0;0.0;0.0;0.0;0.0;0.0;0.0;0.0;0.0;0.0;0.0;0.0;0.0
GO:0045893;0.40748106582202326;0.36023422299003627;0.6460429601060134;0.0;0.0;0.0;0.0;0.0;0.2933109956617998;0.0;0.0;1.0;0.4547125426809754;0.0;0.44466501484215176;0.0;0.0;0.5011492471375382;0.5258788730874961;0.6648455021655193;0.4118613392134883;0.48984384296768135;0.0;0.0;0.0;0.0;0.0;0.4606612724833867;0.596860958126219;0.4047543355424491;0.0;0.7221439121862683;0.0;0.5238895007342139;0.5944996115335133;0.8867531968874688;0.0;0.0;0.3893053053703878;0.4348202919262755;0.0;0.3093163030735046;0.0;0.48707316341061335;0.4469174622365105;0.45367919208438645;0.0;0.5157080924930504;0.4175053550908803;0.48361109808097824;0.0;0.890556768716477;0.0;0.0;0.0;0.0;0.47615001127665496;0.71753415703748;0.4197224832174579;0.42440239696341864;0.0;0.0;0.5548886900912278;0.40067569010596343;0.0;0.421584000527366;0.0;0.0;0.0;0.0;0.0;0.4653847498913367;0.0;0.37840481416660177;0.4516499569111924;0.5843229447730114;0.3615751491816849;0.40067569010596343;0.453729908371559;0.0;0.0;0.0;0.5010546424391631;0.5305546088233233;0.36023422299003627;0.0;0.504434910368612
GO:0030308;0.5425192375044361;0.37600149740962563;0.38001464832100224;0.0;0.0;0.0;0.0;0.0;0.26910209625657755;0.0;0.0;0.4547125426809754;1.0;0.0;0.34391740310693386;0.0;0.0;0.5441169514925428;0.4643223593260092;0.4115613356001036;0.3111137274782704;0.5150987351135361;0.0;0.0;0.0;0.0;0.0;0.37230220416023907;0.5156743879992197;0.33371020405469665;0.0;0.5498509323532705;0.0;0.3950473894511792;0.39386622566990503;0.4495946333996976;0.0;0.0;0.38241134280056066;0.33407268019105757;0.0;0.2949773546449023;0.0;0.6470876916125601;0.36038459195548983;0.4789340842302412;0.0;0.44880527857754204;0.31675774335566237;0.476717135511151;0.0;0.42985189810731017;0.0;0.0;0.0;0.0;0.38961714099563427;0.5111705123249684;0.41282852064763076;0.334565858395867;0.0;0.0;0.3697440430208878;0.35334026042020905;0.0;0.33322493220421834;0.0;0.0;0.0;0.0;0.0;0.45849078732150955;0.0;0.4961280490136195;0.3509023451759745;0.33371020405469665;0.452495829467042;0.2999280783707455;0.5714531432185768;0.0;0.0;0.0;0.33322493220421834;0.46365179490781494;0.35334026042020905;0.0;0.4500508948032732
GO:0007409;0.5109787221829638;0.5553561630439061;0.0;0.5627347910975866;0.6119474150800717;0.46373187935097676;0.46373187935097676;0.5782880851102379;0.3413053975714202;0.3786640207906406;0.5413591815795682;0.0;0.0;1.0;0.0;0.5245295165946513;0.0;0.0;0.0;0.0;0.0;0.5760265624932267;0.0;0.6416802778319138;0.5782880851102379;0.7302064159980665;0.5820305509446994;0.0;0.0;0.0;0.6639083803516946;0.0;0.33917311881630713;0.0;0.0;0.0;0.4274939807326907;0.0;0.5142208743057275;0.0;0.5988602159296164;0.0;0.0;0.0;0.0;0.5398619116099317;0.48056154433589365;0.0;0.0;0.0;0.6497792820417045;0.0;0.5782880851102379;0.0;0.5245295165946513;0.39950683668693415;0.0;0.0;0.5446380521527976;0.0;0.572185828028823;0.5581888465644852;0.0;0.46373187935097676;0.7260812547758615;0.0;0.0;0.6119474150800717;0.4090811986377107;0.5710216572461808;0.46373187935097676;0.5688824062522773;0.0;0.0;0.0;0.0;0.0;0.0;0.0;0.0;0.0;0.0;0.0;0.0;0.46373187935097676;0.3022281256153995;0.3864199616482941
GO:0032729;0.31400086308337694;0.26675402025138994;0.29342840815218313;0.0;0.0;0.0;0.0;0.0;0.2084706626625798;0.0;0.0;0.44466501484215176;0.34391740310693386;0.0;1.0;0.0;0.0;0.4955949366441117;0.4316135944977691;0.38188375139576763;0.33302212728127106;0.3790487033936399;0.0;0.0;0.0;0.0;0.0;0.36225467632141545;0.5056268601603962;0.41468876384229086;0.0;0.38158138932866953;0.0;0.23395034462272646;0.3698074292822172;0.4756443507749423;0.0;0.0;0.3122922914802975;0.6364682523583933;0.0;0.2289996208968833;0.0;0.3762780238365719;0.35033706411666626;0.3428840525103449;0.0;0.5328150189890405;0.34049234120079;0.4614642069689866;0.0;0.4198043702684866;0.0;0.0;0.0;0.0;0.37956961315681065;0.31810466090612205;0.3427094693273676;0.32451833055704343;0.0;0.0;0.34420777638879596;0.3236626762158731;0.0;0.3231774043653948;0.0;0.0;0.0;0.0;0.0;0.37190454715269045;0.0;0.2830984133858286;0.3769520625512193;0.5773472940185473;0.2662687484009117;0.43735000083170744;0.3429347687975175;0.0;0.0;0.0;0.3231774043653948;0.43397421070347897;0.26675402025138994;0.0;0.41320081240278905
GO:0031077;0.0;0.0;0.0;0.0;0.48003430265244385;0.0;0.0;0.5013371908646149;0.0;0.0;0.604523137761283;0.0;0.0;0.5245295165946513;0.0;1.0;0.0;0.0;0.0;0.0;0.0;0.0;0.0;0.0;0.44637497268261;0.48003430265244385;0.0;0.0;0.0;0.0;0.5319952679240667;0.0;0.0;0.0;0.0;0.0;0.0;0.0;0.0;0.0;0.0;0.0;0.0;0.0;0.0;0.0;0.0;0.0;0.0;0.0;0.5178661696140767;0.0;0.44637497268261;0.0;0.5876934727763661;0.0;0.0;0.0;0.0;0.0;0.0;0.6213528027461999;0.0;0.0;0.544841243750325;0.0;0.0;0.48003430265244385;0.0;0.0;0.0;0.0;0.0;0.0;0.0;0.0;0.0;0.0;0.0;0.0;0.0;0.0;0.0;0.0;0.0;0.0;0.0
GO:0051604;0.0;0.0;0.0;0.6617987111615743;0.0;0.0;0.5627957994149644;0.0;0.0;0.4694367256512315;0.0;0.0;0.0;0.0;0.0;0.0;1.0;0.0;0.0;0.0;0.0;0.0;0.0;0.0;0.0;0.0;0.0;0.0;0.0;0.0;0.0;0.0;0.0;0.0;0.0;0.0;0.5677304771443588;0.0;0.7872601131535688;0.0;0.6409093473471632;0.0;0.0;0.0;0.0;0.0;0.753600783183735;0.0;0.0;0.0;0.0;0.0;0.0;0.0;0.0;0.5212319937403385;0.0;0.0;0.0;0.0;0.0;0.0;0.0;0.0;0.0;0.0;0.0;0.0;0.5349476732633589;0.6700855773101684;0.5627957994149644;0.0;0.6892856996111815;0.0;0.0;0.0;0.0;0.0;0.0;0.0;0.7094607631148927;0.0;0.0;0.0;0.0;0.41031576731138564;0.0
GO:0010976;0.5288886537331425;0.4816418109011556;0.5083161988019488;0.0;0.0;0.0;0.0;0.0;0.3223086777539316;0.0;0.0;0.5011492471375382;0.5441169514925428;0.0;0.4955949366441117;0.0;0.0;1.0;0.5280740006179673;0.4979742138814782;0.3717651733890304;0.5939364940434055;0.0;0.0;0.0;0.0;0.0;0.43605384545219705;0.5794260292911777;0.49988334298200576;0.0;0.4531281110650924;0.0;0.3036708683170224;0.47310660575513136;0.5102460793104575;0.0;0.0;0.5107128932815073;0.48575021372823546;0.0;0.385128929343164;0.0;0.4666070539516679;0.42413623324744787;0.5577718431601106;0.0;0.8835436310992348;0.3774091892664225;0.7960255439753017;0.0;0.4781148006059999;0.0;0.0;0.0;0.0;0.45336878228759225;0.4028149032045699;0.5411300711285774;0.39831749968782504;0.0;0.0;0.43349568431284585;0.5220832780170828;0.0;0.4833853582481612;0.0;0.0;0.0;0.0;0.0;0.5867923378024561;0.0;0.3711123239708074;0.41155379108673457;0.4492904923778061;0.3542826589858905;0.4630638560193158;0.4291224813403694;0.0;0.0;0.0;0.39697657349617643;0.527403436199773;0.4816418109011556;0.0;0.5138025360952312
GO:0050714;0.4117445823130357;0.3644977394810487;0.3715420710163295;0.0;0.0;0.0;0.0;0.0;0.2701171366781702;0.0;0.0;0.5258788730874961;0.4643223593260092;0.0;0.4316135944977691;0.0;0.0;0.5280740006179673;1.0;0.5321914575577016;0.3946686012968615;0.49945365961271526;0.0;0.0;0.0;0.0;0.0;0.46078347140215503;0.6136432729674011;0.4245065908267298;0.0;0.4432278633442599;0.0;0.2955968186383168;0.4805212948696941;0.5372908247905328;0.0;0.0;0.37393876549588795;0.4217688715818928;0.0;0.2906460949124737;0.0;0.49668298005564726;0.45118097872752305;0.46328900872942025;0.0;0.5199716089840629;0.4021388152163804;0.46824455820647826;0.0;0.5010182285138309;0.0;0.0;0.0;0.0;0.48041352776766744;0.4102295923191327;0.40435594334295805;0.4212209275956561;0.0;0.0;0.4582253102628038;0.38530915023146345;0.0;0.42170619944613436;0.0;0.0;0.0;0.0;0.0;0.45001821001683684;0.0;0.3785270130853702;0.43859853656680975;0.4245065908267298;0.34438241126505803;0.38530915023146345;0.4538521072903273;0.0;0.0;0.0;0.42170619944613436;0.5574793623037523;0.3448676831155363;0.0;0.6407050010813982
GO:0045739;0.3620147392110343;0.4175992049195558;0.44356741765393;0.0;0.0;0.0;0.0;0.0;0.23052973221541567;0.0;0.0;0.6648455021655193;0.4115613356001036;0.0;0.38188375139576763;0.0;0.0;0.4979742138814782;0.5321914575577016;1.0;0.47249806061411714;0.44669263588680963;0.0;0.0;0.0;0.0;0.0;0.430683684665666;0.6677640304826586;0.3944068040902408;0.0;0.5553994870408849;0.0;0.40059594413879357;0.531718348087129;0.673007792582067;0.0;0.0;0.3265240419240037;0.3720390284798914;0.0;0.24653503962712042;0.0;0.44392195632974163;0.4951592976035337;0.4105279850035147;0.0;0.48987182224757386;0.3547240916444962;0.42082983463459406;0.0;0.6304972398655887;0.0;0.0;0.0;0.0;0.5243918466436781;0.5150586145853966;0.3569412197710738;0.39112114085916705;0.0;0.0;0.4921074266448435;0.40887867951241635;0.0;0.39160641270964536;0.0;0.0;0.0;0.0;0.0;0.4026034864449526;0.0;0.4285972978999731;0.4794830026831578;0.48104994419818614;0.3921375765495438;0.33789442665957925;0.4064373837184431;0.0;0.0;0.0;0.4752183721936865;0.5273795755672632;0.2974529595436521;0.0;0.5239211141019684
GO:0035397;0.28119718745471345;0.34376122428552547;0.26062473252351964;0.0;0.0;0.0;0.0;0.0;0.19007079801067323;0.0;0.0;0.4118613392134883;0.3111137274782704;0.0;0.33302212728127106;0.0;0.0;0.3717651733890304;0.3946686012968615;0.47249806061411714;1.0;0.3462450277649764;0.0;0.0;0.0;0.0;0.0;0.46366916488614546;0.5766111130132332;0.4077622279452079;0.0;0.352081381986537;0.0;0.20714779006106576;0.34524930078843263;0.4386993575740347;0.0;0.0;0.27948861585163404;0.3231774043653948;0.0;0.2021970663352226;0.0;0.3434743482079084;0.42132131696950337;0.31008037688168144;0.0;0.38632401874454264;0.30768866557212654;0.35732721971366843;0.0;0.39030436292635406;0.0;0.0;0.0;0.0;0.45055386600964775;0.29354653241233747;0.30990579369870414;0.42593281912177344;0.0;0.0;0.31740522182713526;0.4340143387760212;0.0;0.42459189293012484;0.0;0.0;0.0;0.0;0.0;0.33910087152402696;0.0;0.3601056174199641;0.5046186619467626;0.2908590005872096;0.42750044697221024;0.4250771647806031;0.3161322142358568;0.0;0.0;0.0;0.39416165721823193;0.4011705350748155;0.23395034462272646;0.0;0.37090951904786007
GO:0007186;0.5602771640735718;0.5130303212415848;0.5397047091423779;0.5968749303277952;0.5315313485510191;0.49787201858118535;0.49787201858118535;0.49787201858118535;0.3754455368016288;0.41280416002084924;0.0;0.48984384296768135;0.5150987351135361;0.5760265624932267;0.3790487033936399;0.0;0.0;0.5939364940434055;0.49945365961271526;0.44669263588680963;0.3462450277649764;1.0;0.0;0.584196133369193;0.49787201858118535;0.5315313485510191;0.5245464064819785;0.40743350444694504;0.5508056882859257;0.36884150434140267;0.5834923138226421;0.4845166214055215;0.3733132580465157;0.3350593786574515;0.44448626474987935;0.48472593368640354;0.4616341199628993;0.0;0.548361013535936;0.36920398047776365;0.5413760714668954;0.4165174396835931;0.0;0.5474593558431742;0.39551589224219585;0.7069617139411892;0.5147016835661022;0.6084953393989178;0.35188904364236845;0.6364071963325266;0.569363215512652;0.4649831983940162;0.49787201858118535;0.0;0.0;0.43364697591714274;0.42474844128234024;0.4496921523382673;0.5787781913830061;0.369697158682573;0.5147016835661022;0.0;0.40487534330759384;0.6308316816822342;0.5413760714668954;0.4547650172429092;0.0;0.5315313485510191;0.4432213378679193;0.6051617964763893;0.49787201858118535;0.7359822085835348;0.0;0.4221308906767489;0.38603364546268054;0.36884150434140267;0.3856711693263196;0.3350593786574515;0.4974559848817061;0.0;0.0;0.0;0.3683562324909244;0.49878309519452096;0.6308316816822342;0.3363682648456081;0.48518219508997923
GO:0030260;0.0;0.0;0.0;0.0;0.0;0.0;0.0;0.0;0.0;0.0;0.0;0.0;0.0;0.0;0.0;0.0;0.0;0.0;0.0;0.0;0.0;0.0;1.0;0.0;0.0;0.0;0.0;0.0;0.0;0.0;0.0;0.0;0.0;0.0;0.0;0.0;0.0;0.0;0.0;0.0;0.0;0.0;0.0;0.0;0.0;0.0;0.0;0.0;0.0;0.0;0.0;0.0;0.0;0.0;0.0;0.0;0.0;0.0;0.0;0.0;0.5668945272111678;0.0;0.0;0.0;0.0;0.0;0.44816733868099795;0.0;0.0;0.0;0.0;0.0;0.0;0.0;0.0;0.0;0.0;0.0;0.0;0.0;0.0;0.5919415141985676;0.0;0.0;0.0;0.0;0.0
GO:0065004;0.5191482930589301;0.6670500937757173;0.0;0.570904361973553;0.505560780196777;0.4719014502269431;0.4719014502269431;0.4719014502269431;0.3339862296541182;0.3641723546771904;0.0;0.0;0.0;0.6416802778319138;0.0;0.0;0.0;0.0;0.0;0.0;0.0;0.584196133369193;0.0;1.0;0.4719014502269431;0.5971850638897063;0.6789204149665545;0.0;0.0;0.0;0.5575217454683998;0.0;0.32771263332676104;0.0;0.0;0.0;0.43566355160865705;0.0;0.5223904451816939;0.0;0.6070297868055825;0.0;0.0;0.0;0.0;0.5480314824858981;0.48873111521186;0.0;0.0;0.0;0.5433926471584097;0.0;0.4719014502269431;0.0;0.0;0.38804635119738806;0.0;0.0;0.552807623028764;0.0;0.5803553989047894;0.0;0.0;0.4719014502269431;0.6070297868055825;0.0;0.0;0.505560780196777;0.39458953252426043;0.579191228122147;0.4719014502269431;0.5770519771282436;0.0;0.0;0.0;0.0;0.0;0.0;0.0;0.0;0.0;0.0;0.0;0.0;0.4719014502269431;0.29490895769809755;0.39458953252426043
GO:0021902;0.4328241782709224;0.3855773354389354;0.0;0.48458024718554527;0.5337928711680304;0.3855773354389354;0.3855773354389354;0.5001335411981965;0.26315085365937885;0.30050947687859925;0.4632046376675269;0.0;0.0;0.5782880851102379;0.0;0.44637497268261;0.0;0.0;0.0;0.0;0.0;0.49787201858118535;0.0;0.4719014502269431;1.0;0.5337928711680304;0.4122517233397286;0.0;0.0;0.0;0.5857538364396533;0.0;0.2610185749042658;0.0;0.0;0.0;0.34933943682064933;0.0;0.43606633039368614;0.0;0.42908138832464554;0.0;0.0;0.0;0.0;0.4617073676978904;0.4024070004238523;0.0;0.0;0.0;0.5716247381296632;0.0;0.5001335411981965;0.0;0.44637497268261;0.3213522927748928;0.0;0.0;0.46648350824075624;0.0;0.4024070004238523;0.48003430265244385;0.0;0.3855773354389354;0.48987902556832014;0.0;0.0;0.5337928711680304;0.33092665472566934;0.4928671133341394;0.3855773354389354;0.4907278623402359;0.0;0.0;0.0;0.0;0.0;0.0;0.0;0.0;0.0;0.0;0.0;0.0;0.3855773354389354;0.22407358170335817;0.30826541773625277
GO:0003382;0.46648350824075624;0.5108609491016987;0.0;0.5182395771553792;0.5674522011378642;0.41923666540876925;0.41923666540876925;0.5337928711680304;0.2968101836292127;0.33416880684843314;0.4968639676373608;0.0;0.0;0.7302064159980665;0.0;0.48003430265244385;0.0;0.0;0.0;0.0;0.0;0.5315313485510191;0.0;0.5971850638897063;0.5337928711680304;1.0;0.5375353370024918;0.0;0.0;0.0;0.6194131664094871;0.0;0.2946779048740996;0.0;0.0;0.0;0.3829987667904832;0.0;0.46972566036352;0.0;0.5543650019874087;0.0;0.0;0.0;0.0;0.49536669766772423;0.4360663303936862;0.0;0.0;0.0;0.6052840680994971;0.0;0.5337928711680304;0.0;0.48003430265244385;0.35501162274472664;0.0;0.0;0.5001428382105901;0.0;0.5276906140866156;0.5136936326222776;0.0;0.41923666540876925;0.5543650019874087;0.0;0.0;0.5674522011378642;0.3645859846955032;0.5265264433039731;0.41923666540876925;0.5243871923100698;0.0;0.0;0.0;0.0;0.0;0.0;0.0;0.0;0.0;0.0;0.0;0.0;0.41923666540876925;0.257732911673192;0.3419247477060866
GO:0051260;0.4594985661717156;0.5925963001785468;0.0;0.5112546350863385;0.44591105330956243;0.4122517233397286;0.4122517233397286;0.4122517233397286;0.27433650276690374;0.3045226277899759;0.0;0.0;0.0;0.5820305509446994;0.0;0.0;0.0;0.0;0.0;0.0;0.0;0.5245464064819785;0.0;0.6789204149665545;0.4122517233397286;0.5375353370024918;1.0;0.0;0.0;0.0;0.49787201858118535;0.0;0.26806290643954656;0.0;0.0;0.0;0.37601382472144257;0.0;0.4627407182944793;0.0;0.547380059918368;0.0;0.0;0.0;0.0;0.4883817555986836;0.42908138832464554;0.0;0.0;0.0;0.48374292027119525;0.0;0.4122517233397286;0.0;0.0;0.3283966243101736;0.0;0.0;0.4931578961415494;0.0;0.5207056720175749;0.0;0.0;0.4122517233397286;0.547380059918368;0.0;0.0;0.44591105330956243;0.33493980563704595;0.5195415012349325;0.4122517233397286;0.5174022502410291;0.0;0.0;0.0;0.0;0.0;0.0;0.0;0.0;0.0;0.0;0.0;0.0;0.4122517233397286;0.23525923081088307;0.33493980563704595
GO:0042102;0.32689692534341386;0.27965008251142687;0.30632447041222;0.0;0.0;0.0;0.0;0.0;0.2193033470508176;0.0;0.0;0.4606612724833867;0.37230220416023907;0.0;0.36225467632141545;0.0;0.0;0.43605384545219705;0.46078347140215503;0.430683684665666;0.46366916488614546;0.40743350444694504;0.0;0.0;0.0;0.0;0.0;1.0;0.5121355000753656;0.43699477698535233;0.0;0.3813139310266814;0.0;0.2363803391012102;0.40581607653931917;0.46793190661417916;0.0;0.0;0.3087211648917784;0.3524099534055392;0.0;0.23142961537536705;0.0;0.6047126244198597;0.3663333217579011;0.37126885356365014;0.0;0.435123952014441;0.3369212146122709;0.40302695760236884;0.0;0.43910429619625246;0.0;0.0;0.0;0.0;0.39556587079804556;0.3392462703010379;0.3391383427388485;0.8758548694836432;0.0;0.0;0.3789964411098301;0.42150603819208404;0.0;0.7242691091848994;0.0;0.0;0.0;0.0;0.0;0.3848006094127273;0.0;0.2992981439323964;0.4706541069551861;0.339658933857108;0.4084385897382342;0.45430971382074753;0.37462323813735365;0.0;0.0;0.0;0.34247733029316063;0.46545920713798217;0.27965008251142687;0.0;0.4393395086832709
GO:0009967;0.4630966109862462;0.6426789793238639;0.44252415605505235;0.0;0.0;0.0;0.0;0.0;0.33161160399062767;0.0;0.0;0.596860958126219;0.5156743879992197;0.0;0.5056268601603962;0.0;0.0;0.5794260292911777;0.6136432729674011;0.6677640304826586;0.5766111130132332;0.5508056882859257;0.0;0.0;0.0;0.0;0.0;0.5121355000753656;1.0;0.47585861949994035;0.0;0.5118948288528655;0.0;0.36243758610479565;0.5318733235429046;0.6113040904531598;0.0;0.0;0.4449208505346108;0.49578213724451986;0.0;0.3574868623789525;0.0;0.5480350087288577;0.7254977435756218;0.5146410374026308;0.0;0.5713236376572733;0.4731209002551033;0.5392266432452012;0.0;0.5696851940224367;0.0;0.0;0.0;0.0;0.7547302926157663;0.4615816209923432;0.4753380283816809;0.47257295626886653;0.0;0.0;0.5095773389360143;0.5272754881230235;0.0;0.47305822811934484;0.0;0.0;0.0;0.0;0.0;0.5210002950555597;0.0;0.6340470159387686;0.5835960550822739;0.47585861949994035;0.5844136753251883;0.4562912352701864;0.5052041359635379;0.0;0.0;0.0;0.6733617273048167;0.6088313909769628;0.4158497681542592;0.0;0.605372929511668
GO:0045657;0.2864787271957445;0.23923188436375753;0.2504175334712824;0.0;0.0;0.0;0.0;0.0;0.16339641010988004;0.0;0.0;0.4047543355424491;0.33371020405469665;0.0;0.41468876384229086;0.0;0.0;0.49988334298200576;0.4245065908267298;0.3944068040902408;0.4077622279452079;0.36884150434140267;0.0;0.0;0.0;0.0;0.0;0.43699477698535233;0.47585861949994035;1.0;0.0;0.32540699408574375;0.0;0.18047340216027258;0.362700425611178;0.4120249696732416;0.0;0.0;0.25281422795084085;0.4048440409264146;0.0;0.17552267843442942;0.0;0.36607082478433467;0.32591512361023184;0.3326768534581077;0.0;0.5340722447030304;0.2810142776713333;0.48650329751118876;0.0;0.38319735925531484;0.0;0.0;0.0;0.0;0.3551476726503763;0.29510617584108845;0.28323140579791095;0.39925843122098026;0.0;0.0;0.33710077271775674;0.3655991012511464;0.0;0.3979175050293316;0.0;0.0;0.0;0.0;0.0;0.32889367247178974;0.0;0.2574024755403231;0.41474717001424855;0.3683843195759853;0.3525316527972966;0.3984027768798099;0.3327275697452803;0.0;0.0;0.0;0.30058166190108726;0.42686720703243974;0.22374314557048924;0.0;0.40609380873174983
GO:0030217;0.5184444735123792;0.47119763068039217;0.0;0.570200542427002;0.654463999852262;0.47119763068039217;0.47119763068039217;0.5857538364396533;0.3332824101075673;0.3634685351306394;0.5488249329089836;0.0;0.0;0.6639083803516946;0.0;0.5319952679240667;0.0;0.0;0.0;0.0;0.0;0.5834923138226421;0.0;0.5575217454683998;0.5857538364396533;0.6194131664094871;0.49787201858118535;0.0;0.0;0.0;1.0;0.0;0.32700881378021013;0.0;0.0;0.0;0.4349597320621061;0.0;0.5216866256351429;0.0;0.5147016835661022;0.0;0.0;0.0;0.0;0.5473276629393471;0.48802729566530906;0.0;0.0;0.0;0.8839733781447568;0.0;0.6208046698824281;0.0;0.5319952679240667;0.38734253165083715;0.0;0.0;0.552103803482213;0.0;0.48802729566530906;0.5656545978939006;0.0;0.6157165884585066;0.575499320809777;0.5902549600884945;0.0;0.8461415111831241;0.3938857129777095;0.5784874085755962;0.6157165884585066;0.5763481575816927;0.0;0.0;0.0;0.0;0.0;0.0;0.0;0.6534484588059573;0.0;0.0;0.0;0.0;0.47119763068039217;0.29420513815154664;0.3938857129777095
GO:0010629;0.497273155340297;0.3722219382632715;0.5950122858321192;0.0;0.0;0.0;0.0;0.0;0.3139385806744614;0.0;0.0;0.7221439121862683;0.5498509323532705;0.0;0.38158138932866953;0.0;0.0;0.4531281110650924;0.4432278633442599;0.5553994870408849;0.352081381986537;0.4845166214055215;0.0;0.0;0.0;0.0;0.0;0.3813139310266814;0.5118948288528655;0.32540699408574375;0.0;1.0;0.0;0.6150348039356233;0.530531878914538;0.7757844851084754;0.0;0.0;0.4177602094921791;0.37173666641279324;0.0;0.33446753890876485;0.0;0.5822115530829086;0.36609265053540124;0.4483519705222265;0.0;0.46768695642060454;0.35624792761952495;0.4955988133542135;0.0;0.6817945288193348;0.0;0.0;0.0;0.0;0.3953251995755456;0.8045195251840078;0.4481773873392492;0.3462750380427812;0.0;0.0;0.4909209574722525;0.3722219382632715;0.0;0.35624792761952495;0.0;0.0;0.0;0.0;0.0;0.47737246516457205;0.0;0.4836856424781439;0.3885663313977102;0.47451717487157374;0.46685597749322694;0.339418262634608;0.5393806803175887;0.0;0.0;0.0;0.4389131078623148;0.4497297971222139;0.3722219382632715;0.0;0.4194687810952585
GO:0097011;0.30826541773625277;0.24138851853875337;0.0;0.34039143028536323;0.2750478485085872;0.24138851853875337;0.2610185749042658;0.2610185749042658;0.20909271782346173;0.22541450789500678;0.0;0.0;0.0;0.33917311881630713;0.0;0.0;0.0;0.0;0.0;0.0;0.0;0.3733132580465157;0.0;0.32771263332676104;0.2610185749042658;0.2946779048740996;0.26806290643954656;0.0;0.0;0.0;0.32700881378021013;0.0;1.0;0.0;0.0;0.0;0.2828944362776092;0.428883388185629;0.2918775134935041;0.0;0.3045226277899759;0.0;0.428883388185629;0.0;0.0;0.33714860716322076;0.25821818352367026;0.0;0.0;0.0;0.31287971547022003;0.0;0.2610185749042658;0.0;0.0;0.41000558982108803;0.0;0.0;0.3222946913405742;0.0;0.25821818352367026;0.0;0.0;0.2610185749042658;0.3045226277899759;0.0;0.2720287817006504;0.2750478485085872;0.2558316857420769;0.34867829643395737;0.2610185749042658;0.3661691018055663;0.0;0.0;0.0;0.0;0.0;0.0;0.0;0.3988668895805577;0.0;0.0;0.0;0.0;0.2610185749042658;0.17001544586744105;0.22902913118041618
GO:0050760;0.34550079306210985;0.22276469551520156;0.40690031301931173;0.0;0.0;0.0;0.0;0.0;0.17230865703552112;0.0;0.0;0.5238895007342139;0.3950473894511792;0.0;0.23395034462272646;0.0;0.0;0.3036708683170224;0.2955968186383168;0.40059594413879357;0.20714779006106576;0.3350593786574515;0.0;0.0;0.0;0.0;0.0;0.2363803391012102;0.36243758610479565;0.18047340216027258;0.0;0.6150348039356233;0.0;1.0;0.4551931550501453;0.4973877241418725;0.0;0.0;0.26830296674410914;0.22410562170685017;0.0;0.18831396444722587;0.0;0.4274080101808172;0.2199390760738622;0.29889472777415654;0.0;0.31822971367253455;0.2100943531579859;0.34614157060614353;0.0;0.4936825560065273;0.0;0.0;0.0;0.0;0.24917162511400665;0.5954262225201272;0.29872014459117924;0.20236588964911828;0.0;0.0;0.4155822336078598;0.22276469551520156;0.0;0.2100943531579859;0.0;0.0;0.0;0.0;0.0;0.32791522241650206;0.0;0.3319132801999567;0.24093528669176711;0.4045247511612024;0.31508361521503975;0.19326468817306902;0.3899234375695187;0.0;0.0;0.0;0.3617481859557951;0.3035762226606749;0.22276469551520156;0.0;0.27001153834718855
GO:0045860;0.3794384244396164;0.3321915816076294;0.42506396090265647;0.0;0.0;0.0;0.0;0.0;0.265268354279393;0.0;0.0;0.5944996115335133;0.39386622566990503;0.0;0.3698074292822172;0.0;0.0;0.47310660575513136;0.4805212948696941;0.531718348087129;0.34524930078843263;0.44448626474987935;0.0;0.0;0.0;0.0;0.0;0.40581607653931917;0.5318733235429046;0.362700425611178;0.0;0.530531878914538;0.0;0.4551931550501453;1.0;0.6254789474663038;0.0;0.0;0.361262663987981;0.3599627063663409;0.0;0.28127366169109774;0.0;0.42622684639954306;0.3893748135119712;0.4083216138665844;0.0;0.4876654511106435;0.3471714203535445;0.4555684566985714;0.0;0.5696389669598481;0.0;0.0;0.0;0.0;0.4186073625521156;0.46705515049199064;0.3916798418350511;0.37180162708722725;0.0;0.0;0.7764593720271574;0.37263304872355657;0.0;0.3795300905960949;0.0;0.0;0.0;0.0;0.0;0.4373421085089299;0.0;0.32355961822253426;0.37679237135125787;0.5284852795841108;0.3067299532376173;0.3303417553686276;0.39888471242749146;0.0;0.0;0.0;0.697648967855559;0.48702322864764813;0.3321915816076294;0.0;0.4567622126206927
GO:0010628;0.41967809337614065;0.37243125054415366;0.5952215981130013;0.0;0.0;0.0;0.0;0.0;0.31414789295534346;0.0;0.0;0.8867531968874688;0.4495946333996976;0.0;0.4756443507749423;0.0;0.0;0.5102460793104575;0.5372908247905328;0.673007792582067;0.4386993575740347;0.48472593368640354;0.0;0.0;0.0;0.0;0.0;0.46793190661417916;0.6113040904531598;0.4120249696732416;0.0;0.7757844851084754;0.0;0.4973877241418725;0.6254789474663038;1.0;0.0;0.0;0.4179695217730612;0.4657996278590661;0.0;0.334676851189647;0.0;0.48195525412933554;0.4560142944094299;0.44856128280310864;0.0;0.5248049246659698;0.4461695714935537;0.4958081256350956;0.0;0.8196012589588746;0.0;0.0;0.0;0.0;0.48524684344957436;0.666712795044468;0.4483866996201313;0.4301955608498071;0.0;0.0;0.5858680260240183;0.4293399065086368;0.0;0.4288546346581585;0.0;0.0;0.0;0.0;0.0;0.4775817774454541;0.0;0.38877564367859224;0.482629292843983;0.581983041773509;0.37194597869367535;0.4293399065086368;0.4486119990902812;0.0;0.0;0.0;0.5297188588418364;0.5396514409962427;0.37243125054415366;0.0;0.5188780426955528
GO:0043043;0.3965862796526363;0.34933943682064933;0.0;0.6296433568860909;0.3829987667904832;0.34933943682064933;0.5634441207681444;0.34933943682064933;0.29741357973984534;0.4333712225125939;0.0;0.0;0.0;0.4274939807326907;0.0;0.0;0.5677304771443588;0.0;0.0;0.0;0.0;0.4616341199628993;0.0;0.43566355160865705;0.34933943682064933;0.3829987667904832;0.37601382472144257;0.0;0.0;0.0;0.4349597320621061;0.0;0.2828944362776092;0.0;0.0;0.0;1.0;0.0;0.7551574590082368;0.0;0.4600456104133871;0.0;0.0;0.0;0.0;0.4254694690796043;0.7214981290384029;0.0;0.0;0.0;0.420830633752116;0.0;0.34933943682064933;0.0;0.0;0.45452496599962505;0.0;0.0;0.4302456096224702;0.0;0.3661691018055663;0.0;0.0;0.34933943682064933;0.39284348970635946;0.0;0.0;0.3829987667904832;0.48644963734908053;0.6379302230346848;0.43113624132990563;0.4544899637219499;0.5811526749832834;0.0;0.0;0.0;0.0;0.0;0.0;0.0;0.5780608177321938;0.0;0.0;0.0;0.34933943682064933;0.5583759539461413;0.3301412791095962
GO:0032355;0.0;0.0;0.0;0.0;0.0;0.0;0.0;0.0;0.0;0.0;0.0;0.0;0.0;0.0;0.0;0.0;0.0;0.0;0.0;0.0;0.0;0.0;0.0;0.0;0.0;0.0;0.0;0.0;0.0;0.0;0.0;0.0;0.428883388185629;0.0;0.0;0.0;0.0;1.0;0.0;0.0;0.0;0.0;0.6357873808459915;0.0;0.0;0.0;0.0;0.0;0.0;0.0;0.0;0.0;0.0;0.0;0.0;0.3786921718983269;0.0;0.0;0.0;0.0;0.0;0.0;0.0;0.0;0.0;0.0;0.31835845402769986;0.0;0.0;0.0;0.0;0.0;0.0;0.0;0.0;0.0;0.0;0.0;0.0;0.45798784792040365;0.0;0.0;0.0;0.0;0.0;0.0;0.0
