;GO:0055012;GO:0015031;GO:0006366;GO:0043388;GO:0051091;GO:0006006;GO:0003257;GO:0001666;GO:0010812;GO:0045893;GO:0045010;GO:0010459;GO:0033574;GO:0034504;GO:0070208;GO:0007186;GO:0031032;GO:0086004;GO:0090263;GO:0051260;GO:1900222;GO:0038063;GO:0042542;GO:0001560;GO:1904706;GO:1901877;GO:0045736;GO:0043434;GO:0060314;GO:2000727;GO:0071560;GO:0007219;GO:0048251;GO:0045661;GO:2000724;GO:0051694;GO:0010628;GO:0071364;GO:0032355;GO:2000721;GO:0010667;GO:0086092;GO:2001015;GO:0030335;GO:1902081;GO:1904753;GO:0008284;GO:0035065;GO:0060065;GO:0051591;GO:0001570;GO:0048739;GO:0045109;GO:0045987;GO:0000122;GO:0010718;GO:0071230;GO:0032868;GO:0006816;GO:0001649;GO:0019388;GO:0030241;GO:0071356;GO:0010832;GO:0050776;GO:0030049;GO:0086023;GO:0044344;GO:0051480;GO:1901895;GO:0030239;GO:0071260;GO:0005978;GO:1902618;GO:0071300;GO:2000587;GO:0031960;GO:0050900;GO:0030199;GO:0010881;GO:0035886;GO:0030511;GO:0071306
GO:0055012;1.0;0.0;0.14329973707989557;0.0;0.0;0.0;0.0;0.0;0.0;0.0;0.13544952087517798;0.0;0.0;0.0;0.2846714922837804;0.31558592324949203;0.30998510264080603;0.0;0.0;0.3080185034987451;0.0;0.2681488977592187;0.0;0.0;0.0;0.0;0.0;0.0;0.0;0.0;0.2535700726780258;0.3018360360811042;0.3114454385915546;0.0;0.0;0.1267781829067329;0.0;0.253644514339849;0.0;0.0;0.0;0.0;0.0;0.0;0.0;0.0;0.0;0.0;0.28545632821547673;0.0;0.7077897502055327;0.4601311575189496;0.2981392047443234;0.0;0.0;0.0;0.20781436725596358;0.0;0.0;0.707539223137412;0.0;0.2870960718970864;0.27316645493247477;0.0;0.0;0.33433797491184253;0.21346515642370206;0.25370539034905554;0.2060040582248622;0.0;0.3158346025753124;0.28698274269602864;0.15343970385775213;0.2869432324695436;0.23618953007833945;0.0;0.0;0.328574680579539;0.3109001517868007;0.14296005210638157;0.7353172001376085;0.0;0.18212357024438605
GO:0015031;0.0;1.0;0.0;0.0;0.0;0.0;0.0;0.0;0.0;0.0;0.0;0.0;0.0;0.4248773368781771;0.0;0.0;0.0;0.0;0.0;0.0;0.0;0.0;0.0;0.0;0.0;0.0;0.0;0.0;0.0;0.0;0.0;0.0;0.0;0.0;0.0;0.0;0.0;0.0;0.0;0.0;0.0;0.0;0.0;0.0;0.0;0.0;0.0;0.0;0.0;0.0;0.0;0.0;0.0;0.0;0.0;0.0;0.0;0.0;0.42249589081012606;0.0;0.0;0.0;0.0;0.0;0.0;0.0;0.0;0.0;0.0;0.0;0.0;0.0;0.0;0.0;0.0;0.0;0.0;0.0;0.0;0.0;0.0;0.0;0.0
GO:0006366;0.14329973707989557;0.0;1.0;0.0;0.0;0.2530106208006201;0.0;0.0;0.0;0.0;0.09053115203420431;0.0;0.0;0.0;0.13935498617429448;0.14637416995682184;0.14515771013163656;0.0;0.0;0.1447250150805421;0.0;0.13527463871905354;0.0;0.0;0.0;0.0;0.0;0.0;0.0;0.0;0.13146166318008645;0.1433454523163215;0.14547713212745425;0.0;0.0;0.08657341692873763;0.0;0.13148166902608022;0.0;0.0;0.0;0.0;0.0;0.0;0.0;0.0;0.0;0.0;0.0;0.0;0.1552944754129108;0.13754794941537724;0.14250626802512584;0.0;0.0;0.0;0.11799292862002245;0.0;0.0;0.15527077186271604;0.22142498862976254;0.11986199767038598;0.1365398549863351;0.0;0.0;0.1502836743928395;0.11979343867444335;0.13149802496363264;0.11740712532787297;0.0;0.12630888986697458;0.13990656533450485;0.4960270778296288;0.1398971744869836;0.12663060253764669;0.0;0.0;0.14910806261085807;0.14535804744818326;0.09382571973938074;0.1490956923803172;0.0;0.10924335549686619
GO:0043388;0.0;0.0;0.0;1.0;0.2831763983591864;0.0;0.12063231754977995;0.0;0.304550754612356;0.13462333271789848;0.13729491740938982;0.26492633578898644;0.0;0.0;0.0;0.3394830592865849;0.0;0.23504329853987252;0.21821525894902455;0.0;0.34577545628860273;0.2838741380072364;0.0;0.3392804430325788;0.28003122705608896;0.5858750718475664;0.146465146102508;0.0;0.20743318616368395;0.1651566933495122;0.0;0.3231806924338001;0.0;0.355492927529837;0.1824344704771976;0.12814932925827968;0.29858837266932525;0.0;0.0;0.12692903630818972;0.22425588882941036;0.2659112549954155;0.19267772537470199;0.24610018229301925;0.22373024226895488;0.21745358685443109;0.3308471135362037;0.20265078488017924;0.0;0.0;0.0;0.0;0.0;0.2875612717973796;0.12729777390694846;0.24444849096705532;0.0;0.0;0.0;0.0;0.0;0.0;0.0;0.24022396765341764;0.3840660246268591;0.0;0.2219217969413929;0.0;0.21364119940553072;0.18747160623061898;0.0;0.0;0.0;0.0;0.0;0.22023135835130433;0.0;0.0;0.0;0.1452573891632288;0.0;0.19999722527018815;0.0
GO:0051091;0.0;0.0;0.0;0.2831763983591864;1.0;0.0;0.6719276423275439;0.0;0.30681195045403203;0.7273318713026667;0.22311431172375465;0.21683201084292536;0.0;0.0;0.0;0.32418807244888376;0.0;0.26585929544769976;0.3023778096272834;0.0;0.24920109858218265;0.2955969253122329;0.0;0.32409250775508797;0.29342889712736947;0.2299351071985072;0.3415473978179677;0.0;0.24003363420851506;0.25332348151222506;0.0;0.31630980119107704;0.0;0.33156088355381474;0.27041030071065747;0.17868842742070754;0.46197098118507585;0.0;0.0;0.6972814282288489;0.25858461245920755;0.21727908666551668;0.2355668813290222;0.32454304699922226;0.19671059801022361;0.2538502677000523;0.38044494896129905;0.47816524064738014;0.0;0.0;0.0;0.0;0.0;0.28290085852990354;0.6651956458513631;0.32328998686923377;0.0;0.0;0.0;0.0;0.0;0.0;0.0;0.2692553284589215;0.2619774462748872;0.0;0.2569732293981416;0.0;0.12985507919460393;0.1782926945056676;0.0;0.0;0.0;0.0;0.0;0.25579768543774023;0.0;0.0;0.0;0.19526943794549273;0.0;0.2866395673144178;0.0
GO:0006006;0.0;0.0;0.2530106208006201;0.0;0.0;1.0;0.0;0.0;0.0;0.0;0.0;0.0;0.0;0.0;0.0;0.0;0.0;0.0;0.0;0.0;0.0;0.0;0.0;0.0;0.0;0.0;0.0;0.0;0.0;0.0;0.0;0.0;0.0;0.0;0.0;0.0;0.0;0.0;0.0;0.0;0.0;0.0;0.0;0.0;0.0;0.0;0.0;0.0;0.0;0.0;0.0;0.0;0.0;0.0;0.0;0.0;0.0;0.0;0.0;0.0;0.6964020194277822;0.0;0.0;0.0;0.0;0.0;0.0;0.0;0.0;0.0;0.0;0.0;0.31529450241563334;0.0;0.0;0.0;0.0;0.0;0.0;0.0;0.0;0.0;0.0
GO:0003257;0.0;0.0;0.0;0.12063231754977995;0.6719276423275439;0.0;1.0;0.0;0.2199574497045278;0.9334086333902871;0.2074908851158681;0.15869673131900736;0.0;0.0;0.0;0.22874723111045062;0.0;0.1980826967324743;0.26302296409242903;0.0;0.17536828802400212;0.21413305946644082;0.0;0.22869964800403844;0.21299304261826638;0.12083714716135735;0.2606433319885132;0.0;0.1622048607341904;0.22953761351492613;0.0;0.2247965968413662;0.0;0.23239353341325855;0.24151365962046095;0.14527827341130412;0.44227193973882956;0.0;0.0;0.9489442427601233;0.19401598307788454;0.1589360796138716;0.18076359681747448;0.27728998737235744;0.14764349123280376;0.19133854428773062;0.3111180566660219;0.36420228432215457;0.0;0.0;0.0;0.0;0.0;0.20454405838910614;0.5655486710174892;0.2764969616869911;0.0;0.0;0.0;0.0;0.0;0.0;0.0;0.1999617942204562;0.1816007786477817;0.0;0.1931074416134781;0.0;0.0981352271159399;0.1168710905067613;0.0;0.0;0.0;0.0;0.0;0.19244284951923626;0.0;0.0;0.0;0.15605158300260616;0.0;0.2525755109307195;0.0
GO:0001666;0.0;0.0;0.0;0.0;0.0;0.0;0.0;1.0;0.0;0.0;0.0;0.0;0.2946986851751371;0.0;0.0;0.0;0.0;0.0;0.0;0.0;0.0;0.0;0.386742748753694;0.0;0.0;0.0;0.0;0.29388680160303554;0.0;0.0;0.24784817175120563;0.0;0.0;0.0;0.0;0.0;0.0;0.2479316121501853;0.3092752564709322;0.0;0.0;0.0;0.0;0.0;0.0;0.0;0.0;0.0;0.0;0.29532445882470254;0.0;0.0;0.0;0.0;0.0;0.0;0.19788624523142345;0.28053522342303944;0.0;0.0;0.0;0.0;0.2700643681346821;0.0;0.0;0.0;0.0;0.2479998523813923;0.0;0.0;0.0;0.38461635914409864;0.0;0.2859904626332798;0.22856140339154268;0.0;0.3102769300933848;0.0;0.0;0.0;0.0;0.0;0.1709473387309331
GO:0010812;0.0;0.0;0.0;0.304550754612356;0.30681195045403203;0.0;0.2199574497045278;0.0;1.0;0.24384989302205531;0.24837637826558;0.42743708899558475;0.0;0.0;0.0;0.5607864332595462;0.0;0.40650919372779387;0.380284318742596;0.0;0.5385496263154603;0.4804075515165053;0.0;0.5605005392981482;0.6474187598942246;0.30585966675753307;0.275124026207071;0.0;0.2795939118714477;0.2949132049881544;0.0;0.537623324357345;0.0;0.5832202345313069;0.3231715147703805;0.31754474360068075;0.3824595673557787;0.0;0.0;0.23074947983676586;0.5315435111350753;0.34554288070064126;0.46331014202243836;0.42352516029897425;0.36769560803927964;0.5170104108231286;0.5485566838352771;0.35566984217158704;0.0;0.0;0.0;0.0;0.0;0.3701203487655569;0.3155616665381042;0.4209940048380165;0.0;0.0;0.0;0.0;0.0;0.0;0.0;0.5653105579084153;0.4742160312999917;0.0;0.3860949052215077;0.0;0.19290521140093891;0.2405805585548908;0.0;0.0;0.0;0.0;0.0;0.5229559309195695;0.0;0.0;0.0;0.2617999849584872;0.0;0.351438414114651;0.0
GO:0045893;0.0;0.0;0.0;0.13462333271789848;0.7273318713026667;0.0;0.9334086333902871;0.0;0.24384989302205531;1.0;0.2224730569778752;0.1749296961460451;0.0;0.0;0.0;0.2547000273328412;0.0;0.21725216044816192;0.2875722566798227;0.0;0.19540636766733202;0.2367119860068613;0.0;0.2546410359151893;0.23531966109552513;0.13487848038896474;0.27699569882810005;0.0;0.17483761528364758;0.24801452171918248;0.0;0.24981166980100752;0.0;0.25922884783421185;0.2620551898349568;0.1553303628937029;0.4899189609671121;0.0;0.0;0.9640524616141757;0.2123699476012572;0.17522055913555332;0.19659354715613978;0.3047135784395405;0.16159455603689968;0.20916615750140183;0.34606249647190673;0.39694658440481967;0.0;0.0;0.0;0.0;0.0;0.22623178264545565;0.5786046209233788;0.303756208749847;0.0;0.0;0.0;0.0;0.0;0.0;0.0;0.21951463304150345;0.20317606538485308;0.0;0.21128186088825493;0.0;0.10719835871817002;0.12544389566363626;0.0;0.0;0.0;0.0;0.0;0.21048654267213723;0.0;0.0;0.0;0.16770962125672598;0.0;0.2751296902073094;0.0
GO:0045010;0.13544952087517798;0.0;0.09053115203420431;0.13729491740938982;0.22311431172375465;0.0;0.2074908851158681;0.0;0.24837637826558;0.2224730569778752;1.0;0.2183239153368123;0.0;0.0;0.22376978259647093;0.32870633861591014;0.2325708339776355;0.25401482140603576;0.29214709571058706;0.231915907451156;0.19922562717869638;0.30507356085678444;0.0;0.3026243296484862;0.23953226360679641;0.13756030229698424;0.14234109141845197;0.0;0.2077390148765709;0.2514098887326504;0.12482485966916301;0.3222775830940237;0.23305417169543988;0.26435027914597686;0.26584881797090915;0.6412859587548984;0.23409627294760824;0.12484289638706138;0.0;0.21438233779306332;0.21579496367516038;0.2186932811901491;0.19952508162754562;0.3098549321099414;0.16419764434942516;0.21248780605506473;0.3527090795092339;0.2712766701040948;0.0;0.0;0.14611715360626235;0.1302993338569688;0.2667122574301276;0.23032915044503413;0.15649094569426938;0.3088650354395066;0.11261859246946593;0.0;0.0;0.14609616866733496;0.0;0.19391607761364676;0.12939434103235192;0.223175965345515;0.20730829532911207;0.1416726172127816;0.2717734883325759;0.12485764224246283;0.20126118992364972;0.12700694343382435;0.23787088469898368;0.1324139965297383;0.09447545651517356;0.13240558455523554;0.12046117970323449;0.2138505973958974;0.0;0.14062739926216067;0.27175324261521744;0.24433856865051815;0.14061639610089474;0.27931432858108457;0.10462090514087938
GO:0010459;0.0;0.0;0.0;0.26492633578898644;0.21683201084292536;0.0;0.15869673131900736;0.0;0.42743708899558475;0.1749296961460451;0.2183239153368123;1.0;0.0;0.0;0.0;0.37394896559036944;0.0;0.5079194862056;0.26418427050656434;0.0;0.632161761989141;0.3261775564698177;0.0;0.37378207599490576;0.4005186407703928;0.26591625242058836;0.1814255414373867;0.0;0.24394522709349403;0.25517091342896797;0.0;0.36035846909515074;0.0;0.38697881256971867;0.2777668707107373;0.2457938152207458;0.3392142740501413;0.0;0.0;0.1660520761751599;0.3352892421615152;0.6309035917814063;0.39726187537680385;0.2913068618541121;0.3346463470633151;0.3269269573274018;0.3667908875644405;0.24850097914905656;0.0;0.0;0.0;0.0;0.0;0.46789319417491015;0.2066116269605885;0.3537254256531438;0.0;0.0;0.0;0.0;0.0;0.0;0.0;0.3545605709908638;0.40948745800067193;0.0;0.2678604785625194;0.0;0.23505295265718384;0.22597847517131295;0.0;0.0;0.0;0.0;0.0;0.3303529691705964;0.0;0.0;0.0;0.3807649057792633;0.0;0.24578676387984727;0.0
GO:0033574;0.0;0.0;0.0;0.0;0.0;0.0;0.0;0.2946986851751371;0.0;0.0;0.0;0.0;1.0;0.0;0.0;0.0;0.0;0.0;0.0;0.0;0.0;0.0;0.4047903244109509;0.0;0.0;0.0;0.0;0.674646034294191;0.0;0.0;0.43887708086755217;0.0;0.0;0.0;0.0;0.0;0.0;0.4390033095055985;0.8768307259579656;0.0;0.0;0.0;0.0;0.0;0.0;0.0;0.0;0.0;0.0;0.5932795972690046;0.0;0.0;0.0;0.0;0.0;0.0;0.4218250785272255;0.6489531984917944;0.0;0.0;0.0;0.0;0.3937112595924005;0.0;0.0;0.0;0.0;0.43910653412954037;0.0;0.0;0.0;0.23901756522763806;0.0;0.32694132495512995;0.477434506244941;0.0;0.789882628273567;0.0;0.0;0.0;0.0;0.0;0.36970261876063054
GO:0034504;0.0;0.4248773368781771;0.0;0.0;0.0;0.0;0.0;0.0;0.0;0.0;0.0;0.0;0.0;1.0;0.0;0.0;0.0;0.0;0.0;0.0;0.0;0.0;0.0;0.0;0.0;0.0;0.0;0.0;0.0;0.0;0.0;0.0;0.0;0.0;0.0;0.0;0.0;0.0;0.0;0.0;0.0;0.0;0.0;0.0;0.0;0.0;0.0;0.0;0.0;0.0;0.0;0.0;0.0;0.0;0.0;0.0;0.0;0.0;0.2743966874271322;0.0;0.0;0.0;0.0;0.0;0.0;0.0;0.0;0.0;0.0;0.0;0.0;0.0;0.0;0.0;0.0;0.0;0.0;0.0;0.0;0.0;0.0;0.0;0.0
GO:0070208;0.2846714922837804;0.0;0.13935498617429448;0.0;0.0;0.0;0.0;0.0;0.0;0.0;0.22376978259647093;0.0;0.0;0.0;1.0;0.29706667967610756;0.4954742608864064;0.0;0.0;0.8411621714940306;0.0;0.2546596470240384;0.0;0.0;0.0;0.0;0.0;0.0;0.0;0.0;0.24147464550997486;0.2848519580560465;0.5890609636234763;0.0;0.0;0.2097942696991127;0.0;0.24154215379294938;0.0;0.0;0.0;0.0;0.0;0.0;0.0;0.0;0.0;0.0;0.0;0.0;0.33626780210253826;0.2628374310935521;0.4775930967802071;0.0;0.0;0.0;0.19961971228029424;0.0;0.0;0.3361566814680965;0.0;0.5356208254477458;0.2591808286501399;0.0;0.0;0.31362475030279785;0.20482805316849775;0.2415973585015162;0.19794878466057572;0.0;0.45102139977979516;0.2715864701371218;0.14892572870806733;0.2715510852817943;0.22566097482990397;0.0;0.0;0.30854802002812837;0.5859253118545341;0.1390337245034024;0.30849505581287107;0.0;0.17579895482480912
GO:0007186;0.31558592324949203;0.0;0.14637416995682184;0.3394830592865849;0.32418807244888376;0.0;0.22874723111045062;0.0;0.5607864332595462;0.2547000273328412;0.32870633861591014;0.37394896559036944;0.0;0.0;0.29706667967610756;1.0;0.3247398431583702;0.43758453372898937;0.40734604353363;0.3225822267903518;0.4818998604194425;0.7604880429764268;0.0;0.6213405505895986;0.5176344531565759;0.3411102613935997;0.20909826378837162;0.0;0.29395168955645895;0.3109325191121567;0.2633582095312968;0.8604494036477397;0.32634286588325784;0.6493835770917552;0.3425084629773481;0.3072644597978968;0.4192290441727712;0.2634385101169929;0.0;0.2404419512243878;0.4182191791111883;0.3752806717035963;0.3611459668165635;0.45736478111123297;0.3178733806464804;0.40597354562528876;0.6066969293200362;0.379233186562913;0.0;0.0;0.3802703020056858;0.2889738057646711;0.3117630239174143;0.40444904719449826;0.2411260583641148;0.4544143974443959;0.21434327618163768;0.0;0.0;0.38012820328047286;0.0;0.22059194294090323;0.2845599322511739;0.4468611656454649;0.5320793283825628;0.35156651126834776;0.6659573613600429;0.26350417871942705;0.3125136577282396;0.20286977022097438;0.2434613352090792;0.29958447538009975;0.15696998709840373;0.29954141935450934;0.24465941989116055;0.4109773521555552;0.0;0.34519960023947016;0.3257442159811148;0.3978453139479241;0.3451333070785607;0.3744263054978908;0.18711860250439816
GO:0031032;0.30998510264080603;0.0;0.14515771013163656;0.0;0.0;0.0;0.0;0.0;0.0;0.0;0.2325708339776355;0.0;0.0;0.0;0.4954742608864064;0.3247398431583702;1.0;0.0;0.0;0.5372596454355145;0.0;0.2747290277595815;0.0;0.0;0.0;0.0;0.0;0.0;0.0;0.0;0.2594463110340828;0.3101991022679694;0.5434081004975604;0.0;0.0;0.21751135723180265;0.0;0.25952424342926866;0.0;0.0;0.0;0.0;0.0;0.0;0.0;0.0;0.0;0.0;0.0;0.0;0.3721677036969185;0.28427071014447247;0.7040129697175515;0.0;0.0;0.0;0.21174481717302943;0.0;0.0;0.372031594902828;0.0;0.6235410147325302;0.279998278405344;0.0;0.0;0.4419899186824916;0.21761439614597994;0.25958797483668444;0.20986569243295666;0.0;0.7531526703535565;0.29453267704316355;0.15557187840976452;0.2944910607540377;0.2412797365716152;0.0;0.0;0.33850947376011703;0.5424295120728667;0.14480917029923582;0.33844572504577713;0.0;0.1851352527570101
GO:0086004;0.0;0.0;0.0;0.23504329853987252;0.26585929544769976;0.0;0.1980826967324743;0.0;0.40650919372779387;0.21725216044816192;0.25401482140603576;0.5079194862056;0.0;0.0;0.0;0.43758453372898937;0.0;1.0;0.3193180250742121;0.0;0.4119658129739368;0.3870525309656272;0.0;0.4374104402286336;0.3833438409776823;0.23582216158030486;0.18317704256626458;0.0;0.2861147203198404;0.3000983152841631;0.0;0.4233519173653147;0.0;0.4511249365401041;0.3248391919598365;0.23978280679615183;0.30546332217152883;0.0;0.0;0.20679243134799208;0.3259612157683886;0.5092760261378985;0.33904355628185046;0.46179014635109084;0.3022048100331073;0.4210851922960752;0.430102282940596;0.30178120797597935;0.0;0.0;0.0;0.0;0.0;0.5378277642758623;0.20729825603365865;0.40600981955137844;0.0;0.0;0.0;0.0;0.0;0.0;0.0;0.34310137966201737;0.3612973189578731;0.0;0.32340486344399105;0.0;0.16247208587856327;0.2095659134988055;0.0;0.0;0.0;0.0;0.0;0.321545163364087;0.0;0.0;0.0;0.5482570155638093;0.0;0.298729374651243;0.0
GO:0090263;0.0;0.0;0.0;0.21821525894902455;0.3023778096272834;0.0;0.26302296409242903;0.0;0.380284318742596;0.2875722566798227;0.29214709571058706;0.26418427050656434;0.0;0.0;0.0;0.40734604353363;0.0;0.3193180250742121;1.0;0.0;0.3138539917598209;0.36320433292056037;0.0;0.40719517538005257;0.3599366551214552;0.2188864289834428;0.1776564381237361;0.0;0.39831256329041526;0.3378345429986313;0.0;0.3949847179881711;0.0;0.41905469836862774;0.3644318903906521;0.2013442014076975;0.3568379033124812;0.0;0.0;0.27419617005399494;0.3088810593319964;0.26484823353441356;0.2765972523386012;0.45253429076098556;0.23490822011266355;0.3021498478598397;0.5501583900614732;0.28708396849697476;0.0;0.0;0.0;0.0;0.0;0.34815802323590567;0.20025593715282514;0.45042596549108943;0.0;0.0;0.0;0.0;0.0;0.0;0.0;0.3242297271054981;0.41210521627175706;0.0;0.30658464676837716;0.0;0.15424959636319593;0.16555343986903373;0.0;0.0;0.0;0.0;0.0;0.5159612291502248;0.0;0.0;0.0;0.22264697857863783;0.0;0.770890474822818;0.0
GO:0051260;0.3080185034987451;0.0;0.1447250150805421;0.0;0.0;0.0;0.0;0.0;0.0;0.0;0.231915907451156;0.0;0.0;0.0;0.8411621714940306;0.3225822267903518;0.5372596454355145;0.0;0.0;1.0;0.0;0.2731832153921265;0.0;0.0;0.0;0.0;0.0;0.0;0.0;0.0;0.25806726540583175;0.30822979551233187;0.6389780510570457;0.0;0.0;0.2169383961079617;0.0;0.25814437140520186;0.0;0.0;0.0;0.0;0.0;0.0;0.0;0.0;0.0;0.0;0.0;0.0;0.36933657755927257;0.2826159805060741;0.5162991158085177;0.0;0.0;0.0;0.2108253550456592;0.0;0.0;0.36920253130900865;0.0;0.5665496088339621;0.27839277387528405;0.0;0.0;0.3422007758756216;0.21664336929389924;0.2582074268211974;0.20896244257768196;0.0;0.47971489157787556;0.2927566951379961;0.15507497607845855;0.29271557917899793;0.2400866086669088;0.0;0.0;0.336165663798045;0.6354878549582587;0.14437854756941682;0.336102794726614;0.0;0.1844319803649848
GO:1900222;0.0;0.0;0.0;0.34577545628860273;0.24920109858218265;0.0;0.17536828802400212;0.0;0.5385496263154603;0.19540636766733202;0.19922562717869638;0.632161761989141;0.0;0.0;0.0;0.4818998604194425;0.0;0.4119658129739368;0.3138539917598209;0.0;1.0;0.4053879158190811;0.0;0.48162274401070637;0.4965055407280016;0.3474636885503161;0.19883812526959624;0.0;0.22576768387689378;0.2916922252342354;0.0;0.45956457051091026;0.0;0.5037582816514543;0.3215981719859635;0.23101284677931938;0.4257226066984734;0.0;0.0;0.18439415570074383;0.40002991734716015;0.46450852631269773;0.46339496608658254;0.3528874853302323;0.3991151196567336;0.3881835762382978;0.470077828632871;0.2919633663603681;0.0;0.0;0.0;0.0;0.0;0.5011512705106893;0.22949927744817855;0.42801246323412445;0.0;0.0;0.0;0.0;0.0;0.0;0.0;0.42776977118773035;0.5425831574625393;0.0;0.31905609769066445;0.0;0.208662914289455;0.2536452789423806;0.0;0.0;0.0;0.0;0.0;0.3930232412556703;0.0;0.0;0.0;0.2571079850421696;0.0;0.2882238454656971;0.0
GO:0038063;0.2681488977592187;0.0;0.13527463871905354;0.2838741380072364;0.2955969253122329;0.0;0.21413305946644082;0.0;0.4804075515165053;0.2367119860068613;0.30507356085678444;0.3261775564698177;0.0;0.0;0.2546596470240384;0.7604880429764268;0.2747290277595815;0.3870525309656272;0.36320433292056037;0.2731832153921265;0.4053879158190811;1.0;0.0;0.5241696542990107;0.44838603065588356;0.28501102183905364;0.19681953879825043;0.0;0.2702501508332223;0.28453648151824484;0.22948033563782763;0.8145257249273172;0.2758754579004844;0.5439874164517048;0.31075281266193283;0.2865170038263174;0.36010289245261295;0.2295413032112365;0.0;0.2243478478219442;0.3718237013806277;0.327190288017315;0.3260175640774793;0.4024477713494685;0.2826807280285324;0.3621127786677641;0.5137095383721042;0.3406857948641584;0.0;0.0;0.3134530361867586;0.24868919243928528;0.26538385943378695;0.3491434202985929;0.22494332448980625;0.40016160077023677;0.19135182978382645;0.0;0.0;0.3133564802813418;0.0;0.1963163460218834;0.24541320300093564;0.3942926267978857;0.44032066206046955;0.29368798230079635;0.5343824002910804;0.22959115801451688;0.2792610707170081;0.18793729031614573;0.21422493910283877;0.2565076715600158;0.1442750201119502;0.2564761066161227;0.21515200584605015;0.36608848969576085;0.0;0.28923159522422426;0.2754475266293506;0.3677442809161373;0.2891850544989237;0.3368014421658582;0.16935471303297145
GO:0042542;0.0;0.0;0.0;0.0;0.0;0.0;0.0;0.386742748753694;0.0;0.0;0.0;0.0;0.4047903244109509;0.0;0.0;0.0;0.0;0.0;0.0;0.0;0.0;0.0;1.0;0.0;0.0;0.0;0.0;0.4038978164018571;0.0;0.0;0.2801252721916638;0.0;0.0;0.0;0.0;0.0;0.0;0.28020318084077833;0.4206486242011561;0.0;0.0;0.0;0.0;0.0;0.0;0.0;0.0;0.0;0.0;0.40547756948369773;0.0;0.0;0.0;0.0;0.0;0.0;0.2909378020877431;0.3890778192148541;0.0;0.0;0.0;0.0;0.30055156519065207;0.0;0.0;0.0;0.0;0.2802668902520975;0.0;0.0;0.0;0.23014975229007786;0.0;0.39173275462786505;0.32870844177721253;0.0;0.33597334327330647;0.0;0.0;0.0;0.0;0.0;0.2563508742663998
GO:0001560;0.0;0.0;0.0;0.3392804430325788;0.32409250775508797;0.0;0.22869964800403844;0.0;0.5605005392981482;0.2546410359151893;0.3026243296484862;0.37378207599490576;0.0;0.0;0.0;0.6213405505895986;0.0;0.4374104402286336;0.40719517538005257;0.0;0.48162274401070637;0.5241696542990107;0.0;1.0;0.5173908553506325;0.34090569871898385;0.20905850348283497;0.0;0.2938731176537559;0.3108446085750047;0.0;0.5930312882015245;0.0;0.6490002428546808;0.34240179383893643;0.28288816604963507;0.4190193029252138;0.0;0.0;0.24038937892551715;0.4180601509023963;0.37511259160513855;0.36102737510091154;0.457174596112438;0.31775278212694413;0.4058236922320119;0.6063623219878826;0.44196449840765295;0.0;0.0;0.0;0.0;0.0;0.4042538307428371;0.24107318651439935;0.4542266577309896;0.0;0.0;0.0;0.0;0.0;0.0;0.0;0.44667961399754474;0.531741516120233;0.0;0.4138644441784648;0.0;0.20627988596996438;0.202820642349854;0.0;0.0;0.0;0.0;0.0;0.4108237826747879;0.0;0.0;0.0;0.2742789502705009;0.0;0.37429883306492573;0.0
GO:1904706;0.0;0.0;0.0;0.28003122705608896;0.29342889712736947;0.0;0.21299304261826638;0.0;0.6474187598942246;0.23531966109552513;0.23953226360679641;0.4005186407703928;0.0;0.0;0.0;0.5176344531565759;0.0;0.3833438409776823;0.3599366551214552;0.0;0.4965055407280016;0.44838603065588356;0.0;0.5173908553506325;1.0;0.28113747840984876;0.2671137873900832;0.0;0.2684368485569442;0.2825271101286651;0.0;0.49783602360993123;0.0;0.5366899112157937;0.30835766689525956;0.30692160070444396;0.3558977473712866;0.0;0.0;0.22309679006646266;0.5024337738001675;0.32371498764993567;0.44103768411312855;0.39843971080627677;0.34759903141386517;0.4894294117683849;0.5885346314623024;0.3378091413615334;0.0;0.0;0.0;0.0;0.0;0.3451889359206474;0.30506860084281073;0.39619872357847347;0.0;0.0;0.0;0.0;0.0;0.0;0.0;0.5324990226019111;0.43404965036201826;0.0;0.36513781701698717;0.0;0.18276862869197058;0.23181154631870207;0.0;0.0;0.0;0.0;0.0;0.49475423326311546;0.0;0.0;0.0;0.25199294260605654;0.0;0.3339897407519371;0.0
GO:1901877;0.0;0.0;0.0;0.5858750718475664;0.2299351071985072;0.0;0.12083714716135735;0.0;0.30585966675753307;0.13487848038896474;0.13756030229698424;0.26591625242058836;0.0;0.0;0.0;0.3411102613935997;0.0;0.23582216158030486;0.2188864289834428;0.0;0.3474636885503161;0.28501102183905364;0.0;0.34090569871898385;0.28113747840984876;1.0;0.18015635527474433;0.0;0.20788861272969997;0.16554086916054123;0.0;0.3246550273333792;0.0;0.3572776282305522;0.1829033455627474;0.12838050594062494;0.29984642984910714;0.0;0.0;0.12715582732971567;0.2249647921610528;0.2669085596083808;0.19320080650344806;0.24695418043184558;0.22443582098699483;0.2181200725235846;0.33239239299874074;0.20322949841805443;0.0;0.0;0.0;0.0;0.0;0.28872794122217205;0.12752588571360485;0.24529104480308098;0.0;0.0;0.0;0.0;0.0;0.0;0.0;0.24103760287741968;0.3861499901259373;0.0;0.2226159974649863;0.0;0.2142844857659879;0.2306955472123919;0.0;0.0;0.0;0.0;0.0;0.22091500703671582;0.0;0.0;0.0;0.1455544821664918;0.0;0.20056086132055156;0.0
GO:0045736;0.0;0.0;0.0;0.146465146102508;0.3415473978179677;0.0;0.2606433319885132;0.0;0.275124026207071;0.27699569882810005;0.14234109141845197;0.1814255414373867;0.0;0.0;0.0;0.20909826378837162;0.0;0.18317704256626458;0.1776564381237361;0.0;0.19883812526959624;0.19681953879825043;0.0;0.20905850348283497;0.2671137873900832;0.18015635527474433;1.0;0.0;0.178059586643191;0.1564930877839332;0.0;0.20579227974123554;0.0;0.21214088287556823;0.1641076120461574;0.18697564829614766;0.2307462876964088;0.0;0.0;0.2682010824015643;0.24507154503865589;0.14638929937532993;0.22948891401572594;0.18655445187746725;0.16972112745352977;0.2419359964114389;0.20737439538777375;0.4239221918077333;0.0;0.0;0.0;0.0;0.0;0.15062674011407245;0.4095180317695581;0.1860617022547869;0.0;0.0;0.0;0.0;0.0;0.0;0.0;0.2520118904132325;0.16540279306941405;0.0;0.17891433071634527;0.0;0.09103711621035504;0.22990837649464346;0.0;0.0;0.0;0.0;0.0;0.2432300228226786;0.0;0.0;0.0;0.14665035155209766;0.0;0.1710957893580877;0.0
GO:0043434;0.0;0.0;0.0;0.0;0.0;0.0;0.0;0.29388680160303554;0.0;0.0;0.0;0.0;0.674646034294191;0.0;0.0;0.0;0.0;0.0;0.0;0.0;0.0;0.0;0.4038978164018571;0.0;0.0;0.0;0.0;1.0;0.0;0.0;0.4380076230907089;0.0;0.0;0.0;0.0;0.0;0.0;0.4381333520103454;0.7020973314633578;0.0;0.0;0.0;0.0;0.0;0.0;0.0;0.0;0.0;0.0;0.6756330760816202;0.0;0.0;0.0;0.0;0.0;0.0;0.5395558016498134;0.9620003383866232;0.0;0.0;0.0;0.0;0.3928724421503424;0.0;0.0;0.0;0.0;0.43823616787849257;0.0;0.0;0.0;0.2384832185473968;0.0;0.32621051438525966;0.40963433060259685;0.0;0.6148918750180952;0.0;0.0;0.0;0.0;0.0;0.3173716090462108
GO:0060314;0.0;0.0;0.0;0.20743318616368395;0.24003363420851506;0.0;0.1622048607341904;0.0;0.2795939118714477;0.17483761528364758;0.2077390148765709;0.24394522709349403;0.0;0.0;0.0;0.29395168955645895;0.0;0.2861147203198404;0.39831256329041526;0.0;0.22576768387689378;0.2702501508332223;0.0;0.2938731176537559;0.2684368485569442;0.20788861272969997;0.178059586643191;0.0;1.0;0.19961921964529583;0.0;0.28745975313986766;0.0;0.30000051067663824;0.21217720482940647;0.19829755114703632;0.210990811965645;0.0;0.0;0.16799907426503785;0.23897737921120843;0.24440646501566976;0.2191843636753371;0.2932199996208219;0.40477091460977227;0.27415410149495384;0.2905561825495838;0.22571805447044538;0.0;0.0;0.0;0.0;0.0;0.20718040478944424;0.16833276586970675;0.25037304043601655;0.0;0.0;0.0;0.0;0.0;0.0;0.0;0.24806279926411587;0.291097215516162;0.0;0.23760044787787246;0.0;0.16043283348809476;0.5231667959949811;0.0;0.0;0.0;0.0;0.0;0.4003567076241697;0.0;0.0;0.0;0.5779464432146764;0.0;0.3790545741772614;0.0
GO:2000727;0.0;0.0;0.0;0.1651566933495122;0.25332348151222506;0.0;0.22953761351492613;0.0;0.2949132049881544;0.24801452171918248;0.2514098887326504;0.25517091342896797;0.0;0.0;0.0;0.3109325191121567;0.0;0.3000983152841631;0.3378345429986313;0.0;0.2916922252342354;0.28453648151824484;0.0;0.3108446085750047;0.2825271101286651;0.16554086916054123;0.1564930877839332;0.0;0.19961921964529583;1.0;0.0;0.3036781289588221;0.0;0.4215265580924402;0.680985971533537;0.17458600351521097;0.27752333384302236;0.0;0.0;0.23800122677019972;0.25008072353481076;0.2556780181528512;0.4790809573740424;0.36174053348586166;0.19025026769512765;0.24564998085457485;0.4215330146353388;0.23559800342118234;0.0;0.0;0.0;0.0;0.0;0.3662800663802722;0.17376718617874537;0.657289419358671;0.0;0.0;0.0;0.0;0.0;0.0;0.0;0.421140614904426;0.25064247900449776;0.0;0.24857327365010812;0.0;0.12570355952447232;0.1420535597827907;0.0;0.0;0.0;0.0;0.0;0.2474731616036505;0.0;0.0;0.0;0.22241231209726947;0.0;0.3207913028433849;0.0
GO:0071560;0.2535700726780258;0.0;0.13146166318008645;0.0;0.0;0.0;0.0;0.24784817175120563;0.0;0.0;0.12482485966916301;0.0;0.43887708086755217;0.0;0.24147464550997486;0.2633582095312968;0.2594463110340828;0.0;0.0;0.25806726540583175;0.0;0.22948033563782763;0.2801252721916638;0.0;0.0;0.0;0.0;0.4380076230907089;0.0;0.0;1.0;0.25371324952693697;0.2604685035438732;0.0;0.0;0.11742336027080705;0.0;0.8812695737806597;0.45426106693689666;0.0;0.0;0.0;0.0;0.0;0.0;0.0;0.0;0.0;0.0;0.3665983573807579;0.29371316100654127;0.23609990255238722;0.25109613555510407;0.0;0.0;0.0;0.6375470490258038;0.4235131593132314;0.0;0.29362838184475537;0.0;0.18838667522914418;0.6730830028380907;0.0;0.0;0.276289963393446;0.18821737412238768;0.8814519992482212;0.18239275830308105;0.0;0.20481720617513063;0.40545232895468797;0.13994589805195987;0.5548716490530927;0.5937469321503355;0.0;0.455302726477632;0.27234237980619275;0.2600870023127252;0.1311757271737669;0.2723011153412339;0.0;0.47179030305422387
GO:0007219;0.3018360360811042;0.0;0.1433454523163215;0.3231806924338001;0.31630980119107704;0.0;0.2247965968413662;0.0;0.537623324357345;0.24981166980100752;0.3222775830940237;0.36035846909515074;0.0;0.0;0.2848519580560465;0.8604494036477397;0.3101991022679694;0.4233519173653147;0.3949847179881711;0.30822979551233187;0.45956457051091026;0.8145257249273172;0.0;0.5930312882015245;0.49783602360993123;0.3246550273333792;0.20579227974123554;0.0;0.28745975313986766;0.3036781289588221;0.25371324952693697;1.0;0.31166145996980077;0.6185247353066216;0.3337266645694847;0.3016398833056793;0.40222287923528527;0.25378777529094;0.0;0.23608088859725954;0.40519967967339143;0.3615949772428313;0.3513960503799502;0.44183918801118316;0.3079993997135365;0.3936941238746694;0.5796773028175274;0.3684967239753664;0.0;0.0;0.36048295515166523;0.2774025792635815;0.29833715592259263;0.3885981868368321;0.23674037050645122;0.4390851074968888;0.20791052487501063;0.0;0.0;0.3603552573924491;0.0;0.2137846173820765;0.2733326241193013;0.4320289275083113;0.5049811671876594;0.33458693305770154;0.5818833756220493;0.25384872009458226;0.30321641102079483;0.19880227601562903;0.235195818317541;0.28716615171476256;0.15349211884567907;0.28712659097410415;0.23631374714977468;0.3983980558022841;0.0;0.32881512657025713;0.31111541713408397;0.3896327726858995;0.3287549765616208;0.36395653591012467;0.1821974184643938
GO:0048251;0.3114454385915546;0.0;0.14547713212745425;0.0;0.0;0.0;0.0;0.0;0.0;0.0;0.23305417169543988;0.0;0.0;0.0;0.5890609636234763;0.32634286588325784;0.5434081004975604;0.0;0.0;0.6389780510570457;0.0;0.2758754579004844;0.0;0.0;0.0;0.0;0.0;0.0;0.0;0.0;0.2604685035438732;0.31166145996980077;1.0;0.0;0.0;0.21793407025107692;0.0;0.26054705133342854;0.0;0.0;0.0;0.0;0.0;0.0;0.0;0.0;0.0;0.0;0.0;0.0;0.37427467735926023;0.28549833500194516;0.5219746463357946;0.0;0.0;0.0;0.21242519286593298;0.0;0.0;0.37413702336723215;0.0;0.4388134941381903;0.28118920222045435;0.0;0.0;0.34643575028216145;0.21833307876324948;0.26061128613508017;0.21053402669362828;0.0;0.4838446897032902;0.29585073990657873;0.15593883556622146;0.29580875033655385;0.24216354797410347;0.0;0.0;0.34025168613050405;0.7260303750866861;0.14512705852141672;0.3401872795968207;0.0;0.18565516031120333
GO:0045661;0.0;0.0;0.0;0.355492927529837;0.33156088355381474;0.0;0.23239353341325855;0.0;0.5832202345313069;0.25922884783421185;0.26435027914597686;0.38697881256971867;0.0;0.0;0.0;0.6493835770917552;0.0;0.4511249365401041;0.41905469836862774;0.0;0.5037582816514543;0.5439874164517048;0.0;0.6490002428546808;0.5366899112157937;0.3572776282305522;0.21214088287556823;0.0;0.30000051067663824;0.4215265580924402;0.0;0.6185247353066216;0.0;1.0;0.4653634659435321;0.24681448793256042;0.43567479043930984;0.0;0.0;0.24447390495744642;0.4305707224832213;0.38840511620629686;0.4913293086771609;0.4721777117428179;0.3272394996665325;0.41760230567249035;0.6330405910913588;0.38936138017235306;0.0;0.0;0.0;0.0;0.0;0.4197344987999321;0.24518118169748063;0.6223007506882067;0.0;0.0;0.0;0.0;0.0;0.0;0.0;0.6116298540794747;0.5588533776562465;0.0;0.4261214791795294;0.0;0.21216270806799484;0.20664445672724227;0.0;0.0;0.0;0.0;0.0;0.4228987470707394;0.0;0.0;0.0;0.2796090781626751;0.0;0.3842960301678267;0.0
GO:2000724;0.0;0.0;0.0;0.1824344704771976;0.27041030071065747;0.0;0.24151365962046095;0.0;0.3231715147703805;0.2620551898349568;0.26584881797090915;0.2777668707107373;0.0;0.0;0.0;0.3425084629773481;0.0;0.3248391919598365;0.3644318903906521;0.0;0.3215981719859635;0.31075281266193283;0.0;0.34240179383893643;0.30835766689525956;0.1829033455627474;0.1641076120461574;0.0;0.21217720482940647;0.680985971533537;0.0;0.3337266645694847;0.0;0.4653634659435321;1.0;0.1841166272295068;0.3038271758333179;0.0;0.0;0.2509015451874852;0.27010873021043447;0.27836786818423453;0.40615621622146686;0.3924060870507213;0.20546442141389665;0.26494721097288876;0.4637656380748777;0.2532913880550095;0.0;0.0;0.0;0.0;0.0;0.4002747175157464;0.1832062046389413;0.712784070474694;0.0;0.0;0.0;0.0;0.0;0.0;0.0;0.4152412860923737;0.27773650459474336;0.0;0.2683510086209141;0.0;0.13546852630074022;0.15036719801520523;0.0;0.0;0.0;0.0;0.0;0.2670693226853108;0.0;0.0;0.0;0.23571791381103685;0.0;0.34467787853896215;0.0
GO:0051694;0.1267781829067329;0.0;0.08657341692873763;0.12814932925827968;0.17868842742070754;0.0;0.14527827341130412;0.0;0.31754474360068075;0.1553303628937029;0.6412859587548984;0.2457938152207458;0.0;0.0;0.2097942696991127;0.3072644597978968;0.21751135723180265;0.23978280679615183;0.2013442014076975;0.2169383961079617;0.23101284677931938;0.2865170038263174;0.0;0.28288816604963507;0.30692160070444396;0.12838050594062494;0.18697564829614766;0.0;0.19829755114703632;0.17458600351521097;0.11742336027080705;0.3016398833056793;0.21793407025107692;0.24681448793256042;0.1841166272295068;1.0;0.17598023193250747;0.11743932129027974;0.0;0.14990903278804132;0.27817346214399047;0.20575131836890803;0.25826799073003326;0.21285007053549543;0.19262013114491586;0.27414063806947075;0.24038614503630007;0.2571155407833422;0.0;0.0;0.13607679137981968;0.12225529793787095;0.21399412982815263;0.17332149433988386;0.20481233581957828;0.2122088594783984;0.10655872365617382;0.0;0.0;0.13605859111491683;0.0;0.18333265036985005;0.12145825378791753;0.28714963327367043;0.19317905942844718;0.13221400347805656;0.25694845986010517;0.11745236996251832;0.19048015055768217;0.15086286746816227;0.192177403016106;0.12411505911326279;0.09017353756175482;0.12410766849371457;0.11355380642540668;0.2758032784108107;0.0;0.13130324356247894;0.2177765026927597;0.23367217218008332;0.13129365108584165;0.19295868204188352;0.09937110569546365
GO:0010628;0.0;0.0;0.0;0.29858837266932525;0.46197098118507585;0.0;0.44227193973882956;0.0;0.3824595673557787;0.4899189609671121;0.23409627294760824;0.3392142740501413;0.0;0.0;0.0;0.4192290441727712;0.0;0.30546332217152883;0.3568379033124812;0.0;0.4257226066984734;0.36010289245261295;0.0;0.4190193029252138;0.3558977473712866;0.29984642984910714;0.2307462876964088;0.0;0.210990811965645;0.27752333384302236;0.0;0.40222287923528527;0.0;0.43567479043930984;0.3038271758333179;0.17598023193250747;1.0;0.0;0.0;0.4638032114703633;0.29302971111302706;0.34030971336642196;0.2558422499065779;0.39683839660613834;0.29242039074769044;0.28511955165968095;0.5118526334839499;0.40473182608505426;0.0;0.0;0.0;0.0;0.0;0.4542977795497607;0.3059637786774866;0.3945001049514501;0.0;0.0;0.0;0.0;0.0;0.0;0.0;0.31138687304991325;0.46441502163719456;0.0;0.2903216014524991;0.0;0.19049576918008373;0.1921931863614266;0.0;0.0;0.0;0.0;0.0;0.2883562954758482;0.0;0.0;0.0;0.19768105649939713;0.0;0.3300891855849964;0.0
GO:0071364;0.253644514339849;0.0;0.13148166902608022;0.0;0.0;0.0;0.0;0.2479316121501853;0.0;0.0;0.12484289638706138;0.0;0.4390033095055985;0.0;0.24154215379294938;0.2634385101169929;0.25952424342926866;0.0;0.0;0.25814437140520186;0.0;0.2295413032112365;0.28020318084077833;0.0;0.0;0.0;0.0;0.4381333520103454;0.0;0.0;0.8812695737806597;0.25378777529094;0.26054705133342854;0.0;0.0;0.11743932129027974;0.0;1.0;0.45439630143852705;0.0;0.0;0.0;0.0;0.0;0.0;0.0;0.0;0.0;0.0;0.3667039582366213;0.29381304296949723;0.23616443867974832;0.25116913152496784;0.0;0.0;0.0;0.6376827138988322;0.42363070360368893;0.0;0.2937282061451541;0.0;0.18842776064231254;0.673264681929717;0.0;0.0;0.2763783449632599;0.18825838571465026;0.8816752983367658;0.18243127060384157;0.0;0.20486577173864792;0.40556645985453393;0.13996856971032107;0.555027821819376;0.5938883019501092;0.0;0.455438581991695;0.2724282534645085;0.260165320142513;0.13119564608028547;0.2723869629748038;0.0;0.47187955766641687
GO:0032355;0.0;0.0;0.0;0.0;0.0;0.0;0.0;0.3092752564709322;0.0;0.0;0.0;0.0;0.8768307259579656;0.0;0.0;0.0;0.0;0.0;0.0;0.0;0.0;0.0;0.4206486242011561;0.0;0.0;0.0;0.0;0.7020973314633578;0.0;0.0;0.45426106693689666;0.0;0.0;0.0;0.0;0.0;0.0;0.45439630143852705;1.0;0.0;0.0;0.0;0.0;0.0;0.0;0.0;0.0;0.0;0.0;0.6175222672716782;0.0;0.0;0.0;0.0;0.0;0.0;0.43391255894604136;0.6743141308107543;0.0;0.0;0.0;0.0;0.4085947645888379;0.0;0.0;0.0;0.0;0.45450689271657263;0.0;0.0;0.0;0.2485174585622771;0.0;0.3399339821767953;0.4930079334263015;0.0;0.8235631260647396;0.0;0.0;0.0;0.0;0.0;0.3789736918177422
GO:2000721;0.0;0.0;0.0;0.12692903630818972;0.6972814282288489;0.0;0.9489442427601233;0.0;0.23074947983676586;0.9640524616141757;0.21438233779306332;0.1660520761751599;0.0;0.0;0.0;0.2404419512243878;0.0;0.20679243134799208;0.27419617005399494;0.0;0.18439415570074383;0.2243478478219442;0.0;0.24038937892551715;0.22309679006646266;0.12715582732971567;0.2682010824015643;0.0;0.16799907426503785;0.23800122677019972;0.0;0.23608088859725954;0.0;0.24447390495744642;0.2509015451874852;0.14990903278804132;0.4638032114703633;0.0;0.0;1.0;0.20236422427458228;0.16631414378889792;0.18798908770274184;0.2897368733047234;0.1539894313430661;0.1994531438780277;0.32687338775296393;0.3791308180593137;0.0;0.0;0.0;0.0;0.0;0.21435281551538124;0.5835029460452098;0.28887116682663105;0.0;0.0;0.0;0.0;0.0;0.0;0.0;0.20884126501384154;0.1912973314297298;0.0;0.20137601321739898;0.0;0.10226218108677282;0.12081210747287292;0.0;0.0;0.0;0.0;0.0;0.2006533954534318;0.0;0.0;0.0;0.16140726777968964;0.0;0.2628613746857785;0.0
GO:0010667;0.0;0.0;0.0;0.22425588882941036;0.25858461245920755;0.0;0.19401598307788454;0.0;0.5315435111350753;0.2123699476012572;0.21579496367516038;0.3352892421615152;0.0;0.0;0.0;0.4182191791111883;0.0;0.3259612157683886;0.3088810593319964;0.0;0.40002991734716015;0.3718237013806277;0.0;0.4180601509023963;0.5024337738001675;0.2249647921610528;0.24507154503865589;0.0;0.23897737921120843;0.25008072353481076;0.0;0.40519967967339143;0.0;0.4305707224832213;0.27010873021043447;0.27817346214399047;0.29302971111302706;0.0;0.0;0.20236422427458228;1.0;0.27085850259338967;0.38401010555456866;0.33681198434533294;0.29738761651806955;0.42018329472070715;0.4113793541684063;0.29244238683524615;0.0;0.0;0.0;0.0;0.0;0.2857312948116962;0.27665047046335917;0.3352092291384815;0.0;0.0;0.0;0.0;0.0;0.0;0.0;0.45153741288937066;0.3440314123529874;0.0;0.31270350666670577;0.0;0.15724358556110657;0.20835131298496654;0.0;0.0;0.0;0.0;0.0;0.4241019268774114;0.0;0.0;0.0;0.22585647358662703;0.0;0.2895756158705201;0.0
GO:0086092;0.0;0.0;0.0;0.2659112549954155;0.21727908666551668;0.0;0.1589360796138716;0.0;0.34554288070064126;0.17522055913555332;0.2186932811901491;0.6309035917814063;0.0;0.0;0.0;0.3752806717035963;0.0;0.5092760261378985;0.26484823353441356;0.0;0.46450852631269773;0.327190288017315;0.0;0.37511259160513855;0.32371498764993567;0.2669085596083808;0.14638929937532993;0.0;0.24440646501566976;0.2556780181528512;0.0;0.3615949772428313;0.0;0.38840511620629686;0.27836786818423453;0.20575131836890803;0.34030971336642196;0.0;0.0;0.16631414378889792;0.27085850259338967;1.0;0.29151445803855386;0.2921143636315112;0.27033781688282205;0.2640862242077821;0.3680720116386632;0.24908836218720076;0.0;0.0;0.0;0.0;0.0;0.46936065087331286;0.16674369539158063;0.3547006428480224;0.0;0.0;0.0;0.0;0.0;0.0;0.0;0.28646888388199987;0.41108485159221136;0.0;0.2685430725427117;0.0;0.23563346261402857;0.1824005555823614;0.0;0.0;0.0;0.0;0.0;0.26686070851035126;0.0;0.0;0.0;0.38144179657645216;0.0;0.24636137094764002;0.0
