;GO:0007095;GO:0006284;GO:0007098;GO:0007131;GO:0006283;GO:0006289;GO:0042771;GO:0008585;GO:0006287;GO:0045004;GO:0045766;GO:0051090;GO:0045892;GO:0045893;GO:0070200;GO:0032201;GO:0071897;GO:0010778;GO:0032206;GO:0034502;GO:0090502;GO:1902042;GO:0006296;GO:0006293;GO:1900264;GO:0006294;GO:0007141;GO:0051260;GO:0006297;GO:0008630;GO:0006298;GO:0042148;GO:0006334;GO:0045931;GO:0000077;GO:0071480;GO:0001556;GO:0031860;GO:0050727;GO:0070317;GO:0035264;GO:0043009;GO:0006260;GO:1900034;GO:0006261;GO:0090398;GO:1904354;GO:0042276;GO:0006303;GO:0045944;GO:0070192;GO:0006268;GO:0006301;GO:0031619;GO:0000281;GO:1990426;GO:0031297;GO:0071158;GO:0016233;GO:0030521;GO:0019985;GO:0070987;GO:2000378;GO:0016579;GO:0045717;GO:1902065;GO:0000729;GO:0006273;GO:0006271;GO:0006272;GO:0055089;GO:0000724;GO:0007004;GO:0000722;GO:0043137;GO:0007129;GO:0001541;GO:0006309;GO:0085020;GO:0071548;GO:0072757;GO:0046939;GO:0006361;GO:1902990;GO:0036297;GO:0006360;GO:0006366;GO:0000019;GO:0006363;GO:0006367;GO:0006368;GO:0043150;GO:0031954;GO:0031398;GO:0072425;GO:0010575;GO:0045739;GO:0090305;GO:0000707;GO:0006370;GO:0030855;GO:0071681;GO:0051574;GO:0051572;GO:0051573;GO:0051571;GO:0032355;GO:0070512;GO:0070911;GO:0016567;GO:0033600;GO:1903461;GO:0043967;GO:0035067;GO:0043966;GO:0044818;GO:0032077;GO:0045589;GO:0045740;GO:0006342;GO:0000079;GO:0051103;GO:0006978;GO:2000617;GO:0097421;GO:0006977;GO:0000083;GO:0032508;GO:0000082;GO:0034644;GO:0032465;GO:0071479;GO:0071356;GO:0033674;GO:0010833;GO:0070301;GO:0051865;GO:0051106;GO:0070816;GO:0042769;GO:0007286;GO:0046600;GO:0006633;GO:0006359;GO:0007569;GO:0045876;GO:0051598;GO:0006349;GO:0044030;GO:0048478;GO:2000620;GO:0033147;GO:0034599;GO:0010569;GO:2000348
GO:0007095;1.0;0.47619047619047616;0.11764705882352941;0.09090909090909091;0.45454545454545453;0.47619047619047616;0.09523809523809523;0.0;0.1;0.09523809523809523;0.1;0.08695652173913043;0.08695652173913043;0.08695652173913043;0.0;0.09523809523809523;0.2;0.08695652173913043;0.09523809523809523;0.0;0.09523809523809523;0.08695652173913043;0.09523809523809523;0.1;0.08695652173913043;0.1;0.09523809523809523;0.10526315789473684;0.1;0.1;0.47619047619047616;0.1;0.1;0.631578947368421;0.8571428571428571;0.1;0.11764705882352941;0.09523809523809523;0.10526315789473684;0.7;0.0;0.0;0.2;0.10526315789473684;0.19047619047619047;0.23529411764705882;0.09090909090909091;0.08695652173913043;0.45454545454545453;0.08333333333333333;0.1111111111111111;0.09523809523809523;0.47619047619047616;0.10526315789473684;0.1111111111111111;0.08695652173913043;0.09523809523809523;0.1;0.09523809523809523;0.09523809523809523;0.09090909090909091;0.08695652173913043;0.10526315789473684;0.09090909090909091;0.09523809523809523;0.10526315789473684;0.1;0.09090909090909091;0.09523809523809523;0.09090909090909091;0.1;0.45454545454545453;0.09090909090909091;0.09090909090909091;0.09523809523809523;0.10526315789473684;0.0;0.09090909090909091;0.16666666666666666;0.09523809523809523;0.2;0.19047619047619047;0.09090909090909091;0.09090909090909091;0.47619047619047616;0.08695652173913043;0.08695652173913043;0.09523809523809523;0.09090909090909091;0.09090909090909091;0.09090909090909091;0.09090909090909091;0.08695652173913043;0.08695652173913043;0.09090909090909091;0.10526315789473684;0.09523809523809523;0.10526315789473684;0.09523809523809523;0.08695652173913043;0.11764705882352941;0.21052631578947367;0.08333333333333333;0.08333333333333333;0.08333333333333333;0.08333333333333333;0.1111111111111111;0.08333333333333333;0.45454545454545453;0.18181818181818182;0.1;0.09523809523809523;0.08;0.08333333333333333;0.08;0.9565217391304348;0.09523809523809523;0.09090909090909091;0.09523809523809523;0.08333333333333333;0.08333333333333333;0.09523809523809523;0.09523809523809523;0.08;0.0;0.08333333333333333;0.08695652173913043;0.2;0.1111111111111111;0.1;0.10526315789473684;0.10526315789473684;0.21052631578947367;0.09090909090909091;0.09523809523809523;0.21052631578947367;0.17391304347826086;0.09523809523809523;0.16666666666666666;0.1111111111111111;0.1111111111111111;0.08333333333333333;0.19047619047619047;0.08695652173913043;0.25;0.09090909090909091;0.09090909090909091;0.1;0.1;0.08695652173913043;0.07692307692307693;0.09523809523809523;0.23529411764705882;0.09090909090909091;0.10526315789473684
GO:0006284;0.47619047619047616;1.0;0.2857142857142857;0.7368421052631579;0.8421052631578947;0.8888888888888888;0.5555555555555556;0.0;0.8235294117647058;0.8888888888888888;0.0;0.0;0.0;0.0;0.0;0.7777777777777778;0.8235294117647058;0.7;0.0;0.0;0.6666666666666666;0.0;0.6666666666666666;0.0;0.0;0.23529411764705882;0.2222222222222222;0.125;0.8235294117647058;0.5882352941176471;0.8888888888888888;0.8235294117647058;0.23529411764705882;0.0;0.5555555555555556;0.35294117647058826;0.2857142857142857;0.7777777777777778;0.0;0.0;0.0;0.0;0.8235294117647058;0.0;0.7777777777777778;0.5714285714285714;0.0;0.8;0.8421052631578947;0.0;0.26666666666666666;0.2222222222222222;0.8888888888888888;0.25;0.26666666666666666;0.7;0.7777777777777778;0.0;0.7777777777777778;0.2222222222222222;0.8421052631578947;0.8;0.0;0.42105263157894735;0.0;0.25;0.8235294117647058;0.7368421052631579;0.7777777777777778;0.7368421052631579;0.0;0.8421052631578947;0.7368421052631579;0.7368421052631579;0.7777777777777778;0.25;0.0;0.7368421052631579;0.47619047619047616;0.2222222222222222;0.35294117647058826;0.3333333333333333;0.631578947368421;0.7368421052631579;0.8888888888888888;0.4;0.4;0.0;0.631578947368421;0.631578947368421;0.631578947368421;0.7368421052631579;0.0;0.0;0.5263157894736842;0.0;0.0;0.75;0.2222222222222222;0.4;0.14285714285714285;0.375;0.0;0.0;0.0;0.0;0.26666666666666666;0.0;0.8421052631578947;0.5263157894736842;0.0;0.7777777777777778;0.18181818181818182;0.0;0.18181818181818182;0.2;0.0;0.0;0.0;0.19047619047619047;0.0;0.7777777777777778;0.5555555555555556;0.0;0.0;0.47619047619047616;0.2;0.23529411764705882;0.26666666666666666;0.35294117647058826;0.0;0.375;0.375;0.0;0.7777777777777778;0.5;0.5;0.0;0.47619047619047616;0.6666666666666666;0.26666666666666666;0.0;0.3333333333333333;0.0;0.3076923076923077;0.0;0.21052631578947367;0.5882352941176471;0.0;0.7;0.0;0.0;0.5714285714285714;0.0;0.0
GO:0007098;0.11764705882352941;0.2857142857142857;1.0;0.13333333333333333;0.26666666666666666;0.2857142857142857;0.14285714285714285;0.0;0.15384615384615385;0.14285714285714285;0.0;0.0;0.0;0.0;0.0;0.14285714285714285;0.3076923076923077;0.125;0.0;0.0;0.14285714285714285;0.0;0.14285714285714285;0.0;0.0;0.15384615384615385;0.14285714285714285;0.16666666666666666;0.15384615384615385;0.15384615384615385;0.2857142857142857;0.15384615384615385;0.15384615384615385;0.0;0.2857142857142857;0.15384615384615385;0.2;0.14285714285714285;0.0;0.0;0.0;0.0;0.3076923076923077;0.0;0.2857142857142857;0.4;0.0;0.125;0.26666666666666666;0.0;0.18181818181818182;0.14285714285714285;0.2857142857142857;0.16666666666666666;0.18181818181818182;0.125;0.14285714285714285;0.0;0.42857142857142855;0.14285714285714285;0.13333333333333333;0.125;0.0;0.13333333333333333;0.0;0.0;0.15384615384615385;0.13333333333333333;0.14285714285714285;0.13333333333333333;0.0;0.26666666666666666;0.4;0.4;0.14285714285714285;0.16666666666666666;0.0;0.13333333333333333;0.23529411764705882;0.0;0.3076923076923077;0.2857142857142857;0.13333333333333333;0.13333333333333333;0.2857142857142857;0.125;0.125;0.0;0.13333333333333333;0.13333333333333333;0.13333333333333333;0.13333333333333333;0.0;0.0;0.13333333333333333;0.0;0.0;0.16666666666666666;0.14285714285714285;0.125;0.2;0.3333333333333333;0.0;0.0;0.0;0.0;0.0;0.0;0.26666666666666666;0.26666666666666666;0.0;0.14285714285714285;0.1111111111111111;0.0;0.1111111111111111;0.125;0.0;0.0;0.0;0.11764705882352941;0.0;0.14285714285714285;0.14285714285714285;0.0;0.0;0.11764705882352941;0.125;0.46153846153846156;0.18181818181818182;0.15384615384615385;0.0;0.16666666666666666;0.3333333333333333;0.0;0.42857142857142855;0.3333333333333333;0.25;0.0;0.23529411764705882;0.18181818181818182;0.18181818181818182;0.0;0.2857142857142857;0.0;0.4444444444444444;0.0;0.13333333333333333;0.15384615384615385;0.0;0.125;0.0;0.0;0.4;0.0;0.0
GO:0007131;0.09090909090909091;0.7368421052631579;0.13333333333333333;1.0;0.7;0.7368421052631579;0.10526315789473684;0.125;0.1111111111111111;0.10526315789473684;0.0;0.0;0.0;0.0;0.0;0.10526315789473684;0.7777777777777778;0.09523809523809523;0.0;0.0;0.631578947368421;0.0;0.10526315789473684;0.0;0.0;0.1111111111111111;0.10526315789473684;0.11764705882352941;0.1111111111111111;0.1111111111111111;0.7368421052631579;0.1111111111111111;0.1111111111111111;0.0;0.21052631578947367;0.1111111111111111;0.13333333333333333;0.10526315789473684;0.0;0.0;0.0;0.0;0.7777777777777778;0.0;0.7368421052631579;0.26666666666666666;0.0;0.09523809523809523;0.7;0.0;0.125;0.10526315789473684;0.7368421052631579;0.11764705882352941;0.125;0.09523809523809523;0.10526315789473684;0.0;0.7368421052631579;0.10526315789473684;0.1;0.09523809523809523;0.0;0.1;0.0;0.0;0.1111111111111111;0.1;0.10526315789473684;0.1;0.0;0.8;0.7;0.8;0.10526315789473684;0.11764705882352941;0.13333333333333333;0.1;0.18181818181818182;0.0;0.2222222222222222;0.21052631578947367;0.1;0.1;0.7368421052631579;0.09523809523809523;0.09523809523809523;0.0;0.1;0.1;0.1;0.1;0.0;0.0;0.1;0.0;0.0;0.7058823529411765;0.10526315789473684;0.09523809523809523;0.13333333333333333;0.23529411764705882;0.0;0.0;0.0;0.0;0.0;0.0;0.7;0.2;0.0;0.10526315789473684;0.08695652173913043;0.0;0.08695652173913043;0.09523809523809523;0.0;0.0;0.0;0.09090909090909091;0.0;0.10526315789473684;0.10526315789473684;0.0;0.0;0.09090909090909091;0.09523809523809523;0.2222222222222222;0.125;0.1111111111111111;0.0;0.11764705882352941;0.23529411764705882;0.0;0.7368421052631579;0.23529411764705882;0.19047619047619047;0.0;0.18181818181818182;0.125;0.125;0.0;0.21052631578947367;0.0;0.2857142857142857;0.0;0.1;0.1111111111111111;0.0;0.09523809523809523;0.0;0.0;0.26666666666666666;0.0;0.0
GO:0006283;0.45454545454545453;0.8421052631578947;0.26666666666666666;0.7;1.0;0.9473684210526315;0.5263157894736842;0.0;0.7777777777777778;0.8421052631578947;0.0;0.0;0.0;0.0;0.0;0.7368421052631579;0.7777777777777778;0.6666666666666666;0.0;0.0;0.631578947368421;0.0;0.631578947368421;0.0;0.0;0.2222222222222222;0.21052631578947367;0.11764705882352941;0.7777777777777778;0.5555555555555556;0.8421052631578947;0.7777777777777778;0.2222222222222222;0.0;0.5263157894736842;0.3333333333333333;0.26666666666666666;0.7368421052631579;0.0;0.0;0.0;0.0;0.7777777777777778;0.0;0.7368421052631579;0.5333333333333333;0.0;0.7619047619047619;0.8;0.0;0.25;0.21052631578947367;0.8421052631578947;0.23529411764705882;0.25;0.6666666666666666;0.7368421052631579;0.0;0.7368421052631579;0.21052631578947367;0.8;0.7619047619047619;0.0;0.4;0.0;0.23529411764705882;0.7777777777777778;0.7;0.7368421052631579;0.7;0.0;0.8;0.7;0.7;0.7368421052631579;0.23529411764705882;0.0;0.7;0.45454545454545453;0.21052631578947367;0.3333333333333333;0.3157894736842105;0.6;0.7;0.8421052631578947;0.38095238095238093;0.38095238095238093;0.0;0.6;0.6;0.6;0.7;0.0;0.0;0.5;0.0;0.0;0.7058823529411765;0.21052631578947367;0.38095238095238093;0.13333333333333333;0.35294117647058826;0.0;0.0;0.0;0.0;0.25;0.0;0.9;0.5;0.0;0.7368421052631579;0.17391304347826086;0.0;0.17391304347826086;0.19047619047619047;0.0;0.0;0.0;0.18181818181818182;0.0;0.7368421052631579;0.5263157894736842;0.0;0.0;0.45454545454545453;0.19047619047619047;0.2222222222222222;0.25;0.3333333333333333;0.0;0.35294117647058826;0.35294117647058826;0.0;0.7368421052631579;0.47058823529411764;0.47619047619047616;0.0;0.45454545454545453;0.625;0.25;0.0;0.3157894736842105;0.0;0.2857142857142857;0.0;0.2;0.5555555555555556;0.0;0.6666666666666666;0.0;0.0;0.5333333333333333;0.0;0.0
GO:0006289;0.47619047619047616;0.8888888888888888;0.2857142857142857;0.7368421052631579;0.9473684210526315;1.0;0.5555555555555556;0.0;0.8235294117647058;0.8888888888888888;0.0;0.0;0.0;0.0;0.0;0.7777777777777778;0.8235294117647058;0.7;0.0;0.0;0.6666666666666666;0.0;0.6666666666666666;0.0;0.0;0.23529411764705882;0.2222222222222222;0.125;0.8235294117647058;0.5882352941176471;0.8888888888888888;0.8235294117647058;0.23529411764705882;0.0;0.5555555555555556;0.35294117647058826;0.2857142857142857;0.7777777777777778;0.0;0.0;0.0;0.0;0.8235294117647058;0.0;0.7777777777777778;0.5714285714285714;0.0;0.8;0.8421052631578947;0.0;0.26666666666666666;0.2222222222222222;0.8888888888888888;0.25;0.26666666666666666;0.7;0.7777777777777778;0.0;0.7777777777777778;0.2222222222222222;0.8421052631578947;0.8;0.0;0.42105263157894735;0.0;0.25;0.8235294117647058;0.7368421052631579;0.7777777777777778;0.7368421052631579;0.0;0.8421052631578947;0.7368421052631579;0.7368421052631579;0.7777777777777778;0.25;0.0;0.7368421052631579;0.47619047619047616;0.2222222222222222;0.35294117647058826;0.3333333333333333;0.631578947368421;0.7368421052631579;0.8888888888888888;0.4;0.4;0.0;0.631578947368421;0.631578947368421;0.631578947368421;0.7368421052631579;0.0;0.0;0.5263157894736842;0.0;0.0;0.75;0.2222222222222222;0.4;0.14285714285714285;0.375;0.0;0.0;0.0;0.0;0.26666666666666666;0.0;0.9473684210526315;0.5263157894736842;0.0;0.7777777777777778;0.18181818181818182;0.0;0.18181818181818182;0.2;0.0;0.0;0.0;0.19047619047619047;0.0;0.7777777777777778;0.5555555555555556;0.0;0.0;0.47619047619047616;0.2;0.23529411764705882;0.26666666666666666;0.35294117647058826;0.0;0.375;0.375;0.0;0.7777777777777778;0.5;0.5;0.0;0.47619047619047616;0.6666666666666666;0.26666666666666666;0.0;0.3333333333333333;0.0;0.3076923076923077;0.0;0.21052631578947367;0.5882352941176471;0.0;0.7;0.0;0.0;0.5714285714285714;0.0;0.0
GO:0042771;0.09523809523809523;0.5555555555555556;0.14285714285714285;0.10526315789473684;0.5263157894736842;0.5555555555555556;1.0;0.0;0.11764705882352941;0.1111111111111111;0.11764705882352941;0.1;0.1;0.1;0.0;0.1111111111111111;0.23529411764705882;0.1;0.1111111111111111;0.0;0.1111111111111111;0.1;0.1111111111111111;0.11764705882352941;0.1;0.11764705882352941;0.1111111111111111;0.125;0.11764705882352941;0.9411764705882353;0.5555555555555556;0.11764705882352941;0.11764705882352941;0.125;0.5555555555555556;0.35294117647058826;0.14285714285714285;0.1111111111111111;0.125;0.11764705882352941;0.0;0.0;0.23529411764705882;0.125;0.2222222222222222;0.42857142857142855;0.10526315789473684;0.1;0.5263157894736842;0.09523809523809523;0.13333333333333333;0.1111111111111111;0.5555555555555556;0.125;0.13333333333333333;0.1;0.1111111111111111;0.11764705882352941;0.1111111111111111;0.1111111111111111;0.10526315789473684;0.1;0.125;0.10526315789473684;0.1111111111111111;0.25;0.11764705882352941;0.10526315789473684;0.1111111111111111;0.10526315789473684;0.11764705882352941;0.5263157894736842;0.10526315789473684;0.10526315789473684;0.1111111111111111;0.125;0.0;0.10526315789473684;0.19047619047619047;0.2222222222222222;0.35294117647058826;0.2222222222222222;0.10526315789473684;0.10526315789473684;0.5555555555555556;0.1;0.1;0.1111111111111111;0.10526315789473684;0.10526315789473684;0.10526315789473684;0.10526315789473684;0.1;0.1;0.10526315789473684;0.125;0.1111111111111111;0.125;0.1111111111111111;0.1;0.14285714285714285;0.375;0.09523809523809523;0.09523809523809523;0.09523809523809523;0.09523809523809523;0.26666666666666666;0.09523809523809523;0.5263157894736842;0.21052631578947367;0.11764705882352941;0.1111111111111111;0.09090909090909091;0.09523809523809523;0.09090909090909091;0.1;0.1111111111111111;0.10526315789473684;0.1111111111111111;0.09523809523809523;0.09523809523809523;0.1111111111111111;0.1111111111111111;0.09090909090909091;0.0;0.09523809523809523;0.1;0.23529411764705882;0.13333333333333333;0.35294117647058826;0.125;0.375;0.375;0.10526315789473684;0.1111111111111111;0.375;0.2;0.1111111111111111;0.19047619047619047;0.6666666666666666;0.13333333333333333;0.09523809523809523;0.2222222222222222;0.1;0.3076923076923077;0.10526315789473684;0.10526315789473684;0.11764705882352941;0.11764705882352941;0.1;0.08695652173913043;0.1111111111111111;0.42857142857142855;0.10526315789473684;0.125
GO:0008585;0.0;0.0;0.0;0.125;0.0;0.0;0.0;1.0;0.0;0.0;0.0;0.0;0.0;0.0;0.0;0.0;0.0;0.11764705882352941;0.0;0.0;0.0;0.0;0.0;0.0;0.0;0.0;0.13333333333333333;0.0;0.0;0.0;0.0;0.0;0.0;0.0;0.0;0.0;0.5454545454545454;0.0;0.0;0.0;0.2;0.46153846153846156;0.0;0.0;0.0;0.36363636363636365;0.0;0.0;0.0;0.0;0.16666666666666666;0.0;0.0;0.15384615384615385;0.0;0.0;0.0;0.0;0.0;0.0;0.0;0.0;0.0;0.0;0.0;0.0;0.0;0.0;0.0;0.0;0.0;0.0;0.0;0.0;0.0;0.15384615384615385;0.5454545454545454;0.0;0.0;0.0;0.0;0.0;0.0;0.0;0.0;0.0;0.0;0.0;0.0;0.0;0.0;0.0;0.0;0.0;0.0;0.0;0.0;0.0;0.13333333333333333;0.0;0.18181818181818182;0.0;0.0;0.0;0.0;0.0;0.0;0.0;0.0;0.0;0.0;0.0;0.0;0.0;0.0;0.0;0.0;0.0;0.0;0.0;0.0;0.0;0.0;0.0;0.15384615384615385;0.0;0.0;0.0;0.0;0.0;0.0;0.0;0.0;0.0;0.0;0.0;0.0;0.0;0.0;0.0;0.5;0.0;0.0;0.0;0.4;0.0;0.125;0.0;0.0;0.0;0.0;0.0;0.0;0.0;0.0
GO:0006287;0.1;0.8235294117647058;0.15384615384615385;0.1111111111111111;0.7777777777777778;0.8235294117647058;0.11764705882352941;0.0;1.0;0.7058823529411765;0.0;0.0;0.0;0.0;0.0;0.7058823529411765;0.875;0.631578947368421;0.0;0.0;0.7058823529411765;0.0;0.7058823529411765;0.0;0.0;0.125;0.11764705882352941;0.13333333333333333;0.75;0.125;0.8235294117647058;0.75;0.125;0.0;0.23529411764705882;0.125;0.15384615384615385;0.7058823529411765;0.0;0.0;0.0;0.0;0.875;0.0;0.8235294117647058;0.3076923076923077;0.0;0.631578947368421;0.7777777777777778;0.0;0.14285714285714285;0.11764705882352941;0.8235294117647058;0.13333333333333333;0.14285714285714285;0.631578947368421;0.7058823529411765;0.0;0.8235294117647058;0.11764705882352941;0.6666666666666666;0.631578947368421;0.0;0.3333333333333333;0.0;0.0;0.75;0.6666666666666666;0.7058823529411765;0.6666666666666666;0.0;0.7777777777777778;0.7777777777777778;0.7777777777777778;0.7058823529411765;0.13333333333333333;0.0;0.1111111111111111;0.5;0.0;0.25;0.35294117647058826;0.6666666666666666;0.6666666666666666;0.8235294117647058;0.10526315789473684;0.10526315789473684;0.0;0.6666666666666666;0.6666666666666666;0.6666666666666666;0.6666666666666666;0.0;0.0;0.1111111111111111;0.0;0.0;0.8;0.11764705882352941;0.10526315789473684;0.15384615384615385;0.26666666666666666;0.0;0.0;0.0;0.0;0.0;0.0;0.7777777777777778;0.5555555555555556;0.0;0.7058823529411765;0.09523809523809523;0.0;0.09523809523809523;0.10526315789473684;0.0;0.0;0.0;0.1;0.0;0.7058823529411765;0.11764705882352941;0.0;0.0;0.1;0.10526315789473684;0.25;0.14285714285714285;0.125;0.0;0.13333333333333333;0.26666666666666666;0.0;0.8235294117647058;0.26666666666666666;0.5263157894736842;0.0;0.5;0.14285714285714285;0.14285714285714285;0.0;0.35294117647058826;0.0;0.3333333333333333;0.0;0.1111111111111111;0.625;0.0;0.631578947368421;0.0;0.0;0.3076923076923077;0.0;0.0
GO:0045004;0.09523809523809523;0.8888888888888888;0.14285714285714285;0.10526315789473684;0.8421052631578947;0.8888888888888888;0.1111111111111111;0.0;0.7058823529411765;1.0;0.0;0.0;0.0;0.0;0.0;0.6666666666666666;0.8235294117647058;0.6;0.0;0.0;0.6666666666666666;0.0;0.6666666666666666;0.0;0.0;0.11764705882352941;0.1111111111111111;0.125;0.7058823529411765;0.11764705882352941;0.8888888888888888;0.7058823529411765;0.11764705882352941;0.0;0.5555555555555556;0.11764705882352941;0.14285714285714285;0.6666666666666666;0.0;0.0;0.0;0.0;0.8235294117647058;0.0;0.7777777777777778;0.2857142857142857;0.0;0.6;0.8421052631578947;0.0;0.13333333333333333;0.1111111111111111;0.8888888888888888;0.125;0.13333333333333333;0.6;0.6666666666666666;0.0;0.7777777777777778;0.1111111111111111;0.631578947368421;0.6;0.0;0.3157894736842105;0.0;0.125;0.7058823529411765;0.631578947368421;0.6666666666666666;0.631578947368421;0.0;0.8421052631578947;0.7368421052631579;0.7368421052631579;0.6666666666666666;0.125;0.0;0.10526315789473684;0.47619047619047616;0.1111111111111111;0.23529411764705882;0.3333333333333333;0.631578947368421;0.631578947368421;0.8888888888888888;0.1;0.1;0.0;0.631578947368421;0.631578947368421;0.631578947368421;0.631578947368421;0.0;0.0;0.10526315789473684;0.0;0.0;0.75;0.1111111111111111;0.1;0.14285714285714285;0.25;0.0;0.0;0.0;0.0;0.13333333333333333;0.0;0.8421052631578947;0.5263157894736842;0.0;0.6666666666666666;0.09090909090909091;0.0;0.09090909090909091;0.1;0.0;0.0;0.0;0.09523809523809523;0.0;0.6666666666666666;0.1111111111111111;0.0;0.0;0.09523809523809523;0.1;0.23529411764705882;0.13333333333333333;0.11764705882352941;0.0;0.125;0.25;0.0;0.7777777777777778;0.25;0.5;0.0;0.47619047619047616;0.6666666666666666;0.13333333333333333;0.0;0.3333333333333333;0.0;0.3076923076923077;0.0;0.10526315789473684;0.5882352941176471;0.0;0.6;0.0;0.0;0.2857142857142857;0.0;0.0
GO:0045766;0.1;0.0;0.0;0.0;0.0;0.0;0.11764705882352941;0.0;0.0;0.0;1.0;0.21052631578947367;0.3157894736842105;0.42105263157894735;0.0;0.11764705882352941;0.0;0.0;0.47058823529411764;0.0;0.0;0.3157894736842105;0.0;0.5;0.42105263157894735;0.0;0.0;0.0;0.0;0.125;0.0;0.0;0.0;0.5333333333333333;0.35294117647058826;0.0;0.0;0.0;0.4;0.375;0.0;0.0;0.0;0.4;0.0;0.0;0.2222222222222222;0.0;0.0;0.4;0.0;0.0;0.0;0.0;0.0;0.0;0.0;0.5;0.23529411764705882;0.11764705882352941;0.0;0.0;0.4;0.0;0.35294117647058826;0.0;0.0;0.0;0.0;0.0;0.25;0.0;0.2222222222222222;0.2222222222222222;0.0;0.0;0.0;0.0;0.0;0.0;0.0;0.0;0.0;0.1111111111111111;0.0;0.0;0.0;0.35294117647058826;0.0;0.0;0.0;0.0;0.42105263157894735;0.42105263157894735;0.3333333333333333;0.6666666666666666;0.47058823529411764;0.0;0.0;0.0;0.0;0.0;0.4;0.3;0.3;0.4;0.0;0.4;0.0;0.0;0.5;0.0;0.0;0.3;0.0;0.10526315789473684;0.47058823529411764;0.4444444444444444;0.47058823529411764;0.1;0.3;0.0;0.11764705882352941;0.38095238095238093;0.0;0.3;0.10526315789473684;0.0;0.0;0.0;0.4;0.0;0.0;0.4444444444444444;0.23529411764705882;0.0;0.0;0.47058823529411764;0.3;0.0;0.0;0.3;0.0;0.3157894736842105;0.0;0.4444444444444444;0.1111111111111111;0.375;0.375;0.10526315789473684;0.36363636363636365;0.35294117647058826;0.0;0.3333333333333333;0.4
GO:0051090;0.08695652173913043;0.0;0.0;0.0;0.0;0.0;0.1;0.0;0.0;0.0;0.21052631578947367;1.0;0.9090909090909091;0.9090909090909091;0.0;0.1;0.0;0.0;0.5;0.0;0.0;0.18181818181818182;0.0;0.10526315789473684;0.2727272727272727;0.0;0.0;0.0;0.0;0.10526315789473684;0.0;0.0;0.0;0.2222222222222222;0.1;0.0;0.0;0.0;0.2222222222222222;0.21052631578947367;0.0;0.0;0.0;0.2222222222222222;0.0;0.0;0.19047619047619047;0.0;0.0;0.8695652173913043;0.0;0.0;0.0;0.0;0.0;0.0;0.0;0.21052631578947367;0.2;0.1;0.0;0.0;0.5555555555555556;0.0;0.6;0.0;0.0;0.0;0.0;0.0;0.21052631578947367;0.0;0.19047619047619047;0.19047619047619047;0.0;0.0;0.0;0.0;0.0;0.0;0.0;0.0;0.0;0.09523809523809523;0.0;0.0;0.0;0.5;0.0;0.0;0.0;0.0;0.45454545454545453;0.45454545454545453;0.19047619047619047;0.2222222222222222;0.5;0.0;0.0;0.0;0.0;0.0;0.43478260869565216;0.43478260869565216;0.43478260869565216;0.43478260869565216;0.0;0.43478260869565216;0.0;0.0;0.21052631578947367;0.0;0.0;0.43478260869565216;0.0;0.09090909090909091;0.5;0.19047619047619047;0.7;0.8695652173913043;0.17391304347826086;0.0;0.1;0.4166666666666667;0.0;0.17391304347826086;0.9090909090909091;0.0;0.0;0.0;0.2222222222222222;0.0;0.0;0.2857142857142857;0.2;0.0;0.0;0.5;0.8695652173913043;0.0;0.0;0.17391304347826086;0.0;0.9090909090909091;0.0;0.19047619047619047;0.09523809523809523;0.631578947368421;0.5263157894736842;0.09090909090909091;0.4;0.2;0.0;0.47619047619047616;0.2222222222222222
GO:0045892;0.08695652173913043;0.0;0.0;0.0;0.0;0.0;0.1;0.0;0.0;0.0;0.3157894736842105;0.9090909090909091;1.0;0.9090909090909091;0.0;0.1;0.0;0.0;0.5;0.0;0.0;0.36363636363636365;0.0;0.10526315789473684;0.6363636363636364;0.0;0.0;0.0;0.0;0.10526315789473684;0.0;0.0;0.0;0.4444444444444444;0.5;0.0;0.0;0.0;0.3333333333333333;0.5263157894736842;0.0;0.0;0.0;0.4444444444444444;0.0;0.0;0.5714285714285714;0.0;0.0;0.8695652173913043;0.0;0.0;0.0;0.0;0.0;0.0;0.0;0.42105263157894735;0.2;0.1;0.0;0.0;0.6666666666666666;0.0;0.7;0.0;0.0;0.0;0.0;0.0;0.21052631578947367;0.0;0.19047619047619047;0.19047619047619047;0.0;0.0;0.0;0.0;0.0;0.0;0.0;0.0;0.0;0.09523809523809523;0.0;0.0;0.0;0.5;0.0;0.0;0.0;0.0;0.45454545454545453;0.45454545454545453;0.38095238095238093;0.3333333333333333;0.5;0.0;0.0;0.0;0.0;0.0;0.43478260869565216;0.5217391304347826;0.5217391304347826;0.43478260869565216;0.0;0.43478260869565216;0.0;0.0;0.42105263157894735;0.0;0.0;0.5217391304347826;0.0;0.09090909090909091;0.5;0.38095238095238093;0.7;0.9565217391304348;0.34782608695652173;0.0;0.1;0.4166666666666667;0.0;0.34782608695652173;0.9090909090909091;0.0;0.0;0.0;0.4444444444444444;0.0;0.0;0.47619047619047616;0.2;0.0;0.0;0.5;0.8695652173913043;0.0;0.0;0.43478260869565216;0.0;0.9090909090909091;0.0;0.38095238095238093;0.09523809523809523;0.631578947368421;0.5263157894736842;0.7272727272727273;0.4;0.4;0.0;0.47619047619047616;0.4444444444444444
GO:0045893;0.08695652173913043;0.0;0.0;0.0;0.0;0.0;0.1;0.0;0.0;0.0;0.42105263157894735;0.9090909090909091;0.9090909090909091;1.0;0.0;0.1;0.0;0.0;0.6;0.0;0.0;0.36363636363636365;0.0;0.42105263157894735;0.6363636363636364;0.0;0.0;0.0;0.0;0.10526315789473684;0.0;0.0;0.0;0.4444444444444444;0.4;0.0;0.0;0.0;0.3333333333333333;0.42105263157894735;0.0;0.0;0.0;0.4444444444444444;0.0;0.0;0.47619047619047616;0.0;0.0;0.9565217391304348;0.0;0.0;0.0;0.0;0.0;0.0;0.0;0.42105263157894735;0.2;0.1;0.0;0.0;0.5555555555555556;0.0;0.6;0.0;0.0;0.0;0.0;0.0;0.21052631578947367;0.0;0.19047619047619047;0.19047619047619047;0.0;0.0;0.0;0.0;0.0;0.0;0.0;0.0;0.0;0.09523809523809523;0.0;0.0;0.0;0.5;0.0;0.0;0.0;0.0;0.5454545454545454;0.5454545454545454;0.38095238095238093;0.4444444444444444;0.6;0.0;0.0;0.0;0.0;0.0;0.5217391304347826;0.43478260869565216;0.43478260869565216;0.5217391304347826;0.0;0.5217391304347826;0.0;0.0;0.3157894736842105;0.0;0.0;0.43478260869565216;0.0;0.09090909090909091;0.6;0.38095238095238093;0.7;0.8695652173913043;0.34782608695652173;0.0;0.1;0.5;0.0;0.34782608695652173;0.9090909090909091;0.0;0.0;0.0;0.4444444444444444;0.0;0.0;0.47619047619047616;0.2;0.0;0.0;0.6;0.8695652173913043;0.0;0.0;0.2608695652173913;0.0;0.9090909090909091;0.0;0.38095238095238093;0.09523809523809523;0.631578947368421;0.5263157894736842;0.6363636363636364;0.48;0.4;0.0;0.47619047619047616;0.4444444444444444
GO:0070200;0.0;0.0;0.0;0.0;0.0;0.0;0.0;0.0;0.0;0.0;0.0;0.0;0.0;0.0;1.0;0.0;0.0;0.0;0.0;0.875;0.0;0.0;0.0;0.0;0.0;0.0;0.0;0.0;0.0;0.0;0.0;0.0;0.0;0.0;0.0;0.0;0.0;0.0;0.0;0.0;0.0;0.0;0.0;0.0;0.0;0.0;0.0;0.0;0.0;0.0;0.0;0.0;0.0;0.0;0.0;0.0;0.0;0.0;0.0;0.0;0.0;0.0;0.0;0.0;0.0;0.0;0.0;0.0;0.0;0.0;0.0;0.0;0.0;0.0;0.0;0.0;0.0;0.0;0.0;0.0;0.0;0.0;0.0;0.0;0.0;0.0;0.0;0.0;0.0;0.0;0.0;0.0;0.0;0.0;0.0;0.0;0.0;0.0;0.0;0.0;0.0;0.0;0.0;0.0;0.0;0.0;0.0;0.0;0.0;0.0;0.0;0.0;0.0;0.0;0.0;0.0;0.0;0.0;0.0;0.0;0.0;0.0;0.0;0.0;0.0;0.0;0.0;0.0;0.0;0.0;0.0;0.0;0.0;0.0;0.0;0.0;0.0;0.0;0.0;0.0;0.0;0.0;0.0;0.0;0.0;0.0;0.0;0.0;0.0;0.0;0.0;0.0;0.0;0.0;0.0
GO:0032201;0.09523809523809523;0.7777777777777778;0.14285714285714285;0.10526315789473684;0.7368421052631579;0.7777777777777778;0.1111111111111111;0.0;0.7058823529411765;0.6666666666666666;0.11764705882352941;0.1;0.1;0.1;0.0;1.0;0.8235294117647058;0.4;0.3333333333333333;0.0;0.6666666666666666;0.1;0.4444444444444444;0.11764705882352941;0.1;0.11764705882352941;0.1111111111111111;0.125;0.47058823529411764;0.11764705882352941;0.7777777777777778;0.47058823529411764;0.11764705882352941;0.125;0.2222222222222222;0.11764705882352941;0.14285714285714285;0.4444444444444444;0.125;0.11764705882352941;0.0;0.0;0.8235294117647058;0.125;0.7777777777777778;0.2857142857142857;0.10526315789473684;0.4;0.7368421052631579;0.09523809523809523;0.13333333333333333;0.1111111111111111;0.7777777777777778;0.375;0.13333333333333333;0.4;0.4444444444444444;0.11764705882352941;0.8888888888888888;0.1111111111111111;0.42105263157894735;0.4;0.125;0.3157894736842105;0.1111111111111111;0.0;0.47058823529411764;0.42105263157894735;0.4444444444444444;0.42105263157894735;0.47058823529411764;0.7368421052631579;0.8421052631578947;0.8421052631578947;0.4444444444444444;0.375;0.0;0.10526315789473684;0.47619047619047616;0.0;0.23529411764705882;0.3333333333333333;0.42105263157894735;0.9473684210526315;0.7777777777777778;0.4;0.4;0.1111111111111111;0.42105263157894735;0.42105263157894735;0.42105263157894735;0.42105263157894735;0.1;0.1;0.10526315789473684;0.125;0.1111111111111111;0.75;0.1111111111111111;0.4;0.14285714285714285;0.25;0.09523809523809523;0.09523809523809523;0.09523809523809523;0.09523809523809523;0.0;0.09523809523809523;0.7368421052631579;0.5263157894736842;0.11764705882352941;0.4444444444444444;0.09090909090909091;0.09523809523809523;0.09090909090909091;0.1;0.1111111111111111;0.10526315789473684;0.1111111111111111;0.09523809523809523;0.09523809523809523;0.4444444444444444;0.1111111111111111;0.09090909090909091;0.0;0.2857142857142857;0.3;0.5882352941176471;0.13333333333333333;0.11764705882352941;0.125;0.125;0.25;0.10526315789473684;0.8888888888888888;0.25;0.5;0.1111111111111111;0.47619047619047616;0.13333333333333333;0.13333333333333333;0.09523809523809523;0.3333333333333333;0.1;0.3076923076923077;0.10526315789473684;0.10526315789473684;0.5882352941176471;0.11764705882352941;0.4;0.08695652173913043;0.1111111111111111;0.2857142857142857;0.10526315789473684;0.125
GO:0071897;0.2;0.8235294117647058;0.3076923076923077;0.7777777777777778;0.7777777777777778;0.8235294117647058;0.23529411764705882;0.0;0.875;0.8235294117647058;0.0;0.0;0.0;0.0;0.0;0.8235294117647058;1.0;0.7368421052631579;0.0;0.0;0.7058823529411765;0.0;0.7058823529411765;0.0;0.0;0.25;0.23529411764705882;0.13333333333333333;0.875;0.25;0.8235294117647058;0.875;0.25;0.0;0.23529411764705882;0.25;0.3076923076923077;0.8235294117647058;0.0;0.0;0.0;0.0;0.75;0.0;0.7058823529411765;0.3076923076923077;0.0;0.7368421052631579;0.7777777777777778;0.0;0.2857142857142857;0.23529411764705882;0.8235294117647058;0.26666666666666666;0.2857142857142857;0.7368421052631579;0.8235294117647058;0.0;0.8235294117647058;0.23529411764705882;0.8888888888888888;0.7368421052631579;0.0;0.3333333333333333;0.0;0.0;0.875;0.7777777777777778;0.8235294117647058;0.7777777777777778;0.0;0.7777777777777778;0.8888888888888888;0.7777777777777778;0.8235294117647058;0.26666666666666666;0.0;0.7777777777777778;0.5;0.0;0.25;0.5882352941176471;0.6666666666666666;0.7777777777777778;0.8235294117647058;0.631578947368421;0.631578947368421;0.0;0.6666666666666666;0.6666666666666666;0.6666666666666666;0.8888888888888888;0.0;0.0;0.2222222222222222;0.0;0.0;0.8;0.23529411764705882;0.42105263157894735;0.15384615384615385;0.26666666666666666;0.0;0.0;0.0;0.0;0.0;0.0;0.7777777777777778;0.5555555555555556;0.0;0.8235294117647058;0.19047619047619047;0.0;0.19047619047619047;0.21052631578947367;0.0;0.0;0.0;0.2;0.0;0.8235294117647058;0.23529411764705882;0.0;0.0;0.2;0.21052631578947367;0.25;0.2857142857142857;0.25;0.0;0.26666666666666666;0.26666666666666666;0.0;0.8235294117647058;0.26666666666666666;0.5263157894736842;0.0;0.5;0.14285714285714285;0.2857142857142857;0.0;0.47058823529411764;0.0;0.3333333333333333;0.0;0.2222222222222222;0.625;0.0;0.7368421052631579;0.0;0.0;0.3076923076923077;0.0;0.0
GO:0010778;0.08695652173913043;0.7;0.125;0.09523809523809523;0.6666666666666666;0.7;0.1;0.11764705882352941;0.631578947368421;0.6;0.0;0.0;0.0;0.0;0.0;0.4;0.7368421052631579;1.0;0.0;0.0;0.6;0.0;0.4;0.0;0.0;0.10526315789473684;0.1;0.1111111111111111;0.42105263157894735;0.10526315789473684;0.7;0.42105263157894735;0.10526315789473684;0.0;0.2;0.10526315789473684;0.125;0.4;0.0;0.0;0.0;0.0;0.7368421052631579;0.0;0.7;0.25;0.0;0.36363636363636365;0.6666666666666666;0.0;0.47058823529411764;0.1;0.7;0.4444444444444444;0.11764705882352941;0.36363636363636365;0.4;0.0;0.7;0.1;0.38095238095238093;0.36363636363636365;0.0;0.2857142857142857;0.0;0.0;0.42105263157894735;0.38095238095238093;0.4;0.38095238095238093;0.0;0.6666666666666666;0.6666666666666666;0.6666666666666666;0.4;0.4444444444444444;0.125;0.09523809523809523;0.43478260869565216;0.0;0.21052631578947367;0.3;0.38095238095238093;0.38095238095238093;0.7;0.36363636363636365;0.36363636363636365;0.0;0.38095238095238093;0.38095238095238093;0.38095238095238093;0.38095238095238093;0.0;0.0;0.09523809523809523;0.0;0.0;0.6666666666666666;0.1;0.36363636363636365;0.125;0.2222222222222222;0.0;0.0;0.0;0.0;0.0;0.0;0.6666666666666666;0.47619047619047616;0.0;0.4;0.08333333333333333;0.0;0.08333333333333333;0.09090909090909091;0.0;0.0;0.0;0.08695652173913043;0.0;0.4;0.1;0.0;0.0;0.2608695652173913;0.2727272727272727;0.21052631578947367;0.11764705882352941;0.10526315789473684;0.0;0.1111111111111111;0.2222222222222222;0.0;0.7;0.2222222222222222;0.45454545454545453;0.0;0.43478260869565216;0.11764705882352941;0.11764705882352941;0.0;0.3;0.0;0.26666666666666666;0.0;0.09523809523809523;0.5263157894736842;0.0;0.36363636363636365;0.0;0.0;0.25;0.0;0.0
GO:0032206;0.09523809523809523;0.0;0.0;0.0;0.0;0.0;0.1111111111111111;0.0;0.0;0.0;0.47058823529411764;0.5;0.5;0.6;0.0;0.3333333333333333;0.0;0.0;1.0;0.0;0.0;0.4;0.0;0.7058823529411765;0.8;0.0;0.0;0.0;0.0;0.11764705882352941;0.0;0.0;0.0;0.625;0.4444444444444444;0.0;0.0;0.0;0.375;0.47058823529411764;0.0;0.0;0.0;0.5;0.0;0.0;0.8421052631578947;0.0;0.0;0.5714285714285714;0.0;0.0;0.0;0.0;0.0;0.0;0.0;0.5882352941176471;0.3333333333333333;0.1111111111111111;0.0;0.0;0.625;0.0;0.5555555555555556;0.0;0.0;0.0;0.0;0.0;0.35294117647058826;0.0;0.3157894736842105;0.3157894736842105;0.0;0.0;0.0;0.0;0.0;0.0;0.0;0.0;0.0;0.3157894736842105;0.0;0.0;0.0;0.7777777777777778;0.0;0.0;0.0;0.0;0.6;0.6;0.42105263157894735;0.5;0.8888888888888888;0.0;0.0;0.0;0.0;0.0;0.7619047619047619;0.6666666666666666;0.6666666666666666;0.7619047619047619;0.0;0.7619047619047619;0.0;0.0;0.35294117647058826;0.0;0.0;0.6666666666666666;0.0;0.1;0.8888888888888888;0.42105263157894735;0.8888888888888888;0.47619047619047616;0.38095238095238093;0.0;0.1111111111111111;0.7272727272727273;0.0;0.38095238095238093;0.5;0.0;0.0;0.0;0.5;0.0;0.0;0.631578947368421;0.3333333333333333;0.0;0.0;0.8888888888888888;0.47619047619047616;0.0;0.0;0.5714285714285714;0.0;0.5;0.0;0.8421052631578947;0.631578947368421;0.5882352941176471;0.8235294117647058;0.7;0.6956521739130435;0.4444444444444444;0.0;0.7368421052631579;0.5
GO:0034502;0.0;0.0;0.0;0.0;0.0;0.0;0.0;0.0;0.0;0.0;0.0;0.0;0.0;0.0;0.875;0.0;0.0;0.0;0.0;1.0;0.0;0.0;0.0;0.0;0.0;0.0;0.0;0.0;0.0;0.0;0.0;0.0;0.0;0.0;0.0;0.0;0.0;0.0;0.0;0.0;0.0;0.0;0.0;0.0;0.0;0.0;0.0;0.0;0.0;0.0;0.0;0.0;0.0;0.0;0.0;0.0;0.0;0.0;0.0;0.0;0.0;0.0;0.0;0.0;0.0;0.0;0.0;0.0;0.0;0.0;0.0;0.0;0.0;0.0;0.0;0.0;0.0;0.0;0.0;0.0;0.0;0.0;0.0;0.0;0.0;0.0;0.0;0.0;0.0;0.0;0.0;0.0;0.0;0.0;0.0;0.0;0.0;0.0;0.0;0.0;0.0;0.0;0.0;0.0;0.0;0.0;0.0;0.0;0.0;0.0;0.0;0.0;0.0;0.0;0.0;0.0;0.0;0.0;0.0;0.0;0.0;0.0;0.0;0.0;0.0;0.0;0.0;0.0;0.0;0.0;0.0;0.0;0.0;0.0;0.0;0.0;0.0;0.0;0.0;0.0;0.0;0.0;0.0;0.0;0.0;0.0;0.0;0.0;0.0;0.0;0.0;0.0;0.0;0.0;0.0
GO:0090502;0.09523809523809523;0.6666666666666666;0.14285714285714285;0.631578947368421;0.631578947368421;0.6666666666666666;0.1111111111111111;0.0;0.7058823529411765;0.6666666666666666;0.0;0.0;0.0;0.0;0.0;0.6666666666666666;0.7058823529411765;0.6;0.0;0.0;1.0;0.0;0.6666666666666666;0.0;0.0;0.11764705882352941;0.1111111111111111;0.125;0.7058823529411765;0.11764705882352941;0.6666666666666666;0.7058823529411765;0.11764705882352941;0.0;0.2222222222222222;0.11764705882352941;0.14285714285714285;0.6666666666666666;0.0;0.0;0.0;0.0;0.7058823529411765;0.0;0.6666666666666666;0.2857142857142857;0.0;0.6;0.631578947368421;0.0;0.13333333333333333;0.1111111111111111;0.6666666666666666;0.125;0.13333333333333333;0.6;0.6666666666666666;0.0;0.6666666666666666;0.1111111111111111;0.631578947368421;0.6;0.0;0.42105263157894735;0.0;0.0;0.7058823529411765;0.7368421052631579;0.6666666666666666;0.7368421052631579;0.0;0.631578947368421;0.631578947368421;0.631578947368421;0.7777777777777778;0.125;0.0;0.7368421052631579;0.38095238095238093;0.0;0.23529411764705882;0.5555555555555556;0.7368421052631579;0.631578947368421;0.6666666666666666;0.4;0.4;0.0;0.7368421052631579;0.7368421052631579;0.7368421052631579;0.631578947368421;0.0;0.0;0.10526315789473684;0.0;0.0;0.875;0.1111111111111111;0.4;0.14285714285714285;0.25;0.0;0.0;0.0;0.0;0.0;0.0;0.631578947368421;0.42105263157894735;0.0;0.6666666666666666;0.09090909090909091;0.0;0.09090909090909091;0.1;0.0;0.0;0.0;0.09523809523809523;0.0;0.6666666666666666;0.1111111111111111;0.0;0.0;0.09523809523809523;0.1;0.23529411764705882;0.13333333333333333;0.11764705882352941;0.0;0.125;0.25;0.0;0.6666666666666666;0.25;0.4;0.0;0.38095238095238093;0.13333333333333333;0.13333333333333333;0.0;0.3333333333333333;0.0;0.3076923076923077;0.0;0.10526315789473684;0.5882352941176471;0.0;0.6;0.0;0.0;0.2857142857142857;0.0;0.0
GO:1902042;0.08695652173913043;0.0;0.0;0.0;0.0;0.0;0.1;0.0;0.0;0.0;0.3157894736842105;0.18181818181818182;0.36363636363636365;0.36363636363636365;0.0;0.1;0.0;0.0;0.4;0.0;0.0;1.0;0.0;0.10526315789473684;0.36363636363636365;0.0;0.0;0.0;0.0;0.10526315789473684;0.0;0.0;0.0;0.4444444444444444;0.5;0.0;0.0;0.0;0.4444444444444444;0.5263157894736842;0.0;0.0;0.0;0.4444444444444444;0.0;0.0;0.38095238095238093;0.0;0.0;0.34782608695652173;0.0;0.0;0.0;0.0;0.0;0.0;0.0;0.42105263157894735;0.2;0.1;0.0;0.0;0.5555555555555556;0.0;0.5;0.0;0.0;0.0;0.0;0.0;0.21052631578947367;0.0;0.19047619047619047;0.19047619047619047;0.0;0.0;0.0;0.0;0.0;0.0;0.0;0.0;0.0;0.09523809523809523;0.0;0.0;0.0;0.4;0.0;0.0;0.0;0.0;0.36363636363636365;0.36363636363636365;0.38095238095238093;0.3333333333333333;0.4;0.0;0.0;0.0;0.0;0.0;0.34782608695652173;0.43478260869565216;0.43478260869565216;0.34782608695652173;0.0;0.34782608695652173;0.0;0.0;0.42105263157894735;0.0;0.0;0.43478260869565216;0.0;0.09090909090909091;0.4;0.38095238095238093;0.4;0.08695652173913043;0.34782608695652173;0.0;0.1;0.3333333333333333;0.0;0.34782608695652173;0.09090909090909091;0.0;0.0;0.0;0.4444444444444444;0.0;0.0;0.38095238095238093;0.2;0.0;0.0;0.4;0.34782608695652173;0.0;0.0;0.43478260869565216;0.0;0.36363636363636365;0.0;0.38095238095238093;0.09523809523809523;0.3157894736842105;0.42105263157894735;0.09090909090909091;0.32;0.7;0.0;0.38095238095238093;0.6666666666666666
GO:0006296;0.09523809523809523;0.6666666666666666;0.14285714285714285;0.10526315789473684;0.631578947368421;0.6666666666666666;0.1111111111111111;0.0;0.7058823529411765;0.6666666666666666;0.0;0.0;0.0;0.0;0.0;0.4444444444444444;0.7058823529411765;0.4;0.0;0.0;0.6666666666666666;0.0;1.0;0.0;0.0;0.11764705882352941;0.1111111111111111;0.125;0.7058823529411765;0.11764705882352941;0.6666666666666666;0.7058823529411765;0.11764705882352941;0.0;0.2222222222222222;0.11764705882352941;0.14285714285714285;0.6666666666666666;0.0;0.0;0.0;0.0;0.7058823529411765;0.0;0.6666666666666666;0.2857142857142857;0.0;0.6;0.631578947368421;0.0;0.13333333333333333;0.1111111111111111;0.6666666666666666;0.125;0.13333333333333333;0.6;0.6666666666666666;0.0;0.6666666666666666;0.1111111111111111;0.631578947368421;0.6;0.0;0.3157894736842105;0.0;0.0;0.7058823529411765;0.631578947368421;0.6666666666666666;0.631578947368421;0.0;0.631578947368421;0.631578947368421;0.631578947368421;0.6666666666666666;0.125;0.0;0.10526315789473684;0.2857142857142857;0.0;0.23529411764705882;0.3333333333333333;0.631578947368421;0.631578947368421;0.6666666666666666;0.1;0.1;0.0;0.631578947368421;0.631578947368421;0.631578947368421;0.631578947368421;0.0;0.0;0.10526315789473684;0.0;0.0;0.75;0.1111111111111111;0.1;0.14285714285714285;0.25;0.0;0.0;0.0;0.0;0.0;0.0;0.631578947368421;0.3157894736842105;0.0;0.6666666666666666;0.09090909090909091;0.0;0.09090909090909091;0.1;0.0;0.0;0.0;0.09523809523809523;0.0;0.6666666666666666;0.1111111111111111;0.0;0.0;0.09523809523809523;0.1;0.23529411764705882;0.13333333333333333;0.11764705882352941;0.0;0.125;0.25;0.0;0.6666666666666666;0.25;0.3;0.0;0.2857142857142857;0.13333333333333333;0.13333333333333333;0.0;0.3333333333333333;0.0;0.3076923076923077;0.0;0.10526315789473684;0.5882352941176471;0.0;0.6;0.0;0.0;0.2857142857142857;0.0;0.0
