;GO:0090336;GO:0051928;GO:0051491;GO:0042770;GO:1901741;GO:0046854;GO:0045762;GO:0007254;GO:1900015;GO:0045648;GO:0045645;GO:0007259;GO:0000188;GO:0000187;GO:0002634;GO:0046580;GO:0045892;GO:0030308;GO:0045893;GO:0045651;GO:0000060;GO:2000510;GO:0035556;GO:2001184;GO:0042307;GO:0000902;GO:0045930;GO:0007266;GO:0042663;GO:0009967;GO:0006974;GO:0009725;GO:0046627;GO:0045659;GO:0098586;GO:0002885;GO:0000077;GO:0048010;GO:0001953;GO:2000525;GO:0001558;GO:0001954;GO:0002922;GO:2000526;GO:0002407;GO:0002408;GO:0030890;GO:0050727;GO:2000522;GO:0072610;GO:0032436;GO:0051897;GO:0040015;GO:0043405;GO:0035024;GO:0060420;GO:0034695;GO:0031065;GO:1905049;GO:0008285;GO:0043123;GO:0002062;GO:0045666;GO:0051272;GO:0007595;GO:0045663;GO:0001890;GO:0045944;GO:0000165;GO:0051146;GO:0045672;GO:0019221;GO:0006816;GO:0010759;GO:0048662;GO:0014835;GO:2000379;GO:2000773;GO:0022617;GO:0048821;GO:0043410;GO:0002741;GO:0002467;GO:0050862;GO:0030513;GO:0043380;GO:2000547;GO:2000669;GO:0002903;GO:0032496;GO:0035924;GO:1905050;GO:0031281;GO:0060045;GO:0038116;GO:0040036;GO:0038115;GO:0032495;GO:0038111;GO:0007178;GO:0006006;GO:0006887;GO:0030502;GO:0051045;GO:0032487;GO:0051209;GO:0071731;GO:0019722;GO:0032764;GO:0060396;GO:0030183;GO:0007186;GO:0038066;GO:0007187;GO:0090026;GO:0031274;GO:0090023;GO:0043552;GO:1901796;GO:0043312;GO:0043433;GO:0046426;GO:0010629;GO:0007219;GO:0019395;GO:0045860;GO:0032355;GO:0002606;GO:0031663;GO:0032870;GO:0048294;GO:0018105;GO:0016567;GO:0031665;GO:0045629;GO:0090630;GO:1903464;GO:0045746;GO:0006469;GO:0043687;GO:0000122;GO:0045591;GO:0097022;GO:0097029;GO:0071479;GO:0010951;GO:0071356;GO:0014912;GO:0035335;GO:0070935;GO:0006351;GO:0090400;GO:0050706;GO:0046326;GO:0007205;GO:0007204;GO:0030316;GO:0090090;GO:0032735;GO:0071222;GO:0071223;GO:0043066;GO:0070098;GO:0046330;GO:0070373;GO:0070374;GO:0043065;GO:0030838;GO:0071345;GO:0030036
GO:0090336;1.0;0.365453807589168;0.4205769813321554;0.3502366053897747;0.5720126999551971;0.0;0.21517374119329832;0.2085632079604559;0.3027480985683374;0.5844099797735556;0.49708018838499834;0.4075461927567416;0.14386753788753023;0.19752555710297562;0.37844074201827543;0.2857590507856488;0.2030157004720967;0.3785152590452704;0.288004211966125;0.5443779457009797;0.0;0.3188017362113657;0.44203938105853113;0.29300690232772236;0.23463047412557544;0.0;0.3932755039101487;0.39228273601805286;0.46039334396176546;0.4746144505337112;0.0;0.0;0.3020069416104006;0.33421987231106587;0.0;0.25170658427311404;0.30854804062667285;0.3922999552415297;0.365115596433404;0.3579067013891457;0.44335491458799037;0.39297960374807145;0.3656907421298689;0.3193420325702933;0.0;0.0;0.34188653249819434;0.34044232082097564;0.44646989982942836;0.0;0.2723484621513376;0.4203577224172275;0.34131780874499895;0.2281845761888601;0.27111539392602696;0.39311339352808705;0.0;0.28240153282446817;0.21874371179588947;0.42539868373814166;0.4203577949479943;0.0;0.6021963199151988;0.5683032212041919;0.23086871491634978;0.7915215027532869;0.0;0.2772103405380283;0.24336560965259257;0.0;0.5443779457009796;0.42409346856065067;0.0;0.2933907098416084;0.39332658728312053;0.0;0.5089069603771442;0.38417549587059424;0.0;0.0;0.25272785463658654;0.243520770589714;0.0;0.3765078049323452;0.2814873416537208;0.3859692695202351;0.37896916084863963;0.32097175349699064;0.3024981183530454;0.0;0.0;0.3043892964971616;0.2511415292182517;0.376043758866317;0.3923283684921404;0.3928616312678199;0.3923283684921404;0.0;0.407583808436888;0.4075646942472832;0.0;0.0;0.3308862700267942;0.22952335733554208;0.3656569507925408;0.16051811399096858;0.0;0.4075609033339021;0.21650518233011073;0.3922999552415297;0.0;0.44203938105853113;0.2085632079604559;0.4240990737800321;0.3055911016746531;0.4205770415563745;0.29343989731340214;0.2924987799944385;0.3929402596511601;0.0;0.2564370788296656;0.2857584582186472;0.3146371880855745;0.42409346856065067;0.0;0.2611288405733952;0.0;0.3931181708270131;0.42409346856065067;0.0;0.15944115966054648;0.0;0.0;0.2700894641307178;0.1978927512304006;0.22382064500433047;0.18186005015024134;0.32038800181860466;0.18765523435053313;0.0;0.1955471960007431;0.4067711801453519;0.0;0.0;0.0;0.21874371802882517;0.0;0.31123542384946135;0.0;0.2215077187838794;0.0;0.0;0.2772701200471035;0.35322413098199396;0.4240990737800321;0.1644006187194397;0.0;0.3020790174660925;0.393320808655188;0.0;0.0;0.3657294234081481;0.407583808436888;0.22211991372201909;0.17561393337892864;0.24437299885059124;0.5089277344759001;0.2911747997900764;0.0;0.0
GO:0051928;0.365453807589168;1.0;0.3204272285482352;0.3000332251338653;0.2781118270397012;0.0;0.15925439192972807;0.17371911545630947;0.3259055747778514;0.2844614275192642;0.24003712703756724;0.35319776123391267;0.11833533562947995;0.14583482161771397;0.32604344629398535;0.24166505650665873;0.16891522808888837;0.3261125598235817;0.2153379393979694;0.2640095588138556;0.0;0.28720807592393693;0.3857978770006872;0.34817125750246086;0.38980469692027886;0.0;0.3398436753652256;0.33891754801770846;0.2823057335002601;0.364415085390252;0.0;0.0;0.25623216684535033;0.20128323222981084;0.0;0.2641975357634503;0.26212326214807374;0.3389336082058631;0.3137179513539946;0.2702565041773142;0.3870503331849916;0.42429906385662974;0.392662254857432;0.23982441688463524;0.0;0.0;0.25757436381668014;0.37000687608885413;0.34141950617869254;0.0;0.20318554210984238;0.32025013205569663;0.29186947625337517;0.1907942453133738;0.228616495429811;0.3396924213292002;0.0;0.21098285988200713;0.18256212551919235;0.3700131442661168;0.3202501906373124;0.0;0.2935963606697478;0.5306588298483992;0.24913555799464973;0.3927091523293354;0.0;0.20695374543584405;0.20409575443948774;0.0;0.26400955881385557;0.36877960135414345;0.0;0.2633713254607019;0.3398913398042906;0.0;0.3926874260054551;0.27267992993037327;0.0;0.0;0.18803060120575;0.28736979073161634;0.0;0.28505430415530886;0.2102728897809451;0.23416203388487222;0.3265335925634101;0.27335481810642615;0.2566740012718786;0.0;0.0;0.228113828543073;0.2729085162336258;0.21957586558993653;0.33896010919029695;0.3394575390141843;0.33896010919029695;0.0;0.35323306331232385;0.35321512469850835;0.0;0.0;0.2823580560042912;0.19196408811215523;0.314217402316243;0.16550829141074141;0.0;0.3532115669534128;0.22809571613828233;0.3389336082058631;0.0;0.3857978770006872;0.17371911545630947;0.36878489737339226;0.27479458704627197;0.3204272771931567;0.26341730117741036;0.2188366184632989;0.3395308930118261;0.0;0.21561273360245853;0.24166452695178506;0.33972455013152886;0.36877960135414345;0.0;0.19450932964436093;0.0;0.42446060248572615;0.36877960135414345;0.0;0.10908420397647477;0.0;0.0;0.22770515198927402;0.11692734507911995;0.24094782444687068;0.15069054125374096;0.2728258333745981;0.155667914216224;0.0;0.16246425994752156;0.1948315010320445;0.0;0.0;0.0;0.18256213094405427;0.0;0.3305600721557149;0.0;0.1912696973206761;0.0;0.0;0.35009773482873885;0.600832026289437;0.36878489737339226;0.17345707207248096;0.0;0.2562969967403422;0.4246968498142276;0.0;0.0;0.31428427348515936;0.35323306331232385;0.16455429513608202;0.14533841838640194;0.18160251745782816;0.392704638317328;0.21780554154248086;0.0;0.0
GO:0051491;0.4205769813321554;0.3204272285482352;1.0;0.3086684440390077;0.4264178353647575;0.0;0.20309827110018694;0.1930793039531745;0.26430335428548946;0.3404186554000133;0.2936770471413455;0.352333621180143;0.13632618702859042;0.18730261981677793;0.2643940238639029;0.2574691020491073;0.1883155162105452;0.39509249654490575;0.2667741558165658;0.3191564440437881;0.0;0.2929919222420099;0.3778216635275667;0.27106100025349056;0.21521434377923324;0.0;0.34161683531650244;0.34086749950080675;0.29349429628513923;0.41958788062539676;0.0;0.0;0.2705853453040785;0.21986021990625862;0.0;0.22949521844615725;0.27582433884313673;0.3408805007134685;0.3201671938542408;0.3256966329049109;0.45291464924717956;0.34139354347008855;0.3206093610833968;0.2934482137592767;0.0;0.0;0.3123765490705517;0.29258499097669044;0.39743886412652757;0.0;0.25328740142281486;0.3766132507412334;0.24146733660098907;0.20977876909972284;0.24552073211550204;0.2732989072481555;0.0;0.3345813223990861;0.20177279750456398;0.3655978992946519;0.3766133089616613;0.0;0.34977785001736955;0.4911732186535507;0.20073903742955024;0.44618713666584353;0.0;0.2574873033088028;0.22254102540115078;0.0;0.31915644404378807;0.36463343850936897;0.0;0.2713894351064024;0.3416553793263386;0.0;0.4461669816007055;0.2851200502323726;0.0;0.0;0.23623109228642983;0.22816758484627994;0.0;0.3410286402590784;0.2611733062149335;0.2506220369070622;0.7156508837185763;0.28571033256959694;0.27097956562389813;0.0;0.0;0.2807739291432987;0.2158920472367131;0.27143821966005494;0.3409019535439087;0.3413045069022443;0.3409019535439087;0.0;0.3523617348786108;0.352347449153722;0.0;0.0;0.2349204367093908;0.21090974825450912;0.3205833873252306;0.15118675613703067;0.0;0.35234461584720445;0.19610602997850796;0.3408805007134685;0.0;0.3778216635275667;0.1930793039531745;0.36463758214565994;0.2817961761907945;0.8976193551533931;0.2714315215471517;0.2706260865742793;0.3413638503472645;0.0;0.2334211708892591;0.2574686210017869;0.27331970376409265;0.36463343850936897;0.0;0.24355523561287074;0.0;0.3414981142979967;0.36463343850936897;0.0;0.1264398380496301;0.0;0.0;0.24467906413952106;0.13482930710040178;0.1953892385845774;0.169974273944929;0.28524770321451454;0.17502618237609105;0.0;0.18187226581601215;0.24391817197550683;0.0;0.0;0.0;0.20177280280787038;0.0;0.27796993607677134;0.0;0.2068243462951096;0.0;0.0;0.2505574422956662;0.3109865515565714;0.36463758214565994;0.14852599373419742;0.0;0.2706432020117537;0.3416510192359879;0.0;0.0;0.3206390927750507;0.3523617348786108;0.20927549588301977;0.16450565273164613;0.22891557519145833;0.4461829491431522;0.42005046507767435;0.0;0.0
GO:0042770;0.3502366053897747;0.3000332251338653;0.3086684440390077;1.0;0.2692105499844477;0.1773714129778326;0.1562951685018257;0.5090339765339368;0.3108555561009679;0.27515585850108387;0.23337707834898025;0.6710625802555527;0.14530883536774267;0.14334941221700084;0.3109809856199929;0.2915020721925014;0.20589760584550248;0.3886578672392147;0.20996263150250283;0.2559750725697263;0.0;0.23277516021087147;0.7296441511535917;0.21366344903709517;0.19086283657056297;0.2473409567683874;0.4042360121061027;0.6452312582186446;0.33855069344745703;0.3492824724205053;0.7260175332770313;0.2833702955577873;0.30842894979206964;0.2442067709402632;0.24811158384226467;0.2049989070799931;0.6973468435179966;0.5678580718817805;0.37454386325682854;0.2618433567369393;0.45733416775618096;0.32326090044502465;0.3002327767290525;0.23317600317414766;0.2055529327669958;0.1928264712426585;0.24992110580151466;0.3507286254000974;0.3281015554301818;0.17632049319757853;0.198393064708117;0.3085041036135824;0.2797403261398913;0.23183176307562345;0.2762795785041695;0.3233740203998488;0.2069432478567448;0.2058201716849268;0.22209313093761132;0.43825211125675523;0.3085041579767304;0.28339656753475245;0.2836939369085766;0.42022833808456783;0.23725381330391448;0.37519192789016215;0.0;0.20198403461085998;0.3961107010814825;0.2709193767945522;0.2559750725697263;0.6152656404789573;0.0;0.21394745346966096;0.4042899827186138;0.2709193767945522;0.37517209654161243;0.32745650292469414;0.2593038549637718;0.2592201520943538;0.18391913952975916;0.1771369853050026;0.24715202352915458;0.2757105423041211;0.2051444663555418;0.2827559901578816;0.389136435625284;0.328235337165378;0.3089412555465392;0.22959183802625788;0.38946371056015294;0.22209069135744852;0.25871561973030094;0.21398964417414013;0.5679003437481251;0.4037987617301261;0.5679003437481251;0.23924660981916204;0.5906212602387938;0.5905927614670228;0.0;0.24776889080794426;0.27099115909884663;0.23321381264941735;0.3751135588606635;0.19731141514660158;0.2970688665857715;0.6710875028860267;0.22062006955815056;0.5678580718817805;0.21316572395215952;0.6421195868038941;0.5090339765339368;0.6152740173432878;0.2229810413990882;0.30866848917917283;0.21398385130872194;0.21328747274995905;0.4038818294903404;0.15781057060028314;0.2610524581754299;0.29150145556804086;0.3234031363589159;0.6152656404789573;0.18198670740936954;0.19011297241044936;0.23889481094611584;0.3233780596706003;0.6152656404789573;0.37422394288569005;0.1341301400865013;0.16293369933544952;0.1821404379346835;0.2752142696052624;0.14360942470524082;0.22981677692564728;0.184169205305649;0.3276248910876178;0.19011489745494914;0.19336721780894564;0.1982195679980176;0.19042073323678144;0.22915667573386592;0.2395634239245371;0.3888591960510262;0.2220931373628867;0.3753718710073026;0.31806034022609403;0.1718533910127674;0.18701696583345973;0.13749561914291022;0.5205094449523289;0.2826737721298945;0.2897421905846463;0.6152740173432878;0.22871704217876465;0.24922587845174304;0.3085041239255314;0.32354939520898174;0.2906773407437803;0.3170712652928582;0.37518982890871333;0.5906212602387938;0.1613967840447105;0.1777662545949118;0.17776449360053018;0.3751878075994515;0.2580841181667732;0.4043522778978403;0.2589288724663163
GO:1901741;0.5720126999551971;0.2781118270397012;0.4264178353647575;0.2692105499844477;1.0;0.0;0.1899350425764431;0.17686401135656643;0.22847429218677695;0.47433812292535255;0.4151408326543568;0.30183562162029753;0.12803785264016698;0.17605055204402473;0.34160582328475664;0.2294207466563729;0.17285847461199683;0.34150976718503073;0.24451539144157153;0.4476210982980571;0.0;0.2663614920480297;0.3203491685058866;0.24811189690047347;0.19526013996484068;0.0;0.293936209318306;0.2933812807029436;0.4090253885007219;0.3670365893028681;0.0;0.0;0.23977743908004742;0.27704252315039535;0.0;0.2069437160974015;0.24388231112967731;0.29339091178682014;0.2779159164415506;0.29311975541967505;0.3838708847729349;0.2937708837077607;0.2782490210097697;0.26673855382415246;0.0;0.0;0.2822867046105222;0.24930573913867302;0.3499754466153447;0.0;0.23313733370989942;0.3337252537061567;0.26390984725984096;0.19077528474558964;0.21988565319262895;0.2938456426406006;0.0;0.3071273740220402;0.1841311375785974;0.3115179408204459;0.3337252994215369;0.0;0.4859886350604557;0.420667445524946;0.17287720495454142;0.6022417315877246;0.0;0.23669088922258846;0.201272201471317;0.0;0.4476210982980571;0.3108174332668286;0.0;0.24838704454094998;0.29396474430683306;0.0;0.38721473042555793;0.30126976691801755;0.0;0.0;0.21860904804343342;0.21168606310645458;0.0;0.3054798725697388;0.2398019269471614;0.31168263979930483;0.3418186878097174;0.25157922953522793;0.24008694934895194;0.0;0.0;0.2562251637712133;0.18399923794715578;0.31835232173382366;0.2934068034659599;0.2937049524890625;0.2934068034659599;0.0;0.30185625383392706;0.3018457698177401;0.0;0.0;0.25762980764285;0.19171018161044956;0.27822945715933467;0.1410600680745015;0.0;0.30184369049460613;0.17566631382958808;0.29339091178682014;0.0;0.3203491685058866;0.17686401135656643;0.3108204440442698;0.25707619919835395;0.42641788383602597;0.2484222985487768;0.24774745930537395;0.2937488966034598;0.0;0.21013064807006573;0.22942036470943802;0.2351807982468837;0.3108174332668286;0.0;0.224866761976381;0.0;0.29384831185779;0.3108174332668286;0.0;0.14309809067844115;0.0;0.0;0.21921032679557018;0.17634339068519433;0.16889467846458855;0.15728004264254658;0.25122046056522784;0.16159596257600534;0.0;0.16741425619386027;0.35020653578444305;0.0;0.0;0.0;0.18413114199507427;0.0;0.24555822841755778;0.0;0.1911745204833537;0.0;0.0;0.22391686089543003;0.27097218740301315;0.3108204440442698;0.1327018717440547;0.0;0.23982286996902824;0.29396151647996577;0.0;0.0;0.2782714148817749;0.30185625383392706;0.19532686878760383;0.15258647081044283;0.2123297427931464;0.3872267570821883;0.3152145862230683;0.0;0.0
GO:0046854;0.0;0.0;0.0;0.1773714129778326;0.0;1.0;0.0;0.376244181167784;0.0;0.0;0.0;0.20165240653963198;0.0;0.0;0.0;0.0;0.0;0.0;0.0;0.0;0.0;0.0;0.21573595145001387;0.0;0.0;0.20121188250996677;0.0;0.19529525622833493;0.0;0.0;0.21622840091082524;0.0;0.0;0.0;0.0;0.0;0.15897870372425765;0.19530247205438975;0.0;0.0;0.0;0.0;0.0;0.0;0.17265758907952208;0.16358865605709808;0.0;0.0;0.0;0.1515524923787997;0.0;0.0;0.0;0.0;0.0;0.0;0.0;0.0;0.0;0.0;0.0;0.22444131878890353;0.0;0.0;0.0;0.0;0.0;0.0;0.43246936233067657;0.21654309715369513;0.0;0.2084569401211171;0.0;0.0;0.0;0.21654309715369513;0.0;0.0;0.20905794379440348;0.20900353326963825;0.0;0.0;0.0;0.0;0.0;0.0;0.0;0.0;0.0;0.0;0.18952012245300826;0.0;0.0;0.0;0.19531437859013995;0.0;0.19531437859013995;0.0;0.2016679771637043;0.20166006510012066;0.3408509617920231;0.2014949903508304;0.0;0.0;0.0;0.08815495821142243;0.0;0.2016584958877302;0.0;0.19530247205438975;0.1779970998274721;0.21573595145001387;0.376244181167784;0.20845922989030624;0.0;0.0;0.0;0.0;0.0;0.13767288396006178;0.0;0.0;0.0;0.2084569401211171;0.5214355730279394;0.0;0.0;0.0;0.2084569401211171;0.18336457090841243;0.0;0.4749249045658955;0.3706748997458559;0.0;0.0;0.0;0.0;0.0;0.0;0.3900499979615674;0.0;0.0;0.18901055020402593;0.19603448621150132;0.18927756296889836;0.0;0.1838312007283318;0.0;0.44928792182377636;0.0;0.29008817529046194;0.18302277289025193;0.0;0.0;0.20845922989030624;0.1450744011539046;0.20245752001373649;0.0;0.0;0.14804524729841476;0.15950061906521268;0.0;0.2016679771637043;0.0;0.0;0.0;0.0;0.11247636574178584;0.19545264414997326;0.20881413570380036
GO:0045762;0.21517374119329832;0.15925439192972807;0.20309827110018694;0.1562951685018257;0.1899350425764431;0.0;1.0;0.11993791146029782;0.12936486217111;0.19203881703959846;0.176216974533989;0.16675984846598058;0.24569442361028473;0.4073894893234822;0.1293865798221296;0.14199725903754823;0.2788635624890653;0.1616856920171252;0.46471616333288124;0.1850830175424082;0.0;0.1759700691020324;0.17225995835406366;0.16781542721174686;0.1281236758860587;0.0;0.1643200538928598;0.16414648424397035;0.15230785605806946;0.2149145458716369;0.0;0.0;0.14589765174270347;0.12975600075220667;0.0;0.13305272466140902;0.1474073088803565;0.1641494991047033;0.15919013312889072;0.18726370581604343;0.17245937461880606;0.16426837385500803;0.1592993686096083;0.4447516249403781;0.0;0.0;0.18278241336208587;0.13578924672884812;0.20895010707292125;0.0;0.31760695462017324;0.20304712696894028;0.12364164269672182;0.3253182102358906;0.138285731358035;0.13148309425080515;0.0;0.32442698963370986;0.2705881200016917;0.16967345727261635;0.20304714389196024;0.0;0.19498199383914216;0.2322522766995851;0.09688193843808168;0.22168361443371115;0.0;0.45450580343626906;0.13068509995644736;0.0;0.1850830175424082;0.16946543041077564;0.0;0.1679412555735457;0.1643289712070831;0.0;0.34480468445357043;0.15002123948501522;0.0;0.0;0.38765759132508537;0.15032022572105289;0.0;0.19223278559485232;0.3244155443057091;0.13988947989439;0.16176845575103743;0.1501845010472762;0.14601218605086577;0.0;0.0;0.4379169889126266;0.3027911455199026;0.16795993577245275;0.16415447355660034;0.16424775690161136;0.16415447355660034;0.0;0.16676614605825613;0.16676294605911166;0.0;0.0;0.1219021103874826;0.22596204076106222;0.1592929560973717;0.102325194311743;0.0;0.16676231138285114;0.11054823217669393;0.1641494991047033;0.0;0.17225995835406366;0.11993791146029782;0.16946632542149892;0.17186898557731534;0.20309828514424447;0.1679573711351623;0.47304164983027697;0.1642614988537456;0.0;0.34537534040918766;0.14199711271951673;0.16429776061011442;0.16946543041077564;0.0;0.4861833666503716;0.0;0.16429258073642725;0.16946543041077564;0.0;0.17842624122187228;0.0;0.0;0.1380183260960668;0.09456073957454027;0.22583492208806497;0.26119087923803824;0.1500565731611024;0.2906112708281387;0.0;0.27280335938826045;0.15699925996309244;0.0;0.0;0.0;0.27058812434547913;0.0;0.14801790079035973;0.0;0.26414567202552336;0.0;0.0;0.1398693529730754;0.15688732040920322;0.16946632542149892;0.08282892252263555;0.0;0.14591447069689387;0.16432796253474222;0.0;0.0;0.15930670825484639;0.16676614605825613;0.3576681046105877;0.23466179357505457;0.3797574609984238;0.22168258073893754;0.16721284036649045;0.0;0.0
GO:0007254;0.2085632079604559;0.17371911545630947;0.1930793039531745;0.5090339765339368;0.17686401135656643;0.376244181167784;0.11993791146029782;1.0;0.1772929286701543;0.17941079230088566;0.16065785424642479;0.37008087862351235;0.11336080900154105;0.11216473086549023;0.1773337220820764;0.18621959424952314;0.14713932006579417;0.22160891276756028;0.14920364551382115;0.171053410165103;0.0;0.16037237527623593;0.38722630889553056;0.15106300335910539;0.13050027072402323;0.13656929202450824;0.2265878554453547;0.36208663545187364;0.20436255893115987;0.20822448855564035;0.338463471607326;0.14688084692919998;0.19298556755244503;0.16571690462467498;0.13680390538421158;0.13695760624022169;0.3953527025559974;0.3186605506737297;0.21694745378403726;0.1736541007270465;0.24236068408596417;0.18126019044095235;0.1737859945121678;0.16056253895244524;0.12278654003973712;0.11812932984431519;0.16832864432084726;0.18958560943416247;0.20050794064605743;0.11172212309931658;0.14326656567767113;0.19301498810699683;0.16671672310205343;0.15992401386868976;0.17988786106791715;0.18129575119625477;0.12328129052829631;0.14709977119354628;0.15522858488421262;0.23689449501240087;0.19301500938665994;0.14688790514692443;0.18300195949080267;0.23152674241858345;0.13343681647441927;0.21716472690018715;0.0;0.14512980959313032;0.8853324766661705;0.14346331148280406;0.17105341016510298;0.3330617367087632;0.0;0.1512049129602503;0.22660481190271495;0.14346331148280406;0.21715808284063792;0.20026685363706984;0.14013909092251037;0.14011463942730398;0.13556254441943955;0.13184184597611182;0.13651167232240807;0.17964644941240546;0.14675429952896296;0.18261120904092468;0.2217644211272791;0.20055789513731062;0.19318601415768036;0.13097845003270325;0.22205221932453628;0.15522739312182998;0.13996710033804446;0.1512259851284251;0.3186738617825335;0.22645040696503738;0.3186738617825335;0.1340648670458635;0.3257048324062654;0.3256961654661607;0.23094659454143202;0.13669965506980514;0.16356942555873877;0.1605804656159726;0.21713846934552666;0.1500685803269256;0.1722057403866995;0.3700884583562449;0.14375801488152465;0.3186605506737297;0.12546305381176692;0.3407765238362812;0.9717586051604137;0.3330641914342349;0.15566181625686626;0.1930793216155902;0.15122309202327333;0.15087496771725298;0.22647652915053312;0.10399335145984036;0.17330588387129853;0.18621934260438758;0.1813049024146561;0.3330617367087632;0.27109920536810345;0.1388980106027909;0.1339543285200169;0.18129702079236024;0.3330617367087632;0.21701348320545372;0.10644024454290442;0.7017505001337927;0.6058730149929618;0.17943562379986547;0.11232385779325774;0.13105162603033746;0.13569835218478754;0.20032982393294996;0.13889903816502758;0.6287263714390922;0.14317606881644337;0.13906221792971732;0.130836710250845;0.13416429079284403;0.22185557888780985;0.1552285880230216;0.21739901988211902;0.1967127589512864;0.6556642752751738;0.1372381183566551;0.32005705622067077;0.30212976968180766;0.18257691307656107;0.1702185954934907;0.3330641914342349;0.14759264497276725;0.137141992642793;0.19301499605781397;0.18135086098432168;0.18601008783754386;0.1964761228690814;0.21716402369636345;0.3257048324062654;0.1229194778633558;0.13219012736064356;0.1321891535859791;0.21716334651125674;0.182808831646559;0.2268137939988853;0.14002949349571103
GO:1900015;0.3027480985683374;0.3259055747778514;0.26430335428548946;0.3108555561009679;0.22847429218677695;0.0;0.12936486217111;0.1772929286701543;1.0;0.2921797057361203;0.24550973237705664;0.3682917042263205;0.14992186122768433;0.1478369467446638;0.4234193976055357;0.31067916065304335;0.17229219840601095;0.3389382558426023;0.17585202466691485;0.27064495069785793;0.0;0.2928262215209304;0.40387806435147483;0.26762343791742105;0.20101416227512367;0.0;0.3537952764154968;0.3527916598965056;0.3646953431613989;0.3771792116679668;0.0;0.0;0.3299801707738407;0.25752369096043565;0.0;0.4813922679504187;0.27034603699227533;0.3528090619291671;0.3255695228316146;0.22185486285837502;0.40525087135442456;0.35349607699008806;0.407522207776549;0.19630397138412095;0.0;0.0;0.21118891008929766;0.8586102964036652;0.2821857368356944;0.0;0.16573712436658802;0.3300661956149476;0.37748331455624273;0.24380015543569214;0.2934470961750201;0.4418721102017791;0.0;0.1722244499174554;0.18651318017521837;0.3866122858755285;0.33006625784279925;0.0;0.3018254839860076;0.3691592263950402;0.2592779115600572;0.3261814658759338;0.0;0.16887105281079257;0.2090464893922849;0.0;0.27064495069785793;0.3852657860135292;0.0;0.2680174290220962;0.35384693501924813;0.0;0.32616273717371763;0.4208075433341432;0.0;0.0;0.1913722005907621;0.25684173908460256;0.0;0.2928052272063297;0.21446061155568683;0.3608258657702613;0.3393930805516138;0.2823093911901973;0.26455330607104743;0.0;0.0;0.18651103031863567;0.28512628358236203;0.22414636116826864;0.3528377772445193;0.44155404684873784;0.3528377772445193;0.0;0.3683300882164561;0.3683105835002097;0.0;0.0;0.3647652253430307;0.19633745563611782;0.40748024391760973;0.13452430297002121;0.0;0.3683067151618423;0.4085689419268621;0.3528090619291671;0.0;0.40387806435147483;0.1772929286701543;0.3852715661346373;0.27989484905203654;0.26430339564066435;0.2680651896352718;0.17876842797514145;0.44165337643518476;0.0;0.2211455392660483;0.3106784602280387;0.3536661713766386;0.3852657860135292;0.0;0.15852980932555752;0.0;0.35363618212571396;0.3852657860135292;0.0;0.16561959109215352;0.0;0.0;0.3495175426888331;0.17769140750176926;0.2504218088848142;0.1533723379877863;0.3520484064988381;0.15853148189885122;0.0;0.16558583547350833;0.19842150486577304;0.0;0.0;0.0;0.18651318583743365;0.0;0.27292609029896925;0.0;0.15584168398150425;0.0;0.0;0.35956545363421694;0.3137989999365744;0.3852715661346373;0.17831346318425204;0.0;0.33006621886542126;0.5287379595643902;0.0;0.0;0.32617948359223975;0.3683300882164561;0.19985638011041573;0.18471955675088267;0.18471765530086795;0.3261775746641761;0.1779087493999868;0.0;0.0
GO:0045648;0.5844099797735556;0.2844614275192642;0.3404186554000133;0.27515585850108387;0.47433812292535255;0.0;0.19203881703959846;0.17941079230088566;0.2921797057361203;1.0;0.759052647196258;0.30932930103097694;0.12936728548468024;0.17785652924293077;0.350633645676416;0.23372443046088903;0.1752904120302958;0.2923128221894886;0.24801311847341836;0.8194427695786126;0.0;0.3466767989511229;0.32880318665462693;0.3225479202121231;0.19836892572874285;0.0;0.3010381691217232;0.3004561272079912;0.46907116778411206;0.37497468570741915;0.0;0.0;0.2444824381538021;0.47799617270624056;0.0;0.29288177366778245;0.2487514193380714;0.30046622840493836;0.28425647238606544;0.3821023306298722;0.3295304991796761;0.3008647603016818;0.39610341538359745;0.2709063847363688;0.0;0.0;0.3677469551655125;0.25569882285940954;0.4577446336289495;0.0;0.23631499915632376;0.3402749953149123;0.3234634655933699;0.19374181672948207;0.22383595520669408;0.4188165262097502;0.0;0.24384709132732374;0.1868931406377299;0.31950645965033153;0.3402750428423353;0.0;0.6283586665993266;0.43112788859113194;0.2395479557136415;0.6159997047858317;0.0;0.23996684355387476;0.20457699358560408;0.0;0.8194427695786125;0.31876960650984093;0.0;0.3229425376414193;0.3010680997387996;0.0;0.39606014246862437;0.3074668257088367;0.0;0.0;0.2214006408155687;0.3349417159742098;0.0;0.39850359559131876;0.24316517661080242;0.49568061933591084;0.29258344990324314;0.25676379211152345;0.24480422238951755;0.0;0.0;0.26006855578983407;0.18871126660696538;0.4286777066472484;0.3004828958246836;0.3007956068446331;0.3004828958246836;0.0;0.3093509704715003;0.3093399593915006;0.0;0.0;0.366108426353341;0.19470608819117993;0.28458449139444025;0.1724751511985118;0.0;0.30933777553663955;0.268055882382066;0.30046622840493836;0.0;0.32880318665462693;0.17941079230088572;0.31877277331857623;0.33440984743353735;0.3404186948554514;0.32298903973830984;0.25133894428572834;0.30084169854436654;0.0;0.213735349614935;0.23372403404974207;0.2408617229838224;0.31876960650984093;0.0;0.22782154170773997;0.0;0.4188462783565005;0.31876960650984093;0.0;0.21570166654486533;0.0;0.0;0.2231361846353115;0.2782340099993855;0.17285650786301515;0.15929083846051686;0.2563900946847345;0.16371937394319974;0.0;0.16969440674134828;0.5768631609436093;0.0;0.0;0.0;0.1868931451876966;0.0;0.25049516323069765;0.0;0.22736544000947315;0.0;0.0;0.273548647420618;0.276996429902627;0.31877277331857623;0.18285796606399282;0.0;0.24452966963341435;0.4189587962910333;0.0;0.0;0.28462838786909517;0.3093509704715003;0.1975524812031271;0.15447832268814696;0.21496230230159327;0.3960727248764563;0.28793856141799146;0.0;0.0
GO:0045645;0.49708018838499834;0.24003712703756724;0.2936770471413455;0.23337707834898025;0.4151408326543568;0.0;0.176216974533989;0.16065785424642479;0.24550973237705664;0.759052647196258;1.0;0.25750578815863756;0.11932410123848985;0.16420223748847432;0.29461252092294843;0.20287473578405207;0.15734587283122337;0.2456037128152327;0.2222426478194341;0.8603417541330451;0.0;0.307752788054312;0.27086029579047527;0.2885852483311919;0.17569383854765272;0.0;0.25173413395027017;0.25132700414901704;0.40052828289278797;0.3190415145450118;0.0;0.0;0.21093128448865148;0.5236748053437963;0.0;0.2576113977187682;0.21410137349393063;0.25133407198772617;0.23989117245345343;0.3353532553508922;0.2713536632134787;0.25161286398718324;0.33421766554067456;0.2404508734924227;0.0;0.0;0.3242446106508598;0.21169386381698863;0.392240784337521;0.0;0.21280301117395306;0.29357012329067333;0.27519033648854735;0.172054394706114;0.19538254046146988;0.35024085145338096;0.0;0.21889155640794963;0.16663172252573857;0.2645198750977586;0.2935701586666058;0.0;0.6226437436625268;0.3588037340141121;0.14817470398265623;0.5197511330411763;0.0;0.21575978432505447;0.18054640393303867;0.0;0.860341754133045;0.26401462003323223;0.0;0.28890408930600203;0.25175506300850786;0.0;0.33417872759764866;0.26352595168876186;0.0;0.0;0.20063237723228397;0.3044383945099445;0.0;0.34792073685266506;0.2183419177972981;0.46923085084445365;0.24579473427021917;0.22001051917827819;0.21117076654883662;0.0;0.0;0.23187429300682266;0.15627093125435643;0.3834879251140899;0.25134573406291766;0.25156449652797763;0.25134573406291766;0.0;0.25752080485751;0.2575131743366419;0.0;0.0;0.31260462877456424;0.17281444481382233;0.24012474866506517;0.13055640273176863;0.0;0.25751166094565947;0.23403447909217914;0.25133407198772617;0.0;0.27086029579047527;0.16065785424642479;0.26401679235039965;0.29804724325481863;0.2936770765056805;0.28894130471673196;0.22490950819410524;0.25159673448795383;0.0;0.1876422442889739;0.20287443711263017;0.2014215853880837;0.26401462003323223;0.0;0.20589085923109193;0.0;0.3502651985313309;0.26401462003323223;0.0;0.20002871069772216;0.0;0.0;0.19484915631397046;0.2792137838658751;0.1452393310642978;0.1443328005526134;0.21973609022934656;0.1479592053781934;0.0;0.15282216922243544;0.5771967098417637;0.0;0.0;0.0;0.16663172614264152;0.0;0.21539189904100578;0.0;0.1752470240356394;0.0;0.0;0.23821058993398322;0.23469980670722096;0.26401679235039965;0.11764669359139329;0.0;0.21096644107471818;0.3503366598166209;0.0;0.0;0.24015600014338467;0.25752080485751;0.18084858092939984;0.14037043529094806;0.19533080850843892;0.3341876853061482;0.2241258918351615;0.0;0.0
GO:0007259;0.4075461927567416;0.35319776123391267;0.352333621180143;0.6710625802555527;0.30183562162029753;0.20165240653963198;0.16675984846598058;0.37008087862351235;0.3682917042263205;0.30932930103097694;0.25750578815863756;1.0;0.15431167939154433;0.15210378089460663;0.36846777964951977;0.33014149861280934;0.22445278730595328;0.4605209338769917;0.22929210451669216;0.2852963431776012;0.0;0.25677316738097894;0.8931419216524134;0.23371286671695798;0.21107397615744977;0.29725249625784106;0.4825557880167878;0.7698563016186978;0.3918089529505788;0.4062548368291811;0.3312358064691332;0.0;0.35202160930108656;0.27075415531350633;0.0;0.2284990606869958;0.4387638678753347;0.6775445531724209;0.44083719071712535;0.2926052119453041;0.5601984088200662;0.38583412754061625;0.35347433028077485;0.25726100735073654;0.2388876516977408;0.22186963636853393;0.27779632820687383;0.4256191995131649;0.37788129107841917;0.2002951653706209;0.2155639001063773;0.35211951194130775;0.32540911898765223;0.25562570319568756;0.3107501994767575;0.3859952898799493;0.0;0.22436077089530923;0.243836275252993;0.5318332717944223;0.3521195827624457;0.3509060657732006;0.3201616254147478;0.5055214193018933;0.2828025006352748;0.44173524466704284;0.0;0.2198100150293876;0.43981977244528586;0.3319748617997723;0.2852963431776012;0.7461414102593594;0.0;0.2340527142066533;0.48263269993410157;0.3319748617997723;0.44170775526409506;0.3770259097918264;0.31470086557359306;0.3145775867941558;0.19858334927498084;0.19069975174767825;0.0;0.3100304960515907;0.22355808265340749;0.3189675490768737;0.4611929918259561;0.3780587581957031;0.35268912207473696;0.0;0.2724244505904782;0.24383333461878987;0.3138348642883889;0.23410320799388468;0.6776047333932628;0.48193282216370564;0.6776047333932628;0.0;0.7102037131012942;0.7101625062314667;0.0;0.2978707794387212;0.31363023481665064;0.2573070317520646;0.4416266157347202;0.2110665691477351;0.0;0.8069524224381796;0.2480780145637973;0.6775445531724209;0.2492319312941644;0.7860049597902689;0.37008087862351235;0.7461537299471432;0.24490696974195195;0.35233367999497506;0.2340962749882885;0.2332630935675518;0.482051151610105;0.17674550898906988;0.2916179152184578;0.33014070768367976;0.3860367750075939;0.7461414102593594;0.20763912334063445;0.20582368985500013;0.0;0.3860010450448724;0.7461414102593594;0.2598837602802335;0.14176468847919732;0.1831969216163456;0.20783927116081277;0.30940312399166214;0.15239655354448065;0.2722989953299877;0.19887491277223673;0.3772491541648912;0.20582594621479056;0.22258584521780667;0.21535908713110266;0.2061844667010476;0.2713727871593151;0.28609019375014494;0.27192354406206387;0.24383628299793417;0.2608221027483228;0.3646235783040764;0.19455046054257755;0.20219971632050768;0.15165071238727362;0.2591977047392713;0.31886292774171643;0.3390227086668248;0.7461537299471432;0.25808313927998;0.2999790912588981;0.35211953840252963;0.3862451900676291;0.19421436999951322;0.21441623022181638;0.4417323351205568;0.7102037131012942;0.17258020750824435;0.19142927046319538;0.19142722836940973;0.4417295332464343;0.2821338519367078;0.28485266770657885;0.3141487185013535
GO:0000188;0.14386753788753023;0.11833533562947995;0.13632618702859042;0.14530883536774267;0.12803785264016698;0.0;0.24569442361028473;0.11336080900154105;0.14992186122768433;0.12936728548468024;0.11932410123848985;0.15431167939154433;1.0;0.5275374781564067;0.14994520435306408;0.44089961427366164;0.3501827714160605;0.2086703586061931;0.22371051847626977;0.12496475896407132;0.0;0.14296381145437173;0.15900973383330572;0.11394864311829965;0.096553413101004;0.0;0.21181989388979316;0.1520712931302587;0.14185618417456186;0.25659040158508123;0.0;0.0;0.4006211892116884;0.16989595150915576;0.0;0.12500685852641713;0.19146934158978562;0.15207388073522463;0.20567989591684713;0.12634713068506465;0.1591796366787139;0.12178675493047933;0.1479020317791204;0.2590472297047958;0.0;0.0;0.12350423452577756;0.156802386986413;0.13998813642045171;0.0;0.2584413986044787;0.2692732409751199;0.1437504068649284;0.6945664009747579;0.43009794563473647;0.1218028072677165;0.0;0.2848209058300574;0.5462408907651902;0.21819734887589956;0.26927326193809825;0.0;0.13122410375698584;0.1544333733571948;0.08976860757041843;0.1479086849253453;0.0;0.21905816490081506;0.12291467113291772;0.0;0.12496475896407129;0.15662560634179917;0.0;0.13680074984706805;0.21183054243760113;0.0;0.20584544366116003;0.24940824521291788;0.0;0.0;0.46962174447152316;0.12315991156365422;0.0;0.231206531109752;0.30849032522162534;0.15718804554396026;0.15002809045050533;0.1948323488384634;0.1897767496517908;0.0;0.0;0.322364786722621;0.15702315093234204;0.11404135299643423;0.1520781502095004;0.2716814811577498;0.1520781502095004;0.0;0.1543170718638995;0.15431433178765427;0.0;0.0;0.1418667560422731;0.46415922792492076;0.2921958095150162;0.13567342553405237;0.0;0.15431378832990583;0.18018581735468875;0.15207388073522463;0.0;0.15900973383330572;0.11336080900154105;0.1566263708662114;0.13981980203009164;0.13632619583374972;0.13681315299868166;0.33703426621926547;0.30063886632759423;0.0;0.32701915377311774;0.4408991891592919;0.2707248494448732;0.15662560634179917;0.0;0.45959256505767543;0.0;0.1218033803327722;0.15662560634179917;0.0;0.30530324345430415;0.0;0.0;0.3803394258122728;0.1612390635932279;0.15025486083797737;0.3291173421273898;0.4112683308231494;0.8266368326432658;0.0;0.342975422852574;0.10698442869874986;0.0;0.0;0.0;0.5462408990407249;0.0;0.19220945363247427;0.0;0.33199910638728897;0.0;0.0;0.13100540938804436;0.1167005333508531;0.1566263708662114;0.07757357409712631;0.0;0.4006643275460861;0.12182768007270933;0.0;0.0;0.20581973876007534;0.1543170718638995;0.43499911832345817;0.8320103374379916;0.46052750626293437;0.14790804458461423;0.11356195692686741;0.0;0.0
GO:0000187;0.19752555710297562;0.14583482161771397;0.18730261981677793;0.14334941221700084;0.17605055204402473;0.0;0.4073894893234822;0.11216473086549023;0.1478369467446638;0.17785652924293077;0.16420223748847432;0.15210378089460663;0.5275374781564067;1.0;0.14785964508487234;0.2592684476982216;0.21905902840980612;0.14787101892101173;0.350187909831941;0.1718741779965043;0.0;0.2101378170392801;0.15666636965427785;0.15688350281951954;0.11929231155799963;0.0;0.15007138134447942;0.14992659480498874;0.1399881711085346;0.416826729056417;0.0;0.0;0.2402497643031195;0.12070612305845983;0.0;0.17193946589958217;0.13583753756185796;0.14992910993678882;0.1457809342442013;0.173753134319416;0.15683129900602108;0.1500282741965335;0.2029982937783358;0.4144556416537959;0.0;0.0;0.1698884696365737;0.1545231653342145;0.19226848912215144;0.0;0.42159019079463084;0.44654284344950657;0.1135089116946902;0.6868826478106109;0.2529931021600577;0.12008360435110664;0.0;0.47177118706185406;0.31887800843361963;0.15452404023366423;0.44654287777290486;0.0;0.18037819000109667;0.211824391590269;0.08850496877465373;0.20299778611556185;0.0;0.34298024001682303;0.12150973975984192;0.0;0.1718741779965043;0.15435148376159527;0.0;0.20117507358207432;0.1500788191813565;0.0;0.31574151377982296;0.16562323064171497;0.0;0.0;0.8401567324647783;0.18130712936579593;0.0;0.3760873033295228;0.4326275096503576;0.1552742850178039;0.14794024090352165;0.13819240118626472;0.13465194150936982;0.0;0.0;0.5403366911961988;0.21570941805419547;0.15700979021413006;0.1499332598297721;0.26784773229045894;0.1499332598297721;0.0;0.15210902015681269;0.15210635793187444;0.0;0.0;0.11204112172091861;0.2785165215895611;0.28818647948975085;0.09661298595771159;0.0;0.1521058299147385;0.12792291421958993;0.14992910993678882;0.0;0.15666636965427785;0.11216473086549023;0.15435222624613232;0.20556665526219922;0.18730263176127443;0.20119311969554618;0.5713819104551319;0.296396170136211;0.0;0.27312759529192066;0.2592682007981472;0.17956202004450847;0.15435148376159527;0.0;0.8184146567836333;0.0;0.15004846583706893;0.15435148376159527;0.0;0.1873236370256065;0.0;0.0;0.22823317841558116;0.10756700981360372;0.20654085021582827;0.2060102791521311;0.24655184514480202;0.4550200971877803;0.0;0.21459635288521542;0.147390765613443;0.0;0.0;0.0;0.3188780132123321;0.0;0.13635587363942955;0.0;0.2688335228303824;0.0;0.0;0.12941063412572626;0.14384737581254212;0.15435222624613232;0.07662813648752444;0.0;0.24027530659045962;0.15007797786200452;0.0;0.0;0.14587869133557382;0.15210902015681269;0.7787776243019124;0.45611641902947553;0.8240430016032697;0.20299691933750816;0.1563567437347549;0.0;0.0
