;GO:0090336;GO:0051928;GO:0051491;GO:0042770;GO:1901741;GO:0046854;GO:0045762;GO:0007254;GO:1900015;GO:0045648;GO:0045645;GO:0007259;GO:0000188;GO:0000187;GO:0002634;GO:0046580;GO:0045892;GO:0030308;GO:0045893;GO:0045651;GO:0000060;GO:2000510;GO:0035556;GO:2001184;GO:0042307;GO:0000902;GO:0045930;GO:0007266;GO:0042663;GO:0009967;GO:0006974;GO:0009725;GO:0046627;GO:0045659;GO:0098586;GO:0002885;GO:0000077;GO:0048010;GO:0001953;GO:2000525;GO:0001558;GO:0001954;GO:0002922;GO:2000526;GO:0002407;GO:0002408;GO:0030890;GO:0050727;GO:2000522;GO:0072610;GO:0032436;GO:0051897;GO:0040015;GO:0043405;GO:0035024;GO:0060420;GO:0034695;GO:0031065;GO:1905049;GO:0008285;GO:0043123;GO:0002062;GO:0045666;GO:0051272;GO:0007595;GO:0045663;GO:0001890;GO:0045944;GO:0000165;GO:0051146;GO:0045672;GO:0019221;GO:0006816;GO:0010759;GO:0048662;GO:0014835;GO:2000379;GO:2000773;GO:0022617;GO:0048821;GO:0043410;GO:0002741;GO:0002467;GO:0050862;GO:0030513;GO:0043380;GO:2000547;GO:2000669;GO:0002903;GO:0032496;GO:0035924;GO:1905050;GO:0031281;GO:0060045;GO:0038116;GO:0040036;GO:0038115;GO:0032495;GO:0038111;GO:0007178;GO:0006006;GO:0006887;GO:0030502;GO:0051045;GO:0032487;GO:0051209;GO:0071731;GO:0019722;GO:0032764;GO:0060396;GO:0030183;GO:0007186;GO:0038066;GO:0007187;GO:0090026;GO:0031274;GO:0090023;GO:0043552;GO:1901796;GO:0043312;GO:0043433;GO:0046426;GO:0010629;GO:0007219;GO:0019395;GO:0045860;GO:0032355;GO:0002606;GO:0031663;GO:0032870;GO:0048294;GO:0018105;GO:0016567;GO:0031665;GO:0045629;GO:0090630;GO:1903464;GO:0045746;GO:0006469;GO:0043687;GO:0000122;GO:0045591;GO:0097022;GO:0097029;GO:0071479;GO:0010951;GO:0071356;GO:0014912;GO:0035335;GO:0070935;GO:0006351;GO:0090400;GO:0050706;GO:0046326;GO:0007205;GO:0007204;GO:0030316;GO:0090090;GO:0032735;GO:0071222;GO:0071223;GO:0043066;GO:0070098;GO:0046330;GO:0070373;GO:0070374;GO:0043065;GO:0030838;GO:0071345;GO:0030036
GO:0090336;1.0;0.3986264643425809;0.47537780161104765;0.3857895539457112;0.61704638849315;0.0;0.24841008415147087;0.22744555162642205;0.3305213627468482;0.6231639434811282;0.5397866236891122;0.44578775219701977;0.16616684190739628;0.22332356536335643;0.40324645561723393;0.3236685151883355;0.22341640413521316;0.42394008019241014;0.31079020314947486;0.5858665719766275;0.0;0.3670445391077452;0.47632182721945937;0.34038942762922925;0.2658834742075522;0.0;0.43834245553662005;0.4307849375977198;0.5044780211980477;0.5179526653808046;0.0;0.0;0.3415450493430823;0.37237999825146223;0.0;0.28317024331075896;0.34459706575030047;0.4297247982190104;0.4135743459206394;0.4120692173802891;0.4928802441846137;0.4294405595937021;0.3963345197077478;0.34960251616535215;0.0;0.0;0.39394363544028776;0.3675834831089305;0.5023010958755703;0.0;0.30685252083316017;0.46425208185081956;0.36636896607208547;0.256255726215971;0.3091798109722072;0.41792353310709274;0.0;0.3164825671482252;0.24755585106918132;0.46885865642220603;0.46419595130456925;0.0;0.6377463987942353;0.619011693621952;0.23437576651107542;0.823446411815608;0.0;0.2997644579496833;0.2606722746047175;0.0;0.5856162981893012;0.45902182861151236;0.0;0.3408075759764423;0.4389400282123897;0.0;0.5505828349670633;0.42429350382071845;0.0;0.0;0.2796782503527934;0.28519879502580203;0.0;0.4223033891753793;0.30704622776565366;0.42594807904913623;0.4300961346632716;0.36538046025695897;0.34701475372981777;0.0;0.0;0.3380356852781192;0.25536102825891704;0.4237550258342912;0.43082105904216667;0.4373824927319322;0.43082105904216667;0.0;0.44445042578045774;0.44396707606373864;0.0;0.0;0.35605873278737044;0.2588579954393686;0.40975796478444154;0.18948993828756672;0.0;0.44494417439158906;0.24310828059184095;0.4299834295336036;0.0;0.47655960926098573;0.22751581876447302;0.4602872263500999;0.3533685612686679;0.4756113490337383;0.3406343019505555;0.33177486267235473;0.4358398103079632;0.0;0.28019228900132936;0.32387102045533933;0.33113800337279653;0.4597274842531253;0.0;0.2910418072002267;0.0;0.4297767461936639;0.4600237388803143;0.0;0.18453054043019515;0.0;0.0;0.3097777385230454;0.22893324054705574;0.22868593988105304;0.2076936279777227;0.3591933370544748;0.2137203546320682;0.0;0.2156535159094783;0.4485051024041723;0.0;0.0;0.0;0.2470824385279016;0.0;0.3557546561785254;0.0;0.2497891554809209;0.0;0.0;0.3232295621591892;0.3878025302407277;0.46081061981750665;0.1684207745809924;0.0;0.3407181597435775;0.4263583427109567;0.0;0.0;0.40814872759251314;0.44421021656284304;0.24929012948446477;0.19933668219262174;0.2714413765432425;0.5601447999532609;0.33313748284985867;0.0;0.0
GO:0051928;0.3986264643425809;1.0;0.35422474499103657;0.31898620557521834;0.3108158682255507;0.0;0.17861921039462467;0.1816926822500454;0.3626064776976904;0.3141050650515943;0.2696472231540586;0.3735562822985836;0.1310237068614769;0.15996161242714668;0.36337799549782496;0.2639919444047475;0.17832038312209106;0.3535159630411837;0.2256453566979532;0.29411891794881356;0.0;0.3160736854928391;0.40189581508745265;0.37469340787026617;0.42553670060472204;0.0;0.3667048705771364;0.35977351759050585;0.31400265916548736;0.3885943761904646;0.0;0.0;0.27966412056735585;0.2267887483360152;0.0;0.30148894476196725;0.28235207583071226;0.3588030871549514;0.3440759550857343;0.30397384823100543;0.4174282389994304;0.47302846667262605;0.433172745248033;0.2553686405250888;0.0;0.0;0.2897716683727465;0.40770430207920794;0.375904626770618;0.0;0.22264986810177143;0.34532020651635237;0.3272352957179635;0.20597650092025072;0.2513793275376779;0.3779421706537517;0.0;0.22998217570165214;0.19861178594905168;0.39493299984172675;0.34527536226172184;0.0;0.32196312589583587;0.5550301005856576;0.2582494548253191;0.4242470974413572;0.0;0.21726705603431065;0.20972580903748653;0.0;0.29398534880919114;0.38579138856438555;0.0;0.29227499475187424;0.36725393353689284;0.0;0.41525649791703495;0.29947601599085577;0.0;0.0;0.20207746611412625;0.3112521785786888;0.0;0.31202882073682153;0.22279713967394255;0.26169871006050854;0.35914294878711595;0.30075245438059944;0.28448392491537505;0.0;0.0;0.24647275988702752;0.28396210667672744;0.2501573709747558;0.3598065905444688;0.36582314318204173;0.3598065905444688;0.0;0.3723239439018115;0.37187872183859333;0.0;0.0;0.3172442312924236;0.20818476335735434;0.3406113701307698;0.18306433970071437;0.0;0.3727788442446368;0.2600319682618409;0.3590397906821995;0.0;0.40211804135112117;0.18175154570841023;0.3869650858738234;0.30364421656074836;0.3544120056128032;0.2921184732394232;0.24167106974386485;0.36440698062085863;0.0;0.2263825877504542;0.26416879355222833;0.3633487834772275;0.3864458245385127;0.0;0.21065917237830817;0.0;0.4734363945099616;0.3867206376211772;0.0;0.12460081543614689;0.0;0.0;0.25189825775616925;0.1362396954036584;0.25135849303982183;0.16521615330375378;0.29525714963564065;0.17022877489316648;0.0;0.17183937723668471;0.2218771520255175;0.0;0.0;0.0;0.19821181702597832;0.0;0.35625654473755697;0.0;0.20867292088238085;0.0;0.0;0.37730553394244465;0.638374314186788;0.38745074570448185;0.18040504912133393;0.0;0.2789364859778524;0.46929153320645955;0.0;0.0;0.33915223658589605;0.3721026708337107;0.17927634913573523;0.1582866671302123;0.1958758951316675;0.4231230138207389;0.2427153206493876;0.0;0.0
GO:0051491;0.47537780161104765;0.35422474499103657;1.0;0.3459063874106312;0.4762099153301543;0.0;0.23566218225384788;0.2129687096715222;0.29258163668563825;0.38894517197785794;0.34076720258162624;0.39337728861801385;0.15830508143771907;0.2129667564144181;0.29308373706884944;0.2951202302468602;0.20943215944070334;0.43865800676996125;0.2910898514026702;0.3675292719028636;0.0;0.3398787470901132;0.41696380443469316;0.31689972490663704;0.24536876412148187;0.0;0.3875683350054171;0.3816484008677338;0.34143001152008357;0.46545419857696047;0.0;0.0;0.3099102871996457;0.25894527232111986;0.0;0.2600173776691444;0.3124210376963714;0.38081608003357525;0.3680782311311852;0.3781379534013246;0.5008328115416119;0.37834887001569006;0.35241378905132864;0.32487024066481024;0.0;0.0;0.3628190374340919;0.32125449703850456;0.45277581549976453;0.0;0.2876327740762417;0.42162729913988906;0.26911062629321375;0.23802606171198448;0.28302693347674546;0.3024852520181935;0.0;0.3657959679589458;0.23050178011905278;0.41123362875158337;0.42158100203705534;0.0;0.3972593957121971;0.5454825793612536;0.20641208702942604;0.5003309862551545;0.0;0.2813958032363941;0.24183192084035632;0.0;0.3673848292464749;0.40364663459123823;0.0;0.3172621223865584;0.388035415422833;0.0;0.4916377635993862;0.32824143316213167;0.0;0.0;0.2636228429904777;0.2685221965205938;0.0;0.38673849165132307;0.28780296850561343;0.29293418966562323;0.7321479036672274;0.3294087537941331;0.31440701018372696;0.0;0.0;0.3148586553362996;0.2225164805373305;0.31901547944007014;0.38167675176639376;0.38681769088080264;0.38167675176639376;0.0;0.3923355640071843;0.39195887273792795;0.0;0.0;0.26231679391189744;0.24026963605272803;0.36505225212805187;0.17933379367000976;0.0;0.39272026031647583;0.22194011832062885;0.3810191758994922;0.0;0.4171460041867447;0.21303031530532332;0.4046248142816343;0.3281198072243369;0.9101319975687341;0.3171119580883418;0.30942002643595234;0.3856105901303774;0.0;0.25854180811140104;0.29528857880799175;0.29306473352736195;0.4041922018225496;0.0;0.27369566535142964;0.0;0.3786097968312611;0.4044211864142551;0.0;0.1511345487758549;0.0;0.0;0.2835279024202389;0.16408718129910543;0.20198616645687115;0.19555491889170543;0.3243715095245207;0.20088871891781607;0.0;0.2025957900723972;0.28673939558887973;0.0;0.0;0.0;0.23009129335941464;0.0;0.3215646286481499;0.0;0.23502809363907914;0.0;0.0;0.2947552519384105;0.3456518759759503;0.40502921857997454;0.15347934718340006;0.0;0.3092293282643044;0.3759543803885612;0.0;0.0;0.3637744563680457;0.3921483726066213;0.2364540769615657;0.18812881121202477;0.25629213389413225;0.4992477792332729;0.4532015471062121;0.0;0.0
GO:0042770;0.3857895539457112;0.31898620557521834;0.3459063874106312;1.0;0.3062141056254673;0.1773375446202241;0.18086952858378355;0.5217364058040778;0.3299696273742137;0.3092463721300915;0.2679129281994039;0.7167583172073503;0.1660605008359805;0.1626152644102073;0.3306083901573928;0.32326528795998455;0.22322420710670202;0.4232485831723602;0.22624942992214714;0.2907582155157243;0.0;0.2671593662783975;0.7657624709423735;0.24777653381465242;0.21287789156101597;0.24707835375312323;0.4376032173979413;0.6926760733738685;0.379673359726159;0.3768407931999247;0.6913938091242776;0.24592900185080174;0.3410960816950651;0.280362967009297;0.2200055809498735;0.22670255864710007;0.7245184690554012;0.6221358040616994;0.41291622474955997;0.2998934385808601;0.4919458093960505;0.3436011934873276;0.31715510360703597;0.2544763553149266;0.21500811995716204;0.2032193012448807;0.28671667935723827;0.3669012034054577;0.36546940153929286;0.18218735339691552;0.22338533893897702;0.337821350178857;0.3004197105087701;0.256002907745684;0.30881185537446;0.34262078193893664;0.1859718973795715;0.23038968467789298;0.24731989965784779;0.4680130073350068;0.33778055894948017;0.2811693171665336;0.3164741192350207;0.45023955599346593;0.23396704864391416;0.40848049238565465;0.0;0.2182296449691429;0.4194197286521925;0.2707389210035654;0.2906341468996654;0.6644757988515612;0.0;0.24808062167785402;0.4381987748634185;0.27117622901458954;0.40054449981773194;0.36343508563300186;0.26005594205985216;0.2601635848947556;0.20361828544820104;0.20763427298663642;0.21885485834195045;0.30733278546793047;0.22352623402944768;0.3206442596138451;0.4293844261672438;0.3648666889379033;0.3465513006259253;0.203367692821841;0.38812621861607394;0.24606482060942447;0.25487591891009903;0.24955258261117524;0.6237202893502222;0.4366464861684254;0.6237202893502222;0.21131000466628766;0.6434184370780404;0.6427199003983294;0.0;0.24792948253695846;0.29197788697285915;0.25860001875419825;0.4091119241066552;0.23971854778358112;0.2717583674493469;0.7154042952920784;0.2428096577420483;0.6225096191476103;0.2191657688570356;0.6898167891317915;0.5218974500959984;0.666304333475295;0.25721494956580543;0.34607610042705556;0.24795461258936585;0.24151164948029033;0.4351089821566927;0.16512332713931124;0.27989006150112566;0.32346728882046855;0.330584209102739;0.6654954929068324;0.18204302861608296;0.21188470792334632;0.2108992752384287;0.3438697129952999;0.6659235882837035;0.3740944463949402;0.1581876551158439;0.15763336129744862;0.17376625389725264;0.3094083592093992;0.1724344174158781;0.228296809152839;0.2075275204967695;0.358696806356062;0.21354447135836857;0.18309615948483418;0.21547443775027075;0.22264593767685106;0.2367282561388808;0.2436882722598146;0.3919921933572191;0.24684738826691605;0.3754323223023419;0.3552675804447862;0.16546389661117378;0.20997406791529388;0.13131116140662022;0.5133603242913746;0.3228274272078498;0.3103383476272316;0.6670606462629424;0.2547447978845146;0.25182252679871026;0.3402713619671725;0.34113932614106657;0.29782559966217975;0.32360770913419235;0.40750774735607903;0.6430712872059158;0.18150984897397332;0.19918366815546656;0.19762603986113472;0.4074898269580701;0.3070074828734656;0.40026862457335094;0.2584072496342725
GO:1901741;0.61704638849315;0.3108158682255507;0.4762099153301543;0.3062141056254673;1.0;0.0;0.22141533116098083;0.19722859230340198;0.25576993790332575;0.5156262001520027;0.457193194122064;0.3428388719311008;0.1494399753994993;0.20126371854967437;0.36436725355501215;0.2657325060045157;0.19419175639945782;0.3844506616465246;0.26965790923795635;0.4898242546544023;0.0;0.3110165851818449;0.36061727453808207;0.29166345414783645;0.22372511500864342;0.0;0.338418241987355;0.3338958322866054;0.44883726449928063;0.412971266589901;0.0;0.0;0.27766412357626286;0.3131724441267858;0.0;0.23583964074710073;0.2796778717960301;0.33325859028722593;0.32346264900489535;0.3427504736223372;0.4313862791747218;0.3292359101388499;0.30942069339493933;0.2984015585268359;0.0;0.0;0.3301166953607796;0.2774147481291617;0.4029600799981551;0.0;0.26668856048010947;0.3781004511010375;0.2893800794546582;0.21853366868926002;0.2558875931494891;0.3206200764271714;0.0;0.33843670619900523;0.21217482065580434;0.3563231803958914;0.378063219159499;0.0;0.5255698481258994;0.4747715905477452;0.17955166927733587;0.6455430431871457;0.0;0.2613183413440718;0.2217375182239332;0.0;0.48964929862464085;0.35061297342580816;0.0;0.2919704029377505;0.3387743126932437;0.0;0.4334530856704643;0.3407558439694748;0.0;0.0;0.2459217044645106;0.25017989224793297;0.0;0.34980158872988204;0.26683486531025596;0.35021313226896694;0.38877924005019365;0.29321425937432677;0.28126832048531397;0.0;0.0;0.28993363411074885;0.19161496391977284;0.36272291704374676;0.33391753219474374;0.33784577330976107;0.33391753219474374;0.0;0.3420473512737273;0.34176100198207315;0.0;0.0;0.2829094831107322;0.22042336953110125;0.3211234514207345;0.16804104162482622;0.0;0.34233971302146227;0.20009468504265324;0.33341411675492283;0.0;0.3607535502557042;0.19728142700949305;0.35135076497736206;0.30114094912529865;0.4763995948705414;0.2918432213372891;0.2853156800338824;0.3369246040094186;0.0;0.23570564879367306;0.2658689882453155;0.2561390419887245;0.3510245251764372;0.0;0.25466481611993264;0.0;0.32943347483943963;0.35119721746999294;0.0;0.16675141508860472;0.0;0.0;0.25629702349192285;0.2050951492851958;0.17619332084769906;0.18220291766955582;0.2892164393825693;0.18682461890603488;0.0;0.18830015706543668;0.3899693168788751;0.0;0.0;0.0;0.21182696443786364;0.0;0.28698290822186184;0.0;0.2188151068897011;0.0;0.0;0.265436560365256;0.30419576561606954;0.35165564951410033;0.13811611838219906;0.0;0.2771173748515482;0.3274212328372248;0.0;0.0;0.3201342644370745;0.34190506285181016;0.22211423079400333;0.1757395046067302;0.23953046216990134;0.43935760322579404;0.3537441462507571;0.0;0.0
GO:0046854;0.0;0.0;0.0;0.1773375446202241;0.0;1.0;0.0;0.3945739776091327;0.0;0.0;0.0;0.20066218850281006;0.0;0.0;0.0;0.0;0.0;0.0;0.0;0.0;0.0;0.0;0.21216445700371003;0.0;0.0;0.20794720413071374;0.0;0.19492105594978407;0.0;0.0;0.22277930155675996;0.0;0.0;0.0;0.0;0.0;0.16074256422564132;0.19451310416791984;0.0;0.0;0.0;0.0;0.0;0.0;0.18475405929473787;0.175981785413122;0.0;0.0;0.0;0.15998799399052288;0.0;0.0;0.0;0.0;0.0;0.0;0.0;0.0;0.0;0.0;0.0;0.23157852628986172;0.0;0.0;0.0;0.0;0.0;0.0;0.4466598136142414;0.2244563556115188;0.0;0.2056772130629016;0.0;0.0;0.0;0.22475684556589656;0.0;0.0;0.21706380648946877;0.2171387953364296;0.0;0.0;0.0;0.0;0.0;0.0;0.0;0.0;0.0;0.0;0.19770084590105963;0.0;0.0;0.0;0.1949349505263563;0.0;0.1949349505263563;0.0;0.20015285473309222;0.199968650224913;0.3651956415535871;0.20854975702757717;0.0;0.0;0.0;0.09359711769894724;0.0;0.20034095860948714;0.0;0.19461265573236092;0.18781564185030958;0.212253086270185;0.39468549482624254;0.20615433855876628;0.0;0.0;0.0;0.0;0.0;0.14667717485427736;0.0;0.0;0.0;0.205943335876809;0.563254508841085;0.0;0.0;0.0;0.20605502337276546;0.19159641243257952;0.0;0.501416445241231;0.4072892904671722;0.0;0.0;0.0;0.0;0.0;0.0;0.426481283366622;0.0;0.0;0.20056693709722415;0.20554067198063217;0.1993710533813291;0.0;0.19218132729109108;0.0;0.4801311865739487;0.0;0.3168262160908955;0.19165640046653115;0.0;0.0;0.2063515655351478;0.15297804125435338;0.2112974649436024;0.0;0.0;0.1572115756509124;0.16906861496340364;0.0;0.20006131874182156;0.0;0.0;0.0;0.0;0.11751830551322694;0.20292993501014978;0.21591396937215512
GO:0045762;0.24841008415147087;0.17861921039462467;0.23566218225384788;0.18086952858378355;0.22141533116098083;0.0;1.0;0.13636207755790344;0.1453356969279484;0.22256507549409638;0.20590680059637226;0.19305091989080028;0.2716868218112671;0.4350702220896117;0.14545948138031622;0.1659381647268995;0.3117367432791452;0.18883657050736508;0.5006231968079978;0.21538340831895914;0.0;0.20558208000840295;0.19856314142273906;0.1969440674244926;0.14596550175273224;0.0;0.19164130224612616;0.19018260539051887;0.17963804113213006;0.24567304964915185;0.0;0.0;0.17051368404148404;0.15385298079423085;0.0;0.1510270072556372;0.17127098818912406;0.18997569567827205;0.18675163550403862;0.2189837468204745;0.20138346780856411;0.18455296278790384;0.17815756497777513;0.48682060286368384;0.0;0.0;0.2137571355448533;0.15207808379505255;0.24209499455519493;0.0;0.35872284787334896;0.23289532959190928;0.1393006678109867;0.35573379947488765;0.16204502537451318;0.14773844543410775;0.0;0.3654351687716591;0.30242998215619055;0.1972542429903427;0.2328812029389672;0.0;0.22526285056219092;0.2662938154360469;0.10053817242037755;0.25505725097772564;0.0;0.4898031321683154;0.1476451680014678;0.0;0.21533379403230812;0.19549172111524463;0.0;0.1970839743768284;0.19175543460734118;0.0;0.38758377630495;0.17591914283185706;0.0;0.0;0.4200524287002808;0.1771134568642854;0.0;0.2218407529768813;0.36227927314126007;0.1652447975902619;0.1900482350020705;0.17625388731626543;0.17186612226586798;0.0;0.0;0.47371295667339713;0.294533538286084;0.19775916798268245;0.19018964527181317;0.1914575887032077;0.19018964527181317;0.0;0.1927996941239779;0.1927086828904123;0.0;0.0;0.13745785741467842;0.26085070781328634;0.18596950917912736;0.12174209686459427;0.0;0.1928925477408743;0.12549425266686828;0.19002622582484158;0.0;0.19860445082865258;0.13638733159779107;0.19572087663090607;0.20122025081501413;0.23571956343649156;0.19702601673118653;0.5075960709329347;0.19116140508223683;0.0;0.3814641388305629;0.16599137501166633;0.18305658703918415;0.1956196002674134;0.0;0.5163673755081933;0.0;0.18461502431945026;0.1956732204379003;0.0;0.21094730624167402;0.0;0.0;0.16220912145503794;0.11451850788242345;0.2257936783780522;0.2981100418901053;0.1748014449907433;0.31945591423977127;0.0;0.30510505255576376;0.1848600114000199;0.0;0.0;0.0;0.3020948271184006;0.0;0.1739830462407611;0.0;0.30052207792748825;0.0;0.0;0.16582271395997703;0.17641289866063756;0.19581544828809871;0.08607831390372431;0.0;0.17030733766308429;0.18398137852939625;0.0;0.0;0.1856373232345488;0.1927544784907718;0.39028876627548237;0.2636394313667955;0.41222671325464944;0.2547754560400809;0.1944944122364062;0.0;0.0
GO:0007254;0.22744555162642205;0.1816926822500454;0.2129687096715222;0.5217364058040778;0.19722859230340198;0.3945739776091327;0.13636207755790344;1.0;0.18520407796378377;0.1984821051675733;0.18059910954824343;0.3975198613356556;0.1277714993261979;0.12572205168289116;0.18540513722194524;0.20416478159494902;0.15912492057483418;0.2399665420018412;0.16065623498468334;0.19069944977651127;0.0;0.18025637246185403;0.4121476170734603;0.17121925565414878;0.1415148570811559;0.13444849709538584;0.24451401961340263;0.3899998704061403;0.22530576518855114;0.2243052496757611;0.321394043498645;0.12431800941073737;0.21113549042843258;0.18617207738037278;0.1173294152641944;0.14749407398935788;0.4142555314188902;0.3506597911481991;0.23660974313813346;0.19458706802586678;0.2605989428343186;0.1894219954214964;0.18109713265613703;0.17439199782087125;0.12435521266927282;0.12031832877064562;0.18895256704321756;0.19629410327345392;0.2202266231047715;0.11262087642111651;0.15920678310382405;0.20987617000354777;0.1755142344604124;0.17510756572815636;0.19830302040450207;0.18912365211013382;0.10689666089068289;0.16273281787036523;0.171001082844528;0.25372579582607474;0.20986042514622075;0.1439455965305621;0.20143478226935108;0.24840957330571184;0.12879593687666457;0.23514654449154476;0.0;0.15657051087917012;0.9007163889646101;0.1411614211439584;0.19064607198438574;0.3637227909788249;0.0;0.17136440640866898;0.24469984689353771;0.14128021185497927;0.23249480405327586;0.21948630602287655;0.13820134295825745;0.1382317372387144;0.14890435789874995;0.15104073561356607;0.1170013362254452;0.19769207215219944;0.15927833661857765;0.20311617036663823;0.24192659012499787;0.22000762891422812;0.2132129990813442;0.11242429543816909;0.21693658102911967;0.17040014257899758;0.13488738521339746;0.17206546725462596;0.3511626051649155;0.2442150303255087;0.3511626051649155;0.11480982130078118;0.3573215958067275;0.3571060545327583;0.23565318883113845;0.13470012358041844;0.17259876885183875;0.17631877878194444;0.23535565515311924;0.17866799575609332;0.15213125168276068;0.39710302704480344;0.15414687043345648;0.3507785167880547;0.12573476954917942;0.3711868269582884;0.9769542014965735;0.36426998997394755;0.1756737898689716;0.2130330299189325;0.17130427163920459;0.1682041392500857;0.24373333153773016;0.1058584978078678;0.18596343220560668;0.20424533738431483;0.18539753212113785;0.3640281080125166;0.2987594035974586;0.1532774319405699;0.11468846580258678;0.18950357379924931;0.36415616214620194;0.2124819361269482;0.12305911620408728;0.7154297104007893;0.6302327045287676;0.19854882153472445;0.13151187335666528;0.12705872211984642;0.15098423814640413;0.21774918426689807;0.1541441212273968;0.6511106131698581;0.1551472035487922;0.15883085293401863;0.13132414351440103;0.13343836660692865;0.2181390526265145;0.1707750622581833;0.21291288611617912;0.21648068941948104;0.6759528981326972;0.15227507906538845;0.3451060195797464;0.29153740051799415;0.20399003999313056;0.17885386801468878;0.36449592291431177;0.16051256700828548;0.1358410711345654;0.21081920755820066;0.18867138491051977;0.1855001783010086;0.1951858613002134;0.23482386403638764;0.35721450486456297;0.1367257208330466;0.14651881922172388;0.14567423669034565;0.23481791333078833;0.21355364504913715;0.22067831291619333;0.13773433675120145
GO:1900015;0.3305213627468482;0.3626064776976904;0.29258163668563825;0.3299696273742137;0.25576993790332575;0.0;0.1453356969279484;0.18520407796378377;1.0;0.31565356447981807;0.26994572427305524;0.3887083429474538;0.1637116943820201;0.16014873759463594;0.4654765238786175;0.33455947608808745;0.18170142948329762;0.3670564305528321;0.18433510326216507;0.29506235986520446;0.0;0.31636760464054847;0.41948821300170996;0.28888247715809695;0.23145964776732894;0.0;0.3812953646072305;0.37380709941015755;0.3963406270881526;0.39673833537028214;0.0;0.0;0.3550180120037764;0.2835891256206404;0.0;0.5065402604919693;0.29092367478134973;0.3727595960539898;0.3568898241723915;0.24999277365277098;0.4364388933186295;0.39475300494065585;0.44396182945210116;0.20914669997812022;0.0;0.0;0.2380225765890704;0.8701023922280201;0.3110699953406108;0.0;0.18184158298158998;0.3512432789760114;0.4136336372038514;0.25942096011420906;0.3181448084123615;0.48035996814164383;0.0;0.18794743812449394;0.20281515195112518;0.41190823062581916;0.3511963091477945;0.0;0.32376889471678777;0.3939414861042858;0.2689268230993204;0.3525462293203549;0.0;0.17736399237920727;0.21441832292489965;0.0;0.29492498448013377;0.40197375462172574;0.0;0.2920409762704077;0.3818890245077779;0.0;0.34480629241205357;0.4454484449665687;0.0;0.0;0.20303875049123965;0.27820268301968243;0.0;0.3164734717075825;0.22425228295630067;0.39099379745261187;0.373126424885907;0.3104969256150007;0.2931874441205617;0.0;0.0;0.201707630314067;0.29692487188034516;0.2500173464787847;0.3738428029477735;0.46873299741666236;0.3738428029477735;0.0;0.3873741842057149;0.3868922640365187;0.0;0.0;0.4005722929221199;0.21280781023708692;0.43523840061047403;0.1525435122046519;0.0;0.3878666285229468;0.4420714792269054;0.37301507857726157;0.0;0.4197303261935297;0.18526523898258088;0.4032481432046933;0.30365190405302833;0.29274103460037787;0.2918812610089314;0.19769697157472182;0.4668467266249471;0.0;0.2318598090347064;0.3347899519689751;0.37766822056855576;0.4026842944156182;0.0;0.17187296036933614;0.0;0.39510746551204756;0.4029826969627997;0.0;0.18346286755936309;0.0;0.0;0.3712795046243493;0.20084715832774916;0.26146250058380316;0.16811449415315305;0.37544174931514324;0.17330729223080127;0.0;0.17497696117623662;0.2212185330249667;0.0;0.0;0.0;0.20239809198795236;0.0;0.3013997149277949;0.0;0.1702236287010786;0.0;0.0;0.3853290702276994;0.3514730525754244;0.4037755628570851;0.18555145140985974;0.0;0.3540666285550788;0.5565419904215874;0.0;0.0;0.3515953660956129;0.38713466654502976;0.2102027320554137;0.19834835847873142;0.19670389790753895;0.3515778544617144;0.1985689125903011;0.0;0.0
GO:0045648;0.6231639434811282;0.3141050650515943;0.38894517197785794;0.3092463721300915;0.5156262001520027;0.0;0.22256507549409638;0.1984821051675733;0.31565356447981807;1.0;0.7805090809267142;0.3466443723502459;0.15015852099578467;0.20221325509622712;0.36963174177609215;0.26801304858073555;0.19540684550323392;0.33328835865162465;0.27136518574828544;0.8366535596042441;0.0;0.38546691963538343;0.36483011261149273;0.36390498401447163;0.2254242469635111;0.0;0.34212570677878795;0.3375043423916184;0.5065311449830752;0.4169889989725181;0.0;0.0;0.28015502041369245;0.5031593927658604;0.0;0.3168162144967566;0.2822051943447005;0.3368532656708252;0.32684803016905634;0.4251142335345778;0.3744657329463598;0.33292883395004097;0.41670292698171657;0.3004936125936435;0.0;0.0;0.40932290311093134;0.2806878363106317;0.5005011045898518;0.0;0.26835832810739535;0.38146555983673053;0.34531774094610485;0.22007368040857686;0.2580016137471712;0.4396801538202416;0.0;0.2756948916676656;0.21362621676940033;0.3604357139604088;0.3814276622477788;0.0;0.6591430442279028;0.480089531762429;0.24220186179042597;0.6522417590337526;0.0;0.2629213368209611;0.22332317996776074;0.0;0.8363523764103298;0.35459401715743794;0.0;0.36169960903444126;0.3424896261191462;0.0;0.43788136630451147;0.3439752611457205;0.0;0.0;0.24734085771051983;0.36981839906176656;0.0;0.4339317104037951;0.26850647124436866;0.5237228804616219;0.3370813981748287;0.2959933622359394;0.28382460045950786;0.0;0.0;0.29190824502550955;0.19391612385973991;0.4708060989392716;0.33752651388435856;0.34154063713391175;0.33752651388435856;0.0;0.3458352031990448;0.3455424794079424;0.0;0.0;0.3874559609317834;0.2219902254116522;0.32445979272450826;0.19812058082852269;0.0;0.3461340788909008;0.28869632671775813;0.33701216618881724;0.0;0.3649695915700352;0.19853561369514858;0.35534867640524337;0.3731406758826223;0.38910149943412786;0.3615409734035709;0.28722768275693417;0.34059923691669886;0.0;0.23749818463386765;0.2681518840938498;0.25892681479413276;0.3550149735271733;0.0;0.25618698409761154;0.0;0.4439570231032212;0.35519161545942857;0.0;0.23795699907824025;0.0;0.0;0.25841784257070805;0.305628031706844;0.17813710163268953;0.1832721927999868;0.2919199263390213;0.18794899518828886;0.0;0.18944241839466475;0.6077432655993508;0.0;0.0;0.0;0.21327358916115374;0.0;0.28964460784375684;0.0;0.2520848277041337;0.0;0.0;0.31275454454403706;0.30734563066708903;0.3556605418693399;0.18582616825156836;0.0;0.2795984278649632;0.4454286256198881;0.0;0.0;0.32344997678637405;0.3456897465774591;0.22327126390558255;0.17673405594221964;0.24087660750521794;0.4439079833120632;0.3245102693334202;0.0;0.0
GO:0045645;0.5397866236891122;0.2696472231540586;0.34076720258162624;0.2679129281994039;0.457193194122064;0.0;0.20590680059637226;0.18059910954824343;0.26994572427305524;0.7805090809267142;1.0;0.2955354178100694;0.13969373796529347;0.18836746240196345;0.3160382693554705;0.23640383029988782;0.17804948062952713;0.28577200234047445;0.24700083368032097;0.8735697915088065;0.0;0.3460577452974252;0.3086524447155813;0.32880637017135944;0.20157303030179238;0.0;0.2922446559713729;0.28886596789986674;0.439509464042579;0.3621032782297589;0.0;0.0;0.2458004591079305;0.5428241277655289;0.0;0.281668499426705;0.2473772340635568;0.2883888925809808;0.28102406271300145;0.37768005870460863;0.3155211538022321;0.2834028504186627;0.3579533901048338;0.27090315843679114;0.0;0.0;0.3651642382840367;0.2371033784906611;0.4360276786585297;0.0;0.244507193885289;0.33501209254970465;0.2984064267765199;0.19830170375530382;0.2285801519096344;0.3743975023682759;0.0;0.25058283120286967;0.1930516210606671;0.3055013330784201;0.3349828626628886;0.0;0.6539747963290977;0.408756703748008;0.1545029570535705;0.5614685784996633;0.0;0.2399855693482207;0.20093620995300426;0.0;0.8732895934333248;0.3012942246169993;0.0;0.3267803062578101;0.2925101529180081;0.0;0.3777545168789588;0.2998396848238322;0.0;0.0;0.22693737919809429;0.33882478048384485;0.0;0.3846235390305984;0.24463016790152708;0.4972889414868401;0.2885560864651611;0.25790861106105084;0.24862071110164938;0.0;0.0;0.2639057031696375;0.16335225885675916;0.4251433114051292;0.28888220935180836;0.2918176464065507;0.28888220935180836;0.0;0.29494706263822873;0.29473412037376756;0.0;0.0;0.3358504316430908;0.19985645779635294;0.27925673167837245;0.15581677437646727;0.0;0.2951644253902072;0.2549978259703077;0.28850535112970793;0.0;0.3087522701520726;0.18064340926464104;0.3018388912822974;0.3360904842041918;0.34088719462477557;0.3266508166839758;0.2600741806233009;0.2911301238759111;0.0;0.21233916533930827;0.23651184209344484;0.22138645817359684;0.30159808802326615;0.0;0.23436233844299606;0.0;0.37788054587003994;0.3017255630527213;0.0;0.22203980427425635;0.0;0.0;0.22890680325411183;0.3050974118190243;0.15200976831216956;0.167918966974687;0.25481049045753407;0.17183663792412007;0.0;0.17308413254268837;0.606396105494084;0.0;0.0;0.0;0.1927636007150294;0.0;0.2530751693540509;0.0;0.20149764670461573;0.0;0.0;0.275905104787889;0.26465059308219857;0.3020638748928019;0.122801468108223;0.0;0.24537189897592213;0.3794819625099339;0.0;0.0;0.2785083621421342;0.29484125667913547;0.2065110897623349;0.1624139303005522;0.2214838729667113;0.3822312377409456;0.26091074050557983;0.0;0.0
GO:0007259;0.44578775219701977;0.3735562822985836;0.39337728861801385;0.7167583172073503;0.3428388719311008;0.20066218850281006;0.19305091989080028;0.3975198613356556;0.3887083429474538;0.3466443723502459;0.2955354178100694;1.0;0.1762724937396949;0.17239544105483232;0.38959506820684503;0.36435610065185603;0.24207599887204181;0.49657094190529966;0.2456378486755185;0.3235809326130068;0.0;0.2946187230536794;0.9180355423220914;0.27122116249472117;0.23587299684115956;0.29482564551184137;0.5164466627636959;0.8149489483628495;0.4376413258397818;0.43388206803113555;0.3255558466764482;0.0;0.38716794009691674;0.3107579967695673;0.0;0.25296556547358984;0.49512423531415517;0.7316394302599497;0.48240849637653654;0.3349353297583543;0.5938674483535331;0.4077651939687032;0.3710475487709265;0.279269433658434;0.25028011206583395;0.2344485295888157;0.3185832646782668;0.4410006537988541;0.41887616829443663;0.20689407145543456;0.24226550737830402;0.382954292555506;0.34834498424218624;0.28110900891406415;0.34609849909111606;0.4063851654815128;0.0;0.25052577028202594;0.270674122008975;0.5593385566730319;0.38290187467148395;0.34469542215619214;0.35575170671195117;0.5341386484428245;0.27782538248262123;0.4763650193379587;0.0;0.23621328844804368;0.4613310204376078;0.32914969105123243;0.3234272789656453;0.7909057961147213;0.0;0.271585560777348;0.5172763609007567;0.3297962741064442;0.46560684983789524;0.4162060251967974;0.31349312996217693;0.3136495687924186;0.21918848286994522;0.22384916789523077;0.0;0.34424176751598445;0.24243123421882254;0.361029824504099;0.5050381042164216;0.41808462462017154;0.3942115724235193;0.0;0.2746445747617763;0.2691715393751438;0.3078102447122723;0.2733506561259103;0.7338317644315442;0.5151146485777977;0.7338317644315442;0.0;0.76125172417966;0.7602740988361725;0.0;0.29603832379302003;0.33704556648678596;0.28424361187857666;0.47722398353299306;0.2566740516996855;0.0;0.8465927520208338;0.27318722260618605;0.7321564731505528;0.25593170212430305;0.8270698930209146;0.3976531325582646;0.7934977174856344;0.2825711154895005;0.3935967943156708;0.27143454975787545;0.2637325374458585;0.5129762463659807;0.18516407618413258;0.3101771008935848;0.3646127390654383;0.38956148913167227;0.7923508628182288;0.20670796823352297;0.2287972977939888;0.0;0.40814341894433104;0.7929577928495899;0.2630037839255125;0.16742737193383114;0.1757972578122869;0.19610175527277696;0.34684792041032364;0.18347144283474537;0.26986622106305647;0.22372509598698123;0.41000358886916727;0.23073381061258597;0.2080668736054574;0.2329886292873573;0.24139608153062417;0.2802071039294785;0.2900114773747828;0.2778784682675397;0.2701082616262421;0.26410719240690733;0.40552931136145304;0.1855924382927455;0.22657107336371768;0.1436774394931217;0.2631168323612645;0.3637999464825225;0.3617512471955691;0.7945705740060336;0.2873585242369363;0.30160574574412974;0.38610573131040615;0.40430265284160793;0.20227449496343483;0.22233681987462778;0.47504261500592976;0.7607658277866343;0.19378056862074672;0.21405827000049002;0.21226036454451763;0.47501826282351245;0.3353810956410282;0.28484092660908933;0.31110038317633304
GO:0000188;0.16616684190739628;0.1310237068614769;0.15830508143771907;0.1660605008359805;0.1494399753994993;0.0;0.2716868218112671;0.1277714993261979;0.1637116943820201;0.15015852099578467;0.13969373796529347;0.1762724937396949;1.0;0.544775782778288;0.16383913212158677;0.46078246022970737;0.37923438974010715;0.2356041662850076;0.2506673067625031;0.14566123031415357;0.0;0.1641833254946726;0.18085682079566326;0.13401491991734354;0.10875708252034634;0.0;0.23880141601965746;0.1738780022890015;0.16502183932041153;0.27833396535327726;0.0;0.0;0.42314961241213295;0.19503404308416847;0.0;0.1383420528477737;0.2153948547141115;0.17370503296650044;0.2332222009176429;0.14791851697753597;0.18319362414837612;0.13499602405839642;0.16109135414433715;0.29025285134611684;0.0;0.0;0.14463983605988462;0.17062600049924936;0.1622805421916693;0.0;0.2912493787798329;0.2903304012940775;0.15858234734139678;0.7114500954343124;0.4507716951660696;0.13484442586393927;0.0;0.3171775694585416;0.5748220454497808;0.24517567723410374;0.29031415040349623;0.0;0.1518423697897449;0.1770851496925072;0.0917426255541294;0.17024005171743628;0.0;0.24558314462698527;0.13762636849798632;0.0;0.14563008602776184;0.17830522887888753;0.0;0.15784525930167959;0.23893134996548188;0.0;0.23466699905184635;0.275325919387401;0.0;0.0;0.4933647167120038;0.14280760963643818;0.0;0.25332629727345896;0.3365770408134179;0.17984642665752318;0.17376567699139422;0.22116043376028016;0.21608484177839998;0.0;0.0;0.3521636037395008;0.15640475641846568;0.13453278177548547;0.17388388681730868;0.29603170302518045;0.17388388681730868;0.0;0.176063015628497;0.17598711656992236;0.0;0.0;0.15665585458701292;0.4999238839488132;0.31584193588114906;0.15663322567501461;0.0;0.17614044473723042;0.19539051587009926;0.17374727738939758;0.0;0.180891090740624;0.12779367141240375;0.17849584383789452;0.16093468951801831;0.15834061773323885;0.15780190918562595;0.35848650416954575;0.3239001034303699;0.0;0.35408479576115987;0.46091903833793424;0.29155317919814494;0.17841160550001856;0.0;0.47964644852797955;0.0;0.13503745286928534;0.17845620594456008;0.0;0.34215008868466185;0.0;0.0;0.40406705408955135;0.18436554909802397;0.14991357511294576;0.36364858705144165;0.43294588426023506;0.8348668177407583;0.0;0.3716598944525217;0.1263041354521026;0.0;0.0;0.0;0.5742270303503404;0.0;0.21853614033051386;0.0;0.3661419888825037;0.0;0.0;0.15328979959973288;0.12954098976825032;0.17857449849520626;0.07954869955867211;0.0;0.4226772079536769;0.13461435184872694;0.0;0.0;0.2319472983553619;0.17602530870931288;0.4603353828268773;0.8465967441121375;0.4847072158305265;0.17006773691344018;0.13245686224070627;0.0;0.0
GO:0000187;0.22332356536335643;0.15996161242714668;0.2129667564144181;0.1626152644102073;0.20126371854967437;0.0;0.4350702220896117;0.12572205168289116;0.16014873759463594;0.20221325509622712;0.18836746240196345;0.17239544105483232;0.544775782778288;1.0;0.16027068662021432;0.27893586169054363;0.24481721355872363;0.16902680633942854;0.37890748937003454;0.1962674068939101;0.0;0.23494707143370852;0.17677781767345258;0.18083869091781604;0.13326347159557997;0.0;0.17127045132529498;0.1701044387632406;0.161619124516625;0.4368068356386078;0.0;0.0;0.26092358571326474;0.14044256390005103;0.0;0.18691510802864594;0.15481464075363724;0.16993889208555124;0.1673544270017572;0.1992525927357999;0.17900975183270595;0.164704034954674;0.21699341445706455;0.44767606168641166;0.0;0.0;0.19491609248940742;0.16675928196962214;0.2182064337345541;0.0;0.45784202214642183;0.4650902424855323;0.12510274950232209;0.6992823086910471;0.272989656318086;0.13186641967932738;0.0;0.5061583787654342;0.3472053783121327;0.17573962390072412;0.465064719499232;0.0;0.20443774193311717;0.23767326175943027;0.08971177534372522;0.22868147291312743;0.0;0.3713428097435201;0.13525152390727466;0.0;0.19622620781473166;0.17433924792142502;0.0;0.22602983815686403;0.17136160369585351;0.0;0.34782459686913375;0.1866812447791662;0.0;0.0;0.8537060008095732;0.20482460250499207;0.0;0.3982962900908862;0.4581920954674055;0.1764075236605377;0.16999693450284062;0.15887464233710352;0.15530074150805434;0.0;0.0;0.5688320638782945;0.21024284950041539;0.1815256978683343;0.17011007064264141;0.2895686194597051;0.17011007064264141;0.0;0.17219507116580232;0.1721224696543408;0.0;0.0;0.12361443766039198;0.3101679281814659;0.3091235543314459;0.11318974657953572;0.0;0.17226913483510772;0.14031303310659918;0.16997932433023374;0.0;0.1768105590777616;0.1257435181357524;0.17452147328745224;0.2303779632217775;0.2130136165082758;0.22596880597844926;0.5878897311317306;0.31683836505557;0.0;0.29995523262935464;0.27901695221667505;0.19659985392084683;0.174440943625261;0.0;0.8271581478198667;0.0;0.16475346297492216;0.17448358070218023;0.0;0.2170841786521966;0.0;0.0;0.24937809062001048;0.12584802483361512;0.20170858616805362;0.23490902392899035;0.2668426571031929;0.4743528881993545;0.0;0.24000357962812072;0.17059882562734402;0.0;0.0;0.0;0.3468520055581889;0.0;0.15702720131562012;0.0;0.3003145152642249;0.0;0.0;0.1503494001459697;0.15818986100012208;0.17459666356825806;0.07801732504066781;0.0;0.2606380147638629;0.16424863667920883;0.0;0.0;0.16645901742925556;0.17215900265150905;0.7973574372043565;0.47973168977384;0.8389471679557817;0.22845492011983784;0.17877119893932036;0.0;0.0
