;GO:0090336;GO:0051928;GO:0051491;GO:0042770;GO:1901741;GO:0046854;GO:0045762;GO:0007254;GO:1900015;GO:0045648;GO:0045645;GO:0007259;GO:0000188;GO:0000187;GO:0002634;GO:0046580;GO:0045892;GO:0030308;GO:0045893;GO:0045651;GO:0000060;GO:2000510;GO:0035556;GO:2001184;GO:0042307;GO:0000902;GO:0045930;GO:0007266;GO:0042663;GO:0009967;GO:0006974;GO:0009725;GO:0046627;GO:0045659;GO:0098586;GO:0002885;GO:0000077;GO:0048010;GO:0001953;GO:2000525;GO:0001558;GO:0001954;GO:0002922;GO:2000526;GO:0002407;GO:0002408;GO:0030890;GO:0050727;GO:2000522;GO:0072610;GO:0032436;GO:0051897;GO:0040015;GO:0043405;GO:0035024;GO:0060420;GO:0034695;GO:0031065;GO:1905049;GO:0008285;GO:0043123;GO:0002062;GO:0045666;GO:0051272;GO:0007595;GO:0045663;GO:0001890;GO:0045944;GO:0000165;GO:0051146;GO:0045672;GO:0019221;GO:0006816;GO:0010759;GO:0048662;GO:0014835;GO:2000379;GO:2000773;GO:0022617;GO:0048821;GO:0043410;GO:0002741;GO:0002467;GO:0050862;GO:0030513;GO:0043380;GO:2000547;GO:2000669;GO:0002903;GO:0032496;GO:0035924;GO:1905050;GO:0031281;GO:0060045;GO:0038116;GO:0040036;GO:0038115;GO:0032495;GO:0038111;GO:0007178;GO:0006006;GO:0006887;GO:0030502;GO:0051045;GO:0032487;GO:0051209;GO:0071731;GO:0019722;GO:0032764;GO:0060396;GO:0030183;GO:0007186;GO:0038066;GO:0007187;GO:0090026;GO:0031274;GO:0090023;GO:0043552;GO:1901796;GO:0043312;GO:0043433;GO:0046426;GO:0010629;GO:0007219;GO:0019395;GO:0045860;GO:0032355;GO:0002606;GO:0031663;GO:0032870;GO:0048294;GO:0018105;GO:0016567;GO:0031665;GO:0045629;GO:0090630;GO:1903464;GO:0045746;GO:0006469;GO:0043687;GO:0000122;GO:0045591;GO:0097022;GO:0097029;GO:0071479;GO:0010951;GO:0071356;GO:0014912;GO:0035335;GO:0070935;GO:0006351;GO:0090400;GO:0050706;GO:0046326;GO:0007205;GO:0007204;GO:0030316;GO:0090090;GO:0032735;GO:0071222;GO:0071223;GO:0043066;GO:0070098;GO:0046330;GO:0070373;GO:0070374;GO:0043065;GO:0030838;GO:0071345;GO:0030036
GO:0090336;1.0;0.11511873865597294;0.12755981097713553;0.047799631016701725;0.30379685991921485;0.0;0.12755981097713553;0.047799631016701725;0.042064647228987374;0.30379685991921485;0.30379685991921485;0.047799631016701725;0.047799631016701725;0.12755981097713553;0.20397374928165476;0.047799631016701725;0.047799631016701725;0.047799631016701725;0.12755981097713553;0.30379685991921485;0.0;0.12755981097713553;0.047799631016701725;0.12755981097713553;0.11511873865597294;0.0;0.047799631016701725;0.047799631016701725;0.2410224993701646;0.12755981097713553;0.0;0.0;0.047799631016701725;0.2410224993701646;0.0;0.11511873865597294;0.047799631016701725;0.047799631016701725;0.047799631016701725;0.12755981097713553;0.047799631016701725;0.11511873865597294;0.11511873865597294;0.12755981097713553;0.0;0.0;0.12755981097713553;0.042064647228987374;0.12755981097713553;0.0;0.12755981097713553;0.12755981097713553;0.20397374928165476;0.047799631016701725;0.047799631016701725;0.20397374928165476;0.0;0.12755981097713553;0.047799631016701725;0.047799631016701725;0.12755981097713553;0.0;0.30379685991921485;0.12755981097713553;0.036692364793703955;0.30379685991921485;0.0;0.12755981097713553;0.047799631016701725;0.0;0.30379685991921485;0.047799631016701725;0.0;0.12755981097713553;0.047799631016701725;0.0;0.12755981097713553;0.20397374928165476;0.0;0.0;0.12755981097713553;0.12755981097713553;0.0;0.12755981097713553;0.12755981097713553;0.2410224993701646;0.047799631016701725;0.047799631016701725;0.047799631016701725;0.0;0.0;0.12755981097713553;0.036692364793703955;0.2688665324497557;0.047799631016701725;0.047799631016701725;0.047799631016701725;0.0;0.047799631016701725;0.047799631016701725;0.0;0.0;0.20397374928165476;0.047799631016701725;0.047799631016701725;0.047799631016701725;0.0;0.047799631016701725;0.042064647228987374;0.047799631016701725;0.0;0.047799631016701725;0.047799631016701725;0.047799631016701725;0.12755981097713553;0.12755981097713553;0.12755981097713553;0.12755981097713553;0.047799631016701725;0.0;0.047799631016701725;0.047799631016701725;0.042064647228987374;0.047799631016701725;0.0;0.12755981097713553;0.0;0.11511873865597294;0.047799631016701725;0.0;0.20397374928165476;0.0;0.0;0.047799631016701725;0.2410224993701646;0.036692364793703955;0.047799631016701725;0.047799631016701725;0.047799631016701725;0.0;0.047799631016701725;0.30379685991921485;0.0;0.0;0.0;0.047799631016701725;0.0;0.047799631016701725;0.0;0.11511873865597294;0.0;0.0;0.047799631016701725;0.11511873865597294;0.047799631016701725;0.036692364793703955;0.0;0.047799631016701725;0.11511873865597294;0.0;0.0;0.047799631016701725;0.047799631016701725;0.12755981097713553;0.047799631016701725;0.12755981097713553;0.12755981097713553;0.12755981097713553;0.0;0.0
GO:0051928;0.11511873865597294;1.0;0.11511873865597294;0.042064647228987374;0.11511873865597294;0.0;0.11511873865597294;0.042064647228987374;0.042064647228987374;0.11511873865597294;0.11511873865597294;0.042064647228987374;0.042064647228987374;0.11511873865597294;0.042064647228987374;0.042064647228987374;0.042064647228987374;0.042064647228987374;0.11511873865597294;0.11511873865597294;0.0;0.19673256925640645;0.042064647228987374;0.3033452914461477;0.3033452914461477;0.0;0.042064647228987374;0.042064647228987374;0.042064647228987374;0.11511873865597294;0.0;0.0;0.042064647228987374;0.042064647228987374;0.0;0.11511873865597294;0.042064647228987374;0.042064647228987374;0.042064647228987374;0.11511873865597294;0.042064647228987374;0.11511873865597294;0.11511873865597294;0.11511873865597294;0.0;0.0;0.11511873865597294;0.042064647228987374;0.11511873865597294;0.0;0.11511873865597294;0.11511873865597294;0.042064647228987374;0.042064647228987374;0.042064647228987374;0.042064647228987374;0.0;0.11511873865597294;0.042064647228987374;0.042064647228987374;0.11511873865597294;0.0;0.11511873865597294;0.19673256925640645;0.036692364793703955;0.11511873865597294;0.0;0.11511873865597294;0.042064647228987374;0.0;0.11511873865597294;0.042064647228987374;0.0;0.19673256925640645;0.042064647228987374;0.0;0.11511873865597294;0.042064647228987374;0.0;0.0;0.11511873865597294;0.3033452914461477;0.0;0.11511873865597294;0.11511873865597294;0.042064647228987374;0.042064647228987374;0.042064647228987374;0.042064647228987374;0.0;0.0;0.11511873865597294;0.036692364793703955;0.11511873865597294;0.042064647228987374;0.042064647228987374;0.042064647228987374;0.0;0.042064647228987374;0.042064647228987374;0.0;0.0;0.042064647228987374;0.042064647228987374;0.042064647228987374;0.19673256925640645;0.0;0.042064647228987374;0.042064647228987374;0.042064647228987374;0.0;0.042064647228987374;0.042064647228987374;0.042064647228987374;0.19673256925640645;0.11511873865597294;0.19673256925640645;0.11511873865597294;0.042064647228987374;0.0;0.042064647228987374;0.042064647228987374;0.042064647228987374;0.042064647228987374;0.0;0.11511873865597294;0.0;0.11511873865597294;0.042064647228987374;0.0;0.042064647228987374;0.0;0.0;0.042064647228987374;0.042064647228987374;0.036692364793703955;0.042064647228987374;0.042064647228987374;0.042064647228987374;0.0;0.042064647228987374;0.11511873865597294;0.0;0.0;0.0;0.042064647228987374;0.0;0.19673256925640645;0.0;0.11511873865597294;0.0;0.0;0.23542160760630382;0.3033452914461477;0.042064647228987374;0.036692364793703955;0.0;0.042064647228987374;0.11511873865597294;0.0;0.0;0.042064647228987374;0.042064647228987374;0.11511873865597294;0.042064647228987374;0.11511873865597294;0.11511873865597294;0.11511873865597294;0.0;0.0
GO:0051491;0.12755981097713553;0.11511873865597294;1.0;0.047799631016701725;0.27776606418114075;0.0;0.12755981097713553;0.047799631016701725;0.042064647228987374;0.12755981097713553;0.12755981097713553;0.047799631016701725;0.047799631016701725;0.12755981097713553;0.042064647228987374;0.047799631016701725;0.047799631016701725;0.20397374928165476;0.12755981097713553;0.12755981097713553;0.0;0.12755981097713553;0.047799631016701725;0.12755981097713553;0.11511873865597294;0.0;0.047799631016701725;0.047799631016701725;0.047799631016701725;0.12755981097713553;0.0;0.0;0.047799631016701725;0.047799631016701725;0.0;0.11511873865597294;0.047799631016701725;0.047799631016701725;0.047799631016701725;0.12755981097713553;0.20397374928165476;0.11511873865597294;0.11511873865597294;0.12755981097713553;0.0;0.0;0.12755981097713553;0.042064647228987374;0.12755981097713553;0.0;0.12755981097713553;0.12755981097713553;0.042064647228987374;0.047799631016701725;0.047799631016701725;0.042064647228987374;0.0;0.27776606418114075;0.047799631016701725;0.047799631016701725;0.12755981097713553;0.0;0.12755981097713553;0.12755981097713553;0.036692364793703955;0.12755981097713553;0.0;0.12755981097713553;0.047799631016701725;0.0;0.12755981097713553;0.047799631016701725;0.0;0.12755981097713553;0.047799631016701725;0.0;0.12755981097713553;0.047799631016701725;0.0;0.0;0.12755981097713553;0.12755981097713553;0.0;0.12755981097713553;0.12755981097713553;0.047799631016701725;0.4809107501384471;0.047799631016701725;0.047799631016701725;0.0;0.0;0.12755981097713553;0.036692364793703955;0.12755981097713553;0.047799631016701725;0.047799631016701725;0.047799631016701725;0.0;0.047799631016701725;0.047799631016701725;0.0;0.0;0.042064647228987374;0.047799631016701725;0.047799631016701725;0.047799631016701725;0.0;0.047799631016701725;0.042064647228987374;0.047799631016701725;0.0;0.047799631016701725;0.047799631016701725;0.047799631016701725;0.12755981097713553;0.5386288701206177;0.12755981097713553;0.12755981097713553;0.047799631016701725;0.0;0.047799631016701725;0.047799631016701725;0.042064647228987374;0.047799631016701725;0.0;0.12755981097713553;0.0;0.11511873865597294;0.047799631016701725;0.0;0.047799631016701725;0.0;0.0;0.047799631016701725;0.047799631016701725;0.036692364793703955;0.047799631016701725;0.047799631016701725;0.047799631016701725;0.0;0.047799631016701725;0.12755981097713553;0.0;0.0;0.0;0.047799631016701725;0.0;0.047799631016701725;0.0;0.11511873865597294;0.0;0.0;0.047799631016701725;0.11511873865597294;0.047799631016701725;0.036692364793703955;0.0;0.047799631016701725;0.11511873865597294;0.0;0.0;0.047799631016701725;0.047799631016701725;0.12755981097713553;0.047799631016701725;0.12755981097713553;0.12755981097713553;0.363757458828146;0.0;0.0
GO:0042770;0.047799631016701725;0.042064647228987374;0.047799631016701725;1.0;0.047799631016701725;0.01468324974140624;0.047799631016701725;0.24991089615047335;0.042064647228987374;0.047799631016701725;0.047799631016701725;0.24553006275393716;0.047799631016701725;0.047799631016701725;0.042064647228987374;0.047799631016701725;0.047799631016701725;0.047799631016701725;0.047799631016701725;0.047799631016701725;0.0;0.047799631016701725;0.24553006275393716;0.047799631016701725;0.042064647228987374;0.01468324974140624;0.047799631016701725;0.24553006275393716;0.047799631016701725;0.047799631016701725;0.32330823750762483;0.11807622278079505;0.047799631016701725;0.047799631016701725;0.11807622278079505;0.042064647228987374;0.32330823750762483;0.12659489728285286;0.047799631016701725;0.047799631016701725;0.047799631016701725;0.042064647228987374;0.042064647228987374;0.047799631016701725;0.01468324974140624;0.01468324974140624;0.047799631016701725;0.042064647228987374;0.047799631016701725;0.01468324974140624;0.047799631016701725;0.047799631016701725;0.042064647228987374;0.047799631016701725;0.047799631016701725;0.042064647228987374;0.11807622278079505;0.047799631016701725;0.047799631016701725;0.047799631016701725;0.047799631016701725;0.01468324974140624;0.047799631016701725;0.047799631016701725;0.036692364793703955;0.047799631016701725;0.0;0.047799631016701725;0.24553006275393716;0.01468324974140624;0.047799631016701725;0.12659489728285286;0.0;0.047799631016701725;0.047799631016701725;0.01468324974140624;0.047799631016701725;0.047799631016701725;0.01468324974140624;0.01468324974140624;0.047799631016701725;0.047799631016701725;0.11807622278079505;0.047799631016701725;0.047799631016701725;0.047799631016701725;0.047799631016701725;0.047799631016701725;0.047799631016701725;0.11807622278079505;0.1912422969752877;0.047799631016701725;0.036692364793703955;0.047799631016701725;0.12659489728285286;0.047799631016701725;0.12659489728285286;0.11807622278079505;0.12659489728285286;0.12659489728285286;0.0;0.01468324974140624;0.042064647228987374;0.047799631016701725;0.047799631016701725;0.047799631016701725;0.17988792517482602;0.24553006275393716;0.042064647228987374;0.12659489728285286;0.01468324974140624;0.12659489728285286;0.24991089615047335;0.12659489728285286;0.047799631016701725;0.047799631016701725;0.047799631016701725;0.047799631016701725;0.047799631016701725;0.01468324974140624;0.047799631016701725;0.047799631016701725;0.042064647228987374;0.12659489728285286;0.01468324974140624;0.047799631016701725;0.11807622278079505;0.042064647228987374;0.12659489728285286;0.1912422969752877;0.047799631016701725;0.01468324974140624;0.01468324974140624;0.047799631016701725;0.047799631016701725;0.036692364793703955;0.047799631016701725;0.047799631016701725;0.047799631016701725;0.01468324974140624;0.047799631016701725;0.047799631016701725;0.01468324974140624;0.01468324974140624;0.1912422969752877;0.047799631016701725;0.1912422969752877;0.047799631016701725;0.01468324974140624;0.047799631016701725;0.01468324974140624;0.24991089615047335;0.047799631016701725;0.042064647228987374;0.12659489728285286;0.036692364793703955;0.01468324974140624;0.047799631016701725;0.042064647228987374;0.1912422969752877;0.1912422969752877;0.047799631016701725;0.12659489728285286;0.047799631016701725;0.047799631016701725;0.047799631016701725;0.047799631016701725;0.047799631016701725;0.1912422969752877;0.01468324974140624
GO:1901741;0.30379685991921485;0.11511873865597294;0.27776606418114075;0.047799631016701725;1.0;0.0;0.12755981097713553;0.047799631016701725;0.042064647228987374;0.30379685991921485;0.30379685991921485;0.047799631016701725;0.047799631016701725;0.12755981097713553;0.2946054623034586;0.047799631016701725;0.047799631016701725;0.20397374928165476;0.12755981097713553;0.30379685991921485;0.0;0.12755981097713553;0.047799631016701725;0.12755981097713553;0.11511873865597294;0.0;0.047799631016701725;0.047799631016701725;0.2946054623034586;0.12755981097713553;0.0;0.0;0.047799631016701725;0.2410224993701646;0.0;0.11511873865597294;0.047799631016701725;0.047799631016701725;0.047799631016701725;0.12755981097713553;0.20397374928165476;0.11511873865597294;0.11511873865597294;0.12755981097713553;0.0;0.0;0.12755981097713553;0.042064647228987374;0.12755981097713553;0.0;0.12755981097713553;0.12755981097713553;0.20397374928165476;0.047799631016701725;0.047799631016701725;0.20397374928165476;0.0;0.27776606418114075;0.047799631016701725;0.047799631016701725;0.12755981097713553;0.0;0.30379685991921485;0.12755981097713553;0.036692364793703955;0.30379685991921485;0.0;0.12755981097713553;0.047799631016701725;0.0;0.30379685991921485;0.047799631016701725;0.0;0.12755981097713553;0.047799631016701725;0.0;0.12755981097713553;0.20397374928165476;0.0;0.0;0.12755981097713553;0.12755981097713553;0.0;0.12755981097713553;0.12755981097713553;0.2410224993701646;0.20397374928165476;0.047799631016701725;0.047799631016701725;0.0;0.0;0.12755981097713553;0.036692364793703955;0.2688665324497557;0.047799631016701725;0.047799631016701725;0.047799631016701725;0.0;0.047799631016701725;0.047799631016701725;0.0;0.0;0.20397374928165476;0.047799631016701725;0.047799631016701725;0.047799631016701725;0.0;0.047799631016701725;0.042064647228987374;0.047799631016701725;0.0;0.047799631016701725;0.047799631016701725;0.047799631016701725;0.12755981097713553;0.27776606418114075;0.12755981097713553;0.12755981097713553;0.047799631016701725;0.0;0.047799631016701725;0.047799631016701725;0.042064647228987374;0.047799631016701725;0.0;0.12755981097713553;0.0;0.11511873865597294;0.047799631016701725;0.0;0.20397374928165476;0.0;0.0;0.047799631016701725;0.2410224993701646;0.036692364793703955;0.047799631016701725;0.047799631016701725;0.047799631016701725;0.0;0.047799631016701725;0.30379685991921485;0.0;0.0;0.0;0.047799631016701725;0.0;0.047799631016701725;0.0;0.11511873865597294;0.0;0.0;0.047799631016701725;0.11511873865597294;0.047799631016701725;0.036692364793703955;0.0;0.047799631016701725;0.11511873865597294;0.0;0.0;0.047799631016701725;0.047799631016701725;0.12755981097713553;0.047799631016701725;0.12755981097713553;0.12755981097713553;0.27776606418114075;0.0;0.0
GO:0046854;0.0;0.0;0.0;0.01468324974140624;0.0;1.0;0.0;0.2794464493768247;0.0;0.0;0.0;0.01468324974140624;0.0;0.0;0.0;0.0;0.0;0.0;0.0;0.0;0.0;0.0;0.01468324974140624;0.0;0.0;0.01468324974140624;0.0;0.01468324974140624;0.0;0.0;0.01468324974140624;0.0;0.0;0.0;0.0;0.0;0.01468324974140624;0.01468324974140624;0.0;0.0;0.0;0.0;0.0;0.0;0.01468324974140624;0.01468324974140624;0.0;0.0;0.0;0.01468324974140624;0.0;0.0;0.0;0.0;0.0;0.0;0.0;0.0;0.0;0.0;0.0;0.01468324974140624;0.0;0.0;0.0;0.0;0.0;0.0;0.2794464493768247;0.01468324974140624;0.0;0.01468324974140624;0.0;0.0;0.0;0.01468324974140624;0.0;0.0;0.01468324974140624;0.01468324974140624;0.0;0.0;0.0;0.0;0.0;0.0;0.0;0.0;0.0;0.0;0.01468324974140624;0.0;0.0;0.0;0.01468324974140624;0.0;0.01468324974140624;0.0;0.01468324974140624;0.01468324974140624;0.06927734236639929;0.01468324974140624;0.0;0.0;0.0;0.01468324974140624;0.0;0.01468324974140624;0.0;0.01468324974140624;0.01468324974140624;0.01468324974140624;0.2794464493768247;0.01468324974140624;0.0;0.0;0.0;0.0;0.0;0.01468324974140624;0.0;0.0;0.0;0.01468324974140624;0.4328387352243853;0.0;0.0;0.0;0.01468324974140624;0.01468324974140624;0.0;0.2794464493768247;0.06927734236639929;0.0;0.0;0.0;0.0;0.0;0.0;0.06927734236639929;0.0;0.0;0.01468324974140624;0.01468324974140624;0.01468324974140624;0.0;0.01468324974140624;0.0;0.22480199536001946;0.0;0.06927734236639929;0.01468324974140624;0.0;0.0;0.01468324974140624;0.01468324974140624;0.01468324974140624;0.0;0.0;0.01468324974140624;0.01468324974140624;0.0;0.01468324974140624;0.0;0.0;0.0;0.0;0.01468324974140624;0.01468324974140624;0.01468324974140624
GO:0045762;0.12755981097713553;0.11511873865597294;0.12755981097713553;0.047799631016701725;0.12755981097713553;0.0;1.0;0.047799631016701725;0.042064647228987374;0.12755981097713553;0.12755981097713553;0.047799631016701725;0.23617816366413516;0.28270809275848624;0.042064647228987374;0.047799631016701725;0.14416800614326972;0.047799631016701725;0.23455555592033453;0.12755981097713553;0.0;0.12755981097713553;0.047799631016701725;0.12755981097713553;0.11511873865597294;0.0;0.047799631016701725;0.047799631016701725;0.047799631016701725;0.12755981097713553;0.0;0.0;0.047799631016701725;0.047799631016701725;0.0;0.11511873865597294;0.047799631016701725;0.047799631016701725;0.047799631016701725;0.12755981097713553;0.047799631016701725;0.11511873865597294;0.11511873865597294;0.23160877878580344;0.0;0.0;0.12755981097713553;0.042064647228987374;0.12755981097713553;0.0;0.1816892161000484;0.12755981097713553;0.042064647228987374;0.23617816366413516;0.047799631016701725;0.042064647228987374;0.0;0.1816892161000484;0.20819522445199756;0.047799631016701725;0.12755981097713553;0.0;0.12755981097713553;0.12755981097713553;0.036692364793703955;0.12755981097713553;0.0;0.23455555592033453;0.047799631016701725;0.0;0.12755981097713553;0.047799631016701725;0.0;0.12755981097713553;0.047799631016701725;0.0;0.17811780918080672;0.047799631016701725;0.0;0.0;0.28270809275848624;0.12755981097713553;0.0;0.12755981097713553;0.14416800614326972;0.047799631016701725;0.047799631016701725;0.047799631016701725;0.047799631016701725;0.0;0.0;0.25833176065663566;0.683847890374163;0.12755981097713553;0.047799631016701725;0.047799631016701725;0.047799631016701725;0.0;0.047799631016701725;0.047799631016701725;0.0;0.0;0.042064647228987374;0.10900961301269105;0.047799631016701725;0.047799631016701725;0.0;0.047799631016701725;0.042064647228987374;0.047799631016701725;0.0;0.047799631016701725;0.047799631016701725;0.047799631016701725;0.12755981097713553;0.12755981097713553;0.12755981097713553;0.28270809275848624;0.047799631016701725;0.0;0.17530917548795347;0.047799631016701725;0.09795404577404272;0.047799631016701725;0.0;0.28270809275848624;0.0;0.11511873865597294;0.047799631016701725;0.0;0.14416800614326972;0.0;0.0;0.047799631016701725;0.047799631016701725;0.25833176065663566;0.14416800614326972;0.047799631016701725;0.23617816366413516;0.0;0.14416800614326972;0.12755981097713553;0.0;0.0;0.0;0.20819522445199756;0.0;0.047799631016701725;0.0;0.17111199477934044;0.0;0.0;0.047799631016701725;0.11511873865597294;0.047799631016701725;0.036692364793703955;0.0;0.047799631016701725;0.11511873865597294;0.0;0.0;0.047799631016701725;0.047799631016701725;0.28270809275848624;0.23617816366413516;0.28270809275848624;0.12755981097713553;0.12755981097713553;0.0;0.0
GO:0007254;0.047799631016701725;0.042064647228987374;0.047799631016701725;0.24991089615047335;0.047799631016701725;0.2794464493768247;0.047799631016701725;1.0;0.042064647228987374;0.047799631016701725;0.047799631016701725;0.24553006275393716;0.047799631016701725;0.047799631016701725;0.042064647228987374;0.047799631016701725;0.047799631016701725;0.047799631016701725;0.047799631016701725;0.047799631016701725;0.0;0.047799631016701725;0.24553006275393716;0.047799631016701725;0.042064647228987374;0.01468324974140624;0.047799631016701725;0.24553006275393716;0.047799631016701725;0.047799631016701725;0.24991089615047335;0.11807622278079505;0.047799631016701725;0.047799631016701725;0.11807622278079505;0.042064647228987374;0.24991089615047335;0.12659489728285286;0.047799631016701725;0.047799631016701725;0.047799631016701725;0.042064647228987374;0.042064647228987374;0.047799631016701725;0.01468324974140624;0.01468324974140624;0.047799631016701725;0.042064647228987374;0.047799631016701725;0.01468324974140624;0.047799631016701725;0.047799631016701725;0.042064647228987374;0.047799631016701725;0.047799631016701725;0.042064647228987374;0.11807622278079505;0.047799631016701725;0.047799631016701725;0.047799631016701725;0.047799631016701725;0.01468324974140624;0.047799631016701725;0.047799631016701725;0.036692364793703955;0.047799631016701725;0.0;0.047799631016701725;0.41627623130594743;0.01468324974140624;0.047799631016701725;0.12659489728285286;0.0;0.047799631016701725;0.047799631016701725;0.01468324974140624;0.047799631016701725;0.047799631016701725;0.01468324974140624;0.01468324974140624;0.047799631016701725;0.047799631016701725;0.11807622278079505;0.047799631016701725;0.047799631016701725;0.047799631016701725;0.047799631016701725;0.047799631016701725;0.047799631016701725;0.11807622278079505;0.1912422969752877;0.047799631016701725;0.036692364793703955;0.047799631016701725;0.12659489728285286;0.047799631016701725;0.12659489728285286;0.11807622278079505;0.12659489728285286;0.12659489728285286;0.06927734236639929;0.01468324974140624;0.042064647228987374;0.047799631016701725;0.047799631016701725;0.047799631016701725;0.17988792517482602;0.24553006275393716;0.042064647228987374;0.12659489728285286;0.01468324974140624;0.12659489728285286;0.5625821915764114;0.12659489728285286;0.047799631016701725;0.047799631016701725;0.047799631016701725;0.047799631016701725;0.047799631016701725;0.01468324974140624;0.047799631016701725;0.047799631016701725;0.042064647228987374;0.12659489728285286;0.06927734236639929;0.047799631016701725;0.11807622278079505;0.042064647228987374;0.12659489728285286;0.1912422969752877;0.047799631016701725;0.30379685991921485;0.18032682375526765;0.047799631016701725;0.047799631016701725;0.036692364793703955;0.047799631016701725;0.047799631016701725;0.047799631016701725;0.18032682375526765;0.047799631016701725;0.047799631016701725;0.01468324974140624;0.01468324974140624;0.1912422969752877;0.047799631016701725;0.1912422969752877;0.047799631016701725;0.22480199536001946;0.047799631016701725;0.10587402764930422;0.24991089615047335;0.047799631016701725;0.042064647228987374;0.12659489728285286;0.036692364793703955;0.01468324974140624;0.047799631016701725;0.042064647228987374;0.1912422969752877;0.1912422969752877;0.047799631016701725;0.12659489728285286;0.047799631016701725;0.047799631016701725;0.047799631016701725;0.047799631016701725;0.047799631016701725;0.1912422969752877;0.01468324974140624
GO:1900015;0.042064647228987374;0.042064647228987374;0.042064647228987374;0.042064647228987374;0.042064647228987374;0.0;0.042064647228987374;0.042064647228987374;1.0;0.18922943134840794;0.18922943134840794;0.042064647228987374;0.1492331351584338;0.1492331351584338;0.1492331351584338;0.1492331351584338;0.042064647228987374;0.042064647228987374;0.042064647228987374;0.18922943134840794;0.0;0.31604190962270823;0.042064647228987374;0.3422028587648819;0.042064647228987374;0.0;0.042064647228987374;0.042064647228987374;0.18922943134840794;0.1492331351584338;0.0;0.0;0.1492331351584338;0.18922943134840794;0.0;0.38873827313952897;0.042064647228987374;0.042064647228987374;0.042064647228987374;0.042064647228987374;0.042064647228987374;0.042064647228987374;0.1492331351584338;0.042064647228987374;0.0;0.0;0.042064647228987374;0.38873827313952897;0.042064647228987374;0.0;0.042064647228987374;0.1492331351584338;0.18922943134840794;0.1492331351584338;0.1492331351584338;0.18922943134840794;0.0;0.042064647228987374;0.042064647228987374;0.042064647228987374;0.1492331351584338;0.0;0.18922943134840794;0.042064647228987374;0.036692364793703955;0.042064647228987374;0.0;0.042064647228987374;0.042064647228987374;0.0;0.18922943134840794;0.042064647228987374;0.0;0.31604190962270823;0.042064647228987374;0.0;0.042064647228987374;0.2611260707055071;0.0;0.0;0.1492331351584338;0.3422028587648819;0.0;0.1492331351584338;0.1492331351584338;0.18922943134840794;0.042064647228987374;0.042064647228987374;0.042064647228987374;0.0;0.0;0.042064647228987374;0.036692364793703955;0.18922943134840794;0.042064647228987374;0.1492331351584338;0.042064647228987374;0.0;0.042064647228987374;0.042064647228987374;0.0;0.0;0.18922943134840794;0.042064647228987374;0.1492331351584338;0.042064647228987374;0.0;0.042064647228987374;0.3422028587648819;0.042064647228987374;0.0;0.042064647228987374;0.042064647228987374;0.042064647228987374;0.31604190962270823;0.042064647228987374;0.31604190962270823;0.042064647228987374;0.1492331351584338;0.0;0.042064647228987374;0.1492331351584338;0.042064647228987374;0.042064647228987374;0.0;0.042064647228987374;0.0;0.042064647228987374;0.042064647228987374;0.0;0.18922943134840794;0.0;0.0;0.31604190962270823;0.18922943134840794;0.036692364793703955;0.042064647228987374;0.1492331351584338;0.042064647228987374;0.0;0.042064647228987374;0.18922943134840794;0.0;0.0;0.0;0.042064647228987374;0.0;0.042064647228987374;0.0;0.042064647228987374;0.0;0.0;0.3422028587648819;0.042064647228987374;0.042064647228987374;0.036692364793703955;0.0;0.1492331351584338;0.3422028587648819;0.0;0.0;0.042064647228987374;0.042064647228987374;0.2611260707055071;0.1492331351584338;0.1492331351584338;0.042064647228987374;0.042064647228987374;0.0;0.0
GO:0045648;0.30379685991921485;0.11511873865597294;0.12755981097713553;0.047799631016701725;0.30379685991921485;0.0;0.12755981097713553;0.047799631016701725;0.18922943134840794;1.0;0.5432265022520768;0.047799631016701725;0.047799631016701725;0.12755981097713553;0.2515269417723919;0.047799631016701725;0.047799631016701725;0.047799631016701725;0.12755981097713553;0.5432265022520768;0.0;0.28985679281760435;0.047799631016701725;0.24944431948534626;0.11511873865597294;0.0;0.047799631016701725;0.047799631016701725;0.2410224993701646;0.12755981097713553;0.0;0.0;0.047799631016701725;0.44927334416867676;0.0;0.28985679281760435;0.047799631016701725;0.047799631016701725;0.047799631016701725;0.28985679281760435;0.047799631016701725;0.11511873865597294;0.28985679281760435;0.12755981097713553;0.0;0.0;0.28985679281760435;0.042064647228987374;0.28985679281760435;0.0;0.12755981097713553;0.12755981097713553;0.20397374928165476;0.047799631016701725;0.047799631016701725;0.23094064297706635;0.0;0.12755981097713553;0.047799631016701725;0.047799631016701725;0.12755981097713553;0.0;0.30379685991921485;0.12755981097713553;0.16702085169111647;0.30379685991921485;0.0;0.12755981097713553;0.047799631016701725;0.0;0.5432265022520768;0.047799631016701725;0.0;0.28985679281760435;0.047799631016701725;0.0;0.12755981097713553;0.20397374928165476;0.0;0.0;0.12755981097713553;0.28985679281760435;0.0;0.28985679281760435;0.12755981097713553;0.39270824469682775;0.047799631016701725;0.047799631016701725;0.047799631016701725;0.0;0.0;0.12755981097713553;0.036692364793703955;0.2688665324497557;0.047799631016701725;0.047799631016701725;0.047799631016701725;0.0;0.047799631016701725;0.047799631016701725;0.0;0.0;0.23094064297706635;0.047799631016701725;0.047799631016701725;0.16702085169111647;0.0;0.047799631016701725;0.2515269417723919;0.047799631016701725;0.0;0.047799631016701725;0.047799631016701725;0.047799631016701725;0.28985679281760435;0.12755981097713553;0.28985679281760435;0.12755981097713553;0.047799631016701725;0.0;0.047799631016701725;0.047799631016701725;0.042064647228987374;0.047799631016701725;0.0;0.12755981097713553;0.0;0.28985679281760435;0.047799631016701725;0.0;0.2515269417723919;0.0;0.0;0.047799631016701725;0.39270824469682775;0.036692364793703955;0.047799631016701725;0.047799631016701725;0.047799631016701725;0.0;0.047799631016701725;0.4705829239211909;0.0;0.0;0.0;0.047799631016701725;0.0;0.047799631016701725;0.0;0.16702085169111647;0.0;0.0;0.18922943134840794;0.11511873865597294;0.047799631016701725;0.16702085169111647;0.0;0.047799631016701725;0.24944431948534626;0.0;0.0;0.047799631016701725;0.047799631016701725;0.12755981097713553;0.047799631016701725;0.12755981097713553;0.12755981097713553;0.16702085169111647;0.0;0.0
GO:0045645;0.30379685991921485;0.11511873865597294;0.12755981097713553;0.047799631016701725;0.30379685991921485;0.0;0.12755981097713553;0.047799631016701725;0.18922943134840794;0.5432265022520768;1.0;0.047799631016701725;0.047799631016701725;0.12755981097713553;0.2515269417723919;0.047799631016701725;0.047799631016701725;0.047799631016701725;0.12755981097713553;0.5998779231494608;0.0;0.28985679281760435;0.047799631016701725;0.24944431948534626;0.11511873865597294;0.0;0.047799631016701725;0.047799631016701725;0.2410224993701646;0.12755981097713553;0.0;0.0;0.047799631016701725;0.7230203735568398;0.0;0.28985679281760435;0.047799631016701725;0.047799631016701725;0.047799631016701725;0.28985679281760435;0.047799631016701725;0.11511873865597294;0.28985679281760435;0.12755981097713553;0.0;0.0;0.28985679281760435;0.042064647228987374;0.28985679281760435;0.0;0.12755981097713553;0.12755981097713553;0.20397374928165476;0.047799631016701725;0.047799631016701725;0.23094064297706635;0.0;0.12755981097713553;0.047799631016701725;0.047799631016701725;0.12755981097713553;0.0;0.3651908369439797;0.12755981097713553;0.036692364793703955;0.30379685991921485;0.0;0.12755981097713553;0.047799631016701725;0.0;0.5998779231494608;0.047799631016701725;0.0;0.28985679281760435;0.047799631016701725;0.0;0.12755981097713553;0.20397374928165476;0.0;0.0;0.12755981097713553;0.28985679281760435;0.0;0.28985679281760435;0.12755981097713553;0.4324399819200613;0.047799631016701725;0.047799631016701725;0.047799631016701725;0.0;0.0;0.12755981097713553;0.036692364793703955;0.2688665324497557;0.047799631016701725;0.047799631016701725;0.047799631016701725;0.0;0.047799631016701725;0.047799631016701725;0.0;0.0;0.23094064297706635;0.047799631016701725;0.047799631016701725;0.047799631016701725;0.0;0.047799631016701725;0.2515269417723919;0.047799631016701725;0.0;0.047799631016701725;0.047799631016701725;0.047799631016701725;0.28985679281760435;0.12755981097713553;0.28985679281760435;0.12755981097713553;0.047799631016701725;0.0;0.047799631016701725;0.047799631016701725;0.042064647228987374;0.047799631016701725;0.0;0.12755981097713553;0.0;0.28985679281760435;0.047799631016701725;0.0;0.2515269417723919;0.0;0.0;0.047799631016701725;0.4324399819200613;0.036692364793703955;0.047799631016701725;0.047799631016701725;0.047799631016701725;0.0;0.047799631016701725;0.495301547166383;0.0;0.0;0.0;0.047799631016701725;0.0;0.047799631016701725;0.0;0.11511873865597294;0.0;0.0;0.18922943134840794;0.11511873865597294;0.047799631016701725;0.036692364793703955;0.0;0.047799631016701725;0.24944431948534626;0.0;0.0;0.047799631016701725;0.047799631016701725;0.12755981097713553;0.047799631016701725;0.12755981097713553;0.12755981097713553;0.12755981097713553;0.0;0.0
GO:0007259;0.047799631016701725;0.042064647228987374;0.047799631016701725;0.24553006275393716;0.047799631016701725;0.01468324974140624;0.047799631016701725;0.24553006275393716;0.042064647228987374;0.047799631016701725;0.047799631016701725;1.0;0.047799631016701725;0.047799631016701725;0.042064647228987374;0.047799631016701725;0.047799631016701725;0.047799631016701725;0.047799631016701725;0.047799631016701725;0.0;0.047799631016701725;0.24553006275393716;0.047799631016701725;0.042064647228987374;0.01468324974140624;0.047799631016701725;0.24553006275393716;0.047799631016701725;0.047799631016701725;0.01468324974140624;0.0;0.047799631016701725;0.047799631016701725;0.0;0.042064647228987374;0.047799631016701725;0.12659489728285286;0.047799631016701725;0.047799631016701725;0.047799631016701725;0.042064647228987374;0.042064647228987374;0.047799631016701725;0.01468324974140624;0.01468324974140624;0.047799631016701725;0.042064647228987374;0.047799631016701725;0.01468324974140624;0.047799631016701725;0.047799631016701725;0.042064647228987374;0.047799631016701725;0.047799631016701725;0.042064647228987374;0.0;0.047799631016701725;0.047799631016701725;0.047799631016701725;0.047799631016701725;0.01468324974140624;0.047799631016701725;0.047799631016701725;0.036692364793703955;0.047799631016701725;0.0;0.047799631016701725;0.24553006275393716;0.01468324974140624;0.047799631016701725;0.12659489728285286;0.0;0.047799631016701725;0.047799631016701725;0.01468324974140624;0.047799631016701725;0.047799631016701725;0.01468324974140624;0.01468324974140624;0.047799631016701725;0.047799631016701725;0.0;0.047799631016701725;0.047799631016701725;0.047799631016701725;0.047799631016701725;0.047799631016701725;0.047799631016701725;0.0;0.01468324974140624;0.047799631016701725;0.036692364793703955;0.047799631016701725;0.12659489728285286;0.047799631016701725;0.12659489728285286;0.0;0.12659489728285286;0.12659489728285286;0.0;0.01468324974140624;0.042064647228987374;0.047799631016701725;0.047799631016701725;0.047799631016701725;0.0;0.24553006275393716;0.042064647228987374;0.12659489728285286;0.01468324974140624;0.12659489728285286;0.24553006275393716;0.12659489728285286;0.047799631016701725;0.047799631016701725;0.047799631016701725;0.047799631016701725;0.047799631016701725;0.01468324974140624;0.047799631016701725;0.047799631016701725;0.042064647228987374;0.12659489728285286;0.01468324974140624;0.047799631016701725;0.0;0.042064647228987374;0.12659489728285286;0.01468324974140624;0.047799631016701725;0.01468324974140624;0.01468324974140624;0.047799631016701725;0.047799631016701725;0.036692364793703955;0.047799631016701725;0.047799631016701725;0.047799631016701725;0.01468324974140624;0.047799631016701725;0.047799631016701725;0.01468324974140624;0.01468324974140624;0.01468324974140624;0.047799631016701725;0.01468324974140624;0.047799631016701725;0.01468324974140624;0.047799631016701725;0.01468324974140624;0.01468324974140624;0.047799631016701725;0.042064647228987374;0.12659489728285286;0.036692364793703955;0.01468324974140624;0.047799631016701725;0.042064647228987374;0.01468324974140624;0.01468324974140624;0.047799631016701725;0.12659489728285286;0.047799631016701725;0.047799631016701725;0.047799631016701725;0.047799631016701725;0.047799631016701725;0.01468324974140624;0.01468324974140624
GO:0000188;0.047799631016701725;0.042064647228987374;0.047799631016701725;0.047799631016701725;0.047799631016701725;0.0;0.23617816366413516;0.047799631016701725;0.1492331351584338;0.047799631016701725;0.047799631016701725;0.047799631016701725;1.0;0.4041161671437038;0.1492331351584338;0.361147619079207;0.20539045317781315;0.13839445927415203;0.10900961301269105;0.047799631016701725;0.0;0.1492331351584338;0.047799631016701725;0.047799631016701725;0.042064647228987374;0.0;0.13839445927415203;0.047799631016701725;0.047799631016701725;0.1786822519641151;0.0;0.0;0.274741083875601;0.13839445927415203;0.0;0.1492331351584338;0.13839445927415203;0.047799631016701725;0.13839445927415203;0.047799631016701725;0.047799631016701725;0.042064647228987374;0.1492331351584338;0.1890450431733396;0.0;0.0;0.047799631016701725;0.1492331351584338;0.047799631016701725;0.0;0.19885971868423638;0.2326756683755529;0.12804570306913615;0.4041161671437038;0.361147619079207;0.042064647228987374;0.0;0.23426849400579874;0.3142718761999674;0.13839445927415203;0.2326756683755529;0.0;0.047799631016701725;0.047799631016701725;0.036692364793703955;0.047799631016701725;0.0;0.10900961301269105;0.047799631016701725;0.0;0.047799631016701725;0.047799631016701725;0.0;0.1492331351584338;0.13839445927415203;0.0;0.10577604256148812;0.250245473135147;0.0;0.0;0.3256627918320604;0.1492331351584338;0.0;0.1786822519641151;0.1786822519641151;0.1492331351584338;0.047799631016701725;0.13839445927415203;0.13839445927415203;0.0;0.0;0.20819522445199756;0.20819522445199756;0.047799631016701725;0.047799631016701725;0.1786822519641151;0.047799631016701725;0.0;0.047799631016701725;0.047799631016701725;0.0;0.0;0.12804570306913615;0.2919513389081199;0.2326756683755529;0.13839445927415203;0.0;0.047799631016701725;0.250245473135147;0.047799631016701725;0.0;0.047799631016701725;0.047799631016701725;0.047799631016701725;0.1492331351584338;0.047799631016701725;0.1492331351584338;0.3058539590628844;0.2326756683755529;0.0;0.2828001955049257;0.361147619079207;0.19681204097214483;0.047799631016701725;0.0;0.31680997400557953;0.0;0.042064647228987374;0.047799631016701725;0.0;0.250245473135147;0.0;0.0;0.274741083875601;0.250245473135147;0.20819522445199756;0.20539045317781315;0.274741083875601;0.4340444084350962;0.0;0.20539045317781315;0.047799631016701725;0.0;0.0;0.0;0.3142718761999674;0.0;0.13839445927415203;0.0;0.20539045317781315;0.0;0.0;0.047799631016701725;0.042064647228987374;0.047799631016701725;0.036692364793703955;0.0;0.274741083875601;0.042064647228987374;0.0;0.0;0.13839445927415203;0.047799631016701725;0.3256627918320604;0.4815520067406112;0.3256627918320604;0.047799631016701725;0.047799631016701725;0.0;0.0
