;GO:0061178;GO:0006361;GO:0006283;GO:1903206;GO:0008543;GO:0006363;GO:0006367;GO:0006368;GO:0060964;GO:0000461;GO:0032526;GO:0001942;GO:0000184;GO:0045892;GO:0070200;GO:0032201;GO:0071897;GO:0032202;GO:0090305;GO:0045815;GO:0044804;GO:0007186;GO:0006370;GO:0061087;GO:0007223;GO:0043433;GO:0000028;GO:0006897;GO:0000422;GO:0006412;GO:0000266;GO:0006407;GO:0051973;GO:0043161;GO:0071364;GO:0070317;GO:0051974;GO:0046718;GO:0006383;GO:0060383;GO:0090398;GO:0042795;GO:0006342;GO:0045944;GO:0006269;GO:0000398;GO:0000122;GO:0000045;GO:0051984;GO:0016070;GO:0006614;GO:0032508;GO:0000082;GO:0060070;GO:0060071;GO:2000011;GO:0016233;GO:1905776;GO:0006351;GO:0000209;GO:0008053;GO:0000724;GO:0006310;GO:0006355;GO:0007004;GO:0000722;GO:0006198;GO:0000447;GO:0090084;GO:0061820;GO:0006356;GO:0006357;GO:0090090;GO:0006626;GO:0006349;GO:1990830;GO:0006749;GO:0070374;GO:2000344;GO:0032212;GO:0032211;GO:0071305;GO:0070734
GO:0061178;1.0;0.0;0.0;0.23056453213924588;0.08371686689567924;0.0;0.0;0.0;0.0807393629114711;0.0;0.0;0.0;0.07644889530540654;0.11056852620420508;0.0;0.2612281351859352;0.0;0.0;0.0;0.07069643980595329;0.0;0.11160160890676254;0.0;0.06795182213172159;0.07775755050452782;0.08882323729168295;0.0;0.0;0.0;0.0;0.0;0.0;0.07812906171460839;0.0;0.0;0.07848376323675098;0.07057270191161669;0.0;0.0;0.06012042206437605;0.0;0.0;0.0834312507467751;0.11011720854870444;0.0;0.0;0.10592265466074309;0.0;0.0765215637114544;0.0;0.0;0.0;0.0;0.08494382562530264;0.08060673130475222;0.05290719387587252;0.2543819920672467;0.06012042206437605;0.0;0.0;0.0;0.0;0.0;0.12773107300989867;0.26220377421553664;0.25157790509842326;0.0;0.0;0.07108424943975558;0.24250835281973976;0.07756491695714439;0.12200336306787424;0.30777763070705844;0.0;0.06498969345954794;0.0;0.0;0.32613902584293214;0.06255558489930342;0.271699426009029;0.26021265589833503;0.0;0.0
GO:0006361;0.0;1.0;0.25001082287518683;0.0;0.024526652297013753;0.30289846771623874;0.8133134561607401;0.32563339395297375;0.0;0.2101182379914748;0.0;0.0;0.28624447327587;0.0;0.0;0.2261300816705769;0.31077003304495965;0.019529053387198653;0.28329933551562264;0.0;0.10323864999205157;0.03219988019983916;0.2575077768383264;0.0;0.022856015435949797;0.0;0.021844113748433133;0.0;0.10924072414583852;0.3175129584238792;0.02209050384407466;0.0;0.0;0.16184967444851603;0.023155586031973697;0.0;0.0;0.0;0.3084951347378877;0.0;0.022689173704861985;0.3237358819527907;0.024446833663443416;0.0;0.26472910528731236;0.307934501873929;0.0;0.02376596059175926;0.0;0.407986823915394;0.0;0.02383643374802551;0.025067783311751888;0.024869253236431885;0.02365613100925357;0.0;0.22044365112615624;0.0;0.46188900625816903;0.1583433952964081;0.02166081769932617;0.2540346852429375;0.27310891203946397;0.0;0.27185718162835776;0.21811098864203685;0.26272102522492796;0.23286892859316505;0.0;0.21055193247137327;0.0;0.0;0.0;0.0;0.20658264274497853;0.024799580381822794;0.20853017830581222;0.0;0.0;0.0;0.0;0.02097206752162638;0.1220785242579548
GO:0006283;0.0;0.25001082287518683;1.0;0.0;0.026385532768708257;0.24933984070474058;0.29157367472501844;0.2694648139328191;0.0;0.20243694038378182;0.21761914765810764;0.0;0.281554072251288;0.0;0.0;0.5051460153244375;0.5853344813389495;0.020689651021367564;0.30767038366377675;0.0;0.11020666639025896;0.03548162728668212;0.25130215702757586;0.0;0.024461993820790114;0.0;0.023306488201934546;0.0;0.117073238199379;0.2538865721245911;0.023587184142736667;0.0;0.0;0.21788629170486543;0.32307921826157854;0.0;0.0;0.0;0.2542744469219572;0.0;0.413095362703197;0.2677770403277616;0.026293179478893265;0.0;0.45205432337369605;0.3047063339562434;0.0;0.025507230101963606;0.0;0.4152033253226107;0.0;0.025588425972444442;0.027012845974040803;0.026782453476770707;0.025380759913906092;0.0;0.4916088605550907;0.0;0.3946597535896536;0.21276596646068946;0.02309794596497708;0.6642966164672437;0.6187671512285803;0.0;0.5070765242511469;0.4860689683109707;0.21596560008985818;0.22573940722457797;0.0;0.4681695542492376;0.0;0.0;0.0;0.0;0.22035207749558314;0.3477764109589531;0.22388106543884792;0.0;0.0;0.0;0.0;0.2906606821515869;0.16091323721477405
GO:1903206;0.23056453213924588;0.0;0.0;1.0;0.07610325158856145;0.0;0.0;0.0;0.07363471323483578;0.0;0.0;0.0;0.21082559030663706;0.28276706015694064;0.0;0.052681883593485024;0.0;0.0;0.0;0.06450394223649639;0.0;0.09846916749409612;0.0;0.06284830663696661;0.07114649461741367;0.21510714128088257;0.0;0.0;0.0;0.0;0.0;0.0;0.07145739224883689;0.0;0.0;0.2077496008854014;0.18843741777355508;0.0;0.0;0.056090591462583377;0.0;0.0;0.21965845853230206;0.09731174760910834;0.0;0.0;0.2722206993971036;0.0;0.07011034367544802;0.0;0.0;0.0;0.0;0.07711583769781888;0.07352438050185192;0.04936086100569289;0.05141172451355971;0.056090591462583377;0.0;0.0;0.0;0.0;0.0;0.11081600324978992;0.05286244870446749;0.05088990368409095;0.0;0.0;0.18969636596932127;0.04919579505644232;0.0709851905646393;0.10647910216506665;0.4140023037617409;0.0;0.05971932005430285;0.0;0.0;0.26015126876993433;0.05765773252029837;0.07114649461741367;0.19799364046776194;0.0;0.0
GO:0008543;0.08371686689567924;0.024526652297013753;0.026385532768708257;0.07610325158856145;1.0;0.024460313871913754;0.02864131026034981;0.02645123429480933;0.0834400389516012;0.01983002654283323;0.0;0.0;0.0792072895267845;0.11569673005611417;0.0;0.05916158282118935;0.027465928509169398;0.020827074288089328;0.03023773942821839;0.07304894986396762;0.02367479721038503;0.3094139697113847;0.024654331298441176;0.06985469323827521;0.3446491095413798;0.09210276998345439;0.023481019219191282;0.0;0.025161723587948322;0.029334839786449775;0.02376596059175926;0.0;0.0806552032145233;0.030511829442666557;0.025003256786636063;0.08103326812330294;0.0726274092519681;0.0;0.0249482518415595;0.06160516693876491;0.024460313871913754;0.02628417010639969;0.08631823201389675;0.1152026705721074;0.02116973712405622;0.02994365179937315;0.11061980454431833;0.02571642579767643;0.07894321335796155;0.04094403852508456;0.0;0.025798961128506784;0.027247580582115957;0.3776241052455825;0.3576993921295211;0.05421379955540991;0.0575644937945887;0.06160516693876491;0.038893067485860244;0.029787990109889844;0.02326935612641188;0.02684658547880244;0.029049239248283443;0.134624469196294;0.059389393428794686;0.05691109364210704;0.022908878776287125;0.02212876516863006;0.07316929192947007;0.054800694341765946;0.0800541281140144;0.12827721097687442;0.09050029423164056;0.0;0.0669724088441845;0.02693100042818388;0.025839341070215228;0.09610737178368955;0.06439046468648513;0.08025934039014344;0.07676176194500026;0.02247638661534593;0.02247638661534593
GO:0006363;0.0;0.30289846771623874;0.24933984070474058;0.0;0.024460313871913754;1.0;0.34932311191040344;0.3247574536200854;0.0;0.2096858159403324;0.0;0.0;0.28544255362383525;0.0;0.0;0.22558101967029717;0.3099046728251676;0.01948697196488797;0.28243808537157067;0.0;0.10298797825810069;0.03208563715201645;0.25685860525961013;0.0;0.022798395911577007;0.0;0.021791477374789987;0.0;0.10896009771669221;0.31657397391391584;0.022036674815599528;0.0;0.0;0.16135358808265213;0.023096448141110067;0.0;0.0;0.0;0.3077088591716322;0.0;0.02263239127412538;0.3228701067632754;0.024380925734277067;0.0;0.2641498919016057;0.3070066446470168;0.0;0.02370366808800655;0.0;0.40635965832210785;0.0;0.023773771751884165;0.024998489483297467;0.02480105114545191;0.023594412171996895;0.0;0.21992182428061433;0.0;0.4601286387213416;0.15786853880850554;0.021609059926712387;0.2533419605987976;0.27230841923186244;0.0;0.2711947337243021;0.21760013417181787;0.26210230354145553;0.23233791375259533;0.0;0.2100758350566144;0.0;0.0;0.0;0.0;0.20608688802417024;0.024731759379785487;0.207981196791704;0.0;0.0;0.0;0.0;0.020923545221878833;0.12179607567530197
GO:0006367;0.0;0.8133134561607401;0.29157367472501844;0.0;0.02864131026034981;0.34932311191040344;1.0;0.37991308612261254;0.0;0.23588613123903918;0.0;0.0;0.3362898041946314;0.0;0.0;0.25960058344131576;0.36471634444992707;0.022051499538322493;0.3378751201622;0.0;0.11851945381894576;0.03968467009319631;0.297310559839545;0.0;0.026388852516985917;0.0;0.025049125121553942;0.0;0.12649847074263565;0.37669837249142046;0.025373658104110977;0.0;0.0;0.1933366181771646;0.026788999817354567;0.0;0.0;0.0;0.35678797070959545;0.0;0.02616669811840442;0.37733276635173957;0.028532523395548376;0.0;0.29951874094364755;0.3666290847633644;0.0;0.02760934742454363;0.0;0.5178213386143011;0.0;0.027704502853945264;0.02938197572878932;0.02910960220029112;0.027461233317984602;0.0;0.2521340173826416;0.0;0.5792852777323053;0.18835437930312543;0.02480839246240189;0.2970613158336214;0.32348002674801624;0.0;0.31226137839474427;0.24908710856260463;0.3002676369063986;0.26494490388282627;0.0;0.23927680064349258;0.0;0.0;0.0;0.0;0.2367505528589967;0.029014190145039354;0.24242639954724243;0.0;0.0;0.0;0.0;0.023909086972007047;0.13917493117394664
GO:0006368;0.0;0.32563339395297375;0.2694648139328191;0.0;0.02645123429480933;0.3247574536200854;0.37991308612261254;1.0;0.0;0.222423977774409;0.0;0.0;0.3095773718325713;0.0;0.0;0.24192770612734413;0.33593594189865683;0.02073002640556365;0.30854025859539397;0.0;0.11045098286678148;0.03560053875648493;0.2762376850476349;0.0;0.024518454824779018;0.0;0.02335773552957652;0.0;0.11734898614057057;0.34496300514513994;0.02363967470695421;0.0;0.0;0.17639970348659656;0.024863517957157896;0.0;0.0;0.0;0.331199636545828;0.0;0.024326561744240027;0.3488304069037415;0.026358421311056025;0.0;0.28127566286344347;0.3351052745283989;0.0;0.02556862528887102;0.0;0.4570900820124343;0.0;0.025650213127248994;0.02708171280805311;0.02685014911833196;0.025441547064307;0.0;0.2354304200546085;0.0;0.5147191453392366;0.17224276549026893;0.023148279301736893;0.2741451158236346;0.2964916976195804;0.0;0.2909220806282134;0.23277171871897134;0.2804841850213773;0.2480802189110186;0.0;0.22418232754482545;0.0;0.0;0.0;0.0;0.2208344754770507;0.026768953121737025;0.22442250163697847;0.0;0.0;0.0;0.0;0.02236340122458177;0.13017748565181825
GO:0060964;0.0807393629114711;0.0;0.0;0.07363471323483578;0.0834400389516012;0.0;0.0;0.0;1.0;0.0;0.0;0.0;0.24572119461703132;0.3124563641942023;0.0;0.05721898523722473;0.0;0.0;0.0;0.2272903931976227;0.0;0.11111019569223574;0.0;0.14982828936163567;0.0775186751330593;0.2512217506244848;0.0;0.0;0.0;0.0;0.0;0.0;0.17219901691448572;0.0;0.0;0.07824041208232455;0.1555910009048165;0.0;0.0;0.13260172697808162;0.0;0.0;0.23602167071899263;0.3111865239971047;0.0;0.0;0.299382443998934;0.0;0.07629021072320871;0.0;0.0;0.0;0.0;0.08465883762079081;0.08035005843280983;0.05278143874665597;0.055723731175084695;0.05997752181033883;0.0;0.0;0.0;0.0;0.0;0.36071185656179255;0.05743205399216536;0.0551112286382703;0.0;0.0;0.07088456348727952;0.05312988145525101;0.21947704403666582;0.3446146643165489;0.0870307165388344;0.0;0.2089966354417389;0.0;0.0;0.20384947056815217;0.062379857200808124;0.17138270947908082;0.1641583991589412;0.0;0.0
GO:0000461;0.0;0.2101182379914748;0.20243694038378182;0.0;0.01983002654283323;0.2096858159403324;0.23588613123903918;0.222423977774409;0.0;1.0;0.0;0.0;0.22985212392808727;0.0;0.0;0.18649004748690726;0.20856393244520274;0.016430515760039975;0.6220029178239115;0.0;0.0851411744835849;0.024562408806052934;0.39557688088371984;0.0;0.018723519825233667;0.0;0.018038973739713547;0.0;0.08918220677499235;0.18611608727792558;0.01820667084357273;0.0;0.0;0.1275917662281803;0.018924080213231;0.0;0.0;0.0;0.2128533565980037;0.0;0.018611407797757263;0.48091349228689306;0.019777817580782155;0.0;0.1875091513909818;0.4568651600207296;0.0;0.01932980117066826;0.0;0.3022823292619805;0.0;0.019376394895878807;0.020182268837947173;0.020053382980335332;0.01925708380277638;0.0;0.1826053871693706;0.0;0.29218565208383157;0.12540267353652065;0.017913791370828668;0.20506706895389384;0.21731921316281858;0.0;0.18704017705181147;0.18100187074624952;0.16807394412287166;0.8567105694806305;0.0;0.17576529973617483;0.0;0.0;0.0;0.0;0.17071876224386234;0.02000805680365743;0.1694662148274575;0.0;0.0;0.0;0.0;0.017440114187681783;0.10151900382386826
GO:0032526;0.0;0.0;0.21761914765810764;0.0;0.0;0.0;0.0;0.0;0.0;0.0;1.0;0.0;0.0;0.0;0.0;0.0;0.0;0.0;0.0;0.0;0.0;0.0;0.0;0.0;0.0;0.0;0.0;0.0;0.0;0.0;0.0;0.0;0.0;0.0;0.3829370259020489;0.0;0.0;0.0;0.0;0.0;0.20136400096605997;0.0;0.0;0.0;0.0;0.0;0.0;0.0;0.0;0.0;0.0;0.0;0.0;0.0;0.0;0.0;0.0;0.0;0.0;0.0;0.0;0.22152096859447598;0.0;0.0;0.0;0.0;0.0;0.0;0.0;0.0;0.0;0.0;0.0;0.0;0.0;0.4132341360554719;0.0;0.0;0.0;0.0;0.0;0.506097522329563;0.0
GO:0001942;0.0;0.0;0.0;0.0;0.0;0.0;0.0;0.0;0.0;0.0;0.0;1.0;0.0;0.0;0.0;0.0;0.0;0.0;0.0;0.0;0.0;0.0;0.0;0.0;0.0;0.0;0.0;0.0;0.0;0.0;0.0;0.0;0.0;0.0;0.0;0.0;0.0;0.0;0.0;0.0;0.203621250483889;0.0;0.0;0.0;0.0;0.0;0.0;0.0;0.0;0.0;0.0;0.0;0.0;0.0;0.0;0.0;0.0;0.0;0.0;0.0;0.0;0.0;0.0;0.0;0.0;0.0;0.0;0.0;0.0;0.0;0.0;0.0;0.0;0.0;0.0;0.0;0.0;0.0;0.0;0.0;0.0;0.0;0.0
GO:0000184;0.07644889530540654;0.28624447327587;0.281554072251288;0.21082559030663706;0.0792072895267845;0.28544255362383525;0.3362898041946314;0.3095773718325713;0.24572119461703132;0.22985212392808727;0.0;0.0;1.0;0.6123440564719612;0.0;0.25162789458014834;0.29354793828506104;0.021458197157809184;0.3244936809678013;0.24440213515520054;0.4014471311003183;0.10829999316049461;0.5858277555119507;0.1592649470482216;0.07317764409575447;0.27229360868169955;0.024286344850750423;0.0;0.427589456644264;0.2673365475297539;0.024591293508476806;0.0;0.18478233880127193;0.6868623773873044;0.025918417750582685;0.22498058497482104;0.30876683950295236;0.0;0.29134454055270276;0.13994002430273808;0.025335465560713463;0.30754672851845893;0.4508046775494038;0.3441788645005985;0.245859411886491;0.7170600702825254;0.5841191636101496;0.02668554941429199;0.07193509386568013;0.48960622660425623;0.0;0.026774433397373395;0.02833798951667178;0.08045674293012817;0.07605242609596584;0.05570241043814931;0.24460670114204078;0.05570241043814931;0.46365551976618385;0.22421928728412163;0.02405998399925563;0.28666773303063053;0.3111937932541674;0.4058021320947091;0.2526304743616699;0.24173796910993;0.6238848192856958;0.25735658184526505;0.20243132575060244;0.23248726413693355;0.23539135178885007;0.3855420129913185;0.2523388763464284;0.0;0.2295739942592512;0.02799572334131712;0.2342746683330685;0.22172363534280037;0.0665012733867194;0.18384269572225778;0.32694900413913985;0.02321319372876718;0.167379453319356
GO:0045892;0.11056852620420508;0.0;0.0;0.28276706015694064;0.11569673005611417;0.0;0.0;0.0;0.3124563641942023;0.0;0.0;0.0;0.6123440564719612;1.0;0.0;0.07619701851818475;0.0;0.0;0.0;0.3103266310904596;0.0;0.17671882397224614;0.0;0.19979317551451659;0.10461619087708303;0.4162586823130936;0.0;0.0;0.0;0.0;0.0;0.0;0.3261508088847526;0.0;0.0;0.30671400255068326;0.5003770570563228;0.0;0.0;0.2262371116601873;0.0;0.0;0.6612516354780276;0.5730594812118888;0.0;0.0;0.9353838375615017;0.0;0.10239109608083008;0.0;0.0;0.0;0.0;0.11805332244536804;0.10983972539840982;0.0660103759958608;0.07356818740996182;0.0750100577023631;0.0;0.0;0.0;0.0;0.0;0.7315750276242474;0.0765753322770206;0.07250433437725591;0.0;0.0;0.26892841956632363;0.06911348570419949;0.34533436466106765;0.6766411420672525;0.3553030790208064;0.0;0.2771988041703005;0.0;0.0;0.30390482281457565;0.08174011559593791;0.3240642333734708;0.5370209626911302;0.0;0.0
GO:0070200;0.0;0.0;0.0;0.0;0.0;0.0;0.0;0.0;0.0;0.0;0.0;0.0;0.0;0.0;1.0;0.0;0.0;0.0;0.0;0.0;0.0;0.0;0.0;0.0;0.0;0.0;0.0;0.2400343554745412;0.0;0.0;0.0;0.24922213379645394;0.0;0.0;0.0;0.0;0.0;0.0;0.0;0.0;0.0;0.0;0.0;0.0;0.0;0.0;0.0;0.0;0.0;0.0;0.5664248248576492;0.0;0.0;0.0;0.0;0.0;0.0;0.0;0.0;0.0;0.0;0.0;0.0;0.0;0.0;0.0;0.0;0.0;0.0;0.0;0.0;0.0;0.0;0.528621818847532;0.0;0.0;0.0;0.0;0.0;0.0;0.0;0.0;0.0
GO:0032201;0.2612281351859352;0.2261300816705769;0.5051460153244375;0.052681883593485024;0.05916158282118935;0.22558101967029717;0.25960058344131576;0.24192770612734413;0.05721898523722473;0.18649004748690726;0.0;0.0;0.25162789458014834;0.07619701851818475;0.0;1.0;0.5234837392639754;0.6921463311879018;0.2722838351374634;0.0569543247214031;0.10000915286191321;0.07683554973820339;0.22718598335856513;0.04874945430867435;0.05526252012825203;0.062467689144355444;0.1788678345757167;0.0;0.3174431552805384;0.22545304533854238;0.30158924783399294;0.0;0.05550688745936112;0.1926273255745501;0.022394831149800485;0.05574003647685923;0.05050228043488589;0.0;0.22961242103778143;0.04345876494764459;0.02195827355615107;0.24056638888205467;0.19944200531082848;0.07591768350426575;0.4142540452541757;0.2699598181756226;0.07331033710074925;0.3236926702103293;0.05444828256082857;0.3532489046840772;0.0;0.6273745636881883;0.4906603439859868;0.059958893178017954;0.057132197109182825;0.04345876494764459;0.7631323624268649;0.04345876494764459;0.33826813251929044;0.18861442608831536;0.2959036564568736;0.5129916021710179;0.5500637995614047;0.08664914769439641;0.784913633676012;0.7553010661600812;0.1965662833098351;0.20608812051724099;0.05084337125677864;0.7298887367477485;0.05513574420327796;0.08319742669760508;0.06150544204662248;0.0;0.20019349714400203;0.023928997708171824;0.20147463679808525;0.06485539221361214;0.05084337125677864;0.25155078530130326;0.24167354579963318;0.020346083498723314;0.17194032870562334
GO:0071897;0.0;0.31077003304495965;0.5853344813389495;0.0;0.027465928509169398;0.3099046728251676;0.36471634444992707;0.33593594189865683;0.0;0.20856393244520274;0.0;0.0;0.29354793828506104;0.0;0.0;0.5234837392639754;1.0;0.021348120299372372;0.3220493083822894;0.0;0.11420736987648429;0.03746330164044384;0.2608135633535579;0.0;0.025387843266434406;0.0;0.02414543532572892;0.0;0.12159824576182407;0.37747589927742403;0.024446833663443416;0.0;0.0;0.22816489721543795;0.025757995831347764;0.0;0.0;0.0;0.3193300126326078;0.0;0.02518215750393461;0.3369727963034126;0.02736587162663368;0.0;0.4666841431083247;0.3188031975278159;0.0;0.02651552179249748;0.0;0.4418246140611997;0.0;0.026603274868742432;0.028146328432699257;0.027896284828438145;0.026378882121240906;0.0;0.5089600271548114;0.0;0.5063431852487834;0.22255630062179152;0.023921681448272825;0.5958946744415737;0.6465084479258003;0.0;0.8614294572726685;0.5030245373259659;0.2897062024746667;0.23338477255712936;0.0;0.48387916382902363;0.0;0.0;0.0;0.0;0.22824803341478028;0.02780864878070584;0.23277462434089796;0.0;0.0;0.0;0.0;0.023084428920734472;0.16645099067750171
GO:0032202;0.0;0.019529053387198653;0.020689651021367564;0.0;0.020827074288089328;0.01948697196488797;0.022051499538322493;0.02073002640556365;0.0;0.016430515760039975;0.0;0.0;0.021458197157809184;0.0;0.0;0.6921463311879018;0.021348120299372372;1.0;0.022985841799558756;0.0;0.01898513217417398;0.026110704625899706;0.01960991546369627;0.0;0.01960991546369627;0.0;0.2622739883050427;0.0;0.28090495581788183;0.02246032939203788;0.26841885278783834;0.0;0.0;0.023143883719681388;0.01983002654283323;0.0;0.0;0.0;0.019795412455474764;0.0;0.01948697196488797;0.02062727568362247;0.17551845227608096;0.0;0.017339728950274563;0.022815503174985544;0.0;0.2857875449067669;0.0;0.02868834082335065;0.0;0.5537218396662287;0.021215975677512273;0.02107359558167432;0.020195985138444682;0.0;0.6770822305168553;0.0;0.027666107247553737;0.022725019529155704;0.26390578982944973;0.02097206752162638;0.022292520168939445;0.0;0.6942819724281196;0.6708724223120761;0.018489420279622117;0.01797790430867298;0.0;0.6506271788702453;0.0;0.0;0.0;0.0;0.018793571078130667;0.021023545921079446;0.02035231342945171;0.0;0.0;0.0;0.0;0.018206670843572734;0.15386061743408339
GO:0090305;0.0;0.28329933551562264;0.30767038366377675;0.0;0.03023773942821839;0.28243808537157067;0.3378751201622;0.30854025859539397;0.0;0.6220029178239115;0.0;0.0;0.3244936809678013;0.0;0.0;0.2722838351374634;0.3220493083822894;0.022985841799558756;1.0;0.0;0.12430993411659674;0.042816836308827606;0.2849585820077512;0.0;0.027738142619642615;0.0;0.026261741811460113;0.0;0.13311662176677652;0.2953284341516015;0.02661868018552052;0.0;0.0;0.2059454776972691;0.028180599021552923;0.0;0.0;0.0;0.28878639489671054;0.0;0.02749279505132547;0.30632950945844606;0.03011651297390752;0.0;0.24043253628027608;0.3556368754388805;0.0;0.029089835303806592;0.0;0.5158715547064927;0.0;0.02919548885141447;0.03106446509252926;0.030760166327381783;0.028925458038623463;0.0;0.2640813876938165;0.0;0.4845344728697571;0.20030167848493016;0.025997260529622777;0.31378700990986474;0.343412766392913;0.0;0.27345815704373505;0.26074079488740615;0.24260583315558756;0.7020994078129954;0.0;0.25001082287518683;0.0;0.0;0.0;0.0;0.24815513923220756;0.030653647258243485;0.25549628651954925;0.0;0.0;0.0;0.0;0.025011409307382937;0.14559155575426055
GO:0045815;0.07069643980595329;0.0;0.0;0.06450394223649639;0.07304894986396762;0.0;0.0;0.0;0.2272903931976227;0.0;0.0;0.0;0.24440213515520054;0.3103266310904596;0.0;0.0569543247214031;0.0;0.0;0.0;1.0;0.0;0.09710660164073104;0.0;0.2516564320051512;0.06788992628188062;0.2498431406133223;0.0;0.0;0.0;0.0;0.0;0.0;0.2890494624087774;0.0;0.0;0.06851894674993587;0.15491135840517853;0.0;0.0;0.22282992558999387;0.0;0.0;0.7972998704768336;0.523601168020985;0.0;0.0;0.2974266506284504;0.0;0.1828646177326445;0.0;0.0;0.0;0.0;0.07411036529184921;0.07035725871585408;0.05258482115457967;0.055472691869146926;0.14390940332416668;0.0;0.0;0.0;0.0;0.0;0.35787648265823857;0.05716542334377344;0.054865665575565416;0.0;0.0;0.06210541267298426;0.052901621291111804;0.21842409727880885;0.3420257994577695;0.07617550405301492;0.0;0.7064243243318096;0.0;0.0;0.3418735771677363;0.16996450087178672;0.28768581673466664;0.16340203080532403;0.0;0.0
GO:0044804;0.0;0.10323864999205157;0.11020666639025896;0.0;0.02367479721038503;0.10298797825810069;0.11851945381894576;0.11045098286678148;0.0;0.0851411744835849;0.0;0.0;0.4014471311003183;0.0;0.0;0.10000915286191321;0.11420736987648429;0.01898513217417398;0.12430993411659674;0.0;1.0;0.030747420401147554;0.10372071705710943;0.0;0.022114502266200285;0.0;0.021165830755994933;0.0;0.689838372496251;0.12104429448360056;0.021397076072284558;0.0;0.0;0.4378492244597858;0.022394831149800485;0.0;0.0;0.0;0.10482849603300466;0.0;0.02195827355615107;0.1098294797320534;0.023600418376274874;0.0;0.09037695236855527;0.12324891484871976;0.0;0.022965263975006596;0.0;0.1612741646813822;0.0;0.023031061942055113;0.024178606006770725;0.023993858332679686;0.022862694272932867;0.0;0.0975710032825366;0.0;0.15443476196810613;0.12268628011894754;0.020993696203519773;0.11191832192352405;0.12000628692020357;0.0;0.10035586812798734;0.0965697255601204;0.3392663420109182;0.09408858469610484;0.0;0.09332060837077404;0.0;0.0;0.0;0.0;0.09887719071722091;0.023928997708171824;0.10817044068286422;0.0;0.0;0.0;0.0;0.020346083498723314;0.09542653704744664
GO:0007186;0.11160160890676254;0.03219988019983916;0.03548162728668212;0.09846916749409612;0.3094139697113847;0.03208563715201645;0.03968467009319631;0.03560053875648493;0.11111019569223574;0.024562408806052934;0.0;0.0;0.10829999316049461;0.17671882397224614;0.0;0.07683554973820339;0.03746330164044384;0.026110704625899706;0.042816836308827606;0.09710660164073104;0.030747420401147554;1.0;0.03242030442350502;0.0882546282108164;0.2795188517974066;0.12701869440864413;0.03042136706369352;0.0;0.033303417130949434;0.04102866784817077;0.030901365241713927;0.0;0.10622616794194419;0.043368487417589106;0.03302637170463176;0.10688293370490758;0.09272716282172395;0.0;0.032930470550061736;0.07548409011423858;0.03208563715201645;0.035298573567453584;0.11627287577556271;0.17556875035788871;0.026651538836689755;0.04222954490064669;0.16514205622317654;0.034282153654034905;0.10327640824444381;0.06799195050055812;0.0;0.03442898520610938;0.037058243170303484;0.31577924236964083;0.2936048899070289;0.06642753415705416;0.07416324739782794;0.07548409011423858;0.06251732355434028;0.04192060096411412;0.030067032820251936;0.03632041089913574;0.04047214351240847;0.22504831644550366;0.07722024661032982;0.07308224114702194;0.02946789130650132;0.02818958598734345;0.09361231063391284;0.0696384062543216;0.10518600330523371;0.2078553933661064;0.12399090096737393;0.0;0.08665486961863655;0.03647508760599905;0.034500936256394096;0.13476273094528224;0.08238073682472626;0.10554057284217162;0.09957442258726;0.028756141138988375;0.028756141138988375
GO:0006370;0.0;0.2575077768383264;0.25130215702757586;0.0;0.024654331298441176;0.25685860525961013;0.297310559839545;0.2762376850476349;0.0;0.39557688088371984;0.0;0.0;0.5858277555119507;0.0;0.0;0.22718598335856513;0.2608135633535579;0.01960991546369627;0.2849585820077512;0.0;0.10372071705710943;0.03242030442350502;1.0;0.0;0.022966853773047347;0.0;0.021945333341465364;0.0;0.10978061986386728;0.23565964940795153;0.022194025132937303;0.0;0.0;0.1628054827731968;0.02326935612641188;0.0;0.0;0.0;0.26162786257096676;0.0;0.022798395911577007;0.274619724313525;0.024573680840469257;0.0;0.22435480109387415;0.7036409147221415;0.0;0.0238858231549749;0.0;0.41113039926304623;0.0;0.023957010024898594;0.0252011737427843;0.02500053366913018;0.023774885523242514;0.0;0.22144699777281215;0.0;0.392675153335559;0.15925812229173666;0.021760341862993426;0.2553680321543354;0.2746506126899142;0.0;0.22800293507928074;0.21909316616032679;0.20364037668046042;0.23388968180421799;0.0;0.21146706836066886;0.0;0.0;0.0;0.0;0.20753595012060283;0.024930124332703325;0.20958655835912066;0.0;0.0;0.0;0.0;0.021065349530960804;0.12262151936454693
GO:0061087;0.06795182213172159;0.0;0.0;0.06284830663696661;0.06985469323827521;0.0;0.0;0.0;0.14982828936163567;0.0;0.0;0.0;0.1592649470482216;0.19979317551451659;0.0;0.04874945430867435;0.0;0.0;0.0;0.2516564320051512;0.0;0.0882546282108164;0.0;1.0;0.06565602934599338;0.16733436506401453;0.0;0.0;0.0;0.0;0.0;0.0;0.2505684850109583;0.0;0.0;0.06617303721314609;0.13787951032816764;0.0;0.0;0.2000168968895668;0.0;0.0;0.15885359326589135;0.3319227036008532;0.0;0.0;0.19308303921012124;0.0;0.17285458403489162;0.0;0.0;0.0;0.0;0.0707068951991919;0.06767585792175514;0.046307867842103195;0.04765987877387211;0.5294220426960187;0.0;0.0;0.0;0.0;0.0;0.22359781475046736;0.048904029456705654;0.04721110782524392;0.0;0.0;0.25959417313783634;0.04574956090136948;0.14941875240298508;0.21582044859546587;0.07235380881457197;0.0;0.13894862185308288;0.0;0.0;0.4408832508277238;0.14650980275311207;0.6605634740749572;0.5416827528821172;0.0;0.0
GO:0007223;0.07775755050452782;0.022856015435949797;0.024461993820790114;0.07114649461741367;0.3446491095413798;0.022798395911577007;0.026388852516985917;0.024518454824779018;0.0775186751330593;0.018723519825233667;0.0;0.0;0.07317764409575447;0.10461619087708303;0.0;0.05526252012825203;0.025387843266434406;0.01960991546369627;0.027738142619642615;0.06788992628188062;0.022114502266200285;0.2795188517974066;0.022966853773047347;0.06565602934599338;1.0;0.08494083880974164;0.021945333341465364;0.0;0.023406546306728965;0.026976468989865266;0.022194025132937303;0.0;0.0751093627406264;0.027968617726700437;0.02326935612641188;0.07543711809143692;0.06809962056088802;0.0;0.02322170824825576;0.05831628779160021;0.022798395911577007;0.024374846985172702;0.07999679209870393;0.10421206884339797;0.01991340556736081;0.02749046761730435;0.10044763673436881;0.0238858231549749;0.07362254108662455;0.03649133578456574;0.0;0.023957010024898594;0.0252011737427843;0.7076222161853216;0.87769104252176;0.05131951903144695;0.05386652376544884;0.05831628779160021;0.034853275020064134;0.027359210920770084;0.021760341862993426;0.024857770018668044;0.02673475496575092;0.1198532989906966;0.0554612419430508;0.05329395909864813;0.021444785313718844;0.020759707699946048;0.06857582296501505;0.051438926596539654;0.07458783824272058;0.11479632598581974;0.08357604468879942;0.0;0.0626103619213055;0.024930124332703325;0.023991825950992158;0.08833538072956382;0.06034811859641618;0.07476595135955702;0.07172169412910703;0.021065349530960804;0.021065349530960804
GO:0043433;0.08882323729168295;0.0;0.0;0.21510714128088257;0.09210276998345439;0.0;0.0;0.0;0.2512217506244848;0.0;0.0;0.0;0.27229360868169955;0.4162586823130936;0.0;0.062467689144355444;0.0;0.0;0.0;0.2498431406133223;0.0;0.12701869440864413;0.0;0.16733436506401453;0.08494083880974164;1.0;0.0;0.0;0.0;0.0;0.0;0.0;0.31315432643306496;0.0;0.0;0.22986302738238312;0.4522457182701468;0.0;0.0;0.1940144990553361;0.0;0.0;0.3038992960235811;0.4143284301845928;0.0;0.0;0.3964910824893241;0.0;0.08346810411724048;0.0;0.0;0.0;0.0;0.09359003190575957;0.08835230079798159;0.056608617115513946;0.0606897955468599;0.2359228151376298;0.0;0.0;0.0;0.0;0.0;0.4912946289929033;0.06272172716338949;0.05996396766704193;0.0;0.0;0.20637552527392775;0.057625731082981295;0.28056244234972816;0.46589357249652213;0.2584972067344718;0.0;0.22791402898408128;0.0;0.0;0.23466539711076145;0.06779699325527164;0.2631168997858086;0.25101261756871635;0.0;0.0
GO:0000028;0.0;0.021844113748433133;0.023306488201934546;0.0;0.023481019219191282;0.021791477374789987;0.025049125121553942;0.02335773552957652;0.0;0.018038973739713547;0.0;0.0;0.024286344850750423;0.0;0.0;0.1788678345757167;0.02414543532572892;0.2622739883050427;0.026261741811460113;0.0;0.021165830755994933;0.03042136706369352;0.021945333341465364;0.0;0.021945333341465364;0.0;1.0;0.0;0.18884491384016835;0.025577993234713308;0.17948334904808316;0.0;0.0;0.026468243829228168;0.02222136300885264;0.0;0.0;0.0;0.022177906355851287;0.0;0.021791477374789987;0.02322736667005061;0.19781466112670396;0.0;0.01914088350863035;0.026039625256548352;0.0;0.316821666892658;0.0;0.033978320985898376;0.0;0.19308042026852146;0.02397652811969861;0.023794844074858178;0.02268193162953708;0.0;0.17453856248211536;0.0;0.03255370129603765;0.0259218277425869;0.1761242920275873;0.02366548275715926;0.02536058982285684;0.0;0.17948334904808316;0.17276020404367276;0.020551542567957427;0.019921509271399407;0.0;0.1669876720694312;0.0;0.0;0.0;0.0;0.020928011150375257;0.023731053515626988;0.022879301819895864;0.0;0.0;0.0;0.0;0.02020280083632445;0.17072947807325356
GO:0006897;0.0;0.0;0.0;0.0;0.0;0.0;0.0;0.0;0.0;0.0;0.0;0.0;0.0;0.0;0.2400343554745412;0.0;0.0;0.0;0.0;0.0;0.0;0.0;0.0;0.0;0.0;0.0;0.0;1.0;0.0;0.0;0.0;0.2344147897354075;0.0;0.0;0.0;0.0;0.0;0.0;0.0;0.0;0.0;0.0;0.0;0.0;0.0;0.0;0.0;0.0;0.0;0.0;0.32399458141425974;0.0;0.0;0.0;0.0;0.0;0.0;0.0;0.0;0.0;0.0;0.0;0.0;0.0;0.0;0.0;0.0;0.0;0.0;0.0;0.0;0.0;0.0;0.2922890928468027;0.0;0.0;0.0;0.0;0.0;0.0;0.0;0.0;0.0
GO:0000422;0.0;0.10924072414583852;0.117073238199379;0.0;0.025161723587948322;0.10896009771669221;0.12649847074263565;0.11734898614057057;0.0;0.08918220677499235;0.0;0.0;0.427589456644264;0.0;0.0;0.3174431552805384;0.12159824576182407;0.28090495581788183;0.13311662176677652;0.0;0.689838372496251;0.033303417130949434;0.10978061986386728;0.0;0.023406546306728965;0.0;0.18884491384016835;0.0;1.0;0.129378842527949;0.6351914204204618;0.0;0.0;0.46913224973411516;0.02372082138745657;0.0;0.0;0.0;0.11102239952152537;0.0;0.023231601132823358;0.11664767579758313;0.21192640255027217;0.0;0.09494360391633648;0.13190067757026638;0.0;0.3433762702467108;0.0;0.1764159512938952;0.0;0.34442008732543633;0.025731566073898877;0.02552242669453684;0.024246378871424876;0.0;0.3092802473907152;0.0;0.16826443332398833;0.1312564857112312;0.6225545221055594;0.1190067034401547;0.12819366874997729;0.0;0.31860577308562693;0.30593444517244267;0.3577509589354114;0.09904832023751171;0.0;0.2951032566636593;0.0;0.0;0.0;0.0;0.10436935591298051;0.025449051360587605;0.11477801050772224;0.0;0.0;0.0;0.0;0.021434663373036258;0.18113968058203916
GO:0006412;0.0;0.3175129584238792;0.2538865721245911;0.0;0.029334839786449775;0.31657397391391584;0.37669837249142046;0.34496300514513994;0.0;0.18611608727792558;0.0;0.0;0.2673365475297539;0.0;0.0;0.22545304533854238;0.37747589927742403;0.02246032939203788;0.2953284341516015;0.0;0.12104429448360056;0.04102866784817077;0.23565964940795153;0.0;0.026976468989865266;0.0;0.025577993234713308;0.0;0.129378842527949;1.0;0.02591646735369888;0.0;0.0;0.3415155996813264;0.027394776587145342;0.0;0.0;0.0;0.33957280145142926;0.0;0.026744354257450417;0.3595934039698739;0.029220731233702384;0.0;0.27058711357031295;0.2921207600891853;0.0;0.02825323899233401;0.0;0.4173374291103387;0.0;0.02835289252184551;0.030112295765522684;0.02982627959807853;0.028098155242229663;0.0;0.21883453856483123;0.0;0.559201189898499;0.3840940501624807;0.025327038893549238;0.258781754944332;0.28241027016633025;0.0;0.3220243950402948;0.21613602852702143;0.2862402029675003;0.2094975608643632;0.0;0.20745663210028148;0.0;0.0;0.0;0.0;0.22237184344722147;0.02972611970906351;0.7638325601052582;0.0;0.0;0.0;0.0;0.024390448221744538;0.2817877690470163
GO:0000266;0.0;0.02209050384407466;0.023587184142736667;0.0;0.02376596059175926;0.022036674815599528;0.025373658104110977;0.02363967470695421;0.0;0.01820667084357273;0.0;0.0;0.024591293508476806;0.0;0.0;0.30158924783399294;0.024446833663443416;0.26841885278783834;0.02661868018552052;0.0;0.021397076072284558;0.030901365241713927;0.022194025132937303;0.0;0.022194025132937303;0.0;0.17948334904808316;0.0;0.6351914204204618;0.02591646735369888;1.0;0.0;0.0;0.026830856401010322;0.022476386615345928;0.0;0.0;0.0;0.022431927775403124;0.0;0.022036674815599528;0.023506148618294156;0.2002075648464326;0.0;0.01932980117066826;0.026390511001347268;0.0;0.3249016027873212;0.0;0.034578233487841135;0.0;0.3258359677040247;0.024273698447793368;0.024087500317151744;0.02294769944426121;0.0;0.2942118573616228;0.0;0.0331039556156619;0.026269524813877572;0.5919446170672285;0.023954946227021073;0.02569329716516224;0.0;0.3026384454939167;0.2911825370201185;0.020769490860343062;0.020126232879360377;0.0;0.28135392834207856;0.0;0.0;0.0;0.0;0.021154061359467343;0.024022133124990276;0.023149742568041698;0.0;0.0;0.0;0.0;0.020413377208106327;0.1725090132149473
GO:0006407;0.0;0.0;0.0;0.0;0.0;0.0;0.0;0.0;0.0;0.0;0.0;0.0;0.0;0.0;0.24922213379645394;0.0;0.0;0.0;0.0;0.0;0.0;0.0;0.0;0.0;0.0;0.0;0.0;0.2344147897354075;0.0;0.0;0.0;1.0;0.0;0.0;0.0;0.0;0.0;0.0;0.0;0.0;0.0;0.0;0.0;0.0;0.0;0.0;0.0;0.0;0.0;0.0;0.3522415806549804;0.0;0.0;0.0;0.0;0.0;0.0;0.0;0.0;0.0;0.0;0.0;0.0;0.0;0.0;0.0;0.0;0.0;0.0;0.0;0.0;0.0;0.0;0.32953747427422525;0.0;0.0;0.0;0.0;0.0;0.0;0.0;0.0;0.0
GO:0051973;0.07812906171460839;0.0;0.0;0.07145739224883689;0.0806552032145233;0.0;0.0;0.0;0.17219901691448572;0.0;0.0;0.0;0.18478233880127193;0.3261508088847526;0.0;0.05550688745936112;0.0;0.0;0.0;0.2890494624087774;0.0;0.10622616794194419;0.0;0.2505684850109583;0.0751093627406264;0.31315432643306496;0.0;0.0;0.0;0.0;0.0;0.0;1.0;0.0;0.0;0.07578673710350312;0.8672676737811139;0.0;0.0;0.5577818931303358;0.0;0.0;0.2490201935315163;0.5223540243212105;0.0;0.0;0.313074626967035;0.0;0.1973603169079323;0.0;0.0;0.0;0.0;0.08179344908587834;0.07776446589311098;0.05150319009614524;0.05409867508856425;0.3162967159701268;0.0;0.0;0.0;0.0;0.0;0.37400466438812385;0.055707373818147096;0.053521191018683335;0.0;0.0;0.06886461412120384;0.05165058363502477;0.23210563247273594;0.3581127135167214;0.0840053889913026;0.0;0.15798207947819218;0.0;0.0;0.33759164788180157;0.16585080987117443;0.9029362977550546;0.7941644845835142;0.0;0.0
GO:0043161;0.0;0.16184967444851603;0.21788629170486543;0.0;0.030511829442666557;0.16135358808265213;0.1933366181771646;0.17639970348659656;0.0;0.1275917662281803;0.0;0.0;0.6868623773873044;0.0;0.0;0.1926273255745501;0.22816489721543795;0.023143883719681388;0.2059454776972691;0.0;0.4378492244597858;0.043368487417589106;0.1628054827731968;0.0;0.027968617726700437;0.0;0.026468243829228168;0.0;0.46913224973411516;0.3415155996813264;0.026830856401010322;0.0;0.0;1.0;0.028418517008692225;0.0;0.0;0.0;0.20440038813968084;0.0;0.027719194384884363;0.21692822314353002;0.030388399798675032;0.0;0.16993634180202552;0.20360574131523812;0.0;0.029343422707833522;0.0;0.29673098031935413;0.0;0.02945092973427547;0.03135381941738623;0.03104385366569181;0.029176175308559302;0.0;0.18677984452011792;0.0;0.34491801443561954;0.3476727103473488;0.026199608115459412;0.22225763589363;0.24345225729089867;0.0;0.19346472221639271;0.18439915470816007;0.5547748570931775;0.14414286772055104;0.0;0.17675552173607148;0.0;0.0;0.0;0.0;0.13539072854493328;0.030935364245276983;0.24858421062458455;0.0;0.0;0.0;0.0;0.02519864602315159;0.25199897151995426
GO:0071364;0.0;0.023155586031973697;0.32307921826157854;0.0;0.025003256786636063;0.023096448141110067;0.026788999817354567;0.024863517957157896;0.0;0.018924080213231;0.3829370259020489;0.0;0.025918417750582685;0.0;0.0;0.022394831149800485;0.025757995831347764;0.01983002654283323;0.028180599021552923;0.0;0.022394831149800485;0.03302637170463176;0.02326935612641188;0.0;0.02326935612641188;0.0;0.02222136300885264;0.0;0.02372082138745657;0.027394776587145342;0.022476386615345928;0.0;0.0;0.028418517008692225;1.0;0.0;0.0;0.0;0.02353100656421573;0.0;0.30082017756741347;0.024715851684930373;0.024920311170240236;0.0;0.02014042183934945;0.02792499598353303;0.0;0.024213190317556237;0.0;0.037260974409823074;0.0;0.024286344850750423;0.025565863972430044;0.025359398679846063;0.024099198191855575;0.0;0.02182212351854227;0.0;0.035554703739050245;0.027789567293179114;0.022031708705166797;0.3283809886846977;0.02714554284897731;0.0;0.022476386615345928;0.02158733483293802;0.021708291142540363;0.021006549578978136;0.0;0.020827074288089328;0.0;0.0;0.0;0.0;0.02212876516863006;0.46220321211469195;0.0243221252937934;0.0;0.0;0.0;0.0;0.38968581097760163;0.021319557844277772
GO:0070317;0.07848376323675098;0.0;0.0;0.2077496008854014;0.08103326812330294;0.0;0.0;0.0;0.07824041208232455;0.0;0.0;0.0;0.22498058497482104;0.30671400255068326;0.0;0.05574003647685923;0.0;0.0;0.0;0.06851894674993587;0.0;0.10688293370490758;0.0;0.06617303721314609;0.07543711809143692;0.22986302738238312;0.0;0.0;0.0;0.0;0.0;0.0;0.07578673710350312;0.0;0.0;1.0;0.19877996225701744;0.0;0.0;0.05872380459802082;0.0;0.0;0.23384107573479074;0.10552063865666818;0.0;0.0;0.29434477455182806;0.0;0.07427324689229522;0.0;0.0;0.0;0.0;0.08218228588863469;0.07811585720617979;0.05167814210734427;0.05432012056866398;0.05872380459802082;0.0;0.0;0.0;0.0;0.0;0.1215874228543444;0.05594221367068013;0.053737924558738465;0.0;0.0;0.20018141371624423;0.05185240335069931;0.07525579669050203;0.11638623056586482;0.24440879920874561;0.0;0.06314496779019174;0.0;0.0;0.08927380711413195;0.06084463636721979;0.07543711809143692;0.2094436566908299;0.0;0.0
GO:0051974;0.07057270191161669;0.0;0.0;0.18843741777355508;0.0726274092519681;0.0;0.0;0.0;0.1555910009048165;0.0;0.0;0.0;0.30876683950295236;0.5003770570563228;0.0;0.05050228043488589;0.0;0.0;0.0;0.15491135840517853;0.0;0.09272716282172395;0.0;0.13787951032816764;0.06809962056088802;0.4522457182701468;0.0;0.0;0.0;0.0;0.0;0.0;0.8672676737811139;0.0;0.0;0.19877996225701744;1.0;0.0;0.0;0.44451328134422236;0.0;0.0;0.39378716808892567;0.28405468060455835;0.0;0.0;0.4827563513382891;0.0;0.06714972393178878;0.0;0.0;0.0;0.0;0.07354905241578082;0.07027508608932823;0.04767906224485228;0.04933388209357355;0.2359832714557332;0.0;0.0;0.0;0.0;0.0;0.32090575494133355;0.05066819008535824;0.04885319126026569;0.0;0.0;0.1821897351066442;0.047289889281872693;0.21049089018467232;0.30913495243797884;0.2181110524519797;0.0;0.14389100576628758;0.0;0.0;0.1805693911509183;0.0553761109815977;0.7507504735268162;0.8650714498038539;0.0;0.0
GO:0046718;0.0;0.0;0.0;0.0;0.0;0.0;0.0;0.0;0.0;0.0;0.0;0.0;0.0;0.0;0.0;0.0;0.0;0.0;0.0;0.0;0.0;0.0;0.0;0.0;0.0;0.0;0.0;0.0;0.0;0.0;0.0;0.0;0.0;0.0;0.0;0.0;0.0;1.0;0.0;0.0;0.0;0.0;0.0;0.0;0.0;0.0;0.0;0.0;0.0;0.0;0.0;0.0;0.0;0.0;0.0;0.0;0.0;0.0;0.0;0.0;0.0;0.0;0.0;0.0;0.0;0.0;0.0;0.0;0.0;0.0;0.0;0.0;0.0;0.0;0.0;0.0;0.0;0.0;0.0;0.0;0.0;0.0;0.0
