;GO:0008584;GO:1901385;GO:0035162;GO:1902036;GO:0007097;GO:0006366;GO:0045648;GO:0006887;GO:0030502;GO:0000187;GO:0045893;GO:0001701;GO:0030220;GO:0033137;GO:0034622;GO:0071733;GO:0055003;GO:0030222;GO:0030221;GO:2000678;GO:0050714;GO:0033138;GO:0033690;GO:0006094;GO:0030183;GO:0002092;GO:2000251;GO:0045652;GO:0009725;GO:0006930;GO:0060314;GO:0038180;GO:0030219;GO:0030218;GO:0046597;GO:0010628;GO:0043043;GO:0055014;GO:0050804;GO:0055015;GO:0010469;GO:0018149;GO:1902083;GO:0034613;GO:0030335;GO:0008360;GO:0046716;GO:0090630;GO:0008285;GO:0008284;GO:0048812;GO:0006783;GO:0042551;GO:0045664;GO:0006782;GO:0045944;GO:1903507;GO:0048935;GO:0043249;GO:0043524;GO:0000122;GO:0097067;GO:0000165;GO:0010559;GO:0000281;GO:0097028;GO:0001649;GO:0030521;GO:0050731;GO:0032148;GO:2000651;GO:0050732;GO:0050930;GO:0030049;GO:2001240;GO:0006351;GO:1901653;GO:0007169;GO:0048821;GO:0061621;GO:0043456;GO:0006357;GO:0048747;GO:0007517;GO:0002027;GO:0018160;GO:0014809;GO:0010725;GO:0010724;GO:0048873;GO:0043066;GO:0045087;GO:0010881
GO:0008584;1.0;0.0;0.538578968559149;0.0;0.0;0.0;0.0;0.0;0.0;0.0;0.0;0.40458844750278516;0.29732059170123243;0.0;0.0;0.0;0.20237263725955262;0.3424785470916775;0.27201189729037356;0.0;0.0;0.0;0.0;0.0;0.236836299270241;0.0;0.0;0.0;0.0;0.0;0.0;0.0;0.3133874629630695;0.31308218150809264;0.0;0.0;0.0;0.3590252558634252;0.0;0.3588857381125788;0.0;0.0;0.0;0.0;0.0;0.0;0.0;0.0;0.0;0.0;0.23366299218366765;0.0;0.2995970829234594;0.0;0.0;0.0;0.0;0.41012821393740523;0.2996529221558269;0.0;0.0;0.0;0.0;0.0;0.0;0.31297207302005714;0.32982365614309367;0.0;0.0;0.0;0.0;0.0;0.0;0.0;0.0;0.0;0.0;0.0;0.4103806186023342;0.0;0.0;0.0;0.3911446262603583;0.598567720894727;0.0;0.0;0.0;0.0;0.0;0.0;0.0;0.0;0.0
GO:1901385;0.0;1.0;0.0;0.27240160290567067;0.0;0.0;0.21564636546121513;0.0;0.26196607631099017;0.14463748134214477;0.16143626294557356;0.0;0.0;0.17525908239639432;0.0;0.13493500249551083;0.0;0.0;0.0;0.2799767557237965;0.30398352956511804;0.17412392565247517;0.29486425373500946;0.0;0.0;0.29106044114440444;0.2503235980664486;0.27936076097304424;0.0;0.0;0.727089975302305;0.2990217583466697;0.0;0.0;0.2792259488418737;0.29190245065111764;0.0;0.0;0.31487090846770277;0.0;0.35810486928133517;0.0;0.20486888196928477;0.0;0.31176195032200965;0.2956734308024524;0.21746601243324368;0.2683377021469268;0.312771951206065;0.3120940890635745;0.0;0.0;0.0;0.27866247599623817;0.0;0.15606429827598745;0.1782655579579014;0.0;0.0;0.24988339876030471;0.15421316880353458;0.0;0.18405112514585933;0.24066451123830876;0.0;0.0;0.0;0.28344633379084366;0.17405857142381184;0.18057510429341428;0.6228554777836137;0.1752033106856929;0.2617682020566989;0.0;0.19394637237259763;0.0;0.0;0.2978857810480868;0.0;0.0;0.19749122308573142;0.21453093685738225;0.0;0.0;0.31152763143728335;0.0;0.49941501481077155;0.25766291718389667;0.2641785656219045;0.22342871250979676;0.276726909283102;0.0;0.482400524443095
GO:0035162;0.538578968559149;0.0;1.0;0.0;0.0;0.0;0.0;0.0;0.0;0.0;0.0;0.42831835455430023;0.3150616244336393;0.0;0.0;0.0;0.21043820186797282;0.35933021872275883;0.28678611237864937;0.0;0.0;0.0;0.0;0.0;0.2479583642987434;0.0;0.0;0.0;0.0;0.0;0.0;0.0;0.33316147506892585;0.33281647431438455;0.0;0.0;0.0;0.3775887587784312;0.0;0.3774344435264292;0.0;0.0;0.0;0.0;0.0;0.0;0.0;0.0;0.0;0.0;0.24448220304373014;0.0;0.31761906459800526;0.0;0.0;0.0;0.0;0.4345320045190474;0.3176818245022571;0.0;0.0;0.0;0.0;0.0;0.0;0.3326920503311442;0.35179895270613337;0.0;0.0;0.0;0.0;0.0;0.0;0.0;0.0;0.0;0.0;0.0;0.43481535080595407;0.0;0.0;0.0;0.4132805800880709;0.6404221075465912;0.0;0.0;0.0;0.0;0.0;0.0;0.0;0.0;0.0
GO:1902036;0.0;0.27240160290567067;0.0;1.0;0.0;0.0;0.627464128922604;0.0;0.5010363632993622;0.1652566008338135;0.23139514010415319;0.0;0.0;0.2532006941997912;0.0;0.1905347710983175;0.0;0.0;0.0;0.2510013672123336;0.31351057571550617;0.2513969508481794;0.4573890296415392;0.0;0.0;0.2986017275615185;0.37792704652207926;0.8444603927478613;0.0;0.0;0.2633419402626958;0.46502926694323515;0.0;0.0;0.3268044599362527;0.34430439543711844;0.0;0.0;0.49451871647031326;0.0;0.4530437037905447;0.0;0.30109453902124383;0.0;0.3873171807771352;0.5349624715096721;0.2610806258475885;0.23865390213802;0.49057987307420015;0.4893100159364461;0.0;0.0;0.0;0.7092359894940983;0.0;0.22301316776437127;0.2579893021992156;0.0;0.0;0.3771628939402259;0.22013664630756427;0.0;0.2672510761600179;0.3612517651518863;0.0;0.0;0.0;0.4366062921253014;0.2512931756612296;0.20973800973414522;0.21425922841583017;0.25311201908091047;0.30314251958362587;0.0;0.2832358771457576;0.0;0.0;0.4629377903723252;0.0;0.0;0.2890069700525567;0.31708322272038214;0.0;0.0;0.45408977605257056;0.0;0.3003789786305762;0.7686924963704229;0.7912359712699177;0.26972242753113274;0.42451085338936695;0.0;0.2891394140037722
GO:0007097;0.0;0.0;0.0;0.0;1.0;0.0;0.0;0.4499788874711733;0.0;0.0;0.0;0.0;0.0;0.0;0.0;0.0;0.0;0.0;0.0;0.0;0.0;0.0;0.0;0.0;0.0;0.0;0.0;0.0;0.0;0.0;0.0;0.0;0.0;0.0;0.0;0.0;0.0;0.0;0.0;0.0;0.0;0.0;0.0;0.3917517798801737;0.0;0.0;0.0;0.0;0.0;0.0;0.0;0.0;0.0;0.0;0.0;0.0;0.0;0.0;0.0;0.0;0.0;0.0;0.0;0.0;0.0;0.0;0.0;0.0;0.0;0.0;0.0;0.0;0.0;0.0;0.0;0.0;0.0;0.0;0.0;0.0;0.0;0.0;0.0;0.0;0.0;0.0;0.0;0.0;0.0;0.0;0.0;0.0;0.0
GO:0006366;0.0;0.0;0.0;0.0;0.0;1.0;0.0;0.14460336202659307;0.0;0.0;0.0;0.0;0.14880867681333743;0.0;0.1476569458207262;0.07735390718394129;0.12419960855349481;0.13718131324582625;0.1431825058687675;0.0;0.0;0.0;0.0;0.3052981228738237;0.13432158331605631;0.0;0.0;0.0;0.0;0.14229468649496332;0.0;0.14070658139725672;0.15210193326905772;0.1520412184948143;0.0;0.0;0.5166240911324766;0.14020183727010527;0.0;0.1401770025583979;0.0;0.4555007662004659;0.0;0.0;0.0;0.0;0.1473266660257579;0.0;0.0;0.0;0.13345424218250168;0.6210421813145124;0.14928774095891645;0.0;0.6382774445386925;0.0;0.0;0.14864253985949746;0.1492994387407896;0.0;0.0;0.13143345961957556;0.3761758250933158;0.0;0.15338323913786517;0.15201930282265252;0.15527077186271604;0.13568506498991192;0.0;0.0;0.0;0.0;0.0;0.1502836743928395;0.0;0.9862906524359573;0.12192119924241682;0.14034612387661924;0.14868121843763993;0.310864469412465;0.0;0.0;0.14565259617684548;0.0;0.0;0.4341524153665899;0.09639477236078485;0.0;0.0;0.0;0.0;0.0;0.09382571973938074
GO:0045648;0.0;0.21564636546121513;0.0;0.627464128922604;0.0;0.0;1.0;0.0;0.3874559609317834;0.20221325509622712;0.27136518574828544;0.0;0.0;0.21342657850781166;0.0;0.22934023598844466;0.0;0.0;0.0;0.18492739947163248;0.34960995220613456;0.29115943730559074;0.46964583640803975;0.0;0.0;0.33597995568670025;0.4058108433746123;0.6900675571402906;0.0;0.0;0.2586728338614905;0.3464501567774784;0.0;0.0;0.2483790112625642;0.3223420761725075;0.0;0.0;0.3625573986531191;0.0;0.3397537310550368;0.0;0.24647346991288552;0.0;0.41365705759662774;0.4591259664302457;0.25390125250525486;0.17813710163268953;0.3604357139604088;0.4937436395454075;0.0;0.0;0.0;0.5393414784254535;0.0;0.2629213368209611;0.21681883121653117;0.0;0.0;0.29521253030236333;0.18944241839466475;0.0;0.22332317996776074;0.2853744157213424;0.0;0.0;0.0;0.330424625985826;0.2910580082789352;0.24936351852748426;0.22147315484969418;0.21336357091432473;0.2925357247913585;0.0;0.23437635656624356;0.0;0.0;0.3452879797004188;0.0;0.0;0.23831426232047725;0.2570851395626868;0.0;0.0;0.39606119850557614;0.0;0.28990897502646473;0.7381354825898822;0.7548384702130645;0.2599738621225174;0.32344997678637405;0.0;0.2807327409253031
GO:0006887;0.0;0.0;0.0;0.0;0.4499788874711733;0.14460336202659307;0.0;1.0;0.0;0.0;0.0;0.0;0.3339980341301214;0.0;0.328251323697847;0.10867691061159536;0.23118465984136422;0.2806140106593801;0.3069287832003538;0.0;0.0;0.0;0.0;0.0;0.268903132189672;0.0;0.0;0.0;0.0;0.3028778865826993;0.0;0.2957722796436315;0.3510582968515214;0.3507350333311055;0.0;0.0;0.21551437291760964;0.2935507920954148;0.0;0.29344194067722873;0.0;0.2167983459913572;0.0;0.30409409986472247;0.0;0.0;0.3266235249436095;0.0;0.0;0.0;0.26544939444229365;0.15547448383128995;0.33642111789215673;0.0;0.16240011219199432;0.0;0.0;0.33316224914131154;0.33648052855319766;0.0;0.0;0.2575723685473704;0.1569623073780063;0.0;0.3579599617822202;0.35061843063121334;0.3684118539783149;0.27442376724197043;0.0;0.0;0.0;0.0;0.0;0.34152141590433005;0.0;0.14767659377456974;0.22341324272843582;0.2941840407230336;0.3333566222335995;0.05002285162426036;0.0;0.0;0.3185075412746937;0.0;0.0;0.1990996529871165;0.15042122680196207;0.0;0.0;0.0;0.0;0.0;0.14425747604243033
GO:0030502;0.0;0.26196607631099017;0.0;0.5010363632993622;0.0;0.0;0.3874559609317834;0.0;1.0;0.12361443766039198;0.17184381545804595;0.0;0.0;0.2328141061292187;0.0;0.14212988375026697;0.0;0.0;0.0;0.2381236982960675;0.2307682348507316;0.18629333127767886;0.3315393076589793;0.0;0.0;0.22014745790881685;0.27626815301650737;0.5153351204732993;0.0;0.0;0.1948926802633108;0.3368045799691615;0.0;0.0;0.3870839991019316;0.3277995820767119;0.0;0.0;0.3570475729580944;0.0;0.3285409184643031;0.0;0.27542255831651735;0.0;0.28284849969619597;0.4049516527005464;0.2471766005494433;0.22698259122280456;0.43977011096351054;0.35348123900071937;0.0;0.0;0.0;0.5138966135217186;0.0;0.16576990907025502;0.2370941463148702;0.0;0.0;0.34219941735560655;0.20313994609944125;0.0;0.19770208990249283;0.2645499573788641;0.0;0.0;0.0;0.3171736298511169;0.18621852465997257;0.15612752910444544;0.20774984431701723;0.2327348067520091;0.29027439549147227;0.0;0.25958624849627504;0.0;0.0;0.33536408539075413;0.0;0.0;0.21329426084691455;0.23330825869821975;0.0;0.0;0.4306650641373813;0.0;0.23247091031129075;0.471026148100983;0.4842475736081376;0.25490883169795364;0.38321832292457236;0.0;0.2240057260229236
GO:0000187;0.0;0.14463748134214477;0.0;0.1652566008338135;0.0;0.0;0.20221325509622712;0.0;0.12361443766039198;1.0;0.37890748937003454;0.0;0.0;0.40852358127838817;0.0;0.3394520990300795;0.0;0.0;0.0;0.12044288703526752;0.2006081420408331;0.6898734290862878;0.2350852444363888;0.0;0.0;0.352480790861179;0.21792596524807012;0.1671812923227279;0.0;0.0;0.27183850696257655;0.17234739147158018;0.0;0.0;0.12732834483189934;0.2868832274575122;0.0;0.0;0.23702934109168114;0.0;0.3179744598263875;0.0;0.35326564168998914;0.0;0.22016860984439673;0.1714946817578387;0.09180180945495917;0.20170858616805362;0.17573962390072412;0.2409722975037869;0.0;0.0;0.0;0.16699052617568955;0.0;0.3713428097435201;0.26125278098667803;0.0;0.0;0.1586494083888062;0.24000357962812072;0.0;0.13525152390727466;0.3325527525959482;0.0;0.0;0.0;0.16828712205603036;0.6897249290105424;0.8305173411295318;0.17797095198158353;0.40844923210823764;0.20962571617242157;0.0;0.23559615606533588;0.0;0.0;0.17205929831294878;0.0;0.0;0.3219615259986861;0.28898366516580004;0.0;0.0;0.1336474955714243;0.0;0.13260689883859167;0.16100045887820752;0.1629130588856035;0.09284781873525531;0.16645901742925556;0.0;0.13000062527193326
GO:0045893;0.0;0.16143626294557356;0.0;0.23139514010415319;0.0;0.0;0.27136518574828544;0.0;0.17184381545804595;0.37890748937003454;1.0;0.0;0.0;0.33494661498107187;0.0;0.8707542668239125;0.0;0.0;0.0;0.12984058934365036;0.26848236692508365;0.5120655275366942;0.33404898000372846;0.0;0.0;0.46813680854856693;0.30043462203074467;0.23518637793556776;0.0;0.0;0.17483761528364758;0.24554030991811704;0.0;0.0;0.1791062355350101;0.4899189609671121;0.0;0.0;0.2535228964234377;0.0;0.24215764450983512;0.0;0.3750766161008578;0.0;0.3047135784395405;0.24381317679990291;0.13248640542892728;0.1264561736949989;0.25248363054510553;0.34606249647190673;0.0;0.0;0.0;0.2348090241211908;0.0;0.9746455051421745;0.5531729514677654;0.0;0.0;0.21864504131229812;0.5786046209233788;0.0;0.17655216146710653;0.5714980306674908;0.0;0.0;0.0;0.2373807351950473;0.5119229983350474;0.4515921960603001;0.1735115554154803;0.33486770451019465;0.21429470361474987;0.0;0.1833894988344913;0.0;0.0;0.24495597623375567;0.0;0.0;0.3985530891864288;0.7369216332967928;0.0;0.0;0.1918672233305305;0.0;0.17207254889022197;0.22313564754623633;0.22682630308714496;0.13467605334922114;0.23375949306030924;0.0;0.16770962125672598
GO:0001701;0.40458844750278516;0.0;0.42831835455430023;0.0;0.0;0.0;0.0;0.0;0.0;0.0;0.0;1.0;0.29658186286425314;0.0;0.0;0.0;0.20203011926949396;0.3417695577652684;0.27139344993492237;0.0;0.0;0.0;0.0;0.0;0.2363673226660837;0.0;0.0;0.0;0.0;0.0;0.0;0.0;0.3125668469154005;0.31226316137291366;0.0;0.0;0.0;0.35824618041686546;0.0;0.3581072673916855;0.0;0.0;0.0;0.0;0.0;0.0;0.0;0.0;0.0;0.0;0.23320648666160795;0.0;0.2988470126143868;0.0;0.0;0.0;0.0;0.4091118840662571;0.2989025725729779;0.0;0.0;0.0;0.0;0.0;0.0;0.31215362811619135;0.32891483016530465;0.0;0.0;0.0;0.0;0.0;0.0;0.0;0.0;0.0;0.0;0.0;0.4093630389410395;0.0;0.0;0.0;0.390220098511793;0.47588838592356725;0.0;0.0;0.0;0.0;0.0;0.0;0.0;0.0;0.0
GO:0030220;0.29732059170123243;0.0;0.3150616244336393;0.0;0.0;0.14880867681333743;0.0;0.3339980341301214;0.0;0.0;0.0;0.29658186286425314;1.0;0.0;0.3507521624905217;0.11103515967357835;0.39520384851932844;0.6655023007313011;0.7318925357220273;0.0;0.0;0.0;0.0;0.0;0.5577097102232795;0.0;0.0;0.0;0.0;0.32193362445546275;0.0;0.3139176159088416;0.8448737060352302;0.8440384742337224;0.0;0.0;0.22499053208268688;0.5168691245309481;0.0;0.516665804683653;0.0;0.22639026670986057;0.0;0.0;0.0;0.0;0.34889418327878036;0.0;0.0;0.0;0.46468234421749866;0.16034652027320714;0.5976650682974597;0.0;0.16772329746295075;0.0;0.0;0.5914723549710054;0.5977780426462109;0.0;0.0;0.27122514854952623;0.1619295261029717;0.0;0.3848850650105181;0.7396558568929805;0.780104685465849;0.28997535273414254;0.0;0.0;0.0;0.0;0.0;0.3659459779642705;0.0;0.15206527027950686;0.23361319515884893;0.3121291147537873;0.5918414786778128;0.05051670189860866;0.0;0.0;0.5637284930305204;0.3507290186111987;0.0;0.20716028061058603;0.15497706642058684;0.0;0.0;0.0;0.0;0.0;0.14844240585586074
GO:0033137;0.0;0.17525908239639432;0.0;0.2532006941997912;0.0;0.0;0.21342657850781166;0.0;0.2328141061292187;0.40852358127838817;0.33494661498107187;0.0;0.0;1.0;0.0;0.2892862979212178;0.0;0.0;0.0;0.14322649441570826;0.21098122999516697;0.5882970535646918;0.26763760394528174;0.0;0.0;0.32308059558921864;0.23831730498776132;0.25774715450649427;0.0;0.0;0.18700616436955753;0.2702355518264454;0.0;0.0;0.24359675765802893;0.30608108195310746;0.0;0.0;0.2799363027094449;0.0;0.26614391495350137;0.0;0.8129663091497729;0.0;0.24201728198706474;0.2681450139115894;0.14645274985793455;0.13911931226473725;0.3800574356050929;0.2782595391236429;0.0;0.0;0.0;0.25729400100834193;0.0;0.32593041322694793;0.5525294427875742;0.0;0.0;0.32460894901008824;0.4920862343335862;0.0;0.18896901748868547;0.49441224885974044;0.0;0.0;0.0;0.26038506252132765;0.5615885317341464;0.4915058238164262;0.14920848827496844;0.9470238733423294;0.18749180485342343;0.0;0.2684330142979745;0.0;0.0;0.2695279379263627;0.0;0.0;0.4570231984252649;0.4181072691518468;0.0;0.0;0.21171275914343557;0.0;0.1838462894684742;0.24334433968012464;0.24774035446655268;0.14913305372055952;0.349186708332458;0.0;0.1788745110132508
GO:0034622;0.0;0.0;0.0;0.0;0.0;0.1476569458207262;0.0;0.328251323697847;0.0;0.0;0.0;0.0;0.3507521624905217;0.0;1.0;0.18725423163496785;0.4800296845379383;0.29234634948306454;0.32101995866104166;0.0;0.0;0.0;0.0;0.0;0.2796578867358829;0.0;0.0;0.0;0.0;0.6356328947882409;0.0;0.30883587696634224;0.369615251005198;0.3692569262260893;0.0;0.0;0.22236809166720628;0.3064146227452691;0.0;0.3062960241635908;0.0;0.22373528731628317;0.0;0.0;0.0;0.0;0.34262824931229413;0.0;0.0;0.0;0.468038241927974;0.1590100691399647;0.3534254113886275;0.0;0.1662616107694641;0.0;0.0;0.3498305402452727;0.35349098019931724;0.0;0.0;0.2674232714760662;0.160566668880586;0.0;0.3772738037866063;0.369127685322184;0.38890231323808827;0.2856338539607356;0.0;0.0;0.0;0.0;0.0;0.35905864182176056;0.0;0.15086278140720577;0.23078715762672247;0.307104652430321;0.3500448553059602;0.05038329126688881;0.0;0.0;0.3337082645372819;0.0;0.0;0.20493496573200998;0.1537282744268497;0.0;0.0;0.0;0.0;0.0;0.1472963156899492
GO:0071733;0.0;0.13493500249551083;0.0;0.1905347710983175;0.0;0.07735390718394129;0.22934023598844466;0.10867691061159536;0.14212988375026697;0.3394520990300795;0.8707542668239125;0.0;0.11103515967357835;0.2892862979212178;0.18725423163496785;1.0;0.1941395158764361;0.10443056470849761;0.10787240438899579;0.1053277786858948;0.22727778002251944;0.4425499006134516;0.272566030073687;0.0;0.10276501658556142;0.39813690046953165;0.24976434894227156;0.19309787594289457;0.0;0.18212313052284185;0.1504581391690581;0.25322842840141147;0.11285845570828071;0.11282502559463732;0.14706187447695268;0.4002145613821314;0.09387742304856976;0.10617185290672577;0.20528861067733256;0.10615761030994414;0.19777247853660151;0.0941202337756506;0.3187398604084435;0.0;0.2527145854395811;0.19887536075766316;0.16214019803050195;0.10308961914912552;0.20460664761933348;0.28051165576313775;0.17345332532381225;0.08035968826135544;0.11130166349681182;0.19284342496179963;0.08217090339971413;0.8957671949199085;0.4769417764084234;0.11094263578607425;0.11130816554042157;0.1818050595853089;0.5287217525801109;0.10106593534796213;0.19208475858221433;0.4772069587453393;0.1135623519690902;0.11281295693218926;0.11459374013931434;0.24633082901807873;0.4424434388443986;0.39664527412036943;0.14840313142767758;0.2892274334666529;0.17725567618982524;0.11185431167892751;0.15674843906914718;0.07822473361448688;0.09534581707484535;0.2527372951245281;0.11096418108697388;0.03845711559419423;0.34000815094931375;0.6510544142566558;0.10926848313647271;0.0;0.1555568479801996;0.09062291085937035;0.1878813662733863;0.1848991809004169;0.18742618763790309;0.10848758350126328;0.19213495332051075;0.0;0.18375842736673706
GO:0055003;0.20237263725955262;0.0;0.21043820186797282;0.0;0.0;0.12419960855349481;0.0;0.23118465984136422;0.0;0.0;0.0;0.20203011926949396;0.39520384851932844;0.0;0.4800296845379383;0.1941395158764361;1.0;0.28588224831898074;0.3057597979018318;0.0;0.0;0.0;0.0;0.0;0.2767434025215397;0.0;0.0;0.0;0.0;0.4524232209540205;0.0;0.22138263667454494;0.33718703117251747;0.33696500887185804;0.0;0.0;0.17312574614511353;0.29576576141109023;0.0;0.2956835094478722;0.0;0.17395334169519733;0.0;0.0;0.0;0.0;0.23822481756198263;0.0;0.0;0.0;0.4160104693495832;0.1321351280831075;0.32701571851652883;0.0;0.13710428905405705;0.0;0.0;0.3247177445362865;0.3270574973737884;0.0;0.0;0.19926309889034102;0.13320824321912933;0.0;0.25447266527280316;0.3368848957447429;0.34893698504027687;0.2092012624840956;0.0;0.0;0.0;0.0;0.0;0.31556487935561406;0.0;0.12645997352028018;0.17818651253914056;0.22049164233529162;0.32485515179451674;0.04733290855848211;0.0;0.0;0.31422962960402595;0.2257738598211941;0.0;0.1623720057364736;0.1284672585008241;0.0;0.0;0.0;0.0;0.0;0.12394436002874279
GO:0030222;0.3424785470916775;0.0;0.35933021872275883;0.0;0.0;0.13718131324582625;0.0;0.2806140106593801;0.0;0.0;0.0;0.3417695577652684;0.6655023007313011;0.0;0.29234634948306454;0.10443056470849761;0.28588224831898074;1.0;0.8432371201511987;0.0;0.0;0.0;0.0;0.0;0.5484908074197145;0.0;0.0;0.0;0.0;0.27204853339864676;0.0;0.2663021162199878;0.69554883796042;0.694982657886557;0.0;0.0;0.19943297957276268;0.6006250698774045;0.0;0.6004243859885986;0.0;0.20053199646558648;0.0;0.0;0.0;0.0;0.2910544797376345;0.0;0.0;0.0;0.4007718419842443;0.14692750393889223;0.49594429941746626;0.0;0.15309750069961148;0.0;0.0;0.6726896866723792;0.49602208801351777;0.0;0.0;0.23493159995506907;0.14825554337424648;0.0;0.3156802238411974;0.6958384214251316;0.6362373297304159;0.24887054464897684;0.0;0.0;0.0;0.0;0.0;0.3028258387225566;0.0;0.13994414827293425;0.20617857541041645;0.2650139184053793;0.6730386245461919;0.04910381225845462;0.0;0.0;0.6462510081221945;0.3922219954055942;0.0;0.1852962078807948;0.14240648822784555;0.0;0.0;0.0;0.0;0.0;0.13686998435961753
GO:0030221;0.27201189729037356;0.0;0.28678611237864937;0.0;0.0;0.1431825058687675;0.0;0.3069287832003538;0.0;0.0;0.0;0.27139344993492237;0.7318925357220273;0.0;0.32101995866104166;0.10787240438899579;0.3057597979018318;0.8432371201511987;1.0;0.0;0.0;0.0;0.0;0.0;0.5927370790740066;0.0;0.0;0.0;0.0;0.2967107632808227;0.0;0.28988831647835167;0.7683973738847244;0.7677064438981648;0.0;0.0;0.21237344324745577;0.47759588779013956;0.0;0.47742228658605584;0.0;0.2136201552694522;0.0;0.0;0.0;0.0;0.3194629205012476;0.0;0.0;0.0;0.43269394440314457;0.1538331728103919;0.5457703304288948;0.0;0.16061016133408867;0.0;0.0;0.5406016940885717;0.5458645360498979;0.0;0.0;0.25309862766267754;0.1552896017618471;0.0;0.3493775140362881;0.7686281173149844;0.7060866146230314;0.26935126203783455;0.0;0.0;0.0;0.0;0.0;0.3337005185079294;0.0;0.146195010786056;0.2200396578780074;0.2883624774573339;0.5409100373994966;0.0498517199666534;0.0;0.0;0.5173310489071217;0.316041540679671;0.0;0.19641598310240035;0.14888434690068017;0.0;0.0;0.0;0.0;0.0;0.1428433757918967
GO:2000678;0.0;0.2799767557237965;0.0;0.2510013672123336;0.0;0.0;0.18492739947163248;0.0;0.2381236982960675;0.12044288703526752;0.12984058934365036;0.0;0.0;0.14322649441570826;0.0;0.1053277786858948;0.0;0.0;0.0;1.0;0.18140399540458985;0.14211100152482323;0.2799542094794636;0.0;0.0;0.1718045323033552;0.22416127838775357;0.25978702064425396;0.0;0.0;0.19894643484444702;0.28550698942633;0.0;0.0;0.25961528739008904;0.276036353286345;0.0;0.0;0.3072639324278203;0.0;0.3683010739499333;0.0;0.17340206226281787;0.0;0.23057387100306057;0.2810300497472733;0.31507898828819486;0.37651688186154963;0.304327667919879;0.30338304240604486;0.0;0.0;0.0;0.2588981591196385;0.0;0.12475213539356389;0.14619518564352008;0.0;0.0;0.22364149543345033;0.12301309370367429;0.0;0.15196712327187978;0.2128884273832569;0.0;0.0;0.0;0.26502077050067524;0.14204686903683156;0.155346659200182;0.21391077163728187;0.14317161994815472;0.2378828785777885;0.0;0.1620232907294867;0.0;0.0;0.2839835474890053;0.0;0.0;0.16568365665129617;0.1837205099855212;0.0;0.0;0.3025950223198305;0.0;0.14565470339011027;0.23291429373333716;0.24082480209138096;0.32775192555441346;0.25644290300300865;0.0;0.1397047965116974
GO:0050714;0.0;0.30398352956511804;0.0;0.31351057571550617;0.0;0.0;0.34960995220613456;0.0;0.2307682348507316;0.2006081420408331;0.26848236692508365;0.0;0.0;0.21098122999516697;0.0;0.22727778002251944;0.0;0.0;0.0;0.18140399540458985;1.0;0.28784328533019327;0.46107759010305654;0.0;0.0;0.44848210440278197;0.39939761702971943;0.3205107594824534;0.0;0.0;0.28959505528700635;0.3400522941173065;0.0;0.0;0.24405762857611257;0.31651258563593015;0.0;0.0;0.35555681544941187;0.0;0.33359860568498795;0.0;0.24321799520703485;0.0;0.45650934820955114;0.33674861870453415;0.18661067914261137;0.1748654080048819;0.35351604390273755;0.48428240827007263;0.0;0.0;0.0;0.3198103421020703;0.0;0.260214236585678;0.21429559054914546;0.0;0.0;0.2905544100017155;0.1875133049870326;0.0;0.22064721334647683;0.2810193007363386;0.0;0.0;0.0;0.32459998259672856;0.287744153198757;0.24692711538231757;0.3300604328216014;0.21091965774901247;0.28772643122065855;0.0;0.23143069264387192;0.0;0.0;0.3389325749736916;0.0;0.0;0.23526942587952296;0.2535453208925703;0.0;0.0;0.2683805799082645;0.0;0.28390726211138007;0.298538476939081;0.3051820300546306;0.1909843579189698;0.31786655545058584;0.0;0.2750220161008299
GO:0033138;0.0;0.17412392565247517;0.0;0.2513969508481794;0.0;0.0;0.29115943730559074;0.0;0.18629333127767886;0.6898734290862878;0.5120655275366942;0.0;0.0;0.5882970535646918;0.0;0.4425499006134516;0.0;0.0;0.0;0.14211100152482323;0.28784328533019327;1.0;0.36455820004679207;0.0;0.0;0.5008041847388012;0.3248879313823045;0.2558782927828996;0.0;0.0;0.18602041529588065;0.2681819235735481;0.0;0.0;0.19485886090257667;0.44379132070711064;0.0;0.0;0.2777331893242631;0.0;0.26415177466233813;0.0;0.502760514471003;0.0;0.329897597794193;0.26612291755244233;0.1452866413630915;0.13806664302648985;0.27648644362742913;0.3789135048140263;0.0;0.0;0.0;0.25543168117846915;0.0;0.4983460094644803;0.3605622455216111;0.0;0.0;0.23641868653162668;0.3213016263714174;0.0;0.18796252227347213;0.49118900509404095;0.0;0.0;0.0;0.2584778929166435;0.9470362112997348;0.829379768010084;0.18513246831575342;0.5616148413258766;0.23230402838780748;0.0;0.19573164192987677;0.0;0.0;0.26748500982337603;0.0;0.0;0.45445289792902377;0.4156035909249545;0.0;0.0;0.2100584977379275;0.0;0.18289348682336895;0.24167782974727708;0.24601330334704632;0.1479240477727559;0.25419018668512716;0.0;0.17797241864747204
GO:0033690;0.0;0.29486425373500946;0.0;0.4573890296415392;0.0;0.0;0.46964583640803975;0.0;0.3315393076589793;0.2350852444363888;0.33404898000372846;0.0;0.0;0.26763760394528174;0.0;0.272566030073687;0.0;0.0;0.0;0.2799542094794636;0.46107759010305654;0.36455820004679207;1.0;0.0;0.0;0.4376616756499;0.5641099195964409;0.4724429548263939;0.0;0.0;0.27899421435807426;0.5161658585354069;0.0;0.0;0.35967671673662693;0.4753410324946406;0.0;0.0;0.5527525985190067;0.0;0.5014411303077275;0.0;0.3217321568269611;0.0;0.5793865734759593;0.5085922156580466;0.2925511981994056;0.2646805797219424;0.6356909903782193;0.9220887307246485;0.0;0.0;0.0;0.4709226846171744;0.0;0.32134493279797244;0.272993625752215;0.0;0.0;0.4101161264307847;0.23096861856207498;0.0;0.28338573015787777;0.39137226988728635;0.0;0.0;0.0;0.4813819537251282;0.3643992004144754;0.3013217549750071;0.28435924778095245;0.2675385304261816;0.4132497273355297;0.0;0.30142401916501144;0.0;0.0;0.5135903900084868;0.0;0.0;0.3079686607232761;0.34005443544691927;0.0;0.0;0.41512144972524145;0.0;0.27201906301413953;0.4262048511328265;0.43987550567621286;0.3034453899728263;0.4667200913190211;0.0;0.26127411864755995
GO:0006094;0.0;0.0;0.0;0.0;0.0;0.3052981228738237;0.0;0.0;0.0;0.0;0.0;0.0;0.0;0.0;0.0;0.0;0.0;0.0;0.0;0.0;0.0;0.0;0.0;1.0;0.0;0.0;0.0;0.0;0.0;0.0;0.0;0.0;0.0;0.0;0.0;0.0;0.356155754679426;0.0;0.0;0.0;0.0;0.31048020512021446;0.0;0.0;0.0;0.0;0.0;0.0;0.0;0.0;0.0;0.27042880143143216;0.0;0.0;0.2807741161683215;0.0;0.0;0.0;0.0;0.0;0.0;0.0;0.23653845643273866;0.0;0.0;0.0;0.0;0.0;0.0;0.0;0.0;0.0;0.0;0.0;0.0;0.31094264742637895;0.0;0.0;0.0;0.19637568502655983;0.0;0.0;0.0;0.0;0.0;0.2893857489916246;0.0;0.0;0.0;0.0;0.0;0.0;0.0
GO:0030183;0.236836299270241;0.0;0.2479583642987434;0.0;0.0;0.13432158331605631;0.0;0.268903132189672;0.0;0.0;0.0;0.2363673226660837;0.5577097102232795;0.0;0.2796578867358829;0.10276501658556142;0.2767434025215397;0.5484908074197145;0.5927370790740066;0.0;0.0;0.0;0.0;0.0;1.0;0.0;0.0;0.0;0.0;0.26102763156486436;0.0;0.25573283687958276;0.5817326640021521;0.581280870503821;0.0;0.0;0.19344555580867567;0.4216899626164443;0.0;0.4215546193722975;0.0;0.19447940235329225;0.0;0.0;0.0;0.0;0.2784754965324276;0.0;0.0;0.0;0.38629540057190354;0.14365184577875062;0.47396449655695627;0.0;0.14954428011333346;0.0;0.0;0.47006158042212187;0.47403554240965345;0.0;0.0;0.22666714396900567;0.14492107389441408;0.0;0.30093652213479083;0.6639017913133592;0.6057961082402363;0.23961562002918246;0.0;0.0;0.0;0.0;0.0;0.2892325554994396;0.0;0.13696931728640535;0.19978575768548476;0.2545446364538244;0.470294688282804;0.048732433065772095;0.0;0.0;0.45236825933896985;0.2695303763382545;0.0;0.18011651129951775;0.13932720272842244;0.0;0.0;0.0;0.0;0.24536982795053439;0.13402308515656952
GO:0002092;0.0;0.29106044114440444;0.0;0.2986017275615185;0.0;0.0;0.33597995568670025;0.0;0.22014745790881685;0.352480790861179;0.46813680854856693;0.0;0.0;0.32308059558921864;0.0;0.39813690046953165;0.0;0.0;0.0;0.1718045323033552;0.44848210440278197;0.5008041847388012;0.4376616756499;0.0;0.0;1.0;0.47158916084700714;0.3049452252507573;0.0;0.0;0.2798792570185995;0.3225825646582901;0.0;0.0;0.2322097804179333;0.5320453771013557;0.0;0.0;0.3365023533400496;0.0;0.31676927451337106;0.0;0.37060471236746156;0.0;0.4359221563218726;0.372604971112851;0.17646766322262702;0.16592843977686791;0.3346738902748071;0.45851611830008554;0.0;0.0;0.0;0.30431111984300546;0.0;0.4541427058503593;0.32798845873456234;0.0;0.0;0.27770422051969434;0.2881856647089305;0.0;0.2131569427163681;0.42573722981900997;0.0;0.0;0.0;0.3086446163317607;0.5006372824080512;0.4315991009071261;0.3183924357935891;0.32298937276001605;0.2744926416988507;0.0;0.22320405049037226;0.0;0.0;0.3215747679432159;0.0;0.0;0.3589304533558975;0.3857302751803328;0.0;0.0;0.2541225078780853;0.0;0.27456320526153527;0.2849888373824441;0.2910369109176228;0.18037383432811405;0.30255065572986845;0.0;0.2662446348868145
GO:2000251;0.0;0.2503235980664486;0.0;0.37792704652207926;0.0;0.0;0.4058108433746123;0.0;0.27626815301650737;0.21792596524807012;0.30043462203074467;0.0;0.0;0.23831730498776132;0.0;0.24976434894227156;0.0;0.0;0.0;0.22416127838775357;0.39939761702971943;0.3248879313823045;0.5641099195964409;0.0;0.0;0.47158916084700714;1.0;0.38814627305211236;0.0;0.0;0.24728026446280474;0.4171790268684778;0.0;0.0;0.2955333794336775;0.3864865154950863;0.0;0.0;0.44075808196286287;0.0;0.40750747630517564;0.0;0.28027957355189315;0.0;0.4852245315516118;0.48057093156055586;0.2321658251065021;0.21426122889474097;0.4376263828104017;0.5992392137589605;0.0;0.0;0.0;0.3871195287582726;0.0;0.29011920131925395;0.2425547895650609;0.0;0.0;0.34506265352532256;0.2087995144375826;0.0;0.2507239746490499;0.3316966640363188;0.0;0.0;0.0;0.3941596339309637;0.3247616468537434;0.2736989191582129;0.24997887890628273;0.23823874668467573;0.3444114470261056;0.0;0.26474102443260444;0.0;0.0;0.41549504118573094;0.0;0.0;0.269776338760637;0.29408336788939743;0.0;0.0;0.3319643539678845;0.0;0.24178513224888523;0.3563816971685553;0.36589009143466766;0.23897449752587518;0.38427507711809145;0.0;0.233258538308368
GO:0045652;0.0;0.27936076097304424;0.0;0.8444603927478613;0.0;0.0;0.6900675571402906;0.0;0.5153351204732993;0.1671812923227279;0.23518637793556776;0.0;0.0;0.25774715450649427;0.0;0.19309787594289457;0.0;0.0;0.0;0.25978702064425396;0.3205107594824534;0.2558782927828996;0.4724429548263939;0.0;0.0;0.3049452252507573;0.38814627305211236;1.0;0.0;0.0;0.26826342483639276;0.480598874577692;0.0;0.0;0.33687226668519155;0.35549777128260246;0.0;0.0;0.5121630647325884;0.0;0.4678083379218577;0.0;0.3075455375204483;0.0;0.39805775456772363;0.5526285619056697;0.27059942233121775;0.2465827816527751;0.507939332733215;0.5065781409392707;0.0;0.0;0.0;0.7310321241535429;0.0;0.2265326266786004;0.26271096014320766;0.0;0.0;0.38734028011769356;0.22356520180903575;0.0;0.27232116407293183;0.3705779536475244;0.0;0.0;0.0;0.4503027810836931;0.2557707856683187;0.21284801685183138;0.21854130777135172;0.2576552668822273;0.31178592735512783;0.0;0.2889370757409934;0.0;0.0;0.4783653407287566;0.0;0.0;0.2949453014630694;0.32424568084015115;0.0;0.0;0.4700790023846422;0.0;0.30585755342922294;0.8497326649377146;0.875371154812042;0.2798940749075294;0.4374477349678238;0.0;0.2942122033475793
GO:0009725;0.0;0.0;0.0;0.0;0.0;0.0;0.0;0.0;0.0;0.0;0.0;0.0;0.0;0.0;0.0;0.0;0.0;0.0;0.0;0.0;0.0;0.0;0.0;0.0;0.0;0.0;0.0;0.0;1.0;0.0;0.0;0.0;0.0;0.0;0.0;0.0;0.0;0.0;0.0;0.0;0.0;0.0;0.0;0.0;0.0;0.0;0.0;0.0;0.0;0.0;0.0;0.0;0.0;0.0;0.0;0.0;0.0;0.0;0.0;0.0;0.0;0.6197892634590224;0.0;0.0;0.0;0.0;0.0;0.0;0.0;0.0;0.0;0.0;0.0;0.0;0.0;0.0;0.4519886324230549;0.0;0.0;0.0;0.0;0.0;0.0;0.0;0.0;0.0;0.0;0.0;0.0;0.0;0.0;0.3860441109306629;0.0
GO:0006930;0.0;0.0;0.0;0.0;0.0;0.14229468649496332;0.0;0.3028778865826993;0.0;0.0;0.0;0.0;0.32193362445546275;0.0;0.6356328947882409;0.18212313052284185;0.4524232209540205;0.27204853339864676;0.2967107632808227;0.0;0.0;0.0;0.0;0.0;0.26102763156486436;0.0;0.0;0.0;0.0;1.0;0.0;0.28627208938428533;0.33775448209729014;0.3374552448766002;0.0;0.0;0.2104260854211094;0.2841905159039615;0.0;0.28408849436407146;0.0;0.21164997294000387;0.0;0.0;0.0;0.0;0.31507677708510345;0.0;0.0;0.0;0.512030458642754;0.15280883210799254;0.32418423055494594;0.0;0.15949390717138484;0.0;0.0;0.3211570579039252;0.32423939749132247;0.0;0.0;0.25033765600981644;0.1542458389744288;0.0;0.34413820738099676;0.33734730345269426;0.3537876547001585;0.26622650481099175;0.0;0.0;0.0;0.0;0.0;0.32891763268832674;0.0;0.14526956038109268;0.21794986358686233;0.28478398352983375;0.3213376714771547;0.049743660240885244;0.0;0.0;0.30751784063149096;0.0;0.0;0.1947491261965293;0.1479246467633578;0.0;0.0;0.0;0.0;0.0;0.14195974408934545
GO:0060314;0.0;0.727089975302305;0.0;0.2633419402626958;0.0;0.0;0.2586728338614905;0.0;0.1948926802633108;0.27183850696257655;0.17483761528364758;0.0;0.0;0.18700616436955753;0.0;0.1504581391690581;0.0;0.0;0.0;0.19894643484444702;0.28959505528700635;0.18602041529588065;0.27899421435807426;0.0;0.0;0.2798792570185995;0.24728026446280474;0.26826342483639276;0.0;0.0;1.0;0.28181847960618434;0.0;0.0;0.2042871740227709;0.210990811965645;0.0;0.0;0.39322980103639893;0.0;0.5167574684585905;0.0;0.21190045424307913;0.0;0.2932199996208219;0.32781118103927936;0.20415188391369615;0.1929979966171771;0.29100347268971183;0.2905561825495838;0.0;0.0;0.0;0.2677725742032982;0.0;0.17000958738615515;0.1896054222681771;0.0;0.0;0.2469528885526721;0.16833276586970675;0.0;0.19456082749658823;0.24003070726513645;0.0;0.0;0.0;0.27112217502431984;0.18596359004586646;0.18990009266794772;0.49701374935152026;0.1869577890769152;0.240050388001499;0.0;0.34333423898011023;0.0;0.0;0.28104899208219225;0.0;0.0;0.20584156881299742;0.21969682040741972;0.0;0.0;0.27115854013590807;0.0;0.594472432250901;0.2963267335687404;0.30188947552658113;0.2080595906668735;0.2664085392769263;0.0;0.5779464432146764
GO:0038180;0.0;0.2990217583466697;0.0;0.46502926694323515;0.0;0.14070658139725672;0.3464501567774784;0.2957722796436315;0.3368045799691615;0.17234739147158018;0.24554030991811704;0.0;0.3139176159088416;0.2702355518264454;0.30883587696634224;0.25322842840141147;0.22138263667454494;0.2663021162199878;0.28988831647835167;0.28550698942633;0.3400522941173065;0.2681819235735481;0.5161658585354069;0.0;0.25573283687958276;0.3225825646582901;0.4171790268684778;0.480598874577692;0.0;0.28627208938428533;0.28181847960618434;1.0;0.32894203266749455;0.3286582001473945;0.3658819939030711;0.38795860097314955;0.20697157563742452;0.2779256136598535;0.5639498674551915;0.2778280398422972;0.5106387304016569;0.20815549548044135;0.32549380361088853;0.0;0.42865059974630765;0.5180564971948923;0.4522451283108258;0.2696386297549999;0.5588330626976381;0.5571858744960821;0.2526071612115018;0.15097887551607833;0.31605716668137007;0.4790257489539827;0.15750137839960002;0.236123089407833;0.2756971206509955;0.31317919588861987;0.31610960207445765;0.41624809504310895;0.23290087567935724;0.24546361199064892;0.41517850891254565;0.39695272548199856;0.3349940000217508;0.32855581231608433;0.3441306558101259;0.7103599479138608;0.26806383155495955;0.22129317875089297;0.23039184357519352;0.27013454592943353;0.33647756965355213;0.3205545714723728;0.30472333880261226;0.14361474405871127;0.21424607976253363;0.8454425435839447;0.31335094527161067;0.04954816263740502;0.31141362683674256;0.34425952477794936;0.30019548829585646;0.0;0.4234093290574581;0.19178654811518941;0.39836128138470334;0.43283125373111747;0.4469373352412758;0.30998001935779496;0.47467795279109853;0.0;0.3824766522543182
GO:0030219;0.3133874629630695;0.0;0.33316147506892585;0.0;0.0;0.15210193326905772;0.0;0.3510582968515214;0.0;0.0;0.0;0.3125668469154005;0.8448737060352302;0.0;0.369615251005198;0.11285845570828071;0.33718703117251747;0.69554883796042;0.7683973738847244;0.0;0.0;0.0;0.0;0.0;0.5817326640021521;0.0;0.0;0.0;0.0;0.33775448209729014;0.0;0.32894203266749455;1.0;0.8929613697060758;0.0;0.0;0.23260511402008888;0.5414005427532945;0.0;0.541177469315582;0.0;0.23410151226657971;0.0;0.0;0.0;0.0;0.3675526453707318;0.0;0.0;0.0;0.4844155491569599;0.1641768306757356;0.6307104907133251;0.0;0.1719187538349953;0.0;0.0;0.6238179934229274;0.6308363046490552;0.0;0.0;0.2823683113363892;0.16583676001694306;0.0;0.40771754147336736;0.7825122477345696;0.8279280623702395;0.3027487373297395;0.0;0.0;0.0;0.0;0.0;0.3865266215563799;0.0;0.15550591244001086;0.24183327408925706;0.3269787710057246;0.6242286073294355;0.05089075776404143;0.0;0.0;0.5930356838662004;0.3733057511258264;0.0;0.21359852262503196;0.158552284202118;0.0;0.0;0.0;0.0;0.0;0.1517192920197466
GO:0030218;0.31308218150809264;0.0;0.33281647431438455;0.0;0.0;0.1520412184948143;0.0;0.3507350333311055;0.0;0.0;0.0;0.31226316137291366;0.8440384742337224;0.0;0.3692569262260893;0.11282502559463732;0.33696500887185804;0.694982657886557;0.7677064438981648;0.0;0.0;0.0;0.0;0.0;0.581280870503821;0.0;0.0;0.0;0.0;0.3374552448766002;0.0;0.3286582001473945;0.8929613697060758;1.0;0.0;0.0;0.2324631521570472;0.5409372828332648;0.0;0.540714590907976;0.0;0.23395771855103553;0.0;0.0;0.0;0.0;0.3671983067163584;0.0;0.0;0.0;0.48404464421490306;0.1641060955891592;0.6300818736484493;0.0;0.17184119186349495;0.0;0.0;0.6232030338278153;0.6302074368915157;0.0;0.0;0.2821591370076998;0.16576458766290794;0.0;0.4072815756250686;0.7816949901338502;0.827013242555247;0.3025082911221105;0.0;0.0;0.0;0.0;0.0;0.38613477445842664;0.0;0.15544245028021275;0.24167982837311364;0.3266983149896159;0.623612838301307;0.05088395918545438;0.0;0.0;0.5924798902343699;0.3728726536353682;0.0;0.21347880686686183;0.15848631175847655;0.0;0.0;0.0;0.0;0.0;0.15165888227964536
GO:0046597;0.0;0.2792259488418737;0.0;0.3268044599362527;0.0;0.0;0.2483790112625642;0.0;0.3870839991019316;0.12732834483189934;0.1791062355350101;0.0;0.0;0.24359675765802893;0.0;0.14706187447695268;0.0;0.0;0.0;0.25961528739008904;0.24405762857611257;0.19485886090257667;0.35967671673662693;0.0;0.0;0.2322097804179333;0.2955333794336775;0.33687226668519155;0.0;0.0;0.2042871740227709;0.3658819939030711;0.0;0.0;1.0;0.3552794908459049;0.0;0.0;0.38989575553802747;0.0;0.35615049684717276;0.0;0.2906421455769811;0.0;0.3030759981611085;0.36088143642234594;0.2704131015559942;0.24642805697456058;0.47989528894087463;0.38564693927034105;0.0;0.0;0.0;0.3358574000325605;0.0;0.17251793436745413;0.24828642682324964;0.0;0.0;0.36601275454296306;0.21130091038241286;0.0;0.20737610420221514;0.28216343806818417;0.0;0.0;0.0;0.34283111312703823;0.19477701862587735;0.16209921778804415;0.2184587969578231;0.24350994414093524;0.3116180133744081;0.0;0.27306313366884133;0.0;0.0;0.36418266519246695;0.0;0.0;0.22459799125012483;0.24690042577972848;0.0;0.0;0.3847823887293136;0.0;0.19937318756114875;0.30581759247079515;0.3150398250053529;0.2796947393886514;0.41333396569117825;0.0;0.19178468440789112
GO:0010628;0.0;0.29190245065111764;0.0;0.34430439543711844;0.0;0.0;0.3223420761725075;0.0;0.3277995820767119;0.2868832274575122;0.4899189609671121;0.0;0.0;0.30608108195310746;0.0;0.4002145613821314;0.0;0.0;0.0;0.276036353286345;0.31651258563593015;0.44379132070711064;0.4753410324946406;0.0;0.0;0.5320453771013557;0.3864865154950863;0.35549777128260246;0.0;0.0;0.210990811965645;0.38795860097314955;0.0;0.0;0.3552794908459049;1.0;0.0;0.0;0.41506502147773344;0.0;0.377034846282563;0.0;0.36742838747430323;0.0;0.39683839660613834;0.3823410227823747;0.28827552153738173;0.26117588368421824;0.41142544755062577;0.5118526334839499;0.0;0.0;0.0;0.35436776750116916;0.0;0.4714007592570712;0.31216292019881065;0.0;0.0;0.30909771702367095;0.3059637786774866;0.0;0.2142874291460131;0.44615196650569133;0.0;0.0;0.0;0.3621402533368723;0.4435991019086595;0.36725155946805044;0.2821464312659237;0.3059685666006868;0.40859272250209006;0.0;0.2278204884474222;0.0;0.0;0.3860485524474333;0.0;0.0;0.35183591411303017;0.4491928359675224;0.0;0.0;0.4092750731890215;0.0;0.20575316560881152;0.32108954391339034;0.33127118951907664;0.2988478461068765;0.35124355306518557;0.0;0.19768105649939713
