;GO:0008584;GO:1901385;GO:0035162;GO:1902036;GO:0007097;GO:0006366;GO:0045648;GO:0006887;GO:0030502;GO:0000187;GO:0045893;GO:0001701;GO:0030220;GO:0033137;GO:0034622;GO:0071733;GO:0055003;GO:0030222;GO:0030221;GO:2000678;GO:0050714;GO:0033138;GO:0033690;GO:0006094;GO:0030183;GO:0002092;GO:2000251;GO:0045652;GO:0009725;GO:0006930;GO:0060314;GO:0038180;GO:0030219;GO:0030218;GO:0046597;GO:0010628;GO:0043043;GO:0055014;GO:0050804;GO:0055015;GO:0010469;GO:0018149;GO:1902083;GO:0034613;GO:0030335;GO:0008360;GO:0046716;GO:0090630;GO:0008285;GO:0008284;GO:0048812;GO:0006783;GO:0042551;GO:0045664;GO:0006782;GO:0045944;GO:1903507;GO:0048935;GO:0043249;GO:0043524;GO:0000122;GO:0097067;GO:0000165;GO:0010559;GO:0000281;GO:0097028;GO:0001649;GO:0030521;GO:0050731;GO:0032148;GO:2000651;GO:0050732;GO:0050930;GO:0030049;GO:2001240;GO:0006351;GO:1901653;GO:0007169;GO:0048821;GO:0061621;GO:0043456;GO:0006357;GO:0048747;GO:0007517;GO:0002027;GO:0018160;GO:0014809;GO:0010725;GO:0010724;GO:0048873;GO:0043066;GO:0045087;GO:0010881
GO:0008584;1.0;0.0;0.43981883480022016;0.0;0.0;0.0;0.0;0.0;0.0;0.0;0.0;0.3358017883342646;0.21071843544530963;0.0;0.0;0.0;0.2141024246217492;0.23162452902610664;0.17763511802526943;0.0;0.0;0.0;0.0;0.0;0.2423415192755744;0.0;0.0;0.0;0.0;0.0;0.0;0.0;0.19464009055611722;0.22863774082222144;0.0;0.0;0.0;0.2383646879234923;0.0;0.26287725906294906;0.0;0.0;0.0;0.0;0.0;0.0;0.0;0.0;0.0;0.0;0.264879275665994;0.0;0.21247767117207728;0.0;0.0;0.0;0.0;0.2609090481863114;0.20552615119460027;0.0;0.0;0.0;0.0;0.0;0.0;0.2196125147862734;0.2442794170900051;0.0;0.0;0.0;0.0;0.0;0.0;0.0;0.0;0.0;0.0;0.0;0.2747630024384862;0.0;0.0;0.0;0.30174534399053143;0.5141175134688678;0.0;0.0;0.0;0.0;0.0;0.0;0.0;0.0;0.0
GO:1901385;0.0;1.0;0.0;0.0647786024476559;0.0;0.0;0.06554473817778139;0.0;0.06286910061388538;0.3145181183331169;0.09548782572331356;0.0;0.0;0.06497931107021487;0.0;0.056608617115513946;0.0;0.0;0.0;0.2663153462952428;0.4407641492376474;0.07284522651663869;0.06084463636721979;0.0;0.0;0.3613821216534739;0.06314496779019174;0.06863216202860555;0.0;0.0;0.8355574617883257;0.06123879299283058;0.0;0.0;0.06340815317458483;0.09807747689575257;0.0;0.0;0.08179760551690196;0.0;0.3567033802063241;0.0;0.05749152332219108;0.0;0.392340728691093;0.07617105904768938;0.055529557291045036;0.3008415856583411;0.08730628422541088;0.09011561260940268;0.0;0.0;0.0;0.08656963751553243;0.0;0.09286030762286152;0.09361427288349197;0.0;0.0;0.0747496652979939;0.08946535266048014;0.0;0.0805663614806864;0.06698753849191677;0.0;0.0;0.0;0.06804630793655736;0.07658350116731737;0.27532483828301635;0.6512663915017283;0.06816758820461293;0.06194977012663529;0.0;0.06654187609972807;0.0;0.0;0.08476320285598438;0.0;0.0;0.05749152332219108;0.10242224943857961;0.0;0.0;0.07232208263635553;0.0;0.6759473785406377;0.054031133275955365;0.056608617115513946;0.05701427001460949;0.0902593291185827;0.0;0.7424168465081892
GO:0035162;0.43981883480022016;0.0;1.0;0.0;0.0;0.0;0.0;0.0;0.0;0.0;0.0;0.2896145935034144;0.18639570662148797;0.0;0.0;0.0;0.189038671598951;0.20867027053246248;0.16003127255240313;0.0;0.0;0.0;0.0;0.0;0.21071843544530963;0.0;0.0;0.0;0.0;0.0;0.0;0.0;0.1737031227999728;0.20028070157418013;0.0;0.0;0.0;0.21412497946266604;0.0;0.23370087327907085;0.0;0.0;0.0;0.0;0.0;0.0;0.0;0.0;0.0;0.0;0.2275537570608601;0.0;0.1877709275142195;0.0;0.0;0.0;0.0;0.23214402135521164;0.18232132035452123;0.0;0.0;0.0;0.0;0.0;0.0;0.19332130005860962;0.2121820521249788;0.0;0.0;0.0;0.0;0.0;0.0;0.0;0.0;0.0;0.0;0.0;0.24304776126840424;0.0;0.0;0.0;0.2639239509161839;0.44607601897394333;0.0;0.0;0.0;0.0;0.0;0.0;0.0;0.0;0.0
GO:1902036;0.0;0.0647786024476559;0.0;1.0;0.0;0.0;0.5921567931463643;0.0;0.3344562222375329;0.08258364709995127;0.10347661963819996;0.0;0.0;0.07147423134874605;0.0;0.06252474796870607;0.0;0.0;0.0;0.05398400832893991;0.0860426179263206;0.07981701015540076;0.06706291148901057;0.0;0.0;0.07103941365552983;0.06951937510977287;0.6191081873859343;0.0;0.0;0.07147423134874605;0.06748421709113606;0.0;0.0;0.06142547964439366;0.0934137036764304;0.0;0.0;0.08923407739651654;0.0;0.09319786449954132;0.0;0.06347219819552367;0.0;0.09142203971574638;0.3555704748943954;0.053786558582145406;0.06073466336935145;0.09498785219929595;0.09791029553328676;0.0;0.0;0.0;0.47509138656426003;0.0;0.10075779505127076;0.10153867089063032;0.0;0.0;0.08182722583658378;0.09723456455375672;0.0;0.0879438135229939;0.07361034737602155;0.0;0.0;0.0;0.07473484232852869;0.083759371835403;0.0726274092519681;0.059732684667655536;0.07486357656283146;0.06005588844494857;0.0;0.07313666887232652;0.0;0.0;0.09233546627731107;0.0;0.0;0.06347219819552367;0.11061881986728621;0.0;0.0;0.31379134101259204;0.0;0.25127407294787857;0.49092276231146037;0.5136856394628375;0.05517835974545515;0.09805958378536898;0.0;0.2752136688068249
GO:0007097;0.0;0.0;0.0;0.0;1.0;0.0;0.0;0.2891244986196599;0.0;0.0;0.0;0.0;0.0;0.0;0.0;0.0;0.0;0.0;0.0;0.0;0.0;0.0;0.0;0.0;0.0;0.0;0.0;0.0;0.0;0.0;0.0;0.0;0.0;0.0;0.0;0.0;0.0;0.0;0.0;0.0;0.0;0.0;0.0;0.4346779365722608;0.0;0.0;0.0;0.0;0.0;0.0;0.0;0.0;0.0;0.0;0.0;0.0;0.0;0.0;0.0;0.0;0.0;0.0;0.0;0.0;0.0;0.0;0.0;0.0;0.0;0.0;0.0;0.0;0.0;0.0;0.0;0.0;0.0;0.0;0.0;0.0;0.0;0.0;0.0;0.0;0.0;0.0;0.0;0.0;0.0;0.0;0.0;0.0;0.0
GO:0006366;0.0;0.0;0.0;0.0;0.0;1.0;0.0;0.044510458339952236;0.0;0.0;0.0;0.0;0.028361444245932052;0.0;0.04541881694119961;0.02457849642351956;0.02890698732904625;0.0232017904231567;0.0232017904231567;0.0;0.0;0.0;0.0;0.3008959367141229;0.033596042514753545;0.0;0.0;0.0;0.0;0.026670480521007286;0.0;0.02712995012846432;0.02581518229491977;0.03128958460041657;0.0;0.0;0.4357164993520049;0.023987756031928202;0.0;0.02690871356398683;0.0;0.2302750754705241;0.0;0.0;0.0;0.0;0.02850587585787385;0.0;0.0;0.0;0.037522569628099876;0.3463750454091822;0.028644630918890454;0.0;0.3174922182437357;0.0;0.0;0.026670480521007286;0.027530959685737516;0.0;0.0;0.02788803645717215;0.2812540613987674;0.0;0.03211309448110751;0.029802620887177462;0.03392705431815796;0.03107562554030067;0.0;0.0;0.0;0.0;0.0;0.030446048767092084;0.0;0.7529976038822191;0.036977489092472636;0.04188220231503106;0.028361444245932052;0.3587560548477891;0.0;0.0;0.031751633760864005;0.0;0.0;0.15842351325454848;0.02505713758405306;0.0;0.0;0.0;0.0;0.0;0.02821077785449304
GO:0045648;0.0;0.06554473817778139;0.0;0.5921567931463643;0.0;0.0;1.0;0.0;0.3381735608320078;0.22331414485652532;0.2807545766969547;0.0;0.0;0.07229474390970289;0.0;0.16852901663661407;0.0;0.0;0.0;0.05459366486698693;0.23279710009339036;0.21573685483123947;0.18089283192382316;0.0;0.0;0.19174126659227417;0.18759276064729752;0.7168615781332417;0.0;0.0;0.252611357948991;0.06821520878684885;0.0;0.0;0.062113931997033064;0.26002918747522324;0.0;0.0;0.09051666877715857;0.0;0.09459782613459605;0.0;0.06411844068378712;0.0;0.24756607851908904;0.3603382452957377;0.24758705391825422;0.06150741866140115;0.09644252615044484;0.26541341366488125;0.0;0.0;0.0;0.48230739534440237;0.0;0.2732578703079515;0.10320266351517417;0.0;0.0;0.08290444648239924;0.09875941838032018;0.0;0.08918932341232631;0.07448093604420547;0.0;0.0;0.0;0.07563239510154253;0.22653627328254944;0.19607740557709097;0.165252162018751;0.07576424278416961;0.16615611011057071;0.0;0.0739960238086043;0.0;0.0;0.09370944795959187;0.0;0.0;0.06411844068378712;0.11259662458766755;0.0;0.0;0.3177912281490316;0.0;0.2538324211184857;0.7735895689073741;0.8098187071939159;0.2540676807561513;0.09961063003977622;0.0;0.27828570104050215
GO:0006887;0.0;0.0;0.0;0.0;0.2891244986196599;0.044510458339952236;0.0;1.0;0.0;0.0;0.0;0.0;0.028733952682755182;0.0;0.046381748301785236;0.024857770018668048;0.029294062066610248;0.023450496235711462;0.023450496235711462;0.0;0.0;0.0;0.0;0.0;0.034120016534274225;0.0;0.0;0.0;0.0;0.026999636045706096;0.0;0.02747061692506122;0.026123442886886162;0.03174359765638247;0.0;0.0;0.03857209314688636;0.024253693733463998;0.0;0.02724381263131305;0.0;0.03240904440176508;0.0;0.4318071451341381;0.0;0.0;0.028882213150935514;0.0;0.0;0.0;0.03817737316058569;0.028882213150935514;0.029024665265743595;0.0;0.026444728918393882;0.0;0.0;0.026999636045706096;0.027881836871419065;0.0;0.0;0.028248133951995043;0.03971410269576684;0.0;0.03259150304490829;0.03021422366456823;0.03446148644673555;0.031523406288358695;0.0;0.0;0.0;0.0;0.0;0.030875744233817254;0.0;0.05578499333256894;0.03761324531958616;0.04269966200499563;0.028733952682755182;0.02954541204519958;0.0;0.0;0.03221925471679732;0.0;0.0;0.022194025132937306;0.025347458467183916;0.0;0.0;0.0;0.0;0.0;0.02857931328682852
GO:0030502;0.0;0.06286910061388538;0.0;0.3344562222375329;0.0;0.0;0.3381735608320078;0.0;1.0;0.07028046975117784;0.08733277757009376;0.0;0.0;0.18598044853448986;0.0;0.05363923315370757;0.0;0.0;0.0;0.05246170793482476;0.07312320484522693;0.06800107072889322;0.05742763996664093;0.0;0.0;0.06073584800599659;0.059472514351682666;0.35310103266422227;0.0;0.0;0.061096950319903746;0.05777864084202347;0.0;0.0;0.1817461223310947;0.08949397809928585;0.0;0.0;0.07573914552575597;0.0;0.07897890231723616;0.0;0.16569005037074003;0.0;0.07752871462421879;0.3437519021634709;0.05227521775345586;0.05881460419270308;0.24485680996252815;0.08281730157860433;0.0;0.0;0.0;0.43818346447704964;0.0;0.08512971888474238;0.2610642794393362;0.0;0.0;0.212039750060829;0.2504249224736825;0.0;0.07468235669613678;0.06286910061388538;0.0;0.0;0.0;0.06380077904803828;0.07124761220532841;0.0620540187806067;0.05810534075053931;0.19453547537834637;0.0584111287575101;0.0;0.19017949993203187;0.0;0.0;0.07827489973647417;0.0;0.0;0.054431295632272475;0.09309757006202315;0.0;0.0;0.3038536555753797;0.0;0.2448612742187486;0.2817511497928105;0.29448669629582924;0.05358894655552444;0.25246710822536594;0.0;0.26753939027149803
GO:0000187;0.0;0.3145181183331169;0.0;0.08258364709995127;0.0;0.0;0.22331414485652532;0.0;0.07028046975117784;1.0;0.49109697150947446;0.0;0.0;0.44888199022768116;0.0;0.2701614348528477;0.0;0.0;0.0;0.29828737637338015;0.27517201238138894;0.5859444453588937;0.20548060393949347;0.0;0.0;0.3068571691592395;0.21416942919066326;0.08813553426089435;0.0;0.0;0.40339273936412273;0.07755427034540745;0.0;0.0;0.07095478833117141;0.49744129647080887;0.0;0.0;0.37966785940676256;0.0;0.4245112637050872;0.0;0.3543566512519161;0.0;0.29604805757735997;0.09923490459031821;0.06216787996238341;0.5043851744517529;0.11623070124852675;0.3219355851141623;0.0;0.0;0.0;0.11508340802388271;0.0;0.47509036842661834;0.2877894600811371;0.0;0.0;0.09711766240262013;0.2727828519877218;0.0;0.10585580184960743;0.33916131938665883;0.0;0.0;0.0;0.08728626214344351;0.6204459723894252;0.7287548583689742;0.38796685150484533;0.47375033751664647;0.3462355408431713;0.0;0.31816900314259533;0.0;0.0;0.11228395979028763;0.0;0.0;0.35724523491741206;0.3204838517464921;0.0;0.0;0.0823067321464868;0.0;0.07230215590892211;0.06751660735586183;0.07107530748439055;0.06403476036637262;0.12086347492862959;0.0;0.08025427140375978
GO:0045893;0.0;0.09548782572331356;0.0;0.10347661963819996;0.0;0.0;0.2807545766969547;0.0;0.08733277757009376;0.49109697150947446;1.0;0.0;0.0;0.23701308242660846;0.0;0.4554985767229308;0.0;0.0;0.0;0.07792743552898336;0.36792793287796693;0.46583554173700087;0.25313428091651935;0.0;0.0;0.3841402017510901;0.266451123619485;0.11234382950437931;0.0;0.0;0.1039278791385494;0.09570036915576074;0.0;0.0;0.08837644605053119;0.9518295132107676;0.0;0.0;0.14625267173677076;0.0;0.15721143544716673;0.0;0.2002957506379608;0.0;0.40622944426816565;0.13102410462608896;0.07751666134715535;0.09282027036095854;0.16237290919332947;0.4566117260849836;0.0;0.0;0.0;0.16014261909968966;0.0;0.9530631025384096;0.6037090672138672;0.0;0.0;0.1273581605089975;0.5598926828632573;0.0;0.1428184322642866;0.33611469123568277;0.0;0.0;0.0;0.11096758597379712;0.502123826509411;0.4043719652545037;0.23238547957035124;0.2537153134105819;0.2341770477507089;0.0;0.1074802761998367;0.0;0.0;0.15477299217522342;0.0;0.0;0.26489626199372474;0.7090465201993377;0.0;0.0;0.10670735768988476;0.0;0.08782769436667205;0.08086522718411576;0.0860239630599355;0.08044085680490903;0.17155948036864394;0.0;0.09984543952702998
GO:0001701;0.3358017883342646;0.0;0.2896145935034144;0.0;0.0;0.0;0.0;0.0;0.0;0.0;0.0;1.0;0.22210826597307812;0.0;0.0;0.0;0.22587123368770431;0.24208992215787456;0.18566113043405413;0.0;0.0;0.0;0.0;0.0;0.2575296776842249;0.0;0.0;0.0;0.0;0.0;0.0;0.0;0.20431817264116864;0.24210902200439713;0.0;0.0;0.0;0.24946260989350275;0.0;0.27644002374384524;0.0;0.0;0.0;0.0;0.0;0.0;0.0;0.0;0.0;0.0;0.28313016940261565;0.0;0.22406370573241988;0.0;0.0;0.0;0.0;0.2742643202779732;0.21634717429810021;0.0;0.0;0.0;0.0;0.0;0.0;0.23201241883148319;0.25971919052550263;0.0;0.0;0.0;0.0;0.0;0.0;0.0;0.0;0.0;0.0;0.0;0.2896145935034144;0.0;0.0;0.0;0.31975266196435526;0.34165895554005493;0.0;0.0;0.0;0.0;0.0;0.0;0.0;0.0;0.0
GO:0030220;0.21071843544530963;0.0;0.18639570662148797;0.0;0.0;0.028361444245932052;0.0;0.028733952682755182;0.0;0.0;0.0;0.22210826597307812;1.0;0.0;0.029109784734583536;0.018860318009640803;0.4775726993495405;0.5931969593138994;0.5931969593138994;0.0;0.0;0.0;0.0;0.0;0.3688925804202884;0.0;0.0;0.0;0.0;0.02006821524873952;0.0;0.020327253806802243;0.6438751790499676;0.7423917918552732;0.0;0.0;0.025827790695135973;0.23832065864850993;0.0;0.2601085879207802;0.0;0.022910510195962665;0.0;0.0;0.0;0.0;0.021089976034555206;0.0;0.0;0.0;0.3302433543966778;0.021089976034555206;0.27250748026052785;0.0;0.019760024566423645;0.0;0.0;0.2583758149540604;0.26459859502915123;0.0;0.0;0.02074986969008576;0.02633486324353875;0.0;0.023001540398192657;0.33843642146505293;0.37145484950969354;0.02246435531032257;0.0;0.0;0.0;0.0;0.0;0.02213349712967943;0.0;0.03255370129603765;0.025394320216796554;0.027615235730852943;0.27051165489373075;0.021441417378219852;0.0;0.0;0.293746810733162;0.21371626990589837;0.0;0.017286181241497434;0.01914088350863035;0.0;0.0;0.0;0.0;0.0;0.020928011150375257
GO:0033137;0.0;0.06497931107021487;0.0;0.07147423134874605;0.0;0.0;0.07229474390970289;0.0;0.18598044853448986;0.44888199022768116;0.23701308242660846;0.0;0.0;1.0;0.0;0.1429661205839144;0.0;0.0;0.0;0.05414378547017657;0.08635439928394528;0.836123941222985;0.06725216359697771;0.0;0.0;0.1576734870540912;0.06972276648428098;0.07559560079632746;0.0;0.0;0.07168923979923034;0.06767585792175514;0.0;0.0;0.18752975912799602;0.2357313285776084;0.0;0.0;0.08956946172291491;0.0;0.09356376729040032;0.0;0.4632856946723729;0.0;0.09177410493653707;0.08361748661709528;0.05394516735490289;0.06093697386508258;0.27611926916124524;0.09831421682459249;0.0;0.0;0.0;0.0945942108958734;0.0;0.23075917647320118;0.4381688967484881;0.0;0.0;0.23773096148160933;0.41951933366387334;0.0;0.08826955140954015;0.2920270934348294;0.0;0.0;0.0;0.07496994761288162;0.4552951619900216;0.39459960206389455;0.05990330160724577;0.6008728612169077;0.060228359405942226;0.0;0.21240474007375443;0.0;0.0;0.0926946156526132;0.0;0.0;0.31445389431433274;0.2534485734475095;0.0;0.0;0.06998684484768626;0.0;0.06364170119200789;0.05990430059695317;0.06268922183041602;0.055345295898913155;0.2850853490723736;0.0;0.06972276648428098
GO:0034622;0.0;0.0;0.0;0.0;0.0;0.04541881694119961;0.0;0.046381748301785236;0.0;0.0;0.0;0.0;0.029109784734583536;0.0;1.0;0.21244039752305788;0.41280045854138553;0.02370022231916722;0.02370022231916722;0.0;0.0;0.0;0.0;0.0;0.034651252685157424;0.0;0.0;0.0;0.0;0.3800712479385023;0.0;0.027813929900165492;0.026433718847368413;0.03220291278548523;0.0;0.0;0.03925239047648047;0.024520916861165212;0.0;0.02758144521509332;0.0;0.032887964059929505;0.0;0.0;0.0;0.0;0.029261959247808136;0.0;0.0;0.0;0.3282596485016832;0.029261959247808136;0.029408191419644254;0.0;0.026762730284456034;0.0;0.0;0.02733120676116765;0.02823557136509326;0.0;0.0;0.028611284385505333;0.0404356564681636;0.0;0.033075870688307245;0.030630056409728462;0.03500349338321894;0.031976325924949894;0.0;0.0;0.0;0.0;0.0;0.031310115971072694;0.0;0.05721922330039597;0.03825985707937542;0.04353492195217806;0.029109784734583536;0.029942917983291992;0.0;0.0;0.03269254066635862;0.0;0.0;0.022417580063018763;0.02563947197817564;0.0;0.0;0.0;0.0;0.0;0.028951084774338883
GO:0071733;0.0;0.056608617115513946;0.0;0.06252474796870607;0.0;0.02457849642351956;0.16852901663661407;0.024857770018668048;0.05363923315370757;0.2701614348528477;0.4554985767229308;0.0;0.018860318009640803;0.1429661205839144;0.21244039752305788;1.0;0.2692125865836448;0.016430515760039975;0.016430515760039975;0.047442453657044595;0.1964717556372936;0.26233546078039593;0.15816931076094595;0.0;0.021040383582903943;0.23252702506718667;0.16326796972957536;0.06565602934599338;0.0;0.15293630381415857;0.06268922183041602;0.05959856069666081;0.017699386080986357;0.020111920149896736;0.054031133275955365;0.42247591072011464;0.02265271414862603;0.016820808509603918;0.0759466937700136;0.018206670843572734;0.07879904803538271;0.020377004946604303;0.12873152577961658;0.0;0.20688815204094083;0.07162384036424711;0.047289889281872693;0.052578376273632293;0.0800748794215754;0.21920637842668325;0.19027780048740378;0.018924080213231;0.01898513217417398;0.07952866789852045;0.017846288321375487;0.4893855959212659;0.28012288252710643;0.01809729474646061;0.018489420279622117;0.07051430111061184;0.3305078843834825;0.01864978894956986;0.0750100577023631;0.19926087665031494;0.02044898396350942;0.01948697196488797;0.02116973712405622;0.06518357189996392;0.273465121710456;0.24165075603735522;0.1442711455739045;0.1488779089629706;0.14495964984291118;0.019760024566423645;0.06396446292750323;0.027666107247553737;0.02231857877471457;0.07818165859784632;0.018860318009640803;0.01920656017453798;0.1702507410724189;0.36789362064412556;0.020301813908244315;0.0;0.060371741923704425;0.01580365215978331;0.056447493596425494;0.05348765461158716;0.05569691407432494;0.04836242311418777;0.08224678208888833;0.0;0.06118030945748724
GO:0055003;0.2141024246217492;0.0;0.189038671598951;0.0;0.0;0.02890698732904625;0.0;0.029294062066610248;0.0;0.0;0.0;0.22587123368770431;0.4775726993495405;0.0;0.41280045854138553;0.2692125865836448;1.0;0.16197555421439414;0.16197555421439414;0.0;0.0;0.0;0.0;0.0;0.2141024246217492;0.0;0.0;0.0;0.0;0.2828482760408277;0.0;0.020605974847087632;0.17599618441962184;0.20333531862291235;0.0;0.0;0.026279439891695934;0.1662624511403795;0.0;0.18166974775458766;0.0;0.023265192308447775;0.0;0.0;0.0;0.0;0.021390160356200373;0.0;0.0;0.0;0.23150514346772058;0.021390160356200373;0.19045331637984042;0.0;0.02002330655878193;0.0;0.0;0.1804431330634997;0.18484922057458414;0.0;0.0;0.021040383582903943;0.026804582091508978;0.0;0.023359068615026575;0.19616581274946115;0.2156135966329321;0.022805255131883986;0.0;0.0;0.0;0.0;0.0;0.6008164199022707;0.0;0.03327449286555257;0.025830808377500607;0.028132187634947712;0.189038671598951;0.0217517631520261;0.0;0.0;0.2055261511946003;0.2171980256886271;0.0;0.017487331448026902;0.01938782205326139;0.0;0.0;0.0;0.0;0.0;0.02122357021232091
GO:0030222;0.23162452902610664;0.0;0.20867027053246248;0.0;0.0;0.0232017904231567;0.0;0.023450496235711462;0.0;0.0;0.0;0.24208992215787456;0.5931969593138994;0.0;0.02370022231916722;0.016430515760039975;0.16197555421439414;1.0;0.7781902977449845;0.0;0.0;0.0;0.0;0.0;0.5823130243187083;0.0;0.0;0.0;0.0;0.017339728950274563;0.0;0.017532779044369076;0.5581794531457746;0.630739678827736;0.0;0.0;0.021478137770245764;0.3705484733652307;0.0;0.3997924909444862;0.0;0.019421595251349472;0.0;0.0;0.0;0.0;0.01809729474646061;0.0;0.0;0.0;0.27494549621980424;0.01809729474646061;0.2337192070781808;0.0;0.017109163434613224;0.0;0.0;0.39749128673875733;0.22787742936675145;0.0;0.0;0.017846288321375487;0.021827644276849877;0.0;0.01948697196488797;0.5412525213917568;0.31279440934057906;0.019100025070911946;0.0;0.0;0.0;0.0;0.0;0.018860318009640803;0.0;0.025933973164561742;0.0211775249479736;0.022699990853089706;0.4135205863833214;0.018355462662427813;0.0;0.0;0.4436493442741565;0.23439623391134895;0.0;0.015222863394942618;0.016643039333390182;0.0;0.0;0.0;0.0;0.0;0.01797790430867298
GO:0030221;0.17763511802526943;0.0;0.16003127255240313;0.0;0.0;0.0232017904231567;0.0;0.023450496235711462;0.0;0.0;0.0;0.18566113043405413;0.5931969593138994;0.0;0.02370022231916722;0.016430515760039975;0.16197555421439414;0.7781902977449845;1.0;0.0;0.0;0.0;0.0;0.0;0.5823130243187083;0.0;0.0;0.0;0.0;0.017339728950274563;0.0;0.017532779044369076;0.5581794531457746;0.630739678827736;0.0;0.0;0.021478137770245764;0.20811473415716664;0.0;0.22453933547564375;0.0;0.019421595251349472;0.0;0.0;0.0;0.0;0.01809729474646061;0.0;0.0;0.0;0.27494549621980424;0.01809729474646061;0.2337192070781808;0.0;0.017109163434613224;0.0;0.0;0.2232468878312985;0.22787742936675145;0.0;0.0;0.017846288321375487;0.021827644276849877;0.0;0.01948697196488797;0.5412525213917568;0.31279440934057906;0.019100025070911946;0.0;0.0;0.0;0.0;0.0;0.018860318009640803;0.0;0.025933973164561742;0.0211775249479736;0.022699990853089706;0.23224957890692996;0.018355462662427813;0.0;0.0;0.24917108551034947;0.1797607656261146;0.0;0.015222863394942618;0.016643039333390182;0.0;0.0;0.0;0.0;0.0;0.01797790430867298
GO:2000678;0.0;0.2663153462952428;0.0;0.05398400832893991;0.0;0.0;0.05459366486698693;0.0;0.05246170793482476;0.29828737637338015;0.07792743552898336;0.0;0.0;0.05414378547017657;0.0;0.047442453657044595;0.0;0.0;0.0;1.0;0.06500542566315574;0.060370964506213466;0.05084337125677864;0.0;0.0;0.053818706363081094;0.052681883593485024;0.057043994245362134;0.0;0.0;0.2586887610525993;0.051158810874951416;0.0;0.0;0.05289185956367083;0.07990126471138256;0.0;0.0;0.06737710389527415;0.0;0.33597020492109936;0.0;0.04815294659645838;0.0;0.06900144624970686;0.06298377326255435;0.0530926157643328;0.28595831340277594;0.07164591219205713;0.07381066877028586;0.0;0.0;0.0;0.07107691557082356;0.0;0.07591768350426575;0.07649511081907004;0.0;0.0;0.061868566404558026;0.07331033710074925;0.0;0.06641860104059281;0.05574003647685923;0.0;0.0;0.0;0.05657983142907785;0.06330696445162537;0.26280670244039595;0.24583013369492168;0.056675950521938204;0.05172736479189374;0.0;0.05538618001062766;0.0;0.0;0.06967918809339542;0.0;0.0;0.04815294659645838;0.08319742669760508;0.0;0.0;0.059958893178017954;0.0;0.04815294659645838;0.04536331797678814;0.047442453657044595;0.05444828256082857;0.07392118960477256;0.0;0.052681883593485024
GO:0050714;0.0;0.4407641492376474;0.0;0.0860426179263206;0.0;0.0;0.23279710009339036;0.0;0.07312320484522693;0.27517201238138894;0.36792793287796693;0.0;0.0;0.08635439928394528;0.0;0.1964717556372936;0.0;0.0;0.0;0.06500542566315574;1.0;0.2637568689285241;0.21348231067562762;0.0;0.0;0.5439980668640793;0.22287649131955406;0.09208633812304166;0.0;0.0;0.42531063673273184;0.08059700328111925;0.0;0.0;0.07385346033041708;0.34357016395112866;0.0;0.0;0.11369307268561249;0.0;0.12020691239462314;0.0;0.07493971695819983;0.0;0.4826524601526995;0.1042718928516665;0.06471933653226812;0.07505034514067685;0.12320138998556342;0.3420205505051491;0.0;0.0;0.0;0.12191311993725239;0.0;0.3551589444017694;0.13445208032111933;0.0;0.0;0.10193678969121225;0.12700770210949916;0.0;0.11160681842092936;0.08949205603158857;0.0;0.0;0.0;0.09115962003891537;0.28008082551516933;0.23495575305184982;0.5150382895257029;0.09135122963884301;0.19672151748112823;0.0;0.08879290279401063;0.0;0.0;0.11877607019897704;0.0;0.0;0.07493971695819983;0.15084816008531848;0.0;0.0;0.08623276745506245;0.0;0.36909131440149257;0.06981103252214887;0.07362254108662455;0.06674509692484405;0.1284189802957744;0.0;0.41133599589220793
GO:0033138;0.0;0.07284522651663869;0.0;0.07981701015540076;0.0;0.0;0.21573685483123947;0.0;0.06800107072889322;0.5859444453588937;0.46583554173700087;0.0;0.0;0.836123941222985;0.0;0.26233546078039593;0.0;0.0;0.0;0.060370964506213466;0.2637568689285241;1.0;0.19904778227493342;0.0;0.0;0.29661285062490744;0.20719031561091714;0.08499148657153023;0.0;0.0;0.08008523560002484;0.0751093627406264;0.0;0.0;0.06863216202860555;0.47106697290737565;0.0;0.0;0.10307024811027428;0.0;0.10839521683337583;0.0;0.3439197628936852;0.0;0.2828766366014576;0.09526692647232433;0.06012413637165438;0.06894026162078923;0.11082417847655011;0.30642029687951666;0.0;0.0;0.0;0.10978065744987592;0.0;0.45140911936831785;0.2733131519296302;0.0;0.0;0.09331395185674407;0.259742695218485;0.0;0.10135269129338668;0.32737773638857104;0.0;0.0;0.0;0.08420145409359747;0.5954890672302989;0.5066385244738472;0.18206145165792054;0.4569748943765838;0.1831592609681387;0.0;0.08217823908828158;0.0;0.0;0.10723039004754197;0.0;0.0;0.346723268925888;0.3026335474346665;0.0;0.0;0.07919775051348336;0.0;0.07017263604069093;0.06565602934599338;0.06901641438639028;0.061868566404558026;0.11502819059371548;0.0;0.07763903505792268
GO:0033690;0.0;0.06084463636721979;0.0;0.06706291148901057;0.0;0.0;0.18089283192382316;0.0;0.05742763996664093;0.20548060393949347;0.25313428091651935;0.0;0.0;0.06725216359697771;0.0;0.15816931076094595;0.0;0.0;0.0;0.05084337125677864;0.21348231067562762;0.19904778227493342;1.0;0.0;0.0;0.17844383807921116;0.17484538552343287;0.07067837945680996;0.0;0.0;0.06725216359697771;0.06370792878581515;0.0;0.0;0.05787708478600666;0.23384340335124;0.0;0.0;0.08274833845605407;0.0;0.0861459014958338;0.0;0.06012042206437605;0.0;0.2258372080871898;0.07764254682379705;0.05066819008535825;0.05678815801630367;0.45187824934348153;0.5764485604012419;0.0;0.0;0.0;0.08701866993047323;0.0;0.24702400117258297;0.09322428847933015;0.0;0.0;0.07634039377976336;0.08958356042005658;0.0;0.08163764993826879;0.06914003466774134;0.0;0.0;0.0;0.0701311774992276;0.20820551241248872;0.1821935209148174;0.15427332468986607;0.07024452814285073;0.15506086550084894;0.0;0.06872197826530593;0.0;0.0;0.08540855884042747;0.0;0.0;0.06012042206437605;0.10082264453831555;0.0;0.0;0.06521375543408253;0.0;0.06012042206437605;0.05677428619289395;0.05926972323512158;0.0519014352169033;0.09028338550962048;0.0;0.06551863670048165
GO:0006094;0.0;0.0;0.0;0.0;0.0;0.3008959367141229;0.0;0.0;0.0;0.0;0.0;0.0;0.0;0.0;0.0;0.0;0.0;0.0;0.0;0.0;0.0;0.0;0.0;1.0;0.0;0.0;0.0;0.0;0.0;0.0;0.0;0.0;0.0;0.0;0.0;0.0;0.271631284270743;0.0;0.0;0.0;0.0;0.1165151814588248;0.0;0.0;0.0;0.0;0.0;0.0;0.0;0.0;0.0;0.21825243180039633;0.0;0.0;0.20357432783370788;0.0;0.0;0.0;0.0;0.0;0.0;0.0;0.13550808670509995;0.0;0.0;0.0;0.0;0.0;0.0;0.0;0.0;0.0;0.0;0.0;0.0;0.35046301691535514;0.0;0.0;0.0;0.807501030572873;0.0;0.0;0.0;0.0;0.0;0.08626205960070142;0.0;0.0;0.0;0.0;0.0;0.0;0.0
GO:0030183;0.2423415192755744;0.0;0.21071843544530963;0.0;0.0;0.033596042514753545;0.0;0.034120016534274225;0.0;0.0;0.0;0.2575296776842249;0.3688925804202884;0.0;0.034651252685157424;0.021040383582903943;0.2141024246217492;0.5823130243187083;0.5823130243187083;0.0;0.0;0.0;0.0;0.0;1.0;0.0;0.0;0.0;0.0;0.0225548730860266;0.0;0.022882608116611785;0.34074515173172953;0.4002628721836011;0.0;0.0;0.0300984884481965;0.2652994039603767;0.0;0.2925818448684089;0.0;0.026209321127846012;0.0;0.0;0.0;0.0;0.02385372927394375;0.0;0.0;0.0;0.3844129916198428;0.02385372927394375;0.3083637895879435;0.0;0.02216631393546865;0.0;0.0;0.2903912302392491;0.2982752140127948;0.0;0.0;0.023419560779645108;0.03078935969288509;0.0;0.026328521074800174;0.719920864100982;0.4276458503664431;0.025627068267469248;0.0;0.0;0.0;0.0;0.0;0.025197381269559508;0.0;0.03964360639820183;0.029511444217584674;0.03255402290971606;0.3058106526277533;0.02430429968813146;0.0;0.0;0.3358419428896336;0.246315140465509;0.0;0.019100025070911946;0.021390160356200373;0.0;0.0;0.0;0.0;0.46663773115012513;0.023646741634018104
GO:0002092;0.0;0.3613821216534739;0.0;0.07103941365552983;0.0;0.0;0.19174126659227417;0.0;0.06073584800599659;0.3068571691592395;0.3841402017510901;0.0;0.0;0.1576734870540912;0.0;0.23252702506718667;0.0;0.0;0.0;0.053818706363081094;0.5439980668640793;0.29661285062490744;0.17844383807921116;0.0;0.0;1.0;0.40275772076655086;0.0751093627406264;0.0;0.0;0.35092772333194444;0.06728590139753303;0.0;0.0;0.06123879299283058;0.39401698606093555;0.0;0.0;0.08888765736820158;0.0;0.09282005005823396;0.0;0.14006965291326418;0.0;0.3747762068601461;0.3542811723942236;0.05362246177079258;0.060525514867853375;0.09459541609643599;0.2601743683289882;0.0;0.0;0.0;0.09383408847274918;0.0;0.3740912268094069;0.22370337982841626;0.0;0.0;0.08153583416093046;0.21426095250155397;0.0;0.08760732017402162;0.16237069770122145;0.0;0.0;0.0;0.07449169931295294;0.3112099023350421;0.26997961727123615;0.4294835003636278;0.16512607842265634;0.16386713639665448;0.0;0.07290379748994728;0.0;0.0;0.09196459771849017;0.0;0.0;0.14006965291326418;0.2436119885345516;0.0;0.0;0.06951342036610157;0.0;0.3117475570758745;0.05959856069666081;0.06235447317662384;0.05500567422859189;0.0976414118425317;0.0;0.3413587270937397
GO:2000251;0.0;0.06314496779019174;0.0;0.06951937510977287;0.0;0.0;0.18759276064729752;0.0;0.059472514351682666;0.21416942919066326;0.266451123619485;0.0;0.0;0.06972276648428098;0.0;0.16326796972957536;0.0;0.0;0.0;0.052681883593485024;0.22287649131955406;0.20719031561091714;0.17484538552343287;0.0;0.0;0.40275772076655086;1.0;0.07341224506711155;0.0;0.0;0.06972276648428098;0.06592070451414411;0.0;0.0;0.059954670917457195;0.24645173419706587;0.0;0.0;0.08652059165717525;0.0;0.09024195072701528;0.0;0.06208715716471687;0.0;0.2363770362250896;0.34545367637141156;0.0524938275779184;0.05909147399237539;0.09191917291984991;0.2525947238782501;0.0;0.0;0.0;0.09120015035696162;0.0;0.2596896224269035;0.09803992991306165;0.0;0.0;0.07953973536103477;0.09402145905649195;0.0;0.08530707143096844;0.07175398724971883;0.0;0.0;0.0;0.07282206919688144;0.217131318408386;0.1889919567085689;0.15966214103054324;0.07294429269029834;0.16050581128187275;0.0;0.07130382558988904;0.0;0.0;0.0894331521886232;0.0;0.0;0.06208715716471687;0.10647910216506665;0.0;0.0;0.06786350520976113;0.0;0.06208715716471687;0.0585250000880146;0.06118030945748724;0.053818706363081094;0.09479263761701041;0.0;0.06786129567721351
GO:0045652;0.0;0.06863216202860555;0.0;0.6191081873859343;0.0;0.0;0.7168615781332417;0.0;0.35310103266422227;0.08813553426089435;0.11234382950437931;0.0;0.0;0.07559560079632746;0.0;0.06565602934599338;0.0;0.0;0.0;0.057043994245362134;0.09208633812304166;0.08499148657153023;0.07067837945680996;0.0;0.0;0.0751093627406264;0.07341224506711155;1.0;0.0;0.0;0.07559560079632746;0.07114649461741367;0.0;0.0;0.06487978547301693;0.10164358122454081;0.0;0.0;0.09575143514122848;0.0;0.10033022485857103;0.0;0.0667015471606305;0.0;0.09827519125280045;0.37970375656032274;0.056823571630262706;0.06463544600758679;0.10240772236107118;0.10581274786888958;0.0;0.0;0.0;0.5118794877723409;0.0;0.10914627151582611;0.11006317324323465;0.0;0.0;0.08727451998408361;0.10502397630610255;0.0;0.09426738270273453;0.07798929117335203;0.0;0.0;0.0;0.07925270193270478;0.08947593754815056;0.07688680400840746;0.06299416831012751;0.07939748613900778;0.06335373659477554;0.0;0.07745778333864552;0.0;0.0;0.0993314857374771;0.0;0.0;0.0667015471606305;0.12081263897513239;0.0;0.0;0.33398422252694354;0.0;0.2640584366614648;0.5884556553256225;0.6171073550505958;0.058379256906837824;0.105987128540181;0.0;0.29062478292364957
GO:0009725;0.0;0.0;0.0;0.0;0.0;0.0;0.0;0.0;0.0;0.0;0.0;0.0;0.0;0.0;0.0;0.0;0.0;0.0;0.0;0.0;0.0;0.0;0.0;0.0;0.0;0.0;0.0;0.0;1.0;0.0;0.0;0.0;0.0;0.0;0.0;0.0;0.0;0.0;0.0;0.0;0.0;0.0;0.0;0.0;0.0;0.0;0.0;0.0;0.0;0.0;0.0;0.0;0.0;0.0;0.0;0.0;0.0;0.0;0.0;0.0;0.0;0.637893568454899;0.0;0.0;0.0;0.0;0.0;0.0;0.0;0.0;0.0;0.0;0.0;0.0;0.0;0.0;0.7413737224977983;0.0;0.0;0.0;0.0;0.0;0.0;0.0;0.0;0.0;0.0;0.0;0.0;0.0;0.0;0.3444545847255504;0.0
GO:0006930;0.0;0.0;0.0;0.0;0.0;0.026670480521007286;0.0;0.026999636045706096;0.0;0.0;0.0;0.0;0.02006821524873952;0.0;0.3800712479385023;0.15293630381415857;0.2828482760408277;0.017339728950274563;0.017339728950274563;0.0;0.0;0.0;0.0;0.0;0.0225548730860266;0.0;0.0;0.0;0.0;1.0;0.0;0.019443700530977902;0.018758980498249034;0.021491315517021915;0.0;0.0;0.024417945322409495;0.017774984128329507;0.0;0.01932980117066826;0.0;0.02179428335430022;0.0;0.0;0.0;0.0;0.02014042183934945;0.0;0.0;0.0;0.5238477770031303;0.02014042183934945;0.020209588569859743;0.0;0.018924080213231;0.0;0.0;0.01920656017453798;0.019648816607209404;0.0;0.0;0.01983002654283323;0.024870685085529226;0.0;0.021876643500360515;0.020779219834586204;0.02270358440312335;0.021390160356200373;0.0;0.0;0.0;0.0;0.0;0.021089976034555206;0.0;0.03034535249906935;0.024030151135821964;0.02600956339513095;0.02006821524873952;0.020460688760885998;0.0;0.0;0.021708291142540363;0.0;0.0;0.016643039333390182;0.01835546266242781;0.0;0.0;0.0;0.0;0.0;0.019992662136233234
GO:0060314;0.0;0.8355574617883257;0.0;0.07147423134874605;0.0;0.0;0.252611357948991;0.0;0.061096950319903746;0.40339273936412273;0.1039278791385494;0.0;0.0;0.07168923979923034;0.0;0.06268922183041602;0.0;0.0;0.0;0.2586887610525993;0.42531063673273184;0.08008523560002484;0.06725216359697771;0.0;0.0;0.35092772333194444;0.06972276648428098;0.07559560079632746;0.0;0.0;1.0;0.06767585792175514;0.0;0.0;0.06160591861795575;0.09383164882945687;0.0;0.0;0.31566321843679457;0.0;0.3497555166451729;0.0;0.06364170119200789;0.0;0.37772164912870115;0.2921751388871173;0.24555429574770046;0.29114532969136026;0.09536797391840339;0.09831421682459249;0.0;0.0;0.0;0.0945942108958734;0.0;0.10118560358390433;0.10197315047277702;0.0;0.0;0.08210915595657095;0.09763291839151503;0.0;0.08826955140954015;0.07383842008629447;0.0;0.0;0.0;0.07496994761288162;0.08405479733434908;0.26718139673569113;0.6332671917243328;0.07509949378271663;0.21367270360474805;0.0;0.2742375488389184;0.0;0.0;0.0926946156526132;0.0;0.0;0.06364170119200789;0.11113467847179646;0.0;0.0;0.27788804147106555;0.0;0.7471585530871405;0.20931683138239757;0.21904786709150406;0.2519275743088512;0.09846474031834439;0.0;0.8185507355697447
GO:0038180;0.0;0.06123879299283058;0.0;0.06748421709113606;0.0;0.02712995012846432;0.06821520878684885;0.02747061692506122;0.05777864084202347;0.07755427034540745;0.09570036915576074;0.0;0.020327253806802243;0.06767585792175514;0.027813929900165492;0.05959856069666081;0.020605974847087632;0.017532779044369076;0.017532779044369076;0.051158810874951416;0.08059700328111925;0.0751093627406264;0.06370792878581515;0.0;0.022882608116611785;0.06728590139753303;0.06592070451414411;0.07114649461741367;0.0;0.019443700530977902;0.06767585792175514;1.0;0.01898513217417398;0.021788667351538005;0.058233618277702646;0.08622630010363651;0.024802521074261702;0.01797790430867298;0.0833907148825629;0.01957001359577429;0.0868423335003293;0.022100137607658533;0.06045879382841808;0.0;0.08529844530974716;0.07820782549547413;0.050981453053261495;0.05718196034481391;0.088394479773686;0.09091990065110615;0.02463871734313314;0.020401339940053793;0.020472313539169208;0.08772934312446701;0.019154254597201287;0.09337022746264595;0.0940404126107258;0.019443700530977902;0.01989707421866705;0.07688680400840746;0.0903369268209372;0.020082913816025467;0.21786893733756094;0.0695879295749403;0.02218483009939226;0.021057065768047428;0.02303568721655709;0.18695945887010063;0.07859025325153365;0.06870883967584908;0.05670999651689509;0.0707068951991919;0.05700123764407563;0.02137625180786892;0.06916445580749518;0.030941579472333947;0.024402515449014905;0.36970028266240207;0.020327253806802243;0.02073002640556365;0.06045879382841808;0.1017779103404574;0.022011719779681096;0.0;0.06566676223604619;0.016820808509603918;0.16012204763420562;0.05707594597774237;0.05959856069666081;0.05223018264936246;0.09104861872733003;0.0;0.1745876409352502
GO:0030219;0.19464009055611722;0.0;0.1737031227999728;0.0;0.0;0.02581518229491977;0.0;0.026123442886886162;0.0;0.0;0.0;0.20431817264116864;0.6438751790499676;0.0;0.026433718847368413;0.017699386080986357;0.17599618441962184;0.5581794531457746;0.5581794531457746;0.0;0.0;0.0;0.0;0.0;0.34074515173172953;0.0;0.0;0.0;0.0;0.018758980498249034;0.0;0.01898513217417398;1.0;0.6883470936099958;0.0;0.0;0.02369907260266901;0.22390663948694894;0.0;0.24303297404954968;0.0;0.021219776862578924;0.0;0.0;0.0;0.0;0.019648816607209404;0.0;0.0;0.0;0.3031966177728369;0.019648816607209404;0.25382360862109765;0.0;0.018489420279622113;0.0;0.0;0.2415195777933891;0.24694837441018808;0.0;0.0;0.0193532780096808;0.02412531447258661;0.0;0.021297844365349615;0.31459469958676906;0.342930165403018;0.02083649140926217;0.0;0.0;0.0;0.0;0.0;0.020551542567957427;0.0;0.029242987391330848;0.0233336050134118;0.02519548302018398;0.25209120993462114;0.0199535213561624;0.0;0.0;0.2721523813982857;0.19719512048184978;0.0;0.016305915572199955;0.01794624859974998;0.0;0.0;0.0;0.0;0.0;0.019508156980232633
GO:0030218;0.22863774082222144;0.0;0.20028070157418013;0.0;0.0;0.03128958460041657;0.0;0.03174359765638247;0.0;0.0;0.0;0.24210902200439713;0.7423917918552732;0.0;0.03220291278548523;0.020111920149896736;0.20333531862291235;0.630739678827736;0.630739678827736;0.0;0.0;0.0;0.0;0.0;0.4002628721836011;0.0;0.0;0.0;0.0;0.021491315517021915;0.0;0.021788667351538005;0.6883470936099958;1.0;0.0;0.0;0.028233939534568212;0.25382360862109765;0.0;0.2786862415251894;0.0;0.024784086694019297;0.0;0.0;0.0;0.0;0.022667373102279776;0.0;0.0;0.0;0.3607781452272399;0.022667373102279776;0.29296813137236294;0.0;0.02113824999963302;0.0;0.0;0.2766980567190276;0.28384689235515975;0.0;0.0;0.022274961864690142;0.02884100231057392;0.0;0.024890648841227676;0.3646565257334029;0.40328123965108387;0.02426280689616606;0.0;0.0;0.0;0.0;0.0;0.023877307001064007;0.0;0.036471253718724825;0.027716750313618102;0.030383799885614713;0.29066261776151414;0.023073858254927183;0.0;0.0;0.31766112133488666;0.23217139595059832;0.0;0.0183317861014124;0.020431274075746683;0.0;0.0;0.0;0.0;0.0;0.02248038167603477
GO:0046597;0.0;0.06340815317458483;0.0;0.06142547964439366;0.0;0.0;0.062113931997033064;0.0;0.1817461223310947;0.07095478833117141;0.08837644605053119;0.0;0.0;0.18752975912799602;0.0;0.054031133275955365;0.0;0.0;0.0;0.05289185956367083;0.07385346033041708;0.06863216202860555;0.05787708478600666;0.0;0.0;0.06123879299283058;0.059954670917457195;0.06487978547301693;0.0;0.0;0.06160591861795575;0.058233618277702646;0.0;0.0;1.0;0.09059026469438282;0.0;0.0;0.07652286453706554;0.0;0.0798314801502469;0.0;0.16691862696549623;0.0;0.07835010751997713;0.0715766397392745;0.05270230417508799;0.05935578016573277;0.24754943030280652;0.0837552563781301;0.0;0.0;0.0;0.08068363575440682;0.0;0.08612109743107554;0.2641273844617779;0.0;0.0;0.21405600621371335;0.25324210159308924;0.0;0.075444247811111;0.06340815317458483;0.0;0.0;0.0;0.06435599734373572;0.07194070883726424;0.06257912621798883;0.05856549841260175;0.19623124942201656;0.05887616184139442;0.0;0.1917998654893617;0.0;0.0;0.07911226531058141;0.0;0.0;0.05483489871940071;0.09428450643674958;0.0;0.0;0.06816758820461293;0.0;0.05483489871940071;0.05167814210734427;0.054031133275955365;0.054037861104566445;0.2553306849230526;0.0;0.059954670917457195
GO:0010628;0.0;0.09807747689575257;0.0;0.0934137036764304;0.0;0.0;0.26002918747522324;0.0;0.08949397809928585;0.49744129647080887;0.9518295132107676;0.0;0.0;0.2357313285776084;0.0;0.42247591072011464;0.0;0.0;0.0;0.07990126471138256;0.34357016395112866;0.47106697290737565;0.23384340335124;0.0;0.0;0.39401698606093555;0.24645173419706587;0.10164358122454081;0.0;0.0;0.09383164882945687;0.08622630010363651;0.0;0.0;0.09059026469438282;1.0;0.0;0.0;0.1334549030038973;0.0;0.14385249694710675;0.0;0.19841503273252012;0.0;0.3807118328883006;0.11910125778746018;0.07946947559020116;0.09563425575576158;0.14876966557440863;0.4299806974310127;0.0;0.0;0.0;0.1466433635643769;0.0;0.9051071659038554;0.4222316384953367;0.0;0.0;0.11566232705046356;0.5003976773850533;0.0;0.13020834510903856;0.24639803542402774;0.0;0.0;0.0;0.10036386243624791;0.5089815742139792;0.407261368510008;0.2379731680793829;0.2528054688815495;0.23985227660579092;0.0;0.09712508080493412;0.0;0.0;0.1415339354206849;0.0;0.0;0.19841503273252012;0.6410284708883927;0.0;0.0;0.10995165091455554;0.0;0.07897808825912443;0.07259149147630586;0.07732142338046709;0.08254578416347798;0.15755330175212526;0.0;0.09005402056178499
