;GO:0090336;GO:0046697;GO:0090050;GO:0045766;GO:0097089;GO:0000187;GO:0050796;GO:0045893;GO:0071498;GO:0031915;GO:0032729;GO:0051926;GO:0010656;GO:0019886;GO:0070206;GO:0033138;GO:1902042;GO:0016239;GO:0043518;GO:0042307;GO:0007264;GO:0034220;GO:1902166;GO:0051260;GO:0042264;GO:0008631;GO:0046466;GO:0008630;GO:0042542;GO:0006699;GO:0001561;GO:1903779;GO:0045657;GO:0001676;GO:0048016;GO:1990776;GO:0071243;GO:0030890;GO:0016242;GO:0031622;GO:0016125;GO:0071407;GO:0010025;GO:0045429;GO:0008285;GO:0043123;GO:0045786;GO:0046598;GO:0022900;GO:1902219;GO:0090271;GO:0006788;GO:0043524;GO:0048661;GO:0002455;GO:0034605;GO:0048146;GO:0019221;GO:0051384;GO:0071276;GO:2000377;GO:0071318;GO:0050731;GO:0050852;GO:0008210;GO:0090200;GO:0042167;GO:0035094;GO:0033629;GO:0071260;GO:0002503;GO:0097755;GO:0016064;GO:0001934;GO:0002506;GO:0097756;GO:0050900;GO:0032496;GO:0002906;GO:0030199;GO:0009750;GO:0034395;GO:0042572;GO:0051291;GO:0042574;GO:0038195;GO:0043388;GO:0043542;GO:0006886;GO:0042730;GO:0051290;GO:0043305;GO:0006879;GO:0002830;GO:0050873;GO:0043392;GO:0006635;GO:0043030;GO:0097202;GO:0043154;GO:0060291;GO:0051209;GO:0051968;GO:0071456;GO:2001243;GO:0032764;GO:0010575;GO:0007186;GO:0031394;GO:0032088;GO:0031670;GO:0090023;GO:0043312;GO:0043433;GO:0042102;GO:1904706;GO:0009404;GO:0046427;GO:0071284;GO:0002686;GO:0045581;GO:0045582;GO:0001516;GO:0002606;GO:0032355;GO:0006809;GO:0030336;GO:0044539;GO:0033280;GO:0042759;GO:1904036;GO:0045907;GO:0045742;GO:1903589;GO:0045986;GO:0045987;GO:0060907;GO:0071471;GO:0001961;GO:0097267;GO:0097421;GO:0034644;GO:0070542;GO:0070301;GO:0032227;GO:0035336;GO:2001268;GO:0071636;GO:0072719;GO:0060333;GO:0043619;GO:0035691;GO:0090362;GO:0051085;GO:0042760;GO:0002792;GO:0061304;GO:0019371;GO:0006625;GO:0019373;GO:0019372;GO:0014806;GO:0070374;GO:0043065;GO:2000343;GO:0034356;GO:0071346;GO:0045080
GO:0090336;1.0;0.0;0.40538717682886555;0.4995494426497109;0.0;0.22332356536335643;0.31975175394640853;0.31079020314947486;0.0;0.4259652100560939;0.4261106953205525;0.32033624293750007;0.3854558229145893;0.0;0.0;0.337031932684773;0.2814227330380664;0.4660685616057632;0.2952930443479491;0.2658834742075522;0.4599330888758567;0.0;0.22510079148434203;0.0;0.0;0.43124357077071807;0.0;0.36499935519118826;0.0;0.0;0.0;0.3556561614187602;0.5859173163360932;0.0;0.44530569594610697;0.0;0.0;0.39394363544028776;0.3407972365899167;0.30156452890940944;0.0;0.0;0.0;0.388117574386037;0.46885865642220603;0.46419595130456925;0.4693645483346899;0.39162575668147204;0.0;0.2496978542326947;0.3983819970595302;0.0;0.36419136739252855;0.6008899136787123;0.0;0.0;0.6011324967034515;0.45902182861151236;0.0;0.0;0.48481440456610714;0.0;0.3368960328961687;0.36139946961200925;0.18792807068426134;0.35409206896897333;0.0;0.0;0.44055312323520585;0.0;0.0;0.21592845882540002;0.0;0.34959689637461266;0.0;0.2159508335733601;0.0;0.0;0.3063432874478785;0.0;0.0;0.3013497786027189;0.15866893600164794;0.0;0.0;0.4603574848630782;0.2568670793337148;0.0;0.0;0.23163594063232906;0.0;0.23134721919924742;0.1776599625590202;0.3965867560671539;0.0;0.25715121929239926;0.0;0.4765515319571489;0.2586623100727731;0.2076589470778803;0.49557937969886046;0.18948993828756672;0.5118182819230399;0.0;0.2804316972218395;0.24310828059184095;0.4264608709388574;0.47655960926098573;0.3545288337767371;0.2745998868273047;0.0;0.3406343019505555;0.0;0.28019228900132936;0.3486448534356339;0.41292883396936825;0.0;0.44256030592028583;0.0;0.3369369615926095;0.30690360251579935;0.46324354475857066;0.0;0.4297767461936639;0.0;0.16622667221573006;0.3749493634486529;0.0;0.0;0.0;0.38541011779115186;0.309547227692931;0.4669761672534711;0.4845433551375474;0.32171617567211125;0.40046029296894986;0.295023826012996;0.0;0.46661151524132793;0.0;0.0;0.0;0.0;0.0;0.3743841224937396;0.0;0.17331219726420816;0.4265467667873663;0.0;0.44422207346365505;0.25379402288813374;0.444739251301462;0.4270158092714059;0.0;0.0;0.3196817115628612;0.0;0.0;0.0;0.0;0.0;0.0;0.2714413765432425;0.5601447999532609;0.4007303274629489;0.0;0.0;0.32460567936859597
GO:0046697;0.0;1.0;0.0;0.0;0.0;0.0;0.0;0.0;0.0;0.0;0.0;0.0;0.0;0.0;0.0;0.0;0.0;0.0;0.0;0.0;0.0;0.0;0.0;0.0;0.0;0.0;0.0;0.0;0.0;0.0;0.0;0.0;0.0;0.0;0.0;0.0;0.0;0.0;0.0;0.0;0.0;0.0;0.0;0.0;0.0;0.0;0.0;0.0;0.0;0.0;0.0;0.0;0.0;0.0;0.0;0.0;0.0;0.0;0.0;0.0;0.0;0.0;0.0;0.0;0.0;0.0;0.0;0.0;0.0;0.0;0.0;0.0;0.0;0.0;0.0;0.0;0.0;0.0;0.0;0.0;0.0;0.0;0.0;0.0;0.0;0.0;0.0;0.0;0.0;0.0;0.0;0.0;0.0;0.0;0.350393382312978;0.0;0.0;0.0;0.0;0.0;0.0;0.0;0.0;0.0;0.0;0.0;0.0;0.0;0.0;0.0;0.0;0.0;0.0;0.0;0.0;0.0;0.0;0.0;0.0;0.0;0.0;0.0;0.0;0.0;0.0;0.0;0.0;0.0;0.0;0.0;0.0;0.0;0.0;0.0;0.0;0.0;0.0;0.0;0.0;0.0;0.4537343416058377;0.0;0.0;0.0;0.0;0.0;0.0;0.0;0.0;0.0;0.0;0.0;0.0;0.0;0.0;0.0;0.37208092909491003;0.0;0.0;0.0;0.0;0.0;0.0;0.0;0.0;0.0;0.0;0.0
GO:0090050;0.40538717682886555;0.0;1.0;0.6061322504523344;0.0;0.1772727748860428;0.24703534006302538;0.22826771616619995;0.0;0.2535444103297634;0.33413633833110157;0.23367544986850275;0.23861771544039312;0.0;0.0;0.24211350123686085;0.19418056895335123;0.30222223339997056;0.2006847706556886;0.21608667518981284;0.2652026096415026;0.0;0.16559232989073477;0.0;0.0;0.25540515162301025;0.0;0.23061648161170042;0.0;0.0;0.0;0.24877983780863783;0.43462206931982256;0.0;0.26027290638707884;0.0;0.0;0.2701497581889631;0.22071309647527088;0.26931018669750123;0.0;0.0;0.0;0.26739718391277273;0.2681460034292228;0.30143371019076626;0.2683113959861794;0.2362293950182849;0.0;0.17852957494208319;0.32110975191249486;0.0;0.23029366535873144;0.3536799909846886;0.0;0.0;0.3537640180963536;0.2648993789385027;0.0;0.0;0.2732899289897071;0.0;0.24204336151855638;0.24330241418280665;0.11892260889469394;0.2507937249854719;0.0;0.0;0.2586421074217086;0.0;0.0;0.12955367120602718;0.0;0.24853033869440624;0.0;0.12956172535817048;0.0;0.0;0.20572811129074017;0.0;0.0;0.2034639483112132;0.10649541045729848;0.0;0.0;0.26534365795911385;0.14325191991605532;0.0;0.0;0.19037852675618747;0.0;0.20129731114412588;0.1147265872968469;0.23802543926811748;0.0;0.14334024903191375;0.0;0.27064466650307045;0.19883637635008822;0.15595609647082997;0.3143609628954806;0.16977077280406952;0.3208177223339568;0.0;0.1937082265795645;0.19662502021521483;0.334296325690448;0.27064727171132275;0.2510127492964967;0.19090765072767726;0.0;0.4913886467285343;0.0;0.19359396620022803;0.2480488098928494;0.24886780945658005;0.0;0.2921588594926008;0.0;0.3913434399567246;0.2527549472122638;0.36807673063708496;0.0;0.2495941169891146;0.0;0.10984753636480729;0.41896167253842487;0.0;0.0;0.0;0.23860019920998773;0.2740004003124361;0.30260360924140994;0.6326338075425553;0.2345995817893028;0.3221112582352768;0.2654045282409677;0.0;0.3024504452139936;0.0;0.0;0.0;0.0;0.0;0.23432779941876286;0.0;0.1357513913453995;0.3343355528239332;0.0;0.2599023461773633;0.1806137908621875;0.2600792960651641;0.3345496400620815;0.0;0.0;0.2333895378244633;0.0;0.0;0.0;0.0;0.0;0.0;0.2063024122551599;0.3391590675668465;0.32224107789200124;0.0;0.0;0.29199658600156486
GO:0045766;0.4995494426497109;0.0;0.6061322504523344;1.0;0.0;0.15559329966656918;0.24650869898511232;0.21704944126284814;0.0;0.32970839375333577;0.5829962471217757;0.325416480601016;0.29789783568619116;0.0;0.0;0.23554473924980962;0.21664742092088088;0.3268772571945527;0.2274435473945453;0.2686738475899893;0.3564571758238844;0.0;0.17292375197910817;0.0;0.0;0.3338604602314331;0.0;0.281870968516002;0.0;0.0;0.0;0.44186605576807025;0.5193706096884695;0.0;0.34493009143036785;0.0;0.0;0.27574757839558467;0.2629413661749917;0.4105634721484922;0.0;0.0;0.0;0.27162625910374705;0.3634972088152537;0.3255472006965336;0.3638963727785328;0.3977096694416025;0.0;0.19199616415209914;0.5444586956010247;0.0;0.28123844729268493;0.42299657479110586;0.0;0.0;0.4231701638484039;0.3557386871867551;0.0;0.0;0.37609412841383333;0.0;0.23544888816022572;0.2922718708046217;0.19049858910969442;0.2475830261570705;0.0;0.0;0.3411875765760795;0.0;0.0;0.21932896189016862;0.0;0.24440997146030505;0.0;0.21935204695277546;0.0;0.0;0.23605268843587998;0.0;0.0;0.23216140771361313;0.1604974459932757;0.0;0.0;0.35679181027410317;0.2616936530080246;0.0;0.0;0.2860244872536756;0.0;0.18633019219267422;0.1799555407584894;0.40282701157478207;0.0;0.26198857748902404;0.0;0.3695687681683171;0.18038788432603808;0.15942072392222734;0.3478559036411064;0.14537347180260413;0.3594142988972563;0.0;0.2158764661473643;0.3003604030592238;0.5834834666329142;0.3695751449910131;0.24789137144876477;0.21134089699712216;0.0;0.2380857752853664;0.0;0.2156902323227721;0.24373804287563697;0.31946079488201845;0.0;0.3101899692155497;0.0;0.2599252510382473;0.2935126415504593;0.4096925771238817;0.0;0.4371148535096183;0.0;0.16823462453722732;0.28966333929114707;0.0;0.0;0.0;0.2978619999263184;0.4215644927132584;0.32752195018566865;0.725754522421948;0.3990274728643191;0.5473441867359544;0.40155485071765;0.0;0.3272629256920431;0.0;0.0;0.0;0.0;0.0;0.2892205131924301;0.0;0.13288180787590356;0.5836029805455433;0.0;0.3440766515888196;0.19517572386536566;0.34448396201405124;0.5842556120657705;0.0;0.0;0.32474104596285;0.0;0.0;0.0;0.0;0.0;0.0;0.18936576714389258;0.3938727590143758;0.547719135627919;0.0;0.0;0.30511607930546164
GO:0097089;0.0;0.0;0.0;0.0;1.0;0.0;0.0;0.0;0.24749091360134357;0.0;0.0;0.0;0.0;0.0;0.23742685709770392;0.0;0.0;0.0;0.0;0.0;0.2335796022307471;0.0;0.0;0.23716218113108514;0.43841627318919973;0.2196372499847042;0.6169777396481787;0.1871369130363917;0.0;0.6128548240831335;0.6889352684632931;0.0;0.0;0.9488018605207327;0.22648104685494264;0.0;0.2476865576675349;0.0;0.0;0.0;0.4818073031724046;0.22953666651776303;0.3208502192799297;0.0;0.0;0.0;0.0;0.0;0.46163900834875005;0.0;0.0;0.4013245221870242;0.0;0.0;0.0;0.23094253730703482;0.0;0.2331379793607479;0.0;0.21734191867592043;0.0;0.1312810161330285;0.0;0.15684456131609734;0.5499175654661214;0.0;0.30652332775242974;0.0;0.0;0.22449230054174868;0.23019825192133403;0.0;0.0;0.0;0.2309669511506257;0.0;0.24916443874635386;0.0;0.0;0.2388668678719172;0.0;0.0;0.561366154193121;0.23733931323296645;0.640043107330488;0.2337852493354155;0.0;0.2422603752563918;0.0;0.0;0.22292317433676545;0.0;0.1765462496837793;0.0;0.2576010182818717;0.0;0.688672381913333;0.0;0.1718056264740394;0.0;0.0;0.09889819691103746;0.0;0.19768574540305472;0.0;0.0;0.0;0.241623235599773;0.0;0.0;0.1983096823358361;0.0;0.16012780841604726;0.0;0.0;0.0;0.480478620907892;0.0;0.21755250871238888;0.0;0.0;0.0;0.6375828154080118;0.0;0.0;0.3033886582435968;0.0;0.0;0.0;0.7400775314036878;0.0;0.0;0.0;0.0;0.0;0.0;0.0;0.21130009493653282;0.0;0.8399522373605934;0.0;0.21183598740833903;0.0;0.16169470142230505;0.0;0.4484349226082727;0.0;0.0;0.21121252360879844;0.22595434922447194;0.13159326298895554;0.22620573911501973;0.0;0.26251393742835133;0.7317710185171445;0.0;0.0;0.8399206702029683;0.1361346751739298;0.8397971542026296;0.9021680760705997;0.0;0.0;0.0;0.0;0.29540257054407526;0.21600751085019612;0.0
GO:0000187;0.22332356536335643;0.0;0.1772727748860428;0.15559329966656918;0.0;1.0;0.20118774651876337;0.37890748937003454;0.0;0.22775664716900185;0.16421187097589676;0.1283444679605321;0.16255593969417087;0.0;0.0;0.6898734290862878;0.23797133915456942;0.32364434570208744;0.2670099234585096;0.13326347159557997;0.1744705379393674;0.0;0.2317643645662208;0.0;0.0;0.17017590419701997;0.0;0.15880254497917914;0.0;0.0;0.0;0.163940869032639;0.19627575804599;0.0;0.1723233002278552;0.0;0.0;0.19491609248940742;0.21409359109176132;0.19261886297233255;0.0;0.0;0.0;0.3475510252108124;0.17573962390072412;0.465064719499232;0.175810650396315;0.15882232868334378;0.0;0.24517618586940565;0.1599222320809398;0.0;0.1586494083888062;0.23495264264224294;0.0;0.0;0.23498972134120416;0.17433924792142502;0.0;0.0;0.24729884156338047;0.0;0.6897249290105424;0.2235489968403455;0.08195820545949785;0.3647507294848156;0.0;0.0;0.17160690777103463;0.0;0.0;0.08687101404105696;0.0;0.7033662597142556;0.0;0.08687463531406599;0.0;0.0;0.14659082787853708;0.0;0.0;0.2860323020495155;0.07585764533374868;0.0;0.0;0.17453157273679337;0.1524680233675006;0.0;0.0;0.13713225845200033;0.0;0.15705986039170997;0.07994316853014084;0.2170490016203388;0.0;0.12355123693779499;0.0;0.1768094472103987;0.4888737499663497;0.31502275483021003;0.3223326239084208;0.11318974657953572;0.3268722687210715;0.0;0.26028290975574153;0.14031303310659918;0.16426385032385743;0.1768105590777616;0.3092020656007292;0.2969267677579009;0.0;0.22596880597844926;0.0;0.29995523262935464;0.1831425760950515;0.1672486295374415;0.0;0.4549692097405272;0.0;0.15324938533723637;0.12689571339628547;0.17368117910410374;0.0;0.16475346297492216;0.0;0.07754319739951306;0.16065743001198582;0.0;0.0;0.0;0.1625478104319861;0.14340185459039442;0.4173577130302638;0.19444189267750872;0.12856541095628282;0.16025609764245877;0.19063346481888546;0.0;0.4172102073483409;0.0;0.0;0.0;0.0;0.0;0.2159292287909111;0.0;0.3569981992554506;0.16427659251204033;0.0;0.17216078357998385;0.26231072251944043;0.172238408031406;0.1643461168249838;0.0;0.0;0.12823927061219634;0.0;0.0;0.0;0.0;0.0;0.0;0.8389471679557817;0.22845492011983784;0.1602993245161956;0.0;0.0;0.4302927270337205
GO:0050796;0.31975175394640853;0.0;0.24703534006302538;0.24650869898511232;0.0;0.20118774651876337;1.0;0.20180657136272412;0.0;0.5256894253477535;0.27504287348084533;0.3737567340913045;0.3191294942243671;0.0;0.0;0.21685383332829802;0.3286213248313721;0.2870295492673018;0.34259327116297195;0.41459232190127726;0.368538257266354;0.0;0.26997184566461496;0.0;0.0;0.34988666415587333;0.0;0.3049780904766254;0.0;0.0;0.0;0.34849389749303666;0.25161501704845257;0.0;0.35908685797214696;0.0;0.0;0.2485643547621634;0.28789494262072673;0.2531749845113901;0.0;0.0;0.0;0.28774035098361944;0.37424699574054604;0.38471557163729514;0.3745692479887821;0.2568301456446103;0.0;0.2959715482127113;0.2604441407373134;0.0;0.30441378273181213;0.35420226155523465;0.0;0.0;0.3543179368847594;0.36795294274640267;0.0;0.0;0.384343656372793;0.0;0.21677661287376745;0.2612172731908956;0.2557368926352019;0.3046076930495712;0.0;0.0;0.355990083017395;0.0;0.0;0.23509506500860097;0.0;0.22396212588796416;0.0;0.23511494816732229;0.0;0.0;0.3083095981021618;0.0;0.0;0.25922879352076195;0.22157322177942296;0.0;0.0;0.3688106951448147;0.20259785702743655;0.0;0.0;0.2441128566078523;0.0;0.2881289979855716;0.19994237611756785;0.25948605079636966;0.0;0.20277457618278075;0.0;0.3791322360536447;0.17108053178852414;0.1867489825486746;0.4586709589675093;0.23031424985499116;0.41757641807525936;0.0;0.3276160783864408;0.20741746426653654;0.2752248708794519;0.37913734847451885;0.22673540343155915;0.2391855085627091;0.0;0.2554475122889969;0.0;0.24341733879242947;0.2234256942339136;0.33773309468198354;0.0;0.36944027796627193;0.0;0.3327442849878175;0.20566472176968256;0.20475021871218713;0.0;0.2769453550071159;0.0;0.1889760581716514;0.36397064216040054;0.0;0.0;0.0;0.31909816436729066;0.258875676344686;0.38666256229977763;0.2475078955408885;0.26204549361425195;0.2615513062005671;0.20256108458105054;0.0;0.3864074005808758;0.0;0.0;0.0;0.0;0.0;0.41894120435410037;0.0;0.21316807825511225;0.27526950478972817;0.0;0.3583818968018687;0.22324436820034618;0.3587184347715027;0.27551317075201176;0.0;0.0;0.5299710802305423;0.0;0.0;0.0;0.0;0.0;0.0;0.24035891601117648;0.3345165875165108;0.2616950048631093;0.0;0.0;0.20976279878638027
GO:0045893;0.31079020314947486;0.0;0.22826771616619995;0.21704944126284814;0.0;0.37890748937003454;0.20180657136272412;1.0;0.0;0.23949666836774638;0.23419604314706918;0.18112334386329648;0.22613460767527346;0.0;0.0;0.5120655275366942;0.1858326027293751;0.4409330335242536;0.19178101890902782;0.17592733418285036;0.24987236700764195;0.0;0.15948280976746032;0.0;0.0;0.24115625646761682;0.0;0.21893600572933059;0.0;0.0;0.0;0.19189865019081787;0.26077866364217533;0.0;0.24549141433712046;0.0;0.0;0.2583839405124388;0.29185171926926773;0.190870335704092;0.0;0.0;0.0;0.5869233893321935;0.25248363054510553;0.2868586044477069;0.25263026097616315;0.22338495879162173;0.0;0.17144853641282284;0.2255670034713992;0.0;0.21864504131229812;0.33378130005075957;0.0;0.0;0.3338561370995123;0.2496031622360519;0.0;0.0;0.35724063212234963;0.0;0.5119229983350474;0.23230231463023124;0.1129145623695517;0.24062178870973705;0.0;0.0;0.2440400725865672;0.0;0.0;0.12245549299659877;0.0;0.5250913409710878;0.0;0.12246268873628012;0.0;0.0;0.19638164308825803;0.0;0.0;0.7268660831453544;0.1016518461985462;0.0;0.0;0.24999757597497257;0.13462333271789848;0.0;0.0;0.14888709129076785;0.0;0.17064201978148108;0.10912504751977797;0.224990337556101;0.0;0.13470133863134262;0.0;0.2546977200896786;0.4235034352001708;0.29603822891653636;0.29854172136852597;0.14074320155061476;0.3043589857956468;0.0;0.1853999548224527;0.15354442556800638;0.23430178317641825;0.2547000273328412;0.5228641806553563;0.6839065567505411;0.0;0.23433060466008876;0.0;0.693117476404272;0.2380938978632665;0.23531966109552513;0.0;0.27844648052403875;0.0;0.2085189113554551;0.16257774748079032;0.22234707732389494;0.0;0.23529918947338713;0.0;0.10470162110235447;0.22247729670474709;0.0;0.0;0.0;0.22611887614341752;0.1940374709478043;0.28791790456400324;0.2575513084719116;0.1815636779857012;0.22623178264545565;0.18822906930386218;0.0;0.2877792428436173;0.0;0.0;0.0;0.0;0.0;0.22227817156522583;0.0;0.25885314457590686;0.2343277085826296;0.0;0.24516172219729013;0.648508921701123;0.24531916341826757;0.23446919378118242;0.0;0.0;0.1809139070698726;0.0;0.0;0.0;0.0;0.0;0.0;0.4388710196232426;0.32081841694008106;0.22631793758192675;0.0;0.0;0.6676558751608669
GO:0071498;0.0;0.0;0.0;0.0;0.24749091360134357;0.0;0.0;0.0;1.0;0.0;0.0;0.0;0.0;0.0;0.3336489744353553;0.0;0.0;0.0;0.0;0.0;0.32610103900395837;0.0;0.0;0.3331265322389697;0.2066479169204403;0.29955364306851856;0.24737449120673827;0.5540208148035315;0.35619259123253266;0.16685226183343976;0.16582789921273067;0.0;0.0;0.247156566968116;0.31242980139256915;0.25876482102409154;0.590781063194107;0.0;0.0;0.0;0.0;0.5307538655649793;0.0;0.0;0.0;0.0;0.0;0.0;0.3629707805606535;0.0;0.0;0.22810170034393512;0.0;0.0;0.2521289268483455;0.7342711017230079;0.0;0.32524091519358606;0.2710220892991632;0.4924419157270853;0.0;0.26045683356901966;0.0;0.1937579867891341;0.24091684953949694;0.0;0.16351731949124712;0.35262275641188523;0.0;0.5147168540257188;0.3195480182802947;0.0;0.27429888871642316;0.0;0.32103117800509856;0.0;0.3573020737162347;0.26926364022099025;0.0;0.33649969369883126;0.29954122025966723;0.0;0.19592294658826417;0.3334761199218306;0.25953787278133317;0.32650200598933554;0.0;0.3432735425732326;0.0;0.0;0.30569925785950947;0.0;0.22474048325090246;0.0;0.3749094520996011;0.0;0.16575188220863912;0.0;0.0;0.0;0.0;0.11240064260112359;0.0;0.5951193857742852;0.0;0.0;0.0;0.3419957082660306;0.0;0.0;0.4356364125182489;0.0;0.19879332631461213;0.0;0.0;0.0;0.38470560977656587;0.0;0.4930904316361321;0.0;0.0;0.0;0.15119720496345;0.0;0.28262715775345104;0.20722479304698627;0.0;0.0;0.24833749842937394;0.1808419727251967;0.0;0.0;0.0;0.0;0.0;0.0;0.0;0.6502556099995295;0.0;0.2115170544700087;0.0;0.47564482173524253;0.31332576349491137;0.4602896760281715;0.0;0.26344628773290996;0.0;0.0;0.473761851241647;0.3114283740921555;0.35829879312976615;0.3119061294566461;0.0;0.38540694529964903;0.1783724628743925;0.0;0.0;0.21150706297944327;0.1631053815689291;0.21146797012135485;0.23159153848139485;0.30193385080975094;0.0;0.0;0.0;0.1136661746384981;0.48834303705883053;0.0
GO:0031915;0.4259652100560939;0.0;0.2535444103297634;0.32970839375333577;0.0;0.22775664716900185;0.5256894253477535;0.23949666836774638;0.0;1.0;0.382829635731397;0.35639793709156276;0.42486160564491;0.0;0.0;0.26098863441099734;0.4059783178439703;0.3698026201660955;0.4275180152440669;0.2284877463355673;0.5171684666180562;0.0;0.32007584242140835;0.0;0.0;0.4811736597972328;0.0;0.40014285644527325;0.0;0.0;0.0;0.4914288505549566;0.31303715344269434;0.0;0.49874691196247734;0.0;0.0;0.3083292308669881;0.371240352602692;0.32099515583259364;0.0;0.0;0.0;0.35582683511254304;0.5284810209827142;0.4951739136946051;0.529123845219957;0.3484375074832092;0.0;0.3572867007210906;0.3551229570305176;0.0;0.39917199291285177;0.48937348286602445;0.0;0.0;0.489594320497831;0.5160165789434097;0.0;0.0;0.5488409189444456;0.0;0.26087679113931284;0.328039415696717;0.27470727115599136;0.3699482519300513;0.0;0.0;0.49279280254772906;0.0;0.0;0.3202097993557631;0.0;0.2713539207816964;0.0;0.3202466869973147;0.0;0.0;0.38782339465670596;0.0;0.0;0.3249095583583369;0.22852723433840114;0.0;0.0;0.5177051225127655;0.2917418117347384;0.0;0.0;0.30656599096701;0.0;0.20419196002728596;0.2583448552769704;0.35334404612016956;0.0;0.2921083995268583;0.0;0.538275260315456;0.19741840518442336;0.21858091108782235;0.7770885736312402;0.2328224239448406;0.6739145921526972;0.0;0.40444520498284064;0.26332933817234816;0.3831823216511614;0.5382855655165841;0.2754357594949206;0.2940278218474299;0.0;0.26395539103352095;0.0;0.30044879351904175;0.2705668435021194;0.45848395598508923;0.0;0.4701530347193323;0.0;0.36666423423011363;0.24494998791450381;0.24365384860227526;0.0;0.3865254454721824;0.0;0.24032512860747376;0.4121326246261293;0.0;0.0;0.0;0.42480607849631963;0.3302147209193827;0.4984041282332955;0.3067053250127492;0.3581068769716006;0.35718459552262866;0.25555097721062403;0.0;0.49798025917323696;0.0;0.0;0.0;0.0;0.0;0.6768238942393837;0.0;0.24323186147960676;0.383268843967775;0.0;0.49738798807020257;0.27030097387933594;0.4980364593411575;0.3837413817646286;0.0;0.0;0.3555879300537881;0.0;0.0;0.0;0.0;0.0;0.0;0.2792816810327852;0.45257638058246163;0.3574526429434667;0.0;0.0;0.25078539980759296
GO:0032729;0.4261106953205525;0.0;0.33413633833110157;0.5829962471217757;0.0;0.16421187097589676;0.27504287348084533;0.23419604314706918;0.0;0.382829635731397;1.0;0.37705543164917343;0.3405994121388918;0.0;0.0;0.2558749061679608;0.23838246339815813;0.3673858303525416;0.2515191608743882;0.2954500716425077;0.4193696943913827;0.0;0.1864961702257359;0.0;0.0;0.38843879085407773;0.0;0.3198088912822198;0.0;0.0;0.0;0.5212650822616137;0.4155229686523307;0.0;0.4035051658768918;0.0;0.0;0.30402651020004523;0.2956590675831217;0.4576745436666845;0.0;0.0;0.0;0.29902420028837634;0.42914815625185887;0.36570653709451445;0.4297046365715336;0.4593311104733407;0.0;0.20887369744207726;0.7801140883481811;0.0;0.318994891432388;0.49339660519253453;0.0;0.0;0.4936328001494867;0.41837556069450543;0.0;0.0;0.4468168107811832;0.0;0.255761798935652;0.3242380587863848;0.21601417699073963;0.27014389740748573;0.0;0.0;0.3983930569346765;0.0;0.0;0.2538519195361176;0.0;0.2663706155558745;0.0;0.2538828443567326;0.0;0.0;0.26208972897813193;0.0;0.0;0.25730138102066635;0.17823495220266874;0.0;0.0;0.4198329513750946;0.31238236541055986;0.0;0.0;0.317310767292972;0.0;0.19882697973205646;0.2025574428513019;0.46617070823767603;0.0;0.31280269723786086;0.0;0.4376365344929476;0.19207530669781386;0.17088598332888294;0.39409871581746925;0.15484720615801065;0.4090002650308458;0.0;0.2374493907875059;0.390124660521755;0.8456113508767747;0.437645476650922;0.27051104036331536;0.2319735295247465;0.0;0.2588763067808454;0.0;0.23722409522258844;0.2655727115615419;0.36908276461899514;0.0;0.3464388103877061;0.0;0.29185110152436416;0.23453997436040852;0.3207191208555409;0.0;0.5127127110943219;0.0;0.18782790012798173;0.3298774878683237;0.0;0.0;0.0;0.3405525672491253;0.4713872518908539;0.3682004117805824;0.40680503524908584;0.4626687468778588;0.6344027473279915;0.5524358853079293;0.0;0.36787308171778077;0.0;0.0;0.0;0.0;0.0;0.32930329296187993;0.0;0.1407532945328547;0.845814243174323;0.0;0.40233774755221835;0.21264231512272153;0.4028947841643225;0.8469224316624391;0.0;0.0;0.37614892368385205;0.0;0.0;0.0;0.0;0.0;0.0;0.20228716943876582;0.4542207399779797;0.7855293727104313;0.0;0.0;0.4087709071192897
GO:0051926;0.32033624293750007;0.0;0.23367544986850275;0.325416480601016;0.0;0.1283444679605321;0.3737567340913045;0.18112334386329648;0.0;0.35639793709156276;0.37705543164917343;1.0;0.39653892876712976;0.0;0.0;0.19724875423477248;0.2827871422288258;0.27857125204173944;0.2976468328489749;0.3240746165824677;0.3878591821763613;0.0;0.22338197397709664;0.0;0.0;0.36125437231879426;0.0;0.3011511364305438;0.0;0.0;0.0;0.3943468109180667;0.23621404126418924;0.0;0.3742504569896806;0.0;0.0;0.23269456787023252;0.3470520795348364;0.25897395219640945;0.0;0.0;0.0;0.2290357967706402;0.4917179338703009;0.2773663428904749;0.4923065500611884;0.3436476819468864;0.0;0.2491430067505267;0.35014887592212435;0.0;0.37285002097102693;0.3673201582982705;0.0;0.0;0.36748348074069676;0.38700867844056835;0.0;0.0;0.4112217360590955;0.0;0.19716489253049285;0.2474225228655264;0.20346935509554218;0.20780561486771196;0.0;0.0;0.4590035857402556;0.0;0.0;0.23670187006080695;0.0;0.20501833499362226;0.0;0.2367287572924924;0.0;0.0;0.3095515625909201;0.0;0.0;0.24508498334028372;0.1696067702579438;0.0;0.0;0.3882554054650024;0.2868103712155553;0.0;0.0;0.3070971908409848;0.0;0.28918393037473095;0.1914868616074702;0.34841932780990065;0.0;0.28716466303602445;0.0;0.4034331201319717;0.14949125270120447;0.20528350090754804;0.2976583815407478;0.21952872065373394;0.30824127813703783;0.0;0.281728938666092;0.3234003063008037;0.3773975539543161;0.4034407191522225;0.20807665181717255;0.27551135090022194;0.0;0.2431940134710283;0.0;0.28147337471961803;0.20442853072140307;0.4274875086791802;0.0;0.2634988932073563;0.0;0.40336680501209055;0.22986492579070816;0.18424410943210068;0.0;0.3806400727108446;0.0;0.1782708539488817;0.45276611624501356;0.0;0.0;0.0;0.3964877655539621;0.26633291000129916;0.27915550800981154;0.23148036226090374;0.43815474278685024;0.35215300263852595;0.2529650314310922;0.0;0.27892074835398484;0.0;0.0;0.0;0.0;0.0;0.38417622026428216;0.0;0.17004625107405774;0.3774814833105249;0.0;0.3732459705139361;0.20422929230627554;0.37372531635264017;0.3779398496731389;0.0;0.0;0.6558575287857178;0.0;0.0;0.0;0.0;0.0;0.0;0.15719705962284747;0.34007625215091963;0.35241354862770796;0.0;0.0;0.18959588640960404
GO:0010656;0.3854558229145893;0.0;0.23861771544039312;0.29789783568619116;0.0;0.16255593969417087;0.3191294942243671;0.22613460767527346;0.0;0.42486160564491;0.3405994121388918;0.39653892876712976;1.0;0.0;0.0;0.2451998488971736;0.6495182550119495;0.3388834861394472;0.402004851916125;0.21274446958768808;0.4586467222602664;0.0;0.5197064870169353;0.0;0.0;0.43011248251941825;0.0;0.36418874803720874;0.0;0.0;0.0;0.3546464789736573;0.29059373222653456;0.0;0.4440997423890663;0.0;0.0;0.28653230604036195;0.46382469119379205;0.2412392383357528;0.0;0.0;0.0;0.2823020538602331;0.6376192518230863;0.3375246934577769;0.6383052705181181;0.31310394883450643;0.0;0.5764091661495826;0.31849177702017867;0.0;0.8401233636123338;0.4366525197463824;0.0;0.0;0.43682832953166356;0.4577405471736781;0.0;0.0;0.48338531063501294;0.0;0.24510112590079652;0.30347764530640986;0.18751246688134882;0.38158838077024376;0.0;0.0;0.5992285858250065;0.0;0.0;0.21537996354571629;0.0;0.2543270225685364;0.0;0.2154022247608028;0.0;0.0;0.7069271696636901;0.0;0.0;0.3007970191016742;0.15837256918056203;0.0;0.0;0.4590687465292237;0.256091259435994;0.0;0.0;0.28694151322058054;0.0;0.2651259349060145;0.17728848907816475;0.3170601904593199;0.0;0.2563736846578549;0.0;0.4751706666956223;0.18824928014689335;0.47948816777746855;0.3602939763246499;0.25813329341994296;0.37207312597345876;0.0;0.6472348682059652;0.30112539492241935;0.3408785512406282;0.4751786972569687;0.2579092975612666;0.3244825155242214;0.0;0.2478167094054989;0.0;0.33107953743977947;0.25363549541442837;0.5617491414335655;0.0;0.32182392472632393;0.0;0.45858163357528814;0.31503080410316336;0.22983726550381223;0.0;0.34352170707539725;0.0;0.16590142877474923;0.5101996662674795;0.0;0.0;0.0;0.8889563983326346;0.24761241200428297;0.33954204959416157;0.2851293619342725;0.3982427367846919;0.3201490401688439;0.2360168300274071;0.0;0.3392774568039387;0.0;0.0;0.0;0.0;0.0;0.5094322856966553;0.0;0.40026464610575574;0.34094702209308564;0.0;0.4430219740759321;0.2534018451170211;0.44353635968072913;0.34132091239445456;0.0;0.0;0.3957307633461847;0.0;0.0;0.0;0.0;0.0;0.0;0.19753842711864522;0.6030904489055214;0.3203643663350093;0.0;0.0;0.23617243341837027
GO:0019886;0.0;0.0;0.0;0.0;0.0;0.0;0.0;0.0;0.0;0.0;0.0;0.0;0.0;1.0;0.0;0.0;0.0;0.0;0.0;0.0;0.0;0.0;0.0;0.0;0.0;0.0;0.0;0.0;0.0;0.0;0.0;0.0;0.0;0.0;0.0;0.0;0.0;0.0;0.0;0.0;0.0;0.0;0.0;0.0;0.0;0.0;0.0;0.0;0.0;0.0;0.0;0.0;0.0;0.0;0.24306528065653885;0.0;0.0;0.0;0.0;0.0;0.0;0.0;0.0;0.15848733188222766;0.0;0.0;0.0;0.0;0.0;0.0;0.0;0.0;0.2647496365131353;0.0;0.0;0.0;0.29442806895995854;0.0;0.0;0.0;0.0;0.0;0.0;0.0;0.0;0.0;0.0;0.0;0.0;0.0;0.0;0.0;0.0;0.0;0.0;0.0;0.0;0.0;0.0;0.0;0.0;0.0;0.0;0.0;0.0;0.0;0.0;0.0;0.0;0.0;0.0;0.0;0.1626429271302895;0.0;0.0;0.0;0.0;0.0;0.0;0.0;0.0;0.0;0.0;0.0;0.0;0.0;0.0;0.0;0.0;0.0;0.0;0.0;0.0;0.0;0.0;0.0;0.0;0.0;0.0;0.0;0.0;0.0;0.0;0.0;0.0;0.0;0.0;0.0;0.0;0.0;0.0;0.0;0.0;0.0;0.0;0.0;0.0;0.0;0.0;0.0;0.0;0.0;0.0;0.0;0.0;0.0;0.0;0.0
GO:0070206;0.0;0.0;0.0;0.0;0.23742685709770392;0.0;0.0;0.0;0.3336489744353553;0.0;0.0;0.0;0.0;0.0;1.0;0.0;0.0;0.0;0.0;0.0;0.3088511851989745;0.0;0.0;0.91299149931889;0.1995840764205683;0.28493508624651825;0.23731970862006446;0.2325424177219608;0.0;0.16221660405145225;0.1612482053011529;0.0;0.0;0.2371191326629063;0.2965607804733167;0.0;0.3340046444758575;0.0;0.0;0.0;0.0;0.30182192044296846;0.0;0.0;0.0;0.0;0.0;0.0;0.34172685647275386;0.0;0.0;0.21952545165510187;0.0;0.0;0.0;0.3042573821557962;0.0;0.3080795433954671;0.0;0.2810840463851417;0.0;0.15211769665211758;0.0;0.1875346251019706;0.23137003994779698;0.0;0.15906264551916938;0.0;0.0;0.293160109113016;0.791476776764668;0.0;0.0;0.0;0.7949589018442533;0.0;0.33669768962683566;0.0;0.0;0.6364382328055982;0.0;0.0;0.18956201699235717;0.9138978400069612;0.24849207112585203;0.3092108306310611;0.0;0.3242121932667369;0.0;0.0;0.8415621180677627;0.0;0.21641050970449083;0.0;0.35228860081932656;0.0;0.161176328154361;0.0;0.0;0.0;0.0;0.1102776894219687;0.0;0.24905711884385417;0.0;0.0;0.0;0.32307209483656374;0.0;0.0;0.25004827994928314;0.0;0.19224776254117207;0.0;0.0;0.0;0.3609246680412621;0.0;0.28143637397335847;0.0;0.0;0.0;0.14738067849776662;0.0;0.0;0.2001221365845944;0.0;0.0;0.0;0.17540902975588168;0.0;0.0;0.0;0.0;0.0;0.0;0.0;0.2710603689070447;0.0;0.20412236492923957;0.0;0.2719428836025739;0.0;0.1945107476218347;0.0;0.2520725902857948;0.0;0.0;0.27091627563668474;0.29565835226158105;0.15253708627058551;0.2960889143472792;0.0;0.36154190651740886;0.1730847179446135;0.0;0.0;0.20411305982157296;0.2691497393098084;0.20407665222029486;0.2227559405170007;0.0;0.0;0.0;0.0;0.11149560876107703;0.2788561618769;0.0
GO:0033138;0.337031932684773;0.0;0.24211350123686085;0.23554473924980962;0.0;0.6898734290862878;0.21685383332829802;0.5120655275366942;0.0;0.26098863441099734;0.2558749061679608;0.19724875423477248;0.2451998488971736;0.0;0.0;1.0;0.1985171513838165;0.47516620818449207;0.20532019925109313;0.1878852432035224;0.27335816704787447;0.0;0.16873566664312756;0.0;0.0;0.26296066975494503;0.0;0.2367589154309035;0.0;0.0;0.0;0.21009616696149597;0.27900673976966894;0.0;0.268123595848239;0.0;0.0;0.2762672990158882;0.3145642213091779;0.20502762371313424;0.0;0.0;0.0;0.4910956479087186;0.27648644362742913;0.3090701637120339;0.2766622883428664;0.2430245934323365;0.0;0.18218868415665934;0.24560940783363688;0.0;0.23641868653162668;0.3642394153192191;0.0;0.0;0.3643285353678121;0.2730360109002247;0.0;0.0;0.3918745224307102;0.0;0.9470362112997348;0.24903694182760017;0.12208142033643815;0.25605749579490533;0.0;0.0;0.26639325961358873;0.0;0.0;0.13331141141330238;0.0;0.9729454320646802;0.0;0.1333199395826701;0.0;0.0;0.21060227945216975;0.0;0.0;0.4095265022618635;0.10902152384684703;0.0;0.0;0.2735080262908588;0.14786044725057626;0.0;0.0;0.15961335184997325;0.0;0.17950245609848575;0.11766366993446568;0.24492586694761564;0.0;0.14795455288498868;0.0;0.27914373158516065;0.5414628718760776;0.3653597927861699;0.3226754869875513;0.14790055222237736;0.3294820101316738;0.0;0.19802350285545708;0.1649780040824211;0.2560011336341244;0.279146502986293;0.42891850060287734;0.3836988480268141;0.0;0.24894520211581075;0.0;0.38921818795102814;0.2531968056645538;0.2560360682580268;0.0;0.2993270212288192;0.0;0.22462374275565286;0.17220405074884718;0.23546329853666262;0.0;0.25719230967021117;0.0;0.11253718830174066;0.24090570648219967;0.0;0.0;0.0;0.24518135302567598;0.2086865135005441;0.3103002104628244;0.2753156337987157;0.19777109754217717;0.24639777767497534;0.20198313366705983;0.0;0.3101391580930825;0.0;0.0;0.0;0.0;0.0;0.24067224422838043;0.0;0.3172919641537396;0.25603208377353526;0.0;0.26773036074435325;0.36258046948277817;0.2679181341329742;0.2562010021068641;0.0;0.0;0.19700039062919789;0.0;0.0;0.0;0.0;0.0;0.0;0.8047881768055116;0.34885733378633577;0.2464999801109342;0.0;0.0;0.5864845157212794
GO:1902042;0.2814227330380664;0.0;0.19418056895335123;0.21664742092088088;0.0;0.23797133915456942;0.3286213248313721;0.1858326027293751;0.0;0.4059783178439703;0.23838246339815813;0.2827871422288258;0.6495182550119495;0.0;0.0;0.1985171513838165;1.0;0.25576043466586296;0.6182205006593249;0.1678017392881944;0.3185352931007969;0.0;0.7280217414488748;0.0;0.0;0.30450527152790297;0.0;0.2699149226400239;0.0;0.0;0.0;0.30071880657651817;0.22725864577165508;0.0;0.3114499665747009;0.0;0.0;0.22476708290117983;0.3497498849115266;0.22804444583395855;0.0;0.0;0.0;0.22215571046635582;0.4402313020363408;0.4314765228888456;0.44055821362864767;0.2245794796191416;0.0;0.7921251447841394;0.22733795420860892;0.0;0.6230054098868432;0.307768755977799;0.0;0.0;0.30785608700152384;0.3180979393519706;0.0;0.0;0.3302744163882869;0.0;0.19845243603552482;0.2766780656473103;0.13912450011539126;0.4800283512125881;0.0;0.0;0.42158314735065594;0.0;0.0;0.15389859121238506;0.0;0.20445767971926765;0.0;0.15390995687455206;0.0;0.0;0.5466291041268753;0.0;0.0;0.23345159597930062;0.12241321548896159;0.0;0.0;0.31873879754287415;0.17362058056863336;0.0;0.0;0.30147067707543457;0.0;0.27868083167388935;0.13341601600514577;0.27927081438744694;0.0;0.17375034694038474;0.0;0.32641878286921944;0.1594604498541027;0.39993947860680545;0.3601246046005999;0.21847576943653726;0.36880187380438956;0.0;0.8688556211131988;0.3128858336358974;0.23851916534243228;0.32642257248031076;0.2067664617825254;0.25693188121054333;0.0;0.23567702961156567;0.0;0.261050646621603;0.2040105199839493;0.40268135586754084;0.0;0.4161391335631704;0.0;0.3467603671116334;0.2578986729246307;0.18832580692065212;0.0;0.23981026557471172;0.0;0.12686324861529463;0.37548587238548975;0.0;0.0;0.0;0.6494621197830919;0.18876797180896984;0.43342192857814116;0.22390287702516595;0.28365257503540425;0.22818108048611935;0.22423853509095856;0.0;0.4331670962915478;0.0;0.0;0.0;0.0;0.0;0.5570165527741685;0.0;0.5845290072073518;0.23855268709774444;0.0;0.3109195026248944;0.20385932768030054;0.3111727726914887;0.23873566389213408;0.0;0.0;0.28237589602356516;0.0;0.0;0.0;0.0;0.0;0.0;0.2810266920292735;0.4337398262856486;0.22829044281814057;0.0;0.0;0.19255814359122964
GO:0016239;0.4660685616057632;0.0;0.30222223339997056;0.3268772571945527;0.0;0.32364434570208744;0.2870295492673018;0.4409330335242536;0.0;0.3698026201660955;0.3673858303525416;0.27857125204173944;0.3388834861394472;0.0;0.0;0.47516620818449207;0.25576043466586296;1.0;0.2671652194919693;0.24176943664128467;0.3951374392317448;0.0;0.20837717568048164;0.0;0.0;0.37377436924369584;0.0;0.32296960900034694;0.0;0.0;0.0;0.30490310499910506;0.3619684165568277;0.0;0.3842925731169033;0.0;0.0;0.35737106410827524;0.6063271780740942;0.2709171115102768;0.0;0.0;0.0;0.5405929557835633;0.4017073151688287;0.4142432672499163;0.4020786162648349;0.3414619230753319;0.0;0.22928544315319982;0.34658685990554366;0.0;0.3223368262361486;0.5197569660138268;0.0;0.0;0.5199384538587307;0.39446466286916604;0.0;0.0;0.5745044149515519;0.0;0.47499002811322216;0.3260547375326652;0.1663688709557998;0.32426451458212574;0.0;0.0;0.3807479359714705;0.0;0.0;0.18794454125940196;0.0;0.4914061187896117;0.0;0.1879614921289858;0.0;0.0;0.2761784387567278;0.0;0.0;0.3781913407076006;0.14302088405820612;0.0;0.0;0.3954506393145024;0.21821582432011016;0.0;0.0;0.20898006638224975;0.0;0.216335231347819;0.15827079111453587;0.3452272883950467;0.0;0.21842085347342363;0.0;0.40734116068513854;0.37163325953515486;0.2687155172748821;0.4390551877307103;0.17749817469660706;0.45175356861441784;0.0;0.25494163585553437;0.21827296326372614;0.36764610786909696;0.4073470621823153;0.49775399793676617;0.347614113196618;0.0;0.3129422813769786;0.0;0.3540505100282132;0.31969043030131655;0.35993745045527564;0.0;0.39692669939315256;0.0;0.3008016442180764;0.21369233170771168;0.2919302709695975;0.0;0.37010780316051695;0.0;0.14913271734088854;0.33073568135140347;0.0;0.0;0.0;0.33884815784276373;0.2773424399907499;0.41645588774417847;0.35578022947458987;0.2796142284988011;0.34815880616838124;0.26562663092508026;0.0;0.4161658437445477;0.0;0.0;0.0;0.0;0.0;0.3302958079600728;0.0;0.22685656993224254;0.3677099432827167;0.0;0.3834852817403495;0.32346159285957093;0.38387064287400025;0.3680584601096657;0.0;0.0;0.27807613643447626;0.0;0.0;0.0;0.0;0.0;0.0;0.38878420323540686;0.48899027085320856;0.348362893875364;0.0;0.0;0.45900941782190313
GO:0043518;0.2952930443479491;0.0;0.2006847706556886;0.2274435473945453;0.0;0.2670099234585096;0.34259327116297195;0.19178101890902782;0.0;0.4275180152440669;0.2515191608743882;0.2976468328489749;0.402004851916125;0.0;0.0;0.20532019925109313;0.6182205006593249;0.2671652194919693;1.0;0.17420648047284895;0.3364213636833471;0.0;0.7439337137108686;0.0;0.0;0.3208101169578769;0.0;0.28264840680825665;0.0;0.0;0.0;0.3177900369598897;0.23621865424540284;0.0;0.328527860387397;0.0;0.0;0.2335279143480484;0.3653895746111673;0.2779007038148341;0.0;0.0;0.0;0.23071028167214114;0.46529979220320056;0.4937786975439865;0.4656650105318303;0.2362018352081494;0.0;0.6903474469408827;0.23925514964200925;0.0;0.3848225100049016;0.32443452700190184;0.0;0.0;0.3245315735962215;0.3359335529078126;0.0;0.0;0.3495429796338243;0.0;0.20525097317333468;0.28797641767707705;0.14566638146124136;0.3620179216850624;0.0;0.0;0.4445175010535797;0.0;0.0;0.1619438266030352;0.0;0.21168138314659088;0.0;0.16195641168142888;0.0;0.0;0.33570761908630337;0.0;0.0;0.2429167599553412;0.12744945049258014;0.0;0.0;0.3366483718548039;0.18392897603210953;0.0;0.0;0.352654138696978;0.0;0.2865164216241762;0.13942048015103323;0.29386087474246925;0.0;0.18407461558354576;0.0;0.34522727850838403;0.1638205367471556;0.24294098526529054;0.3769724652595661;0.2244776987905045;0.3864913611872705;0.0;0.6883386975504119;0.3261681192377923;0.2516713494177616;0.3452315174248717;0.21415717834564443;0.26659058952455306;0.0;0.24382557248578718;0.0;0.27102751864465713;0.21120210502251469;0.42355436606288693;0.0;0.4754754204195503;0.0;0.3621279624174624;0.26630373179948275;0.19443753115027088;0.0;0.25310918954335493;0.0;0.13228040090308668;0.3935714152789057;0.0;0.0;0.0;0.40196839911082816;0.19691203999172027;0.45277853408779134;0.2325951663672824;0.2986057617630705;0.24018916874468102;0.23354914875249455;0.0;0.4525004392384985;0.0;0.0;0.0;0.0;0.0;0.5838145100751447;0.0;0.40958948469113243;0.25170867023205024;0.0;0.32793768220588015;0.2110400696999822;0.32821944908755;0.25191239419284556;0.0;0.0;0.29719126619193104;0.0;0.0;0.0;0.0;0.0;0.0;0.3166963968790316;0.3078411405431332;0.24031034744498186;0.0;0.0;0.198952321511833
