;GO:0014066;GO:0061614;GO:0046579;GO:0046854;GO:0090330;GO:1902715;GO:0045648;GO:0051092;GO:0045766;GO:0008589;GO:0030307;GO:0032725;GO:0001666;GO:0046068;GO:0045893;GO:0071895;GO:0032689;GO:0071899;GO:0035556;GO:0021702;GO:0034220;GO:0050728;GO:0050729;GO:0007265;GO:0045652;GO:0021943;GO:0046627;GO:0032713;GO:0032714;GO:0001558;GO:0001837;GO:0051259;GO:0051897;GO:0043923;GO:0043406;GO:0033089;GO:0008285;GO:1904355;GO:0008284;GO:0038095;GO:0043124;GO:1904996;GO:0045944;GO:0033081;GO:0043401;GO:0032825;GO:0000165;GO:0019221;GO:0043011;GO:0045670;GO:0001649;GO:0050852;GO:0030522;GO:0050853;GO:0031295;GO:0038083;GO:0043536;GO:0045954;GO:0050862;GO:0070050;GO:0042692;GO:2001237;GO:0032496;GO:0050900;GO:0021879;GO:0006882;GO:0006366;GO:0046777;GO:0043303;GO:0045843;GO:0006367;GO:0060326;GO:2000318;GO:0043392;GO:0032922;GO:0002437;GO:0045332;GO:0043030;GO:0030509;GO:0043154;GO:0051607;GO:0032760;GO:0071456;GO:0006919;GO:0051209;GO:0030223;GO:2001244;GO:0010575;GO:2000570;GO:0007223;GO:0042100;GO:0042102;GO:0021861;GO:0045063;GO:0030217;GO:0007616;GO:0030854;GO:0051973;GO:0010906;GO:0001755;GO:0001756;GO:0070233;GO:0032355;GO:0002728;GO:0006809;GO:0018105;GO:0072539;GO:0036315;GO:0030578;GO:0032753;GO:0030335;GO:0043967;GO:0043966;GO:0090630;GO:1904837;GO:0042753;GO:1903507;GO:0000122;GO:0010718;GO:0030326;GO:0002534;GO:0001569;GO:0071353;GO:0047496;GO:0032740;GO:0060070;GO:0071356;GO:0070301;GO:0060850;GO:0006351;GO:0034243;GO:0033153;GO:0006470;GO:0045599;GO:0007565;GO:0007169;GO:0046329;GO:0048747;GO:0090090;GO:0045086;GO:0006509;GO:0046330;GO:0045087;GO:0070374;GO:0032696;GO:0071864;GO:0071347;GO:0032212;GO:0071866
GO:0014066;1.0;0.0;0.6331816567144993;0.0;0.3693135867990107;0.2288349880999928;0.30084169854436654;0.27666528717466565;0.31408323202205973;0.8622881440501831;0.441954429497883;0.36995956973299304;0.0;0.0;0.22459515997350807;0.0;0.3699617420700276;0.32485076307177774;0.5310671806746815;0.0;0.0;0.4078733366460959;0.40787103722674933;0.4820676318743894;0.4239398466501394;0.0;0.6089889117606305;0.36996119688441603;0.3699617420700276;0.5329671181606948;0.0;0.0;0.67402782340196;0.22710881073845443;0.3049969346750244;0.20237866165309729;0.5072292700280154;0.24481128867286908;0.507226510286227;0.4691167741018738;0.6740342136424357;0.3395721585333952;0.21548985100627915;0.3410409504848363;0.5053612123738376;0.23976293288811296;0.26811067013901335;0.505374704441365;0.0;0.39255190985460786;0.0;0.3598651849788694;0.5310671806746815;0.3598651849788694;0.2765581560221219;0.0;0.2935032378417965;0.25065552082784204;0.5383429389434042;0.2986071280365092;0.0;0.5091689322241341;0.0;0.0;0.0;0.18370160805604965;0.0;0.0;0.0;0.30278024774254986;0.0;0.0;0.36562074900240465;0.29936564277710176;0.3649378283527875;0.0;0.18669655749930145;0.5070805496865415;0.26978118954478647;0.19432481773428584;0.0;0.3399246246820529;0.0;0.19083602016583878;0.17092306231507154;0.0;0.5345896701832868;0.3699587926757699;0.25719355391933735;0.4414713479538157;0.0;0.23402264193891897;0.0;0.0;0.0;0.0;0.2780609524552846;0.21416606462010648;0.4419425839539691;0.0;0.0;0.3416976758729799;0.0;0.2288948597857424;0.1877012016545372;0.0;0.0;0.0;0.0;0.36995956973299304;0.3781485373685276;0.0;0.0;0.26132551703495643;0.0;0.4499062124285852;0.2514106791397494;0.2112104585013692;0.3779599544845592;0.0;0.0;0.0;0.0;0.0;0.369960115208207;0.46087588637203186;0.0;0.0;0.3110219012920964;0.0;0.30218229905025434;0.0;0.0;0.42463042481854835;0.0;0.4820770362955091;0.3356823051629922;0.0;0.6091530551843872;0.22885075329857213;0.0;0.3356791118757111;0.0;0.3717086709813268;0.3699617420700276;0.46227970468995694;0.0;0.1949823290257607;0.3928012274769064
GO:0061614;0.0;1.0;0.0;0.27925841976007426;0.0;0.0;0.0;0.0;0.0;0.0;0.0;0.0;0.0;0.43542050794558546;0.0;0.1450434560931093;0.0;0.0;0.1517828143392038;0.14505691317582037;0.0;0.0;0.0;0.14467647911479856;0.0;0.1380426704740848;0.0;0.0;0.0;0.0;0.15218696536728546;0.14850611609254097;0.0;0.0;0.0;0.0;0.0;0.0;0.0;0.12939033970466876;0.0;0.0;0.0;0.0;0.14814138315133463;0.0;0.34778584877975993;0.14814334340443625;0.12665149237295342;0.0;0.15604098486296902;0.1106040091822022;0.1517828143392038;0.1106040091822022;0.0;0.3617630239793763;0.0;0.0;0.0;0.14807185896809685;0.15604098486296902;0.0;0.0;0.147946226777291;0.14853108157688283;0.11301725608115272;0.984581298143727;0.388248857340484;0.09944165563196111;0.0;0.8703010783319352;0.14452228488260743;0.0;0.0;0.0;0.0;0.11414377166874336;0.0;0.10339259836143727;0.0;0.0;0.0;0.1265857090543416;0.0;0.07520647992133844;0.14178599584723603;0.0;0.0;0.0;0.13822653925682601;0.134764160633935;0.0;0.14852093615960224;0.10014261975245718;0.13208083633917683;0.0;0.0;0.0;0.0;0.14836320924592686;0.0;0.0;0.0;0.0;0.3832169266425562;0.37453321876511597;0.10014261975245718;0.12434448422266026;0.14845769812859588;0.0;0.0;0.3324821068184556;0.3324821068184556;0.0;0.14850611609254097;0.0;0.0;0.0;0.0;0.0;0.0;0.0;0.1352660484952474;0.11252383538265974;0.0;0.1413777676088519;0.1352660484952474;0.10872296876196029;0.0;0.9686795891269917;0.0;0.5585685026936978;0.3954913452128886;0.0;0.0;0.14467791129717622;0.0;0.1449501393873317;0.0;0.0;0.3269191638607672;0.0;0.0;0.0;0.0;0.0;0.1352660484952474;0.0;0.0
GO:0046579;0.6331816567144993;0.0;1.0;0.0;0.2854373497316529;0.2613471073505038;0.3252369082930079;0.26257108721992406;0.2855004321176298;0.5902077336895674;0.43252884184147466;0.32074113101001295;0.0;0.0;0.2573597491197582;0.0;0.25669097267914526;0.23413230333862375;0.35241496289123225;0.0;0.0;0.29357327920066834;0.40853908656236554;0.3301462385812879;0.301805863600941;0.0;0.4594153461937782;0.2566907102257828;0.25669097267914526;0.35325061728571044;0.0;0.0;0.8539801426126689;0.22391862767101758;0.44647565345690765;0.23602395980163052;0.3417567150850427;0.27613704084544716;0.47556946589893784;0.34160761999366684;0.5084500582650286;0.30199076090751203;0.24870616248347902;0.2572835545722257;0.34090765607592993;0.27150323693259626;0.2134760562414654;0.34091379573747477;0.0;0.28555137305122513;0.0;0.37108178583502555;0.35241496289123225;0.37108178583502555;0.30446724558384847;0.0;0.3190396439398364;0.2814695501936144;0.6882646070804839;0.20149709808575667;0.0;0.40022440325050657;0.0;0.0;0.0;0.1416916433331872;0.0;0.0;0.0;0.22244574879449508;0.0;0.0;0.37716826581140334;0.2018421962565182;0.2542623551021176;0.0;0.14346679664169068;0.3416891943104194;0.21453377598110762;0.16391867599753177;0.0;0.3022137916946801;0.0;0.22463671967276086;0.14694756291833122;0.0;0.7135790407389624;0.32074066358899994;0.28735069085905285;0.3105864292916549;0.0;0.2661899633923075;0.0;0.0;0.0;0.0;0.30577467203718245;0.24743765139990595;0.31081959299849954;0.0;0.0;0.25765713959717035;0.0;0.1878505373451681;0.14405931477375847;0.0;0.0;0.0;0.0;0.32074113101001295;0.38664593802815406;0.0;0.0;0.18380279028313076;0.0;0.36584691056673196;0.20275261789543145;0.1757723463333643;0.3865042401729665;0.0;0.0;0.0;0.0;0.0;0.320741459127802;0.3200671282617381;0.0;0.0;0.23982134140034472;0.0;0.2345312726236961;0.0;0.0;0.30215569271656634;0.0;0.33015064947061684;0.2888366532483904;0.0;0.459508754815563;0.2613618843454168;0.0;0.4851223976647467;0.0;0.5292645486958638;0.25669097267914526;0.44633036847200985;0.0;0.22875155394597488;0.28568327527411813
GO:0046854;0.0;0.27925841976007426;0.0;1.0;0.0;0.0;0.0;0.0;0.0;0.0;0.0;0.0;0.0;0.41714145250749957;0.0;0.20237096481639683;0.0;0.0;0.21573595145001387;0.20239716274613972;0.0;0.0;0.0;0.20165728262059088;0.0;0.18899762627472938;0.0;0.0;0.0;0.0;0.21655334470518278;0.20917595224668456;0.0;0.0;0.0;0.0;0.0;0.0;0.0;0.17314556876076845;0.0;0.0;0.0;0.0;0.20845305881190113;0.0;0.43246936233067657;0.2084569401211171;0.168276013963207;0.0;0.22444131878890353;0.1410795715973141;0.21573595145001387;0.1410795715973141;0.0;0.45444785994155884;0.0;0.0;0.0;0.20831542768098704;0.22444131878890353;0.0;0.0;0.2080668575999978;0.20922548638965138;0.14502966256265265;0.28457028427898723;0.4973523542990823;0.12340982124885727;0.0;0.30190978804990243;0.2013578370959316;0.0;0.0;0.0;0.0;0.14688998945319828;0.0;0.12955369771336023;0.0;0.0;0.0;0.16815990507719789;0.0;0.08815495821142243;0.19608544489823004;0.0;0.0;0.0;0.18934245828574162;0.18290545999830413;0.0;0.20920535599552686;0.12449124782267816;0.17799751649582177;0.0;0.0;0.0;0.0;0.2088925409451655;0.0;0.0;0.0;0.0;0.24985162038170206;0.4749249045658955;0.12449124782267816;0.1642276387532291;0.2090799053118517;0.0;0.0;0.2899115347808032;0.2899115347808032;0.0;0.20917595224668456;0.0;0.0;0.0;0.0;0.0;0.0;0.0;0.1838312007283318;0.14421813218509108;0.0;0.19530552773368606;0.1838312007283318;0.1380334006245442;0.0;0.29008817529046194;0.0;0.31370021794075076;0.4601546198570549;0.0;0.0;0.20166006510012066;0.0;0.2021893509089173;0.0;0.0;0.3198553631120215;0.0;0.0;0.0;0.0;0.0;0.1838312007283318;0.0;0.0
GO:0090330;0.3693135867990107;0.0;0.2854373497316529;0.0;1.0;0.2200174466772601;0.31963480956774354;0.2128903940262833;0.2754186949674508;0.3804392767785809;0.29891312155866134;0.3080721333295732;0.0;0.0;0.18066087977872605;0.0;0.3080733388562526;0.22566760337997757;0.3371796667320635;0.0;0.0;0.39381437033835287;0.3938128303068594;0.3167388891842073;0.34858692237856326;0.0;0.2988248373089056;0.3080730363088922;0.3080733388562526;0.3379445519343724;0.0;0.0;0.29888363795051337;0.18228374565119554;0.15868020756637857;0.2975195909375272;0.3274102624460966;0.23393344123880155;0.32740911258534694;0.32957539995247126;0.2988857071818307;0.34805290439644176;0.17472233521744845;0.3475511916149347;0.3266309104849272;0.26561204795867527;0.20778875290906026;0.32663654666885195;0.0;0.3304759950025931;0.0;0.27163873911008357;0.3371796667320635;0.27163873911008357;0.33894039563518;0.0;0.2671994935407866;0.2357842206086321;0.2726912083197334;0.2612435765429038;0.0;0.2613998915846566;0.0;0.0;0.0;0.18601576169237097;0.0;0.0;0.0;0.26838747534555707;0.0;0.0;0.2619274228448352;0.19338063240155756;0.24431047428134772;0.0;0.18827592636801993;0.3914143570751554;0.20879073282571725;0.16054456603305758;0.0;0.2909404275180847;0.0;0.15815583104830955;0.174354670506769;0.0;0.25106327348309065;0.3080717021047263;0.32037730026892464;0.2986920621045183;0.0;0.29734925565496734;0.0;0.0;0.0;0.0;0.2563943391104905;0.17385103835996427;0.29890770287556817;0.0;0.0;0.24941757215348942;0.0;0.2560112382772263;0.1890299581433238;0.0;0.0;0.0;0.0;0.3080721333295732;0.26829500724287414;0.0;0.0;0.17675973435348144;0.0;0.2796698157963688;0.19761546394255503;0.17189836537880263;0.3217589476432817;0.0;0.0;0.0;0.0;0.0;0.30807243603853474;0.30745027245104345;0.0;0.0;0.23266718951722823;0.0;0.22768475244732564;0.0;0.0;0.2908865817973936;0.0;0.3167429490903812;0.2002873929242801;0.0;0.29888365384191584;0.22002959429547087;0.0;0.20028578367834404;0.0;0.1875142421643274;0.3080733388562526;0.30807437009553146;0.0;0.1946187686687801;0.27558884897447966
GO:1902715;0.2288349880999928;0.0;0.2613471073505038;0.0;0.2200174466772601;1.0;0.3225479202121231;0.20617745654814537;0.2928218856626581;0.23392019014722218;0.31152017345686867;0.4069839271778078;0.0;0.0;0.20904356195830162;0.0;0.31820821051503606;0.17144857929100898;0.24466107467984716;0.0;0.0;0.17188526018372163;0.21477472745935322;0.23371674050200594;0.26291218121563903;0.0;0.19469543837380532;0.27381310231789685;0.27381330216963856;0.24506354422387697;0.0;0.0;0.2709699081289183;0.18156707818118234;0.16028009528814888;0.24954655487521912;0.23947616037728936;0.22126484722898165;0.3332419513867696;0.21001169367630382;0.1947264363260171;0.21924619898863928;0.20329791809704145;0.23356390132259147;0.23905895359138937;0.27970497678966355;0.1685178633071035;0.23906197269914023;0.0;0.2524764874118407;0.0;0.21662902845555926;0.24466107467984716;0.21662902845555926;0.23909111065279276;0.0;0.35335848402494713;0.16145112179142249;0.25204738572796215;0.14132530322994635;0.0;0.17510009011315253;0.0;0.0;0.0;0.10904409149835179;0.0;0.0;0.0;0.20629338094669622;0.0;0.0;0.20245535943849982;0.14149498018302192;0.18199989239347372;0.0;0.11009242582691486;0.23944300503199287;0.1691762957428958;0.13604870155154183;0.0;0.38991971665629893;0.0;0.1869259368347144;0.14894061400907874;0.0;0.23585672933546226;0.40698350378522674;0.22840704721899693;0.223741746763069;0.0;0.21483218246050714;0.0;0.0;0.0;0.0;0.30740499575739016;0.20244953569529425;0.22386272267196283;0.0;0.0;0.19489949595041783;0.0;0.1819348472936535;0.11044100117940253;0.0;0.0;0.0;0.0;0.4069839271778078;0.3281766801301696;0.0;0.0;0.13238655916993414;0.0;0.25106031179714766;0.161764089980515;0.14411506213184805;0.367652404204553;0.0;0.0;0.0;0.0;0.0;0.40698422438853454;0.22862015737519722;0.0;0.0;0.1845190849526737;0.0;0.18137146005603094;0.0;0.0;0.2193331182988754;0.0;0.23371895100649379;0.12361178253596472;0.0;0.1947253907086349;0.3299467481582693;0.0;0.17201065980045854;0.0;0.1850609336623415;0.27381330216963856;0.3186161066899909;0.0;0.18976644827094255;0.21052175832104517
GO:0045648;0.30084169854436654;0.0;0.3252369082930079;0.0;0.31963480956774354;0.3225479202121231;1.0;0.2513609418932201;0.5329305174417213;0.309692588089154;0.4067656790537536;0.41895839399034723;0.0;0.0;0.24801311847341836;0.0;0.3010655762459061;0.2209600742220284;0.32880318665462693;0.0;0.0;0.22168591870137525;0.2770015984395928;0.30933608704453547;0.6717640228772451;0.0;0.2444824381538021;0.30106528730611815;0.3010655762459061;0.3295304991796761;0.0;0.0;0.3402749953149123;0.2157144327087302;0.18223464593926303;0.5768631622270197;0.31950645965033153;0.30524112438102957;0.4446073651968907;0.32287377729068045;0.24453131852212726;0.28448460745864723;0.23996684355387476;0.531321667618438;0.3187642385457829;0.6602619192003676;0.20457699358560408;0.31876960650984093;0.0;0.6375739366631733;0.0;0.35428252535376803;0.32880318665462693;0.35428252535376803;0.3735309859381932;0.0;0.3905725959678173;0.27035751783571693;0.39850359559131876;0.2549554691776742;0.0;0.21435926198452135;0.0;0.0;0.0;0.1828054378065147;0.0;0.0;0.0;0.36608590723099615;0.0;0.0;0.3574673307790858;0.18871852591219349;0.2388025118133887;0.0;0.18498780464424616;0.38324030186984276;0.2055481655995212;0.15862050386408416;0.0;0.39616149267773054;0.0;0.2174827775432829;0.1724751511985118;0.0;0.2866795833734415;0.41895782089181643;0.3533797214030178;0.2921000280131538;0.0;0.32833286804392053;0.0;0.0;0.0;0.0;0.8194427754256449;0.23878570323472362;0.2923062522909276;0.0;0.0;0.2448042877144139;0.0;0.2170553478523176;0.18571567810240394;0.0;0.0;0.0;0.0;0.41895839399034723;0.3659278931079938;0.0;0.0;0.17285650786301515;0.0;0.34046576923428185;0.1947082997842629;0.16969440674134828;0.7223198947448781;0.0;0.0;0.0;0.0;0.0;0.4189587962910333;0.3004705059293542;0.0;0.0;0.2286477432434462;0.0;0.22383418680869022;0.0;0.0;0.3961028075038509;0.0;0.3093399593915006;0.1419670122189905;0.0;0.24452966963341435;0.3225654853473206;0.0;0.1975524812031271;0.0;0.21496230230159327;0.3010655762459061;0.41894886689544;0.0;0.2545590278242871;0.26996754129166645
GO:0051092;0.27666528717466565;0.0;0.26257108721992406;0.0;0.2128903940262833;0.20617745654814537;0.2513609418932201;1.0;0.2501964469164423;0.28413312040019506;0.32323987937648196;0.27685364303230797;0.0;0.0;0.6927104211455966;0.0;0.2215674400089885;0.257940479692416;0.30013791802303214;0.0;0.0;0.20517724215545027;0.2563737046448823;0.28383300784251325;0.26263084363568723;0.0;0.22827183652028468;0.2215672444657109;0.2215674400089885;0.3007438264869888;0.0;0.0;0.27390653747380606;0.5685437537049396;0.32700991760661674;0.18774511685763925;0.2923723786854058;0.428485431818934;0.3507573136507094;0.2496159439438485;0.22831444912114432;0.2627708449657177;0.6713088640357069;0.22825839529940245;0.2917507480883587;0.2134849896030292;0.19310224328916833;0.2917552447866604;0.0;0.2502355675657149;0.0;0.25084933053730823;0.30013791802303214;0.25084933053730823;0.2368754379442871;0.0;0.24705884205539802;0.18387964745472501;0.25174660047647596;0.17245826584474538;0.0;0.20179459683099576;0.0;0.0;0.0;0.12669080069271627;0.0;0.0;0.0;0.1955782999004084;0.0;0.0;0.23901286478601785;0.23370321355321316;0.38206874881850383;0.0;0.12810810106835707;0.292322960319146;0.7541767046025752;0.3321660338599991;0.0;0.2629396907440807;0.0;0.3875140308624861;0.13699781980247752;0.0;0.23320045203149858;0.276853294775599;0.22479198319319818;0.2692548636030031;0.0;0.20966799353485394;0.0;0.0;0.0;0.0;0.23779296940166456;0.5801032814315797;0.42796120244624164;0.0;0.0;0.22855239560952556;0.0;0.13756530432649283;0.1285803381171628;0.0;0.0;0.0;0.0;0.27685364303230797;0.29309066275498274;0.0;0.0;0.2699528279914257;0.0;0.30982568177777703;0.6110816581090609;0.6288053555339438;0.29299621616143307;0.0;0.0;0.0;0.0;0.0;0.2768538874996712;0.27635132619740943;0.0;0.0;0.8336529441637344;0.0;0.8171740531746773;0.0;0.0;0.2628957099486096;0.0;0.28383626799894396;0.2701957284705667;0.0;0.2283130116823737;0.47429461414377916;0.0;0.29742113012001015;0.0;0.3225065332218749;0.2215674400089885;0.3321427923586444;0.0;0.47715632940094593;0.25033685530471844
GO:0045766;0.31408323202205973;0.0;0.2855004321176298;0.0;0.2754186949674508;0.2928218856626581;0.5329305174417213;0.2501964469164423;1.0;0.3262466234914995;0.3780632309364352;0.5466651263952763;0.0;0.0;0.20683211298978035;0.0;0.3928367243634321;0.2812041498971902;0.3532744784699892;0.0;0.0;0.28238080330732995;0.35284086760572553;0.3257524505580676;0.5076883705925378;0.0;0.24146774007060332;0.39283623242677884;0.3928367243634321;0.35432437998451627;0.0;0.0;0.30179250923426726;0.20896199644608413;0.14577089419095662;0.3710351750462128;0.33999311583734143;0.22385575141220676;0.42482882318429854;0.2722360726716846;0.2415273232299906;0.3650727564735832;0.19908527315003385;0.41986576034539397;0.3389437482526946;0.43381836527879464;0.19461726440320298;0.33895133182623394;0.0;0.47500565616052864;0.0;0.26909751584327846;0.3532744784699892;0.26909751584327846;0.25010883063891537;0.0;0.36722263352656453;0.22873232229346066;0.27033755208671323;0.25028699978363167;0.0;0.20578000673552996;0.0;0.0;0.0;0.16419978717464398;0.0;0.0;0.0;0.45997384976928224;0.0;0.0;0.32077416935999736;0.2508196741401543;0.31075284656516383;0.0;0.16658846592636656;0.33990961928886887;0.19571647355926;0.14476187396465154;0.0;0.5084854237764039;0.0;0.17785732004970908;0.1283982786739309;0.0;0.24521383828546042;0.5466641506643708;0.2341643000657082;0.30228199155956714;0.0;0.21480088638772368;0.0;0.0;0.0;0.0;0.4964536598267396;0.19795483790748522;0.3025580092048942;0.0;0.0;0.24186016403693147;0.0;0.21047307559966638;0.1673878911845079;0.0;0.0;0.0;0.0;0.5466651263952763;0.330376796728061;0.0;0.0;0.22355478486956687;0.0;0.46270500804472475;0.18355817563563537;0.15640079842586146;0.652292007686612;0.0;0.0;0.0;0.0;0.0;0.5466658113342007;0.31357787832695105;0.0;0.0;0.22245509997582502;0.0;0.21678755119460874;0.0;0.0;0.36531381667126733;0.0;0.3257578163770601;0.1276818759005847;0.0;0.2415253132115276;0.2928404358283753;0.0;0.15954059424145559;0.0;0.17551535388473466;0.3928367243634321;0.3928384011422448;0.0;0.1814535145596596;0.2733086525299392
GO:0008589;0.8622881440501831;0.0;0.5902077336895674;0.0;0.3804392767785809;0.23392019014722218;0.309692588089154;0.28413312040019506;0.3262466234914995;1.0;0.4613231446518275;0.38695280918236724;0.0;0.0;0.22949165558377516;0.0;0.38695518566584763;0.33787972861126436;0.5592834443167863;0.0;0.0;0.42431444966391596;0.42431196113269326;0.5052038684758893;0.44172997948965953;0.0;0.6293817154564115;0.38695458924602844;0.38695518566584763;0.5613910379182633;0.0;0.0;0.629556990270488;0.2321167439752459;0.2797437324731202;0.2063458101022171;0.5329080673288964;0.25064037585202703;0.5329050210875675;0.4872155163150692;0.6295631588223607;0.35383468233930077;0.21999339638364832;0.35246012196338117;0.5308464631489516;0.24535134681461385;0.27511797714371444;0.5308613503528162;0.0;0.40775800370245824;0.0;0.37042074939331826;0.5592834443167863;0.37042074939331826;0.2840201289415216;0.0;0.3019215512121715;0.2567697139099629;0.5542171599050393;0.31365084749584055;0.0;0.5233465979844117;0.0;0.0;0.0;0.18928685001634513;0.0;0.0;0.0;0.31406820671474817;0.0;0.0;0.37877701133134906;0.3144878219374456;0.38146257170609843;0.0;0.1924682611331434;0.5327439101411674;0.27687724511583334;0.1979796452703456;0.0;0.3542173951463389;0.0;0.19435960255470472;0.17374423153719498;0.0;0.49588250966151076;0.38695195910111896;0.26363496727736185;0.460796818259914;0.0;0.2393436994747211;0.0;0.0;0.0;0.0;0.2856053474469901;0.21861387700949406;0.4613102381067506;0.0;0.0;0.3531616075032626;0.0;0.23398275271614422;0.19353616003903354;0.0;0.0;0.0;0.0;0.38695280918236724;0.39223920269400714;0.0;0.0;0.2727752503535007;0.0;0.47528926831034424;0.257562220658631;0.21553511413234763;0.3920363076925801;0.0;0.0;0.0;0.0;0.0;0.38695340591876326;0.4819781687715039;0.0;0.0;0.3204913649612933;0.0;0.3111134173043787;0.0;0.0;0.44247978358170154;0.0;0.5052141972758266;0.3083501451362569;0.0;0.6295570376439547;0.23393666382899328;0.0;0.3083471637326729;0.0;0.3420453921238942;0.38695518566584763;0.48351369854609105;0.0;0.19866216529718703;0.4080270174414276
GO:0030307;0.441954429497883;0.0;0.43252884184147466;0.0;0.29891312155866134;0.31152017345686867;0.4067656790537536;0.32323987937648196;0.3780632309364352;0.4613231446518275;1.0;0.44243527044961306;0.0;0.0;0.3058714278134024;0.0;0.3540840400244627;0.31254466255125984;0.5050498714583534;0.0;0.0;0.31399888840094575;0.3923481285303649;0.46053252980876147;0.4071948462847189;0.0;0.3301481984335305;0.35408354063027314;0.3540840400244627;0.8041907772096966;0.0;0.0;0.45953721948271004;0.26658894470183975;0.2116521488460819;0.2761977705345417;0.4834429014099094;0.3795658856574103;0.6727309891770785;0.3767393272620189;0.33023734146999173;0.40753149169828845;0.29372499397226703;0.33012008327717385;0.4817456465941891;0.3260585983560529;0.261314621792759;0.4817579071384722;0.0;0.37815256300016864;0.0;0.34969028168886884;0.5050498714583534;0.34969028168886884;0.3747898940270109;0.0;0.3971180743182143;0.24470575185476795;0.40763690871231695;0.284665785280361;0.0;0.27748988662908336;0.0;0.0;0.0;0.17832877258987354;0.0;0.0;0.0;0.2920619218203336;0.0;0.0;0.3530978589254543;0.28535504472261053;0.3494794133738082;0.0;0.18114974853889276;0.4833078005519583;0.26290127555582793;0.1907296014627361;0.0;0.4079377590855336;0.0;0.26073117365369636;0.1681354106532406;0.0;0.3669027751443632;0.4424343810474898;0.3491858789941652;0.42334238645867867;0.0;0.31842553218325775;0.0;0.0;0.0;0.0;0.37677298578334034;0.2919573198396045;0.4237756956356882;0.0;0.0;0.330735384613831;0.0;0.17920618434862945;0.18209543176356782;0.0;0.0;0.0;0.0;0.44243527044961306;0.507593190672102;0.0;0.0;0.2505854538024168;0.0;0.5330995467471064;0.2454254340467305;0.2069701085769654;0.5073490061325763;0.0;0.0;0.0;0.0;0.0;0.44243589478811024;0.4411538085098924;0.0;0.0;0.30191329643486164;0.0;0.2935769281561172;0.0;0.0;0.40783190721442225;0.0;0.4605411127545561;0.1671525427594975;0.0;0.33023433419115267;0.311541169032922;0.0;0.23259877405398074;0.0;0.257116917965279;0.3540840400244627;0.6156767703082341;0.0;0.30374301922528724;0.37838392006506716
GO:0032725;0.36995956973299304;0.0;0.32074113101001295;0.0;0.3080721333295732;0.4069839271778078;0.41895839399034723;0.27685364303230797;0.5466651263952763;0.38695280918236724;0.44243527044961306;1.0;0.0;0.0;0.22471927230348793;0.0;0.553455897303204;0.3251753429134616;0.4255701585775431;0.0;0.0;0.3267497773132469;0.40828053897734623;0.38625781603551457;0.4243822675995232;0.0;0.2731890672510317;0.5534550807874529;0.553455897303204;0.427094669642561;0.0;0.0;0.3414493210055384;0.22723571750971422;0.1544344904242844;0.2817684500874782;0.4064438158159163;0.24495875695647237;0.5078599716683277;0.31324286240275767;0.2732653358909462;0.424747944704742;0.21560410149200468;0.3413272045414033;0.4049450750010009;0.33384865655953044;0.21471119864304963;0.4049558996240534;0.0;0.39293121421988053;0.0;0.3001846953953308;0.4255701585775431;0.3001846953953308;0.27674636598696295;0.0;0.4087313198947097;0.2508101162181229;0.30172861027257974;0.2989783251614146;0.0;0.2283789519451477;0.0;0.0;0.0;0.18384202595931978;0.0;0.0;0.0;0.37868456605367984;0.0;0.0;0.3659497722093896;0.29973872928749934;0.36534750865148125;0.0;0.18684159309404497;0.406324497127413;0.21604988962186786;0.15559298815340783;0.0;0.7557752780518946;0.0;0.1909256182601155;0.13684767209315676;0.0;0.27076564552360155;0.8226280832477274;0.25735632196039876;0.3536945975288464;0.0;0.23415739541361524;0.0;0.0;0.0;0.0;0.387211746510698;0.21427891533424578;0.3540725494891893;0.0;0.0;0.2736914753693059;0.0;0.27388418565453987;0.18784780298155707;0.0;0.0;0.0;0.0;0.8226298130527573;0.37850050530705476;0.0;0.0;0.26160976705300204;0.0;0.562948434314989;0.20132906332434805;0.16912009507643813;0.5264547891007558;0.0;0.0;0.0;0.0;0.0;0.8226310273336934;0.36925861466735405;0.0;0.0;0.24910212403008122;0.0;0.24201708864919977;0.0;0.0;0.340188013453276;0.0;0.38626536029339653;0.13603417828102277;0.0;0.2732627629126442;0.4070119814334774;0.0;0.16997683348233672;0.0;0.1882294589031314;0.553455897303204;0.4628058162583522;0.0;0.1950758637797256;0.3146637459241076
GO:0001666;0.0;0.0;0.0;0.0;0.0;0.0;0.0;0.0;0.0;0.0;0.0;0.0;1.0;0.0;0.0;0.0;0.0;0.0;0.0;0.0;0.0;0.0;0.0;0.0;0.0;0.0;0.0;0.0;0.0;0.0;0.0;0.0;0.0;0.0;0.0;0.0;0.0;0.0;0.0;0.0;0.0;0.0;0.0;0.0;0.0;0.0;0.0;0.0;0.0;0.0;0.0;0.0;0.0;0.0;0.0;0.0;0.0;0.0;0.0;0.0;0.0;0.0;0.2993428567360905;0.0;0.0;0.0;0.0;0.0;0.0;0.0;0.0;0.0;0.0;0.0;0.0;0.47070981437454923;0.0;0.0;0.0;0.0;0.3474093413997256;0.0;0.6694730467340949;0.0;0.0;0.0;0.0;0.0;0.0;0.0;0.0;0.0;0.0;0.0;0.0;0.0;0.0;0.0;0.0;0.0;0.0;0.0;0.31535413573836074;0.0;0.0;0.0;0.0;0.2411195012608423;0.0;0.0;0.0;0.0;0.0;0.0;0.0;0.0;0.0;0.0;0.0;0.0;0.0;0.0;0.285878864871299;0.0;0.0;0.0;0.285878864871299;0.25336230229733414;0.0;0.0;0.0;0.0;0.0;0.0;0.0;0.0;0.0;0.0;0.0;0.0;0.0;0.0;0.49965710722652;0.0;0.0;0.0;0.285878864871299;0.0;0.0
GO:0046068;0.0;0.43542050794558546;0.0;0.41714145250749957;0.0;0.0;0.0;0.0;0.0;0.0;0.0;0.0;0.0;1.0;0.0;0.15585489743556966;0.0;0.0;0.1636634390388344;0.15587043555851257;0.0;0.0;0.0;0.15543125295626267;0.0;0.14780052482949071;0.0;0.0;0.0;0.0;0.16413343308422915;0.1598601323398298;0.0;0.0;0.0;0.0;0.0;0.0;0.0;0.13792549458230705;0.0;0.0;0.0;0.0;0.15943757553164045;0.0;0.4006603311433736;0.1594398461343976;0.1348177362438025;0.0;0.16862520091932842;0.11678146716081093;0.1636634390388344;0.11678146716081093;0.0;0.41763191978234937;0.0;0.0;0.0;0.15935704715820162;0.16862520091932842;0.0;0.0;0.1592115446965887;0.15988906159380042;0.11947509403522691;0.4424606450202746;0.4499869672025206;0.10440716316732096;0.0;0.4651698841123995;0.1552532961693036;0.0;0.0;0.0;0.0;0.12073474398627287;0.0;0.10877118687818213;0.0;0.0;0.0;0.1347431987695473;0.0;0.07801245768398136;0.15210000644831814;0.0;0.0;0.0;0.14801132654509822;0.1440484348171619;0.0;0.15987730529905056;0.10518015085972177;0.1409868513970805;0.0;0.0;0.0;0.0;0.15969455048562584;0.0;0.0;0.0;0.0;0.285911519823421;0.43319997080685296;0.10518015085972177;0.1322067006650487;0.15980402917596023;0.0;0.0;0.3147877835082185;0.3147877835082185;0.0;0.1598601323398298;0.0;0.0;0.0;0.0;0.0;0.0;0.0;0.14462200477933246;0.1189238114433628;0.0;0.15163032448572933;0.14462200477933246;0.11468642911802758;0.0;0.4497322222027798;0.0;0.4803781205704948;0.45887914216945086;0.0;0.0;0.1554329059814799;0.0;0.15574715589015692;0.0;0.0;0.34901847962070603;0.0;0.0;0.0;0.0;0.0;0.14462200477933246;0.0;0.0
GO:0045893;0.22459515997350807;0.0;0.2573597491197582;0.0;0.18066087977872605;0.20904356195830162;0.24801311847341836;0.6927104211455966;0.20683211298978035;0.22949165558377516;0.3058714278134024;0.22471927230348793;0.0;0.0;1.0;0.0;0.17984390730018823;0.16847122251450572;0.23982072189214945;0.0;0.0;0.16889284974713112;0.21103565023664497;0.2292958331385248;0.21525718210256076;0.0;0.19161780370465165;0.1798437784685463;0.17984390730018823;0.24020741153649108;0.0;0.0;0.2666859216932492;0.4973283092233345;0.35769826039543245;0.19252165126119794;0.23483684439180433;0.5513738459104542;0.3267861487913735;0.20643523885948986;0.19164782933093688;0.21535122245483826;0.9728419195819074;0.1916083323985104;0.2344356323855111;0.215491218541682;0.166207281122882;0.23443853584467453;0.0;0.20685884723616432;0.0;0.213449480142609;0.23982072189214945;0.213449480142609;0.23574961155429566;0.0;0.24439303139333585;0.15932904328543174;0.2483367348340483;0.1385933191422549;0.0;0.17260681761678542;0.0;0.0;0.0;0.1074104208712832;0.0;0.0;0.0;0.16233448486813326;0.0;0.0;0.19912960227237136;0.13875649560588527;0.31059937286076733;0.0;0.10842743226634881;0.2348049611392485;0.6487314513539579;0.2666170697791652;0.0;0.21546461387063898;0.0;0.41651223578249924;0.12288988724203737;0.0;0.23260441023560977;0.2247190428578799;0.22535560745461902;0.21968688010918494;0.0;0.21213053018634714;0.0;0.0;0.0;0.0;0.2365327118307624;0.6969573214960686;0.34913463864351707;0.0;0.0;0.1918154577434385;0.0;0.1202450061064234;0.1087655277297853;0.0;0.0;0.0;0.0;0.22471927230348793;0.2821902506498209;0.0;0.0;0.12998630389160432;0.0;0.24596607985560381;0.5293373058237391;0.5537595493375639;0.28211476517628825;0.0;0.0;0.0;0.0;0.0;0.22471943336841135;0.22438821261896139;0.0;0.0;0.7066835029140357;0.0;0.694806228782105;0.0;0.0;0.21543508030988115;0.0;0.2292979608072348;0.24249024602385816;0.0;0.191646816514342;0.643111166336998;0.0;0.38361318646472425;0.0;0.41240169345764294;0.17984390730018823;0.31270953094541737;0.0;0.6537799779109283;0.20692805845997675
GO:0071895;0.0;0.1450434560931093;0.0;0.20237096481639683;0.0;0.0;0.0;0.0;0.0;0.0;0.0;0.0;0.0;0.15585489743556966;0.0;1.0;0.0;0.0;0.33201127261550384;0.6092013195978538;0.0;0.0;0.0;0.2997998839652592;0.0;0.46179684714598845;0.0;0.0;0.0;0.0;0.6749096797567395;0.3167248965435284;0.0;0.0;0.0;0.0;0.0;0.0;0.0;0.2408398374257956;0.0;0.0;0.0;0.0;0.31507048262662135;0.0;0.16301229637238607;0.31507934971978085;0.46789950336596814;0.0;0.7135842970725149;0.18298769484488625;0.33201127261550384;0.18298769484488625;0.0;0.1736318287935508;0.0;0.0;0.0;0.3147561648565117;0.7135842970725149;0.0;0.0;0.31418902552455363;0.640325207433895;0.1896888523127022;0.14846731361719065;0.1952194097372195;0.1543273538107852;0.0;0.15986141148914262;0.2991385220496116;0.0;0.0;0.0;0.0;0.19288390501629127;0.0;0.1640566086145263;0.0;0.0;0.0;0.2313010098509702;0.0;0.10287736328583758;0.5813323788097557;0.0;0.0;0.0;0.27336703902518683;0.26014871058828726;0.0;0.6402319163522698;0.31531829064610256;0.5059153807450122;0.0;0.0;0.0;0.0;0.31607558126001783;0.29958182161026914;0.0;0.0;0.0;0.19395643410525354;0.1837897785600976;0.31531829064610256;0.22392610409406102;0.31650474492213043;0.0;0.0;0.15194131644456785;0.15194131644456785;0.0;0.3167248965435284;0.0;0.0;0.0;0.0;0.31746834514249894;0.0;0.2736459614769706;0.2620254702693471;0.188302967767282;0.0;0.2859730772003329;0.2620254702693471;0.17789563916294554;0.0;0.15205674463561533;0.0;0.1678050951599335;0.20148524857880099;0.0;0.0;0.2998060338927291;0.0;0.5097781210694952;0.0;0.0;0.0;0.0;0.0;0.0;0.0;0.0;0.2620254702693471;0.0;0.0
GO:0032689;0.3699617420700276;0.0;0.25669097267914526;0.0;0.3080733388562526;0.31820821051503606;0.3010655762459061;0.2215674400089885;0.3928367243634321;0.38695518566584763;0.3540840400244627;0.553455897303204;0.0;0.0;0.17984390730018823;0.0;1.0;0.3251770211515754;0.4255730330714507;0.0;0.0;0.40828496037675205;0.32674962789493284;0.38626018398998824;0.424384555236427;0.0;0.34135874122713517;0.8226296457815712;0.8226308594193802;0.42709756476790495;0.0;0.0;0.2732639281647611;0.1818578362348127;0.12359455021209668;0.20247994975908173;0.5078660144727983;0.1960417139679757;0.4064442235622635;0.3132444197327643;0.34145404181912214;0.3399286732080164;0.17254897257096077;0.34132868437875696;0.4049476776233737;0.23990511116593802;0.2147119303328441;0.4049585023855703;0.0;0.3929331753459953;0.0;0.24023947624738892;0.4255730330714507;0.24023947624738892;0.22148158531839335;0.0;0.29371632274677145;0.20072460086452312;0.24147508462017037;0.29898024490402847;0.0;0.28536682268594;0.0;0.0;0.0;0.1838427518180702;0.0;0.0;0.0;0.5269711839461729;0.0;0.0;0.29287187653852315;0.2997406588076867;0.3653496271635549;0.0;0.18684234283230375;0.4063271175114106;0.21605063046406572;0.19441820268614612;0.0;0.5084766904906872;0.0;0.15279861891989616;0.17099530544587593;0.0;0.21669516653178464;0.5534547335033906;0.2059635794589325;0.3536965830541006;0.0;0.1873973047849192;0.0;0.0;0.0;0.0;0.27825219755466524;0.17148841699357578;0.35407453926011895;0.0;0.0;0.3419865194524724;0.0;0.40708738507781;0.1878485608168023;0.0;0.0;0.0;0.0;0.553455897303204;0.3029163545116926;0.0;0.0;0.2616112368967031;0.0;0.45053225723548107;0.2515670115840315;0.21132078233264945;0.37831338920107505;0.0;0.0;0.0;0.0;0.0;0.5534567142622845;0.36926077878039487;0.0;0.0;0.24910310888600876;0.0;0.2420180182786158;0.0;0.0;0.4250765841661886;0.0;0.3862677283403716;0.16997881812760557;0.0;0.34145082678400523;0.2738321767497235;0.0;0.1360331773713066;0.0;0.1506408654719229;0.8226308594193802;0.3703868260830389;0.0;0.15612008704285685;0.3931829776563554
GO:0071899;0.32485076307177774;0.0;0.23413230333862375;0.0;0.22566760337997757;0.17144857929100898;0.2209600742220284;0.257940479692416;0.2812041498971902;0.33787972861126436;0.31254466255125984;0.3251753429134616;0.0;0.0;0.16847122251450572;0.0;0.3251770211515754;1.0;0.3669553242585135;0.0;0.0;0.2910543506849997;0.2910528876260135;0.33734971414815784;0.30123358983036;0.0;0.24778190908161937;0.3251765999688718;0.3251770211515754;0.3680882472928855;0.0;0.0;0.2478425165611669;0.17023724694534326;0.14894081308935783;0.15275403797475673;0.35264621285468806;0.1826047225094955;0.3526445460511076;0.2802887219500168;0.24784464948181592;0.30146378363351545;0.1620532653089061;0.2477621207144616;0.35151741554959814;0.17909020159368721;0.19869822922034566;0.3515255722159977;0.0;0.2812659032469349;0.0;0.22036781886081885;0.3669553242585135;0.22036781886081885;0.20448214724891506;0.0;0.216003579707036;0.18666102396841178;0.22140702983024044;0.2595641629730165;0.0;0.21034803870111385;0.0;0.0;0.0;0.16814238024022643;0.0;0.0;0.0;0.27210949439170157;0.0;0.0;0.2638649978148065;0.6143796725387727;0.3212894107692847;0.0;0.1706480202362245;0.3525563867110218;0.19984415645739542;0.22243706026659785;0.0;0.3017415457210386;0.0;0.18222496507718025;0.13016200386441423;0.0;0.200395499476994;0.3251747425976329;0.19118332261379273;0.3122427433715465;0.0;0.17508196767210094;0.0;0.0;0.0;0.0;0.20550828161694293;0.20316613132863776;0.31253726017113975;0.0;0.0;0.24819514202229703;0.0;0.171490572879759;0.17148698033513032;0.0;0.0;0.0;0.0;0.3251753429134616;0.27199073697284826;0.0;0.0;0.3124777944765471;0.0;0.38536368291032874;0.18718419738263015;0.15902558169345965;0.27186882302051674;0.0;0.0;0.0;0.0;0.0;0.3251757643203459;0.3243101957720953;0.0;0.0;0.22780307586658974;0.0;0.22186338584717458;0.0;0.0;0.30166917959636097;0.0;0.33735546883351325;0.12942584080096106;0.0;0.24784253294166708;0.17145963702892966;0.0;0.12942466891544252;0.0;0.1425789233088387;0.3251770211515754;0.32517845676399176;0.0;0.14747783207701365;0.28142582587287923
GO:0035556;0.5310671806746815;0.1517828143392038;0.35241496289123225;0.21573595145001387;0.3371796667320635;0.24466107467984716;0.32880318665462693;0.30013791802303214;0.3532744784699892;0.5592834443167863;0.5050498714583534;0.4255701585775431;0.0;0.1636634390388344;0.23982072189214945;0.33201127261550384;0.4255730330714507;0.3669553242585135;1.0;0.3320817926059551;0.0;0.36896157864869406;0.3689592275257041;0.893177273536328;0.4816605397326661;0.2974776272352368;0.3774628995377901;0.42557231166693105;0.4255730330714507;0.6275044796502891;0.37197877456427325;0.350730764745546;0.37757546703976974;0.24268890711842753;0.16141991865488725;0.21465869167278304;0.5921291278727606;0.263012219408281;0.5921253669683854;0.6191462711759125;0.37757942877642914;0.38585115594448277;0.22946750361879942;0.37742614881519143;0.8303474473841715;0.2571942209227301;0.46424917082090106;0.8303733106208108;0.2491812414208946;0.44154797747243757;0.3958776174692267;0.4615956203270835;0.8800448626754314;0.4615956203270835;0.30001184159482097;0.1833789560859245;0.3200570264475654;0.21589740231281299;0.3295955615740917;0.47529966331427376;0.3958776174692267;0.31016800601465794;0.0;0.3476237930108152;0.3508700478604481;0.27479813045189994;0.15553635577636976;0.20762752212419153;0.1619798237782549;0.3390386638481228;0.16808717109795196;0.32929306346355525;0.32633436502293617;0.34935071664317446;0.4189387934892493;0.0;0.27971718689853975;0.5919264654183842;0.4113158725294566;0.20561963155365012;0.0;0.3863063057001738;0.24892672977031383;0.20171755819334308;0.2183246646425065;0.31542326597979686;0.29299602634656297;0.4255691303560739;0.2773580356048609;0.710403338211722;0.2826590686659188;0.2506004029213473;0.35081343860923925;0.16384796832577866;0.2711069276702833;0.0;0.3017811526395161;0.22796701180402118;0.5050344022925948;0.3499347092210776;0.0;0.37823064492775377;0.0;0.19585764136344322;0.28137073038819294;0.19474671914304348;0.16384796832577866;0.24040572968568474;0.35046082129386386;0.4255701585775431;0.4234078042034209;0.15935330539648346;0.15935330539648346;0.29862322489570153;0.350730764745546;0.5349091833406534;0.270644671210637;0.22462118693014754;0.42317139236558965;0.0;0.0;0.0;0.28487605156415396;0.19982150111908203;0.4255708803643182;0.7463058804549704;0.28487605156415396;0.18814148137835107;0.34100208102533547;0.15948027459181627;0.33040523368698527;0.17689189319774123;0.21472967400580567;0.4825521659611356;0.0;0.7860538247370689;0.17847952686394503;0.3315227229139232;0.3775754974652366;0.24467909599236767;0.0;0.1784777433612413;0.0;0.1987103878368997;0.4255730330714507;0.5317682944467096;0.28487605156415396;0.2063559424868567;0.44186344089843793
GO:0021702;0.0;0.14505691317582037;0.0;0.20239716274613972;0.0;0.0;0.0;0.0;0.0;0.0;0.0;0.0;0.0;0.15587043555851257;0.0;0.6092013195978538;0.0;0.0;0.3320817926059551;1.0;0.0;0.0;0.0;0.2998573830004591;0.0;0.46187739327800487;0.0;0.0;0.0;0.0;0.6750538699604375;0.31678907167173254;0.0;0.0;0.0;0.0;0.0;0.0;0.0;0.24087694289321412;0.0;0.0;0.0;0.0;0.3151339890004894;0.0;0.16302929447181405;0.3151428596686053;0.4679688014379443;0.0;0.7137454879009525;0.1830091143265118;0.3320817926059551;0.1830091143265118;0.0;0.17365111386550755;0.0;0.0;0.0;0.314819544571528;0.7137454879009525;0.0;0.0;0.31425217702258446;0.8463297732172973;0.189711869415812;0.14848141355816494;0.19524378866341097;0.15434258883121155;0.0;0.1598777587896256;0.29919576765337297;0.0;0.0;0.0;0.0;0.19290770408226515;0.0;0.16407382521429612;0.0;0.0;0.0;0.23133523407922563;0.0;0.10288413319090284;0.5814393533928219;0.0;0.0;0.0;0.273414845045354;0.26019200481388577;0.0;0.6403616684282168;0.31534976039922885;0.5059963978975427;0.0;0.0;0.0;0.0;0.3161394935015164;0.299639237022917;0.0;0.0;0.0;0.19398049859253474;0.18381138623890753;0.31534976039922885;0.22395818052249195;0.31656883085761334;0.0;0.0;0.15195608399044083;0.15195608399044083;0.0;0.31678907167173254;0.0;0.0;0.0;0.0;0.31753282193162036;0.0;0.27369386511053906;0.2620693914655904;0.18832564974868554;0.0;0.2860253943521187;0.2620693914655904;0.17791588307180778;0.0;0.15207153462859604;0.0;0.16782310754624646;0.2015112176749035;0.0;0.0;0.29986353528718573;0.0;0.5098762762028834;0.0;0.0;0.0;0.0;0.0;0.0;0.0;0.0;0.2620693914655904;0.0;0.0
GO:0034220;0.0;0.0;0.0;0.0;0.0;0.0;0.0;0.0;0.0;0.0;0.0;0.0;0.0;0.0;0.0;0.0;0.0;0.0;0.0;0.0;1.0;0.0;0.0;0.0;0.0;0.0;0.0;0.0;0.0;0.0;0.0;0.0;0.0;0.0;0.0;0.0;0.0;0.0;0.0;0.0;0.0;0.0;0.0;0.0;0.0;0.0;0.0;0.0;0.0;0.0;0.0;0.0;0.0;0.0;0.0;0.0;0.0;0.0;0.0;0.0;0.0;0.0;0.0;0.0;0.0;0.0;0.0;0.0;0.2736121175240545;0.0;0.0;0.0;0.0;0.0;0.0;0.0;0.41482940728435097;0.0;0.0;0.0;0.0;0.0;0.0;0.0;0.284405460359788;0.0;0.0;0.0;0.0;0.0;0.0;0.0;0.0;0.0;0.0;0.0;0.0;0.0;0.0;0.0;0.0;0.0;0.0;0.0;0.0;0.0;0.0;0.0;0.0;0.0;0.0;0.0;0.0;0.0;0.0;0.0;0.0;0.0;0.0;0.0;0.0;0.0;0.0;0.33774525682548845;0.0;0.0;0.0;0.0;0.0;0.0;0.0;0.0;0.0;0.0;0.0;0.0;0.0;0.0;0.0;0.0;0.0;0.0;0.0;0.0;0.0;0.0;0.0;0.0;0.0
