;GO:1990809;GO:0006284;GO:0006283;GO:0032570;GO:0046697;GO:0008625;GO:0032968;GO:0045893;GO:2000078;GO:0034504;GO:0050679;GO:0033133;GO:0006296;GO:0006293;GO:0006294;GO:0008630;GO:0006452;GO:0042542;GO:0006611;GO:1903779;GO:0051497;GO:0001711;GO:0001836;GO:0071247;GO:0035264;GO:0000715;GO:0008284;GO:0043488;GO:0097192;GO:0046638;GO:0000398;GO:0006665;GO:0097067;GO:0010918;GO:0019221;GO:0071396;GO:0051384;GO:0070588;GO:0034201;GO:0030521;GO:0035774;GO:0071316;GO:0033077;GO:1901255;GO:1902220;GO:0090200;GO:0000724;GO:0000289;GO:0060139;GO:0019050;GO:0071260;GO:0071787;GO:0031440;GO:0051438;GO:0022604;GO:0006366;GO:0046931;GO:0006369;GO:0006007;GO:0006367;GO:0006368;GO:0002038;GO:0009749;GO:0097202;GO:0043154;GO:0016055;GO:0006919;GO:0033574;GO:0071456;GO:0016575;GO:0051603;GO:0017148;GO:0060154;GO:0080182;GO:0034260;GO:0070914;GO:1900740;GO:0043312;GO:0006378;GO:0045579;GO:0030855;GO:0006406;GO:0046031;GO:0010508;GO:0043161;GO:0007219;GO:0045582;GO:0051571;GO:0046034;GO:0032355;GO:0030851;GO:0070911;GO:0016567;GO:0008360;GO:0046718;GO:0043967;GO:0045905;GO:0043968;GO:0043200;GO:0006342;GO:0045901;GO:0000122;GO:0045471;GO:0006613;GO:0001844;GO:1903077;GO:0070936;GO:0006351;GO:0006355;GO:1901216;GO:0006513;GO:0006357;GO:0006874;GO:0006909
GO:1990809;1.0;0.17211587921080662;0.16752296458107527;0.0;0.0;0.27303763635296074;0.0;0.0;0.0;0.0;0.0;0.0;0.2080349091274877;0.0;0.44537264298956714;0.22201088454056117;0.23209408506742385;0.0;0.0;0.0;0.0;0.31621890418880694;0.6084876994725288;0.2509383312567194;0.0;0.6397409589692541;0.0;0.0;0.2614848221417449;0.0;0.1784515888665701;0.2503109874336768;0.2315175049805426;0.0;0.2992868801753946;0.2731906339191021;0.0;0.0;0.0;0.2614815199768379;0.0;0.25093348801432275;0.23136234545462797;0.16752296458107527;0.0;0.0;0.15904458433473675;0.11663701741698676;0.0;0.0;0.26078335657812424;0.7669619304592921;0.0;0.0;0.0;0.14486536232394623;0.5101500143073607;0.15569314419333635;0.0;0.15569314419333635;0.15569314419333635;0.0;0.0;0.0;0.0;0.2854764802493055;0.0;0.0;0.22267535434024902;0.28469158753943025;0.0;0.0;0.0;0.23430693351175066;0.0;0.13719309913320155;0.21341110095472868;0.1721847144481072;0.1784667655357854;0.0;0.33337449718084256;0.0;0.1298962781176782;0.0;0.16411128917860723;0.2992868801753946;0.0;0.0;0.12719662371308812;0.0;0.287073394515644;0.16752296458107527;0.20156111815499836;0.0;0.0;0.251318669376569;0.0;0.251318669376569;0.0;0.18804768602121866;0.0;0.0;0.0;0.0;0.3734864708147252;0.0;0.189393527987102;0.14828073709285738;0.0;0.0;0.1952878426556171;0.0;0.19535576674228097;0.0
GO:0006284;0.17211587921080662;1.0;0.941193620460781;0.15865420288975368;0.0;0.17183537395588047;0.0;0.0;0.0;0.0;0.0;0.0;0.7184767380748086;0.0;0.1676337555034743;0.4030301764209295;0.41642159723354927;0.2183483338464472;0.0;0.0;0.0;0.18799144290902037;0.18234533074495488;0.27580481611988017;0.0;0.1879147416280249;0.0;0.0;0.16718665835260482;0.0;0.6447037606609096;0.4423116241692676;0.2615688080767677;0.0;0.1818743796252562;0.29119379001076046;0.16758610465770832;0.0;0.17719098676722847;0.1671853084233797;0.0;0.27580136235801084;0.154338868001301;0.941193620460781;0.0;0.0;0.9057268948405948;0.49636844052781587;0.0;0.0;0.2827299338265465;0.17709081487165282;0.0;0.0;0.0;0.5878979384497318;0.18242146558163957;0.5831535023178946;0.24847238306671474;0.5831535023178946;0.5831535023178946;0.0;0.17742584236289413;0.20445682656967434;0.0;0.1766803082205846;0.0;0.16734879127677965;0.35522796679038415;0.4161907518957148;0.4064113242035329;0.0;0.15355676620986353;0.3594428228606546;0.0;0.8097032560670734;0.07586165200964078;0.1255533570628837;0.6447433501493167;0.0;0.19392418666863853;0.0;0.4414805321419035;0.0;0.40934989630539675;0.1818743796252562;0.0;0.0;0.43428059418724463;0.1719994274975632;0.17729067708178536;0.941193620460781;0.4744562053108117;0.0;0.0;0.3792192675591181;0.0;0.3792192675591181;0.1770785123666168;0.08947139240368396;0.0;0.0;0.1719941603898164;0.0;0.11824998595753192;0.0;0.4541219199799975;0.5983994724058247;0.0;0.0;0.4640661922783462;0.0;0.137440215293895;0.0
GO:0006283;0.16752296458107527;0.941193620460781;1.0;0.1547434801668898;0.0;0.16725721859718476;0.0;0.0;0.0;0.0;0.0;0.0;0.7024098956495799;0.0;0.1632739075410429;0.39361760986242383;0.40640901523377904;0.2128384442854391;0.0;0.0;0.0;0.1825256268367583;0.17719840919040813;0.26883276301859516;0.0;0.18245332000981013;0.0;0.0;0.16284973490043575;0.0;0.6317372275017699;0.4311481495487043;0.25528972916729636;0.0;0.17675363678090705;0.28343294373270145;0.1632287027518711;0.0;0.17232704734851784;0.16284845409852244;0.0;0.26882948166351844;0.15063550950735116;0.9615499740931555;0.0;0.0;0.8889582898992281;0.48910784238889354;0.0;0.0;0.2754080133299927;0.17223229799136183;0.0;0.0;0.0;0.5777401744559274;0.17727030583884518;0.5725242197320545;0.24276953002352447;0.5725242197320545;0.5725242197320545;0.0;0.1725491781336017;0.20167440486123797;0.0;0.1718439823019244;0.0;0.16300356140353578;0.34691541572958795;0.40817834300719164;0.3955632586762025;0.0;0.1498903998517016;0.35345071800233135;0.0;0.7962753759150631;0.07495587548541789;0.12309157422974254;0.6317752404790788;0.0;0.18811327197860764;0.0;0.43445848378657936;0.0;0.40159626633187856;0.17675363678090705;0.0;0.0;0.42748395495166164;0.16741264298307615;0.172421338274234;0.9615499740931555;0.46407132289899233;0.0;0.0;0.37255576749472363;0.0;0.37255576749472363;0.1722206612468629;0.08821415995231986;0.0;0.0;0.167407653046104;0.0;0.11606378089639455;0.0;0.4445991817855025;0.5878788210394763;0.0;0.0;0.45412639793943993;0.0;0.13449569007778256;0.0
GO:0032570;0.0;0.15865420288975368;0.1547434801668898;1.0;0.0;0.0;0.0;0.0;0.0;0.0;0.0;0.0;0.0;0.0;0.0;0.20010963516827746;0.0;0.44846078670148387;0.0;0.0;0.0;0.0;0.0;0.37480210019028576;0.0;0.0;0.0;0.0;0.0;0.0;0.0;0.0;0.48768711661820563;0.0;0.0;0.48346022184172444;0.7730699484847312;0.0;0.5887174336957207;0.0;0.0;0.3747956626624015;0.0;0.1547434801668898;0.0;0.0;0.14748126887710625;0.0;0.0;0.0;0.2310761620870744;0.0;0.0;0.0;0.0;0.0;0.0;0.0;0.0;0.0;0.0;0.0;0.5068349038920269;0.0;0.0;0.0;0.0;0.849950100676264;0.2695800965331372;0.0;0.0;0.0;0.20626203897738835;0.0;0.0;0.128502111096323;0.0;0.0;0.0;0.0;0.0;0.0;0.0;0.0;0.0;0.0;0.0;0.0;0.0;0.8050796860881602;0.0;0.1547434801668898;0.0;0.0;0.0;0.0;0.0;0.0;0.5054282158466565;0.0;0.0;0.0;0.5657778711635407;0.0;0.0;0.0;0.0;0.0;0.0;0.0;0.0;0.0;0.0;0.0
GO:0046697;0.0;0.0;0.0;0.0;1.0;0.0;0.0;0.0;0.0;0.0;0.0;0.0;0.0;0.0;0.0;0.0;0.0;0.0;0.0;0.0;0.0;0.3730797328084819;0.0;0.0;0.39419394486239034;0.0;0.0;0.0;0.0;0.0;0.0;0.0;0.0;0.0;0.0;0.0;0.0;0.0;0.0;0.0;0.0;0.0;0.26039968558290455;0.0;0.0;0.0;0.0;0.0;0.0;0.0;0.0;0.0;0.0;0.0;0.0;0.0;0.0;0.0;0.0;0.0;0.0;0.0;0.0;0.0;0.0;0.0;0.0;0.0;0.0;0.0;0.0;0.0;0.0;0.0;0.0;0.0;0.0;0.0;0.0;0.0;0.39719493396580213;0.0;0.0;0.0;0.0;0.0;0.0;0.0;0.0;0.0;0.3331716736104748;0.0;0.0;0.0;0.0;0.0;0.0;0.0;0.0;0.0;0.0;0.0;0.0;0.0;0.0;0.0;0.0;0.0;0.0;0.0;0.0;0.0;0.0;0.0
GO:0008625;0.27303763635296074;0.17183537395588047;0.16725721859718476;0.0;0.0;1.0;0.19921182633936435;0.22444200677722564;0.33030595974149723;0.0;0.46163625305469685;0.21862084087365605;0.20762524883281858;0.4073604218147886;0.26192785218145154;0.599459613827708;0.23158430753608025;0.0;0.0;0.3859965218528514;0.293343191924833;0.3152733583408757;0.2997099331326576;0.25034251943790764;0.0;0.31505769265752986;0.5064460394994891;0.31892429025304964;0.8741284741849223;0.19478839963915595;0.1781500704060641;0.24971814742164594;0.23101025436653225;0.3150542695261365;0.8075247214114465;0.27248461671428387;0.0;0.0;0.0;0.6211110670963208;0.1977704848233258;0.2503376991669524;0.2308557737723164;0.16725721859718476;0.23402554588518729;0.24480312307762722;0.15880503738266163;0.20012625613541393;0.1901823934778198;0.22783991221609412;0.2601399368231927;0.28577308752850694;0.3777746992612283;0.33909844366307135;0.5057752222539349;0.14466659714105665;0.2999156704761293;0.1554635792114453;0.0;0.1554635792114453;0.1554635792114453;0.1681179103157727;0.0;0.1799065206741347;0.1942101551480897;0.7703626328408006;0.19072543662355354;0.0;0.22220607054156036;0.16758000186844105;0.0;0.2242411019820463;0.3873782155941575;0.13796053713456602;0.3369079232277057;0.13701481721752917;0.1862682612415391;0.17190398496331563;0.17816519583030063;0.23958840728412448;0.3323237427412264;0.0;0.12973644521331923;0.36493504766799;0.1638562487938429;0.8075247214114465;0.21026255373461727;0.2197143431362133;0.12704336151507586;0.0;0.28629390095756596;0.16725721859718476;0.20117653383833797;0.4594161138573761;0.0;0.14796303527927934;0.20250838343031016;0.14796303527927934;0.0;0.22763317713930756;0.2196055606535943;0.21107501013640773;0.0;0.0;0.1585007051364934;0.30283607487504216;0.18905393528735648;0.14807249590965457;0.3300375817694621;0.46153138148214184;0.19492680353844125;0.3200918323372115;0.2660808731031894;0.0
GO:0032968;0.0;0.0;0.0;0.0;0.0;0.19921182633936435;1.0;0.922737527736741;0.2368381671032554;0.0;0.2775195132586339;0.3181163269228913;0.0;0.26241484566783246;0.0;0.18123670227905017;0.0;0.0;0.0;0.16261776533553368;0.15982082197959815;0.0;0.0;0.0;0.0;0.0;0.28854897584068406;0.4270623196319751;0.19548485115892386;0.1743401029062247;0.0;0.0;0.0;0.12516447527314883;0.2070479661387897;0.0;0.0;0.0;0.0;0.1954837596066219;0.17604745871895516;0.0;0.0;0.0;0.19541294900212988;0.20071539740669606;0.0;0.175585749142882;0.17166602371902742;0.13817732774037622;0.0;0.0;0.46502385775681304;0.34184977806163047;0.20724557296407448;0.0;0.0;0.0;0.0;0.0;0.0;0.13143376629873238;0.0;0.3729314607349565;0.24780411740529254;0.20302925019902313;0.3874641481525314;0.0;0.0;0.0;0.0;0.402857601348683;0.1841794589795811;0.0;0.15321296613819807;0.0;0.14844505573395264;0.0;0.0;0.19817397588455724;0.0;0.0;0.0;0.3873222312767149;0.0;0.2070479661387897;0.18300249219278972;0.4236884585382611;0.0;0.0;0.0;0.0;0.0;0.19901659580470354;0.0;0.0;0.6234526926001868;0.0;0.0;0.47484647186429113;0.6558353935158965;0.5373880386272124;0.0;0.0;0.0;0.1457554012850087;0.0;0.0;0.6614787022423456;0.2774922735436475;0.0;0.6825793243172896;0.10056536371288988;0.0
GO:0045893;0.0;0.0;0.0;0.0;0.0;0.22444200677722564;0.922737527736741;1.0;0.26200085289280756;0.0;0.31271115217143935;0.34429199079656175;0.0;0.29366427699931746;0.0;0.20188325481021793;0.0;0.0;0.0;0.18367848479751755;0.1756629944861104;0.0;0.0;0.0;0.0;0.0;0.3267861487913735;0.4715306214263052;0.21972239003353725;0.18760304190173058;0.0;0.0;0.0;0.14213848177295432;0.23443853584467453;0.0;0.0;0.0;0.0;0.21972101102592947;0.18958152740782974;0.0;0.0;0.0;0.21223054124659196;0.21849957935365585;0.0;0.1890476360645325;0.18451023394770336;0.14986237568510793;0.0;0.0;0.5182416613108402;0.37871419532865785;0.2346919161418325;0.0;0.0;0.0;0.0;0.0;0.0;0.1419626452424327;0.0;0.39976593324767346;0.2666170697791652;0.22929940519659242;0.41651223578249924;0.0;0.0;0.0;0.0;0.43656962415748235;0.20554144873548505;0.0;0.17176909952081487;0.0;0.15795322332636524;0.0;0.0;0.21549122092800643;0.0;0.0;0.0;0.4308260819491484;0.0;0.23443853584467453;0.19767160654611032;0.45866706021394926;0.0;0.0;0.0;0.0;0.0;0.2241942235556856;0.0;0.0;0.6721672291976678;0.0;0.0;0.5099922603201369;0.7099615805294257;0.5537595493375639;0.0;0.0;0.0;0.16245065616257762;0.0;0.0;0.731724428990507;0.3126765664497173;0.0;0.7189857972083163;0.1112385844454012;0.0
GO:2000078;0.0;0.0;0.0;0.0;0.0;0.33030595974149723;0.2368381671032554;0.26200085289280756;1.0;0.0;0.4604801554378486;0.2562764888450727;0.0;0.4203347827139922;0.0;0.2836589758358509;0.0;0.0;0.0;0.34140346958631307;0.23448193993545197;0.0;0.0;0.0;0.0;0.0;0.4916633070464372;0.25054588652017323;0.3201844584893828;0.4587659468206997;0.0;0.0;0.0;0.21640603246014328;0.3524213555598128;0.0;0.0;0.0;0.0;0.32018153017781864;0.23537262115930996;0.0;0.0;0.0;0.27132151912018937;0.28165246828319607;0.0;0.13491016417878507;0.22760583063376122;0.19066536429563075;0.0;0.0;0.285483873337833;0.26283000940336276;0.42348632304626915;0.0;0.0;0.0;0.0;0.0;0.0;0.17805923147912217;0.0;0.21694862621903752;0.16653327999713438;0.34093476257478045;0.22816454321478513;0.0;0.0;0.0;0.0;0.1881386062734144;0.2909344051633637;0.0;0.2476813152259741;0.0;0.18850869021781752;0.0;0.0;0.5463267212507835;0.0;0.0;0.0;0.38697586260236017;0.0;0.3524213555598128;0.48965313588160136;0.25735546882136345;0.0;0.0;0.0;0.0;0.0;0.3956237458569018;0.0;0.0;0.24017850037647295;0.0;0.0;0.16139524553272153;0.25724820716867486;0.17878224154391323;0.0;0.0;0.0;0.2287600453525731;0.0;0.0;0.25735372829883346;0.4604051644207024;0.0;0.25126588429864916;0.15208576518075376;0.0
GO:0034504;0.0;0.0;0.0;0.0;0.0;0.0;0.0;0.0;0.0;1.0;0.0;0.0;0.0;0.0;0.0;0.0;0.0;0.0;0.3952630568142279;0.0;0.0;0.0;0.0;0.0;0.0;0.0;0.0;0.0;0.0;0.0;0.0;0.0;0.0;0.0;0.0;0.0;0.0;0.22432682730539136;0.0;0.0;0.0;0.0;0.0;0.0;0.0;0.0;0.0;0.0;0.0;0.0;0.0;0.0;0.0;0.0;0.0;0.0;0.0;0.0;0.0;0.0;0.0;0.0;0.0;0.0;0.0;0.0;0.0;0.0;0.0;0.0;0.0;0.0;0.0;0.0;0.0;0.0;0.0;0.17714674487420046;0.0;0.0;0.0;0.2713393149281022;0.0;0.0;0.0;0.0;0.0;0.0;0.0;0.0;0.0;0.0;0.0;0.0;0.0;0.0;0.0;0.0;0.0;0.0;0.0;0.0;0.0;0.47725808740594294;0.4896706147090601;0.0;0.0;0.0;0.0;0.0;0.0;0.0;0.0;0.3162705140423781
GO:0050679;0.0;0.0;0.0;0.0;0.0;0.46163625305469685;0.2775195132586339;0.31271115217143935;0.4604801554378486;0.0;1.0;0.3045907806618302;0.0;0.568145074434451;0.0;0.3753652899524819;0.0;0.0;0.0;0.38703141559345094;0.29382102830095963;0.0;0.0;0.0;0.0;0.0;0.9026593911590246;0.31948918049606473;0.44210398772527576;0.2713506308607264;0.0;0.0;0.0;0.31598745084849794;0.5060154875102686;0.0;0.0;0.0;0.0;0.44209840477012563;0.2755093943914256;0.0;0.0;0.0;0.32608107738735453;0.3411184959470537;0.0;0.15782488555473734;0.2649274462144713;0.22812806900072624;0.0;0.0;0.37856755940006986;0.33973713221750745;0.5071974033168556;0.0;0.0;0.0;0.0;0.0;0.0;0.21031288993854044;0.0;0.2505986817594598;0.19441948542357204;0.482666466988654;0.2656847156627064;0.0;0.0;0.0;0.0;0.224520222011611;0.3882119436330944;0.0;0.33769606323365225;0.0;0.21340831557608075;0.0;0.0;0.33384243712217404;0.0;0.0;0.0;0.5088545019175157;0.0;0.5060154875102686;0.29293211018640253;0.30611614718571933;0.0;0.0;0.0;0.0;0.0;0.46058922813676934;0.0;0.0;0.28211706753914495;0.0;0.0;0.187452633564853;0.30596440167038824;0.21132229780698855;0.0;0.0;0.0;0.30347271412158755;0.0;0.0;0.3306425638018845;0.6438910568328675;0.0;0.32066086982625885;0.19535154389090192;0.0
GO:0033133;0.0;0.0;0.0;0.0;0.0;0.21862084087365605;0.3181163269228913;0.34429199079656175;0.2562764888450727;0.0;0.3045907806618302;1.0;0.0;0.28649164006189565;0.0;0.1971611469035899;0.0;0.0;0.0;0.17880982128108938;0.1720769372034239;0.0;0.0;0.0;0.0;0.0;0.31792869009176195;0.2868215563051826;0.2141404232916773;0.18464976338234868;0.0;0.0;0.0;0.13819827440736396;0.2280946071757168;0.0;0.0;0.0;0.0;0.21413911346022066;0.18656612973478048;0.0;0.0;0.0;0.20845878294722373;0.2145038011557509;0.0;0.13371223118642545;0.18165278619592184;0.14724451807253167;0.0;0.0;0.3145672787065427;0.4105645753293956;0.22833445300662011;0.0;0.0;0.0;0.0;0.0;0.0;0.13961133978801607;0.0;0.3977670690271302;0.2647214213175928;0.2232269567006311;0.41417108570869443;0.0;0.0;0.0;0.0;0.231481477348863;0.20064873163459282;0.0;0.25344990331639866;0.0;0.1558544598282732;0.0;0.0;0.211603736265282;0.0;0.0;0.0;0.4208872751754027;0.0;0.2280946071757168;0.194395587114957;0.3395452843843465;0.0;0.0;0.0;0.0;0.0;0.21838573733547123;0.0;0.0;0.32165765413683894;0.0;0.0;0.20514991682451086;0.3394352329830247;0.2224632525907234;0.0;0.0;0.0;0.1586306103746692;0.0;0.0;0.29239619731027927;0.3045579677434156;0.0;0.2874151283644003;0.10881067905034876;0.0
GO:0006296;0.2080349091274877;0.7184767380748086;0.7024098956495799;0.0;0.0;0.20762524883281858;0.0;0.0;0.0;0.0;0.0;0.0;1.0;0.0;0.20152221662122707;0.17673606169550524;0.43377551497152195;0.0;0.0;0.0;0.0;0.231683268882549;0.22316715005365753;0.19459364368676463;0.0;0.23156678264484748;0.0;0.0;0.20087642751024787;0.0;0.7404084276920068;0.528486607336354;0.18270850436687616;0.0;0.22246213881928525;0.20771370773079836;0.0;0.0;0.0;0.2008744787203918;0.0;0.19459073121732862;0.18261185707979918;0.7024098956495799;0.0;0.0;0.6723730255632036;0.5143581174139535;0.0;0.0;0.20046219759274095;0.2153470689471017;0.0;0.0;0.0;0.6210142211095875;0.2232812000453397;0.6603622858761337;0.2916121711598048;0.6603622858761337;0.6603622858761337;0.0;0.0;0.22391145003684298;0.0;0.21474034849901372;0.0;0.0;0.17715689690224004;0.42948769154747674;0.4912545796751;0.0;0.0;0.36392721490209956;0.0;0.5926194586614982;0.0821103205042939;0.14364539449153374;0.7404606439984497;0.0;0.24076076165834545;0.0;0.4915095340007298;0.0;0.4214511290322138;0.22246213881928525;0.0;0.0;0.4826017915978667;0.0;0.21564268120510344;0.7024098956495799;0.4994781543988957;0.0;0.0;0.3864920507703638;0.0;0.3864920507703638;0.0;0.09829359121324335;0.0;0.0;0.0;0.0;0.13416503111798644;0.0;0.47473380471349164;0.6335163086471328;0.0;0.0;0.4867914579457543;0.0;0.1594200375227731;0.0
GO:0006293;0.0;0.0;0.0;0.0;0.0;0.4073604218147886;0.26241484566783246;0.29366427699931746;0.4203347827139922;0.0;0.568145074434451;0.28649164006189565;0.0;1.0;0.0;0.3386739442029923;0.0;0.0;0.0;0.33962669303139503;0.3779495167307118;0.0;0.0;0.0;0.0;0.0;0.6163784891553793;0.2925159222511125;0.39207503961847145;0.25689252030524024;0.0;0.0;0.0;0.2737715208617867;0.44153132362656033;0.0;0.0;0.0;0.0;0.3920706487110017;0.2606168744484997;0.0;0.0;0.0;0.30542448437854136;0.40689575130028555;0.0;0.1493255832384561;0.2511283108550248;0.21403543574769748;0.0;0.0;0.3412786052460888;0.30939894739391544;0.5290200771386029;0.0;0.0;0.0;0.0;0.0;0.0;0.1982773196131926;0.0;0.23821696905091036;0.1840895710967311;0.42364894134840386;0.25180864650021884;0.0;0.0;0.0;0.0;0.21085646504286576;0.34909699635465846;0.0;0.30103413399585854;0.0;0.2610164999620848;0.0;0.0;0.31222340512973157;0.0;0.0;0.0;0.46027629545573595;0.0;0.44153132362656033;0.27615383529485293;0.36763658636023433;0.0;0.0;0.0;0.0;0.0;0.486110722477674;0.0;0.0;0.340407659076007;0.0;0.0;0.17783146345834244;0.28770654125889034;0.1991742561461312;0.0;0.0;0.0;0.2735357772606415;0.0;0.0;0.30183805353392756;0.5680309209001974;0.0;0.2934978165507798;0.1783492902678827;0.0
GO:0006294;0.44537264298956714;0.1676337555034743;0.1632739075410429;0.0;0.0;0.26192785218145154;0.0;0.0;0.0;0.0;0.0;0.0;0.20152221662122707;0.0;1.0;0.2146093078121516;0.22401714688616914;0.0;0.0;0.0;0.0;0.3014124703477064;0.4870575615575937;0.24152318110674445;0.0;0.5109033202104619;0.0;0.0;0.25127773282745436;0.0;0.1736380256173824;0.24094197523437297;0.22347995237692214;0.0;0.28599028682120664;0.2620686490358878;0.0;0.0;0.0;0.2512746834301573;0.0;0.24151869447784985;0.22333537577202375;0.1632739075410429;0.0;0.0;0.15520981288432892;0.11456126463173211;0.0;0.0;0.2506298941469479;0.5553924310752408;0.0;0.0;0.0;0.1416770167635636;0.768621913017875;0.15201641701020108;0.0;0.15201641701020108;0.15201641701020108;0.0;0.0;0.0;0.0;0.2733538474827066;0.0;0.0;0.21523014895223874;0.27745705947025956;0.0;0.0;0.0;0.22938439855314122;0.0;0.13433019157241555;0.15170908189935448;0.16769905162124615;0.1736523945435078;0.0;0.3169596164700141;0.0;0.12732695638711505;0.0;0.1600314300493526;0.28599028682120664;0.0;0.0;0.12473197622805933;0.0;0.27481766913027494;0.1632739075410429;0.195441491168711;0.0;0.0;0.24566401468838084;0.0;0.24566401468838084;0.0;0.18486378450456264;0.0;0.0;0.0;0.0;0.2627644294752999;0.0;0.18398052323486874;0.14494201361314418;0.0;0.0;0.18953778199191817;0.0;0.18960176439278348;0.0
GO:0008630;0.22201088454056117;0.4030301764209295;0.39361760986242383;0.20010963516827746;0.0;0.599459613827708;0.18123670227905017;0.20188325481021793;0.2836589758358509;0.0;0.3753652899524819;0.1971611469035899;0.17673606169550524;0.3386739442029923;0.2146093078121516;1.0;0.19380345283078723;0.2771649285448086;0.0;0.3112557980055747;0.2559613247000025;0.24915067352137438;0.23932924610250675;0.35026933576590136;0.0;0.24901596565946357;0.4044640024553223;0.2752239820466809;0.5787132043442514;0.1775681736909917;0.15491794857754262;0.206342998214578;0.32762402494794246;0.24901382721110038;0.5679711020944321;0.37546944527603376;0.2145312151588308;0.0;0.2305277576594031;0.5092883217979134;0.18004295448169347;0.35026376530066167;0.1932929744022974;0.39361760986242383;0.2096039843852104;0.21820820488732134;0.37607201549960445;0.1822519359157157;0.17373253750492074;0.20462826051403632;0.3615149158284478;0.23035823209777861;0.3179706568648644;0.2901191207410666;0.40403603232100277;0.12896185924926715;0.23946041846570448;0.13747292427513147;0.0;0.13747292427513147;0.13747292427513147;0.15220003184765274;0.23092544101736515;0.16511714929600962;0.1770875230005319;0.546886392494378;0.1741855902825782;0.21414247898216;0.44205521284360194;0.14686263119802914;0.0;0.20172069181696975;0.39476645187046505;0.1236058111641454;0.27853099783422175;0.32980598398851185;0.17306549691672043;0.15017302052394463;0.1549293861599008;0.21405536597444907;0.2596796337883254;0.0;0.11696290496057475;0.3088252170532602;0.14399479867631565;0.5679711020944321;0.190337607051136;0.19805007382900652;0.1147695411578288;0.22181716770589477;0.23069652551052428;0.39361760986242383;0.17204172055770892;0.37389609605820273;0.0;0.13157497111096264;0.18396112622351127;0.13157497111096264;0.23033741597323595;0.2082209444370382;0.19796168174616757;0.19100313517467676;0.22180840769473903;0.0;0.13984243726345771;0.25482828637624544;0.1630980610770201;0.1316615201927613;0.28346102518009747;0.37529594982663267;0.16745045407354922;0.2760930467204011;0.22856365538062756;0.0
GO:0006452;0.23209408506742385;0.41642159723354927;0.40640901523377904;0.0;0.0;0.23158430753608025;0.0;0.0;0.0;0.0;0.0;0.0;0.43377551497152195;0.0;0.22401714688616914;0.19380345283078723;1.0;0.0;0.0;0.0;0.0;0.2619207047899514;0.25108858215370417;0.21548817059344844;0.0;0.26177183847478114;0.0;0.0;0.2232194239940072;0.0;0.3785516873700421;0.43784096233653547;0.20100862317979917;0.0;0.2501964733811206;0.2316943653292912;0.0;0.0;0.0;0.22321701757884194;0.0;0.2154845990968021;0.20089165209669127;0.40640901523377904;0.0;0.0;0.3877826634504527;0.29172924162363645;0.0;0.0;0.2227080391219337;0.24123248926837695;0.0;0.0;0.0;0.5722980880291507;0.25123296527346384;0.5203852226606137;0.254271818193507;0.5203852226606137;0.5203852226606137;0.0;0.0;0.16683177151620684;0.0;0.24047140061963068;0.0;0.0;0.19430960909495176;0.4071167045454947;0.38906881230858836;0.0;0.0;0.3410486117038348;0.0;0.33890085296568784;0.08561314734085303;0.15471973512019022;0.37858050963725853;0.0;0.2735818904008429;0.0;0.24374204269464614;0.0;0.3989363037710037;0.2501964733811206;0.0;0.0;0.2390662213886619;0.0;0.2416035011110298;0.40640901523377904;0.4793471773133702;0.0;0.0;0.3636179260878844;0.0;0.3636179260878844;0.0;0.10335580563925872;0.0;0.0;0.0;0.0;0.14377692540961237;0.0;0.45360657981038166;0.5845952872345447;0.0;0.0;0.46612149393733315;0.0;0.1731766911469999;0.0
GO:0042542;0.0;0.2183483338464472;0.2128384442854391;0.44846078670148387;0.0;0.0;0.0;0.0;0.0;0.0;0.0;0.0;0.0;0.0;0.0;0.2771649285448086;0.0;1.0;0.0;0.0;0.0;0.0;0.0;0.4651372845994746;0.0;0.0;0.0;0.0;0.0;0.0;0.0;0.0;0.28815978472323406;0.0;0.0;0.3355828283684519;0.3234942510597711;0.0;0.43824527919103273;0.0;0.0;0.4651290189418515;0.0;0.2128384442854391;0.0;0.0;0.2026240957472938;0.0;0.0;0.0;0.2393632640607924;0.0;0.0;0.0;0.0;0.0;0.0;0.0;0.0;0.0;0.0;0.0;0.43910179788521975;0.0;0.0;0.0;0.0;0.4032928381857521;0.34900284141891896;0.0;0.0;0.0;0.21283955144972122;0.0;0.0;0.1760367973816944;0.0;0.0;0.0;0.0;0.0;0.0;0.0;0.0;0.0;0.0;0.0;0.0;0.0;0.41958252228694337;0.0;0.2128384442854391;0.0;0.0;0.0;0.0;0.0;0.0;0.4378354656024467;0.0;0.0;0.0;0.6706709862521839;0.0;0.0;0.0;0.0;0.0;0.0;0.0;0.0;0.0;0.0;0.0
GO:0006611;0.0;0.0;0.0;0.0;0.0;0.0;0.0;0.0;0.0;0.3952630568142279;0.0;0.0;0.0;0.0;0.0;0.0;0.0;0.0;1.0;0.0;0.0;0.0;0.0;0.0;0.0;0.0;0.0;0.0;0.0;0.0;0.0;0.0;0.0;0.0;0.0;0.0;0.0;0.2688234763056207;0.0;0.0;0.0;0.0;0.0;0.0;0.0;0.0;0.0;0.0;0.0;0.0;0.0;0.0;0.0;0.0;0.0;0.0;0.0;0.0;0.0;0.0;0.0;0.0;0.0;0.0;0.0;0.0;0.0;0.0;0.0;0.0;0.0;0.0;0.0;0.0;0.0;0.0;0.0;0.22600591091480768;0.0;0.0;0.0;0.6388788366366223;0.0;0.0;0.0;0.0;0.0;0.0;0.0;0.0;0.0;0.0;0.0;0.0;0.0;0.0;0.0;0.0;0.0;0.0;0.0;0.0;0.0;0.761808276282313;0.3827845234114159;0.0;0.0;0.0;0.0;0.0;0.0;0.0;0.0;0.33890790987246006
GO:1903779;0.0;0.0;0.0;0.0;0.0;0.3859965218528514;0.16261776533553368;0.18367848479751755;0.34140346958631307;0.0;0.38703141559345094;0.17880982128108938;0.0;0.33962669303139503;0.0;0.3112557980055747;0.0;0.0;0.0;1.0;0.24174190143813903;0.0;0.0;0.0;0.0;0.0;0.42657010321512867;0.2635061728494171;0.36896540440384296;0.19859531558976318;0.0;0.0;0.0;0.33248387972061094;0.42493389854475194;0.0;0.0;0.0;0.0;0.36896054556870306;0.20169603043562023;0.0;0.0;0.0;0.23954233969979866;0.25084630774707756;0.0;0.16076919289589736;0.15510640497263226;0.1865230371916874;0.0;0.0;0.3140078980514753;0.28075019680454094;0.42597549028941684;0.0;0.0;0.0;0.0;0.0;0.0;0.17166675680982563;0.0;0.14657469529597894;0.15845531826094122;0.40440608836999337;0.15555776455325668;0.0;0.0;0.0;0.0;0.18351035850264616;0.3223067500459858;0.0;0.35146871275085295;0.0;0.15557597871295709;0.0;0.0;0.24537383197239368;0.0;0.0;0.0;0.3029379672726213;0.0;0.42493389854475194;0.21470524138027045;0.17972396167297128;0.0;0.0;0.0;0.0;0.0;0.3850819334328601;0.0;0.0;0.16536348319095512;0.0;0.0;0.1526766147548179;0.1796330132458843;0.17250717348721634;0.0;0.0;0.0;0.3145494924563441;0.0;0.0;0.2729965957963052;0.38693930882677924;0.0;0.26450221171426863;0.2015333191966775;0.0
GO:0051497;0.0;0.0;0.0;0.0;0.0;0.293343191924833;0.15982082197959815;0.1756629944861104;0.23448193993545197;0.0;0.29382102830095963;0.1720769372034239;0.0;0.3779495167307118;0.0;0.2559613247000025;0.0;0.0;0.0;0.24174190143813903;1.0;0.0;0.0;0.0;0.0;0.0;0.31135492320721486;0.22868825048054217;0.285332760139097;0.15696121505221242;0.0;0.0;0.0;0.1898993478924825;0.3106561829823926;0.0;0.0;0.0;0.0;0.285330434616872;0.1588918017932296;0.0;0.0;0.0;0.18147955840482122;0.26108599198123655;0.0;0.15838838176404116;0.15395664790034427;0.2473281977798266;0.0;0.0;0.25744630735780244;0.23887894171471533;0.37198757384729003;0.0;0.0;0.0;0.0;0.0;0.0;0.13343736943679507;0.0;0.1471525920523684;0.21789433518957335;0.3016961922451426;0.15431232382394777;0.0;0.0;0.0;0.0;0.24427001519526517;0.2618705148360892;0.0;0.27680445932936615;0.0;0.17898637941824092;0.0;0.0;0.18480703793216538;0.0;0.0;0.0;0.2514181024290639;0.0;0.3106561829823926;0.16685623526043533;0.24004747889244904;0.0;0.0;0.0;0.0;0.0;0.35024810850186494;0.0;0.0;0.19362845735934348;0.0;0.0;0.2115615661609982;0.17268641601504445;0.23289777467953937;0.0;0.0;0.0;0.25773748836073;0.0;0.0;0.2343466594271619;0.2937785409571559;0.0;0.2292879524035604;0.13849952109856226;0.0
GO:0001711;0.31621890418880694;0.18799144290902037;0.1825256268367583;0.0;0.3730797328084819;0.3152733583408757;0.0;0.0;0.0;0.0;0.0;0.0;0.231683268882549;0.0;0.3014124703477064;0.24915067352137438;0.2619207047899514;0.0;0.0;0.0;0.0;1.0;0.3525562320813902;0.2861725931774278;0.3955464150561268;0.37398704868017635;0.0;0.0;0.2999700960037398;0.0;0.19557558801964542;0.28535699683067306;0.2611866431533787;0.0;0.3507999366799311;0.3154773684476249;0.0;0.0;0.0;0.29996575029211286;0.0;0.28616629438792496;0.44204841907443065;0.1825256268367583;0.0;0.0;0.17250608370119677;0.12371706450653525;0.0;0.0;0.29904731664551887;0.3334280976349274;0.0;0.0;0.0;0.15594996065630562;0.35284095355064005;0.16857032351199713;0.0;0.16857032351199713;0.16857032351199713;0.0;0.0;0.0;0.0;0.3319758366102302;0.0;0.0;0.24998783602941113;0.18291009952292275;0.0;0.0;0.0;0.14818509264167867;0.0;0.1470945535658092;0.09492873835997197;0.18807356521166532;0.19559381725549757;0.0;0.675071664330502;0.0;0.1387385527879407;0.0;0.17848289124153777;0.3507999366799311;0.0;0.0;0.13566319893037218;0.0;0.5659424908720521;0.1825256268367583;0.2236823105523835;0.0;0.0;0.15978748789226402;0.0;0.15978748789226402;0.0;0.11724588500572286;0.0;0.0;0.0;0.0;0.17214703244157392;0.0;0.20879601855614113;0.1599151502013826;0.0;0.0;0.21598279858627678;0.0;0.21606588456269624;0.0
GO:0001836;0.6084876994725288;0.18234533074495488;0.17719840919040813;0.0;0.0;0.2997099331326576;0.0;0.0;0.0;0.0;0.0;0.0;0.22316715005365753;0.0;0.4870575615575937;0.23932924610250675;0.25108858215370417;0.0;0.0;0.0;0.0;0.3525562320813902;1.0;0.2732909840625445;0.0;0.7131986038312735;0.0;0.0;0.285847047640989;0.0;0.18947211919638704;0.27254706528401407;0.25041390324279494;0.0;0.33163795135510393;0.2998942926396571;0.0;0.0;0.0;0.2858431014990897;0.0;0.27328523956489087;0.25023239184678736;0.17719840919040813;0.0;0.0;0.16774004094923844;0.12124639188054223;0.0;0.0;0.28500899311844397;0.6398787294954424;0.0;0.0;0.0;0.15204449570000875;0.5655973099160424;0.16401640574454526;0.0;0.16401640574454526;0.16401640574454526;0.0;0.0;0.0;0.0;0.31476471063373873;0.0;0.0;0.24010160590942362;0.3011678368206139;0.0;0.0;0.0;0.24535417168018442;0.0;0.14361508102633425;0.2197286833066397;0.18242259320848536;0.18948922835043083;0.0;0.37401490379049085;0.0;0.13563900366088322;0.0;0.1733857488707634;0.33163795135510393;0.0;0.0;0.13269807099554218;0.0;0.31670721640558747;0.17719840919040813;0.2157341379957781;0.0;0.0;0.2640719573553571;0.0;0.2640719573553571;0.0;0.19509778918514697;0.0;0.0;0.0;0.0;0.39353539814982863;0.0;0.20185414562901302;0.1558111726210659;0.0;0.0;0.20856331202815892;0.0;0.2086407866544907;0.0
GO:0071247;0.2509383312567194;0.27580481611988017;0.26883276301859516;0.37480210019028576;0.0;0.25034251943790764;0.0;0.0;0.0;0.0;0.0;0.0;0.19459364368676463;0.0;0.24152318110674445;0.35026933576590136;0.21548817059344844;0.4651372845994746;0.0;0.0;0.0;0.2861725931774278;0.2732909840625445;1.0;0.0;0.28599489212481594;0.0;0.0;0.24059616701778783;0.0;0.16846959625155858;0.23110386061136656;0.5077173298169904;0.0;0.2722344632183953;0.5915061622860018;0.3243628356687909;0.0;0.43952164190080734;0.24059337136241654;0.0;0.5470218009575784;0.21485725208700646;0.26883276301859516;0.0;0.0;0.2559095102819715;0.11228844445555003;0.0;0.0;0.40656651584116293;0.26165517315277437;0.0;0.0;0.0;0.13821719528184986;0.27346203883076803;0.1480402687628433;0.0;0.1480402687628433;0.1480402687628433;0.0;0.4403831618813074;0.0;0.0;0.2607600015147005;0.0;0.40437347501900583;0.4896614669206138;0.1589864744634434;0.0;0.0;0.21334455976550612;0.13208305810143944;0.0;0.2222813693395712;0.08805224152376596;0.1628732163784364;0.16848312247740022;0.0;0.30015085446430884;0.0;0.12452558202638024;0.0;0.15563101494029044;0.2722344632183953;0.0;0.0;0.1220424188046022;0.4207523463007567;0.262091720524715;0.26883276301859516;0.18891796748592102;0.0;0.0;0.1412232134252886;0.0;0.1412232134252886;0.4391094388444084;0.10693173713085674;0.0;0.0;0.42073356709661325;0.0;0.1507917101759107;0.0;0.17818832642765778;0.1413229257922303;0.0;0.0;0.18339622621617457;0.0;0.1834561287210994;0.0
GO:0035264;0.0;0.0;0.0;0.0;0.39419394486239034;0.0;0.0;0.0;0.0;0.0;0.0;0.0;0.0;0.0;0.0;0.0;0.0;0.0;0.0;0.0;0.0;0.3955464150561268;0.0;0.0;1.0;0.0;0.0;0.0;0.0;0.0;0.0;0.0;0.0;0.0;0.0;0.0;0.0;0.0;0.0;0.0;0.0;0.0;0.2711491940628266;0.0;0.0;0.0;0.0;0.0;0.0;0.0;0.0;0.0;0.0;0.0;0.0;0.0;0.0;0.0;0.0;0.0;0.0;0.0;0.0;0.0;0.0;0.0;0.0;0.0;0.0;0.0;0.0;0.0;0.0;0.0;0.0;0.0;0.0;0.0;0.0;0.0;0.42275940505411547;0.0;0.0;0.0;0.0;0.0;0.0;0.0;0.0;0.0;0.3509742629681583;0.0;0.0;0.0;0.0;0.0;0.0;0.0;0.0;0.0;0.0;0.0;0.0;0.0;0.0;0.0;0.0;0.0;0.0;0.0;0.0;0.0;0.0;0.0
GO:0000715;0.6397409589692541;0.1879147416280249;0.18245332000981013;0.0;0.0;0.31505769265752986;0.0;0.0;0.0;0.0;0.0;0.0;0.23156678264484748;0.0;0.5109033202104619;0.24901596565946357;0.26177183847478114;0.0;0.0;0.0;0.0;0.37398704868017635;0.7131986038312735;0.28599489212481594;0.0;1.0;0.0;0.0;0.2997748523867289;0.0;0.19549257454437388;0.28518030692350765;0.26103860986162103;0.0;0.3505329484986392;0.31526142365952664;0.0;0.0;0.0;0.2997705123302669;0.0;0.28598860115536107;0.26084137523540235;0.18245332000981013;0.0;0.0;0.17244149599182876;0.1236838409397606;0.0;0.0;0.2988532720239474;0.6745316097303014;0.0;0.0;0.0;0.155897173630161;0.5980094345178891;0.16850864881830083;0.0;0.16850864881830083;0.16850864881830083;0.0;0.0;0.0;0.0;0.3317367233232982;0.0;0.0;0.24985222163861312;0.3101179308091314;0.0;0.0;0.0;0.251261784375258;0.0;0.14704759031088557;0.19214213353609358;0.1879967969172419;0.19551078830772722;0.0;0.39822349690201286;0.0;0.13869677290670984;0.0;0.17841375136461865;0.3505329484986392;0.0;0.0;0.13562325048462257;0.0;0.3338950733863075;0.18245332000981013;0.223573728987759;0.0;0.0;0.27092791568503444;0.0;0.27092791568503444;0.0;0.19881479444326;0.0;0.0;0.0;0.0;0.34837874357696214;0.0;0.20870140545633004;0.1598596451971894;0.0;0.0;0.21588156178832843;0.0;0.2159645698788856;0.0
GO:0008284;0.0;0.0;0.0;0.0;0.0;0.5064460394994891;0.28854897584068406;0.3267861487913735;0.4916633070464372;0.0;0.9026593911590246;0.31792869009176195;0.0;0.6163784891553793;0.0;0.4044640024553223;0.0;0.0;0.0;0.42657010321512867;0.31135492320721486;0.0;0.0;0.0;0.0;0.0;1.0;0.34032904842673894;0.48303400473992014;0.2818858960452833;0.0;0.0;0.0;0.35203594662977433;0.5603620822831025;0.0;0.0;0.0;0.0;0.4830273401999395;0.2863765309726009;0.0;0.0;0.0;0.3414148601627662;0.3579356098047287;0.0;0.16402457628197042;0.2749606297368731;0.23855878011029077;0.0;0.0;0.4081844630650756;0.36340002039664593;0.5618118731636218;0.0;0.0;0.0;0.0;0.0;0.0;0.21914654224400296;0.0;0.25955756256767326;0.20194457668761256;0.5318695158317407;0.27577643137459074;0.0;0.0;0.0;0.0;0.23461631786456838;0.41941930861671095;0.0;0.36741017814073007;0.0;0.21987111697013717;0.0;0.0;0.349932863871577;0.0;0.0;0.0;0.5472063255541056;0.0;0.5603620822831025;0.30524786116678104;0.3195909364625231;0.0;0.0;0.0;0.0;0.0;0.5051861630457902;0.0;0.0;0.29352250794915097;0.0;0.0;0.19443838851080633;0.3194255412936577;0.22024274706642122;0.0;0.0;0.0;0.32725724183853405;0.0;0.0;0.3530138136041709;0.7065521401110693;0.0;0.341658896740774;0.20855435503983827;0.0
GO:0043488;0.0;0.0;0.0;0.0;0.0;0.31892429025304964;0.4270623196319751;0.4715306214263052;0.25054588652017323;0.0;0.31948918049606473;0.2868215563051826;0.0;0.2925159222511125;0.0;0.2752239820466809;0.0;0.0;0.0;0.2635061728494171;0.22868825048054217;0.0;0.0;0.0;0.0;0.0;0.34032904842673894;1.0;0.30947832991180135;0.16399989973995271;0.0;0.0;0.0;0.2816927608491128;0.3394943845448857;0.0;0.0;0.0;0.0;0.30947559415549564;0.20080282620535664;0.0;0.0;0.0;0.19095534127170358;0.19807063487549664;0.0;0.23036014378896583;0.16072263339261209;0.18681687855766735;0.0;0.0;0.7600809274026687;0.5064710616538532;0.34002599121378735;0.0;0.0;0.0;0.0;0.0;0.0;0.17629972915784628;0.0;0.3038396411656795;0.32418794681707674;0.32882224452410697;0.3192742617821339;0.0;0.0;0.0;0.0;0.4370073630418692;0.2820679348511632;0.0;0.23966730611072842;0.0;0.16139865976417717;0.0;0.0;0.19464290522418637;0.0;0.0;0.0;0.48020486700324655;0.0;0.3394943845448857;0.1748328968997486;0.35932136921463365;0.0;0.0;0.0;0.0;0.0;0.38493161109816193;0.0;0.0;0.40157044203839515;0.0;0.0;0.40535408948586604;0.4295515398971747;0.44819506602936343;0.0;0.0;0.0;0.221906764839113;0.0;0.0;0.6398397074491078;0.31943894616113255;0.0;0.6251039903084712;0.2002312083836636;0.0
GO:0097192;0.2614848221417449;0.16718665835260482;0.16284973490043575;0.0;0.0;0.8741284741849223;0.19548485115892386;0.21972239003353725;0.3201844584893828;0.0;0.44210398772527576;0.2141404232916773;0.20087642751024787;0.39207503961847145;0.25127773282745436;0.5787132043442514;0.2232194239940072;0.0;0.0;0.36896540440384296;0.285332760139097;0.2999700960037398;0.285847047640989;0.24059616701778783;0.0;0.2997748523867289;0.48303400473992014;0.30947832991180135;1.0;0.19122361829223056;0.17315837263971964;0.24001940882397277;0.22268604400700176;0.29977175329794903;0.7703242028256114;0.2609775678684705;0.0;0.0;0.0;0.5959575118184788;0.19409674823686224;0.24059171476363098;0.22254249245901003;0.16284973490043575;0.22889887774038725;0.2391990387754717;0.15482645609530887;0.19642313708477374;0.18678273481726768;0.22297785775759527;0.24963179981580028;0.27314233759249096;0.3645930564982741;0.32843961201921223;0.4824237377700237;0.14135752684981534;0.2860341867196237;0.1516486541547238;0.0;0.1516486541547238;0.1516486541547238;0.16480463510846716;0.0;0.17686137428347834;0.19066631451987703;0.7364353215599406;0.18730651011448993;0.0;0.21449367666374497;0.16315571508641977;0.0;0.2195298421186845;0.37353014937971163;0.13494794769816057;0.32385996392673466;0.1340429439768512;0.1835761788307242;0.16725160656392807;0.17317266228755915;0.23421791391548347;0.31536500003590356;0.0;0.1270688502871227;0.3526195973932034;0.15962391649466326;0.7703242028256114;0.20611492709250728;0.21518945680492782;0.12448427332185344;0.0;0.27361809173916646;0.16284973490043575;0.19483402739226457;0.44006733193733577;0.0;0.14450324620105154;0.1986582316745549;0.14450324620105154;0.0;0.22362552428135427;0.2150851077416223;0.20689558719515014;0.0;0.0;0.15453716796100384;0.2922523221455342;0.18344211745343914;0.14460764588304778;0.31993226994442947;0.4420078019157511;0.18896640964726316;0.3105776160459423;0.2579420202798288;0.0
GO:0046638;0.0;0.0;0.0;0.0;0.0;0.19478839963915595;0.1743401029062247;0.18760304190173058;0.4587659468206997;0.0;0.2713506308607264;0.18464976338234868;0.0;0.25689252030524024;0.0;0.1775681736909917;0.0;0.0;0.0;0.19859531558976318;0.15696121505221242;0.0;0.0;0.0;0.0;0.0;0.2818858960452833;0.16399989973995271;0.19122361829223056;1.0;0.0;0.0;0.0;0.12221611402159914;0.2022738676316739;0.0;0.0;0.0;0.0;0.19122257380905225;0.17354467578449295;0.0;0.0;0.0;0.19233407649498896;0.19746855824721005;0.0;0.09955999830673214;0.1692854258072561;0.13603460092392933;0.0;0.0;0.17828157179037935;0.16917552766035493;0.24289371149283337;0.0;0.0;0.0;0.0;0.0;0.0;0.1294936135136115;0.0;0.16331840292960517;0.1232880586352487;0.19843662430895817;0.16959430435360245;0.0;0.0;0.0;0.0;0.13474346777842225;0.18039207553119224;0.0;0.14994075239217977;0.0;0.14666159208204196;0.0;0.0;0.7594896938919712;0.0;0.0;0.0;0.24403558676728276;0.0;0.2022738676316739;0.9510471386782022;0.1852092408823254;0.0;0.0;0.0;0.0;0.0;0.23346322084022372;0.0;0.0;0.17614340155052954;0.0;0.0;0.12044928680429999;0.18515368197055432;0.12987558534616847;0.0;0.0;0.0;0.14279089997341227;0.0;0.0;0.16688967970864038;0.271324588633275;0.0;0.16430808571568295;0.09865317549104809;0.0
GO:0000398;0.1784515888665701;0.6447037606609096;0.6317372275017699;0.0;0.0;0.1781500704060641;0.0;0.0;0.0;0.0;0.0;0.0;0.7404084276920068;0.0;0.1736380256173824;0.15491794857754262;0.3785516873700421;0.0;0.0;0.0;0.0;0.19557558801964542;0.18947211919638704;0.16846959625155858;0.0;0.19549257454437388;0.0;0.0;0.17315837263971964;0.0;1.0;0.45765686353726653;0.15948774777005506;0.0;0.18896368666809177;0.1782151922849834;0.0;0.0;0.0;0.17315692455279932;0.0;0.16846741328029388;0.15941410061235675;0.6317372275017699;0.0;0.0;0.6073355898174794;0.5360564112000924;0.0;0.0;0.17285048369575032;0.1838052239079601;0.0;0.0;0.0;0.6011656421970512;0.18955432298598712;0.6356312141108698;0.2562680502927169;0.6356312141108698;0.6356312141108698;0.0;0.0;0.2081761501740868;0.0;0.18336303722639208;0.0;0.0;0.1552411978456591;0.3862120487854088;0.421375987928756;0.0;0.0;0.3323696900846888;0.0;0.5415094081416252;0.07706765489793821;0.12889151251773867;0.8312317062901307;0.0;0.20200486299406673;0.0;0.45091840938891503;0.0;0.37970116222644706;0.18896368666809177;0.0;0.0;0.4434099612586052;0.0;0.18402053821951875;0.6317372275017699;0.44189416472577087;0.0;0.0;0.35109017834380996;0.0;0.35109017834380996;0.0;0.09115372762519562;0.0;0.0;0.0;0.0;0.12120650677070789;0.0;0.42241514336118635;0.6121589425110529;0.0;0.0;0.43193493612941747;0.0;0.14145047163912525;0.0
