;GO:0016525;GO:0014068;GO:0035684;GO:0036499;GO:0033141;GO:0034351;GO:0045765;GO:0046697;GO:0042531;GO:0051091;GO:0007259;GO:0032966;GO:0001666;GO:0048247;GO:0045651;GO:0048246;GO:0031639;GO:0048245;GO:2000353;GO:0032722;GO:0070208;GO:0050830;GO:0072108;GO:0019800;GO:0033138;GO:0007260;GO:0016239;GO:0007266;GO:0045779;GO:0014909;GO:0051770;GO:0048013;GO:0010544;GO:0034614;GO:0071407;GO:1905563;GO:0008285;GO:0008284;GO:0045944;GO:0001890;GO:0045669;GO:0043524;GO:0048661;GO:0000165;GO:0051024;GO:0043491;GO:0019221;GO:0060707;GO:0060708;GO:0071276;GO:0051384;GO:2000134;GO:0051549;GO:0070102;GO:0010596;GO:0022617;GO:0090200;GO:0044344;GO:0043410;GO:0048666;GO:0045835;GO:0001781;GO:0046888;GO:0090280;GO:2000427;GO:0001934;GO:0030593;GO:0050900;GO:0032496;GO:0010888;GO:0030199;GO:2000660;GO:0045727;GO:0032494;GO:0007179;GO:0048711;GO:0043388;GO:0042730;GO:0043547;GO:0070091;GO:0002675;GO:0050870;GO:0050871;GO:0072540;GO:0051607;GO:2000676;GO:2001243;GO:0072307;GO:0030225;GO:2000553;GO:0030500;GO:1900182;GO:0007187;GO:0002690;GO:0043312;GO:1901676;GO:0090141;GO:0042102;GO:0046426;GO:0035987;GO:2001258;GO:0031663;GO:0010469;GO:0032755;GO:0030335;GO:0008360;GO:0045742;GO:0051591;GO:0006469;GO:0043687;GO:0030206;GO:0071230;GO:1900747;GO:0030208;GO:1904707;GO:0030207;GO:0048863;GO:0045079;GO:0048861;GO:0051901;GO:0071356;GO:0070301;GO:0014910;GO:2001268;GO:0050776;GO:0043615;GO:0032461;GO:0051918;GO:0050829;GO:1900122;GO:0044267;GO:0045599;GO:0007565;GO:0009617;GO:0045089;GO:0071222;GO:0002548;GO:0070373;GO:0043066;GO:0070098;GO:0006508;GO:0070374;GO:0071347;GO:0071346;GO:2000502
GO:0016525;1.0;0.25452279955392026;0.0;0.28732647518258375;0.22772024499225957;0.32952678241836325;0.8714280885539538;0.0;0.22772024499225957;0.35420337438008315;0.30415614016750064;0.34550079306210985;0.0;0.0;0.3852628057297969;0.0;0.0;0.0;0.22772024499225957;0.4301509837407051;0.0;0.0;0.46551646189205714;0.0;0.24454990997717646;0.0;0.29873260618495057;0.30415614016750064;0.43597535147351946;0.0;0.25452279955392026;0.28732647518258375;0.46264973937431264;0.0;0.0;0.31269711743344636;0.4746548530128042;0.39763800967018964;0.35396816189306474;0.0;0.4082139758478805;0.381534632028301;0.28684120333210544;0.35140298299948763;0.240511531005056;0.28732647518258375;0.3863293869291936;0.0;0.0;0.0;0.0;0.3631861123881971;0.35865978680923843;0.28732647518258375;0.4977138604189567;0.0;0.240511531005056;0.0;0.33867112447850484;0.0;0.4142914233186497;0.0;0.4552966548046146;0.2881821295237541;0.27135246453883716;0.3446842046464178;0.0;0.0;0.0;0.39180523732841543;0.0;0.32818585622671465;0.33867112447850484;0.0;0.3476601930532108;0.4025777425651921;0.3223086777539316;0.43597535147351946;0.25239047226412975;0.2823757514567406;0.3272594014797748;0.34800466905660926;0.31859930737082415;0.0;0.0;0.22772024499225957;0.3922623640436185;0.4222077989307045;0.0;0.32585611118057495;0.4715434238209143;0.3264037471386044;0.36237721534739525;0.3322886991003835;0.0;0.21595340251127143;0.49231901645371773;0.29641846794599364;0.32952678241836325;0.0;0.3996770531581813;0.28732647518258375;0.3894167240266139;0.3853341747100316;0.37384930910352565;0.5732251892555386;0.2980268524396304;0.0;0.3650013886098975;0.0;0.0;0.0;0.34550079306210985;0.0;0.25452279955392026;0.0;0.0;0.45280501645843635;0.30415614016750064;0.28732647518258375;0.0;0.0;0.3233603141487749;0.32818585622671465;0.46211204918696647;0.0;0.3036708683170224;0.4009510801641674;0.0;0.28280765011119985;0.0;0.48751620436619303;0.0;0.0;0.3847928654218144;0.0;0.0;0.31269711743344636;0.4371702804015057;0.35464513512225143;0.0;0.2573411959899729;0.0;0.0;0.31269711743344636
GO:0014068;0.25452279955392026;1.0;0.0;0.23923188436375753;0.43860722654569734;0.22656154200654188;0.2966859262479818;0.0;0.5407545759830484;0.38652642450199587;0.2560615493486744;0.20727595672193327;0.0;0.0;0.31607040069435555;0.0;0.0;0.0;0.28375199691617037;0.36847948524654656;0.0;0.0;0.31655567254483385;0.0;0.30058166190108726;0.0;0.3574618108893332;0.2560615493486744;0.20727595672193327;0.0;0.2796733514796847;0.23923188436375753;0.32644628745013027;0.0;0.0;0.209731877021625;0.36607082478433467;0.4691585003873687;0.3972086278041791;0.0;0.35301539389526315;0.2770919213720756;0.35301539389526315;0.3033083921806614;0.31655567254483385;0.23923188436375753;0.3382347961103674;0.0;0.0;0.0;0.0;0.2602208719763757;0.31655567254483385;0.23923188436375753;0.2628204175265099;0.0;0.48405549610164217;0.0;0.6999978698912255;0.0;0.2925337758270291;0.0;0.45588388223582116;0.31333268144951854;0.31607040069435555;0.40341340935080044;0.0;0.0;0.0;0.24943908341599474;0.0;0.3784473281996001;0.4007039974694184;0.0;0.29956560223438455;0.31607040069435555;0.2610505663730804;0.2997718995493371;0.19235234341934632;0.2178139717893584;0.4603391994592839;0.39272260521212765;0.36331724352634254;0.0;0.0;0.28375199691617037;0.5521475259136783;0.22656154200654188;0.0;0.3876025975334294;0.2662687484009117;0.355695616636613;0.31428262452856903;0.44987975828662435;0.0;0.2697407283673061;0.33618572891034626;0.339658933857108;0.4780981285200308;0.0;0.2647558851045357;0.23923188436375753;0.5300013685947074;0.3236626762158731;0.42039344330117095;0.32013805716557836;0.5275595489873524;0.0;0.26428057426595225;0.0;0.0;0.0;0.40110856518901666;0.0;0.31655567254483385;0.0;0.0;0.22656154200654188;0.2560615493486744;0.3166183446805923;0.0;0.0;0.2770919213720756;0.3784473281996001;0.5145336473785316;0.0;0.3502150025146677;0.410263834522846;0.0;0.22276952126641641;0.0;0.2560615493486744;0.0;0.0;0.5250451615974718;0.0;0.0;0.4612684635351139;0.3327275697452803;0.3065505443034252;0.0;0.5903879165966288;0.0;0.0;0.27027189220720454
GO:0035684;0.0;0.0;1.0;0.4122517233397286;0.0;0.0;0.0;0.0;0.0;0.0;0.42908138832464554;0.0;0.0;0.7615793637414688;0.0;0.6663486545119206;0.0;0.6663486545119206;0.0;0.0;0.4122517233397286;0.0;0.0;0.4122517233397286;0.0;0.4122517233397286;0.0;0.42908138832464554;0.0;0.6259071391284774;0.0;0.4122517233397286;0.0;0.3459140379849535;0.404924778673121;0.0;0.0;0.0;0.0;0.0;0.0;0.0;0.0;0.47632823115663253;0.0;0.4122517233397286;0.5112546350863385;0.4122517233397286;0.4122517233397286;0.26806290643954656;0.0;0.0;0.0;0.4122517233397286;0.0;0.3440135297643094;0.0;0.31035419979447554;0.0;0.4948330481814594;0.0;0.4122517233397286;0.0;0.0;0.0;0.0;0.6663486545119206;0.7657596443385682;0.0;0.0;0.31035419979447554;0.0;0.0;0.0;0.4725854412103556;0.0;0.0;0.0;0.0;0.4122517233397286;0.0;0.0;0.0;0.4122517233397286;0.5153350421040844;0.0;0.0;0.0;0.42908138832464554;0.0;0.0;0.0;0.48730246350454004;0.0;0.556770681117843;0.0;0.0;0.0;0.0;0.4122517233397286;0.0;0.4122517233397286;0.0;0.0;0.0;0.0;0.0;0.0;0.0;0.35638376835593016;0.4122517233397286;0.3591841597365256;0.0;0.4122517233397286;0.0;0.4122517233397286;0.3842754305272557;0.0;0.42908138832464554;0.0;0.26806290643954656;0.28769296280505896;0.0;0.0;0.0;0.6259071391284774;0.0;0.0;0.0;0.0;0.4763911855734592;0.0;0.0;0.0;0.0;0.4122517233397286;0.6663486545119206;0.0;0.0;0.4795703832793962;0.0;0.0;0.26806290643954656;0.4122517233397286;0.0
GO:0036499;0.28732647518258375;0.23923188436375753;0.4122517233397286;1.0;0.209731877021625;0.2560615493486744;0.3336309194488894;0.0;0.209731877021625;0.3460849573860687;0.5353666635249013;0.24007963235059676;0.5829991788998685;0.44379841061882996;0.2560615493486744;0.3855773354389354;0.0;0.3855773354389354;0.22374314557048924;0.3115708292820634;0.3855773354389354;0.43385481252262853;0.25654682119915273;0.3855773354389354;0.24057281055540614;0.3855773354389354;0.2974529595436521;0.5353666635249013;0.28237092570552574;0.4122517233397286;0.22276469551520156;0.5185369985399844;0.3028512654654583;0.5763294514470103;0.5533124725705079;0.23923188436375753;0.40836211813926365;0.4091496490416876;0.33719977645849797;0.0;0.293006542549582;0.3098955970007391;0.293006542549582;0.5826135063568882;0.25654682119915273;0.5185369985399844;0.6175399102865942;0.3855773354389354;0.3855773354389354;0.4092781021407852;0.3966948574235851;0.28972087931850826;0.25654682119915273;0.5185369985399844;0.2956240931551734;0.3441416964251768;0.23923188436375753;0.4360806567024458;0.3233802092883421;0.46815866028066616;0.3253374514556926;0.3855773354389354;0.3663426829416575;0.2564240254850354;0.2560615493486744;0.3434045580051193;0.3855773354389354;0.4849883252655831;0.4897069306791534;0.3090453136063189;0.31048236645534294;0.23923188436375753;0.3406951461237373;0.49669187274819404;0.5788707164106113;0.41756530308425166;0.32749556691612053;0.24007963235059676;0.2519585736096705;0.3855773354389354;0.2955012974410561;0.3327137538664465;0.3033083921806614;0.3855773354389354;0.49431669705412296;0.22374314557048924;0.3033083921806614;0.2560615493486744;0.4024070004238523;0.22276469551520156;0.3032137416018193;0.29878696067212984;0.5935877387047959;0.3188239819523477;0.3855773354389354;0.209731877021625;0.27617687756466514;0.27965008251142687;0.24057281055540614;0.3855773354389354;0.3115708292820634;0.5185369985399844;0.42773091795977247;0.26675402025138994;0.36038459195548983;0.40654684191756313;0.28273593724946766;0.4146119616955609;0.31833871010186937;0.34933943682064933;0.3855773354389354;0.5075718536339124;0.25654682119915273;0.3855773354389354;0.25654682119915273;0.3855773354389354;0.38440359718812317;0.2560615493486744;0.5353666635249013;0.27617687756466514;0.4092781021407852;0.48530470063845227;0.3098955970007391;0.23923188436375753;0.43752644334439605;0.4122517233397286;0.29020615116898657;0.28237092570552574;0.43385481252262853;0.2823757514567406;0.47651935223432657;0.293006542549582;0.0;0.4502147345479627;0.3548609594252226;0.5111756256860382;0.3855773354389354;0.22374314557048924;0.36553124537394377;0.5858556584796519;0.0;0.24057281055540614;0.4092781021407852;0.5111756256860382;0.22374314557048924
GO:0033141;0.22772024499225957;0.43860722654569734;0.0;0.209731877021625;1.0;0.2020034135127573;0.26718591890584925;0.0;0.6427338415395762;0.3371879797967101;0.22656154200654188;0.2401624721717494;0.0;0.0;0.27377910733942656;0.0;0.0;0.0;0.24518259987352153;0.3088732550562224;0.0;0.0;0.25694944235450967;0.0;0.88127281146983;0.0;0.38687635691383876;0.22656154200654188;0.18047340216027258;0.0;0.3632226388279674;0.209731877021625;0.29694628010799773;0.0;0.0;0.1851737485278404;0.3332671491556712;0.40955227019704454;0.46119053092270784;0.0;0.30058166190108726;0.2502893668104149;0.30058166190108726;0.2738083848385289;0.2697407283673061;0.209731877021625;0.30873478876823485;0.0;0.0;0.0;0.0;0.23566274348259114;0.25694944235450967;0.209731877021625;0.23601786296484922;0.0;0.3415023349986925;0.0;0.6720079305513548;0.0;0.2657312212653684;0.0;0.41893888903491355;0.2592745456136014;0.27377910733942656;0.734323572623061;0.0;0.0;0.0;0.2199390760738622;0.0;0.3415023349986925;0.5558358445643579;0.0;0.270065594892252;0.286570393352223;0.2364924378792958;0.27027189220720454;0.16969110642992985;0.18831396444722587;0.34300849413305906;0.35043131185719867;0.32102595017141355;0.0;0.0;0.24518259987352153;0.5026837343626012;0.2020034135127573;0.0;0.27027189220720454;0.23676874105877915;0.28925061609357283;0.2847826171864365;0.3325490529603995;0.0;0.47127211599391927;0.2697407283673061;0.30108953681445916;0.6923671821531566;0.0;0.2401977566107511;0.209731877021625;0.48053757704363026;0.2640564460255489;0.3735784991236432;0.2906380498234458;0.3850063878844026;0.0;0.5635347930023997;0.0;0.0;0.0;0.3588172718340877;0.0;0.2697407283673061;0.0;0.0;0.3462594471625268;0.22656154200654188;0.25017334413755216;0.0;0.0;0.2502893668104149;0.3605651895763981;0.4722423540236026;0.0;0.30340005833713996;0.2842831607560688;0.0;0.20010828427699995;0.0;0.22656154200654188;0.0;0.0;0.39906448783069465;0.0;0.0;0.46176673027487136;0.3059250151836196;0.27705053696129267;0.0;0.5718855949830236;0.0;0.0;0.24571376371341996
GO:0034351;0.32952678241836325;0.22656154200654188;0.0;0.2560615493486744;0.2020034135127573;1.0;0.2980268524396304;0.0;0.2020034135127573;0.3033083921806614;0.2574024755403231;0.29776867837964455;0.0;0.0;0.24339120699145883;0.0;0.0;0.0;0.47997590775426874;0.2815855500894526;0.0;0.0;0.22656154200654188;0.0;0.2305999209786624;0.0;0.2847826171864365;0.2574024755403231;0.28227993958637626;0.0;0.19730306714518947;0.24057281055540614;0.3793455975228747;0.0;0.0;0.3157262164211739;0.48485645019668006;0.3836880206716755;0.32722688688175416;0.0;0.27289121433359137;0.6907058387013439;0.27289121433359137;0.32013805716557836;0.24057281055540614;0.2560615493486744;0.35506446109528433;0.0;0.0;0.0;0.0;0.36621521137592467;0.22656154200654188;0.24057281055540614;0.3548034883771946;0.0;0.47997590775426874;0.0;0.31070986693112645;0.0;0.40183178351310894;0.0;0.44283701499907385;0.23096239711502337;0.24339120699145883;0.33073421564790373;0.0;0.0;0.0;0.341758003115833;0.0;0.3157262164211739;0.3247211354799907;0.0;0.30090652842603316;0.2574024755403231;0.26508894534520083;0.29776867837964455;0.19741516592327513;0.219154897981007;0.270039669071044;0.3200434115092309;0.2906380498234458;0.0;0.0;0.47997590775426874;0.6591422773617326;0.24339120699145883;0.0;0.19730306714518947;0.2676096745925603;0.2631828936628709;0.3311122895134859;0.2888387027597369;0.0;0.2020034135127573;0.24057281055540614;0.26967719293468306;0.31706714261282254;0.0;0.3537711365178429;0.2560615493486744;0.3581517981927046;0.23676874105877915;0.3444105813117433;0.3369677221504953;0.270065594892252;0.0;0.36533303481715323;0.0;0.0;0.0;0.3330411532565691;0.0;0.24057281055540614;0.0;0.0;0.3325558814060908;0.2574024755403231;0.2560615493486744;0.0;0.0;0.2939215863569925;0.5950657695448286;0.3947498781389888;0.0;0.27423214052524003;0.33471367158055215;0.0;0.22783234377034517;0.0;0.36950087460699843;0.0;0.0;0.32487568023261176;0.0;0.0;0.3002374776279056;0.8059477172648728;0.3078914704950738;0.0;0.2305999209786624;0.0;0.0;0.28622620907904134
GO:0045765;0.8714280885539538;0.2966859262479818;0.0;0.3336309194488894;0.26718591890584925;0.2980268524396304;1.0;0.0;0.26718591890584925;0.40353899927029296;0.3504605844338063;0.314000863083377;0.0;0.0;0.4292521304659853;0.0;0.0;0.0;0.26718591890584925;0.47645542800701074;0.0;0.0;0.518993404354511;0.0;0.28401558389076614;0.0;0.339418262634608;0.3504605844338063;0.3853341747100317;0.0;0.2966859262479818;0.3336309194488894;0.4120085626108248;0.0;0.0;0.2811971874547135;0.4431549230340713;0.4439424539364953;0.39465381834272223;0.0;0.4575496007380903;0.35003470204956816;0.3308305280682939;0.3977074272657933;0.2811971874547135;0.3336309194488894;0.4326338311954992;0.0;0.0;0.0;0.0;0.3316861824094642;0.4049642310755441;0.3336309194488894;0.4440415030315647;0.0;0.2811971874547135;0.0;0.38083425117256636;0.0;0.3827914933399168;0.0;0.42379672482588177;0.3303452562178156;0.3135155912328987;0.38536986109607524;0.0;0.0;0.0;0.3603053073496825;0.0;0.2966859262479818;0.38083425117256636;0.0;0.3939646373195164;0.4488821868314977;0.36447180444799315;0.3853341747100317;0.29307612871378724;0.32868019572304624;0.3694225281738363;0.39016779575067073;0.3607624340648857;0.0;0.0;0.26718591890584925;0.3607624340648857;0.4715434238209143;0.0;0.3680192378746365;0.5250203662833681;0.37270819140491;0.40868165961370084;0.3762780238365719;0.0;0.2543946328930528;0.5517970799831744;0.3371041243956511;0.2980268524396304;0.0;0.36817712317944845;0.3336309194488894;0.4357211682929195;0.4316386189763372;0.41783863383971404;0.6327032527849952;0.34018997913369187;0.0;0.34629274464396104;0.0;0.0;0.0;0.314000863083377;0.0;0.2966859262479818;0.0;0.0;0.40216383969494857;0.3504605844338063;0.3336309194488894;0.0;0.0;0.36734963888496336;0.2966859262479818;0.5114476740771763;0.0;0.3476601930532108;0.42762546806496066;0.0;0.32349330656085734;0.0;0.4575496007380903;0.0;0.0;0.42878219015800284;0.0;0.0;0.2811971874547135;0.40567035042277283;0.400949579388557;0.0;0.2980268524396304;0.0;0.0;0.2811971874547135
GO:0046697;0.0;0.0;0.0;0.0;0.0;0.0;0.0;1.0;0.0;0.0;0.0;0.0;0.0;0.0;0.0;0.0;0.0;0.0;0.0;0.0;0.0;0.0;0.0;0.0;0.0;0.0;0.0;0.0;0.0;0.0;0.0;0.0;0.0;0.0;0.0;0.0;0.0;0.0;0.0;0.5522631697432582;0.0;0.0;0.0;0.0;0.0;0.0;0.0;0.5522631697432582;0.5522631697432582;0.0;0.0;0.0;0.0;0.0;0.0;0.0;0.0;0.0;0.0;0.5839185157063457;0.0;0.0;0.0;0.0;0.0;0.0;0.0;0.0;0.0;0.0;0.0;0.0;0.0;0.0;0.0;0.0;0.0;0.0;0.0;0.0;0.0;0.0;0.0;0.44637497268261;0.0;0.0;0.0;0.0;0.4632046376675269;0.0;0.0;0.0;0.0;0.0;0.0;0.0;0.0;0.0;0.0;0.44637497268261;0.0;0.0;0.0;0.0;0.0;0.0;0.0;0.0;0.0;0.0;0.0;0.0;0.0;0.0;0.0;0.0;0.44520123443179777;0.0;0.0;0.0;0.0;0.0;0.0;0.0;0.0;0.0;0.0;0.0;0.0;0.0;0.0;0.0;0.5114057690003564;0.0;0.0;0.0;0.0;0.0;0.0;0.0;0.0;0.0;0.0;0.0;0.0
GO:0042531;0.22772024499225957;0.5407545759830484;0.0;0.209731877021625;0.6427338415395762;0.2020034135127573;0.26718591890584925;0.0;1.0;0.3699916554253736;0.22656154200654188;0.2401624721717494;0.0;0.0;0.286570393352223;0.0;0.0;0.0;0.25694944235450967;0.33567580961788307;0.0;0.0;0.28375199691617037;0.0;0.6046892706116871;0.0;0.38687635691383876;0.22656154200654188;0.18047340216027258;0.0;0.3632226388279674;0.209731877021625;0.29694628010799773;0.0;0.0;0.1851737485278404;0.3332671491556712;0.42686720703243974;0.46119053092270784;0.0;0.31607040069435555;0.2502893668104149;0.31607040069435555;0.2738083848385289;0.28375199691617037;0.209731877021625;0.30873478876823485;0.0;0.0;0.0;0.0;0.23566274348259114;0.28375199691617037;0.209731877021625;0.23601786296484922;0.0;0.434591704550565;0.0;0.6720079305513548;0.0;0.2657312212653684;0.0;0.41893888903491355;0.283832674107386;0.286570393352223;0.734323572623061;0.0;0.0;0.0;0.2199390760738622;0.0;0.3415023349986925;0.5558358445643579;0.0;0.270065594892252;0.286570393352223;0.2364924378792958;0.27027189220720454;0.16969110642992985;0.18831396444722587;0.4233942062583763;0.3632225978699951;0.33381723618421;0.0;0.0;0.25694944235450967;0.5026837343626012;0.2020034135127573;0.0;0.3506576043325218;0.23676874105877915;0.31875062343570537;0.2847826171864365;0.41293476508571675;0.0;0.47127211599391927;0.29924073570943865;0.3128563792954473;0.6923671821531566;0.0;0.2401977566107511;0.209731877021625;0.48053757704363026;0.2908590005872096;0.38758976767250747;0.2906380498234458;0.47809575743627514;0.0;0.5635347930023997;0.0;0.0;0.0;0.3588172718340877;0.0;0.28375199691617037;0.0;0.0;0.3462594471625268;0.22656154200654188;0.2796733514796847;0.0;0.0;0.2502893668104149;0.3605651895763981;0.4722423540236026;0.0;0.3174113268860042;0.367972541167917;0.0;0.20010828427699995;0.0;0.22656154200654188;0.0;0.0;0.48275386824254285;0.0;0.0;0.46176673027487136;0.3059250151836196;0.27705053696129267;0.0;0.5718855949830236;0.0;0.0;0.24571376371341996
GO:0051091;0.35420337438008315;0.38652642450199587;0.0;0.3460849573860687;0.3371879797967101;0.3033083921806614;0.40353899927029296;0.0;0.3699916554253736;1.0;0.3629146223709856;0.40276774707209495;0.0;0.0;0.3806948524974962;0.0;0.0;0.0;0.3442351311470669;0.4848201759951231;0.0;0.0;0.41332897906365645;0.0;0.3868213204102905;0.0;0.43144762631240396;0.3629146223709856;0.30695653154809616;0.0;0.4501340049399221;0.3460849573860687;0.3500981082974453;0.0;0.0;0.2864787271957445;0.45560896097125064;0.5564441891799259;0.6262660316702737;0.0;0.43015864404857335;0.3571424398327261;0.43015864404857335;0.4101614652029726;0.3638651875125793;0.3460849573860687;0.44508786913267856;0.0;0.0;0.0;0.0;0.33696772215049525;0.41332897906365645;0.3460849573860687;0.3625009923526728;0.0;0.3638651875125793;0.0;0.49643127370488715;0.0;0.392214350653192;0.0;0.4362507627630611;0.4201857544718297;0.40335608948691276;0.4937943854322478;0.0;0.0;0.0;0.3562921564383059;0.0;0.3037936640311397;0.5465869430357498;0.0;0.4064186752566957;0.40335608948691276;0.6325659718756365;0.30695653154809616;0.5438553593060353;0.3246670448116696;0.4592630264278504;0.48000829400468487;0.45060293231889975;0.0;0.0;0.3442351311470669;0.3678701718480436;0.3206233290160566;0.0;0.38652642450199587;0.37312182142322287;0.4852099266483406;0.4211356975508802;0.4756061398168514;0.0;0.3526767185899784;0.44613265469231994;0.4197721244535169;0.3033083921806614;0.0;0.49641531974078235;0.3460849573860687;0.6092818388330865;0.44000336696444964;0.5171667498199936;0.42699113018788953;0.430030477387706;0.0;0.4844008921819151;0.0;0.0;0.0;0.3234237203966521;0.0;0.38652642450199587;0.0;0.0;0.42467237656991;0.3629146223709856;0.44613265469231994;0.0;0.0;0.3767724961982385;0.4052940664438033;0.5115758407380436;0.0;0.4469883090334903;0.41332897906365645;0.0;0.5742725371531054;0.0;0.340253385381569;0.0;0.0;0.5281103061382824;0.0;0.0;0.3526767185899784;0.41277808820593076;0.4134036173257364;0.0;0.4064513767758029;0.0;0.0;0.2864787271957445
GO:0007259;0.30415614016750064;0.2560615493486744;0.42908138832464554;0.5353666635249013;0.22656154200654188;0.2574024755403231;0.3504605844338063;0.0;0.22656154200654188;0.3629146223709856;1.0;0.25690929733551365;0.0;0.4606280756037469;0.2574024755403231;0.4024070004238523;0.0;0.4024070004238523;0.22656154200654188;0.3284004942669803;0.4024070004238523;0.0;0.2733764861840696;0.4024070004238523;0.24339120699145883;0.4024070004238523;0.29879388573530075;0.6291632008961836;0.29920059069044264;0.42908138832464554;0.23959436050011845;0.5353666635249013;0.30005087408486286;0.35873055205849386;0.41774129274666133;0.24057281055540614;0.402530546134764;0.4033180770371879;0.35402944144341486;0.0;0.29020615116898657;0.3094103251502608;0.29020615116898657;0.6764100437281706;0.2560615493486744;0.6123335359112667;0.634369575271511;0.4024070004238523;0.4024070004238523;0.27784823988918267;0.0;0.2910618055101569;0.2733764861840696;0.5353666635249013;0.31245375814009035;0.3609713614100937;0.24057281055540614;0.30050947687859925;0.340209874273259;0.4849883252655831;0.3421671164406095;0.4024070004238523;0.3831723479265744;0.27325369046995235;0.27289121433359137;0.344745484196768;0.4024070004238523;0.5018179902505;0.0;0.3258749785912359;0.32731203144025983;0.2560615493486744;0.340209874273259;0.0;0.5957003813955282;0.4343949680691686;0.3443252319010374;0.25690929733551365;0.26878823859458745;0.4024070004238523;0.31233096242597297;0.3495434188513634;0.32013805716557836;0.4024070004238523;0.0;0.22656154200654188;0.32013805716557836;0.27289121433359137;0.41923666540876925;0.23959436050011845;0.3200434065867362;0.3156166256570468;0.6104174036897128;0.3356536469372646;0.4024070004238523;0.21377025599374544;0.293006542549582;0.29647974749634376;0.2574024755403231;0.4024070004238523;0.3284004942669803;0.5353666635249013;0.44456058294468936;0.2835836852363069;0.3772142569404068;0.4233765069024801;0.29956560223438455;0.0;0.3351683750867863;0.3661691018055663;0.4024070004238523;0.3720006738100659;0.2733764861840696;0.4024070004238523;0.2560615493486744;0.4024070004238523;0.40123326217304006;0.27289121433359137;0.5521963285098181;0.293006542549582;0.27784823988918267;0.30050947687859925;0.326725261985656;0.2560615493486744;0.454356108329313;0.42908138832464554;0.3070358161539035;0.29920059069044264;0.0;0.2992054164416575;0.4933490172192435;0.29020615116898657;0.0;0.0;0.3716906244101395;0.4024070004238523;0.4024070004238523;0.24057281055540614;0.36504597352346546;0.6026853234645688;0.0;0.2574024755403231;0.27784823988918267;0.4024070004238523;0.24057281055540614
GO:0032966;0.34550079306210985;0.20727595672193327;0.0;0.24007963235059676;0.2401624721717494;0.29776867837964455;0.314000863083377;0.0;0.2401624721717494;0.40276774707209495;0.25690929733551365;1.0;0.0;0.0;0.2100943531579859;0.0;0.0;0.0;0.18047340216027258;0.2942558924466682;0.0;0.0;0.22276469551520156;0.0;0.283794691718327;0.0;0.34067484070657295;0.25690929733551365;0.29825395023012286;0.0;0.37818214122952454;0.24007963235059676;0.34455839449642844;0.0;0.0;0.28093901339472765;0.4500692471702338;0.35039116683820265;0.4493474787626043;0.0;0.23959436050011845;0.3516027260317092;0.23959436050011845;0.30415614016750064;0.19326468817306902;0.24007963235059676;0.3390825440972066;0.0;0.0;0.0;0.0;0.3314280083494784;0.22276469551520156;0.24007963235059676;0.35696127855165594;0.0;0.19326468817306902;0.0;0.3511133516579947;0.0;0.3866746368521751;0.0;0.4307110489620442;0.24093528669176711;0.22410562170685017;0.3866264391680402;0.0;0.0;0.0;0.367219631485845;0.0;0.29825395023012286;0.4623304661541091;0.0;0.3004133502212238;0.25690929733551365;0.27506183492194464;0.31788400659563526;0.20514362943214276;0.2351289086247536;0.2800125586477878;0.30075782622462227;0.27135246453883716;0.0;0.0;0.18047340216027258;0.36233045804702674;0.22410562170685017;0.0;0.20727595672193327;0.2835836852363069;0.27915690430661744;0.31513037251540826;0.2850418562683965;0.0;0.25295375818454585;0.24007963235059676;0.24917162511400665;0.29776867837964455;0.0;0.3697451471615895;0.24007963235059676;0.34216988119462693;0.24943908341599474;0.32660246627153866;0.3209858051524176;0.2507800096076434;0.0;0.4185202301321935;0.0;0.0;0.0;0.31788400659563526;0.0;0.20727595672193327;0.0;0.0;0.4834571811519733;0.25690929733551365;0.24007963235059676;0.0;0.0;0.27611347131678793;0.3567283412294769;0.4148652063549795;0.0;0.2564240254850354;0.3673477981467124;0.0;0.23556080727921286;0.0;0.33471367158055215;0.0;0.0;0.3375460225898274;0.0;0.0;0.3394134043940817;0.4072383744049139;0.30739829229026444;0.0;0.26978342316946274;0.0;0.0;0.28093901339472765
GO:0001666;0.0;0.0;0.0;0.5829991788998685;0.0;0.0;0.0;0.0;0.0;0.0;0.0;0.0;1.0;0.0;0.0;0.0;0.0;0.0;0.0;0.0;0.0;0.4811016553546155;0.0;0.0;0.0;0.0;0.0;0.0;0.0;0.0;0.0;0.0;0.0;0.5661252850961707;0.5029524409437396;0.0;0.0;0.0;0.0;0.0;0.0;0.0;0.0;0.0;0.0;0.0;0.0;0.0;0.0;0.36609056871016515;0.4243116438900597;0.0;0.0;0.0;0.0;0.0;0.0;0.40838186206509414;0.0;0.0;0.0;0.0;0.0;0.0;0.0;0.0;0.0;0.0;0.4946624801562114;0.0;0.0;0.0;0.0;0.501647422225252;0.0;0.0;0.0;0.0;0.0;0.0;0.0;0.0;0.0;0.0;0.54156353988611;0.0;0.0;0.0;0.0;0.0;0.0;0.0;0.0;0.0;0.0;0.0;0.0;0.0;0.0;0.0;0.0;0.0;0.0;0.0;0.0;0.0;0.0;0.4350562499658873;0.0;0.0;0.0;0.4572118220071442;0.0;0.0;0.0;0.0;0.0;0.0;0.0;0.0;0.36609056871016515;0.4811016553546155;0.0;0.0;0.0;0.0;0.0;0.0;0.4811016553546155;0.0;0.0;0.0;0.0;0.4479977858288725;0.0;0.4679880922554182;0.0;0.0;0.0;0.0;0.0;0.0;0.36609056871016515;0.4679880922554182;0.0
GO:0048247;0.0;0.0;0.7615793637414688;0.44379841061882996;0.0;0.0;0.0;0.0;0.0;0.0;0.4606280756037469;0.0;0.0;1.0;0.0;0.7404082336202347;0.0;0.7404082336202347;0.0;0.0;0.44379841061882996;0.0;0.0;0.44379841061882996;0.0;0.44379841061882996;0.0;0.4606280756037469;0.0;0.6574538264075788;0.0;0.44379841061882996;0.0;0.40012196225347146;0.45913270294163894;0.0;0.0;0.0;0.0;0.0;0.0;0.0;0.0;0.5078749184357338;0.0;0.44379841061882996;0.5428013223654398;0.44379841061882996;0.44379841061882996;0.31923965008416033;0.0;0.0;0.0;0.44379841061882996;0.0;0.40236277160507133;0.0;0.3419008870735769;0.0;0.5263797354605608;0.0;0.44379841061882996;0.0;0.0;0.0;0.0;0.7404082336202347;0.7973063316176696;0.0;0.0;0.3687034416352375;0.0;0.0;0.0;0.504132128489457;0.0;0.0;0.0;0.0;0.44379841061882996;0.0;0.0;0.0;0.44379841061882996;0.5468817293831858;0.0;0.0;0.0;0.4606280756037469;0.0;0.0;0.0;0.5188491507836415;0.0;0.5883173683969445;0.0;0.0;0.0;0.0;0.44379841061882996;0.0;0.44379841061882996;0.0;0.0;0.0;0.0;0.0;0.0;0.0;0.40756051200054394;0.44379841061882996;0.41339208400504357;0.0;0.44379841061882996;0.0;0.44379841061882996;0.44262467236801767;0.0;0.4606280756037469;0.0;0.31923965008416033;0.3419008870735769;0.0;0.0;0.0;0.6574538264075788;0.0;0.0;0.0;0.0;0.5347404274142211;0.0;0.0;0.0;0.0;0.44379841061882996;0.7404082336202347;0.0;0.0;0.5111170705584975;0.0;0.0;0.31923965008416033;0.44379841061882996;0.0
GO:0045651;0.3852628057297969;0.31607040069435555;0.0;0.2560615493486744;0.27377910733942656;0.24339120699145883;0.4292521304659853;0.0;0.286570393352223;0.3806948524974962;0.2574024755403231;0.2100943531579859;0.0;0.0;1.0;0.0;0.0;0.0;0.30058166190108726;0.47633523785788123;0.0;0.0;0.45543689153061423;0.0;0.3174113268860042;0.0;0.37429147587425016;0.2574024755403231;0.29543893333350485;0.0;0.2810142776713333;0.24057281055540614;0.3376020600275664;0.0;0.0;0.22656154200654188;0.3829004897692516;0.4859881653722856;0.40002702424023173;0.0;0.5217303480666083;0.2939215863569925;0.3698450588801801;0.32013805716557836;0.4152324418647268;0.2560615493486744;0.35506446109528433;0.0;0.0;0.0;0.0;0.27705053696129267;0.4048440409264146;0.24057281055540614;0.35000494408279387;0.0;0.31607040069435555;0.0;0.4002187256189401;0.0;0.309363440811946;0.0;0.3462273547256668;0.3146736076411672;0.3329000656792725;0.4202430743357174;0.0;0.0;0.0;0.2507800096076434;0.0;0.22656154200654188;0.4175336624543353;0.0;0.30090652842603316;0.43532156331462357;0.26508894534520083;0.29543893333350485;0.19741516592327513;0.219154897981007;0.3537508795971878;0.5087143113674157;0.47930894968163074;0.0;0.0;0.30058166190108726;0.2906380498234458;0.3794708155546854;0.0;0.4152324418647268;0.3988349526189152;0.3528952252560175;0.3311122895134859;0.4971396589834342;0.0;0.286570393352223;0.44127864155734087;0.4538244419702692;0.2305999209786624;0.0;0.26879426407665613;0.2560615493486744;0.3581517981927046;0.4315184288272078;0.4372231082860879;0.4049283126168068;0.3595744535800657;0.0;0.2811102392508692;0.0;0.0;0.0;0.24057281055540614;0.0;0.33338533752975075;0.0;0.0;0.3122685983184218;0.2574024755403231;0.3138179532999968;0.0;0.0;0.2939215863569925;0.22656154200654188;0.5446321636370746;0.0;0.36704466749958464;0.38521398456090217;0.0;0.22783234377034517;0.0;0.41641580875559303;0.0;0.0;0.549643825304865;0.0;0.0;0.21377025599374544;0.3495572347301972;0.3078914704950738;0.0;0.3174113268860042;0.0;0.0;0.32303164545516405
GO:0048246;0.0;0.0;0.6663486545119206;0.3855773354389354;0.0;0.0;0.0;0.0;0.0;0.0;0.4024070004238523;0.0;0.0;0.7404082336202347;0.0;1.0;0.0;0.6930230424127137;0.0;0.0;0.3855773354389354;0.0;0.0;0.3855773354389354;0.0;0.3855773354389354;0.0;0.4024070004238523;0.0;0.5992327512276843;0.0;0.3855773354389354;0.0;0.3419008870735769;0.4009116277617444;0.0;0.0;0.0;0.0;0.0;0.0;0.0;0.0;0.4496538432558393;0.0;0.3855773354389354;0.48458024718554527;0.3855773354389354;0.3855773354389354;0.2610185749042658;0.0;0.0;0.0;0.3855773354389354;0.0;0.3441416964251768;0.0;0.28367981189368235;0.0;0.46815866028066616;0.0;0.3855773354389354;0.0;0.0;0.0;0.0;0.6930230424127137;0.739085256437775;0.0;0.0;0.31048236645534294;0.0;0.0;0.0;0.44591105330956243;0.0;0.0;0.0;0.0;0.3855773354389354;0.0;0.0;0.0;0.3855773354389354;0.48866065420329124;0.0;0.0;0.0;0.4024070004238523;0.0;0.0;0.0;0.4606280756037469;0.0;0.5300962932170499;0.0;0.0;0.0;0.0;0.3855773354389354;0.0;0.3855773354389354;0.0;0.0;0.0;0.0;0.0;0.0;0.0;0.34933943682064933;0.3855773354389354;0.355171008825149;0.0;0.3855773354389354;0.0;0.3855773354389354;0.38440359718812317;0.0;0.4024070004238523;0.0;0.2610185749042658;0.28367981189368235;0.0;0.0;0.0;0.5992327512276843;0.0;0.0;0.0;0.0;0.47651935223432657;0.0;0.0;0.0;0.0;0.3855773354389354;0.6930230424127137;0.0;0.0;0.4528959953786031;0.0;0.0;0.2610185749042658;0.3855773354389354;0.0
GO:0031639;0.0;0.0;0.0;0.0;0.0;0.0;0.0;0.0;0.0;0.0;0.0;0.0;0.0;0.0;0.0;0.0;1.0;0.0;0.0;0.0;0.0;0.0;0.0;0.5125098313807653;0.0;0.5125098313807653;0.0;0.0;0.0;0.0;0.0;0.0;0.0;0.0;0.0;0.0;0.0;0.0;0.0;0.0;0.0;0.0;0.0;0.5765863391976693;0.0;0.0;0.0;0.0;0.0;0.0;0.0;0.0;0.0;0.0;0.0;0.0;0.0;0.0;0.0;0.0;0.0;0.0;0.0;0.0;0.0;0.0;0.0;0.0;0.0;0.0;0.0;0.0;0.0;0.0;0.0;0.0;0.0;0.0;0.0;0.0;0.0;0.0;0.0;0.0;0.0;0.0;0.0;0.0;0.0;0.0;0.0;0.0;0.0;0.0;0.0;0.0;0.0;0.0;0.0;0.0;0.0;0.0;0.0;0.0;0.0;0.0;0.0;0.0;0.0;0.4989331697518959;0.4779003363342767;0.0;0.0;0.4779003363342767;0.0;0.4779003363342767;0.0;0.0;0.0;0.0;0.0;0.0;0.0;0.0;0.0;0.0;0.0;0.0;0.0;0.0;0.63625552380482;0.0;0.0;0.0;0.0;0.0;0.0;0.0;0.0;0.0;0.7009791492409712;0.0;0.0;0.0;0.0
GO:0048245;0.0;0.0;0.6663486545119206;0.3855773354389354;0.0;0.0;0.0;0.0;0.0;0.0;0.4024070004238523;0.0;0.0;0.7404082336202347;0.0;0.6930230424127137;0.0;1.0;0.0;0.0;0.3855773354389354;0.0;0.0;0.3855773354389354;0.0;0.3855773354389354;0.0;0.4024070004238523;0.0;0.5992327512276843;0.0;0.3855773354389354;0.0;0.3419008870735769;0.4009116277617444;0.0;0.0;0.0;0.0;0.0;0.0;0.0;0.0;0.4496538432558393;0.0;0.3855773354389354;0.48458024718554527;0.3855773354389354;0.3855773354389354;0.2610185749042658;0.0;0.0;0.0;0.3855773354389354;0.0;0.3441416964251768;0.0;0.28367981189368235;0.0;0.46815866028066616;0.0;0.3855773354389354;0.0;0.0;0.0;0.0;0.7711775863247551;0.739085256437775;0.0;0.0;0.31048236645534294;0.0;0.0;0.0;0.44591105330956243;0.0;0.0;0.0;0.0;0.3855773354389354;0.0;0.0;0.0;0.3855773354389354;0.48866065420329124;0.0;0.0;0.0;0.4024070004238523;0.0;0.0;0.0;0.4606280756037469;0.0;0.5300962932170499;0.0;0.0;0.0;0.0;0.3855773354389354;0.0;0.3855773354389354;0.0;0.0;0.0;0.0;0.0;0.0;0.0;0.34933943682064933;0.3855773354389354;0.355171008825149;0.0;0.3855773354389354;0.0;0.3855773354389354;0.38440359718812317;0.0;0.4024070004238523;0.0;0.2610185749042658;0.28367981189368235;0.0;0.0;0.0;0.5992327512276843;0.0;0.0;0.0;0.0;0.47651935223432657;0.0;0.0;0.0;0.0;0.3855773354389354;0.6930230424127137;0.0;0.0;0.4528959953786031;0.0;0.0;0.2610185749042658;0.3855773354389354;0.0
GO:2000353;0.22772024499225957;0.28375199691617037;0.0;0.22374314557048924;0.24518259987352153;0.47997590775426874;0.26718591890584925;0.0;0.25694944235450967;0.3442351311470669;0.22656154200654188;0.18047340216027258;0.0;0.0;0.30058166190108726;0.0;0.0;0.0;1.0;0.33567580961788307;0.0;0.0;0.28375199691617037;0.0;0.286570393352223;0.0;0.3419730720960649;0.22656154200654188;0.18047340216027258;0.0;0.25017334413755216;0.209731877021625;0.2504175334712824;0.0;0.0;0.19694059100882855;0.34875588794893947;0.44649726339795215;0.3704060732425184;0.0;0.33338533752975075;0.5164950185709383;0.33338533752975075;0.2878196533873931;0.29924073570943865;0.22374314557048924;0.3227460573170991;0.0;0.0;0.0;0.0;0.24742958596357928;0.28375199691617037;0.209731877021625;0.23601786296484922;0.0;0.5427782083056185;0.0;0.36790032184075494;0.0;0.27852250727816485;0.0;0.3139089509474816;0.283832674107386;0.30058166190108726;0.38792467055753216;0.0;0.0;0.0;0.2199390760738622;0.0;0.19694059100882855;0.3833890606340232;0.0;0.270065594892252;0.286570393352223;0.2364924378792958;0.18047340216027258;0.16969110642992985;0.18831396444722587;0.32290994606340667;0.37723386641885936;0.34782850473307425;0.0;0.0;0.73179869466125;0.5045615135968391;0.21377025599374544;0.0;0.25017334413755216;0.23676874105877915;0.31875062343570537;0.29879388573530075;0.3460291576693653;0.0;0.25694944235450967;0.29924073570943865;0.32564766530824374;0.2020034135127573;0.0;0.2401977566107511;0.22374314557048924;0.3258333944145194;0.2908590005872096;0.40307850646577575;0.3046493183723101;0.3272560498018805;0.0;0.2533861797575239;0.0;0.0;0.0;0.209731877021625;0.0;0.29924073570943865;0.0;0.0;0.21377025599374544;0.22656154200654188;0.2796733514796847;0.0;0.0;0.26308065282321136;0.44048500577993527;0.3624314743608036;0.0;0.3329000656792725;0.2641846126864164;0.0;0.20010828427699995;0.0;0.24057281055540614;0.0;0.0;0.37896593976104226;0.0;0.0;0.1851737485278404;0.5989332215058034;0.27705053696129267;0.0;0.286570393352223;0.0;0.0;0.17427935401941208
GO:0032722;0.4301509837407051;0.36847948524654656;0.0;0.3115708292820634;0.3088732550562224;0.2815855500894526;0.47645542800701074;0.0;0.33567580961788307;0.4848201759951231;0.3284004942669803;0.2942558924466682;0.0;0.0;0.47633523785788123;0.0;0.0;0.0;0.33567580961788307;1.0;0.0;0.0;0.4821668098623809;0.0;0.35250547460279996;0.0;0.4093856235910459;0.3284004942669803;0.3829041409087181;0.0;0.36847948524654656;0.3115708292820634;0.4095785288095113;0.0;0.0;0.2647558851045357;0.42109483286724536;0.5210823130890814;0.4646211792991601;0.0;0.5257990294089584;0.3321159294549863;0.40493920659697585;0.3756473370989673;0.35116454841115136;0.3115708292820634;0.4105737410286733;0.0;0.0;0.0;0.0;0.3152448800592864;0.5089693644240415;0.3115708292820634;0.4416114692302512;0.0;0.35116454841115136;0.0;0.45262781017113113;0.0;0.3630465227032081;0.0;0.4017366346590558;0.4021388152163804;0.38530915023146345;0.45533722205251315;0.0;0.0;0.0;0.3382452171828566;0.0;0.27876715365339994;0.45262781017113113;0.0;0.37190454715269045;0.45670518149236883;0.3465530318534113;0.3829041409087181;0.2766348263636094;0.30662010555622027;0.4412160871724011;0.46196135474923555;0.43255599306345044;0.0;0.0;0.33567580961788307;0.3428436614703038;0.399733805893635;0.0;0.5893604274205574;0.4686994871493572;0.4498480505574962;0.3866215694468749;0.4503867023652539;0.0;0.3216645410690188;0.41077077860147554;0.407071485352089;0.2815855500894526;0.0;0.3502583505848666;0.3115708292820634;0.4136610781260936;0.6911297843049431;0.49194731236839606;0.39247700208388425;0.4119835381322567;0.0;0.3310714248298511;0.0;0.0;0.0;0.2942558924466682;0.0;0.36847948524654656;0.0;0.0;0.6881946451613576;0.3284004942669803;0.41077077860147554;0.0;0.0;0.3476046682482546;0.27876715365339994;0.48635640328644614;0.0;0.4217688715818928;0.4821668098623809;0.0;0.3070520042106795;0.0;0.3110855574315851;0.0;0.0;0.5028908686866849;0.0;0.0;0.2647558851045357;0.387751577828191;0.3788894892217311;0.0;0.36799421339606825;0.0;0.0;0.2647558851045357
GO:0070208;0.0;0.0;0.4122517233397286;0.3855773354389354;0.0;0.0;0.0;0.0;0.0;0.0;0.4024070004238523;0.0;0.0;0.44379841061882996;0.0;0.3855773354389354;0.0;0.3855773354389354;0.0;0.0;1.0;0.0;0.0;0.3855773354389354;0.0;0.3855773354389354;0.0;0.4024070004238523;0.0;0.4122517233397286;0.0;0.3855773354389354;0.0;0.31923965008416033;0.3782503907723278;0.0;0.0;0.0;0.0;0.0;0.0;0.0;0.0;0.4496538432558393;0.0;0.3855773354389354;0.48458024718554527;0.3855773354389354;0.3855773354389354;0.24138851853875337;0.0;0.0;0.0;0.3855773354389354;0.0;0.4357659801181062;0.0;0.28367981189368235;0.0;0.46815866028066616;0.0;0.3855773354389354;0.0;0.0;0.0;0.0;0.3855773354389354;0.4849883252655831;0.0;0.0;0.4759789131929312;0.0;0.0;0.0;0.44591105330956243;0.0;0.0;0.0;0.0;0.3855773354389354;0.0;0.0;0.0;0.3855773354389354;0.0;0.0;0.0;0.0;0.4024070004238523;0.0;0.0;0.0;0.4606280756037469;0.0;0.3855773354389354;0.0;0.0;0.0;0.0;0.3855773354389354;0.0;0.3855773354389354;0.0;0.0;0.0;0.0;0.0;0.0;0.0;0.3297093804551369;0.3855773354389354;0.33250977183573244;0.0;0.3855773354389354;0.0;0.3855773354389354;0.3576010426264626;0.0;0.4024070004238523;0.0;0.24138851853875337;0.2610185749042658;0.0;0.0;0.0;0.4122517233397286;0.0;0.0;0.0;0.0;0.449716797672666;0.0;0.0;0.0;0.0;0.3855773354389354;0.3855773354389354;0.0;0.0;0.4528959953786031;0.0;0.0;0.24138851853875337;0.3855773354389354;0.0
GO:0050830;0.0;0.0;0.0;0.43385481252262853;0.0;0.0;0.0;0.0;0.0;0.0;0.0;0.0;0.4811016553546155;0.0;0.0;0.0;0.0;0.0;0.0;0.0;0.0;1.0;0.0;0.0;0.0;0.0;0.0;0.0;0.0;0.0;0.0;0.0;0.0;0.4497845943475941;0.4032718661175767;0.0;0.0;0.0;0.0;0.0;0.0;0.0;0.0;0.0;0.0;0.0;0.0;0.0;0.0;0.2720287817006504;0.330249856880545;0.0;0.0;0.0;0.0;0.0;0.0;0.30152878904278296;0.0;0.0;0.0;0.0;0.0;0.0;0.0;0.0;0.0;0.0;0.4688148008558904;0.0;0.0;0.0;0.0;0.47579974292493105;0.0;0.0;0.0;0.0;0.0;0.0;0.0;0.0;0.0;0.0;0.6586236923964142;0.0;0.0;0.0;0.0;0.0;0.0;0.0;0.0;0.0;0.0;0.0;0.0;0.0;0.0;0.0;0.0;0.0;0.0;0.0;0.0;0.0;0.0;0.32820317694357615;0.0;0.0;0.0;0.35753124718098134;0.0;0.0;0.0;0.0;0.0;0.0;0.0;0.0;0.2720287817006504;0.37424858233230435;0.0;0.0;0.0;0.0;0.0;0.0;0.73179869466125;0.0;0.0;0.0;0.3597544418347675;0.7762190855112279;0.0;0.4421404129550972;0.0;0.0;0.0;0.0;0.0;0.0;0.2720287817006504;0.33847378224369057;0.0
