;GO:0090330;GO:0051092;GO:1902715;GO:0060326;GO:2000318;GO:0051289;GO:0001865;GO:0032729;GO:0032689;GO:0070207;GO:0035556;GO:0050830;GO:0034260;GO:2000570;GO:2000010;GO:0030183;GO:0045577;GO:0042100;GO:0045652;GO:0042267;GO:0042102;GO:0046627;GO:0030217;GO:0045580;GO:0002323;GO:0051973;GO:0001558;GO:0070233;GO:0002769;GO:0002728;GO:0030890;GO:0018105;GO:2000484;GO:0032753;GO:0045429;GO:1904355;GO:0038095;GO:0043123;GO:0046710;GO:0046037;GO:0038096;GO:0046638;GO:0002223;GO:0050850;GO:0002534;GO:0046641;GO:0032740;GO:0050852;GO:0050853;GO:0050776;GO:0038202;GO:0031295;GO:0007169;GO:0007202;GO:0038083;GO:0007166;GO:0007249;GO:0060732;GO:0045954;GO:0045086;GO:0071222;GO:0006509;GO:0002228;GO:0070970;GO:0071663;GO:0045087;GO:0032212;GO:0072678;GO:0032496;GO:0050900;GO:2000502
GO:0090330;1.0;0.2128903940262833;0.2200174466772601;0.0;0.2619274228448352;0.0;0.0;0.30807243603853474;0.3080733388562526;0.0;0.3371796667320635;0.0;0.2316244625065218;0.32037730026892464;0.23936654164458132;0.0;0.35591105648890015;0.0;0.34858692237856326;0.0;0.29734925565496734;0.2988248373089056;0.0;0.3559112531082475;0.0;0.17385103835996427;0.3379445519343724;0.24941757215348942;0.32124260205829114;0.2560112382772263;0.2504768722238483;0.0;0.2200174466772601;0.3080721333295732;0.25775620334160443;0.23393344123880155;0.32957539995247126;0.29888368048245584;0.0;0.0;0.24986284496834327;0.2884455733370217;0.27452111757226566;0.2988837299297134;0.0;0.2777490230801908;0.30807243603853474;0.27163873911008357;0.27163873911008357;0.3494655604731729;0.3167363304117788;0.33894039563518;0.3167429490903812;0.15860004758932686;0.0;0.3371796667320635;0.32663601654318125;0.19386541390066273;0.2357842206086321;0.22002959429547087;0.0;0.0;0.0;0.0;0.27511858996017624;0.0;0.1946187686687801;0.0;0.0;0.0;0.25630136746980176
GO:0051092;0.2128903940262833;1.0;0.20617745654814537;0.0;0.23901286478601785;0.0;0.0;0.2768538874996712;0.2215674400089885;0.0;0.30013791802303214;0.0;0.26409703820508995;0.22479198319319818;0.2695823179953043;0.0;0.23328002943924178;0.0;0.26263084363568723;0.0;0.20966799353485394;0.22827183652028468;0.0;0.23328014730838972;0.0;0.5801032814315797;0.3007438264869888;0.22855239560952556;0.24386813840069824;0.13756530432649283;0.23341477365903682;0.0;0.20617745654814537;0.27685364303230797;0.43018251122305146;0.428485431818934;0.2496159439438485;0.27390657319415784;0.0;0.0;0.2321644121537376;0.18233764084722195;0.2201264021370773;0.2739066147223196;0.0;0.19667671600004225;0.2768538874996712;0.25084933053730823;0.25084933053730823;0.2479608241939861;0.28383095311116235;0.2368754379442871;0.28383626799894396;0.24469767010338314;0.0;0.30013791802303214;0.29175482183892565;0.3937178053261876;0.18387964745472501;0.47429461414377916;0.0;0.0;0.0;0.0;0.24994876629764104;0.0;0.47715632940094593;0.0;0.0;0.0;0.1720741653898043
GO:1902715;0.2200174466772601;0.20617745654814537;1.0;0.0;0.20245535943849982;0.0;0.0;0.4947341032828335;0.31820821051503606;0.0;0.24466107467984716;0.0;0.17486523369320908;0.22840704721899693;0.31279276963997654;0.0;0.23793235991819073;0.0;0.26291218121563903;0.0;0.21483218246050714;0.19469543837380532;0.0;0.23793246212510025;0.0;0.20244953569529425;0.24506354422387697;0.19489949595041783;0.20592818068219942;0.1819348472936535;0.23604571371905383;0.0;0.8844130802277311;0.4069839271778078;0.23944909296420455;0.22126484722898165;0.21001169367630382;0.2709699382677428;0.0;0.0;0.2025512480765439;0.24309935051420137;0.19332733697553156;0.27096997330686934;0.0;0.202987880241091;0.40698422438853454;0.21662902845555926;0.21662902845555926;0.2009285000525353;0.2337153473149039;0.23909111065279276;0.23371895100649379;0.1219302800990709;0.0;0.24466107467984716;0.2390616887304418;0.22159387860801744;0.16145112179142249;0.3299467481582693;0.0;0.0;0.0;0.0;0.29341560960417906;0.0;0.18976644827094255;0.0;0.0;0.0;0.1826876453311105
GO:0060326;0.0;0.0;0.0;1.0;0.0;0.2729653442020509;0.2221452611813699;0.0;0.0;0.2729653442020509;0.32929306346355525;0.0;0.0;0.0;0.0;0.24878211148182222;0.0;0.25847688546126724;0.0;0.0;0.0;0.0;0.24878292544238462;0.0;0.2603437783390319;0.0;0.0;0.0;0.23059283000645983;0.0;0.0;0.1829537710502638;0.0;0.0;0.0;0.0;0.239406292377737;0.0;0.12691304948874949;0.12691305252899784;0.1628530023066676;0.0;0.1510959668823877;0.0;0.0;0.0;0.0;0.18215895186324307;0.18215895186324307;0.0;0.2975779441494389;0.0;0.2975878222367988;0.0;0.17288549115138452;0.32929306346355525;0.31262947405354913;0.0;0.0;0.0;0.19394111570393896;0.0;0.0;0.20000454498197467;0.0;0.0;0.0;0.6682321150212893;0.0;0.7355362774755831;0.0
GO:2000318;0.2619274228448352;0.23901286478601785;0.20245535943849982;0.0;1.0;0.0;0.0;0.3659501993427465;0.29287187653852315;0.0;0.32633436502293617;0.0;0.2720456369914599;0.3122285836611398;0.35335179843602177;0.0;0.2934881803558849;0.0;0.3415038619172845;0.0;0.28740702315587097;0.28560489198939104;0.0;0.2934883669192254;0.0;0.19088802927766704;0.32723004164756925;0.22892189939722074;0.4320769197044337;0.2818416859127927;0.32667753173658426;0.0;0.20245535943849985;0.3659497722093897;0.23943068698462264;0.21486069782186906;0.44512486629394976;0.3975415658031703;0.0;0.0;0.5047961463726223;0.24416354682228095;0.47358584985576646;0.3975416412178355;0.0;0.2665991121728335;0.3659501993427465;0.5545762929687864;0.5545762929687864;0.5927238843679764;0.30270657968636216;0.33253861761881937;0.30271413351007165;0.18391978416967764;0.0;0.32633436502293617;0.3140739248373135;0.21529266609713088;0.47480118832497215;0.20246769928330308;0.0;0.0;0.0;0.0;0.44587601545942807;0.0;0.1754980426866412;0.0;0.0;0.0;0.24324538572716212
GO:0051289;0.0;0.0;0.0;0.2729653442020509;0.0;1.0;0.2084535332182885;0.0;0.0;0.8380754025231436;0.3000766603593082;0.0;0.0;0.0;0.0;0.23173602635556578;0.0;0.24012537891803934;0.0;0.0;0.0;0.0;0.23173673259518665;0.0;0.24173576293793814;0.0;0.0;0.0;0.2158744823746871;0.0;0.0;0.17356486223413092;0.0;0.0;0.0;0.0;0.22357995658321056;0.0;0.12232290849205092;0.1223229113163592;0.15537166005260342;0.0;0.1446344203065043;0.0;0.0;0.0;0.0;0.1728493681251411;0.1728493681251411;0.0;0.27351270451099385;0.0;0.2735210494895765;0.0;0.16447778095106544;0.3000766603593082;0.286176425864458;0.0;0.0;0.0;0.1834230530070565;0.0;0.0;0.18883745656072515;0.0;0.0;0.0;0.26134171627385255;0.0;0.2854424466499561;0.0
GO:0001865;0.0;0.0;0.0;0.2221452611813699;0.0;0.2084535332182885;1.0;0.0;0.0;0.2084535332182885;0.2397752605299709;0.0;0.0;0.0;0.0;0.781134369527483;0.0;0.4713033306437332;0.0;0.186841997007616;0.0;0.0;0.906470114960707;0.0;0.4739316128865556;0.0;0.0;0.0;0.1828015961199292;0.0;0.0;0.15152375813167895;0.0;0.0;0.0;0.0;0.1882968561399324;0.0;0.11094870863236246;0.1109487109558535;0.18758663906126766;0.0;0.17602463311989927;0.0;0.0;0.0;0.0;0.2060181490135229;0.2060181490135229;0.0;0.2225076462362858;0.14083504214652856;0.22251316901480464;0.0;0.14455172597268676;0.2397752605299709;0.23081691007831107;0.0;0.0;0.0;0.1589833284248048;0.0;0.2069225294056766;0.16303506467510193;0.0;0.2400392613186839;0.0;0.2925407845234751;0.0;0.314310721957129;0.0
GO:0032729;0.30807243603853474;0.2768538874996712;0.4947341032828335;0.0;0.3659501993427465;0.0;0.0;1.0;0.6431917998411306;0.0;0.4255708803643182;0.0;0.3376898721791894;0.2573565332071596;0.44283466237428554;0.0;0.3526801176978336;0.0;0.4243828420268147;0.0;0.23415757029198708;0.27318936468663524;0.0;0.3526803871037244;0.0;0.21427906178081263;0.4270953966098863;0.27369177389991334;0.30207917140992496;0.27388438571803625;0.271112635146509;0.0;0.40698422438853443;0.8226310273336934;0.2774146389712072;0.2449589483407679;0.3132432534495785;0.34144975945416595;0.0;0.0;0.26909317261948235;0.2713564278355396;0.2500765120409372;0.34144983687595626;0.0;0.2151193555563289;0.8226322416182144;0.30018498280245437;0.30018498280245437;0.4505514976787689;0.3862536558683726;0.2767466102649072;0.38626595491138593;0.22370097730736918;0.0;0.4255708803643182;0.4049555350292699;0.24552057386107887;0.2508103168548643;0.4070122786851802;0.0;0.0;0.0;0.0;0.5473790962568897;0.0;0.19507598515420133;0.0;0.0;0.0;0.1835478434187156
GO:0032689;0.3080733388562526;0.2215674400089885;0.31820821051503606;0.0;0.29287187653852315;0.0;0.0;0.6431917998411306;1.0;0.0;0.4255730330714507;0.0;0.4219544864060485;0.2059635794589325;0.35440317740548405;0.0;0.3526813008933807;0.0;0.424384555236427;0.0;0.1873973047849192;0.34135874122713517;0.0;0.35268157030107916;0.0;0.17148841699357578;0.42709756476790495;0.3419865194524724;0.3020802560410613;0.40708738507781;0.2169726774847958;0.0;0.27381330216963856;0.553455897303204;0.22201621317602013;0.1960417139679757;0.3132444197327643;0.27326398146058245;0.0;0.0;0.21535648828383222;0.19499768857737657;0.2001373322440684;0.2732640434218368;0.0;0.17216090894426503;0.5534567142622845;0.24023947624738892;0.24023947624738892;0.4505539105277834;0.3862554291844247;0.22148158531839335;0.3862677283403716;0.2237017821684981;0.0;0.4255730330714507;0.4049574842261815;0.196491186369373;0.20072460086452312;0.2738321767497235;0.0;0.0;0.0;0.0;0.4690544899355695;0.0;0.15612008704285685;0.0;0.0;0.0;0.2293485842587572
GO:0070207;0.0;0.0;0.0;0.2729653442020509;0.0;0.8380754025231436;0.2084535332182885;0.0;0.0;1.0;0.3000766603593082;0.0;0.0;0.0;0.0;0.23173602635556578;0.0;0.24012537891803934;0.0;0.0;0.0;0.0;0.23173673259518665;0.0;0.24173576293793814;0.0;0.0;0.0;0.2158744823746871;0.0;0.0;0.17356486223413092;0.0;0.0;0.0;0.0;0.22357995658321056;0.0;0.12232290849205092;0.1223229113163592;0.15537166005260342;0.0;0.1446344203065043;0.0;0.0;0.0;0.0;0.1728493681251411;0.1728493681251411;0.0;0.27351270451099385;0.0;0.2735210494895765;0.0;0.16447778095106544;0.3000766603593082;0.286176425864458;0.0;0.0;0.0;0.1834230530070565;0.0;0.0;0.18883745656072515;0.0;0.0;0.0;0.26134171627385255;0.0;0.2854424466499561;0.0
GO:0035556;0.3371796667320635;0.30013791802303214;0.24466107467984716;0.32929306346355525;0.32633436502293617;0.3000766603593082;0.2397752605299709;0.4255708803643182;0.4255730330714507;0.3000766603593082;1.0;0.0;0.3829709039079838;0.2773580356048609;0.40460857943030976;0.27110596107799556;0.39135594187629935;0.2826590686659188;0.4816605397326661;0.0;0.2506004029213473;0.3774628995377901;0.2711069276702833;0.39135627360957265;0.2848931315123678;0.22796701180402118;0.6275044796502891;0.37823064492775377;0.5944697332920873;0.19585764136344322;0.2934021001514875;0.19474671914304348;0.2446610746798472;0.4255701585775431;0.30079706897978914;0.263012219408281;0.6191462711759125;0.3775755484708623;0.1324779947493243;0.1324779980620387;0.40988660070025457;0.20626792668355454;0.3787373856173377;0.37757564314194014;0.0;0.22891832712744878;0.4255708803643182;0.4615956203270835;0.4615956203270835;0.5349397069701585;0.893164559223668;0.30001184159482097;0.7860538247370689;0.2502206534458789;0.1833789560859245;0.8800448626754314;0.9435551676684039;0.2636597875256882;0.21589740231281299;0.24467909599236767;0.20724455362113553;0.0;0.0;0.21418323857515373;0.35265792374711225;0.0;0.2063559424868567;0.31252463774142225;0.0;0.3476237930108152;0.24509967850067535
GO:0050830;0.0;0.0;0.0;0.0;0.0;0.0;0.0;0.0;0.0;0.0;0.0;1.0;0.0;0.0;0.0;0.0;0.0;0.0;0.0;0.34470885209519164;0.0;0.0;0.0;0.0;0.0;0.0;0.0;0.0;0.0;0.0;0.0;0.0;0.0;0.0;0.0;0.0;0.0;0.0;0.0;0.0;0.0;0.0;0.0;0.0;0.0;0.0;0.0;0.0;0.0;0.0;0.0;0.0;0.0;0.0;0.0;0.0;0.0;0.0;0.0;0.0;0.34697635839614327;0.0;0.3858842172525871;0.0;0.0;0.4557712150311998;0.0;0.0;0.4648661781653644;0.0;0.0
GO:0034260;0.2316244625065218;0.26409703820508995;0.17486523369320908;0.0;0.2720456369914599;0.0;0.0;0.3376898721791894;0.4219544864060485;0.0;0.3829709039079838;0.0;1.0;0.19544156747052313;0.3243555386398391;0.0;0.26285849881618606;0.0;0.31194240701849274;0.0;0.17864647539042702;0.31860713218985465;0.0;0.262858685813336;0.0;0.24834645096962119;0.38420504298363334;0.31915394911510025;0.2799732323618746;0.21855350858667477;0.20532756394550894;0.0;0.17486523369320908;0.3376894177132536;0.20983861800197234;0.18648551843543668;0.2895372750521976;0.2550463101990479;0.0;0.0;0.20387962492499884;0.14994075239217977;0.1901878104109862;0.2550463641741535;0.0;0.16474706145007123;0.3376898721791894;0.22604465158447076;0.22604465158447076;0.403082500482045;0.35083388027334905;0.20936096731808804;0.35084402704530443;0.4206458259875341;0.0;0.3829709039079838;0.3661948658756131;0.18689219368184798;0.190718062748224;0.17487673655799016;0.0;0.0;0.0;0.0;0.29009713954830485;0.0;0.14999886434375825;0.0;0.0;0.0;0.21884867422326346
GO:2000570;0.32037730026892464;0.22479198319319818;0.22840704721899693;0.0;0.3122285836611398;0.0;0.0;0.2573565332071596;0.2059635794589325;0.0;0.2773580356048609;0.0;0.19544156747052313;1.0;0.2510614516156563;0.0;0.3899865704793259;0.0;0.2939518362509557;0.0;0.7461685792824727;0.21485100041528596;0.0;0.4318984052506536;0.0;0.21771115912347358;0.277875380604463;0.2150995213948279;0.2742652729907069;0.16416950555815032;0.5412059779538252;0.0;0.22840704721899693;0.25735632196039876;0.2610971316480708;0.23962369593516977;0.280316200428551;0.29902647149004935;0.0;0.0;0.2924895391026929;0.7081167591029155;0.2780486730494687;0.2990265141608041;0.0;0.7614123244055088;0.2573565332071596;0.3147554995750046;0.3147554995750046;0.28561778742284144;0.26337480575060873;0.8380313275767738;0.26337938213460954;0.13537811275109032;0.0;0.27735803560486083;0.270183961491104;0.24000964108386832;0.24365704370544977;0.22841833390992156;0.0;0.0;0.0;0.0;0.32559986629077303;0.0;0.20311271496136296;0.0;0.0;0.0;0.19715348462159793
GO:2000010;0.23936654164458132;0.2695823179953043;0.31279276963997654;0.0;0.35335179843602177;0.0;0.0;0.44283466237428554;0.35440317740548405;0.0;0.40460857943030976;0.0;0.3243555386398391;0.2510614516156563;1.0;0.0;0.2728745082750285;0.0;0.3261493512106367;0.0;0.22893473859824573;0.26439608732030034;0.0;0.2728747097944394;0.0;0.20989706323993435;0.40598636552883843;0.26486664661849574;0.29136424964425345;0.17928789481301396;0.26413572651523665;0.0;0.3127927696399766;0.44283403690984907;0.27011397173504437;0.23924903350004306;0.3017367877073733;0.33045648132923794;0.0;0.0;0.26221849820032417;0.19136177801588528;0.24412842409400448;0.3304565538459547;0.0;0.21070327582283066;0.44283466237428554;0.2916550694029389;0.2916550694029389;0.4271237714395328;0.36890678268838717;0.26948060099487076;0.3689180018078806;0.215750444687318;0.0;0.40460857943030976;0.3859295424017886;0.23978475292128815;0.2448276880380602;0.2239829109187481;0.0;0.0;0.0;0.0;0.3777882455480889;0.0;0.19143753004207997;0.0;0.0;0.0;0.2243353013457141
GO:0030183;0.0;0.0;0.0;0.24878211148182222;0.0;0.23173602635556578;0.781134369527483;0.0;0.0;0.23173602635556578;0.27110596107799556;0.0;0.0;0.0;0.0;1.0;0.0;0.5936055300402325;0.0;0.2053329743230045;0.0;0.0;0.8617318441645744;0.0;0.5247732290395022;0.0;0.0;0.0;0.20046369812059886;0.0;0.0;0.1634615206551173;0.0;0.0;0.0;0.0;0.20709140049187866;0.0;0.11721685278298763;0.11721685537643008;0.2008976840976124;0.0;0.1876943399109999;0.0;0.0;0.0;0.0;0.22218620852662357;0.22218620852662357;0.0;0.24923670101229375;0.1510909940068861;0.24924363037079586;0.0;0.15537694057248544;0.27110596107799556;0.25970917457805565;0.0;0.0;0.0;0.1721765959694734;0.0;0.22984547384425225;0.1769387747416742;0.0;0.27144351029200736;0.0;0.3262520444126062;0.0;0.35356264010369637;0.0
GO:0045577;0.35591105648890015;0.23328002943924178;0.23793235991819073;0.0;0.2934881803558849;0.0;0.0;0.3526801176978336;0.3526813008933807;0.0;0.39135594187629935;0.0;0.26285849881618606;0.3899865704793259;0.2728745082750285;0.0;1.0;0.0;0.7170429361346151;0.0;0.35962799203914086;0.27745724249903;0.0;0.8918088247471484;0.0;0.18721362633875693;0.39238674492101344;0.2778718401481976;0.36092051089677885;0.2379863105768628;0.45141408787503223;0.0;0.23793235991819073;0.35267972098021794;0.233678032002376;0.21021667051248302;0.3714726706418708;0.27751810311355896;0.0;0.0;0.2732257817979964;0.5394398968865189;0.25670455945000076;0.2775181542572663;0.0;0.33409426780043244;0.3526801176978336;0.29947821243322886;0.29947821243322886;0.40800455009096187;0.36408108009554246;0.41474638639588335;0.3640898253632652;0.17822142902706337;0.0;0.39135594187629935;0.3772229038635014;0.2106301493852822;0.21451140465480315;0.2379465663780968;0.0;0.0;0.0;0.0;0.37208726573299916;0.0;0.1723874119669345;0.0;0.0;0.0;0.23827800509528604
GO:0042100;0.0;0.0;0.0;0.25847688546126724;0.0;0.24012537891803934;0.4713033306437332;0.0;0.0;0.24012537891803934;0.2826590686659188;0.0;0.0;0.0;0.0;0.5936055300402325;0.0;1.0;0.0;0.21189247932894317;0.0;0.0;0.5215542286068138;0.0;0.5429940916188238;0.0;0.0;0.0;0.20671105430026904;0.0;0.0;0.16759166058678562;0.0;0.0;0.0;0.0;0.21376556074968478;0.0;0.11932558016929189;0.11932558285688555;0.20545809169389162;0.0;0.19166907980821804;0.0;0.0;0.0;0.0;0.22777778070434368;0.22777778070434368;0.0;0.2589676300053978;0.15461292798260765;0.25897511101958853;0.0;0.15910398394999714;0.2826590686659188;0.2702923976382693;0.0;0.0;0.0;0.17676506041035608;0.0;0.238096063702292;0.18178814564402218;0.0;0.28302601948232076;0.0;0.3384519288052215;0.0;0.3679355120016216;0.0
GO:0045652;0.34858692237856326;0.26263084363568723;0.26291218121563903;0.0;0.3415038619172845;0.0;0.0;0.4243828420268147;0.424384555236427;0.0;0.4816605397326661;0.0;0.31194240701849274;0.2939518362509557;0.3261493512106367;0.0;0.7170429361346151;0.0;1.0;0.0;0.26861460189363895;0.3199906545555503;0.0;0.7170434485217154;0.0;0.20565874716572835;0.48322288853028816;0.32054223490774103;0.4216972572322203;0.2629780563451793;0.3088727148279499;0.0;0.26291218121563903;0.4243822675995232;0.26313540668092955;0.23375797066316475;0.436173745497034;0.3200716076389513;0.0;0.0;0.3066870348830852;0.40823323498933817;0.2860244126603064;0.3200716756694859;0.0;0.24765675919874508;0.4243828420268147;0.3401571863194805;0.3401571863194805;0.5071288653557441;0.44100008282696107;0.31496174967918655;0.4410129137066712;0.20829023697815124;0.0;0.4816605397326661;0.46042957068724405;0.2342693551449806;0.2390806412004266;0.26292952736112607;0.0;0.0;0.0;0.0;0.43702132327235593;0.0;0.1879056438561832;0.0;0.0;0.0;0.2633342771170461
GO:0042267;0.0;0.0;0.0;0.0;0.0;0.0;0.186841997007616;0.0;0.0;0.0;0.0;0.34470885209519164;0.0;0.0;0.0;0.2053329743230045;0.0;0.21189247932894317;0.0;1.0;0.0;0.0;0.2053335287983144;0.0;0.28621995519318705;0.0;0.0;0.0;0.0;0.0;0.0;0.0;0.0;0.0;0.0;0.0;0.0;0.0;0.0;0.0;0.19207930355870476;0.0;0.1338891138933874;0.0;0.0;0.0;0.0;0.15772204532571743;0.15772204532571743;0.0;0.0;0.14668566242182632;0.0;0.0;0.0;0.0;0.0;0.0;0.0;0.0;0.1664790724970134;0.0;0.8858364722848241;0.0;0.0;0.6945149895613597;0.0;0.22824320410568502;0.22053108220625595;0.24641364739538363;0.0
GO:0042102;0.29734925565496734;0.20966799353485394;0.21483218246050714;0.0;0.28740702315587097;0.0;0.0;0.23415757029198708;0.1873973047849192;0.0;0.2506004029213473;0.0;0.17864647539042702;0.7461685792824727;0.22893473859824573;0.0;0.35962799203914086;0.0;0.26861460189363895;0.0;1.0;0.1984380205602096;0.0;0.3982771773695051;0.0;0.20534347810477277;0.25102266699862086;0.1986500029063264;0.25208010102630074;0.1544107340888944;0.7690836654146949;0.0;0.21483218246050714;0.23415739541361524;0.24350809039622945;0.2247263007983106;0.2571826017544468;0.27617954337910466;0.0;0.0;0.2731627217831089;0.6180695314390349;0.2605259957336191;0.27617957977849106;0.0;0.9440769593059927;0.23415757029198708;0.29248616560912233;0.29248616560912233;0.25732402183879094;0.23912925219722903;0.7816624291720712;0.23913302477949402;0.12441493037330754;0.0;0.2506004029213472;0.24472912070997968;0.2250657152910517;0.22827226794969568;0.21484216739084014;0.0;0.0;0.0;0.0;0.2986983881777239;0.0;0.19230687352823836;0.0;0.0;0.0;0.18542285977048678
GO:0046627;0.2988248373089056;0.22827183652028468;0.19469543837380532;0.0;0.28560489198939104;0.0;0.0;0.27318936468663524;0.34135874122713517;0.0;0.3774628995377901;0.0;0.31860713218985465;0.21485100041528596;0.26439608732030034;0.0;0.27745724249903;0.0;0.3199906545555503;0.0;0.1984380205602096;1.0;0.0;0.27745740923803075;0.0;0.18397436546808116;0.37842172545757213;0.37682093571299624;0.3509896861528495;0.2709985431468664;0.2243544779399438;0.0;0.19469543837380535;0.2731890672510317;0.22865291945828428;0.20614115073611852;0.3609611222117508;0.4829100309410505;0.0;0.0;0.2674962546411713;0.16957764332591543;0.2516405602867074;0.48291011767265374;0.0;0.1845934436631214;0.27318936468663524;0.292608608008365;0.292608608008365;0.3929270917986759;0.35202723701635297;0.22819890075988722;0.35203541279408285;0.17330980930976753;0.0;0.3774628995377901;0.36429861288828475;0.2065387374365782;0.21026933798646352;0.19470685037161756;0.0;0.0;0.0;0.0;0.24117953256595587;0.0;0.16963712750592472;0.0;0.0;0.0;0.34766350336303253
GO:0030217;0.0;0.0;0.0;0.24878292544238462;0.0;0.23173673259518665;0.906470114960707;0.0;0.0;0.23173673259518665;0.2711069276702833;0.0;0.0;0.0;0.0;0.8617318441645744;0.0;0.5215542286068138;0.0;0.2053335287983144;0.0;0.0;1.0;0.0;0.5247747651186295;0.0;0.0;0.0;0.20046422660997826;0.0;0.0;0.163461872050173;0.0;0.0;0.0;0.0;0.20709196450467368;0.0;0.11721703347727644;0.11721703607072687;0.20089807307378424;0.0;0.1876946794388742;0.0;0.0;0.0;0.0;0.22218668430798247;0.22218668430798247;0.0;0.2492375179502135;0.15109129422829798;0.24924444735414186;0.0;0.15537725806804983;0.2711069276702833;0.25971006161091975;0.0;0.0;0.0;0.17217698583322835;0.0;0.2298461686075502;0.1769391864699419;0.0;0.27144447929277166;0.0;0.32625307025382544;0.0;0.35356384488026515;0.0
GO:0045580;0.3559112531082475;0.23328014730838972;0.23793246212510025;0.0;0.2934883669192254;0.0;0.0;0.3526803871037244;0.35268157030107916;0.0;0.39135627360957265;0.0;0.262858685813336;0.4318984052506536;0.2728747097944394;0.0;0.8918088247471484;0.0;0.7170434485217154;0.0;0.3982771773695051;0.27745740923803075;0.0;1.0;0.0;0.18721370225240974;0.39238707840411147;0.27787200738587886;0.36092074607465047;0.237986412830128;0.40760882851136543;0.0;0.23793246212510025;0.3526799903855027;0.23367815027406388;0.2102167662273293;0.3714729197724703;0.2775182699257166;0.0;0.0;0.27322591657525375;0.6048827398843015;0.25670467842080896;0.2775183210694854;0.0;0.36999933476433117;0.3526803871037244;0.29947837435444047;0.29947837435444047;0.4080049106490137;0.36408136720094586;0.45931917103999864;0.3640901124824614;0.17822154534734397;0.0;0.39135627360957265;0.37722321206962595;0.2106302454770253;0.21451150432051594;0.23794666859721184;0.0;0.0;0.0;0.0;0.3720875156886454;0.0;0.1723874763328667;0.0;0.0;0.0;0.238278107599364
GO:0002323;0.0;0.0;0.0;0.2603437783390319;0.0;0.24173576293793814;0.4739316128865556;0.0;0.0;0.24173576293793814;0.2848931315123678;0.0;0.0;0.0;0.0;0.5247732290395022;0.0;0.5429940916188238;0.0;0.28621995519318705;0.0;0.0;0.5247747651186295;0.0;1.0;0.0;0.0;0.0;0.2079033270690682;0.0;0.0;0.16837451181488092;0.0;0.0;0.0;0.0;0.21504085145021012;0.0;0.11972191083605609;0.11972191354153267;0.25815689639794276;0.0;0.1924189031035161;0.0;0.0;0.0;0.0;0.22883751678270228;0.22883751678270228;0.0;0.26084164428141754;0.1552789812471174;0.2608492339613813;0.0;0.159809381274365;0.2848931315123678;0.2723345448607273;0.0;0.0;0.0;0.17763618111773916;0.0;0.3218505685046597;0.18270960763956356;0.0;0.2852659096420562;0.0;0.3407969774945407;0.0;0.37070859905445724;0.0
GO:0051973;0.17385103835996427;0.5801032814315797;0.20244953569529425;0.0;0.19088802927766704;0.0;0.0;0.21427906178081263;0.17148841699357578;0.0;0.22796701180402118;0.0;0.24834645096962119;0.21771115912347358;0.20989706323993435;0.0;0.18721362633875693;0.0;0.20565874716572835;0.0;0.20534347810477277;0.18397436546808116;0.0;0.18721370225240974;0.0;1.0;0.2283163921995809;0.18415655806886586;0.19397232372289017;0.11645139199796269;0.22464031482921398;0.0;0.20244953569529425;0.21427891533424578;0.5428275108160938;0.5905217226028201;0.19759127056801462;0.25604657391103997;0.0;0.0;0.19280779464495632;0.18227504241217385;0.18443159858766475;0.25604660519696365;0.0;0.19449593287698458;0.21427906178081263;0.20552126022546613;0.20552126022546613;0.1868846506253021;0.2184349542061728;0.22739680479043314;0.21843810207760425;0.2712420056024533;0.0;0.22796701180402115;0.22309808341607662;0.47526829874266896;0.15400874574466406;0.6228241141156842;0.0;0.0;0.0;0.0;0.19779975934463503;0.0;0.7340041393670508;0.0;0.0;0.0;0.14563999868344066
GO:0001558;0.3379445519343724;0.3007438264869888;0.24506354422387697;0.0;0.32723004164756925;0.0;0.0;0.4270953966098863;0.42709756476790495;0.0;0.6275044796502891;0.0;0.38420504298363334;0.277875380604463;0.40598636552883843;0.0;0.39238674492101344;0.0;0.48322288853028816;0.0;0.25102266699862086;0.37842172545757213;0.0;0.39238707840411147;0.0;0.2283163921995809;1.0;0.3791933802202776;0.42330027925523844;0.19617991912147317;0.29398109146560275;0.0;0.245063544223877;0.427094669642561;0.30140564440838924;0.3150431346453589;0.44092355079978734;0.3785349475018022;0.0;0.0;0.29160806657829114;0.2065539191382759;0.269407319136647;0.37853504265459953;0.0;0.22927063181671326;0.4270953966098863;0.32847683660069066;0.32847683660069066;0.5373507109413574;0.5602126610006333;0.3006172406144942;0.5602333666257542;0.2509332789487929;0.0;0.6275044796502891;0.5919443565221734;0.2641272497696683;0.21628906955650992;0.24508162487777896;0.0;0.0;0.0;0.0;0.35370415833726004;0.0;0.24708458222442112;0.0;0.0;0.0;0.2455035935433129
GO:0070233;0.24941757215348942;0.22855239560952556;0.19489949595041783;0.0;0.22892189939722074;0.0;0.0;0.27369177389991334;0.3419865194524724;0.0;0.37823064492775377;0.0;0.31915394911510025;0.2150995213948279;0.26486664661849574;0.0;0.2778718401481976;0.0;0.32054223490774103;0.0;0.1986500029063264;0.37682093571299624;0.0;0.27787200738587886;0.0;0.18415655806886586;0.3791933802202776;1.0;0.2930261695325426;0.19494292508880248;0.22462548462354742;0.0;0.19489949595041786;0.2736914753693059;0.22893441665229403;0.20636991981519007;0.3013643830800093;0.27085302114272813;0.0;0.0;0.22323742096113242;0.16973242503723496;0.20999020241190844;0.27085306985932417;0.0;0.18477686510321104;0.27369177389991334;0.24422231108183232;0.24422231108183232;0.3151263914105076;0.3526949067468025;0.22847928048325722;0.35270311356735523;0.17358334117874208;0.0;0.37823064492775377;0.3650136900426997;0.20676839031707675;0.16846957052369196;0.19491093188298034;0.0;0.0;0.0;0.0;0.2415710195647265;0.0;0.16979201787405343;0.0;0.0;0.0;0.2715967451238798
GO:0002769;0.32124260205829114;0.24386813840069824;0.20592818068219942;0.23059283000645983;0.4320769197044337;0.2158744823746871;0.1828015961199292;0.30207917140992496;0.3020802560410613;0.2158744823746871;0.5944697332920873;0.0;0.2799732323618746;0.2742652729907069;0.29136424964425345;0.20046369812059886;0.36092051089677885;0.20671105430026904;0.4216972572322203;0.0;0.25208010102630074;0.3509896861528495;0.20046422660997826;0.36092074607465047;0.2079033270690682;0.19397232372289017;0.42330027925523844;0.2930261695325426;1.0;0.2866774000310082;0.28721050428214884;0.15540705277583544;0.20592818068219948;0.3020788077404166;0.24430312362397175;0.21877626385250623;0.8446983579361302;0.35107086938587506;0.11301653042663089;0.11301653283753779;0.6114042938023613;0.2135894597294364;0.572900967502958;0.35107093760834;0.0;0.23353388785513982;0.30207917140992496;0.6730123367458057;0.6730123367458057;0.614523709204157;0.5500277528970212;0.29246813372011154;0.6250157785116867;0.18881061610594638;0.14808171706412665;0.6754993506635961;0.5713806160689827;0.21922413615290653;0.31097129155937137;0.2059409475147151;0.16326378739204828;0.0;0.0;0.16753957211154866;0.32915091659053;0.0;0.1781016628140897;0.22224259779746336;0.0;0.23943420192806406;0.2886095707517172
GO:0002728;0.2560112382772263;0.13756530432649283;0.1819348472936535;0.0;0.2818416859127927;0.0;0.0;0.27388438571803625;0.40708738507781;0.0;0.19585764136344322;0.0;0.21855350858667477;0.16416950555815032;0.17928789481301396;0.0;0.2379863105768628;0.0;0.2629780563451793;0.0;0.1544107340888944;0.2709985431468664;0.0;0.237986412830128;0.0;0.11645139199796269;0.19617991912147317;0.19494292508880248;0.2866774000310082;1.0;0.16966092674173716;0.0;0.1819348472936535;0.27388418565453987;0.13773816629775895;0.1272761514274322;0.2923635182183368;0.19476875585402942;0.0;0.0;0.235029525746029;0.16358290676033158;0.31791237051149224;0.19476878104518702;0.0;0.1458962164992508;0.27388438571803625;0.25136799381324415;0.25136799381324415;0.34953241652941003;0.18709295653819008;0.17185027537090986;0.18709584212311167;0.12195901958711515;0.0;0.19585764136344322;0.1913739600674496;0.12746545159054576;0.44362193494692587;0.1819431800742821;0.0;0.0;0.0;0.0;0.3757825334594382;0.0;0.1091547911842311;0.0;0.0;0.0;0.27161256888236696
GO:0030890;0.2504768722238483;0.23341477365903682;0.23604571371905383;0.0;0.32667753173658426;0.0;0.0;0.271112635146509;0.2169726774847958;0.0;0.2934021001514875;0.0;0.20532756394550894;0.5412059779538252;0.26413572651523665;0.0;0.45141408787503223;0.0;0.3088727148279499;0.0;0.7690836654146949;0.2243544779399438;0.0;0.40760882851136543;0.0;0.22464031482921398;0.29398109146560275;0.22462548462354742;0.28721050428214884;0.16966092674173716;1.0;0.0;0.23604571371905383;0.27111240071328485;0.27112679779079907;0.24804485592945152;0.2938530327202133;0.31225561806857655;0.0;0.0;0.3034862600264965;0.4401681212271199;0.2879679215477224;0.31225566459841847;0.0;0.722020487942796;0.271112635146509;0.32752676572200234;0.32752676572200234;0.30266102835479947;0.2777998328597291;0.5698651014823043;0.27780492427329667;0.14177623967217184;0.0;0.2934021001514875;0.2853860307162226;0.2484584278971164;0.2523678281450486;0.23605776797999803;0.0;0.0;0.0;0.0;0.3413440770629439;0.0;0.20913092443329112;0.0;0.0;0.0;0.20375512200713483
GO:0018105;0.0;0.0;0.0;0.1829537710502638;0.0;0.17356486223413092;0.15152375813167895;0.0;0.0;0.17356486223413092;0.19474671914304348;0.0;0.0;0.0;0.0;0.1634615206551173;0.0;0.16759166058678562;0.0;0.0;0.0;0.0;0.163461872050173;0.0;0.16837451181488092;0.0;0.0;0.0;0.15540705277583544;0.0;0.0;1.0;0.0;0.0;0.0;0.0;0.15936087953887326;0.0;0.3707511528605673;0.37075115987444673;0.12138024223168613;0.0;0.11472657302041898;0.0;0.0;0.0;0.0;0.13179090344881836;0.13179090344881836;0.0;0.1831994986464402;0.0;0.18320324246165598;0.0;0.8788090066580606;0.19474671914304348;0.18879534192031408;0.0;0.0;0.0;0.13784983921467403;0.521526413047561;0.0;0.14088569919695818;0.0;0.0;0.0;0.1776577349717791;0.0;0.1884756160360713;0.0
GO:2000484;0.2200174466772601;0.20617745654814537;0.8844130802277311;0.0;0.20245535943849985;0.0;0.0;0.40698422438853443;0.27381330216963856;0.0;0.2446610746798472;0.0;0.17486523369320908;0.22840704721899693;0.3127927696399766;0.0;0.23793235991819073;0.0;0.26291218121563903;0.0;0.21483218246050714;0.19469543837380535;0.0;0.23793246212510025;0.0;0.20244953569529425;0.245063544223877;0.19489949595041786;0.20592818068219948;0.1819348472936535;0.23604571371905383;0.0;1.0;0.4069839271778078;0.23944909296420455;0.22126484722898165;0.21001169367630382;0.2709699382677428;0.0;0.0;0.2025512480765439;0.24309935051420137;0.19332733697553156;0.27096997330686934;0.0;0.202987880241091;0.40698422438853454;0.21662902845555926;0.21662902845555926;0.2009285000525353;0.2337153473149039;0.23909111065279276;0.23371895100649379;0.1219302800990709;0.0;0.24466107467984716;0.2390616887304418;0.22159387860801744;0.16145112179142249;0.3299467481582693;0.0;0.0;0.0;0.0;0.29341560960417906;0.0;0.18976644827094255;0.0;0.0;0.0;0.1826876453311105
GO:0032753;0.3080721333295732;0.27685364303230797;0.4069839271778078;0.0;0.3659497722093897;0.0;0.0;0.8226310273336934;0.553455897303204;0.0;0.4255701585775431;0.0;0.3376894177132536;0.25735632196039876;0.44283403690984907;0.0;0.35267972098021794;0.0;0.4243822675995232;0.0;0.23415739541361524;0.2731890672510317;0.0;0.3526799903855027;0.0;0.21427891533424578;0.427094669642561;0.2736914753693059;0.3020788077404166;0.27388418565453987;0.27111240071328485;0.0;0.4069839271778078;1.0;0.2774143935125326;0.24495875695647237;0.31324286240275767;0.3414493875995569;0.0;0.0;0.26909294166573944;0.27135625906815475;0.2500763125764982;0.34144946502117857;0.0;0.21511920795893208;0.8226310273336934;0.3001846953953308;0.3001846953953308;0.45055068866866604;0.3862530612882489;0.27674636598696295;0.38626536029339653;0.22370070744286105;0.0;0.4255701585775431;0.4049548814777523;0.2455203815981914;0.2508101162181229;0.4070119814334774;0.0;0.0;0.0;0.0;0.5473784114896632;0.0;0.1950758637797256;0.0;0.0;0.0;0.18354770915331745
GO:0045429;0.25775620334160443;0.43018251122305146;0.23944909296420455;0.0;0.23943068698462264;0.0;0.0;0.2774146389712072;0.22201621317602013;0.0;0.30079706897978914;0.0;0.20983861800197234;0.2610971316480708;0.27011397173504437;0.0;0.233678032002376;0.0;0.26313540668092955;0.0;0.24350809039622945;0.22865291945828428;0.0;0.23367815027406388;0.0;0.5428275108160938;0.30140564440838924;0.22893441665229403;0.24430312362397175;0.13773816629775895;0.27112679779079907;0.0;0.23944909296420455;0.2774143935125326;1.0;0.49947925428579387;0.2500716945763993;0.3182392522921617;0.0;0.0;0.23249290356192065;0.21173139840915925;0.22042168968088716;0.3182393006223567;0.0;0.22840195922660605;0.2774146389712072;0.2512328682445707;0.2512328682445707;0.24852301785049077;0.284420354085438;0.27515239294779903;0.28442569107004884;0.14468232918376817;0.0;0.3007970689797891;0.2923776275713421;0.5311186442336369;0.18412684331367454;0.5708147968524064;0.0;0.0;0.0;0.0;0.25040573419189066;0.0;0.536661964129669;0.0;0.0;0.0;0.17229062044241356
GO:1904355;0.23393344123880155;0.428485431818934;0.22126484722898165;0.0;0.21486069782186906;0.0;0.0;0.2449589483407679;0.1960417139679757;0.0;0.263012219408281;0.0;0.18648551843543668;0.23962369593516977;0.23924903350004306;0.0;0.21021667051248302;0.0;0.23375797066316475;0.0;0.2247263007983106;0.20614115073611852;0.0;0.2102167662273293;0.0;0.5905217226028201;0.3150431346453589;0.20636991981519007;0.21877626385250623;0.1272761514274322;0.24804485592945152;0.0;0.22126484722898165;0.24495875695647237;0.49947925428579387;1.0;0.22339093143612881;0.2869022549846519;0.0;0.0;0.21279717814042126;0.19738727261225136;0.2026398911283614;0.2869022942653297;0.0;0.21179871986480275;0.2449589483407679;0.2283900324432864;0.2283900324432864;0.21642436717932878;0.25040521759164974;0.25140994870607924;0.2504093543521516;0.12954669840937105;0.0;0.26301221940828096;0.25655244103203423;0.3938765119313981;0.1692436015120216;0.49851421998241185;0.0;0.0;0.0;0.0;0.22365745652010777;0.0;0.7984106527498085;0.0;0.0;0.0;0.15919128970302832
GO:0038095;0.32957539995247126;0.2496159439438485;0.21001169367630382;0.239406292377737;0.44512486629394976;0.22357995658321056;0.1882968561399324;0.3132432534495785;0.3132444197327643;0.22357995658321056;0.6191462711759125;0.0;0.2895372750521976;0.280316200428551;0.3017367877073733;0.20709140049187866;0.3714726706418708;0.21376556074968478;0.436173745497034;0.0;0.2571826017544468;0.3609611222117508;0.20709196450467368;0.3714729197724703;0.21504085145021012;0.19759127056801462;0.44092355079978734;0.3013643830800093;0.8446983579361302;0.2923635182183368;0.2938530327202133;0.15936087953887326;0.21001169367630382;0.31324286240275767;0.2500716945763993;0.22339093143612881;1.0;0.3610469842794774;0.11509314853036089;0.11509315103068;0.6714606355948954;0.21724141428276744;0.5852150268954153;0.36104705643428336;0.0;0.23790668653774402;0.3132432534495785;0.6900701149814434;0.6900701149814434;0.6412581296056323;0.571087264603189;0.29935899961929163;0.6489470786460588;0.19467889124547103;0.1516672900145735;0.7035394414935179;0.5941408180241009;0.22385791719031164;0.3176732257076983;0.21002497187259273;0.16763311776648052;0.0;0.0;0.1721439870456416;0.33970879212427535;0.0;0.1811479873556458;0.23041799559513085;0.0;0.2489504167930758;0.2943414430163554
GO:0043123;0.29888368048245584;0.27390657319415784;0.2709699382677428;0.0;0.3975415658031703;0.0;0.0;0.34144975945416595;0.27326398146058245;0.0;0.3775755484708623;0.0;0.2550463101990479;0.29902647149004935;0.33045648132923794;0.0;0.27751810311355896;0.0;0.3200716076389513;0.0;0.27617954337910466;0.4829100309410505;0.0;0.2775182699257166;0.0;0.25604657391103997;0.3785349475018022;0.27085302114272813;0.35107086938587506;0.19476875585402942;0.31225561806857655;0.0;0.2709699382677428;0.3414493875995569;0.3182392522921617;0.2869022549846519;0.3610469842794774;1.0;0.0;0.0;0.35487691772377006;0.2360072302766153;0.33383829431376394;0.8976626602679235;0.0;0.25690830256192176;0.341449759454166;0.38819892788752675;0.38819892788752675;0.39304916147615393;0.3521252136107464;0.31760723483494885;0.35213339394014476;0.17334995938379627;0.0;0.3775755484708623;0.36440354032279404;0.28745569686229794;0.292662436549906;0.27098582351055467;0.0;0.0;0.0;0.0;0.30143226632160525;0.0;0.23609002762466272;0.0;0.0;0.0;0.2339447787168164
GO:0046710;0.0;0.0;0.0;0.12691304948874949;0.0;0.12232290849205092;0.11094870863236246;0.0;0.0;0.12232290849205092;0.1324779947493243;0.0;0.0;0.0;0.0;0.11721685278298763;0.0;0.11932558016929189;0.0;0.0;0.0;0.0;0.11721703347727644;0.0;0.11972191083605609;0.0;0.0;0.0;0.11301653042663089;0.0;0.0;0.3707511528605673;0.0;0.0;0.0;0.0;0.11509314853036089;0.0;1.0;0.8715228957633566;0.0938780098444286;0.0;0.08984786352571972;0.0;0.0;0.0;0.0;0.09998674330618784;0.09998674330618784;0.0;0.12703124612677175;0.0;0.12703304617540565;0.0;0.3592886834004463;0.1324779947493243;0.12969681467332309;0.0;0.0;0.0;0.10343594473896482;0.28765518731247036;0.0;0.10513587450621406;0.0;0.0;0.0;0.12434177297039385;0.0;0.12954584693271387;0.0
GO:0046037;0.0;0.0;0.0;0.12691305252899784;0.0;0.1223229113163592;0.1109487109558535;0.0;0.0;0.1223229113163592;0.1324779980620387;0.0;0.0;0.0;0.0;0.11721685537643008;0.0;0.11932558285688555;0.0;0.0;0.0;0.0;0.11721703607072687;0.0;0.11972191354153267;0.0;0.0;0.0;0.11301653283753779;0.0;0.0;0.37075115987444673;0.0;0.0;0.0;0.0;0.11509315103068;0.0;0.8715228957633566;1.0;0.09387801150793411;0.0;0.08984786504946372;0.0;0.0;0.0;0.0;0.09998674519322888;0.09998674519322888;0.0;0.12703124917268563;0.0;0.12703304922140582;0.0;0.35928868998733543;0.1324779980620387;0.12969681784840634;0.0;0.0;0.0;0.10343594675844443;0.2876551939494796;0.0;0.10513587659261786;0.0;0.0;0.0;0.12434177588869838;0.0;0.12954585010040984;0.0
GO:0038096;0.24986284496834327;0.2321644121537376;0.2025512480765439;0.1628530023066676;0.5047961463726223;0.15537166005260342;0.18758663906126766;0.26909317261948235;0.21535648828383222;0.15537166005260342;0.40988660070025457;0.0;0.20387962492499884;0.2924895391026929;0.26221849820032417;0.2008976840976124;0.2732257817979964;0.20545809169389162;0.3066870348830852;0.19207930355870476;0.2731627217831089;0.2674962546411713;0.20089807307378424;0.27322591657525375;0.25815689639794276;0.19280779464495632;0.29160806657829114;0.22323742096113242;0.6114042938023613;0.235029525746029;0.3034862600264965;0.12138024223168613;0.2025512480765439;0.26909294166573944;0.23249290356192065;0.21279717814042126;0.6714606355948954;0.35487691772377006;0.0938780098444286;0.09387801150793411;1.0;0.23811075669325152;0.7427021594823054;0.3548769702782569;0.0;0.2565214307146885;0.26909317261948235;0.8441509995643754;0.8441509995643754;0.41774242297602104;0.38825636000777125;0.3496089534429958;0.44118594175420833;0.14084167681961174;0.11686493217251488;0.46575648365715716;0.3987758190027197;0.2131502357368474;0.39054308331322657;0.20256154351476355;0.12612064990398142;0.0;0.20749477631910576;0.12865711309399364;0.33904229875377817;0.17226727226980298;0.17955130130657942;0.21647776738879335;0.0;0.2281724394740928;0.2365593543507323
