;GO:0008584;GO:0051491;GO:0045963;GO:0046777;GO:0043542;GO:0002286;GO:0051092;GO:0045766;GO:0043547;GO:0060964;GO:0000187;GO:0030307;GO:0002315;GO:0045892;GO:0000183;GO:0045893;GO:0010737;GO:0016055;GO:0010976;GO:0032200;GO:0035556;GO:0007264;GO:0034142;GO:0043312;GO:0045652;GO:0045333;GO:0046500;GO:0043113;GO:0000226;GO:0006336;GO:0000422;GO:0043315;GO:0002523;GO:0031509;GO:0031508;GO:0035987;GO:2000363;GO:0031100;GO:0018105;GO:0031623;GO:0071803;GO:0071404;GO:0072659;GO:1905150;GO:0051017;GO:0018107;GO:0008360;GO:0035264;GO:0045429;GO:0090314;GO:0070507;GO:1903980;GO:0008284;GO:0045742;GO:0090230;GO:0045787;GO:0006744;GO:0045745;GO:0000079;GO:1900825;GO:0050730;GO:0007229;GO:0050770;GO:0019221;GO:0001649;GO:0032147;GO:0033157;GO:1902340;GO:0007286;GO:0006351;GO:0007088;GO:0022617;GO:0008295;GO:0044267;GO:0006597;GO:0006355;GO:0006557;GO:1901216;GO:0001782;GO:0006357;GO:0001774;GO:0045123;GO:0048477;GO:0042692;GO:0030593;GO:0070895;GO:0032930;GO:0035722
GO:0008584;1.0;0.0;0.0;0.0;0.0;0.0;0.0;0.0;0.0;0.0;0.0;0.0;0.18066549248624425;0.0;0.0;0.0;0.0;0.0;0.0;0.0;0.0;0.0;0.0;0.0;0.0;0.0;0.0;0.0;0.0;0.0;0.0;0.0;0.0;0.0;0.0;0.33012947169641516;0.0;0.5986189161981154;0.0;0.0;0.0;0.0;0.0;0.0;0.0;0.0;0.0;0.3457239436713691;0.0;0.0;0.0;0.0;0.0;0.0;0.0;0.0;0.0;0.0;0.0;0.0;0.0;0.0;0.0;0.0;0.32982365614309367;0.0;0.0;0.0;0.5339361414406176;0.0;0.0;0.0;0.0;0.0;0.0;0.0;0.0;0.0;0.0;0.0;0.0;0.0;0.47358009885011576;0.32988414246708947;0.0;0.0;0.0;0.0
GO:0051491;0.0;1.0;0.29951613100259367;0.0;0.0;0.0;0.30117059354920284;0.3334913450707719;0.20790498664750703;0.3747989710579801;0.2129667564144181;0.5778894515423173;0.0;0.20943215944070334;0.18070747467566148;0.2910898514026702;0.4049734687159614;0.3921085665382016;0.5385867010298523;0.0;0.41696380443469316;0.40435112393766526;0.30070537439261247;0.0;0.36724175919426627;0.0;0.0;0.0;0.0;0.0;0.0;0.2832186231734516;0.0;0.0;0.0;0.0;0.20997284753014386;0.0;0.0;0.0;0.6281728723475777;0.0;0.0;0.23916070899087818;0.0;0.0;0.45317505152445614;0.0;0.3578714356558903;0.2599565383165793;0.4703475598139758;0.4536170120076247;0.5631782209461356;0.4238729205348459;0.5173273179462496;0.5641016486258223;0.0;0.4436265614429443;0.2599504055496569;0.3512618575548519;0.31057154227948314;0.40425576598214286;0.44011469555726934;0.40364663459123823;0.0;0.26967466919818806;0.2772176585380071;0.405247556164497;0.0;0.0;0.4425148824681393;0.0;0.0;0.0;0.0;0.28874274144175754;0.0;0.5312172569725205;0.2163941719978937;0.2819244265876925;0.0;0.0;0.0;0.0;0.0;0.27077812373209725;0.4565474994252143;0.3922248344157915
GO:0045963;0.0;0.29951613100259367;1.0;0.0;0.0;0.0;0.43267197160910514;0.25369830371889823;0.19587448990384831;0.42431640416824434;0.2688627778496856;0.35528460239808535;0.0;0.5354031399435968;0.4639423861366221;0.3643953986328504;0.3813816592463523;0.36995083872392115;0.24113979431209576;0.0;0.39199737740909374;0.38082966265570883;0.24356728824720142;0.0;0.34773541602941216;0.0;0.0;0.0;0.0;0.0;0.0;0.2000519891585321;0.0;0.0;0.0;0.0;0.19770890400811386;0.0;0.0;0.0;0.2993429889608676;0.0;0.0;0.22821663523210184;0.0;0.0;0.36693157535525994;0.0;0.3965058133850821;0.20000122204845897;0.38002886226521393;0.3146287800424961;0.3861383171975447;0.29492767161134853;0.369510910277187;0.3867340561206062;0.0;0.3080254316340007;0.44347895952135236;0.33337481040829114;0.5259280042035779;0.38074507497526794;0.28604012012756713;0.3802046876135717;0.0;0.3383683602407005;0.2626197653641201;0.4501745042867806;0.0;0.0;0.35877315513372904;0.0;0.0;0.0;0.0;0.49052416009446165;0.0;0.3654478118074466;0.20339187912773515;0.47941923322390667;0.0;0.0;0.0;0.0;0.0;0.6860022252687403;0.43996886158825604;0.3700543357424309
GO:0046777;0.0;0.0;0.0;1.0;0.19526564065776028;0.18004689167908336;0.0;0.0;0.0;0.0;0.0;0.0;0.1459250260215964;0.0;0.09070125903861871;0.0;0.18984360844118076;0.1845117003968627;0.0;0.20397951780220225;0.19477680950163082;0.1895866051840759;0.12414757614477558;0.13815112418935227;0.0;0.3594210119787344;0.41261716068138604;0.0;0.1977996359906115;0.16185578165342215;0.29034192913797346;0.0;0.1945384465101437;0.179292172217379;0.1750290652070754;0.2110461967716995;0.0;0.0;0.9253305293165569;0.46243654569604165;0.0;0.17841793941854445;0.0;0.0;0.1931246187588927;0.9258209599818487;0.0;0.0;0.0;0.0;0.0;0.0;0.0;0.0;0.0;0.0;0.318686464215482;0.0;0.0;0.0;0.0;0.18954721787675358;0.0;0.18929556583920593;0.2109406926990271;0.0;0.0;0.0;0.18299357890552279;0.4317220440406627;0.0;0.1988982262648379;0.4016505910797047;0.7975446682775086;0.39409188978743676;0.0;0.31441925146887095;0.0;0.0;0.0;0.1954942351341481;0.1945384465101437;0.16998148724614953;0.21096156717188422;0.16000490294062433;0.0;0.0;0.18456006962489183
GO:0043542;0.0;0.0;0.0;0.19526564065776028;1.0;0.29126950617348946;0.0;0.0;0.0;0.0;0.0;0.0;0.21132838768901568;0.0;0.11230474738957717;0.0;0.3178001681274935;0.3031360976997652;0.0;0.3595065093184181;0.33187097432462387;0.3170806217005841;0.16851847370385425;0.1954045629201111;0.0;0.33581713768869176;0.3007896478812263;0.0;0.3407435014503173;0.24645854540671439;0.2386120148171388;0.0;0.7216132121877318;0.2892994382410212;0.2783596575498801;0.38205314837843146;0.0;0.0;0.18500213509315344;0.2297703874893174;0.0;0.2870300841938162;0.0;0.0;0.3271029438729788;0.18513868788613838;0.0;0.0;0.0;0.0;0.0;0.0;0.0;0.0;0.0;0.0;0.2028565948899042;0.0;0.0;0.0;0.0;0.3169704627671788;0.0;0.3162673649172878;0.3817075387390645;0.0;0.0;0.0;0.2990600169834326;0.14976770052997462;0.0;0.3440168073603799;0.18762606125896014;0.2562860349723849;0.18272672907038354;0.0;0.11504934163447458;0.0;0.0;0.0;0.3339591561513619;0.7216132121877318;0.26580677191621904;0.3817758970069616;0.527717746151964;0.0;0.0;0.30326667564966936
GO:0002286;0.0;0.0;0.0;0.18004689167908336;0.29126950617348946;1.0;0.0;0.0;0.0;0.0;0.0;0.0;0.6422113877134962;0.0;0.10709822336487254;0.0;0.27936773623457123;0.2679723514267907;0.0;0.31109319987195955;0.2901831729931007;0.2788115477368373;0.20585339278226783;0.4975816164877178;0.0;0.2931957126656146;0.26613705565153434;0.0;0.2969439592127715;0.22269941940659463;0.21627308899191464;0.0;0.37963781487050774;0.25710205129279673;0.24842532032005005;0.3278347950115741;0.0;0.0;0.17128499556253285;0.2089841928442794;0.0;0.2553081544084563;0.0;0.0;0.28653118435743347;0.17140204301892212;0.0;0.0;0.0;0.0;0.0;0.0;0.0;0.0;0.0;0.0;0.18648120347846567;0.0;0.0;0.0;0.0;0.278726371186862;0.0;0.2781825569774347;0.3275802854344085;0.0;0.0;0.0;0.26478209663131186;0.14064920994921631;0.0;0.29942677489024805;0.17353187771686515;0.23069273139268393;0.16933272368948785;0.0;0.10959140933102904;0.0;0.2364539144689746;0.0;0.5527678911072182;0.37963781487050774;0.23837837695130967;0.3276306301695389;0.2873098771962091;0.0;0.0;0.2680743872819809
GO:0051092;0.0;0.30117059354920284;0.43267197160910514;0.0;0.0;0.0;1.0;0.2632225908626729;0.2615001040539973;0.45814296554784095;0.3452451102620252;0.3472847258199619;0.0;0.675733089520923;0.5942549188973788;0.717578265614057;0.30958651872459103;0.3020115783384879;0.24997813579555905;0.0;0.3165451548216479;0.3092226881307256;0.2521699784212291;0.0;0.2870413083189137;0.0;0.0;0.0;0.0;0.0;0.0;0.2120037761055704;0.0;0.0;0.0;0.0;0.2634871148163184;0.0;0.0;0.0;0.3010233048025176;0.0;0.0;0.2363566159010141;0.0;0.0;0.2999964090055018;0.0;0.4631201094043773;0.21517943159123432;0.30869451392326797;0.31392634100419897;0.37170893520730847;0.29725838953397477;0.3017183296686794;0.37217322853759227;0.0;0.3083771108145008;0.4639171849632026;0.277185199561665;0.49406066877851523;0.30916691738898683;0.24365981598986503;0.3088105167124015;0.0;0.4252199220035863;0.2171080204359403;0.27490485125539144;0.0;0.0;0.2945207920251912;0.0;0.0;0.0;0.0;0.8855385981184073;0.0;0.35541287406620364;0.16413221764635927;0.8683207660314634;0.0;0.0;0.0;0.0;0.0;0.4816390262049888;0.41903038062583847;0.3020805490459502
GO:0045766;0.0;0.3334913450707719;0.25369830371889823;0.0;0.0;0.0;0.2632225908626729;1.0;0.2403810040238635;0.326651994938914;0.15559329966656918;0.4086337552580564;0.0;0.1716189733174015;0.14655900113621675;0.21704944126284814;0.3570922150795274;0.34402708875413424;0.48242589942097464;0.0;0.3693874238422023;0.3564571758238844;0.2627782186644659;0.0;0.5270132299595075;0.0;0.0;0.0;0.0;0.0;0.0;0.21074305249892572;0.0;0.0;0.0;0.0;0.2431496476839802;0.0;0.0;0.0;0.33326552509248397;0.0;0.0;0.2673634042432828;0.0;0.0;0.4844969486415172;0.0;0.27162625910374705;0.28626363489241047;0.35553665064892254;0.35337598397907716;0.45237545153236847;0.32752195018566865;0.34352782237129864;0.45323604551847346;0.0;0.344645015878226;0.21697782484984943;0.3033934601157485;0.26415354449169565;0.35635989992590156;0.47018965598812185;0.3557386871867551;0.0;0.1999526155608847;0.31583475631131086;0.2998200518228532;0.0;0.0;0.3314224773774457;0.0;0.0;0.0;0.0;0.24359252919137062;0.0;0.4228648776335884;0.2518023000318096;0.23723849709314618;0.0;0.0;0.0;0.0;0.0;0.2269201577985094;0.3559461492835998;0.34414458362538836
GO:0043547;0.0;0.20790498664750703;0.19587448990384831;0.0;0.0;0.0;0.2615001040539973;0.2403810040238635;1.0;0.262584344588001;0.20426705399451592;0.26341372272843633;0.0;0.12685875063076374;0.10694385836580626;0.12875094319983008;0.2920719620297494;0.27929035978979205;0.15690985112684944;0.0;0.30427677083194765;0.2914462707631573;0.1589029013499453;0.0;0.255461214915666;0.0;0.0;0.0;0.0;0.0;0.0;0.12468260716683928;0.0;0.0;0.0;0.0;0.6655174018104083;0.0;0.0;0.0;0.20774367273044467;0.0;0.0;0.2767007939202304;0.0;0.0;0.27597475244422914;0.0;0.16487267999505692;0.17484798880010696;0.2905401054828589;0.2222356560755916;0.297499988279325;0.2036514568506333;0.278805703045454;0.29818443315667476;0.0;0.21591246160988342;0.2710160360284724;0.24072764819256226;0.20510917060094136;0.29135046708705625;0.1955376714877776;0.29073890832194554;0.0;0.267318406219999;0.25234813888596414;0.23741970998515285;0.0;0.0;0.2671384081165502;0.0;0.0;0.0;0.0;0.18704741989964788;0.0;0.27435442990018793;0.30587726781068814;0.18154645757090102;0.0;0.0;0.0;0.0;0.0;0.17269299882622804;0.2241063352950877;0.2794044565989928
GO:0060964;0.0;0.3747989710579801;0.42431640416824434;0.0;0.0;0.0;0.45814296554784095;0.326651994938914;0.262584344588001;1.0;0.234514150598484;0.4664127877528902;0.0;0.3690284780387995;0.31318865382349304;0.37429525767527794;0.5124463047367304;0.49201932706505636;0.28765797132513193;0.0;0.5317971891058146;0.5114502170844901;0.29111909737313957;0.0;0.4534883569267014;0.0;0.0;0.0;0.0;0.0;0.0;0.23104937420487842;0.0;0.0;0.0;0.0;0.2658915921735215;0.0;0.0;0.0;0.37452789211540577;0.0;0.0;0.2855940283432303;0.0;0.0;0.48669322651700936;0.0;0.36082536312969576;0.24273955679184958;0.5100069179171275;0.39876742359271977;0.5210710147261022;0.3676415893658805;0.49124149119519994;0.5221564356994469;0.0;0.3882192816532261;0.4175042685027176;0.42936783518040117;0.5143891215419321;0.5112976646193645;0.35393322547055217;0.5103236333209072;0.0;0.3040336928954211;0.34159319804331695;0.4239207653333064;0.0;0.0;0.47244350966315196;0.0;0.0;0.0;0.0;0.5333482391340537;0.0;0.4840862788014424;0.27627306738948293;0.5186006988686784;0.0;0.0;0.0;0.0;0.0;0.43773094330179707;0.4810221767140818;0.49220240846428853
GO:0000187;0.0;0.2129667564144181;0.2688627778496856;0.0;0.0;0.0;0.3452451102620252;0.15559329966656918;0.20426705399451592;0.234514150598484;1.0;0.23181847783003628;0.0;0.24481721355872363;0.22368361005435106;0.37890748937003454;0.17458630315698814;0.17215133022639165;0.1892335363497307;0.0;0.17677781767345258;0.1744705379393674;0.2122346424484483;0.0;0.1671812923227279;0.0;0.0;0.0;0.0;0.0;0.0;0.21152757798913077;0.0;0.0;0.0;0.0;0.20514154198631515;0.0;0.0;0.0;0.21290295860760283;0.0;0.0;0.14474098381947015;0.0;0.0;0.1714946817578387;0.0;0.3475510252108124;0.13745269373214514;0.17430226973150867;0.21840161957639276;0.2409722975037869;0.4173577130302638;0.17205600869959287;0.2411412008312643;0.0;0.42683043296292905;0.5712051880819727;0.1637892281231193;0.47933102379047965;0.1744527820654144;0.15147397965860313;0.17433924792142502;0.0;0.8376630208423955;0.12682695321753815;0.16299032172463226;0.0;0.0;0.16969120300205998;0.0;0.0;0.0;0.0;0.2925846371455174;0.0;0.23492449957602085;0.09154719367219336;0.28898366516580004;0.0;0.0;0.0;0.0;0.0;0.2829138738958006;0.33591174286225073;0.17217373784049714
GO:0030307;0.0;0.5778894515423173;0.35528460239808535;0.0;0.0;0.0;0.3472847258199619;0.4086337552580564;0.26341372272843633;0.4664127877528902;0.23181847783003628;1.0;0.0;0.23525302021077343;0.19961147702335913;0.3274912351075229;0.5140795754522861;0.49352479183418585;0.443289736549619;0.0;0.5335563509272815;0.5130771344235621;0.3466662807690419;0.0;0.4547669563442202;0.0;0.0;0.0;0.0;0.0;0.0;0.31756186589587604;0.0;0.0;0.0;0.0;0.26674202773425293;0.0;0.0;0.0;0.5774705116007598;0.0;0.0;0.286259386251067;0.0;0.0;0.569113066207711;0.0;0.4145161873672021;0.30345353376980166;0.5964613257485631;0.5486503916220218;0.7174690759089434;0.5057275916469074;0.574447811574428;0.7189684592917693;0.0;0.5341025506111609;0.3009497184136729;0.43051386550817833;0.37094786727950213;0.5129236100251484;0.41352920989072794;0.5119433799041201;0.0;0.30063223837923325;0.3425454983925274;0.4955168745283007;0.0;0.0;0.5524012583455261;0.0;0.0;0.0;0.0;0.3402266544306527;0.0;0.6663910410829037;0.27719132289229337;0.33079979909426516;0.0;0.0;0.0;0.0;0.0;0.3155582424544302;0.5529431927399784;0.49370899553023023
GO:0002315;0.18066549248624425;0.0;0.0;0.1459250260215964;0.21132838768901568;0.6422113877134962;0.0;0.0;0.0;0.0;0.0;0.0;1.0;0.0;0.09402076335751956;0.0;0.20499209491035836;0.1987892244347081;0.0;0.22157246061391977;0.21075594308013218;0.20469247271393623;0.1709775185362566;0.40323153709628357;0.0;0.21234052851020427;0.19777745778610084;0.0;0.21429960004266005;0.1727389311514161;0.16884735114731877;0.0;0.27586317074274475;0.19274390168710442;0.18782587590828592;0.4518290789362166;0.0;0.19909710604936162;0.14011590574137578;0.16437159053069605;0.0;0.1917339353929541;0.0;0.0;0.2088228924268474;0.14019422060832687;0.0;0.1993023833899218;0.0;0.0;0.0;0.0;0.0;0.0;0.0;0.0;0.15012318579159964;0.0;0.0;0.0;0.0;0.2046465595155499;0.0;0.2043532483544433;0.4515829995269877;0.0;0.0;0.0;0.32701490639479264;0.11892568403832453;0.0;0.21558971601668775;0.1416158705603797;0.17750967416666083;0.13880678944146504;0.0;0.09593680488981596;0.0;0.17150446657957066;0.0;0.40086432880264444;0.27586317074274475;0.3021143337116443;0.45163168573843276;0.22364067420111042;0.0;0.0;0.19884537004697578
GO:0045892;0.0;0.20943215944070334;0.5354031399435968;0.0;0.0;0.0;0.675733089520923;0.1716189733174015;0.12685875063076374;0.3690284780387995;0.24481721355872363;0.23525302021077343;0.0;1.0;0.8934400185075172;0.5933934536000489;0.2464181356243447;0.2415949485973579;0.1791129369063857;0.0;0.2508066562126518;0.24618757527483762;0.1804487668678774;0.0;0.23191916539338553;0.0;0.0;0.0;0.0;0.0;0.0;0.15540503020182914;0.0;0.0;0.0;0.0;0.12762567361061458;0.0;0.0;0.0;0.2093474904551272;0.0;0.0;0.15956665894731403;0.0;0.0;0.24030366941861783;0.0;0.3576368509078605;0.14524030216210582;0.24585267308114886;0.21671072345846545;0.24839517372962028;0.20717834127179724;0.24140725522789766;0.24864156058493994;0.0;0.2135573592421433;0.36180972096353003;0.2254423257516201;0.4089867837089848;0.24615222344098112;0.20275295484559272;0.24592624757038098;0.0;0.2944966484414119;0.17565559765143157;0.30540398851530115;0.0;0.0;0.236777510365276;0.0;0.0;0.0;0.0;0.7404018026238525;0.0;0.23966640186873214;0.12996988460226883;0.7283268735815236;0.0;0.0;0.0;0.0;0.0;0.6316405778796327;0.30246403472878997;0.2416390826037525
GO:0000183;0.0;0.18070747467566148;0.4639423861366221;0.09070125903861871;0.11230474738957717;0.10709822336487254;0.5942549188973788;0.14655900113621675;0.10694385836580626;0.31318865382349304;0.22368361005435106;0.19961147702335913;0.09402076335751956;0.8934400185075172;1.0;0.5296251781562201;0.26281123810018253;0.25846427920852627;0.1576774945955302;0.19529594638676112;0.26674321734582157;0.2626040529306448;0.20092858931460567;0.09073122176928232;0.19720611351200595;0.11258994634784447;0.10835927792503132;0.0;0.19191162798413197;0.19924455159492827;0.16803132264033227;0.1390088289431841;0.11206382195761742;0.21203393721491132;0.2090007531272544;0.117351423345072;0.10748837433014402;0.0;0.0884226490939386;0.09750249769545613;0.1806444350057387;0.10651973245023134;0.0;0.13767842032267405;0.18929067533446498;0.0884538312999222;0.2032358885619768;0.0;0.31373477312743636;0.12687987893515582;0.20719092792668822;0.1861006679233456;0.20899372551172088;0.17902702364448153;0.2040247097291486;0.20916811865128632;0.09230569814196496;0.18377041681426382;0.31748008540182965;0.19250338620369944;0.3532337052509756;0.2625722798124768;0.17571295103212878;0.26236914584856996;0.11731879558321472;0.26444221259563666;0.14949275505318652;0.26103759447716945;0.10813397829455537;0.0794850406077952;0.20070795283609902;0.19251985364700483;0.08901765514188115;0.10197976459070615;0.08789949457334623;0.6436981212976373;0.06851239312900474;0.20277987317829427;0.10914638285630661;0.6345519317547476;0.1123803252070385;0.11206382195761742;0.1034542549764769;0.11732525228753553;0.09967185157880837;0.552280060029286;0.25958648770833426;0.25850417746399307
GO:0045893;0.0;0.2910898514026702;0.3643953986328504;0.0;0.0;0.0;0.717578265614057;0.21704944126284814;0.12875094319983008;0.37429525767527794;0.37890748937003454;0.3274912351075229;0.0;0.5933934536000489;0.5296251781562201;1.0;0.2501098841225505;0.24514255261469725;0.2484921234155066;0.0;0.2546320907865462;0.24987236700764195;0.21683534406472138;0.0;0.23518637793556776;0.0;0.0;0.0;0.0;0.0;0.0;0.21529193288946186;0.0;0.0;0.0;0.0;0.1295409864974806;0.0;0.0;0.0;0.29097067548005684;0.0;0.0;0.1615941709404109;0.0;0.0;0.24381317679990291;0.0;0.5869233893321935;0.18330248111535757;0.24952737157185068;0.30133938015188727;0.34606249647190673;0.28791790456400324;0.2449493087629548;0.3464109507627423;0.0;0.2968977640569817;0.36584118761290113;0.22852838450583746;0.4141456301341507;0.24983594908124238;0.2052456533035459;0.2496031622360519;0.0;0.4564930471469612;0.17811573796667543;0.22697610815538563;0.0;0.0;0.2401840480237672;0.0;0.0;0.0;0.0;0.7492856477801088;0.0;0.3337245046894009;0.13195675176977695;0.7369216332967928;0.0;0.0;0.0;0.0;0.0;0.41079261941284745;0.46402009394653426;0.24518799239547023
GO:0010737;0.0;0.4049734687159614;0.3813816592463523;0.18984360844118076;0.3178001681274935;0.27936773623457123;0.30958651872459103;0.3570922150795274;0.2920719620297494;0.5124463047367304;0.17458630315698814;0.5140795754522861;0.20499209491035836;0.2464181356243447;0.26281123810018253;0.2501098841225505;1.0;0.7908590350458473;0.3051058245281268;0.34154688019890467;0.9577740525176628;0.9169812244270116;0.4481003231074959;0.18997492018432982;0.4984227733213287;0.32009463996692583;0.2881140736973092;0.0;0.3245674390484799;0.23788327025158784;0.2305651580650738;0.24217297945403587;0.3158784344524828;0.27755487857434014;0.26746982094560967;0.3618335335069245;0.2961695046626584;0.0;0.18012799247689365;0.2222994895240353;0.40465700286074946;0.2754653749425284;0.0;0.30859350735909746;0.31216768746905793;0.18025744218587547;0.5388270767998211;0.0;0.32067698067719547;0.2591561955648004;0.5675503188376428;0.43310142081754593;0.5812855794952029;0.3966300631606055;0.544407522877454;0.5826366811645192;0.19701111536112356;0.42068696033490255;0.3194669119955062;0.46943817223304013;0.3994891302599588;0.8253526597763872;0.3807214391344305;0.8236028235877717;0.36152352279522304;0.22869376722036983;0.3750243019435655;0.4629346764854195;0.2865267632933136;0.14655725166456157;0.5214156438709943;0.3275359818654324;0.18261454874505692;0.2470260973266774;0.1779702053738549;0.36408418510813395;0.11314536683634464;0.535633543682436;0.3091074629587471;0.3533098415303227;0.3184061246742621;0.3158784344524828;0.2558594144310252;0.36158484229210835;0.23390657075275478;0.3359777561806241;0.43677520068567655;0.7911852337034483
GO:0016055;0.0;0.3921085665382016;0.36995083872392115;0.1845117003968627;0.3031360976997652;0.2679723514267907;0.3020115783384879;0.34402708875413424;0.27929035978979205;0.49201932706505636;0.17215133022639165;0.49352479183418585;0.1987892244347081;0.2415949485973579;0.25846427920852627;0.24514255261469725;0.7908590350458473;1.0;0.2977459576644574;0.32466766981606404;0.8227188716673358;0.789223230713321;0.4371564186686118;0.1846357373221144;0.47907739862999094;0.3052230145241863;0.2760094528989388;0.0;0.3092872165393448;0.22957055611297764;0.22274762857824523;0.23751297207037878;0.30138713131937034;0.2663039284875032;0.25700621971727916;0.34294509038439336;0.28303481883468823;0.0;0.17532095189705868;0.21502357962281413;0.39181188046693183;0.26437980430585784;0.0;0.29878755280138225;0.29800722304487864;0.17544358224813889;0.5162890489840462;0.0;0.31255671560628717;0.25220505651737196;0.5426010079932082;0.4184197536753566;0.5551418751856583;0.3842817130936296;0.5214102028572082;0.5563740476812697;0.1912750792104456;0.40682143082612704;0.31140704449515527;0.4522385248708103;0.3869649256174761;0.8790811179459319;0.3693295696880599;0.8772993554198787;0.34266658879522083;0.22453361442536263;0.3606404743938197;0.44619979409946914;0.27455237971829505;0.14335912677921728;0.5002820870567694;0.3119816682071848;0.17767569509552053;0.23807414362293539;0.1732761432385704;0.3536525545026175;0.11122969861513782;0.5133563593387463;0.2948278172454681;0.34347814578055813;0.303687375291916;0.30138713131937034;0.24626822345445698;0.34272167782741125;0.2258647634109924;0.32707486067281194;0.4218476952376864;0.8442299537227163
GO:0010976;0.0;0.5385867010298523;0.24113979431209576;0.0;0.0;0.0;0.24997813579555905;0.48242589942097464;0.15690985112684944;0.28765797132513193;0.1892335363497307;0.443289736549619;0.0;0.1791129369063857;0.1576774945955302;0.2484921234155066;0.3051058245281268;0.2977459576644574;1.0;0.0;0.31186229341814464;0.3047524432655497;0.2496575453642349;0.0;0.4692812670817881;0.0;0.0;0.0;0.0;0.0;0.0;0.24273327591861468;0.0;0.0;0.0;0.0;0.15808483987512417;0.0;0.0;0.0;0.4243184488260483;0.0;0.0;0.19075642977711155;0.0;0.0;0.39388089891214373;0.0;0.2955775732733069;0.21289304756227329;0.3546878468253253;0.3579854145559897;0.422914544695366;0.33920097973285107;0.3467853637160632;0.423435066720178;0.0;0.3517342887313111;0.2148162462398467;0.2735878747871481;0.24825453548398432;0.3046982732147735;0.6976614157727005;0.30435209501863053;0.0;0.23271623369933217;0.21421201439659085;0.3163635290543774;0.0;0.0;0.338626729572767;0.0;0.0;0.0;0.0;0.23410737036309054;0.0;0.4046328842124763;0.16169734974871586;0.22960511711289808;0.0;0.0;0.0;0.0;0.0;0.22215733805842625;0.35980805403080457;0.29781299362581853
GO:0032200;0.0;0.0;0.0;0.20397951780220225;0.3595065093184181;0.31109319987195955;0.0;0.0;0.0;0.0;0.0;0.0;0.22157246061391977;0.0;0.19529594638676112;0.0;0.34154688019890467;0.32466766981606404;0.0;1.0;0.3578529978252363;0.34071592472612156;0.1749691930457484;0.2041311205580957;0.0;0.3624455100195391;0.3219775270148545;0.0;0.7389408390291695;0.4418827481244149;0.5052583419102803;0.0;0.35704923317756543;0.5238833993394382;0.5027882285252244;0.4168992271538116;0.0;0.0;0.19280574875792872;0.2419318599898152;0.0;0.30626185941920986;0.0;0.0;0.5976171444389048;0.19295406905466597;0.0;0.0;0.0;0.0;0.0;0.0;0.0;0.0;0.0;0.0;0.21227748881269887;0.0;0.0;0.0;0.0;0.34058873444163695;0.0;0.3397770878590019;0.4164877320898009;0.0;0.0;0.0;0.3199964429391139;0.15484115304185328;0.0;0.6310337976646504;0.19565741036057;0.27150933286693424;0.19033561696451004;0.0;0.11801990232540535;0.0;0.0;0.0;0.36028214082005355;0.35704923317756543;0.2822183494922274;0.41656911647533795;0.2557433169491032;0.0;0.0;0.32481746088181196
GO:0035556;0.0;0.41696380443469316;0.39199737740909374;0.19477680950163082;0.33187097432462387;0.2901831729931007;0.3165451548216479;0.3693874238422023;0.30427677083194765;0.5317971891058146;0.17677781767345258;0.5335563509272815;0.21075594308013218;0.2508066562126518;0.26674321734582157;0.2546320907865462;0.9577740525176628;0.8227188716673358;0.31186229341814464;0.3578529978252363;1.0;0.9556143125873057;0.4581529307132741;0.19491503682796166;0.5167101445067435;0.3343739226170416;0.2996312817862264;0.0;0.3392577261690035;0.24568031170290167;0.23788247239379842;0.24641029640733017;0.3297758623649554;0.2882277236535243;0.27736732464818575;0.3801862700610117;0.30872652498376085;0.0;0.18456328332944555;0.22909383226229774;0.4166283292657079;0.2859750867224852;0.0;0.31773300952913;0.3257335048947776;0.18469918880699934;0.5602632861764535;0.0;0.32814912851059547;0.26557148806265085;0.5913833842416496;0.44684346804804903;0.6063116026998181;0.40812441862594817;0.5662990661026851;0.6077816934750592;0.20232906968384035;0.4336407103764725;0.32688212220786333;0.4856259294853808;0.41115223116425614;0.8601133380556581;0.39129992506418154;0.858213174991957;0.3798440282554884;0.23246884143917013;0.38860886047273313;0.4786695002803608;0.2979149091342047;0.1494799627141214;0.5414631031264387;0.3425024126080108;0.1871746877373914;0.2554446059674805;0.18229859361153908;0.37374659539131333;0.11487946941591384;0.5568114153088668;0.32281091601350664;0.3624016937564364;0.33253183276741327;0.3297758623649554;0.2649017758096509;0.37991172063823037;0.24144097622827856;0.3441890964291598;0.4507551329590423;0.8230718874671727
GO:0007264;0.0;0.40435112393766526;0.38082966265570883;0.1895866051840759;0.3170806217005841;0.2788115477368373;0.3092226881307256;0.3564571758238844;0.2914462707631573;0.5114502170844901;0.1744705379393674;0.5130771344235621;0.20469247271393623;0.24618757527483762;0.2626040529306448;0.24987236700764195;0.9169812244270116;0.789223230713321;0.3047524432655497;0.34071592472612156;0.9556143125873057;1.0;0.4475747015107936;0.18971756151528774;0.49748040716233694;0.3193646779203192;0.2875225510411532;0.0;0.3238169583362462;0.23747987970369547;0.23018618535933089;0.24195029102209148;0.31516755415837944;0.27700587793872167;0.266959955118777;0.36090106970861024;0.2955261536590361;0.0;0.1798966053601915;0.2219471810445348;0.40403562961682726;0.2749246011724453;0.0;0.3081191361916807;0.31147339269265073;0.18002572258901386;0.5377259021832005;0.0;0.3202866322603691;0.258821557861381;0.5663287475875011;0.43238969819537704;0.5800042331459915;0.39603307885397376;0.5432834449691141;0.5813493779353949;0.1967343536991465;0.4200154230780104;0.3190795021860732;0.4686021294880011;0.39888351490395146;0.823571211874823;0.38017135066375535;0.8218289132826996;0.3605926540844904;0.22849516816758217;0.37432394433981175;0.4621216179341886;0.28594173383170074;0.14640403875255545;0.5203844171362406;0.32677172651665687;0.18237673343811878;0.2465911313499195;0.17774432523660078;0.3635810913523321;0.11305402750865484;0.5345453701399876;0.30840674204997987;0.3528360639265421;0.3176838347996858;0.31516755415837944;0.25539281406803627;0.36065365818430406;0.23351654339347813;0.3355492938182901;0.4360513625783902;0.7895480810777379
GO:0034142;0.0;0.30070537439261247;0.24356728824720142;0.12414757614477558;0.16851847370385425;0.20585339278226783;0.2521699784212291;0.2627782186644659;0.1589029013499453;0.29111909737313957;0.2122346424484483;0.3466662807690419;0.1709775185362566;0.1804487668678774;0.20092858931460567;0.21683534406472138;0.4481003231074959;0.4371564186686118;0.2496575453642349;0.1749691930457484;0.4581529307132741;0.4475747015107936;1.0;0.16278856410465586;0.3323347406675132;0.16916145618378461;0.159788222284875;0.0;0.17040246056860944;0.14303740024898573;0.1403586618059348;0.38429981251293477;0.22015980296914392;0.1564865105865673;0.153229097167074;0.1801432456928897;0.16010804343005428;0.0;0.11991782197100624;0.13725193170377303;0.3005585402183297;0.15582012177975105;0.0;0.19275129612403258;0.16692142835388807;0.11997518100269283;0.2994478826724081;0.0;0.2582913206394949;0.2148823772443293;0.3081137492800109;0.3967938106947815;0.3710005306177056;0.38216624968309887;0.3011634942195824;0.37146305482860037;0.1271732022807619;0.3964382756325302;0.21674056775896455;0.2767168546259919;0.2508281516499746;0.44749412999816895;0.24329783785321252;0.4469792397017228;0.18006637126043545;0.20297207757591115;0.2167308620144214;0.27444417418237327;0.1592987935679857;0.10405060546727031;0.29399208901549917;0.17121716959250619;0.12101481528906584;0.1462931220272591;0.11895763428221838;0.2363946700660648;0.08601688919459927;0.3547651680029649;0.21620027769568986;0.23180487270359515;0.22109315717899858;0.22015980296914392;0.14934662899303813;0.1800815821185874;0.18557598641235273;0.224216059966274;0.3150341371346463;0.4372560687415675
GO:0043312;0.0;0.0;0.0;0.13815112418935227;0.1954045629201111;0.4975816164877178;0.0;0.0;0.0;0.0;0.0;0.0;0.40323153709628357;0.0;0.09073122176928232;0.0;0.18997492018432982;0.1846357373221144;0.0;0.2041311205580957;0.19491503682796166;0.18971756151528774;0.16278856410465586;1.0;0.0;0.19626960644523997;0.1837625978601653;0.16171770750775052;0.19794218860008653;0.161951220186984;0.1585257088313268;0.0;0.2551540463889898;0.17940928857813646;0.17514067659588115;0.21120848993208116;0.0;0.0;0.13293339342836102;0.35761102209552115;0.0;0.17853391607022354;0.1615821106764657;0.0;0.19326051019142906;0.13300388303336141;0.0;0.0;0.0;0.0;0.0;0.0;0.0;0.0;0.0;0.0;0.1419081410610465;0.0;0.0;0.0;0.0;0.1896781197815236;0.0;0.1894261202716306;0.21110282357374074;0.0;0.0;0.0;0.18311558245599585;0.11371094274529546;0.0;0.1990423673390523;0.13428277918075188;0.1661374743924432;0.13175448632105397;0.0;0.09251426284046868;0.0;0.1585716810919131;0.0;0.42660601429190004;0.2551540463889898;0.17008675210893037;0.21112373014912733;0.20983390670172886;0.0;0.0;0.1846841716124061
GO:0045652;0.0;0.36724175919426627;0.34773541602941216;0.0;0.0;0.0;0.2870413083189137;0.5270132299595075;0.255461214915666;0.4534883569267014;0.1671812923227279;0.4547669563442202;0.0;0.23191916539338553;0.19720611351200595;0.23518637793556776;0.4984227733213287;0.47907739862999094;0.4692812670817881;0.0;0.5167101445067435;0.49748040716233694;0.3323347406675132;0.0;1.0;0.0;0.0;0.0;0.0;0.0;0.0;0.26461956945786624;0.0;0.0;0.0;0.0;0.2585903955767004;0.0;0.0;0.0;0.36698149797813573;0.0;0.0;0.2798339592500234;0.0;0.0;0.5526285619056697;0.0;0.29655048347544943;0.2385658023223967;0.4961147708212567;0.45259063063443394;0.5065781409392707;0.360367454552024;0.47833991384183583;0.5076039631745868;0.0;0.3801170327497291;0.2955153531387835;0.4194788722745404;0.36272607516985333;0.4973360733789636;0.5753407875493732;0.49641446204202183;0.0;0.2161524721274358;0.3333852656709419;0.4142783013351597;0.0;0.0;0.4604984262696127;0.0;0.0;0.0;0.0;0.3332975783644071;0.0;0.4715530075028036;0.26839904644410073;0.32424568084015115;0.0;0.0;0.0;0.0;0.0;0.3095887213064867;0.39320361862773134;0.4792509735653806
GO:0045333;0.0;0.0;0.0;0.3594210119787344;0.33581713768869176;0.2931957126656146;0.0;0.0;0.0;0.0;0.0;0.0;0.21234052851020427;0.0;0.11258994634784447;0.0;0.32009463996692583;0.3052230145241863;0.0;0.3624455100195391;0.3343739226170416;0.3193646779203192;0.16916145618378461;0.19626960644523997;0.0;1.0;0.5549834243996452;0.0;0.34338260285287636;0.2478362589676039;0.4396394287840018;0.0;0.33367206601981536;0.29119959118395594;0.2801183832582895;0.38537405344912745;0.0;0.0;0.3404500494126507;0.42326398260443066;0.0;0.2889004469218942;0.0;0.0;0.32953422504379215;0.3407023943549034;0.0;0.0;0.0;0.0;0.0;0.0;0.0;0.0;0.0;0.0;0.3734577334663172;0.0;0.0;0.0;0.0;0.31925292651445564;0.0;0.31853967776443176;0.3850224122048176;0.0;0.0;0.0;0.3010910002039158;0.27539012908259697;0.0;0.3467070568007288;0.3452992494059843;0.47239290900520464;0.3362454057559239;0.0;0.21138454763911788;0.0;0.0;0.0;0.33649382167115477;0.33367206601981536;0.26740999472919647;0.38509196302753557;0.2435228463094189;0.0;0.0;0.30535539696287484
GO:0046500;0.0;0.0;0.0;0.41261716068138604;0.3007896478812263;0.26613705565153434;0.0;0.0;0.0;0.0;0.0;0.0;0.19777745778610084;0.0;0.10835927792503132;0.0;0.2881140736973092;0.2760094528989388;0.0;0.3219775270148545;0.2996312817862264;0.2875225510411532;0.159788222284875;0.1837625978601653;0.0;0.5549834243996452;1.0;0.0;0.3068449576949912;0.22822226112537256;0.4058741274857182;0.0;0.2990675758365203;0.2644913377505973;0.2553175874042588;0.3399449339987755;0.0;0.0;0.3921565195534336;0.4804743402843486;0.0;0.26259322408307373;0.0;0.0;0.2957392054356745;0.3924295852888029;0.0;0.0;0.0;0.0;0.0;0.0;0.0;0.0;0.0;0.0;0.5353508414161506;0.0;0.0;0.0;0.0;0.28743196981158886;0.0;0.28685368989764926;0.3396712819333652;0.0;0.0;0.0;0.27262617037443565;0.32092734276508195;0.0;0.3094968419490384;0.39739961729050133;0.5316676273242297;0.43706475441292597;0.0;0.2804858139491264;0.0;0.0;0.0;0.3013324164447721;0.2990675758365203;0.244717323364472;0.3397254120135564;0.22455952246605018;0.0;0.0;0.27611770235099165
GO:0043113;0.0;0.0;0.0;0.0;0.0;0.0;0.0;0.0;0.0;0.0;0.0;0.0;0.0;0.0;0.0;0.0;0.0;0.0;0.0;0.0;0.0;0.0;0.0;0.16171770750775052;0.0;0.0;0.0;1.0;0.0;0.0;0.0;0.0;0.0;0.0;0.0;0.0;0.0;0.0;0.0;0.18959455442989323;0.0;0.0;0.8271179700556145;0.0;0.0;0.0;0.0;0.0;0.0;0.0;0.0;0.0;0.0;0.0;0.0;0.0;0.0;0.0;0.0;0.0;0.0;0.0;0.0;0.0;0.0;0.0;0.0;0.0;0.0;0.0;0.0;0.0;0.0;0.0;0.0;0.0;0.0;0.0;0.0;0.0;0.0;0.0;0.0;0.0;0.0;0.0;0.0;0.0
GO:0000226;0.0;0.0;0.0;0.1977996359906115;0.3407435014503173;0.2969439592127715;0.0;0.0;0.0;0.0;0.0;0.0;0.21429960004266005;0.0;0.19191162798413197;0.0;0.3245674390484799;0.3092872165393448;0.0;0.7389408390291695;0.3392577261690035;0.3238169583362462;0.17040246056860944;0.19794218860008653;0.0;0.34338260285287636;0.3068449576949912;0.0;1.0;0.4249277090497093;0.48649861631038127;0.0;0.33853523961992144;0.5002202469788399;0.48095267802771796;0.39187575310067685;0.0;0.0;0.18727519822516484;0.23328711978579608;0.0;0.292538994154139;0.0;0.0;0.5670188485085432;0.18741512846410957;0.0;0.0;0.0;0.0;0.0;0.0;0.0;0.0;0.0;0.0;0.20559281835692111;0.0;0.0;0.0;0.0;0.3237020699067086;0.0;0.322968825638692;0.3915121521868325;0.0;0.0;0.0;0.3050451944653536;0.15125390737264202;0.0;0.5970153260798293;0.1899644678642647;0.2606690083615605;0.18494388660643152;0.0;0.11592435222106239;0.0;0.0;0.0;0.3414402052627497;0.33853523961992144;0.2705244362129323;0.39158406761429715;0.24610304252205306;0.0;0.0;0.30942314871590804
GO:0006336;0.0;0.0;0.0;0.16185578165342215;0.24645854540671439;0.22269941940659463;0.0;0.0;0.0;0.0;0.0;0.0;0.1727389311514161;0.0;0.19924455159492827;0.0;0.23788327025158784;0.22957055611297764;0.0;0.4418827481244149;0.24568031170290167;0.23747987970369547;0.14303740024898573;0.161951220186984;0.0;0.2478362589676039;0.22822226112537256;0.0;0.4249277090497093;1.0;0.32321862017057024;0.0;0.2453012008957584;0.5691478651828488;0.5525188858048249;0.2721423237202588;0.0;0.0;0.154739978892537;0.18486742094876024;0.0;0.22021259314448569;0.0;0.0;0.4879962747563083;0.15483550008594993;0.0;0.0;0.0;0.0;0.0;0.0;0.0;0.0;0.0;0.0;0.1670368819931393;0.0;0.0;0.0;0.0;0.23741808207083184;0.0;0.23702339980628473;0.2719669181038265;0.0;0.0;0.0;0.2272251430586679;0.12929722381159783;0.0;0.4279211224874247;0.15657143610263383;0.20165350508200086;0.15314488914479807;0.0;0.10257426694596314;0.0;0.0;0.0;0.2468228252545232;0.2453012008957584;0.20750149461960682;0.27200161889485674;0.19282471136746798;0.0;0.0;0.22964543881551108
GO:0000422;0.0;0.0;0.0;0.29034192913797346;0.2386120148171388;0.21627308899191464;0.0;0.0;0.0;0.0;0.0;0.0;0.16884735114731877;0.0;0.16803132264033227;0.0;0.2305651580650738;0.22274762857824523;0.0;0.5052583419102803;0.23788247239379842;0.23018618535933089;0.1403586618059348;0.1585257088313268;0.0;0.4396394287840018;0.4058741274857182;0.0;0.48649861631038127;0.32321862017057024;1.0;0.0;0.2375270280443798;0.36500891792126394;0.35464183090193935;0.26260682142284647;0.0;0.0;0.2778355917486871;0.33062723794809024;0.0;0.21392695825851415;0.0;0.0;0.39933718114449;0.27800362853281446;0.0;0.0;0.0;0.0;0.0;0.0;0.0;0.0;0.0;0.0;0.2994333268487759;0.0;0.0;0.0;0.0;0.23012812493813242;0.0;0.22975728918977867;0.2624434887263784;0.0;0.0;0.0;0.2205388863590047;0.23292786411509822;0.0;0.4827813148680183;0.2810566817088239;0.35986182744070594;0.27502895803486915;0.0;0.18543665126339534;0.0;0.0;0.0;0.23895345258941098;0.2375270280443798;0.20191134496883417;0.26247580169652507;0.18798817231492157;0.0;0.0;0.22281812565443582
GO:0043315;0.0;0.2832186231734516;0.2000519891585321;0.0;0.0;0.0;0.2120037761055704;0.21074305249892572;0.12468260716683928;0.23104937420487842;0.21152757798913077;0.31756186589587604;0.0;0.15540503020182914;0.1390088289431841;0.21529193288946186;0.24217297945403587;0.23751297207037878;0.24273327591861468;0.0;0.24641029640733017;0.24195029102209148;0.38429981251293477;0.0;0.26461956945786624;0.0;0.0;0.0;0.0;0.0;0.0;1.0;0.0;0.0;0.0;0.0;0.12542336730684928;0.0;0.0;0.0;0.2831058040252745;0.0;0.0;0.22503607139477624;0.0;0.0;0.23626484633393416;0.0;0.24976334519390744;0.269813055984641;0.2416268104543477;0.4896504543234396;0.3349940846820366;0.3500117640498819;0.23733156525441165;0.3353205950936341;0.0;0.3606273508267711;0.1815913610129426;0.2218839108244525;0.20492423535232923;0.24191614555510818;0.19987018136625304;0.24169787703089293;0.0;0.20334865296138974;0.24736004127512135;0.22042029821036857;0.0;0.0;0.2328553798152918;0.0;0.0;0.0;0.0;0.19518773269412007;0.0;0.32341950601797154;0.12768665564539583;0.1920479793466844;0.0;0.0;0.0;0.0;0.0;0.18680964052732002;0.2941312215632809;0.23755562717213236
GO:0002523;0.0;0.0;0.0;0.1945384465101437;0.7216132121877318;0.37963781487050774;0.0;0.0;0.0;0.0;0.0;0.0;0.27586317074274475;0.0;0.11206382195761742;0.0;0.3158784344524828;0.30138713131937034;0.0;0.35704923317756543;0.3297758623649554;0.31516755415837944;0.22015980296914392;0.2551540463889898;0.0;0.33367206601981536;0.2990675758365203;0.0;0.33853523961992144;0.2453012008957584;0.2375270280443798;0.0;1.0;0.2877060716076398;0.27688421064660806;0.3792791775832507;0.0;0.0;0.18434924930523025;0.22876414854611565;0.0;0.2854615494676365;0.0;0.0;0.3250674162841433;0.18448483963651963;0.0;0.0;0.0;0.0;0.0;0.0;0.0;0.0;0.0;0.0;0.20207187600289533;0.0;0.0;0.0;0.0;0.3150587202480555;0.0;0.31436406871027583;0.37893856621827277;0.0;0.0;0.0;0.29735763681582156;0.14933953464944427;0.0;0.3417660551384007;0.1869545576984273;0.25503478677353114;0.18208977701244028;0.0;0.11479650970290052;0.0;0.2688944842853527;0.0;0.43492562428091974;0.9121191102282165;0.264461076097865;0.37900593623046486;0.6681662986017128;0.0;0.0;0.3015162065366739
GO:0031509;0.0;0.0;0.0;0.179292172217379;0.2892994382410212;0.25710205129279673;0.0;0.0;0.0;0.0;0.0;0.0;0.19274390168710442;0.0;0.21203393721491132;0.0;0.27755487857434014;0.2663039284875032;0.0;0.5238833993394382;0.2882277236535243;0.27700587793872167;0.1564865105865673;0.17940928857813646;0.0;0.29119959118395594;0.2644913377505973;0.0;0.5002202469788399;0.5691478651828488;0.36500891792126394;0.0;0.2877060716076398;1.0;0.901513352178895;0.3253411613574425;0.0;0.0;0.17060180550744178;0.20796806423388214;0.0;0.25379325653265117;0.0;0.0;0.5714519360898936;0.17071792079477088;0.0;0.0;0.0;0.0;0.0;0.0;0.0;0.0;0.0;0.0;0.18567169879390225;0.0;0.0;0.0;0.0;0.27692180090922763;0.0;0.27638499880386463;0.32509050736443423;0.0;0.0;0.0;0.26315304216902924;0.14018822428085076;0.0;0.5043736259837025;0.1728306828888061;0.2294551598017567;0.16866498825032103;0.0;0.10931133050046496;0.0;0.0;0.0;0.2898014965518313;0.2877060716076398;0.23705720722314738;0.3251400896583697;0.21809271238382283;0.0;0.0;0.2664046974880602
