;GO:0008584;GO:0051491;GO:0045963;GO:0046777;GO:0043542;GO:0002286;GO:0051092;GO:0045766;GO:0043547;GO:0060964;GO:0000187;GO:0030307;GO:0002315;GO:0045892;GO:0000183;GO:0045893;GO:0010737;GO:0016055;GO:0010976;GO:0032200;GO:0035556;GO:0007264;GO:0034142;GO:0043312;GO:0045652;GO:0045333;GO:0046500;GO:0043113;GO:0000226;GO:0006336;GO:0000422;GO:0043315;GO:0002523;GO:0031509;GO:0031508;GO:0035987;GO:2000363;GO:0031100;GO:0018105;GO:0031623;GO:0071803;GO:0071404;GO:0072659;GO:1905150;GO:0051017;GO:0018107;GO:0008360;GO:0035264;GO:0045429;GO:0090314;GO:0070507;GO:1903980;GO:0008284;GO:0045742;GO:0090230;GO:0045787;GO:0006744;GO:0045745;GO:0000079;GO:1900825;GO:0050730;GO:0007229;GO:0050770;GO:0019221;GO:0001649;GO:0032147;GO:0033157;GO:1902340;GO:0007286;GO:0006351;GO:0007088;GO:0022617;GO:0008295;GO:0044267;GO:0006597;GO:0006355;GO:0006557;GO:1901216;GO:0001782;GO:0006357;GO:0001774;GO:0045123;GO:0048477;GO:0042692;GO:0030593;GO:0070895;GO:0032930;GO:0035722
GO:0008584;1.0;0.0;0.0;0.0;0.0;0.0;0.0;0.0;0.0;0.0;0.0;0.0;0.188834106632216;0.0;0.0;0.0;0.0;0.0;0.0;0.0;0.0;0.0;0.0;0.0;0.0;0.0;0.0;0.0;0.0;0.0;0.0;0.0;0.0;0.0;0.0;0.35226497094890796;0.0;0.5914085973929616;0.0;0.0;0.0;0.0;0.0;0.0;0.0;0.0;0.0;0.3499024956934564;0.0;0.0;0.0;0.0;0.0;0.0;0.0;0.0;0.0;0.0;0.0;0.0;0.0;0.0;0.0;0.0;0.35226497094890796;0.0;0.0;0.0;0.5537500264030804;0.0;0.0;0.0;0.0;0.0;0.0;0.0;0.0;0.0;0.0;0.0;0.0;0.0;0.4874394249883224;0.35226497094890796;0.0;0.0;0.0;0.0
GO:0051491;0.0;1.0;0.264007648332008;0.0;0.0;0.0;0.27401450556525253;0.3019497750729555;0.20171383199840467;0.33074592470242425;0.18730261981677793;0.5244670188604709;0.0;0.1883155162105452;0.161422574546188;0.2667741558165658;0.3646327778734422;0.3523508597288959;0.506411585855725;0.0;0.3778216635275667;0.3646327778734422;0.26226269983470885;0.0;0.32024844810502706;0.0;0.0;0.0;0.0;0.0;0.0;0.23984336994464897;0.0;0.0;0.0;0.0;0.20164453791427905;0.0;0.0;0.0;0.5875855290359834;0.0;0.0;0.21076256544467398;0.0;0.0;0.4070664783501991;0.0;0.31836486334139663;0.22928352127035237;0.42236888205042883;0.3974313505376808;0.5087453898142948;0.37660805078755255;0.47655284077172544;0.5087393438467864;0.0;0.39693336501790544;0.22847198550017195;0.30096734569295625;0.27798826460777987;0.36463343850936897;0.40716743409491307;0.36463343850936897;0.0;0.2396130758099683;0.24865306226461983;0.3614438982260832;0.0;0.0;0.3952849495741439;0.0;0.0;0.0;0.0;0.26380559676217713;0.0;0.4753512464205545;0.2081696833695807;0.25741247292905395;0.0;0.0;0.0;0.0;0.0;0.23961590278428904;0.4087611143481344;0.3523617348786108
GO:0045963;0.0;0.264007648332008;1.0;0.0;0.0;0.0;0.39908907067872207;0.23494069987412397;0.19540961270343132;0.3847574385898734;0.2372476449907594;0.32040805311379267;0.0;0.5084360065470116;0.436919353017373;0.3361176443726588;0.3524752972253302;0.34098582273880834;0.2108508906211164;0.0;0.364784519857625;0.3524752972253302;0.21417841722169306;0.0;0.3108323191393059;0.0;0.0;0.0;0.0;0.0;0.0;0.16959212298800685;0.0;0.0;0.0;0.0;0.19534458157200854;0.0;0.0;0.0;0.2641366184224874;0.0;0.0;0.20563978615274595;0.0;0.0;0.32981735288587327;0.0;0.355702120578416;0.17960087753870538;0.3418149315581371;0.2780906377757116;0.3533757148809508;0.2638838619921801;0.33082728418224155;0.3533716557140707;0.0;0.27775134233870724;0.3992070649703826;0.2926361646927119;0.483509618976815;0.3524759145421645;0.25112070486806276;0.3524759145421645;0.0;0.3024449600568585;0.24155380808048363;0.40894469953700924;0.0;0.0;0.32056106244078597;0.0;0.0;0.0;0.0;0.4594420547454073;0.0;0.3309061229404028;0.201462182701464;0.44857250067042465;0.0;0.0;0.0;0.0;0.0;0.6438729098544845;0.3977634707695188;0.34099600763920757
GO:0046777;0.0;0.0;0.0;1.0;0.1949236853918295;0.1779177261817983;0.0;0.0;0.0;0.0;0.0;0.0;0.14097591868373133;0.0;0.09245957459489539;0.0;0.20087649133404425;0.19455954305184828;0.0;0.20827099697086038;0.20762752212419153;0.20087649133404425;0.12382993155425437;0.1343252696068739;0.0;0.34094643760891885;0.38460902492808563;0.0;0.2012109829129266;0.15992290007121818;0.26909034515218444;0.0;0.19422169295353248;0.1782297998294688;0.17320607966284374;0.2156785945065727;0.0;0.0;0.9120599211446692;0.4266057387632062;0.0;0.17743687746132608;0.0;0.0;0.19504484114589582;0.9120598563492976;0.0;0.0;0.0;0.0;0.0;0.0;0.0;0.0;0.0;0.0;0.28764020215915703;0.0;0.0;0.0;0.0;0.20087683033386028;0.0;0.20087683033386028;0.2156785945065727;0.0;0.0;0.0;0.18269450209181273;0.40298009713966454;0.0;0.2014348616538995;0.36540681803286906;0.7708608627212391;0.35752667772226215;0.0;0.2778765480036345;0.0;0.0;0.0;0.19480371920728823;0.19422169295353248;0.1674010618884994;0.2156785945065727;0.15491817876197347;0.0;0.0;0.194565149389771
GO:0043542;0.0;0.0;0.0;0.1949236853918295;1.0;0.261507945665817;0.0;0.0;0.0;0.0;0.0;0.0;0.18879286937609632;0.0;0.1108778032795949;0.0;0.31430889818985713;0.2991132910456596;0.0;0.332796774141923;0.33115682388696693;0.31430889818985713;0.15926122865812217;0.177053329794318;0.0;0.3153301010133818;0.28590352543126674;0.0;0.31512858674225547;0.22439570270666176;0.22232748918175543;0.0;0.7038307818530155;0.2621827012400072;0.2514540611455057;0.35212149281199606;0.0;0.0;0.18352764518658887;0.22150003619416167;0.0;0.2604704442482324;0.0;0.0;0.30026186103222396;0.1835276278491809;0.0;0.0;0.0;0.0;0.0;0.0;0.0;0.0;0.0;0.0;0.18930488156497766;0.0;0.0;0.0;0.0;0.3143097281457268;0.0;0.3143097281457268;0.35212149281199606;0.0;0.0;0.0;0.2719594602233462;0.15187727212153665;0.0;0.31567807543581405;0.1784130063865939;0.2604913251557707;0.173367060551106;0.0;0.10906527996982149;0.0;0.0;0.0;0.2996908051555773;0.7038307818530155;0.23940180672268035;0.35212149281199606;0.5064700120432974;0.0;0.0;0.2991265421582433
GO:0002286;0.0;0.0;0.0;0.1779177261817983;0.261507945665817;1.0;0.0;0.0;0.0;0.0;0.0;0.0;0.6339810277256213;0.0;0.10516020876763602;0.0;0.27233515654224255;0.26085295565280553;0.0;0.286106711822633;0.28489380090956823;0.27233515654224255;0.201578438992464;0.492319219919002;0.0;0.2731014898099614;0.2507493705603841;0.0;0.2729503216746174;0.20215187100451917;0.20047183416910858;0.0;0.35512023382625085;0.23231519581386983;0.22385225918889493;0.3002740200379248;0.0;0.0;0.1683747456297982;0.1997988224113972;0.0;0.23096983323784553;0.0;0.0;0.26172605628637957;0.1683747310371171;0.0;0.0;0.0;0.0;0.0;0.0;0.0;0.0;0.0;0.0;0.1732247683568577;0.0;0.0;0.0;0.0;0.2723357796295632;0.0;0.2723357796295632;0.3002740200379248;0.0;0.0;0.0;0.23995885117109805;0.14135022443867806;0.0;0.273362465722581;0.16405988937535548;0.2309862519484168;0.15978343680423548;0.0;0.10352842164530868;0.0;0.26050187626128435;0.0;0.5307410786183464;0.35512023382625085;0.21425018831182;0.3002740200379248;0.2650249439032261;0.0;0.0;0.260863033551403
GO:0051092;0.0;0.27401450556525253;0.39908907067872207;0.0;0.0;0.0;1.0;0.2501964469164423;0.2770360546457338;0.429041683329348;0.31943485782846814;0.32323987937648196;0.0;0.6485367904838433;0.5651425674260541;0.6927104211455966;0.29175482183892565;0.2838384811972105;0.22495121465586723;0.0;0.30013791802303214;0.29175482183892565;0.22810271553953568;0.0;0.26263084363568723;0.0;0.0;0.0;0.0;0.0;0.0;0.18493993645195408;0.0;0.0;0.0;0.0;0.2769589045772669;0.0;0.0;0.0;0.27413030401029037;0.0;0.0;0.22514853924537165;0.0;0.0;0.2760571460677434;0.0;0.43018251122305146;0.19815860359820353;0.2844127358150733;0.286569718166663;0.3507573136507094;0.27390334710596786;0.2767643197721758;0.3507539801075542;0.0;0.28626933965502527;0.43275309171146775;0.24952155153932312;0.46276557494443205;0.2917552447866604;0.2186936744778315;0.2917552447866604;0.0;0.3992344603158781;0.2050164698940934;0.25042542908657817;0.0;0.0;0.26954267395587167;0.0;0.0;0.0;0.0;0.8687236756764867;0.0;0.3320996573404249;0.1677274917957672;0.8508267791723823;0.0;0.0;0.0;0.0;0.0;0.44692955548305574;0.3891643708766556;0.2838455382686787
GO:0045766;0.0;0.3019497750729555;0.23494069987412397;0.0;0.0;0.0;0.2501964469164423;1.0;0.23187300583554277;0.30290372023381223;0.1418832455847711;0.3780632309364352;0.0;0.16237038197227321;0.13766150096607166;0.20683211298978035;0.33895061853055286;0.3257614590613761;0.4629422632097992;0.0;0.3532744784699892;0.33895061853055286;0.23849019296973964;0.0;0.5076883705925378;0.0;0.0;0.0;0.0;0.0;0.0;0.18448345518751988;0.0;0.0;0.0;0.0;0.23178144644832627;0.0;0.0;0.0;0.30211849092888765;0.0;0.0;0.23429370638994257;0.0;0.0;0.4680032679636831;0.0;0.25065432173123986;0.2512534103552849;0.3267074538776566;0.3205138579750937;0.42482882318429854;0.30178786276570696;0.31424273515764234;0.4248229565306901;0.0;0.3200632300719073;0.20029909313101105;0.27209580098932173;0.24885745848827187;0.33895133182623394;0.4528866351256343;0.33895133182623394;0.0;0.1842938669233561;0.282076367975824;0.27344058878746247;0.0;0.0;0.3027354491811555;0.0;0.0;0.0;0.0;0.23474078074642252;0.0;0.39276601485213697;0.24044468148269257;0.2284327716814446;0.0;0.0;0.0;0.0;0.0;0.2110514178936692;0.33080360513014523;0.3257730744003175
GO:0043547;0.0;0.20171383199840467;0.19540961270343132;0.0;0.0;0.0;0.2770360546457338;0.23187300583554277;1.0;0.26142547859412374;0.20948050426538115;0.2610840816647455;0.0;0.13001138827063272;0.10884411992507757;0.13275545243699197;0.2984988536792672;0.28476009586900347;0.15215862432622418;0.0;0.31365361198620384;0.2984988536792672;0.15509874917393904;0.0;0.2504538882822527;0.0;0.0;0.0;0.0;0.0;0.0;0.1173303110070243;0.0;0.0;0.0;0.0;0.6431413160808302;0.0;0.0;0.0;0.20184114705879336;0.0;0.0;0.26359850425381737;0.0;0.0;0.27176592716767256;0.0;0.16384171072518994;0.16427461248220765;0.28573873582701165;0.21583393616031504;0.2995919083294895;0.20159166830538613;0.27292670353425585;0.299586975319271;0.0;0.21548849838911247;0.27713734700049336;0.23089441445813513;0.20853456816694946;0.2984996022398005;0.18917273225887457;0.2984996022398005;0.0;0.2768086758875458;0.2406724393979203;0.23220570805520402;0.0;0.0;0.261255888606513;0.0;0.0;0.0;0.0;0.19522248934727013;0.0;0.2730174355536965;0.28434176635423736;0.1893386716321776;0.0;0.0;0.0;0.0;0.0;0.17332867159264068;0.22375853924820702;0.2847721057376926
GO:0060964;0.0;0.33074592470242425;0.3847574385898734;0.0;0.0;0.0;0.429041683329348;0.30290372023381223;0.26142547859412374;1.0;0.2065705291904579;0.4243185485901142;0.0;0.34287233913918025;0.287972465898546;0.3499636307005168;0.4824443221676442;0.46117525919027497;0.25135809728858577;0.0;0.5058055875680234;0.4824443221676442;0.25610133748926195;0.0;0.40768594500758004;0.0;0.0;0.0;0.0;0.0;0.0;0.19484821052546913;0.0;0.0;0.0;0.0;0.26130909910107036;0.0;0.0;0.0;0.33094836577282566;0.0;0.0;0.2558946578825125;0.0;0.0;0.4409791411760582;0.0;0.32413586973920455;0.21678396161069724;0.46269315954172346;0.35315102816443295;0.4841327803371162;0.330551667452741;0.44278643750515334;0.4841251614657851;0.0;0.3526040333172387;0.37666099162536953;0.3769442171393146;0.4769682561983027;0.48244547866709053;0.3107666464278911;0.48244547866709053;0.0;0.2717822718864295;0.31398650958027363;0.37901079500915896;0.0;0.0;0.42458693613487597;0.0;0.0;0.0;0.0;0.5098135699458313;0.0;0.44292767850458936;0.27237290873259284;0.49488510043065925;0.0;0.0;0.0;0.0;0.0;0.39854468573447777;0.4387101839630065;0.4611938895274313
GO:0000187;0.0;0.18730261981677793;0.2372476449907594;0.0;0.0;0.0;0.31943485782846814;0.1418832455847711;0.20948050426538115;0.2065705291904579;1.0;0.205769271747145;0.0;0.21905902840980612;0.1995449017683612;0.350187909831941;0.15435136538352034;0.15210699352283086;0.16597011799486946;0.0;0.15666636965427785;0.15435136538352034;0.19147858764530984;0.0;0.14579777780313793;0.0;0.0;0.0;0.0;0.0;0.0;0.18695069801135258;0.0;0.0;0.0;0.0;0.20944885628634918;0.0;0.0;0.0;0.18734925795587543;0.0;0.0;0.13395871665076572;0.0;0.0;0.1498435426820604;0.0;0.31470895822139255;0.12349258924364186;0.15227175387607947;0.19226673068348107;0.2150274146124496;0.39559684045819304;0.15005165406182877;0.21502633453355044;0.0;0.4059321505384166;0.5532114773878627;0.14166595352500483;0.4517098307756584;0.15435148376159527;0.13116826690366787;0.15435148376159527;0.0;0.8300524868299972;0.11507212601714574;0.14195685435873234;0.0;0.0;0.14790324467825272;0.0;0.0;0.0;0.0;0.2632836611252382;0.0;0.20882679291121117;0.08992011645286266;0.2600312283315827;0.0;0.0;0.0;0.0;0.0;0.2505456702830113;0.3031211648212197;0.15210902015681269
GO:0030307;0.0;0.5244670188604709;0.32040805311379267;0.0;0.0;0.0;0.32323987937648196;0.3780632309364352;0.2610840816647455;0.4243185485901142;0.205769271747145;1.0;0.0;0.21535535297793162;0.18089163747977813;0.3058714278134024;0.481756753933112;0.46054693946539194;0.39867450947117455;0.0;0.5050498714583534;0.481756753933112;0.30701153727284;0.0;0.4071948462847189;0.0;0.0;0.0;0.0;0.0;0.0;0.2709846288782813;0.0;0.0;0.0;0.0;0.2609680058669424;0.0;0.0;0.0;0.5247877176507775;0.0;0.0;0.25565283440940134;0.0;0.0;0.5265971856452051;0.0;0.3756702932851645;0.2706606389806582;0.5524916325912549;0.4909140846931212;0.6727309891770785;0.4595294775686369;0.5287525532284498;0.6727204174476471;0.0;0.49015450127740795;0.269530492139843;0.37652435090871766;0.3412357522289525;0.4817579071384722;0.37124618103067836;0.4817579071384722;0.0;0.2706906862212973;0.3136225066889187;0.45268028925678067;0.0;0.0;0.507046917866224;0.0;0.0;0.0;0.0;0.32011049961750465;0.0;0.6155490013415021;0.2720023407821531;0.3107455726734788;0.0;0.0;0.0;0.0;0.0;0.28517678134500407;0.5083173020473924;0.4605655190709892
GO:0002315;0.188834106632216;0.0;0.0;0.14097591868373133;0.18879286937609632;0.6339810277256213;0.0;0.0;0.0;0.0;0.0;0.0;1.0;0.0;0.091056976645974;0.0;0.1943717455099465;0.1884512530295549;0.0;0.20128686691367467;0.2006857625770764;0.1943717455099465;0.16555746263567356;0.3970512513286199;0.0;0.1947618013801624;0.18312065120606838;0.0;0.1946849080543628;0.15577269019862772;0.15477320864970592;0.0;0.2567197326103145;0.17309029682603955;0.16834827676699932;0.42076411815838943;0.0;0.20859045570832038;0.13491694189709796;0.15437175077672138;0.0;0.17234234918799607;0.0;0.0;0.18890652148565987;0.13491693252764636;0.0;0.20737023127991194;0.0;0.0;0.0;0.0;0.0;0.0;0.0;0.0;0.13801324951975472;0.0;0.0;0.0;0.0;0.19437206291035414;0.0;0.19437206291035414;0.42076411815838943;0.0;0.0;0.0;0.30029742557059985;0.1169938090963243;0.0;0.1948944921828254;0.13213234335728008;0.17235149041947112;0.12934425980601894;0.0;0.08983097289616374;0.0;0.18826794810264866;0.0;0.3832508275243036;0.2567197326103145;0.2758414336484029;0.42076411815838943;0.2060759177644909;0.0;0.0;0.1884565128614249
GO:0045892;0.0;0.1883155162105452;0.5084360065470116;0.0;0.0;0.0;0.6485367904838433;0.16237038197227321;0.13001138827063272;0.34287233913918025;0.21905902840980612;0.21535535297793162;0.0;1.0;0.8867529907464002;0.5690051754656396;0.22938167895525668;0.22445978306463865;0.15961294792876918;0.0;0.23453190389329298;0.22938167895525668;0.16151247099490673;0.0;0.2109866439910615;0.0;0.0;0.0;0.0;0.0;0.0;0.1347896345604069;0.0;0.0;0.0;0.0;0.12998259833945924;0.0;0.0;0.0;0.18838112580834565;0.0;0.0;0.14781446681828087;0.0;0.0;0.21956552856922104;0.0;0.3298763027108326;0.13386402390409877;0.2248187506642741;0.19537287756885227;0.22976267179755847;0.18825252640030882;0.22001265343784848;0.229760955770242;0.0;0.1952053480005661;0.33061792748124186;0.20244224427652235;0.38005082314958866;0.2293819403927906;0.18166569568241808;0.2293819403927906;0.0;0.26691366122374804;0.1655018144679896;0.28253293673597685;0.0;0.0;0.21542446512857397;0.0;0.0;0.0;0.0;0.7190010501133614;0.0;0.22004751908953474;0.1326631348240601;0.7066978465141127;0.0;0.0;0.0;0.0;0.0;0.6067018749732439;0.2771624892869505;0.22446419629691636
GO:0000183;0.0;0.161422574546188;0.436919353017373;0.09245957459489539;0.1108778032795949;0.10516020876763602;0.5651425674260541;0.13766150096607166;0.10884411992507757;0.287972465898546;0.1995449017683612;0.18089163747977813;0.091056976645974;0.8867529907464002;1.0;0.503781966440957;0.2317999906098782;0.2276502439903597;0.13986328139790496;0.1951793131012679;0.23611020226548834;0.2317999906098782;0.17178993694280859;0.08823523875490198;0.17779927107267046;0.11291008832732072;0.1088967796074314;0.0;0.19146744796029455;0.1996190649174585;0.16656264685666347;0.12042894444690157;0.11065031064760011;0.21311574578439826;0.2095263465659291;0.11729856400320285;0.10882394074864916;0.0;0.08981421428990073;0.09803924821068882;0.16147078065724493;0.10499203697241803;0.0;0.12705392054235182;0.18813072310576145;0.08981421013776679;0.18385284764292234;0.0;0.28741301734706;0.11660851038988025;0.18752187863899425;0.1665805655319271;0.19094899502543383;0.16137628878876378;0.18416624649894323;0.19094780980111686;0.09117591618800629;0.1664587601516032;0.28809616971625435;0.17169256639474528;0.32492315042731196;0.23180021023505143;0.15651166566694716;0.23180021023505143;0.11729856400320285;0.23849536298361523;0.139905805143543;0.23951114941587098;0.10681086656756388;0.08150232715498625;0.1809403968111487;0.1915869088336922;0.08857162768971974;0.10499542950799397;0.08731006617939163;0.6179129267684662;0.06732127451122187;0.18419067581622303;0.11069653957354789;0.6088041552789356;0.11083897625530958;0.11065031064760011;0.10139517135717765;0.11729856400320285;0.09667678203156393;0.5262926011470668;0.2356455768533741;0.2276539783782179
GO:0045893;0.0;0.2667741558165658;0.3361176443726588;0.0;0.0;0.0;0.6927104211455966;0.20683211298978035;0.13275545243699197;0.3499636307005168;0.350187909831941;0.3058714278134024;0.0;0.5690051754656396;0.503781966440957;1.0;0.2344382627536141;0.22929940519659242;0.2254935618355607;0.0;0.23982072189214945;0.2344382627536141;0.1967542433214561;0.0;0.21525718210256076;0.0;0.0;0.0;0.0;0.0;0.0;0.18997418252484297;0.0;0.0;0.0;0.0;0.13272543452087607;0.0;0.0;0.0;0.26686877667924014;0.0;0.0;0.15042698002739;0.0;0.0;0.2241942235556856;0.0;0.5627962481946441;0.16993963213325203;0.22967403213675905;0.2769589592523762;0.3267861487913735;0.26668331427792863;0.22466041896455105;0.32678365423133;0.0;0.2767170300505375;0.33588718238146154;0.20637067514858465;0.3870301879046922;0.23443853584467453;0.18482287045805984;0.23443853584467453;0.0;0.4276696529116966;0.16878389768451685;0.2069885741131294;0.0;0.0;0.2198784389008555;0.0;0.0;0.0;0.0;0.731724428990507;0.0;0.3126765664497173;0.13552150835674182;0.7189857972083163;0.0;0.0;0.0;0.0;0.0;0.3811828470515173;0.4392738911723343;0.22930401079163146
GO:0010737;0.0;0.3646327778734422;0.3524752972253302;0.20087649133404425;0.31430889818985713;0.27233515654224255;0.29175482183892565;0.33895061853055286;0.2984988536792672;0.4824443221676442;0.15435136538352034;0.481756753933112;0.1943717455099465;0.22938167895525668;0.2317999906098782;0.2344382627536141;1.0;0.7461943407136169;0.270460015534729;0.35053191622006236;0.9435551676684039;0.8931419216524134;0.388650068237057;0.1819509652905695;0.46042957068724405;0.3312080464853419;0.2988952411279677;0.0;0.3309857345744672;0.2323212916927582;0.23010512218725385;0.20613386641482248;0.3124876896667737;0.2730670207692945;0.26144884433591437;0.3720377410246612;0.29834713517368133;0.0;0.18879534192031408;0.229218878747329;0.36487884198093584;0.27121015010521765;0.0;0.2811546591161848;0.31462403093327107;0.1887953235733702;0.5033479393569709;0.0;0.29237762757134217;0.23464315771877653;0.5318368466755424;0.3920544592958162;0.560360522061594;0.3643966900919209;0.505703973992417;0.5603503151196014;0.19491450846878114;0.39138042656743244;0.29186739834416564;0.4215978164541105;0.377845646923043;0.7860071394480033;0.3404991490049458;0.7860071394480033;0.3720377410246612;0.20589719656977296;0.3528888559122747;0.4241846975062816;0.28368882227609904;0.15546697864068657;0.4821027499774771;0.33159196791473533;0.18338720992009086;0.27123278850799226;0.1780601775907437;0.3521152369416701;0.11090419856068663;0.5058882142703239;0.3128566719001976;0.3408171280596943;0.3139970959030515;0.3124876896667737;0.24844421926226862;0.3720377410246612;0.22190706556967793;0.31030315939324216;0.4075614361790945;0.7462289730478271
GO:0016055;0.0;0.3523508597288959;0.34098582273880834;0.19455954305184828;0.2991132910456596;0.26085295565280553;0.2838384811972105;0.3257614590613761;0.28476009586900347;0.46117525919027497;0.15210699352283086;0.46054693946539194;0.1884512530295549;0.22445978306463865;0.2276502439903597;0.22929940519659242;0.7461943407136169;1.0;0.2636436091587351;0.3317367233232982;0.7860658772866084;0.7461943407136169;0.3786608646545352;0.17675284359166796;0.4410182567541586;0.3143782435046281;0.285120812592011;0.0;0.31417794359551304;0.22391325708415216;0.2218538864142068;0.20215041842635684;0.29746346019068554;0.26152433104665634;0.25084840792581525;0.350934977852296;0.2846220187738471;0.0;0.1832048014457318;0.22102994842582183;0.3525806214399327;0.25982063465715316;0.0;0.2720192925491573;0.2993986756558374;0.1832047841692667;0.48023997140465724;0.0;0.28442791346988594;0.2282459283759968;0.5061059442437462;0.3778916674954398;0.5318695158317407;0.3521304035672764;0.4823841866330225;0.5318603204198973;0.18896141144282624;0.37726541453227014;0.28394503027114537;0.4052645832957723;0.3646735813987245;0.8479071202095022;0.3297652841851526;0.8479071202095022;0.350934977852296;0.20192280223458345;0.3386155104248493;0.40765434079163004;0.27125113979148135;0.15165611204415694;0.4608631305200388;0.31472411914990744;0.1781078912871358;0.2598414115050542;0.1730789462238519;0.34064884209554114;0.10895118342377419;0.4825518239401314;0.29779779548457;0.33006352256721644;0.2988308952701399;0.29746346019068554;0.23885275695861335;0.350934977852296;0.2142234810605673;0.30136367925309543;0.3922779598391107;0.807065045552118
GO:0010976;0.0;0.506411585855725;0.2108508906211164;0.0;0.0;0.0;0.22495121465586723;0.4629422632097992;0.15215862432622418;0.25135809728858577;0.16597011799486946;0.39867450947117455;0.0;0.15961294792876918;0.13986328139790496;0.2254935618355607;0.270460015534729;0.2636436091587351;1.0;0.0;0.2776489520490733;0.2704600155347289;0.21696975960117604;0.0;0.4373558533128022;0.0;0.0;0.0;0.0;0.0;0.0;0.20594713179270435;0.0;0.0;0.0;0.0;0.15211919180014918;0.0;0.0;0.0;0.38252765916148707;0.0;0.0;0.16841046794410103;0.0;0.0;0.35850453229809914;0.0;0.26128233341585816;0.18809963463270754;0.3158342152101256;0.3122672447747374;0.3770956408020977;0.2992660945636362;0.30793109810718017;0.3770923190348776;0.0;0.3119597328529693;0.18755310454273136;0.23377930503662994;0.21967433399847103;0.27046037899480224;0.6849493256850658;0.27046037899480224;0.0;0.20577730825825363;0.1917595061961619;0.28048126620616176;0.0;0.0;0.30044104843509306;0.0;0.0;0.0;0.0;0.2107219923717528;0.0;0.35843130132803247;0.15580342631295066;0.2066228987392801;0.0;0.0;0.0;0.0;0.0;0.19499773438676593;0.3192191612051857;0.2636496977342301
GO:0032200;0.0;0.0;0.0;0.20827099697086038;0.332796774141923;0.286106711822633;0.0;0.0;0.0;0.0;0.0;0.0;0.20128686691367467;0.0;0.1951793131012679;0.0;0.35053191622006236;0.3317367233232982;0.0;1.0;0.371617198814829;0.35053191622006236;0.1680611284357926;0.1879967969172419;0.0;0.35180253841290976;0.31556620546583936;0.0;0.7117109437656791;0.41092269085189154;0.4855934341009923;0.0;0.3307557105133601;0.48664721666635613;0.46493869292469314;0.39822349690201286;0.0;0.0;0.19531272189197724;0.23889749368014424;0.0;0.28486530831549844;0.0;0.0;0.56506911143923;0.19531270225646447;0.0;0.0;0.0;0.0;0.0;0.0;0.0;0.0;0.0;0.0;0.20186899420275345;0.0;0.0;0.0;0.0;0.3505329484986392;0.0;0.3505329484986392;0.39822349690201286;0.0;0.0;0.0;0.29866415794000045;0.1598596451971894;0.0;0.5974410056624506;0.18953047606899323;0.28489028385367837;0.1838460979727749;0.0;0.11312160227175834;0.0;0.0;0.0;0.33244723258328607;0.3307557105133601;0.25985488589590033;0.39822349690201286;0.23096585457752222;0.0;0.0;0.3317530226671253
GO:0035556;0.0;0.3778216635275667;0.364784519857625;0.20762752212419153;0.33115682388696693;0.28489380090956823;0.30013791802303214;0.3532744784699892;0.31365361198620384;0.5058055875680234;0.15666636965427785;0.5050498714583534;0.2006857625770764;0.23453190389329298;0.23611020226548834;0.23982072189214945;0.9435551676684039;0.7860658772866084;0.2776489520490733;0.371617198814829;1.0;0.9435551676684039;0.39919630055473804;0.1874723451898795;0.4816605397326661;0.34997044255200255;0.3140912997709582;0.0;0.34972223945637587;0.24139909362055537;0.23900724125969874;0.21028360076161925;0.32913576545084117;0.2856948201059043;0.2730022217755486;0.3958776174692267;0.31348610126805226;0.0;0.19474671914304348;0.23805124130226443;0.3780858564443553;0.28366287797587014;0.0;0.29093963000743484;0.3315066650726725;0.19474669962117053;0.5288309478384625;0.0;0.30079706897978914;0.24141944023452946;0.5603678590023838;0.4073432254109199;0.5921253669683854;0.3775681940672202;0.5314321956837185;0.5921139700491794;0.20126441323872857;0.4066156465566299;0.3002570581954124;0.43932968244784076;0.3920262639402609;0.8303733106208108;0.3519725006832568;0.8303733106208108;0.3958776174692267;0.21003731177042226;0.3684420093663953;0.4421394664728594;0.2973426851533118;0.15948027459181627;0.5054301476368149;0.350399121195257;0.18899744460708714;0.28368764310395445;0.18334451798122803;0.36439888600060993;0.1129315038472946;0.5316356634514076;0.3295451364802334;0.3523122805064314;0.3308107169788777;0.32913576545084117;0.25885395625096996;0.3958776174692267;0.23017476920544852;0.3198034047489786;0.42410908124129515;0.7861043096265699
GO:0007264;0.0;0.3646327778734422;0.3524752972253302;0.20087649133404425;0.31430889818985713;0.27233515654224255;0.29175482183892565;0.33895061853055286;0.2984988536792672;0.4824443221676442;0.15435136538352034;0.481756753933112;0.1943717455099465;0.22938167895525668;0.2317999906098782;0.2344382627536141;0.8931419216524134;0.7461943407136169;0.2704600155347289;0.35053191622006236;0.9435551676684039;1.0;0.388650068237057;0.1819509652905695;0.46042957068724405;0.3312080464853419;0.2988952411279677;0.0;0.3309857345744672;0.2323212916927582;0.23010512218725385;0.20613386641482248;0.3124876896667737;0.2730670207692945;0.26144884433591437;0.3720377410246612;0.29834713517368133;0.0;0.18879534192031408;0.229218878747329;0.36487884198093584;0.27121015010521765;0.0;0.2811546591161848;0.31462403093327107;0.1887953235733702;0.5033479393569709;0.0;0.29237762757134217;0.23464315771877653;0.5318368466755424;0.3920544592958162;0.560360522061594;0.3643966900919209;0.505703973992417;0.5603503151196014;0.19491450846878114;0.39138042656743244;0.29186739834416564;0.4215978164541105;0.377845646923043;0.7860071394480033;0.3404991490049458;0.7860071394480033;0.3720377410246612;0.20589719656977296;0.3528888559122747;0.4241846975062816;0.28368882227609904;0.15546697864068657;0.4821027499774771;0.33159196791473533;0.18338720992009086;0.27123278850799226;0.1780601775907437;0.3521152369416701;0.11090419856068663;0.5058882142703239;0.3128566719001976;0.3408171280596943;0.3139970959030515;0.3124876896667737;0.24844421926226862;0.3720377410246612;0.22190706556967793;0.31030315939324216;0.4075614361790945;0.7462289730478271
GO:0034142;0.0;0.26226269983470885;0.21417841722169306;0.12382993155425437;0.15926122865812217;0.201578438992464;0.22810271553953568;0.23849019296973964;0.15509874917393904;0.25610133748926195;0.19147858764530984;0.30701153727284;0.16555746263567356;0.16151247099490673;0.17178993694280859;0.1967542433214561;0.388650068237057;0.3786608646545352;0.21696975960117604;0.1680611284357926;0.39919630055473804;0.388650068237057;1.0;0.15879125420295834;0.29963888762130336;0.16348794455521237;0.15520569754685218;0.0;0.1634337594300528;0.13510241083617347;0.13434994245012433;0.3537687289299555;0.21668097344991777;0.1479396461413924;0.14446172789158745;0.17285164481783213;0.15505777823952735;0.0;0.11913059228163217;0.13404734027220377;0.2623687767310234;0.1473929227313715;0.0;0.17106288055956806;0.15934209830689586;0.11913058497650467;0.2618744622636267;0.0;0.22841980578218882;0.1907433071210302;0.2693818803652413;0.363132837753597;0.33172964660347376;0.3477373746326343;0.2625107554305272;0.33172666492089936;0.1215382407554978;0.36273469869100966;0.1901813294560549;0.23787689709560675;0.22328856741600173;0.38865060114797456;0.2096967475264799;0.38865060114797456;0.17285164481783213;0.17936132638910585;0.19520590939543883;0.2386982401550692;0.1510027097909202;0.10493572830941696;0.25600505305561394;0.16358143284479568;0.11695425455143532;0.14739960879670724;0.11476461061018657;0.21404541975791463;0.08254775509694441;0.31499304871743705;0.21681091190177573;0.20981730498097298;0.21721156456120952;0.21668097344991777;0.140400987905373;0.17285164481783213;0.17945711574337528;0.19784032802839463;0.2799405352141756;0.3786697826814487
GO:0043312;0.0;0.0;0.0;0.1343252696068739;0.177053329794318;0.492319219919002;0.0;0.0;0.0;0.0;0.0;0.0;0.3970512513286199;0.0;0.08823523875490198;0.0;0.1819509652905695;0.17675284359166796;0.0;0.1879967969172419;0.1874723451898795;0.1819509652905695;0.15879125420295834;1.0;0.0;0.1822927192761916;0.1720552627723901;0.17201608423957904;0.1822253548361194;0.14769268421684212;0.14679390158408487;0.0;0.24080859379286762;0.16317108203425662;0.1589503605060336;0.1940115752924505;0.0;0.0;0.12881330633358418;0.34871112021011796;0.0;0.16250623812533915;0.17225485530263002;0.0;0.1771532833545784;0.12881329779270353;0.0;0.0;0.0;0.0;0.0;0.0;0.0;0.0;0.0;0.0;0.13163287002887936;0.0;0.0;0.0;0.0;0.18195124342188715;0.0;0.18195124342188715;0.1940115752924505;0.0;0.0;0.0;0.16690530318433555;0.11237638957749166;0.0;0.18240895856918232;0.12627258654909462;0.1625143656715683;0.12372392450626245;0.0;0.08708356169225742;0.0;0.176591580447809;0.0;0.41721114806456105;0.24080859379286762;0.154048059623789;0.1940115752924505;0.19569633340862339;0.0;0.0;0.17675747065953681
GO:0045652;0.0;0.32024844810502706;0.3108323191393059;0.0;0.0;0.0;0.26263084363568723;0.5076883705925378;0.2504538882822527;0.40768594500758004;0.14579777780313793;0.4071948462847189;0.0;0.2109866439910615;0.17779927107267046;0.21525718210256076;0.46042957068724405;0.4410182567541586;0.4373558533128022;0.0;0.4816605397326661;0.46042957068724405;0.29963888762130336;0.0;1.0;0.0;0.0;0.0;0.0;0.0;0.0;0.22933036425762457;0.0;0.0;0.0;0.0;0.25034707031512277;0.0;0.0;0.0;0.32043823894702467;0.0;0.0;0.2480346534609413;0.0;0.0;0.5068885085092731;0.0;0.26313540668092955;0.21111637356939714;0.4424061687335773;0.40934738756677563;0.4619672046767172;0.32006632275653557;0.4241724200614041;0.4619602674759275;0.0;0.3406981815573709;0.262722062866852;0.3633695558329668;0.33039569953033954;0.46043062404864116;0.5376364676659134;0.46043062404864116;0.0;0.19095327846673477;0.3022347057928388;0.3652895899400679;0.0;0.0;0.40744200264072256;0.0;0.0;0.0;0.0;0.31055227750554376;0.0;0.4243020338461781;0.2604840822048884;0.3017305521896214;0.0;0.0;0.0;0.0;0.0;0.27756610804714;0.3528944819605332;0.4410352940664136
GO:0045333;0.0;0.0;0.0;0.34094643760891885;0.3153301010133818;0.2731014898099614;0.0;0.0;0.0;0.0;0.0;0.0;0.1947618013801624;0.0;0.11291008832732072;0.0;0.3312080464853419;0.3143782435046281;0.0;0.35180253841290976;0.34997044255200255;0.3312080464853419;0.16348794455521237;0.1822927192761916;0.0;1.0;0.5078270035532537;0.0;0.33211837506048664;0.2328787453474915;0.3906739132926094;0.0;0.31349707340761396;0.27383748423358495;0.2621550559658377;0.3734693746621484;0.0;0.0;0.32040121061987575;0.38916568152780423;0.0;0.2719701562271481;0.0;0.0;0.31564728587573415;0.32040117942291746;0.0;0.0;0.0;0.0;0.0;0.0;0.0;0.0;0.0;0.0;0.330806837014721;0.0;0.0;0.0;0.0;0.3312089680874685;0.0;0.3312089680874685;0.3734693746621484;0.0;0.0;0.0;0.2845204819829865;0.26374949032114114;0.0;0.33272876841342797;0.3112057909425803;0.46069641246425486;0.3021492683324941;0.0;0.18806231354124814;0.0;0.0;0.0;0.31501627032914764;0.31349707340761396;0.2490818376871723;0.3734693746621484;0.2224156069409242;0.0;0.0;0.3143928816774237
GO:0046500;0.0;0.0;0.0;0.38460902492808563;0.28590352543126674;0.2507493705603841;0.0;0.0;0.0;0.0;0.0;0.0;0.18312065120606838;0.0;0.1088967796074314;0.0;0.2988952411279677;0.285120812592011;0.0;0.31556620546583936;0.3140912997709582;0.2988952411279677;0.15520569754685218;0.1720552627723901;0.0;0.5078270035532537;1.0;0.0;0.29963641137905567;0.21642755980755335;0.36332106550495863;0.0;0.2843958327601097;0.25136968273765115;0.24149106997644074;0.33288956871228187;0.0;0.0;0.3627804883991275;0.435208647918801;0.0;0.24979532412076347;0.0;0.0;0.2861642487340278;0.3627804551299251;0.0;0.0;0.0;0.0;0.0;0.0;0.0;0.0;0.0;0.0;0.4935989573574754;0.0;0.0;0.0;0.0;0.2988959916779049;0.0;0.2988959916779049;0.33288956871228187;0.0;0.0;0.0;0.26034283916206674;0.3017380451765846;0.0;0.3001331582086437;0.3529578734064817;0.5086796112421992;0.39833882169582424;0.0;0.25319240008719235;0.0;0.0;0.0;0.28564551105648656;0.2843958327601097;0.23035380189574933;0.33288956871228187;0.20736172064758543;0.0;0.0;0.2851328529073532
GO:0043113;0.0;0.0;0.0;0.0;0.0;0.0;0.0;0.0;0.0;0.0;0.0;0.0;0.0;0.0;0.0;0.0;0.0;0.0;0.0;0.0;0.0;0.0;0.0;0.17201608423957904;0.0;0.0;0.0;1.0;0.0;0.0;0.0;0.0;0.0;0.0;0.0;0.0;0.0;0.0;0.0;0.21367219895036152;0.0;0.0;0.8218833557722376;0.0;0.0;0.0;0.0;0.0;0.0;0.0;0.0;0.0;0.0;0.0;0.0;0.0;0.0;0.0;0.0;0.0;0.0;0.0;0.0;0.0;0.0;0.0;0.0;0.0;0.0;0.0;0.0;0.0;0.0;0.0;0.0;0.0;0.0;0.0;0.0;0.0;0.0;0.0;0.0;0.0;0.0;0.0;0.0;0.0
GO:0000226;0.0;0.0;0.0;0.2012109829129266;0.31512858674225547;0.2729503216746174;0.0;0.0;0.0;0.0;0.0;0.0;0.1946849080543628;0.0;0.19146744796029455;0.0;0.3309857345744672;0.31417794359551304;0.0;0.7117109437656791;0.34972223945637587;0.3309857345744672;0.1634337594300528;0.1822253548361194;0.0;0.33211837506048664;0.29963641137905567;0.0;1.0;0.39480844404013093;0.4667329869100645;0.0;0.3132978944095613;0.4642088561947626;0.4444153457247713;0.3731867345683337;0.0;0.0;0.18909077969223848;0.22965452077887868;0.0;0.27182023759370516;0.0;0.0;0.5350394243207383;0.18909076128782898;0.0;0.0;0.0;0.0;0.0;0.0;0.0;0.0;0.0;0.0;0.19522942381978386;0.0;0.0;0.0;0.0;0.3309866549398204;0.0;0.3309866549398204;0.3731867345683337;0.0;0.0;0.0;0.28435641199822903;0.15566725967735787;0.0;0.5639739484866285;0.1836659517126195;0.27184297796552254;0.17832294919480152;0.0;0.11100608095670075;0.0;0.0;0.0;0.31481515684261996;0.3132978944095613;0.24895608496839136;0.3731867345683337;0.22231533319202362;0.0;0.0;0.3141925631209698
GO:0006336;0.0;0.0;0.0;0.15992290007121818;0.22439570270666176;0.20215187100451917;0.0;0.0;0.0;0.0;0.0;0.0;0.15577269019862772;0.0;0.1996190649174585;0.0;0.2323212916927582;0.22391325708415216;0.0;0.41092269085189154;0.24139909362055537;0.2323212916927582;0.13510241083617347;0.14769268421684212;0.0;0.2328787453474915;0.21642755980755335;0.0;0.39480844404013093;1.0;0.30176826884520347;0.0;0.2234658891790448;0.5427697234495683;0.525449418190929;0.2523513350090182;0.0;0.0;0.15217062205398682;0.1773844653722061;0.0;0.20153133682183247;0.0;0.0;0.4546106536653915;0.15217061013490438;0.0;0.0;0.0;0.0;0.0;0.0;0.0;0.0;0.0;0.0;0.15612109634838175;0.0;0.0;0.0;0.0;0.23232174513228618;0.0;0.23232174513228618;0.2523513350090182;0.0;0.0;0.0;0.20834119307409057;0.12975109703224538;0.0;0.3953167164297972;0.1486375990702055;0.20154383681461427;0.14511874163000826;0.0;0.09716642280865816;0.0;0.0;0.0;0.2242367315702729;0.2234658891790448;0.1886835810337467;0.2523513350090182;0.1729738458350668;0.0;0.0;0.22392068275507263
GO:0000422;0.0;0.0;0.0;0.26909034515218444;0.22232748918175543;0.20047183416910858;0.0;0.0;0.0;0.0;0.0;0.0;0.15477320864970592;0.0;0.16656264685666347;0.0;0.23010512218725385;0.2218538864142068;0.0;0.4855934341009923;0.23900724125969874;0.23010512218725385;0.13434994245012433;0.14679390158408487;0.0;0.3906739132926094;0.36332106550495863;0.0;0.4667329869100645;0.30176826884520347;1.0;0.0;0.22141470164369303;0.3407004235271427;0.3299160126706331;0.24973869770188825;0.0;0.0;0.2561279366175627;0.2982571371721139;0.0;0.19986155578638873;0.0;0.0;0.3773658544727275;0.2561279166815701;0.0;0.0;0.0;0.0;0.0;0.0;0.0;0.0;0.0;0.0;0.2627344696156193;0.0;0.0;0.0;0.0;0.23010556701709464;0.0;0.23010556701709464;0.24973869770188825;0.0;0.0;0.0;0.20655715929190369;0.21859411826845165;0.0;0.46732810414907733;0.2502177020308271;0.3385425063084863;0.24432945374547008;0.0;0.1639183448926283;0.0;0.0;0.0;0.22217143393673905;0.22141470164369303;0.1872191395265294;0.24973869770188825;0.1717423146094588;0.0;0.0;0.22186117612055403
GO:0043315;0.0;0.23984336994464897;0.16959212298800685;0.0;0.0;0.0;0.18493993645195408;0.18448345518751988;0.1173303110070243;0.19484821052546913;0.18695069801135258;0.2709846288782813;0.0;0.1347896345604069;0.12042894444690157;0.18997418252484297;0.20613386641482248;0.20215041842635684;0.20594713179270435;0.0;0.21028360076161925;0.20613386641482248;0.3537687289299555;0.0;0.22933036425762457;0.0;0.0;0.0;0.0;0.0;0.0;1.0;0.0;0.0;0.0;0.0;0.11730686290693178;0.0;0.0;0.0;0.23991984843034828;0.0;0.0;0.2026614208102793;0.0;0.0;0.1981720868277869;0.0;0.21475660223340165;0.24545630537170285;0.20244152930570047;0.4544927070604078;0.28727345069579463;0.30724677075014484;0.19853625275780346;0.28727152291315705;0.0;0.3176007260532232;0.15418689610849046;0.18411626013432053;0.1752539532438515;0.2061340775444261;0.1667698714597664;0.2061340775444261;0.0;0.17578464360188334;0.22467357681114625;0.18460792093674652;0.0;0.0;0.1947924708694619;0.0;0.0;0.0;0.0;0.16950872425604047;0.0;0.27631242758371016;0.11948570432250125;0.16684611354388823;0.0;0.0;0.0;0.0;0.0;0.15918302347481872;0.2524104711375066;0.20215399797401262
GO:0002523;0.0;0.0;0.0;0.19422169295353248;0.7038307818530155;0.35512023382625085;0.0;0.0;0.0;0.0;0.0;0.0;0.2567197326103145;0.0;0.11065031064760011;0.0;0.3124876896667737;0.29746346019068554;0.0;0.3307557105133601;0.32913576545084117;0.3124876896667737;0.21668097344991777;0.24080859379286762;0.0;0.31349707340761396;0.2843958327601097;0.0;0.3132978944095613;0.2234658891790448;0.22141470164369303;0.0;1.0;0.26091425540611113;0.25028707109056436;0.34983732105273535;0.0;0.0;0.18290520497527116;0.22059401654890484;0.0;0.2592184726324639;0.0;0.0;0.2985993706374558;0.18290518775526457;0.0;0.0;0.0;0.0;0.0;0.0;0.0;0.0;0.0;0.0;0.18864270787687454;0.0;0.0;0.0;0.0;0.3124885100324245;0.0;0.3124885100324245;0.34983732105273535;0.0;0.0;0.0;0.2705948963899173;0.15145075710951317;0.0;0.3138410118013725;0.17782472009297917;0.25923915328301006;0.17281152816641346;0.0;0.10884515682302433;0.0;0.29700700406901626;0.0;0.4066849067655496;0.9041226245706416;0.23834376861439616;0.34983732105273535;0.6516032774200403;0.0;0.0;0.29747656552385265
GO:0031509;0.0;0.0;0.0;0.1782297998294688;0.2621827012400072;0.23231519581386983;0.0;0.0;0.0;0.0;0.0;0.0;0.17309029682603955;0.0;0.21311574578439826;0.0;0.2730670207692945;0.26152433104665634;0.0;0.48664721666635613;0.2856948201059043;0.2730670207692945;0.1479396461413924;0.16317108203425662;0.0;0.27383748423358495;0.25136968273765115;0.0;0.4642088561947626;0.5427697234495683;0.3407004235271427;0.0;0.26091425540611113;1.0;0.8917574638309113;0.3011639961868131;0.0;0.0;0.16865421338486994;0.20019246148589398;0.0;0.23149603995217705;0.0;0.0;0.5312285947023367;0.16865419874370682;0.0;0.0;0.0;0.0;0.0;0.0;0.0;0.0;0.0;0.0;0.17352058223411063;0.0;0.0;0.0;0.0;0.2730676472100461;0.0;0.2730676472100461;0.3011639961868131;0.0;0.0;0.0;0.2405268637072529;0.14154712870441785;0.0;0.46491168376408815;0.16432520581306514;0.23151253356245033;0.16003509121009235;0.0;0.10363401083518238;0.0;0.0;0.0;0.2619657083682545;0.26091425540611113;0.2147028947496216;0.3011639961868131;0.1945925958936742;0.0;0.0;0.261534460889397
