;GO:1904450;GO:0036498;GO:0090331;GO:1902430;GO:0015031;GO:0007212;GO:1902995;GO:0006886;GO:0045964;GO:0045723;GO:0001666;GO:0097720;GO:0045332;GO:0016052;GO:0070164;GO:0045055;GO:0051923;GO:0034504;GO:0034380;GO:0038027;GO:0060271;GO:1901076;GO:1900223;GO:0007026;GO:1902722;GO:0043312;GO:0042420;GO:0006853;GO:0009449;GO:0042985;GO:0030855;GO:0051258;GO:0070474;GO:0042073;GO:0033169;GO:0098989;GO:0018149;GO:0050965;GO:0033602;GO:0009450;GO:0006068;GO:0008202;GO:1901687;GO:0097151;GO:0030206;GO:0002576;GO:0045471;GO:0010875;GO:0010951;GO:0031652;GO:0032024;GO:1903351;GO:0006351;GO:0014053;GO:0006470;GO:0006355;GO:1901215;GO:0035094;GO:0007517;GO:0005976;GO:0070371;GO:0006906;GO:0006749;GO:0051351;GO:0070374;GO:0006909;GO:0050427;GO:0033344;GO:0033700
GO:1904450;1.0;0.05990430059695317;0.054480490529196214;0.053850618625840056;0.0;0.05862557726295836;0.6330959243128199;0.0;0.14042725323563962;0.1486347839975625;0.0;0.05548353548255347;0.04369955943403864;0.0;0.35929876092322993;0.0;0.0;0.0;0.0;0.05208671847454143;0.0;0.3033452914461477;0.1267312027320844;0.05707594597774237;0.42105844375325135;0.0;0.0;0.0;0.03887657039573098;0.05262136121035541;0.0;0.0;0.12881754945766785;0.0;0.0;0.04955628121232409;0.0;0.0;0.5806640695654729;0.03804081975918655;0.0;0.0;0.0;0.1416566185844738;0.0;0.0;0.0;0.3521087691144945;0.06655016501606317;0.1312086561690892;0.5081826772705272;0.0;0.0;0.6423768814047484;0.0;0.08253324880321751;0.06525717393093446;0.0;0.0;0.0;0.05748943163641322;0.0;0.0;0.04074728776037275;0.17680944611922408;0.0;0.0;0.0;0.0
GO:0036498;0.05990430059695317;1.0;0.07078231266253743;0.06972276648428098;0.0;0.20642580310170247;0.055167789902704205;0.0;0.06767585792175514;0.07284942241583135;0.3513368253281624;0.19197234732380727;0.05754907742730396;0.0;0.06574570715869288;0.031587320487623055;0.02237812803356361;0.0;0.022021739276101474;0.17690079996619812;0.028222027164150572;0.05990430059695317;0.05955613105889897;0.07522674686106487;0.06444168885358036;0.03045019108888914;0.021231133546627146;0.0;0.04946728468493297;0.06767585792175514;0.029119810289024935;0.025222563800652447;0.06082305747289283;0.024600849209560755;0.0221476267955128;0.16602922302037268;0.02491187050520028;0.17905437057002374;0.06444168885358036;0.04812204084235155;0.021887368178553204;0.0;0.02294769944426121;0.06843973612029836;0.02318457567359441;0.026627885907366575;0.2131492971387222;0.0637881086933065;0.09260213167742307;0.06228987439591687;0.08242174508170873;0.2884622338732796;0.03674864229448366;0.05271700259003229;0.027916817736812954;0.12675945665996247;0.0901175766459591;0.1964543346571951;0.0;0.0;0.20114096473731677;0.026059184416793345;0.02487497591853578;0.05253630019096543;0.09203089122972079;0.0;0.02310840246881013;0.0;0.0
GO:0090331;0.054480490529196214;0.07078231266253743;1.0;0.1809065230422227;0.0;0.0690039107804846;0.04996252627028004;0.0;0.06083383638225044;0.06498212637046455;0.0;0.064691858391116;0.23293679150895796;0.0;0.3556721512764796;0.0;0.0;0.0;0.0;0.06012042206437605;0.0;0.054480490529196214;0.24082931228764246;0.1936004631286522;0.20338918987736987;0.0;0.0;0.0;0.20338918987736987;0.1761324452222669;0.0;0.0;0.24542459959577087;0.0;0.0;0.05677428619289395;0.0;0.0;0.30473574728001346;0.1983799755855658;0.0;0.0;0.0;0.24327002023607858;0.0;0.0;0.0;0.05693015079675134;0.23235316547364507;0.2507203368507077;0.2533006603565939;0.0;0.0;0.14594239672948212;0.0;0.10470261358694732;0.22693107772228097;0.0;0.0;0.0;0.06743528356058355;0.0;0.0;0.04717105717788248;0.2492098773720084;0.0;0.0;0.0;0.0
GO:1902430;0.053850618625840056;0.06972276648428098;0.1809065230422227;1.0;0.0;0.06799655897155739;0.04936086100569289;0.0;0.13694620457917206;0.1427650033614745;0.0;0.06380566320889053;0.05045118401683993;0.0;0.1694476624384488;0.0;0.0;0.0;0.0;0.05935430562821362;0.0;0.053850618625840056;0.05284482373404034;0.19086047448814883;0.05748943163641322;0.0;0.0;0.0;0.04413053307145662;0.3595115984431706;0.0;0.0;0.05383991633304158;0.0;0.0;0.056090591462583377;0.0;0.0;0.166449377036399;0.043056743319223614;0.0;0.0;0.0;0.06065020204840553;0.0;0.0;0.0;0.05615028101693404;0.47232247183033754;0.05498608190750778;0.07138106707340933;0.0;0.0;0.1442550951961177;0.0;0.2335303638100731;0.22317558411510693;0.0;0.0;0.0;0.06647289093801514;0.0;0.0;0.04655683090094079;0.3103742315523892;0.0;0.0;0.0;0.0
GO:0015031;0.0;0.0;0.0;0.0;1.0;0.0;0.0;0.9173363134244212;0.0;0.0;0.0;0.0;0.4625866122840618;0.0;0.0;0.49192558213557486;0.0;0.5988134263736543;0.0;0.0;0.0;0.0;0.0;0.0;0.0;0.46491548921239084;0.0;0.4150495348096068;0.0;0.0;0.0;0.0;0.0;0.34118506793743575;0.0;0.0;0.0;0.0;0.0;0.0;0.0;0.0;0.0;0.0;0.0;0.3814107427055247;0.0;0.0;0.0;0.0;0.0;0.0;0.0;0.0;0.0;0.0;0.0;0.0;0.0;0.0;0.0;0.0;0.0;0.0;0.0;0.3506358243163503;0.0;0.4647317093900861;0.43209817549888957
GO:0007212;0.05862557726295836;0.20642580310170247;0.0690039107804846;0.06799655897155739;0.0;1.0;0.05393664751535349;0.0;0.06604833504988294;0.07096701296361521;0.0;0.18703602246400927;0.056019889326323756;0.0;0.06420864178030242;0.03044734369249345;0.02179988323303752;0.0;0.021461535260672113;0.17270066159999858;0.027308503256020505;0.05862557726295836;0.05812387783839836;0.0732211650945847;0.06296430687631555;0.029389436082698506;0.02070995544300125;0.0;0.04833320399651714;0.06604833504988294;0.028148241349783023;0.024490382534443172;0.05932998383738329;0.023903819617006272;0.021581082035616674;0.16232406074434566;0.024197360767429735;0.0;0.06296430687631555;0.04704813368835231;0.021333893842622458;0.0;0.022340044546693593;0.06677571688697134;0.022564480563036508;0.02581315972925072;0.0;0.06214787857114652;0.08958168167476045;0.06072484457855738;0.08002029582590857;0.021581082035616674;0.03521473356189953;0.05159170005518278;0.02702263272812021;0.12116707935278503;0.08725452667798224;0.0;0.0;0.0;0.19572850829166938;0.025278377190752502;0.024162550735544377;0.05125895140323859;0.08904699076895195;0.0;0.022492321186848994;0.0;0.0
GO:1902995;0.6330959243128199;0.055167789902704205;0.04996252627028004;0.04936086100569289;0.0;0.05393664751535349;1.0;0.0;0.13187749938889265;0.13991740503153832;0.0;0.05092186334953819;0.045625743983219724;0.0;0.2634361263447984;0.0;0.0;0.0;0.0;0.04767906224485228;0.0;0.3144933182033795;0.13187749938889265;0.052447945261009606;0.3339448822747359;0.0;0.0;0.0;0.04039366288825493;0.048188336269153004;0.0;0.0;0.13413824246940428;0.0;0.0;0.04527438167562236;0.0;0.0;0.3772674271686135;0.03949216830960482;0.0;0.0;0.0;0.13307932605809494;0.0;0.0;0.0;0.7099659696440218;0.06160591861795575;0.1367329428199037;0.4063247289964671;0.0;0.0;0.5631902325393449;0.0;0.07736617851412575;0.06034811859641618;0.0;0.0;0.0;0.05284482373404034;0.0;0.0;0.04241703162520308;0.16781010014096973;0.0;0.0;0.0;0.0
GO:0006886;0.0;0.0;0.0;0.0;0.9173363134244212;0.0;0.0;1.0;0.0;0.0;0.0;0.0;0.4403877263737442;0.0;0.0;0.45567707667297147;0.0;0.5637517614046548;0.0;0.0;0.0;0.0;0.0;0.0;0.0;0.4324067591086286;0.0;0.45801911204079426;0.0;0.0;0.0;0.0;0.0;0.5534668539749431;0.0;0.0;0.0;0.0;0.0;0.0;0.0;0.0;0.0;0.0;0.0;0.35925293632699806;0.0;0.0;0.0;0.0;0.0;0.0;0.0;0.0;0.0;0.0;0.0;0.0;0.0;0.0;0.0;0.0;0.0;0.0;0.0;0.3318212664223629;0.0;0.4423314504641345;0.41266759770347217
GO:0045964;0.14042725323563962;0.06767585792175514;0.06083383638225044;0.13694620457917206;0.0;0.06604833504988294;0.13187749938889265;0.0;1.0;0.23235413995063897;0.0;0.06208715716471687;0.049052650918654;0.0;0.05707594597774237;0.0;0.0;0.0;0.0;0.05786441677593565;0.0;0.14042725323563962;0.1409492928432617;0.06408801570823591;0.1496853656059157;0.0;0.0;0.0;0.04305674331922361;0.1334693903585367;0.0;0.0;0.14353481370418436;0.0;0.0;0.054758207775648764;0.0;0.0;0.05609059146258336;0.042033967468315836;0.0;0.0;0.0;0.157704097267879;0.0;0.0;0.0;0.1495282508988402;0.17396475319242746;0.14650980275311207;0.1847686886642249;0.0;0.0;0.046307867842103195;0.0;0.22359781475046736;0.07458783824272058;0.0;0.0;0.0;0.06460980428665976;0.0;0.0;0.04536331797678813;0.28847665910995435;0.0;0.0;0.0;0.0
GO:0045723;0.1486347839975625;0.07284942241583135;0.06498212637046455;0.1427650033614745;0.0;0.07096701296361521;0.13991740503153832;0.0;0.23235413995063897;1.0;0.0;0.06641421610033017;0.052578376273632293;0.0;0.060712243272341475;0.0;0.0;0.0;0.0;0.06160516693876491;0.0;0.1486347839975625;0.15017204419721364;0.06870883967584908;0.15904685821359235;0.0;0.0;0.0;0.04574956090136948;0.18539723428823837;0.0;0.0;0.1531105193109761;0.0;0.0;0.05809653937669278;0.0;0.0;0.0595985606966608;0.04459656634831675;0.0;0.0;0.0;0.16813038858429202;0.0;0.0;0.0;0.1599493683041986;0.18471442942462518;0.15650038010412864;0.1992449480690139;0.0;0.0;0.04901441689918224;0.0;0.3249491600943228;0.08092161174918272;0.0;0.0;0.0;0.06930893627529042;0.0;0.0;0.04836242311418777;0.3072780611102939;0.0;0.0;0.0;0.0
GO:0001666;0.0;0.3513368253281624;0.0;0.0;0.0;0.0;0.0;0.0;0.0;0.0;1.0;0.0;0.0;0.0;0.0;0.0;0.0;0.0;0.0;0.0;0.0;0.0;0.0;0.0;0.0;0.0;0.0;0.0;0.0;0.0;0.0;0.0;0.0;0.0;0.0;0.0;0.0;0.5039281808938837;0.0;0.0;0.0;0.0;0.0;0.0;0.0;0.0;0.2511706242611495;0.0;0.0;0.0;0.0;0.20389075044430302;0.0;0.0;0.0;0.0;0.0;0.2283078170904317;0.0;0.0;0.0;0.0;0.0;0.0;0.0;0.0;0.0;0.0;0.0
GO:0097720;0.05548353548255347;0.19197234732380727;0.064691858391116;0.06380566320889053;0.0;0.18703602246400927;0.05092186334953819;0.0;0.06208715716471687;0.06641421610033017;0.0;1.0;0.0523308794502958;0.0;0.06045879382841809;0.0277869084354735;0.020401339940053793;0.0;0.020104716632479723;0.1624670631668246;0.025148872646410057;0.05548353548255347;0.05463796075480087;0.0683844064831006;0.05935430562821362;0.02690311676320668;0.019443700530977902;0.0;0.04556206372025016;0.06208715716471687;0.0258593173294065;0.02273919105887121;0.05570241043814931;0.022232646214321562;0.020209588569859743;0.15325097165545498;0.02248635996482301;0.0;0.05935430562821362;0.0444183823966275;0.019992662136233234;0.0;0.020873666878203672;0.06272948316682497;0.0210694772468693;0.02387517319732646;0.0;0.05817906212248732;0.08244729991156037;0.05693015079675134;0.07427879172159742;0.020209588569859743;0.03170397343471949;0.04882663939968755;0.024906228224258288;0.10847127866413263;0.08047197194295247;0.0;0.0;0.0;0.3543202075831874;0.02341696381729374;0.022456295677098836;0.04815294659645838;0.08199416894264892;0.0;0.021006549578978136;0.0;0.0
GO:0045332;0.04369955943403864;0.05754907742730396;0.23293679150895796;0.05045118401683993;0.4625866122840618;0.056019889326323756;0.045625743983219724;0.4403877263737442;0.049052650918654;0.052578376273632293;0.0;0.0523308794502958;1.0;0.0;0.2172613359336534;0.29016329056529;0.021040383582903943;0.22597629339800127;0.17514272516903032;0.04844874614695173;0.2207942071245692;0.04369955943403864;0.049052650918654;0.05418847689546172;0.21318156928016585;0.2805492867274058;0.02002330655878193;0.5807774746812552;0.21318156928016585;0.049052650918654;0.026894702582163327;0.19889716451947997;0.050036775344027354;0.23017777196441228;0.17608465935005327;0.045625743983219724;0.023265192308447775;0.0;0.0468332895451171;0.20768491379508427;0.020605974847087632;0.0;0.021543128513277464;0.22566215356838518;0.0217517631520261;0.24780979966593336;0.0;0.0523308794502958;0.06576867679625607;0.23293679150895796;0.2686704128953211;0.02083649140926217;0.03327449286555257;0.04369955943403864;0.02586528290592556;0.08761168692145663;0.06413274238049689;0.0;0.0;0.0;0.054674842262620274;0.5319915520960555;0.023233010845389736;0.04957511577163412;0.06539312970035166;0.23444078654645;0.021684700450242282;0.6289663263027679;0.8064149277894852
GO:0016052;0.0;0.0;0.0;0.0;0.0;0.0;0.0;0.0;0.0;0.0;0.0;0.0;0.0;1.0;0.0;0.0;0.09608450726189069;0.0;0.0;0.0;0.0;0.0;0.0;0.0;0.0;0.0;0.37142427812738676;0.0;0.09867750829666092;0.0;0.0;0.0;0.0;0.0;0.11114969353499976;0.0;0.1260239443382226;0.0;0.0;0.33499315400841245;0.3836266263230522;0.14570412185239212;0.10832822605994598;0.0;0.10952120514468405;0.0;0.0;0.0;0.0;0.0;0.0;0.0;0.19250822240344617;0.0;0.14246616061541367;0.0;0.0;0.0;0.0;0.6907426912500685;0.11748056981506011;0.0;0.11808211388430091;0.0;0.0;0.0;0.1162926937873601;0.0;0.0
GO:0070164;0.35929876092322993;0.06574570715869288;0.3556721512764796;0.1694476624384488;0.0;0.06420864178030242;0.2634361263447984;0.0;0.05707594597774237;0.060712243272341475;0.0;0.06045879382841809;0.2172613359336534;0.0;1.0;0.0;0.0;0.0;0.0;0.056447493596425494;0.0;0.2533854060259757;0.22595255593640132;0.18053515090081396;0.49313607103824697;0.0;0.0;0.0;0.19133542048833685;0.16525221038610885;0.0;0.0;0.4401558314100539;0.0;0.0;0.05348765461158716;0.0;0.0;0.5397533187432266;0.18689587007619532;0.0;0.0;0.0;0.4365326759062267;0.0;0.0;0.0;0.29777021567490736;0.2137846674575759;0.23463729291217184;0.6053472500793002;0.0;0.0;0.49304188967229423;0.0;0.09404546177345083;0.20918598821677697;0.0;0.0;0.0;0.06284830663696661;0.0;0.0;0.0442294684177973;0.2589418490485211;0.0;0.0;0.0;0.0
GO:0045055;0.0;0.031587320487623055;0.0;0.0;0.49192558213557486;0.03044734369249345;0.0;0.45567707667297147;0.0;0.0;0.0;0.0277869084354735;0.29016329056529;0.0;0.0;1.0;0.027961554775527437;0.319538129296102;0.027407341590659256;0.025116471963366378;0.03772130722889969;0.0;0.0;0.0;0.0;0.9505697495786615;0.026193410270253556;0.26220832080801987;0.024042128475034025;0.0;0.03934253395376045;0.0325479085408347;0.0;0.3155298316720954;0.02760260499004786;0.023252654404024527;0.03203238479491249;0.0;0.0;0.023252654404024527;0.027199520858370334;0.0;0.02885648679453221;0.0;0.029232052512171966;0.7940611125416877;0.0;0.0;0.0;0.0;0.0;0.02760260499004786;0.05467830338293447;0.0;0.03717803563029323;0.0;0.0;0.0;0.0;0.0;0.02946291045603714;0.03395460462503584;0.031971410790750616;0.0;0.0;0.5259500744757294;0.02911106222269268;0.29141538515199;0.27227995963379226
GO:0051923;0.0;0.02237812803356361;0.0;0.0;0.0;0.02179988323303752;0.0;0.0;0.0;0.0;0.0;0.020401339940053793;0.021040383582903943;0.09608450726189069;0.0;0.027961554775527437;1.0;0.0;0.020195985138444682;0.018924080213231;0.025291846625367116;0.0;0.0;0.0;0.0;0.027066797439943873;0.09159452907347071;0.0;0.08586610329614787;0.0;0.026010507593517997;0.022856015435949797;0.0;0.022344310956209142;0.09521890525844975;0.017846288321375487;0.106000570430201;0.0;0.0;0.08370207926090609;0.09419222718740371;0.10293332112319314;0.5696407386226711;0.0;0.5750098162405679;0.024003994591082614;0.0;0.0;0.0;0.0;0.0;0.02030181390824431;0.14976422520105317;0.0;0.11747203752174337;0.0;0.0;0.0;0.0;0.09331362596934596;0.09985624169433437;0.023540875179702554;0.6130496714664861;0.0;0.0;0.0;0.5732843015235495;0.0;0.0
GO:0034504;0.0;0.0;0.0;0.0;0.5988134263736543;0.0;0.0;0.5637517614046548;0.0;0.0;0.0;0.0;0.22597629339800127;0.0;0.0;0.319538129296102;0.0;1.0;0.0;0.0;0.0;0.0;0.0;0.0;0.0;0.3067738401538353;0.0;0.3334221991891116;0.0;0.0;0.0;0.0;0.0;0.3909318453026234;0.0;0.0;0.0;0.0;0.0;0.0;0.0;0.0;0.0;0.0;0.0;0.2646240993042451;0.0;0.0;0.0;0.0;0.0;0.0;0.0;0.0;0.0;0.0;0.0;0.0;0.0;0.0;0.0;0.0;0.0;0.0;0.0;0.24797509990782723;0.0;0.22681308274705564;0.21391227941066188
GO:0034380;0.0;0.022021739276101474;0.0;0.0;0.0;0.021461535260672113;0.0;0.0;0.0;0.0;0.0;0.020104716632479723;0.17514272516903032;0.0;0.0;0.027407341590659256;0.020195985138444682;0.0;1.0;0.018668589620516856;0.3453941616409174;0.0;0.0;0.0;0.0;0.02654715632649773;0.019257083802776378;0.0;0.018068461080748513;0.0;0.025530273575389867;0.38278933574860113;0.0;0.021988989959064193;0.1690837385876996;0.01761889629646255;0.022237142051074455;0.0;0.0;0.01761889629646255;0.01979541245547476;0.0;0.020658743440912678;0.0;0.020850523764655553;0.023594412171996895;0.0;0.0;0.0;0.0;0.0;0.02000805680365743;0.031210799945853004;0.0;0.024600849209560755;0.0;0.0;0.0;0.0;0.0;0.020967710335098255;0.19560870239746372;0.02220774004398209;0.0;0.0;0.0;0.020788895273728073;0.0;0.0
GO:0038027;0.05208671847454143;0.17690079996619812;0.06012042206437605;0.05935430562821362;0.0;0.17270066159999858;0.04767906224485228;0.0;0.05786441677593565;0.06160516693876491;0.0;0.1624670631668246;0.04844874614695173;0.0;0.056447493596425494;0.025116471963366378;0.018924080213231;0.0;0.018668589620516856;1.0;0.022941277152828832;0.05208671847454143;0.05092186334953819;0.06329673112888025;0.05548353548255347;0.024392175685828594;0.018097294746460605;0.0;0.04259074977501249;0.05786441677593565;0.02353100656421573;0.020919068091574542;0.0518452204188938;0.020489603251445852;0.018758980498249034;0.23265724050190553;0.020704901455138494;0.0;0.05548353548255347;0.04158973532777567;0.018571933505860526;0.0;0.01932980117066826;0.05842194856789883;0.019497601088495117;0.021876643500360515;0.0;0.053984164015493524;0.07516340134517313;0.05290719387587252;0.06831450158640698;0.018758980498249034;0.02827404523039869;0.04583737136342332;0.02273919105887121;0.09620548586746401;0.0735181986434196;0.0;0.0;0.0;0.1689860613604202;0.021491315517021915;0.02067940939458141;0.044846359756696506;0.07478661544463625;0.0;0.019443700530977902;0.0;0.0
GO:0060271;0.0;0.028222027164150572;0.0;0.0;0.0;0.027308503256020505;0.0;0.0;0.0;0.0;0.0;0.025148872646410057;0.2207942071245692;0.0;0.0;0.03772130722889969;0.025291846625367116;0.0;0.3453941616409174;0.022941277152828832;1.0;0.0;0.0;0.0;0.0;0.036110912727819196;0.023836433748025507;0.0;0.02204162861343359;0.0;0.03425499070802724;0.40308803705131707;0.0;0.0281682629105239;0.21125103901384545;0.02137625180786892;0.028576776962903925;0.0;0.0;0.02137625180786892;0.024666754142322053;0.0;0.02602181388298135;0.0;0.026326827529873666;0.030857951377877575;0.0;0.0;0.0;0.0;0.0;0.024997807735534387;0.045323040445433276;0.0;0.03260233986080426;0.0;0.0;0.0;0.0;0.0;0.02651393129291474;0.42421074617967963;0.028528238965793394;0.0;0.0;0.0;0.026228651009396312;0.0;0.0
GO:1901076;0.3033452914461477;0.05990430059695317;0.054480490529196214;0.053850618625840056;0.0;0.05862557726295836;0.3144933182033795;0.0;0.14042725323563962;0.1486347839975625;0.0;0.05548353548255347;0.04369955943403864;0.0;0.2533854060259757;0.0;0.0;0.0;0.0;0.05208671847454143;0.0;1.0;0.1267312027320844;0.2435582544729153;0.3214026853658464;0.0;0.0;0.0;0.03887657039573098;0.05262136121035541;0.0;0.0;0.12881754945766785;0.0;0.0;0.04955628121232409;0.0;0.0;0.24943567285020246;0.03804081975918655;0.0;0.0;0.0;0.1416566185844738;0.0;0.0;0.0;0.3521087691144945;0.06655016501606317;0.1312086561690892;0.38790642855951873;0.0;0.0;0.23542160760630382;0.0;0.08253324880321751;0.06525717393093446;0.0;0.0;0.0;0.05748943163641322;0.0;0.0;0.04074728776037275;0.17680944611922408;0.0;0.0;0.0;0.0
GO:1900223;0.1267312027320844;0.05955613105889897;0.24082931228764246;0.05284482373404034;0.0;0.05812387783839836;0.13187749938889265;0.0;0.1409492928432617;0.15017204419721364;0.0;0.05463796075480087;0.049052650918654;0.0;0.22595255593640132;0.0;0.0;0.0;0.0;0.05092186334953819;0.0;0.1267312027320844;1.0;0.056398756957575444;0.13508635950314984;0.0;0.0;0.0;0.04305674331922361;0.05150319009614524;0.0;0.0;0.3110175141329047;0.0;0.0;0.048188336269153004;0.0;0.0;0.04936086100569288;0.042033967468315836;0.0;0.0;0.0;0.30839173342839266;0.0;0.0;0.0;0.1495282508988402;0.06712954730391871;0.317463850563013;0.16674796096990407;0.0;0.0;0.046307867842103195;0.0;0.0862819611840643;0.06563881428617165;0.0;0.0;0.0;0.05685794151638186;0.0;0.0;0.04536331797678813;0.18277952781820705;0.0;0.0;0.0;0.0
GO:0007026;0.05707594597774237;0.07522674686106487;0.1936004631286522;0.19086047448814883;0.0;0.0732211650945847;0.052447945261009606;0.0;0.06408801570823591;0.06870883967584908;0.0;0.0683844064831006;0.05418847689546172;0.0;0.18053515090081396;0.0;0.0;0.0;0.0;0.06329673112888025;0.0;0.2435582544729153;0.056398756957575444;1.0;0.06118030945748723;0.0;0.0;0.0;0.046963756519824214;0.18555428339594493;0.0;0.0;0.05753363185119822;0.0;0.0;0.05959856069666081;0.0;0.0;0.17713559007674692;0.04574956090136948;0.0;0.0;0.0;0.06477263703294663;0.0;0.0;0.0;0.06017966820016245;0.24903460745109887;0.05884437301599645;0.07716082836196166;0.0;0.0;0.1528951055815147;0.0;0.11472914530548942;0.24281644906252592;0.0;0.0;0.0;0.07145739224883689;0.0;0.0;0.04972132997915034;0.08552022819004917;0.0;0.0;0.0;0.0
GO:1902722;0.42105844375325135;0.06444168885358036;0.20338918987736987;0.05748943163641322;0.0;0.06296430687631555;0.3339448822747359;0.0;0.1496853656059157;0.15904685821359235;0.0;0.05935430562821362;0.21318156928016585;0.0;0.49313607103824697;0.0;0.0;0.0;0.0;0.05548353548255347;0.0;0.3214026853658464;0.13508635950314984;0.06118030945748723;1.0;0.0;0.0;0.0;0.1881641342343969;0.05609059146258336;0.0;0.0;0.13745944830114576;0.0;0.0;0.05262136121035541;0.0;0.0;0.37608550516854633;0.18386887889215112;0.0;0.0;0.0;0.2853966852799988;0.0;0.0;0.0;0.3766733917482143;0.07219762376875083;0.20338918987736987;0.7375230441444568;0.0;0.0;0.3454949591979511;0.0;0.09139981101519175;0.07067837945680996;0.0;0.0;0.0;0.061655648908341625;0.0;0.0;0.04345876494764459;0.36220043887619163;0.0;0.0;0.0;0.0
GO:0043312;0.0;0.03045019108888914;0.0;0.0;0.46491548921239084;0.029389436082698506;0.0;0.4324067591086286;0.0;0.0;0.0;0.02690311676320668;0.2805492867274058;0.0;0.0;0.9505697495786615;0.027066797439943873;0.3067738401538353;0.02654715632649773;0.024392175685828594;0.036110912727819196;0.0;0.0;0.0;0.0;1.0;0.025406642781729216;0.2543324092751642;0.023377650108166555;0.0;0.03759394662359104;0.03134188635527174;0.0;0.30419424319050326;0.026730314344782603;0.022630534039172655;0.030863578270066177;0.0;0.0;0.022630534039172655;0.026352129467078544;0.0;0.027904513025113844;0.0;0.02825555697840355;0.7625731709695446;0.0;0.0;0.0;0.0;0.0;0.026730314344782603;0.051358341485113625;0.0;0.03561273125147276;0.0;0.0;0.0;0.0;0.0;0.02847119204669087;0.032644181524130914;0.030806968826293156;0.0;0.0;0.5065897724233881;0.02814249939683547;0.28171961703532344;0.26379717440325945
GO:0042420;0.0;0.021231133546627146;0.0;0.0;0.0;0.02070995544300125;0.0;0.0;0.0;0.0;0.0;0.019443700530977902;0.02002330655878193;0.37142427812738676;0.0;0.026193410270253556;0.09159452907347071;0.0;0.019257083802776378;0.018097294746460605;0.023836433748025507;0.0;0.0;0.0;0.0;0.025406642781729216;1.0;0.0;0.14772358596136712;0.0;0.024473722121535486;0.021660817699326165;0.0;0.021200691870145665;0.16306232003850576;0.017109163434613224;0.18057063971040535;0.0;0.0;0.36870385736917644;0.7357528579448447;0.21276010918243216;0.16818630977370344;0.0;0.16969445228016322;0.02268917370486198;0.0;0.0;0.0;0.0;0.0;0.0193532780096808;0.27172704044197105;0.0;0.19899791771580952;0.0;0.0;0.0;0.0;0.09700758396398634;0.1706155315187688;0.022274961864690142;0.18034052995070501;0.0;0.0;0.0;0.18407331721191247;0.0;0.0
GO:0006853;0.0;0.0;0.0;0.0;0.4150495348096068;0.0;0.0;0.45801911204079426;0.0;0.0;0.0;0.0;0.5807774746812552;0.0;0.0;0.26220832080801987;0.0;0.3334221991891116;0.0;0.0;0.0;0.0;0.0;0.0;0.0;0.2543324092751642;0.0;1.0;0.0;0.0;0.0;0.0;0.0;0.36327002891793253;0.0;0.0;0.0;0.0;0.0;0.0;0.0;0.0;0.0;0.0;0.0;0.2271292693960369;0.0;0.0;0.0;0.0;0.0;0.0;0.0;0.0;0.0;0.0;0.0;0.0;0.0;0.0;0.0;0.0;0.0;0.0;0.0;0.21584773176801497;0.0;0.5825063875475167;0.5555705588238823
GO:0009449;0.03887657039573098;0.04946728468493297;0.20338918987736987;0.04413053307145662;0.0;0.04833320399651714;0.04039366288825493;0.0;0.04305674331922361;0.04574956090136948;0.0;0.04556206372025016;0.21318156928016585;0.09867750829666092;0.19133542048833685;0.024042128475034025;0.08586610329614787;0.0;0.018068461080748513;0.04259074977501249;0.02204162861343359;0.03887657039573098;0.04305674331922361;0.046963756519824214;0.1881641342343969;0.023377650108166555;0.14772358596136712;0.0;1.0;0.04305674331922361;0.02258546390480828;0.020168437609475894;0.04381312964590267;0.01976894614374969;0.15295031550578994;0.04039366288825493;0.16825258461390716;0.0;0.04133727606172416;0.9196551515019677;0.2883880052166476;0.10480026751710435;0.3805884941473869;0.19782099016537436;0.38378157669336194;0.021057065768047428;0.0;0.04556206372025016;0.05542096230064979;0.20338918987736987;0.23011228593922625;0.01815312070227472;0.2649245698660107;0.03887657039573098;0.18414088690819055;0.07016111079755417;0.05425474688603673;0.0;0.0;0.09617002529570687;0.159576742802775;0.020699832784681325;0.16805278161133;0.04345876494764459;0.05515405240818077;0.0;0.37628334996714735;0.0;0.0
GO:0042985;0.05262136121035541;0.06767585792175514;0.1761324452222669;0.3595115984431706;0.0;0.06604833504988294;0.048188336269153004;0.0;0.1334693903585367;0.18539723428823837;0.0;0.06208715716471687;0.049052650918654;0.0;0.16525221038610885;0.0;0.0;0.0;0.0;0.05786441677593565;0.0;0.05262136121035541;0.05150319009614524;0.18555428339594493;0.05609059146258336;0.0;0.0;0.0;0.04305674331922361;1.0;0.0;0.0;0.0524479452610096;0.0;0.0;0.054758207775648764;0.0;0.0;0.1623993095913072;0.042033967468315836;0.0;0.0;0.0;0.05909539690818326;0.0;0.0;0.0;0.05463796075480087;0.4566928063845971;0.05353501298181936;0.06923712942137285;0.0;0.0;0.14096215910705703;0.0;0.30371028477099743;0.2159544607869969;0.0;0.0;0.0;0.06460980428665976;0.0;0.0;0.04536331797678813;0.3001558576041848;0.0;0.0;0.0;0.0
GO:0030855;0.0;0.029119810289024935;0.0;0.0;0.0;0.028148241349783023;0.0;0.0;0.0;0.0;0.0;0.0258593173294065;0.026894702582163327;0.0;0.0;0.03934253395376045;0.026010507593517997;0.0;0.025530273575389867;0.02353100656421573;0.03425499070802724;0.0;0.0;0.0;0.0;0.03759394662359104;0.024473722121535486;0.0;0.02258546390480828;0.0;1.0;0.029934248629041402;0.0;0.029062574460453863;0.025699623925739136;0.021887368178553208;0.029497640364179557;0.0;0.0;0.021887368178553208;0.02534985070862077;0.0;0.02678318153724966;0.0;0.02710641583581767;0.03193446986521483;0.0;0.0;0.0;0.0;0.0;0.025699623925739136;0.047683987757334644;0.0;0.03380638334931384;0.0;0.0;0.0;0.27929873376906483;0.0;0.027304806424338603;0.031119979643216958;0.02944592660077792;0.0;0.0;0.0;0.02700235032578918;0.0;0.0
GO:0051258;0.0;0.025222563800652447;0.0;0.0;0.0;0.024490382534443172;0.0;0.0;0.0;0.0;0.0;0.02273919105887121;0.19889716451947997;0.0;0.0;0.0325479085408347;0.022856015435949797;0.0;0.38278933574860113;0.020919068091574542;0.40308803705131707;0.0;0.0;0.0;0.0;0.03134188635527174;0.021660817699326165;0.0;0.020168437609475894;0.0;0.029934248629041402;1.0;0.0;0.025179611779075798;0.1911196646510035;0.01960991546369627;0.025505536408925868;0.0;0.0;0.01960991546369627;0.022344310956209142;0.0;0.023450496235711462;0.0;0.023697922321706092;0.027307271452216265;0.0;0.0;0.0;0.0;0.0;0.022615617199934667;0.03805528729344384;0.0;0.028664490296826457;0.0;0.0;0.0;0.0;0.0;0.023849417185646194;0.2257162265418489;0.025466863791245072;0.0;0.0;0.0;0.023618344348297036;0.0;0.0
GO:0070474;0.12881754945766785;0.06082305747289283;0.24542459959577087;0.05383991633304158;0.0;0.05932998383738329;0.13413824246940428;0.0;0.14353481370418436;0.1531105193109761;0.0;0.05570241043814931;0.050036775344027354;0.0;0.4401558314100539;0.0;0.0;0.0;0.0;0.0518452204188938;0.0;0.12881754945766785;0.3110175141329047;0.05753363185119822;0.13745944830114576;0.0;0.0;0.0;0.04381312964590267;0.0524479452610096;0.0;0.0;1.0;0.0;0.0;0.04901441689918224;0.0;0.0;0.05022799301474899;0.042754545288950875;0.0;0.0;0.0;0.4560178569859469;0.0;0.0;0.0;0.15244134093957587;0.0687435427110257;0.32352140887858627;0.17037877425940723;0.0;0.0;0.04707022364997294;0.0;0.08896671347617949;0.06718109879437537;0.0;0.0;0.0;0.05801156037177137;0.0;0.0;0.04620370596918206;0.1871512048852995;0.0;0.0;0.0;0.0
GO:0042073;0.0;0.024600849209560755;0.0;0.0;0.34118506793743575;0.023903819617006272;0.0;0.5534668539749431;0.0;0.0;0.0;0.022232646214321562;0.23017777196441228;0.0;0.0;0.3155298316720954;0.022344310956209142;0.3909318453026234;0.021988989959064193;0.020489603251445852;0.0281682629105239;0.0;0.0;0.0;0.0;0.30419424319050326;0.021200691870145665;0.36327002891793253;0.01976894614374969;0.0;0.029062574460453863;0.025179611779075798;0.0;1.0;0.022114502266200285;0.01923203648967206;0.024869969259335316;0.0;0.0;0.01923203648967206;0.02185501700479828;0.0;0.022912140393025315;0.0;0.023148279301736893;0.26607845334818336;0.0;0.0;0.0;0.0;0.0;0.022114502266200285;0.03665753567878951;0.0;0.027864208987178653;0.0;0.0;0.0;0.0;0.0;0.023292806773335235;0.026013338331420797;0.024833198588545966;0.0;0.0;0.2507266996313808;0.023072344024018556;0.23096498398733686;0.21877896963141044
GO:0033169;0.0;0.0221476267955128;0.0;0.0;0.0;0.021581082035616674;0.0;0.0;0.0;0.0;0.0;0.020209588569859743;0.17608465935005327;0.11114969353499976;0.0;0.02760260499004786;0.09521890525844975;0.0;0.1690837385876996;0.018758980498249034;0.21125103901384545;0.0;0.0;0.0;0.0;0.026730314344782603;0.16306232003850576;0.0;0.15295031550578994;0.0;0.025699623925739136;0.1911196646510035;0.0;0.022114502266200285;1.0;0.017699386080986357;0.274673639760391;0.0;0.0;0.1491273445345641;0.09332060837077404;0.11897942274404807;0.17499471479777184;0.0;0.17662802486610502;0.02373898114639985;0.0;0.0;0.0;0.0;0.0;0.020111920149896732;0.2268740936772893;0.0;0.304056774011474;0.0;0.0;0.0;0.0;0.1332190086075418;0.2589082712784976;0.19678437314465372;0.18819149687580403;0.0;0.0;0.0;0.1761031439374145;0.0;0.0
GO:0098989;0.04955628121232409;0.16602922302037268;0.05677428619289395;0.056090591462583377;0.0;0.16232406074434566;0.04527438167562236;0.0;0.054758207775648764;0.05809653937669278;0.0;0.15325097165545498;0.045625743983219724;0.0;0.05348765461158716;0.023252654404024527;0.017846288321375487;0.0;0.01761889629646255;0.23265724050190553;0.02137625180786892;0.04955628121232409;0.048188336269153004;0.05959856069666081;0.05262136121035541;0.022630534039172655;0.017109163434613224;0.0;0.04039366288825493;0.054758207775648764;0.021887368178553208;0.01960991546369627;0.04901441689918224;0.01923203648967206;0.017699386080986357;1.0;0.019421595251349472;0.0;0.05262136121035541;0.03949216830960482;0.017532779044369076;0.0;0.01820667084357273;0.05525723054122631;0.018355462662427813;0.02044898396350942;0.0;0.05092186334953819;0.07000510814587257;0.04996252627028004;0.06402661477420833;0.017699386080986357;0.025933973164561742;0.04361053511999991;0.021200691870145665;0.08791408058211622;0.06857582296501505;0.0;0.0;0.0;0.15903818225607758;0.020111920149896736;0.01939916358446598;0.04241703162520308;0.06967815110957122;0.0;0.018307684229438067;0.0;0.0
GO:0018149;0.0;0.02491187050520028;0.0;0.0;0.0;0.024197360767429735;0.0;0.0;0.0;0.0;0.0;0.02248635996482301;0.023265192308447775;0.1260239443382226;0.0;0.03203238479491249;0.106000570430201;0.0;0.022237142051074455;0.020704901455138494;0.028576776962903925;0.0;0.0;0.0;0.0;0.030863578270066177;0.18057063971040535;0.0;0.16825258461390716;0.0;0.029497640364179557;0.025505536408925868;0.0;0.024869969259335316;0.274673639760391;0.019421595251349472;1.0;0.0;0.0;0.1636379314630692;0.10365334440425493;0.13618525607279203;0.1953188880927451;0.0;0.19735582836341656;0.026943466924689418;0.0;0.0;0.0;0.0;0.0;0.022365511497371215;0.26933082032989175;0.0;0.34711234928729523;0.0;0.0;0.0;0.0;0.15047210129089506;0.289483867862336;0.026361352939992373;0.21190433592724897;0.0;0.0;0.0;0.1967007548282497;0.0;0.0
GO:0050965;0.0;0.17905437057002374;0.0;0.0;0.0;0.0;0.0;0.0;0.0;0.0;0.5039281808938837;0.0;0.0;0.0;0.0;0.0;0.0;0.0;0.0;0.0;0.0;0.0;0.0;0.0;0.0;0.0;0.0;0.0;0.0;0.0;0.0;0.0;0.0;0.0;0.0;0.0;0.0;1.0;0.0;0.0;0.0;0.0;0.0;0.0;0.0;0.0;0.1912050508449621;0.0;0.0;0.0;0.0;0.16251660390640682;0.0;0.0;0.0;0.0;0.0;0.17766149799541345;0.0;0.0;0.0;0.0;0.0;0.0;0.0;0.0;0.0;0.0;0.0
GO:0033602;0.5806640695654729;0.06444168885358036;0.30473574728001346;0.166449377036399;0.0;0.06296430687631555;0.3772674271686135;0.0;0.05609059146258336;0.0595985606966608;0.0;0.05935430562821362;0.0468332895451171;0.0;0.5397533187432266;0.0;0.0;0.0;0.0;0.05548353548255347;0.0;0.24943567285020246;0.04936086100569288;0.17713559007674692;0.37608550516854633;0.0;0.0;0.0;0.04133727606172416;0.1623993095913072;0.0;0.0;0.05022799301474899;0.0;0.0;0.05262136121035541;0.0;0.0;1.0;0.04039366288825493;0.0;0.0;0.0;0.17675305965461505;0.0;0.0;0.0;0.2923304166190637;0.20903406344002337;0.051224110257822045;0.4599276884251345;0.0;0.0;0.7064522487615721;0.0;0.09139981101519175;0.20463538942132808;0.0;0.0;0.0;0.061655648908341625;0.0;0.0;0.04345876494764459;0.22431947910257635;0.0;0.0;0.0;0.0
GO:0009450;0.03804081975918655;0.04812204084235155;0.1983799755855658;0.043056743319223614;0.0;0.04704813368835231;0.03949216830960482;0.0;0.042033967468315836;0.04459656634831675;0.0;0.0444183823966275;0.20768491379508427;0.33499315400841245;0.18689587007619532;0.023252654404024527;0.08370207926090609;0.0;0.01761889629646255;0.04158973532777567;0.02137625180786892;0.03804081975918655;0.042033967468315836;0.04574956090136948;0.18386887889215112;0.022630534039172655;0.36870385736917644;0.0;0.9196551515019677;0.042033967468315836;0.021887368178553208;0.01960991546369627;0.042754545288950875;0.01923203648967206;0.1491273445345641;0.03949216830960482;0.1636379314630692;0.0;0.04039366288825493;1.0;0.45695784678912144;0.10161288233653558;0.15340150575242806;0.19307909937344991;0.3675115789384203;0.02044898396350942;0.0;0.0444183823966275;0.053737924558738465;0.1983799755855658;0.2237209681964024;0.017699386080986357;0.13331901695718598;0.03804081975918655;0.17862782733954316;0.06748536435553178;0.052640764347775024;0.0;0.0;0.0934792445494461;0.15541984445200738;0.020111920149896736;0.1634489319745834;0.04241703162520308;0.05348694298016424;0.0;0.36655496304318563;0.0;0.0
GO:0006068;0.0;0.021887368178553204;0.0;0.0;0.0;0.021333893842622458;0.0;0.0;0.0;0.0;0.0;0.019992662136233234;0.020605974847087632;0.3836266263230522;0.0;0.027199520858370334;0.09419222718740371;0.0;0.01979541245547476;0.018571933505860526;0.024666754142322053;0.0;0.0;0.0;0.0;0.026352129467078544;0.7357528579448447;0.0;0.2883880052166476;0.0;0.02534985070862077;0.022344310956209142;0.0;0.02185501700479828;0.09332060837077404;0.017532779044369076;0.10365334440425493;0.0;0.0;0.45695784678912144;1.0;0.11016725882841583;0.0963381308198716;0.0;0.33253547580097303;0.02344023085503357;0.0;0.0;0.0;0.0;0.0;0.01989707421866705;0.1451211865914373;0.0;0.1145961756932418;0.0;0.0;0.0;0.0;0.10010473612102844;0.09777056620692055;0.022998409656064506;0.10351713695114916;0.0;0.0;0.0;0.331558254661369;0.0;0.0
GO:0008202;0.0;0.0;0.0;0.0;0.0;0.0;0.0;0.0;0.0;0.0;0.0;0.0;0.0;0.14570412185239212;0.0;0.0;0.10293332112319314;0.0;0.0;0.0;0.0;0.0;0.0;0.0;0.0;0.0;0.21276010918243216;0.0;0.10480026751710435;0.0;0.0;0.0;0.0;0.0;0.11897942274404807;0.0;0.13618525607279203;0.0;0.0;0.10161288233653558;0.11016725882841583;1.0;0.11627465781305893;0.0;0.11765018977601194;0.0;0.0;0.0;0.0;0.0;0.0;0.0;0.40762464512587987;0.0;0.15558997061988472;0.0;0.0;0.0;0.0;0.14030258188985376;0.1262628708418694;0.0;0.12758674186246644;0.0;0.0;0.0;0.2343096716297595;0.0;0.0
GO:1901687;0.0;0.02294769944426121;0.0;0.0;0.0;0.022340044546693593;0.0;0.0;0.0;0.0;0.0;0.020873666878203672;0.021543128513277464;0.10832822605994598;0.0;0.02885648679453221;0.5696407386226711;0.0;0.020658743440912678;0.01932980117066826;0.02602181388298135;0.0;0.0;0.0;0.0;0.027904513025113844;0.16818630977370344;0.0;0.3805884941473869;0.0;0.02678318153724966;0.023450496235711462;0.0;0.022912140393025315;0.17499471479777184;0.01820667084357273;0.1953188880927451;0.0;0.0;0.15340150575242806;0.0963381308198716;0.11627465781305893;1.0;0.0;0.6947816899043248;0.024660550263540332;0.0;0.0;0.0;0.0;0.0;0.020769490860343062;0.32578347991793044;0.0;0.21706043448443452;0.0;0.0;0.0;0.0;0.10512199970995834;0.18372340082543293;0.02417200776646314;0.6287904824731992;0.0;0.0;0.0;0.5870264034696678;0.0;0.0
GO:0097151;0.1416566185844738;0.06843973612029836;0.24327002023607858;0.06065020204840553;0.0;0.06677571688697134;0.13307932605809494;0.0;0.157704097267879;0.16813038858429202;0.0;0.06272948316682497;0.22566215356838518;0.0;0.4365326759062267;0.0;0.0;0.0;0.0;0.05842194856789883;0.0;0.1416566185844738;0.30839173342839266;0.06477263703294663;0.2853966852799988;0.0;0.0;0.0;0.19782099016537436;0.05909539690818326;0.0;0.0;0.4560178569859469;0.0;0.0;0.05525723054122631;0.0;0.0;0.17675305965461505;0.19307909937344991;0.0;0.0;0.0;1.0;0.0;0.0;0.0;0.1510752034086364;0.0772537157415355;0.32068121864852595;0.35306073153978706;0.0;0.0;0.04671326840924201;0.0;0.09965686663685677;0.07551679086543597;0.0;0.0;0.0;0.06530567954776725;0.0;0.0;0.04580978971272038;0.4027945800603151;0.0;0.0;0.0;0.0
GO:0030206;0.0;0.02318457567359441;0.0;0.0;0.0;0.022564480563036508;0.0;0.0;0.0;0.0;0.0;0.0210694772468693;0.0217517631520261;0.10952120514468405;0.0;0.029232052512171966;0.5750098162405679;0.0;0.020850523764655553;0.019497601088495117;0.026326827529873666;0.0;0.0;0.0;0.0;0.02825555697840355;0.16969445228016322;0.0;0.38378157669336194;0.0;0.02710641583581767;0.023697922321706092;0.0;0.023148279301736893;0.17662802486610502;0.018355462662427813;0.19735582836341656;0.0;0.0;0.3675115789384203;0.33253547580097303;0.11765018977601194;0.6947816899043248;0.0;1.0;0.024934318744491406;0.0;0.0;0.0;0.0;0.0;0.02096334253509538;0.39771467524914633;0.0;0.21957901356734005;0.0;0.0;0.0;0.0;0.13967429725576858;0.18552455114653188;0.024434978772287282;0.6353388760309666;0.0;0.0;0.0;0.5927298558713384;0.0;0.0
GO:0002576;0.0;0.026627885907366575;0.0;0.0;0.3814107427055247;0.02581315972925072;0.0;0.35925293632699806;0.0;0.0;0.0;0.02387517319732646;0.24780979966593336;0.0;0.0;0.7940611125416877;0.024003994591082614;0.2646240993042451;0.023594412171996895;0.021876643500360515;0.030857951377877575;0.0;0.0;0.0;0.0;0.7625731709695446;0.02268917370486198;0.2271292693960369;0.021057065768047428;0.0;0.03193446986521483;0.027307271452216265;0.0;0.26607845334818336;0.02373898114639985;0.02044898396350942;0.026943466924689418;0.0;0.0;0.02044898396350942;0.02344023085503357;0.0;0.024660550263540332;0.0;0.024934318744491406;1.0;0.0;0.0;0.0;0.0;0.0;0.02373898114639985;0.04134771691671265;0.0;0.030493434816890264;0.0;0.0;0.0;0.0;0.0;0.025102089884096453;0.028290600778426107;0.02690031457200411;0.0;0.0;0.4417507479492368;0.024846235913485015;0.24872247370833694;0.23464770369479623
GO:0045471;0.0;0.2131492971387222;0.0;0.0;0.0;0.0;0.0;0.0;0.0;0.0;0.2511706242611495;0.0;0.0;0.0;0.0;0.0;0.0;0.0;0.0;0.0;0.0;0.0;0.0;0.0;0.0;0.0;0.0;0.0;0.0;0.0;0.0;0.0;0.0;0.0;0.0;0.0;0.0;0.1912050508449621;0.0;0.0;0.0;0.0;0.0;0.0;0.0;0.0;1.0;0.0;0.0;0.0;0.0;0.5257206353213998;0.0;0.0;0.0;0.0;0.0;0.7047849293615499;0.0;0.0;0.0;0.0;0.0;0.0;0.0;0.0;0.0;0.0;0.0
GO:0010875;0.3521087691144945;0.0637881086933065;0.05693015079675134;0.05615028101693404;0.0;0.06214787857114652;0.7099659696440218;0.0;0.1495282508988402;0.1599493683041986;0.0;0.05817906212248732;0.0523308794502958;0.0;0.29777021567490736;0.0;0.0;0.0;0.0;0.053984164015493524;0.0;0.3521087691144945;0.1495282508988402;0.06017966820016245;0.3766733917482143;0.0;0.0;0.0;0.04556206372025016;0.05463796075480087;0.0;0.0;0.15244134093957587;0.0;0.0;0.05092186334953819;0.0;0.0;0.2923304166190637;0.0444183823966275;0.0;0.0;0.0;0.1510752034086364;0.0;0.0;0.0;1.0;0.0725553003651955;0.15580131019618004;0.4713869384301878;0.0;0.0;0.2732661914151622;0.0;0.09545693082629923;0.07081697158746894;0.0;0.0;0.0;0.06070276841424934;0.0;0.0;0.04815294659645838;0.1974715098224164;0.0;0.0;0.0;0.0
GO:0010951;0.06655016501606317;0.09260213167742307;0.23235316547364507;0.47232247183033754;0.0;0.08958168167476045;0.06160591861795575;0.0;0.17396475319242746;0.18471442942462518;0.0;0.08244729991156037;0.06576867679625607;0.0;0.2137846674575759;0.0;0.0;0.0;0.0;0.07516340134517313;0.0;0.06655016501606317;0.06712954730391871;0.24903460745109887;0.07219762376875083;0.0;0.0;0.0;0.05542096230064979;0.4566928063845971;0.0;0.0;0.0687435427110257;0.0;0.0;0.07000510814587257;0.0;0.0;0.20903406344002337;0.053737924558738465;0.0;0.0;0.0;0.0772537157415355;0.0;0.0;0.0;0.0725553003651955;1.0;0.07062315926120949;0.09555034463214339;0.0;0.0;0.1782746537493426;0.0;0.36653507172376265;0.30704481608444073;0.0;0.0;0.0;0.08695579138702872;0.0;0.0;0.33648491309357437;0.4522589529492215;0.0;0.0;0.0;0.0
