;GO:0008380;GO:0038155;GO:0032570;GO:0006366;GO:0046777;GO:0006369;GO:0032091;GO:0007214;GO:0002322;GO:0045892;GO:0046784;GO:0016051;GO:0045893;GO:0072425;GO:0033135;GO:0035556;GO:0045739;GO:0016239;GO:0009440;GO:0007140;GO:0007265;GO:0043278;GO:0006406;GO:0030855;GO:0051412;GO:0032870;GO:0008285;GO:0043123;GO:0051591;GO:0045944;GO:0006303;GO:0009615;GO:0000122;GO:0030206;GO:0002337;GO:0071277;GO:0000082;GO:0050859;GO:0032228;GO:0070106;GO:0016236;GO:1900087;GO:0006351;GO:1900122;GO:0007169;GO:0038083;GO:0008334;GO:0007565;GO:0009267;GO:0006397;GO:0060337;GO:0000098;GO:0006306;GO:0010923;GO:0045087;GO:0043066;GO:0035928;GO:0031124;GO:0070537;GO:0035722
GO:0008380;1.0;0.2147479889743614;0.0;0.6606264250404181;0.4740055803176203;0.7024844546815007;0.0;0.2224656166807166;0.16286158077412202;0.0;0.0;0.3760257680537072;0.0;0.13147465432515185;0.0;0.23077251877327531;0.0;0.0;0.45321526410264484;0.1880328221492715;0.21473586220637172;0.0;0.0;0.2407617807361181;0.0;0.19411475923785024;0.0;0.0;0.0;0.0;0.6870675836342789;0.0;0.0;0.3577937098258457;0.1725252646069781;0.19460808884646086;0.22376053185339767;0.0;0.0;0.2147479889743614;0.3641151163967096;0.0;0.673926004180152;0.0;0.21473901731056588;0.4313709321407625;0.8929358092355282;0.0;0.17702879427134116;0.9218474949786131;0.2147479889743614;0.37490853405344415;0.7213082888623231;0.0;0.0;0.0;0.0;0.8762284720413698;0.40265898925743876;0.2147479889743614
GO:0038155;0.2147479889743614;1.0;0.0;0.14808859642551378;0.194565149389771;0.15942242051123642;0.31389400256441463;0.74624326032725;0.2067789150534587;0.22446419629691639;0.0;0.0;0.22930401079163149;0.37785965563977003;0.3646852305328763;0.7861043096265699;0.2699242438828043;0.35274999710860655;0.21466072483221185;0.24912060954172222;0.7102291129436308;0.0;0.0;0.35095321838712384;0.0;0.25990962258163247;0.5318973305458852;0.35214766231246325;0.0;0.21982095690379427;0.16727545068985794;0.0;0.215369590357799;0.15934985407212515;0.2226104555176382;0.26079481778585645;0.3159594747957;0.3194140005503174;0.5060618014452164;0.9036595449209444;0.29871500075668;0.33065433140743644;0.15165951840986783;0.28474823957720174;0.8070538644769412;0.1731140738325347;0.21474782726714442;0.0;0.23016559305593087;0.20764830771020512;0.9036595449209444;0.16795419021759536;0.17754192524559206;0.29159102299111583;0.0;0.4417765264414287;0.0;0.19476256789360388;0.15919944802674102;0.9036595449209444
GO:0032570;0.0;0.0;1.0;0.0;0.0;0.0;0.0;0.0;0.0;0.0;0.0;0.0;0.0;0.14398532704953887;0.0;0.0;0.0;0.0;0.0;0.0;0.0;0.488139402914277;0.0;0.0;0.8047561798277825;0.5226114224667268;0.0;0.0;0.5441513761411946;0.0;0.1510257491072197;0.26090626459430877;0.0;0.0;0.0;0.3000540053967085;0.0;0.0;0.0;0.0;0.0;0.0;0.0;0.0;0.0;0.0;0.0;0.0;0.2004842918685017;0.0;0.0;0.0;0.0;0.0;0.27264240066488205;0.0;0.0;0.0;0.0;0.0
GO:0006366;0.6606264250404181;0.14808859642551378;0.0;1.0;0.3954773226722705;0.8846065548871033;0.0;0.15171813086675942;0.1214140814111568;0.0;0.0;0.357795118405234;0.0;0.10307023408939882;0.0;0.15553635577636976;0.0;0.0;0.3353326549963876;0.13487424744376994;0.14808282958814323;0.0;0.0;0.16001084115038958;0.0;0.13797508785511092;0.0;0.0;0.0;0.0;0.5679403025916627;0.0;0.0;0.41609224925558147;0.12670503937739422;0.13822414690896478;0.1523192870494467;0.0;0.0;0.14808859642551378;0.2510098414679303;0.0;0.98409060801846;0.0;0.14808433000513377;0.36803093512580676;0.6606261375231838;0.0;0.12911735949310837;0.6478244985582138;0.14808859642551378;0.29089884474345024;0.5896760671317884;0.0;0.0;0.0;0.0;0.6236394433882082;0.3488383371243473;0.14808859642551378
GO:0046777;0.4740055803176203;0.194565149389771;0.0;0.3954773226722705;1.0;0.3789654259488255;0.0;0.2008789566043442;0.1509837542811822;0.0;0.0;0.339433660807056;0.0;0.1236235396124052;0.0;0.20762752212419153;0.0;0.0;0.4195978294983347;0.17237616671007458;0.19455519489400466;0.0;0.0;0.2156785945065727;0.0;0.17747371031065867;0.0;0.0;0.0;0.0;0.4349242116904596;0.0;0.0;0.3767796651224055;0.15925346815957145;0.1778859914941558;0.2019341673081015;0.0;0.0;0.194565149389771;0.32986187213293033;0.0;0.40298009713966454;0.0;0.1945577848334419;0.9157988021409926;0.47400532237987475;0.0;0.16308307513197187;0.4625761457457407;0.194565149389771;0.3936150293964659;0.4996653919951101;0.0;0.0;0.0;0.0;0.44128240217568787;0.6585100984268618;0.194565149389771
GO:0006369;0.7024844546815007;0.15942242051123642;0.0;0.8846065548871033;0.3789654259488255;1.0;0.0;0.16363668603838355;0.12892901551662675;0.0;0.0;0.38596832556178623;0.0;0.10843574629462563;0.0;0.16808717109795196;0.0;0.0;0.3565744001555785;0.1442118511448218;0.15941573719558247;0.0;0.0;0.17332507753645837;0.0;0.1477625599716699;0.0;0.0;0.0;0.0;0.5622888840455197;0.0;0.0;0.4378149552947122;0.13491134751587605;0.14804824363259408;0.16433622016358373;0.0;0.0;0.15942242051123642;0.27023550710185873;0.0;0.8993902626133443;0.0;0.15941747605825632;0.351213143776707;0.702484129575172;0.0;0.13764964089920373;0.6880265963593356;0.15942242051123642;0.30663583905799685;0.5850162849540547;0.0;0.0;0.0;0.0;0.6608097495912507;0.3319420091941133;0.15942242051123642
GO:0032091;0.0;0.31389400256441463;0.0;0.0;0.0;0.0;1.0;0.3306611023287821;0.0;0.13576178944061099;0.0;0.0;0.13875675750584576;0.162993963634965;0.22373482176580714;0.3493523768160281;0.1640090859947268;0.21614865550541124;0.0;0.0;0.3138680941061029;0.0;0.0;0.0;0.0;0.0;0.3319981869647436;0.21576629521777696;0.0;0.1328912122287729;0.0;0.0;0.1301417776414878;0.0;0.0;0.0;0.0;0.19505759613151508;0.31502522836273317;0.31389400256441463;0.0;0.20215312497818994;0.0;0.6065578756988496;0.3138748347569422;0.0;0.0;0.0;0.0;0.0;0.31389400256441463;0.0;0.0;0.300845711170182;0.0;0.27318466885069337;0.0;0.0;0.0;0.31389400256441463
GO:0007214;0.2224656166807166;0.74624326032725;0.0;0.15171813086675942;0.2008789566043442;0.16363668603838355;0.3306611023287821;1.0;0.21392485428045493;0.22938358017154845;0.0;0.0;0.2344402487165595;0.3878005812867301;0.37785080568215357;0.8303885688799914;0.27706973851039374;0.3650533847390879;0.22237196899137773;0.25956661660934627;0.7461817663672266;0.0;0.0;0.3720461974117501;0.0;0.27130070795807726;0.5603752367152579;0.36440833855616545;0.0;0.22453678430290855;0.1719211746329493;0.0;0.2198943951799644;0.16356023328328476;0.23091447852907415;0.27226533852432694;0.3329539342511197;0.32946870778036935;0.5317735491039747;0.74624326032725;0.3138605704374334;0.34144109896776165;0.1554684553038043;0.2984780740956584;0.7461977653645193;0.17809459673307879;0.2224654431417625;0.0;0.23905409158873384;0.21485551001955044;0.74624326032725;0.172638219627145;0.18278434439895713;0.29994745016404534;0.0;0.46124517385394015;0.0;0.20108940273279988;0.163401778058406;0.74624326032725
GO:0002322;0.16286158077412202;0.2067789150534587;0.0;0.1214140814111568;0.1509837542811822;0.12892901551662675;0.0;0.21392485428045493;1.0;0.0;0.0;0.0;0.0;0.12844405485807917;0.0;0.22159517728545386;0.0;0.0;0.16281138611072044;0.18189482742266647;0.20676767158586992;0.0;0.0;0.23078990511475242;0.0;0.18758017455004058;0.0;0.0;0.0;0.0;0.1340172489120359;0.0;0.0;0.12888155022414496;0.4490601936269285;0.18804080939143328;0.21512198334291135;0.0;0.0;0.2067789150534587;0.20698641003698373;0.0;0.12380405443248416;0.0;0.20677059688029076;0.1377391423279179;0.16286148776863685;0.0;0.17157777836768753;0.15874533805011878;0.2067789150534587;0.13445257019161755;0.1405276961931628;0.0;0.22182064316897135;0.0;0.0;0.1511026098399296;0.1287831441650037;0.2067789150534587
GO:0045892;0.0;0.22446419629691639;0.0;0.0;0.0;0.0;0.13576178944061099;0.22938358017154845;0.0;1.0;0.0;0.0;0.5690051754656396;0.22446126134997643;0.38005082314958866;0.23453190389329298;0.35152422923554916;0.2622396054181624;0.0;0.0;0.22445636019882118;0.0;0.0;0.0;0.0;0.0;0.31972371301034963;0.18825435464382465;0.0;0.5537590352754593;0.0;0.0;0.9735606020461115;0.0;0.0;0.0;0.0;0.24835644361628734;0.22480561292082737;0.22446419629691636;0.0;0.18193228178493615;0.0;0.13000641353237344;0.22445839900259446;0.0;0.0;0.0;0.0;0.0;0.22446419629691636;0.0;0.0;0.3667444148763288;0.0;0.29383126246312263;0.0;0.0;0.0;0.22446419629691636
GO:0046784;0.0;0.0;0.0;0.0;0.0;0.0;0.0;0.0;0.0;0.0;1.0;0.0;0.0;0.0;0.0;0.0;0.0;0.0;0.0;0.0;0.0;0.0;0.3078912168849221;0.0;0.0;0.0;0.0;0.0;0.0;0.0;0.0;0.271050176208937;0.0;0.0;0.0;0.0;0.0;0.0;0.0;0.0;0.0;0.0;0.0;0.0;0.0;0.0;0.0;0.2832105765815704;0.0;0.0;0.0;0.0;0.0;0.0;0.0;0.0;0.3384118398961783;0.0;0.0;0.0
GO:0016051;0.3760257680537072;0.0;0.0;0.357795118405234;0.339433660807056;0.38596832556178623;0.0;0.0;0.0;0.0;0.0;1.0;0.0;0.0;0.0;0.0;0.0;0.0;0.29947357113173645;0.0;0.0;0.0;0.0;0.0;0.0;0.0;0.0;0.0;0.0;0.0;0.2903820813582571;0.0;0.0;0.32964557341864686;0.0;0.0;0.0;0.0;0.0;0.0;0.31527323153322784;0.0;0.3666591390271698;0.0;0.0;0.3008358293445818;0.37602547379238166;0.0;0.0;0.3631230970090964;0.0;0.2915961927865749;0.30877843596396903;0.0;0.0;0.0;0.0;0.33979028431804253;0.2759588168119574;0.0
GO:0045893;0.0;0.22930401079163149;0.0;0.0;0.0;0.0;0.13875675750584576;0.2344402487165595;0.0;0.5690051754656396;0.0;0.0;1.0;0.16378901443737132;0.3870301879046922;0.23982072189214945;0.5775334987686939;0.4151960549410252;0.0;0.0;0.2292958331385248;0.0;0.0;0.0;0.0;0.0;0.23483684439180433;0.2666859508866279;0.0;0.9728419195819074;0.0;0.0;0.5537595493375639;0.0;0.0;0.0;0.0;0.18152290498541152;0.22966032082649554;0.22930401079163146;0.0;0.2575740609826756;0.0;0.13275026548978425;0.2292979608072348;0.0;0.0;0.0;0.0;0.0;0.22930401079163146;0.0;0.0;0.23963727652157252;0.0;0.21543360278321796;0.0;0.0;0.0;0.22930401079163146
GO:0072425;0.13147465432515185;0.37785965563977003;0.14398532704953887;0.10307023408939882;0.1236235396124052;0.10843574629462563;0.162993963634965;0.3878005812867301;0.12844405485807917;0.22446126134997643;0.0;0.0;0.16378901443737132;1.0;0.22289170879536274;0.4525860957486151;0.1835153304568018;0.218375810353047;0.131441940590503;0.14360537533517126;0.4293461670182664;0.1407314708636816;0.0;0.17244975959295183;0.1377811213124614;0.24923304502826724;0.3839296033396471;0.21814481908841155;0.15124721566764796;0.15889284340849602;0.30072101767337295;0.16289356465220187;0.2178504024550121;0.10840216903965151;0.13438043086724638;0.24971283125902968;0.16354913201667584;0.28543581099684584;0.268785694476293;0.37785965563977;0.15880375685033943;0.3320645314841883;0.10478747694646154;0.15476804911173478;0.37784799085877574;0.11460076064334118;0.13147459371360135;0.0;0.32375572027545757;0.12877897424548518;0.37785965563977;0.11231648922348221;0.11652458222235049;0.26895533233799856;0.22489796156132288;0.34719117416318424;0.0;0.1237032104636894;0.10833254343550082;0.37785965563977
GO:0033135;0.0;0.3646852305328763;0.0;0.0;0.0;0.0;0.22373482176580714;0.37785080568215357;0.0;0.38005082314958866;0.0;0.0;0.3870301879046922;0.22289170879536274;1.0;0.3920262639402609;0.4439295131971469;0.3872223170090741;0.0;0.0;0.36466454662533493;0.0;0.0;0.0;0.0;0.0;0.37888207947535085;0.2778550069562045;0.0;0.3733136175056046;0.0;0.0;0.3668164816912169;0.0;0.0;0.0;0.0;0.2570684376394824;0.3655872994331385;0.3646852305328763;0.0;0.2642993959751748;0.0;0.20852176983053664;0.3646699280980856;0.0;0.0;0.0;0.0;0.0;0.3646852305328763;0.0;0.0;0.42359034770431875;0.0;0.33081150805926474;0.0;0.0;0.0;0.3646852305328763
GO:0035556;0.23077251877327531;0.7861043096265699;0.0;0.15553635577636976;0.20762752212419153;0.16808717109795196;0.3493523768160281;0.8303885688799914;0.22159517728545386;0.23453190389329298;0.0;0.0;0.23982072189214945;0.4525860957486151;0.3920262639402609;1.0;0.28461632391020775;0.378268096184029;0.23067174845635346;0.27094613549748925;0.893177273536328;0.0;0.0;0.3958776174692267;0.0;0.2837570249851376;0.5921291278727606;0.3775755484708623;0.0;0.22946750361879942;0.17684047273222067;0.0;0.22462118693014754;0.16800650419061222;0.23987703575393673;0.28481244010893075;0.35191275233773056;0.34019484866082117;0.560286245075523;0.7861043096265699;0.33065250286408016;0.35297459128797287;0.15948027459181627;0.31362465958699104;0.7860538247370689;0.1833789560859245;0.23077233203241823;0.0;0.24867279562595312;0.22259392299616704;0.7861043096265699;0.1775992299502064;0.18835502568049375;0.30881166897752316;0.0;0.48254475307504696;0.0;0.20785235363563592;0.167839321282765;0.7861043096265699
GO:0045739;0.0;0.2699242438828043;0.0;0.0;0.0;0.0;0.1640090859947268;0.27706973851039374;0.0;0.35152422923554916;0.0;0.0;0.5775334987686939;0.1835153304568018;0.4439295131971469;0.28461632391020775;1.0;0.47499339192778894;0.0;0.0;0.2699129124083228;0.0;0.0;0.0;0.0;0.0;0.2776238477968011;0.39090295799285996;0.0;0.5602073688365548;0.0;0.0;0.34113456683119714;0.0;0.0;0.0;0.0;0.2472243570346228;0.2704181087132953;0.2699242438828042;0.0;0.29318974310931445;0.0;0.1556830078022034;0.2699158606271692;0.0;0.0;0.0;0.0;0.0;0.2699242438828042;0.0;0.0;0.270166686063185;0.0;0.2509081707656;0.0;0.0;0.0;0.2699242438828042
GO:0016239;0.0;0.35274999710860655;0.0;0.0;0.0;0.0;0.21614865550541124;0.3650533847390879;0.0;0.2622396054181624;0.0;0.0;0.4151960549410252;0.218375810353047;0.3872223170090741;0.378268096184029;0.47499339192778894;1.0;0.0;0.0;0.35273064487573064;0.0;0.0;0.0;0.0;0.0;0.36601589616016444;0.3769319704101762;0.0;0.40073402999321267;0.0;0.0;0.25326192822061505;0.0;0.0;0.0;0.0;0.25108009333165426;0.3535939189788552;0.35274999710860655;0.0;0.35898286157837633;0.0;0.2019169582405946;0.3527356798845507;0.0;0.0;0.0;0.0;0.0;0.35274999710860655;0.0;0.0;0.32505630854993567;0.0;0.3209605606113175;0.0;0.0;0.0;0.35274999710860655
GO:0009440;0.45321526410264484;0.21466072483221185;0.0;0.3353326549963876;0.4195978294983347;0.3565744001555785;0.0;0.22237196899137773;0.16281138611072044;0.0;0.0;0.29947357113173645;0.0;0.131441940590503;0.0;0.23067174845635346;0.0;0.0;1.0;0.1879659158673495;0.21464860791751253;0.0;0.0;0.24065209975443771;0.0;0.19404345560054967;0.0;0.0;0.0;0.0;0.3709897941310693;0.0;0.0;0.44437653182871334;0.1724689374648917;0.1945364223887222;0.22366579102505943;0.0;0.0;0.21466072483221185;0.507128412236967;0.0;0.34208187711668425;0.0;0.21465176045816223;0.381866998664323;0.4532149975769682;0.0;0.1769694885716731;0.44142822533523524;0.21466072483221185;0.6449765179196184;0.38947340003994674;0.0;0.0;0.0;0.0;0.4195899001176747;0.356456366766203;0.21466072483221185
GO:0007140;0.1880328221492715;0.24912060954172222;0.0;0.13487424744376994;0.17237616671007458;0.1442118511448218;0.0;0.25956661660934627;0.18189482742266647;0.0;0.0;0.0;0.0;0.14360537533517126;0.0;0.27094613549748925;0.0;0.0;0.1879659158673495;1.0;0.24910429021460168;0.0;0.0;0.28482059641647467;0.0;0.22177420469512238;0.0;0.0;0.0;0.0;0.15060778604944927;0.0;0.0;0.1441524687402228;0.19403341753836867;0.2224183731102432;0.34996905231514047;0.0;0.0;0.24912060954172222;0.24942184331325587;0.0;0.13782995680504015;0.0;0.24910853609719666;0.15532442953541054;0.18803269817300283;0.2708003499673432;0.19974841834931195;0.18256722242475698;0.24912060954172222;0.1511577801355019;0.1588796603965753;0.0;0.0;0.0;0.0;0.17253110613430397;0.2442939436000371;0.24912060954172222
GO:0007265;0.21473586220637172;0.7102291129436308;0.0;0.14808282958814323;0.19455519489400466;0.15941573719558247;0.3138680941061029;0.7461817663672266;0.20676767158586992;0.22445636019882118;0.0;0.0;0.2292958331385248;0.4293461670182664;0.36466454662533493;0.893177273536328;0.2699129124083228;0.35273064487573064;0.21464860791751253;0.24910429021460168;1.0;0.0;0.0;0.3509208314586657;0.0;0.2598918591684671;0.5318533317729103;0.3521283761107862;0.0;0.21981344164032873;0.16726809274216017;0.0;0.21536237637525715;0.15934317683922772;0.22259742453769418;0.2607769331742268;0.3159332242663336;0.31939813309836945;0.5060219729587498;0.7102291129436308;0.29869153733566867;0.33063732756905556;0.1516534701087084;0.28472691890175683;0.7101879031263776;0.17310619328549928;0.2147357005174174;0.0;0.23015166258168274;0.2076369695011442;0.7102291129436308;0.16794677243862743;0.1775336364208579;0.2915777993981221;0.0;0.44174617381317;0.0;0.19475259318714405;0.1591927833925527;0.7102291129436308
GO:0043278;0.0;0.0;0.488139402914277;0.0;0.0;0.0;0.0;0.0;0.0;0.0;0.0;0.0;0.0;0.1407314708636816;0.0;0.0;0.0;0.0;0.0;0.0;0.0;1.0;0.0;0.0;0.39278250283879945;0.3608396170241322;0.0;0.0;0.5971260766392473;0.0;0.14744985830467117;0.25041486328084644;0.0;0.0;0.0;0.28966591856536894;0.0;0.0;0.0;0.0;0.0;0.0;0.0;0.0;0.0;0.0;0.0;0.0;0.19423129171378592;0.0;0.0;0.0;0.0;0.0;0.26120660361213305;0.0;0.0;0.0;0.0;0.0
GO:0006406;0.0;0.0;0.0;0.0;0.0;0.0;0.0;0.0;0.0;0.0;0.3078912168849221;0.0;0.0;0.0;0.0;0.0;0.0;0.0;0.0;0.0;0.0;0.0;1.0;0.0;0.0;0.0;0.0;0.0;0.0;0.0;0.0;0.0;0.0;0.0;0.0;0.0;0.0;0.0;0.0;0.0;0.0;0.0;0.0;0.0;0.0;0.0;0.0;0.0;0.0;0.0;0.0;0.0;0.0;0.0;0.0;0.0;0.5995228614535351;0.0;0.0;0.0
GO:0030855;0.2407617807361181;0.35095321838712384;0.0;0.16001084115038958;0.2156785945065727;0.17332507753645837;0.0;0.3720461974117501;0.23078990511475242;0.0;0.0;0.0;0.0;0.17244975959295183;0.0;0.3958776174692267;0.0;0.0;0.24065209975443771;0.28482059641647467;0.3509208314586657;0.0;0.0;1.0;0.0;0.2990114634786874;0.0;0.0;0.0;0.0;0.18264754556578283;0.0;0.0;0.17323930611997704;0.5066372415900149;0.30018363885195243;0.37568210059023455;0.0;0.0;0.35095321838712384;0.35155135104818724;0.0;0.1641879891682977;0.0;0.3509292575641479;0.1896309788153494;0.24076157747877433;0.0;0.26031090415549946;0.2318734556282411;0.35095321838712384;0.1834570670450608;0.1949570626318209;0.0;0.0;0.0;0.0;0.21592121063251757;0.17306155223759104;0.35095321838712384
GO:0051412;0.0;0.0;0.8047561798277825;0.0;0.0;0.0;0.0;0.0;0.0;0.0;0.0;0.0;0.0;0.1377811213124614;0.0;0.0;0.0;0.0;0.0;0.0;0.0;0.39278250283879945;0.0;0.0;1.0;0.48858598380727475;0.0;0.0;0.5073027706333505;0.0;0.14421432923886848;0.2412236566257878;0.0;0.0;0.0;0.28046526113697223;0.0;0.0;0.0;0.0;0.0;0.0;0.0;0.0;0.0;0.0;0.0;0.0;0.18865581599824546;0.0;0.0;0.0;0.0;0.0;0.2512219220658317;0.0;0.0;0.0;0.0;0.0
GO:0032870;0.19411475923785024;0.25990962258163247;0.5226114224667268;0.13797508785511092;0.17747371031065867;0.1477625599716699;0.0;0.27130070795807726;0.18758017455004058;0.0;0.0;0.0;0.0;0.24923304502826724;0.0;0.2837570249851376;0.0;0.0;0.19404345560054967;0.22177420469512238;0.2598918591684671;0.3608396170241322;0.0;0.2990114634786874;0.48858598380727475;1.0;0.0;0.0;0.40372101853674885;0.0;0.26169885392655057;0.27140422754248;0.0;0.1477002180354288;0.20051641984954818;0.5454734285652735;0.2732289993153172;0.0;0.0;0.25990962258163247;0.26023753042476444;0.0;0.14106982581466818;0.0;0.25989648075659555;0.15945126776830754;0.1941146271118347;0.0;0.35002639598361446;0.18829534215176347;0.25990962258163247;0.15506339574023478;0.1632002071602341;0.0;0.28412683395875105;0.0;0.0;0.177637953398819;0.14757099075811772;0.25990962258163247
GO:0008285;0.0;0.5318973305458852;0.0;0.0;0.0;0.0;0.3319981869647436;0.5603752367152579;0.0;0.31972371301034963;0.0;0.0;0.23483684439180433;0.3839296033396471;0.37888207947535085;0.5921291278727606;0.2776238477968011;0.36601589616016444;0.0;0.0;0.5318533317729103;0.0;0.0;0.0;0.0;0.0;1.0;0.3653674470152931;0.0;0.22490055489776373;0.0;0.0;0.30647633540310387;0.0;0.0;0.0;0.0;0.4595581154292022;0.5338184387066065;0.5318973305458852;0.0;0.3422829798829399;0.0;0.299567121180695;0.5318647790123628;0.0;0.0;0.0;0.0;0.0;0.5318973305458852;0.0;0.0;0.41829134159443243;0.0;0.643978755257415;0.0;0.0;0.0;0.5318973305458852
GO:0043123;0.0;0.35214766231246325;0.0;0.0;0.0;0.0;0.21576629521777696;0.36440833855616545;0.0;0.18825435464382465;0.0;0.0;0.2666859508866279;0.21814481908841155;0.2778550069562045;0.3775755484708623;0.39090295799285996;0.3769319704101762;0.0;0.0;0.3521283761107862;0.0;0.0;0.0;0.0;0.0;0.3653674470152931;1.0;0.0;0.2574051316626721;0.0;0.0;0.1818152173235326;0.0;0.0;0.0;0.0;0.44776331399068375;0.4925638726498948;0.35214766231246325;0.0;0.35853437222470813;0.0;0.20158325234487648;0.35213339394014476;0.0;0.0;0.0;0.0;0.0;0.35214766231246325;0.0;0.0;0.23329766660585427;0.0;0.3204618207390512;0.0;0.0;0.0;0.35214766231246325
GO:0051591;0.0;0.0;0.5441513761411946;0.0;0.0;0.0;0.0;0.0;0.0;0.0;0.0;0.0;0.0;0.15124721566764796;0.0;0.0;0.0;0.0;0.0;0.0;0.0;0.5971260766392473;0.0;0.0;0.5073027706333505;0.40372101853674885;0.0;0.0;1.0;0.0;0.1590349178798985;0.2857686659055653;0.0;0.0;0.0;0.32419766631594604;0.0;0.0;0.0;0.0;0.0;0.0;0.0;0.0;0.0;0.0;0.0;0.0;0.21484761198305713;0.0;0.0;0.0;0.0;0.0;0.29990871527380336;0.0;0.0;0.0;0.0;0.0
GO:0045944;0.0;0.21982095690379427;0.0;0.0;0.0;0.0;0.1328912122287729;0.22453678430290855;0.0;0.5537590352754593;0.0;0.0;0.9728419195819074;0.15889284340849602;0.3733136175056046;0.22946750361879942;0.5602073688365548;0.40073402999321267;0.0;0.0;0.21981344164032873;0.0;0.0;0.0;0.0;0.0;0.22490055489776373;0.2574051316626721;0.0;1.0;0.0;0.0;0.5654260455994443;0.0;0.0;0.0;0.0;0.17552849376486984;0.22014838431316308;0.21982095690379425;0.0;0.248906298796619;0.0;0.12737170156324895;0.21981539697007452;0.0;0.0;0.0;0.0;0.0;0.21982095690379425;0.0;0.0;0.23211803388497038;0.0;0.20704210299473738;0.0;0.0;0.0;0.21982095690379425
GO:0006303;0.6870675836342789;0.16727545068985794;0.1510257491072197;0.5679403025916627;0.4349242116904596;0.5622888840455197;0.0;0.1719211746329493;0.1340172489120359;0.0;0.0;0.2903820813582571;0.0;0.30072101767337295;0.0;0.17684047273222067;0.0;0.0;0.3709897941310693;0.15060778604944927;0.16726809274216017;0.14744985830467117;0.0;0.18264754556578283;0.14421432923886848;0.26169885392655057;0.0;0.0;0.1590349178798985;0.0;1.0;0.17196273876420282;0.0;0.3046724871357661;0.14049294688900255;0.2622278859874465;0.17269349999621253;0.0;0.0;0.16727545068985794;0.2835579114727235;0.0;0.5777349987395682;0.0;0.16727000712743287;0.4019576843527435;0.6870672528046902;0.0;0.33879381718992624;0.6723674392483426;0.16727545068985794;0.3171605245299592;0.6835897193092948;0.0;0.23778487957626043;0.0;0.0;0.6447607178960643;0.37917300207942484;0.16727545068985794
GO:0009615;0.0;0.0;0.26090626459430877;0.0;0.0;0.0;0.0;0.0;0.0;0.0;0.271050176208937;0.0;0.0;0.16289356465220187;0.0;0.0;0.0;0.0;0.0;0.0;0.0;0.25041486328084644;0.0;0.0;0.2412236566257878;0.27140422754248;0.0;0.0;0.2857686659055653;0.0;0.17196273876420282;1.0;0.0;0.0;0.0;0.27236959570259606;0.0;0.0;0.0;0.0;0.0;0.0;0.0;0.0;0.0;0.0;0.0;0.34864978367953053;0.3212863790736289;0.0;0.0;0.0;0.0;0.0;0.34945071118644055;0.0;0.0;0.0;0.0;0.0
GO:0000122;0.0;0.215369590357799;0.0;0.0;0.0;0.0;0.1301417776414878;0.2198943951799644;0.0;0.9735606020461115;0.0;0.0;0.5537595493375639;0.2178504024550121;0.3668164816912169;0.22462118693014754;0.34113456683119714;0.25326192822061505;0.0;0.0;0.21536237637525715;0.0;0.0;0.0;0.0;0.0;0.30647633540310387;0.1818152173235326;0.0;0.5654260455994443;0.0;0.0;1.0;0.0;0.0;0.0;0.0;0.2402884337491203;0.21568388176577058;0.21536959035779898;0.0;0.17591145257746327;0.0;0.1248437420035182;0.2153642533183529;0.0;0.0;0.0;0.0;0.0;0.21536959035779898;0.0;0.0;0.35541491930654584;0.0;0.28260498078858454;0.0;0.0;0.0;0.21536959035779898
GO:0030206;0.3577937098258457;0.15934985407212515;0.0;0.41609224925558147;0.3767796651224055;0.4378149552947122;0.0;0.16356023328328476;0.12888155022414496;0.0;0.0;0.32964557341864686;0.0;0.10840216903965151;0.0;0.16800650419061222;0.0;0.0;0.44437653182871334;0.1441524687402228;0.15934317683922772;0.0;0.0;0.17323930611997704;0.0;0.1477002180354288;0.0;0.0;0.0;0.0;0.3046724871357661;0.0;0.0;1.0;0.13485937612137974;0.14798566045096692;0.1642591125061382;0.0;0.0;0.15934985407212515;0.2701124052864994;0.0;0.423043972351464;0.0;0.15934491411931667;0.34919650988758194;0.35779354430309124;0.0;0.13759553879213623;0.3504326624310933;0.15934985407212515;0.4525800599432277;0.31698306631793133;0.0;0.0;0.0;0.0;0.33657521730721185;0.33004197468395385;0.15934985407212515
GO:0002337;0.1725252646069781;0.2226104555176382;0.0;0.12670503937739422;0.15925346815957145;0.13491134751587605;0.0;0.23091447852907415;0.4490601936269285;0.0;0.0;0.0;0.0;0.13438043086724638;0.0;0.23987703575393673;0.0;0.0;0.1724689374648917;0.19403341753836867;0.22259742453769418;0.0;0.0;0.5066372415900149;0.0;0.20051641984954818;0.0;0.0;0.0;0.0;0.14049294688900255;0.0;0.0;0.13485937612137974;1.0;0.20104286890560052;0.23230992720920357;0.0;0.0;0.2226104555176382;0.22285095800962917;0.0;0.12931008514927497;0.0;0.2226008148917129;0.14458870935988935;0.1725251602367433;0.0;0.18233769391572544;0.16791295701783415;0.2226104555176382;0.14097142900957052;0.1476645972581417;0.0;0.24014126082972567;0.0;0.0;0.1593857059493268;0.1347516335714272;0.2226104555176382
GO:0071277;0.19460808884646086;0.26079481778585645;0.3000540053967085;0.13822414690896478;0.1778859914941558;0.14804824363259408;0.0;0.27226533852432694;0.18804080939143328;0.0;0.0;0.0;0.0;0.24971283125902968;0.0;0.28481244010893075;0.0;0.0;0.1945364223887222;0.2224183731102432;0.2607769331742268;0.28966591856536894;0.0;0.30018363885195243;0.28046526113697223;0.5454734285652735;0.0;0.0;0.32419766631594604;0.0;0.2622278859874465;0.27236959570259606;0.0;0.14798566045096692;0.20104286890560052;1.0;0.2742074157154927;0.0;0.0;0.26079481778585645;0.26112496441555866;0.0;0.14133019334254895;0.0;0.26078158629431053;0.15978398781544612;0.19460795604801334;0.0;0.3509734535175448;0.18875950046455187;0.26079481778585645;0.1553780377150316;0.1635487737313898;0.0;0.285185006963613;0.0;0.0;0.17805099891485468;0.14785593342638373;0.26079481778585645
GO:0000082;0.22376053185339767;0.3159594747957;0.0;0.1523192870494467;0.2019341673081015;0.16433622016358373;0.0;0.3329539342511197;0.21512198334291135;0.0;0.0;0.0;0.0;0.16354913201667584;0.0;0.35191275233773056;0.0;0.0;0.22366579102505943;0.34996905231514047;0.3159332242663336;0.0;0.0;0.37568210059023455;0.0;0.2732289993153172;0.0;0.0;0.0;0.0;0.17269349999621253;0.0;0.0;0.1642591125061382;0.23230992720920357;0.2742074157154927;1.0;0.0;0.0;0.3159594747957;0.31644419154693293;0.0;0.15609976063489436;0.0;0.3159400539116786;0.17892351766668893;0.2237603562883134;0.0;0.24054997045103807;0.21606310708506757;0.3159594747957;0.17341701541193713;0.18365760294237105;0.0;0.0;0.0;0.0;0.20214683134736036;0.1640993009178652;0.3159594747957
GO:0050859;0.0;0.3194140005503174;0.0;0.0;0.0;0.0;0.19505759613151508;0.32946870778036935;0.0;0.24835644361628734;0.0;0.0;0.18152290498541152;0.28543581099684584;0.2570684376394824;0.34019484866082117;0.2472243570346228;0.25108009333165426;0.0;0.0;0.31939813309836945;0.0;0.0;0.0;0.0;0.0;0.4595581154292022;0.44776331399068375;0.0;0.17552849376486984;0.0;0.0;0.2402884337491203;0.0;0.0;0.0;0.0;1.0;0.4466787469301651;0.3194140005503174;0.0;0.23967996175814688;0.0;0.18339281618014378;0.3194022614626499;0.0;0.0;0.0;0.0;0.0;0.3194140005503174;0.0;0.0;0.30400230883035656;0.0;0.40789409869038634;0.0;0.0;0.0;0.3194140005503174
GO:0032228;0.0;0.5060618014452164;0.0;0.0;0.0;0.0;0.31502522836273317;0.5317735491039747;0.0;0.22480561292082737;0.0;0.0;0.22966032082649554;0.268785694476293;0.3655872994331385;0.560286245075523;0.2704181087132953;0.3535939189788552;0.0;0.0;0.5060219729587498;0.0;0.0;0.0;0.0;0.0;0.5338184387066065;0.4925638726498948;0.0;0.22014838431316308;0.0;0.0;0.21568388176577058;0.0;0.0;0.0;0.0;0.4466787469301651;1.0;0.5060618014452164;0.0;0.3313957296621631;0.0;0.28567883317223003;0.5060323352381061;0.0;0.0;0.0;0.0;0.0;0.5060618014452164;0.0;0.0;0.2921674394849352;0.0;0.44310097708666046;0.0;0.0;0.0;0.5060618014452164
GO:0070106;0.2147479889743614;0.9036595449209444;0.0;0.14808859642551378;0.194565149389771;0.15942242051123642;0.31389400256441463;0.74624326032725;0.2067789150534587;0.22446419629691636;0.0;0.0;0.22930401079163146;0.37785965563977;0.3646852305328763;0.7861043096265699;0.2699242438828042;0.35274999710860655;0.21466072483221185;0.24912060954172222;0.7102291129436308;0.0;0.0;0.35095321838712384;0.0;0.25990962258163247;0.5318973305458852;0.35214766231246325;0.0;0.21982095690379425;0.16727545068985794;0.0;0.21536959035779898;0.15934985407212515;0.2226104555176382;0.26079481778585645;0.3159594747957;0.3194140005503174;0.5060618014452164;1.0;0.29871500075668;0.33065433140743644;0.15165951840986783;0.28474823957720174;0.8070538644769412;0.1731140738325347;0.21474782726714442;0.0;0.23016559305593087;0.20764830771020512;0.9036595449209444;0.16795419021759536;0.17754192524559206;0.29159102299111583;0.0;0.4417765264414287;0.0;0.19476256789360388;0.15919944802674102;0.9036595449209444
GO:0016236;0.3641151163967096;0.29871500075668;0.0;0.2510098414679303;0.32986187213293033;0.27023550710185873;0.0;0.3138605704374334;0.20698641003698373;0.0;0.0;0.31527323153322784;0.0;0.15880375685033943;0.0;0.33065250286408016;0.0;0.0;0.507128412236967;0.24942184331325587;0.29869153733566867;0.0;0.0;0.35155135104818724;0.0;0.26023753042476444;0.0;0.0;0.0;0.0;0.2835579114727235;0.0;0.0;0.2701124052864994;0.22285095800962917;0.26112496441555866;0.31644419154693293;0.0;0.0;0.29871500075668;1.0;0.0;0.257066999752388;0.0;0.2986976418747215;0.2934635993560771;0.36411484192892196;0.0;0.23042270674124882;0.35206514911553877;0.29871500075668;0.396695948901216;0.3009761751679472;0.0;0.0;0.0;0.0;0.33019688784782897;0.2698572565231758;0.29871500075668
GO:1900087;0.0;0.33065433140743644;0.0;0.0;0.0;0.0;0.20215312497818994;0.34144109896776165;0.0;0.18193228178493615;0.0;0.0;0.2575740609826756;0.3320645314841883;0.2642993959751748;0.35297459128797287;0.29318974310931445;0.35898286157837633;0.0;0.0;0.33063732756905556;0.0;0.0;0.0;0.0;0.0;0.3422829798829399;0.35853437222470813;0.0;0.248906298796619;0.0;0.0;0.17591145257746327;0.0;0.0;0.0;0.0;0.23967996175814688;0.3313957296621631;0.33065433140743644;0.0;1.0;0.0;0.18965145577521547;0.3306417515905332;0.0;0.0;0.0;0.0;0.0;0.33065433140743644;0.0;0.0;0.22366571032287957;0.0;0.30256407415714176;0.0;0.0;0.0;0.33065433140743644
GO:0006351;0.673926004180152;0.15165951840986783;0.0;0.98409060801846;0.40298009713966454;0.8993902626133443;0.0;0.1554684553038043;0.12380405443248416;0.0;0.0;0.3666591390271698;0.0;0.10478747694646154;0.0;0.15948027459181627;0.0;0.0;0.34208187711668425;0.13782995680504015;0.1516534701087084;0.0;0.0;0.1641879891682977;0.0;0.14106982581466818;0.0;0.0;0.0;0.0;0.5777349987395682;0.0;0.0;0.423043972351464;0.12931008514927497;0.14133019334254895;0.15609976063489436;0.0;0.0;0.15165951840986783;0.257066999752388;0.0;1.0;0.0;0.151655043755915;0.3745199077523883;0.6739257049699313;0.0;0.1318236030917546;0.6606086337638106;0.15165951840986783;0.2959288660595431;0.6002417928906657;0.0;0.0;0.0;0.0;0.6354781411682747;0.3546628091865885;0.15165951840986783
GO:1900122;0.0;0.28474823957720174;0.0;0.0;0.0;0.0;0.6065578756988496;0.2984780740956584;0.0;0.13000641353237344;0.0;0.0;0.13275026548978425;0.15476804911173478;0.20852176983053664;0.31362465958699104;0.1556830078022034;0.2019169582405946;0.0;0.0;0.28472691890175683;0.0;0.0;0.0;0.0;0.0;0.299567121180695;0.20158325234487648;0.0;0.12737170156324895;0.0;0.0;0.1248437420035182;0.0;0.0;0.0;0.0;0.18339281618014378;0.28567883317223003;0.28474823957720174;0.0;0.18965145577521547;0.0;1.0;0.2847324659722143;0.0;0.0;0.0;0.0;0.0;0.28474823957720174;0.0;0.0;0.22711936399150062;0.0;0.25083950132557414;0.0;0.0;0.0;0.28474823957720174
GO:0007169;0.21473901731056588;0.8070538644769412;0.0;0.14808433000513377;0.1945577848334419;0.15941747605825632;0.3138748347569422;0.7461977653645193;0.20677059688029076;0.22445839900259446;0.0;0.0;0.2292979608072348;0.37784799085877574;0.3646699280980856;0.7860538247370689;0.2699158606271692;0.3527356798845507;0.21465176045816223;0.24910853609719666;0.7101879031263776;0.0;0.0;0.3509292575641479;0.0;0.25989648075659555;0.5318647790123628;0.35213339394014476;0.0;0.21981539697007452;0.16727000712743287;0.0;0.2153642533183529;0.15934491411931667;0.2226008148917129;0.26078158629431053;0.3159400539116786;0.3194022614626499;0.5060323352381061;0.8070538644769412;0.2986976418747215;0.3306417515905332;0.151655043755915;0.2847324659722143;1.0;0.17310824363794386;0.21473885561686012;0.0;0.23015528695760348;0.20763991944464127;0.8070538644769412;0.16794870239049997;0.1775357929967073;0.29158123989908724;0.0;0.44175407079263146;0.0;0.19475518838485664;0.1591945173947647;0.8070538644769412
GO:0038083;0.4313709321407625;0.1731140738325347;0.0;0.36803093512580676;0.9157988021409926;0.351213143776707;0.0;0.17809459673307879;0.1377391423279179;0.0;0.0;0.3008358293445818;0.0;0.11460076064334118;0.0;0.1833789560859245;0.0;0.0;0.381866998664323;0.15532442953541054;0.17310619328549928;0.0;0.0;0.1896309788153494;0.0;0.15945126776830754;0.0;0.0;0.0;0.0;0.4019576843527435;0.0;0.0;0.34919650988758194;0.14458870935988935;0.15978398781544612;0.17892351766668893;0.0;0.0;0.1731140738325347;0.2934635993560771;0.0;0.3745199077523883;0.0;0.17310824363794386;1.0;0.43137071851689884;0.0;0.14773852069378024;0.4218845085380398;0.1731140738325347;0.3636936349841477;0.46016648729203796;0.0;0.0;0.0;0.0;0.40410028481851107;0.610334951399832;0.1731140738325347
GO:0008334;0.8929358092355282;0.21474782726714442;0.0;0.6606261375231838;0.47400532237987475;0.702484129575172;0.0;0.2224654431417625;0.16286148776863685;0.0;0.0;0.37602547379238166;0.0;0.13147459371360135;0.0;0.23077233203241823;0.0;0.0;0.4532149975769682;0.18803269817300283;0.2147357005174174;0.0;0.0;0.24076157747877433;0.0;0.1941146271118347;0.0;0.0;0.0;0.0;0.6870672528046902;0.0;0.0;0.35779354430309124;0.1725251602367433;0.19460795604801334;0.2237603562883134;0.0;0.0;0.21474782726714442;0.36411484192892196;0.0;0.6739257049699313;0.0;0.21473885561686012;0.43137071851689884;1.0;0.0;0.17702868438111374;0.9218469667967328;0.21474782726714442;0.37490835293053376;0.721307924236634;0.0;0.0;0.0;0.0;0.876227994841768;0.40265880312467583;0.21474782726714442
GO:0007565;0.0;0.0;0.0;0.0;0.0;0.0;0.0;0.0;0.0;0.0;0.2832105765815704;0.0;0.0;0.0;0.0;0.0;0.0;0.0;0.0;0.2708003499673432;0.0;0.0;0.0;0.0;0.0;0.0;0.0;0.0;0.0;0.0;0.0;0.34864978367953053;0.0;0.0;0.0;0.0;0.0;0.0;0.0;0.0;0.0;0.0;0.0;0.0;0.0;0.0;0.0;1.0;0.0;0.0;0.0;0.0;0.0;0.0;0.0;0.0;0.0;0.0;0.0;0.0
GO:0009267;0.17702879427134116;0.23016559305593087;0.2004842918685017;0.12911735949310837;0.16308307513197187;0.13764964089920373;0.0;0.23905409158873384;0.17157777836768753;0.0;0.0;0.0;0.0;0.32375572027545757;0.0;0.24867279562595312;0.0;0.0;0.1769694885716731;0.19974841834931195;0.23015166258168274;0.19423129171378592;0.0;0.26031090415549946;0.18865581599824546;0.35002639598361446;0.0;0.0;0.21484761198305713;0.0;0.33879381718992624;0.3212863790736289;0.0;0.13759553879213623;0.18233769391572544;0.3509734535175448;0.24054997045103807;0.0;0.0;0.23016559305593087;0.23042270674124882;0.0;0.1318236030917546;0.0;0.23015528695760348;0.14773852069378024;0.17702868438111374;0.0;1.0;0.17217593484386906;0.23016559305593087;0.14396397860487242;0.15095137140601111;0.0;0.3344830223481708;0.0;0.0;0.16322175206868536;0.13748338173018176;0.23016559305593087
GO:0006397;0.9218474949786131;0.20764830771020512;0.0;0.6478244985582138;0.4625761457457407;0.6880265963593356;0.0;0.21485551001955044;0.15874533805011878;0.0;0.0;0.3631230970090964;0.0;0.12877897424548518;0.0;0.22259392299616704;0.0;0.0;0.44142822533523524;0.18256722242475698;0.2076369695011442;0.0;0.0;0.2318734556282411;0.0;0.18829534215176347;0.0;0.0;0.0;0.0;0.6723674392483426;0.0;0.0;0.3504326624310933;0.16791295701783415;0.18875950046455187;0.21606310708506757;0.0;0.0;0.20764830771020512;0.35206514911553877;0.0;0.6606086337638106;0.0;0.20763991944464127;0.4218845085380398;0.9218469667967328;0.0;0.17217593484386906;1.0;0.20764830771020512;0.3668610575624096;0.7051236988517349;0.0;0.0;0.0;0.0;0.9517076649677627;0.3943812504848793;0.20764830771020512
GO:0060337;0.2147479889743614;0.9036595449209444;0.0;0.14808859642551378;0.194565149389771;0.15942242051123642;0.31389400256441463;0.74624326032725;0.2067789150534587;0.22446419629691636;0.0;0.0;0.22930401079163146;0.37785965563977;0.3646852305328763;0.7861043096265699;0.2699242438828042;0.35274999710860655;0.21466072483221185;0.24912060954172222;0.7102291129436308;0.0;0.0;0.35095321838712384;0.0;0.25990962258163247;0.5318973305458852;0.35214766231246325;0.0;0.21982095690379425;0.16727545068985794;0.0;0.21536959035779898;0.15934985407212515;0.2226104555176382;0.26079481778585645;0.3159594747957;0.3194140005503174;0.5060618014452164;0.9036595449209444;0.29871500075668;0.33065433140743644;0.15165951840986783;0.28474823957720174;0.8070538644769412;0.1731140738325347;0.21474782726714442;0.0;0.23016559305593087;0.20764830771020512;1.0;0.16795419021759536;0.17754192524559206;0.29159102299111583;0.0;0.4417765264414287;0.0;0.19476256789360388;0.15919944802674102;0.9036595449209444
GO:0000098;0.37490853405344415;0.16795419021759536;0.0;0.29089884474345024;0.3936150293964659;0.30663583905799685;0.0;0.172638219627145;0.13445257019161755;0.0;0.0;0.2915961927865749;0.0;0.11231648922348221;0.0;0.1775992299502064;0.0;0.0;0.6449765179196184;0.1511577801355019;0.16794677243862743;0.0;0.0;0.1834570670450608;0.0;0.15506339574023478;0.0;0.0;0.0;0.0;0.3171605245299592;0.0;0.0;0.4525800599432277;0.14097142900957052;0.1553780377150316;0.17341701541193713;0.0;0.0;0.16795419021759536;0.396695948901216;0.0;0.2959288660595431;0.0;0.16794870239049997;0.3636936349841477;0.37490835293053376;0.0;0.14396397860487242;0.3668610575624096;0.16795419021759536;1.0;0.3304760639528983;0.0;0.0;0.0;0.0;0.3517510756571717;0.34302185380334055;0.16795419021759536
GO:0006306;0.7213082888623231;0.17754192524559206;0.0;0.5896760671317884;0.4996653919951101;0.5850162849540547;0.0;0.18278434439895713;0.1405276961931628;0.0;0.0;0.30877843596396903;0.0;0.11652458222235049;0.0;0.18835502568049375;0.0;0.0;0.38947340003994674;0.1588796603965753;0.1775336364208579;0.0;0.0;0.1949570626318209;0.0;0.1632002071602341;0.0;0.0;0.0;0.0;0.6835897193092948;0.0;0.0;0.31698306631793133;0.1476645972581417;0.1635487737313898;0.18365760294237105;0.0;0.0;0.17754192524559206;0.3009761751679472;0.0;0.6002417928906657;0.0;0.1775357929967073;0.46016648729203796;0.721307924236634;0.0;0.15095137140601111;0.7051236988517349;0.17754192524559206;0.3304760639528983;1.0;0.0;0.0;0.0;0.0;0.6748221900273539;0.4330290538037188;0.17754192524559206
GO:0010923;0.0;0.29159102299111583;0.0;0.0;0.0;0.0;0.300845711170182;0.29994745016404534;0.0;0.3667444148763288;0.0;0.0;0.23963727652157252;0.26895533233799856;0.42359034770431875;0.30881166897752316;0.270166686063185;0.32505630854993567;0.0;0.0;0.2915777993981221;0.0;0.0;0.0;0.0;0.0;0.41829134159443243;0.23329766660585427;0.0;0.23211803388497038;0.0;0.0;0.35541491930654584;0.0;0.0;0.0;0.0;0.30400230883035656;0.2921674394849352;0.29159102299111583;0.0;0.22366571032287957;0.0;0.22711936399150062;0.29158123989908724;0.0;0.0;0.0;0.0;0.0;0.29159102299111583;0.0;0.0;1.0;0.0;0.37505275032193586;0.0;0.0;0.0;0.29159102299111583
GO:0045087;0.0;0.0;0.27264240066488205;0.0;0.0;0.0;0.0;0.0;0.22182064316897135;0.0;0.0;0.0;0.0;0.22489796156132288;0.0;0.0;0.0;0.0;0.0;0.0;0.0;0.26120660361213305;0.0;0.0;0.2512219220658317;0.28412683395875105;0.0;0.0;0.29990871527380336;0.0;0.23778487957626043;0.34945071118644055;0.0;0.0;0.24014126082972567;0.285185006963613;0.0;0.0;0.0;0.0;0.0;0.0;0.0;0.0;0.0;0.0;0.0;0.0;0.3344830223481708;0.0;0.0;0.0;0.0;0.0;1.0;0.0;0.0;0.0;0.0;0.0
GO:0043066;0.0;0.4417765264414287;0.0;0.0;0.0;0.0;0.27318466885069337;0.46124517385394015;0.0;0.29383126246312263;0.0;0.0;0.21543360278321796;0.34719117416318424;0.33081150805926474;0.48254475307504696;0.2509081707656;0.3209605606113175;0.0;0.0;0.44174617381317;0.0;0.0;0.0;0.0;0.0;0.643978755257415;0.3204618207390512;0.0;0.20704210299473738;0.0;0.0;0.28260498078858454;0.0;0.0;0.0;0.0;0.40789409869038634;0.44310097708666046;0.4417765264414287;0.0;0.30256407415714176;0.0;0.25083950132557414;0.44175407079263146;0.0;0.0;0.0;0.0;0.0;0.4417765264414287;0.0;0.0;0.37505275032193586;0.0;1.0;0.0;0.0;0.0;0.4417765264414287
GO:0035928;0.0;0.0;0.0;0.0;0.0;0.0;0.0;0.0;0.0;0.0;0.3384118398961783;0.0;0.0;0.0;0.0;0.0;0.0;0.0;0.0;0.0;0.0;0.0;0.5995228614535351;0.0;0.0;0.0;0.0;0.0;0.0;0.0;0.0;0.0;0.0;0.0;0.0;0.0;0.0;0.0;0.0;0.0;0.0;0.0;0.0;0.0;0.0;0.0;0.0;0.0;0.0;0.0;0.0;0.0;0.0;0.0;0.0;0.0;1.0;0.0;0.0;0.0
