;GO:0090656;GO:0007095;GO:0006281;GO:0006289;GO:0046777;GO:0000733;GO:0045003;GO:0000732;GO:0000731;GO:0043987;GO:0045893;GO:0070244;GO:0071139;GO:0016055;GO:0090305;GO:0010792;GO:0010032;GO:0044806;GO:0051260;GO:0090263;GO:0007026;GO:0006406;GO:0010705;GO:0032355;GO:0070317;GO:0043967;GO:0008360;GO:0043968;GO:1904874;GO:0007076;GO:0007077;GO:0006260;GO:1905168;GO:0008284;GO:0000712;GO:0045787;GO:0046632;GO:0006303;GO:0006468;GO:0045944;GO:1904837;GO:0000079;GO:0000122;GO:0051782;GO:0046641;GO:0032508;GO:0000083;GO:0000281;GO:0000082;GO:0071479;GO:0031297;GO:0051307;GO:0030521;GO:0016579;GO:0006270;GO:0007084;GO:0007088;GO:0006351;GO:0090166;GO:0006310;GO:0000724;GO:0000723;GO:0045950;GO:0061820;GO:0007129;GO:0034080;GO:0006357;GO:1903827;GO:0048478;GO:0000492;GO:0072355;GO:0072711;GO:1901291;GO:0072757
GO:0090656;1.0;0.1038156395465948;0.7826545734215429;0.7691761181548354;0.5094223183512891;0.8583645390983534;0.7199117071236825;0.8715882804105198;0.6964598960094867;0.504092881818945;0.0;0.0;0.8715485404451087;0.1775069280386548;0.81565854042698;0.8551132309461053;0.2785475850419459;0.31493519501931905;0.37016981366951984;0.0;0.0;0.0;0.7924878838716142;0.0;0.0;0.5143532181722821;0.0;0.5144588953532141;0.0;0.2919290081425737;0.2926831589302567;0.7794864465548546;0.0;0.0;0.19843734847704053;0.0;0.1604897139672253;0.7437127137800883;0.5190949449377973;0.0;0.3805476434374782;0.0;0.0;0.0;0.0;0.3147655076480029;0.12463814622131739;0.1986572180314551;0.19312382859445557;0.17697854858212406;0.8547843929641327;0.19861970706495574;0.16994700714954838;0.5208793852813683;0.8712213787030016;0.30729509728410126;0.0;0.6477913219087086;0.3149256001952414;0.8707218542160187;0.7312032784542911;0.8024217780232334;0.0;0.7780152560247454;0.29843505565227274;0.28388182881088636;0.0;0.0;0.5046148973796938;0.3442694556928692;0.504405062051072;0.1533838344930436;0.0;0.12570980736161066
GO:0007095;0.1038156395465948;1.0;0.2631545589437276;0.2595184008173502;0.10617303156365816;0.10087820154401002;0.2460110393064566;0.11119158828638057;0.09292443580529695;0.09192341983463387;0.16109187424120347;0.2831705084336044;0.11118762484123985;0.3131301492240843;0.11526751119378345;0.10954166806835144;0.16052972088675602;0.1360790014488965;0.13538286560121127;0.21113234491775715;0.26716055986087023;0.0;0.13332589588554564;0.1151785860069951;0.46838874661656216;0.09345127224282032;0.24598563114697533;0.0934669503203593;0.20115489940876757;0.2031831681270747;0.20357527417869542;0.1017891262363955;0.1676452556926206;0.2544710611258057;0.18460853811716962;0.2947604025113491;0.1220471721739804;0.2525798024569613;0.10776261647081843;0.15698424546545622;0.13814927383312203;0.21671058065820387;0.2121480459502661;0.34858103760609344;0.16621660970793298;0.13602525580408112;0.29621627442729115;0.2257396872727179;0.2211801450262116;0.2190452463245818;0.10950859692039613;0.1847306048510074;0.303129686657891;0.10805450080296161;0.1111549925343418;0.21107282472245187;0.35462489750725124;0.09112143673634876;0.13607596286097667;0.11110515782269992;0.24913747991606222;0.1405550385874921;0.262870334349406;0.13706157813553557;0.16904927208376394;0.11067978127852797;0.19842167520692824;0.20149370189150198;0.21707429001239062;0.1282954378739191;0.09197007164868708;0.19659924438849272;0.23792258210644573;0.16814773582452047
GO:0006281;0.7826545734215429;0.2631545589437276;1.0;0.9831174800251885;0.49872346717084554;0.7555873649949362;0.9213118558294958;0.8522011006915501;0.6840253629219547;0.4184946136543254;0.0;0.0;0.8521631089376933;0.1726062855626752;0.7966759253579173;0.8364442004993147;0.1600103802194445;0.18031023318609074;0.1790900333156383;0.0;0.0;0.0;0.7764275441214893;0.15226959386370217;0.0;0.426859560127692;0.0;0.4269456843725627;0.0;0.16749134489619824;0.16791241052656275;0.7639435835467647;0.0;0.0;0.19233274103999903;0.0;0.15647302875746338;0.951191339096182;0.507990377149925;0.0;0.18396314312537768;0.0;0.0;0.0;0.0;0.1802158822854674;0.12220196123687299;0.1925392837659291;0.18733700116311947;0.2870045620283493;0.8361295616705338;0.19250404742650495;0.1654496187369048;0.5096991623321535;0.8518503365275001;0.1760592180325006;0.0;0.6364942254720125;0.18030489827510665;0.8513727722100985;0.9354916936420267;0.7072520280454558;0.0;0.6861254459167853;0.1711219554893567;0.13826671900086332;0.0;0.0;0.49805497778594326;0.16689380983733856;0.41874921341103516;0.24965747804952837;0.0;0.20550129101447553
GO:0006289;0.7691761181548354;0.2595184008173502;0.9831174800251885;1.0;0.4898977967760575;0.7430175763023196;0.906962648328766;0.8362452502268004;0.6737075459501809;0.4122623479773309;0.0;0.0;0.8362086677713958;0.1686131667181133;0.7810829902061223;0.8210676083135934;0.15657298760103897;0.1759572040719571;0.17479501901389108;0.0;0.0;0.0;0.7631608949358908;0.1486267506945363;0.0;0.4203775906319378;0.0;0.4204611188439176;0.0;0.16372880082895905;0.16413113849315486;0.7510965965567711;0.0;0.0;0.18738782706740453;0.0;0.15318437536573482;0.9359040295814548;0.49883668538905834;0.0;0.1794341662163761;0.0;0.0;0.0;0.0;0.17586735266306247;0.12018684886663526;0.18758388039694718;0.1826424989427991;0.28038370016726843;0.8207644292481957;0.18755043432208202;0.1617772410524178;0.5004843429074517;0.8359074952862326;0.17190666088827453;0.0;0.6271129791582205;0.1759521236376211;0.8354476346172756;0.9207009375518167;0.6962272608291187;0.0;0.6757446572578417;0.1671964381498029;0.13569254563944527;0.0;0.0;0.4925623183463582;0.16315776465534715;0.41250941890684856;0.24463252802980792;0.0;0.20208448370339605
GO:0046777;0.5094223183512891;0.10617303156365816;0.49872346717084554;0.4898977967760575;1.0;0.4909532507180442;0.45771200009909146;0.557171785050584;0.44243013887286486;0.8002905544550838;0.0;0.0;0.5571455838891984;0.1845117003968627;0.5286829507735565;0.5463159575942093;0.17019036532062615;0.19334223476241352;0.1919399657745872;0.0;0.0;0.0;0.5051676903595448;0.0;0.0;0.6761518496142948;0.0;0.6762942555733044;0.0;0.17867874795547775;0.17915802186364513;0.49664821554194527;0.0;0.0;0.2072323469350456;0.0;0.16619421839044077;0.4732476660490508;0.9804408562649994;0.0;0.19754841672119985;0.0;0.0;0.0;0.0;0.19323375659401879;0.1280515739231973;0.2074721499750871;0.2014442544402948;0.18394086339234264;0.5460994089007625;0.20743123657888166;0.17635705337754257;0.8143011914974098;0.5569298840437849;0.18846283978935108;0.0;0.4317220440406627;0.19333610083027658;0.5566005541295561;0.46507906191309234;0.4581306097108151;0.0;0.4438478172992625;0.18281655259185212;0.14580283620576873;0.0;0.0;0.3183747093541762;0.17799888562776434;0.800798355691967;0.1585861867321785;0.0;0.1291830037947816
GO:0000733;0.8583645390983534;0.10087820154401002;0.7555873649949362;0.7430175763023196;0.4909532507180442;1.0;0.6969466554387476;0.8381516400556318;0.6749443326772571;0.48871850563137076;0.0;0.0;0.8381148906195904;0.16908837129681825;0.7829445991562808;0.8229053490982609;0.4024462504960704;0.5005168222399339;0.2973634654691207;0.0;0.0;0.0;0.7647483084846182;0.0;0.0;0.49835654106657673;0.0;0.4984557465887133;0.0;0.4208894746690263;0.2791721733059154;0.7526341675359696;0.0;0.0;0.18797493331961998;0.0;0.15357649140044705;0.7192298856597834;0.49993105029104923;0.0;0.3052793148745107;0.0;0.0;0.0;0.0;0.5002604851584428;0.12042809488565814;0.1881722177328009;0.18320020219870192;0.1686088541906931;0.8226008115948183;0.18813856154747632;0.16221464517932097;0.5015859571056157;0.8378123437110347;0.29243563496987324;0.0;0.6282378467725142;0.3541659352706622;0.8373503853915765;0.7075240266771785;0.8442600122237889;0.0;0.8193766358116684;0.3837612167929577;0.23069105855771319;0.0;0.0;0.4932231031473113;0.2775120380556034;0.48901192828130313;0.14705717579697794;0.0;0.12142829071410552
GO:0045003;0.7199117071236825;0.2460110393064566;0.9213118558294958;0.906962648328766;0.45771200009909146;0.6969466554387476;1.0;0.7783383446368876;0.6356105463122254;0.38922958722481976;0.0;0.0;0.778306653071452;0.1544180862190317;0.7247192214910161;0.7651733710228532;0.1442587582732416;0.16055512221982451;0.15958693203960697;0.0;0.0;0.0;0.7146396971757104;0.1357243881124508;0.0;0.3964554298241142;0.0;0.39652972111443774;0.0;0.15031149031017504;0.150650519773721;0.704050065682909;0.0;0.0;0.17001839943234698;0.0;0.14137729932278062;0.9101874594790845;0.4655055773026469;0.0;0.16344502775992303;0.0;0.0;0.0;0.0;0.16048030896837348;0.11279592756819382;0.17017977627094005;0.16610282068162321;0.25684011250711286;0.7649100582154554;0.17015224810942728;0.14866507090667283;0.4669400890679655;0.7780457385328016;0.1571758476041031;0.0;0.5924171132011611;0.16055089226074395;0.8129082817140421;0.9857478175548122;0.6556175530743242;0.0;0.6374234714582371;0.15322901648460183;0.12634570812564092;0.0;0.0;0.4718835672408628;0.14983007270967852;0.3894498146770682;0.22651618749911137;0.0;0.1895606257943001
GO:0000732;0.8715882804105198;0.11119158828638057;0.8522011006915501;0.8362452502268004;0.557171785050584;0.8381516400556318;0.7783383446368876;1.0;0.7509977412393941;0.45888895940534685;0.0;0.0;0.9586697363302592;0.2002158746387467;0.9014661576389555;0.9388218221168402;0.183463626158691;0.21065607507562778;0.20899249442651766;0.0;0.0;0.0;0.8638726581273666;0.0;0.0;0.46896610053134014;0.0;0.469070055905747;0.0;0.1933661885438804;0.19392761752357915;0.8484462704708311;0.0;0.0;0.22725207066321432;0.0;0.1788283365258674;0.8062342561831498;0.5687633037051838;0.0;0.21565906319265596;0.0;0.0;0.0;0.0;0.21052730497596517;0.13542333248616092;0.22754047636597172;0.22031037094888675;0.1995439091461881;0.9384254667665325;0.22749126618539023;0.1906500198188443;0.5709062655645262;0.95827391327059;0.2048767105192633;0.0;0.6972279968745081;0.21064879338470288;0.9576696110560364;0.7915539160103565;0.7790886614645453;0.0;0.7535299521614637;0.1982214514912921;0.15543697723577435;0.0;0.0;0.532640671932067;0.1925702116927911;0.45919509861746893;0.17005015779311156;0.0;0.13668942592242922
GO:0000731;0.6964598960094867;0.09292443580529695;0.6840253629219547;0.6737075459501809;0.44243013887286486;0.6749443326772571;0.6356105463122254;0.7509977412393941;1.0;0.3781230606745565;0.0;0.0;0.7509682369796954;0.14787310597085598;0.6982297106222852;0.7387341261343341;0.13853067757762133;0.15349146872712444;0.15260636114535828;0.0;0.0;0.0;0.6915245956004286;0.0;0.0;0.38493880258435387;0.0;0.3850088400107163;0.0;0.14410299760321887;0.14441456976892744;0.8650339477540908;0.0;0.0;0.16211801576572513;0.0;0.13587139457597358;0.6540922052825725;0.4497078502350996;0.0;0.15613059410503544;0.0;0.0;0.0;0.0;0.1534230921139121;0.1092633720270781;0.16226473692883223;0.15855406502586836;0.14750623819302502;0.7384886926708644;0.16223970969343968;0.14258909243211557;0.45104650891570597;0.7507253271751417;0.1504001344060086;0.0;0.8964980111570376;0.15348760277187876;0.7503543934583542;0.6443963435950494;0.6361108264470722;0.0;0.6189691495199487;0.14678234108024293;0.12193008155877164;0.0;0.0;0.46169321068755204;0.14366046926323375;0.37833089586357577;0.13074349891886175;0.0;0.11008607740764811
GO:0043987;0.504092881818945;0.09192341983463387;0.4184946136543254;0.4122623479773309;0.8002905544550838;0.48871850563137076;0.38922958722481976;0.45888895940534685;0.3781230606745565;1.0;0.0;0.0;0.45887118638938357;0.14535425858023351;0.43169918882949443;0.4514997989026471;0.23122967899480976;0.25576036888419346;0.25431144054706195;0.0;0.0;0.0;0.4230228480645227;0.0;0.0;0.7616302129787839;0.0;0.7617671604884445;0.0;0.2403763041906526;0.24088738422203582;0.4170323633791497;0.0;0.0;0.15909546242866515;0.0;0.13374188125416597;0.4004074054189429;0.8132747004808272;0.0;0.2600788864634134;0.0;0.0;0.0;0.0;0.2556484463342176;0.10788200680959088;0.15923676122443495;0.1556617591779716;0.14499976771098944;0.45135188370587015;0.15921265925675285;0.1402456164813761;0.6750544020848879;0.45872485965384435;0.2506985436507252;0.0;0.37027396502612325;0.25575404092591086;0.4585014098506687;0.3945442633781536;0.46093760695948427;0.0;0.44866173938695325;0.2447701029978955;0.23859340003569215;0.0;0.0;0.28365971257859335;0.23965035021046097;0.8934409276463444;0.12877052443730044;0.0;0.10868396519418623
GO:0045893;0.0;0.16109187424120347;0.0;0.0;0.0;0.0;0.0;0.0;0.0;0.0;1.0;0.20607937228968315;0.0;0.24514255261469725;0.0;0.0;0.0;0.0;0.0;0.2875722566798227;0.19451010946193742;0.0;0.0;0.0;0.2350915850579902;0.0;0.24381317679990291;0.0;0.24859316907320522;0.0;0.0;0.0;0.5601139399790594;0.34606249647190673;0.0;0.3464109507627423;0.0;0.0;0.0;0.9746455051421745;0.0;0.36584118761290113;0.5786046209233788;0.2532456782812576;0.22676103289226215;0.0;0.6990315659479479;0.0;0.0;0.0;0.0;0.0;0.2373807351950473;0.0;0.0;0.0;0.2401840480237672;0.0;0.0;0.0;0.0;0.09220984972455176;0.41060148533207586;0.08993243641131698;0.0;0.0;0.7369216332967928;0.19958150538192407;0.37896053770840477;0.0;0.0;0.0;0.371877984310295;0.0
GO:0070244;0.0;0.2831705084336044;0.0;0.0;0.0;0.0;0.0;0.0;0.0;0.0;0.20607937228968315;1.0;0.0;0.37203796806127015;0.0;0.0;0.0;0.0;0.0;0.2957506064575061;0.36371063428082606;0.0;0.0;0.0;0.4764795560284918;0.0;0.36898468198508483;0.0;0.31324427332226307;0.0;0.0;0.0;0.21692736565076434;0.3884126517533925;0.0;0.38901543456345283;0.0;0.0;0.0;0.19940467845331872;0.0;0.25097432936286174;0.2688128398640174;0.5332922763504219;0.21454129022543544;0.0;0.2525398580432104;0.0;0.0;0.0;0.0;0.0;0.35444900358937625;0.0;0.0;0.0;0.36073573431708017;0.0;0.0;0.0;0.0;0.12264104582835891;0.35580504407568175;0.11864497323053293;0.0;0.0;0.27139741406731827;0.3140666284898261;0.22165241383205656;0.0;0.0;0.0;0.3115828910019927;0.0
GO:0071139;0.8715485404451087;0.11118762484123985;0.8521631089376933;0.8362086677713958;0.5571455838891984;0.8381148906195904;0.778306653071452;0.9586697363302592;0.7509682369796954;0.45887118638938357;0.0;0.0;1.0;0.20020302432868012;0.9014185797408466;0.9387757148323466;0.1834528362227083;0.21064184972065203;0.2089784928561707;0.0;0.0;0.0;0.8638336186177832;0.0;0.0;0.4689475383741987;0.0;0.4690514855185367;0.0;0.19335420242400103;0.19391556170263674;0.8484086127582405;0.0;0.0;0.22723551568842207;0.0;0.17881808491198287;0.8062002522855561;0.5687360010413381;0.0;0.21564415414619115;0.0;0.0;0.0;0.0;0.2105130970064717;0.13541745336238864;0.2275238793461986;0.2202948118774253;0.19953114494517102;0.9383793984043612;0.22747467634345434;0.1906383680561538;0.5708787567784676;0.9582258755841805;0.20486325497944563;0.0;0.6972013016480848;0.21063456901312486;0.9576216339356093;0.79152113913552;0.7790569087696759;0.0;0.7535002486055962;0.19820885591127688;0.15542923205590994;0.0;0.0;0.5326258303201006;0.1925583240466319;0.459177301880183;0.17004088789698343;0.0;0.13668343635755972
GO:0016055;0.1775069280386548;0.3131301492240843;0.1726062855626752;0.1686131667181133;0.1845117003968627;0.16908837129681825;0.1544180862190317;0.2002158746387467;0.14787310597085598;0.14535425858023351;0.24514255261469725;0.37203796806127015;0.20020302432868012;1.0;0.21383082061553269;0.1949291468269999;0.2467069015368907;0.2985257065951648;0.29519580728036593;0.38343747778420373;0.33596286907266304;0.0;0.17555012889142096;0.0;0.4786842278264011;0.14921171195278363;0.5162890489840462;0.14925168540663;0.45927158649364014;0.26495287380478766;0.2660080818488347;0.171663358668936;0.26064759552789146;0.5551418751856583;0.33298690385236857;0.5563740476812697;0.23839742945069706;0.161199050726626;0.18936600831469905;0.23575523457999925;0.30867343315241696;0.31140704449515527;0.23254298447728466;0.5604962801001848;0.2572104238426235;0.29826717132267216;0.39729617608073403;0.3336064861069351;0.3182917037438878;0.2766902701981573;0.1948244479696315;0.3335007160290195;0.7080679371927313;0.19026917989961628;0.20009725150289978;0.28705067685746793;0.5002820870567694;0.14335912677921728;0.2985110834270519;0.19993581546996383;0.15761741839401522;0.22744936914980532;0.32681502179990973;0.21843967710350715;0.2741540833092615;0.1985625359763997;0.34347814578055813;0.46104154928804697;0.2353258210272971;0.2634607141543583;0.14547093949946907;0.2230480427270317;0.27748077477356387;0.168959560147986
GO:0090305;0.81565854042698;0.11526751119378345;0.7966759253579173;0.7810829902061223;0.5286829507735565;0.7829445991562808;0.7247192214910161;0.9014661576389555;0.6982297106222852;0.43169918882949443;0.0;0.0;0.9014185797408466;0.21383082061553269;1.0;0.8818001540961992;0.194830861043683;0.2257815697660487;0.22387159921075978;0.0;0.0;0.0;0.8080991343777245;0.0;0.0;0.44156669489617617;0.0;0.44166857800253667;0.0;0.20603601883183234;0.2066735518470979;0.7930040682334991;0.0;0.0;0.24495483009443975;0.0;0.18961155087620088;0.7518276119330513;0.5402317448920585;0.0;0.23153861563034142;0.0;0.0;0.0;0.0;0.22563365042258288;0.1415180333161917;0.24528995221664676;0.2369086462638008;0.21306453362395827;0.8814088142048756;0.24523276620302203;0.2029550845254304;0.5423693865864709;0.9010269177064052;0.21915552417313067;0.0;0.6797714360558577;0.22577320487741717;0.900429000777758;0.7375515050090129;0.7254472859198302;0.0;0.700679808594081;0.21155746797414451;0.1635199712111262;0.0;0.0;0.4894441151685671;0.20513255963828542;0.43199870437166626;0.17977194397460228;0.0;0.14290123370973792
GO:0010792;0.8551132309461053;0.10954166806835144;0.8364442004993147;0.8210676083135934;0.5463159575942093;0.8229053490982609;0.7651733710228532;0.9388218221168402;0.7387341261343341;0.4514997989026471;0.0;0.0;0.9387757148323466;0.1949291468269999;0.8818001540961992;1.0;0.17901474866691636;0.20481166949899052;0.20323877192722115;0.0;0.0;0.0;0.8849004675382816;0.0;0.0;0.46125157461495186;0.0;0.46135213760678967;0.0;0.18843054815982865;0.18896364264650023;0.8328266429113069;0.0;0.0;0.22046535185615626;0.0;0.174598833545858;0.7921172553616118;0.557455667356759;0.0;0.20953779039017495;0.0;0.0;0.0;0.0;0.20468994336861243;0.132983814947307;0.22073677843784567;0.21392611333364914;0.19429214305031717;0.9193544225262501;0.22069046683192042;0.18585034422051694;0.5595141131967428;0.9383961460645067;0.19934437837478539;0.0;0.6861273736560871;0.2048047862405399;0.9378166466967441;0.7779419944812495;0.7658985086614031;0.0;0.7411841765891033;0.19303816175434632;0.1522316602393509;0.0;0.0;0.5264423114245991;0.1876746076469;0.4517961552267946;0.16622124710532193;0.0;0.13420449880961305
GO:0010032;0.2785475850419459;0.16052972088675602;0.1600103802194445;0.15657298760103897;0.17019036532062615;0.4024462504960704;0.1442587582732416;0.183463626158691;0.13853067757762133;0.23122967899480976;0.0;0.0;0.1834528362227083;0.2467069015368907;0.194830861043683;0.17901474866691636;1.0;0.6736023561187799;0.44131448392660494;0.0;0.0;0.0;0.30363665315168864;0.0;0.0;0.23697514096809844;0.0;0.23703458011834583;0.0;0.8028943560442009;0.4718199323022234;0.15919972853303888;0.0;0.0;0.5400426155787194;0.0;0.2150195972697661;0.15015977186487603;0.17431194309800585;0.0;0.45897696065364424;0.0;0.0;0.0;0.0;0.6730888419648964;0.20062416061844374;0.3742837201803466;0.3592795931258139;0.2456874320619588;0.17892644371691838;0.5407659116839674;0.23234216227019713;0.1750769332942857;0.18336401824146267;0.5048227867187599;0.0;0.13456140004172953;0.5273092995181631;0.1832284444420143;0.14704716291725045;0.33055184462705695;0.0;0.318288473716856;0.8356104341614415;0.30884485611622736;0.0;0.0;0.09466328842758007;0.39895996069325734;0.2314037467694431;0.202453664563815;0.0;0.15687163356400693
GO:0044806;0.31493519501931905;0.1360790014488965;0.18031023318609074;0.1759572040719571;0.19334223476241352;0.5005168222399339;0.16055512221982451;0.21065607507562778;0.15349146872712444;0.25576036888419346;0.0;0.0;0.21064184972065203;0.2985257065951648;0.2257815697660487;0.20481166949899052;0.6736023561187799;1.0;0.5402008397594904;0.0;0.0;0.0;0.18352517378251873;0.0;0.0;0.26280812097039136;0.0;0.2628812275471979;0.0;0.7269173715584661;0.4830231018530937;0.17928150727146372;0.0;0.0;0.36289918138012983;0.0;0.25334791298480697;0.16789860496417083;0.19867902507688892;0.0;0.5669049453246296;0.0;0.0;0.0;0.0;0.9133800331041217;0.17423308038559826;0.36363520073905065;0.345514173643221;0.29703429226172084;0.20469608863207397;0.36350953604059855;0.2777469544650995;0.19967345031359363;0.21052476231174488;0.5241553442923389;0.0;0.14863359485995026;0.6468975647422534;0.21034606980438053;0.16401666009166438;0.36793854548269606;0.0;0.352807716266465;0.6731888522442634;0.3542234000073781;0.0;0.0;0.10141823628083876;0.47807483284963004;0.2559733457388848;0.23608267786436768;0.0;0.1763344631014628
GO:0051260;0.37016981366951984;0.13538286560121127;0.1790900333156383;0.17479501901389108;0.1919399657745872;0.2973634654691207;0.15958693203960697;0.20899249442651766;0.15260636114535828;0.25431144054706195;0.0;0.0;0.2089784928561707;0.29519580728036593;0.22387159921075978;0.20323877192722115;0.44131448392660494;0.5402008397594904;1.0;0.0;0.0;0.0;0.18226122605427686;0.0;0.0;0.2612784776428171;0.0;0.26135073556302696;0.0;0.47587384204876176;0.47788106149709575;0.17807514434511293;0.0;0.0;0.35799014509539057;0.0;0.25094556433151055;0.16684011498602702;0.19719857091299434;0.0;0.8622072427943693;0.0;0.0;0.0;0.0;0.5397017825930428;0.17309348542480882;0.35870636681689133;0.3410613291336454;0.29373739801429394;0.20312495900915659;0.35858408506178757;0.2748622351553927;0.1981781949353336;0.20886324682781557;0.5181057508445596;0.0;0.14780347499091417;0.540172610748158;0.2086873625861772;0.16300640322501292;0.2710282680102074;0.0;0.25994724537312086;0.493408135959026;0.5412717742265896;0.0;0.0;0.10103105875510858;0.7285289422365415;0.25452201013960307;0.23399525538307833;0.0;0.1751673056901812
GO:0090263;0.0;0.21113234491775715;0.0;0.0;0.0;0.0;0.0;0.0;0.0;0.0;0.2875722566798227;0.2957506064575061;0.0;0.38343747778420373;0.0;0.0;0.0;0.0;0.0;1.0;0.2724907813768182;0.0;0.0;0.0;0.35940332939547387;0.0;0.38019503074161826;0.0;0.4040975134500366;0.0;0.0;0.0;0.37844345058184853;0.5501583900614732;0.0;0.5510395813676804;0.0;0.0;0.0;0.27810727393939594;0.0;0.2561107606024799;0.20025593715282514;0.4036387753834981;0.2995863619320339;0.0;0.2577412332666654;0.0;0.0;0.0;0.0;0.0;0.36478114869357414;0.0;0.0;0.0;0.3714431806243046;0.0;0.0;0.0;0.0;0.125010523766542;0.26644183351235484;0.1208611599602443;0.0;0.0;0.2774138344073892;0.32476613849328506;0.16466082616954844;0.0;0.0;0.0;0.27390915018694534;0.0
GO:0007026;0.0;0.26716055986087023;0.0;0.0;0.0;0.0;0.0;0.0;0.0;0.0;0.19451010946193742;0.36371063428082606;0.0;0.33596286907266304;0.0;0.0;0.0;0.0;0.0;0.2724907813768182;1.0;0.0;0.0;0.0;0.43283443999422033;0.0;0.38876658441088097;0.0;0.2800122925102957;0.0;0.0;0.0;0.20414580767591173;0.34925918754882834;0.0;0.34974649367029875;0.0;0.0;0.0;0.18855297968360768;0.0;0.23402252434652424;0.25434376776045925;0.4792093538338655;0.20203125761884877;0.0;0.23538313792796486;0.0;0.0;0.0;0.0;0.0;0.3215535379368091;0.0;0.0;0.0;0.4325060892671738;0.0;0.0;0.0;0.0;0.1147831059300023;0.3308898050257484;0.11127538323669614;0.0;0.0;0.2516828021591711;0.28066923355880646;0.21172111152493778;0.0;0.0;0.0;0.29230833539653084;0.0
GO:0006406;0.0;0.0;0.0;0.0;0.0;0.0;0.0;0.0;0.0;0.0;0.0;0.0;0.0;0.0;0.0;0.0;0.0;0.0;0.0;0.0;0.0;1.0;0.0;0.0;0.0;0.0;0.0;0.0;0.0;0.0;0.0;0.0;0.0;0.0;0.0;0.0;0.0;0.0;0.0;0.0;0.0;0.0;0.0;0.0;0.0;0.0;0.0;0.0;0.0;0.0;0.0;0.0;0.0;0.0;0.0;0.0;0.0;0.0;0.0;0.0;0.0;0.0;0.0;0.0;0.0;0.0;0.0;0.0;0.0;0.0;0.0;0.0;0.0;0.0
GO:0010705;0.7924878838716142;0.13332589588554564;0.7764275441214893;0.7631608949358908;0.5051676903595448;0.7647483084846182;0.7146396971757104;0.8638726581273666;0.6915245956004286;0.4230228480645227;0.0;0.0;0.8638336186177832;0.17555012889142096;0.8080991343777245;0.8849004675382816;0.30363665315168864;0.18352517378251873;0.18226122605427686;0.0;0.0;0.0;1.0;0.0;0.0;0.43157164515835955;0.0;0.4316596815382442;0.0;0.22008541082412603;0.2206478710851507;0.773309529376669;0.0;0.0;0.3661396728676828;0.0;0.15888842667416908;0.7380877073118255;0.5146779145082515;0.0;0.1873108756289734;0.0;0.0;0.0;0.0;0.18342742923600308;0.15985965981380354;0.25362607417584865;0.2466462315745983;0.17503331775402658;0.8473621444702595;0.3664720004403202;0.16815249408776467;0.5164320647832549;0.8635122222242603;0.23153960808176421;0.0;0.6433086142241158;0.18351964693495848;0.8630214963968434;0.7257652167856887;0.7152721787039779;0.0;0.693671051297573;0.32507851655833947;0.14014935208065782;0.0;0.0;0.5020189848362947;0.1696444695628488;0.42328298902991224;0.15192055956411957;0.0;0.12472522231136215
GO:0032355;0.0;0.1151785860069951;0.15226959386370217;0.1486267506945363;0.0;0.0;0.1357243881124508;0.0;0.0;0.0;0.0;0.0;0.0;0.0;0.0;0.0;0.0;0.0;0.0;0.0;0.0;0.0;0.0;1.0;0.0;0.0;0.0;0.0;0.0;0.0;0.0;0.0;0.0;0.0;0.0;0.0;0.0;0.14187859000192776;0.0;0.0;0.0;0.0;0.0;0.0;0.0;0.0;0.0;0.0;0.0;0.24934654112107435;0.0;0.0;0.0;0.0;0.0;0.0;0.0;0.0;0.0;0.0;0.1386259070450976;0.0;0.0;0.0;0.0;0.0;0.0;0.0;0.0;0.0;0.0;0.3436465511280891;0.0;0.41121495684223713
GO:0070317;0.0;0.46838874661656216;0.0;0.0;0.0;0.0;0.0;0.0;0.0;0.0;0.2350915850579902;0.4764795560284918;0.0;0.4786842278264011;0.0;0.0;0.0;0.0;0.0;0.35940332939547387;0.43283443999422033;0.0;0.0;0.0;1.0;0.0;0.47364143986862617;0.0;0.4155758587493848;0.0;0.0;0.0;0.24931438033718437;0.5061385564830263;0.0;0.5868631637067011;0.0;0.0;0.0;0.22644468002033752;0.0;0.3417824065572347;0.30478752750762894;0.6963506523420856;0.24616780939585153;0.0;0.2975364175673147;0.0;0.0;0.0;0.0;0.0;0.44995540448294374;0.0;0.0;0.0;0.6030983891986998;0.0;0.0;0.0;0.0;0.14294496379721602;0.4216844220634583;0.13754534694998474;0.0;0.0;0.3240655311583722;0.41702451850016836;0.24555049983126312;0.0;0.0;0.0;0.3609674890035392;0.0
GO:0043967;0.5143532181722821;0.09345127224282032;0.426859560127692;0.4203775906319378;0.6761518496142948;0.49835654106657673;0.3964554298241142;0.46896610053134014;0.38493880258435387;0.7616302129787839;0.0;0.0;0.4689475383741987;0.14921171195278363;0.44156669489617617;0.46125157461495186;0.23697514096809844;0.26280812097039136;0.2612784776428171;0.0;0.0;0.0;0.43157164515835955;0.0;0.0;1.0;0.0;0.9724888965985805;0.0;0.24659140499073468;0.2471292849349494;0.42533837643408384;0.0;0.0;0.16372834922192886;0.0;0.1370007001529621;0.40805830682348687;0.6873546135388151;0.0;0.2673700431485647;0.0;0.0;0.0;0.0;0.26268994656596195;0.10999249081531695;0.1638780009969543;0.16009403833590868;0.14883818043551725;0.4610972019776561;0.16385247367664213;0.14383333919932237;0.6894155301307457;0.46879471577305576;0.2574663972415578;0.0;0.37680723631547747;0.2628014394642144;0.4685613505184811;0.4019706639951334;0.46950144906445773;0.0;0.4567714918470606;0.2512175371025135;0.24380611330948915;0.0;0.0;0.28747819547539905;0.2458274852329216;0.7620513878695804;0.1317888433327694;0.0;0.11082625461389126
GO:0008360;0.0;0.24598563114697533;0.0;0.0;0.0;0.0;0.0;0.0;0.0;0.0;0.24381317679990291;0.36898468198508483;0.0;0.5162890489840462;0.0;0.0;0.0;0.0;0.0;0.38019503074161826;0.38876658441088097;0.0;0.0;0.0;0.47364143986862617;0.0;1.0;0.0;0.45319453186756287;0.0;0.0;0.0;0.2591452532898853;0.5483709144392567;0.0;0.5495731805372515;0.0;0.0;0.0;0.23452546640755578;0.0;0.3092649871953561;0.23134641502280848;0.5535948880070348;0.2557473320532253;0.0;0.3116456264218875;0.0;0.0;0.0;0.0;0.0;0.4830259559773094;0.0;0.0;0.0;0.5768195571482851;0.0;0.0;0.0;0.0;0.19905140589072778;0.32445655126850403;0.19121523037473953;0.0;0.0;0.34087400243742066;0.4549178765873289;0.1851165451639344;0.0;0.0;0.0;0.27577875110482847;0.0
GO:0043968;0.5144588953532141;0.0934669503203593;0.4269456843725627;0.4204611188439176;0.6762942555733044;0.4984557465887133;0.39652972111443774;0.469070055905747;0.3850088400107163;0.7617671604884445;0.0;0.0;0.4690514855185367;0.14925168540663;0.44166857800253667;0.46135213760678967;0.23703458011834583;0.2628812275471979;0.26135073556302696;0.0;0.0;0.0;0.4316596815382442;0.0;0.0;0.9724888965985805;0.0;1.0;0.0;0.24665576666039973;0.24719392772670168;0.4254238878756231;0.0;0.0;0.1637764802273236;0.0;0.13703439798024933;0.40813701067557123;0.6875017779853858;0.0;0.26744571014161517;0.0;0.0;0.0;0.0;0.2627629874021491;0.11001421089139488;0.163926220041383;0.16014005600883638;0.1488779539768314;0.46119769766016216;0.16390067769784444;0.1438704825244988;0.6895635784907843;0.46889859517146176;0.2575365617590096;0.0;0.37687434575266704;0.26287454232329893;0.4686651265091871;0.4020470368475947;0.46958949805674166;0.0;0.4568548304640579;0.25128433664153993;0.24385988148189222;0.0;0.0;0.2875172558686574;0.24589144869430388;0.7621884868963177;0.13182002573401652;0.0;0.11084830525553084
GO:1904874;0.0;0.20115489940876757;0.0;0.0;0.0;0.0;0.0;0.0;0.0;0.0;0.24859316907320522;0.31324427332226307;0.0;0.45927158649364014;0.0;0.0;0.0;0.0;0.0;0.4040975134500366;0.2800122925102957;0.0;0.0;0.0;0.4155758587493848;0.0;0.45319453186756287;0.0;1.0;0.0;0.0;0.0;0.26544049974318484;0.6150270829707868;0.0;0.6166188734015527;0.0;0.0;0.0;0.2384623475037689;0.0;0.25777321830798344;0.1883601452504333;0.49849929688897515;0.2616934185671347;0.0;0.2599458670039757;0.0;0.0;0.0;0.0;0.0;0.4250882149242707;0.0;0.0;0.0;0.43708014484351987;0.0;0.0;0.0;0.0;0.16224988153970024;0.27169185181441396;0.15532863841262862;0.0;0.0;0.28687979213151804;0.6651355868415813;0.1486763952666386;0.0;0.0;0.0;0.22754289098897162;0.0
GO:0007076;0.2919290081425737;0.2031831681270747;0.16749134489619824;0.16372880082895905;0.17867874795547775;0.4208894746690263;0.15031149031017504;0.1933661885438804;0.14410299760321887;0.2403763041906526;0.0;0.0;0.19335420242400103;0.26495287380478766;0.20603601883183234;0.18843054815982865;0.8028943560442009;0.7269173715584661;0.47587384204876176;0.0;0.0;0.0;0.22008541082412603;0.0;0.0;0.24659140499073468;0.0;0.24665576666039973;0.0;1.0;0.5781261123975829;0.16660333079944645;0.0;0.0;0.40648097884669043;0.0;0.2287490901612821;0.15672908991745818;0.18322720655636088;0.0;0.4964755009037528;0.0;0.0;0.0;0.0;0.7263193881771817;0.25622902339141995;0.4975224273096717;0.475900423459004;0.2637773912454591;0.1883327121396654;0.40707324849810606;0.24845582570256866;0.18407263916406835;0.193255540877196;0.621648476091007;0.0;0.13981291824001074;0.5690434103689905;0.19310495157537216;0.1533412496784555;0.344436787687476;0.0;0.33114224254808233;0.6749894378867689;0.32538196169042255;0.0;0.0;0.09723256226462391;0.42699338239770274;0.24056442093943184;0.21458007051970301;0.0;0.1640553969285361
GO:0007077;0.2926831589302567;0.20357527417869542;0.16791241052656275;0.16413113849315486;0.17915802186364513;0.2791721733059154;0.150650519773721;0.19392761752357915;0.14441456976892744;0.24088738422203582;0.0;0.0;0.19391556170263674;0.2660080818488347;0.2066735518470979;0.18896364264650023;0.4718199323022234;0.4830231018530937;0.47788106149709575;0.0;0.0;0.0;0.2206478710851507;0.0;0.0;0.2471292849349494;0.0;0.24719392772670168;0.0;0.5781261123975829;1.0;0.16701993785883545;0.0;0.0;0.4084037642292915;0.0;0.22953520012045892;0.15709772284813997;0.18373122631437291;0.0;0.49866067552128374;0.0;0.0;0.0;0.0;0.48262406035655325;0.2568529070289377;0.49988002247514124;0.47805710817327846;0.26482323856667034;0.18886525240617974;0.40900165450495374;0.24938349143132416;0.18458132732612081;0.19381632658918868;0.7779759623467658;0.0;0.14010619609412234;0.5632640561948089;0.19366486240677291;0.1536941002476948;0.2558341030241134;0.0;0.24593800223896894;0.5220803062987124;0.3263191334986284;0.0;0.0;0.09737431477938416;0.4286087276444415;0.24107630207059402;0.2152716639812727;0.0;0.16445934329031764
GO:0006260;0.7794864465548546;0.1017891262363955;0.7639435835467647;0.7510965965567711;0.49664821554194527;0.7526341675359696;0.704050065682909;0.8484462704708311;0.8650339477540908;0.4170323633791497;0.0;0.0;0.8484086127582405;0.171663358668936;0.7930040682334991;0.8328266429113069;0.15919972853303888;0.17928150727146372;0.17807514434511293;0.0;0.0;0.0;0.773309529376669;0.0;0.0;0.42533837643408384;0.0;0.4254238878756231;0.0;0.16660333079944645;0.16701993785883545;1.0;0.0;0.0;0.191162702430836;0.0;0.1556977362307617;0.7267972530270946;0.5058374538982843;0.0;0.18289243677640227;0.0;0.0;0.0;0.0;0.17918822962361028;0.12172857619727179;0.1913667385000291;0.1862267799827595;0.17116914690570678;0.8325147192677934;0.19133192998667414;0.16458306653314253;0.5075317615515614;0.8480985898271097;0.17507829509977055;0.0;0.8134793155833504;0.17927623306058504;0.8476252216857841;0.7148458187158284;0.7046639336387422;0.0;0.6836893956879354;0.17019513274927922;0.13766099834674556;0.0;0.0;0.4967701153994964;0.16601210384453413;0.4172851865270091;0.14900100986908107;0.0;0.12275058219386836
GO:1905168;0.0;0.1676452556926206;0.0;0.0;0.0;0.0;0.0;0.0;0.0;0.0;0.5601139399790594;0.21692736565076434;0.0;0.26064759552789146;0.0;0.0;0.0;0.0;0.0;0.37844345058184853;0.20414580767591173;0.0;0.0;0.0;0.24931438033718437;0.0;0.2591452532898853;0.0;0.26544049974318484;0.0;0.0;0.0;1.0;0.3686167886877997;0.0;0.369012169389487;0.0;0.0;0.0;0.5453534262360388;0.0;0.3831356624868777;0.3447581718401045;0.2698273599143177;0.23623228126366416;0.0;0.4199223819146895;0.0;0.0;0.0;0.0;0.0;0.2518904089545946;0.0;0.0;0.0;0.25504917520184023;0.0;0.0;0.0;0.0;0.09638079270493848;0.489980619108185;0.09389546705476694;0.0;0.0;0.4438264611502648;0.2131313788329729;0.31438526641122533;0.0;0.0;0.0;0.5832752095937298;0.0
GO:0008284;0.0;0.2544710611258057;0.0;0.0;0.0;0.0;0.0;0.0;0.0;0.0;0.34606249647190673;0.3884126517533925;0.0;0.5551418751856583;0.0;0.0;0.0;0.0;0.0;0.5501583900614732;0.34925918754882834;0.0;0.0;0.0;0.5061385564830263;0.0;0.5483709144392567;0.0;0.6150270829707868;0.0;0.0;0.0;0.3686167886877997;1.0;0.0;0.8149851462382203;0.0;0.0;0.0;0.33244688056886196;0.0;0.32279776620165357;0.23883654346799066;0.5985096320624014;0.4472121400442911;0.0;0.32539218108756746;0.0;0.0;0.0;0.0;0.0;0.5168696045023232;0.0;0.0;0.0;0.5303475435779926;0.0;0.0;0.0;0.0;0.15529783716959197;0.33938356991356744;0.1489453957103767;0.0;0.0;0.3573882927857679;0.4949879711509313;0.18988144165555731;0.0;0.0;0.0;0.28648886940871343;0.0
GO:0000712;0.19843734847704053;0.18460853811716962;0.19233274103999903;0.18738782706740453;0.2072323469350456;0.18797493331961998;0.17001839943234698;0.22725207066321432;0.16211801576572513;0.15909546242866515;0.0;0.0;0.22723551568842207;0.33298690385236857;0.24495483009443975;0.22046535185615626;0.5400426155787194;0.36289918138012983;0.35799014509539057;0.0;0.0;0.0;0.3661396728676828;0.0;0.0;0.16372834922192886;0.0;0.1637764802273236;0.0;0.40648097884669043;0.4084037642292915;0.191162702430836;0.0;0.0;1.0;0.0;0.27774174102378213;0.1782753173465864;0.21337567690087647;0.0;0.3780059795585728;0.0;0.0;0.0;0.0;0.36251719558525675;0.23969686838986276;0.5378479708742219;0.5073980893363002;0.3311323529623744;0.2203314339925059;0.7769904454880011;0.3073400153435947;0.2145230872025815;0.22709926011386475;0.44735430266418336;0.0;0.15670837414093586;0.36287757184658154;0.22689133718261165;0.17390495460018687;0.17023786247652428;0.0;0.1628419150535812;0.6118170291696029;0.22512443875783922;0.0;0.0;0.10511394613134434;0.31236106678588077;0.1592352578240426;0.25712691227258205;0.0;0.18781575317385119
GO:0045787;0.0;0.2947604025113491;0.0;0.0;0.0;0.0;0.0;0.0;0.0;0.0;0.3464109507627423;0.38901543456345283;0.0;0.5563740476812697;0.0;0.0;0.0;0.0;0.0;0.5510395813676804;0.34974649367029875;0.0;0.0;0.0;0.5868631637067011;0.0;0.5495731805372515;0.0;0.6166188734015527;0.0;0.0;0.0;0.369012169389487;0.8149851462382203;0.0;1.0;0.0;0.0;0.0;0.33276844208193435;0.0;0.3740070394918393;0.23906432379160283;0.5999420875395273;0.3639945978426974;0.0;0.3258151213278421;0.0;0.0;0.0;0.0;0.0;0.5179375745445788;0.0;0.0;0.0;0.6149927841776159;0.0;0.0;0.0;0.0;0.1554841394019419;0.3398436894588021;0.14911675991059722;0.0;0.0;0.3578985638432765;0.4962743952792428;0.19002538606499206;0.0;0.0;0.0;0.28681667231871943;0.0
GO:0046632;0.1604897139672253;0.1220471721739804;0.15647302875746338;0.15318437536573482;0.16619421839044077;0.15357649140044705;0.14137729932278062;0.1788283365258674;0.13587139457597358;0.13374188125416597;0.0;0.0;0.17881808491198287;0.23839742945069706;0.18961155087620088;0.174598833545858;0.2150195972697661;0.25334791298480697;0.25094556433151055;0.0;0.0;0.0;0.15888842667416908;0.0;0.0;0.1370007001529621;0.0;0.13703439798024933;0.0;0.2287490901612821;0.22953520012045892;0.1556977362307617;0.0;0.0;0.27774174102378213;0.0;1.0;0.14704030370662424;0.1701222818532912;0.0;0.26061920378181075;0.0;0.0;0.0;0.0;0.2531616837241401;0.151875993987757;0.27817265732593466;0.2674427423433924;0.23744534556246785;0.17451483043232008;0.27809911360287676;0.2249576904505035;0.170850863407422;0.1787336970026006;0.24503489395727823;0.0;0.1320509442714053;0.25333738086272706;0.17860488138559918;0.14405439034742415;0.14152901640703724;0.0;0.136379504655695;0.2355751552895318;0.17750819423247025;0.0;0.0;0.09341393923746338;0.2276359980364758;0.1338406572294435;0.19682385200670532;0.0;0.15347022259299758
GO:0006303;0.7437127137800883;0.2525798024569613;0.951191339096182;0.9359040295814548;0.4732476660490508;0.7192298856597834;0.9101874594790845;0.8062342561831498;0.6540922052825725;0.4004074054189429;0.0;0.0;0.8062002522855561;0.161199050726626;0.7518276119330513;0.7921172553616118;0.15015977186487603;0.16789860496417083;0.16684011498602702;0.0;0.0;0.0;0.7380877073118255;0.14187859000192776;0.0;0.40805830682348687;0.0;0.40813701067557123;0.0;0.15672908991745818;0.15709772284813997;0.7267972530270946;0.0;0.0;0.1782753173465864;0.0;0.14704030370662424;1.0;0.48158409924684314;0.0;0.17106151745827836;0.0;0.0;0.0;0.0;0.1678167933204107;0.11637171488606962;0.1784527574626342;0.17397499430378016;0.2680882408113173;0.7918350755275898;0.17842248802014887;0.1549399171315293;0.4831195816496936;0.8059203042428387;0.16420669203974542;0.0;0.6092600277129787;0.16789397922131033;0.8054928372422281;0.9235544272073335;0.6752990251916747;0.0;0.6560122513594063;0.15990369477720315;0.1308493396947873;0.0;0.0;0.48199441910300733;0.15620575773508327;0.400640467179091;0.23522007507586096;0.0;0.19561817544960963
GO:0006468;0.5190949449377973;0.10776261647081843;0.507990377149925;0.49883668538905834;0.9804408562649994;0.49993105029104923;0.4655055773026469;0.5687633037051838;0.4497078502350996;0.8132747004808272;0.0;0.0;0.5687360010413381;0.18936600831469905;0.5402317448920585;0.557455667356759;0.17431194309800585;0.19867902507688892;0.19719857091299434;0.0;0.0;0.0;0.5146779145082515;0.0;0.0;0.6873546135388151;0.0;0.6875017779853858;0.0;0.18322720655636088;0.18373122631437291;0.5058374538982843;0.0;0.0;0.21337567690087647;0.0;0.1701222818532912;0.48158409924684314;1.0;0.0;0.20312328552117756;0.0;0.0;0.0;0.0;0.19856447742525224;0.1303709280491062;0.21362991715588786;0.2072444024958068;0.18876478889780654;0.5572301993345162;0.2135865393561898;0.1807866123278596;0.830604641490472;0.5685112351581888;0.19353012912133327;0.0;0.4386489772511466;0.19867254784927427;0.5681680702268609;0.4731277455889056;0.4659385705655821;0.0;0.4511726293933566;0.1875809235646853;0.14881737584836685;0.0;0.0;0.32212602867983936;0.18251235966419163;0.8137991182127444;0.16215897880636265;0.0;0.1315439032287435
GO:0045944;0.0;0.15698424546545622;0.0;0.0;0.0;0.0;0.0;0.0;0.0;0.0;0.9746455051421745;0.19940467845331872;0.0;0.23575523457999925;0.0;0.0;0.0;0.0;0.0;0.27810727393939594;0.18855297968360768;0.0;0.0;0.0;0.22644468002033752;0.0;0.23452546640755578;0.0;0.2384623475037689;0.0;0.0;0.0;0.5453534262360388;0.33244688056886196;0.0;0.33276844208193435;0.0;0.0;0.0;1.0;0.0;0.35511165832524594;0.5897006721125975;0.24324017733456896;0.220834564553975;0.0;0.6784382579230395;0.0;0.0;0.0;0.0;0.0;0.22856777214805024;0.0;0.0;0.0;0.23116565908897196;0.0;0.0;0.0;0.0;0.08961399412067075;0.3982207643385768;0.08746150501404854;0.0;0.0;0.7460506821105704;0.1914350220212659;0.3709735698366491;0.0;0.0;0.0;0.3616934167969161;0.0
