;GO:0016525;GO:0090179;GO:0045807;GO:0015031;GO:0051091;GO:0008625;GO:0090051;GO:0000188;GO:0000187;GO:0045892;GO:0045893;GO:0035556;GO:0033138;GO:1902042;GO:0043517;GO:0071805;GO:0002092;GO:0050729;GO:0046469;GO:0007268;GO:1903413;GO:0009967;GO:0032715;GO:0071361;GO:0005513;GO:0032956;GO:0032717;GO:0010942;GO:0031623;GO:1905167;GO:0035025;GO:0090311;GO:0008284;GO:0042157;GO:0045944;GO:0044339;GO:0044338;GO:0042953;GO:0043524;GO:0000165;GO:0001523;GO:0010875;GO:0070588;GO:0035774;GO:2000772;GO:1901491;GO:0043537;GO:0050908;GO:0034441;GO:0034440;GO:1904646;GO:1904886;GO:0030514;GO:0010923;GO:0010801;GO:0097755;GO:0001934;GO:0001937;GO:0007050;GO:1901381;GO:0034393;GO:0032092;GO:0046777;GO:0006366;GO:0008543;GO:1903204;GO:0043149;GO:0042699;GO:0043547;GO:0010977;GO:0043154;GO:0031398;GO:2000310;GO:0010976;GO:0031397;GO:0071456;GO:0017148;GO:0034260;GO:0007186;GO:0030182;GO:0032088;GO:0090026;GO:0043277;GO:1900223;GO:0030855;GO:0043280;GO:0010508;GO:0043161;GO:0060716;GO:0051056;GO:0016042;GO:0071447;GO:0030178;GO:0016567;GO:0034374;GO:1904953;GO:0045746;GO:0002265;GO:0099054;GO:0051222;GO:0034765;GO:0014912;GO:1903078;GO:0002031;GO:0090240;GO:0060979;GO:0007205;GO:0007602;GO:0090090;GO:0070373;GO:0070374;GO:2000587;GO:0071346
GO:0016525;1.0;0.423896866528153;0.2889790939467679;0.0;0.21141171756594643;0.3241549166050154;0.6196296348415795;0.1563482527132205;0.12337672969020379;0.20987014652182345;0.17138477871810515;0.3579381974968376;0.18575397378811623;0.2639207233341669;0.22223205659079054;0.0;0.21939465548201817;0.3045954345051813;0.0;0.0;0.0;0.28439419962259715;0.5635911069118771;0.0;0.0;0.34457571942418996;0.5639153731077574;0.3516584585701433;0.0;0.18829957943900003;0.23252518354654964;0.29002031901081987;0.3515444251798031;0.0;0.16534270828927214;0.3143226584963688;0.3143447896600778;0.0;0.34073506560722233;0.1970947558655898;0.0;0.27586622597349925;0.0;0.16411479286965192;0.4043290929362349;0.8592515185650325;0.38551025428267444;0.0;0.0;0.0;0.0;0.0;0.20723596921771276;0.27373630305747754;0.23223197586074804;0.21335872887737276;0.19262860666332945;0.38513181921526357;0.38686924677447526;0.2371135605284734;0.2754472465497126;0.25306667329410887;0.0;0.0;0.3233241934928611;0.2942261605968437;0.0;0.30489103427344094;0.2332283635944561;0.4729681117222846;0.1951562220449362;0.2107302070271978;0.23019082645577177;0.33778690376238824;0.26289765002066867;0.0;0.21657986972645393;0.39034911276528916;0.35811445931487096;0.0;0.2575724733429278;0.19469148377060205;0.0;0.44202070779879704;0.0;0.15672105820331078;0.2694122815467168;0.0;0.0;0.3276782023262274;0.0;0.0;0.3356846106258139;0.0;0.0;0.3239859258707058;0.33610688566444846;0.0;0.0;0.3049105008731005;0.3634390539389079;0.33292189761451974;0.2903155193022723;0.0;0.1637088281660758;0.0;0.3464349774496028;0.2703947158074065;0.3189873882071606;0.18737973054820056;0.1498089962718688;0.32027260182137424;0.0
GO:0090179;0.423896866528153;1.0;0.3006702378488778;0.0;0.23293171968120163;0.5315318994994664;0.33311002074079177;0.1484414552326155;0.14568244193907445;0.192509017565335;0.19475480079363397;0.5145966105380222;0.2087324182720696;0.23408305481920486;0.2428563943489532;0.15368865061643336;0.24026955612871803;0.23874819722338908;0.14148527651685383;0.1893729667068859;0.15073113232023147;0.29687672329225956;0.31594351514806707;0.14482098389762016;0.0;0.34475998695524157;0.31608268125691863;0.35013501711120826;0.15074811162217638;0.2111762519215258;0.25214839816996676;0.3015282653905452;0.35004889235551206;0.0;0.18878290367808595;0.6149822812975716;0.6150159877604198;0.0;0.2886482745040479;0.31837531589778134;0.16801705470653217;0.22073031197465953;0.0;0.18756229383075024;0.3906955569664359;0.43427297421217426;0.2931739119104257;0.0;0.169717396679025;0.17165293357638647;0.14425223325777453;0.19244294274020018;0.1904101007153846;0.2413396637070572;0.21004909518307904;0.16608551451177178;0.21531017906646463;0.31800837065263976;0.40401391649444524;0.2562445548352944;0.2894014707967026;0.18919397977509034;0.1350869414916893;0.10986194207588676;0.5304782043340466;0.256211970977164;0.15807812710826435;0.4548316486205951;0.1778822683702211;0.37546552758242374;0.18069448861096582;0.23230115487939715;0.2500536506177957;0.3740275859289742;0.23332168333103984;0.16096524264481285;0.19782386224671542;0.24480863524408256;0.5147879670452528;0.2039295642467587;0.22934323361056846;0.21727039415409757;0.0;0.33288930029197217;0.20389077082798968;0.18016230217158682;0.2843042204203777;0.12413440794391933;0.0;0.33172187711025886;0.0;0.16464384389885617;0.2852115611792982;0.1408891843581049;0.16965214515738308;0.6296004052596301;0.28549968841047374;0.18961928372058046;0.19792587409997298;0.23894172279867773;0.2734509505789352;0.2833229790412169;0.22988515113795033;0.1477737432521708;0.18715822449475003;0.1987087422588216;0.5020077456711276;0.4134919578384818;0.2737032565086607;0.17436022703688206;0.1731654835020585;0.27459714422655257;0.1729069868224558
GO:0045807;0.2889790939467679;0.3006702378488778;1.0;0.0;0.33077554236009704;0.42729885132741846;0.2739129219816719;0.16564236427313747;0.22263327022587914;0.22246930304150833;0.30945491528684227;0.47203744585744756;0.3354622031075507;0.2799216426615342;0.40152835385528257;0.0;0.7585254609640637;0.38152128083551795;0.0;0.0;0.0;0.5142545672976077;0.33945892511358544;0.0;0.0;0.5296744477441855;0.33965508737371425;0.6364367818864457;0.0;0.34007058359652964;0.4201816656441523;0.3821345985485203;0.6362294663699001;0.0;0.2985220427972552;0.41428549222644584;0.4143147799382272;0.0;0.36168140614618755;0.2593838796672162;0.0;0.5212747593164331;0.0;0.40077397361907374;0.43775249247472975;0.2979883691310035;0.3552121068760468;0.0;0.0;0.0;0.0;0.0;0.2196709856822319;0.29036189852282673;0.24623069650940782;0.2142237329504224;0.3479082353748;0.40899601018915577;0.41084851293421853;0.579584092308278;0.4980188336267179;0.254284526782737;0.0;0.0;0.4261992307471938;0.3121626139023872;0.0;0.40180548803844046;0.23426237196803135;0.3152985092657799;0.20684048721604842;0.380690433660965;0.4026465742859561;0.45650377973977985;0.2788335820524699;0.0;0.22959781136780044;0.31580529580320343;0.4722709685224958;0.0;0.2731705145296835;0.3944232550215591;0.0;0.4538299559570902;0.0;0.28292447375737695;0.4870695012706623;0.0;0.0;0.4319628543261131;0.0;0.0;0.3563017886154844;0.0;0.0;0.42707515792978484;0.35675156373667616;0.0;0.0;0.5763724017704587;0.522633602359826;0.41235963230597894;0.42743819234804925;0.0;0.3651637211624461;0.0;0.45679955813473666;0.35618551649018654;0.3385203441951966;0.19858239080889595;0.27042224870531417;0.3398887931685749;0.0
GO:0015031;0.0;0.0;0.0;1.0;0.0;0.0;0.0;0.0;0.0;0.0;0.0;0.0;0.0;0.0;0.0;0.32227660941049874;0.0;0.0;0.0;0.0;0.0;0.0;0.0;0.0;0.0;0.0;0.0;0.0;0.31378182329732035;0.0;0.0;0.0;0.0;0.0;0.0;0.0;0.0;0.9361912390017504;0.0;0.0;0.0;0.0;0.34030173055514595;0.0;0.0;0.0;0.0;0.0;0.0;0.0;0.0;0.0;0.0;0.0;0.0;0.0;0.0;0.0;0.0;0.0;0.0;0.0;0.0;0.0;0.0;0.0;0.0;0.0;0.0;0.0;0.0;0.0;0.0;0.0;0.0;0.0;0.0;0.0;0.0;0.0;0.0;0.0;0.4410416717879099;0.0;0.0;0.0;0.0;0.0;0.0;0.0;0.0;0.0;0.0;0.0;0.0;0.0;0.0;0.0;0.0;0.0;0.0;0.0;0.0;0.30531568966623546;0.0;0.0;0.0;0.0;0.0;0.0;0.0;0.0;0.0
GO:0051091;0.21141171756594643;0.23293171968120163;0.33077554236009704;0.0;1.0;0.3023446971745462;0.19129350162971517;0.3051828681955391;0.3487997693833814;0.6848171953932506;0.7273318713026667;0.32407801791383245;0.4260893368137421;0.2202823161989751;0.2710547087909547;0.0;0.39990518686376747;0.27482207679680565;0.0;0.0;0.0;0.3269093843508748;0.23721903250823487;0.0;0.0;0.3156356759139435;0.23731481022367704;0.38053053220352034;0.0;0.43081110771944403;0.28076997948510235;0.5487324980080555;0.38044494896129905;0.0;0.7061018741556365;0.29577090796431726;0.29578583550000087;0.0;0.26794817252701936;0.2073617383473027;0.0;0.2555744181062583;0.0;0.2122902882198245;0.3075412210247184;0.21619356743102444;0.2351570553483645;0.0;0.0;0.0;0.0;0.0;0.6777127205287024;0.35381074346425057;0.3911160982998885;0.15293738327520137;0.4387850406709193;0.2930649954401924;0.29401492498292475;0.2850383620724491;0.3192696601887496;0.2830453702167223;0.0;0.0;0.3017937485947026;0.23977024434524166;0.0;0.2893546030850483;0.2675492210373518;0.21437574002092435;0.3684334534102453;0.4713844838600077;0.27442044958562367;0.2538989972486818;0.4319031681856146;0.0;0.5376296149592046;0.27598918515531207;0.32418807244888376;0.0;0.8777324497313775;0.24406722585183432;0.0;0.31045289627281347;0.0;0.4275555639504542;0.4170373586190698;0.0;0.0;0.3046723385872318;0.0;0.0;0.2649841742168513;0.0;0.0;0.3022326861119043;0.26523286449846945;0.0;0.0;0.27502759075772;0.249482535790843;0.26335320599491074;0.26538227891904026;0.0;0.38415031393581606;0.0;0.3168221763789903;0.2649198586940301;0.25502182973441817;0.3276254803607286;0.3567017471144116;0.25579768543774023;0.0
GO:0008625;0.3241549166050154;0.5315318994994664;0.42729885132741846;0.0;0.3023446971745462;1.0;0.25161615194221687;0.17388152711457416;0.17010781225340746;0.23758942970616295;0.24101953894198755;0.7913880796695683;0.2627981199487577;0.3042873239328865;0.31928079096909684;0.2148301112912973;0.31482461379192866;0.3454607475878143;0.191715848385549;0.29165025402650113;0.20909526178268373;0.41967766209716373;0.38905187860462137;0.1978921983065383;0.0;0.522207332037558;0.3893095657133586;0.534639079176801;0.20912793720689424;0.26668369567227124;0.3355369038690622;0.4290338776574852;0.5344382984504178;0.0;0.23193948510841397;0.7593868894337371;0.7594477920495007;0.0;0.4034204302596672;0.40629268078765246;0.24390503434451805;0.30896744496101447;0.0;0.23009973230083738;0.5004165499682133;0.3355341622156416;0.3334205026903774;0.0;0.2475046881998408;0.2516426990750601;0.19683174469850928;0.29899611868626996;0.23440053711709982;0.3166644023551014;0.26488863878829066;0.243027336824511;0.2733105283550655;0.463187928386781;0.5894040458869919;0.34282953457272763;0.40489320678256785;0.29591496494738445;0.18015357434035514;0.13792127923022973;0.7842569465754308;0.3427712127600751;0.22350536644020974;0.6583501462877451;0.2691453483200254;0.29313087544638616;0.21984870132704745;0.3012831801455271;0.3318376997519044;0.2916855121353469;0.3030020344992376;0.22932093159834765;0.2457375893968717;0.35829518574525127;0.7918407429594144;0.3276718725610839;0.2963264574189674;0.2764768405446763;0.0;0.42129306414480716;0.3275717283451208;0.21906139321716503;0.3949854905657778;0.1611872718055721;0.0;0.4928650011309601;0.0;0.23686040967244873;0.3967389915556919;0.1906230052366848;0.24736593971248316;0.7860930748288022;0.3972967310751464;0.29223489379801765;0.31244374504035294;0.3458660815160694;0.4231667658912784;0.3930940688044271;0.3272069506227634;0.20344714056518995;0.22949189840617976;0.31439908461970323;0.7620011402373306;0.5751226402881974;0.3748165984812203;0.21054260470176875;0.2088030314372292;0.3764949578939257;0.25434705124230766
GO:0090051;0.6196296348415795;0.33311002074079177;0.2739129219816719;0.0;0.19129350162971517;0.25161615194221687;1.0;0.17778707224235318;0.12822632321158853;0.22251938603392146;0.16476833923242526;0.2664889209903782;0.17466369666826406;0.2619494066253106;0.19793650097064241;0.0;0.22897667952474396;0.18466571050543482;0.0;0.0;0.0;0.23240318454795614;0.32754848825301697;0.0;0.0;0.2607538710342191;0.3276579897288728;0.2638169768972548;0.0;0.1763716185637132;0.20406563890807852;0.2352440687759383;0.26376807916429335;0.0;0.16047358031757697;0.24704658199414536;0.24705699632323933;0.0;0.3100390252428737;0.18217209524836367;0.0;0.21177047369660237;0.0;0.18623760324804906;0.29752243468427814;0.5262015326713809;0.8017824366502906;0.0;0.0;0.0;0.0;0.0;0.22045974322947276;0.26857552944184554;0.23946721697481121;0.12774181430247256;0.17924591224084632;0.33435035370505906;0.3352564567549147;0.2412596591140857;0.22779702364352197;0.14098653320592658;0.0;0.0;0.2512344571873224;0.281929092061968;0.0;0.24255409729533034;0.13460777525541848;0.40735719172324664;0.21083587493059103;0.19086801775744544;0.23653482710640494;0.27974507718943026;0.26124990990061847;0.0;0.22770428703406134;0.2336548267875354;0.26656333263528426;0.0;0.22354900399895278;0.32259972256840785;0.0;0.24945342385025243;0.0;0.15420161774974964;0.22462700412554296;0.0;0.0;0.2532261589900474;0.0;0.0;0.3071244281728411;0.0;0.0;0.2515385700738198;0.3073693497490367;0.0;0.0;0.22528228109465187;0.24964620259323;0.6151023230424183;0.21862169288474592;0.0;0.15929811393317314;0.0;0.261563103879235;0.2251465790966049;0.29725595928398585;0.20448050739384305;0.1490471024418431;0.29802852597363777;0.0
GO:0000188;0.1563482527132205;0.1484414552326155;0.16564236427313747;0.0;0.3051828681955391;0.17388152711457416;0.17778707224235318;1.0;0.544775782778288;0.37923438974010715;0.2506673067625031;0.18085682079566326;0.413928025938127;0.38524703508594527;0.27150660938506377;0.0;0.23028264107245813;0.15907006236186033;0.0;0.0;0.0;0.27833396535327726;0.16718669860361013;0.0;0.0;0.17819693853441232;0.1672250252761498;0.17962218084351889;0.0;0.30908239810853294;0.27767674828269384;0.40867385992556216;0.17959951202604119;0.0;0.24558314462698527;0.17168696073214035;0.17169199043858838;0.0;0.220840420929468;0.13762636849798632;0.0;0.12361825448634951;0.0;0.18923129478534062;0.2066734884361148;0.15843649260847179;0.2036768291364894;0.0;0.0;0.0;0.0;0.0;0.45924190293679407;0.49085348558761904;0.6972005703055911;0.08877392106836936;0.422164221643689;0.2329031176658791;0.23334242419912027;0.15120079091865954;0.16216371744907013;0.1263646670374898;0.0;0.0;0.17369915869552166;0.25714625565568344;0.0;0.16950513869903824;0.15185825906098122;0.1918649950141944;0.520717111369037;0.351105116557065;0.2776389215308026;0.14034752101582687;0.5659741680688933;0.0;0.46945898371997996;0.27357723503093606;0.180891090740624;0.0;0.35044531849108107;0.16093468951801831;0.0;0.13838000037292267;0.0;0.3192641727606851;0.22313828460118532;0.0;0.0;0.32381311166405413;0.0;0.0;0.4326994855146292;0.0;0.0;0.1738444734244641;0.43294588426023506;0.0;0.0;0.12913013554916267;0.1385815506241744;0.21853614033051386;0.12643818682452337;0.0;0.3058424342844096;0.0;0.17857449849520626;0.16081603255823;0.4226772079536769;0.8465967441121375;0.4847072158305265;0.423468512935361;0.0
GO:0000187;0.12337672969020379;0.14568244193907445;0.22263327022587914;0.0;0.3487997693833814;0.17010781225340746;0.12822632321158853;0.544775782778288;1.0;0.24481721355872363;0.37890748937003454;0.17677781767345258;0.6898734290862878;0.23797133915456942;0.43548880296342046;0.0;0.352480790861179;0.21432830400177225;0.0;0.0;0.0;0.4368068356386078;0.13174080231864918;0.0;0.0;0.17423571993199932;0.1317703367124179;0.24100203131497652;0.0;0.48540319921172037;0.44519997302331515;0.40020305727425454;0.2409722975037869;0.0;0.3713428097435201;0.16800689318043963;0.16801170957372683;0.0;0.1586494083888062;0.13525152390727466;0.0;0.15110397423181762;0.0;0.29144360820568377;0.20214504569724562;0.12499009594815441;0.14654980583844668;0.0;0.0;0.0;0.0;0.0;0.3286355803122944;0.29345248239097577;0.40861465344159115;0.08687101404105696;0.7033662597142556;0.16713034305635485;0.16743885331875683;0.2035902801123685;0.21805253239960565;0.15243003061295743;0.0;0.0;0.16993326977207782;0.1745880224021809;0.0;0.1659170330745797;0.20426705399451592;0.13820079234895505;0.31502275483021003;0.5593336714465613;0.272458710769555;0.1892335363497307;0.34574573152097554;0.0;0.2915720721350845;0.18449741085650653;0.1768105590777616;0.0;0.2969267677579009;0.2303779632217775;0.0;0.16873919146691185;0.0;0.5164994262736217;0.3310796731373607;0.0;0.0;0.31675512467715955;0.0;0.0;0.26669384492783055;0.0;0.0;0.17007234928374662;0.2668426571031929;0.0;0.0;0.15769876427245;0.13543811409037457;0.15702720131562012;0.15447942299208792;0.0;0.4883516065349794;0.0;0.17459666356825806;0.15758285405414202;0.2606380147638629;0.47973168977384;0.8389471679557817;0.261116355644435;0.0
GO:0045892;0.20987014652182345;0.192509017565335;0.22246930304150833;0.0;0.6848171953932506;0.23758942970616295;0.22251938603392146;0.37923438974010715;0.24481721355872363;1.0;0.5933934536000489;0.2508066562126518;0.3299877114962355;0.25065346890795953;0.18915180096544626;0.0;0.2968954605238935;0.17472756704731512;0.0;0.0;0.0;0.22038563494022395;0.22987395528143817;0.0;0.0;0.24572029305150256;0.2299464179862868;0.24843853738311647;0.0;0.33308622040904107;0.19474129050424666;0.4384537638769155;0.24839517372962028;0.0;0.5784876350895732;0.23351100515816717;0.2335203095352215;0.0;0.29433917252876235;0.17470457024809166;0.0;0.16487781299096016;0.0;0.15383050261096465;0.24078660667742874;0.21365009511093358;0.26461864637106997;0.0;0.0;0.0;0.0;0.0;0.6392287851557629;0.3931582559792563;0.5055972800521285;0.12074258816110772;0.3382953788653111;0.3161640110161073;0.3169741039984377;0.19717560636316003;0.2162392764562695;0.1325088170264203;0.0;0.0;0.23724907628701292;0.2688871836564804;0.0;0.22949331415285198;0.12685875063076374;0.2450210082646844;0.44726264865871057;0.35928985632209703;0.1934894253323539;0.1791129369063857;0.5496098313716423;0.0;0.7539706977638762;0.22084821502867816;0.25087256655511403;0.0;0.7097084227026592;0.1732604029676186;0.0;0.1922280261333068;0.0;0.2926790826773723;0.2965629675925724;0.0;0.0;0.2390244237163091;0.0;0.0;0.29171103119024705;0.0;0.0;0.23752025538640215;0.29193197744688715;0.0;0.0;0.17483119731907987;0.19261717548977608;0.29026003047498405;0.1699327665230163;0.0;0.3020038490677814;0.0;0.2464387757623339;0.21384954971203374;0.2827938486628137;0.4342386796727577;0.28322624493169674;0.2834929817312957;0.0
GO:0045893;0.17138477871810515;0.19475480079363397;0.30945491528684227;0.0;0.7273318713026667;0.24101953894198755;0.16476833923242526;0.2506673067625031;0.37890748937003454;0.5933934536000489;1.0;0.2546320907865462;0.5120655275366942;0.1858326027293751;0.2625791389710636;0.0;0.46813680854856693;0.22103570019797986;0.0;0.0;0.0;0.30651775802040404;0.1879617826419222;0.0;0.0;0.24939100576281736;0.18802190944528022;0.3461238230575871;0.0;0.5169229836831074;0.27043000802557265;0.4443881598859521;0.34606249647190673;0.0;0.9746455051421745;0.23682354271809505;0.2368331129527762;0.0;0.21864504131229812;0.17655216146710653;0.0;0.20841179762091203;0.0;0.21309035877044472;0.24431033774059616;0.1745139292728793;0.19630802845368744;0.0;0.0;0.0;0.0;0.0;0.5880518694592533;0.2645915894529027;0.33504328592584154;0.12245549299659877;0.5250913409710878;0.23508556109770556;0.23569641450544293;0.273850855352704;0.30067522363291665;0.13457468533425043;0.0;0.0;0.24066929437394435;0.19951249775544447;0.0;0.23269206337188017;0.12875094319983008;0.1816113112392039;0.29603822891653636;0.558038845525841;0.1957582762041378;0.2484921234155066;0.36453282510796065;0.0;0.46423056082940994;0.18047694420326515;0.2547000273328412;0.0;0.6839065567505411;0.2402874665841148;0.0;0.24351407850509313;0.0;0.45365033630104845;0.4548498615302605;0.0;0.0;0.24249639521419533;0.0;0.0;0.21666743206732764;0.0;0.0;0.2409483531462463;0.21683367067748616;0.0;0.0;0.22116862296876103;0.19557937048175658;0.21557578922068352;0.21488798532671857;0.0;0.4682378314389692;0.0;0.2501311473662447;0.21662443068437673;0.20996092518987391;0.2873423641517774;0.4388710196232426;0.21048654267213723;0.0
GO:0035556;0.3579381974968376;0.5145966105380222;0.47203744585744756;0.0;0.32407801791383245;0.7913880796695683;0.2664889209903782;0.18085682079566326;0.17677781767345258;0.2508066562126518;0.2546320907865462;1.0;0.279064901372726;0.32631099585319084;0.3436151103427489;0.23595463894084712;0.3384592678180161;0.38409559479602007;0.20836308397979145;0.3320024295606086;0.22905462040232935;0.46275415527615243;0.4387533345615135;0.21567908946581527;0.0;0.5906179950800186;0.43908109404680534;0.6065700313010615;0.22909383226229774;0.2834503996996093;0.3625169554887477;0.4741557103917482;0.6063116026998181;0.0;0.24451892566169234;0.7608641002916601;0.7609322234774639;0.0;0.44306658237281726;0.48114894972065975;0.2715017027602937;0.33951008432349894;0.0;0.24247507923014328;0.5628954802658691;0.3718638689356186;0.3600477692465694;0.0;0.27596946586407917;0.2811239202016918;0.2144200443806471;0.34155492472095544;0.2472557465337715;0.34058659333590113;0.2814233906664655;0.2713129581322929;0.29094841368692187;0.5162237597789353;0.6572781224488746;0.3710444201571017;0.4448436948193042;0.33894097354819613;0.19477680950163082;0.1463320144507278;0.7887889056309879;0.37097610449452734;0.24646159517694158;0.7320673256005124;0.30427677083194765;0.31351509961912416;0.23111895330337479;0.3228587144431267;0.3582027628446821;0.31186229341814464;0.32483337204178525;0.2535520930053785;0.25990396174738295;0.40002744807872775;0.9009607727337513;0.3794929182303676;0.31717334738770464;0.2945392682062081;0.0;0.4801970929941671;0.3793586003264844;0.2302490152698101;0.43291315356626864;0.17279437021495786;0.0;0.5533585031426099;0.0;0.26280119667733387;0.4350204734552955;0.20707285009313553;0.2757969792230357;0.7908590350458474;0.4356911296743575;0.3327602505512794;0.3592163135244953;0.38459672569821324;0.48263288971120594;0.4306420966904767;0.36166320030101223;0.22229417414781463;0.24180020132486874;0.36180332100245843;0.8625299537065502;0.6305943132202076;0.40880315916463833;0.22085654030736637;0.21894313257072878;0.41080050006803587;0.28450330243379496
GO:0033138;0.18575397378811623;0.2087324182720696;0.3354622031075507;0.0;0.4260893368137421;0.2627981199487577;0.17466369666826406;0.413928025938127;0.6898734290862878;0.3299877114962355;0.5120655275366942;0.279064901372726;1.0;0.1985171513838165;0.2810687085811702;0.0;0.5008041847388012;0.24024665859276212;0.0;0.0;0.0;0.33201336085093935;0.20538640295238955;0.0;0.0;0.2727821701586448;0.20545819647478422;0.3789870284858274;0.0;0.6683687141033331;0.29008312457324187;0.6034933396036556;0.3789135048140263;0.0;0.4983460094644803;0.25781739641305074;0.25782873865305933;0.0;0.23641868653162668;0.18796252227347213;0.0;0.22540668721086238;0.0;0.225107695384759;0.26671533555463006;0.18943546281781787;0.21051761975158018;0.0;0.0;0.0;0.0;0.0;0.3268475009534371;0.3489388814583334;0.5619276353614716;0.13331141141330238;0.9729454320646802;0.2557589601413665;0.25648213955495497;0.2940228711613735;0.3251693118997744;0.14780176491198727;0.0;0.0;0.262381773954587;0.21420714383736456;0.0;0.25292851885063367;0.1408067071197345;0.19370737669049373;0.3653597927861699;0.7880729731292473;0.20988552851696668;0.2649887096455834;0.48766536225010504;0.0;0.39544054228170017;0.19648237657833653;0.279146502986293;0.0;0.3836988480268141;0.25567893860549407;0.0;0.26703899028211703;0.0;0.5821049909093038;0.4913675728426305;0.0;0.0;0.2645549055622343;0.0;0.0;0.23410818841052752;0.0;0.0;0.2627134904518779;0.2343022790802863;0.0;0.0;0.24040369919429377;0.21451610190606393;0.23283424419428383;0.23300138131205267;0.0;0.65411576336332;0.0;0.2736679098573672;0.234057986364075;0.22629799879033893;0.47769301748515564;0.8047881768055116;0.22690871419861672;0.0
GO:1902042;0.2639207233341669;0.23408305481920486;0.2799216426615342;0.0;0.2202823161989751;0.3042873239328865;0.2619494066253106;0.38524703508594527;0.23797133915456942;0.25065346890795953;0.1858326027293751;0.32631099585319084;0.1985171513838165;1.0;0.3877378090979099;0.0;0.2268336194906858;0.2731301225639714;0.0;0.0;0.0;0.46810340306799075;0.2963511254313314;0.0;0.0;0.3177534494094905;0.2964715701490824;0.3742200740531231;0.0;0.20072637220881492;0.40170495396936;0.2806651885655904;0.3222408108439721;0.0;0.18038769770727453;0.29762971752053563;0.29764483327855906;0.0;0.6230054098868432;0.20827367812931297;0.0;0.20601436341914522;0.0;0.2728430290355509;0.36435368865751383;0.26992624506720575;0.3223140818296775;0.0;0.0;0.0;0.0;0.0;0.48928380801170507;0.31066236518023754;0.2723668888960234;0.15389859121238506;0.20445767971926765;0.4021788529608741;0.40349060368053347;0.24101917884709834;0.40016041069159874;0.1735396754940729;0.0;0.0;0.3037292792263724;0.4862960301712123;0.0;0.29113339674499594;0.16397511392923364;0.29370099784157394;0.39993947860680545;0.2197182948057243;0.3985615259921853;0.21456944670983139;0.30090266560819207;0.0;0.2572517913609949;0.2815186732467635;0.32642257248031076;0.0;0.25693188121054333;0.2427339597884578;0.0;0.25055823634292507;0.0;0.2555369197305599;0.26568297152413134;0.0;0.0;0.5188924351449606;0.0;0.0;0.7168855230587057;0.0;0.0;0.3041738691279751;0.7175621165423544;0.0;0.0;0.22179165007984528;0.25121979314180903;0.3611767736512086;0.2139672088894123;0.0;0.1789037371218268;0.0;0.3189559553872926;0.26641014055766504;0.68978757567214;0.4497412522647774;0.2810266920292735;0.6918975204450317;0.0
GO:0043517;0.22223205659079054;0.2428563943489532;0.40152835385528257;0.0;0.2710547087909547;0.31928079096909684;0.19793650097064241;0.27150660938506377;0.43548880296342046;0.18915180096544626;0.2625791389710636;0.3436151103427489;0.2810687085811702;0.3877378090979099;1.0;0.0;0.32261471742145265;0.4420315718207037;0.0;0.0;0.0;0.7834888377098828;0.2509279671878405;0.0;0.0;0.3341390722401973;0.25103513729950605;0.465520064421497;0.0;0.28429660687482783;0.7465170970377318;0.2933724906775105;0.46540913772793047;0.0;0.25466524208839597;0.3119588196578468;0.31197542596037464;0.0;0.28116573258446176;0.2151904392418339;0.0;0.26822862053717544;0.0;0.43903031610108506;0.483982535878437;0.22752203978111538;0.24527638766649124;0.0;0.0;0.0;0.0;0.0;0.31664548170322276;0.2360865387476823;0.2060585768118625;0.1613083274563655;0.2897535910168146;0.3089501121088;0.3100059968688289;0.34356960631923156;0.38687064043357816;0.1830196649348513;0.0;0.0;0.31866645264435717;0.3726467937400442;0.0;0.3048294147225484;0.1724135231858056;0.22275370772253894;0.17773353174637233;0.3121397345426583;0.4135955529991851;0.3045745818034322;0.2284082541722847;0.0;0.19428041875777152;0.23776401373146533;0.343738836690569;0.0;0.22459423182112478;0.36515655646738676;0.0;0.3293255707857368;0.0;0.24322619078569155;0.3802307044545674;0.0;0.0;0.5967870528642589;0.0;0.0;0.47025772315973874;0.0;0.0;0.31915588224439195;0.4707206041670715;0.0;0.0;0.2897369027104712;0.26469096555021376;0.27611053299468735;0.279052320592641;0.0;0.25251075152545094;0.0;0.3354690549110421;0.2778331416736869;0.45174983466720325;0.31816326765481356;0.5163528863495326;0.45318877508206523;0.0
GO:0071805;0.0;0.15368865061643336;0.0;0.32227660941049874;0.0;0.2148301112912973;0.0;0.0;0.0;0.0;0.0;0.23595463894084712;0.0;0.0;0.0;1.0;0.0;0.0;0.1663521112331365;0.23673923431057278;0.17928210020733373;0.0;0.0;0.17098258469150954;0.0;0.0;0.0;0.0;0.3605254372886973;0.0;0.0;0.0;0.0;0.0;0.0;0.20863942678356515;0.20865338295436336;0.3048740445237493;0.0;0.13331034884344262;0.20427970402436743;0.0;0.7375411486247626;0.0;0.0;0.0;0.0;0.0;0.20679871231413546;0.20967961039635422;0.17019034852489068;0.24155653825435178;0.0;0.0;0.0;0.0;0.0;0.0;0.2070009010683424;0.0;0.0;0.0;0.15757679186472417;0.12428836612385868;0.2143078103617165;0.0;0.18977283645237095;0.20268278398738812;0.0;0.0;0.0;0.0;0.0;0.0;0.0;0.19394904293452828;0.0;0.0;0.23606426385802937;0.259934295530008;0.0;0.0;0.36079838541058773;0.0;0.25987127208316585;0.0;0.0;0.14287232102612163;0.0;0.0;0.0;0.1993148164043331;0.0;0.16552868237900684;0.20670184057407026;0.2147238728257531;0.0;0.23712430479853763;0.25025847327600975;0.0;0.0;0.0;0.0;0.3520959389079032;0.0;0.25151137064809753;0.22878707105868798;0.1807430872181105;0.0;0.0;0.0;0.0;0.21155386840905607
GO:0002092;0.21939465548201817;0.24026955612871803;0.7585254609640637;0.0;0.39990518686376747;0.31482461379192866;0.22897667952474396;0.23028264107245813;0.352480790861179;0.2968954605238935;0.46813680854856693;0.3384592678180161;0.5008041847388012;0.2268336194906858;0.32261471742145265;0.0;1.0;0.2856514384724902;0.0;0.0;0.0;0.3915809060629751;0.2473164469580755;0.0;0.0;0.38385923365141916;0.24742055370455784;0.4586237831495294;0.0;0.5065032719479248;0.3345475817659285;0.4583815230364197;0.45851611830008554;0.0;0.4541427058503593;0.30770332124930666;0.30771947756984946;0.0;0.27770422051969434;0.2131569427163681;0.0;0.39979643547333954;0.0;0.3394943085662266;0.32046298662407513;0.22454885228850177;0.28315127632665515;0.0;0.0;0.0;0.0;0.0;0.29374044292010515;0.3247215239557964;0.32319236168136256;0.1591077582868206;0.5161352931787859;0.3047757535438558;0.30580325058661084;0.45960938053398587;0.3820958090876954;0.18019205003666403;0.0;0.0;0.31422728830006075;0.24755245850684832;0.0;0.3007649341387569;0.1699018888436866;0.2571509078561658;0.2791132884565811;0.5556134764463028;0.3212454054441993;0.37262773911630304;0.35789529231219036;0.0;0.3048766732759837;0.2345190324036712;0.3385793084190741;0.0;0.35197797811961845;0.32483751375767544;0.0;0.324343320179581;0.0;0.43390254469965467;0.5759314371499391;0.0;0.0;0.31734917993176204;0.0;0.0;0.27452173504298105;0.0;0.0;0.31470316675513665;0.274788658708794;0.0;0.0;0.43142719163218396;0.3731073899742502;0.3183163012528608;0.3238597330452694;0.0;0.5093101433064947;0.0;0.3305530242804812;0.27445270699277885;0.2638437854885753;0.26955645066652206;0.417440616372201;0.26467433531068546;0.0
GO:0050729;0.3045954345051813;0.23874819722338908;0.38152128083551795;0.0;0.27482207679680565;0.3454607475878143;0.18466571050543482;0.15907006236186033;0.21432830400177225;0.17472756704731512;0.22103570019797986;0.38409559479602007;0.24024665859276212;0.2731301225639714;0.4420315718207037;0.0;0.2856514384724902;1.0;0.0;0.0;0.0;0.5100465254528194;0.3612129702287774;0.0;0.0;0.3687506134449338;0.36143508822612586;0.47020660490977206;0.0;0.24366137692139214;0.41271616939393835;0.30695802432719765;0.47004320025438606;0.0;0.21299011688910138;0.334315736700826;0.3343407729034378;0.0;0.2896841674772716;0.204773606209029;0.0;0.36325018826798106;0.0;0.28737885292283244;0.5107334269514862;0.31462162789918086;0.24182727938899784;0.0;0.0;0.0;0.0;0.0;0.21254249588462418;0.23022848739356427;0.19403221539779394;0.22693092572799667;0.249476291369229;0.3297975353547495;0.33137913895585513;0.3098113510506485;0.36266798054673943;0.2723895339786924;0.0;0.0;0.34451739219369276;0.35775131347790057;0.0;0.3236664468740066;0.24954281541449083;0.2138434223500156;0.16209967108445358;0.2738991522321775;0.2966801835422101;0.26554170612693534;0.22072970302859404;0.0;0.18050559894638998;0.3345496025878812;0.3842985669372249;0.0;0.21607486183431485;0.42357737060769607;0.0;0.4851379341594439;0.0;0.20154259554479118;0.35429273470717737;0.0;0.0;0.4306803609097203;0.0;0.0;0.3514275197822;0.0;0.0;0.34526881876357235;0.35189361500371896;0.0;0.0;0.4038498661113831;0.3904369326115493;0.2826843538076898;0.38338883596770706;0.0;0.21081773184889815;0.0;0.37088071476881224;0.2850596850677266;0.33304845509997527;0.19157551310306245;0.26159323768529835;0.3344596079062749;0.0
GO:0046469;0.0;0.14148527651685383;0.0;0.0;0.0;0.191715848385549;0.0;0.0;0.0;0.0;0.0;0.20836308397979145;0.0;0.0;0.0;0.1663521112331365;0.0;0.0;1.0;0.20897467544794662;0.16289261865747182;0.0;0.0;0.15601206292878017;0.0;0.0;0.0;0.0;0.3660453630253828;0.0;0.0;0.0;0.0;0.4958019880604414;0.0;0.18677031647981893;0.1867815001970649;0.0;0.0;0.49774371573129106;0.5944371902136055;0.0;0.0;0.0;0.0;0.0;0.0;0.0;0.18529389221585435;0.6084960974144851;0.15535221555893922;0.21271936395732755;0.0;0.0;0.0;0.0;0.0;0.0;0.18545620001585675;0.0;0.0;0.0;0.5809863766059553;0.35456545305270104;0.19129978438305756;0.0;0.17150687783650267;0.18198262565674514;0.0;0.0;0.0;0.0;0.0;0.0;0.0;0.1749106307037797;0.0;0.0;0.2084485650985841;0.2268428620028549;0.0;0.0;0.0;0.0;0.22679486229151694;0.0;0.0;0.4496742346812249;0.0;0.0;0.42992565518536885;0.1792628586425586;0.0;0.514921297317108;0.1852161163589848;0.19163123664631715;0.0;0.20927466369354047;0.2194387340663583;0.0;0.0;0.0;0.0;0.3582526394900018;0.0;0.22040144701731004;0.2027538732980803;0.16409779857871204;0.0;0.0;0.0;0.0;0.18910239350046823
GO:0007268;0.0;0.1893729667068859;0.0;0.0;0.0;0.29165025402650113;0.0;0.0;0.0;0.0;0.0;0.3320024295606086;0.0;0.0;0.0;0.23673923431057278;0.0;0.0;0.20897467544794662;1.0;0.22979392700636292;0.0;0.0;0.21633445063972612;0.0;0.0;0.0;0.0;0.22983339242042608;0.0;0.0;0.0;0.0;0.0;0.0;0.2803569549157233;0.2803821552422745;0.0;0.0;0.15935705118145513;0.27254102789264295;0.0;0.0;0.0;0.0;0.0;0.0;0.0;0.27704334582561346;0.282238370844306;0.21506776494473556;0.34320140521908277;0.0;0.0;0.0;0.0;0.0;0.0;0.2774063411557938;0.0;0.0;0.0;0.19531114158070928;0.14663339778375462;0.2906884694449041;0.0;0.2473177484497431;0.269705959620205;0.0;0.0;0.0;0.0;0.0;0.0;0.0;0.2544583071059643;0.0;0.0;0.33221950810643747;0.38152656461973555;0.0;0.0;0.0;0.0;0.38139080353656585;0.0;0.0;0.17321476903638952;0.0;0.0;0.0;0.2637748575495848;0.0;0.20767687979312044;0.2768695146010163;0.2914544870609572;0.0;0.33432283849851213;0.36103792544104035;0.0;0.0;0.0;0.0;0.2229904178250501;0.0;0.36365133269408423;0.3179852680344919;0.23219966240481896;0.0;0.0;0.0;0.0;0.28564476206984185
GO:1903413;0.0;0.15073113232023147;0.0;0.0;0.0;0.20909526178268373;0.0;0.0;0.0;0.0;0.0;0.22905462040232935;0.0;0.0;0.0;0.17928210020733373;0.0;0.0;0.16289261865747182;0.22979392700636292;1.0;0.0;0.0;0.5813727352809787;0.2726093137019936;0.0;0.0;0.0;0.1752933608029038;0.0;0.0;0.0;0.0;0.0;0.0;0.20322616920572217;0.2032394105483079;0.0;0.0;0.13107944354594983;0.1990874983176887;0.0;0.0;0.0;0.0;0.0;0.0;0.17189688637129769;0.20147933233919635;0.20421294919486166;0.578736269142144;0.2343300151014107;0.0;0.0;0.0;0.0;0.0;0.0;0.20167124844382517;0.0;0.0;0.0;0.1544692501057456;0.12234700423588135;0.2086004419908979;0.0;0.18528378943606003;0.19757042346559472;0.0;0.0;0.0;0.0;0.0;0.0;0.0;0.4319759580657015;0.0;0.0;0.22915792614181774;0.25158535027618745;0.0;0.0;0.0;0.0;0.2515263099071124;0.0;0.0;0.1403129772749654;0.0;0.0;0.0;0.5578106056848542;0.0;0.1621030007924365;0.2013873789630155;0.20899461831341692;0.0;0.23015671769201396;0.24251025961417302;0.0;0.0;0.0;0.0;0.17128442645295694;0.0;0.2436865941245577;0.22229411992592366;0.23887876577917594;0.0;0.0;0.0;0.0;0.594687686805418
GO:0009967;0.28439419962259715;0.29687672329225956;0.5142545672976077;0.0;0.3269093843508748;0.41967766209716373;0.23240318454795614;0.27833396535327726;0.4368068356386078;0.22038563494022395;0.30651775802040404;0.46275415527615243;0.33201336085093935;0.46810340306799075;0.7834888377098828;0.0;0.3915809060629751;0.5100465254528194;0.0;0.0;0.0;1.0;0.33314980257413696;0.0;0.0;0.445730607765869;0.3333387388929402;0.6241366676688832;0.0;0.33652683468663297;0.8194189335570713;0.37602782924373557;0.6239372868406117;0.0;0.2957878389218894;0.40711754644840764;0.4071458294241923;0.0;0.35620617085543566;0.2565557462471022;0.0;0.3401548920893799;0.0;0.5094008408266163;0.5058405780223433;0.2931155494357047;0.30050108112698387;0.0;0.0;0.0;0.0;0.0;0.36828020859084065;0.2868225117153646;0.2436807063512381;0.21051696207737985;0.3442001481847069;0.4020083889992861;0.40379799465300587;0.4228872652453461;0.4904553920657578;0.24907860752499594;0.0;0.0;0.41861686810689486;0.3626165124236979;0.0;0.39505937823191417;0.22983686238671044;0.2673793325597135;0.20503811156724622;0.3762550774123396;0.5063191896817855;0.3653173363152609;0.2755680859965843;0.0;0.2273791372152597;0.3103377035282326;0.46297858096340694;0.0;0.27003556928354;0.434500528667718;0.0;0.4448036338245435;0.0;0.28046735015637814;0.4798325636458277;0.0;0.0;0.7177733283733332;0.0;0.0;0.5939260623391458;0.0;0.0;0.41946187499730464;0.5946646034713555;0.0;0.0;0.3755048650228468;0.35785397302769356;0.3481312660396358;0.35775210604964564;0.0;0.29288533385431537;0.0;0.448100420691529;0.3508741918534198;0.5647062186319329;0.33322088895083507;0.5297902745894556;0.566956505975157;0.0
GO:0032715;0.5635911069118771;0.31594351514806707;0.33945892511358544;0.0;0.23721903250823487;0.38905187860462137;0.32754848825301697;0.16718669860361013;0.13174080231864918;0.22987395528143817;0.1879617826419222;0.4387533345615135;0.20538640295238955;0.2963511254313314;0.2509279671878405;0.0;0.2473164469580755;0.3612129702287774;0.0;0.0;0.0;0.33314980257413696;1.0;0.0;0.0;0.41884355049782945;0.8447116314151772;0.42935503117419355;0.0;0.20850305103396904;0.26412989184906616;0.3408965966016594;0.4291850534936787;0.0;0.18071905762627563;0.3749741116901934;0.37500560812106926;0.0;0.3967954051727589;0.2193411383082421;0.0;0.3215070247899852;0.0;0.17925315059482674;0.40048237697770517;0.5842506621955823;0.4375671669888805;0.0;0.0;0.0;0.0;0.0;0.22671746865434853;0.3087839964744484;0.2569770409769407;0.2545320638197534;0.21382399942404715;0.45832190881403073;0.46078455276735253;0.27006625667172296;0.32093808350717107;0.31314940636976746;0.0;0.0;0.38785584512985355;0.33510884832077426;0.0;0.3616287490192507;0.28332791845657745;0.38315904822390834;0.212338614795445;0.23636131818731299;0.26112194464977156;0.2791068801617337;0.29506178942139666;0.0;0.23794831806708233;0.4657296739250003;0.4390182036643953;0.0;0.28837047204900185;0.21636881748340106;0.0;0.5432309874199863;0.0;0.17046897662120009;0.3127746706498556;0.0;0.0;0.3941381993456867;0.0;0.0;0.3899630206059299;0.0;0.0;0.38880847479311015;0.3905330112732527;0.0;0.0;0.36165613522386036;0.44704734584857936;0.38623959909497907;0.3413045239420217;0.0;0.17876894775922683;0.0;0.42159384597604993;0.3140995820695871;0.36760932983304556;0.20316467538181418;0.162322560150974;0.3693172522452467;0.0
GO:0071361;0.0;0.14482098389762016;0.0;0.0;0.0;0.1978921983065383;0.0;0.0;0.0;0.0;0.0;0.21567908946581527;0.0;0.0;0.0;0.17098258469150954;0.0;0.0;0.15601206292878017;0.21633445063972612;0.5813727352809787;0.0;0.0;1.0;0.2563815343186436;0.0;0.0;0.0;0.16735085858816587;0.0;0.0;0.0;0.0;0.0;0.0;0.19262725680144013;0.19263915296055445;0.0;0.0;0.12658695004573742;0.18890506612456065;0.0;0.0;0.0;0.0;0.0;0.0;0.16299713117754575;0.1910571713167073;0.19351356871648093;0.5537623316262232;0.22035008272730539;0.0;0.0;0.0;0.0;0.0;0.0;0.1912297375035373;0.0;0.0;0.0;0.14826835425059148;0.1184241904181764;0.19744892549540277;0.0;0.17643301617574247;0.18753867342182445;0.0;0.0;0.0;0.0;0.0;0.0;0.0;0.41091948322522426;0.0;0.0;0.2157706800824155;0.23554121926295746;0.0;0.0;0.0;0.0;0.2354894682680503;0.0;0.0;0.13517766665670644;0.0;0.0;0.0;0.529923476250417;0.0;0.15528759452680438;0.19097448310232518;0.19780204830016743;0.0;0.2166559575017842;0.2275683563154941;0.0;0.0;0.0;0.0;0.1636931916201472;0.0;0.22860389081918125;0.2096747398722219;0.2279743097593863;0.0;0.0;0.0;0.0;0.5632732068186458
GO:0005513;0.0;0.0;0.0;0.0;0.0;0.0;0.0;0.0;0.0;0.0;0.0;0.0;0.0;0.0;0.0;0.0;0.0;0.0;0.0;0.0;0.2726093137019936;0.0;0.0;0.2563815343186436;1.0;0.0;0.0;0.0;0.0;0.0;0.0;0.0;0.0;0.0;0.0;0.0;0.0;0.0;0.0;0.0;0.0;0.0;0.0;0.0;0.0;0.0;0.0;0.32303176872334777;0.0;0.0;0.2548560167157317;0.0;0.0;0.0;0.0;0.0;0.0;0.0;0.0;0.0;0.0;0.0;0.0;0.0;0.0;0.0;0.0;0.0;0.0;0.0;0.0;0.0;0.0;0.0;0.0;0.30243233716640905;0.0;0.0;0.0;0.0;0.0;0.0;0.0;0.0;0.0;0.0;0.0;0.0;0.0;0.0;0.0;0.31372645212326566;0.0;0.0;0.0;0.0;0.0;0.0;0.0;0.0;0.0;0.0;0.0;0.0;0.0;0.0;0.0;0.26947543592890494;0.0;0.0;0.0;0.0;0.3403012280023633
