;GO:0016525;GO:0090179;GO:0045807;GO:0015031;GO:0051091;GO:0008625;GO:0090051;GO:0000188;GO:0000187;GO:0045892;GO:0045893;GO:0035556;GO:0033138;GO:1902042;GO:0043517;GO:0071805;GO:0002092;GO:0050729;GO:0046469;GO:0007268;GO:1903413;GO:0009967;GO:0032715;GO:0071361;GO:0005513;GO:0032956;GO:0032717;GO:0010942;GO:0031623;GO:1905167;GO:0035025;GO:0090311;GO:0008284;GO:0042157;GO:0045944;GO:0044339;GO:0044338;GO:0042953;GO:0043524;GO:0000165;GO:0001523;GO:0010875;GO:0070588;GO:0035774;GO:2000772;GO:1901491;GO:0043537;GO:0050908;GO:0034441;GO:0034440;GO:1904646;GO:1904886;GO:0030514;GO:0010923;GO:0010801;GO:0097755;GO:0001934;GO:0001937;GO:0007050;GO:1901381;GO:0034393;GO:0032092;GO:0046777;GO:0006366;GO:0008543;GO:1903204;GO:0043149;GO:0042699;GO:0043547;GO:0010977;GO:0043154;GO:0031398;GO:2000310;GO:0010976;GO:0031397;GO:0071456;GO:0017148;GO:0034260;GO:0007186;GO:0030182;GO:0032088;GO:0090026;GO:0043277;GO:1900223;GO:0030855;GO:0043280;GO:0010508;GO:0043161;GO:0060716;GO:0051056;GO:0016042;GO:0071447;GO:0030178;GO:0016567;GO:0034374;GO:1904953;GO:0045746;GO:0002265;GO:0099054;GO:0051222;GO:0034765;GO:0014912;GO:1903078;GO:0002031;GO:0090240;GO:0060979;GO:0007205;GO:0007602;GO:0090090;GO:0070373;GO:0070374;GO:2000587;GO:0071346
GO:0016525;1.0;0.46441886335691435;0.08161048983250917;0.0;0.08698815181417983;0.07150365709414588;0.8469213406483124;0.21379956765764582;0.08265138427132582;0.31791467954350006;0.10728737164324553;0.10833318547641663;0.0795168067566958;0.21991033887308514;0.0667096624296337;0.0;0.0697590976386423;0.08091740895049115;0.0;0.0;0.0;0.10764236764925096;0.4938198132684508;0.0;0.0;0.08978659079946112;0.4621745440622478;0.09680527550464338;0.0;0.05930098439524709;0.07046296099187317;0.0730780893714577;0.10055224791007761;0.0;0.10398160113830308;0.05930098439524709;0.05761672934141255;0.0;0.24897512414872663;0.088807183437777;0.0;0.06708503495453623;0.0;0.07110473357168552;0.3485620669013504;0.7112050533233002;0.4875874402697811;0.0;0.0;0.0;0.0;0.0;0.2256108599657764;0.24227939969735374;0.20420830868757894;0.06500542566315574;0.10159791087425717;0.21991033887308514;0.2514247476231473;0.07150365709414588;0.06631111148059168;0.06831089661235003;0.0;0.0;0.07769211374643104;0.20729069700704297;0.0;0.06156842808176668;0.08016099272801454;0.5982583765211903;0.2391571324533695;0.07981360403827337;0.06809763884653094;0.4791857197006769;0.2326004478097469;0.0;0.2457125322521521;0.22430644171669306;0.10548712854339526;0.0;0.23593228617788842;0.06809763884653094;0.0;0.2808000412295845;0.0;0.08104705447355813;0.0796663559822535;0.0;0.0;0.08930656663232124;0.0;0.0;0.2530647892253252;0.0;0.0;0.06493760372858155;0.21991033887308514;0.0;0.0;0.09131021073213517;0.0925318359222365;0.21079269123382538;0.07452314163626789;0.0;0.06315912437342337;0.0;0.07068317043925014;0.07323488066693722;0.2472914904566508;0.23127786016011417;0.08637892162271908;0.18433671908620383;0.0
GO:0090179;0.46441886335691435;1.0;0.0772537157415355;0.0;0.08144822462825842;0.29679536560222236;0.40338204704706404;0.06807036079302627;0.07807278824357702;0.09445235949848266;0.09649115606015833;0.2575195207658379;0.07559560079632746;0.06972276648428098;0.06513392807581843;0.0241118076860385;0.06767585792175514;0.06750318982417597;0.01889255409576281;0.02578724439236686;0.018068461080748513;0.0967436752678518;0.276584147567039;0.02000805680365743;0.0;0.08359506232215948;0.2613891073108309;0.08887460419717846;0.022266125884216358;0.058819797245830946;0.06825796979101119;0.07040579747707171;0.09163336277625937;0.0;0.0941228231194174;0.51141486186772;0.4986902523379596;0.0;0.07739640580181796;0.21941464591823293;0.02288425937724423;0.057596092668721496;0.0;0.06878723786738072;0.29626241624196703;0.3535064226319513;0.273614860379375;0.0;0.016900057869488838;0.022705378909716648;0.020910079978701045;0.020589825016054882;0.07125181014331403;0.0756552977296284;0.06544859303304613;0.05494887407300923;0.09239599409888209;0.06972276648428098;0.07802948104606024;0.06911551376350168;0.06479928718866419;0.05729228636972214;0.02453808426775922;0.027336705055139646;0.3183664886627764;0.06629495352102335;0.01979541245547476;0.16095538978408216;0.06540094416208042;0.5082365633039679;0.0748380150109582;0.07583151987083378;0.06629495352102335;0.5331762972181746;0.07311045701735222;0.02331193764589605;0.0765499859104865;0.06239606272198646;0.25214615801474455;0.0249482518415595;0.07399024993282574;0.06629495352102335;0.0;0.24347656896271286;0.025530273575389867;0.07680889556056927;0.07571451086651568;0.025573588733704078;0.0;0.0832285287342671;0.0;0.019257083802776378;0.07845216839979591;0.02731281084813907;0.019905260702196843;0.5533394086366785;0.06972276648428098;0.018068461080748513;0.019549669583091338;0.07458505115991597;0.07539814355673553;0.06725216359697771;0.06299416831012751;0.01967736774486301;0.062132762415870395;0.018068461080748513;0.18125916832260452;0.18680526585405471;0.07696008164702643;0.07276011422126542;0.08097762357759077;0.05990430059695317;0.023009347769329596
GO:0045807;0.08161048983250917;0.0772537157415355;1.0;0.0;0.24600632759271696;0.08346810411724048;0.32176469870090574;0.08194857776607906;0.2585723939605022;0.12346531570593405;0.3388426976925604;0.12826181249109495;0.24846764932450977;0.08435536756214111;0.20743260663269625;0.0;0.8509199531499085;0.22830625365223955;0.0;0.0;0.0;0.3400105435337376;0.07441845837447301;0.0;0.0;0.4503938379159056;0.06952642842614258;0.3045032039100142;0.0;0.18387682685768855;0.2194169447287427;0.08535723541175767;0.31674645332299534;0.0;0.3279829344798911;0.06890292803816472;0.06690318348275413;0.0;0.09585348102403718;0.10435565445763578;0.0;0.4961344564015533;0.0;0.5266686294051983;0.08392244760507257;0.05887616184139443;0.3435360111505529;0.0;0.0;0.0;0.0;0.0;0.0866039020623507;0.09319718617017438;0.07817838159810774;0.06685517547654023;0.3201694796504028;0.08435536756214111;0.09682640185588455;0.5297040130091119;0.20616203865315125;0.0703565054856016;0.0;0.0;0.09090661315877885;0.07938904056802622;0.0;0.07159914452181518;0.08299258508890142;0.41203035368090346;0.09196006347551043;0.2494233776482604;0.39100501738844684;0.5956469416332678;0.08936529256350667;0.0;0.09455860291393872;0.07576015752528305;0.12475485788118296;0.0;0.0906833147949667;0.326747499709603;0.0;0.17487896263788924;0.0;0.253397585316214;0.24894919139955526;0.0;0.0;0.10496259434958226;0.0;0.0;0.09747811502970158;0.0;0.0;0.07561402113778416;0.08435536756214111;0.0;0.0;0.6815810330066999;0.5362932453704743;0.33241327628482237;0.358455785380301;0.0;0.42707393954875766;0.0;0.08248451676322364;0.08554549060034654;0.09518513714854038;0.0888424035680184;0.27062025453524796;0.07039583946830458;0.0
GO:0015031;0.0;0.0;0.0;1.0;0.0;0.0;0.0;0.0;0.0;0.0;0.0;0.0;0.0;0.0;0.0;0.3951016120159051;0.0;0.0;0.0;0.0;0.0;0.0;0.0;0.0;0.0;0.0;0.0;0.0;0.3478967101982347;0.0;0.0;0.0;0.0;0.0;0.0;0.0;0.0;0.5308047557623073;0.0;0.0;0.0;0.0;0.4024896896241881;0.0;0.0;0.0;0.0;0.0;0.0;0.0;0.0;0.0;0.0;0.0;0.0;0.0;0.0;0.0;0.0;0.0;0.0;0.0;0.0;0.0;0.0;0.0;0.0;0.0;0.0;0.0;0.0;0.0;0.0;0.0;0.0;0.0;0.0;0.0;0.0;0.0;0.0;0.0;0.3036461042860922;0.0;0.0;0.0;0.0;0.0;0.0;0.0;0.0;0.0;0.0;0.0;0.0;0.0;0.0;0.0;0.0;0.0;0.0;0.0;0.0;0.2886292797309956;0.0;0.0;0.0;0.0;0.0;0.0;0.0;0.0;0.0
GO:0051091;0.08698815181417983;0.08144822462825842;0.24600632759271696;0.0;1.0;0.08838605777821007;0.08247669465318755;0.31792095112595;0.5147380644198836;0.44559069503371135;0.45941768950671463;0.14025382902903075;0.23907280848798956;0.08938158034851151;0.1974316489567084;0.0;0.20722804524322577;0.24370710161191256;0.0;0.0;0.0;0.3353298924152954;0.07886424084007651;0.0;0.0;0.11353445403612197;0.07339174009206659;0.29742839063326976;0.0;0.17393218145280348;0.2094996336191993;0.20640648769436623;0.3104146959490019;0.0;0.443379547254023;0.07222016321964497;0.07002629921499125;0.0;0.10239641858436364;0.11215802281986413;0.0;0.19863360563748397;0.0;0.2115742560729414;0.08889568198298871;0.061624567189669015;0.08838605777821007;0.0;0.0;0.0;0.0;0.0;0.30440563403428306;0.3644509091857012;0.1880925098264543;0.07097591329644573;0.3140609133247397;0.08938158034851151;0.10350746514601016;0.21286548179935255;0.19615667915296886;0.48509653634721417;0.0;0.0;0.09677097435088775;0.0838252876345346;0.0;0.07518783092193837;0.578987136950071;0.10319857315042816;0.35929715822700475;0.240053502501948;0.30743630751283596;0.264968263984897;0.21671252688643866;0.0;0.3126150174407396;0.334962152464331;0.1360711355234059;0.0;0.7833815684520381;0.20188150357457738;0.0;0.18377469956305814;0.0;0.5037404826960451;0.23956686707278715;0.0;0.0;0.11285941883578011;0.0;0.0;0.10425256418407763;0.0;0.0;0.07962773896933067;0.08938158034851151;0.0;0.0;0.278605034644981;0.10332376439087317;0.08536152292415934;0.22268004963922453;0.0;0.18611694377471974;0.0;0.08728391481189418;0.09071887686342082;0.10163408144744793;0.2153646861573822;0.2619331752661228;0.07386199582970429;0.0
GO:0008625;0.07150365709414588;0.29679536560222236;0.08346810411724048;0.0;0.08838605777821007;1.0;0.06985469323827521;0.07284942241583135;0.08442506733147576;0.10391109779594299;0.1063840284390916;0.2841463224466981;0.08153583416093046;0.07474522712392268;0.06949635068404353;0.026085059085976706;0.0723977645115027;0.07289169230435398;0.020082913816025467;0.028057158622034634;0.019154254597201287;0.10669106408912206;0.06592175825386784;0.021348120299372372;0.0;0.09091990065110615;0.0620540187806067;0.09719994800461981;0.02393837158402052;0.06235447317662384;0.07306434092955379;0.07553076060718965;0.1005093922746404;0.0;0.10351239443482718;0.26776215144280546;0.2607100990409064;0.0;0.08363469859307254;0.2384532769358155;0.024654331298441176;0.06147355044080701;0.0;0.0736711011413855;0.07440512989911237;0.05342800857268472;0.07404777437022395;0.0;0.017846288321375487;0.024446833663443416;0.02237812803356361;0.022011719779681096;0.07650527391394785;0.08160528587410766;0.06985469323827521;0.059020511256933375;0.10142766342319492;0.07474522712392268;0.08437442847007887;0.07404777437022395;0.06911551376350168;0.06173264828443864;0.026584684340687864;0.02990115970505792;0.34286425260827463;0.07081968628358437;0.02110621004689814;0.17096897604533937;0.07125132693423016;0.0841690643200277;0.0806552032145233;0.08181035389046797;0.07081968628358437;0.0886522135239784;0.07865223375268801;0.02515144778424353;0.08264720425093025;0.0669724088441845;0.27761841541955606;0.027066797439943873;0.07967138798407782;0.07081968628358437;0.0;0.05753363185119822;0.02775322375476215;0.08294908217461933;0.08167418325202233;0.0278044178656292;0.0;0.09048648597812617;0.0;0.020495327744062996;0.08486886989266967;0.02987257453740652;0.021231133546627146;0.2911469194135474;0.07474522712392268;0.019154254597201287;0.020827074288089328;0.08121905106891364;0.08218415359650595;0.07191309494260995;0.06766195090602019;0.02097206752162638;0.06609022054887985;0.019154254597201287;0.19405888394822948;0.2004296840226122;0.08312543413690511;0.0782469132280124;0.08783214232371198;0.06357458753706137;0.024799580381822794
GO:0090051;0.8469213406483124;0.40338204704706404;0.32176469870090574;0.0;0.08247669465318755;0.06985469323827521;1.0;0.1991599597555955;0.07901728520026005;0.27748087575233576;0.09793798586482334;0.09870344222603673;0.0764807725723584;0.2040467254815524;0.06578999156532306;0.0;0.2814548919801087;0.06830535744084232;0.0;0.0;0.0;0.09819814481871138;0.4237898628150507;0.0;0.0;0.08467882506758784;0.4002698422933228;0.09010058611378507;0.0;0.05935430562821362;0.06897882480977754;0.07117298650018124;0.0929371957417515;0.0;0.09549899446991962;0.05935430562821362;0.05786441677593565;0.0;0.2267732643906413;0.0839107758465734;0.0;0.2720982374100976;0.0;0.2861261684983863;0.2994453171656377;0.6285654696612502;0.9433732996351225;0.0;0.0;0.0;0.0;0.0;0.20857089158410966;0.22161199476913496;0.19141156229572312;0.05555775319443151;0.09372177703684378;0.2040467254815524;0.22865061717166763;0.2875062627697305;0.06544859303304613;0.0579545197618178;0.0;0.0;0.07499003071932547;0.19391221728032756;0.0;0.06134422349101479;0.06626531054079468;0.5036002193890707;0.21919023523586087;0.07672225771339405;0.27565300602240544;0.3995999879614697;0.21407317912466817;0.0;0.22426382408643858;0.19201941010916415;0.09661344752641352;0.0;0.20047615524539109;0.4488455586025542;0.0;0.24579096521087102;0.0;0.0777228807921069;0.07660248589583527;0.0;0.0;0.08430274745015102;0.0;0.0;0.22990428032024107;0.0;0.0;0.06426790352577431;0.2040467254815524;0.0;0.0;0.3534134327956924;0.35731739545196656;0.6265352790767211;0.29788266822010107;0.0;0.06272948316682497;0.0;0.06916445580749518;0.07130382558988904;0.22547958143605748;0.21303579166224174;0.08199416894264892;0.17504658304428714;0.0
GO:0000188;0.21379956765764582;0.06807036079302627;0.08194857776607906;0.0;0.31792095112595;0.07284942241583135;0.1991599597555955;1.0;0.7006212932514628;0.4364217776457416;0.23701308242660846;0.10479024166488411;0.4337934475111982;0.422600918892088;0.3331461144474687;0.0;0.1576734870540912;0.2539261369315116;0.0;0.0;0.0;0.3895934218216674;0.19738260306611477;0.0;0.0;0.08911987055858021;0.18598044853448986;0.09514547500833986;0.0;0.25586760825266053;0.34997687993323473;0.3640714008960222;0.09831421682459249;0.0;0.23075917647320118;0.06150253728872775;0.05990430059695317;0.0;0.23773096148160933;0.08826955140954015;0.0;0.06053416800930507;0.0;0.25545301599216114;0.22851977269817145;0.16047170498286034;0.21092121862092453;0.0;0.0;0.0;0.0;0.0;0.4323857220115954;0.5808660526294658;0.5503683493815147;0.058029346717109055;0.5372915098065775;0.21287542741627893;0.23979495078215898;0.07284942241583135;0.06807036079302627;0.28977008553459355;0.0;0.0;0.07845216839979591;0.36501969400252915;0.0;0.06364170119200789;0.3961174323193292;0.23922201189201486;0.5209556604466643;0.3937998428430368;0.26063424891766246;0.08694000942342653;0.5627240183101665;0.0;0.49569293625469396;0.4920431996715034;0.10243760127548233;0.0;0.46316762828266606;0.2176783965284799;0.0;0.05670999651689509;0.0;0.3547544415514832;0.17751636630398418;0.0;0.0;0.4317841862696663;0.0;0.0;0.4787796584946796;0.0;0.0;0.06679410581653009;0.422600918892088;0.0;0.0;0.07958729508183277;0.08051378660919783;0.20493630763976065;0.06652566582469598;0.0;0.3192247913728119;0.0;0.07209905214210022;0.07442687208487056;0.46912256243726663;0.7748213562847153;0.5869549513578879;0.36032296456406676;0.0
GO:0000187;0.08265138427132582;0.07807278824357702;0.2585723939605022;0.0;0.5147380644198836;0.08442506733147576;0.07901728520026005;0.7006212932514628;1.0;0.28637075034446235;0.49109697150947446;0.13053549207622814;0.5859444453588937;0.3189873008401843;0.48015594501533815;0.0;0.3068571691592395;0.4232517963166538;0.0;0.0;0.0;0.6795016151106724;0.07528300453119657;0.0;0.0;0.10708104921414952;0.07028046975117784;0.3092959010642131;0.0;0.3655065404258781;0.5082100097639056;0.4232463847807252;0.3219355851141623;0.0;0.47509036842661834;0.06955374895170603;0.06751660735586183;0.0;0.09711766240262013;0.10585580184960743;0.0;0.19030210089058724;0.0;0.4231260608983231;0.265031095151121;0.05941598732278985;0.08442506733147576;0.0;0.0;0.0;0.0;0.0;0.32759125715047965;0.4663904290259128;0.4280087372307831;0.06765535853736543;0.7578345799814754;0.085332903025179;0.09811654927592806;0.22529976490345904;0.20834784493061978;0.4611981061906395;0.0;0.0;0.09204290284264816;0.2505583469306313;0.0;0.07230215590892211;0.5930141678480993;0.09783895190654714;0.4056049271531773;0.549937044395278;0.3000026075337804;0.27740317280811094;0.44336460794833354;0.0;0.3985073037400972;0.37940375825252654;0.12690486056004419;0.0;0.3367355627887356;0.35370679996977084;0.0;0.17662061211892435;0.0;0.519879859558649;0.35207987228393123;0.0;0.0;0.5183176223659954;0.0;0.0;0.3692762853367711;0.0;0.0;0.0763985167892007;0.3189873008401843;0.0;0.0;0.2624865869826433;0.097261996419411;0.08166130676428493;0.2122621308800334;0.0;0.431243143358508;0.0;0.08341893292963053;0.08655096803854924;0.36047604451155435;0.6126825054759083;0.768512540215783;0.2656902517911769;0.0
GO:0045892;0.31791467954350006;0.09445235949848266;0.12346531570593405;0.0;0.44559069503371135;0.10391109779594299;0.27748087575233576;0.4364217776457416;0.28637075034446235;1.0;0.6001377790826293;0.1838390859175512;0.2720332622189823;0.30484594397519144;0.09516503483004256;0.0;0.22281909445540687;0.10742695774621515;0.0;0.0;0.0;0.18209388790899186;0.2829236299407634;0.0;0.0;0.14049860265930625;0.2600692720839365;0.15608202452983866;0.0;0.18760478547242862;0.10198479370908409;0.24368908892302407;0.16479527159272941;0.0;0.5730594812118888;0.08226283237521054;0.07942837835552166;0.0;0.3585259906671613;0.13839678756159693;0.0;0.08433961310684125;0.0;0.10317085439541049;0.10461619087708303;0.21277282551868346;0.3008542092517048;0.0;0.0;0.0;0.0;0.0;0.36039855900940826;0.4970754042440469;0.4118078362230583;0.08412415135420014;0.3814872421845437;0.30484594397519144;0.3632411607166473;0.10391109779594299;0.09445235949848266;0.08974393445554135;0.0;0.0;0.11569673005611417;0.28276706015694064;0.0;0.0861353586526052;0.11137399307339116;0.36192810096748707;0.5044930269965603;0.27337527844440385;0.09766403373421526;0.13515612949150435;0.4864596461225944;0.0;0.6616976034589446;0.2893230121290031;0.17671882397224614;0.0;0.38198982102203943;0.09766403373421526;0.0;0.07709622311748658;0.0;0.2789870934851162;0.26461965680296173;0.0;0.0;0.13946631138956625;0.0;0.0;0.3664153302245786;0.0;0.0;0.09201284980019328;0.30484594397519144;0.0;0.0;0.12654946953664037;0.12890814474515255;0.28882307705703475;0.09644111983645075;0.0;0.20272220494867169;0.0;0.10239109608083008;0.10715042995186162;0.3553030790208064;0.48285940057202037;0.30390482281457565;0.24436302110882274;0.0
GO:0045893;0.10728737164324553;0.09649115606015833;0.3388426976925604;0.0;0.45941768950671463;0.1063840284390916;0.09793798586482334;0.23701308242660846;0.49109697150947446;0.6001377790826293;1.0;0.19172382843992442;0.46583554173700087;0.10782958025686834;0.259484948280522;0.0;0.3841402017510901;0.30225035775672926;0.0;0.0;0.0;0.5065777892548416;0.09519311774499711;0.0;0.0;0.14505778127272487;0.08733277757009376;0.43159575891642205;0.0;0.31854796095654725;0.27851441949170164;0.249656870566211;0.4566117260849836;0.0;0.9530631025384096;0.08380505635767124;0.08086522718411576;0.0;0.1273581605089975;0.1428184322642866;0.0;0.23586996718291683;0.0;0.28183000360517785;0.10712320057715119;0.07116304419595214;0.1063840284390916;0.0;0.0;0.0;0.0;0.0;0.3693904847724558;0.2715480550883953;0.2233528107076061;0.08623833880759535;0.6605533652930546;0.10782958025686834;0.12908148295044056;0.28390023667620173;0.2574997623663327;0.09215407325590634;0.0;0.0;0.11877073164606748;0.09984543952702998;0.0;0.08782769436667205;0.11511010300158675;0.12860144994386505;0.2749785477727304;0.46819696250224124;0.09984543952702998;0.3719277157635009;0.2648938852269754;0.0;0.38746110336144124;0.0973995786451193;0.1839925444835942;0.0;0.3921065436516864;0.266451123619485;0.0;0.2152076622536366;0.0;0.478078475062792;0.4578444670527666;0.0;0.0;0.14395766960004713;0.0;0.0;0.13024232106039738;0.0;0.0;0.09394661249673394;0.10782958025686834;0.0;0.0;0.3578406652209748;0.13327542745812104;0.1020326363769826;0.2705644305874857;0.0;0.3447377336339696;0.0;0.10479137268911495;0.1097818987651615;0.12618097851121093;0.26288287492233225;0.5220900614287184;0.0860239630599355;0.0
GO:0035556;0.10833318547641663;0.2575195207658379;0.12826181249109495;0.0;0.14025382902903075;0.2841463224466981;0.09870344222603673;0.10479024166488411;0.13053549207622814;0.1838390859175512;0.19172382843992442;1.0;0.1237551064189484;0.10875819780565288;0.0979895170275093;0.04046067205741963;0.10385823264421895;0.11155152012980239;0.02764507552902291;0.04541168456389553;0.025915491655330004;0.19272335598847784;0.09601553329256093;0.030100745967096772;0.0;0.14674331059719067;0.08802448915402476;0.16382700253261878;0.035519975828854855;0.0843649029034733;0.10523551369106915;0.11042930269448478;0.17345309270218953;0.0;0.18259479521804664;0.2234361644676983;0.21554765107175303;0.0;0.12865561608267323;0.7419997813792928;0.037119441214618375;0.08686103614637197;0.0;0.10649885802891844;0.10803963973315162;0.07162165377891783;0.10728781064025236;0.0;0.023577511584009055;0.03665107511377288;0.032189815195229884;0.03143706987822081;0.11252488856960054;0.12391517414427815;0.09870344222603673;0.08701238569663866;0.17620612251033832;0.10875819780565288;0.1304144723763119;0.10728781064025236;0.09723407764771096;0.09303850242672577;0.041675558168773;0.05044707376082644;0.31754467850177054;0.10064112362664952;0.02962203158350366;0.23423619710776625;0.11649335210018028;0.12992449265424186;0.12173766409891325;0.12438862677444344;0.10064112362664952;0.14092520516614085;0.11723156834451996;0.03825791943579585;0.12633358766104355;0.09826073367619746;0.494499403273472;0.04287269207288293;0.1195102101053422;0.10064112362664952;0.0;0.07919775051348336;0.044620772682910634;0.1270403151667398;0.12407410390958758;0.04475325394751548;0.0;0.1456175836360542;0.0;0.028432641087379005;0.1315995196535931;0.05036576235885758;0.029868687584173347;0.2506776422905238;0.10875819780565288;0.025915491655330004;0.02907512471150142;0.13231249161908615;0.13489307537483503;0.10286370761393195;0.09975223263641314;0.029358481352004768;0.091351229638843;0.025915491655330004;0.2798568267033746;0.2933014461832843;0.12745444004078668;0.11633337624969287;0.13886416075369035;0.08661395254755712;0.03744967793092827
GO:0033138;0.0795168067566958;0.07559560079632746;0.24846764932450977;0.0;0.23907280848798956;0.08153583416093046;0.0764807725723584;0.4337934475111982;0.5859444453588937;0.2720332622189823;0.46583554173700087;0.1237551064189484;1.0;0.08238228486262726;0.2029535849730697;0.0;0.29661285062490744;0.22232243593671636;0.0;0.0;0.0;0.32814025418595266;0.0726735874930444;0.0;0.0;0.10247535899023928;0.06800107072889322;0.2949478556482122;0.0;0.3551388647403223;0.2144116691707876;0.40844178277396737;0.30642029687951666;0.0;0.45140911936831785;0.06758084113176488;0.06565602934599338;0.0;0.09331395185674407;0.10135269129338668;0.0;0.18419326431385807;0.0;0.21637129520998769;0.0819693305896431;0.05777864084202347;0.08153583416093046;0.0;0.0;0.0;0.0;0.0;0.19276497980107477;0.44861693730801117;0.414269343829875;0.06524189754837492;0.7209299825482357;0.08238228486262726;0.09423575485335671;0.21758945356287876;0.20173713359655784;0.06857207703080324;0.0;0.0;0.08861931592505735;0.07763903505792268;0.0;0.07017263604069093;0.0805208870216802;0.09397965410665592;0.3728445890439473;0.5289210959314661;0.07763903505792268;0.26580606625850567;0.42714610410275683;0.0;0.3831046998545036;0.07395256662231496;0.12048712868226295;0.0;0.20161711587860573;0.20719031561091714;0.0;0.17134640050440658;0.0;0.4858860611050779;0.3386499924848917;0.0;0.0;0.10192510707928941;0.0;0.0;0.09485294948189683;0.0;0.0;0.07402482157388071;0.08238228486262726;0.0;0.0;0.2510042732038242;0.09295015055003036;0.07895511086911747;0.20469013091736932;0.0;0.41821254410621406;0.0;0.08059700328111925;0.08351701030100603;0.09268043584921482;0.4693879545807211;0.6124817432281221;0.06901641438639028;0.0
GO:1902042;0.21991033887308514;0.06972276648428098;0.08435536756214111;0.0;0.08938158034851151;0.07474522712392268;0.2040467254815524;0.422600918892088;0.3189873008401843;0.30484594397519144;0.10782958025686834;0.10875819780565288;0.08238228486262726;1.0;0.26208307109169665;0.0;0.07306434092955379;0.261326169098782;0.0;0.0;0.0;0.4042624788005927;0.20257954687732804;0.0;0.0;0.09197366073329906;0.1905873064377444;0.49456110651370594;0.0;0.06284830663696661;0.2756636336274849;0.07625656638699138;0.10179873491545763;0.0;0.10488045790744338;0.06284830663696661;0.06118030945748724;0.0;0.53781434520192;0.09106828856370207;0.0;0.062019488140119546;0.0;0.2620666911927902;0.2344956528559656;0.16388987889329162;0.21641014943242007;0.0;0.0;0.0;0.0;0.0;0.4440150327229324;0.23872703501585246;0.2040467254815524;0.05959794533939144;0.10274082690080406;0.21846788893953614;0.2469149049950164;0.07474522712392268;0.3627878594766205;0.06236465485120025;0.0;0.0;0.0806552032145233;0.4396452635393588;0.0;0.06508381250634568;0.07209459140169852;0.2463074808668086;0.5184579168567195;0.08266254373530744;0.26711854244322386;0.08965377469905715;0.23000173598982332;0.0;0.24180712769023088;0.20583949090392517;0.10622616794194419;0.0;0.21558824609896685;0.22309399567987967;0.0;0.05801156037177137;0.0;0.4361673841183705;0.08252352384796391;0.0;0.0;0.3421536066505289;0.0;0.0;0.49307971598404043;0.0;0.0;0.0683844064831006;0.43370308980623273;0.0;0.0;0.08217475403692148;0.08316284103699763;0.2101143363337653;0.06832392952509138;0.0;0.06664526249056335;0.0;0.07395550568218885;0.07640678323861531;0.4828433009199932;0.454223675547798;0.3320044919704006;0.36836290416059864;0.0
GO:0043517;0.0667096624296337;0.06513392807581843;0.20743260663269625;0.0;0.1974316489567084;0.06949635068404353;0.06578999156532306;0.3331461144474687;0.48015594501533815;0.09516503483004256;0.259484948280522;0.0979895170275093;0.2029535849730697;0.26208307109169665;1.0;0.0;0.1815765286187592;0.421605862286404;0.0;0.0;0.0;0.510944831403312;0.06182559165278562;0.0;0.0;0.08415282678323999;0.0584111287575101;0.23885708735105565;0.0;0.157704097267879;0.41946531295102213;0.07080102709646868;0.24632571758456945;0.0;0.25306811754128483;0.05909539690818326;0.05761831602629059;0.0;0.07787428305479532;0.08339424694935392;0.0;0.1584460106510188;0.0;0.3486628432777502;0.49906502091665095;0.050705289685758395;0.06949635068404353;0.0;0.0;0.0;0.0;0.0;0.2678632951903871;0.07611185277112563;0.06578999156532306;0.05526252012825203;0.24839092669841495;0.07011034367544802;0.07851523253888017;0.1854604558298746;0.17381873827952074;0.05763333811341922;0.0;0.0;0.07457722042450261;0.47643356812257753;0.0;0.061067703802464346;0.06584574137325994;0.0783373701186196;0.07528473014089276;0.20359079457868667;0.24913007341819288;0.21937929001852394;0.0735367275407826;0.0;0.07701743646382417;0.06274881637617478;0.09592933145575824;0.0;0.07442687208487056;0.29372745046911247;0.0;0.14884610066562312;0.0;0.20623090944815184;0.20327475413625012;0.0;0.0;0.40782516574831246;0.0;0.0;0.29510167421910594;0.0;0.0;0.06396446292750321;0.26208307109169665;0.0;0.0;0.205498574511843;0.07591383554551302;0.06761268908541208;0.1733808013705975;0.0;0.16663059465669672;0.0;0.06881314205750791;0.07093050095117616;0.2894546591373416;0.3562316192892035;0.49813643414995024;0.22500000417192761;0.0
GO:0071805;0.0;0.0241118076860385;0.0;0.3951016120159051;0.0;0.026085059085976706;0.0;0.0;0.0;0.0;0.0;0.04046067205741963;0.0;0.0;0.0;1.0;0.0;0.0;0.02264165310332815;0.03331740428371611;0.02146819379751103;0.0;0.0;0.02426280689616606;0.0;0.0;0.0;0.0;0.27693966067798925;0.0;0.0;0.0;0.0;0.0;0.0;0.02146819379751103;0.02083649140926217;0.2428820756325046;0.0;0.032755014942249076;0.02862570334459187;0.0;0.7382957346156073;0.0;0.0;0.0;0.0;0.0;0.019838563415758244;0.02834635207522625;0.02560209378072856;0.025123633974355443;0.0;0.0;0.0;0.0;0.0;0.0;0.030344024807281954;0.0;0.0;0.0;0.0312612752232375;0.03595010030375867;0.028453721257739057;0.0;0.0239508132967792;0.0223207354659662;0.0;0.0;0.0;0.0;0.0;0.0;0.0;0.029298055676050812;0.0;0.0;0.03932544075935897;0.03193006093827306;0.0;0.0;0.2481521338338076;0.0;0.032889689430977004;0.0;0.0;0.03296161130035564;0.0;0.0;0.0;0.0231672271618646;0.0;0.035908787857740605;0.0241118076860385;0.023592005330650003;0.0;0.02146819379751103;0.023592005330650003;0.0;0.0;0.0;0.0;0.23803117044690048;0.0;0.02146819379751103;0.02577240146140143;0.02674582840315501;0.0;0.0;0.0;0.0;0.02882170133570235
GO:0002092;0.0697590976386423;0.06767585792175514;0.8509199531499085;0.0;0.20722804524322577;0.0723977645115027;0.2814548919801087;0.1576734870540912;0.3068571691592395;0.22281909445540687;0.3841402017510901;0.10385823264421895;0.29661285062490744;0.07306434092955379;0.1815765286187592;0.0;1.0;0.19452425577344087;0.0;0.0;0.0;0.27566722757888235;0.06443611412654955;0.0;0.0;0.3774177940644711;0.06073584800599659;0.2518565240855398;0.0;0.2281484330810224;0.19069376173627256;0.16334506010364847;0.2601743683289882;0.0;0.3740912268094069;0.06118030945748723;0.05959856069666081;0.0;0.08153583416093046;0.08760732017402162;0.0;0.43398008046839864;0.0;0.4571642407260836;0.07273933480933586;0.052447945261009606;0.2979729742221555;0.0;0.0;0.0;0.0;0.0;0.1654040869638849;0.17616013228044466;0.1513281951521992;0.05765609646942136;0.3667851423477042;0.07306434092955379;0.08223874593404641;0.4594495921551727;0.1806022235024826;0.060241539981789216;0.0;0.0;0.07792861587242146;0.06930893627529043;0.0;0.06329673112888025;0.06927230410239224;0.35010202763847686;0.17415888295201148;0.29758697595012684;0.3413587270937397;0.5014791483289265;0.16993609407565308;0.0;0.17835351169161234;0.06543958198251949;0.10154679357828203;0.0;0.1720853755378776;0.28526004941548816;0.0;0.15434703938861866;0.0;0.3016260064708719;0.2968829001453909;0.0;0.0;0.08803467568116485;0.0;0.0;0.08270840391110157;0.0;0.0;0.06641421610033017;0.07306434092955379;0.0;0.0;0.5695255238867619;0.4471053945772166;0.2895689024734034;0.3091333048577672;0.0;0.37639705731177525;0.0;0.0716566224808368;0.07395550568218885;0.08105173561179581;0.1690809528008747;0.31891479842626735;0.06235447317662384;0.0
GO:0050729;0.08091740895049115;0.06750318982417597;0.22830625365223955;0.0;0.24370710161191256;0.07289169230435398;0.06830535744084232;0.2539261369315116;0.4232517963166538;0.10742695774621515;0.30225035775672926;0.11155152012980239;0.22232243593671636;0.261326169098782;0.421605862286404;0.0;0.19452425577344087;1.0;0.0;0.0;0.0;0.5550057748477119;0.0738417205385534;0.0;0.0;0.0919861108963071;0.06902276750447338;0.2719387070372347;0.0;0.16489370925442276;0.3596421032374172;0.07452854355028118;0.2827540624518085;0.0;0.2926720903906065;0.06025253395795976;0.0585145858438736;0.0;0.08361277801940536;0.09095840492632182;0.0;0.18693195141350138;0.0;0.3629809273696692;0.4549362292152217;0.0585145858438736;0.07289169230435398;0.0;0.0;0.0;0.0;0.0;0.2682366728969107;0.08131547264788788;0.06830535744084232;0.06632168325855126;0.2857762497724113;0.07366053861411305;0.08445393226501044;0.19948341967299368;0.18473665131461783;0.06976591685502204;0.0;0.0;0.07933356543643738;0.4305399120310834;0.0;0.0625947657759679;0.08217204294382158;0.08422020748247355;0.08024516149591643;0.22317027796416047;0.24605287671829484;0.24454766938070363;0.07799947712381984;0.0;0.08249303800865171;0.07516251957711868;0.10853620488038777;0.0;0.07914031312083879;0.694969163701607;0.0;0.17371392648879233;0.0;0.22669526543485743;0.2227496266374338;0.0;0.0;0.32455275928156707;0.0;0.0;0.3016166468846386;0.0;0.0;0.0660803847432319;0.261326169098782;0.0;0.0;0.25611762547908384;0.09486966491829019;0.070549137761154;0.20807785394021389;0.0;0.17580527825409684;0.0;0.07203923163423281;0.07469162754586885;0.2945835486861998;0.27511351400668554;0.44278969548586283;0.21836002825601816;0.0
GO:0046469;0.0;0.01889255409576281;0.0;0.0;0.0;0.020082913816025467;0.0;0.0;0.0;0.0;0.0;0.02764507552902291;0.0;0.0;0.0;0.02264165310332815;0.0;0.0;1.0;0.024112774945395946;0.017230094564966995;0.0;0.0;0.01898513217417398;0.0;0.0;0.0;0.0;0.09852423350976447;0.0;0.0;0.0;0.0;0.17027722112897764;0.0;0.017230094564966995;0.016820808509603918;0.0;0.0;0.36463792001232376;0.4340238981029644;0.0;0.0;0.0;0.0;0.0;0.0;0.0;0.016164404869870686;0.4308267306753204;0.01979541245547476;0.019508156980232633;0.0;0.0;0.0;0.0;0.0;0.0;0.022515997531319814;0.0;0.0;0.0;0.35239448188381073;0.13089416971217285;0.021458197157809184;0.0;0.018793571078130664;0.017774984128329507;0.0;0.0;0.0;0.0;0.0;0.0;0.0;0.021934919938157677;0.0;0.0;0.027110350420939105;0.02337765010816656;0.0;0.0;0.0;0.0;0.023887947447055524;0.0;0.0;0.20158895246515066;0.0;0.0;0.4407444149658362;0.018307684229438063;0.0;0.21435943242274327;0.01889255409576281;0.018571933505860526;0.0;0.017230094564966995;0.018571933505860526;0.0;0.0;0.0;0.0;0.08764581589957661;0.0;0.017230094564966995;0.01989707421866705;0.020472313539169208;0.0;0.0;0.0;0.0;0.021666816202049213
GO:0007268;0.0;0.02578724439236686;0.0;0.0;0.0;0.028057158622034634;0.0;0.0;0.0;0.0;0.0;0.04541168456389553;0.0;0.0;0.0;0.03331740428371611;0.0;0.0;0.024112774945395946;1.0;0.02278633940807767;0.0;0.0;0.0259600325730677;0.0;0.0;0.0;0.0;0.02989343839803492;0.0;0.0;0.0;0.0;0.0;0.0;0.02278633940807767;0.022075965995039897;0.0;0.0;0.0359258862085884;0.031018287975203146;0.0;0.0;0.0;0.0;0.0;0.0;0.0;0.020958964064948966;0.030690555200737348;0.02749918693105916;0.026947956469737275;0.0;0.0;0.0;0.0;0.0;0.0;0.0330460274042113;0.0;0.0;0.0;0.03413684122922949;0.03980615961421581;0.03081645668304775;0.0;0.02560318430526784;0.023749134704280805;0.0;0.0;0.0;0.0;0.0;0.0;0.0;0.03180928281452961;0.0;0.0;0.043986520425138696;0.034935894531926914;0.0;0.0;0.0;0.0;0.03608796179639247;0.0;0.0;0.03617456989241061;0.0;0.0;0.0;0.02470976562456365;0.0;0.03975551564588266;0.02578724439236686;0.025193583426133353;0.0;0.02278633940807767;0.025193583426133353;0.0;0.0;0.0;0.0;0.0254060572521794;0.0;0.02278633940807767;0.027695765919467007;0.028823083392934244;0.0;0.0;0.0;0.0;0.03124855064877609
GO:1903413;0.0;0.018068461080748513;0.0;0.0;0.0;0.019154254597201287;0.0;0.0;0.0;0.0;0.0;0.025915491655330004;0.0;0.0;0.0;0.02146819379751103;0.0;0.0;0.017230094564966995;0.02278633940807767;1.0;0.0;0.0;0.39505769489449816;0.24208910381065316;0.0;0.0;0.0;0.019992662136233234;0.0;0.0;0.0;0.0;0.0;0.0;0.016542012253947143;0.016164404869870686;0.0;0.0;0.02252187500365567;0.020489603251445852;0.0;0.0;0.0;0.0;0.0;0.0;0.14779364446491247;0.01555730723324292;0.020346083498723314;0.4111496306420976;0.01863073091991696;0.0;0.0;0.0;0.0;0.0;0.0;0.021355193019097305;0.0;0.0;0.0;0.0218054670890184;0.023987756031928202;0.020401339940053793;0.0;0.01797790430867298;0.017043617088630857;0.0;0.0;0.0;0.0;0.0;0.0;0.0;0.3509097133955491;0.0;0.0;0.025445013138970653;0.02212876516863006;0.0;0.0;0.0;0.0;0.02258546390480828;0.0;0.0;0.02261935628093327;0.0;0.0;0.0;0.3815574957034838;0.0;0.023969355683756167;0.018068461080748513;0.017774984128329507;0.0;0.016542012253947143;0.017774984128329507;0.0;0.0;0.0;0.0;0.01788048761237731;0.0;0.016542012253947143;0.01898513217417398;0.15687600021846834;0.0;0.0;0.0;0.0;0.3763475170486147
GO:0009967;0.10764236764925096;0.0967436752678518;0.3400105435337376;0.0;0.3353298924152954;0.10669106408912206;0.09819814481871138;0.3895934218216674;0.6795016151106724;0.18209388790899186;0.5065777892548416;0.19272335598847784;0.32814025418595266;0.4042624788005927;0.510944831403312;0.0;0.27566722757888235;0.5550057748477119;0.0;0.0;0.0;1.0;0.09547248493315487;0.0;0.0;0.14562922556156654;0.08756785644903863;0.43349226186025314;0.0;0.22415334053165578;0.548521337511102;0.1097972008083974;0.45873498976334703;0.0;0.4826842622884617;0.08399547542834436;0.08104250688233487;0.0;0.12779844834257428;0.14337233555806142;0.0;0.2364965237061499;0.0;0.5339038854852952;0.3354166233631121;0.07131905393510353;0.10669106408912206;0.0;0.0;0.0;0.0;0.0;0.4181818996484514;0.12311981380747056;0.09819814481871138;0.08650121773330315;0.4659497094274835;0.10814502900067717;0.12953378789758674;0.2847196030321354;0.2581736441875171;0.09245431764587897;0.0;0.0;0.11915355706793503;0.3125672960481417;0.0;0.08803685518319378;0.11557894372936459;0.12905039119933692;0.1209699246396825;0.32980922892667647;0.37424817409969074;0.3733352291027979;0.11651944622609008;0.0;0.12550698232360008;0.09769206660564571;0.18491289178245404;0.0;0.11877022313899402;0.4412432449955486;0.0;0.2157291323086507;0.0;0.3367937684680199;0.3289806493259631;0.0;0.0;0.5402393515211829;0.0;0.0;0.48858688541215795;0.0;0.0;0.09418597255276111;0.4042624788005927;0.0;0.0;0.3592847454386764;0.13382367241705667;0.10231503520665551;0.2713891877411023;0.0;0.24262768012708175;0.0;0.10508927113356094;0.11010889100996389;0.47329911241922606;0.43225025223964125;0.7225448367517537;0.32232064068743005;0.0
GO:0032715;0.4938198132684508;0.276584147567039;0.07441845837447301;0.0;0.07886424084007651;0.06592175825386784;0.4237898628150507;0.19738260306611477;0.07528300453119657;0.2829236299407634;0.09519311774499711;0.09601553329256093;0.0726735874930444;0.20257954687732804;0.06182559165278562;0.0;0.06443611412654955;0.0738417205385534;0.0;0.0;0.0;0.09547248493315487;1.0;0.0;0.0;0.08115749949773353;0.6567197102503665;0.08684916728175464;0.0;0.0554098703365404;0.06503619680301433;0.06725767432369338;0.0898530871782743;0.0;0.09258157166043933;0.0554098703365404;0.05393664751535349;0.0;0.22698949569626203;0.08035646126185227;0.0;0.06214787857114652;0.0;0.06558253947323452;0.0662436173088487;0.3677970186072872;0.449524159621177;0.0;0.0;0.0;0.0;0.0;0.20740711207848428;0.22141083740043585;0.18917949703888018;0.05973389302755881;0.09068714061538015;0.20257954687732804;0.22902382747359562;0.06592175825386784;0.06148311345456868;0.06251353345581194;0.0;0.0;0.07114643060347092;0.1918219452682807;0.0;0.05738455942805719;0.07229362316703458;0.5117817369758293;0.2188003765405865;0.07292141857533038;0.06301595653023727;0.35585705878832014;0.21329954424853814;0.0;0.22427452470980083;0.2063041849946434;0.09377318653979354;0.0;0.21609805374846403;0.06301595653023727;0.0;0.26147249711261217;0.0;0.07394966897651119;0.0727984836908731;0.0;0.0;0.08076510703339079;0.0;0.0;0.23038385540987497;0.0;0.0;0.060300546741196094;0.20257954687732804;0.0;0.0;0.08240030537338464;0.0833938567644867;0.19481700311277567;0.06847978188229181;0.0;0.05876398864526222;0.0;0.06522374803655531;0.06739046178389141;0.2255892423347019;0.2121868183807714;0.07836316251458215;0.1720021787825182;0.0
GO:0071361;0.0;0.02000805680365743;0.0;0.0;0.0;0.021348120299372372;0.0;0.0;0.0;0.0;0.0;0.030100745967096772;0.0;0.0;0.0;0.02426280689616606;0.0;0.0;0.01898513217417398;0.0259600325730677;0.39505769489449816;0.0;0.0;1.0;0.26807665129549646;0.0;0.0;0.0;0.022394831149800485;0.0;0.0;0.0;0.0;0.0;0.0;0.01815312070227472;0.017699386080986357;0.0;0.0;0.025617322328827505;0.023020231667961345;0.0;0.0;0.0;0.0;0.0;0.0;0.1639610909965427;0.01697409998357078;0.022839227569927942;0.4575253878551874;0.020699832784681325;0.0;0.0;0.0;0.0;0.0;0.0;0.02411857044398818;0.0;0.0;0.0;0.024694487068596137;0.027530959685737516;0.022908878776287125;0.0;0.01989707421866705;0.018758980498249034;0.0;0.0;0.0;0.0;0.0;0.0;0.0;0.3950647206927897;0.0;0.0;0.02946789130650132;0.025109944287691775;0.0;0.0;0.0;0.0;0.025699623925739136;0.0;0.0;0.025743516130121387;0.0;0.0;0.0;0.42117614511310003;0.0;0.027506724838241698;0.02000805680365743;0.019648816607209404;0.0;0.01815312070227472;0.019648816607209404;0.0;0.0;0.0;0.0;0.019777817580782155;0.0;0.01815312070227472;0.02113824999963302;0.17521485948998394;0.0;0.0;0.0;0.0;0.42308501278326366
GO:0005513;0.0;0.0;0.0;0.0;0.0;0.0;0.0;0.0;0.0;0.0;0.0;0.0;0.0;0.0;0.0;0.0;0.0;0.0;0.0;0.0;0.24208910381065316;0.0;0.0;0.26807665129549646;1.0;0.0;0.0;0.0;0.0;0.0;0.0;0.0;0.0;0.0;0.0;0.0;0.0;0.0;0.0;0.0;0.0;0.0;0.0;0.0;0.0;0.0;0.0;0.4609161481349944;0.0;0.0;0.28016235029813136;0.0;0.0;0.0;0.0;0.0;0.0;0.0;0.0;0.0;0.0;0.0;0.0;0.0;0.0;0.0;0.0;0.0;0.0;0.0;0.0;0.0;0.0;0.0;0.0;0.3123434844596632;0.0;0.0;0.0;0.0;0.0;0.0;0.0;0.0;0.0;0.0;0.0;0.0;0.0;0.0;0.0;0.25801478825376817;0.0;0.0;0.0;0.0;0.0;0.0;0.0;0.0;0.0;0.0;0.0;0.0;0.0;0.0;0.0;0.49237504806539445;0.0;0.0;0.0;0.0;0.3082892536254612
