;GO:0060761;GO:0043507;GO:0007250;GO:0034351;GO:0015031;GO:0090051;GO:0051092;GO:0000187;GO:0030307;GO:0071897;GO:0034622;GO:0071499;GO:2001045;GO:0070207;GO:0050679;GO:0035556;GO:1902042;GO:1900025;GO:0007266;GO:0043113;GO:0045415;GO:0051895;GO:0000077;GO:0051894;GO:0051496;GO:0071363;GO:0070159;GO:0050687;GO:0051897;GO:0090315;GO:0035023;GO:0090314;GO:0002181;GO:0006260;GO:1903265;GO:0008285;GO:0008284;GO:0042795;GO:0045944;GO:0007229;GO:0006933;GO:0106074;GO:0051781;GO:0051023;GO:0071550;GO:0032543;GO:0031333;GO:0010595;GO:0032148;GO:0016579;GO:2001240;GO:0070979;GO:0044344;GO:0035094;GO:0007249;GO:0007517;GO:0016180;GO:0010764;GO:2001238;GO:0070059;GO:0035924;GO:0030512;GO:0033622;GO:0018108;GO:0006481;GO:0036297;GO:0006520;GO:0051291;GO:1903721;GO:0043666;GO:0032091;GO:0010738;GO:0043154;GO:0098655;GO:0070126;GO:0071732;GO:0070125;GO:0006919;GO:0007183;GO:0007181;GO:0007186;GO:0032088;GO:0090266;GO:0021503;GO:0030855;GO:0033209;GO:0010906;GO:0007219;GO:0001755;GO:0051451;GO:0050880;GO:0002726;GO:0007271;GO:0007274;GO:0007032;GO:0090073;GO:0006469;GO:0045747;GO:0000122;GO:0000086;GO:0032743;GO:0051865;GO:2001044;GO:0006351;GO:0031098;GO:0030163;GO:0006750;GO:1901215;GO:0006357;GO:0048747;GO:0019371;GO:0070375;GO:0070373;GO:0006508;GO:0043065;GO:0034115;GO:0070534;GO:2000342;GO:0030036
GO:0060761;1.0;0.0016146314484519917;0.005951009685001093;0.07632204726776291;0.0;0.012013762322043507;0.015981626640088665;0.0021483781229270334;0.05537612650142185;0.0;0.0;0.0;0.12563356899360406;0.0;0.06863501806665667;0.10937376447714617;0.055305080686332705;0.021674063892060506;0.10937376447714617;0.0;0.009524187175815385;0.02940740218596025;0.09284818953577226;0.01592132021249522;0.012232851829583478;0.0;0.0;0.08463802433496563;0.03339691615813532;0.016009509932372157;0.1633014782064568;0.008984275281393256;0.0;0.0;0.038114881389358715;0.18256445760049927;0.10277666372112565;0.0;0.0030507844279764845;0.10937376447714617;0.19500611166390475;0.025963551591538257;0.10560348940179391;0.03841746789743475;0.0;0.0;0.10108819979750913;0.014954550203922045;0.004062978796018223;0.0;0.04129320592379733;0.0;0.0;0.0;0.10937376447714617;0.0;0.0;0.03935714849931525;0.02223437620788067;0.053085984338947706;0.0;0.06283068354483108;0.0;0.0;0.0;0.0;0.0;0.0;0.007479802648493763;0.028211288833329577;0.08246784556440934;0.176667307943996;0.010840797126225047;0.0;0.0;0.0;0.0;0.00608032257560688;0.0;0.0;0.10937376447714617;0.02847613625901737;0.015924601309076882;0.0;0.0;0.10937376447714617;0.07504522384066935;0.10937376447714617;0.0;0.0;0.08246784556440934;0.012678010796385291;0.0;0.0;0.0;0.07101527932167624;0.00725795937566638;0.0424336740708042;0.004334589126298501;0.0;0.06845703713218734;0.0;0.1902552005276086;0.0;0.08057390131776897;0.0;0.0;0.13600598990232915;0.01796646261110231;0.0;0.0;0.019134429580236846;0.019938594412825677;0.0;0.055194393449573706;0.06118675818881659;0.0;0.08942103247665273;0.0
GO:0043507;0.0016146314484519917;1.0;0.22203012787925624;0.0016146314484519917;0.0;0.0016146314484519917;0.004618342490090567;0.5283855584089953;0.004836851611473929;0.0;0.0;0.0;0.007622268229057242;0.0;0.004836851611473929;0.0016146314484519917;0.007622268229057242;0.0016146314484519917;0.0016146314484519917;0.0;0.008331657377001535;0.0016146314484519917;0.0016146314484519917;0.004836851611473929;0.004836851611473929;0.0;0.0;0.0023626683527589887;0.03842232433643658;9.056040257074133E-4;0.008486661305311791;0.0016146314484519917;0.0;0.0;0.028436445258648135;0.0016146314484519917;0.004836851611473929;0.0;0.01621944012032309;0.0016146314484519917;0.0016146314484519917;6.828256601714713E-4;0.004836851611473929;0.0016146314484519917;0.0;0.0;0.0016146314484519917;0.004836851611473929;0.22203012787925624;0.0;0.007622268229057242;0.0;0.0;0.0;0.0016146314484519917;0.0;0.0;0.0016146314484519917;0.028436445258648135;0.0016146314484519917;0.0;0.007622268229057242;0.0;0.0;0.0;0.0;0.0;0.0;0.13446710866686343;0.014794284292215186;9.056040257074133E-4;0.008486661305311791;0.014348727561142078;0.0;0.0;0.0;0.0;0.05850092648032946;0.0;0.0;0.0016146314484519917;0.004618342490090567;0.0016146314484519917;0.0;0.0;0.0016146314484519917;0.004618342490090567;0.0016146314484519917;0.0;0.0;6.828256601714713E-4;0.004758038919670285;0.0;0.0;0.0;0.0013725259314762638;0.03235492533321163;0.028436445258648135;0.004618342490090567;0.0;0.0016146314484519917;0.0;0.007622268229057242;0.0;0.0016146314484519917;0.0;0.0;0.0016146314484519917;0.004618342490090567;0.0;0.0;0.0016146314484519917;0.031845002339375386;0.0;0.004836851611473929;0.0016146314484519917;0.0;9.056040257074133E-4;0.0
GO:0007250;0.005951009685001093;0.22203012787925624;1.0;0.005951009685001093;0.0;0.005951009685001093;0.01702171781277442;0.29595138174306135;0.017827071814060697;0.0;0.0;0.0;0.028093217245510928;0.0;0.017827071814060697;0.005951009685001093;0.028093217245510928;0.005951009685001093;0.005951009685001093;0.0;0.03070779637680343;0.005951009685001093;0.005951009685001093;0.017827071814060697;0.017827071814060697;0.0;0.0;0.005951009685001093;0.14161226976323563;0.003337763755888492;0.03127909076071495;0.005951009685001093;0.0;0.0;0.10480754682652901;0.005951009685001093;0.017827071814060697;0.0;0.05463979172456285;0.005951009685001093;0.005951009685001093;0.0025166747004361427;0.017827071814060697;0.005951009685001093;0.0;0.0;0.005951009685001093;0.017827071814060697;0.819785642130294;0.0;0.028093217245510928;0.0;0.0;0.0;0.005951009685001093;0.0;0.0;0.005951009685001093;0.10480754682652901;0.005951009685001093;0.0;0.028093217245510928;0.0;0.0;0.0;0.0;0.0;0.0;0.4956023040166815;0.05452695052486454;0.003337763755888492;0.03127909076071495;0.05288477241395533;0.0;0.0;0.0;0.0;0.21561550804658994;0.0;0.0;0.005951009685001093;0.01702171781277442;0.005951009685001093;0.0;0.0;0.005951009685001093;0.01702171781277442;0.005951009685001093;0.0;0.0;0.0025166747004361427;0.017536593703607595;0.0;0.0;0.0;0.005058686995698791;0.11924979796474876;0.10480754682652901;0.01239825791716216;0.0;0.005951009685001093;0.0;0.028093217245510928;0.0;0.005951009685001093;0.0;0.0;0.005951009685001093;0.01702171781277442;0.0;0.0;0.005951009685001093;0.08148491161250916;0.0;0.017827071814060697;0.005951009685001093;0.0;0.003337763755888492;0.0
GO:0034351;0.07632204726776291;0.0016146314484519917;0.005951009685001093;1.0;0.0;0.03611212160802601;0.02849417210833194;0.0021483781229270334;0.07632204726776291;0.0;0.0;0.0;0.1277073586685667;0.0;0.07632204726776291;0.07632204726776291;0.19043134021382702;0.0651499846616809;0.07632204726776291;0.0;0.028628717323595593;0.08839559627103472;0.22941614611850833;0.028386649778735284;0.02181035718438865;0.0;0.0;0.028622118405066073;0.03339691615813532;0.016009509932372157;0.07632204726776291;0.008984275281393256;0.0;0.0;0.02604745015245644;0.22941614611850833;0.07632204726776291;0.0;0.005439344724655555;0.07632204726776291;0.22941614611850833;0.025963551591538257;0.07632204726776291;0.06849577748800104;0.0;0.0;0.22941614611850833;0.026662963471087646;0.007244019629131083;0.0;0.1421844150339978;0.0;0.0;0.0;0.07632204726776291;0.0;0.0;0.11830350015703128;0.045319815178847624;0.07632204726776291;0.0;0.06386780780906931;0.0;0.0;0.0;0.0;0.0;0.0;0.007479802648493763;0.050298842384312904;0.03227650022623599;0.07632204726776291;0.11038202422645156;0.0;0.0;0.0;0.0;0.02209656994264248;0.0;0.0;0.07632204726776291;0.02847613625901737;0.0283924997546362;0.0;0.0;0.07632204726776291;0.07632204726776291;0.07632204726776291;0.0;0.0;0.03227650022623599;0.0071107605554048174;0.0;0.0;0.0;0.03227650022623599;0.021816671961227406;0.0424336740708042;0.013029324657314607;0.0;0.04280701538557495;0.0;0.07632204726776291;0.0;0.07632204726776291;0.0;0.0;0.40200979860698066;0.03203300198081839;0.0;0.0;0.034115409021406196;0.020267713863604715;0.0;0.15556546511164668;0.18392103932846757;0.0;0.07632204726776291;0.0
GO:0015031;0.0;0.0;0.0;0.0;1.0;0.0;0.0;0.0;0.0;0.0;0.0;0.0;0.0;0.0;0.0;0.0;0.0;0.0;0.0;0.1370166050935565;0.0;0.0;0.0;0.0;0.0;0.0;0.0;0.0;0.0;0.0;0.0;0.0;0.0;0.0;0.0;0.0;0.0;0.0;0.0;0.0;0.0;0.0;0.0;0.0;0.0;0.0;0.0;0.0;0.0;0.0;0.0;0.0;0.0;0.0;0.0;0.0;0.0;0.0;0.0;0.0;0.0;0.0;0.0;0.0;0.0;0.0;0.0;0.0;0.0;0.0;0.0;0.0;0.0;0.1370166050935565;0.0;0.0;0.0;0.0;0.0;0.0;0.0;0.0;0.0;0.0;0.0;0.0;0.0;0.0;0.0;0.0;0.0;0.0;0.0;0.0;0.0;0.0;0.0;0.0;0.0;0.0;0.0;0.0;0.0;0.0;0.0;0.0;0.0;0.0;0.0;0.0;0.0;0.0;0.0;0.0;0.0;0.0;0.0;0.0;0.0
GO:0090051;0.012013762322043507;0.0016146314484519917;0.005951009685001093;0.03611212160802601;0.0;1.0;0.012013762322043507;0.0021483781229270334;0.012013762322043507;0.0;0.0;0.0;0.03611212160802601;0.0;0.012013762322043507;0.012013762322043507;0.03611212160802601;0.03611212160802601;0.012013762322043507;0.0;0.028628717323595593;0.03611212160802601;0.03611212160802601;0.012013762322043507;0.012013762322043507;0.0;0.0;0.012013762322043507;0.012013762322043507;0.012013762322043507;0.012013762322043507;0.012013762322043507;0.0;0.0;0.012013762322043507;0.03611212160802601;0.012013762322043507;0.0;0.005439344724655555;0.012013762322043507;0.03611212160802601;0.005080605358304724;0.012013762322043507;0.012013762322043507;0.0;0.0;0.03611212160802601;0.08090219408588739;0.007244019629131083;0.0;0.03611212160802601;0.0;0.0;0.0;0.012013762322043507;0.0;0.0;0.23845303687830427;0.012013762322043507;0.012013762322043507;0.0;0.03611212160802601;0.0;0.0;0.0;0.0;0.0;0.0;0.007479802648493763;0.012013762322043507;0.005080605358304724;0.012013762322043507;0.03258631007139714;0.0;0.0;0.0;0.0;0.010840808751527521;0.0;0.0;0.012013762322043507;0.012013762322043507;0.012013762322043507;0.0;0.0;0.012013762322043507;0.012013762322043507;0.012013762322043507;0.0;0.0;0.005080605358304724;0.012013762322043507;0.0;0.0;0.0;0.005080605358304724;0.021816671961227406;0.012013762322043507;0.013029324657314607;0.0;0.012013762322043507;0.0;0.012013762322043507;0.0;0.012013762322043507;0.0;0.0;0.03611212160802601;0.012013762322043507;0.0;0.0;0.012013762322043507;0.020267713863604715;0.0;0.012013762322043507;0.03611212160802601;0.0;0.03573658507782031;0.0
GO:0051092;0.015981626640088665;0.004618342490090567;0.01702171781277442;0.02849417210833194;0.0;0.012013762322043507;1.0;0.006145022122173749;0.02849417210833194;0.0;0.0;0.0;0.02849417210833194;0.0;0.02849417210833194;0.02849417210833194;0.01870256991752583;0.021674063892060506;0.02849417210833194;0.0;0.04826497518249371;0.02849417210833194;0.02849417210833194;0.028386649778735284;0.02181035718438865;0.0;0.0;0.015981626640088665;0.02849417210833194;0.008979310206213988;0.02849417210833194;0.016018362329557684;0.0;0.0;0.02604745015245644;0.02849417210833194;0.02849417210833194;0.0;0.16760549890937199;0.02849417210833194;0.02849417210833194;0.012050150453569459;0.02849417210833194;0.02849417210833194;0.0;0.0;0.02849417210833194;0.026662963471087646;0.020720123892261057;0.0;0.01396416136319757;0.0;0.0;0.0;0.02849417210833194;0.0;0.0;0.02849417210833194;0.02223437620788067;0.02849417210833194;0.0;0.021247509946288514;0.0;0.0;0.0;0.0;0.0;0.0;0.02139453583797691;0.08150209504096358;0.015981626640088665;0.02849417210833194;0.031008013650729714;0.0;0.0;0.0;0.0;0.031008046902669915;0.0;0.0;0.02849417210833194;0.9131687495135037;0.0283924997546362;0.0;0.0;0.02849417210833194;0.08150209504096358;0.02849417210833194;0.0;0.0;0.012050150453569459;0.012678010796385291;0.0;0.0;0.0;0.024221620452226755;0.02075999585424147;0.02849417210833194;0.13356406145528946;0.0;0.02849417210833194;0.0;0.02849417210833194;0.0;0.02849417210833194;0.0;0.0;0.02849417210833194;0.8780064831299897;0.0;0.0;0.02849417210833194;0.019286060519732653;0.0;0.02849417210833194;0.02849417210833194;0.0;0.015981626640088665;0.0
GO:0000187;0.0021483781229270334;0.5283855584089953;0.29595138174306135;0.0021483781229270334;0.0;0.0021483781229270334;0.006145022122173749;1.0;0.006435763527272785;0.0;0.0;0.0;0.0101419517909726;0.0;0.006435763527272785;0.0021483781229270334;0.0101419517909726;0.0021483781229270334;0.0021483781229270334;0.0;0.011085842811766554;0.0021483781229270334;0.0021483781229270334;0.006435763527272785;0.006435763527272785;0.0;0.0;0.0021483781229270334;0.051123543465938906;0.0012049684023742746;0.01129208619248899;0.0021483781229270334;0.0;0.0;0.037836644979300546;0.0021483781229270334;0.006435763527272785;0.0;0.02158107991395487;0.0021483781229270334;0.0021483781229270334;9.085464744861965E-4;0.006435763527272785;0.0021483781229270334;0.0;0.0;0.0021483781229270334;0.006435763527272785;0.29595138174306135;0.0;0.0101419517909726;0.0;0.0;0.0;0.0021483781229270334;0.0;0.0;0.0021483781229270334;0.037836644979300546;0.0021483781229270334;0.0;0.0101419517909726;0.0;0.0;0.0;0.0;0.0;0.0;0.17891773060044605;0.019684812127393165;0.0012049684023742746;0.01129208619248899;0.01909196827161538;0.0;0.0;0.0;0.0;0.07783950370953;0.0;0.0;0.0021483781229270334;0.006145022122173749;0.0021483781229270334;0.0;0.0;0.0021483781229270334;0.006145022122173749;0.0021483781229270334;0.0;0.0;9.085464744861965E-4;0.006330897823683107;0.0;0.0;0.0;0.0018262400916077095;0.04305045205297592;0.037836644979300546;0.006145022122173749;0.0;0.0021483781229270334;0.0;0.0101419517909726;0.0;0.0021483781229270334;0.0;0.0;0.0021483781229270334;0.006145022122173749;0.0;0.0;0.0021483781229270334;0.042371964460413816;0.0;0.006435763527272785;0.0021483781229270334;0.0;0.0012049684023742746;0.0
GO:0030307;0.05537612650142185;0.004836851611473929;0.017827071814060697;0.07632204726776291;0.0;0.012013762322043507;0.02849417210833194;0.006435763527272785;1.0;0.0;0.0;0.0;0.042485619384908496;0.0;0.2957651458057049;0.09873193228442995;0.01870256991752583;0.03277330947680875;0.09873193228442995;0.0;0.009524187175815385;0.04446687513468584;0.09284818953577226;0.0850361318418878;0.06533593867211791;0.0;0.0;0.01605338833004452;0.10004507709335599;0.008979310206213988;0.09873193228442995;0.016018362329557684;0.0;0.0;0.07802873613386195;0.09873193228442995;0.2957651458057049;0.0;0.016294308724158792;0.09873193228442995;0.09873193228442995;0.025963551591538257;0.2957651458057049;0.06849577748800104;0.0;0.0;0.14929236105030833;0.07987259133063723;0.021700461768104386;0.0;0.01396416136319757;0.0;0.0;0.0;0.09873193228442995;0.0;0.0;0.03935714849931525;0.06660614624737558;0.0946487618788345;0.0;0.021247509946288514;0.0;0.0;0.0;0.0;0.0;0.0;0.022406782382790764;0.050298842384312904;0.04175361312747613;0.09873193228442995;0.010840797126225047;0.0;0.0;0.0;0.0;0.03247514058380218;0.0;0.0;0.09873193228442995;0.02847613625901737;0.042932243159981134;0.0;0.0;0.09873193228442995;0.09873193228442995;0.09873193228442995;0.0;0.0;0.04175361312747613;0.012678010796385291;0.0;0.0;0.0;0.04175361312747613;0.00725795937566638;0.1271159341080005;0.004334589126298501;0.0;0.09873193228442995;0.0;0.09873193228442995;0.0;0.09873193228442995;0.0;0.0;0.09873193228442995;0.03203300198081839;0.0;0.0;0.034115409021406196;0.006742652780456316;0.0;0.29479450545988367;0.06118675818881659;0.0;0.05015388934199733;0.0
GO:0071897;0.0;0.0;0.0;0.0;0.0;0.0;0.0;0.0;0.0;1.0;0.005873524301798058;0.005873524301798058;0.0;0.005873524301798058;0.0;0.005873524301798058;0.0;0.0;0.005873524301798058;0.0;0.0;0.0;0.005873524301798058;0.0;0.0;0.005873524301798058;0.19387696430955673;0.0;0.0;0.0;0.0;0.0;0.17924363572588295;0.2533712716884281;0.0;0.0;0.0;0.22473402105034762;0.0;0.005873524301798058;0.0;0.19387696430955673;0.0;0.0;0.005873524301798058;0.17924363572588295;0.0;0.0;0.0;0.05310401099681123;0.0;0.05310401099681123;0.005873524301798058;0.0;0.005873524301798058;0.0;0.19387696430955673;0.0;0.0;0.005873524301798058;0.005873524301798058;0.0;0.005873524301798058;0.05310401099681123;0.05310401099681123;0.2533712716884281;0.024078925456931653;0.005873524301798058;0.0;0.0;0.0;0.0;0.0;0.0;0.005873524301798058;0.005873524301798058;0.17924363572588295;0.0;0.005873524301798058;0.005873524301798058;0.005873524301798058;0.0;0.0;0.0;0.005873524301798058;0.005873524301798058;0.0;0.005873524301798058;0.005873524301798058;0.005873524301798058;0.0;0.0;0.005873524301798058;0.005873524301798058;0.005873524301798058;0.0;0.0;0.0;0.0;0.005873524301798058;0.0;0.05310401099681123;0.0;0.5452772271947665;0.005873524301798058;0.01782394481709292;0.10539983989093517;0.0;0.0;0.005873524301798058;0.024078925456931653;0.05310401099681123;0.0;0.01782394481709292;0.0;0.0;0.05310401099681123;0.0;0.005873524301798058
GO:0034622;0.0;0.0;0.0;0.0;0.0;0.0;0.0;0.0;0.0;0.005873524301798058;1.0;0.06445952632886974;0.0;0.4268135307655693;0.0;0.08330205454180095;0.0;0.0;0.08330205454180095;0.0;0.0;0.0;0.039265385531956985;0.0;0.0;0.0557552288107815;0.00634111505393148;0.0;0.0;0.0;0.0;0.0;0.00834197005097853;0.013246612071541642;0.0;0.0;0.0;0.00238705476236372;0.0;0.08330205454180095;0.0;0.025963551591538257;0.0;0.0;0.9022519147791556;0.00834197005097853;0.0;0.0;0.0;0.016620707704463857;0.0;0.021366026228463862;0.034541580701594334;0.0;0.08330205454180095;0.0;0.009448434403698913;0.0;0.0;0.04002684536851394;0.05379798561210026;0.0;0.9022519147791556;0.00995265833540629;0.009272563336842747;0.01839543402203674;0.04327546905815194;0.8677041202855282;0.0;0.0;0.0;0.0;0.0;0.0;0.3674320697805181;0.00971799451654237;0.03148471877745904;0.0;0.9080275310725635;0.9080275310725635;0.08330205454180095;0.0;0.0;0.0;0.08330205454180095;0.08330205454180095;0.0;0.08330205454180095;0.08330205454180095;0.08330205454180095;0.0;0.0;0.08330205454180095;0.08330205454180095;0.2833329829863892;0.0;0.0;0.0;0.0;0.07750509165065662;0.0;0.02166811745605119;0.0;0.005791764842280598;0.0607527415935671;0.0;0.006370441118974277;0.0;0.0;0.08330205454180095;0.013295022933313314;0.014427364653026629;0.0;0.0;0.0;0.0;0.021366026228463862;0.0;0.2833329829863892
GO:0071499;0.0;0.0;0.0;0.0;0.0;0.0;0.0;0.0;0.0;0.005873524301798058;0.06445952632886974;1.0;0.0;0.03940633811535304;0.0;0.06445952632886974;0.0;0.0;0.06445952632886974;0.0;0.0;0.0;0.2970183442272588;0.0;0.0;0.22406983532528807;0.00634111505393148;0.0;0.0;0.0;0.0;0.0;0.00834197005097853;0.013246612071541642;0.0;0.0;0.0;0.00238705476236372;0.0;0.06445952632886974;0.0;0.025963551591538257;0.0;0.0;0.06445952632886974;0.00834197005097853;0.0;0.0;0.0;0.016620707704463857;0.0;0.021366026228463862;0.13881615168234668;0.06445952632886974;0.06445952632886974;0.0;0.009448434403698913;0.0;0.0;0.3027783167013769;0.21620404102089377;0.0;0.06445952632886974;0.00995265833540629;0.009272563336842747;0.1391500753283148;0.04327546905815194;0.06445952632886974;0.0;0.0;0.0;0.0;0.0;0.0;0.06445952632886974;0.07351061504703214;0.03148471877745904;0.0;0.06445952632886974;0.06445952632886974;0.06445952632886974;0.0;0.0;0.0;0.06445952632886974;0.06445952632886974;0.0;0.06445952632886974;0.06445952632886974;0.06445952632886974;0.0;0.0;0.06445952632886974;0.06445952632886974;0.06445952632886974;0.0;0.0;0.0;0.0;0.06445952632886974;0.0;0.02166811745605119;0.0;0.005791764842280598;0.45955689651135;0.0;0.006370441118974277;0.0;0.0;0.06445952632886974;0.013295022933313314;0.014427364653026629;0.0;0.0;0.0;0.0;0.021366026228463862;0.0;0.06445952632886974
GO:2001045;0.12563356899360406;0.007622268229057242;0.028093217245510928;0.1277073586685667;0.0;0.03611212160802601;0.02849417210833194;0.0101419517909726;0.042485619384908496;0.0;0.0;0.0;1.0;0.0;0.042485619384908496;0.042485619384908496;0.3303677585835264;0.0651499846616809;0.042485619384908496;0.0;0.028628717323595593;0.08839559627103472;0.1277073586685667;0.028386649778735284;0.02181035718438865;0.0;0.0;0.08463802433496563;0.15765842615334905;0.016009509932372157;0.20056390400414975;0.008984275281393256;0.0;0.0;0.12296344898730256;0.1277073586685667;0.042485619384908496;0.0;0.005439344724655555;0.042485619384908496;0.1277073586685667;0.01796711635469955;0.042485619384908496;0.042485619384908496;0.0;0.0;0.1277073586685667;0.026662963471087646;0.007244019629131083;0.0;0.24666710031840153;0.0;0.0;0.0;0.042485619384908496;0.0;0.0;0.11830350015703128;0.10496288767614337;0.042485619384908496;0.0;0.375322336309444;0.0;0.0;0.0;0.0;0.0;0.0;0.03531026361581945;0.042485619384908496;0.01796711635469955;0.20056390400414975;0.03258631007139714;0.0;0.0;0.0;0.0;0.010840808751527521;0.0;0.0;0.042485619384908496;0.02847613625901737;0.0283924997546362;0.0;0.0;0.042485619384908496;0.042485619384908496;0.042485619384908496;0.0;0.0;0.01796711635469955;0.012678010796385291;0.0;0.0;0.0;0.01796711635469955;0.021816671961227406;0.200318683264937;0.013029324657314607;0.0;0.023829058938826957;0.0;0.2233085837711083;0.0;0.042485619384908496;0.0;0.0;0.1277073586685667;0.03203300198081839;0.0;0.0;0.034115409021406196;0.1191042244894342;0.0;0.042485619384908496;0.1277073586685667;0.0;0.042485619384908496;0.0
GO:0070207;0.0;0.0;0.0;0.0;0.0;0.0;0.0;0.0;0.0;0.005873524301798058;0.4268135307655693;0.03940633811535304;0.0;1.0;0.0;0.03940633811535304;0.0;0.0;0.03940633811535304;0.0;0.0;0.0;0.039265385531956985;0.0;0.0;0.03940633811535304;0.00634111505393148;0.0;0.0;0.0;0.0;0.0;0.00834197005097853;0.013246612071541642;0.0;0.0;0.0;0.00238705476236372;0.0;0.03940633811535304;0.0;0.025963551591538257;0.0;0.0;0.4268135307655693;0.00834197005097853;0.0;0.0;0.0;0.016620707704463857;0.0;0.021366026228463862;0.034541580701594334;0.0;0.03940633811535304;0.0;0.009448434403698913;0.0;0.0;0.03940633811535304;0.03940633811535304;0.0;0.4268135307655693;0.00995265833540629;0.009272563336842747;0.01839543402203674;0.03940633811535304;0.473053615929472;0.0;0.0;0.0;0.0;0.0;0.0;0.1749501519541871;0.00971799451654237;0.03148471877745904;0.0;0.4268135307655693;0.4268135307655693;0.03940633811535304;0.0;0.0;0.0;0.03940633811535304;0.03940633811535304;0.0;0.03940633811535304;0.03940633811535304;0.03940633811535304;0.0;0.0;0.03940633811535304;0.03940633811535304;0.13403169211379498;0.0;0.0;0.0;0.0;0.03940633811535304;0.0;0.02166811745605119;0.0;0.005791764842280598;0.03940633811535304;0.0;0.006370441118974277;0.0;0.0;0.03940633811535304;0.013295022933313314;0.014427364653026629;0.0;0.0;0.0;0.0;0.021366026228463862;0.0;0.13403169211379498
GO:0050679;0.06863501806665667;0.004836851611473929;0.017827071814060697;0.07632204726776291;0.0;0.012013762322043507;0.02849417210833194;0.006435763527272785;0.2957651458057049;0.0;0.0;0.0;0.042485619384908496;0.0;1.0;0.12237164973833586;0.01870256991752583;0.021674063892060506;0.12237164973833586;0.0;0.009524187175815385;0.02940740218596025;0.09284818953577226;0.0850361318418878;0.06533593867211791;0.0;0.0;0.01605338833004452;0.10004507709335599;0.008979310206213988;0.12237164973833586;0.016018362329557684;0.0;0.0;0.07802873613386195;0.18503793142047678;0.6678074144622075;0.0;0.016294308724158792;0.12237164973833586;0.12237164973833586;0.025963551591538257;0.366581185943742;0.06849577748800104;0.0;0.0;0.10108819979750913;0.07987259133063723;0.021700461768104386;0.0;0.01396416136319757;0.0;0.0;0.0;0.12237164973833586;0.0;0.0;0.03935714849931525;0.06660614624737558;0.0946487618788345;0.0;0.021247509946288514;0.0;0.0;0.0;0.0;0.0;0.0;0.022406782382790764;0.050298842384312904;0.05175082065877135;0.12237164973833586;0.010840797126225047;0.0;0.0;0.0;0.0;0.03247514058380218;0.0;0.0;0.12237164973833586;0.02847613625901737;0.0283924997546362;0.0;0.0;0.12237164973833586;0.12237164973833586;0.12237164973833586;0.0;0.0;0.05175082065877135;0.012678010796385291;0.0;0.0;0.0;0.05175082065877135;0.00725795937566638;0.1271159341080005;0.004334589126298501;0.0;0.12205432162818906;0.0;0.12237164973833586;0.0;0.12237164973833586;0.0;0.0;0.12237164973833586;0.03203300198081839;0.0;0.0;0.034115409021406196;0.006742652780456316;0.0;0.29479450545988367;0.06118675818881659;0.0;0.05015388934199733;0.0
GO:0035556;0.10937376447714617;0.0016146314484519917;0.005951009685001093;0.07632204726776291;0.0;0.012013762322043507;0.02849417210833194;0.0021483781229270334;0.09873193228442995;0.005873524301798058;0.08330205454180095;0.06445952632886974;0.042485619384908496;0.03940633811535304;0.12237164973833586;1.0;0.01870256991752583;0.021674063892060506;0.7826096423982843;0.0;0.009524187175815385;0.02940740218596025;0.09284818953577226;0.028386649778735284;0.02181035718438865;0.0557552288107815;0.00634111505393148;0.01605338833004452;0.03339691615813532;0.008979310206213988;0.1633014782064568;0.008984275281393256;0.00834197005097853;0.013246612071541642;0.02604745015245644;0.18256445760049927;0.18324392195747494;0.00238705476236372;0.005439344724655555;0.7332372093942711;0.19876234075014626;0.025963551591538257;0.18828396320478863;0.06849577748800104;0.08330205454180095;0.00834197005097853;0.10108819979750913;0.026662963471087646;0.007244019629131083;0.016620707704463857;0.01396416136319757;0.021366026228463862;0.034541580701594334;0.0;0.8767197170166617;0.0;0.009448434403698913;0.03935714849931525;0.02223437620788067;0.2754236253037451;0.05379798561210026;0.021247509946288514;0.08330205454180095;0.00995265833540629;0.009272563336842747;0.01839543402203674;0.04327546905815194;0.08011236636927821;0.007479802648493763;0.050298842384312904;0.10292480909972106;0.176667307943996;0.010840797126225047;0.0;0.08276158788353975;0.00971799451654237;0.03148471877745904;0.010840808751527521;0.07564055891886355;0.07564055891886355;0.8386868355071861;0.02847613625901737;0.0283924997546362;0.0;0.14532829318607357;0.6436478635053585;0.13380061818366096;0.7332372093942711;0.14532829318607357;0.14532829318607357;0.13727750031018962;0.0071107605554048174;0.1308282319293432;0.1308282319293432;0.14532829318607357;0.07101527932167624;0.00725795937566638;0.0424336740708042;0.004334589126298501;0.07750509165065662;0.06845703713218734;0.02166811745605119;0.1902552005276086;0.005791764842280598;0.41803794885130374;0.0;0.006370441118974277;0.13600598990232915;0.03203300198081839;0.09919868007213975;0.013295022933313314;0.09927430052835139;0.006742652780456316;0.0;0.09840791439978333;0.06118675818881659;0.021366026228463862;0.05015388934199733;0.11370374161179679
GO:1902042;0.055305080686332705;0.007622268229057242;0.028093217245510928;0.19043134021382702;0.0;0.03611212160802601;0.01870256991752583;0.0101419517909726;0.01870256991752583;0.0;0.0;0.0;0.3303677585835264;0.0;0.01870256991752583;0.01870256991752583;1.0;0.05621798243877858;0.01870256991752583;0.0;0.028628717323595593;0.05621798243877858;0.05621798243877858;0.01870256991752583;0.01870256991752583;0.0;0.0;0.055305080686332705;0.08829012008948091;0.016009509932372157;0.08829012008948091;0.008984275281393256;0.0;0.0;0.08829012008948091;0.05621798243877858;0.01870256991752583;0.0;0.005439344724655555;0.01870256991752583;0.05621798243877858;0.007909293890615923;0.01870256991752583;0.01870256991752583;0.0;0.0;0.05621798243877858;0.01870256991752583;0.007244019629131083;0.0;0.6290404020195868;0.0;0.0;0.0;0.01870256991752583;0.0;0.0;0.05621798243877858;0.14856828214378143;0.01870256991752583;0.0;0.3303677585835264;0.0;0.0;0.0;0.0;0.0;0.0;0.03531026361581945;0.01870256991752583;0.007909293890615923;0.08829012008948091;0.11038202422645156;0.0;0.0;0.0;0.0;0.02209656994264248;0.0;0.0;0.01870256991752583;0.01870256991752583;0.01870256991752583;0.0;0.0;0.01870256991752583;0.01870256991752583;0.01870256991752583;0.0;0.0;0.007909293890615923;0.012678010796385291;0.0;0.0;0.0;0.007909293890615923;0.021816671961227406;0.08829012008948091;0.013029324657314607;0.0;0.010489776242512815;0.0;0.08829012008948091;0.0;0.01870256991752583;0.0;0.0;0.09851172282629878;0.01870256991752583;0.0;0.0;0.01870256991752583;0.1191042244894342;0.0;0.03812101603872867;0.05621798243877858;0.0;0.01870256991752583;0.0
GO:1900025;0.021674063892060506;0.0016146314484519917;0.005951009685001093;0.0651499846616809;0.0;0.03611212160802601;0.021674063892060506;0.0021483781229270334;0.03277330947680875;0.0;0.0;0.0;0.0651499846616809;0.0;0.021674063892060506;0.021674063892060506;0.05621798243877858;1.0;0.021674063892060506;0.0;0.028628717323595593;0.14157738601786582;0.0651499846616809;0.03277330947680875;0.03277330947680875;0.0;0.0;0.021674063892060506;0.021674063892060506;0.016009509932372157;0.021674063892060506;0.008984275281393256;0.0;0.0;0.021674063892060506;0.0651499846616809;0.021674063892060506;0.0;0.005439344724655555;0.021674063892060506;0.10416787080822179;0.009165935049688155;0.021674063892060506;0.021674063892060506;0.0;0.0;0.11976644934394111;0.021674063892060506;0.007244019629131083;0.0;0.041974818527632816;0.0;0.0;0.0;0.021674063892060506;0.0;0.0;0.0651499846616809;0.021674063892060506;0.021674063892060506;0.0;0.06386780780906931;0.0;0.0;0.0;0.0;0.0;0.0;0.007479802648493763;0.021674063892060506;0.009165935049688155;0.021674063892060506;0.03258631007139714;0.0;0.0;0.0;0.0;0.010840808751527521;0.0;0.0;0.021674063892060506;0.021674063892060506;0.03277330947680875;0.0;0.0;0.021674063892060506;0.021674063892060506;0.021674063892060506;0.0;0.0;0.009165935049688155;0.0071107605554048174;0.0;0.0;0.0;0.009165935049688155;0.021816671961227406;0.021674063892060506;0.013029324657314607;0.0;0.012156408530818535;0.0;0.021674063892060506;0.0;0.021674063892060506;0.0;0.0;0.0651499846616809;0.021674063892060506;0.0;0.0;0.021674063892060506;0.020267713863604715;0.0;0.021674063892060506;0.10416787080822179;0.0;0.021674063892060506;0.0
GO:0007266;0.10937376447714617;0.0016146314484519917;0.005951009685001093;0.07632204726776291;0.0;0.012013762322043507;0.02849417210833194;0.0021483781229270334;0.09873193228442995;0.005873524301798058;0.08330205454180095;0.06445952632886974;0.042485619384908496;0.03940633811535304;0.12237164973833586;0.7826096423982843;0.01870256991752583;0.021674063892060506;1.0;0.0;0.009524187175815385;0.02940740218596025;0.09284818953577226;0.028386649778735284;0.02181035718438865;0.0557552288107815;0.00634111505393148;0.01605338833004452;0.03339691615813532;0.008979310206213988;0.1633014782064568;0.008984275281393256;0.00834197005097853;0.013246612071541642;0.02604745015245644;0.18256445760049927;0.18324392195747494;0.00238705476236372;0.005439344724655555;0.6563644044204276;0.19876234075014626;0.025963551591538257;0.18828396320478863;0.06849577748800104;0.08330205454180095;0.00834197005097853;0.10108819979750913;0.026662963471087646;0.007244019629131083;0.016620707704463857;0.01396416136319757;0.021366026228463862;0.034541580701594334;0.0;0.7826096423982843;0.0;0.009448434403698913;0.03935714849931525;0.02223437620788067;0.2754236253037451;0.05379798561210026;0.021247509946288514;0.08330205454180095;0.00995265833540629;0.009272563336842747;0.01839543402203674;0.04327546905815194;0.08011236636927821;0.007479802648493763;0.050298842384312904;0.10292480909972106;0.176667307943996;0.010840797126225047;0.0;0.08276158788353975;0.00971799451654237;0.03148471877745904;0.010840808751527521;0.07564055891886355;0.07564055891886355;0.6563644044204276;0.02847613625901737;0.0283924997546362;0.0;0.11373532356070608;0.6436478635053585;0.13380061818366096;0.6563644044204276;0.11373532356070608;0.11373532356070608;0.11373532356070608;0.0071107605554048174;0.11373532356070608;0.11373532356070608;0.11373532356070608;0.07101527932167624;0.00725795937566638;0.0424336740708042;0.004334589126298501;0.07750509165065662;0.06845703713218734;0.02166811745605119;0.1902552005276086;0.005791764842280598;0.41803794885130374;0.0;0.006370441118974277;0.13600598990232915;0.03203300198081839;0.09919868007213975;0.013295022933313314;0.09927430052835139;0.006742652780456316;0.0;0.09840791439978333;0.06118675818881659;0.021366026228463862;0.05015388934199733;0.11370374161179679
GO:0043113;0.0;0.0;0.0;0.0;0.1370166050935565;0.0;0.0;0.0;0.0;0.0;0.0;0.0;0.0;0.0;0.0;0.0;0.0;0.0;0.0;1.0;0.0;0.0;0.0;0.0;0.0;0.0;0.0;0.0;0.0;0.0;0.0;0.0;0.0;0.0;0.0;0.0;0.0;0.0;0.0;0.0;0.0;0.0;0.0;0.0;0.0;0.0;0.0;0.0;0.0;0.0;0.0;0.0;0.0;0.0;0.0;0.0;0.0;0.0;0.0;0.0;0.0;0.0;0.0;0.0;0.0;0.0;0.0;0.0;0.0;0.0;0.0;0.0;0.0;0.07765730605695476;0.0;0.0;0.0;0.0;0.0;0.0;0.0;0.0;0.0;0.0;0.0;0.0;0.0;0.0;0.0;0.0;0.0;0.0;0.0;0.0;0.0;0.0;0.0;0.0;0.0;0.0;0.0;0.0;0.0;0.0;0.0;0.0;0.0;0.0;0.0;0.0;0.0;0.0;0.0;0.0;0.0;0.0;0.0;0.0;0.0
GO:0045415;0.009524187175815385;0.008331657377001535;0.03070779637680343;0.028628717323595593;0.0;0.028628717323595593;0.04826497518249371;0.011085842811766554;0.009524187175815385;0.0;0.0;0.0;0.028628717323595593;0.0;0.009524187175815385;0.009524187175815385;0.028628717323595593;0.028628717323595593;0.009524187175815385;0.0;1.0;0.028628717323595593;0.028628717323595593;0.009524187175815385;0.009524187175815385;0.0;0.0;0.009524187175815385;0.009524187175815385;0.009524187175815385;0.009524187175815385;0.0053418643965337;0.0;0.0;0.009524187175815385;0.028628717323595593;0.009524187175815385;0.0;0.027564539975775175;0.009524187175815385;0.028628717323595593;0.004027767080938389;0.009524187175815385;0.009524187175815385;0.0;0.0;0.028628717323595593;0.009524187175815385;0.037379855099476875;0.0;0.028628717323595593;0.0;0.0;0.0;0.009524187175815385;0.0;0.0;0.028628717323595593;0.009524187175815385;0.009524187175815385;0.0;0.028628717323595593;0.0;0.0;0.0;0.0;0.0;0.0;0.038596518713039075;0.049145744324132726;0.004027767080938389;0.009524187175815385;0.154937171210984;0.0;0.0;0.0;0.0;0.049145744324132726;0.0;0.0;0.009524187175815385;0.04826497518249371;0.009524187175815385;0.0;0.0;0.009524187175815385;0.027242104295574616;0.009524187175815385;0.0;0.0;0.004027767080938389;0.01410378949176609;0.0;0.0;0.0;0.004027767080938389;0.11807072600226541;0.009524187175815385;0.09299146178927044;0.0;0.01410378949176609;0.0;0.009524187175815385;0.0;0.009524187175815385;0.0;0.0;0.028628717323595593;0.04826497518249371;0.0;0.0;0.009524187175815385;0.10968784306492166;0.0;0.009524187175815385;0.028628717323595593;0.0;0.05305873722005794;0.0
GO:0051895;0.02940740218596025;0.0016146314484519917;0.005951009685001093;0.08839559627103472;0.0;0.03611212160802601;0.02849417210833194;0.0021483781229270334;0.04446687513468584;0.0;0.0;0.0;0.08839559627103472;0.0;0.02940740218596025;0.02940740218596025;0.05621798243877858;0.14157738601786582;0.02940740218596025;0.0;0.028628717323595593;1.0;0.08839559627103472;0.21204112851433946;0.03297939829666868;0.0;0.0;0.028622118405066073;0.02940740218596025;0.016009509932372157;0.02940740218596025;0.008984275281393256;0.0;0.0;0.02604745015245644;0.08839559627103472;0.02940740218596025;0.0;0.005439344724655555;0.02940740218596025;0.1413351223364556;0.012436354333868485;0.02940740218596025;0.02940740218596025;0.0;0.0;0.16249929693765797;0.026662963471087646;0.007244019629131083;0.0;0.041974818527632816;0.0;0.0;0.0;0.02940740218596025;0.0;0.0;0.08839559627103472;0.02223437620788067;0.02940740218596025;0.0;0.06386780780906931;0.0;0.0;0.0;0.0;0.0;0.0;0.007479802648493763;0.02940740218596025;0.012436354333868485;0.02940740218596025;0.03258631007139714;0.0;0.0;0.0;0.0;0.010840808751527521;0.0;0.0;0.02940740218596025;0.02847613625901737;0.042932243159981134;0.0;0.0;0.02940740218596025;0.02940740218596025;0.02940740218596025;0.0;0.0;0.012436354333868485;0.0071107605554048174;0.0;0.0;0.0;0.012436354333868485;0.021816671961227406;0.02940740218596025;0.013029324657314607;0.0;0.016493833209265917;0.0;0.02940740218596025;0.0;0.02940740218596025;0.0;0.0;0.08839559627103472;0.02940740218596025;0.0;0.0;0.02940740218596025;0.020267713863604715;0.0;0.02940740218596025;0.1413351223364556;0.0;0.02940740218596025;0.0
GO:0000077;0.09284818953577226;0.0016146314484519917;0.005951009685001093;0.22941614611850833;0.0;0.03611212160802601;0.02849417210833194;0.0021483781229270334;0.09284818953577226;0.005873524301798058;0.039265385531956985;0.2970183442272588;0.1277073586685667;0.039265385531956985;0.09284818953577226;0.09284818953577226;0.05621798243877858;0.0651499846616809;0.09284818953577226;0.0;0.028628717323595593;0.08839559627103472;1.0;0.028386649778735284;0.02181035718438865;0.15780023968672563;0.00634111505393148;0.028622118405066073;0.03339691615813532;0.016009509932372157;0.09284818953577226;0.008984275281393256;0.00834197005097853;0.013246612071541642;0.02604745015245644;0.27909201311971094;0.09284818953577226;0.00238705476236372;0.005439344724655555;0.09284818953577226;0.27909201311971094;0.025963551591538257;0.09284818953577226;0.06849577748800104;0.039265385531956985;0.00834197005097853;0.27909201311971094;0.026662963471087646;0.007244019629131083;0.016620707704463857;0.041974818527632816;0.021366026228463862;0.13881615168234668;0.039265385531956985;0.09284818953577226;0.0;0.009448434403698913;0.11830350015703128;0.02223437620788067;0.2970183442272588;0.15780023968672563;0.06386780780906931;0.039265385531956985;0.00995265833540629;0.009272563336842747;0.15841447490700833;0.039265385531956985;0.039265385531956985;0.007479802648493763;0.050298842384312904;0.039265385531956985;0.09284818953577226;0.03258631007139714;0.0;0.039265385531956985;0.07351061504703214;0.03148471877745904;0.010840808751527521;0.039265385531956985;0.039265385531956985;0.09284818953577226;0.02847613625901737;0.042932243159981134;0.0;0.039265385531956985;0.09284818953577226;0.09284818953577226;0.09284818953577226;0.039265385531956985;0.039265385531956985;0.039265385531956985;0.0071107605554048174;0.039265385531956985;0.039265385531956985;0.039265385531956985;0.039265385531956985;0.021816671961227406;0.0424336740708042;0.013029324657314607;0.039265385531956985;0.0520760909889712;0.02166811745605119;0.09284818953577226;0.005791764842280598;0.2970183442272588;0.0;0.006370441118974277;0.27909201311971094;0.03203300198081839;0.039265385531956985;0.013295022933313314;0.034115409021406196;0.020267713863604715;0.0;0.09284818953577226;0.18392103932846757;0.021366026228463862;0.08942103247665273;0.039265385531956985
GO:0051894;0.01592132021249522;0.004836851611473929;0.017827071814060697;0.028386649778735284;0.0;0.012013762322043507;0.028386649778735284;0.006435763527272785;0.0850361318418878;0.0;0.0;0.0;0.028386649778735284;0.0;0.0850361318418878;0.028386649778735284;0.01870256991752583;0.03277330947680875;0.028386649778735284;0.0;0.009524187175815385;0.21204112851433946;0.028386649778735284;1.0;0.12007659871457663;0.0;0.0;0.01592132021249522;0.0850361318418878;0.008979310206213988;0.028386649778735284;0.016018362329557684;0.0;0.0;0.07802873613386195;0.028386649778735284;0.0850361318418878;0.0;0.016294308724158792;0.028386649778735284;0.028386649778735284;0.012004679392194803;0.0850361318418878;0.028386649778735284;0.0;0.0;0.042923397422901674;0.07987259133063723;0.021700461768104386;0.0;0.01396416136319757;0.0;0.0;0.0;0.028386649778735284;0.0;0.0;0.028386649778735284;0.06660614624737558;0.028386649778735284;0.0;0.021247509946288514;0.0;0.0;0.0;0.0;0.0;0.0;0.022406782382790764;0.028386649778735284;0.012004679392194803;0.028386649778735284;0.010840797126225047;0.0;0.0;0.0;0.0;0.03247514058380218;0.0;0.0;0.028386649778735284;0.028386649778735284;0.042923397422901674;0.0;0.0;0.028386649778735284;0.028386649778735284;0.028386649778735284;0.0;0.0;0.012004679392194803;0.012678010796385291;0.0;0.0;0.0;0.012004679392194803;0.00725795937566638;0.0850361318418878;0.004334589126298501;0.0;0.028386649778735284;0.0;0.028386649778735284;0.0;0.028386649778735284;0.0;0.0;0.028386649778735284;0.028386649778735284;0.0;0.0;0.028386649778735284;0.006742652780456316;0.0;0.0850361318418878;0.028386649778735284;0.0;0.01592132021249522;0.0
