;GO:0045926;GO:0006281;GO:0014068;GO:0008584;GO:0007131;GO:0046854;GO:1900535;GO:0032967;GO:0052695;GO:0015709;GO:0051482;GO:0018279;GO:0019367;GO:0034626;GO:0019886;GO:0034625;GO:0035435;GO:0030148;GO:2000491;GO:0035793;GO:0036120;GO:0051260;GO:0042420;GO:0042421;GO:0042542;GO:0006974;GO:0042148;GO:0006335;GO:0032956;GO:0045540;GO:0048015;GO:0035789;GO:0070317;GO:0036116;GO:0051897;GO:0043406;GO:0035025;GO:0036114;GO:0006260;GO:0002181;GO:0008284;GO:0006024;GO:0008202;GO:0038091;GO:0071280;GO:0070192;GO:0006268;GO:0048661;GO:0000165;GO:0071670;GO:0030889;GO:0070221;GO:0046641;GO:0048146;GO:0045671;GO:1990426;GO:0071276;GO:0070106;GO:2000379;GO:0050853;GO:0006270;GO:0031295;GO:0007088;GO:0000727;GO:0006670;GO:0000209;GO:0000724;GO:0000722;GO:0008612;GO:0090280;GO:0045954;GO:0008209;GO:0010923;GO:0051792;GO:0015937;GO:0071422;GO:0050868;GO:0035924;GO:0071423;GO:0072757;GO:0018108;GO:0036297;GO:0006882;GO:1902358;GO:0046777;GO:1902356;GO:0045840;GO:0032526;GO:0071294;GO:0055003;GO:0030224;GO:0010971;GO:0006094;GO:0000707;GO:0007186;GO:0043552;GO:0060437;GO:0043161;GO:0032516;GO:0032355;GO:0010863;GO:0010469;GO:0070757;GO:0018105;GO:0050921;GO:0008360;GO:1904153;GO:0060981;GO:0042759;GO:0038171;GO:0006589;GO:0006468;GO:0043687;GO:0000079;GO:0000086;GO:0045590;GO:0009968;GO:0045078;GO:0030968;GO:0000082;GO:0031497;GO:0035338;GO:0071479;GO:0010833;GO:0014911;GO:0050777;GO:0016311;GO:2000573;GO:0050776;GO:0051106;GO:0009062;GO:0010571;GO:0006351;GO:0006355;GO:0007202;GO:0007166;GO:0042761;GO:0045085;GO:0042130;GO:0043066;GO:0042098;GO:0043065;GO:0070374;GO:0006909;GO:0010569;GO:0030433
GO:0045926;1.0;0.0;0.34216988119462693;0.0;0.0;0.0;0.0;0.36179993756013934;0.0;0.0;0.40631300538537335;0.0;0.0;0.0;0.0;0.0;0.0;0.0;0.36179993756013934;0.3844611745495559;0.0;0.0;0.0;0.0;0.0;0.0;0.0;0.0;0.49451302662367164;0.38847432546093247;0.4012908395344728;0.0;0.442635492429082;0.0;0.34216988119462693;0.3987761750920119;0.30936620556596345;0.0;0.0;0.0;0.4947727090371618;0.0;0.0;0.3844611745495559;0.0;0.0;0.0;0.37862960254505623;0.4485376823664598;0.0;0.41997425543966543;0.0;0.34302553553579723;0.38847432546093247;0.4368039204245823;0.0;0.0;0.3844611745495559;0.4177068745010769;0.4012908395344728;0.0;0.3589995461795438;0.4652981213233609;0.0;0.0;0.0;0.0;0.3367338856183055;0.0;0.3758292111644607;0.3954592675299731;0.3465786085341817;0.4536929748757394;0.0;0.0;0.0;0.5328012978060743;0.0;0.0;0.0;0.0;0.0;0.2776129272784596;0.0;0.0;0.0;0.4136610781260936;0.0;0.0;0.0;0.0;0.35152933226002486;0.0;0.0;0.4967558576918058;0.3589995461795438;0.0;0.0;0.34302553553579723;0.0;0.30723387827617293;0.48655142339358604;0.3844611745495559;0.0;0.4740274414603273;0.4653673473513767;0.442635492429082;0.0;0.0;0.4181205045193897;0.3199042206333886;0.0;0.0;0.4151487133617257;0.0;0.42701858697494616;0.6431175873694344;0.34216988119462693;0.4181205045193897;0.0;0.0;0.0;0.0;0.3367338856183055;0.36884426909542006;0.6223979800228883;0.0;0.3926588761493776;0.5664192467500868;0.3589995461795438;0.0;0.38124715315064756;0.0;0.5107192972254155;0.2776129272784596;0.526059713902773;0.0;0.442635492429082;0.4562511360150906;0.5516199166038731;0.0;0.4524814156822328;0.3416846093441486;0.0;0.38124715315064756;0.0
GO:0006281;0.0;1.0;0.0;0.0;0.5803654974253339;0.38268406198401433;0.36536912514861913;0.0;0.3835397163251847;0.0;0.37663950913755423;0.5610187859790094;0.36536912514861913;0.34988038635535085;0.0;0.34988038635535085;0.0;0.482716850655401;0.0;0.37663950913755423;0.4599465060297281;0.38065266004893084;0.4338794716158174;0.3969344784149098;0.5209829377620008;0.8834816129960048;0.6945377383649471;0.37663950913755423;0.0;0.0;0.3934691741224711;0.35397827214813765;0.0;0.36746179965609854;0.0;0.0;0.0;0.36746179965609854;0.7227791263485941;0.49455578038051207;0.0;0.4898053259291891;0.5574173646637726;0.37663950913755423;0.4599465060297281;0.45056073987033446;0.42014356202326436;0.0;0.5318297336357554;0.37663950913755423;0.0;0.38709185602161095;0.0;0.0;0.0;0.6554604664089264;0.4599465060297281;0.37663950913755423;0.0;0.3934691741224711;0.7059494613636772;0.0;0.0;0.7032452556656219;0.39528286249974265;0.46636807080842185;0.7791958789903848;0.6299988380389143;0.49455578038051207;0.0;0.0;0.47565917201268215;0.0;0.38268406198401433;0.43364854891384036;0.0;0.0;0.4599465060297281;0.0;0.4795765623952405;0.4923388316614219;0.8318171671116683;0.2875332716050975;0.0;0.5009989257703725;0.0;0.0;0.42863308810696693;0.4599465060297281;0.4033138970383474;0.35397827214813765;0.0;0.34988038635535085;0.42014356202326436;0.48893419227980417;0.0;0.0;0.5876931738798026;0.0;0.42863308810696693;0.0;0.0;0.37663950913755423;0.5108436486862488;0.0;0.0;0.0;0.35397827214813765;0.43317305693876507;0.41029883910738807;0.43577507665739396;0.5750430037140555;0.556074087735235;0.0;0.37663950913755423;0.0;0.0;0.0;0.6447274034808215;0.37663950913755423;0.43697322700818125;0.35014686282070334;0.48662089393052127;0.6299988380389143;0.0;0.0;0.4661986817597228;0.0;0.0;0.0;0.48322029115134757;0.0;0.6370821205788785;0.0;0.0;0.5182380484907714;0.38268406198401433;0.0;0.0;0.0;0.3703351704105016;0.0;0.0;0.0;0.0;0.6278977384959046
GO:0014068;0.34216988119462693;0.0;1.0;0.0;0.0;0.0;0.0;0.2969882883150799;0.0;0.0;0.2351289086247536;0.0;0.0;0.0;0.0;0.0;0.0;0.0;0.33618572891034626;0.29924073570943865;0.0;0.0;0.0;0.0;0.0;0.0;0.0;0.0;0.36659867327326845;0.23395034462272646;0.2560615493486744;0.0;0.22374314557048924;0.0;0.6158495449666409;0.6474794823444922;0.5407545759830484;0.0;0.0;0.0;0.4691585003873687;0.0;0.0;0.33618572891034626;0.0;0.0;0.0;0.35301539389526315;0.3033083921806614;0.0;0.19694059100882855;0.0;0.30340005833713996;0.36286011681113944;0.22656154200654188;0.0;0.0;0.23923188436375753;0.3920926658512839;0.3674872693174387;0.0;0.30058166190108726;0.34273006812697915;0.0;0.0;0.0;0.0;0.19235234341934632;0.0;0.31333268144951854;0.40163187113775084;0.2021970663352226;0.2502893668104149;0.0;0.0;0.0;0.29989768239861736;0.0;0.0;0.0;0.0;0.0;0.14271900280576594;0.0;0.0;0.0;0.3880468694763005;0.0;0.0;0.0;0.0;0.32591512361023184;0.0;0.0;0.36884150434140267;0.31607040069435555;0.0;0.0;0.3174113268860042;0.0;0.16969110642992985;0.5300013685947074;0.23923188436375753;0.0;0.4998301014336174;0.32013805716557836;0.2997718995493371;0.0;0.0;0.27289121433359137;0.17552267843442942;0.0;0.0;0.2925806601653439;0.0;0.22361497890962173;0.5687869845007056;0.29924073570943865;0.29020615116898657;0.0;0.0;0.0;0.0;0.19235234341934632;0.32591512361023184;0.45687315015372687;0.0;0.3670446674995846;0.5145336473785316;0.31607040069435555;0.0;0.35563294450085453;0.0;0.3726625052357654;0.14271900280576594;0.3981453605523698;0.0;0.209731877021625;0.25284752794976617;0.3327275697452803;0.0;0.42686720703243974;0.5903879165966288;0.0;0.3093491641632252;0.0
GO:0008584;0.0;0.0;0.0;1.0;0.5114057690003564;0.0;0.0;0.0;0.0;0.0;0.0;0.0;0.0;0.0;0.0;0.0;0.0;0.0;0.0;0.0;0.0;0.0;0.0;0.0;0.0;0.0;0.0;0.0;0.0;0.0;0.0;0.0;0.0;0.0;0.0;0.0;0.0;0.0;0.0;0.0;0.0;0.0;0.0;0.0;0.0;0.5853269997331367;0.0;0.0;0.0;0.0;0.0;0.0;0.0;0.0;0.0;0.0;0.0;0.0;0.0;0.0;0.0;0.0;0.0;0.0;0.0;0.0;0.0;0.0;0.0;0.0;0.0;0.0;0.0;0.0;0.0;0.0;0.0;0.0;0.0;0.0;0.0;0.0;0.0;0.0;0.0;0.0;0.0;0.0;0.0;0.4730493605834032;0.44637497268261;0.0;0.0;0.5549098218860666;0.0;0.0;0.44637497268261;0.0;0.0;0.0;0.0;0.0;0.0;0.0;0.0;0.0;0.0;0.0;0.0;0.0;0.0;0.0;0.0;0.0;0.0;0.0;0.0;0.0;0.0;0.0;0.0;0.0;0.0;0.0;0.0;0.0;0.0;0.0;0.0;0.0;0.0;0.0;0.0;0.0;0.0;0.0;0.0;0.0;0.0;0.0;0.0;0.0;0.0;0.0;0.0;0.0
GO:0007131;0.0;0.5803654974253339;0.0;0.5114057690003564;1.0;0.30935442110565486;0.28972436474014246;0.0;0.3233836947099763;0.0;0.3855773354389354;0.5103503820900666;0.28972436474014246;0.27240942790474726;0.0;0.27240942790474726;0.0;0.4124183904009457;0.0;0.3855773354389354;0.28367981189368235;0.4122517233397286;0.3635810113613621;0.32128971800643313;0.0;0.41806292715795695;0.6015780411210752;0.3855773354389354;0.0;0.0;0.4024070004238523;0.3855773354389354;0.0;0.2941321587777391;0.0;0.0;0.0;0.2941321587777391;0.5547244601211297;0.47669105212023266;0.0;0.3772155723198048;0.46445766741990063;0.3855773354389354;0.2610185749042658;0.6583940661243342;0.42908138832464554;0.0;0.5407675599371365;0.3855773354389354;0.0;0.31679339576715565;0.0;0.0;0.0;0.5625007691650545;0.2610185749042658;0.3855773354389354;0.0;0.4024070004238523;0.6129897641198052;0.0;0.0;0.5428930653445767;0.319638102091266;0.3579196347712817;0.6033549498760711;0.5865252848911542;0.47669105212023266;0.0;0.0;0.40950202933047086;0.0;0.30935442110565486;0.3603189080354809;0.0;0.0;0.2610185749042658;0.0;0.28367981189368235;0.3797490780520376;0.48727763352059467;0.24138851853875337;0.0;0.38840917216098825;0.0;0.0;0.0;0.2610185749042658;0.4122517233397286;0.3855773354389354;0.0;0.28972436474014246;0.6279768882772641;0.49787201858118535;0.0;0.0;0.5370247699908597;0.0;0.0;0.0;0.0;0.3855773354389354;0.3982538950768645;0.0;0.0;0.0;0.3855773354389354;0.3598434160604056;0.41923666540876925;0.36547661640293866;0.459422069480767;0.4404531535019466;0.0;0.5383937202809524;0.0;0.0;0.0;0.41923666540876925;0.5383937202809524;0.44591105330956243;0.27450210241222667;0.28769296280505896;0.4774329106047184;0.0;0.0;0.3959002215052675;0.0;0.0;0.0;0.4129218308968923;0.0;0.6192173923185991;0.0;0.0;0.5271758747921524;0.30935442110565486;0.0;0.0;0.0;0.32980920516080564;0.0;0.0;0.0;0.0;0.49352071710514955
GO:0046854;0.0;0.38268406198401433;0.0;0.0;0.30935442110565486;1.0;0.38667625461760874;0.0;0.27656875053244856;0.0;0.2610185749042658;0.3656749880649053;0.38667625461760874;0.36936131778221354;0.0;0.36936131778221354;0.0;0.48346969383866506;0.0;0.2610185749042658;0.19457357436122563;0.26806290643954656;0.27450210241222667;0.24169842678356318;0.0;0.3316541424059722;0.3710929300510921;0.2610185749042658;0.0;0.0;0.27784823988918267;0.24138851853875337;0.0;0.3471007687961167;0.0;0.0;0.0;0.3471007687961167;0.35704302467981014;0.30935442110565486;0.0;0.2990570451143058;0.5297671732579687;0.2610185749042658;0.19457357436122563;0.334939805637046;0.3045226277899759;0.0;0.5662115987999495;0.2610185749042658;0.0;0.27450210241222667;0.0;0.0;0.0;0.33201565809507144;0.19457357436122563;0.2610185749042658;0.0;0.27784823988918267;0.3825046530498222;0.0;0.0;0.24290942056261472;0.4133506425184019;0.28833920972971283;0.2905800190813128;0.28923909288966415;0.30935442110565486;0.0;0.0;0.4253477436174618;0.0;0.40630631098312114;0.3618019942939735;0.0;0.0;0.19457357436122563;0.0;0.20858484291008988;0.5761844883766932;0.29908381580554044;0.1817822883484292;0.0;0.5848445824856439;0.0;0.0;0.0;0.19457357436122563;0.28769296280505896;0.24138851853875337;0.0;0.24290942056261472;0.3045226277899759;0.3733132580465157;0.0;0.0;0.39234937596569847;0.0;0.0;0.0;0.0;0.2610185749042658;0.5946893054015201;0.0;0.0;0.0;0.24138851853875337;0.4567953059378719;0.2946779048740996;0.27450210241222667;0.6690310990685737;0.3607302898211308;0.0;0.2610185749042658;0.0;0.0;0.0;0.2946779048740996;0.2610185749042658;0.3213522927748928;0.3471007687961167;0.22124796226201882;0.28923909288966415;0.0;0.0;0.520138265833488;0.0;0.0;0.0;0.5098737207743586;0.0;0.41664419900085886;0.0;0.0;0.40261711425748287;0.40630631098312114;0.0;0.0;0.0;0.2633642046177655;0.0;0.0;0.0;0.0;0.34884532307998833
GO:1900535;0.0;0.36536912514861913;0.0;0.0;0.28972436474014246;0.38667625461760874;1.0;0.0;0.43002281753889127;0.0;0.24138851853875337;0.3430137510754887;0.5880545674846641;0.5612520129230035;0.0;0.5612520129230035;0.0;0.5472184748853015;0.0;0.24138851853875337;0.1817822883484292;0.25074796960415136;0.25718716557683147;0.3375214653575851;0.0;0.3161654036127039;0.34843169306167554;0.24138851853875337;0.0;0.0;0.25821818352367026;0.22407358170335817;0.0;0.24169842678356318;0.0;0.0;0.0;0.24169842678356318;0.4048401252972528;0.3571515217230975;0.0;0.39219127787120894;0.5297671732579687;0.24138851853875337;0.1817822883484292;0.3153097492715336;0.2848925714244635;0.0;0.35380087255704634;0.24138851853875337;0.0;0.25718716557683147;0.0;0.0;0.0;0.30935442110565486;0.1817822883484292;0.24138851853875337;0.0;0.25821818352367026;0.3598434160604056;0.0;0.0;0.23011813454981828;0.3960357056830067;0.2765723672487247;0.27656875053244856;0.27375035409639586;0.34936294120596856;0.0;0.0;0.4253477436174618;0.0;0.6208582431133276;0.3202065285221899;0.0;0.0;0.1817822883484292;0.0;0.19457357436122563;0.2901562633946017;0.28359507701227216;0.17001544586744105;0.0;0.29881635750355234;0.0;0.0;0.0;0.1817822883484292;0.26806290643954656;0.22407358170335817;0.0;0.3618019942939735;0.2848925714244635;0.3536832016810033;0.0;0.0;0.3696881389762819;0.0;0.0;0.0;0.0;0.24138851853875337;0.3086610804194286;0.0;0.0;0.0;0.22407358170335817;0.8476134814999963;0.2750478485085872;0.3791169311293687;0.36421046700668297;0.3452415510278625;0.0;0.24138851853875337;0.0;0.0;0.0;0.2750478485085872;0.24138851853875337;0.3017222364093804;0.3375214653575851;0.20845667624922237;0.27375035409639586;0.0;0.0;0.3362939913149433;0.0;0.0;0.0;0.6147447959333994;0.0;0.4644412996183015;0.0;0.0;0.38298705789197046;0.6208582431133276;0.0;0.0;0.0;0.25057291860496905;0.0;0.0;0.0;0.0;0.32618408609057176
GO:0032967;0.36179993756013934;0.0;0.2969882883150799;0.0;0.0;0.0;0.0;1.0;0.0;0.0;0.254758964990266;0.0;0.0;0.0;0.0;0.0;0.0;0.0;0.3166183446805923;0.2969882883150799;0.0;0.0;0.0;0.0;0.0;0.0;0.0;0.0;0.3501314844247125;0.4316590836919783;0.25690929733551365;0.0;0.20727595672193327;0.0;0.2969882883150799;0.4123684610314173;0.2641846126864164;0.0;0.0;0.0;0.44959111615761477;0.0;0.0;0.3166183446805923;0.0;0.0;0.0;0.3334480096655092;0.30415614016750064;0.0;0.19326468817306902;0.0;0.29784394265625025;0.3432927325813855;0.2100943531579859;0.0;0.0;0.24007963235059676;0.48076295199155944;0.3138179532999968;0.0;0.2965030164646016;0.3262628792784232;0.0;0.0;0.0;0.0;0.20514362943214276;0.0;0.33064761828491374;0.35027767465042614;0.21498835234801905;0.3203138025349965;0.0;0.0;0.0;0.29744176209892564;0.0;0.0;0.0;0.0;0.0;0.15286144144501296;0.0;0.0;0.0;0.36847948524654656;0.0;0.0;0.0;0.0;0.3063477393804779;0.0;0.0;0.3523743154928467;0.4148831254738781;0.0;0.0;0.3894214971038661;0.0;0.18058550093835818;0.34216988119462693;0.24007963235059676;0.0;0.4288458485807803;0.3209858051524176;0.2669650267334101;0.0;0.0;0.2737389623204306;0.18831396444722587;0.0;0.0;0.33580254132826476;0.0;0.20714779006106576;0.38095549710062515;0.4626992356773722;0.2737389623204306;0.0;0.0;0.0;0.0;0.20514362943214276;0.3236626762158731;0.36023588975407894;0.0;0.5459919062607864;0.4148652063549795;0.4148831254738781;0.0;0.4749739530717323;0.0;0.5271015008948007;0.15286144144501296;0.38167817170381385;0.0;0.35552090424010796;0.24917162511400665;0.3162603808967243;0.0;0.4072998228026858;0.35527689528355394;0.0;0.33884597431809427;0.0
GO:0052695;0.0;0.3835397163251847;0.0;0.0;0.3233836947099763;0.27656875053244856;0.43002281753889127;0.0;1.0;0.0;0.2750478485085872;0.37667308104532254;0.43002281753889127;0.41270788070349607;0.0;0.41270788070349607;0.0;0.383232140730125;0.0;0.2750478485085872;0.22823290433105947;0.3017222364093804;0.275357756753397;0.275357756753397;0.0;0.3358134650336735;0.3820910230315094;0.2750478485085872;0.0;0.0;0.29187751349350416;0.2750478485085872;0.0;0.275357756753397;0.0;0.0;0.0;0.275357756753397;0.35789867902098044;0.3430137510754887;0.0;0.33271637508413965;0.4318162752618598;0.2750478485085872;0.2036747758372749;0.3489690792413674;0.3185519013942973;0.0;0.38746020252688024;0.2750478485085872;0.0;0.2908464955466653;0.0;0.0;0.0;0.3430137510754887;0.2036747758372749;0.2750478485085872;0.0;0.29187751349350416;0.39350274603023944;0.0;0.0;0.252010622038664;0.3611647004803809;0.31023169721855853;0.29743679448948596;0.2933984155173655;0.3430137510754887;0.0;0.0;0.3327431457753743;0.0;0.44965287390440367;0.3049903052374552;0.0;0.0;0.2036747758372749;0.0;0.21544161831826303;0.32381559336443555;0.30324313843324174;0.19278038132884656;0.0;0.33247568747338613;0.0;0.0;0.0;0.2036747758372749;0.3017222364093804;0.2750478485085872;0.0;0.5049314459637531;0.3185519013942973;0.38734253165083715;0.0;0.0;0.40334746894611573;0.0;0.0;0.0;0.0;0.2750478485085872;0.3423204103892624;0.0;0.0;0.0;0.2750478485085872;0.5001418688591543;0.30870717847842105;0.3518052494149829;0.39786979697651675;0.3789008809976964;0.0;0.2750478485085872;0.0;0.0;0.0;0.30870717847842105;0.2750478485085872;0.33538156637921424;0.275357756753397;0.2421160062190562;0.2933984155173655;0.0;0.0;0.35446458249150886;0.0;0.0;0.0;0.553220283695641;0.0;0.45030352897069265;0.0;0.0;0.41664638786180436;0.44965287390440367;0.0;0.0;0.0;0.28423224857480284;0.0;0.0;0.0;0.0;0.35984341606040565
GO:0015709;0.0;0.0;0.0;0.0;0.0;0.0;0.0;0.0;0.0;1.0;0.0;0.0;0.0;0.0;0.0;0.0;0.6425477300563023;0.0;0.0;0.0;0.0;0.0;0.0;0.0;0.0;0.0;0.0;0.0;0.0;0.0;0.0;0.0;0.0;0.0;0.0;0.0;0.0;0.0;0.0;0.0;0.0;0.0;0.0;0.0;0.0;0.0;0.0;0.0;0.0;0.0;0.0;0.0;0.0;0.0;0.0;0.0;0.0;0.0;0.0;0.0;0.0;0.0;0.0;0.0;0.0;0.0;0.0;0.0;0.0;0.0;0.0;0.0;0.0;0.0;0.0;0.4634630264666371;0.0;0.0;0.4634630264666371;0.0;0.0;0.0;0.0;0.6425477300563023;0.0;0.4634630264666371;0.0;0.0;0.0;0.0;0.0;0.0;0.0;0.0;0.0;0.0;0.0;0.0;0.0;0.0;0.0;0.0;0.0;0.0;0.0;0.0;0.0;0.0;0.0;0.0;0.0;0.0;0.0;0.0;0.0;0.0;0.0;0.0;0.0;0.0;0.0;0.0;0.0;0.0;0.0;0.0;0.0;0.0;0.0;0.0;0.0;0.0;0.0;0.0;0.0;0.0;0.0;0.0;0.0;0.0;0.0;0.0;0.0;0.39562071887533384;0.0;0.0
GO:0051482;0.40631300538537335;0.37663950913755423;0.2351289086247536;0.0;0.3855773354389354;0.2610185749042658;0.24138851853875337;0.254758964990266;0.2750478485085872;0.0;1.0;0.41923666540876925;0.24138851853875337;0.22407358170335817;0.0;0.22407358170335817;0.0;0.36084319474922627;0.254758964990266;0.3855773354389354;0.28367981189368235;0.4122517233397286;0.28367981189368235;0.24138851853875337;0.0;0.41806292715795695;0.4246546073949561;0.3855773354389354;0.3874720540537983;0.2814333528910592;0.4024070004238523;0.3855773354389354;0.2351289086247536;0.2610185749042658;0.2351289086247536;0.29173520252213864;0.20232523299609012;0.2610185749042658;0.35099847183335003;0.3855773354389354;0.3877317364672885;0.0;0.0;0.3855773354389354;0.2610185749042658;0.45949856617171564;0.42908138832464554;0.2715886299751829;0.4496538432558393;0.3855773354389354;0.2178139717893584;0.28367981189368235;0.23598456296592396;0.2814333528910592;0.2346436367742753;0.3855773354389354;0.2610185749042658;0.3855773354389354;0.31066590193120364;0.4024070004238523;0.43606633039368614;0.32105242152626007;0.35825714875348763;0.22407358170335817;0.26806290643954656;0.26680591808998444;0.2750478485085872;0.45543689153061423;0.3855773354389354;0.26878823859458745;0.28841829496009985;0.42846838749131055;0.3081077407918524;0.2610185749042658;0.2610185749042658;0.0;0.325294714001746;0.2610185749042658;0.0;0.28367981189368235;0.28863536137074036;0.28769296280505896;0.5476113513912217;0.0;0.297295455479691;0.0;0.30662010555622027;0.0;0.2610185749042658;0.4122517233397286;0.3855773354389354;0.2444883596901516;0.0;0.42908138832464554;0.49787201858118535;0.2519585736096705;0.0;0.44591105330956243;0.23598456296592396;0.0;0.2346436367742753;0.43911668101403684;0.3855773354389354;0.30714017839556723;0.366986468890454;0.5155038480210017;0.2351289086247536;0.3855773354389354;0.3115075698590165;0.41923666540876925;0.3749914450288568;0.3683083527994698;0.34933943682064933;0.3081077407918524;0.3855773354389354;0.2289996208968833;0.418296066729711;0.2351289086247536;0.41923666540876925;0.3855773354389354;0.44591105330956243;0.24138851853875337;0.28769296280505896;0.45543689153061423;0.2618032965255468;0.39757645938316477;0.3627866376317942;0.28561790357950434;0.4593782741802135;0.2519585736096705;0.3645859846955032;0.2742061805807743;0.4928671133341394;0.40367832465554215;0.20232523299609012;0.5271758747921524;0.2610185749042658;0.2351289086247536;0.27372090873029603;0.34411333279954465;0.32980920516080564;0.3454404431123595;0.2346436367742753;0.0;0.2742061805807743;0.4024070004238523
GO:0018279;0.0;0.5610187859790094;0.0;0.0;0.5103503820900666;0.3656749880649053;0.3430137510754887;0.0;0.37667308104532254;0.0;0.41923666540876925;1.0;0.3430137510754887;0.3233836947099763;0.0;0.3233836947099763;0.0;0.5213108756164118;0.0;0.41923666540876925;0.3173391418635162;0.44591105330956243;0.4113438171322044;0.4113438171322044;0.0;0.4517222571277908;0.5494276540460872;0.41923666540876925;0.0;0.0;0.4360663303936862;0.41923666540876925;0.0;0.3504527257369895;0.0;0.0;0.0;0.3504527257369895;0.5353777486748051;0.5400816046762893;0.0;0.4799687502062282;0.5337137988071128;0.41923666540876925;0.2946779048740996;0.4931578961415494;0.4627407182944793;0.0;0.6056377527028846;0.41923666540876925;0.0;0.3772552802986501;0.0;0.0;0.0;0.5103503820900666;0.2946779048740996;0.41923666540876925;0.0;0.4360663303936862;0.5608393770448172;0.0;0.0;0.38579162155539687;0.4380182050329976;0.45559350316569314;0.4421121885146473;0.452085078091391;0.5659219122777537;0.0;0.0;0.45195560615602254;0.0;0.3656749880649053;0.38454126257054383;0.0;0.0;0.2946779048740996;0.0;0.3173391418635162;0.5380737861261482;0.4619298010072672;0.2750478485085872;0.0;0.49557065828166513;0.0;0.0;0.0;0.2946779048740996;0.44591105330956243;0.41923666540876925;0.0;0.3430137510754887;0.4627407182944793;0.5315313485510191;0.0;0.0;0.5896732142363093;0.0;0.0;0.0;0.0;0.41923666540876925;0.5565786031509751;0.0;0.0;0.0;0.41923666540876925;0.416163983019656;0.4528959953786031;0.4113438171322044;0.5737560537975921;0.5547871378187718;0.0;0.41923666540876925;0.0;0.0;0.0;0.4528959953786031;0.41923666540876925;0.4795703832793963;0.3504527257369895;0.3213522927748928;0.452085078091391;0.0;0.0;0.4563621060367619;0.0;0.0;0.0;0.4733837154283867;0.0;0.6176401599852704;0.0;0.0;0.5608352047619864;0.3656749880649053;0.0;0.0;0.0;0.3634685351306394;0.0;0.0;0.0;0.0;0.5461691613505992
GO:0019367;0.0;0.36536912514861913;0.0;0.0;0.28972436474014246;0.38667625461760874;0.5880545674846641;0.0;0.43002281753889127;0.0;0.24138851853875337;0.3430137510754887;1.0;0.7180504089974524;0.0;0.7180504089974524;0.0;0.5472184748853015;0.0;0.24138851853875337;0.1817822883484292;0.25074796960415136;0.25718716557683147;0.3375214653575851;0.0;0.3161654036127039;0.34843169306167554;0.24138851853875337;0.0;0.0;0.25821818352367026;0.22407358170335817;0.0;0.24169842678356318;0.0;0.0;0.0;0.24169842678356318;0.4048401252972528;0.3571515217230975;0.0;0.39219127787120894;0.5297671732579687;0.24138851853875337;0.1817822883484292;0.3153097492715336;0.2848925714244635;0.0;0.35380087255704634;0.24138851853875337;0.0;0.25718716557683147;0.0;0.0;0.0;0.30935442110565486;0.1817822883484292;0.24138851853875337;0.0;0.25821818352367026;0.3598434160604056;0.0;0.0;0.23011813454981828;0.3960357056830067;0.2765723672487247;0.27656875053244856;0.27375035409639586;0.34936294120596856;0.0;0.0;0.4253477436174618;0.0;0.6208582431133276;0.3202065285221899;0.0;0.0;0.1817822883484292;0.0;0.19457357436122563;0.2901562633946017;0.28359507701227216;0.17001544586744105;0.0;0.29881635750355234;0.0;0.0;0.0;0.1817822883484292;0.26806290643954656;0.22407358170335817;0.0;0.3618019942939735;0.2848925714244635;0.3536832016810033;0.0;0.0;0.3696881389762819;0.0;0.0;0.0;0.0;0.24138851853875337;0.3086610804194286;0.0;0.0;0.0;0.22407358170335817;0.6713472380680783;0.2750478485085872;0.3791169311293687;0.36421046700668297;0.3452415510278625;0.0;0.24138851853875337;0.0;0.0;0.0;0.2750478485085872;0.24138851853875337;0.3017222364093804;0.3375214653575851;0.20845667624922237;0.27375035409639586;0.0;0.0;0.3362939913149433;0.0;0.0;0.0;0.6147447959333994;0.0;0.4644412996183015;0.0;0.0;0.38298705789197046;0.6208582431133276;0.0;0.0;0.0;0.25057291860496905;0.0;0.0;0.0;0.0;0.32618408609057176
GO:0034626;0.0;0.34988038635535085;0.0;0.0;0.27240942790474726;0.36936131778221354;0.5612520129230035;0.0;0.41270788070349607;0.0;0.22407358170335817;0.3233836947099763;0.7180504089974524;1.0;0.0;0.7851474704628364;0.0;0.5245572378958849;0.0;0.22407358170335817;0.17001544586744105;0.23525923081088307;0.24169842678356318;0.3202065285221899;0.0;0.30215413506383965;0.32880163669616314;0.22407358170335817;0.0;0.0;0.24090324668827506;0.20858484291008988;0.0;0.22768715823469893;0.0;0.0;0.0;0.22768715823469893;0.3875251884618576;0.3375214653575851;0.0;0.37487634103581374;0.5071059362685522;0.22407358170335817;0.17001544586744105;0.2979948124361384;0.2675776345890683;0.0;0.33648593572165114;0.22407358170335817;0.0;0.24169842678356318;0.0;0.0;0.0;0.28972436474014246;0.17001544586744105;0.22407358170335817;0.0;0.24090324668827506;0.3402133596948932;0.0;0.0;0.21835129206883014;0.38054696688973844;0.26567797274029636;0.2637774645196521;0.2597390855475316;0.32973288484045615;0.0;0.0;0.4057176872519494;0.0;0.5880545674846641;0.3047177897289216;0.0;0.0;0.17001544586744105;0.0;0.1817822883484292;0.27736497738180527;0.2695838084634079;0.15912105135901272;0.0;0.2860250714907559;0.0;0.0;0.0;0.17001544586744105;0.25074796960415136;0.20858484291008988;0.0;0.3463132555007052;0.2675776345890683;0.3363682648456081;0.0;0.0;0.3500580826107695;0.0;0.0;0.0;0.0;0.22407358170335817;0.29586979440663214;0.0;0.0;0.0;0.20858484291008988;0.6385435624394149;0.257732911673192;0.3618019942939735;0.3501991984578187;0.3312302824789983;0.0;0.22407358170335817;0.0;0.0;0.0;0.257732911673192;0.22407358170335817;0.2844072995739852;0.3202065285221899;0.19668983376823423;0.2597390855475316;0.0;0.0;0.320805252521675;0.0;0.0;0.0;0.5879422413717388;0.0;0.4448112432527891;0.0;0.0;0.36567212105657526;0.5880545674846641;0.0;0.0;0.0;0.23880607612398091;0.0;0.0;0.0;0.0;0.30655402972505935
GO:0019886;0.0;0.0;0.0;0.0;0.0;0.0;0.0;0.0;0.0;0.0;0.0;0.0;0.0;0.0;1.0;0.0;0.0;0.0;0.0;0.0;0.0;0.0;0.0;0.0;0.0;0.0;0.0;0.0;0.0;0.0;0.0;0.0;0.0;0.0;0.0;0.0;0.0;0.0;0.0;0.0;0.0;0.0;0.0;0.0;0.0;0.0;0.0;0.0;0.0;0.0;0.0;0.0;0.0;0.0;0.0;0.0;0.0;0.0;0.0;0.42236719766729713;0.0;0.42236719766729713;0.0;0.0;0.0;0.0;0.0;0.0;0.0;0.0;0.0;0.0;0.0;0.0;0.0;0.0;0.0;0.0;0.0;0.0;0.0;0.0;0.0;0.0;0.0;0.0;0.0;0.0;0.0;0.0;0.0;0.0;0.0;0.0;0.0;0.0;0.0;0.0;0.0;0.0;0.0;0.0;0.0;0.0;0.0;0.0;0.0;0.0;0.0;0.0;0.0;0.0;0.0;0.0;0.0;0.0;0.0;0.0;0.0;0.0;0.0;0.0;0.0;0.0;0.0;0.0;0.0;0.0;0.0;0.0;0.0;0.0;0.0;0.0;0.0;0.0;0.0;0.0;0.0;0.0;0.4373831697380125;0.0;0.0;0.0;0.0;0.0
GO:0034625;0.0;0.34988038635535085;0.0;0.0;0.27240942790474726;0.36936131778221354;0.5612520129230035;0.0;0.41270788070349607;0.0;0.22407358170335817;0.3233836947099763;0.7180504089974524;0.7851474704628364;0.0;1.0;0.0;0.5245572378958849;0.0;0.22407358170335817;0.17001544586744105;0.23525923081088307;0.24169842678356318;0.3202065285221899;0.0;0.30215413506383965;0.32880163669616314;0.22407358170335817;0.0;0.0;0.24090324668827506;0.20858484291008988;0.0;0.22768715823469893;0.0;0.0;0.0;0.22768715823469893;0.3875251884618576;0.3375214653575851;0.0;0.37487634103581374;0.5071059362685522;0.22407358170335817;0.17001544586744105;0.2979948124361384;0.2675776345890683;0.0;0.33648593572165114;0.22407358170335817;0.0;0.24169842678356318;0.0;0.0;0.0;0.28972436474014246;0.17001544586744105;0.22407358170335817;0.0;0.24090324668827506;0.3402133596948932;0.0;0.0;0.21835129206883014;0.38054696688973844;0.26567797274029636;0.2637774645196521;0.2597390855475316;0.32973288484045615;0.0;0.0;0.4057176872519494;0.0;0.5880545674846641;0.3047177897289216;0.0;0.0;0.17001544586744105;0.0;0.1817822883484292;0.27736497738180527;0.2695838084634079;0.15912105135901272;0.0;0.2860250714907559;0.0;0.0;0.0;0.17001544586744105;0.25074796960415136;0.20858484291008988;0.0;0.3463132555007052;0.2675776345890683;0.3363682648456081;0.0;0.0;0.3500580826107695;0.0;0.0;0.0;0.0;0.22407358170335817;0.29586979440663214;0.0;0.0;0.0;0.20858484291008988;0.6385435624394149;0.257732911673192;0.3618019942939735;0.3501991984578187;0.3312302824789983;0.0;0.22407358170335817;0.0;0.0;0.0;0.257732911673192;0.22407358170335817;0.2844072995739852;0.3202065285221899;0.19668983376823423;0.2597390855475316;0.0;0.0;0.320805252521675;0.0;0.0;0.0;0.5879422413717388;0.0;0.4448112432527891;0.0;0.0;0.36567212105657526;0.5880545674846641;0.0;0.0;0.0;0.23880607612398091;0.0;0.0;0.0;0.0;0.30655402972505935
GO:0035435;0.0;0.0;0.0;0.0;0.0;0.0;0.0;0.0;0.0;0.6425477300563023;0.0;0.0;0.0;0.0;0.0;0.0;1.0;0.0;0.0;0.0;0.0;0.0;0.0;0.0;0.0;0.0;0.0;0.0;0.0;0.0;0.0;0.0;0.0;0.0;0.0;0.0;0.0;0.0;0.0;0.0;0.0;0.0;0.0;0.0;0.0;0.0;0.0;0.0;0.0;0.0;0.0;0.0;0.0;0.0;0.0;0.0;0.0;0.0;0.0;0.0;0.0;0.0;0.0;0.0;0.0;0.0;0.0;0.0;0.0;0.0;0.0;0.0;0.0;0.0;0.0;0.5528819192936716;0.0;0.0;0.5528819192936716;0.0;0.0;0.0;0.0;0.7572077021866739;0.0;0.5528819192936716;0.0;0.0;0.0;0.0;0.0;0.0;0.0;0.0;0.0;0.0;0.0;0.0;0.0;0.0;0.0;0.0;0.0;0.0;0.0;0.0;0.0;0.0;0.0;0.0;0.0;0.0;0.0;0.0;0.0;0.0;0.0;0.0;0.0;0.0;0.0;0.0;0.0;0.0;0.0;0.0;0.0;0.0;0.0;0.0;0.0;0.0;0.0;0.0;0.0;0.0;0.0;0.0;0.0;0.0;0.0;0.0;0.0;0.3626888765858029;0.0;0.0
GO:0030148;0.0;0.482716850655401;0.0;0.0;0.4124183904009457;0.48346969383866506;0.5472184748853015;0.0;0.383232140730125;0.0;0.36084319474922627;0.5213108756164118;0.5472184748853015;0.5245572378958849;0.0;0.5245572378958849;0.0;1.0;0.0;0.36084319474922627;0.2857482257656338;0.3648563456606029;0.4280453154562539;0.5577377123260889;0.0;0.4261324620969113;0.47829821691862695;0.36084319474922627;0.0;0.0;0.37767285973414316;0.3381819577598097;0.0;0.3516654852677706;0.0;0.0;0.0;0.3516654852677706;0.5510973560693863;0.5249340366974256;0.0;0.6180714301967161;0.6337331106751732;0.36084319474922627;0.2857482257656338;0.4347644254820065;0.4043472476349364;0.0;0.4921218232731578;0.36084319474922627;0.0;0.371295541633283;0.0;0.0;0.0;0.4392209449626063;0.2857482257656338;0.36084319474922627;0.0;0.37767285973414316;0.489709939917357;0.0;0.0;0.3373234214173532;0.7037115540013111;0.411171421652556;0.38647149018045535;0.3869567620309336;0.47599011561258964;0.0;0.0;0.5251723634624224;0.0;0.5740210294469621;0.5249340366974256;0.0;0.0;0.2857482257656338;0.0;0.3012369645589021;0.4330008649333119;0.3968014849468099;0.27173695721676955;0.0;0.44166095904226255;0.0;0.0;0.0;0.2857482257656338;0.38751758265001945;0.3381819577598097;0.0;0.42865099922163824;0.4043472476349364;0.4731378778914762;0.0;0.0;0.547985263517205;0.0;0.0;0.0;0.0;0.36084319474922627;0.4515056819581388;0.0;0.0;0.0;0.3381819577598097;0.6245100244017129;0.3945025247190601;0.5249340366974256;0.5126738563620413;0.4937049403832209;0.0;0.36084319474922627;0.0;0.0;0.0;0.3945025247190601;0.36084319474922627;0.4211769126198533;0.456976141568058;0.312422613666427;0.3869567620309336;0.0;0.0;0.45040236737139483;0.0;0.0;0.0;0.5870371036299025;0.0;0.5910684740249226;0.0;0.0;0.5024417341024434;0.5740210294469621;0.0;0.0;0.0;0.35453885602217367;0.0;0.0;0.0;0.0;0.5044812106314949
GO:2000491;0.36179993756013934;0.0;0.33618572891034626;0.0;0.0;0.0;0.0;0.3166183446805923;0.0;0.0;0.254758964990266;0.0;0.0;0.0;0.0;0.0;0.0;0.0;1.0;0.31655567254483385;0.0;0.0;0.0;0.0;0.0;0.0;0.0;0.0;0.40888996662819743;0.24943908341599474;0.2733764861840696;0.0;0.25654682119915273;0.0;0.33618572891034626;0.3904769032776141;0.29924073570943865;0.0;0.0;0.0;0.5287647305776928;0.0;0.0;0.3856495204614234;0.0;0.0;0.0;0.4024791854463403;0.340253385381569;0.0;0.42173309537757164;0.0;0.5254481715722666;0.4123239083622166;0.2560615493486744;0.0;0.0;0.25654682119915273;0.44155645740236105;0.3138179532999968;0.0;0.5312797435767662;0.37967506132788675;0.0;0.0;0.0;0.0;0.20514362943214276;0.0;0.33064761828491374;0.35027767465042614;0.21498835234801905;0.2770919213720756;0.0;0.0;0.0;0.5315289571200764;0.0;0.0;0.0;0.0;0.0;0.15286144144501296;0.0;0.0;0.0;0.4303381628312295;0.0;0.0;0.0;0.0;0.36286011681113944;0.0;0.0;0.41113279769633165;0.33338533752975075;0.0;0.0;0.3502150025146677;0.0;0.18058550093835818;0.3782671264086953;0.25654682119915273;0.0;0.4288458485807803;0.35708305036648597;0.25654682119915273;0.0;0.0;0.309836207534499;0.18831396444722587;0.0;0.0;0.3295256533662515;0.0;0.4310925464429696;0.4170527423146935;0.33618572891034626;0.33249744452391555;0.0;0.0;0.0;0.0;0.20514362943214276;0.36286011681113944;0.36023588975407894;0.0;0.40933596085451357;0.4148652063549795;0.35301539389526315;0.0;0.3979242378557835;0.0;0.40546618086442887;0.15286144144501296;0.4404366539072988;0.0;0.23923188436375753;0.47764003231850927;0.36553124537394377;0.0;0.4691585003873687;0.33338533752975075;0.0;0.2783091563197782;0.0
GO:0035793;0.3844611745495559;0.37663950913755423;0.29924073570943865;0.0;0.3855773354389354;0.2610185749042658;0.24138851853875337;0.2969882883150799;0.2750478485085872;0.0;0.3855773354389354;0.41923666540876925;0.24138851853875337;0.22407358170335817;0.0;0.22407358170335817;0.0;0.36084319474922627;0.31655567254483385;1.0;0.28367981189368235;0.4122517233397286;0.28367981189368235;0.24138851853875337;0.0;0.41806292715795695;0.4246546073949561;0.3855773354389354;0.38622872963878085;0.26675402025138994;0.5353666635249013;0.3855773354389354;0.23923188436375753;0.2610185749042658;0.29924073570943865;0.3576732276489506;0.2697407283673061;0.2610185749042658;0.35099847183335003;0.3855773354389354;0.44649726339795215;0.0;0.0;0.7266823723825475;0.2610185749042658;0.45949856617171564;0.42908138832464554;0.33338533752975075;0.5826135063568882;0.3855773354389354;0.22374314557048924;0.28367981189368235;0.30340005833713996;0.34323006044562704;0.3225272241045416;0.3855773354389354;0.2610185749042658;0.5552991675579886;0.3724626094857715;0.5721288325429055;0.43606633039368614;0.4024791854463403;0.36004500496237435;0.22407358170335817;0.26806290643954656;0.26680591808998444;0.2750478485085872;0.25821818352367026;0.3855773354389354;0.34704635966053426;0.33064761828491374;0.3371567543561361;0.3098955970007391;0.2610185749042658;0.2610185749042658;0.0;0.3293976897407499;0.2610185749042658;0.0;0.28367981189368235;0.28863536137074036;0.28769296280505896;0.24138851853875337;0.0;0.297295455479691;0.0;0.3707319326409053;0.0;0.2610185749042658;0.4122517233397286;0.3855773354389354;0.31042638481696355;0.0;0.42908138832464554;0.6308316816822342;0.31607040069435555;0.0;0.44591105330956243;0.30340005833713996;0.0;0.219154897981007;0.42773091795977247;0.5552991675579886;0.30714017839556723;0.5988000022855143;0.4745074323838746;0.3133870296907004;0.3855773354389354;0.3115075698590165;0.5521963285098181;0.28367981189368235;0.3683083527994698;0.34933943682064933;0.3098955970007391;0.3855773354389354;0.31836067847155364;0.4170527423146935;0.3683843195759853;0.5521963285098181;0.3855773354389354;0.44591105330956243;0.24138851853875337;0.28769296280505896;0.25821818352367026;0.6152037992976127;0.37986594611959135;0.3627866376317942;0.3497297306641894;0.43752644334439605;0.31607040069435555;0.3645859846955032;0.33831800766545933;0.4928671133341394;0.40546618086442887;0.18831396444722587;0.6968977069112057;0.2610185749042658;0.29409800714185624;0.27965008251142687;0.34821630853854857;0.32980920516080564;0.40955227019704454;0.30058166190108726;0.0;0.2783091563197782;0.4024070004238523
GO:0036120;0.0;0.4599465060297281;0.0;0.0;0.28367981189368235;0.19457357436122563;0.1817822883484292;0.0;0.22823290433105947;0.0;0.28367981189368235;0.3173391418635162;0.1817822883484292;0.17001544586744105;0.0;0.17001544586744105;0.0;0.2857482257656338;0.0;0.28367981189368235;1.0;0.31035419979447554;0.20858484291008988;0.19457357436122563;0.392541815325418;0.49419742585398263;0.32275708384970303;0.28367981189368235;0.0;0.0;0.30050947687859925;0.28367981189368235;0.0;0.19457357436122563;0.0;0.0;0.0;0.19457357436122563;0.27590350284975756;0.28367981189368235;0.0;0.0;0.0;0.28367981189368235;0.4147483436979539;0.3576010426264626;0.3271838647793925;0.0;0.34775631971058624;0.28367981189368235;0.0;0.22407358170335817;0.0;0.0;0.0;0.28367981189368235;0.4147483436979539;0.28367981189368235;0.0;0.30050947687859925;0.3341688068484331;0.0;0.0;0.32017186460832847;0.22124796226201882;0.21734212653890728;0.36784246312702656;0.21140323934614252;0.28367981189368235;0.0;0.0;0.25074796960415136;0.0;0.19457357436122563;0.19457357436122563;0.0;0.0;0.7220540959046337;0.0;0.5061141995472461;0.22902913118041618;0.3763462598512542;0.1817822883484292;0.0;0.2376892252893668;0.0;0.0;0.428883388185629;0.4147483436979539;0.31035419979447554;0.28367981189368235;0.0;0.0;0.3271838647793925;0.3959744950359323;0.0;0.0;0.3440135297643094;0.0;0.5011944624407009;0.0;0.0;0.28367981189368235;0.24753394820524305;0.0;0.0;0.0;0.28367981189368235;0.24506256931597636;0.3173391418635162;0.20858484291008988;0.30186335225642963;0.2828944362776092;0.0;0.28367981189368235;0.0;0.0;0.0;0.4697399866722796;0.28367981189368235;0.3440135297643094;0.19457357436122563;0.3936611966866494;0.21140323934614252;0.0;0.0;0.2876916686482017;0.0;0.0;0.0;0.2894910157119107;0.0;0.39096958978888635;0.0;0.0;0.42527835124689944;0.19457357436122563;0.0;0.0;0.0;0.27737547316662975;0.0;0.0;0.0;0.0;0.428883388185629
GO:0051260;0.0;0.38065266004893084;0.0;0.0;0.4122517233397286;0.26806290643954656;0.25074796960415136;0.0;0.3017222364093804;0.0;0.4122517233397286;0.44591105330956243;0.25074796960415136;0.23525923081088307;0.0;0.23525923081088307;0.0;0.3648563456606029;0.0;0.4122517233397286;0.31035419979447554;1.0;0.28769296280505896;0.26806290643954656;0.0;0.41793476049708955;0.45132899529574927;0.5925963001785468;0.0;0.0;0.42908138832464554;0.4122517233397286;0.0;0.26806290643954656;0.0;0.0;0.0;0.26806290643954656;0.3550116227447266;0.4122517233397286;0.0;0.0;0.0;0.4122517233397286;0.26806290643954656;0.5777972377654381;0.547380059918368;0.0;0.47632823115663253;0.4122517233397286;0.0;0.31035419979447554;0.0;0.0;0.0;0.4122517233397286;0.26806290643954656;0.4122517233397286;0.0;0.42908138832464554;0.4627407182944793;0.0;0.0;0.23525923081088307;0.29473729434033974;0.27946903744191337;0.2844072995739852;0.3765168551173929;0.4122517233397286;0.0;0.0;0.31436735070585214;0.0;0.26806290643954656;0.26806290643954656;0.0;0.0;0.26806290643954656;0.0;0.28769296280505896;0.29799481243613835;0.29473729434033974;0.25074796960415136;0.0;0.3066549065450889;0.0;0.0;0.0;0.26806290643954656;0.58862735056604;0.4122517233397286;0.0;0.0;0.6361003530642569;0.5245464064819785;0.0;0.0;0.4725854412103556;0.0;0.0;0.0;0.0;0.4122517233397286;0.3164996294609652;0.0;0.0;0.0;0.4122517233397286;0.3185519013942973;0.44591105330956243;0.28769296280505896;0.3753526843347505;0.35638376835593016;0.0;0.4122517233397286;0.0;0.0;0.0;0.44591105330956243;0.4122517233397286;0.6222866805358738;0.26806290643954656;0.31436735070585214;0.3765168551173929;0.0;0.0;0.3667997885431708;0.0;0.0;0.0;0.3685991356068798;0.0;0.5195415012349325;0.0;0.0;0.5538502626929458;0.26806290643954656;0.0;0.0;0.0;0.35648359306159877;0.0;0.0;0.0;0.0;0.42908138832464554
