;GO:0036499;GO:1901224;GO:0007254;GO:0051092;GO:0051090;GO:0007259;GO:0050796;GO:0000187;GO:0000185;GO:0048247;GO:0048246;GO:0048245;GO:0000060;GO:0010536;GO:2000353;GO:2000110;GO:0097527;GO:2000352;GO:0050679;GO:0070723;GO:0030260;GO:2000010;GO:2000251;GO:0007264;GO:1900027;GO:0045416;GO:0051770;GO:0045662;GO:0043242;GO:0002925;GO:0031584;GO:0071803;GO:0051897;GO:0071801;GO:0090557;GO:0043922;GO:0045429;GO:0046633;GO:0043123;GO:1904999;GO:0043243;GO:0038096;GO:1904996;GO:0045668;GO:0000165;GO:0007229;GO:0043491;GO:0045672;GO:0006816;GO:0010759;GO:2000134;GO:0033634;GO:2001240;GO:0044344;GO:0038083;GO:0007249;GO:0044351;GO:0030593;GO:0001937;GO:0010888;GO:0051798;GO:0061098;GO:0006887;GO:0043547;GO:0060326;GO:0030866;GO:0050870;GO:0048566;GO:0051044;GO:0071333;GO:0071456;GO:0019722;GO:0032800;GO:0050995;GO:0007186;GO:1901671;GO:0007187;GO:0002291;GO:0060559;GO:0043312;GO:0042102;GO:0033209;GO:0070233;GO:0035509;GO:0070234;GO:0010469;GO:0050766;GO:0050764;GO:0072659;GO:0008360;GO:0046718;GO:0042119;GO:0043200;GO:0045744;GO:0071230;GO:1904707;GO:0071354;GO:0072683;GO:0071356;GO:0014911;GO:0045070;GO:0045071;GO:0050776;GO:0060693;GO:0010693;GO:0060333;GO:0007169;GO:0045994;GO:0002277;GO:0006874;GO:0045089;GO:2000503;GO:0071222;GO:0014808;GO:0001975;GO:0045087;GO:0030838;GO:0070374;GO:0071347;GO:0071345;GO:0071346;GO:2000502;GO:0030036;GO:0045080;GO:0014068;GO:0035684;GO:0043507;GO:0034112;GO:0051928;GO:0034351;GO:0022008;GO:0042531;GO:0008625;GO:0001666;GO:0002876;GO:0097368;GO:0002758;GO:0032729;GO:0050715;GO:0051926;GO:0050830;GO:0033138;GO:1902042;GO:0061048;GO:0050729;GO:0045930;GO:0008630;GO:0032715;GO:0002522;GO:0002407;GO:0010820;GO:0050727;GO:0034698;GO:0031622;GO:0071407;GO:0045948;GO:1905563;GO:1903140;GO:0008284;GO:0045944;GO:0043524;GO:0002740;GO:0048661;GO:0050850;GO:0070100;GO:0001766;GO:0019064;GO:0051023;GO:0051262;GO:0071550;GO:0051384;GO:0071677;GO:0071312;GO:0071316;GO:0010477;GO:0050731;GO:0090280;GO:0001541;GO:2000427;GO:1990830;GO:0010803;GO:2000304;GO:0071549;GO:0006006;GO:0048714;GO:0002676;GO:0002438;GO:0002439;GO:0070886;GO:0006919;GO:0090026;GO:0002693;GO:0031669;GO:0044130;GO:0031663;GO:0050920;GO:0032755;GO:0045907;GO:1903347;GO:0009615;GO:0000122;GO:0045471;GO:0032868;GO:2000334;GO:0043615;GO:0043299;GO:0045599;GO:0046325;GO:0007569;GO:0007204;GO:0030316;GO:0009617;GO:0002548;GO:0043066;GO:0070098;GO:0034116;GO:2000343
GO:0036499;1.0;0.29975645901819176;0.4592204835418914;0.24879543612140848;0.27545304897259115;0.5680336004089582;0.27452160826673194;0.14143160234878754;0.14143160234878754;0.19901068715827824;0.19281723089406083;0.1815852694971233;0.0;0.1413881667189733;0.3183534928365488;0.30023736246059946;0.6155708612082182;0.31835502240388563;0.3893990119835807;0.23074552936840642;0.0;0.30024119833057217;0.31830972456575773;0.5908476081970744;0.37532089726061324;0.20944379752961323;0.27124778519071874;0.3623346561290896;0.38941427089712305;0.18679963832057936;0.20680703813159093;0.300078024597006;0.29975642895946786;0.38937821227138236;0.2304270767101005;0.20798426328015193;0.2492481927825714;0.19909354726557105;0.2997564802833759;0.2710107659664964;0.38941263690579964;0.3415415084815135;0.2897875404180855;0.3176637384491488;0.3406199939910885;0.5908488398501466;0.5908476081970744;0.24992350416202674;0.0;0.2097034486829067;0.284041977255051;0.28978295323830855;0.23840037292089644;0.33804705782506217;0.15115516801302026;0.5908476081970744;0.0;0.1815852694971233;0.3624400272447561;0.3104815612517139;0.262330824226286;0.17448589007546772;0.23832460039087947;0.22984488659520824;0.2381327506000602;0.23014911589730533;0.2684874346184693;0.0;0.22817792383271496;0.28815971680007385;0.4559093648891421;0.5680538917363422;0.21376370442696346;0.2800128320882998;0.6155708612082182;0.2088047897600681;0.5908565650317248;0.2069357379614107;0.1630181004063791;0.15392548751284185;0.2137674219825319;0.5680854863158478;0.3001692229988038;0.18041354542683086;0.3001678445149741;0.3876205339762771;0.31799284841410513;0.38916659548680954;0.0;0.38781813878627175;0.0;0.2487673676761613;0.23928475614640046;0.31777680820666854;0.28281622732497114;0.3623974402935892;0.3625238695627996;0.2134927896687233;0.3625238695627996;0.3087684284734643;0.2801744700451502;0.2801754086366478;0.36650166054369876;0.3004194736134741;0.2430233089025737;0.5680854863158478;0.5680591208057075;0.19441519188092696;0.214013031214274;0.23495231849258816;0.2624292277420646;0.20975006909726873;0.2829130567146324;0.18590849416225982;0.2140180237395429;0.3477278658537137;0.2530030491436537;0.17482473899610743;0.3625238695627996;0.38948313959791425;0.3625238695627996;0.20975189277069128;0.2486323220704056;0.2094446210579341;0.29975642895946786;0.2064362082744376;0.12772482535647775;0.31140743770183205;0.28975748724426126;0.33890198832636764;0.27110828850183616;0.16397773718396058;0.5472323439765677;0.34842463349744873;0.21004917613066523;0.22105706517068943;0.358056978959466;0.3116317278157633;0.22753630154125656;0.2897584271267553;0.2771005757801719;0.2188895795601541;0.24388034146686402;0.25447399132563747;0.2801546076584388;0.3893480195985313;0.7207002569702594;0.31163249530200826;0.22875084533850185;0.1990102945909377;0.20176024065657538;0.33676780993967625;0.2596795683933248;0.21476020584253655;0.3894857684262914;0.2017971661069966;0.3390037283650647;0.35043050931766373;0.42080523941773396;0.1981971881019252;0.31831356960728585;0.17421965967693648;0.3893962355927902;0.299756539952098;0.28340604368559363;0.21255812165912932;0.21368209895029255;0.2902967701140542;0.23955134844879764;0.24914545196815693;0.22227208643186655;0.27599693090831356;0.3175333548727554;0.3624288738796569;0.27145261327111625;0.2188895821310356;0.2710411785254701;0.0;0.2999577864161783;0.3625238695627996;0.37480567318816266;0.21824980963334734;0.20955841477774342;0.0;0.25018709846813014;0.32377873971892335;0.3085314476182386;0.3085293691045322;0.26924190652181373;0.17714818917304453;0.2183749356946983;0.275996944701727;0.374127384792021;0.28000012058701895;0.5908488398501466;0.35079482063362355;0.3116313407821849;0.21872719702064009;0.3500856141892079;0.2482159113190068;0.19457128562791773;0.23009348871279198;0.21430300163764585;0.349625813526906;0.24874019548035795;0.2052937308876882;0.3623346561290896;0.2801488777893471;0.27059814717718134;0.22274572366549558;0.23967232986984918;0.2482159113190068;0.19281813706553877;0.3623304766688338;0.5680854863158478;0.3114060027365845;0.2900632289986574
GO:1901224;0.29975645901819176;1.0;0.19301500056979554;0.27390655839404093;0.2505657672641452;0.3521195534189171;0.3485660968914992;0.4465428635515921;0.4465428635515921;0.0;0.0;0.0;0.0;0.44641237652768684;0.3973869872256834;0.270908482197809;0.37757551473128;0.28557291535492557;0.4751510761850349;0.0;0.0;0.3304564554851905;0.39733797831112105;0.36440350889621165;0.3305815629564739;0.2709858110215841;0.30202050806002834;0.32046506579219425;0.3414665302151306;0.2996025105638129;0.18365133087383104;0.37680189022573835;0.8976623028373726;0.3414388042495762;0.0;0.19347443705921574;0.3182392350678853;0.0;0.8976624415417034;0.3017853176882639;0.4751656545026029;0.35487689899400887;0.32027954615630055;0.28501654470171695;0.22245560522251417;0.364404168701627;0.36440350889621165;0.3190301903945541;0.0;0.34764773695006546;0.2576528172762758;0.3202750618040845;0.39197310557840803;0.0;0.0;0.36440350889621165;0.0;0.0;0.32054748883089296;0.2723782889702574;0.2931414047437827;0.22843330944860796;0.0;0.20159519684115343;0.0;0.0;0.34063558305477937;0.0;0.293381983850207;0.12897370593478008;0.0;0.3521305347297428;0.0;0.24864325974089757;0.37757551473128;0.3462622503609939;0.36440830712875544;0.0;0.2142534374812277;0.0;0.2761795304068187;0.3521476329642545;0.2708530037807439;0.1693937229696185;0.37690366009689924;0.6072312068585096;0.39698311923732515;0.3412760764951868;0.0;0.340238636927483;0.0;0.0;0.0;0.5090651724642956;0.0;0.4460111774015364;0.0;0.0;0.0;0.38662101808735094;0.3108458411980296;0.24877144177665358;0.39304912491450916;0.2646034362932802;0.22344286371934252;0.3521476329642545;0.3521333645943142;0.25281509500043736;0.0;0.1558245299212356;0.40807658453586215;0.347719590118036;0.0;0.14494113451539073;0.0;0.0;0.2694023066959511;0.5457229782663301;0.0;0.0;0.0;0.2339447679202178;0.0;0.2709868017121255;0.8976623028373726;0.0;0.4051717486560425;0.3412342190940983;0.320250166365021;0.30199701389416334;0.0;0.5137538625217112;0.3408096405116682;0.0;0.33366782544523516;0.0;0.37059616149365093;0.3414497318620121;0.2926195653452226;0.2562977420260485;0.0;0.28231305741771306;0.4002548644889623;0.22829819771030543;0.432550257298631;0.3414155882082962;0.2913707757649468;0.2732636619409295;0.0;0.0;0.3353724820441866;0.3653625241447106;0.0;0.3404911579759651;0.0;0.26176339809353294;0.3020777996448574;0.3111176443277038;0.5084246627308052;0.25740512039412555;0.28553955963816124;0.1966567072394936;0.4751481055026424;0.8976626027981273;0.45910969748379404;0.0;0.0;0.26278887712097504;0.0;0.0;0.0;0.34930068222416333;0.0;0.0;0.0;0.28231306049094484;0.3018154980858773;0.0;0.3766656458287947;0.0;0.5895460809988576;0.28154811287792336;0.0;0.0;0.31933882813087355;0.35306460826231223;0.0;0.0;0.8143688434942173;0.2317094650656465;0.36097403419349733;0.34930069810098674;0.0;0.24863323676773205;0.364404168701627;0.37850355749996195;0.3414493600074632;0.24878762672844787;0.3108457623137865;0.0;0.18181520950018804;0.0;0.0;0.4320525901849155;0.0;0.0;0.32046506579219425;0.24875052490421443;0.0;0.14846166361745985;0.0;0.0;0.0;0.32046179643466965;0.3521476329642545;0.34123284016165684;0.3205490247210552
GO:0007254;0.4592204835418914;0.19301500056979554;1.0;0.17052422992591695;0.18263887166484735;0.37008087862351235;0.18222891156356155;0.11216473086549023;0.11216473086549023;0.12278668947884833;0.12040057818100279;0.11592315730993095;0.0;0.11213741006385626;0.20055894734760216;0.1932142765138802;0.3407765238362812;0.2005595544090783;0.2266051249096957;0.13417185540409737;0.0;0.17743355641190833;0.20054157548735743;0.3784595075392548;0.2217644211272791;0.15106987342103567;0.16689132880149873;0.2171655250542223;0.2266102922404665;0.13057239865378578;0.12571066051502347;0.19314827557559403;0.19301498810699683;0.2265980809511922;0.1340641215825939;0.15030905796104627;0.17073680075060543;0.12281822688862051;0.19301500938665994;0.16680157254289923;0.22660973890813954;0.23596771346356665;0.1737299173074985;0.2002849744387664;0.8853324766661705;0.3330617367087632;0.3784595075392548;0.17105341016510298;0.0;0.1512049129602503;0.1863755965765963;0.17372826862008472;0.16557587380816383;0.20835218385638288;0.6788049158098681;0.3784595075392548;0.0;0.11592315730993095;0.21720337218797742;0.18096075081785992;0.1634724810010842;0.13199533415846584;0.13669965506980514;0.13386684203836346;0.1366365146416914;0.1339699844803073;0.17955023326640385;0.0;0.16057942596364777;0.20057772300732168;0.2845490677346013;0.3700884583562449;0.3452972249943638;0.17016868407299932;0.3407765238362812;0.15073714008463476;0.3330641914342349;0.12575820340641028;0.125325987485307;0.10399335145984036;0.15330641582498072;0.3257048324062654;0.19318605483874038;0.13535968600546702;0.19318548385779943;0.22600169296344608;0.2004157529113303;0.22652639765693236;0.0;0.22606885363699572;0.0;0.14007231888277036;0.1370150054324116;0.2003299162735096;0.1859682253411364;0.21718807689439812;0.21739901988211902;0.12815011554416939;0.21739901988211902;0.1967119202414458;0.17022836676883807;0.17022871325252442;0.19865875139882425;0.1774958031524081;0.16779270772474492;0.3257048324062654;0.3256961654661607;0.1430915290745703;0.12833737931728148;0.15285461902167474;0.16351068773274288;0.15122914945760582;0.18601008783754386;0.14499763790645925;0.12833917463828848;0.19239820457509874;0.182808831646559;0.1321891535859791;0.21739901988211902;0.2268137939988853;0.21739901988211902;0.15123009746736793;0.14002949349571103;0.15107030186969317;0.19301498810699683;0.1255735427389438;0.1033673523433302;0.18127488143129436;0.17371911545630947;0.20852410928508183;0.14688790514692443;0.12589239210582354;0.318741001918572;0.19261132371693981;0.1415218453966446;0.13083750735737762;0.24373493478896915;0.18135086098432168;0.16026139168212508;0.17371945328682942;0.16861872067904785;0.1559231356112278;0.16820081447351332;0.160386681204732;0.17022103429939459;0.2265878554453547;0.48929895065139695;0.1813511208961606;0.13349498661472672;0.12278654003973712;0.14703112894979714;0.18958560943416247;0.14346689196195386;0.14364486814293084;0.22681468550148112;0.14705073777842423;0.2085626221707358;0.21283226416479645;0.2368938930476894;0.14512980959313032;0.2005431016756762;0.1318429234183201;0.22660418468499913;0.193015034126205;0.1861015910962292;0.12781275858512864;0.1282183006584898;0.18904829534134654;0.13710237235836617;0.14019210821532196;0.13126219191086438;0.18287782167505365;0.20037377148129773;0.21736485409902312;0.1469889239202467;0.15592313691575463;0.16681309278002673;0.0;0.19309845397263156;0.21739901988211902;0.22158444355773557;0.1555982278637411;0.15120959763141872;0.23094659454143202;0.17117684586090043;0.18539853359212324;0.17976227975763534;0.1797615741677046;0.17988733657428024;0.13351323256574768;0.15566181625686626;0.18287782773104602;0.22151906684561093;0.17016398937141067;0.3330617367087632;0.19395157249513534;0.18135072991387508;0.14540881495445612;0.21270499416675281;0.1398973141416721;0.14317606881644337;0.13395113378644893;0.12844159764397944;0.21253516967222738;0.1400637037241471;0.12514988547680794;0.2171655250542223;0.17021891896468183;0.14673802241839295;0.14759264497276725;0.137141992642793;0.1398973141416721;0.12040093150658543;0.21716402369636345;0.3257048324062654;0.1812743951814035;0.1738289647230342
GO:0051092;0.24879543612140848;0.27390655839404093;0.17052422992591695;1.0;0.9167823714886922;0.2838272946332408;0.21337381420654078;0.31943485782846814;0.31943485782846814;0.0;0.0;0.0;0.0;0.3193493722737852;0.28666110291877817;0.22859189718447423;0.30013791802303214;0.2389453467311709;0.3321449138353089;0.0;0.0;0.2695823179953043;0.2866315213758153;0.29175482183892565;0.26966557241251254;0.47429461414377916;0.446722555010702;0.2628957099486096;0.27686493109195254;0.18768088633801874;0.25669358234030115;0.27413030401029037;0.27390653747380606;0.2768467033460012;0.0;0.5344198811196669;0.43018251122305146;0.0;0.27390657319415784;0.25019148321780066;0.3321531765623496;0.2321644121537376;0.2627708449657177;0.23855570495651704;0.19310224328916833;0.2917552447866604;0.29175482183892565;0.23779296780261056;0.0;0.20639783154229313;0.21908125021016084;0.26276782642697505;0.19089308255913992;0.0;0.0;0.29175482183892565;0.0;0.0;0.2629511768834757;0.22098481962996067;0.24422125284733348;0.3825875607233124;0.0;0.2770360546457338;0.0;0.0;0.2515891198769389;0.0;0.40199536940155833;0.11224756346845349;0.0;0.2838344293968432;0.0;0.30667818574341155;0.30013791802303214;0.3432266961509794;0.29175789758965925;0.0;0.3602053681460284;0.0;0.20966799353485394;0.2838455382686787;0.22855239560952556;0.33257413569745214;0.2741927803535256;0.3335945288511224;0.2864172946124982;0.2767397107442874;0.0;0.2760571460677434;0.0;0.0;0.0;0.23861946554183622;0.0;0.31543497818080185;0.0;0.0;0.0;0.28013407490131315;0.25638701619959675;0.20518767176913533;0.2479608241939861;0.21583943970960567;0.310269335952939;0.2838455382686787;0.28383626799894396;0.5080509299075869;0.0;0.13205092862298165;0.24428950109680855;0.20643547470875429;0.0;0.1318795383579815;0.0;0.0;0.20512403400432944;0.3225065332218749;0.0;0.0;0.0;0.1720741653898043;0.0;0.4742961444674968;0.27390653747380606;0.0;0.2921190806207919;0.27671218661384395;0.2627510683576934;0.2503369654057966;0.0;0.3054212405179253;0.2764329247125279;0.0;0.20601641107114999;0.0;0.2410362804798852;0.2768538874996712;0.22058074776053604;0.21028083016803575;0.0;0.388675186337647;0.19439059920716334;0.19105593756757683;0.2563737046448823;0.27683144010671745;0.24299104600497962;0.2215672444657109;0.0;0.0;0.199939983774723;0.2339838370555619;0.0;0.20962586839432687;0.0;0.5239850489690384;0.25039247391473257;0.25657189616954734;0.3507573136507094;0.6713088640357069;0.2389219937846661;0.1474102117839993;0.33214323009442953;0.2739066147223196;0.21870273830150053;0.0;0.0;0.2227835929021711;0.0;0.0;0.0;0.25705202577425096;0.0;0.0;0.0;0.38867519005358325;0.25021222596916837;0.0;0.27404665556710733;0.0;0.2693994940711429;0.490535906894033;0.0;0.0;0.237991830494208;0.22763884054957692;0.0;0.0;0.25214099397225853;0.3875140308624861;0.21334819576327588;0.25705203574742846;0.0;0.20509364153093287;0.2917552447866604;0.2406701938784895;0.27685364303230797;0.21263849685011701;0.25638696253446314;0.0;0.6288053555339438;0.0;0.0;0.30729083668004925;0.0;0.0;0.2628957099486096;0.20517344177810623;0.0;0.12672493898979553;0.0;0.0;0.0;0.262893509714855;0.2838455382686787;0.27671127984885835;0.26295221041865724
GO:0051090;0.27545304897259115;0.2505657672641452;0.18263887166484735;0.9167823714886922;1.0;0.31905195649936857;0.23268654344894463;0.28355206955940176;0.28355206955940176;0.0;0.0;0.0;0.0;0.2834723670979145;0.26342902193140194;0.25090169815150803;0.33981034038839547;0.2634300692437921;0.31027122944705027;0.0;0.0;0.24102168034524338;0.2633990525560772;0.3291041373948968;0.30126713236336905;0.47149421705767536;0.4395305783926896;0.29284239170542586;0.31028091698633775;0.16203048128987485;0.2276961535957728;0.25079041367326865;0.2505657462613586;0.31025802393145824;0.0;0.5724724555847852;0.42324794249003916;0.0;0.25056578212266395;0.22181609385546538;0.310279879609558;0.20927225352801046;0.23423851040033608;0.2629565621523447;0.20878482316368308;0.32910467556229306;0.3291041373948968;0.2147696703381193;0.0;0.18438055487354496;0.23949038304178338;0.23423551327947656;0.20620465979120883;0.0;0.0;0.3291041373948968;0.0;0.0;0.2929112165908284;0.24757671754434468;0.21596735664332162;0.3430253095934543;0.0;0.2479149594060823;0.0;0.0;0.22833679174350682;0.0;0.3933942467121302;0.12119466133205496;0.0;0.3190609721163321;0.0;0.3406355263620371;0.33981034038839547;0.29400685114792163;0.3291080510479433;0.0;0.32171007949744657;0.0;0.18751495753202038;0.3190750096006686;0.25085411068058056;0.3534471822786896;0.25085314793368746;0.3737095355073511;0.2631820360604244;0.31012365439335915;0.0;0.3092667321203813;0.0;0.0;0.0;0.2630340355461091;0.0;0.2928834011443307;0.0;0.0;0.0;0.2568317430119451;0.22791745299831787;0.22791807411671378;0.28194035755575936;0.24113655174808554;0.3355724370505281;0.3190750096006686;0.31906329541647943;0.5076932479041585;0.0;0.14461012771135326;0.21603404644133892;0.18441659477211936;0.0;0.13901064168695676;0.0;0.0;0.18316156542459805;0.3108597173899998;0.0;0.0;0.0;0.18441800452303347;0.0;0.4714958473357363;0.2505657462613586;0.0;0.2581930466718935;0.2481650715297522;0.23421887425876858;0.2773438705193261;0.0;0.29344287800065144;0.30973843838397386;0.0;0.17923913396021213;0.0;0.217947302335988;0.24830749119501355;0.19802647865564335;0.23421948837098322;0.0;0.37938834816204486;0.21029175794462118;0.21061395235930352;0.22790430876609202;0.310238854415157;0.26835592030691874;0.24830797846166822;0.0;0.0;0.1782116786661753;0.26400871221691125;0.0;0.18265824469059927;0.0;0.5247201253743969;0.2774120034590803;0.2850172610607886;0.3298889749211178;0.6820853956781013;0.2634016854219371;0.15637688606255867;0.31026946676270695;0.2505658238146982;0.2390381363598294;0.0;0.0;0.2439216366341784;0.0;0.0;0.0;0.23374560436536973;0.0;0.0;0.0;0.3793883520593038;0.22183646695638334;0.0;0.25070642427704787;0.0;0.30093507599906427;0.48883887025548756;0.0;0.0;0.21496429743253193;0.2559588657103824;0.0;0.0;0.22888225369836054;0.34771507461397294;0.19105091775350164;0.23374561425887402;0.0;0.2278020627628089;0.32910467556229306;0.2725524869838753;0.24830724547243513;0.1855200144150082;0.28478906646261753;0.0;0.6710174294100828;0.0;0.0;0.28448471591449476;0.0;0.0;0.29284239170542586;0.2279005168747032;0.0;0.138247272402986;0.0;0.0;0.0;0.29283966166359787;0.3190750096006686;0.24816416022184362;0.23441860337147374
GO:0007259;0.5680336004089582;0.3521195534189171;0.37008087862351235;0.2838272946332408;0.31905195649936857;1.0;0.31780299086913233;0.15210378089460663;0.15210378089460663;0.23888821735147028;0.23001931506914053;0.2142127071319707;0.0;0.15205354395733356;0.3780624970939206;0.3527833313347136;0.7860049597902689;0.3780646542270611;0.48263411980851295;0.0;0.0;0.3688990602127961;0.3780007727973824;0.8478425109230958;0.4611929918259561;0.2337293112093997;0.3260749939599701;0.4417385470991293;0.48265756069537347;0.21126273106559737;0.2502109351543727;0.3525633604025;0.35211951194130775;0.48260216780294973;0.28563510165480815;0.23191314805287608;0.28441668039750945;0.23900762121698702;0.3521195827624457;0.32573253426854815;0.4826550505214661;0.38825149924101526;0.35324241589073563;0.3770901395573426;0.43981977244528586;0.7461414102593594;0.8478425109230958;0.2852963431776012;0.0;0.2340527142066533;0.33063213735354435;0.35323559987584263;0.2703778880335379;0.23967169887126916;0.1731026001815195;0.8478425109230958;0.0;0.2142127071319707;0.4418951717456732;0.3844798842033029;0.31327401428594226;0.19102103968496914;0.2978707794387212;0.2847410591974115;0.29757114478072416;0.28520811509305244;0.3097440447990018;0.0;0.25730436240945204;0.21642285464301642;0.23036279941135354;0.8069524224381796;0.260466511425499;0.3388247761092473;0.7860049597902689;0.23293380444398934;0.7461537299471432;0.2503993506608759;0.17736184836143662;0.17674550898906988;0.239126655345101;0.7102037131012942;0.35268925766393805;0.19814834127082293;0.3526873545996092;0.47990501516804274;0.37755399246160176;0.4822771337607879;0.0;0.4802079486323439;0.0;0.3143643429653882;0.0;0.37724948162470456;0.19413707415299916;0.4418318676852964;0.2608221027483228;0.26006439827013805;0.2608221027483228;0.3646206966980973;0.33906147186029256;0.3390628464613991;0.47424522995667556;0.36916822896151835;0.27633968874718084;0.7102037131012942;0.7101625062314667;0.21516787423033587;0.26083677882622747;0.27461368649161727;0.31341435780084437;0.23411079112424432;0.19421436999951322;0.20117139034764106;0.0;0.0;0.2821338519367078;0.19142722836940973;0.2608221027483228;0.28485266770657885;0.2608221027483228;0.23411306300821547;0.3141487185013535;0.23373033679068686;0.35211951194130775;0.2496683183645368;0.13636547419773418;0.38590069886784734;0.35319776123391267;0.4073969261502504;0.3509060657732006;0.17849837768628934;0.6779083638013845;0.0;0.2414932176933043;0.27137621635737413;0.40973533766573267;0.3862451900676291;0.25648877476580473;0.3531991577322394;0.0;0.24555445201167475;0.2774483477979458;0.30213417277184396;0.3390323831323579;0.4825557880167878;0.6213966228547798;0.38624636906731646;0.2830639136679556;0.2388876516977408;0.22420112605194903;0.4256191995131649;0.0;0.24774126543014863;0.2848550497113713;0.22424672334351337;0.4075439559994249;0.4241717133405837;0.5318302378282899;0.2198100150293876;0.3780061951478008;0.1907020059312188;0.48262985473810016;0.3521196650984804;0.3297707918951975;0.25867879723549736;0.2603453626754739;0.3391378263200342;0.29978959104752706;0.3149683506389715;0.0;0.31978186435917755;0.22241436960528482;0.26073880927318005;0.0;0.24555445524707126;0.3257764694064546;0.0;0.3523973948596577;0.2608221027483228;0.46041527826788103;0.24474960252999287;0.13802767586050357;0.0;0.28563988456632455;0.4050810054292352;0.0;0.0;0.3107486343179156;0.1942164529755521;0.24490696974195195;0.3197818828761896;0.27106855308632716;0.33880616436155164;0.7461414102593594;0.4482732254564758;0.3862445955135687;0.2530352667134503;0.4236664977880032;0.0;0.21535908713110266;0.0;0.0;0.4229932895248725;0.31432095273405125;0.24799915177442305;0.4417385470991293;0.3390239918244217;0.35005189207091625;0.25808313927998;0.2999790912588981;0.0;0.23002060464742408;0.4417323351205568;0.7102037131012942;0.3858984952612063;0.35365214378592
GO:0050796;0.27452160826673194;0.3485660968914992;0.18222891156356155;0.21337381420654078;0.23268654344894463;0.31780299086913233;1.0;0.18033675717907266;0.18033675717907266;0.0;0.0;0.0;0.0;0.1802861477471881;0.2625769987820521;0.2501286649254691;0.338393926277162;0.26257803933062335;0.3090899368900755;0.0;0.0;0.35912986456446616;0.26254722294549737;0.32777539501562436;0.30015328431415567;0.18376289715823127;0.2212190553117819;0.29178985988171174;0.30909955080210205;0.16162740370858694;0.16768401513779238;0.25001806497917445;0.3485660677640815;0.3090768317353954;0.0;0.18263837974302224;0.25834241565791044;0.0;0.3485661174978257;0.22106137907858817;0.3090985213097052;0.20873418656191464;0.23339705597975635;0.2621075875435243;0.2082492565686408;0.3277759288461389;0.32777539501562436;0.21420300115273874;0.0;0.2206996494676575;0.23878596904314922;0.23339408035318315;0.28701099031139665;0.0;0.0;0.32777539501562436;0.0;0.0;0.29185819085876374;0.3725472582276116;0.215251852856974;0.1562898831755989;0.0;0.18251730442854192;0.0;0.0;0.22769637436991172;0.0;0.19802806511200455;0.16358118657361095;0.0;0.3178119360379216;0.0;0.22701449281033592;0.338393926277162;0.1832708017786705;0.32777927712990307;0.0;0.2069591270318827;0.0;0.1870828409151938;0.3178258638291929;0.25008137021109955;0.16102889924236977;0.25008041338642334;0.42974201842319015;0.36637153472018236;0.43146954057755504;0.0;0.3724426525017073;0.0;0.0;0.0;0.3658548913885303;0.0;0.291830575038286;0.0;0.0;0.0;0.3071487099922362;0.2271207228159552;0.22712133959945272;0.28072217914676434;0.2402449022846775;0.209114200635653;0.3178258638291929;0.317814241183444;0.1720911127083125;0.0;0.1950910595260832;0.21531810143017807;0.22074269069659752;0.0;0.1954703543781501;0.0;0.0;0.22091902389529083;0.21846770661386855;0.0;0.0;0.0;0.220744374313542;0.0;0.18376353111403299;0.3485660677640815;0.0;0.16423201103337184;0.2472207876694915;0.34902987999482377;0.2763996202675178;0.0;0.20624968928269402;0.30856119162732;0.0;0.1787460213081326;0.0;0.2173637635358589;0.24736212525639426;0.5808626724081185;0.3490307918495575;0.0;0.19099431746125586;0.2926850201141543;0.20993342489910638;0.22710767031696308;0.3090578078983994;0.2674717819196937;0.2473626088198272;0.0;0.0;0.21333180791610823;0.26294026694065303;0.0;0.22968294410875692;0.0;0.1778500136552259;0.2764672900070098;0.2840201319801796;0.32855390035100795;0.17504782152644155;0.2625498388094911;0.4589285593511581;0.30908818760224444;0.3485661753178338;0.332576901591295;0.0;0.0;0.7150817234019873;0.0;0.0;0.0;0.27961893484730244;0.0;0.0;0.0;0.19099431941862519;0.3306405676151896;0.0;0.3490579004654196;0.0;0.41837688058713957;0.19050703998589955;0.0;0.0;0.21439660209306452;0.25495445875026884;0.0;0.0;0.3184866134572316;0.1584224736808436;0.22866518823001145;0.2796189466484609;0.0;0.22700613770602046;0.3277759288461389;0.2714139184181943;0.24736188140130233;0.23327122003878423;0.28379353062583623;0.0;0.17221340580927127;0.0;0.0;0.2834913030631582;0.0;0.0;0.29178985988171174;0.3396472584871554;0.0;0.18653168434867323;0.0;0.0;0.0;0.2917871494291155;0.3178258638291929;0.24721988328354486;0.23357585688602062
GO:0000187;0.14143160234878754;0.4465428635515921;0.11216473086549023;0.31943485782846814;0.28355206955940176;0.15210378089460663;0.18033675717907266;1.0;0.9831681755474534;0.0;0.0;0.0;0.0;0.8650354480027309;0.19230219048537053;0.13466567127078397;0.15666636965427785;0.13819318896672853;0.20884221924261928;0.0;0.0;0.14791518041998683;0.1922907130751106;0.15435136538352034;0.14794024090352165;0.39616884390538654;0.2524656502265719;0.14587936880732924;0.15008122301456323;0.16607598897023387;0.20084673373147133;0.18734925795587543;0.44654284344950657;0.15007586673937742;0.0;0.22258538846811965;0.31470895822139255;0.0;0.44654287777290486;0.14188164930470776;0.20884503550492886;0.1936223347113955;0.14584091376997596;0.13806277012164192;0.12150973975984192;0.15435148376159527;0.15435136538352034;0.1718741779965043;0.0;0.20117507358207432;0.13130759341609644;0.14583998394036446;0.2153895304370231;0.0;0.0;0.15435136538352034;0.0;0.0;0.14589644590794007;0.11993653962739588;0.13994162022889645;0.7870565564729888;0.0;0.20948050426538112;0.0;0.0;0.17795498413818947;0.0;0.45901411963327976;0.07108427195044492;0.0;0.1521058299147385;0.0;0.17210212006888975;0.15666636965427785;0.3783665251656161;0.15435222624613232;0.0;0.30955440720151745;0.0;0.15861577382846745;0.15210902015681269;0.13465196127297221;0.34691742546651994;0.18737441375171554;0.2987866870799673;0.1922075649264691;0.1500444201449881;0.0;0.1498435426820604;0.0;0.0;0.0;0.24655192347930455;0.0;0.20301244756752437;0.0;0.0;0.0;0.18974531649728177;0.1438529603503259;0.11512604134003109;0.1592679982440491;0.11840459080540423;0.2661342979253835;0.15210902015681269;0.15210635793187444;0.42120056445646437;0.0;0.07854369923301364;0.19477592666561927;0.20119913258516545;0.0;0.09403917062223219;0.0;0.0;0.1563567437347549;0.8240430016032697;0.0;0.0;0.0;0.13536575273887452;0.0;0.3961696824314779;0.44654284344950657;0.0;0.9048413318599292;0.15003632862490296;0.14583482161771397;0.14192842367252703;0.0;0.7565181721481955;0.14995418976534766;0.0;0.1760384591457176;0.0;0.198209381597719;0.15007797786200452;0.16390442523327658;0.11671212386515017;0.0;0.6677104770771896;0.21786663887035482;0.11053859325508444;0.20018199064714243;0.15007138134447942;0.13953682057382066;0.12010789390653107;0.0;0.0;0.1970024474070262;0.1545231653342145;0.0;0.1779195404808601;0.0;0.42995726015000274;0.14194626415738887;0.14391114360053497;0.2150274146124496;0.34298024001682303;0.1381853774439279;0.12198271244560553;0.2088416453496443;0.44654291767697635;0.2342093461409268;0.0;0.0;0.13262863147817144;0.0;0.0;0.0;0.18029150417184522;0.0;0.0;0.0;0.667710481212623;0.14188831980162286;0.0;0.187315569940875;0.0;0.26400716387938916;0.33937002445933023;0.0;0.0;0.1719637171476913;0.15227985486124004;0.0;0.0;0.42492311417096934;0.4822131823728773;0.20556665526219922;0.1802915084016007;0.0;0.11509643399150288;0.15435148376159527;0.15682591635063398;0.1500779060240843;0.12896558698752802;0.14385294345611913;0.0;0.21459635288521542;0.0;0.0;0.20007030034902393;0.0;0.0;0.14587936880732924;0.1151215615004552;0.0;0.07662813648752444;0.0;0.0;0.0;0.14587869133557382;0.15210902015681269;0.15003606204237768;0.14589676408121038
GO:0000185;0.14143160234878754;0.4465428635515921;0.11216473086549023;0.31943485782846814;0.28355206955940176;0.15210378089460663;0.18033675717907266;0.9831681755474534;1.0;0.0;0.0;0.0;0.0;0.8650354480027309;0.19230219048537053;0.13466567127078397;0.15666636965427785;0.13819318896672853;0.20884221924261928;0.0;0.0;0.14791518041998683;0.1922907130751106;0.15435136538352034;0.14794024090352165;0.39616884390538654;0.2524656502265719;0.14587936880732924;0.15008122301456323;0.16607598897023387;0.20084673373147133;0.18734925795587543;0.44654284344950657;0.15007586673937742;0.0;0.22258538846811965;0.31470895822139255;0.0;0.44654287777290486;0.14188164930470776;0.20884503550492886;0.1936223347113955;0.14584091376997596;0.13806277012164192;0.12150973975984192;0.15435148376159527;0.15435136538352034;0.1718741779965043;0.0;0.20117507358207432;0.13130759341609644;0.14583998394036446;0.2153895304370231;0.0;0.0;0.15435136538352034;0.0;0.0;0.14589644590794007;0.11993653962739588;0.13994162022889645;0.7870565564729888;0.0;0.20948050426538112;0.0;0.0;0.17795498413818947;0.0;0.45901411963327976;0.07108427195044492;0.0;0.1521058299147385;0.0;0.17210212006888975;0.15666636965427785;0.3783665251656161;0.15435222624613232;0.0;0.30955440720151745;0.0;0.15861577382846745;0.15210902015681269;0.13465196127297221;0.34691742546651994;0.18737441375171554;0.2987866870799673;0.1922075649264691;0.1500444201449881;0.0;0.1498435426820604;0.0;0.0;0.0;0.24655192347930455;0.0;0.20301244756752437;0.0;0.0;0.0;0.18974531649728177;0.1438529603503259;0.11512604134003109;0.1592679982440491;0.11840459080540423;0.2661342979253835;0.15210902015681269;0.15210635793187444;0.42120056445646437;0.0;0.07854369923301364;0.19477592666561927;0.20119913258516545;0.0;0.09403917062223219;0.0;0.0;0.1563567437347549;0.8240430016032697;0.0;0.0;0.0;0.13536575273887452;0.0;0.3961696824314779;0.44654284344950657;0.0;0.9048413318599292;0.15003632862490296;0.14583482161771397;0.14192842367252703;0.0;0.7565181721481955;0.14995418976534766;0.0;0.1760384591457176;0.0;0.198209381597719;0.15007797786200452;0.16390442523327658;0.11671212386515017;0.0;0.6677104770771896;0.21786663887035482;0.11053859325508444;0.20018199064714243;0.15007138134447942;0.13953682057382066;0.12010789390653107;0.0;0.0;0.1970024474070262;0.1545231653342145;0.0;0.1779195404808601;0.0;0.42995726015000274;0.14194626415738887;0.14391114360053497;0.2150274146124496;0.34298024001682303;0.1381853774439279;0.12198271244560553;0.2088416453496443;0.44654291767697635;0.2342093461409268;0.0;0.0;0.13262863147817144;0.0;0.0;0.0;0.18029150417184522;0.0;0.0;0.0;0.667710481212623;0.14188831980162286;0.0;0.187315569940875;0.0;0.26400716387938916;0.33937002445933023;0.0;0.0;0.1719637171476913;0.15227985486124004;0.0;0.0;0.42492311417096934;0.4822131823728773;0.20556665526219922;0.1802915084016007;0.0;0.11509643399150288;0.15435148376159527;0.15682591635063398;0.1500779060240843;0.12896558698752802;0.14385294345611913;0.0;0.21459635288521542;0.0;0.0;0.20007030034902393;0.0;0.0;0.14587936880732924;0.1151215615004552;0.0;0.07662813648752444;0.0;0.0;0.0;0.14587869133557382;0.15210902015681269;0.15003606204237768;0.14589676408121038
GO:0048247;0.19901068715827824;0.0;0.12278668947884833;0.0;0.0;0.23888821735147028;0.0;0.0;0.0;1.0;0.8447981669670909;0.7955332039782619;0.0;0.0;0.0;0.0;0.25891134218911427;0.0;0.0;0.0;0.0;0.0;0.0;0.2484970820171706;0.0;0.0;0.0;0.0;0.0;0.0;0.0;0.0;0.0;0.0;0.23074745354967494;0.0;0.0;0.2720005847533583;0.0;0.0;0.0;0.1958873345093051;0.0;0.0;0.14316624713861562;0.24849760079809055;0.2484970820171706;0.0;0.0;0.0;0.0;0.0;0.0;0.19979436474666676;0.15129296268125206;0.2484970820171706;0.0;0.7955332039782619;0.0;0.0;0.0;0.0;0.23866733071769208;0.0;0.8031347995261306;0.2304687197352447;0.0;0.0;0.0;0.14009884595951871;0.19328337555728267;0.23889676321323638;0.2140393927443687;0.0;0.25891134218911427;0.0;0.24850085469887404;0.28272792127200547;0.0;0.2102349268432172;0.0;0.23891006953565683;0.0;0.0;0.0;0.0;0.0;0.0;0.0;0.0;0.0;0.33996658074214225;0.0;0.0;0.16711867614704753;0.0;0.21427945789442512;0.720546665318584;0.21427945789442512;0.0;0.0;0.0;0.0;0.0;0.0;0.23891006953565683;0.23889896547955464;0.0;0.2924098256194584;0.1723610745511115;0.0;0.0;0.16717595114822323;0.09050037285087746;0.0;0.25921919051581227;0.12318628804837907;0.0;0.21427945789442512;0.2302365639875346;0.21427945789442512;0.0;0.24900536341970644;0.0;0.0;0.6967007608439015;0.0;0.0;0.0;0.0;0.2715518831520101;0.0;0.23012805692061178;0.0;0.0;0.22135189969651478;0.20536818882729455;0.0;0.0;0.0;0.0;0.0;0.0;0.0;0.0;0.0;0.1927825447470458;0.0;0.6980859964744563;0.8719646711279567;0.0;0.0;0.0;0.0;0.23023812013210965;0.0;0.0;0.0;0.0;0.0;0.0;0.0;0.0;0.0;0.0;0.21283070711337995;0.21395757668116522;0.0;0.23989761874834964;0.24952003583926075;0.0;0.0;0.18765653828517687;0.2142232356698117;0.0;0.0;0.0;0.0;0.0;0.21427945789442512;0.0;0.0;0.12379767894953654;0.0;0.0;0.0;0.2299591189034109;0.2299575675689694;0.0;0.0;0.0;0.0;0.22114716598281972;0.0;0.24849760079809055;0.0;0.0;0.0;0.0;0.0;0.0;0.0;0.0;0.0;0.5877461551704879;0.2804817349703717;0.0;0.0;0.27104007262355806;0.1633974974204073;0.24001895026686315;0.0;0.8448021418320151;0.0;0.23891006953565683;0.0;0.0
GO:0048246;0.19281723089406083;0.0;0.12040057818100279;0.0;0.0;0.23001931506914053;0.0;0.0;0.0;0.8447981669670909;1.0;0.8299305231570652;0.0;0.0;0.0;0.0;0.24852570321111261;0.0;0.0;0.0;0.0;0.0;0.0;0.23891466777831266;0.0;0.0;0.0;0.0;0.0;0.0;0.0;0.0;0.0;0.0;0.2224622335546359;0.0;0.0;0.26352232461599684;0.0;0.0;0.0;0.19145140734009683;0.0;0.0;0.1399327619109335;0.2389151473206988;0.23891466777831266;0.0;0.0;0.0;0.0;0.0;0.0;0.1935527993411005;0.14768658983573762;0.23891466777831266;0.0;0.8299305231570652;0.0;0.0;0.0;0.0;0.22981451811272588;0.0;0.7733674972104156;0.22220314558492893;0.0;0.0;0.0;0.13700093505405764;0.18743603452802585;0.23002723815640685;0.20689199052792698;0.0;0.24852570321111261;0.0;0.23891815510755554;0.2735789785010844;0.0;0.20513385205670817;0.0;0.2300395747467451;0.0;0.0;0.0;0.0;0.0;0.0;0.0;0.0;0.0;0.3268243199573717;0.0;0.0;0.16272931202624333;0.0;0.20711628201426788;0.6297349850193209;0.20711628201426788;0.0;0.0;0.0;0.0;0.0;0.0;0.2300395747467451;0.23002927993049063;0.0;0.28263438274559805;0.16769585219510982;0.0;0.0;0.1627836173992261;0.08919746495969967;0.0;0.2488093360780859;0.12078477257551168;0.0;0.20711628201426788;0.22198733558874748;0.20711628201426788;0.0;0.23938446777155964;0.0;0.0;0.6095672326565981;0.0;0.0;0.0;0.0;0.2601497259103242;0.0;0.22188646300053413;0.0;0.0;0.2137164938091205;0.20049781491854776;0.0;0.0;0.0;0.0;0.0;0.0;0.0;0.0;0.0;0.1869650113746919;0.0;0.6731965942349796;0.844796550506727;0.0;0.0;0.0;0.0;0.221988782219338;0.0;0.0;0.0;0.0;0.0;0.0;0.0;0.0;0.0;0.0;0.20576246721807834;0.20681554641283428;0.0;0.23095501140937277;0.23986009942304787;0.0;0.0;0.1821398368791317;0.2070637554203496;0.0;0.0;0.0;0.0;0.0;0.20711628201426788;0.0;0.0;0.12137250085295755;0.0;0.0;0.0;0.22172940455882903;0.22172796227461933;0.0;0.0;0.0;0.0;0.21352563474293165;0.0;0.2389151473206988;0.0;0.0;0.0;0.0;0.0;0.0;0.0;0.0;0.0;0.5650277429130703;0.2714752703626677;0.0;0.0;0.2596799565428283;0.15919897476006506;0.23106746371170112;0.0;0.8797766699058506;0.0;0.2300395747467451;0.0;0.0
GO:0048245;0.1815852694971233;0.0;0.11592315730993095;0.0;0.0;0.2142127071319707;0.0;0.0;0.0;0.7955332039782619;0.8299305231570652;1.0;0.0;0.0;0.0;0.0;0.23017476920544852;0.0;0.0;0.0;0.0;0.0;0.0;0.22190706556967793;0.0;0.0;0.0;0.0;0.0;0.0;0.0;0.0;0.0;0.0;0.20764373280113288;0.0;0.0;0.24814900188980837;0.0;0.0;0.0;0.18320556506411503;0.0;0.0;0.13392106010743526;0.22190747926782156;0.22190706556967793;0.0;0.0;0.0;0.0;0.0;0.0;0.18223749254135285;0.14100610291469798;0.22190706556967793;0.0;0.8927670372199895;0.0;0.0;0.0;0.0;0.2140350789306784;0.0;0.7203052173397133;0.2074179941065015;0.0;0.0;0.0;0.13123331330545152;0.17680497120150948;0.21421957869064076;0.19401517362403448;0.0;0.23017476920544852;0.0;0.22191007406357283;0.2570467056425781;0.0;0.19569633340862339;0.0;0.21423027794061256;0.0;0.0;0.0;0.0;0.0;0.0;0.0;0.0;0.0;0.30350489360739946;0.0;0.0;0.15465582386225335;0.0;0.19421240114865745;0.5905857968138587;0.19421240114865745;0.0;0.0;0.0;0.0;0.0;0.0;0.21423027794061256;0.21422134948126412;0.0;0.2650247908153859;0.15913499670578277;0.0;0.0;0.15470487358890225;0.08671615138070546;0.0;0.23041804156560375;0.11627926614536177;0.0;0.19421240114865745;0.20722993599150913;0.19421240114865745;0.0;0.22231230234566632;0.0;0.0;0.5728122794401925;0.0;0.0;0.0;0.0;0.24011123551111754;0.0;0.20714202668131823;0.0;0.0;0.200004312520671;0.19147266897298504;0.0;0.0;0.0;0.0;0.0;0.0;0.0;0.0;0.0;0.17638580435103826;0.0;0.6286482504156411;0.7955317705505223;0.0;0.0;0.0;0.0;0.2072311966749397;0.0;0.0;0.0;0.0;0.0;0.0;0.0;0.0;0.0;0.0;0.19302153873731723;0.19394794749842806;0.0;0.2150239957673231;0.22272245381256228;0.0;0.0;0.17208495459385362;0.1941662150228006;0.0;0.0;0.0;0.0;0.0;0.19421240114865745;0.0;0.0;0.11682386654826825;0.0;0.0;0.0;0.20700514146722723;0.20700388437621992;0.0;0.0;0.0;0.0;0.19983714945829056;0.0;0.22190747926782156;0.0;0.0;0.0;0.0;0.0;0.0;0.0;0.0;0.0;0.5247160670364749;0.25518870449240083;0.0;0.0;0.23971099289842843;0.15146366222217442;0.2151214661881493;0.0;0.8299340955340314;0.0;0.21423027794061256;0.0;0.0
GO:0000060;0.0;0.0;0.0;0.0;0.0;0.0;0.0;0.0;0.0;0.0;0.0;0.0;1.0;0.0;0.0;0.0;0.0;0.0;0.0;0.0;0.0;0.0;0.0;0.0;0.0;0.0;0.0;0.0;0.0;0.0;0.0;0.0;0.0;0.0;0.0;0.0;0.0;0.0;0.0;0.0;0.0;0.0;0.0;0.0;0.0;0.0;0.0;0.0;0.34998653419511694;0.0;0.0;0.0;0.0;0.0;0.0;0.0;0.3623767778080403;0.0;0.0;0.0;0.0;0.0;0.36075144020254973;0.0;0.0;0.0;0.0;0.0;0.0;0.0;0.0;0.0;0.0;0.0;0.0;0.0;0.0;0.0;0.0;0.2416817772610753;0.0;0.0;0.0;0.0;0.0;0.0;0.0;0.0;0.4218000992973082;0.0;0.0;0.0;0.0;0.0;0.0;0.0;0.0;0.0;0.0;0.0;0.0;0.0;0.0;0.0;0.0;0.0;0.0;0.0;0.0;0.0;0.0;0.0;0.0;0.17551633109664463;0.0;0.0;0.0;0.0;0.0;0.0;0.0;0.0;0.0;0.0;0.0;0.0;0.0;0.0;0.0;0.0;0.0;0.0;0.0;0.0;0.0;0.0;0.0;0.0;0.0;0.0;0.0;0.0;0.0;0.0;0.0;0.0;0.0;0.0;0.0;0.0;0.0;0.0;0.0;0.0;0.0;0.0;0.0;0.0;0.0;0.0;0.0;0.0;0.0;0.0;0.0;0.2598582460958273;0.0;0.0;0.0;0.0;0.0;0.0;0.0;0.0;0.0;0.0;0.0;0.0;0.0;0.0;0.0;0.0;0.0;0.0;0.0;0.0;0.0;0.0;0.0;0.0;0.0;0.0;0.0;0.0;0.0;0.0;0.0;0.0;0.0;0.0;0.0;0.0;0.0;0.0;0.0;0.31518549203456503;0.0;0.0;0.0;0.0;0.0;0.0;0.0;0.0;0.0;0.0;0.0
GO:0010536;0.1413881667189733;0.44641237652768684;0.11213741006385626;0.3193493722737852;0.2834723670979145;0.15205354395733356;0.1802861477471881;0.8650354480027309;0.8650354480027309;0.0;0.0;0.0;0.0;1.0;0.19224448378820744;0.1346262914821401;0.1566130741725096;0.13815171939681528;0.20877416062154439;0.0;0.0;0.1478676717819358;0.19223301326506934;0.1542996330621373;0.1478927161684206;0.39607184784576516;0.25238783935487613;0.14583315872351169;0.1500323130032917;0.16603294930586016;0.2007840259546819;0.18729448514020813;0.44641235643734783;0.15002696021859077;0.0;0.22253109677958677;0.3146246615611318;0.0;0.4464123907406893;0.14183793684632678;0.20877697504858345;0.19357117507146496;0.14579472804182972;0.13802137877629853;0.12147767749708287;0.15429975136087443;0.1542996330621373;0.17182807885173856;0.0;0.20112578600917635;0.13127015284791896;0.14579379880105056;0.21533310728433414;0.0;0.0;0.1542996330621373;0.0;0.0;0.14585022500620595;0.11989751002683825;0.1398990948295721;0.8252190539727092;0.0;0.20941229030736427;0.0;0.0;0.17790556583934214;0.0;0.45889654160013565;0.07106571909395447;0.0;0.15205559162417637;0.0;0.17204837322447528;0.1566130741725096;0.37827404005951;0.15430049334779186;0.0;0.30948868959346765;0.0;0.15857651174567863;0.15205877975919754;0.13461258950107688;0.34683925701533064;0.18731962622827927;0.2986894886980571;0.19214991499794168;0.14999553411426342;0.0;0.14979478743837651;0.0;0.0;0.0;0.24647799555701216;0.0;0.20294813500241937;0.0;0.0;0.0;0.1896891339250956;0.14380802495947945;0.11509007933569965;0.15921291830859963;0.1183665517288647;0.26606390434604227;0.15205877975919754;0.1520561192925769;0.4211015585385494;0.0;0.07852104890192062;0.19471672876705035;0.20114983322417204;0.0;0.09401996557073192;0.0;0.0;0.15631859190675682;0.7855082598013453;0.0;0.0;0.0;0.1353325842245308;0.0;0.396072685961305;0.44641235643734783;0.0;0.810001495169682;0.1499874478657799;0.14578863974747092;0.14188468239231503;0.0;0.867510020319655;0.14990536250336758;0.0;0.17599010167840226;0.0;0.19815576956565836;0.1500290699654928;0.16386250165342953;0.11667516430267892;0.0;0.6675431112158645;0.21780891062883462;0.11050543970661335;0.20011946156186505;0.1500224777465616;0.13949454080219814;0.12006875272070817;0.0;0.0;0.196955182963972;0.15447131780732362;0.0;0.17787014417722674;0.0;0.42985409530815455;0.1419025118815723;0.14386617185858194;0.21495526566141052;0.3428987548107774;0.13814391256140535;0.12195577753692102;0.20877358710255464;0.446412430621443;0.23414263372430924;0.0;0.0;0.13259043387802155;0.0;0.0;0.0;0.18024077983012463;0.0;0.0;0.0;0.7110228062675774;0.14184460323353842;0.0;0.1872608168183939;0.0;0.2639223993969243;0.3392850904684311;0.0;0.0;0.17191756996546717;0.15222950156824802;0.0;0.0;0.4248049548801692;0.4821056681720639;0.2055151926163007;0.18024078405750035;0.0;0.11506049047884302;0.15429975136087443;0.15677251228144487;0.15002899817438647;0.1289294699072641;0.1438080080758255;0.0;0.2145458880893513;0.0;0.0;0.2000078380824495;0.0;0.0;0.14583315872351169;0.11508560229437365;0.0;0.07660657734746217;0.0;0.0;0.0;0.14583248168089163;0.15205877975919754;0.1499871814569275;0.14585054297790942
GO:2000353;0.3183534928365488;0.3973869872256834;0.20055894734760216;0.28666110291877817;0.26342902193140194;0.3780624970939206;0.2625769987820521;0.19230219048537053;0.19230219048537053;0.0;0.0;0.0;0.0;0.19224448378820744;1.0;0.4530698842036248;0.4075647916508924;0.5954747641751529;0.5090226886185566;0.0;0.0;0.35320236767907015;0.42075070204987636;0.3922597014298714;0.3533452943556611;0.2816754378211068;0.32090837880945006;0.3418118951083931;0.36580920415834073;0.22471965262055926;0.1954804798336564;0.3977930930274998;0.39738694926253465;0.36577738438075896;0.0;0.20105504577351066;0.33308404228957394;0.0;0.3973870140828895;0.3206428646817216;0.5090394195146837;0.279699063990202;0.34160084475027097;0.3017784673086582;0.23253652219603957;0.3922604659663682;0.3922597014298714;0.33395061003063664;0.0;0.28201290896817693;0.27127379393580053;0.34159574347482013;0.36330169641829524;0.0;0.0;0.3922597014298714;0.0;0.0;0.34190566621030344;0.2917274016193349;0.3109023762670902;0.23598260514652986;0.0;0.2159391052152606;0.0;0.0;0.35769936099056143;0.0;0.30595254076465916;0.13469795064792375;0.0;0.3780751561724666;0.0;0.26466793988168236;0.4075647916508924;0.2808447936242215;0.39226526129191475;0.0;0.22088098959662683;0.0;0.28729124004733475;0.3780948668580868;0.45297193126859997;0.1751765306056825;0.727557199366197;0.36422589560729657;0.42035281243506634;0.3655906368690742;0.0;0.3644003621834717;0.0;0.0;0.0;0.30188050953899825;0.0;0.4757257447297363;0.0;0.0;0.0;0.4087526293372063;0.33089031348150455;0.2648131814355376;0.34065108071931843;0.28282674790586;0.23361550338074935;0.3780948668580868;0.37807841840426903;0.26209467260715463;0.0;0.1642582471143598;0.311012989179624;0.2820734990054749;0.0;0.14915414455337944;0.0;0.0;0.2799649341540167;0.2364279775106134;0.0;0.0;0.0;0.20270638876440927;0.0;0.28167650821329815;0.39738694926253465;0.0;0.17405158477397176;0.36554260307374775;0.3415674232826314;0.5083139092021202;0.0;0.22214685103158566;0.36505542196557583;0.0;0.251523083205702;0.0;0.29267734400482154;0.3657899254400447;0.3051234800812423;0.27335809704540226;0.0;0.2939341796524748;0.371328322034961;0.24173688166031324;0.33086814181790714;0.3657507407130421;0.3089114168225128;0.29274326668714273;0.0;0.0;0.27167632445937334;0.31481592410425147;0.0;0.2569241302785156;0.0;0.27172443687289116;0.3209730610765874;0.33119831788536525;0.54740082458721;0.2670311253613931;0.4789808708268565;0.169331190690951;0.5090192793055514;0.3973870894424601;0.27069368962949236;0.0;0.0;0.27697325614885276;0.0;0.0;0.0;0.36726653363650924;0.0;0.0;0.0;0.2939341829839269;0.32067693487655907;0.0;0.39764124881848456;0.0;0.35288860153235546;0.29310505512705065;0.0;0.0;0.33428880690621476;0.3034364143267558;0.0;0.0;0.3586615956391951;0.43788121433345795;0.29326722846509834;0.36726655118854357;0.0;0.26465658337576314;0.3922604659663682;0.32704066994140574;0.36578949868074595;0.2614643426820492;0.33089022409576446;0.0;0.1884939271782384;0.0;0.0;0.45987831993343664;0.0;0.0;0.3418118951083931;0.264789480114948;0.0;0.15609767896811994;0.0;0.0;0.0;0.5414636186098156;0.3780948668580868;0.3655410206830811;0.3419074135934221
GO:2000110;0.30023736246059946;0.270908482197809;0.1932142765138802;0.22859189718447423;0.25090169815150803;0.3527833313347136;0.2501286649254691;0.13466567127078397;0.13466567127078397;0.0;0.0;0.0;0.0;0.1346262914821401;0.4530698842036248;1.0;0.3783388394920465;0.7277126409723521;0.3420789405835747;0.0;0.0;0.26493294102170967;0.28597279141325194;0.36511445417769955;0.3311665546483901;0.1949396598043486;0.24209847438816728;0.44670346555456125;0.4760313916978079;0.1724966515307015;0.18395655894300794;0.27117110523939614;0.27090845764627397;0.3420628888060697;0.0;0.2323510106401905;0.22897405040133723;0.0;0.27090849956690644;0.2419096421852326;0.34208945524206463;0.22327510653243715;0.25675994066717955;0.397215605324773;0.222720350275653;0.3651151165601678;0.36511445417769955;0.22954384307842796;0.0;0.1951645747798756;0.3590273497774169;0.2567563395134595;0.5592178891077274;0.0;0.0;0.36511445417769955;0.0;0.0;0.44681855401088594;0.3409642571243456;0.23496985316708446;0.16430169820290938;0.0;0.20196304382573088;0.0;0.0;0.24510939301275728;0.0;0.2110690148910304;0.1291241668931927;0.0;0.3527943540867827;0.0;0.3112032426503621;0.3783388394920465;0.19438597410408356;0.3651192711511771;0.0;0.15409436289464892;0.0;0.19867984368744124;0.3528115168491492;0.7936504099199251;0.2359309403968501;0.4819716583043462;0.3407056811465461;0.28571700168887154;0.34189956578013836;0.0;0.34085833786264114;0.0;0.0;0.0;0.3973426492197451;0.0;0.32106405170837415;0.0;0.0;0.0;0.2782480937340391;0.2491845974440463;0.3113639429004059;0.3152202367044111;0.2650717418830931;0.3113003687515605;0.3528115168491492;0.3527971946309001;0.18185544966185851;0.0;0.15604421401239718;0.23504879719250912;0.19520495421779546;0.0;0.20184706950055392;0.0;0.0;0.1937993511685535;0.16460211233668998;0.0;0.0;0.0;0.27163683056918037;0.0;0.19494037322195165;0.27090845764627397;0.0;0.12218107742005214;0.2735894539292325;0.25673634726383704;0.7696330817185568;0.0;0.154951536531087;0.34143142511206725;0.0;0.19213497491746218;0.0;0.233177393944898;0.2737625602353634;0.21051988796628623;0.32080005650597654;0.0;0.20309700912848694;0.5710474301148174;0.2857003792346944;0.24916888585507987;0.4759602447080667;0.29182512863493115;0.3420745964869071;0.0;0.0;0.18826648594975712;0.2929725120270094;0.0;0.19606917828718026;0.0;0.1882986370133307;0.42103160337462336;0.31163572391151717;0.36608069296613377;0.18516042243907405;0.727627512209188;0.22830313920574352;0.34207679796947765;0.2709085483034616;0.3582970577041608;0.0;0.0;0.263158406376228;0.0;0.0;0.0;0.2513528681825783;0.0;0.0;0.0;0.2030970113417801;0.24193387372443564;0.0;0.2710729129019282;0.0;0.33076536128820294;0.20254610973389825;0.0;0.0;0.22976618214051897;0.28309256750666134;0.0;0.0;0.24573804283678186;0.2640089795752633;0.20265387279626906;0.2513528796227077;0.0;0.3111906769831404;0.3651151165601678;0.3035312413270209;0.273762261550315;0.19937039962630557;0.4332725933306223;0.0;0.2532483644718553;0.0;0.0;0.31099917350288714;0.0;0.0;0.44670346555456125;0.31133771965451457;0.0;0.14866106431485926;0.0;0.0;0.0;0.8167709123374015;0.3528115168491492;0.273588346330706;0.2569763454258317
GO:0097527;0.6155708612082182;0.37757551473128;0.3407765238362812;0.30013791802303214;0.33981034038839547;0.7860049597902689;0.338393926277162;0.15666636965427785;0.15666636965427785;0.25891134218911427;0.24852570321111261;0.23017476920544852;0.0;0.1566130741725096;0.4075647916508924;0.3783388394920465;1.0;0.40756729858700474;0.5317748183540503;0.0;0.0;0.40460857943030976;0.40749305902355315;0.8303708779574338;0.505862449370784;0.24467909599236767;0.353664941338606;0.4825521659611356;0.5318032757842975;0.2225090920164534;0.2722647515665876;0.3780858564443553;0.37757546703976974;0.5317360288086944;0.3147387800921356;0.24268950332863598;0.30079706897978914;0.2590516071757386;0.3775755484708623;0.35326211310604727;0.5318002283989864;0.40988660070025457;0.38585115594448277;0.4064349828561763;0.40856009778226265;0.8303733106208108;0.8303708779574338;0.3017811495497821;0.0;0.24503353341467998;0.35297751191492255;0.3858430234519013;0.2851391525484193;0.2598319207425471;0.1833789560859245;0.8303708779574338;0.0;0.23017476920544852;0.4827390758473606;0.42342880100907243;0.338655931640583;0.19827273829277484;0.3296600263976607;0.31365361198620384;0.32929306346355525;0.31422042732189637;0.3292718343055009;0.0;0.2706374450528069;0.22813651497440285;0.24892672977031383;0.7860438122869707;0.28445190138776555;0.3687133646513036;0.8800448626754314;0.24380744624017542;0.8303885688799914;0.27248785987080826;0.18359661811708283;0.1874723451898795;0.2506004029213473;0.7861043096265699;0.37823064492775377;0.20596234858382467;0.37822845624779233;0.5284635855699251;0.4069738896583706;0.5313414691227296;0.0;0.5288309478384625;0.0;0.34998197171129736;0.0;0.40662009569433644;0.20715654036409956;0.48266352971884846;0.28487605156415396;0.28397238832764343;0.28487605156415396;0.3919864839095261;0.36899367857125703;0.36899530658404117;0.5349397069701585;0.4049324044409031;0.2917776828941687;0.7861043096265699;0.7860538247370689;0.22441318103733288;0.28489355951670703;0.29375171943905126;0.33881994406269567;0.2450971883814651;0.20724455362113553;0.20775428073910995;0.0;0.0;0.29525440080644433;0.1987103878368997;0.28487605156415396;0.3137890420197943;0.28487605156415396;0.24509967850067535;0.34971473933666786;0.24468021991794192;0.37757546703976974;0.27162238860883253;0.1400213741237909;0.42515270703041524;0.3857978770006872;0.4418637839175145;0.3958776174692267;0.18481473069454282;0.746728546235495;0.0;0.2563012382725927;0.2975137677878834;0.4339055638030217;0.4255708803643182;0.2697352908408548;0.3857995431900626;0.0;0.257668950433713;0.29301395186968054;0.3256752288863276;0.3689592275257041;0.5316797249536389;0.590778757744752;0.42557231166693105;0.31161979683217794;0.25891067773765186;0.2342571471607547;0.4738721362479019;0.0;0.2633502042300296;0.3137919325530099;0.23430692695869657;0.44203674965830025;0.4616660034118022;0.5921253669683854;0.22946750361879942;0.4074993605116794;0.19792904370049677;0.5317696405536078;0.37757564314194014;0.35199597902619056;0.2823211264480134;0.28430741922562824;0.3626886287155621;0.3320118664429943;0.350730764745546;0.0;0.3406384408838987;0.23967135891466257;0.28477668934319644;0.0;0.25766895399622275;0.3533137890945794;0.0;0.3778949987643485;0.28487605156415396;0.5049269398119112;0.25678287030216845;0.1444837923352023;0.0;0.3021655652282246;0.44855160840576175;0.0;0.0;0.33040731744216484;0.20171755819334308;0.2569560975029328;0.34063846189508457;0.29714402577309657;0.3686913246055688;0.8303733106208108;0.5021244433984015;0.4255701585775431;0.26934038278618444;0.4610675871695993;0.0;0.22462118693014754;0.0;0.0;0.4602703831851951;0.3499281930532255;0.26964792696430934;0.4825521659611356;0.3689492894317605;0.3947908143435132;0.2749158522511755;0.33224430775547126;0.0;0.24852720864579705;0.48254475307504696;0.7861043096265699;0.42515003234575205;0.3863400738644883
GO:2000352;0.31835502240388563;0.28557291535492557;0.2005595544090783;0.2389453467311709;0.2634300692437921;0.3780646542270611;0.26257803933062335;0.13819318896672853;0.13819318896672853;0.0;0.0;0.0;0.0;0.13815171939681528;0.5954747641751529;0.7277126409723521;0.40756729858700474;1.0;0.3657977584614124;0.0;0.0;0.28267024234244503;0.30236278220171425;0.39226202361710905;0.3533471786477121;0.20241924773925143;0.2568250195848625;0.4756458558859312;0.5090393210676007;0.1798443082644948;0.19548145492824825;0.2858647551026626;0.2855728880734741;0.3657794035995237;0.0;0.2412059689842098;0.23936293269812933;0.0;0.28557293465531514;0.25661252590896283;0.36580978181169754;0.23314214342895345;0.2733854172540476;0.41993737696142824;0.23253733827305445;0.3922627881626581;0.39226202361710905;0.23998567327050732;0.0;0.20266176396709615;0.3774886725162248;0.27338133464848946;0.5835281047849333;0.0;0.0;0.39226202361710905;0.0;0.0;0.47577634305391026;0.3645234257062709;0.24881711444280638;0.16958311349791572;0.0;0.21594029509419702;0.0;0.0;0.2570522152308062;0.0;0.2198654590927958;0.1346984136268867;0.0;0.37807731345006923;0.0;0.33071152847991125;0.40756729858700474;0.20182232353845211;0.39226758354498215;0.0;0.15873068173835736;0.0;0.206454920898322;0.37809702436063225;0.7275553100634997;0.2437650136799408;0.45297190442106355;0.3642278977328243;0.302076846708724;0.3655926540265368;0.0;0.3644023662275265;0.0;0.0;0.0;0.42007937364582204;0.0;0.3418695317773556;0.0;0.0;0.0;0.2937406059077821;0.26481366537648665;0.3308930136124334;0.34065326906253984;0.28282825637483344;0.3250854232931372;0.37809702436063225;0.37808057571910014;0.18834796391719075;0.0;0.16425893559855773;0.24890563906340515;0.20270530566682804;0.0;0.20755376124085895;0.0;0.0;0.20119003187459195;0.16990317024865323;0.0;0.0;0.0;0.28207400836993207;0.0;0.20242001695308753;0.2855728880734741;0.0;0.12507782008614773;0.2925462706270639;0.2733586696943827;0.8164450229282281;0.0;0.1596403640655981;0.3650574332212163;0.0;0.20129531477379561;0.0;0.2439601816374111;0.2927442055181634;0.2192696725354083;0.341570229290889;0.0;0.21122872445231253;0.5964203600366835;0.30205826625101995;0.2647959211616091;0.508957966207093;0.308912857003985;0.3657927910686387;0.0;0.0;0.19523360534142806;0.31481779310324715;0.0;0.20561781938224954;0.0;0.19526818026308532;0.44664758752439027;0.3311999733720485;0.39337751034786933;0.191895435938215;0.7693305882426751;0.2356309731167678;0.365795308421428;0.2855729888109511;0.37668143015068273;0.0;0.0;0.276974413925445;0.0;0.0;0.0;0.26392746575140136;0.0;0.0;0.0;0.21122872684638802;0.25663979263475356;0.0;0.28575563532259945;0.0;0.3528904809567099;0.2106328921715735;0.0;0.0;0.24022871130278806;0.30343815065162866;0.0;0.0;0.2577437051721269;0.27262124123882636;0.21074943450776312;0.2639274783648086;0.0;0.33069733807144375;0.3922627881626581;0.3270426869108175;0.29274386397786156;0.20925139111704397;0.46044780814969827;0.0;0.26229674610699116;0.0;0.0;0.3304810820734514;0.0;0.0;0.4756458558859312;0.3308633978640209;0.0;0.15609830074190786;0.0;0.0;0.0;0.869689788386289;0.37809702436063225;0.29254500422189483;0.2736307675945557
GO:0050679;0.3893990119835807;0.4751510761850349;0.2266051249096957;0.3321449138353089;0.31027122944705027;0.48263411980851295;0.3090899368900755;0.20884221924261928;0.20884221924261928;0.0;0.0;0.0;0.0;0.20877416062154439;0.5090226886185566;0.3420789405835747;0.5317748183540503;0.3657977584614124;1.0;0.0;0.0;0.4428431828988349;0.5089422791789397;0.5060142152483859;0.44306788680112297;0.3186397529662767;0.3932283215889166;0.4250827161596322;0.4628423032830978;0.2579389296065665;0.24116128186311958;0.47573179006305844;0.47515102191021774;0.4627913650408742;0.0;0.2272386484485075;0.38604071175315025;0.0;0.4751511145820079;0.3928297244932733;0.6440645242782449;0.3228341826901484;0.42475635886717605;0.3648853808244785;0.26829091121734816;0.5060154875102686;0.5060142152483859;0.3872052151397967;0.0;0.3190716765245596;0.3212118493394443;0.4247484717353033;0.2640453578766726;0.0;0.0;0.5060142152483859;0.0;0.0;0.5909316123252578;0.3687655025020404;0.3783090694537493;0.26138627761953537;0.0;0.2730794833848015;0.0;0.0;0.41949848023471487;0.0;0.3500621196706077;0.15491818200056956;0.0;0.48265475055593055;0.0;0.32656130883052065;0.5317748183540503;0.3175772039891706;0.5060234674236023;0.0;0.2429850255888993;0.0;0.4161810059635401;0.48268687420581335;0.34199048847960345;0.19472585573929588;0.4758940264343414;0.46031053433544156;0.5083602243586487;0.46249246029303437;0.0;0.46058922813676934;0.0;0.0;0.0;0.3650345733558601;0.0;0.7556685712127128;0.0;0.0;0.0;0.4914916629867778;0.40832207542120647;0.3267824519368815;0.4505625186556045;0.35465693425121314;0.2697282309992007;0.48268687420581335;0.4826600671407088;0.29380912384150304;0.0;0.19535154389090192;0.37847285846167406;0.3191492390628546;0.0;0.16309565907498805;0.0;0.0;0.3164525957013296;0.2619328115069712;0.0;0.0;0.0;0.22935036933413785;0.0;0.3186411227282524;0.47515102191021774;0.0;0.18749139218176658;0.4624155913402631;0.42470468665195504;0.3931884956026402;0.0;0.24451779792830622;0.46163625305469685;0.0;0.29388635546968583;0.0;0.340248766267219;0.4628114409381302;0.3489771969732027;0.3398935129857251;0.0;0.33441714901483705;0.2707843737015622;0.29234450022489167;0.40828831334983573;0.4627487147092142;0.3753652899524819;0.3703902343828578;0.0;0.0;0.30590340294189816;0.40644587935890286;0.0;0.3012867465348282;0.0;0.3059644032268374;0.5465975357392859;0.40879120103908256;0.9026593911590246;0.30002668501531127;0.36574303115460305;0.18752985934676417;0.8225811880945197;0.4751512223214182;0.320398826789458;0.0;0.0;0.32923387926322645;0.0;0.0;0.0;0.4327181182239281;0.0;0.0;0.0;0.334417153327152;0.3928808632930812;0.0;0.47551463216708845;0.0;0.4423500534993941;0.3333443262747659;0.0;0.0;0.3876599493704465;0.3876756156608071;0.0;0.0;0.42082253922630297;0.2656847156627064;0.33355410042177375;0.4327181425894046;0.0;0.326544019938738;0.5060154875102686;0.4270554216915212;0.462810757770074;0.3075493313473036;0.40832193930625726;0.0;0.21132229780698855;0.0;0.0;0.5673297572303917;0.0;0.0;0.4250827161596322;0.3267463607050644;0.0;0.18391658745892392;0.0;0.0;0.0;0.4250769637940874;0.48268687420581335;0.4624130591160815;0.4252304532502093
GO:0070723;0.23074552936840642;0.0;0.13417185540409737;0.0;0.0;0.0;0.0;0.0;0.0;0.0;0.0;0.0;0.0;0.0;0.0;0.0;0.0;0.0;0.0;1.0;0.0;0.0;0.0;0.0;0.0;0.0;0.0;0.0;0.0;0.0;0.0;0.0;0.0;0.0;0.0;0.0;0.0;0.0;0.0;0.0;0.0;0.0;0.0;0.0;0.0;0.0;0.0;0.0;0.0;0.0;0.0;0.0;0.0;0.3890459999617719;0.0;0.0;0.0;0.0;0.0;0.0;0.0;0.0;0.0;0.0;0.0;0.0;0.0;0.0;0.0;0.3122824541767229;0.2997181563922972;0.0;0.0;0.0;0.0;0.0;0.0;0.0;0.0;0.0;0.0;0.0;0.0;0.0;0.0;0.0;0.0;0.0;0.0;0.0;0.0;0.0;0.5781715129288227;0.0;0.38037410149132567;0.0;0.42215469565099173;0.0;0.42215469565099173;0.0;0.0;0.0;0.0;0.0;0.0;0.0;0.0;0.0;0.0;0.0;0.0;0.0;0.4428285220222318;0.0;0.42218917865139466;0.31578996488360744;0.0;0.0;0.42215469565099173;0.45954049633492067;0.42215469565099173;0.0;0.0;0.0;0.0;0.0;0.0;0.0;0.0;0.0;0.0;0.0;0.0;0.3165623740065205;0.0;0.0;0.0;0.0;0.0;0.0;0.2408793104091417;0.0;0.0;0.0;0.0;0.0;0.22241427527387972;0.0;0.0;0.0;0.0;0.0;0.5321747789276001;0.0;0.5498020161262854;0.0;0.0;0.0;0.0;0.0;0.0;0.0;0.0;0.0;0.0;0.0;0.0;0.0;0.0;0.0;0.6148682157945935;0.0;0.3618889704153193;0.3378313710030404;0.56193305979401;0.0;0.0;0.0;0.0;0.42215469565099173;0.0;0.0;0.36180188628432924;0.0;0.0;0.0;0.2734091782684249;0.2734069853130803;0.0;0.0;0.0;0.0;0.2610421900244827;0.0;0.0;0.0;0.0;0.0;0.0;0.30015177531669124;0.0;0.6403857241782156;0.5072080608895548;0.0;0.0;0.0;0.0;0.0;0.0;0.0;0.0;0.30015177531669124;0.0;0.0;0.0;0.0;0.0
GO:0030260;0.0;0.0;0.0;0.0;0.0;0.0;0.0;0.0;0.0;0.0;0.0;0.0;0.0;0.0;0.0;0.0;0.0;0.0;0.0;0.0;1.0;0.0;0.0;0.0;0.0;0.0;0.0;0.0;0.0;0.0;0.0;0.0;0.0;0.0;0.0;0.18887269204586948;0.0;0.0;0.0;0.0;0.0;0.0;0.0;0.0;0.0;0.0;0.0;0.0;0.0;0.0;0.0;0.0;0.0;0.0;0.0;0.0;0.0;0.0;0.0;0.0;0.0;0.0;0.0;0.0;0.0;0.0;0.0;0.0;0.0;0.0;0.0;0.0;0.0;0.0;0.0;0.0;0.0;0.0;0.0;0.0;0.0;0.0;0.0;0.0;0.0;0.0;0.0;0.0;0.0;0.0;0.9488084517895181;0.0;0.0;0.0;0.0;0.0;0.0;0.0;0.0;0.0;0.0;0.0;0.0;0.0;0.0;0.0;0.0;0.0;0.0;0.0;0.0;0.0;0.0;0.0;0.0;0.0;0.0;0.0;0.0;0.0;0.0;0.0;0.0;0.0;0.0;0.0;0.0;0.0;0.0;0.0;0.0;0.0;0.0;0.0;0.0;0.0;0.0;0.0;0.0;0.0;0.261010654529124;0.0;0.0;0.0;0.0;0.0;0.0;0.0;0.0;0.0;0.0;0.0;0.0;0.0;0.0;0.0;0.0;0.0;0.0;0.0;0.0;0.0;0.0;0.0;0.0;0.0;0.27303373781477;0.0;0.0;0.0;0.0;0.0;0.0;0.0;0.0;0.0;0.0;0.0;0.0;0.0;0.0;0.0;0.0;0.0;0.0;0.0;0.0;0.0;0.0;0.0;0.0;0.0;0.0;0.0;0.0;0.0;0.0;0.0;0.0;0.33206568022607547;0.0;0.0;0.0;0.0;0.0;0.0;0.0;0.0;0.0;0.0;0.0;0.33206568022607547;0.0;0.0;0.0;0.0;0.0
GO:2000010;0.30024119833057217;0.3304564554851905;0.17743355641190833;0.2695823179953043;0.24102168034524338;0.3688990602127961;0.35912986456446616;0.14791518041998683;0.14791518041998683;0.0;0.0;0.0;0.0;0.1478676717819358;0.35320236767907015;0.26493294102170967;0.40460857943030976;0.28267024234244503;0.4428431828988349;0.0;0.0;1.0;0.35314849347997473;0.3859295424017886;0.33990879490252357;0.2239829109187481;0.3787127391840513;0.3266600394506888;0.3544242974322882;0.2516129236122232;0.23194281330935917;0.33084730416831143;0.33045641895416056;0.3543869747601748;0.0;0.17791886101189264;0.27011397173504437;0.0;0.33045648132923794;0.378343012641265;0.442860804540023;0.26221849820032417;0.40786979840728155;0.2819894167716472;0.20924202940242725;0.38593046712744783;0.3859295424017886;0.2709072629515684;0.0;0.26906802195135665;0.2492624478345768;0.40786252592384364;0.20601397211245814;0.0;0.0;0.3859295424017886;0.0;0.0;0.32676705716133725;0.4409768799285174;0.36485520460602267;0.18446106597384226;0.0;0.2613188662389246;0.0;0.0;0.2928562242861499;0.0;0.24554214053523823;0.15106139064927715;0.0;0.3689141206997215;0.0;0.31406975578385965;0.40460857943030976;0.2232522616902241;0.38593626721025803;0.0;0.17169256865274318;0.0;0.22893473859824573;0.36893757091329465;0.26486664661849574;0.15293679948493827;0.3309564916374638;0.35256882998094957;0.42320349307340205;0.44254261568025355;0.0;0.3527731203294963;0.0;0.0;0.0;0.2821007537692073;0.0;0.40825038836098976;0.0;0.0;0.0;0.40962798984423526;0.392692913657063;0.31427429893098663;0.4271237714395328;0.3399718317385363;0.2103342890000065;0.36893757091329465;0.3689180018078806;0.2068805694220223;0.0;0.18925838841602585;0.3650075487100769;0.2691319989866441;0.0;0.16054345863760003;0.0;0.0;0.22247882220646562;0.1848398076761765;0.0;0.0;0.0;0.2243353013457141;0.0;0.22398385275069846;0.33045641895416056;0.0;0.13298920552562768;0.4424722347568081;0.48926321986396687;0.3030551862060297;0.0;0.1727573839546466;0.3535405239627233;0.0;0.2857022201752834;0.0;0.2759827977910773;0.44283466237428554;0.3418859772045235;0.40782364288816564;0.0;0.23481954622231713;0.21113669140042235;0.2822932292458757;0.3926616866136974;0.3543557244034894;0.2898025972251316;0.3544026771106774;0.0;0.0;0.25819637724761146;0.38727475835642;0.0;0.29269127770070424;0.0;0.2152599155770052;0.30315684576875135;0.3146203538816708;0.48391654169514403;0.2111684445310489;0.2826294075599939;0.22042526043379257;0.44283959210553003;0.3304565538459547;0.24865064372497556;0.0;0.0;0.38180725635152757;0.0;0.0;0.0;0.362084897445304;0.0;0.0;0.0;0.23481954918101336;0.45395407813483224;0.0;0.39674134499024494;0.0;0.33938085702986515;0.23408342427322953;0.0;0.0;0.27121700600756354;0.3701962336870278;0.0;0.0;0.29375409713775613;0.18743906560148044;0.28100199200019427;0.36208491723377834;0.0;0.31405376422455183;0.38593046712744783;0.40594129771239423;0.44283403690984907;0.2985981238703471;0.3142730172202657;0.0;0.16570849796892334;0.0;0.0;0.39211434885466767;0.0;0.0;0.3266600394506888;0.39265267838703805;0.0;0.17850600518468263;0.0;0.0;0.0;0.32665579484192325;0.36893757091329465;0.44246991624472126;0.4083069266399686
GO:2000251;0.31830972456575773;0.39733797831112105;0.20054157548735743;0.2866315213758153;0.2633990525560772;0.3780007727973824;0.26254722294549737;0.1922907130751106;0.1922907130751106;0.0;0.0;0.0;0.0;0.19223301326506934;0.42075070204987636;0.28597279141325194;0.40749305902355315;0.30236278220171425;0.5089422791789397;0.0;0.0;0.35314849347997473;1.0;0.3921932546902199;0.4224348218862229;0.28165081366516515;0.3208639052607849;0.34176143942472953;0.43733344325755474;0.2246978434162062;0.19545257784392625;0.6175198992669761;0.39733794035733555;0.5081806220004857;0.0;0.2010375878693732;0.33304961014122453;0.0;0.39733800516170314;0.32059846469083403;0.6500538066440051;0.2796709018016136;0.34155045135009016;0.301739137688127;0.23251316941583278;0.39219401896772144;0.3921932546902199;0.33391599849781545;0.0;0.28198822577580585;0.2712420131476625;0.3415453515796107;0.22931769802129892;0.0;0.0;0.3921932546902199;0.0;0.0;0.34185518284132693;0.29168147845882997;0.3108606326929853;0.23596532173232684;0.0;0.21590505777323687;0.0;0.0;0.3576596519422669;0.0;0.3059234892852767;0.13468470205874195;0.0;0.37801342774263297;0.0;0.26463014035716353;0.40749305902355315;0.2808203144781886;0.3921988126687864;0.0;0.22086584742131976;0.0;0.28726562427777913;0.37803313199227323;0.28591097221922657;0.17516327746383306;0.3978573822761772;0.3641686063506908;0.5368139602067611;0.437072182215195;0.0;0.43564940483942094;0.0;0.0;0.0;0.30184115331816613;0.0;0.4756555102206143;0.0;0.0;0.0;0.4087007771133394;0.3308430303853752;0.2647753404161887;0.3405884647080805;0.2827835840367337;0.23359193339258416;0.37803313199227323;0.3780166889092669;0.26207335284168165;0.0;0.16423854591568335;0.31097121589915555;0.28204880520613734;0.0;0.14914453634226854;0.0;0.0;0.5891505490895824;0.23641062879892014;0.0;0.0;0.0;0.20268864291816058;0.0;0.2816518838702163;0.39733794035733555;0.0;0.17404218247910067;0.3654848988902184;0.34151703974199765;0.320837388114459;0.0;0.2221315348063841;0.3649978714792697;0.0;0.2514957614640142;0.0;0.29264650782583423;0.365732143152157;0.30509458582669596;0.2733177747254416;0.0;0.29390736563272624;0.23438362804868626;0.24170534796492885;0.33082086505762287;0.36569297080320506;0.3088702061368753;0.292697023164114;0.0;0.0;0.27165341745332594;0.3147624448559071;0.0;0.2568956226256347;0.0;0.2717015217530528;0.3209285695991884;0.3311509467290127;0.5473078341099867;0.26700899496756164;0.30232538923435925;0.16931880723038675;0.5089388709429723;0.397338080502687;0.2706620446110805;0.0;0.0;0.2769401259849125;0.0;0.0;0.0;0.36722467215711185;0.0;0.0;0.0;0.2939073689635705;0.3206325254503021;0.0;0.5078136074433651;0.0;0.35283482300138835;0.2930783921601468;0.0;0.0;0.33425412523828224;0.303386731079517;0.0;0.0;0.35862167267560213;0.2394627389532335;0.2932405359864436;0.3672246897051452;0.0;0.26461878709478537;0.39219401896772144;0.3269829570844575;0.3657317165276742;0.261434818643709;0.3955929528459321;0.0;0.18847858244889987;0.0;0.0;0.5872830313980605;0.0;0.0;0.34176143942472953;0.26475164586850913;0.0;0.15607988659974104;0.0;0.0;0.0;0.3417577211039406;0.37803313199227323;0.36548331699910036;0.34185692970846987
GO:0007264;0.5908476081970744;0.36440350889621165;0.3784595075392548;0.29175482183892565;0.3291041373948968;0.8478425109230958;0.32777539501562436;0.15435136538352034;0.15435136538352034;0.2484970820171706;0.23891466777831266;0.22190706556967793;0.0;0.1542996330621373;0.3922597014298714;0.36511445417769955;0.8303708779574338;0.39226202361710905;0.5060142152483859;0.0;0.0;0.3859295424017886;0.3921932546902199;1.0;0.4824960525303636;0.2390788945709958;0.3393100438042799;0.4612442593639076;0.5060399822837354;0.21674011987371714;0.26077239508154093;0.36487884198093584;0.3644034644741684;0.5059790926916216;0.29948152702692116;0.237178981417403;0.29237762757134217;0.24862628729244102;0.36440354032279404;0.3389392355536869;0.5060372230077714;0.3987758190027197;0.36882743861950423;0.39121304479458585;0.4517044107956763;0.7860071394480033;0.8931419216524134;0.2933073043100491;0.0;0.23941728176126734;0.3414396193121446;0.36882000789921887;0.27756240125757325;0.24934497136776587;0.17809265898307122;0.8931419216524134;0.0;0.22190706556967793;0.46141502412488433;0.403015487666199;0.32547086946899667;0.19457934728171752;0.31296021836564175;0.2984988536792672;0.31262947405354913;0.2990121739587574;0.319209563114764;0.0;0.2638025413375268;0.22212536364517507;0.23928525380519153;0.8478822943746528;0.271931330197906;0.3531377773986165;0.8303708779574338;0.23824662087871565;0.786020810778403;0.2609770589157973;0.1804253872188503;0.1819509652905695;0.24472912070997974;0.7462289730478271;0.3650136900426997;0.2019797979153039;0.36501165165293714;0.5030151174145817;0.3917123160822164;0.5056218187941136;0.0;0.5033479393569709;0.0;0.33121837257514375;0.0;0.39138454854573934;0.2004356071617998;0.46134600431338024;0.27231893750938213;0.27149306853899324;0.27231893750938213;0.3778086926020084;0.3533949006295919;0.35339639390679384;0.5027673225436028;0.3862241474717023;0.2838489301652599;0.7462289730478271;0.7461834798270839;0.21969330358728914;0.2723349359623817;0.28386049448706024;0.3256223564909807;0.23947805181999934;0.20051800096685632;0.20440984981886606;0.0;0.0;0.2885450509428457;0.1950008264351158;0.27231893750938213;0.29862151020945604;0.27231893750938213;0.2394804290697574;0.3309790165629356;0.23907996763654363;0.3644034644741684;0.2601830575030387;0.13816924499965103;0.4045768763818611;0.368778756992288;0.4239309441991024;0.3720377410246612;0.18160164794783284;0.7106562007707447;0.0;0.24867697897168625;0.2838445494441573;0.42147421347246233;0.4049555350292699;0.26294530706842417;0.36878027941902863;0.0;0.25146588023016414;0.28501878870998504;0.3134633397077633;0.3533633006482826;0.5059281111073325;0.6453875115497337;0.40495683102110236;0.29665624838973853;0.24849646994343938;0.22911885005853574;0.448451410887187;0.0;0.25530738319939134;0.2986241280572917;0.22916646980150496;0.4240901528322815;0.4421253598824177;0.560360522061594;0.22453496258156425;0.3921990918647498;0.1942483273094207;0.5060095269481891;0.36440362850374325;0.3405211215868328;0.2699833631269282;0.27179928434870043;0.35051808688901903;0.315079050495431;0.33188895084062475;0.0;0.32988081933114854;0.23072062569941715;0.272228140452229;0.0;0.25146588362321226;0.3389868058420206;0.0;0.3647010820808649;0.27231893750938213;0.48164489886473594;0.2506218793294306;0.14118196463249091;0.0;0.2936704217420091;0.42570945293106677;0.0;0.0;0.3202765953648015;0.19789595008289787;0.25078689110013297;0.32988083903619125;0.283507983178552;0.35311756005058476;0.7860071394480033;0.4736731816565712;0.4049548814777523;0.26093335575762755;0.4415764990201997;0.0;0.21989264800924735;0.0;0.0;0.44084521863560644;0.3311702054163233;0.25837084728776094;0.4612442593639076;0.35335418495455295;0.3710777331724904;0.26623369767733307;0.3152883796196309;0.0;0.23891605902716828;0.46123748667651293;0.7462289730478271;0.40457445432164374;0.3692741412508599
GO:1900027;0.37532089726061324;0.3305815629564739;0.2217644211272791;0.26966557241251254;0.30126713236336905;0.4611929918259561;0.30015328431415567;0.14794024090352165;0.14794024090352165;0.0;0.0;0.0;0.0;0.1478927161684206;0.3533452943556611;0.3311665546483901;0.505862449370784;0.3533471786477121;0.44306788680112297;0.0;0.0;0.33990879490252357;0.4224348218862229;0.4824960525303636;1.0;0.22404037964369694;0.303216257665924;0.40836160042116815;0.529805315001013;0.20142449125495532;0.23204703013115105;0.4618425410572617;0.3305815263977782;0.6182236702582304;0.0;0.22237113106264136;0.2701975549054902;0.0;0.33058158882009375;0.30292010788612483;0.5298027855182939;0.26229726577373214;0.32657175907433184;0.3524957805430309;0.261531985397435;0.4824972092778361;0.4824960525303636;0.270991337866144;0.0;0.2243375088702424;0.3115714263636586;0.3265659334466951;0.2574960410274389;0.0;0.0;0.4824960525303636;0.0;0.0;0.4084954471207687;0.3530932147343167;0.2921165882583841;0.18450004146163915;0.0;0.2614511608730392;0.0;0.0;0.29295447709516004;0.0;0.2456112065811995;0.15110558989915185;0.0;0.4612118302033764;0.0;0.3142109717071202;0.505862449370784;0.22330935604424787;0.48250446465258356;0.0;0.17172633458738087;0.0;0.22899477679659533;0.46124116285380284;0.33108365512901883;0.191140572974287;0.3310819780843487;0.44076683676221556;0.42196812491942626;0.5294219371285451;0.0;0.527335833514381;0.0;0.0;0.0;0.3526350115523952;0.0;0.4084413502433404;0.0;0.0;0.0;0.3415762943857815;0.3144145168739019;0.31441569889398285;0.427384993119631;0.34013730712781126;0.2628976136497166;0.46124116285380284;0.4612166848792348;0.20692959612523215;0.0;0.1893277709807061;0.29223861159738024;0.22439086391733185;0.0;0.16057298129609834;0.0;0.0;0.31052823493896925;0.18487894339684427;0.0;0.0;0.0;0.2243929510663053;0.0;0.22404132195901397;0.3305815263977782;0.0;0.133009463187105;0.35429116264566207;0.3265335925634101;0.3788400900870979;0.0;0.17279157005372367;0.441982222903565;0.0;0.2287230357749131;0.0;0.27607005306553684;0.3545815086714711;0.24486795599611363;0.3265347861670619;0.0;0.23488271110192113;0.2639008425176199;0.28240731005771214;0.31438950330091303;0.4430018709321184;0.3622665577242317;0.35458250228976745;0.0;0.0;0.2152709577906485;0.38748949953728423;0.0;0.23432010276707435;0.0;0.21531299470557777;0.37896722677461064;0.3933038670331126;0.48418487344475486;0.211219524833415;0.35329611316232495;0.18420240103187116;0.44306429236288586;0.33058166139172906;0.31080641530475195;0.0;0.0;0.3191135041290794;0.0;0.0;0.0;0.30191785114714287;0.0;0.0;0.0;0.2348827140622093;0.30295810423098457;0.0;0.39557322571320436;0.0;0.42427177254874826;0.2809046047380666;0.0;0.0;0.27130127331682286;0.3703924478382927;0.0;0.0;0.29385295344191037;0.18747930985108177;0.2342902168674493;0.3019178676531046;0.0;0.31419496576430095;0.4824972092778361;0.40617724502353136;0.3545810076026233;0.2390505692196289;0.5482138853129532;0.0;0.20710644112103943;0.0;0.0;0.4690665633370435;0.0;0.0;0.40836160042116815;0.31438228750651265;0.0;0.17856772671572702;0.0;0.0;0.0;0.40835629170375665;0.46124116285380284;0.3542893052527472;0.32692192111066154
GO:0045416;0.20944379752961323;0.2709858110215841;0.15106987342103567;0.47429461414377916;0.47149421705767536;0.2337293112093997;0.18376289715823127;0.39616884390538654;0.39616884390538654;0.0;0.0;0.0;0.0;0.39607184784576516;0.2816754378211068;0.1949396598043486;0.24467909599236767;0.20241924773925143;0.3186397529662767;0.0;0.0;0.2239829109187481;0.28165081366516515;0.2390788945709958;0.22404037964369694;1.0;0.5360190358817855;0.2193476014070569;0.22898733649518213;0.16438237350233353;0.1269466938584716;0.2711745944483992;0.2709857933681964;0.22897486768701644;0.0;0.38745403097783393;0.5708147968524064;0.0;0.27098582351055467;0.21043227092346817;0.31864630897460094;0.20256154351476355;0.2192606706197226;0.2425063208361346;0.16852641276528388;0.23907917858057148;0.23907889457099574;0.307420948479057;0.0;0.21187660014886475;0.1879804966994018;0.21925856894886878;0.16684132927955486;0.0;0.0;0.23907889457099574;0.0;0.0;0.21938621300455927;0.18285476255778552;0.28693581823559394;0.4666371550179866;0.0;0.135269362301269;0.0;0.0;0.2519250097412226;0.0;0.5684380439169692;0.09817647261052045;0.0;0.23373414954182906;0.0;0.2569489080031421;0.24467909599236765;0.328531717596389;0.23908095993547265;0.0;0.39413312251041727;0.0;0.21484216739084014;0.2337416827704062;0.1949109318829803;0.2958236149236222;0.2712273002226385;0.2283659198715642;0.2814724646468155;0.22890167297728967;0.0;0.22843449325739443;0.0;0.0;0.0;0.2021853336925528;0.0;0.30526494748823235;0.0;0.0;0.0;0.27622334320355346;0.21479795810886165;0.17190369480585585;0.2009436875567635;0.22406229448442141;0.23533186825369026;0.2337416827704062;0.23373539635518167;0.6711589162293418;0.0;0.11299822913581194;0.20624135772147953;0.21191079856788422;0.0;0.1199348275114614;0.0;0.0;0.21071852246737116;0.4673265305398783;0.0;0.0;0.0;0.1522850714132551;0.0;0.8844211260489903;0.2709857933681964;0.0;0.3649484346319278;0.2288828418619908;0.21924690092414054;0.210535178970119;0.0;0.444936552941413;0.2286917433268958;0.0;0.17827960841440904;0.0;0.2092824336540857;0.4070122786851803;0.3501861437911582;0.17546418614907466;0.0;0.5518365788896431;0.16950686978379875;0.20226443689105442;0.2147886148005456;0.22896442655050722;0.20531510707175699;0.2738319768704283;0.0;0.0;0.20598840693142792;0.19166550402460716;0.0;0.2518447887596978;0.0;0.6898551967909046;0.21057443836776038;0.2578482354774288;0.333265977129465;0.6254342275740301;0.20240248848725764;0.18511458456011812;0.31863841700584505;0.2709858585537896;0.18770175544925846;0.0;0.0;0.19069975922816118;0.0;0.0;0.0;0.2566333569291799;0.0;0.0;0.0;0.5518365835397834;0.21044694464524336;0.0;0.27110402210696694;0.0;0.22385669044360973;0.6114665977684673;0.0;0.0;0.30764454310982065;0.18738709022107075;0.0;0.0;0.2524019257477379;0.47203633444621435;0.21816670947365097;0.25663336549937976;0.0;0.17183769119173956;0.23907917858057148;0.19612891591763165;0.40701198143347744;0.25496337761479687;0.21479792044191032;0.0;0.3689458228223666;0.0;0.0;0.2986608370776468;0.0;0.0;0.2193476014070569;0.17189370683176158;0.0;0.10907543639494928;0.0;0.0;0.0;0.21934606972647605;0.2337416827704062;0.22888222147184709;0.3899609584435762
GO:0051770;0.27124778519071874;0.30202050806002834;0.16689132880149873;0.446722555010702;0.4395305783926896;0.3260749939599701;0.2212190553117819;0.2524656502265719;0.2524656502265719;0.0;0.0;0.0;0.0;0.25238783935487613;0.32090837880945006;0.24209847438816728;0.353664941338606;0.2568250195848625;0.3932283215889166;0.0;0.0;0.3787127391840513;0.3208639052607849;0.3393100438042799;0.303216257665924;0.5360190358817855;1.0;0.292628928580921;0.314714059387125;0.2347817533173721;0.20863142271307453;0.3023469521732518;0.3020204775455249;0.3146846312230419;0.0;0.33131016406394626;0.44613577407729443;0.0;0.3020205296476559;0.3415276857128081;0.39324221580567315;0.24398994174636646;0.3654064019285103;0.25626287764650285;0.19473570549937672;0.3393107586135306;0.3393100438042799;0.2514953789834286;0.0;0.210808991454886;0.22894578529281465;0.365400564887368;0.19193672861906869;0.0;0.0;0.3393100438042799;0.0;0.0;0.2927148068589938;0.313523373563705;0.3304988177280444;0.3117285443571746;0.0;0.23210059238407038;0.0;0.0;0.27030234264425934;0.0;0.4082027973628708;0.14081414159627856;0.0;0.3260867607186645;0.0;0.3529722256611596;0.353664941338606;0.29213514792354556;0.33931524204499985;0.0;0.29115849850270087;0.0;0.21491634734560738;0.32610508214890244;0.242043114090549;0.21687197939141759;0.3024381357119755;0.3132502198662702;0.32054192592333197;0.3145119276221779;0.0;0.31341147543708353;0.0;0.0;0.0;0.2563548229690659;0.0;0.3657118408230685;0.0;0.0;0.0;0.31117120363269835;0.3531777791884732;0.28265001257280503;0.37074767095164274;0.30326641863007414;0.2445093273710652;0.32610508214890244;0.32608979301046187;0.4973691630970754;0.0;0.17344501584946181;0.3306238169485324;0.2108561047797101;0.0;0.12286338457529075;0.0;0.0;0.20921701509437468;0.3123365747368681;0.0;0.0;0.0;0.16875014134498942;0.0;0.5360211545940494;0.3020204775455249;0.0;0.22791965714879261;0.3929358096397333;0.3653681602463155;0.27354246009353905;0.0;0.29287785458782295;0.3140170355573966;0.0;0.26419632997173004;0.0;0.2558637336790226;0.39322160332716727;0.22883845011198725;0.2924060068220476;0.0;0.391494795255859;0.1963757382782103;0.2565137591792984;0.3531525202581054;0.3146599904214048;0.2626991914042702;0.31469701229007657;0.0;0.0;0.20278341316397921;0.340349453026018;0.0;0.2701618178785474;0.0;0.5163501341211216;0.2736252810241389;0.28292989603290025;0.4252806991928107;0.5070927767945095;0.25679131022852963;0.14003856265061326;0.39322549032435267;0.3020205902211332;0.22842954621496864;0.0;0.0;0.23402419151435305;0.0;0.0;0.0;0.27791514605056755;0.0;0.0;0.0;0.39149479987931607;0.3415663389875363;0.0;0.3022248892162148;0.0;0.30279607725436536;0.4754950593626539;0.0;0.0;0.2517623011996847;0.3270880668865798;0.0;0.0;0.27106706363223854;0.31650605170403234;0.2195740612845751;0.27791516003637934;0.0;0.28247161542807625;0.3393107586135306;0.3546827640255997;0.3932211101599335;0.27518651541677913;0.2826489758313108;0.0;0.3098393822579735;0.0;0.0;0.35270972405306394;0.0;0.0;0.292628928580921;0.2826230110195841;0.0;0.1643713117652359;0.0;0.0;0.0;0.2926255222977526;0.32610508214890244;0.3929339811994104;0.36575721002588235
GO:0045662;0.3623346561290896;0.32046506579219425;0.2171655250542223;0.2628957099486096;0.29284239170542586;0.4417385470991293;0.29178985988171174;0.14587936880732924;0.14587936880732924;0.0;0.0;0.0;0.0;0.14583315872351169;0.3418118951083931;0.44670346555456125;0.4825521659611356;0.4756458558859312;0.4250827161596322;0.0;0.0;0.3266600394506888;0.34176143942472953;0.4612442593639076;0.40836160042116815;0.2193476014070569;0.292628928580921;1.0;0.5915430129418904;0.19669704305843444;0.22366711714559712;0.32083262391875694;0.3204650314368089;0.425057929819598;0.0;0.2612308920178689;0.26340129220222785;0.0;0.32046509009707175;0.2923530895154204;0.425098952667509;0.25588791009727097;0.31432356011974566;0.738023243633636;0.25515952081290977;0.46124531645626315;0.4612442593639076;0.36760852766242386;0.0;0.2196324056714517;0.4210357059303948;0.3143181632786505;0.34971572368414633;0.0;0.0;0.4612442593639076;0.0;0.0;0.5470946518498827;0.4233628188212076;0.3527136640607872;0.1813057185799608;0.0;0.2508614089565995;0.0;0.0;0.2849820869440326;0.0;0.2399826268384708;0.14750682075816451;0.0;0.4417558296539697;0.0;0.3784272837596334;0.4825521659611356;0.2186468334101766;0.4612519467670912;0.0;0.168955691597495;0.0;0.22409442266367588;0.4417827396629765;0.4465950711798479;0.2612111304604873;0.32093530024163397;0.42296423808165456;0.3413961778306697;0.42480576677720416;0.0;0.5077114237824891;0.0;0.0;0.0;0.4747184275740932;0.0;0.39310883688290366;0.0;0.0;0.0;0.33078666425704095;0.3030453942799152;0.37866493585773986;0.4066476003049885;0.40843441367926525;0.3568721554979408;0.4417827396629765;0.4417602833825506;0.20291983996592358;0.0;0.18371195215494412;0.28239156510942387;0.21968354586792924;0.0;0.22006857411579542;0.0;0.0;0.21790492203977824;0.18167160092218124;0.0;0.0;0.0;0.3057002467846726;0.0;0.21934850466001346;0.3204650314368089;0.0;0.1313412387046757;0.3399212125880873;0.3142882026660088;0.5087641363910259;0.0;0.1699867280197964;0.42408330328125204;0.0;0.22264668534031104;0.0;0.2689790353182437;0.34018847466936913;0.23927300229658716;0.392713144071649;0.0;0.22972995576336036;0.35820051972248423;0.47507494665420313;0.30302215689898265;0.5914331522698547;0.3501533983313997;0.4250760081703584;0.0;0.0;0.2109348054498431;0.37036542735860334;0.0;0.2279468689454144;0.0;0.21097516578229142;0.5089289118824091;0.5275233996256176;0.4627873486954749;0.20704346765851003;0.4755793592941043;0.2518933812295725;0.42507940761106067;0.3204651582949769;0.4200317218418118;0.0;0.0;0.30967670813320164;0.0;0.0;0.0;0.2934571883595671;0.0;0.0;0.0;0.22972995859519013;0.2923884810252363;0.0;0.3206951820589534;0.0;0.407751743484218;0.22902535023566584;0.0;0.0;0.36801834779475656;0.3547155882275558;0.0;0.0;0.2858322559110953;0.1841819133832116;0.22916314078526925;0.2934572039533956;0.0;0.3784087032158511;0.46124531645626315;0.38740164924421017;0.340188013453276;0.23242105179730627;0.5269236462010952;0.0;0.28260680793599313;0.0;0.0;0.45363630566668167;0.0;0.0;0.8505999609251639;0.3786261519032914;0.0;0.17356365963307385;0.0;0.0;0.0;0.5469152768703461;0.4417827396629765;0.3399195028098988;0.3146479357454939
GO:0043242;0.38941427089712305;0.3414665302151306;0.2266102922404665;0.27686493109195254;0.31028091698633775;0.48265756069537347;0.30909955080210205;0.15008122301456323;0.15008122301456323;0.0;0.0;0.0;0.0;0.1500323130032917;0.36580920415834073;0.4760313916978079;0.5318032757842975;0.5090393210676007;0.4628423032830978;0.0;0.0;0.3544242974322882;0.43733344325755474;0.5060399822837354;0.529805315001013;0.22898733649518213;0.314714059387125;0.5915430129418904;1.0;0.2064345266967278;0.24117117742374367;0.4087947310660961;0.3414664912092833;0.5533910691690676;0.0;0.2726238738726874;0.2774257273459995;0.0;0.3414665578099995;0.3143950359036154;0.6431628705727467;0.26910360573425035;0.3399481032523939;0.5077696217988455;0.2682981545853451;0.5060412546751927;0.5060399822837354;0.2782626138070821;0.0;0.22929774129044675;0.44699215428180444;0.3399417906214749;0.36743826425302956;0.0;0.0;0.5060399822837354;0.0;0.0;0.5917448505359763;0.4608040147385073;0.30277321765830467;0.18784190967723452;0.0;0.27309217175205003;0.0;0.0;0.3014706714575378;0.0;0.2515692840996855;0.15492226541676873;0.0;0.48267819344689766;0.0;0.4080641018986686;0.5318032757842975;0.22822372854713738;0.5060492354012549;0.0;0.17461785258725127;0.0;0.23416547021477674;0.48271032021749805;0.4759082989778905;0.2709732597153976;0.3420004685501516;0.4603318568710726;0.43683326591500454;0.5530336318247403;0.0;0.5507577024467881;0.0;0.0;0.0;0.5079772437590759;0.0;0.4251873224897019;0.0;0.0;0.0;0.3532100831106423;0.3267946025886223;0.40834044899999294;0.45058804551934184;0.3546727503370108;0.3753466089782688;0.48271032021749805;0.482683510548152;0.211142669027142;0.0;0.1953580370425684;0.3029043083925297;0.22935348213681872;0.0;0.2269571318578661;0.0;0.0;0.2719235216255255;0.18823467671395747;0.0;0.0;0.0;0.3191565572975945;0.0;0.22898832088388765;0.3414664912092833;0.0;0.13473757413467982;0.37008957169107665;0.33990674631462686;0.5471574166513212;0.0;0.1757193778618933;0.461657698590117;0.0;0.23520493881452298;0.0;0.28362022520037494;0.37040640060843577;0.25078959358537645;0.4247244541348331;0.0;0.24032588177943995;0.3768163490293608;0.36530593012276974;0.3267675804982649;0.6439612717706615;0.37537946881953077;0.46283435064994893;0.0;0.0;0.21983428086479945;0.40646665193597903;0.0;0.24112784495907078;0.0;0.21987811905145935;0.5473480043349216;0.40880801762567637;0.5078979574925022;0.21561094736644262;0.5089631604685014;0.2609593897594915;0.4628383808421604;0.34146663523940785;0.4458607314558466;0.0;0.0;0.32924478714270417;0.0;0.0;0.0;0.31097120134962775;0.0;0.0;0.0;0.24032588487852125;0.31443596564862636;0.0;0.40860812159791643;0.0;0.4423697445280507;0.23955488876399908;0.0;0.0;0.27858941488808164;0.3876945138796867;0.0;0.0;0.3024222293759629;0.19093098662127594;0.23970564469601663;0.3109712188603312;0.0;0.4080424971782474;0.5060412546751927;0.4270783543569136;0.37040585381640817;0.24614011427556215;0.7257388189820617;0.0;0.2940687424586221;0.0;0.0;0.48750778617431395;0.0;0.0;0.5915430129418904;0.4082953483061839;0.0;0.1839223426905453;0.0;0.0;0.0;0.5915350076359241;0.48271032021749805;0.37008754495713997;0.3403275546238583
GO:0002925;0.18679963832057936;0.2996025105638129;0.13057239865378578;0.18768088633801874;0.16203048128987485;0.21126273106559737;0.16162740370858694;0.16607598897023387;0.16607598897023387;0.0;0.0;0.0;0.0;0.16603294930586016;0.22471965262055926;0.1724966515307015;0.2225090920164534;0.1798443082644948;0.2579389296065665;0.0;0.0;0.2516129236122232;0.2246978434162062;0.21674011987371714;0.20142449125495532;0.16438237350233353;0.2347817533173721;0.19669704305843444;0.2064345266967278;1.0;0.14187655612484582;0.21545718428365782;0.2996024889860956;0.2064218644863951;0.0;0.13083502122692628;0.18793841527033786;0.0;0.29960252582906854;0.23463960207721096;0.257944907841771;0.3984617398456966;0.24566923327350645;0.179568473027067;0.14701929084267756;0.21674041153247495;0.21674011987371714;0.2621002450752669;0.0;0.2934413815348142;0.16571354668171465;0.24566659485147543;0.18170416880014892;0.0;0.0;0.21674011987371714;0.0;0.0;0.1967358404649466;0.2059215528132948;0.2293807211205764;0.14204647981334723;0.0;0.15235272836818164;0.0;0.0;0.2765063046879216;0.0;0.17570456811852192;0.10687416245765557;0.0;0.21126767032822558;0.0;0.19206096931165026;0.2225090920164534;0.2282087127124264;0.21674224086640592;0.0;0.13435235316650546;0.0;0.23247207439492268;0.21127536075665676;0.17246854519683788;0.11680438275009522;0.21550348519862605;0.257157368849083;0.22453989520376574;0.20634753797875743;0.0;0.20587327586852155;0.0;0.0;0.0;0.22443215603233332;0.0;0.24580725728224034;0.0;0.0;0.0;0.21990105247095731;0.2400804711017984;0.19213744106880276;0.3985152250774357;0.2014466253281332;0.14755768834275104;0.21127536075665676;0.21126894315505942;0.1549797062561514;0.0;0.12467654343208871;0.4966453950302664;0.2934925665745991;0.0;0.10198061910213668;0.0;0.0;0.1635707943165361;0.19798629667722661;0.0;0.0;0.0;0.1974367354229684;0.0;0.16438288078924596;0.2996024889860956;0.0;0.1522860691868805;0.2578130373606261;0.24565194701040635;0.1878850600095242;0.0;0.18787278260026777;0.20613439554710727;0.0;0.422862315555929;0.0;0.4129189568585653;0.25793603890218664;0.17532387131561175;0.1965962983877602;0.0;0.17014499031810315;0.18487028123998198;0.17969162184530685;0.33408314975858233;0.20641126153284045;0.18270517833212077;0.20642719185225533;0.0;0.0;0.2846483045978986;0.2713520903177095;0.0;0.2763705494975821;0.0;0.15963481366736612;0.1879241291566961;0.1922667312459274;0.2713539984662046;0.15737357339536015;0.17982777775337624;0.2253470712673934;0.25793771138653476;0.2996025686623789;0.20672548241828934;0.0;0.0;0.25172830117009715;0.0;0.0;0.0;0.2821877610761068;0.0;0.0;0.0;0.17014499187145637;0.23465784614624743;0.0;0.21539519094195028;0.0;0.2514536529665611;0.16975818294351158;0.0;0.0;0.18847173398913258;0.26450938878528424;0.0;0.0;0.27705068887513973;0.14380588943452785;0.30287831494815276;0.28218777143643387;0.0;0.19205498897816284;0.21674041153247495;0.27853411884387996;0.2579358267030002;0.20129902918056533;0.1921369620010068;0.0;0.12411001569320988;0.0;0.0;0.23986409549969523;0.0;0.0;0.19669704305843444;0.19212496355613753;0.0;0.11991808579801795;0.0;0.0;0.0;0.19669550404094968;0.21127536075665676;0.2578122502278128;0.24582775260878625
GO:0031584;0.20680703813159093;0.18365133087383104;0.12571066051502347;0.25669358234030115;0.2276961535957728;0.2502109351543727;0.16768401513779238;0.20084673373147133;0.20084673373147133;0.0;0.0;0.0;0.0;0.2007840259546819;0.1954804798336564;0.18395655894300794;0.2722647515665876;0.19548145492824825;0.24116128186311958;0.0;0.0;0.23194281330935917;0.19545257784392625;0.26077239508154093;0.23204703013115105;0.1269466938584716;0.20863142271307453;0.22366711714559712;0.24117117742374367;0.14187655612484582;1.0;0.1838554237524131;0.18365131179674182;0.24114779309709078;0.0;0.12604025712183917;0.15178843957770416;0.0;0.18365134437000666;0.20844169104803903;0.24117011776200417;0.1475667572512708;0.22351433309636523;0.19504079995784065;0.14715715490845008;0.26077296638214675;0.26077239508154093;0.15221192927375712;0.0;0.12710798180402827;0.17369670031176013;0.22351064041800342;0.14499505925550144;0.0;0.0;0.26077239508154093;0.0;0.0;0.22373500657255463;0.24022515879209083;0.20150278100068475;0.2487533659966965;0.0;0.7266002345724946;0.0;0.0;0.1638801438118914;0.0;0.13860932886079946;0.14391829058171;0.0;0.2502203103364895;0.0;0.21565726847664732;0.2722647515665876;0.29888981095227696;0.26077654969990505;0.0;0.23209046132675287;0.0;0.1296337006703223;0.25023490801432297;0.18391330887950308;0.22113132981806655;0.18391243392371004;0.3247661151065467;0.19525058008855414;0.24101056191987924;0.0;0.24013626755996714;0.0;0.0;0.0;0.19511287062133414;0.0;0.22370756807013623;0.0;0.0;0.0;0.18937705235758961;0.21578700759256042;0.21578776097384356;0.28599177816009413;0.23208678224009613;0.3000897991714726;0.25023490801432297;0.2502227263235951;0.11762822739612407;0.0;0.1781786846249967;0.20158134528437766;0.12713694213636248;0.0;0.09207892996575551;0.0;0.0;0.12612954976920232;0.10553080849099743;0.0;0.0;0.0;0.12713807499826912;0.0;0.1269472053952643;0.18365131179674182;0.0;0.18109005999733072;0.24097526694343324;0.22349014039321727;0.20861246737913375;0.0;0.09885663435636019;0.240617348930441;0.0;0.16008738632463293;0.0;0.15491851432173007;0.2411570094548511;0.13820903904054785;0.22349089699212119;0.0;0.13282053874516075;0.1484246644881033;0.19523745524222202;0.21577106465724866;0.24112821304799442;0.20008959128946555;0.24115763137091942;0.0;0.0;0.12217837307463231;0.26160322894989974;0.0;0.16379280832043305;0.0;0.12220126781449552;0.20867764822813606;0.21600850640853156;0.2616062275908206;0.11997012872709817;0.19545502902130296;0.10515805255118021;0.24115948134938534;0.18365138223939712;0.1732946435814792;0.0;0.0;0.17765443181176982;0.0;0.0;0.0;0.16861487495233382;0.0;0.0;0.0;0.1328205403456504;0.2084660352599959;0.0;0.1837791085318242;0.0;0.2317140593255828;0.13242228333600248;0.0;0.0;0.15237724849214124;0.2510181974892749;0.0;0.0;0.1643554543235415;0.32294647017600003;0.13250016928724273;0.16861488365686786;0.0;0.21564706582569368;0.26077296638214675;0.2730810853212648;0.24115669583052107;0.16691705165769824;0.21578694331768875;0.0;0.11772484288228928;0.0;0.0;0.21549159272656288;0.0;0.0;0.22366711714559712;0.2157664654828562;0.0;0.16861659458665224;0.0;0.0;0.0;0.22366442440186401;0.25023490801432297;0.24097410422930537;0.22373627169968802
GO:0071803;0.300078024597006;0.37680189022573835;0.19314827557559403;0.27413030401029037;0.25079041367326865;0.3525633604025;0.25001806497917445;0.18734925795587543;0.18734925795587543;0.0;0.0;0.0;0.0;0.18729448514020813;0.3977930930274998;0.27117110523939614;0.3780858564443553;0.2858647551026626;0.47573179006305844;0.0;0.0;0.33084730416831143;0.6175198992669761;0.36487884198093584;0.4618425410572617;0.2711745944483992;0.3023469521732518;0.32083262391875694;0.4087947310660961;0.21545718428365782;0.1838554237524131;1.0;0.376801856093789;0.7387298222542565;0.0;0.19360834751320488;0.3184996290643353;0.0;0.3768019143725443;0.3021112533059087;0.6076339312819558;0.26775685790728543;0.3206466785979505;0.28530724781824207;0.2226326564875286;0.36487950350879444;0.36487884198093584;0.3192918809039709;0.0;0.27148735883322567;0.25789035730901005;0.3206421839592004;0.21970128226449234;0.0;0.0;0.36487884198093584;0.0;0.0;0.3209152361608318;0.2727100965838921;0.2934489269650829;0.22856744445014784;0.0;0.20184114705879336;0.0;0.0;0.3409339347829685;0.0;0.2936032742889326;0.12907432919415374;0.0;0.35257436941261067;0.0;0.24891973014978078;0.3780858564443553;0.2704046439130787;0.364883652739491;0.0;0.2143714323230656;0.0;0.2763756222526218;0.3525915107774732;0.27111551921788907;0.1694963648297694;0.37726896015748246;0.3405005095665357;0.5075533381510376;0.4085664463761925;0.0;0.40732293940132713;0.0;0.0;0.0;0.2853984533204776;0.0;0.44652280940847194;0.0;0.0;0.0;0.3870054069599832;0.3111916530019564;0.24904819747295848;0.3150008089032034;0.2649165609239184;0.22362149061033493;0.3525915107774732;0.35257720641537954;0.2529794021559905;0.0;0.15597143547672468;0.29354746732009523;0.271543510025949;0.0;0.1450162752116375;0.0;0.0;0.5680770431182214;0.2289852423697251;0.0;0.0;0.0;0.19513916492813;0.0;0.27117558651976154;0.376801856093789;0.0;0.16998422302690525;0.3416509944947303;0.3206172314157878;0.30232340719376416;0.0;0.21556357974810406;0.341225378785267;0.0;0.23997604909949108;0.0;0.279627023133315;0.34186703419517694;0.29283970670179327;0.2565915067880957;0.0;0.28251795901307986;0.22434693860651272;0.22853125394633172;0.3111720425417963;0.34183280703740393;0.2916745922971028;0.2735976314820392;0.0;0.0;0.2618948363333099;0.29278295558130557;0.0;0.24488772999690112;0.0;0.2619395463322737;0.3024043676859949;0.31146406148763683;0.5090896129900607;0.25757544993007536;0.28583133117965165;0.16401802639433205;0.4757288121149124;0.3768019821269078;0.25736602522199187;0.0;0.0;0.2630359863471833;0.0;0.0;0.0;0.3496144129660098;0.0;0.0;0.0;0.2825179620907744;0.3021414989331467;0.0;0.48155175431364067;0.0;0.3305719837050815;0.3221853743762144;0.0;0.0;0.319601025425083;0.28291557649251137;0.0;0.0;0.3418079728945892;0.23184747630687133;0.2819017553648026;0.34961442887136607;0.0;0.24890968487526585;0.36487950350879444;0.3033277801857394;0.34186666143114997;0.2490090946342671;0.43423975413109905;0.0;0.18193346180292028;0.0;0.0;0.5524403998456441;0.0;0.0;0.32083262391875694;0.24902723403697752;0.0;0.1485950083512336;0.0;0.0;0.0;0.3208293470573759;0.3525915107774732;0.3416496121918477;0.3209167755771165
GO:0051897;0.29975642895946786;0.8976623028373726;0.19301498810699683;0.27390653747380606;0.2505657462613586;0.35211951194130775;0.3485660677640815;0.44654284344950657;0.44654284344950657;0.0;0.0;0.0;0.0;0.44641235643734783;0.39738694926253465;0.27090845764627397;0.37757546703976974;0.2855728880734741;0.47515102191021774;0.0;0.0;0.33045641895416056;0.39733794035733555;0.3644034644741684;0.3305815263977782;0.2709857933681964;0.3020204775455249;0.3204650314368089;0.3414664912092833;0.2996024889860956;0.18365131179674182;0.376801856093789;1.0;0.34143876525006284;0.0;0.19347442453701566;0.3182392107210568;0.0;0.8976623603071304;0.30178528722126663;0.4751656002244551;0.3548768725191501;0.3202795118406808;0.28501651752646473;0.22245558866785833;0.3644041242794228;0.3644034644741684;0.3190301659265515;0.0;0.347647714276429;0.25765279506859345;0.3202750274894258;0.3919730767924064;0.0;0.0;0.3644034644741684;0.0;0.0;0.3205474544578331;0.2723782579586527;0.2931413759970977;0.2284332969040944;0.0;0.20159517385404696;0.0;0.0;0.34063555516051097;0.0;0.29338196315823717;0.1289736965261515;0.0;0.3521304932495464;0.0;0.24864323389850918;0.37757546703976974;0.34626222786772054;0.36440826270554233;0.0;0.21425342644576464;0.0;0.27617951207025593;0.35214759148002966;0.2708529792392635;0.1693937133705722;0.3769036259465102;0.6072311377745927;0.3969830813513017;0.34127603753283847;0.0;0.34023859820165664;0.0;0.0;0.0;0.5090651239113517;0.0;0.44601112957968075;0.0;0.0;0.0;0.386620982153326;0.310845808874144;0.24877141590761342;0.3930490732339631;0.2646034070268181;0.22344284701742143;0.35214759148002966;0.3521333231134511;0.25281507963514027;0.0;0.15582451618728094;0.40807654450472375;0.347719567435026;0.0;0.1449411274876331;0.0;0.0;0.26940228924827553;0.5457229482429704;0.0;0.0;0.0;0.23394475265902875;0.0;0.2709867840586087;0.8976622216028247;0.0;0.4051717321062282;0.34123418014130685;0.3202501320556967;0.3019969833844072;0.0;0.5137538359129283;0.34080960165574997;0.0;0.33366779868171353;0.0;0.37059613262144114;0.3414496928600024;0.2926195447606584;0.2562977145680531;0.0;0.2823130382576521;0.40025483447370697;0.22829817592396737;0.4325502123219157;0.34141554921408623;0.29137074736448365;0.2732636307273891;0.0;0.0;0.3353724609434694;0.36536247948854517;0.0;0.3404911301066514;0.0;0.26176338162128776;0.30207776911877604;0.3111176119472656;0.5084246005883869;0.2574051044658294;0.2855395323630825;0.1966566964555097;0.47514805122850373;0.8976625215635251;0.4591096579924666;0.0;0.0;0.2627888540190908;0.0;0.0;0.0;0.3493006528926942;0.0;0.0;0.0;0.2823130413308835;0.30181546761278594;0.0;0.3766656117215239;0.0;0.5895460158803704;0.28154809382155244;0.0;0.0;0.3193388036155062;0.3530645665617603;0.0;0.0;0.8143687766356453;0.23170945215872973;0.36097400974825816;0.3493006687695149;0.0;0.24863321092742702;0.3644041242794228;0.37850350957372175;0.34144932100553843;0.24878760602269617;0.31084572998991733;0.0;0.1818151984417477;0.0;0.0;0.43205254530953274;0.0;0.0;0.3204650314368089;0.24875049903952426;0.0;0.14846165115072837;0.0;0.0;0.0;0.3204617620799853;0.35214759148002966;0.34123280120918026;0.32054899034766593
GO:0071801;0.38937821227138236;0.3414388042495762;0.2265980809511922;0.2768467033460012;0.31025802393145824;0.48260216780294973;0.3090768317353954;0.15007586673937742;0.15007586673937742;0.0;0.0;0.0;0.0;0.15002696021859077;0.36577738438075896;0.3420628888060697;0.5317360288086944;0.3657794035995237;0.4627913650408742;0.0;0.0;0.3543869747601748;0.5081806220004857;0.5059790926916216;0.6182236702582304;0.22897486768701644;0.3146846312230419;0.425057929819598;0.5533910691690676;0.2064218644863951;0.24114779309709078;0.7387298222542565;0.34143876525006284;1.0;0.0;0.22723156504975095;0.27740742568627186;0.0;0.34143883183996404;0.3143656673687651;0.5533883094600357;0.2690863855853206;0.33991376700195985;0.3648671174079983;0.26828103736175907;0.5059803647768942;0.5059790926916216;0.27824420156637125;0.0;0.22928523865599618;0.3211976961339291;0.33990745564617153;0.26403579403943733;0.0;0.0;0.5059790926916216;0.0;0.0;0.4252029471606411;0.3687421942456885;0.3027459801527045;0.18783351911136725;0.0;0.27306218793008735;0.0;0.0;0.30144905996988147;0.0;0.2515542348479169;0.15491261565038242;0.0;0.4826227958187494;0.0;0.32654303027760856;0.5317360288086944;0.22821134275795668;0.5059883435824798;0.0;0.1746106018041613;0.0;0.23415243112765355;0.4826549152150619;0.3419744450019174;0.19472065426478238;0.341972655812244;0.46028146967598904;0.43679531758530815;0.5529728107194369;0.0;0.5506973808849126;0.0;0.0;0.0;0.36501629500178967;0.0;0.425144334972313;0.0;0.0;0.0;0.35318041735812455;0.32676287193118686;0.32676414862028036;0.450527723943645;0.35463537532261935;0.26971825106741865;0.4826549152150619;0.48262811169956527;0.21113206780660335;0.0;0.19534269282928057;0.30287704729701714;0.2293409734231707;0.0;0.16309201014171795;0.0;0.0;0.4049109090286636;0.1882262510237755;0.0;0.0;0.0;0.22934315367419647;0.0;0.22897585196852083;0.34143876525006284;0.0;0.13473325706365746;0.3700488770306011;0.33987241841772725;0.39316728910180626;0.0;0.17571203531333532;0.46160702074396026;0.0;0.23518850138088143;0.0;0.28360109714743104;0.3703656362456233;0.2507746374707874;0.33987371153024043;0.0;0.24031214762489148;0.27077431546376735;0.2923298513335588;0.3267358550878661;0.4627193413438118;0.3753459624074823;0.3703667202944314;0.0;0.0;0.21982278891311066;0.406417564665868;0.0;0.24111056928093128;0.0;0.2198666225161053;0.39330422562518047;0.4087682781391452;0.5078366199824901;0.21559989271613075;0.3657246817843382;0.18752503519993996;0.46278744346325634;0.3414389092567989;0.3203847451383419;0.0;0.0;0.32921901031470474;0.0;0.0;0.0;0.31094820632450393;0.0;0.0;0.0;0.2403121507236186;0.3144065894669077;0.0;0.40857491857044076;0.0;0.4423232126256599;0.287377031439115;0.0;0.0;0.27857095937548526;0.38764985572505195;0.0;0.0;0.302400481249507;0.1909223178254171;0.23969198133864983;0.3109482238326178;0.0;0.3265257433211361;0.5059803647768942;0.4270241628158307;0.3703650895739413;0.24612211294845257;0.5697444988290599;0.0;0.21131617192124055;0.0;0.0;0.4874605233147699;0.0;0.0;0.425057929819598;0.3267280614311177;0.0;0.1839087422480691;0.0;0.0;0.0;0.4250521781248637;0.4826549152150619;0.37004685074235383;0.34029314168201635
GO:0090557;0.2304270767101005;0.0;0.1340641215825939;0.0;0.0;0.28563510165480815;0.0;0.0;0.0;0.23074745354967494;0.2224622335546359;0.20764373280113288;0.0;0.0;0.0;0.0;0.3147387800921356;0.0;0.0;0.0;0.0;0.0;0.0;0.29948152702692116;0.0;0.0;0.0;0.0;0.0;0.0;0.0;0.0;0.0;0.0;1.0;0.0;0.0;0.23085885615921295;0.0;0.0;0.0;0.15921192951045862;0.0;0.0;0.15873523356673916;0.29948228052417175;0.29948152702692116;0.0;0.0;0.0;0.0;0.0;0.0;0.23147836471431704;0.16878763082038575;0.29948152702692116;0.0;0.20764373280113288;0.0;0.0;0.0;0.0;0.28531936532432006;0.0;0.28504443847866184;0.27368050576524244;0.0;0.4047642466666379;0.0;0.15497317757685938;0.22278350314017575;0.28564731944317345;0.2508183468706176;0.0;0.3147387800921356;0.0;0.29948700662884703;0.24146980153178965;0.0;0.17224937192683554;0.0;0.2856663434744368;0.0;0.0;0.0;0.0;0.0;0.0;0.0;0.0;0.0;0.30041700576797187;0.0;0.0;0.18872611824569824;0.0;0.25114806589690253;0.2504454506915339;0.25114806589690253;0.0;0.0;0.0;0.0;0.0;0.0;0.2856663434744368;0.28565046799172655;0.0;0.2511616734486419;0.1954390013610082;0.0;0.0;0.18879916457434243;0.096482347879086;0.0;0.0;0.13454063629051102;0.0;0.25114806589690253;0.2733531943342262;0.25114806589690253;0.0;0.3002200840046927;0.0;0.0;0.24078990780307577;0.0;0.0;0.0;0.0;0.5650611548977446;0.0;0.27320025492373234;0.0;0.0;0.699781831068959;0.167803569925091;0.0;0.0;0.0;0.0;0.0;0.0;0.0;0.0;0.0;0.22211838870929482;0.0;0.2717055310585511;0.23074692579138406;0.0;0.0;0.0;0.0;0.2733553878977149;0.0;0.0;0.0;0.0;0.0;0.0;0.0;0.0;0.0;0.0;0.24916019872036468;0.2507060051074577;0.0;0.28707939975811153;0.30096855959579244;0.0;0.0;0.2153410516656004;0.25107083572200223;0.0;0.0;0.0;0.42414753600556565;0.0;0.25114806589690253;0.0;0.0;0.13527026162813804;0.0;0.0;0.0;0.0;0.0;0.0;0.0;0.0;0.0;0.2606346962233272;0.0;0.29948228052417175;0.0;0.0;0.0;0.0;0.0;0.0;0.0;0.0;0.0;0.30037738005479464;0.2392369751035311;0.0;0.0;0.5637532983547001;0.1839941038658358;0.48653283704974265;0.0;0.22246343978874716;0.0;0.2856663434744368;0.0;0.0
GO:0043922;0.20798426328015193;0.19347443705921574;0.15030905796104627;0.5344198811196669;0.5724724555847852;0.23191314805287608;0.18263837974302224;0.22258538846811965;0.22258538846811965;0.0;0.0;0.0;0.0;0.22253109677958677;0.20105504577351066;0.2323510106401905;0.24268950332863598;0.2412059689842098;0.2272386484485075;0.0;0.18887269204586948;0.17791886101189264;0.2010375878693732;0.237178981417403;0.22237113106264136;0.38745403097783393;0.33131016406394626;0.2612308920178689;0.2726238738726874;0.13083502122692628;0.12604025712183917;0.19360834751320488;0.19347442453701566;0.22723156504975095;0.0;1.0;0.3379654163963777;0.0;0.19347444591810387;0.16723038955139696;0.22724328828213572;0.16789403787200552;0.17419514689273977;0.240874925521294;0.16758016059288228;0.23717926093097477;0.23717898141740296;0.1714141459502991;0.0;0.1514867196474025;0.22410821367913403;0.1741934893635386;0.199046436275651;0.0;0.0;0.23717898141740296;0.0;0.0;0.2612765407525262;0.22674622511191803;0.16388433069388078;0.26200225532751964;0.0;0.13424065851133307;0.0;0.0;0.17994773881774673;0.0;0.31885215364229325;0.09763345625415817;0.0;0.23191791148540788;0.0;0.29768667015062616;0.24268950332863592;0.21017596908497735;0.23718101408607753;0.0;0.24793804891425264;0.0;0.15359611776251117;0.23192532809264563;0.23231699163679842;0.2957674995605312;0.19364573328113685;0.22663184225484326;0.20091114230969756;0.22715948045924841;0.0;0.22669937802801995;0.18467499404600418;0.0;0.0;0.24092910885611407;0.0;0.21776997213638197;0.0;0.0;0.0;0.19718914670247695;0.29656675407326777;0.42062483594746763;0.1992673072104448;0.17798144878449842;0.2675832003723138;0.23192532809264563;0.2319191389971942;0.3669556139578794;0.0;0.11227947750395458;0.16392273020539455;0.1515110465772844;0.0;0.14330962688635476;0.0;0.0;0.15066290146982111;0.2623876011314173;0.0;0.0;0.0;0.18176856635712293;0.0;0.3874551318808024;0.1934744245370156;0.0;0.2051051936814228;0.18178145656694134;0.17418428711356213;0.25080929793146595;0.0;0.24986951573722782;0.2269527327940135;0.0;0.14183041241884864;0.0;0.1734323069621121;0.1818578614546091;0.16057800253071086;0.2176484868829143;0.12583195311736098;0.3095886895163016;0.20220854275774572;0.20090292293986986;0.1706676367074469;0.2725968057925723;0.20391235551893078;0.2272367314885091;0.0;0.0;0.1472975789538791;0.19013976920119388;0.0;0.14396277286486622;0.0;0.37712733471282217;0.2508557397509187;0.2133910230489905;0.2375863394482259;0.4546918659533823;0.24118613291541954;0.15842860762184263;0.22723770295927084;0.19347447077556493;0.22377797839009153;0.0;0.12856119574585964;0.18948902030106238;0.0;0.0;0.0;0.18329021454723;0.0;0.0;0.0;0.30958869211144546;0.16724196909965736;0.0;0.1935582883119506;0.0;0.22219016777144476;0.39909033093848584;0.0;0.0;0.17153810301259698;0.18592845175889564;0.0;0.0;0.18028633780864756;0.26502014333559304;0.1559604972146037;0.18329022063056588;0.0;0.3384724510944773;0.23717926093097477;0.19453158866250328;0.18185772965027414;0.14573458415480411;0.2558511902484131;0.14030562016589918;0.4772023498040747;0.0;0.0;0.21309236764999462;0.0;0.0;0.2612308920178689;0.2132512539291399;0.0;0.10840557430962498;0.0;0.14030562016589918;0.0;0.26122908117920146;0.23192532809264563;0.18178096759559292;0.17429472564672427
GO:0045429;0.2492481927825714;0.3182392350678853;0.17073680075060543;0.43018251122305146;0.42324794249003916;0.28441668039750945;0.25834241565791044;0.31470895822139255;0.31470895822139255;0.0;0.0;0.0;0.0;0.3146246615611318;0.33308404228957394;0.22897405040133723;0.30079706897978914;0.23936293269812933;0.38604071175315025;0.0;0.0;0.27011397173504437;0.33304961014122453;0.29237762757134217;0.2701975549054902;0.5708147968524064;0.44613577407729443;0.26340129220222785;0.2774257273459995;0.18793841527033786;0.15178843957770416;0.3184996290643353;0.3182392107210568;0.27740742568627186;0.0;0.3379654163963777;1.0;0.0;0.3182392522921617;0.2506493398484102;0.3860503346911662;0.23249290356192065;0.2632759466091894;0.23897192895522626;0.19337487589092492;0.29237805232672903;0.2923776275713421;0.27621973205030936;0.0;0.23970535259254713;0.21943224128300415;0.26327291645480916;0.19115950850564878;0.0;0.0;0.2923776275713421;0.0;0.0;0.26345697270492197;0.2792206861485532;0.24465749980291684;0.3769944665584386;0.0;0.16384171072518994;0.0;0.0;0.2922698834683675;0.0;0.47081100443034085;0.1520981069233259;0.0;0.28442384482384947;0.0;0.2567591020031241;0.3007970689797891;0.4367865539322055;0.292380716467702;0.0;0.43774354447602687;0.0;0.24350809039622945;0.28443499988224297;0.22893441665229397;0.24141821629309165;0.31857233883785685;0.27651412765915406;0.3328002561186711;0.2772999993264074;0.0;0.3343895556488171;0.0;0.0;0.0;0.2390359122591485;0.0;0.3665819685900315;0.0;0.0;0.0;0.325487051984671;0.2568678513431491;0.20557248722345597;0.24852301785049077;0.2162652869839635;0.2701642800729147;0.28443499988224297;0.28442569107004884;0.5367260632646157;0.0;0.17897595011617962;0.2447259921249873;0.23974912543097934;0.0;0.15957809715847035;0.0;0.0;0.2739803297170991;0.37761426170758733;0.0;0.0;0.0;0.17229062044241356;0.0;0.5708166409149437;0.3182392107210568;0.0;0.2877751441937157;0.2772723636377264;0.26325609390124205;0.2507953551510412;0.0;0.3575890795747945;0.27699197048744734;0.0;0.2063267582436613;0.0;0.24139037649054726;0.2774146389712072;0.2561991833322866;0.2106850052744726;0.0;0.45519028310424087;0.19466688449404876;0.19138952905817147;0.25685448981321657;0.27739210055808455;0.24342290516218282;0.22201601683981542;0.0;0.0;0.23219623033911121;0.23448437385938248;0.0;0.2537976332133725;0.0;0.5535800381544583;0.25085106715096517;0.25705342567211925;0.40771954621824374;0.545387566957091;0.2393394980600917;0.147569034722768;0.38603875083479305;0.3182393006223567;0.2190525166225586;0.0;0.0;0.22314655712194367;0.0;0.0;0.0;0.2986260586708469;0.0;0.0;0.0;0.4551902874617646;0.2506701585919046;0.0;0.3184022793536037;0.0;0.2699304262370079;0.5903866349176812;0.0;0.0;0.27645106552575455;0.22811257158386114;0.0;0.0;0.29291197826266013;0.38185422059698915;0.24778782849583755;0.2986260702751789;0.0;0.20547810404107325;0.29237805232672903;0.24119977862011338;0.2774143935125326;0.2574507456070166;0.25686779747653665;0.0;0.3198281026944769;0.0;0.0;0.35709954174830694;0.0;0.0;0.2634012922022278;0.2055582038094831;0.0;0.17174603050389686;0.0;0.0;0.0;0.2633990834977065;0.28443499988224297;0.27727145319771496;0.2634580102200179
GO:0046633;0.19909354726557105;0.0;0.12281822688862051;0.0;0.0;0.23900762121698702;0.0;0.0;0.0;0.2720005847533583;0.26352232461599684;0.24814900188980837;0.0;0.0;0.0;0.0;0.2590516071757386;0.0;0.0;0.0;0.0;0.0;0.0;0.24862628729244102;0.0;0.0;0.0;0.0;0.0;0.0;0.0;0.0;0.0;0.0;0.23085885615921295;0.0;0.0;1.0;0.0;0.0;0.0;0.1959461597446752;0.0;0.0;0.14320912402462382;0.24862680661297878;0.24862628729244102;0.0;0.0;0.0;0.0;0.0;0.0;0.1998778788599215;0.15134084628113667;0.24862628729244102;0.0;0.24814900188980837;0.0;0.0;0.0;0.0;0.23878651381800023;0.0;0.2385939199322301;0.230579853302617;0.0;0.0;0.0;0.1401399049515923;0.19336153410701026;0.2390161756240236;0.2141352431088178;0.0;0.2590516071757386;0.0;0.2486300638983821;0.556237128841988;0.0;0.3130472911674609;0.0;0.23902949525245482;0.0;0.0;0.0;0.0;0.0;0.0;0.0;0.0;0.0;0.5063230438106523;0.0;0.0;0.16717710316079146;0.0;0.21437552343795613;0.29182855611242653;0.21437552343795613;0.0;0.0;0.0;0.0;0.0;0.0;0.23902949525245482;0.23901838009250537;0.0;0.43546350060886746;0.1724232253714405;0.0;0.0;0.16723441822410953;0.09051750432945145;0.0;0.2593597893444097;0.12321803109020178;0.0;0.21437552343795613;0.2303474737196733;0.21437552343795613;0.0;0.24913509793214297;0.0;0.0;0.2821665515229631;0.0;0.0;0.0;0.0;0.2717061825554967;0.0;0.2302388621120157;0.0;0.0;0.22145441282790485;0.20543284702850975;0.0;0.0;0.0;0.0;0.0;0.0;0.0;0.0;0.0;0.1928602986953077;0.0;0.31272396523384777;0.2720000473384695;0.0;0.0;0.0;0.0;0.23034903136386878;0.0;0.0;0.0;0.0;0.0;0.0;0.0;0.0;0.0;0.0;0.21292547775607554;0.21405335376606394;0.0;0.24001803406134228;0.24965030734612445;0.0;0.0;0.18773021152652528;0.21431925079768346;0.0;0.0;0.0;0.0;0.0;0.21437552343795613;0.0;0.0;0.12382973790465555;0.0;0.0;0.0;0.23006976143026509;0.23006820860265143;0.0;0.0;0.0;0.0;0.22124948952433943;0.0;0.24862680661297878;0.0;0.0;0.0;0.0;0.0;0.0;0.0;0.0;0.0;0.24924340815414558;0.28060235417376694;0.0;0.0;0.2711937907753991;0.16345335101607686;0.2401394874446576;0.0;0.26352356501722435;0.0;0.23902949525245482;0.0;0.0
GO:0043123;0.2997564802833759;0.8976624415417034;0.19301500938665994;0.27390657319415784;0.25056578212266395;0.3521195827624457;0.3485661174978257;0.44654287777290486;0.44654287777290486;0.0;0.0;0.0;0.0;0.4464123907406893;0.3973870140828895;0.27090849956690644;0.3775755484708623;0.28557293465531514;0.4751511145820079;0.0;0.0;0.33045648132923794;0.39733800516170314;0.36440354032279404;0.33058158882009375;0.27098582351055467;0.3020205296476559;0.32046509009707175;0.3414665578099995;0.29960252582906854;0.18365134437000666;0.3768019143725443;0.8976623603071304;0.34143883183996404;0.0;0.19347444591810387;0.3182392522921617;0.0;1.0;0.30178533924228296;0.47516569290193206;0.35487691772377006;0.32027957043304567;0.28501656392697544;0.22245561693418203;0.36440420012832325;0.36440354032279404;0.31903020770455565;0.0;0.3476477529906342;0.2576528329872037;0.3202750860801498;0.3919731259431979;0.0;0.0;0.36440354032279404;0.0;0.0;0.32054751314827445;0.2723783109095619;0.29314142508075874;0.22843331832328173;0.0;0.20159521310348927;0.0;0.0;0.3406356027887087;0.0;0.29338199848883656;0.1289737125909578;0.0;0.35213056407510174;0.0;0.24864327802321565;0.3775755484708623;0.3462622662739638;0.36440833855616545;0.0;0.21425344528831672;0.0;0.27617954337910466;0.35214766231246325;0.27085302114272813;0.1693937297605079;0.37690368425675047;0.6072312557322493;0.3969831460399684;0.3412761040592821;0.0;0.3402386643242497;0.0;0.0;0.0;0.5090652068133016;0.0;0.4460112112333311;0.0;0.0;0.0;0.38662104350904386;0.31084586406571296;0.24877146007782652;0.39304916147615393;0.2646034569979754;0.22344287553519385;0.35214766231246325;0.35213339394014476;0.2528151058706875;0.0;0.1558245396373855;0.4080766128560771;0.34771960616523606;0.0;0.14494113948721013;0.0;0.0;0.2694023190393896;0.5457229995064939;0.0;0.0;0.0;0.2339447787168164;0.0;0.27098681420118736;0.8976623603071304;0.0;0.4051717603642845;0.34123424665143254;0.32025019063731247;0.3019970354784324;0.0;0.5137538813462168;0.340809668000469;0.0;0.3336678443792125;0.0;0.3705961819194294;0.341449759454166;0.2926195799078676;0.2562977614513353;0.0;0.28231307097258657;0.40025488572339346;0.2282982131231515;0.4325502891176178;0.3414156157949322;0.29137079585698644;0.2732636840230944;0.0;0.0;0.33537249697198623;0.3653625557369239;0.0;0.3404911776922401;0.0;0.26176340974689866;0.3020778212406758;0.31111766723539563;0.50842470669375;0.2574051316626721;0.28553957893404247;0.19665671486867256;0.47514814389913523;0.8976626602679235;0.4591097254221168;0.0;0.0;0.2627888934645103;0.0;0.0;0.0;0.3493007029748471;0.0;0.0;0.0;0.28231307404581873;0.30181551964420755;0.0;0.37666566995814177;0.0;0.5895461270672353;0.28154812635944093;0.0;0.0;0.3193388454743836;0.35306463776356267;0.0;0.0;0.8143688907936235;0.23170947419670418;0.36097405148739464;0.3493007188516724;0.0;0.2486332550485762;0.36440420012832325;0.37850359140560513;0.34144938759955695;0.24878764137682788;0.3108457851814584;0.0;0.1818152173235326;0.0;0.0;0.4320526219322141;0.0;0.0;0.32046509009707175;0.24875054320230994;0.0;0.14846167243710678;0.0;0.0;0.0;0.3204618207390512;0.35214766231246325;0.3412328677187684;0.3205490490386697
GO:1904999;0.2710107659664964;0.3017853176882639;0.16680157254289923;0.25019148321780066;0.22181609385546538;0.32573253426854815;0.22106137907858817;0.14188164930470776;0.14188164930470776;0.0;0.0;0.0;0.0;0.14183793684632678;0.3206428646817216;0.2419096421852326;0.35326211310604727;0.25661252590896283;0.3928297244932733;0.0;0.0;0.378343012641265;0.32059846469083403;0.3389392355536869;0.30292010788612483;0.21043227092346817;0.3415276857128081;0.2923530895154204;0.3143950359036154;0.23463960207721096;0.20844169104803903;0.3021112533059087;0.30178528722126663;0.3143656673687651;0.0;0.16723038955139696;0.2506493398484102;0.0;0.30178533924228296;1.0;0.39284359055597845;0.2438364250896655;0.9301484962598631;0.25605131278725884;0.1946135116333622;0.3389399488014594;0.3389392355536869;0.25133227548708714;0.0;0.21069438024939965;0.22877690628699676;0.6496345520229891;0.1918180210743153;0.0;0.0;0.3389392355536869;0.0;0.0;0.2924388059442271;0.31320675827950606;0.3302172034932602;0.17517139192770764;0.0;0.23186579759713558;0.0;0.0;0.5846430665811203;0.0;0.22935163327904;0.14072768436488464;0.0;0.3257442763237411;0.0;0.2822274980372703;0.35326211310604727;0.2097872265938139;0.3389444224389396;0.0;0.1636163019635412;0.0;0.46491383929886704;0.3257625592876232;0.24185436820403353;0.1449720053572268;0.3022022947117928;0.3129341557586386;0.32027701759284316;0.31419331359879604;0.0;0.3130950860018103;0.0;0.0;0.0;0.25614310632932524;0.0;0.3653670518239685;0.0;0.0;0.0;0.31092155153250933;0.35285620873889684;0.2823926572014551;0.37030501240884417;0.3029701709061181;0.19555804115347633;0.3257625592876232;0.3257473022493059;0.1952666108569383;0.0;0.17331386514049493;0.3303419897434982;0.2107414423539242;0.0;0.122814732231328;0.0;0.0;0.20910412791912164;0.1755129111521221;0.0;0.0;0.0;0.16865837511604234;0.0;0.21043310224345813;0.30178528722126663;0.0;0.12809175401123268;0.6985390407145458;0.3650240186741534;0.2733014154654314;0.0;0.16458301539800396;0.3136994229324658;0.0;0.26401634237071014;0.0;0.2556949168162161;0.3928230198444782;0.22870340258939376;0.2921305876615195;0.0;0.21996945235242168;0.19625147820781122;0.2563017800443276;0.352830995782757;0.31434107649161735;0.26247687034500433;0.31437802334916637;0.0;0.0;0.20267736023539912;0.33997637074928366;0.0;0.26997361325562275;0.0;0.2027146221757942;0.2733840904752745;0.28267203096889765;0.4248145123462865;0.19908213030359612;0.2565788723072635;0.1399753607602881;0.3928268989656197;0.301785399721457;0.22826142766552993;0.0;0.0;0.2338477402563453;0.0;0.0;0.0;0.2777159878946334;0.0;0.0;0.0;0.2199694549487322;0.34126555651816126;0.0;0.30198938054816415;0.0;0.30250074728230897;0.2193233636716193;0.0;0.0;0.25159885141544824;0.3267434770577727;0.0;0.0;0.27087759608377;0.17785481169407866;0.21944972408780103;0.27771600186040746;0.0;0.2822145846708967;0.3389399488014594;0.35427761516237677;0.392822527676521;0.2749912474438022;0.2823916223470228;0.0;0.15639837478213978;0.0;0.0;0.35238900498562103;0.0;0.0;0.2923530895154204;0.28236570479381756;0.0;0.1642535196512545;0.0;0.0;0.0;0.292349689650877;0.3257625592876232;0.6985357935092497;0.36541233551466695
GO:0043243;0.38941263690579964;0.4751656545026029;0.22660973890813954;0.3321531765623496;0.310279879609558;0.4826550505214661;0.3090985213097052;0.20884503550492886;0.20884503550492886;0.0;0.0;0.0;0.0;0.20877697504858345;0.5090394195146837;0.34208945524206463;0.5318002283989864;0.36580978181169754;0.6440645242782449;0.0;0.0;0.442860804540023;0.6500538066440051;0.5060372230077714;0.5298027855182939;0.31864630897460094;0.39324221580567315;0.425098952667509;0.6431628705727467;0.257944907841771;0.24117011776200417;0.6076339312819558;0.4751656002244551;0.5533883094600357;0.0;0.22724328828213572;0.3860503346911662;0.0;0.47516569290193206;0.39284359055597845;1.0;0.32284198866083774;0.4247725704529872;0.36489734427098086;0.26829737894220185;0.506038495385353;0.5060372230077714;0.38721489622186644;0.0;0.3190782503187554;0.32122112030133504;0.4247646827190556;0.26405162252249453;0.0;0.0;0.5060372230077714;0.0;0.0;0.4252439980062719;0.36878077090207795;0.3783219293485086;0.2613906892948827;0.0;0.27309081301725757;0.0;0.0;0.4195098435012857;0.0;0.3500700324799287;0.15492182815167765;0.0;0.4826756830583753;0.0;0.3265732823094663;0.5318002283989864;0.31758371634608995;0.5060464760243817;0.0;0.24298883797152587;0.0;0.32585189972532574;0.4827078094947856;0.34200099770111614;0.19472926283228223;0.4759086503778149;0.4603295735459776;0.6493103443943237;0.5530308756795609;0.0;0.5507549689399025;0.0;0.0;0.0;0.3650465465876327;0.0;0.5916662754402648;0.0;0.0;0.0;0.4915072612678242;0.40833705676601906;0.3267944416381867;0.4505853119482811;0.3546710566730603;0.26973476820984804;0.4827078094947856;0.48268100010432147;0.2938146978733124;0.0;0.1953573417311288;0.3784857294944227;0.3191558160534945;0.0;0.16309804919833562;0.0;0.0;0.40418858095591725;0.2619372416505507;0.0;0.0;0.0;0.2293550958049815;0.0;0.3186476787929431;0.47516560022445514;0.0;0.18749366203915943;0.4624348050899383;0.42472089429360593;0.3932023870050896;0.0;0.24452165856075203;0.4616554020933082;0.0;0.29389411614403743;0.0;0.34025743711525813;0.4628306875983256;0.3489850608107597;0.3399064841004613;0.0;0.3344243703434027;0.2707909622070158;0.29235409597846634;0.4083032922172432;0.46276795615253896;0.37537795048623307;0.3704056376231802;0.0;0.0;0.30590944531922654;0.4064644274937259;0.0;0.30129490298069306;0.0;0.30597044801425416;0.39333934798236236;0.4088062168287594;0.7067610182624282;0.3000324974599307;0.3657550509074514;0.1875330192757257;0.6440590660639908;0.47516580064795366;0.32040805087841934;0.0;0.0;0.32924361908548844;0.0;0.0;0.0;0.4327302089655837;0.0;0.0;0.0;0.33442437465590386;0.39289473296626914;0.0;0.6073565553310868;0.0;0.4423676359163877;0.33335150134456776;0.0;0.0;0.3876696532051004;0.38769249015832385;0.0;0.0;0.4208339743385907;0.2656892736303713;0.3335612845250815;0.4327302333324219;0.0;0.32655599214988806;0.506038495385353;0.42707589859479367;0.4628300043734472;0.3075578304039024;0.48825345250490537;0.0;0.2113263104270551;0.0;0.0;0.7246327802466125;0.0;0.0;0.425098952667509;0.326758347758081;0.0;0.18392172639946855;0.0;0.0;0.0;0.42509319986252275;0.4827078094947856;0.4624322726553209;0.4252467010462285
GO:0038096;0.3415415084815135;0.35487689899400887;0.23596771346356665;0.2321644121537376;0.20927225352801046;0.38825149924101526;0.20873418656191464;0.1936223347113955;0.1936223347113955;0.1958873345093051;0.19145140734009683;0.18320556506411503;0.0;0.19357117507146496;0.279699063990202;0.22327510653243715;0.40988660070025457;0.23314214342895345;0.3228341826901484;0.0;0.0;0.26221849820032417;0.2796709018016136;0.3987758190027197;0.26229726577373214;0.20256154351476355;0.24398994174636646;0.25588791009727097;0.26910360573425035;0.3984617398456966;0.1475667572512708;0.26775685790728543;0.3548768725191501;0.2690863855853206;0.15921192951045862;0.16789403787200552;0.23249290356192065;0.1959461597446752;0.35487691772377006;0.2438364250896655;0.32284198866083774;1.0;0.2557696117446592;0.23277118339064198;0.2665945943681402;0.4531318765177647;0.3987758190027197;0.30906363401323145;0.0;0.33516496757523834;0.21419293969863798;0.25576675191332304;0.22454867098154033;0.1438364584892711;0.11686493217251488;0.3987758190027197;0.0;0.18320556506411503;0.25594045907369484;0.21480603340340537;0.23816220039668157;0.17439481423776224;0.16294270469752029;0.15893377361358524;0.1628530023066676;0.15907918098558646;0.3266113863438566;0.0;0.21691891653523493;0.15019859148004877;0.140430803878561;0.38826097870495513;0.15107494533513294;0.19976729331675236;0.4098866007002545;0.2680219602355491;0.39877989899258615;0.25206654740073053;0.16473998892106645;0.2023502414434102;0.2731627217831089;0.44119993733311413;0.2232374209611324;0.14945666579812847;0.2678164625942567;0.32181380886242295;0.27946694965688207;0.268985306060693;0.0;0.2683404126012246;0.0;0.2289143754839619;0.0;0.27932783658194704;0.1260880492401895;0.3070256523587481;0.15119450462358866;0.20596550025730254;0.15119450462358866;0.2734817873294514;0.24971751349405377;0.1998500262735162;0.41774242297602104;0.20994119584457013;0.19000883339758576;0.44119993733311413;0.44118594175420833;0.1906790082312216;0.258157102232109;0.17609518271052194;0.5156638624423207;0.335225019070224;0.12612064990398142;0.15814183423209097;0.0;0.17226727226980298;0.23775469637521593;0.23169620011945746;0.15119450462358866;0.1589685395794375;0.15119450462358866;0.2365593543507323;0.16769598932805743;0.20256218558928943;0.35487687251915;0.20110532452210772;0.17725726683805107;0.26895930273084107;0.25575087491062265;0.24397460838041463;0.177628361372366;0.21959817940564275;0.4300005234694658;0.0;0.43657166789071716;0.1546817349338935;0.6997391670683758;0.26909317261948235;0.21643529139058226;0.2046785318735211;0.0;0.20986225011353685;0.22858116295491201;0.18641989878935347;0.3474928646372867;0.26907196602156347;0.3337700714140155;0.2153563035497859;0.27046819260676297;0.1958870557797816;0.3248571629262788;0.28372788587431486;0.0;0.28548421193423495;0.15896928144090236;0.19655725020044057;0.24402733093030038;0.2498928965620299;0.3403901399868063;0.19370073930082982;0.2331199109888814;0.2310542727446102;0.32283259202366243;0.3548769702782569;0.25653265751701126;0.15047178485348198;0.15103418057535867;0.2612108250638024;0.1635152119177868;0.16792926305505637;0.0;0.3335484591258576;0.13743667037885615;0.1511665114260207;0.0;0.20986225208336695;0.2438561274187413;0.0;0.2676770532835767;0.15119450462358866;0.31437536002297994;0.20937176532325275;0.09975171847796022;0.0;0.233173268219474;0.27625538276035233;0.15883622343425108;0.15883548331078548;0.327281321325797;0.1766060095379723;0.346246229584118;0.333548471784424;0.15458172988418187;0.19976082344908314;0.4531318765177647;0.291589457821741;0.26909294166573944;0.2080304464787769;0.2497174625846319;0.0;0.15904354806725537;0.0;0.0;0.29930464492949155;0.16774505562173844;0.2506363722137321;0.2558879100972709;0.19983652697186985;0.17740922654623276;0.1691478303506512;0.16357157155017266;0.0;0.19145206204249055;0.25588582559939804;0.44119993733311413;0.26895844606519836;0.2559414382319065
GO:1904996;0.2897875404180855;0.32027954615630055;0.1737299173074985;0.2627708449657177;0.23423851040033608;0.35324241589073563;0.23339705597975635;0.14584091376997596;0.14584091376997596;0.0;0.0;0.0;0.0;0.14579472804182972;0.34160084475027097;0.25675994066717955;0.38585115594448277;0.2733854172540476;0.42475635886717605;0.0;0.0;0.40786979840728155;0.34155045135009016;0.36882743861950423;0.32657175907433184;0.2192606706197226;0.3654064019285103;0.31432356011974566;0.3399481032523939;0.24566923327350645;0.22351433309636523;0.3206466785979505;0.3202795118406808;0.33991376700195985;0.0;0.17419514689273977;0.2632759466091894;0.0;0.32027957043304567;0.9301484962598631;0.4247725704529872;0.2557696117446592;1.0;0.2727485326855856;0.2041106643705239;0.36882828320429917;0.36882743861950423;0.2640295253295556;0.0;0.21954524903789663;0.24201447611352617;0.6984194201916205;0.20103783023156335;0.0;0.0;0.36882743861950423;0.0;0.0;0.3144226460821921;0.33855924343726007;0.3524889409357322;0.18124632210242686;0.0;0.2506692301986135;0.0;0.0;0.6165065771550639;0.0;0.2398785746431133;0.1474403548462062;0.0;0.35325622510142834;0.0;0.30264928367127175;0.38585115594448277;0.2185604570762166;0.3688335806218839;0.0;0.1689041102088558;0.0;0.48484059299510784;0.35327772689661363;0.2566976729663673;0.1501772734041765;0.32074923591983295;0.33824074568328405;0.34118564036813215;0.33971226993584513;0.0;0.3384287646407233;0.0;0.0;0.0;0.27285269080102326;0.0;0.3928297129205993;0.0;0.0;0.0;0.3305890053527126;0.3784045696705028;0.30283921723456286;0.40627446739192863;0.32662994576986715;0.20514987557956366;0.35327772689661363;0.35325978374622913;0.2028454405122207;0.0;0.18360886571122575;0.3526311310506106;0.21959634864982122;0.0;0.12653007571646596;0.0;0.0;0.2178191307798108;0.18161196451314923;0.0;0.0;0.0;0.17574510511745234;0.0;0.2192615731568738;0.32027951184068076;0.0;0.13131006566791528;0.755266116693925;0.3924332018278757;0.2924081321834774;0.0;0.16993451526630207;0.33913496673676785;0.0;0.2780633380627901;0.0;0.26884832623941124;0.4247485201223933;0.23916956441994663;0.3140663741402647;0.0;0.22963460263526297;0.20591313776095788;0.2730327493221204;0.37837557362723495;0.3398850169556188;0.2800513919407022;0.33992821294465575;0.0;0.0;0.21085441380242304;0.3700558825198148;0.0;0.28467932873789775;0.0;0.2108947433734663;0.2925027730202247;0.30316053457554976;0.4624005546233192;0.20696601424651026;0.2733472208204692;0.1448220020690687;0.4247530553969115;0.320279638552013;0.24143769323042516;0.0;0.0;0.2476963954159097;0.0;0.0;0.0;0.2933016135816465;0.0;0.0;0.0;0.22963460546474243;0.365106352667351;0.0;0.32050939597255806;0.0;0.32608440821828877;0.22893058100572997;0.0;0.0;0.2643237321019188;0.3544316403843341;0.0;0.0;0.28568465870334064;0.18412061777072666;0.22906825751094934;0.29330162915894537;0.0;0.30263443393693357;0.36882828320429917;0.38706298533088623;0.424747944704742;0.2902641350595336;0.3028380270985994;0.0;0.1624737074473982;0.0;0.0;0.37786731288695774;0.0;0.0;0.31432356011974566;0.30280822078185093;0.0;0.17347164481051536;0.0;0.0;0.0;0.31431963005478547;0.35327772689661363;0.7552623206763125;0.39288206039807894
GO:0045668;0.3176637384491488;0.28501654470171695;0.2002849744387664;0.23855570495651704;0.2629565621523447;0.3770901395573426;0.2621075875435243;0.13806277012164192;0.13806277012164192;0.0;0.0;0.0;0.0;0.13802137877629853;0.3017784673086582;0.397215605324773;0.4064349828561763;0.41993737696142824;0.3648853808244785;0.0;0.0;0.2819894167716472;0.301739137688127;0.39121304479458585;0.3524957805430309;0.2425063208361346;0.25626287764650285;0.738023243633636;0.5077696217988455;0.179568473027067;0.19504079995784065;0.28530724781824207;0.28501651752646473;0.3648671174079983;0.0;0.240874925521294;0.23897192895522626;0.0;0.28501656392697544;0.25605131278725884;0.36489734427098086;0.23277118339064198;0.2727485326855856;1.0;0.23216829886533313;0.39121380525653526;0.39121304479458585;0.38127187666984425;0.0;0.2023814017108923;0.37678997999803837;0.2727444690795813;0.31863691911285225;0.0;0.0;0.39121304479458585;0.0;0.0;0.4746669774753795;0.36361738603926835;0.37219955102346863;0.16938675975095574;0.0;0.21540270348550078;0.0;0.0;0.25660133894131276;0.0;0.21953551608817;0.13448904238787343;0.0;0.37710273360152907;0.0;0.32996560353121046;0.4064349828561763;0.20154427744243128;0.39121857502552615;0.0;0.15855864233475891;0.0;0.20616397305505155;0.3771223430217628;0.397129895150079;0.24347346851721516;0.28538844173271555;0.3633233247441296;0.3014543799474352;0.3646812979766363;0.0;0.43608635756057235;0.0;0.0;0.0;0.41921430558894396;0.0;0.34107248426625814;0.0;0.0;0.0;0.2931519873403574;0.2642160489246256;0.33014627067836183;0.3396649747744775;0.4229533952885094;0.32456711895909174;0.3771223430217628;0.37710597907369087;0.18810578284079926;0.0;0.16394769090957192;0.24837759506390167;0.20242482300988557;0.0;0.2073423629483346;0.0;0.0;0.2009137240450601;0.1697060750702549;0.0;0.0;0.0;0.2816837002281678;0.0;0.24250724111159502;0.28501651752646473;0.0;0.12497097204128829;0.29181710151425566;0.2727219095980745;0.445543399206853;0.0;0.1594663481837273;0.3641487403182518;0.0;0.20094981780480795;0.0;0.24355402702354817;0.36487959612498067;0.2626635883200751;0.34077457515502163;0.0;0.2109241759515772;0.32566550390993004;0.5375320431991868;0.2641983847049818;0.5076886722475671;0.3082619289279758;0.5077591453764165;0.0;0.0;0.19497340546858674;0.3139735349351699;0.0;0.25647469555008234;0.0;0.1950078882832559;0.4456697628638326;0.525859219095452;0.3923225650428177;0.19164405223531472;0.4198855437489723;0.301588221325216;0.3648829429910562;0.2850166178717983;0.37598571992809743;0.0;0.0;0.27645101242276743;0.0;0.0;0.0;0.2634521704764398;0.0;0.0;0.0;0.2109241783387541;0.2560784603721744;0.0;0.2851985531635834;0.0;0.35204127963214177;0.21033005815186384;0.0;0.0;0.38165736489991875;0.3026537477396502;0.0;0.0;0.2572904019759755;0.17189460961235276;0.21044626552281148;0.2634521830444582;0.0;0.32995147706255423;0.39121380525653526;0.3261316826845547;0.36487917148716104;0.26099889769933077;0.4594086959467239;0.0;0.26195921841274994;0.0;0.0;0.3955836911202477;0.0;0.0;0.738023243633636;0.3301167884438666;0.0;0.15581718758157082;0.0;0.0;0.0;0.47453194637250024;0.3771223430217628;0.2918158414142138;0.34111194569847486
GO:0000165;0.3406199939910885;0.22245560522251417;0.8853324766661705;0.19310224328916833;0.20878482316368308;0.43981977244528586;0.2082492565686408;0.12150973975984192;0.12150973975984192;0.14316624713861562;0.1399327619109335;0.13392106010743526;0.0;0.12147767749708287;0.23253652219603957;0.222720350275653;0.40856009778226265;0.23253733827305445;0.26829091121734816;0.0;0.0;0.20924202940242725;0.23251316941583278;0.4517044107956763;0.261531985397435;0.16852641276528388;0.19473570549937672;0.25515952081290977;0.2682981545853451;0.14701929084267756;0.14715715490845008;0.2226326564875286;0.22245558866785833;0.26828103736175907;0.15873523356673916;0.16758016059288228;0.19337487589092492;0.14320912402462382;0.22245561693418203;0.1946135116333622;0.26829737894220185;0.2665945943681402;0.2041106643705239;0.23216829886533313;1.0;0.3975207036821103;0.4517044107956763;0.19378111004678963;0.0;0.16869448115185132;0.21368234559346802;0.20410838864558642;0.18678106611386194;0.1434472755433968;0.770569634453178;0.4517044107956763;0.0;0.13392106010743526;0.255211771021468;0.21416476133794485;0.19009673524794854;0.14513030115791567;0.1624434414262546;0.15845873938139854;0.16235428774662447;0.15860327844630237;0.2047583171246643;0.0;0.1804473617459042;0.14988739681333943;0.1400598085631475;0.43983047806406955;0.4056021174870904;0.1992125540327666;0.4085600977822626;0.1681124454807427;0.3975242005044583;0.1472223075698983;0.1371079038711531;0.11824970523059833;0.1713144652986464;0.3870852218562095;0.22268285172545402;0.1492078894550053;0.22268209307203843;0.2674454609412392;0.2323440469114804;0.2681805618602609;0.0;0.2675395167859861;0.0;0.1672282565189466;0.0;0.23222869030901805;0.1257888856675864;0.2551906545796067;0.1507645449316654;0.15051106579968737;0.1507645449316654;0.2273807073461199;0.19929435313851177;0.1992948280460513;0.23940629203341957;0.2093285999692392;0.18960692231376006;0.3870852218562095;0.38707298053213846;0.15865792229816614;0.15076944846752424;0.1756675801837818;0.19014840262667165;0.16872464924447184;0.12582133179467497;0.15791265745619096;0.0;0.0;0.20382598651125977;0.1453646483765528;0.1507645449316654;0.15849329781252355;0.1507645449316654;0.16872582929111335;0.16716721993174996;0.16852694595179163;0.22245558866785828;0.14696929612632112;0.11125241501112088;0.21460488616008466;0.20409575443948774;0.24331237536123354;0.177035211448602;0.1377860980525785;0.3772888202011171;0.0;0.16104903532909154;0.15423174239300394;0.2765514591220323;0.21471138237116238;0.18004585874238543;0.20409622074629127;0.0;0.17458859771739987;0.19012820504338732;0.18593672287964197;0.19928430297356026;0.2682667039791205;0.378264763753082;0.2147117467029536;0.15793797782601934;0.1431660439764239;0.1635158438948043;0.2263516814633239;0.0;0.16380404933226342;0.15849403524496905;0.1635400965471422;0.24336481205366559;0.24919819096281484;0.2828347310609932;0.16116768777769813;0.23251522102636235;0.14494606931052254;0.2682895932526169;0.2224556497963571;0.21332224411667533;0.15004592002022218;0.15060513094990097;0.21720299395422657;0.16301243952358035;0.16739902387056244;0.0;0.20909714318328024;0.13708130642333494;0.15073671070449288;0.0;0.17458859935294918;0.19462919401855217;0.0;0.2225664658349729;0.1507645449316654;0.26128170832750325;0.17418134650926834;0.0995643843451198;0.2745789213675245;0.19393954165008015;0.22040860344464494;0.0;0.0;0.20519683637302308;0.1469674274095778;0.17426103453037847;0.20909715110025828;0.15413231816953643;0.19920612004733398;0.3975207036821103;0.2326031300309885;0.21471119864304963;0.16610180379303283;0.2490237307067042;0.0;0.1587618627277743;0.0;0.0;0.24879099274537422;0.16721597724222237;0.14638930411417897;0.2551595208129097;0.19928140364182906;0.17681753678506204;0.16875326423887174;0.1630684530431263;0.0;0.13993323917304437;0.255157448165216;0.3870852218562095;0.21460420466417296;0.20424739588232485
GO:0007229;0.5908488398501466;0.364404168701627;0.3330617367087632;0.2917552447866604;0.32910467556229306;0.7461414102593594;0.3277759288461389;0.15435148376159527;0.15435148376159527;0.24849760079809055;0.2389151473206988;0.22190747926782156;0.0;0.15429975136087443;0.3922604659663682;0.3651151165601678;0.8303733106208108;0.3922627881626581;0.5060154875102686;0.0;0.0;0.38593046712744783;0.39219401896772144;0.7860071394480033;0.4824972092778361;0.23907917858057148;0.3393107586135306;0.46124531645626315;0.5060412546751927;0.21674041153247495;0.26077296638214675;0.36487950350879444;0.3644041242794228;0.5059803647768942;0.29948228052417175;0.23717926093097477;0.29237805232672903;0.24862680661297878;0.36440420012832325;0.3389399488014594;0.506038495385353;0.4531318765177647;0.36882828320429917;0.39121380525653526;0.3975207036821103;1.0;0.7860071394480033;0.29330773177093233;0.0;0.23941756657537477;0.3414401985788308;0.3688208524499827;0.2775627840575123;0.24934549369496253;0.17809292544378538;0.7860071394480033;0.0;0.22190747926782156;0.4614160820001126;0.40301649608370865;0.3254715271585516;0.19457953540558273;0.31296104121420587;0.2984996022398005;0.31263029516381546;0.2990129250960657;0.3192100694083963;0.0;0.26380288712440453;0.222125667415994;0.23928573483639137;0.7461764216658557;0.27193195143873117;0.3531385516555973;0.8303733106208108;0.23824690291436212;0.7860229905240506;0.26097763111351174;0.18042554896936464;0.18195124342188715;0.24472941830236658;0.8479464733357255;0.36501435205960997;0.2019800006211581;0.3650123136624535;0.503016374639989;0.3917130784864295;0.505623089083569;0.0;0.503349198246627;0.0;0.331219294234737;0.0;0.3913853096745928;0.20043594467517248;0.4613470618721516;0.27231956052248846;0.2714936877789681;0.27231956052248846;0.377809401844417;0.35339567601447325;0.353397169298228;0.5027688919349734;0.38622507360970826;0.28384933050170175;0.8479464733357255;0.8478947788571706;0.21969354340657313;0.27233555904869294;0.2838609905763184;0.3256230147929082;0.239478336778711;0.200518338757772;0.2044100206074661;0.0;0.0;0.28854539125906614;0.19500101537485587;0.27231956052248846;0.2986222593853004;0.27231956052248846;0.23948071403412655;0.3309799368909279;0.2390802516486688;0.3644041242794228;0.26018362622431607;0.13816933985745278;0.4045778926282697;0.36877960135414345;0.4239318371778859;0.37203890385366706;0.18160181181424734;0.8075247214114465;0.0;0.24867736291548273;0.2838452263100885;0.42147484020059406;0.40495655317885726;0.2629456506116621;0.3687811237878556;0.0;0.25146619443196155;0.2850191923531326;0.3134639497644291;0.3533640758945028;0.5059293829362715;0.5679711020944321;0.4049578491772066;0.2966569877371969;0.24849698872180367;0.22911911089729467;0.44845265950008695;0.0;0.2553077878901209;0.2986248772462714;0.22916673074869992;0.4240910464819138;0.44212633115649014;0.5603620822831025;0.22453521308773225;0.39219985616500175;0.19424851479375432;0.5060107991864965;0.36440428830959176;0.34052169774116814;0.2699839754991645;0.27179990498634066;0.3505186973692581;0.31507988452357716;0.3318898762359491;0.0;0.32988136004168184;0.23072107291217556;0.27222876304995186;0.0;0.25146619782501817;0.33898751929001675;0.0;0.36470174296432006;0.27231956052248846;0.48164605153465145;0.2506221914256403;0.14118213208800726;0.0;0.2936708502619501;0.4257105781150837;0.0;0.0;0.3202771050489024;0.1978961446745606;0.2507872036074523;0.3298813797467891;0.28350865844025697;0.35311833421891464;0.8931468751811964;0.47367457466803137;0.4049558996240534;0.2609337784804753;0.4415774678842587;0.0;0.21989288826394157;0.0;0.0;0.44084618429331107;0.33117112680787253;0.25837140811417886;0.46124531645626315;0.3533549601607756;0.3710788900080912;0.2662341340684628;0.3152892147563536;0.0;0.23891653857513936;0.4612385437378251;0.8479464733357255;0.4045754705558846;0.3692749878827214
GO:0043491;0.5908476081970744;0.36440350889621165;0.3784595075392548;0.29175482183892565;0.3291041373948968;0.8478425109230958;0.32777539501562436;0.15435136538352034;0.15435136538352034;0.2484970820171706;0.23891466777831266;0.22190706556967793;0.0;0.1542996330621373;0.3922597014298714;0.36511445417769955;0.8303708779574338;0.39226202361710905;0.5060142152483859;0.0;0.0;0.3859295424017886;0.3921932546902199;0.8931419216524134;0.4824960525303636;0.23907889457099574;0.3393100438042799;0.4612442593639076;0.5060399822837354;0.21674011987371714;0.26077239508154093;0.36487884198093584;0.3644034644741684;0.5059790926916216;0.29948152702692116;0.23717898141740296;0.2923776275713421;0.24862628729244102;0.36440354032279404;0.3389392355536869;0.5060372230077714;0.3987758190027197;0.36882743861950423;0.39121304479458585;0.4517044107956763;0.7860071394480033;1.0;0.2933073043100491;0.0;0.23941728176126734;0.3414396193121446;0.36882000789921887;0.27756240125757325;0.24934497136776587;0.17809265898307122;0.8931419216524134;0.0;0.22190706556967793;0.46141502412488433;0.403015487666199;0.32547086946899667;0.19457934728171752;0.31296021836564175;0.2984988536792672;0.31262947405354913;0.2990121739587574;0.319209563114764;0.0;0.2638025413375268;0.22212536364517507;0.23928525380519153;0.8478822943746528;0.271931330197906;0.3531377773986165;0.8303708779574338;0.23824662087871565;0.786020810778403;0.2609770589157973;0.1804253872188503;0.1819509652905695;0.24472912070997974;0.7462289730478271;0.3650136900426997;0.2019797979153039;0.36501165165293714;0.5030151174145817;0.3917123160822164;0.5056218187941136;0.0;0.5033479393569709;0.0;0.33121837257514375;0.0;0.39138454854573934;0.2004356071617998;0.46134600431338024;0.27231893750938213;0.27149306853899324;0.27231893750938213;0.3778086926020084;0.3533949006295919;0.35339639390679384;0.5027673225436028;0.3862241474717023;0.2838489301652599;0.7462289730478271;0.7461834798270839;0.21969330358728914;0.2723349359623817;0.28386049448706024;0.3256223564909807;0.23947805181999934;0.20051800096685632;0.20440984981886606;0.0;0.0;0.2885450509428457;0.1950008264351158;0.27231893750938213;0.29862151020945604;0.27231893750938213;0.2394804290697574;0.3309790165629356;0.23907996763654363;0.3644034644741684;0.2601830575030387;0.13816924499965103;0.4045768763818611;0.368778756992288;0.4239309441991024;0.3720377410246612;0.18160164794783284;0.7106562007707447;0.0;0.24867697897168625;0.2838445494441573;0.42147421347246233;0.4049555350292699;0.26294530706842417;0.36878027941902863;0.0;0.25146588023016414;0.28501878870998504;0.3134633397077633;0.3533633006482826;0.5059281111073325;0.6453875115497337;0.40495683102110236;0.29665624838973853;0.24849646994343938;0.22911885005853574;0.448451410887187;0.0;0.25530738319939134;0.2986241280572917;0.22916646980150496;0.4240901528322815;0.4421253598824177;0.560360522061594;0.22453496258156425;0.3921990918647498;0.1942483273094207;0.5060095269481891;0.36440362850374325;0.3405211215868328;0.2699833631269282;0.27179928434870043;0.35051808688901903;0.315079050495431;0.33188895084062475;0.0;0.32988081933114854;0.23072062569941715;0.272228140452229;0.0;0.25146588362321226;0.3389868058420206;0.0;0.3647010820808649;0.27231893750938213;0.48164489886473594;0.2506218793294306;0.14118196463249091;0.0;0.2936704217420091;0.42570945293106677;0.0;0.0;0.3202765953648015;0.19789595008289787;0.25078689110013297;0.32988083903619125;0.283507983178552;0.35311756005058476;0.7860071394480033;0.4736731816565712;0.4049548814777523;0.26093335575762755;0.4415764990201997;0.0;0.21989264800924735;0.0;0.0;0.44084521863560644;0.3311702054163233;0.25837084728776094;0.4612442593639076;0.35335418495455295;0.3710777331724904;0.26623369767733307;0.3152883796196309;0.0;0.23891605902716828;0.46123748667651293;0.7462289730478271;0.40457445432164374;0.3692741412508599
GO:0045672;0.24992350416202674;0.3190301903945541;0.17105341016510298;0.23779296780261056;0.2147696703381193;0.2852963431776012;0.21420300115273874;0.1718741779965043;0.1718741779965043;0.0;0.0;0.0;0.0;0.17182807885173856;0.33395061003063664;0.22954384307842796;0.3017811495497821;0.23998567327050732;0.3872052151397967;0.0;0.0;0.2709072629515684;0.33391599849781545;0.2933073043100491;0.270991337866144;0.307420948479057;0.2514953789834286;0.36760852766242386;0.2782626138070821;0.2621002450752669;0.15221192927375712;0.3192918809039709;0.3190301659265515;0.27824420156637125;0.0;0.1714141459502991;0.27621973205030936;0.0;0.31903020770455565;0.25133227548708714;0.38721489622186644;0.30906363401323145;0.2640295253295556;0.38127187666984425;0.19378111004678963;0.29330773177093233;0.2933073043100491;1.0;0.0;0.30776482873458055;0.21995548036456417;0.2640264778039368;0.19155647851562985;0.0;0.0;0.2933073043100491;0.0;0.0;0.2642115895741869;0.22209741580110853;0.4845445792153044;0.20594516967412418;0.0;0.16433523740051845;0.0;0.0;0.37540801178140654;0.0;0.25729815582136345;0.11263538155051285;0.0;0.28530355199026275;0.0;0.20605851286200666;0.301781149549782;0.23930621722943174;0.29331041288134735;0.0;0.19434888815341472;0.0;0.31265655673313336;0.28531477616068346;0.22950401184714442;0.15223969170944449;0.31936495289269545;0.2773455150257335;0.33366534594724606;0.27813612627036843;0.0;0.33285207149190255;0.0;0.0;0.0;0.23965695019555497;0.0;0.367631875294096;0.0;0.0;0.0;0.3263144920172322;0.2575851425563388;0.2061465399959076;0.31158530225245273;0.3771777836772924;0.19452982874999772;0.28531477616068346;0.2853054096748352;0.22555664722116625;0.0;0.13258798754464432;0.3415072726003969;0.30782113515068427;0.0;0.13219582506702418;0.0;0.0;0.23866708633699904;0.20628429653145844;0.0;0.0;0.0;0.2070834147693368;0.0;0.30742194348306295;0.3190301659265515;0.0;0.15714661980473205;0.2781083236821409;0.26400955881385557;0.2514790877924844;0.0;0.19532823097765314;0.2778262381050981;0.0;0.28780224778694957;0.0;0.32091731505442406;0.3872120864972054;0.3289517831235861;0.2112880079712188;0.0;0.24874489063945115;0.19507857096222792;0.33368041284023714;0.2575717063012985;0.27822878384742483;0.2440669786382751;0.27825194811815696;0.0;0.0;0.29810617159525904;0.23523154527077444;0.0;0.292826999451552;0.0;0.23265228972483887;0.25153510401089213;0.4596885324280718;0.4090187317640441;0.22920310366099259;0.2399621165420061;0.2068382669316713;0.38720324237328824;0.31903025627529;0.21957394420244983;0.0;0.0;0.2683575538945977;0.0;0.0;0.0;0.38359128163168116;0.0;0.0;0.0;0.2487448930252934;0.2513532078381022;0.0;0.31919404636024223;0.0;0.27072263813814956;0.24815084980638968;0.0;0.0;0.5470655135080833;0.22881962670411807;0.0;0.0;0.29358191358885116;0.208604278665275;0.3181622309463698;0.38359129657244206;0.0;0.20605162907686275;0.2933077317709323;0.24199043153664623;0.3872117428554029;0.29705164649958277;0.25758508838846644;0.0;0.16219882753137294;0.0;0.0;0.4588881228604742;0.0;0.0;0.36760852766242386;0.2061321767016419;0.0;0.12721946821673227;0.0;0.0;0.0;0.26415336830586084;0.28531477616068346;0.27810740774401543;0.36767579043290377
GO:0006816;0.0;0.0;0.0;0.0;0.0;0.0;0.0;0.0;0.0;0.0;0.0;0.0;0.34998653419511694;0.0;0.0;0.0;0.0;0.0;0.0;0.0;0.0;0.0;0.0;0.0;0.0;0.0;0.0;0.0;0.0;0.0;0.0;0.0;0.0;0.0;0.0;0.0;0.0;0.0;0.0;0.0;0.0;0.0;0.0;0.0;0.0;0.0;0.0;0.0;1.0;0.0;0.0;0.0;0.0;0.0;0.0;0.0;0.4835768859682091;0.0;0.0;0.0;0.0;0.0;0.4806868521231346;0.0;0.0;0.0;0.0;0.0;0.0;0.0;0.0;0.0;0.0;0.0;0.0;0.0;0.0;0.0;0.0;0.2901884040245753;0.0;0.0;0.0;0.0;0.0;0.0;0.0;0.0;0.27410066976610237;0.0;0.0;0.0;0.0;0.0;0.0;0.0;0.0;0.0;0.0;0.0;0.0;0.0;0.0;0.0;0.0;0.0;0.0;0.0;0.0;0.0;0.0;0.0;0.0;0.3520029292515646;0.0;0.0;0.0;0.0;0.0;0.0;0.0;0.0;0.0;0.0;0.0;0.0;0.0;0.0;0.0;0.0;0.0;0.0;0.0;0.0;0.0;0.0;0.0;0.0;0.0;0.0;0.0;0.0;0.0;0.0;0.0;0.0;0.0;0.0;0.0;0.0;0.0;0.0;0.0;0.0;0.0;0.0;0.0;0.0;0.0;0.0;0.0;0.0;0.0;0.0;0.0;0.24917105482520013;0.0;0.0;0.0;0.0;0.0;0.0;0.0;0.0;0.0;0.0;0.0;0.0;0.0;0.0;0.0;0.0;0.0;0.0;0.0;0.0;0.0;0.0;0.0;0.0;0.0;0.0;0.0;0.0;0.0;0.0;0.0;0.0;0.0;0.0;0.0;0.0;0.0;0.0;0.0;0.4030470964994434;0.0;0.0;0.0;0.0;0.0;0.0;0.0;0.0;0.0;0.0;0.0
GO:0010759;0.2097034486829067;0.34764773695006546;0.1512049129602503;0.20639783154229313;0.18438055487354496;0.2340527142066533;0.2206996494676575;0.20117507358207432;0.20117507358207432;0.0;0.0;0.0;0.0;0.20112578600917635;0.28201290896817693;0.1951645747798756;0.24503353341467998;0.20266176396709615;0.3190716765245596;0.0;0.0;0.26906802195135665;0.28198822577580585;0.23941728176126734;0.2243375088702424;0.21187660014886475;0.210808991454886;0.2196324056714517;0.22929774129044675;0.2934413815348142;0.12710798180402827;0.27148735883322567;0.347647714276429;0.22928523865599618;0.0;0.1514867196474025;0.23970535259254713;0.0;0.3476477529906342;0.21069438024939965;0.3190782503187554;0.33516496757523834;0.21954524903789663;0.2023814017108923;0.16869448115185132;0.23941756657537477;0.23941728176126734;0.30776482873458055;0.0;1.0;0.1881896311902946;0.21954314190801158;0.20035674394051567;0.0;0.0;0.23941728176126728;0.0;0.0;0.21967111761066846;0.2287910958021827;0.20644435915513143;0.18494053150752088;0.0;0.13545250692824046;0.0;0.0;0.3231958864932911;0.0;0.2253255130768059;0.09827291077506355;0.0;0.23405756593774435;0.0;0.1720608903029545;0.24503353341467993;0.27090090718633664;0.2394193529764531;0.0;0.17553505011838005;0.0;0.2755786566744281;0.2340651200284386;0.1951357805344973;0.13631399853829734;0.27154018626783744;0.27434039671760907;0.32225117651173607;0.2749848794086663;0.0;0.22874340003280721;0.0;0.0;0.0;0.24285151435528296;0.0;0.3056613497707471;0.0;0.0;0.0;0.620695814487636;0.2150710628939755;0.17212226214543463;0.301673442710784;0.17955545278618096;0.16926160822002062;0.2340651200284386;0.23405881620390812;0.20060348464633024;0.0;0.11312600292436774;0.3682556844650402;0.8274298156621244;0.0;0.14398760454340717;0.0;0.0;0.2109073272806904;0.2373374749292308;0.0;0.0;0.0;0.4783715763382507;0.0;0.21187720578329683;0.34764771427642893;0.0;0.1853115675724854;0.2291929632337347;0.2633713254607019;0.2107975448780755;0.0;0.22595793358139873;0.22900134671239522;0.0;0.38718417916239883;0.0;0.34629705297395513;0.22929016638885794;0.2571468059330214;0.21953187534572116;0.0;0.21873867421997362;0.20356095435912067;0.16206652258952572;0.38232074388962844;0.22927476919543627;0.20556461620479338;0.18350175800566415;0.0;0.0;0.8042849096236118;0.2868310387031613;0.0;0.32207069112952574;0.0;0.206196533298801;0.21083690219482368;0.21520114312671842;0.33373849252180926;0.20348261069743406;0.202644964534569;0.2122765361798147;0.3190703369398302;0.34764779799942125;0.22543548217356177;0.0;0.0;0.26716548699460974;0.0;0.0;0.0;0.753777697065871;0.0;0.0;0.0;0.21873867606492337;0.2527871705323936;0.0;0.31036690394802596;0.0;0.2689161938598152;0.21827917556643908;0.0;0.0;0.24032867086552123;0.2804194368019354;0.0;0.0;0.3237808756466918;0.18708206850033618;0.8816457025231863;0.718757355896661;0.0;0.1720560906160339;0.23941756657537472;0.38957122159397195;0.22928999870526892;0.18341590949072487;0.21507102513118;0.0;0.144244212465427;0.0;0.0;0.2990402626734878;0.0;0.0;0.21963240567145167;0.2150589935161697;0.0;0.10919448803091811;0.0;0.0;0.0;0.21963087001078777;0.2340651200284386;0.2291923411612777;0.21967183891852898
GO:2000134;0.284041977255051;0.2576528172762758;0.1863755965765963;0.21908125021016084;0.23949038304178338;0.33063213735354435;0.23878596904314922;0.13130759341609644;0.13130759341609644;0.0;0.0;0.0;0.0;0.13127015284791896;0.27127379393580053;0.3590273497774169;0.35297751191492255;0.3774886725162248;0.3212118493394443;0.0;0.0;0.2492624478345768;0.2712420131476625;0.3414396193121446;0.3115714263636586;0.1879804966994018;0.22894578529281465;0.4210357059303948;0.44699215428180444;0.16571354668171465;0.17369670031176013;0.25789035730901005;0.25765279506859345;0.3211976961339291;0.0;0.22410821367913403;0.21943224128300415;0.0;0.2576528329872037;0.22877690628699676;0.32122112030133504;0.21419293969863798;0.24201447611352617;0.37678997999803837;0.21368234559346802;0.3414401985788308;0.3414396193121446;0.21995548036456417;0.0;0.1881896311902946;1.0;0.24201127670155886;0.2935868633003943;0.0;0.0;0.3414396193121446;0.0;0.0;0.42113794680303457;0.32022881581123075;0.22256047461648543;0.15933023457328246;0.0;0.18966346821633218;0.0;0.0;0.2342074314996185;0.0;0.20293463093522732;0.12398365351603097;0.0;0.3306418193117222;0.0;0.29383742479690966;0.35297751191492255;0.18746558528033178;0.341443831848464;0.0;0.149713185664518;0.0;0.19145602453070326;0.33065689434133466;0.3589573262713735;0.22857130465359535;0.25795669436627017;0.3200007231487832;0.2710118861385369;0.321053686020911;0.0;0.32013538583063494;0.0;0.0;0.0;0.3769042922401869;0.0;0.3026129136727913;0.0;0.0;0.0;0.2642829514558721;0.23527281456650687;0.29398068647355907;0.2932825813351822;0.24938531065856445;0.2986139388196373;0.33065689434133466;0.3306443143294196;0.1757845772223515;0.0;0.14859865875919603;0.22263129908894638;0.18822717570204278;0.0;0.1964358771377233;0.0;0.0;0.18691992925533774;0.15961272817853026;0.0;0.0;0.0;0.2619268494022115;0.0;0.18798116008943486;0.25765279506859345;0.0;0.11941037408074615;0.25691041897975014;0.24199351467716063;0.3980528945224121;0.0;0.15052218231654746;0.32064085639998763;0.0;0.1837569794668882;0.0;0.2232896097842429;0.257063056347165;0.2024269630970741;0.3023783784325349;0.0;0.19555450808802577;0.2995434362180921;0.27099693063794694;0.23525880828840898;0.6941718656320922;0.2765014138264782;0.32120801906179847;0.0;0.0;0.18176767812335007;0.2739286846697313;0.0;0.187352353232222;0.0;0.18179764766289122;0.3981537525804749;0.2942229560664024;0.3422844695380692;0.1788707012942053;0.37744678811316;0.2214047370975755;0.3212099601541233;0.2576528770710427;0.34159373569435086;0.0;0.0;0.25063278866123534;0.0;0.0;0.0;0.2399014131948906;0.0;0.0;0.0;0.1955545101399794;0.22879857817000035;0.0;0.2578015459152248;0.0;0.3112162801619764;0.19504371542031593;0.0;0.0;0.2201596242966494;0.26527245380731135;0.0;0.0;0.23478133740330145;0.1615471923639628;0.19514364118402527;0.2399014236163576;0.0;0.29382622235955896;0.3414401985788308;0.28313777449716293;0.25706279299024265;0.19036431410901059;0.40908332617532256;0.0;0.2447880486849441;0.0;0.0;0.2936554885492725;0.0;0.0;0.4210357059303947;0.2939573094372037;0.0;0.14188811555752875;0.0;0.0;0.0;0.4210316504264608;0.33065689434133466;0.25690944231119334;0.2422067294744852
GO:0033634;0.28978295323830855;0.3202750618040845;0.17372826862008472;0.26276782642697505;0.23423551327947656;0.35323559987584263;0.23339408035318315;0.14583998394036446;0.14583998394036446;0.0;0.0;0.0;0.0;0.14579379880105056;0.34159574347482013;0.2567563395134595;0.3858430234519013;0.27338133464848946;0.4247484717353033;0.0;0.0;0.40786252592384364;0.3415453515796107;0.36882000789921887;0.3265659334466951;0.21925856894886878;0.365400564887368;0.3143181632786505;0.3399417906214749;0.24566659485147543;0.22351064041800342;0.3206421839592004;0.3202750274894258;0.33990745564617153;0.0;0.1741934893635386;0.26327291645480916;0.0;0.3202750860801498;0.6496345520229891;0.4247646827190556;0.25576675191332304;0.6984194201916205;0.2727444690795813;0.20410838864558642;0.3688208524499827;0.36882000789921887;0.2640264778039368;0.0;0.21954314190801158;0.24201127670155886;1.0;0.2010356225113931;0.0;0.0;0.36882000789921887;0.0;0.0;0.31441724583803743;0.33855298228107517;0.3524835092868561;0.18124488601013217;0.0;0.2506645857741005;0.0;0.0;0.506871295937455;0.0;0.23987605913482268;0.1474387480311129;0.0;0.35324940855361675;0.0;0.30264428026995016;0.3858430234519013;0.21855836880732463;0.36882614965411475;0.0;0.16890286304183702;0.0;0.39862094312875584;0.35327090951897344;0.25669407355907853;0.15017604143998273;0.3207447384054654;0.3382344963017461;0.34118055148591137;0.3397059660603713;0.0;0.33842250830959153;0.0;0.0;0.0;0.2728486240908028;0.0;0.39282296688561413;0.0;0.0;0.0;0.3305842276631958;0.3783983099787378;0.30283420755135515;0.40626545121056223;0.32662411806610975;0.20514757662246397;0.35327090951897344;0.35325296706108067;0.20284364174884092;0.0;0.183606373876109;0.3526256950187512;0.21959424053894908;0.0;0.12652920118034428;0.0;0.0;0.21781705665305476;0.1816105226207499;0.0;0.0;0.0;0.17574341796035012;0.0;0.21925947146871796;0.32027502748942577;0.0;0.131309311894299;0.7552521037256271;0.3924264694044109;0.29240346166414016;0.0;0.16993325283615848;0.3391286842683605;0.0;0.27805995796260435;0.0;0.2688451664585962;0.42474063328162426;0.23916706375980176;0.31406098612709277;0.0;0.2296322973870741;0.205910821665546;0.2730286772428345;0.37836931489474923;0.33987870666740944;0.2800471078165746;0.33992190105241027;0.0;0.0;0.210852470193976;0.37004840221898827;0.0;0.28467578587905285;0.0;0.2108927990214538;0.2924980994771012;0.3031555142560795;0.4623912075574813;0.20696414166155055;0.273343139355637;0.14482085640082176;0.4247451683877188;0.32027515419720964;0.24143450905023206;0.0;0.0;0.2476930440124388;0.0;0.0;0.0;0.2932978528640342;0.0;0.0;0.0;0.22963230021649675;0.36510052520823477;0.0;0.32050490518165325;0.0;0.32607859996497074;0.22892828987082045;0.0;0.0;0.2643206777808703;0.3544247783990979;0.0;0.0;0.2856810907776326;0.1841191357688991;0.22906596361949488;0.29329786844093364;0.0;0.3026294310265878;0.3688208524499827;0.38705480167575274;0.4247400578853417;0.29026045183128374;0.30283301745476665;0.0;0.16247226547965624;0.0;0.0;0.3778610709573815;0.0;0.0;0.3143181632786505;0.30280321212409284;0.0;0.17346942053119171;0.0;0.0;0.0;0.31431423334864433;0.35327090951897344;0.7552483078488731;0.3928753125650708
GO:2001240;0.23840037292089644;0.39197310557840803;0.16557587380816383;0.19089308255913992;0.20620465979120883;0.2703778880335379;0.28701099031139665;0.2153895304370231;0.2153895304370231;0.0;0.0;0.0;0.0;0.21533310728433414;0.36330169641829524;0.5592178891077274;0.2851391525484193;0.5835281047849333;0.2640453578766726;0.0;0.0;0.20601397211245814;0.22931769802129892;0.27756240125757325;0.2574960410274389;0.16684132927955486;0.19193672861906869;0.34971572368414633;0.36743826425302956;0.18170416880014892;0.14499505925550144;0.21970128226449234;0.3919730767924064;0.26403579403943733;0.0;0.199046436275651;0.19115950850564878;0.0;0.3919731259431979;0.1918180210743153;0.26405162252249453;0.22454867098154033;0.20103783023156335;0.31863691911285225;0.18678106611386194;0.2775627840575123;0.27756240125757325;0.19155647851562985;0.0;0.20035674394051567;0.2935868633003943;0.2010356225113931;1.0;0.0;0.0;0.2775624012575732;0.0;0.0;0.3497862577869952;0.26338072947488117;0.18742861021393104;0.14387887584045816;0.0;0.15595462153846604;0.0;0.0;0.20227612168057235;0.0;0.1785168187420698;0.10863419878813198;0.0;0.27038436263585386;0.0;0.24526272711766017;0.28513915254841926;0.1996723612384066;0.27756518504520417;0.0;0.13599047270707829;0.0;0.16957345353837752;0.2703944436017063;0.5591249757690767;0.2057878972457715;0.3481084641707115;0.469995944891539;0.22915319049301236;0.2639384726244926;0.0;0.2633175238212581;0.0;0.0;0.0;0.6733125900312799;0.0;0.2513466170878344;0.0;0.0;0.0;0.2243238243370679;0.19636378367631643;0.24536253019098797;0.29387614962765574;0.20609789163290254;0.26088031422754554;0.2703944436017063;0.27038603111434156;0.15716353435817745;0.0;0.12707835357966418;0.23425996887229864;0.20039221559944587;0.0;0.17936931309172785;0.0;0.0;0.16600534980161755;0.25730980790383867;0.0;0.0;0.0;0.29784926483970536;0.0;0.1668418518567662;0.39197307679240645;0.0;0.19732770745630407;0.21121058079072536;0.20102336583579278;0.6101783215644919;0.0;0.24400489114396187;0.263659398040563;0.0;0.19883719156938048;0.0;0.23283764362484416;0.21131373403177375;0.1781238515070069;0.251184795555866;0.0;0.17278075333318596;0.9113178804457897;0.22914249797981254;0.24534976274500173;0.3673958737165714;0.233065683057532;0.2640427696331533;0.0;0.0;0.1942658172147159;0.2781184455571069;0.0;0.20219741722623485;0.0;0.16195278391626308;0.33378255518441;0.24553127040967;0.2781204500544696;0.1596258770037364;0.5834733666358903;0.25623271036852685;0.2640440812939136;0.3919731830854683;0.6191881156935403;0.0;0.0;0.21441196317972552;0.0;0.0;0.0;0.20650930257349942;0.0;0.0;0.0;0.1727807549350388;0.19183325614410798;0.0;0.2196368229311977;0.0;0.4593310583836741;0.17238188290041617;0.0;0.0;0.19171129191658623;0.2709347512979349;0.0;0.0;0.36193209623294564;0.23078068891894968;0.20689975105068256;0.20650931029572495;0.0;0.24525492227507123;0.2775627840575122;0.2856681003342427;0.2113135560723739;0.16406112027890982;0.34142981246287585;0.0;0.21884056875796348;0.0;0.0;0.24513595826025453;0.0;0.0;0.34971572368414633;0.24534624570528812;0.0;0.12213842509679587;0.0;0.0;0.0;0.6394359715112139;0.2703944436017063;0.21120992068210145;0.20117047447894118
GO:0044344;0.33804705782506217;0.0;0.20835218385638288;0.0;0.0;0.23967169887126916;0.0;0.0;0.0;0.19979436474666676;0.1935527993411005;0.18223749254135285;0.0;0.0;0.0;0.0;0.2598319207425471;0.0;0.0;0.3890459999617719;0.0;0.0;0.0;0.24934497136776587;0.0;0.0;0.0;0.0;0.0;0.0;0.0;0.0;0.0;0.0;0.23147836471431704;0.0;0.0;0.1998778788599215;0.0;0.0;0.0;0.1438364584892711;0.0;0.0;0.1434472755433968;0.24934549369496253;0.24934497136776587;0.0;0.0;0.0;0.0;0.0;0.0;1.0;0.15160683627912735;0.24934497136776587;0.0;0.18223749254135285;0.0;0.0;0.0;0.0;0.2394493616523124;0.0;0.2392556974727814;0.23119786335281428;0.0;0.0;0.0;0.4236223241439076;0.45766351079860457;0.23968030088168119;0.21466814359255065;0.0;0.2598319207425471;0.0;0.2493487698388939;0.2077832067992905;0.0;0.15439388918634658;0.0;0.23969369463429255;0.0;0.0;0.0;0.0;0.0;0.0;0.0;0.0;0.0;0.24999311017284714;0.40351169396141073;0.0;0.6193859199242601;0.0;0.648584764059208;0.21439493295634257;0.648584764059208;0.0;0.0;0.0;0.0;0.0;0.0;0.23969369463429255;0.23968251761781775;0.0;0.21491958589882668;0.17276856853472078;0.0;0.0;0.5056841485777507;0.0906125892120938;0.36072329923268315;0.26014196342712925;0.12339429350012178;0.0;0.648584764059208;0.6970366603300284;0.648584764059208;0.0;0.2498567308425474;0.0;0.0;0.20727958224156426;0.0;0.0;0.0;0.0;0.27256472056252434;0.0;0.23085504319291472;0.26066590688462604;0.0;0.22202441358613811;0.15081244198139485;0.0;0.0;0.0;0.20708865338639612;0.0;0.0;0.0;0.0;0.0;0.32743971744391;0.0;0.2297868594963223;0.19979396908148603;0.0;0.0;0.5277497888130174;0.0;0.6970413864171158;0.0;0.0;0.0;0.0;0.0;0.0;0.0;0.0;0.0;0.0;0.21345236655687436;0.21458584623863336;0.0;0.2406877462722864;0.25037493234550984;0.4513916137308452;0.0;0.69570062721098;0.5073914599221644;0.3666688231114109;0.0;0.0;0.0;0.0;0.648584764059208;0.0;0.0;0.45855441214712367;0.0;0.0;0.0;0.2306850365164072;0.23068347537226877;0.0;0.0;0.0;0.0;0.3757630519252808;0.0;0.24934549369496253;0.0;0.0;0.0;0.0;0.24943621216809386;0.0;0.38794162548442906;0.4351392970015374;0.0;0.24996566956296265;0.20612777687987993;0.0;0.0;0.2720490886249462;0.16376366528195327;0.24080987854614258;0.24943621216809386;0.19355371243959546;0.0;0.23969369463429255;0.0;0.0
GO:0038083;0.15115516801302026;0.0;0.6788049158098681;0.0;0.0;0.1731026001815195;0.0;0.0;0.0;0.15129296268125206;0.14768658983573762;0.14100610291469798;0.0;0.0;0.0;0.0;0.1833789560859245;0.0;0.0;0.0;0.0;0.0;0.0;0.17809265898307122;0.0;0.0;0.0;0.0;0.0;0.0;0.0;0.0;0.0;0.0;0.16878763082038575;0.0;0.0;0.15134084628113667;0.0;0.0;0.0;0.11686493217251488;0.0;0.0;0.770569634453178;0.17809292544378538;0.17809265898307122;0.0;0.0;0.0;0.0;0.0;0.0;0.15160683627912735;1.0;0.17809265898307122;0.0;0.14100610291469798;0.0;0.0;0.0;0.0;0.17298658955845192;0.0;0.17288549115138452;0.16863844142674672;0.0;0.0;0.0;0.11456485982497962;0.1478281132793935;0.17310708731830676;0.42990067274447463;0.0;0.1833789560859245;0.0;0.17809459673307879;0.15582986659890477;0.0;0.12373960588458703;0.0;0.1731140738325347;0.0;0.0;0.0;0.0;0.0;0.0;0.0;0.0;0.0;0.17842305618643947;0.0;0.0;0.13201957790424548;0.0;0.15980400676822254;0.15951924917081356;0.15980400676822254;0.0;0.0;0.0;0.0;0.0;0.0;0.1731140738325347;0.17310824363794386;0.0;0.15980951594982507;0.1352697385978178;0.0;0.0;0.13205531839848478;0.07911054002356496;0.0;0.0;0.10300094205431279;0.0;0.15980400676822254;0.16851410854410864;0.15980400676822254;0.0;0.17835357579516503;0.0;0.0;0.15554643342109764;0.0;0.0;0.0;0.0;0.1896309788153494;0.0;0.16845597365588602;0.0;0.0;0.16370481598464903;0.12142849587775502;0.0;0.0;0.0;0.0;0.0;0.0;0.0;0.0;0.0;0.1475349693987751;0.0;0.1678864870069575;0.1512927357997819;0.0;0.0;0.0;0.0;0.16851494217365715;0.0;0.0;0.0;0.0;0.0;0.0;0.0;0.0;0.0;0.0;0.15899685527403803;0.1596249149427017;0.0;0.17363199120361897;0.17861746554026042;0.0;0.0;0.14451395702680342;0.1597727350858607;0.0;0.0;0.0;0.0;0.0;0.15980400676822254;0.0;0.0;0.10342803615765173;0.2924609841801998;0.0;0.0;0.0;0.0;0.0;0.0;0.0;0.0;0.16359280763600179;0.0;0.17809292544378538;0.0;0.0;0.0;0.0;0.0;0.0;0.0;0.0;0.0;0.17840907792122712;0.15489691886504162;0.0;0.0;0.18938124971278913;0.12968642606015351;0.17369554193918077;0.0;0.14768712145456442;0.0;0.1731140738325347;0.0;0.0
GO:0007249;0.5908476081970744;0.36440350889621165;0.3784595075392548;0.29175482183892565;0.3291041373948968;0.8478425109230958;0.32777539501562436;0.15435136538352034;0.15435136538352034;0.2484970820171706;0.23891466777831266;0.22190706556967793;0.0;0.1542996330621373;0.3922597014298714;0.36511445417769955;0.8303708779574338;0.39226202361710905;0.5060142152483859;0.0;0.0;0.3859295424017886;0.3921932546902199;0.8931419216524134;0.4824960525303636;0.23907889457099574;0.3393100438042799;0.4612442593639076;0.5060399822837354;0.21674011987371714;0.26077239508154093;0.36487884198093584;0.3644034644741684;0.5059790926916216;0.29948152702692116;0.23717898141740296;0.2923776275713421;0.24862628729244102;0.36440354032279404;0.3389392355536869;0.5060372230077714;0.3987758190027197;0.36882743861950423;0.39121304479458585;0.4517044107956763;0.7860071394480033;0.8931419216524134;0.2933073043100491;0.0;0.23941728176126728;0.3414396193121446;0.36882000789921887;0.2775624012575732;0.24934497136776587;0.17809265898307122;1.0;0.0;0.22190706556967793;0.46141502412488433;0.403015487666199;0.32547086946899667;0.19457934728171752;0.31296021836564175;0.2984988536792672;0.31262947405354913;0.2990121739587574;0.319209563114764;0.0;0.2638025413375268;0.22212536364517507;0.23928525380519153;0.8478822943746528;0.271931330197906;0.3531377773986165;0.8303708779574338;0.23824662087871565;0.786020810778403;0.2609770589157973;0.1804253872188503;0.1819509652905695;0.24472912070997974;0.7462289730478271;0.3650136900426997;0.2019797979153039;0.36501165165293714;0.5030151174145817;0.3917123160822164;0.5056218187941136;0.0;0.5033479393569709;0.0;0.33121837257514375;0.0;0.39138454854573934;0.2004356071617998;0.46134600431338024;0.27231893750938213;0.27149306853899324;0.27231893750938213;0.3778086926020084;0.3533949006295919;0.35339639390679384;0.5027673225436028;0.3862241474717023;0.2838489301652599;0.7462289730478271;0.7461834798270839;0.21969330358728914;0.2723349359623817;0.28386049448706024;0.3256223564909807;0.23947805181999934;0.20051800096685632;0.20440984981886606;0.0;0.0;0.2885450509428457;0.1950008264351158;0.27231893750938213;0.29862151020945604;0.27231893750938213;0.2394804290697574;0.3309790165629356;0.23907996763654363;0.3644034644741684;0.2601830575030387;0.13816924499965103;0.4045768763818611;0.368778756992288;0.4239309441991024;0.3720377410246612;0.18160164794783284;0.7106562007707447;0.0;0.24867697897168625;0.2838445494441573;0.42147421347246233;0.4049555350292699;0.26294530706842417;0.36878027941902863;0.0;0.25146588023016414;0.28501878870998504;0.3134633397077633;0.3533633006482826;0.5059281111073325;0.6453875115497337;0.40495683102110236;0.29665624838973853;0.24849646994343938;0.22911885005853574;0.448451410887187;0.0;0.25530738319939134;0.2986241280572917;0.22916646980150496;0.4240901528322815;0.4421253598824177;0.560360522061594;0.22453496258156425;0.3921990918647498;0.1942483273094207;0.5060095269481891;0.36440362850374325;0.3405211215868328;0.2699833631269282;0.27179928434870043;0.35051808688901903;0.315079050495431;0.33188895084062475;0.0;0.32988081933114854;0.23072062569941715;0.272228140452229;0.0;0.25146588362321226;0.3389868058420206;0.0;0.3647010820808649;0.27231893750938213;0.48164489886473594;0.2506218793294306;0.14118196463249091;0.0;0.2936704217420091;0.42570945293106677;0.0;0.0;0.3202765953648015;0.19789595008289787;0.25078689110013297;0.32988083903619125;0.283507983178552;0.35311756005058476;0.7860071394480033;0.4736731816565712;0.4049548814777523;0.26093335575762755;0.4415764990201997;0.0;0.21989264800924735;0.0;0.0;0.44084521863560644;0.3311702054163233;0.25837084728776094;0.4612442593639076;0.35335418495455295;0.3710777331724904;0.26623369767733307;0.3152883796196309;0.0;0.23891605902716828;0.46123748667651293;0.7462289730478271;0.40457445432164374;0.3692741412508599
GO:0044351;0.0;0.0;0.0;0.0;0.0;0.0;0.0;0.0;0.0;0.0;0.0;0.0;0.3623767778080403;0.0;0.0;0.0;0.0;0.0;0.0;0.0;0.0;0.0;0.0;0.0;0.0;0.0;0.0;0.0;0.0;0.0;0.0;0.0;0.0;0.0;0.0;0.0;0.0;0.0;0.0;0.0;0.0;0.0;0.0;0.0;0.0;0.0;0.0;0.0;0.4835768859682091;0.0;0.0;0.0;0.0;0.0;0.0;0.0;1.0;0.0;0.0;0.0;0.0;0.0;0.6038216546031969;0.0;0.0;0.0;0.0;0.0;0.0;0.0;0.0;0.0;0.0;0.0;0.0;0.0;0.0;0.0;0.0;0.35754236861160454;0.0;0.0;0.0;0.0;0.0;0.0;0.0;0.0;0.28704993188671646;0.0;0.0;0.0;0.0;0.0;0.0;0.0;0.0;0.0;0.0;0.0;0.0;0.0;0.0;0.0;0.0;0.0;0.0;0.0;0.0;0.0;0.0;0.0;0.0;0.16516429604287614;0.0;0.0;0.0;0.0;0.0;0.0;0.0;0.0;0.0;0.0;0.0;0.0;0.0;0.0;0.0;0.0;0.0;0.0;0.0;0.0;0.0;0.0;0.0;0.0;0.0;0.0;0.0;0.0;0.0;0.0;0.0;0.0;0.0;0.0;0.0;0.0;0.0;0.0;0.0;0.0;0.0;0.0;0.0;0.0;0.0;0.0;0.0;0.0;0.0;0.0;0.0;0.2598261651623773;0.0;0.0;0.0;0.0;0.0;0.0;0.0;0.0;0.0;0.0;0.0;0.0;0.0;0.0;0.0;0.0;0.0;0.0;0.0;0.0;0.0;0.0;0.0;0.0;0.0;0.0;0.0;0.0;0.0;0.0;0.0;0.0;0.0;0.0;0.0;0.0;0.0;0.0;0.0;0.5022957532104395;0.0;0.0;0.0;0.0;0.0;0.0;0.0;0.0;0.0;0.0;0.0
GO:0030593;0.1815852694971233;0.0;0.11592315730993095;0.0;0.0;0.2142127071319707;0.0;0.0;0.0;0.7955332039782619;0.8299305231570652;0.8927670372199895;0.0;0.0;0.0;0.0;0.23017476920544852;0.0;0.0;0.0;0.0;0.0;0.0;0.22190706556967793;0.0;0.0;0.0;0.0;0.0;0.0;0.0;0.0;0.0;0.0;0.20764373280113288;0.0;0.0;0.24814900188980837;0.0;0.0;0.0;0.18320556506411503;0.0;0.0;0.13392106010743526;0.22190747926782156;0.22190706556967793;0.0;0.0;0.0;0.0;0.0;0.0;0.18223749254135285;0.14100610291469798;0.22190706556967793;0.0;1.0;0.0;0.0;0.0;0.0;0.2140350789306784;0.0;0.7203052173397133;0.2074179941065015;0.0;0.0;0.0;0.13123331330545152;0.17680497120150948;0.21421957869064076;0.19401517362403448;0.0;0.23017476920544852;0.0;0.22191007406357283;0.2570467056425781;0.0;0.19569633340862339;0.0;0.21423027794061256;0.0;0.0;0.0;0.0;0.0;0.0;0.0;0.0;0.0;0.30350489360739946;0.0;0.0;0.15465582386225335;0.0;0.19421240114865745;0.5905857968138587;0.19421240114865745;0.0;0.0;0.0;0.0;0.0;0.0;0.21423027794061256;0.21422134948126412;0.0;0.2650247908153859;0.15913499670578277;0.0;0.0;0.15470487358890225;0.08671615138070546;0.0;0.23041804156560375;0.11627926614536177;0.0;0.19421240114865745;0.20722993599150913;0.19421240114865745;0.0;0.22231230234566632;0.0;0.0;0.5728122794401925;0.0;0.0;0.0;0.0;0.24011123551111754;0.0;0.20714202668131823;0.0;0.0;0.200004312520671;0.19147266897298504;0.0;0.0;0.0;0.0;0.0;0.0;0.0;0.0;0.0;0.17638580435103826;0.0;0.6286482504156411;0.7955317705505223;0.0;0.0;0.0;0.0;0.2072311966749397;0.0;0.0;0.0;0.0;0.0;0.0;0.0;0.0;0.0;0.0;0.19302153873731723;0.19394794749842806;0.0;0.2150239957673231;0.22272245381256228;0.0;0.0;0.17208495459385362;0.1941662150228006;0.0;0.0;0.0;0.0;0.0;0.19421240114865745;0.0;0.0;0.11682386654826825;0.0;0.0;0.0;0.20700514146722723;0.20700388437621992;0.0;0.0;0.0;0.0;0.19983714945829056;0.0;0.22190747926782156;0.0;0.0;0.0;0.0;0.0;0.0;0.0;0.0;0.0;0.5247160670364749;0.25518870449240083;0.0;0.0;0.23971099289842843;0.15146366222217442;0.2151214661881493;0.0;0.8299340955340314;0.0;0.21423027794061256;0.0;0.0
GO:0001937;0.3624400272447561;0.32054748883089296;0.21720337218797742;0.2629511768834757;0.2929112165908284;0.4418951717456732;0.29185819085876374;0.14589644590794007;0.14589644590794007;0.0;0.0;0.0;0.0;0.14585022500620595;0.34190566621030344;0.44681855401088594;0.4827390758473606;0.47577634305391026;0.5909316123252578;0.0;0.0;0.32676705716133725;0.34185518284132693;0.46141502412488433;0.4084954471207687;0.21938621300455927;0.2927148068589938;0.5470946518498827;0.5917448505359763;0.1967358404649466;0.22373500657255463;0.3209152361608318;0.3205474544578331;0.4252029471606411;0.0;0.2612765407525262;0.26345697270492197;0.0;0.32054751314827445;0.2924388059442271;0.4252439980062719;0.25594045907369484;0.3144226460821921;0.4746669774753795;0.255211771021468;0.4614160820001126;0.46141502412488433;0.2642115895741869;0.0;0.21967111761066846;0.42113794680303457;0.31441724583803743;0.3497862577869952;0.0;0.0;0.46141502412488433;0.0;0.0;1.0;0.4235066816281892;0.28235753411359865;0.18133209778705453;0.0;0.25094681362375515;0.0;0.0;0.2850472662890487;0.0;0.2400288456515535;0.1475363448932873;0.0;0.4419124665584745;0.0;0.37854222405770854;0.4827390758473606;0.21868519866884426;0.461422717221327;0.0;0.16897859922334416;0.0;0.2680006316340805;0.4419393956548413;0.44671010378241316;0.2612504791269612;0.32101796537590666;0.4231078300869814;0.3414897209481451;0.42495061207864965;0.0;0.42334328424033135;0.0;0.0;0.0;0.47484840631318215;0.0;0.4701933545115169;0.0;0.0;0.0;0.33087448291931265;0.30313749620891517;0.37878002058796817;0.4068134577245275;0.3269782357493767;0.35694560619958726;0.4419393956548413;0.44191692344601974;0.20295288416939783;0.0;0.18375775043192744;0.28247153892107607;0.2197222758385582;0.0;0.22009650292480432;0.0;0.0;0.21794302735586937;0.1816980867131144;0.0;0.0;0.0;0.3057541418971515;0.0;0.21938711657554244;0.3205474544578331;0.0;0.13135508149163674;0.34003709724692854;0.31438726633434305;0.5089134301475853;0.0;0.1700099161012168;0.42422765624362874;0.0;0.22269639614599968;0.0;0.2690370992115076;0.3403045416589228;0.23931894815114288;0.3928369277238585;0.0;0.2297723094157003;0.3582745183009357;0.34146597588571576;0.3031142447017113;0.5916349148880362;0.3502518026761789;0.4252210378493779;0.0;0.0;0.21097051180762166;0.3705030036353481;0.0;0.22799897496576627;0.0;0.2110108858066658;0.9302187601869663;0.3791823100780001;0.553566049852596;0.20707786863482813;0.4757098099747043;0.25192997252962385;0.5084460655753846;0.3205475813812648;0.42013347563829007;0.0;0.0;0.3097536744240801;0.0;0.0;0.0;0.2935263025659164;0.0;0.0;0.0;0.2297723122485743;0.2924742182115612;0.0;0.32077772352637585;0.0;0.4078851906373214;0.22906744445656727;0.0;0.0;0.26450620245936063;0.354841781558636;0.0;0.0;0.2858978247717299;0.18420913623982094;0.22920528567710563;0.29352631816709096;0.0;0.37852363222549545;0.4614160820001126;0.3875521757650496;0.34030408012805674;0.23247522362837342;0.527083789434286;0.0;0.28265286722814825;0.0;0.0;0.37824032888853676;0.0;0.0;0.5470946518498827;0.3787412130565256;0.0;0.17360453728412772;0.0;0.0;0.0;0.5470878043716914;0.4419393956548413;0.340035386302762;0.31474722635522795
GO:0010888;0.3104815612517139;0.2723782889702574;0.18096075081785992;0.22098481962996067;0.24757671754434468;0.3844798842033029;0.3725472582276116;0.11993653962739588;0.11993653962739588;0.0;0.0;0.0;0.0;0.11989751002683825;0.2917274016193349;0.3409642571243456;0.42342880100907243;0.3645234257062709;0.3687655025020404;0.0;0.0;0.4409768799285174;0.29168147845882997;0.403015487666199;0.3530932147343167;0.18285476255778552;0.313523373563705;0.4233628188212076;0.4608040147385073;0.2059215528132948;0.24022515879209083;0.2727100965838921;0.2723782579586527;0.3687421942456885;0.0;0.22674622511191803;0.2792206861485532;0.0;0.2723783109095619;0.31320675827950606;0.36878077090207795;0.21480603340340537;0.33855924343726007;0.36361738603926835;0.21416476133794485;0.40301649608370865;0.403015487666199;0.22209741580110853;0.0;0.2287910958021827;0.32022881581123075;0.33855298228107517;0.26338072947488117;0.0;0.0;0.403015487666199;0.0;0.0;0.4235066816281892;1.0;0.30167101322717027;0.15005813040016297;0.0;0.27187978282132674;0.0;0.0;0.2405673286915969;0.0;0.2008435691624068;0.2091034857542248;0.0;0.3844962437742651;0.0;0.406462281110984;0.42342880100907243;0.18224633470486157;0.40302282110509935;0.0;0.17592183962452082;0.0;0.18698036184281144;0.38452171686331255;0.34087638045943774;0.19436414937824475;0.2728027945397384;0.36677417932311573;0.364048666837052;0.4604572451221457;0.0;0.4627742398482758;0.0;0.0;0.0;0.36376554325889987;0.0;0.3388869193190107;0.0;0.0;0.0;0.3520093332194413;0.3255109379553136;0.4067364621877402;0.44815127062309057;0.3531612370591578;0.26903472359158886;0.38452171686331255;0.38450045966730695;0.16863414043703998;0.0;0.2635073797448011;0.30180115105779637;0.2288465905661836;0.0;0.22937276912512763;0.0;0.0;0.22899721578517665;0.15037132429708647;0.0;0.0;0.0;0.27454928845351195;0.0;0.18285554689364167;0.2723782579586527;0.0;0.10769068621360682;0.36844410319236504;0.422987840813128;0.39171655902913005;0.0;0.1403904120272759;0.3678258685384438;0.0;0.23453924721258254;0.0;0.2263619531227734;0.36875811984881013;0.2501836478731016;0.5074593809399002;0.0;0.19188803984563396;0.27008543172915633;0.3640216810592904;0.3254841277274036;0.460711248567241;0.29933197705009273;0.46077476642825527;0.0;0.0;0.2193685499509643;0.4044826780003106;0.0;0.30317557788333976;0.0;0.17559613281692193;0.391852486690531;0.32588346558797854;0.40448797578307183;0.172195422222498;0.36446907901491943;0.224576618145343;0.36876239123892596;0.27237837246982427;0.3194207557192502;0.0;0.0;0.3282012104510666;0.0;0.0;0.0;0.3100400863880861;0.0;0.0;0.0;0.19188804231436363;0.391411224812503;0.0;0.3406037338231332;0.0;0.3525235614636125;0.19127386189061119;0.0;0.0;0.22235755466404453;0.3858891558401925;0.0;0.0;0.24132444087197363;0.15252130782870205;0.23915201727287658;0.3100401037940848;0.0;0.4064408456681738;0.40301649608370865;0.42488860825259833;0.3687575779123186;0.309458955995098;0.4067347440712554;0.0;0.21089637509137776;0.0;0.0;0.32501423127121676;0.0;0.0;0.4233628188212076;0.487907036519965;0.0;0.24812860618926322;0.0;0.0;0.0;0.42335711290966693;0.38452171686331255;0.36844209444058346;0.33893559892474184
GO:0051798;0.262330824226286;0.2931414047437827;0.1634724810010842;0.24422125284733348;0.21596735664332162;0.31327401428594226;0.215251852856974;0.13994162022889645;0.13994162022889645;0.0;0.0;0.0;0.0;0.1398990948295721;0.3109023762670902;0.23496985316708446;0.338655931640583;0.24881711444280638;0.3783090694537493;0.0;0.0;0.36485520460602267;0.3108606326929853;0.32547086946899667;0.2921165882583841;0.28693581823559394;0.3304988177280444;0.3527136640607872;0.30277321765830467;0.2293807211205764;0.20150278100068475;0.2934489269650829;0.2931413759970977;0.3027459801527045;0.0;0.16388433069388078;0.24465749980291684;0.0;0.29314142508075874;0.3302172034932602;0.3783219293485086;0.23816220039668157;0.3524889409357322;0.37219955102346863;0.19009673524794854;0.3254715271585516;0.32547086946899667;0.4845445792153044;0.0;0.20644435915513143;0.22256047461648543;0.3524835092868561;0.18742861021393104;0.0;0.0;0.32547086946899667;0.0;0.0;0.28235753411359865;0.30167101322717027;1.0;0.17222363916188985;0.0;0.2233117077230779;0.0;0.0;0.2631682489080765;0.0;0.22432457631844333;0.13753023732927533;0.0;0.313284875290265;0.0;0.2728266494468216;0.338655931640583;0.20557335803743115;0.32547565232089704;0.0;0.16104175872444537;0.0;0.21038180830387002;0.3133017863545055;0.23491770470249118;0.14245067586806048;0.29353482168137324;0.3014181132998563;0.3105584070484986;0.30258612886476005;0.0;0.3768167868770292;0.0;0.0;0.0;0.24837575732982486;0.0;0.35277315802944;0.0;0.0;0.0;0.3017542946993099;0.3410961446901157;0.2729809861214124;0.35428745433636405;0.5080548158855006;0.19099782895599493;0.3133017863545055;0.3132876741643216;0.1916108052276954;0.0;0.16848959067144134;0.320012800287278;0.20648954157893076;0.0;0.12100039424330777;0.0;0.0;0.20491738283005742;0.17255375021740013;0.0;0.0;0.0;0.16525550947212567;0.0;0.2869369289478877;0.2931413759970977;0.0;0.12650840856297452;0.3780383248583977;0.3524533550907422;0.2644765126098425;0.0;0.1619782015007433;0.30212802896872737;0.0;0.2573768421307648;0.0;0.2494624161791052;0.5264426544461795;0.31130493529631253;0.28207018958440216;0.0;0.21534112087084928;0.1916592479159864;0.432170521320084;0.34107258427723214;0.3027231734854022;0.25432674996800064;0.3783037564548516;0.0;0.0;0.19874159555435858;0.326427101144464;0.0;0.3660370661631596;0.0;0.1987774242487132;0.264553933911831;0.47515210951527187;0.4078839615909678;0.19528344926075428;0.24878547432616005;0.17196426236006096;0.3783064489517288;0.293141482144989;0.22207259917103594;0.0;0.0;0.22735658992826432;0.0;0.0;0.0;0.27037914555789366;0.0;0.0;0.0;0.21534112335905237;0.3302533388399337;0.0;0.29333394151001546;0.0;0.2917265876307136;0.21472189632359467;0.0;0.0;0.4850461809704775;0.3142089925113086;0.0;0.0;0.26389308188646127;0.17481683811290635;0.21484300874034334;0.2703791587955051;0.0;0.27281458200920616;0.3254715271585516;0.33958908374577973;0.5264420192466316;0.37266209288594265;0.2729800190972764;0.0;0.1534679480665674;0.0;0.0;0.47408770642338544;0.0;0.0;0.3527136640607872;0.27295580025215493;0.0;0.15991414458645622;0.0;0.0;0.0;0.2822744552717351;0.3133017863545055;0.37803663243387997;0.4909745225192189
GO:0061098;0.17448589007546772;0.22843330944860796;0.13199533415846584;0.3825875607233124;0.3430253095934543;0.19102103968496914;0.1562898831755989;0.7870565564729888;0.7870565564729888;0.0;0.0;0.0;0.0;0.8252190539727092;0.23598260514652986;0.16430169820290938;0.19827273829277484;0.16958311349791572;0.26138627761953537;0.0;0.0;0.18446106597384226;0.23596532173232684;0.19457934728171752;0.18450004146163915;0.4666371550179866;0.3117285443571746;0.1813057185799608;0.18784190967723452;0.14204647981334723;0.2487533659966965;0.22856744445014784;0.2284332969040944;0.18783351911136725;0.0;0.26200225532751964;0.3769944665584386;0.0;0.22843331832328173;0.17517139192770764;0.2613906892948827;0.17439481423776224;0.18124632210242686;0.16938675975095574;0.14513030115791567;0.19457953540558273;0.19457934728171752;0.20594516967412418;0.0;0.18494053150752088;0.15933023457328246;0.18124488601013217;0.14387887584045816;0.0;0.0;0.19457934728171752;0.0;0.0;0.18133209778705453;0.15005813040016297;0.17222363916188985;1.0;0.0;0.2621342515207003;0.0;0.0;0.21473741291952328;0.0;0.5451447605315941;0.08472346848866803;0.0;0.19102427137807781;0.0;0.21316538926762;0.19827273829277478;0.39363293563711366;0.19458071534759563;0.0;0.3561944010485141;0.0;0.18719598505293092;0.19102930303883567;0.16428129031974528;0.40291229097394266;0.22860488788499722;0.22656959968016577;0.23584012595599993;0.18778426129055842;0.0;0.18746973013025267;0.0;0.0;0.0;0.16941890360495607;0.0;0.2523176615863451;0.0;0.0;0.0;0.23214384312172523;0.1781861131543232;0.14260303381220418;0.16202777076771832;0.14766773715853965;0.318018323207076;0.19102930303883567;0.19102510416478888;0.49262083904211956;0.0;0.09553779713307618;0.17225757623257795;0.1849665867626218;0.0;0.10759127980698074;0.0;0.0;0.1840575780965875;0.6825157067736705;0.0;0.0;0.0;0.13292209484713524;0.0;0.4666383183796254;0.2284332969040944;0.0;0.730637121025613;0.18777158760561305;0.18123691304765674;0.17524269617934538;0.0;0.695903817335323;0.18764295360574157;0.0;0.15230579528588098;0.0;0.17935366272143694;0.18783682615151653;0.1946067372185585;0.14504458893138705;0.0;0.7898201932035412;0.14585683888786277;0.13563081827097362;0.1781796834454099;0.18782649288902056;0.1716109472276237;0.1503264589272105;0.0;0.0;0.1804384083890543;0.15594089935590502;0.0;0.15426957116020318;0.0;0.5046413134461972;0.1752698956568554;0.17827539229577366;0.2711480938842713;0.40186890258717234;0.1695713503905749;0.1177087292765522;0.2613853786197722;0.22843334322503556;0.15912993952642426;0.0;0.0;0.1612794753965436;0.0;0.0;0.0;0.21814890880948043;0.0;0.0;0.0;0.8412642740518482;0.17518155995922416;0.0;0.22851730459997557;0.0;0.18437545042289877;0.4013201434406917;0.0;0.0;0.2060737397136747;0.15309692506335604;0.0;0.0;0.21508382531125256;0.55909910303363;0.18971494876431774;0.21814891500204905;0.0;0.14255761003476705;0.1945795354055827;0.15888273306040177;0.18783671361816795;0.1558950124928092;0.17818608723355336;0.0;0.25100309643792845;0.0;0.0;0.24778880630251196;0.0;0.0;0.18130571857996078;0.142596160456563;0.0;0.09271851551777997;0.0;0.0;0.0;0.18130467211194848;0.19102930303883567;0.18777117006532826;0.18133258928744658
GO:0006887;0.23832460039087947;0.0;0.13669965506980514;0.0;0.0;0.2978707794387212;0.0;0.0;0.0;0.23866733071769208;0.22981451811272588;0.2140350789306784;0.36075144020254973;0.0;0.0;0.0;0.3296600263976607;0.0;0.0;0.0;0.0;0.0;0.0;0.31296021836564175;0.0;0.0;0.0;0.0;0.0;0.0;0.0;0.0;0.0;0.0;0.28531936532432006;0.0;0.0;0.23878651381800023;0.0;0.0;0.0;0.16294270469752029;0.0;0.0;0.1624434414262546;0.31296104121420587;0.31296021836564175;0.0;0.4806868521231346;0.0;0.0;0.0;0.0;0.2394493616523124;0.17298658955845192;0.31296021836564175;0.6038216546031969;0.2140350789306784;0.0;0.0;0.0;0.0;1.0;0.0;0.29722848512438327;0.2848933215046521;0.0;0.0;0.0;0.1585057419977446;0.23015739063100593;0.29788406641146065;0.2602039399813241;0.0;0.3296600263976607;0.0;0.31296620231020916;0.25015667455101265;0.0;0.5936412854256092;0.0;0.2979047553415321;0.0;0.0;0.0;0.0;0.0;0.0;0.28533441074344773;0.0;0.0;0.31398194138225893;0.0;0.0;0.19399116848265643;0.0;0.2605588142471234;0.259802636518359;0.2605588142471234;0.0;0.0;0.0;0.0;0.0;0.0;0.2979047553415321;0.297887490498861;0.0;0.26057346070943405;0.2010908710924319;0.0;0.0;0.19406834816479418;0.20049394167760856;0.0;0.0;0.13719512392558547;0.0;0.2605588142471234;0.28453865783527466;0.2605588142471234;0.0;0.3137668410029584;0.0;0.0;0.24942705647276706;0.0;0.0;0.0;0.0;0.35042966389082386;0.0;0.284372949742129;0.0;0.0;0.2710912005579428;0.17195310824592655;0.0;0.0;0.0;0.0;0.0;0.0;0.0;0.0;0.0;0.22944758857883435;0.0;0.2827538329656316;0.23866676610953474;0.0;0.0;0.0;0.0;0.28454103459129143;0.0;0.0;0.0;0.0;0.0;0.0;0.0;0.0;0.0;0.0;0.35262829713108185;0.26008303530709626;0.0;0.29944180615351135;0.3145844790776703;0.0;0.0;0.22222288522412173;0.2604756888225451;0.0;0.0;0.0;0.0;0.0;0.2605588142471234;0.0;0.0;0.13795390549988792;0.0;0.0;0.0;0.0;0.0;0.0;0.0;0.0;0.0;0.270784182835304;0.0;0.31296104121420587;0.0;0.0;0.0;0.0;0.0;0.0;0.0;0.0;0.0;0.3139386566416334;0.8327336531295877;0.0;0.0;0.34957780510889697;0.1889949401439531;0.29963086680416356;0.0;0.22981580539568153;0.0;0.2979047553415321;0.0;0.0
GO:0043547;0.22984488659520824;0.20159519684115343;0.13386684203836346;0.2770360546457338;0.2479149594060823;0.2847410591974115;0.18251730442854192;0.20948050426538112;0.20948050426538112;0.0;0.0;0.0;0.0;0.20941229030736427;0.2159391052152606;0.20196304382573088;0.31365361198620384;0.21594029509419702;0.2730794833848015;0.0;0.0;0.2613188662389246;0.21590505777323687;0.2984988536792672;0.2614511608730392;0.135269362301269;0.23210059238407038;0.2508614089565995;0.27309217175205003;0.15235272836818164;0.7266002345724946;0.20184114705879336;0.20159517385404696;0.27306218793008735;0.0;0.13424065851133307;0.16384171072518994;0.0;0.20159521310348927;0.23186579759713558;0.27309081301725757;0.15893377361358524;0.2506692301986135;0.21540270348550078;0.15845873938139854;0.2984996022398005;0.2984988536792672;0.16433523740051845;0.0;0.13545250692824046;0.18966346821633218;0.2506645857741005;0.15595462153846604;0.0;0.0;0.2984988536792672;0.0;0.0;0.25094681362375515;0.27187978282132674;0.2233117077230779;0.2621342515207003;0.0;1.0;0.0;0.0;0.17801971341636427;0.0;0.1485915781678152;0.15470962313701436;0.0;0.2847532006201011;0.0;0.240829100171953;0.31365361198620384;0.31841986197666;0.29850429737999035;0.0;0.24369691215858008;0.0;0.13832447997348427;0.2847721057376926;0.20191091355079152;0.2334620977053323;0.20190985897164287;0.36751701203979903;0.21565860006495768;0.27288624305154324;0.0;0.27176592716767256;0.0;0.0;0.0;0.21549061112827986;0.0;0.2509122953224448;0.0;0.0;0.0;0.20851553610481788;0.24099090488102165;0.2409918445301675;0.3320120463940651;0.26150162685426;0.3232598198337796;0.2847721057376926;0.2847563294885397;0.12473967330284268;0.0;0.195020027509812;0.22340820262720243;0.1354853950056218;0.0;0.0963801288300078;0.0;0.0;0.1343419528805511;0.11121935611106368;0.0;0.0;0.0;0.1354866815319195;0.0;0.1352699431099336;0.20159517385404696;0.0;0.18807926283171467;0.27284099544423407;0.25063880243845327;0.23207713281340783;0.0;0.1038314440363969;0.2723822491434813;0.0;0.17355316285972344;0.0;0.16749461259086704;0.2730740052248775;0.14813165244401166;0.25063975401945626;0.0;0.14195892916191313;0.15992938575906288;0.21564258826802274;0.24097102035442305;0.2730370826160873;0.22157737732666444;0.27307480265542305;0.0;0.0;0.12986862065708624;0.29958797565733963;0.0;0.17791666191530275;0.0;0.1298944885238833;0.23215780418805107;0.24126720062815962;0.2995919083294895;0.12737647670474317;0.21590804878510605;0.1108054097082733;0.2730771747300703;0.20159525873454648;0.18918419939363063;0.0;0.0;0.19439216155094488;0.0;0.0;0.0;0.18362067745889685;0.0;0.0;0.0;0.14195893099021467;0.23189592111073942;0.0;0.20174917412322466;0.0;0.26102853477038285;0.14150408036379458;0.0;0.0;0.1645279565746401;0.2857869725828699;0.0;0.0;0.17858072216486218;0.3406037305282086;0.14159301940215074;0.18362068778168306;0.0;0.24081637685469076;0.2984996022398005;0.314737497708839;0.2730736030910449;0.1816090160299015;0.24099082471470626;0.0;0.12484832947709237;0.0;0.0;0.24062250996536017;0.0;0.0;0.2508614089565995;0.24096528418433194;0.0;0.18362271679073253;0.0;0.0;0.0;0.25085802162415327;0.2847721057376926;0.272839504892744;0.25094840520919715
GO:0060326;0.2381327506000602;0.0;0.1366365146416914;0.0;0.0;0.29757114478072416;0.0;0.0;0.0;0.8031347995261306;0.7733674972104156;0.7203052173397133;0.0;0.0;0.0;0.0;0.32929306346355525;0.0;0.0;0.0;0.0;0.0;0.0;0.31262947405354913;0.0;0.0;0.0;0.0;0.0;0.0;0.0;0.0;0.0;0.0;0.28504443847866184;0.0;0.0;0.2385939199322301;0.0;0.0;0.0;0.1628530023066676;0.0;0.0;0.16235428774662447;0.31263029516381546;0.31262947405354913;0.0;0.0;0.0;0.0;0.0;0.0;0.2392556974727814;0.17288549115138452;0.31262947405354913;0.0;0.7203052173397133;0.0;0.0;0.0;0.0;0.29722848512438327;0.0;1.0;0.28461921470265594;0.0;0.0;0.0;0.1584208570499117;0.22997845970306025;0.29758440503500705;0.2599752646981835;0.0;0.32929306346355525;0.0;0.3126354453567099;0.2499453108443124;0.0;0.176519171748835;0.0;0.2976050523598334;0.0;0.0;0.0;0.0;0.0;0.0;0.0;0.0;0.0;0.3136490351278958;0.0;0.0;0.19386403716752607;0.0;0.260329515064475;0.6124275661691164;0.260329515064475;0.0;0.0;0.0;0.0;0.0;0.0;0.2976050523598334;0.2975878222367988;0.0;0.2603441357587968;0.20095426724972254;0.0;0.0;0.19394111570393896;0.09780753796151972;0.0;0.0;0.1371315250686189;0.0;0.260329515064475;0.28426523275203963;0.260329515064475;0.0;0.3134343904806841;0.0;0.0;0.5879900236388809;0.0;0.0;0.0;0.0;0.3500150337314343;0.0;0.2840998428849795;0.0;0.0;0.2708429979380715;0.17185321387481547;0.0;0.0;0.0;0.0;0.0;0.0;0.0;0.0;0.0;0.22926975916349218;0.0;0.6664782997105883;0.803132901105829;0.0;0.0;0.0;0.0;0.2842676049423838;0.0;0.0;0.0;0.0;0.0;0.0;0.0;0.0;0.0;0.0;0.2581942644469517;0.25985457239083704;0.0;0.29913900410756267;0.3142502945696239;0.0;0.0;0.22205607419275028;0.260246535857709;0.0;0.0;0.0;0.0;0.0;0.260329515064475;0.0;0.0;0.13788960137324754;0.0;0.0;0.0;0.0;0.0;0.0;0.0;0.0;0.0;0.2705365418319427;0.0;0.31263029516381546;0.0;0.0;0.0;0.0;0.0;0.0;0.0;0.0;0.0;0.7399060385169159;0.2475537668812598;0.0;0.0;0.34916518715983585;0.1888742709792777;0.29932768246662134;0.0;0.773371825788045;0.0;0.2976050523598334;0.0;0.0
GO:0030866;0.23014911589730533;0.0;0.1339699844803073;0.0;0.0;0.28520811509305244;0.0;0.0;0.0;0.2304687197352447;0.22220314558492893;0.2074179941065015;0.0;0.0;0.0;0.0;0.31422042732189637;0.0;0.0;0.0;0.0;0.0;0.0;0.2990121739587574;0.0;0.0;0.0;0.0;0.0;0.0;0.0;0.0;0.0;0.0;0.27368050576524244;0.0;0.0;0.230579853302617;0.0;0.0;0.0;0.15907918098558646;0.0;0.0;0.15860327844630237;0.2990129250960657;0.2990121739587574;0.0;0.0;0.0;0.0;0.0;0.0;0.23119786335281428;0.16863844142674672;0.2990121739587574;0.0;0.2074179941065015;0.0;0.0;0.0;0.0;0.2848933215046521;0.0;0.28461921470265594;1.0;0.0;0.0;0.0;0.15484740058347712;0.22252366674161125;0.28522029637999746;0.25048904909507624;0.0;0.31422042732189637;0.0;0.2990176363985156;0.2411645786436191;0.0;0.1720940030109199;0.0;0.28523926357265544;0.0;0.0;0.0;0.0;0.0;0.0;0.0;0.0;0.0;0.2999447182326044;0.0;0.0;0.18853961972732075;0.0;0.2508179023502001;0.2501171306932211;0.2508179023502001;0.0;0.0;0.0;0.0;0.0;0.0;0.28523926357265544;0.2852234355218089;0.0;0.25083147414704865;0.19523900661992039;0.0;0.0;0.1886125217311385;0.0964335819038739;0.0;0.0;0.22803891479793492;0.0;0.2508179023502001;0.27296211283067123;0.2508179023502001;0.0;0.9031795033136455;0.0;0.0;0.2404864002147788;0.0;0.0;0.0;0.0;0.33303461885474017;0.0;0.2728096106003947;0.0;0.0;0.2605627825566833;0.16765611430010707;0.0;0.0;0.0;0.0;0.0;0.0;0.0;0.0;0.0;0.2218601005652296;0.0;0.2713191465787162;0.23046819325120463;0.0;0.0;0.0;0.0;0.2729643001220409;0.0;0.0;0.0;0.0;0.0;0.0;0.0;0.0;0.0;0.0;0.42205933772252563;0.424674385574695;0.0;0.48619521530574095;0.5096807298168086;0.0;0.0;0.21509827635871748;0.2507408750669104;0.0;0.0;0.0;0.0;0.0;0.2508179023502001;0.0;0.0;0.13517442365764132;0.0;0.0;0.0;0.0;0.0;0.0;0.0;0.0;0.0;0.26027913668080926;0.0;0.2990129250960657;0.0;0.0;0.0;0.0;0.0;0.0;0.0;0.0;0.0;0.2999052170049849;0.2389373672946166;0.0;0.0;0.33226513936103147;0.18381683602927837;0.28682133325075887;0.0;0.22220434901101654;0.0;0.28523926357265544;0.0;0.0
GO:0050870;0.2684874346184693;0.34063558305477937;0.17955023326640385;0.2515891198769389;0.22833679174350682;0.3097440447990018;0.22769637436991172;0.17795498413818947;0.17795498413818947;0.0;0.0;0.0;0.0;0.17790556583934214;0.35769936099056143;0.24510939301275728;0.3292718343055009;0.2570522152308062;0.41949848023471487;0.0;0.0;0.2928562242861499;0.3576596519422669;0.319209563114764;0.29295447709516004;0.2519250097412226;0.27030234264425934;0.2849820869440326;0.3014706714575378;0.2765063046879216;0.1638801438118914;0.3409339347829685;0.34063555516051097;0.30144905996988147;0.0;0.17994773881774673;0.2922698834683675;0.0;0.3406356027887087;0.5846430665811203;0.4195098435012857;0.3266113863438566;0.6165065771550639;0.25660133894131276;0.2047583171246643;0.3192100694083963;0.319209563114764;0.37540801178140654;0.0;0.3231958864932911;0.2342074314996185;0.506871295937455;0.20227612168057235;0.0;0.0;0.319209563114764;0.0;0.0;0.2850472662890487;0.2405673286915969;0.2631682489080765;0.21473741291952328;0.0;0.17801971341636427;0.0;0.0;1.0;0.0;0.27116947757987786;0.11889986969817452;0.0;0.30975254204517383;0.0;0.22186220583597285;0.3292718343055009;0.25126035679189807;0.31921324497475695;0.0;0.20216008981570885;0.0;0.8243236332312092;0.309765772388598;0.24506397718505035;0.15893364384127193;0.3410172496250055;0.30039451065563505;0.3573721012665888;0.301322210695223;0.0;0.30051317442150033;0.0;0.0;0.0;0.2566751122562288;0.0;0.3966205772932102;0.0;0.0;0.0;0.3489527695142317;0.2773497138012695;0.22196425661444413;0.34097820292832964;0.2344821868928514;0.20559444744242494;0.309765772388598;0.30975473176029755;0.2361461831632273;0.0;0.1413548516931269;0.36637883551719114;0.3232579813377992;0.0;0.13721411074832504;0.0;0.0;0.2505558716249566;0.2151061399111875;0.0;0.0;0.0;0.21746846789386517;0.0;0.2519258659651692;0.34063555516051097;0.0;0.1622146053318518;0.5361586357945578;0.28481212908832926;0.2702835239134434;0.0;0.20321995209255006;0.3009585367881639;0.0;0.3052663326527526;0.0;0.3398782057767431;0.30145757773715703;0.270518008791976;0.2279364386907671;0.0;0.2616861102925289;0.2062074868748885;0.20551977042354885;0.27733413656791583;0.30143096350517756;0.26174031363395034;0.24125771113248876;0.0;0.0;0.31256112909745476;0.25605295079463114;0.0;0.22343341159741592;0.0;0.2439352282827643;0.27034823168041733;0.2775660747393711;0.4452231255351923;0.24014610385814134;0.2570251890912482;0.18488191496946452;0.4194961646861754;0.34063565816082686;0.23377489907883628;0.0;0.0;0.2860602080376717;0.0;0.0;0.0;0.40786260767839455;0.0;0.0;0.0;0.2616861129330809;0.27013812012762933;0.0;0.3408223903461121;0.0;0.29264048277775084;0.26102873201605914;0.0;0.0;0.2931970766824897;0.24847398623571804;0.0;0.0;0.31177965266345065;0.21763000913131908;0.33468151553450814;0.40786262456969335;0.0;0.22185422567365945;0.3192100694083963;0.2640817301828464;0.30145728788801956;0.22685922229633132;0.2773496510018548;0.0;0.1698191479733202;0.0;0.0;0.38554393262523884;0.0;0.0;0.2849820869440326;0.22194760464037766;0.0;0.13526920918712707;0.0;0.0;0.0;0.28497950149104967;0.309765772388598;0.5361567227923998;0.28504848082096185
GO:0048566;0.0;0.0;0.0;0.0;0.0;0.0;0.0;0.0;0.0;0.0;0.0;0.0;0.0;0.0;0.0;0.0;0.0;0.0;0.0;0.0;0.0;0.0;0.0;0.0;0.0;0.0;0.0;0.0;0.0;0.0;0.0;0.0;0.0;0.0;0.4047642466666379;0.0;0.0;0.0;0.0;0.0;0.0;0.0;0.0;0.0;0.0;0.0;0.0;0.0;0.0;0.0;0.0;0.0;0.0;0.0;0.0;0.0;0.0;0.0;0.0;0.0;0.0;0.0;0.0;0.0;0.0;0.0;0.0;1.0;0.0;0.0;0.0;0.0;0.0;0.0;0.0;0.0;0.0;0.0;0.0;0.0;0.0;0.0;0.0;0.0;0.0;0.0;0.0;0.0;0.0;0.0;0.0;0.0;0.0;0.0;0.0;0.0;0.0;0.0;0.0;0.0;0.0;0.0;0.0;0.0;0.0;0.0;0.0;0.0;0.0;0.0;0.0;0.0;0.0;0.0;0.0;0.0;0.0;0.0;0.0;0.0;0.0;0.0;0.0;0.0;0.0;0.0;0.0;0.0;0.0;0.0;0.3752381090038691;0.0;0.0;0.0;0.0;0.3834916677006565;0.0;0.0;0.0;0.0;0.0;0.0;0.0;0.0;0.0;0.0;0.0;0.0;0.0;0.0;0.0;0.0;0.0;0.0;0.0;0.0;0.0;0.0;0.0;0.0;0.0;0.0;0.0;0.0;0.0;0.0;0.0;0.0;0.0;0.0;0.0;0.0;0.0;0.0;0.0;0.0;0.0;0.47393942877810774;0.0;0.0;0.0;0.0;0.0;0.0;0.0;0.0;0.0;0.0;0.0;0.0;0.0;0.0;0.0;0.0;0.0;0.0;0.0;0.0;0.0;0.0;0.0;0.0;0.0;0.0;0.0;0.0;0.0;0.0;0.3742615353016901;0.0;0.3175838535120702;0.0;0.0;0.0;0.0;0.0;0.0
GO:0051044;0.22817792383271496;0.293381983850207;0.16057942596364777;0.40199536940155833;0.3933942467121302;0.25730436240945204;0.19802806511200455;0.45901411963327976;0.45901411963327976;0.0;0.0;0.0;0.0;0.45889654160013565;0.30595254076465916;0.2110690148910304;0.2706374450528069;0.2198654590927958;0.3500621196706077;0.0;0.0;0.24554214053523823;0.3059234892852767;0.2638025413375268;0.2456112065811995;0.5684380439169692;0.4082027973628708;0.2399826268384708;0.2515692840996855;0.17570456811852192;0.13860932886079946;0.2936032742889326;0.29338196315823717;0.2515542348479169;0.0;0.31885215364229325;0.47081100443034085;0.0;0.29338199848883656;0.22935163327904;0.3500700324799287;0.21691891653523493;0.2398785746431133;0.21953551608817;0.1804473617459042;0.26380288712440453;0.2638025413375268;0.25729815582136345;0.0;0.2253255130768059;0.20293463093522732;0.23987605913482268;0.1785168187420698;0.0;0.0;0.2638025413375268;0.0;0.0;0.2400288456515535;0.2008435691624068;0.22432457631844333;0.5451447605315941;0.0;0.1485915781678152;0.0;0.0;0.27116947757987786;0.0;1.0;0.10500959561834286;0.0;0.2573102260123593;0.0;0.32667266416961477;0.27063744505280685;0.34931626739205;0.2638050559586702;0.0;0.3130874237152117;0.0;0.22868249141609936;0.25731935562415426;0.21103533679998424;0.33973861987705894;0.2936650601309259;0.25081946076350514;0.30571308690361587;0.25146589561260374;0.0;0.25090218414717774;0.0;0.0;0.0;0.2195895135076886;0.0;0.3339859036106542;0.0;0.0;0.0;0.2995308461864645;0.2345473136206576;0.18770922122785388;0.2228811199343772;0.19658433958568342;0.252038269796396;0.25731935562415426;0.2573117370366025;0.5940352511887358;0.0;0.12214641981138395;0.2243821558903566;0.22536419118510806;0.0;0.12585176443450952;0.0;0.0;0.22401620517541246;0.5459944137558063;0.0;0.0;0.0;0.1619531233622205;0.0;0.5684397702421947;0.29338196315823717;0.0;0.42130590885177593;0.2514431691012812;0.23986209365609035;0.22947388287161277;0.0;0.5184691302285322;0.25121256085766297;0.0;0.19167513415885773;0.0;0.22464448065136375;0.25156016627419564;0.23983987038055338;0.19196264415642614;0.0;0.651207737996746;0.18157189536333765;0.17581271218162334;0.23453617325175402;0.25154163302265237;0.22328622766138143;0.20132454864711322;0.0;0.0;0.21867781371893916;0.21152376781093485;0.0;0.1947957511958534;0.0;0.6116026559079548;0.229520523897882;0.23470202849047805;0.3677955553560833;0.48585891748827315;0.2198456865769216;0.13991945160839253;0.35006050722995574;0.2933820395638749;0.20260981542177914;0.0;0.0;0.20610739620896348;0.0;0.0;0.0;0.27663243730096304;0.0;0.0;0.0;0.6512077438442395;0.22936906426662096;0.0;0.2935205469663221;0.0;0.2453904604512481;0.49168779141554203;0.0;0.0;0.25749886975168845;0.2063248859191696;0.0;0.0;0.2717221194027182;0.605438413904823;0.2324529290915658;0.27663244725893615;0.0;0.18763052513363299;0.2638028871244045;0.216973140770244;0.25155996443597106;0.19739455476088322;0.23454726870879225;0.0;0.30270894089709954;0.0;0.0;0.32609669139818076;0.0;0.0;0.23998262683847077;0.18769731221180802;0.0;0.11757559381053573;0.0;0.0;0.0;0.2399807934193887;0.25731935562415426;0.2514424203837838;0.24002970684705185
GO:0071333;0.28815971680007385;0.12897370593478008;0.20057772300732168;0.11224756346845349;0.12119466133205496;0.21642285464301642;0.16358118657361095;0.07108427195044492;0.07108427195044492;0.14009884595951871;0.13700093505405764;0.13123331330545152;0.0;0.07106571909395447;0.13469795064792375;0.1291241668931927;0.22813651497440285;0.1346984136268867;0.15491818200056956;0.3122824541767229;0.0;0.15106139064927715;0.13468470205874195;0.22212536364517507;0.15110558989915185;0.09817647261052045;0.14081414159627856;0.14750682075816451;0.15492226541676873;0.10687416245765557;0.14391829058171;0.12907432919415374;0.1289736965261515;0.15491261565038242;0.15497317757685938;0.09763345625415817;0.1520981069233259;0.1401399049515923;0.1289737125909578;0.14072768436488464;0.15492182815167765;0.15019859148004877;0.1474403548462062;0.13448904238787343;0.14988739681333943;0.222125667415994;0.22212536364517507;0.11263538155051285;0.0;0.09827291077506355;0.12398365351603097;0.1474387480311129;0.10863419878813198;0.4236223241439076;0.11456485982497962;0.22212536364517507;0.0;0.13123331330545152;0.1475363448932873;0.2091034857542248;0.13753023732927533;0.08472346848866803;0.1585057419977446;0.15470962313701436;0.1584208570499117;0.15484740058347712;0.11889986969817452;0.0;0.10500959561834286;1.0;0.3238254552154052;0.21642799479639435;0.1472531888470346;0.14398008755398353;0.22813651497440285;0.09793892457348495;0.22212757271916042;0.14398060623431355;0.10838369813524439;0.11614925746423975;0.09977589252510356;0.2164359980191691;0.1291028559978381;0.08707216594660284;0.12910242484414536;0.15444152731065772;0.13458875319241514;0.15485597239977741;0.0;0.20905370549651273;0.0;0.16305814620253814;0.31995824907935144;0.13452330587532824;0.4534564269219023;0.1475244130181044;0.44474436760479596;0.14712458160223724;0.44474436760479596;0.13177160340725724;0.1440379052486952;0.14403824092240694;0.1722646461700548;0.1511224454618575;0.11025004065160166;0.2164359980191691;0.21642931939253207;0.09250883424200451;0.14737145837009066;0.38328253374276267;0.13756683097649472;0.09829022101500764;0.45357118383455647;0.2305388834187555;0.24734798849798992;0.16731567556065208;0.16779720356176023;0.08485849917993206;0.44474436760479596;0.46700407994197807;0.44474436760479596;0.09829089811560257;0.16300011522685529;0.0981767785591685;0.1289736965261515;0.14373860512676642;0.06514342720355897;0.15484140039177155;0.14742982741590374;0.14080550629745073;0.17236847918713022;0.08048887914736916;0.21108799415402957;0.16753225880287284;0.11689062567206034;0.15067773577722732;0.1557103645037737;0.15491641894859798;0.10477968886515888;0.14743015666090123;0.14364676594230266;0.10165314762533366;0.11054802459084817;0.134582516760698;0.14403080159205348;0.15490453524076275;0.28175710168069623;0.1549166755898684;0.1542131737838659;0.14009865140974206;0.09530006548989331;0.16310551815725224;0.2814235716591276;0.16082667516354576;0.4670062013824866;0.095313994348601;0.14083519797029978;0.14413656186538606;0.16310668382209262;0.093951179938621;0.1346858659885232;0.08461731026964475;0.15491743900330582;0.12897373126775777;0.12377866908936934;0.14668010090667094;0.14721446019538087;0.12598706004478247;0.15904744292177508;0.16322049888231546;0.2538389818197147;0.12137259061218013;0.4052086419121689;0.3479547638807086;0.2895317949462119;0.1016531485628181;0.1407387804339397;0.0;0.1290367115372968;0.44474436760479596;0.15096432553516115;0.10141970586412596;0.3603375787697732;0.0;0.11272588247255602;0.15892711350624694;0.15461718792895965;0.15461648660179128;0.11914987079599551;0.08578186780918699;0.10146538542068351;0.12137259512237177;0.25508911129114903;0.14397553980459163;0.222125667415994;0.16749482677584138;0.15491628952750358;0.16304109417079812;0.1440378766105907;0.16282104096528302;0.09256858093692856;0.311688684632375;0.2969654849327646;0.14390622122482274;0.16304647167647338;0.14318378358840073;0.14750682075816451;0.14402875228373996;0.1721621225936668;0.36847647032986547;0.15910076426986564;0.16282104096528302;0.13700139252675217;0.14750564959682091;0.2164359980191691;0.15484092032357122;0.14753689502096007
GO:0071456;0.4559093648891421;0.0;0.2845490677346013;0.0;0.0;0.23036279941135354;0.0;0.0;0.0;0.19328337555728267;0.18743603452802585;0.17680497120150948;0.0;0.0;0.0;0.0;0.24892672977031383;0.0;0.0;0.2997181563922972;0.0;0.0;0.0;0.23928525380519153;0.0;0.0;0.0;0.0;0.0;0.0;0.0;0.0;0.0;0.0;0.22278350314017575;0.0;0.0;0.19336153410701026;0.0;0.0;0.0;0.140430803878561;0.0;0.0;0.1400598085631475;0.23928573483639137;0.23928525380519153;0.0;0.0;0.0;0.0;0.0;0.0;0.45766351079860457;0.1478281132793935;0.23928525380519153;0.0;0.17680497120150948;0.0;0.0;0.0;0.0;0.23015739063100593;0.0;0.22997845970306025;0.22252366674161125;0.0;0.0;0.0;0.3238254552154052;1.0;0.23037074617954761;0.20716983418552917;0.0;0.24892672977031383;0.0;0.239288751961457;0.20075028398854186;0.0;0.15047675224640117;0.0;0.23038311964374428;0.0;0.0;0.0;0.0;0.0;0.0;0.0;0.0;0.0;0.23988208721322238;0.31042827795493;0.0;0.384703151103348;0.0;0.4897780371105831;0.2069153652661835;0.4897780371105831;0.0;0.0;0.0;0.0;0.0;0.0;0.23038311964374428;0.23037279405632244;0.0;0.20740400804784564;0.16787834564982185;0.0;0.0;0.38483166830842674;0.08924906933188076;0.27866158993014173;0.3348249727067596;0.12087941695615438;0.0;0.4897780371105831;0.524995024328263;0.4897780371105831;0.0;0.23975651380128;0.0;0.0;0.20028013665528116;0.0;0.0;0.0;0.0;0.2605891764853905;0.0;0.22220607054156036;0.6694730467340949;0.0;0.21401298271778485;0.14707272657102277;0.0;0.0;0.0;0.26884459817087386;0.0;0.0;0.0;0.0;0.0;0.44205521284360194;0.0;0.2212162548282242;0.19328300526011077;0.0;0.0;0.33590188643411384;0.0;0.5249984505071446;0.0;0.0;0.0;0.0;0.0;0.0;0.0;0.0;0.0;0.0;0.20603728337672614;0.20709318465078952;0.0;0.23130129806124688;0.24023362650728378;0.28906448424059156;0.0;0.4306451940321189;0.48965365794769694;0.35053900661677245;0.0;0.0;0.0;0.0;0.4897780371105831;0.0;0.0;0.2868558554770712;0.0;0.0;0.0;0.29833081026528935;0.2983288669183931;0.0;0.0;0.0;0.0;0.3622163094417403;0.0;0.23928573483639137;0.0;0.0;0.0;0.0;0.23936927973321476;0.0;0.29889926782636966;0.2790211708966823;0.0;0.23985682128568186;0.1992046047352862;0.0;0.0;0.2601178201259527;0.1593634343632509;0.23141408791358445;0.23936927973321476;0.18743689082581677;0.0;0.23038311964374428;0.0;0.0
GO:0019722;0.5680538917363422;0.3521305347297428;0.3700884583562449;0.2838344293968432;0.3190609721163321;0.8069524224381796;0.3178119360379216;0.1521058299147385;0.1521058299147385;0.23889676321323638;0.23002723815640685;0.21421957869064076;0.0;0.15205559162417637;0.3780751561724666;0.3527943540867827;0.7860438122869707;0.37807731345006923;0.48265475055593055;0.0;0.0;0.3689141206997215;0.37801342774263297;0.8478822943746528;0.4612118302033764;0.23373414954182906;0.3260867607186645;0.4417558296539697;0.48267819344689766;0.21126767032822558;0.2502203103364895;0.35257436941261067;0.3521304932495464;0.4826227958187494;0.28564731944317345;0.23191791148540788;0.28442384482384947;0.2390161756240236;0.35213056407510174;0.3257442763237411;0.4826756830583753;0.38826097870495513;0.35325622510142834;0.37710273360152907;0.43983047806406955;0.7461764216658557;0.8478822943746528;0.28530355199026275;0.0;0.23405756593774435;0.3306418193117222;0.35324940855361675;0.27038436263585386;0.23968030088168119;0.17310708731830676;0.8478822943746528;0.0;0.21421957869064076;0.4419124665584745;0.3844962437742651;0.313284875290265;0.19102427137807781;0.29788406641146065;0.2847532006201011;0.29758440503500705;0.28522029637999746;0.30975254204517383;0.0;0.2573102260123593;0.21642799479639435;0.23037074617954761;1.0;0.2604766709081803;0.3388374810542765;0.7860438122869707;0.2329386098972241;0.7461887425098366;0.2504087399680981;0.17736463440299238;0.17675018697743897;0.23913171971632374;0.7102354330273394;0.35270027453801583;0.1981518186244609;0.35269837135479437;0.4799254132527906;0.3775666175088514;0.4822977339992875;0.0;0.48022837247779043;0.0;0.31437914215289914;0.0;0.37726208631471997;0.19414271806786407;0.4418491575431901;0.26083228999012376;0.26007452640761813;0.26083228999012376;0.36463247159229795;0.3390741945626616;0.33907556926692944;0.47427012053123446;0.3691833114348063;0.2763464520294454;0.7102354330273394;0.7101942224766802;0.21517197460451853;0.26084696721452544;0.27462196242461306;0.31342522853875066;0.23411564526343792;0.1942200184095975;0.20117433886741462;0.0;0.0;0.28213965135678915;0.1914304738210444;0.26083228999012376;0.28486481864936075;0.26083228999012376;0.23411791724162268;0.3141634973936398;0.2337351751655771;0.3521304932495464;0.24967765292724553;0.13636712112513413;0.38591717957578164;0.3532115669534128;0.40741162595348895;0.3509245055406854;0.17850119954826876;0.6779372644367878;0.0;0.24149967167409706;0.2713872447465495;0.4097458952589673;0.3862617002137813;0.2564946012550239;0.35321296356091403;0.0;0.2455597923088562;0.2774551654575439;0.3021442750751725;0.33904510365177;0.48257641206784174;0.6214179928496063;0.38626287931426423;0.28307591248112973;0.23889619751903543;0.22420557794331666;0.42563924742127285;0.0;0.24774805769787311;0.28486720085737643;0.22425117704590533;0.4075586664151092;0.42418764863449226;0.5318552889319575;0.21981429424098972;0.3780188504561257;0.1907052268384277;0.482650485120881;0.35213064641627206;0.32978042347249337;0.25868881773468916;0.2603555127093677;0.33914801284056484;0.29980304975843103;0.31498320675164965;0.0;0.3197909212746835;0.22242177743546412;0.26074899000930657;0.0;0.2455597955443934;0.32578821462947916;0.0;0.35240839350729175;0.26083228999012376;0.46043405316295416;0.24475490787657284;0.13803052879759556;0.0;0.2856471107507331;0.40509916516032674;0.0;0.0;0.31075718677228414;0.19421979369390144;0.24491228191318093;0.31979093979274453;0.27107955648307136;0.33881886791082005;0.7461764216658557;0.448295464357947;0.3862611056088911;0.2530423523758638;0.4236823951439048;0.0;0.2153631947963394;0.0;0.0;0.423009136398007;0.31433574783642365;0.24800836193893644;0.4417558296539697;0.3390367117141449;0.3500702421733447;0.25809044883748294;0.29999256699035265;0.0;0.23002852782353206;0.44174961718931693;0.7102354330273394;0.3859149757809177;0.3536659850505836
GO:0032800;0.21376370442696346;0.0;0.3452972249943638;0.0;0.0;0.260466511425499;0.0;0.0;0.0;0.2140393927443687;0.20689199052792698;0.19401517362403448;0.0;0.0;0.0;0.0;0.28445190138776555;0.0;0.0;0.0;0.0;0.0;0.0;0.271931330197906;0.0;0.0;0.0;0.0;0.0;0.0;0.0;0.0;0.0;0.0;0.2508183468706176;0.0;0.0;0.2141352431088178;0.0;0.0;0.0;0.15107494533513294;0.0;0.0;0.4056021174870904;0.27193195143873117;0.271931330197906;0.0;0.0;0.0;0.0;0.0;0.0;0.21466814359255065;0.42990067274447463;0.271931330197906;0.0;0.19401517362403448;0.0;0.0;0.0;0.0;0.2602039399813241;0.0;0.2599752646981835;0.25048904909507624;0.0;0.0;0.0;0.1472531888470346;0.20716983418552917;0.2604766709081803;1.0;0.0;0.28445190138776555;0.0;0.271935847994723;0.2232342434144192;0.0;0.16276488622964574;0.0;0.26049248984755574;0.0;0.0;0.0;0.0;0.0;0.0;0.0;0.0;0.0;0.27270238910832695;0.0;0.0;0.17740000119108637;0.0;0.23148095680631744;0.23088394411904498;0.23148095680631744;0.0;0.0;0.0;0.0;0.0;0.0;0.26049248984755574;0.26047928901482204;0.0;0.23149251657152886;0.18331869986198143;0.0;0.0;0.17746454157244768;0.09343275110137468;0.0;0.0;0.12868367501699038;0.0;0.23148095680631744;0.25021483173264997;0.23148095680631744;0.0;0.27254011514687554;0.0;0.0;0.22265303837608272;0.0;0.0;0.0;0.0;0.2997831611216769;0.0;0.2500866819800014;0.0;0.0;0.23975639616735947;0.1587895496044332;0.0;0.0;0.0;0.0;0.0;0.0;0.0;0.0;0.0;0.20659456086980285;0.0;0.24883359571737146;0.2140389386472744;0.0;0.0;0.0;0.0;0.25021666965731426;0.0;0.0;0.0;0.0;0.0;0.0;0.0;0.0;0.0;0.0;0.22979118720136185;0.2311053679293879;0.0;0.2616669612679292;0.27315679422178896;0.0;0.0;0.20071892404937122;0.23141534706306802;0.0;0.0;0.0;0.0;0.0;0.23148095680631744;0.0;0.0;0.1293509999408388;0.35110982024753573;0.0;0.0;0.0;0.0;0.0;0.0;0.0;0.0;0.23951622002578504;0.0;0.27193195143873117;0.0;0.0;0.0;0.0;0.0;0.0;0.0;0.0;0.0;0.2726697369994883;0.22132459102189295;0.0;0.0;0.2991595225648474;0.1732126125296595;0.26181131880811465;0.0;0.20689303382072746;0.0;0.26049248984755574;0.0;0.0
GO:0050995;0.2800128320882998;0.24864325974089757;0.17016868407299932;0.30667818574341155;0.3406355263620371;0.3388247761092473;0.22701449281033592;0.17210212006888975;0.17210212006888975;0.0;0.0;0.0;0.0;0.17204837322447528;0.26466793988168236;0.3112032426503621;0.3687133646513036;0.33071152847991125;0.32656130883052065;0.0;0.0;0.31406975578385965;0.26463014035716353;0.3531377773986165;0.3142109717071202;0.2569489080031421;0.3529722256611596;0.3784272837596334;0.4080641018986686;0.19206096931165026;0.21565726847664732;0.24891973014978078;0.24864323389850918;0.32654303027760856;0.0;0.29768667015062616;0.2567591020031241;0.0;0.24864327802321565;0.2822274980372703;0.3265732823094663;0.19976729331675236;0.30264928367127175;0.32996560353121046;0.1992125540327666;0.3531385516555973;0.3531377773986165;0.20605851286200666;0.0;0.1720608903029545;0.29383742479690966;0.30264428026995016;0.24526272711766017;0.0;0.0;0.3531377773986165;0.0;0.0;0.37854222405770854;0.406462281110984;0.2728266494468216;0.21316538926762;0.0;0.240829100171953;0.0;0.0;0.22186220583597285;0.0;0.32667266416961477;0.14398008755398353;0.0;0.3388374810542765;0.0;1.0;0.3687133646513036;0.21405033968578033;0.3531434079585575;0.0;0.23131005417070857;0.0;0.1754811752064483;0.3388572633588105;0.31113003544070905;0.29277179724737246;0.24899695791862073;0.3249987401553894;0.2643564891250223;0.3263570691451972;0.0;0.32517232175965294;0.0;0.0;0.0;0.3300876020344649;0.0;0.3029111079073974;0.0;0.0;0.0;0.2563996236705051;0.29217937112732245;0.36508744412766075;0.3873190000666545;0.31426483665024196;0.34816086597551377;0.3388572633588105;0.33884075512234957;0.23808106710023477;0.0;0.17827341540332511;0.27293308630948454;0.17210010759311906;0.0;0.15572919990957224;0.0;0.0;0.1707359283774674;0.2135880248694587;0.0;0.0;0.0;0.21504573968567245;0.0;0.2569499437812067;0.24864323389850918;0.0;0.15516909338744336;0.326309241162211;0.30261650372575843;0.3529401361921896;0.0;0.20007591323118676;0.3258242294616587;0.0;0.2167250888314025;0.0;0.20972427468479504;0.3265555193133344;0.1870941350566029;0.37812893417679405;0.0;0.26884268844020487;0.2510665581836022;0.33029849430961966;0.2921577702149242;0.4079913534205916;0.27091210504360475;0.40804116534259743;0.0;0.0;0.1653854477082152;0.35426377045718804;0.0;0.2217439125888852;0.0;0.24734033501302546;0.3530504808121556;0.2924794777147721;0.3542678343951105;0.24282280247288315;0.330666795595974;0.17785630608045397;0.3265588689641431;0.2486433293222103;0.2931569259641287;0.0;0.0;0.24051982853617412;0.0;0.0;0.0;0.22827534635725347;0.0;0.0;0.0;0.26884269168104735;0.28226048030747897;0.0;0.24881635119588802;0.0;0.3137597897691328;0.311739749261883;0.0;0.0;0.20628241725577295;0.3399187546458197;0.0;0.0;0.22250600044055924;0.21648691592019184;0.17936295998882298;0.22827535814761432;0.0;0.3648492513422488;0.3531385516555973;0.369819782186982;0.3265550943227179;0.22597564280279855;0.36508605985904247;0.0;0.3162836266760116;0.0;0.0;0.29177911702136083;0.0;0.0;0.3784272837596334;0.36505139146920684;0.0;0.16870142817654313;0.0;0.0;0.0;0.37842272480670064;0.3388572633588105;0.3263076655763607;0.302949999991539
GO:0007186;0.6155708612082182;0.37757551473128;0.3407765238362812;0.30013791802303214;0.33981034038839547;0.7860049597902689;0.338393926277162;0.15666636965427785;0.15666636965427785;0.25891134218911427;0.24852570321111261;0.23017476920544852;0.0;0.1566130741725096;0.4075647916508924;0.3783388394920465;0.8800448626754314;0.40756729858700474;0.5317748183540503;0.0;0.0;0.40460857943030976;0.40749305902355315;0.8303708779574338;0.505862449370784;0.24467909599236765;0.353664941338606;0.4825521659611356;0.5318032757842975;0.2225090920164534;0.2722647515665876;0.3780858564443553;0.37757546703976974;0.5317360288086944;0.3147387800921356;0.24268950332863592;0.3007970689797891;0.2590516071757386;0.3775755484708623;0.35326211310604727;0.5318002283989864;0.4098866007002545;0.38585115594448277;0.4064349828561763;0.4085600977822626;0.8303733106208108;0.8303708779574338;0.301781149549782;0.0;0.24503353341467993;0.35297751191492255;0.3858430234519013;0.28513915254841926;0.2598319207425471;0.1833789560859245;0.8303708779574338;0.0;0.23017476920544852;0.4827390758473606;0.42342880100907243;0.338655931640583;0.19827273829277478;0.3296600263976607;0.31365361198620384;0.32929306346355525;0.31422042732189637;0.3292718343055009;0.0;0.27063744505280685;0.22813651497440285;0.24892672977031383;0.7860438122869707;0.28445190138776555;0.3687133646513036;1.0;0.24380744624017542;0.9435752699646706;0.27248785987080826;0.18359661811708283;0.1874723451898795;0.2506004029213473;0.7861043096265699;0.37823064492775377;0.20596234858382467;0.37822845624779233;0.5284635855699251;0.4069738896583706;0.5313414691227296;0.0;0.5288309478384625;0.0;0.34998197171129736;0.0;0.40662009569433644;0.20715654036409956;0.48266352971884846;0.28487605156415396;0.28397238832764343;0.28487605156415396;0.3919864839095261;0.36899367857125703;0.36899530658404117;0.5349397069701585;0.4049324044409031;0.2917776828941687;0.7861043096265699;0.7860538247370689;0.22441318103733288;0.28489355951670703;0.29375171943905126;0.33881994406269567;0.2450971883814651;0.20724455362113553;0.20775428073910995;0.0;0.0;0.29525440080644433;0.1987103878368997;0.28487605156415396;0.3137890420197943;0.28487605156415396;0.24509967850067535;0.34971473933666786;0.24468021991794192;0.37757546703976974;0.27162238860883253;0.1400213741237909;0.42515270703041524;0.3857978770006872;0.4418637839175145;0.3958776174692267;0.18481473069454282;0.746728546235495;0.0;0.2563012382725927;0.2975137677878834;0.4339055638030217;0.4255708803643182;0.2697352908408548;0.3857995431900626;0.0;0.257668950433713;0.29301395186968054;0.3256752288863276;0.3689592275257041;0.5316797249536389;0.590778757744752;0.42557231166693105;0.31161979683217794;0.25891067773765186;0.2342571471607547;0.4738721362479019;0.0;0.2633502042300296;0.3137919325530099;0.23430692695869657;0.44203674965830025;0.4616660034118022;0.5921253669683854;0.22946750361879942;0.4074993605116794;0.19792904370049677;0.5317696405536078;0.37757564314194014;0.35199597902619056;0.2823211264480134;0.28430741922562824;0.3626886287155621;0.3320118664429943;0.350730764745546;0.0;0.3406384408838987;0.23967135891466257;0.28477668934319644;0.0;0.25766895399622275;0.3533137890945794;0.0;0.3778949987643485;0.28487605156415396;0.5049269398119112;0.25678287030216845;0.1444837923352023;0.0;0.3021655652282246;0.44855160840576175;0.0;0.0;0.33040731744216484;0.20171755819334308;0.2569560975029328;0.34063846189508457;0.29714402577309657;0.3686913246055688;0.8303733106208108;0.5021244433984015;0.4255701585775431;0.26934038278618444;0.4610675871695993;0.0;0.22462118693014754;0.0;0.0;0.4602703831851951;0.3499281930532255;0.26964792696430934;0.4825521659611356;0.3689492894317605;0.3947908143435132;0.2749158522511755;0.33224430775547126;0.0;0.24852720864579705;0.48254475307504696;0.7861043096265699;0.42515003234575205;0.3863400738644883
GO:1901671;0.2088047897600681;0.3462622503609939;0.15073714008463476;0.3432266961509794;0.29400685114792163;0.23293380444398934;0.1832708017786705;0.3783665251656161;0.3783665251656161;0.0;0.0;0.0;0.0;0.37827404005951;0.2808447936242215;0.19438597410408356;0.24380744624017542;0.20182232353845211;0.3175772039891706;0.0;0.0;0.2232522616902241;0.2808203144781886;0.23824662087871565;0.22330935604424787;0.328531717596389;0.29213514792354556;0.2186468334101766;0.22822372854713738;0.2282087127124264;0.29888981095227696;0.2704046439130787;0.34626222786772054;0.22821134275795668;0.0;0.21017596908497735;0.4367865539322055;0.0;0.3462622662739638;0.2097872265938139;0.31758371634608995;0.2680219602355491;0.2185604570762166;0.20154427744243128;0.1681124454807427;0.23824690291436212;0.23824662087871565;0.23930621722943174;0.0;0.27090090718633664;0.18746558528033178;0.21855836880732463;0.1996723612384066;0.0;0.0;0.23824662087871565;0.0;0.0;0.21868519866884426;0.18224633470486157;0.20557335803743115;0.39363293563711366;0.0;0.31841986197666;0.0;0.0;0.25126035679189807;0.0;0.34931626739205;0.09793892457348495;0.0;0.2329386098972241;0.0;0.21405033968578033;0.24380744624017542;1.0;0.23824867188840032;0.0;0.42171469578613824;0.0;0.21435859654458464;0.23294609193192095;0.1943574091304161;0.24500265223449297;0.2704570507865339;0.3205977063933362;0.2806430153678072;0.2281386352976501;0.0;0.22767456189161966;0.0;0.0;0.0;0.2418467639229458;0.0;0.3042895902436738;0.0;0.0;0.0;0.2754244980146565;0.21412591434208791;0.17136585429605114;0.25016686985174785;0.17873245869058382;0.30401572034714247;0.23294609193192095;0.23293984823766775;0.31110340859807784;0.0;0.1126836562702712;0.32644221135834667;0.2709445354783052;0.0;0.11972501644150163;0.0;0.0;0.21025331653149862;0.33928329627023696;0.0;0.0;0.0;0.18229040050244616;0.0;0.32853265375591495;0.3462622278677205;0.0;0.38877596385868957;0.22811992951401994;0.21854677518508173;0.20988950455987263;0.0;0.3230579890535907;0.2279301022668712;0.0;0.2822988861742168;0.0;0.3109918134155209;0.22821622443869763;0.2241321607749685;0.1749038715767054;0.0;0.33913769980330216;0.2028545451919327;0.1613957426290759;0.3399286244994509;0.22820097113646418;0.20470100711956674;0.18264227709810557;0.0;0.0;0.26338863729277673;0.2854261313194939;0.0;0.28655760516325207;0.0;0.3197510199301321;0.20992852350109836;0.21425485344641193;0.3321038208548057;0.3155551053727699;0.2018056629810327;0.15882488754846352;0.3175758769237598;0.34626231092471704;0.22456941816386775;0.0;0.0;0.19016986398745236;0.0;0.0;0.0;0.2559436617918572;0.0;0.0;0.0;0.3391377026545582;0.2098018104907538;0.0;0.27033447170530533;0.0;0.2676847413250079;0.3384275681759641;0.0;0.0;0.2394798327083355;0.2790764888496676;0.0;0.0;0.3225787641807503;0.3981785046423267;0.2789249255032198;0.2559436703160546;0.0;0.17130026297221024;0.2382469029143621;0.24419405906957306;0.2282160583222115;0.18272806364749622;0.2141258769104669;0.0;0.20015721642550008;0.0;0.0;0.29772716060855464;0.0;0.0;0.21864683341017657;0.17135592872175956;0.0;0.10878229721009439;0.0;0.0;0.0;0.21864531150070277;0.23294609193192095;0.2281193132527472;0.21868591351653494
GO:0007187;0.5908565650317248;0.36440830712875544;0.3330641914342349;0.29175789758965925;0.3291080510479433;0.7461537299471432;0.32777927712990307;0.15435222624613232;0.15435222624613232;0.24850085469887404;0.23891815510755554;0.22191007406357283;0.0;0.15430049334779186;0.39226526129191475;0.3651192711511771;0.8303885688799914;0.39226758354498215;0.5060234674236023;0.0;0.0;0.38593626721025803;0.3921988126687864;0.786020810778403;0.48250446465258356;0.23908095993547265;0.33931524204499985;0.4612519467670912;0.5060492354012549;0.21674224086640592;0.26077654969990505;0.364883652739491;0.36440826270554233;0.5059883435824798;0.29948700662884703;0.23718101408607753;0.292380716467702;0.2486300638983821;0.36440833855616545;0.3389444224389396;0.5060464760243817;0.39877989899258615;0.3688335806218839;0.39121857502552615;0.3975242005044583;0.7860229905240506;0.786020810778403;0.29331041288134735;0.0;0.2394193529764531;0.341443831848464;0.36882614965411475;0.27756518504520417;0.2493487698388939;0.17809459673307879;0.786020810778403;0.0;0.22191007406357283;0.461422717221327;0.40302282110509935;0.32547565232089704;0.19458071534759563;0.31296620231020916;0.29850429737999035;0.3126354453567099;0.2990176363985156;0.31921324497475695;0.0;0.2638050559586702;0.22212757271916042;0.239288751961457;0.7461887425098366;0.271935847994723;0.3531434079585575;0.9435752699646706;0.23824867188840032;1.0;0.2609812200581693;0.18042656349311817;0.18195298791170586;0.2447312848512803;0.74624326032725;0.3650185043577539;0.201981272024004;0.3650164659142209;0.5030242602403051;0.3917178604377724;0.5056310566252814;0.0;0.5033570942855806;0.0;0.3312250751027568;0.0;0.39139008362656885;0.2004380616223477;0.46135369510846397;0.2723234681947007;0.2714975717850926;0.2723234681947007;0.3778138503520803;0.35340053939191995;0.35340203271677567;0.5027787355549058;0.3862308825511455;0.28385184148195486;0.74624326032725;0.7461977653645193;0.21969504759162245;0.27233946718006635;0.28386410214263175;0.325627143796207;0.23948012408677496;0.20052045744575966;0.20441109181898884;0.0;0.0;0.28854752577839765;0.19500220043418046;0.2723234681947007;0.2986269583848946;0.2723234681947007;0.23948250137767532;0.3309857094067451;0.2390820330195607;0.36440826270554233;0.26018719336385443;0.138169934819061;0.4045842667547251;0.36878489737339226;0.42393743812550766;0.3720461974117501;0.18160283960929136;0.7106691583545935;0.0;0.24867977108053335;0.2838494717617919;0.421478771151352;0.40496293924258764;0.2629478053733696;0.368786419850832;0.0;0.2514681651583389;0.28502172407373016;0.3134677761615538;0.3533689384022304;0.5059373601340599;0.5679782406144473;0.40496423528181263;0.2966616250903843;0.24850024260655765;0.22912074692042247;0.4484604910970469;0.0;0.2553103261844542;0.2986295763282539;0.22916836745195912;0.42409665163727006;0.4421324231923623;0.5603718683633414;0.22453678430290855;0.39220465000876215;0.1942496907245122;0.506018778951959;0.3644084267394369;0.34052531148943116;0.26998781642900355;0.27180379775899505;0.35052252641742376;0.31508511574117537;0.3318956805356003;0.0;0.32988475147845403;0.23072387791966278;0.272232668116768;0.0;0.2514681685514487;0.33899199418335046;0.0;0.36470588815316707;0.2723234681947007;0.48165328133384083;0.25062414894535845;0.14118318239661057;0.0;0.29367353801499857;0.4257176355294984;0.0;0.0;0.32028030188102574;0.19789736518374726;0.2507891637057306;0.3298847711839664;0.28351289382981365;0.35312318996583314;0.7860229905240506;0.47368331197704094;0.4049622856671709;0.2609364298762284;0.4415835448038981;0.0;0.2198943951799644;0.0;0.0;0.44085224110185933;0.3311769059946392;0.25837492573510773;0.4612519467670912;0.35335982241762837;0.37108614597359435;0.26623687119458433;0.31529445292726693;0.0;0.23891954639702642;0.46124517385394015;0.74624326032725;0.4045818446060201;0.3692802981400551
GO:0002291;0.2069357379614107;0.0;0.12575820340641028;0.0;0.0;0.2503993506608759;0.0;0.0;0.0;0.28272792127200547;0.2735789785010844;0.2570467056425781;0.0;0.0;0.0;0.0;0.27248785987080826;0.0;0.0;0.0;0.0;0.0;0.0;0.2609770589157973;0.0;0.0;0.0;0.0;0.0;0.0;0.0;0.0;0.0;0.0;0.24146980153178965;0.0;0.0;0.556237128841988;0.0;0.0;0.0;0.25206654740073053;0.0;0.0;0.1472223075698983;0.26097763111351174;0.2609770589157973;0.0;0.0;0.0;0.0;0.0;0.0;0.2077832067992905;0.15582986659890477;0.2609770589157973;0.0;0.2570467056425781;0.0;0.0;0.0;0.0;0.25015667455101265;0.0;0.2499453108443124;0.2411645786436191;0.0;0.0;0.0;0.14398060623431355;0.20075028398854186;0.2504087399680981;0.2232342434144192;0.0;0.27248785987080826;0.0;0.2609812200581693;1.0;0.0;0.4798272533093725;0.0;0.2504233596405578;0.0;0.0;0.0;0.0;0.0;0.0;0.0;0.0;0.0;0.5315436100088085;0.0;0.0;0.17267178941361555;0.0;0.22349538994088114;0.3042124771984038;0.22349538994088114;0.0;0.0;0.0;0.0;0.0;0.0;0.2504233596405578;0.2504111595953333;0.0;0.6754449382817281;0.17827421058882886;0.0;0.0;0.17273293468242473;0.09210443453318858;0.0;0.272828861174484;0.12617741009075287;0.0;0.22349538994088114;0.2409103864548705;0.22349538994088114;0.0;0.2615377335560153;0.0;0.0;0.293727778237629;0.0;0.0;0.0;0.0;0.2865247556089758;0.0;0.24079158794494754;0.0;0.0;0.23120020785103948;0.21149351234046102;0.0;0.0;0.0;0.0;0.0;0.0;0.0;0.0;0.0;0.20021006368846822;0.0;0.4091424620911261;0.2827273406314248;0.0;0.0;0.0;0.0;0.24091209023103058;0.0;0.0;0.0;0.0;0.0;0.0;0.0;0.0;0.0;0.0;0.2219197989971593;0.22314524840441913;0.0;0.251508600241363;0.2621055753904935;0.0;0.0;0.1946871169175914;0.22343422829192364;0.0;0.0;0.0;0.0;0.0;0.22349538994088114;0.0;0.0;0.1268189294869795;0.0;0.0;0.0;0.2406066371934898;0.2406049388746261;0.0;0.0;0.0;0.0;0.23097686018111951;0.0;0.26097763111351174;0.0;0.0;0.0;0.0;0.0;0.0;0.0;0.0;0.0;0.2616570987553148;0.36540520265874743;0.0;0.0;0.285955007688434;0.16870214026295555;0.25164196407474115;0.0;0.2735803153825023;0.0;0.2504233596405578;0.0;0.0
GO:0060559;0.1630181004063791;0.2142534374812277;0.125325987485307;0.3602053681460284;0.32171007949744657;0.17736184836143662;0.2069591270318827;0.30955440720151745;0.30955440720151745;0.0;0.0;0.0;0.0;0.30948868959346765;0.22088098959662683;0.15409436289464892;0.18359661811708283;0.15873068173835736;0.2429850255888993;0.0;0.0;0.17169256865274318;0.22086584742131976;0.1804253872188503;0.17172633458738087;0.39413312251041727;0.29115849850270087;0.168955691597495;0.17461785258725127;0.13435235316650546;0.23209046132675287;0.2143714323230656;0.21425342644576464;0.1746106018041613;0.0;0.24793804891425264;0.43774354447602687;0.0;0.21425344528831672;0.1636163019635412;0.24298883797152587;0.16473998892106645;0.1689041102088558;0.15855864233475891;0.1371079038711531;0.18042554896936464;0.1804253872188503;0.19434888815341472;0.0;0.17553505011838005;0.149713185664518;0.16890286304183702;0.13599047270707829;0.0;0.0;0.1804253872188503;0.0;0.0;0.16897859922334416;0.17592183962452082;0.16104175872444537;0.3561944010485141;0.0;0.24369691215858008;0.0;0.0;0.20216008981570885;0.0;0.3130874237152117;0.10838369813524439;0.0;0.17736463440299238;0.0;0.23131005417070857;0.18359661811708283;0.42171469578613824;0.18042656349311817;0.0;1.0;0.0;0.17756566750877006;0.1773689721826428;0.15407641180940895;0.2297296447265313;0.2144043687388979;0.21065214549409156;0.22075615788770628;0.17456803429481754;0.0;0.21070040872482815;0.0;0.0;0.0;0.15858680758373983;0.0;0.23512911558550603;0.0;0.0;0.0;0.2175143220993265;0.16624342967791006;0.13304524294572875;0.14980043237911786;0.13744331771804982;0.24779378581455988;0.1773689721826428;0.1773653523470471;0.3766121997973564;0.0;0.12137220197695978;0.16107143164424023;0.17555852242178493;0.0;0.1246560210519235;0.0;0.0;0.2009668913025313;0.26592534670351925;0.0;0.0;0.0;0.12616116476622483;0.0;0.3941340551790881;0.21425342644576464;0.0;0.28817845617938265;0.1745570817249359;0.1688959389388183;0.1636785077160723;0.0;0.25505605997408826;0.17444591062530135;0.0;0.14349458590279104;0.0;0.16915801875436962;0.17461345961814623;0.18421998676847345;0.1351680455991115;0.0;0.3055525689622618;0.137756160250811;0.126956362066393;0.1662378329572235;0.17460452999573428;0.16050592015178752;0.13974374145856275;0.0;0.0;0.17147418218063296;0.1445827900615593;0.0;0.1755710967688422;0.0;0.3853453399047395;0.1637022356308783;0.16632113963910436;0.2513986624233562;0.38111772689773965;0.1587203759660777;0.11237580913069636;0.2429842487103417;0.2142534671944973;0.14953632678208964;0.0;0.0;0.15143294878506808;0.0;0.0;0.0;0.2051808506281801;0.0;0.0;0.0;0.305552571083979;0.16362517274753222;0.0;0.21432732669374643;0.0;0.1716183932049164;0.5027951882569133;0.0;0.0;0.19446338286081127;0.14213476377427897;0.0;0.0;0.20246708233787733;0.35967918278484706;0.1798305532995132;0.2051808561063865;0.0;0.13300570321649216;0.1804255489693646;0.1471082176338789;0.17461336237137032;0.17731158643912703;0.16624340711530863;0.0;0.2380350184876817;0.0;0.0;0.23119146374788052;0.0;0.0;0.16895569159749496;0.13303926005059843;0.0;0.11800347275895408;0.0;0.0;0.0;0.1689547828383874;0.1773689721826428;0.17455672088579513;0.16897902603653006
GO:0043312;0.15392548751284185;0.0;0.10399335145984036;0.0;0.0;0.17674550898906988;0.0;0.0;0.0;0.2102349268432172;0.20513385205670817;0.19569633340862339;0.2416817772610753;0.0;0.0;0.0;0.1874723451898795;0.0;0.0;0.0;0.0;0.0;0.0;0.1819509652905695;0.0;0.0;0.0;0.0;0.0;0.0;0.0;0.0;0.0;0.0;0.17224937192683554;0.0;0.0;0.3130472911674609;0.0;0.0;0.0;0.2023502414434102;0.0;0.0;0.11824970523059833;0.18195124342188715;0.1819509652905695;0.0;0.2901884040245753;0.0;0.0;0.0;0.0;0.15439388918634658;0.12373960588458703;0.1819509652905695;0.35754236861160454;0.19569633340862339;0.0;0.0;0.0;0.0;0.5936412854256092;0.0;0.176519171748835;0.1720940030109199;0.0;0.0;0.0;0.11614925746423975;0.15047675224640117;0.17675018697743897;0.16276488622964574;0.0;0.1874723451898795;0.0;0.18195298791170586;0.4798272533093725;0.0;1.0;0.0;0.17675747065953681;0.0;0.0;0.0;0.0;0.0;0.0;0.17225485530263002;0.0;0.0;0.5484841691806339;0.0;0.0;0.13412798298678488;0.0;0.16290367248677912;0.22188740161598441;0.16290367248677912;0.0;0.0;0.0;0.0;0.0;0.0;0.17675747065953681;0.17675139247969598;0.0;0.5977076953697833;0.1374841048912686;0.0;0.0;0.1341648743360362;0.16365523912804644;0.0;0.18763369431425225;0.10427984591513795;0.0;0.16290367248677912;0.17196452448227242;0.16290367248677912;0.0;0.18222331852673077;0.0;0.0;0.2162570332709467;0.0;0.0;0.0;0.0;0.1940115752924505;0.0;0.17190398496331563;0.0;0.0;0.16695919490876246;0.16812680249109502;0.0;0.0;0.0;0.0;0.0;0.0;0.0;0.0;0.0;0.15017302052394463;0.0;0.2924954572183382;0.21023460578783873;0.0;0.0;0.0;0.0;0.17196539259942203;0.0;0.0;0.0;0.0;0.0;0.0;0.0;0.0;0.0;0.0;0.22114674261164377;0.1627175697564712;0.0;0.17729745184436502;0.1824987925912741;0.0;0.0;0.1470441513022362;0.16287117602933354;0.0;0.0;0.0;0.0;0.0;0.16290367248677912;0.0;0.0;0.10471763436907666;0.0;0.0;0.0;0.17180970035290846;0.17180883438805833;0.0;0.0;0.0;0.0;0.1668426905271531;0.0;0.18195124342188715;0.0;0.0;0.0;0.0;0.0;0.0;0.0;0.0;0.0;0.18228125563471392;0.7434713442384192;0.0;0.0;0.19375018307371053;0.131720392862198;0.17736371459097097;0.0;0.20513460368233558;0.0;0.17675747065953681;0.0;0.0
GO:0042102;0.2137674219825319;0.2761795304068187;0.15330641582498072;0.20966799353485394;0.18751495753202038;0.239126655345101;0.1870828409151938;0.15861577382846745;0.15861577382846745;0.0;0.0;0.0;0.0;0.15857651174567863;0.28729124004733475;0.19867984368744124;0.2506004029213473;0.206454920898322;0.4161810059635401;0.0;0.0;0.22893473859824573;0.28726562427777913;0.24472912070997974;0.22899477679659533;0.21484216739084014;0.21491634734560738;0.22409442266367588;0.23416547021477674;0.23247207439492268;0.1296337006703223;0.2763756222526218;0.27617951207025593;0.23415243112765355;0.0;0.15359611776251117;0.24350809039622945;0.0;0.27617954337910466;0.46491383929886704;0.32585189972532574;0.2731627217831089;0.48484059299510784;0.20616397305505155;0.1713144652986464;0.24472941830236658;0.24472912070997974;0.31265655673313336;0.0;0.2755786566744281;0.19145602453070326;0.39862094312875584;0.16957345353837752;0.0;0.0;0.24472912070997974;0.0;0.0;0.2680006316340805;0.18698036184281144;0.21038180830387002;0.18719598505293092;0.0;0.13832447997348427;0.0;0.0;0.8243236332312092;0.0;0.22868249141609936;0.09977589252510356;0.0;0.23913171971632374;0.0;0.1754811752064483;0.2506004029213473;0.21435859654458464;0.2447312848512803;0.0;0.17756566750877006;0.0;1.0;0.23913960489436992;0.1986500029063264;0.13801962948821353;0.2764303693734642;0.23351567127988876;0.2870800958181633;0.2340758893996262;0.0;0.23358737274203614;0.0;0.0;0.0;0.20621159229620978;0.0;0.3983338541786917;0.0;0.0;0.0;0.281621767809745;0.21934786491233535;0.17554501169325723;0.25732402183879094;0.18328341367137618;0.171899375738284;0.23913960489436992;0.23913302477949402;0.20325989661574462;0.0;0.11512225788042495;0.2928726650515053;0.2756238009573545;0.0;0.12134019186349022;0.0;0.0;0.2138456352555778;0.1874761326634729;0.0;0.0;0.0;0.18542285977048678;0.0;0.21484279009767782;0.27617951207025593;0.0;0.14598928964325333;0.41651374588957213;0.22398931762054922;0.21490445039090486;0.0;0.17838281354076924;0.23385636630818313;0.0;0.25247004896125497;0.0;0.28238142288041784;0.23415757029198708;0.2282190003785109;0.17925956912754284;0.0;0.22190087798484975;0.17232772898600413;0.16509750493798786;0.21933812159593907;0.2341415124753824;0.20946826145333905;0.18739716490423414;0.0;0.0;0.26780907452590264;0.19620319377412096;0.0;0.18419535458312533;0.0;0.2090041742919575;0.25701279272613226;0.2194831716393063;0.435736856298553;0.20621634078427545;0.20643748674829884;0.16119754664192248;0.41617922158489873;0.27617957977849106;0.19116688875924814;0.0;0.0;0.23307425972623005;0.0;0.0;0.0;0.33484736953473815;0.0;0.0;0.0;0.22190087988352825;0.2148125165805444;0.0;0.27630231721398746;0.0;0.22880287709385833;0.2214280121415425;0.0;0.0;0.24415136899177833;0.19172216673260215;0.0;0.0;0.25690179869612556;0.1893903849430224;0.2838856971199263;0.33484738091963345;0.0;0.175476182806089;0.24472941830236655;0.20088303056173518;0.23415739541361524;0.18651732486270117;0.2193478256327409;0.0;0.14615546114321018;0.0;0.0;0.30498193972791565;0.0;0.0;0.22409442266367585;0.1755345961138034;0.0;0.11105326078289328;0.0;0.0;0.0;0.22409282397294542;0.23913960489436992;0.41651259140569513;0.22413547457505079
GO:0033209;0.5680854863158478;0.3521476329642545;0.3257048324062654;0.2838455382686787;0.3190750096006686;0.7102037131012942;0.3178258638291929;0.15210902015681269;0.15210902015681269;0.23891006953565683;0.2300395747467451;0.21423027794061256;0.0;0.15205877975919754;0.3780948668580868;0.3528115168491492;0.7861043096265699;0.37809702436063225;0.48268687420581335;0.0;0.0;0.36893757091329465;0.37803313199227323;0.7462289730478271;0.46124116285380284;0.2337416827704062;0.32610508214890244;0.4417827396629765;0.48271032021749805;0.21127536075665676;0.25023490801432297;0.3525915107774732;0.35214759148002966;0.4826549152150619;0.2856663434744368;0.23192532809264563;0.28443499988224297;0.23902949525245482;0.35214766231246325;0.3257625592876232;0.4827078094947856;0.44119993733311413;0.35327772689661363;0.3771223430217628;0.3870852218562095;0.8479464733357255;0.7462289730478271;0.28531477616068346;0.0;0.2340651200284386;0.33065689434133466;0.35327090951897344;0.2703944436017063;0.23969369463429255;0.1731140738325347;0.7462289730478271;0.0;0.21423027794061256;0.4419393956548413;0.38452171686331255;0.3133017863545055;0.19102930303883567;0.2979047553415321;0.2847721057376926;0.2976050523598334;0.28523926357265544;0.309765772388598;0.0;0.25731935562415426;0.2164359980191691;0.23038311964374428;0.7102354330273394;0.26049248984755574;0.3388572633588105;0.7861043096265699;0.23294609193192095;0.74624326032725;0.2504233596405578;0.1773689721826428;0.17675747065953681;0.23913960489436992;1.0;0.35271742814780443;0.19815723278090894;0.35271552477945595;0.47995717460949056;0.3775862752041342;0.4823298101418608;0.0;0.4802601739480234;0.0;0.31440218587364127;0.0;0.37728171231163465;0.19415150576722937;0.44187607892407244;0.26084815215431567;0.2600902965381592;0.26084815215431567;0.364650805512135;0.3390940045176862;0.33909537938258955;0.4743088780225079;0.3692067958844464;0.2763569824846433;0.9036595449209444;0.8070538644769412;0.2151783588136606;0.2608628311639731;0.2746348482690827;0.31344215475928366;0.23412320310362011;0.19422881310837842;0.20117892960823086;0.0;0.0;0.28214868098456364;0.19143552690392837;0.26084815215431567;0.28488373859126775;0.26084815215431567;0.23412547522849825;0.3141865095109164;0.23374270846026687;0.35214759148002966;0.24969218735539075;0.1363696853158303;0.3859428412945727;0.35323306331232385;0.40743451428016697;0.35095321838712384;0.17850559310033035;0.7703951169714283;0.0;0.24150972060360607;0.27140441669851356;0.4097623335245287;0.38628740777262816;0.2565036730792443;0.3532344600898248;0.0;0.2455681071131111;0.277465780581114;0.3021600047588129;0.33906491020764623;0.48260852529040504;0.5469049947973441;0.386288587030066;0.283094595532872;0.23890950377843695;0.22421250947259788;0.425670463893577;0.0;0.24775863336310042;0.28488612111573475;0.22425811139499638;0.4075815712666571;0.42421246077601554;0.5318942958488347;0.21982095690379427;0.37803855527111124;0.19071024170546233;0.48268260820296544;0.3521477446616302;0.3297954200549986;0.2587044202575428;0.2603713169356666;0.3391638735158156;0.2998240061146152;0.31500633911555787;0.0;0.31980502306395475;0.22243331171459305;0.2607648420432563;0.0;0.2455681103488675;0.32580650252605997;0.0;0.3524255187368181;0.26084815215431567;0.460463286961847;0.2447631682614875;0.13803497078785262;0.0;0.28565836196995753;0.4051274413996649;0.0;0.0;0.3107705030787518;0.19422499510784152;0.24492055292431777;0.3198050415836489;0.2710966895181018;0.3388386480419729;0.8479464733357255;0.4483300926343094;0.38628681308858775;0.2530533848776584;0.42370714821100286;0.0;0.215369590357799;0.0;0.0;0.42303381085686775;0.3143587851958396;0.24802270266307552;0.4417827396629765;0.33905651728951336;0.35009881539159454;0.2581018299572017;0.30001354985050266;0.0;0.23004086455220668;0.4417765264414287;0.9036595449209444;0.3859406372066154;0.3536875367582832
GO:0070233;0.3001692229988038;0.2708530037807439;0.19318605483874038;0.22855239560952556;0.25085411068058056;0.35268925766393805;0.25008137021109955;0.13465196127297221;0.13465196127297221;0.0;0.0;0.0;0.0;0.13461258950107688;0.45297193126859997;0.7936504099199251;0.37823064492775377;0.7275553100634997;0.34199048847960345;0.0;0.0;0.26486664661849574;0.28591097221922657;0.3650136900426997;0.33108365512901883;0.1949109318829803;0.242043114090549;0.4465950711798479;0.4759082989778905;0.17246854519683788;0.18391330887950308;0.27111551921788907;0.2708529792392635;0.3419744450019174;0.0;0.23231699163679842;0.22893441665229397;0.0;0.27085302114272813;0.24185436820403353;0.34200099770111614;0.2232374209611324;0.2566976729663673;0.397129895150079;0.22268285172545402;0.36501435205960997;0.3650136900426997;0.22950401184714442;0.0;0.1951357805344973;0.3589573262713735;0.25669407355907853;0.5591249757690767;0.0;0.0;0.3650136900426997;0.0;0.0;0.44671010378241316;0.34087638045943774;0.23491770470249118;0.16428129031974528;0.0;0.20191091355079152;0.0;0.0;0.24506397718505035;0.0;0.21103533679998424;0.1291028559978381;0.0;0.35270027453801583;0.0;0.31113003544070905;0.37823064492775377;0.1943574091304161;0.3650185043577539;0.0;0.15407641180940895;0.0;0.1986500029063264;0.35271742814780443;1.0;0.23590069999031368;0.5861042001196863;0.3406179376994418;0.2856552930224007;0.34181120640254076;0.0;0.3407705157793315;0.0;0.0;0.0;0.3972568842157842;0.0;0.32098613228078093;0.0;0.0;0.0;0.27818956881241946;0.24912594936488852;0.31129066007412937;0.3151263914105076;0.2650053780058592;0.31124772348661134;0.35271742814780443;0.35270311356735523;0.18183044846891888;0.0;0.15601309204606414;0.23499661368474678;0.1951761480570384;0.0;0.20182493494700893;0.0;0.0;0.19377095833035357;0.16458162976118434;0.0;0.0;0.0;0.2715967451238798;0.0;0.19491164509032827;0.2708529792392635;0.0;0.12216979153597687;0.27351875707354734;0.2566740910045399;0.7694571045771719;0.0;0.15493338519079175;0.3413433075070416;0.0;0.19210010526149637;0.0;0.23313629183365098;0.27369177389991334;0.21048638487034296;0.32072226514881613;0.0;0.2030658268264857;0.5709505446135363;0.2856386777474175;0.2491102451705769;0.4758371887751772;0.29176075361753445;0.3419861466291564;0.0;0.0;0.18823969105722488;0.29289144445008;0.0;0.19603286614668317;0.0;0.18827183296891434;0.42093530841637344;0.3115623131113656;0.36597939487506564;0.18513450432886144;0.7274702181037497;0.22827482245657674;0.3419883469734006;0.27085306985932417;0.35822731874822605;0.0;0.0;0.26310605647161034;0.0;0.0;0.0;0.2513051094310166;0.0;0.0;0.0;0.20306582903909928;0.2418785886706091;0.0;0.27101736712493135;0.0;0.3306826624801526;0.2025150963531603;0.0;0.0;0.22972627371650692;0.28301687473123177;0.0;0.0;0.24569239376949092;0.2639757164047233;0.20262282640843152;0.25130512086679896;0.0;0.31111747568454834;0.36501435205960997;0.3034442259697443;0.2736914753693059;0.1993328545322054;0.4331706183323541;0.0;0.25321352215383;0.0;0.0;0.3109260622606135;0.0;0.0;0.4465950711798478;0.3112644491701073;0.0;0.14863281744934342;0.0;0.0;0.0;0.8165727216480204;0.35271742814780443;0.2735176500473635;0.2569139727314709
GO:0035509;0.18041354542683086;0.1693937229696185;0.13535968600546702;0.33257413569745214;0.3534471822786896;0.19814834127082293;0.16102889924236977;0.34691742546651994;0.34691742546651994;0.0;0.0;0.0;0.0;0.34683925701533064;0.1751765306056825;0.2359309403968501;0.20596234858382467;0.2437650136799408;0.19472585573929588;0.0;0.0;0.15293679948493827;0.17516327746383306;0.2019797979153039;0.191140572974287;0.2958236149236222;0.21687197939141759;0.2612111304604873;0.2709732597153976;0.11680438275009522;0.22113132981806655;0.1694963648297694;0.1693937133705722;0.19472065426478238;0.0;0.2957674995605312;0.24141821629309165;0.0;0.1693937297605079;0.1449720053572268;0.19472926283228223;0.14945666579812847;0.1501772734041765;0.24347346851721516;0.1492078894550053;0.2019800006211581;0.2019797979153039;0.15223969170944449;0.0;0.13631399853829734;0.22857130465359535;0.15017604143998273;0.2057878972457715;0.0;0.0;0.2019797979153039;0.0;0.0;0.2612504791269612;0.19436414937824475;0.14245067586806048;0.40291229097394266;0.0;0.2334620977053323;0.0;0.0;0.15893364384127193;0.0;0.33973861987705894;0.08707216594660284;0.0;0.1981518186244609;0.0;0.29277179724737246;0.20596234858382467;0.24500265223449297;0.201981272024004;0.0;0.2297296447265313;0.0;0.13801962948821353;0.19815723278090894;0.23590069999031368;1.0;0.16952501772304202;0.23485824281698672;0.17506727766202848;0.19466771853942016;0.0;0.1943297264691784;0.0;0.0;0.0;0.24352119404305442;0.0;0.18773115636544865;0.0;0.0;0.0;0.17223449060806903;0.14755361124417998;0.18437262506595603;0.16844960013096033;0.15298304270423366;0.7297170112127048;0.1981572327809089;0.1981527147170356;0.3062059444639741;0.0;0.098534954501779;0.14247968712570402;0.1363336960836923;0.0;0.15281301880572312;0.0;0.0;0.13564657767148952;0.35390309864383246;0.0;0.0;0.0;0.1897142563812834;0.0;0.29582437134952716;0.16939371337057216;0.0;0.3215985554752949;0.15578216057326355;0.15016920177772233;0.25217791904622455;0.0;0.3384505557975182;0.1945158655661827;0.0;0.12548967515076512;0.0;0.15382950709640972;0.15583826941743345;0.14363135609436078;0.18764086760225174;0.0;0.4110116508282638;0.20869684383216774;0.17506103682677313;0.14754810204372437;0.2709502046596538;0.17734166826781658;0.19472444808366582;0.0;0.0;0.13291257047136484;0.16188045238766244;0.0;0.12715610198484417;0.0;0.3138647191310704;0.2522183955336931;0.18446788730132488;0.20227514253648116;0.26031165380962346;0.24374754724381328;0.16750866276048837;0.19472516145123867;0.16939374881529928;0.22827509033889423;0.0;0.0;0.16633079989419924;0.0;0.0;0.0;0.16153539725839514;0.0;0.0;0.0;0.4110116539188337;0.1449807074859777;0.0;0.16945799670965503;0.0;0.19100685521757876;0.2771908469326786;0.0;0.0;0.15233746013450541;0.1588178343030907;0.0;0.0;0.15919771996270113;0.36163104734788615;0.1399257965984858;0.1615354019833607;0.0;0.18431185804264807;0.20198000062115806;0.16505293346009892;0.15583817263115007;0.12853638429070666;0.25656057028737816;0.0;0.4067772675100182;0.0;0.0;0.18424466271873183;0.0;0.0;0.2612111304604873;0.1843634299415956;0.0;0.09553878217971595;0.0;0.0;0.0;0.2612095694999748;0.1981572327809089;0.15578180146957424;0.1502512797202251
GO:0070234;0.3001678445149741;0.37690366009689924;0.19318548385779943;0.2741927803535256;0.25085314793368746;0.3526873545996092;0.25008041338642334;0.18737441375171554;0.18737441375171554;0.0;0.0;0.0;0.0;0.18731962622827927;0.727557199366197;0.4819716583043462;0.37822845624779233;0.45297190442106355;0.4758940264343414;0.0;0.0;0.3309564916374638;0.3978573822761772;0.36501165165293714;0.3310819780843487;0.2712273002226385;0.3024381357119755;0.32093530024163397;0.3420004685501516;0.21550348519862605;0.18391243392371004;0.37726896015748246;0.3769036259465102;0.341972655812244;0.0;0.19364573328113685;0.31857233883785685;0.0;0.37690368425675047;0.3022022947117928;0.4759086503778149;0.2678164625942567;0.32074923591983295;0.28538844173271555;0.22268209307203843;0.3650123136624535;0.36501165165293714;0.31936495289269545;0.0;0.27154018626783744;0.25795669436627017;0.3207447384054654;0.3481084641707115;0.0;0.0;0.36501165165293714;0.0;0.0;0.32101796537590666;0.2728027945397384;0.29353482168137324;0.22860488788499722;0.0;0.20190985897164287;0.0;0.0;0.3410172496250055;0.0;0.2936650601309259;0.12910242484414536;0.0;0.35269837135479437;0.0;0.24899695791862073;0.37822845624779233;0.2704570507865339;0.3650164659142209;0.0;0.2144043687388979;0.0;0.2764303693734642;0.35271552477945595;0.5861042001196863;0.16952501772304202;1.0;0.34061616267590805;0.39750159526108725;0.3418094189205642;0.0;0.3407687391652201;0.0;0.0;0.0;0.2854796991619164;0.0;0.44666573239440266;0.0;0.0;0.0;0.38711276394859956;0.31128825029652935;0.24912550498915745;0.3151244930262904;0.2650040354747645;0.22367136736943521;0.35271552477945595;0.35270121035349467;0.25302527174606093;0.0;0.1560124624207265;0.29363341974153145;0.2715963593173349;0.0;0.1450372486963579;0.0;0.0;0.26964098061807745;0.22902282282647538;0.0;0.0;0.0;0.19517714429292035;0.0;0.27122829267967913;0.3769036259465102;0.0;0.170004931397614;0.34176743059674103;0.3207197698984398;0.4790596087922828;0.0;0.215596883538376;0.34134152491540337;0.0;0.24003348904671068;0.0;0.27969203037965246;0.3419836176233542;0.29290117155787326;0.25667356906294525;0.0;0.2825751668925407;0.35547097998396543;0.2285963470551886;0.3112686276602606;0.34194936711849305;0.29175945128121006;0.2736909338938555;0.0;0.0;0.26194399625491604;0.2928898045094781;0.0;0.24494754558994525;0.0;0.261988723041794;0.3024955858646344;0.31156082799967383;0.5092754031610727;0.25762300150439416;0.45291892687018454;0.1640448568776513;0.4758910464547467;0.3769037520477183;0.25743209277135637;0.0;0.0;0.2631049973854553;0.0;0.0;0.0;0.34970202490102464;0.0;0.0;0.0;0.2825751699714817;0.3022325585717661;0.0;0.3771323778452056;0.0;0.3306809894953244;0.2818088032178917;0.0;0.0;0.3196742389979327;0.2830153435045421;0.0;0.0;0.34189171551823627;0.4239948885011079;0.28195871393753796;0.34970204081435363;0.0;0.2489869064101378;0.3650123136624535;0.303442465727599;0.3419832446050442;0.24907094076949182;0.3112881711875837;0.0;0.18196647429112328;0.0;0.0;0.432666787529167;0.0;0.0;0.32093530024163397;0.249104528537106;0.0;0.14863224598437644;0.0;0.0;0.0;0.5083933794760828;0.35271552477945595;0.3417660473515105;0.3210195057779266
GO:0010469;0.3876205339762771;0.6072312068585096;0.22600169296344608;0.3335945288511224;0.3737095355073511;0.47990501516804274;0.42974201842319015;0.2987866870799673;0.2987866870799673;0.0;0.0;0.0;0.0;0.2986894886980571;0.36422589560729657;0.3407056811465461;0.5284635855699251;0.3642278977328243;0.46031053433544156;0.0;0.0;0.35256882998094957;0.3641686063506908;0.5030151174145817;0.44076683676221556;0.2283659198715642;0.3132502198662702;0.42296423808165456;0.4603318568710726;0.257157368849083;0.3247661151065467;0.3405005095665357;0.6072311377745927;0.46028146967598904;0.0;0.22663184225484326;0.27651412765915406;0.0;0.6072312557322493;0.3129341557586386;0.4603295735459776;0.32181380886242295;0.33824074568328405;0.3633233247441296;0.2674454609412392;0.503016374639989;0.5030151174145817;0.2773455150257335;0.0;0.27434039671760907;0.3200007231487832;0.3382344963017461;0.469995944891539;0.0;0.0;0.5030151174145817;0.0;0.0;0.4231078300869814;0.36677417932311573;0.3014181132998563;0.22656959968016577;0.0;0.36751701203979903;0.0;0.0;0.30039451065563505;0.0;0.25081946076350514;0.15444152731065772;0.0;0.4799254132527906;0.0;0.3249987401553894;0.5284635855699251;0.3205977063933362;0.5030242602403051;0.0;0.21065214549409156;0.0;0.23351567127988876;0.47995717460949056;0.3406179376994418;0.23485824281698672;0.34061616267590805;1.0;0.3637539078481122;0.45998579725130545;0.0;0.4581030978528931;0.0;0.0;0.0;0.6489850631346994;0.0;0.4230497940399055;0.0;0.0;0.0;0.3517337402372722;0.32521650667837493;0.3252177713124876;0.5592802436930454;0.3528146874119471;0.32503178765523905;0.47995717460949056;0.47993066987833644;0.21061421914645656;0.0;0.19459421562682966;0.3767925696004024;0.2744069058813019;0.0;0.1627828366397319;0.0;0.0;0.2268025951237941;0.3353465982166532;0.0;0.0;0.0;0.27440950760697824;0.0;0.2283668989247188;0.6072311377745928;0.0;0.2682888721256963;0.36806692707896477;0.3381998030999973;0.3913753148073353;0.0;0.3130966207861076;0.4591388374791801;0.0;0.2928722002007583;0.0;0.339115532872807;0.36838030087356954;0.2500444040285958;0.3382010835162065;0.0;0.23964149333117787;0.481953120355669;0.2910915976377532;0.4063335395983359;0.46023928068703157;0.3737124206214094;0.36838137333147963;0.0;0.0;0.26304745998073453;0.5048443016903073;0.0;0.30022096565791256;0.0;0.21930509764180298;0.3915110057038723;0.4068316204979174;0.5048509065465793;0.21505992350785474;0.3641736391195529;0.22448308267283726;0.4603066546888285;0.6072313928687859;0.5699268395740734;0.0;0.0;0.32796162350509805;0.0;0.0;0.0;0.30982627243810407;0.0;0.0;0.0;0.23964149641263358;0.31297470599136873;0.0;0.3403457041671504;0.0;0.7857294317172057;0.23887487825289713;0.0;0.0;0.27767016425590696;0.4816621719481085;0.0;0.0;0.5380472141387361;0.23028712222785597;0.28675743165869194;0.3098262898201035;0.0;0.3249816163152479;0.503016374639989;0.5302833587819549;0.36837976004701345;0.24524378753854345;0.4063668443284852;0.0;0.21079742086370742;0.0;0.0;0.40574745188156386;0.0;0.0;0.42296423808165456;0.32518202485417935;0.0;0.1832451727769811;0.0;0.0;0.0;0.42295854290880175;0.47995717460949056;0.36806492243778405;0.33861639300227353
GO:0050766;0.31799284841410513;0.39698311923732515;0.2004157529113303;0.2864172946124982;0.2631820360604244;0.37755399246160176;0.36637153472018236;0.1922075649264691;0.1922075649264691;0.0;0.0;0.0;0.0;0.19214991499794168;0.42035281243506634;0.28571700168887154;0.4069738896583706;0.302076846708724;0.5083602243586487;0.0;0.0;0.42320349307340205;0.5368139602067611;0.3917123160822164;0.42196812491942626;0.2814724646468155;0.32054192592333197;0.3413961778306697;0.43683326591500454;0.22453989520376574;0.19525058008855414;0.5075533381510376;0.3969830813513017;0.43679531758530815;0.0;0.20091114230969756;0.3328002561186711;0.0;0.3969831460399684;0.32027701759284316;0.6493103443943237;0.27946694965688207;0.34118564036813215;0.3014543799474352;0.2323440469114804;0.3917130784864295;0.3917123160822164;0.33366534594724606;0.0;0.32225117651173607;0.2710118861385369;0.34118055148591137;0.22915319049301236;0.0;0.0;0.3917123160822164;0.0;0.0;0.3414897209481451;0.364048666837052;0.3105584070484986;0.23584012595599993;0.0;0.21565860006495768;0.0;0.0;0.3573721012665888;0.0;0.30571308690361587;0.13458875319241514;0.0;0.3775666175088514;0.0;0.2643564891250223;0.4069738896583706;0.2806430153678072;0.3917178604377724;0.0;0.22075615788770628;0.0;0.2870800958181633;0.3775862752041342;0.2856552930224007;0.17506727766202848;0.39750159526108725;0.3637539078481122;1.0;0.7900109125493614;0.0;0.43515306995685255;0.0;0.0;0.0;0.3015562030871358;0.0;0.47514706475328344;0.0;0.0;0.0;0.4669230289471439;0.33050072266133557;0.2645013889574066;0.34013530657914187;0.2824711226356571;0.2334212385082454;0.3775862752041342;0.37756987097063865;0.26191892928577404;0.0;0.16409589137274808;0.3106687752981011;0.3223203617177912;0.0;0.1788448246021015;0.0;0.0;0.3573213618837655;0.23628496017070694;0.0;0.0;0.0;0.24301086198513203;0.0;0.28147353349692683;0.3969830813513017;0.0;0.17397406433181564;0.3650671988218772;0.5417967803456214;0.32051546196676745;0.0;0.22202058481910503;0.36458128324840333;0.0;0.2512979088282929;0.0;0.29242319909198833;0.36531387808218097;0.43374496686090463;0.40832626189001203;0.0;0.2937131618540841;0.23421177458389586;0.24147703518603264;0.3304786031751662;0.36527479527515866;0.30857183651864906;0.2923622830379544;0.0;0.0;0.3104479530265628;0.31437536591580717;0.0;0.25668918608515046;0.0;0.27153554679818076;0.3206064605355319;0.3308080018655849;0.5466347757562551;0.2668487018839391;0.3020395244263987;0.23634485991598014;0.5083568239138955;0.39698322124643964;0.270432900247368;0.0;0.0;0.38643871414241066;0.0;0.0;0.0;0.4195774802674574;0.0;0.0;0.0;0.293713165180528;0.5086979449475648;0.0;0.9460251811708305;0.0;0.3524455218094918;0.2928852819903957;0.0;0.0;0.33400296499495824;0.3030271091303462;0.0;0.0;0.35833257365672117;0.2393338054482184;0.3351016409067012;0.41957750030064817;0.0;0.2643451593305783;0.3917130784864295;0.32656525828908833;0.3653134524329473;0.261221025460775;0.3951836515327393;0.0;0.1883674373973256;0.0;0.0;0.5866761509016015;0.0;0.0;0.3413961778306697;0.3955420340551066;0.0;0.15595104739227086;0.0;0.0;0.0;0.3413924674535893;0.3775862752041342;0.3650656205444627;0.3414914640822819
GO:0050764;0.38916659548680954;0.3412760764951868;0.22652639765693236;0.2767397107442874;0.31012365439335915;0.4822771337607879;0.43146954057755504;0.1500444201449881;0.1500444201449881;0.0;0.0;0.0;0.0;0.14999553411426342;0.3655906368690742;0.34189956578013836;0.5313414691227296;0.3655926540265368;0.46249246029303437;0.0;0.0;0.44254261568025355;0.437072182215195;0.5056218187941136;0.5294219371285451;0.22890167297728967;0.3145119276221779;0.42480576677720416;0.5530336318247403;0.20634753797875743;0.24101056191987924;0.4085664463761925;0.34127603753283847;0.5529728107194369;0.0;0.22715948045924841;0.2772999993264074;0.0;0.3412761040592821;0.31419331359879604;0.5530308756795609;0.268985306060693;0.33971226993584513;0.3646812979766363;0.2681805618602609;0.505623089083569;0.5056218187941136;0.27813612627036843;0.0;0.2749848794086663;0.321053686020911;0.3397059660603713;0.2639384726244926;0.0;0.0;0.5056218187941136;0.0;0.0;0.42495061207864965;0.4604572451221457;0.30258612886476005;0.18778426129055842;0.0;0.27288624305154324;0.0;0.0;0.301322210695223;0.0;0.25146589561260374;0.15485597239977741;0.0;0.4822977339992875;0.0;0.3263570691451972;0.5313414691227296;0.2281386352976501;0.5056310566252814;0.0;0.17456803429481754;0.0;0.2340758893996262;0.4823298101418608;0.34181120640254076;0.19466771853942016;0.3418094189205642;0.45998579725130545;0.7900109125493614;1.0;0.0;0.5503434136852564;0.0;0.0;0.0;0.364830323631836;0.0;0.4248920694312539;0.0;0.0;0.0;0.42350078755097065;0.32657666039313676;0.3265779356275548;0.45017381585287686;0.3544160523225099;0.2696166963675194;0.4823298101418608;0.48230304272164554;0.2110698344422199;0.0;0.19525263375203422;0.3027170576075584;0.2750517014652018;0.0;0.19561652447059347;0.0;0.0;0.2718224938087347;0.18817678703321625;0.0;0.0;0.0;0.27505431543226244;0.0;0.22890265662961723;0.34127603753283847;0.0;0.13470791098261703;0.3698100812899973;0.5079979312815037;0.3929515348928168;0.0;0.17566892914977209;0.4613096434205646;0.0;0.23509202017742742;0.0;0.2834888211934244;0.3701264316472583;0.3501084944972745;0.5079998629155223;0.0;0.24023152654057298;0.270671964096121;0.29218080764494725;0.32654967433181226;0.46242052959511304;0.37514931925838596;0.37012751429622753;0.0;0.0;0.26363991851934737;0.4061295425805793;0.0;0.24100916914125664;0.0;0.2197991342622253;0.3930883211409007;0.4085350669221018;0.5074767189876432;0.21553499801308038;0.3655379880696262;0.2618283333005046;0.4624885437794465;0.34127618140234167;0.3202414629190647;0.0;0.0;0.4595749883499205;0.0;0.0;0.0;0.37288186713593047;0.0;0.0;0.0;0.24023152963722133;0.46995573014237574;0.0;0.7389943636930644;0.0;0.44205015507656475;0.23946113784081843;0.0;0.0;0.27846263014205563;0.3873878116657945;0.0;0.0;0.3022728301677365;0.19087142687899908;0.2874616499116881;0.37288188812214085;0.0;0.32633980187189876;0.505623089083569;0.42670620453001806;0.3701258856814952;0.24601645467012817;0.48792997895176604;0.0;0.2112538299923706;0.0;0.0;0.48718316067966455;0.0;0.0;0.42480576677720416;0.4883626180844993;0.0;0.18382891528254877;0.0;0.0;0.0;0.4248000219047156;0.4823298101418608;0.3698080576160618;0.34009119472040933
GO:0072659;0.0;0.0;0.0;0.0;0.0;0.0;0.0;0.0;0.0;0.0;0.0;0.0;0.4218000992973082;0.0;0.0;0.0;0.0;0.0;0.0;0.0;0.0;0.0;0.0;0.0;0.0;0.0;0.0;0.0;0.0;0.0;0.0;0.0;0.0;0.0;0.0;0.0;0.0;0.0;0.0;0.0;0.0;0.0;0.0;0.0;0.0;0.0;0.0;0.0;0.27410066976610237;0.0;0.0;0.0;0.0;0.0;0.0;0.0;0.28704993188671646;0.0;0.0;0.0;0.0;0.0;0.28533441074344773;0.0;0.0;0.0;0.0;0.0;0.0;0.0;0.0;0.0;0.0;0.0;0.0;0.0;0.0;0.0;0.0;0.17225485530263002;0.0;0.0;0.0;0.0;0.0;0.0;0.0;0.0;1.0;0.0;0.0;0.0;0.0;0.0;0.0;0.0;0.0;0.0;0.0;0.0;0.0;0.0;0.0;0.0;0.0;0.0;0.0;0.0;0.0;0.0;0.0;0.0;0.0;0.09648406825107222;0.0;0.0;0.0;0.0;0.0;0.0;0.0;0.0;0.0;0.0;0.0;0.0;0.0;0.0;0.0;0.0;0.0;0.0;0.0;0.0;0.0;0.0;0.0;0.0;0.0;0.0;0.0;0.0;0.0;0.0;0.0;0.0;0.0;0.0;0.0;0.0;0.0;0.0;0.0;0.0;0.0;0.0;0.0;0.0;0.0;0.0;0.0;0.0;0.0;0.0;0.0;0.3353023520229772;0.0;0.0;0.0;0.0;0.0;0.0;0.0;0.0;0.0;0.0;0.0;0.0;0.0;0.0;0.0;0.0;0.0;0.0;0.0;0.0;0.0;0.0;0.0;0.0;0.0;0.0;0.0;0.0;0.0;0.0;0.0;0.0;0.0;0.0;0.0;0.0;0.0;0.0;0.0;0.2392475528876284;0.0;0.0;0.0;0.0;0.0;0.0;0.0;0.0;0.0;0.0;0.0
GO:0008360;0.38781813878627175;0.340238636927483;0.22606885363699572;0.2760571460677434;0.3092667321203813;0.4802079486323439;0.3724426525017073;0.1498435426820604;0.1498435426820604;0.0;0.0;0.0;0.0;0.14979478743837651;0.3644003621834717;0.34085833786264114;0.5288309478384625;0.3644023662275265;0.46058922813676934;0.0;0.0;0.3527731203294963;0.43564940483942094;0.5033479393569709;0.527335833514381;0.22843449325739443;0.31341147543708353;0.5077114237824891;0.5507577024467881;0.20587327586852155;0.24013626755996714;0.40732293940132713;0.34023859820165664;0.5506973808849126;0.0;0.22669937802801995;0.3343895556488171;0.0;0.3402386643242497;0.3130950860018103;0.5507549689399025;0.2683404126012246;0.3384287646407233;0.43608635756057235;0.2675395167859861;0.503349198246627;0.5033479393569709;0.33285207149190255;0.0;0.22874340003280721;0.32013538583063494;0.33842250830959153;0.2633175238212581;0.0;0.0;0.5033479393569709;0.0;0.0;0.42334328424033135;0.4627742398482758;0.3768167868770292;0.18746973013025267;0.0;0.27176592716767256;0.0;0.0;0.30051317442150033;0.0;0.25090218414717774;0.20905370549651273;0.0;0.48022837247779043;0.0;0.32517232175965294;0.5288309478384625;0.22767456189161966;0.5033570942855806;0.0;0.21070040872482815;0.0;0.23358737274203614;0.4802601739480234;0.3407705157793315;0.1943297264691784;0.3407687391652201;0.4581030978528931;0.43515306995685255;0.5503434136852564;0.0;1.0;0.0;0.0;0.0;0.3636449865643281;0.0;0.4232851835870662;0.0;0.0;0.0;0.3518964417250085;0.3253903210406767;0.32539158702693927;0.44792267617440973;0.5276641210188977;0.26896877547898035;0.4802601739480234;0.48023363574209543;0.21067254461653181;0.0;0.2634283313124706;0.3016974625683683;0.2287988716585786;0.0;0.19682444939979002;0.0;0.0;0.31865656832615774;0.18786094067446477;0.0;0.0;0.0;0.2288010416146568;0.0;0.2284354728986159;0.34023859820165664;0.0;0.13454597731520776;0.368289578090809;0.3383877765297759;0.39157676744836006;0.0;0.17539364440896413;0.4594161138573761;0.0;0.23447662144342427;0.0;0.28277260094095635;0.36860333129377304;0.2501266168716436;0.33838905836970895;0.0;0.23971700663673914;0.27001896755700044;0.4353078771154543;0.3253635306771362;0.46051788818825834;0.37389609605820273;0.36860440505068587;0.0;0.0;0.219324701517761;0.4042964530542861;0.0;0.30309259303118624;0.0;0.21936833668457908;0.3917125980934559;0.4883360343272184;0.5051861630457902;0.2151207376218491;0.3643480556249367;0.18716243900461293;0.46058534379091015;0.34023874119779607;0.3193277965946361;0.0;0.0;0.32810307122194465;0.0;0.0;0.0;0.3099525063418905;0.0;0.0;0.0;0.2397170097201371;0.3131356779548826;0.0;0.40713767091720615;0.0;0.4403111351888612;0.23894990912024905;0.0;0.0;0.33324183667354285;0.3857196548100679;0.0;0.0;0.3014586879988709;0.1905464778986653;0.23909990432758432;0.309952523738057;0.0;0.3251551796234465;0.503349198246627;0.4246831242157356;0.3686027898121484;0.3093724962312705;0.4861574997352812;0.0;0.2108558478602202;0.0;0.0;0.6461468788665955;0.0;0.0;0.5077114237824891;0.32535580235045675;0.0;0.24805851410537136;0.0;0.0;0.0;0.4231938308924145;0.4802601739480234;0.36828757102360665;0.33880482993248545
GO:0046718;0.0;0.0;0.0;0.0;0.0;0.0;0.0;0.0;0.0;0.0;0.0;0.0;0.0;0.0;0.0;0.0;0.0;0.0;0.0;0.0;0.9488084517895181;0.0;0.0;0.0;0.0;0.0;0.0;0.0;0.0;0.0;0.0;0.0;0.0;0.0;0.0;0.18467499404600418;0.0;0.0;0.0;0.0;0.0;0.0;0.0;0.0;0.0;0.0;0.0;0.0;0.0;0.0;0.0;0.0;0.0;0.0;0.0;0.0;0.0;0.0;0.0;0.0;0.0;0.0;0.0;0.0;0.0;0.0;0.0;0.0;0.0;0.0;0.0;0.0;0.0;0.0;0.0;0.0;0.0;0.0;0.0;0.0;0.0;0.0;0.0;0.0;0.0;0.0;0.0;0.0;0.0;0.0;1.0;0.0;0.0;0.0;0.0;0.0;0.0;0.0;0.0;0.0;0.0;0.0;0.0;0.0;0.0;0.0;0.0;0.0;0.0;0.0;0.0;0.0;0.0;0.0;0.0;0.0;0.0;0.0;0.0;0.0;0.0;0.0;0.0;0.0;0.0;0.0;0.0;0.0;0.0;0.0;0.0;0.0;0.0;0.0;0.0;0.0;0.0;0.0;0.0;0.0;0.2504432018782023;0.0;0.0;0.0;0.0;0.0;0.0;0.0;0.0;0.0;0.0;0.0;0.0;0.0;0.0;0.0;0.0;0.0;0.0;0.0;0.0;0.0;0.0;0.0;0.0;0.0;0.26149183852565894;0.0;0.0;0.0;0.0;0.0;0.0;0.0;0.0;0.0;0.0;0.0;0.0;0.0;0.0;0.0;0.0;0.0;0.0;0.0;0.0;0.0;0.0;0.0;0.0;0.0;0.0;0.0;0.0;0.0;0.0;0.0;0.0;0.3151479791695353;0.0;0.0;0.0;0.0;0.0;0.0;0.0;0.0;0.0;0.0;0.0;0.3151479791695353;0.0;0.0;0.0;0.0;0.0
GO:0042119;0.2487673676761613;0.0;0.14007231888277036;0.0;0.0;0.3143643429653882;0.0;0.0;0.0;0.33996658074214225;0.3268243199573717;0.30350489360739946;0.0;0.0;0.0;0.0;0.34998197171129736;0.0;0.0;0.0;0.0;0.0;0.0;0.33121837257514375;0.0;0.0;0.0;0.0;0.0;0.0;0.0;0.0;0.0;0.0;0.30041700576797187;0.0;0.0;0.5063230438106523;0.0;0.0;0.0;0.2289143754839619;0.0;0.0;0.1672282565189466;0.331219294234737;0.33121837257514375;0.0;0.0;0.0;0.0;0.0;0.0;0.24999311017284714;0.17842305618643947;0.33121837257514375;0.0;0.30350489360739946;0.0;0.0;0.0;0.0;0.31398194138225893;0.0;0.3136490351278958;0.2999447182326044;0.0;0.0;0.0;0.16305814620253814;0.23988208721322238;0.31437914215289914;0.27270238910832695;0.0;0.34998197171129736;0.0;0.3312250751027568;0.5315436100088085;0.0;0.5484841691806339;0.0;0.31440218587364127;0.0;0.0;0.0;0.0;0.0;0.0;0.0;0.0;0.0;1.0;0.0;0.0;0.2008542032552634;0.0;0.27309219922594347;0.371516241247646;0.27309219922594347;0.0;0.0;0.0;0.0;0.0;0.0;0.31440218587364127;0.31438295595382293;0.0;0.6439164958412072;0.20847500676762623;0.0;0.0;0.20093694163839848;0.09955556106654527;0.0;0.35054471155324424;0.14059258434739852;0.0;0.27309219922594347;0.2995516155199611;0.27309219922594347;0.0;0.33212199350087596;0.0;0.0;0.3559974252553092;0.0;0.0;0.0;0.0;0.37348250409166106;0.0;0.2993679654279641;0.0;0.0;0.28468475226715007;0.2419682487311268;0.0;0.0;0.0;0.0;0.0;0.0;0.0;0.0;0.0;0.23911113679053664;0.0;0.40605655325828244;0.3399657412004681;0.0;0.0;0.0;0.0;0.29955424970069144;0.0;0.0;0.0;0.0;0.0;0.0;0.0;0.0;0.0;0.0;0.27074339927927654;0.27256959355061094;0.0;0.31611467796187487;0.33303823191975757;0.0;0.0;0.23127544980985695;0.27300088587859284;0.0;0.0;0.0;0.0;0.0;0.27309219922594347;0.0;0.0;0.1413895208819003;0.0;0.0;0.0;0.2990821386001847;0.29907951447688896;0.0;0.0;0.0;0.0;0.2843461917141016;0.0;0.331219294234737;0.0;0.0;0.0;0.0;0.0;0.0;0.0;0.0;0.0;0.3323145054914329;0.3535111757503785;0.0;0.0;0.3725150353105048;0.19550308340442768;0.31632538588770903;0.0;0.32682622786166365;0.0;0.31440218587364127;0.0;0.0
GO:0043200;0.23928475614640046;0.0;0.1370150054324116;0.0;0.0;0.0;0.0;0.0;0.0;0.0;0.0;0.0;0.0;0.0;0.0;0.0;0.0;0.0;0.0;0.5781715129288227;0.0;0.0;0.0;0.0;0.0;0.0;0.0;0.0;0.0;0.0;0.0;0.0;0.0;0.0;0.0;0.0;0.0;0.0;0.0;0.0;0.0;0.0;0.0;0.0;0.0;0.0;0.0;0.0;0.0;0.0;0.0;0.0;0.0;0.40351169396141073;0.0;0.0;0.0;0.0;0.0;0.0;0.0;0.0;0.0;0.0;0.0;0.0;0.0;0.0;0.0;0.31995824907935144;0.31042827795493;0.0;0.0;0.0;0.0;0.0;0.0;0.0;0.0;0.0;0.0;0.0;0.0;0.0;0.0;0.0;0.0;0.0;0.0;0.0;0.0;0.0;1.0;0.0;0.6475938404108204;0.0;0.4392413500914082;0.0;0.4392413500914082;0.0;0.0;0.0;0.0;0.0;0.0;0.0;0.0;0.0;0.0;0.0;0.0;0.0;0.39197993158818883;0.0;0.6117062592368419;0.33200481453524144;0.0;0.0;0.4392413500914082;0.4798603633716523;0.4392413500914082;0.0;0.0;0.0;0.0;0.0;0.0;0.0;0.0;0.0;0.0;0.0;0.0;0.3328586890577269;0.0;0.0;0.0;0.0;0.0;0.0;0.25020020017006817;0.0;0.0;0.0;0.0;0.0;0.23033741597323595;0.0;0.0;0.0;0.0;0.0;0.559617539752428;0.0;0.479864390948114;0.0;0.0;0.0;0.0;0.0;0.0;0.0;0.0;0.0;0.0;0.0;0.0;0.0;0.0;0.0;0.4601769065122104;0.0;0.5213238190719941;0.35150066874217234;0.5926192171783737;0.0;0.0;0.0;0.0;0.4392413500914082;0.0;0.0;0.27837591586950783;0.0;0.0;0.0;0.2854806431614062;0.28547825228686147;0.0;0.0;0.0;0.0;0.2720243747538171;0.0;0.0;0.0;0.0;0.0;0.0;0.31476328905400197;0.0;0.5761394665591961;0.7004808697418415;0.0;0.0;0.0;0.0;0.0;0.0;0.0;0.0;0.31476328905400197;0.0;0.0;0.0;0.0;0.0
GO:0045744;0.31777680820666854;0.5090651724642956;0.2003299162735096;0.23861946554183622;0.2630340355461091;0.37724948162470456;0.3658548913885303;0.24655192347930455;0.24655192347930455;0.0;0.0;0.0;0.0;0.24647799555701216;0.30188050953899825;0.3973426492197451;0.40662009569433644;0.42007937364582204;0.3650345733558601;0.0;0.0;0.2821007537692073;0.30184115331816613;0.39138454854573934;0.3526350115523952;0.2021853336925528;0.2563548229690659;0.4747184275740932;0.5079772437590759;0.22443215603233332;0.19511287062133414;0.2853984533204776;0.5090651239113517;0.36501629500178967;0.0;0.24092910885611407;0.2390359122591485;0.0;0.5090652068133016;0.25614310632932524;0.3650465465876327;0.27932783658194704;0.27285269080102326;0.41921430558894396;0.23222869030901805;0.3913853096745928;0.39138454854573934;0.23965695019555497;0.0;0.24285151435528296;0.3769042922401869;0.2728486240908028;0.6733125900312799;0.0;0.0;0.39138454854573934;0.0;0.0;0.47484840631318215;0.36376554325889987;0.24837575732982486;0.16941890360495607;0.0;0.21549061112827986;0.0;0.0;0.2566751122562288;0.0;0.2195895135076886;0.13452330587532824;0.0;0.37726208631471997;0.0;0.3300876020344649;0.40662009569433644;0.2418467639229458;0.39139008362656885;0.0;0.15858680758373983;0.0;0.20621159229620978;0.37728171231163465;0.3972568842157842;0.24352119404305442;0.2854796991619164;0.6489850631346994;0.3015562030871358;0.364830323631836;0.0;0.3636449865643281;0.0;0.0;0.0;1.0;0.0;0.34120283573711024;0.0;0.0;0.0;0.2932482781709949;0.26431379097994423;0.3302684028393947;0.4246226006459775;0.2822581315719875;0.3246519363351509;0.37728171231163465;0.3772653345303586;0.18814542455516683;0.0;0.16399861140345834;0.31046256901868835;0.24290363040736673;0.0;0.20737697368881078;0.0;0.0;0.2009589485241177;0.3030711501032019;0.0;0.0;0.0;0.36103585060138543;0.0;0.20218610112961818;0.5090651239113517;0.0;0.2231693715628231;0.29193633585145046;0.2728260473767966;0.44570324386372884;0.0;0.28478117303815387;0.364297330947178;0.0;0.251162969197586;0.0;0.29227089181048427;0.2921334459691469;0.21899521949314518;0.3409046989713955;0.0;0.21097401984497768;0.6881686071402799;0.301537686620855;0.3302452708076968;0.507896228000608;0.30836840361783635;0.36502962666884375;0.0;0.0;0.2339602028576033;0.3924910510436129;0.0;0.2565483960521363;0.0;0.19505049282034617;0.4458296982191456;0.3305742042910339;0.3924950431922971;0.19168519945979973;0.42002750537607175;0.30164934927984755;0.3650321335284983;0.5090653031943743;0.7945331927658809;0.0;0.0;0.2765366427276605;0.0;0.0;0.0;0.26352993622510934;0.0;0.0;0.0;0.210974022233283;0.2561702733833997;0.0;0.28528968917410014;0.0;0.6288245984137835;0.21037962161351947;0.0;0.0;0.23989932253946392;0.3783344503638366;0.0;0.0;0.45952951318934987;0.17192771241480476;0.25253138689486304;0.2635299488005485;0.0;0.3300734651181154;0.3913853096745928;0.40769661083325376;0.29213310585248575;0.20893915088867696;0.4595786460245052;0.0;0.2620144670120798;0.0;0.0;0.3298580240348079;0.0;0.0;0.4747184275740931;0.3302388987889079;0.0;0.15586318209532932;0.0;0.0;0.0;0.47471327198116786;0.37728171231163465;0.2919350747214651;0.2730970854527259
GO:0071230;0.28281622732497114;0.0;0.1859682253411364;0.0;0.0;0.19413707415299916;0.0;0.0;0.0;0.16711867614704753;0.16272931202624333;0.15465582386225335;0.0;0.0;0.0;0.0;0.20715654036409956;0.0;0.0;0.38037410149132567;0.0;0.0;0.0;0.2004356071617998;0.0;0.0;0.0;0.0;0.0;0.0;0.0;0.0;0.0;0.0;0.18872611824569824;0.0;0.0;0.16717710316079146;0.0;0.0;0.0;0.1260880492401895;0.0;0.0;0.1257888856675864;0.20043594467517248;0.2004356071617998;0.0;0.0;0.0;0.0;0.0;0.0;0.6193859199242601;0.13201957790424548;0.2004356071617998;0.0;0.15465582386225335;0.0;0.0;0.0;0.0;0.19399116848265643;0.0;0.19386403716752607;0.18853961972732075;0.0;0.0;0.0;0.4534564269219023;0.384703151103348;0.19414271806786407;0.17740000119108637;0.0;0.20715654036409956;0.0;0.2004380616223477;0.17267178941361555;0.0;0.13412798298678488;0.0;0.19415150576722937;0.0;0.0;0.0;0.0;0.0;0.0;0.0;0.0;0.0;0.2008542032552634;0.6475938404108204;0.0;1.0;0.0;0.5358805012879092;0.17721337800157513;0.5358805012879092;0.0;0.0;0.0;0.0;0.0;0.0;0.19415150576722937;0.19414417249097438;0.0;0.1775716821312464;0.14778218777549476;0.0;0.0;0.528922752301293;0.08323193187682823;0.41502373806512;0.2073535687206923;0.1100990806240788;0.0;0.5358805012879092;0.5685326512713879;0.5358805012879092;0.0;0.2007661590261137;0.0;0.0;0.17232384753653401;0.0;0.0;0.0;0.0;0.21517042320314286;0.0;0.18831157354316602;0.20768631190155715;0.0;0.18239405982387583;0.13141678333136286;0.0;0.0;0.0;0.17219186491448008;0.0;0.0;0.0;0.0;0.0;0.2753535779593883;0.0;0.18760020980835937;0.16711839931811515;0.0;0.0;0.42037157901109834;0.0;0.5685357954033101;0.0;0.0;0.0;0.0;0.0;0.0;0.0;0.0;0.0;0.0;0.17656890135956663;0.17734379465604203;0.0;0.19480318694250412;0.20110060090037732;0.37045520468425563;0.0;0.7939839926970567;0.4192414605626543;0.36149978041269865;0.0;0.0;0.0;0.0;0.5358805012879092;0.0;0.0;0.48150713097533804;0.0;0.0;0.0;0.18819843770142342;0.1881973986507639;0.0;0.0;0.0;0.0;0.3087421729117051;0.0;0.20043594467517248;0.0;0.0;0.0;0.0;0.20049456023356657;0.0;0.37949353001509273;0.5360770718226763;0.0;0.20083648957098296;0.17152702065170003;0.0;0.0;0.214848954491048;0.14114353654624504;0.1948831837374385;0.20049456023356657;0.1627299574574558;0.0;0.19415150576722937;0.0;0.0
GO:1904707;0.3623974402935892;0.4460111774015364;0.21718807689439812;0.31543497818080185;0.2928834011443307;0.4418318676852964;0.291830575038286;0.20301244756752437;0.20301244756752437;0.0;0.0;0.0;0.0;0.20294813500241937;0.4757257447297363;0.32106405170837415;0.48266352971884846;0.3418695317773556;0.7556685712127128;0.0;0.0;0.40825038836098976;0.4756555102206143;0.46134600431338024;0.4084413502433404;0.30526494748823235;0.3657118408230685;0.39310883688290366;0.4251873224897019;0.24580725728224034;0.22370756807013623;0.44652280940847194;0.44601112957968075;0.425144334972313;0.0;0.21776997213638197;0.3665819685900315;0.0;0.4460112112333311;0.3653670518239685;0.5916662754402648;0.3070256523587481;0.3928297129205993;0.34107248426625814;0.2551906545796067;0.4613470618721516;0.46134600431338024;0.367631875294096;0.0;0.3056613497707471;0.3026129136727913;0.39282296688561413;0.2513466170878344;0.0;0.0;0.46134600431338024;0.0;0.0;0.4701933545115169;0.3388869193190107;0.35277315802944;0.2523176615863451;0.0;0.2509122953224448;0.0;0.0;0.3966205772932102;0.0;0.3339859036106542;0.1475244130181044;0.0;0.4418491575431901;0.0;0.3029111079073974;0.48266352971884846;0.3042895902436738;0.46135369510846397;0.0;0.23512911558550603;0.0;0.3983338541786917;0.44187607892407244;0.32098613228078093;0.18773115636544865;0.44666573239440266;0.4230497940399055;0.47514706475328344;0.4248920694312539;0.0;0.4232851835870662;0.0;0.0;0.0;0.34120283573711024;0.0;1.0;0.0;0.0;0.0;0.46037866078320644;0.3787321348228824;0.3031013703421226;0.4067464198626805;0.32693492643896715;0.2564906966939771;0.44187607892407244;0.44185361315382016;0.2824002965547315;0.0;0.18373924098806843;0.352915577583109;0.30573252880983787;0.0;0.15815996713552663;0.0;0.0;0.3032569686999579;0.25282689316287055;0.0;0.0;0.0;0.2197086246603508;0.0;0.3052662046726563;0.4460111295796808;0.0;0.1827792455817151;0.4248271903384054;0.39278551621155805;0.3656773932934426;0.0;0.2365640858149611;0.42416931260684676;0.0;0.2782401748984895;0.0;0.3227349848092469;0.42516127740350873;0.3329981999805239;0.3143483342035268;0.0;0.319715604840168;0.2574455344425902;0.2732458197923545;0.3787030885590805;0.4251083411500842;0.35021203165746284;0.3402585454016133;0.0;0.0;0.2935557209536243;0.37044739792597176;0.0;0.2848646834831272;0.0;0.29361189566486157;0.4373865707117664;0.3791356980477237;0.8227108450644325;0.2881396514488133;0.34182172967016106;0.1810339561062535;0.9186559370150374;0.44601130616314616;0.30189121144867;0.0;0.0;0.3097225683936356;0.0;0.0;0.0;0.40841735851719796;0.0;0.0;0.0;0.31971560878166366;0.3654112899432887;0.0;0.44633149364852914;0.0;0.40783125526050107;0.31873489662889437;0.0;0.0;0.36804177328422555;0.3547907770959777;0.0;0.0;0.3978039520101145;0.2563207270617396;0.31892668094152526;0.4084173802228649;0.0;0.30289623246933683;0.4613470618721516;0.38749133519440365;0.42516070086696917;0.29045683613819984;0.3787320177208515;0.0;0.20310961800114227;0.0;0.0;0.5262754038924461;0.0;0.0;0.39310883688290366;0.30307032020470653;0.0;0.17358801665434165;0.0;0.0;0.0;0.3931039173299711;0.44187607892407244;0.4248250530554717;0.3932351815479431
GO:0071354;0.3625238695627996;0.0;0.21739901988211902;0.0;0.0;0.2608221027483228;0.0;0.0;0.0;0.21427945789442512;0.20711628201426788;0.19421240114865745;0.0;0.0;0.0;0.0;0.28487605156415396;0.0;0.0;0.42215469565099173;0.0;0.0;0.0;0.27231893750938213;0.0;0.0;0.0;0.0;0.0;0.0;0.0;0.0;0.0;0.0;0.25114806589690253;0.0;0.0;0.21437552343795613;0.0;0.0;0.0;0.15119450462358866;0.0;0.0;0.1507645449316654;0.27231956052248846;0.27231893750938213;0.0;0.0;0.0;0.0;0.0;0.0;0.648584764059208;0.15980400676822254;0.27231893750938213;0.0;0.19421240114865745;0.0;0.0;0.0;0.0;0.2605588142471234;0.0;0.260329515064475;0.2508179023502001;0.0;0.0;0.0;0.44474436760479596;0.4897780371105831;0.26083228999012376;0.23148095680631744;0.0;0.28487605156415396;0.0;0.2723234681947007;0.22349538994088114;0.0;0.16290367248677912;0.0;0.26084815215431567;0.0;0.0;0.0;0.0;0.0;0.0;0.0;0.0;0.0;0.27309219922594347;0.4392413500914082;0.0;0.5358805012879092;0.0;1.0;0.23116330622737005;0.8500760257638476;0.0;0.0;0.0;0.0;0.0;0.0;0.26084815215431567;0.2608349152504882;0.0;0.2317733542224166;0.18349476984731897;0.0;0.0;0.5360756427097916;0.09347846682378688;0.389011556364612;0.2852487849682617;0.12877041002107945;0.0;0.8500760257638476;0.9189633441283837;0.8500760257638476;0.0;0.27292946115144917;0.0;0.0;0.2229128260571738;0.0;0.0;0.0;0.0;0.3002543026038131;0.0;0.250414478901203;0.285878864871299;0.0;0.24005765558482708;0.15892163652492147;0.0;0.0;0.0;0.22269202636445548;0.0;0.0;0.0;0.0;0.0;0.35035249007309666;0.0;0.2491581138134331;0.2142790027781362;0.0;0.0;0.48051668058604485;0.0;0.7561296857323516;0.0;0.0;0.0;0.0;0.0;0.0;0.0;0.0;0.0;0.0;0.2300679095817759;0.2313852664507475;0.0;0.26202584013286373;0.2735479054377243;0.40531188280132296;0.0;0.606395148588572;0.5471672855585241;0.40397075092425255;0.0;0.0;0.0;0.0;0.8500760257638476;0.0;0.0;0.3906382932310713;0.0;0.0;0.0;0.25021445632340444;0.25021261966369096;0.0;0.0;0.0;0.0;0.4062526243559041;0.0;0.27231956052248846;0.0;0.0;0.0;0.0;0.27242776990484624;0.0;0.4208546673762415;0.3895725984697548;0.0;0.27305945370791057;0.2215812861456383;0.0;0.0;0.2996287043218265;0.17336979634298377;0.26217059402975;0.27242776990484624;0.20711732757036647;0.0;0.26084815215431567;0.0;0.0
GO:0072683;0.2134927896687233;0.0;0.12815011554416939;0.0;0.0;0.26006439827013805;0.0;0.0;0.0;0.720546665318584;0.6297349850193209;0.5905857968138587;0.0;0.0;0.0;0.0;0.28397238832764343;0.0;0.0;0.0;0.0;0.0;0.0;0.27149306853899324;0.0;0.0;0.0;0.0;0.0;0.0;0.0;0.0;0.0;0.0;0.2504454506915339;0.0;0.0;0.29182855611242653;0.0;0.0;0.0;0.20596550025730254;0.0;0.0;0.15051106579968737;0.2714936877789681;0.27149306853899324;0.0;0.0;0.0;0.0;0.0;0.0;0.21439493295634257;0.15951924917081356;0.27149306853899324;0.0;0.5905857968138587;0.0;0.0;0.0;0.0;0.259802636518359;0.0;0.6124275661691164;0.2501171306932211;0.0;0.0;0.0;0.14712458160223724;0.2069153652661835;0.26007452640761813;0.23088394411904498;0.0;0.28397238832764343;0.0;0.2714975717850926;0.3042124771984038;0.0;0.22188740161598441;0.0;0.2600902965381592;0.0;0.0;0.0;0.0;0.0;0.0;0.0;0.0;0.0;0.371516241247646;0.0;0.0;0.17721337800157513;0.0;0.23116330622737005;1.0;0.23116330622737005;0.0;0.0;0.0;0.0;0.0;0.0;0.2600902965381592;0.26007713643637925;0.0;0.31545099532623144;0.18311942309671228;0.0;0.0;0.17727778263792326;0.09338095787729904;0.0;0.2843427592291733;0.12858544804357172;0.0;0.23116330622737005;0.2498437265808128;0.23116330622737005;0.0;0.27209989056744543;0.0;0.0;0.9643975198648839;0.0;0.0;0.0;0.0;0.29925061433263883;0.0;0.24971595657882714;0.0;0.0;0.239415644325113;0.21647317221564594;0.0;0.0;0.0;0.0;0.0;0.0;0.0;0.0;0.0;0.2063415023538972;0.0;0.7572079672979621;0.65146116181145;0.0;0.0;0.0;0.0;0.2498455590576784;0.0;0.0;0.0;0.0;0.0;0.0;0.0;0.0;0.0;0.0;0.2294781541448132;0.23078874661558768;0.0;0.26126113590403066;0.27271457680415295;0.0;0.0;0.20048004670618388;0.23109787640153795;0.0;0.0;0.0;0.0;0.0;0.23116330622737005;0.0;0.0;0.12925175195225275;0.0;0.0;0.0;0.2495170479132331;0.24951522147764638;0.0;0.0;0.0;0.0;0.23917615005422874;0.0;0.2714936877789681;0.0;0.0;0.0;0.0;0.0;0.0;0.0;0.0;0.0;0.6422837951101237;0.30161351294219446;0.0;0.0;0.2986291872241843;0.1730346911329347;0.2614050458933964;0.0;0.6297381566841769;0.0;0.2600902965381592;0.0;0.0
GO:0071356;0.3625238695627996;0.0;0.21739901988211902;0.0;0.0;0.2608221027483228;0.0;0.0;0.0;0.21427945789442512;0.20711628201426788;0.19421240114865745;0.0;0.0;0.0;0.0;0.28487605156415396;0.0;0.0;0.42215469565099173;0.0;0.0;0.0;0.27231893750938213;0.0;0.0;0.0;0.0;0.0;0.0;0.0;0.0;0.0;0.0;0.25114806589690253;0.0;0.0;0.21437552343795613;0.0;0.0;0.0;0.15119450462358866;0.0;0.0;0.1507645449316654;0.27231956052248846;0.27231893750938213;0.0;0.0;0.0;0.0;0.0;0.0;0.648584764059208;0.15980400676822254;0.27231893750938213;0.0;0.19421240114865745;0.0;0.0;0.0;0.0;0.2605588142471234;0.0;0.260329515064475;0.2508179023502001;0.0;0.0;0.0;0.44474436760479596;0.4897780371105831;0.26083228999012376;0.23148095680631744;0.0;0.28487605156415396;0.0;0.2723234681947007;0.22349538994088114;0.0;0.16290367248677912;0.0;0.26084815215431567;0.0;0.0;0.0;0.0;0.0;0.0;0.0;0.0;0.0;0.27309219922594347;0.4392413500914082;0.0;0.5358805012879092;0.0;0.8500760257638476;0.23116330622737005;1.0;0.0;0.0;0.0;0.0;0.0;0.0;0.26084815215431567;0.2608349152504882;0.0;0.2317733542224166;0.18349476984731897;0.0;0.0;0.5360756427097916;0.09347846682378688;0.389011556364612;0.2852487849682617;0.12877041002107945;0.0;0.8500760257638476;0.9189633441283837;0.8500760257638476;0.0;0.27292946115144917;0.0;0.0;0.2229128260571738;0.0;0.0;0.0;0.0;0.3002543026038131;0.0;0.250414478901203;0.285878864871299;0.0;0.24005765558482708;0.15892163652492147;0.0;0.0;0.0;0.22269202636445548;0.0;0.0;0.0;0.0;0.0;0.35035249007309666;0.0;0.2491581138134331;0.2142790027781362;0.0;0.0;0.48051668058604485;0.0;0.7561296857323516;0.0;0.0;0.0;0.0;0.0;0.0;0.0;0.0;0.0;0.0;0.2300679095817759;0.2313852664507475;0.0;0.26202584013286373;0.2735479054377243;0.40531188280132296;0.0;0.606395148588572;0.5471672855585241;0.40397075092425255;0.0;0.0;0.0;0.0;0.8500760257638476;0.0;0.0;0.3906382932310713;0.0;0.0;0.0;0.25021445632340444;0.25021261966369096;0.0;0.0;0.0;0.0;0.4062526243559041;0.0;0.27231956052248846;0.0;0.0;0.0;0.0;0.27242776990484624;0.0;0.4208546673762415;0.3895725984697548;0.0;0.27305945370791057;0.2215812861456383;0.0;0.0;0.2996287043218265;0.17336979634298377;0.26217059402975;0.27242776990484624;0.20711732757036647;0.0;0.26084815215431567;0.0;0.0
GO:0014911;0.3087684284734643;0.38662101808735094;0.1967119202414458;0.28013407490131315;0.2568317430119451;0.3646206966980973;0.3071487099922362;0.18974531649728177;0.18974531649728177;0.0;0.0;0.0;0.0;0.1896891339250956;0.4087526293372063;0.2782480937340391;0.3919864839095261;0.2937406059077821;0.4914916629867778;0.0;0.0;0.40962798984423526;0.4087007771133394;0.3778086926020084;0.3415762943857815;0.27622334320355346;0.31117120363269835;0.33078666425704095;0.3532100831106423;0.21990105247095731;0.18937705235758961;0.3870054069599832;0.386620982153326;0.35318041735812455;0.0;0.19718914670247695;0.325487051984671;0.0;0.38662104350904386;0.31092155153250933;0.4915072612678242;0.2734817873294514;0.3305890053527126;0.2931519873403574;0.2273807073461199;0.377809401844417;0.3778086926020084;0.3263144920172322;0.0;0.620695814487636;0.2642829514558721;0.3305842276631958;0.2243238243370679;0.0;0.0;0.3778086926020084;0.0;0.0;0.33087448291931265;0.3520093332194413;0.3017542946993099;0.23214384312172523;0.0;0.20851553610481788;0.0;0.0;0.3489527695142317;0.0;0.2995308461864645;0.13177160340725724;0.0;0.36463247159229795;0.0;0.2563996236705051;0.3919864839095261;0.2754244980146565;0.3778138503520803;0.0;0.2175143220993265;0.0;0.281621767809745;0.364650805512135;0.27818956881241946;0.17223449060806903;0.38711276394859956;0.3517337402372722;0.4669230289471439;0.42350078755097065;0.0;0.3518964417250085;0.0;0.0;0.0;0.2932482781709949;0.0;0.46037866078320644;0.0;0.0;0.0;1.0;0.32054772419978417;0.2565359298465256;0.32707556826047146;0.27340512982237725;0.22841226635060627;0.364650805512135;0.3646355059661409;0.2573678797884926;0.0;0.15992720340768868;0.30185849287570804;0.6208265852237088;0.0;0.1763746390092242;0.0;0.0;0.27457822215640504;0.2325748302393701;0.0;0.0;0.0;0.39210586852578694;0.0;0.27622437255978705;0.386620982153326;0.0;0.17195435893359426;0.35296152396817515;0.3965692530127525;0.3111462642936887;0.0;0.21874178188328447;0.3525072800805263;0.0;0.2455018541118477;0.0;0.2858767214911588;0.35319210947744967;0.34160701480124533;0.3305586827366525;0.0;0.28800219636531615;0.22916918331647815;0.2348205258283841;0.32052691686387624;0.35315557718438656;0.29987842317316293;0.28266115731297636;0.0;0.0;0.5983705404454586;0.3031863272258733;0.0;0.25064476058353313;0.0;0.2666472880109475;0.3112320198303995;0.3208367666157912;0.5271791238016312;0.26212626714685666;0.29370531500494346;0.1998464205809877;0.4914884844663629;0.3866211148406575;0.26373233062508894;0.0;0.0;0.3235458401952881;0.0;0.0;0.0;0.8036267793809581;0.0;0.0;0.0;0.2880021995636588;0.37305024302269485;0.0;0.44237918042167573;0.0;0.34114949901045083;0.28720615450729886;0.0;0.0;0.3266373918168998;0.2926179163504195;0.0;0.0;0.3498684614622169;0.23552808335373618;0.644967205456618;0.8036268168234761;0.0;0.2563889656290108;0.377809401844417;0.3929868138623154;0.35319171160715507;0.2549638889438779;0.3205476403145479;0.0;0.18509190365698336;0.0;0.0;0.4455212636949515;0.0;0.0;0.33078666425704095;0.32052091435111196;0.0;0.15218115875988059;0.0;0.0;0.0;0.33078318090898556;0.364650805512135;0.3529600486268452;0.33087611936659406
GO:0045070;0.2801744700451502;0.3108458411980296;0.17022836676883807;0.25638701619959675;0.22791745299831787;0.33906147186029256;0.2271207228159552;0.1438529603503259;0.1438529603503259;0.0;0.0;0.0;0.0;0.14380802495947945;0.33089031348150455;0.2491845974440463;0.36899367857125703;0.26481366537648665;0.40832207542120647;0.0;0.0;0.392692913657063;0.3308430303853752;0.3533949006295919;0.3144145168739019;0.21479795810886165;0.3531777791884732;0.3030453942799152;0.3267946025886223;0.2400804711017984;0.21578700759256042;0.3111916530019564;0.310845808874144;0.32676287193118686;0.0;0.29656675407326777;0.2568678513431491;0.0;0.31084586406571296;0.35285620873889684;0.40833705676601906;0.24971751349405377;0.3784045696705028;0.2642160489246256;0.19929435313851177;0.35339567601447325;0.3533949006295919;0.2575851425563388;0.0;0.2150710628939755;0.23527281456650687;0.3783983099787378;0.19636378367631643;0.0;0.0;0.3533949006295919;0.0;0.0;0.30313749620891517;0.3255109379553136;0.3410961446901157;0.1781861131543232;0.0;0.24099090488102165;0.0;0.0;0.2773497138012695;0.0;0.2345473136206576;0.1440379052486952;0.0;0.3390741945626616;0.0;0.29217937112732245;0.36899367857125703;0.21412591434208791;0.35340053939191995;0.0;0.16624342967791006;0.0;0.21934786491233535;0.3390940045176862;0.24912594936488852;0.14755361124417998;0.31128825029652935;0.32521650667837493;0.33050072266133557;0.32657666039313676;0.0;0.3253903210406767;0.0;0.0;0.0;0.26431379097994423;0.0;0.3787321348228824;0.0;0.0;0.0;0.32054772419978417;1.0;0.6492592606340476;0.38762832944619474;0.31446845163279724;0.20028498032800118;0.3390940045176862;0.3390774732069144;0.19902009901341944;0.0;0.17836206374487287;0.3412292901532037;0.21512010074364582;0.0;0.12466247781883893;0.0;0.0;0.213414316577079;0.17853950056590004;0.0;0.0;0.0;0.17216268820325256;0.0;0.21479882428032704;0.310845808874144;0.0;0.12969632511469778;0.40800668583256167;0.37836355909988345;0.2826233461278104;0.0;0.1672415313705583;0.3260431040059626;0.0;0.27092494032902975;0.0;0.2621695392637374;0.408314831515698;0.2338694239223373;0.3028063262261644;0.0;0.22474431869063666;0.20101240776475734;0.2644827525261537;0.36527905436882285;0.32673630338014736;0.27106340407851454;0.32677622167936704;0.0;0.0;0.20672411136217747;0.3545225365971764;0.0;0.2772017679441758;0.0;0.2067628762784287;0.2827117580926493;0.2926558333910377;0.44299075582051073;0.20298520430820305;0.264777826464875;0.14238060049110307;0.40831902263441167;0.3108459282309444;0.2347276821545572;0.0;0.0;0.24063907730343395;0.0;0.0;0.0;0.2853705465058872;0.0;0.0;0.0;0.22474432140088652;0.3528974689666101;0.0;0.31106234558191853;0.0;0.3139627506174998;0.22406991934398876;0.0;0.0;0.25786515509753316;0.3401569818617722;0.0;0.0;0.2781548898914805;0.18096342389461112;0.22420180992537783;0.28537056125213545;0.0;0.43665375066918205;0.35339567601447325;0.3701017815797261;0.40831429976292327;0.2824943123396848;0.29235527778093856;0.0;0.15940719408393453;0.0;0.0;0.3648053470309185;0.0;0.0;0.3030453942799152;0.2923274991490752;0.0;0.16878081042001475;0.0;0.0;0.0;0.30304174118101457;0.3390940045176862;0.4080047144448123;0.3787807922716919
GO:0045071;0.2801754086366478;0.24877144177665358;0.17022871325252442;0.20518767176913533;0.22791807411671378;0.3390628464613991;0.22712133959945272;0.11512604134003109;0.11512604134003109;0.0;0.0;0.0;0.0;0.11509007933569965;0.2648131814355376;0.3113639429004059;0.36899530658404117;0.3308930136124334;0.3267824519368815;0.0;0.0;0.31427429893098663;0.2647753404161887;0.35339639390679384;0.31441569889398285;0.17190369480585585;0.28265001257280503;0.37866493585773986;0.40834044899999294;0.19213744106880276;0.21578776097384356;0.24904819747295848;0.24877141590761342;0.32676414862028036;0.0;0.42062483594746763;0.20557248722345597;0.0;0.24877146007782652;0.2823926572014551;0.3267944416381867;0.1998500262735162;0.30283921723456286;0.33014627067836183;0.1992948280460513;0.353397169298228;0.35339639390679384;0.2061465399959076;0.0;0.17212226214543463;0.29398068647355907;0.30283420755135515;0.24536253019098797;0.0;0.0;0.35339639390679384;0.0;0.0;0.37878002058796817;0.4067364621877402;0.2729809861214124;0.14260303381220418;0.0;0.2409918445301675;0.0;0.0;0.22196425661444413;0.0;0.18770922122785388;0.14403824092240694;0.0;0.33907556926692944;0.0;0.36508744412766075;0.36899530658404117;0.17136585429605114;0.35340203271677567;0.0;0.13304524294572875;0.0;0.17554501169325723;0.33909537938258955;0.31129066007412937;0.18437262506595603;0.24912550498915745;0.3252177713124876;0.2645013889574066;0.3265779356275548;0.0;0.32539158702693927;0.0;0.0;0.0;0.3302684028393947;0.0;0.3031013703421226;0.0;0.0;0.0;0.2565359298465256;0.6492592606340476;1.0;0.38763012604486774;0.3144696340584419;0.2502621966054559;0.33909537938258955;0.3390788479377675;0.15927658482816318;0.0;0.17836257846239864;0.27308754346325714;0.172161507420356;0.0;0.1557694304998871;0.0;0.0;0.17079635850044508;0.14288585160426787;0.0;0.0;0.0;0.21512246182831996;0.0;0.17190438800788904;0.24877141590761342;0.0;0.10379642120489074;0.3265300428909672;0.3028063961349598;0.3531468457229792;0.0;0.13384402876815785;0.3260443750768561;0.0;0.21682246740812577;0.0;0.20981546235968515;0.3267766545759371;0.18716670198022803;0.37836621157843425;0.0;0.1798638254611078;0.25117114157698955;0.33047952627821076;0.2923347598565451;0.4082676019646363;0.27106428261788024;0.40831748136832047;0.0;0.0;0.16544214905921806;0.3545240394192991;0.0;0.22184585454780292;0.0;0.1654731728411056;0.35325731965401813;0.292656857471151;0.3545281093308017;0.1624498806896571;0.33084823162206617;0.1779087832954253;0.3267800087649053;0.24877151142972675;0.29329952468798;0.0;0.0;0.2406397696947296;0.0;0.0;0.0;0.22838338359306495;0.0;0.0;0.0;0.17986382763013686;0.2824256780875802;0.0;0.24894471180607916;0.0;0.3139639292432454;0.17932409966439058;0.0;0.0;0.2063706358361634;0.3401583653599386;0.0;0.0;0.22260864447249823;0.14482573016167838;0.179429652478319;0.22838339539458866;0.0;0.579626982962826;0.353397169298228;0.3701034193851908;0.32677622900954;0.22608151370973098;0.36530724587075614;0.0;0.19918405754618584;0.0;0.0;0.2919556480442656;0.0;0.0;0.37866493585773986;0.3652725354627661;0.0;0.16878127132355805;0.0;0.0;0.0;0.3786603711770046;0.33909537938258955;0.32652846517211614;0.30314031130200364
GO:0050776;0.36650166054369876;0.39304912491450916;0.19865875139882425;0.2479608241939861;0.28194035755575936;0.47424522995667556;0.28072217914676434;0.1592679982440491;0.1592679982440491;0.0;0.0;0.0;0.0;0.15921291830859963;0.34065108071931843;0.3152202367044111;0.5349397069701585;0.34065326906253984;0.4505625186556045;0.0;0.0;0.4271237714395328;0.3405884647080805;0.5027673225436028;0.427384993119631;0.2009436875567635;0.37074767095164274;0.4066476003049885;0.45058804551934184;0.3985152250774357;0.28599177816009413;0.3150008089032034;0.3930490732339631;0.450527723943645;0.0;0.1992673072104448;0.24852301785049077;0.0;0.39304916147615393;0.37030501240884417;0.4505853119482811;0.41774242297602104;0.40627446739192863;0.3396649747744775;0.23940629203341957;0.5027688919349734;0.5027673225436028;0.31158530225245273;0.0;0.301673442710784;0.2932825813351822;0.40626545121056223;0.29387614962765574;0.0;0.0;0.5027673225436028;0.0;0.0;0.4068134577245275;0.44815127062309057;0.35428745433636405;0.16202777076771832;0.0;0.3320120463940651;0.0;0.0;0.34097820292832964;0.0;0.2228811199343772;0.1722646461700548;0.0;0.47427012053123446;0.0;0.3873190000666545;0.5349397069701585;0.25016686985174785;0.5027787355549058;0.0;0.14980043237911786;0.0;0.25732402183879094;0.4743088780225079;0.3151263914105076;0.16844960013096033;0.3151244930262904;0.5592802436930454;0.34013530657914187;0.45017381585287686;0.0;0.44792267617440973;0.0;0.0;0.0;0.4246226006459775;0.0;0.4067464198626805;0.0;0.0;0.0;0.32707556826047146;0.38762832944619474;0.38763012604486774;1.0;0.4274846549520684;0.2408372473854734;0.4743088780225079;0.47427653496052774;0.18390145993921447;0.0;0.22376480199325685;0.6164488232103328;0.30175386688519573;0.0;0.13925722561811055;0.0;0.0;0.19943226634417477;0.20291450349897416;0.0;0.0;0.0;0.3017570130214546;0.0;0.20094463474966953;0.3930490732339631;0.0;0.14209589040716855;0.4500828177510823;0.40621539944437524;0.3707034353620529;0.0;0.1884460515250126;0.44916059984050444;0.0;0.4611279173255046;0.0;0.4430341896226344;0.4505514976787689;0.22211665887396903;0.4062172466598569;0.0;0.2119061758015191;0.30224801308544735;0.3401058718585077;0.48430476504611064;0.45047721920488815;0.35106568533648125;0.45055310194564896;0.0;0.0;0.28807390876847605;0.6310773240315619;0.0;0.3407546154618653;0.0;0.19221219041620016;0.3708555568408261;0.38815671775073607;0.5050610157982144;0.18814488789384387;0.34059396529065566;0.2812816190729224;0.4505578740859977;0.39304926406575724;0.3654067986346569;0.0;0.0;0.37694308699865126;0.0;0.0;0.0;0.3531823722929584;0.0;0.0;0.0;0.21190617881220153;0.37036179522329304;0.0;0.31483527424036817;0.0;0.5329868332929085;0.21115741922420556;0.0;0.0;0.24969047099066405;0.595263930359847;0.0;0.0;0.34219600863822147;0.1649033448872613;0.3167560147634928;0.3531823948801009;0.0;0.3872946796491535;0.5027688919349734;0.6713358596935425;0.45055068866866604;0.27913535352412056;0.38762817616921746;0.0;0.18407600386655695;0.0;0.0;0.38692416611634695;0.0;0.0;0.4066476003049885;0.3875793439789846;0.0;0.20888824146796656;0.0;0.0;0.0;0.4066410225045717;0.4743088780225079;0.45007982019444664;0.4068165488246496
GO:0060693;0.3004194736134741;0.2646034362932802;0.1774958031524081;0.21583943970960567;0.24113655174808554;0.36916822896151835;0.2402449022846775;0.11840459080540423;0.11840459080540423;0.0;0.0;0.0;0.0;0.1183665517288647;0.28282674790586;0.2650717418830931;0.4049324044409031;0.28282825637483344;0.35465693425121314;0.0;0.0;0.3399718317385363;0.2827835840367337;0.3862241474717023;0.34013730712781126;0.22406229448442141;0.30326641863007414;0.40843441367926525;0.3546727503370108;0.2014466253281332;0.23208678224009613;0.2649165609239184;0.2646034070268181;0.35463537532261935;0.0;0.17798144878449842;0.2162652869839635;0.0;0.2646034569979754;0.3029701709061181;0.3546710566730603;0.20994119584457013;0.32662994576986715;0.4229533952885094;0.2093285999692392;0.38622507360970826;0.3862241474717023;0.3771777836772924;0.0;0.17955545278618096;0.24938531065856445;0.32662411806610975;0.20609789163290254;0.0;0.0;0.3862241474717023;0.0;0.0;0.3269782357493767;0.3531612370591578;0.5080548158855006;0.14766773715853965;0.0;0.26150162685426;0.0;0.0;0.2344821868928514;0.0;0.19658433958568342;0.1511224454618575;0.0;0.3691833114348063;0.0;0.31426483665024196;0.4049324044409031;0.17873245869058382;0.3862308825511455;0.0;0.13744331771804982;0.0;0.18328341367137618;0.3692067958844464;0.2650053780058592;0.15298304270423366;0.2650040354747645;0.3528146874119471;0.2824711226356571;0.3544160523225099;0.0;0.5276641210188977;0.0;0.0;0.0;0.2822581315719875;0.0;0.32693492643896715;0.0;0.0;0.0;0.27340512982237725;0.31446845163279724;0.3144696340584419;0.4274846549520684;1.0;0.21042176592484985;0.3692067958844464;0.3691871982090268;0.16562123348673755;0.0;0.1893542330067327;0.2922852059733445;0.1795981613294529;0.0;0.12851596623903275;0.0;0.0;0.17811303649658872;0.14797102222658434;0.0;0.0;0.0;0.17959983200728505;0.0;0.22406323698409578;0.2646034070268181;0.0;0.10645398645807427;0.35435964736022263;0.3265917656579458;0.3032368199030125;0.0;0.13829595655209811;0.3537877389223951;0.0;0.22875157637313473;0.0;0.22096618289881356;0.44314507149224586;0.24489413502787508;0.32659295968692553;0.0;0.1879964965756502;0.21122483716808182;0.763575355306069;0.31444342947774245;0.3546040811438722;0.28996868824273103;0.4431463135260908;0.0;0.0;0.1722980766161388;0.38757142157639424;0.0;0.2928268489547674;0.0;0.1723317251887827;0.3033386013804026;0.5474470311953364;0.38757628562094987;0.1690551009419766;0.28278737592924164;0.18421721490901538;0.35465405650018117;0.26460351509400354;0.24877290401803664;0.0;0.0;0.2554229165281729;0.0;0.0;0.0;0.24165746077316339;0.0;0.0;0.0;0.18799649894526216;0.30300817981196837;0.0;0.2647994708403235;0.0;0.3396086597295508;0.18740693914896975;0.0;0.0;0.3776092167059325;0.37046729943554507;0.0;0.0;0.23520142399314806;0.15005244031808682;0.18752222482620606;0.24165747398640858;0.0;0.31424882521931946;0.38622507360970826;0.4062672603549258;0.4431444451506523;0.298739223625906;0.3144683507539513;0.0;0.16576278856294765;0.0;0.0;0.4693485889007509;0.0;0.0;0.40843441367926525;0.31443621120775617;0.0;0.17859126619971705;0.0;0.0;0.0;0.326866829597798;0.3692067958844464;0.3543577892491697;0.40857080332202855
GO:0010693;0.2430233089025737;0.22344286371934252;0.16779270772474492;0.310269335952939;0.3355724370505281;0.27633968874718084;0.209114200635653;0.2661342979253835;0.2661342979253835;0.0;0.0;0.0;0.0;0.26606390434604227;0.23361550338074935;0.3113003687515605;0.2917776828941687;0.3250854232931372;0.2697282309992007;0.0;0.0;0.2103342890000065;0.23359193339258416;0.2838489301652599;0.2628976136497166;0.23533186825369026;0.2445093273710652;0.3568721554979408;0.3753466089782688;0.14755768834275104;0.3000897991714726;0.22362149061033493;0.22344284701742143;0.26971825106741865;0.0;0.2675832003723138;0.2701642800729147;0.0;0.22344287553519385;0.19555804115347633;0.26973476820984804;0.19000883339758576;0.20514987557956366;0.32456711895909174;0.18960692231376006;0.28384933050170175;0.2838489301652599;0.19452982874999772;0.0;0.16926160822002062;0.2986139388196373;0.20514757662246397;0.26088031422754554;0.0;0.0;0.2838489301652599;0.0;0.0;0.35694560619958726;0.26903472359158886;0.19099782895599493;0.318018323207076;0.0;0.3232598198337796;0.0;0.0;0.20559444744242494;0.0;0.252038269796396;0.11025004065160166;0.0;0.2763464520294454;0.0;0.34816086597551377;0.2917776828941687;0.30401572034714247;0.28385184148195486;0.0;0.24779378581455988;0.0;0.171899375738284;0.2763569824846433;0.31124772348661134;0.7297170112127048;0.22367136736943521;0.32503178765523905;0.2334212385082454;0.2696166963675194;0.0;0.26896877547898035;0.0;0.0;0.0;0.3246519363351509;0.0;0.2564906966939771;0.0;0.0;0.0;0.22841226635060627;0.20028498032800118;0.2502621966054559;0.2408372473854734;0.21042176592484985;1.0;0.27635698248464324;0.2763481949007304;0.22150785240013868;0.0;0.12929505410139636;0.19104998738872497;0.16929197951361377;0.0;0.1812333520403308;0.0;0.0;0.16823377621077365;0.258668906966258;0.0;0.0;0.0;0.2355774603414513;0.0;0.23533261530091257;0.22344284701742137;0.0;0.24361864328325633;0.21575400605132436;0.20513481344246415;0.34022199258993946;0.0;0.2451462595188364;0.26932549153710567;0.0;0.1616953178948778;0.0;0.19713313332134655;0.2158616460876514;0.1806920233337587;0.2563221858973877;0.0;0.3108523747715398;0.2655730416917306;0.23341014399279902;0.20027483000509835;0.37530237417848733;0.23748212242977654;0.26972553014725087;0.0;0.0;0.16404863073359702;0.22763041745188348;0.0;0.16447267842104954;0.0;0.22834623852177693;0.3402956705868122;0.2504377456997696;0.2844325703742875;0.22502307599378774;0.3250543600951868;0.2022799527116637;0.2697268988751649;0.223442908689701;0.2981085677860956;0.0;0.0;0.21814408205293206;0.0;0.0;0.0;0.20996915957247345;0.0;0.0;0.0;0.3108523776937439;0.19557387613879562;0.0;0.22355471076198152;0.0;0.2626447173014664;0.24325588465920214;0.0;0.0;0.19468948749798293;0.2216208922927939;0.0;0.0;0.20603655925506248;0.29485809610441477;0.17486627419646728;0.20996916755562295;0.0;0.2501502490954432;0.2838493305017017;0.23395368514936674;0.21586146038570958;0.16678936214945106;0.3482478373492046;0.0;0.3447139286425479;0.0;0.0;0.25002648980176334;0.0;0.0;0.3568721554979408;0.2502452552758166;0.0;0.12418474772601484;0.0;0.0;0.0;0.3568692418777568;0.27635698248464324;0.21575331723763055;0.205288003419441
GO:0060333;0.5680854863158478;0.3521476329642545;0.3257048324062654;0.2838455382686787;0.3190750096006686;0.7102037131012942;0.3178258638291929;0.15210902015681269;0.15210902015681269;0.23891006953565683;0.2300395747467451;0.21423027794061256;0.0;0.15205877975919754;0.3780948668580868;0.3528115168491492;0.7861043096265699;0.37809702436063225;0.48268687420581335;0.0;0.0;0.36893757091329465;0.37803313199227323;0.7462289730478271;0.46124116285380284;0.2337416827704062;0.32610508214890244;0.4417827396629765;0.48271032021749805;0.21127536075665676;0.25023490801432297;0.3525915107774732;0.35214759148002966;0.4826549152150619;0.2856663434744368;0.23192532809264563;0.28443499988224297;0.23902949525245482;0.35214766231246325;0.3257625592876232;0.4827078094947856;0.44119993733311413;0.35327772689661363;0.3771223430217628;0.3870852218562095;0.8479464733357255;0.7462289730478271;0.28531477616068346;0.0;0.2340651200284386;0.33065689434133466;0.35327090951897344;0.2703944436017063;0.23969369463429255;0.1731140738325347;0.7462289730478271;0.0;0.21423027794061256;0.4419393956548413;0.38452171686331255;0.3133017863545055;0.19102930303883567;0.2979047553415321;0.2847721057376926;0.2976050523598334;0.28523926357265544;0.309765772388598;0.0;0.25731935562415426;0.2164359980191691;0.23038311964374428;0.7102354330273394;0.26049248984755574;0.3388572633588105;0.7861043096265699;0.23294609193192095;0.74624326032725;0.2504233596405578;0.1773689721826428;0.17675747065953681;0.23913960489436992;0.9036595449209444;0.35271742814780443;0.1981572327809089;0.35271552477945595;0.47995717460949056;0.3775862752041342;0.4823298101418608;0.0;0.4802601739480234;0.0;0.31440218587364127;0.0;0.37728171231163465;0.19415150576722937;0.44187607892407244;0.26084815215431567;0.2600902965381592;0.26084815215431567;0.364650805512135;0.3390940045176862;0.33909537938258955;0.4743088780225079;0.3692067958844464;0.27635698248464324;1.0;0.8070538644769412;0.2151783588136606;0.2608628311639731;0.2746348482690827;0.31344215475928366;0.23412320310362011;0.19422881310837842;0.20117892960823086;0.0;0.0;0.28214868098456364;0.19143552690392837;0.26084815215431567;0.28488373859126775;0.26084815215431567;0.23412547522849825;0.3141865095109164;0.23374270846026687;0.35214759148002966;0.24969218735539075;0.1363696853158303;0.3859428412945727;0.35323306331232385;0.40743451428016697;0.35095321838712384;0.17850559310033035;0.7703951169714283;0.0;0.24150972060360607;0.27140441669851356;0.4097623335245287;0.38628740777262816;0.2565036730792443;0.3532344600898248;0.0;0.2455681071131111;0.277465780581114;0.3021600047588129;0.33906491020764623;0.48260852529040504;0.5469049947973441;0.386288587030066;0.283094595532872;0.23890950377843695;0.22421250947259788;0.425670463893577;0.0;0.24775863336310042;0.28488612111573475;0.22425811139499638;0.4075815712666571;0.42421246077601554;0.5318942958488347;0.21982095690379427;0.37803855527111124;0.19071024170546233;0.48268260820296544;0.3521477446616302;0.3297954200549986;0.2587044202575428;0.2603713169356666;0.3391638735158156;0.2998240061146152;0.31500633911555787;0.0;0.31980502306395475;0.22243331171459305;0.2607648420432563;0.0;0.2455681103488675;0.32580650252605997;0.0;0.3524255187368181;0.26084815215431567;0.460463286961847;0.2447631682614875;0.13803497078785262;0.0;0.28565836196995753;0.4051274413996649;0.0;0.0;0.3107705030787518;0.19422499510784152;0.24492055292431777;0.3198050415836489;0.2710966895181018;0.3388386480419729;0.8479464733357255;0.4483300926343094;0.38628681308858775;0.2530533848776584;0.42370714821100286;0.0;0.215369590357799;0.0;0.0;0.42303381085686775;0.3143587851958396;0.24802270266307552;0.4417827396629765;0.33905651728951336;0.35009881539159454;0.2581018299572017;0.30001354985050266;0.0;0.23004086455220668;0.4417765264414287;0.9036595449209444;0.3859406372066154;0.3536875367582832
GO:0007169;0.5680591208057075;0.3521333645943142;0.3256961654661607;0.28383626799894396;0.31906329541647943;0.7101625062314667;0.317814241183444;0.15210635793187444;0.15210635793187444;0.23889896547955464;0.23002927993049063;0.21422134948126412;0.0;0.1520561192925769;0.37807841840426903;0.3527971946309001;0.7860538247370689;0.37808057571910014;0.4826600671407088;0.0;0.0;0.3689180018078806;0.3780166889092669;0.7461834798270839;0.4612166848792348;0.23373539635518167;0.32608979301046187;0.4417602833825506;0.482683510548152;0.21126894315505942;0.2502227263235951;0.35257720641537954;0.3521333231134511;0.48262811169956527;0.28565046799172655;0.2319191389971942;0.28442569107004884;0.23901838009250537;0.35213339394014476;0.3257473022493059;0.48268100010432147;0.44118594175420833;0.35325978374622913;0.37710597907369087;0.38707298053213846;0.8478947788571706;0.7461834798270839;0.2853054096748352;0.0;0.23405881620390812;0.3306443143294196;0.35325296706108067;0.27038603111434156;0.23968251761781775;0.17310824363794386;0.7461834798270839;0.0;0.21422134948126412;0.44191692344601974;0.38450045966730695;0.3132876741643216;0.19102510416478888;0.297887490498861;0.2847563294885397;0.2975878222367988;0.2852234355218089;0.30975473176029755;0.0;0.2573117370366025;0.21642931939253207;0.23037279405632244;0.7101942224766802;0.26047928901482204;0.33884075512234957;0.7860538247370689;0.23293984823766775;0.7461977653645193;0.2504111595953333;0.1773653523470471;0.17675139247969598;0.23913302477949402;0.8070538644769412;0.35270311356735523;0.1981527147170356;0.35270121035349467;0.47993066987833644;0.37756987097063865;0.48230304272164554;0.0;0.48023363574209543;0.0;0.31438295595382293;0.0;0.3772653345303586;0.19414417249097438;0.44185361315382016;0.2608349152504882;0.26007713643637925;0.2608349152504882;0.3646355059661409;0.3390774732069144;0.3390788479377675;0.47427653496052774;0.3691871982090268;0.2763481949007304;0.8070538644769412;1.0;0.2151730312476463;0.2608495927703503;0.2746240951152394;0.3134280299212004;0.23411689615016545;0.1942214739911361;0.20117509868000166;0.0;0.0;0.282141145837208;0.19143131015327775;0.2608349152504882;0.28486794997121156;0.2608349152504882;0.23411916815262887;0.3141673059642604;0.23373642198987177;0.3521333231134511;0.24968005844647223;0.1363675455252417;0.3859214266868952;0.35321512469850835;0.4074154140903692;0.3509292575641479;0.17850192672309628;0.7703524455856818;0.0;0.2415013348443153;0.2713900867769148;0.4097486159137139;0.38626595491138593;0.2564961027150992;0.35321652133414455;0.0;0.24556116847775322;0.2774569223418713;0.30214687842841836;0.33904838173346086;0.48258172692690726;0.5468805586169796;0.3862671340378448;0.28307900459783975;0.23889839977492394;0.22420672517157997;0.4256444138355061;0.0;0.24774980804507432;0.2848703322315997;0.22425232474086562;0.407562457286877;0.42419175516478846;0.5318617446867403;0.21981539697007454;0.37802211171632544;0.19070605684565167;0.482655801611689;0.3521334762826385;0.3297829055069186;0.2586914000243074;0.26035812838098976;0.339150637885273;0.299806518104456;0.314987035222818;0.0;0.3197932552175436;0.22242368642542026;0.26075161359311233;0.0;0.24556117171332673;0.32579124137141213;0.0;0.35241122783961604;0.2608349152504882;0.4604388914789049;0.24475627503874547;0.13803126398476437;0.0;0.2856489729120123;0.4051038449715306;0.0;0.0;0.3107593907146429;0.1942206545760284;0.24491365083405664;0.31979327373587485;0.2710823920726899;0.33882214161919666;0.8478947788571706;0.448301195416707;0.38626536029339653;0.25304417833134973;0.42368649189733404;0.0;0.21536425331835293;0.0;0.0;0.42301322014170567;0.3143395605845621;0.2480107353999698;0.4417602833825506;0.33903998963356086;0.35007497108889757;0.25809233249086794;0.2999960397227434;0.0;0.23003056962051074;0.44175407079263146;0.8070538644769412;0.3859192228435246;0.35366955195592215
GO:0045994;0.19441519188092696;0.25281509500043736;0.1430915290745703;0.5080509299075869;0.5076932479041585;0.21516787423033587;0.1720911127083125;0.42120056445646437;0.42120056445646437;0.0;0.0;0.0;0.0;0.4211015585385494;0.26209467260715463;0.18185544966185851;0.22441318103733288;0.18834796391719075;0.29380912384150304;0.0;0.0;0.2068805694220223;0.26207335284168165;0.21969330358728914;0.20692959612523215;0.6711589162293418;0.4973691630970754;0.20291983996592358;0.211142669027142;0.1549797062561514;0.11762822739612407;0.2529794021559905;0.25281507963514027;0.21113206780660335;0.0;0.3669556139578794;0.5367260632646157;0.0;0.2528151058706875;0.1952666108569383;0.2938146978733124;0.1906790082312216;0.2028454405122207;0.18810578284079926;0.15865792229816614;0.21969354340657313;0.21969330358728914;0.22555664722116625;0.0;0.20060348464633024;0.1757845772223515;0.20284364174884092;0.15716353435817745;0.0;0.0;0.21969330358728914;0.0;0.0;0.20295288416939783;0.16863414043703998;0.1916108052276954;0.49262083904211956;0.0;0.12473967330284268;0.0;0.0;0.2361461831632273;0.0;0.5940352511887358;0.09250883424200451;0.0;0.21517197460451853;0.0;0.23808106710023477;0.22441318103733288;0.31110340859807784;0.21969504759162245;0.0;0.3766121997973564;0.0;0.20325989661574462;0.2151783588136606;0.18183044846891888;0.3062059444639741;0.25302527174606093;0.21061421914645656;0.26191892928577404;0.2110698344422199;0.0;0.21067254461653181;0.0;0.0;0.0;0.18814542455516683;0.0;0.2824002965547315;0.0;0.0;0.0;0.2573678797884926;0.19902009901341944;0.15927658482816318;0.18390145993921447;0.16562123348673755;0.22150785240013868;0.2151783588136606;0.2151730312476463;1.0;0.0;0.10555499106546186;0.1916528138515622;0.20063414048869857;0.0;0.11485088481316272;0.0;0.0;0.1995650600556336;0.4933145497086987;0.0;0.0;0.0;0.14418129871376567;0.0;0.6711607310694787;0.25281507963514027;0.0;0.3892329061689605;0.21105382289755728;0.20283365535433184;0.1953552173038211;0.0;0.4707347104506882;0.21089132581212572;0.0;0.1672731191697039;0.0;0.19662294390060786;0.21113624613555235;0.21202688690781757;0.16232857512244717;0.0;0.577636704696415;0.15952661906055848;0.15062807056759495;0.19901207788173012;0.21112319048229541;0.190852711778368;0.1689730898898462;0.0;0.0;0.1953173813660265;0.17609977145911898;0.0;0.16964483147730408;0.0;0.9735865612255836;0.19538901899843691;0.19913148270699957;0.3062002895379129;0.6729270526105421;0.18833345365108392;0.12645334146195963;0.2938079879826166;0.2528151363718985;0.17554080794038568;0.0;0.0;0.17816021208787286;0.0;0.0;0.0;0.2402783675653021;0.0;0.0;0.0;0.5776367092972876;0.1952792456865844;0.0;0.25291798150212996;0.0;0.20677288369737817;0.6341301832252662;0.0;0.0;0.2257108789181331;0.17248150546721752;0.0;0.0;0.2365651789929251;0.49805141048677465;0.20623316446237508;0.24027837507796818;0.0;0.15921992002129248;0.21969354340657307;0.1798605352501355;0.21113610395332325;0.17161248358344924;0.19902006667684166;0.0;0.4028486196220057;0.0;0.0;0.2767392718378595;0.0;0.0;0.20291983996592355;0.15926801025109044;0.0;0.10212412405375768;0.0;0.0;0.0;0.2029185291199143;0.21517835881366054;0.21105329539453396;0.20295349986364006
GO:0002277;0.214013031214274;0.0;0.12833737931728148;0.0;0.0;0.26083677882622747;0.0;0.0;0.0;0.2924098256194584;0.28263438274559805;0.2650247908153859;0.0;0.0;0.0;0.0;0.28489355951670703;0.0;0.0;0.0;0.0;0.0;0.0;0.2723349359623817;0.0;0.0;0.0;0.0;0.0;0.0;0.0;0.0;0.0;0.0;0.2511616734486419;0.0;0.0;0.43546350060886746;0.0;0.0;0.0;0.258157102232109;0.0;0.0;0.15076944846752424;0.27233555904869294;0.2723349359623817;0.0;0.0;0.0;0.0;0.0;0.0;0.21491958589882668;0.15980951594982507;0.2723349359623817;0.0;0.2650247908153859;0.0;0.0;0.0;0.0;0.26057346070943405;0.0;0.2603441357587968;0.25083147414704865;0.0;0.0;0.0;0.14737145837009066;0.20740400804784564;0.26084696721452544;0.23149251657152886;0.0;0.28489355951670703;0.0;0.27233946718006635;0.6754449382817281;0.0;0.5977076953697833;0.0;0.2608628311639731;0.0;0.0;0.0;0.0;0.0;0.0;0.0;0.0;0.0;0.6439164958412072;0.0;0.0;0.1775716821312464;0.0;0.2317733542224166;0.31545099532623144;0.2317733542224166;0.0;0.0;0.0;0.0;0.0;0.0;0.2608628311639731;0.2608495927703503;0.0;1.0;0.18350203360520403;0.0;0.0;0.17763634751524968;0.09348035189910718;0.0;0.2852663387672028;0.12877398720285646;0.0;0.2317733542224166;0.250556506959122;0.2317733542224166;0.0;0.27294553142223044;0.0;0.0;0.3041916506508326;0.0;0.0;0.0;0.0;0.3002737518779721;0.0;0.25042800707337026;0.0;0.0;0.24007008785387346;0.21686489929998584;0.0;0.0;0.0;0.0;0.0;0.0;0.0;0.0;0.0;0.2068274352895548;0.0;0.42543408710307423;0.29240920453040065;0.0;0.0;0.0;0.0;0.2505583499067051;0.0;0.0;0.0;0.0;0.0;0.0;0.0;0.0;0.0;0.0;0.23007932864391345;0.23139681666046874;0.0;0.2620406519922928;0.27356404862200606;0.0;0.0;0.20093873369041323;0.23170757864686403;0.0;0.0;0.0;0.0;0.0;0.2317733542224166;0.0;0.0;0.12944225156534006;0.0;0.0;0.0;0.25022796289193167;0.25022612603392785;0.0;0.0;0.0;0.0;0.2398292831350252;0.0;0.27233555904869294;0.0;0.0;0.0;0.0;0.0;0.0;0.0;0.0;0.0;0.27307553929088735;0.3783447784336398;0.0;0.0;0.2996480726302906;0.17337628059534993;0.2621854222595284;0.0;0.282635809592892;0.0;0.2608628311639731;0.0;0.0
GO:0006874;0.23495231849258816;0.1558245299212356;0.15285461902167474;0.13205092862298165;0.14461012771135326;0.27461368649161727;0.1950910595260832;0.07854369923301364;0.07854369923301364;0.1723610745511115;0.16769585219510982;0.15913499670578277;0.0;0.07852104890192062;0.1642582471143598;0.15604421401239718;0.29375171943905126;0.16425893559855773;0.19535154389090192;0.0;0.0;0.18925838841602585;0.16423854591568335;0.28386049448706024;0.1893277709807061;0.11299822913581194;0.17344501584946181;0.18371195215494412;0.1953580370425684;0.12467654343208871;0.1781786846249967;0.15597143547672468;0.15582451618728094;0.19534269282928057;0.1954390013610082;0.11227947750395458;0.17897595011617962;0.1724232253714405;0.1558245396373855;0.17331386514049493;0.1953573417311288;0.17609518271052194;0.18360886571122575;0.16394769090957192;0.1756675801837818;0.2838609905763184;0.28386049448706024;0.13258798754464432;0.0;0.11312600292436774;0.14859865875919603;0.183606373876109;0.12707835357966418;0.17276856853472078;0.1352697385978178;0.28386049448706024;0.0;0.15913499670578277;0.18375775043192744;0.2635073797448011;0.16848959067144134;0.09553779713307618;0.2010908710924319;0.195020027509812;0.20095426724972254;0.19523900661992039;0.1413548516931269;0.0;0.12214641981138395;0.38328253374276267;0.16787834564982185;0.27462196242461306;0.18331869986198143;0.17827341540332511;0.29375171943905126;0.1126836562702712;0.28386410214263175;0.17827421058882886;0.12137220197695978;0.1374841048912686;0.11512225788042495;0.2746348482690827;0.15601309204606414;0.098534954501779;0.1560124624207265;0.19459421562682966;0.16409589137274808;0.19525263375203422;0.0;0.2634283313124706;0.0;0.20847500676762623;0.0;0.16399861140345834;0.14778218777549476;0.18373924098806843;0.18349476984731897;0.18311942309671228;0.18349476984731897;0.15992720340768868;0.17836206374487287;0.17836257846239864;0.22376480199325685;0.1893542330067327;0.12929505410139636;0.2746348482690827;0.2746240951152394;0.10555499106546186;0.18350203360520403;1.0;0.1685445171145289;0.11314894178778859;0.14782697375687734;0.5564884711894744;0.0;0.0;0.19298439193006026;0.09570953412155214;0.18349476984731897;0.1950723757282805;0.18349476984731897;0.11314983908024713;0.2083801562257321;0.11299863443633962;0.15582451618728094;0.17790334838571584;0.07135365358671089;0.19522946798830237;0.18359254010457157;0.17343191491409124;0.22394003058626002;0.09018732132551172;0.2660808731031894;0.0;0.13852406228428232;0.1886565703421181;0.18371967789349156;0.195348740441405;0.12183546298323927;0.18359305067865908;0.0;0.1176286513907027;0.12970507121218183;0.1640866207345034;0.17835117122799918;0.19532984445345877;0.22856365538062756;0.19534914852864588;0.194231828729994;0.1723607800819173;0.10920453727936284;0.2085524492814379;0.0;0.19118583315607393;0.1950734928293058;0.10922282753443692;0.17347696282432973;0.1785133670771224;0.20855435503983827;0.10743697742363306;0.16424027669320823;0.09540283026728312;0.19535036244025925;0.15582456690026866;0.14830429844536427;0.18243135667856386;0.18325868089413305;0.15148578303828314;0.20196354749292594;0.20874046910358374;0.0;0.14486352447707088;0.16361716737844664;0.18345354009754916;0.0;0.11762865264600589;0.17333069515973726;0.0;0.1559165097577143;0.18349476984731897;0.1891060547366855;0.11731618276670364;0.11285867044473143;0.0;0.13271340948373586;0.20176955909522126;0.0;0.0;0.1417083383999274;0.09688578383399657;0.117377308445256;0.14486353090205192;0.1885078309289635;0.17826644333619057;0.2838609905763184;0.2157827796820657;0.19534853464806998;0.19432334461278516;0.1783620198316175;0.0;0.10563278479168757;0.0;0.0;0.17816018533875053;0.2084559234626667;0.17705421397336954;0.18371195215494412;0.1783480289326301;0.22359184516359415;0.9538937693220938;0.20204953453480465;0.0;0.1676965376250663;0.18371013552486135;0.2746348482690827;0.19522870482206503;0.1837586038408525
GO:0045089;0.2624292277420646;0.40807658453586215;0.16351068773274288;0.24428950109680855;0.21603404644133892;0.31341435780084437;0.21531810143017807;0.19477592666561927;0.19477592666561927;0.0;0.0;0.0;0.0;0.19471672876705035;0.311012989179624;0.23504879719250912;0.33881994406269567;0.24890563906340515;0.37847285846167406;0.0;0.0;0.3650075487100769;0.31097121589915555;0.3256223564909807;0.29223861159738024;0.20624135772147953;0.3306238169485324;0.28239156510942387;0.3029043083925297;0.4966453950302664;0.20158134528437766;0.29354746732009523;0.40807654450472375;0.30287704729701714;0.0;0.16392273020539455;0.2447259921249873;0.0;0.4080766128560771;0.3303419897434982;0.3784857294944227;0.5156638624423207;0.3526311310506106;0.24837759506390167;0.19014840262667165;0.3256230147929082;0.3256223564909807;0.3415072726003969;0.0;0.3682556844650402;0.22263129908894638;0.3526256950187512;0.23425996887229864;0.0;0.0;0.3256223564909807;0.0;0.0;0.28247153892107607;0.30180115105779637;0.320012800287278;0.17225757623257795;0.0;0.22340820262720243;0.0;0.0;0.36637883551719114;0.0;0.2243821558903566;0.13756683097649472;0.0;0.31342522853875066;0.0;0.27293308630948454;0.33881994406269567;0.32644221135834667;0.325627143796207;0.0;0.16107143164424023;0.0;0.2928726650515053;0.31344215475928366;0.23499661368474678;0.14247968712570402;0.29363341974153145;0.3767925696004024;0.3106687752981011;0.3027170576075584;0.0;0.3016974625683683;0.0;0.0;0.0;0.31046256901868835;0.0;0.352915577583109;0.0;0.0;0.0;0.30185849287570804;0.3412292901532037;0.27308754346325714;0.6164488232103328;0.2922852059733445;0.19104998738872497;0.31344215475928366;0.3134280299212004;0.1916528138515622;0.0;0.1685445171145289;1.0;0.3683362999667175;0.0;0.12102132561935126;0.0;0.0;0.20496542943182458;0.24017565775463262;0.0;0.0;0.0;0.2477856388751152;0.0;0.20624215625844236;0.40807654450472375;0.0;0.2008720843404253;0.37820187946165224;0.35259551649141296;0.26457653276398324;0.0;0.22545294036194094;0.3022585614872931;0.0;0.7067466811786978;0.0;0.7794759373434971;0.3784666349271928;0.2237616739523374;0.2821839624264809;0.0;0.21539418049798215;0.23954913277187606;0.24861326764046565;0.6729180499424972;0.3028542208789051;0.25441923918016573;0.3028885166546054;0.0;0.0;0.3545123614024724;0.5674331692110952;0.0;0.5189077929965497;0.0;0.19882263441888678;0.2646540126442479;0.2733488007720709;0.40807436696570143;0.1953270838771959;0.2488739764302259;0.23938618220055097;0.37847023569007615;0.4080766923207561;0.27757393639761;0.0;0.0;0.28418067186319784;0.0;0.0;0.0;0.37642084218281097;0.0;0.0;0.0;0.21539418298741156;0.33037815240730267;0.0;0.2934324046428093;0.0;0.3646724678128814;0.21477465120067607;0.0;0.0;0.24563107520802346;0.5461847028695158;0.0;0.0;0.36734825455635783;0.17485180497332065;0.38324088809707585;0.3764208606178663;0.0;0.27292100945459025;0.3256230147929082;0.4245319791671986;0.378466178076074;0.26787786330035074;0.273086575684025;0.0;0.1535016209061442;0.0;0.0;0.3407923496046253;0.0;0.0;0.28239156510942387;0.2730623379286068;0.0;0.15996362141783027;0.0;0.0;0.0;0.2823883929876439;0.31344215475928366;0.37820018557239904;0.35295782720981406
GO:2000503;0.20975006909726873;0.347719590118036;0.15122914945760582;0.20643547470875429;0.18441659477211936;0.23411079112424432;0.22074269069659752;0.20119913258516545;0.20119913258516545;0.0;0.0;0.0;0.0;0.20114983322417204;0.2820734990054749;0.19520495421779546;0.2450971883814651;0.20270530566682804;0.3191492390628546;0.0;0.0;0.2691319989866441;0.28204880520613734;0.23947805181999934;0.22439086391733185;0.21191079856788422;0.2108561047797101;0.21968354586792924;0.22935348213681872;0.2934925665745991;0.12713694213636248;0.271543510025949;0.347719567435026;0.2293409734231707;0.0;0.1515110465772844;0.23974912543097934;0.0;0.34771960616523606;0.2107414423539242;0.3191558160534945;0.335225019070224;0.21959634864982122;0.20242482300988557;0.16872464924447184;0.239478336778711;0.23947805181999934;0.30782113515068427;0.0;0.8274298156621244;0.18822717570204278;0.21959424053894908;0.20039221559944587;0.0;0.0;0.23947805181999934;0.0;0.0;0.2197222758385582;0.2288465905661836;0.20648954157893076;0.1849665867626218;0.0;0.1354853950056218;0.0;0.0;0.3232579813377992;0.0;0.22536419118510806;0.09829022101500764;0.0;0.23411564526343792;0.0;0.17210010759311906;0.2450971883814651;0.2709445354783052;0.23948012408677496;0.0;0.17555852242178493;0.0;0.2756238009573545;0.23412320310362011;0.1951761480570384;0.1363336960836923;0.2715963593173349;0.2744069058813019;0.3223203617177912;0.2750517014652018;0.0;0.2287988716585786;0.0;0.0;0.0;0.24290363040736673;0.0;0.30573252880983787;0.0;0.0;0.0;0.6208265852237088;0.21512010074364582;0.172161507420356;0.30175386688519573;0.1795981613294529;0.16929197951361377;0.23412320310362011;0.23411689615016545;0.20063414048869857;0.0;0.11314894178778859;0.3683362999667175;1.0;0.0;0.14400592355979275;0.0;0.0;0.21094121349505732;0.23737096154520196;0.0;0.0;0.0;0.5648666608503902;0.0;0.21191140439783995;0.3477195674350259;0.0;0.1853319816732609;0.22924865314377937;0.26343262182720173;0.21084465308611683;0.0;0.22598828583047073;0.2290569435310973;0.0;0.38725743257170364;0.0;0.34636116016710217;0.22934590355202078;0.2571908581375703;0.21958296873160182;0.0;0.21877512387812958;0.20359756975683402;0.16210131576982542;0.38240791215010217;0.2293304988722653;0.20560941432612403;0.18354636472571553;0.0;0.0;0.9162191268046227;0.28690396935634777;0.0;0.32213254821602955;0.0;0.20622892254777084;0.21088402799731085;0.2152502403196769;0.33382335055417744;0.2035141528888722;0.2026884990151385;0.21230640788036267;0.31914789882677314;0.3477196511926302;0.225480390589725;0.0;0.0;0.26721955952833126;0.0;0.0;0.0;0.718898009187574;0.0;0.0;0.0;0.21877512572369423;0.2528436387069093;0.0;0.31043107979142326;0.0;0.26898009870574274;0.21831547223503467;0.0;0.0;0.24037267167040044;0.280489143027786;0.0;0.0;0.3238432007965801;0.18710873071136197;0.8520211058960427;0.7188980332258809;0.0;0.172095305718025;0.23947833677871097;0.38967258598414567;0.22934573578689893;0.18345157323097713;0.21512006296362793;0.0;0.14426626871362488;0.0;0.0;0.2991083910763611;0.0;0.0;0.2196835458679292;0.21510802586154587;0.0;0.10921586004161828;0.0;0.0;0.0;0.21968200949204428;0.2341232031036201;0.22924803076898045;0.2197229974824227
GO:0071222;0.2829130567146324;0.0;0.18601008783754386;0.0;0.0;0.19421436999951322;0.0;0.0;0.0;0.16717595114822323;0.1627836173992261;0.15470487358890225;0.0;0.0;0.0;0.0;0.20724455362113553;0.0;0.0;0.4428285220222318;0.0;0.0;0.0;0.20051800096685632;0.0;0.0;0.0;0.0;0.0;0.0;0.0;0.0;0.0;0.0;0.18879916457434243;0.0;0.0;0.16723441822410953;0.0;0.0;0.0;0.12612064990398142;0.0;0.0;0.12582133179467497;0.200518338757772;0.20051800096685632;0.0;0.0;0.0;0.0;0.0;0.0;0.5056841485777507;0.13205531839848478;0.20051800096685632;0.0;0.15470487358890225;0.0;0.0;0.0;0.0;0.19406834816479418;0.0;0.19394111570393896;0.1886125217311385;0.0;0.0;0.0;0.45357118383455647;0.38483166830842674;0.1942200184095975;0.17746454157244768;0.0;0.20724455362113553;0.0;0.20052045744575966;0.17273293468242473;0.0;0.1341648743360362;0.0;0.19422881310837842;0.0;0.0;0.0;0.0;0.0;0.0;0.0;0.0;0.0;0.20093694163839848;0.39197993158818883;0.0;0.528922752301293;0.0;0.5360756427097916;0.17727778263792326;0.5360756427097916;0.0;0.0;0.0;0.0;0.0;0.0;0.19422881310837842;0.1942214739911361;0.0;0.17763634751524968;0.14782697375687734;0.0;0.0;1.0;0.08324613619453518;0.29814550712675025;0.20744174951330127;0.11012393665254835;0.0;0.5360756427097916;0.5687523026911742;0.5360756427097916;0.0;0.2008488248736532;0.0;0.0;0.17238474658890782;0.0;0.0;0.0;0.0;0.21526537934928722;0.0;0.1883842992638673;0.20777477599152205;0.0;0.18246228585669744;0.1314521981484388;0.0;0.0;0.0;0.34697635839614327;0.0;0.0;0.0;0.0;0.0;0.27544536388033786;0.0;0.18767238700580058;0.16717567412950857;0.0;0.0;0.3490958895275167;0.0;0.5687554492530302;0.0;0.0;0.0;0.0;0.0;0.0;0.0;0.0;0.0;0.0;0.17663283831907653;0.17740829413913986;0.0;0.19488101423210907;0.20118354244835804;0.3680477348437446;0.0;0.4796645796954;0.4193940945540743;0.3616594735215354;0.0;0.0;0.0;0.0;0.5360756427097916;0.0;0.0;0.47830819704938776;0.0;0.0;0.0;0.18827107604564808;0.18827003619275792;0.0;0.0;0.0;0.0;0.3714926117045993;0.0;0.200518338757772;0.0;0.0;0.0;0.0;0.4040313432033687;0.0;0.3796402384817077;0.35802027059452246;0.0;0.2009192133580702;0.17158735771215042;0.0;0.0;0.2149436270541405;0.14118438860895288;0.1949610749731922;0.4040313432033687;0.16278426326129267;0.0;0.19422881310837842;0.0;0.0
GO:0014808;0.18590849416225982;0.14494113451539073;0.14499763790645925;0.1318795383579815;0.13901064168695676;0.20117139034764106;0.1954703543781501;0.09403917062223219;0.09403917062223219;0.09050037285087746;0.08919746495969967;0.08671615138070546;0.17551633109664463;0.09401996557073192;0.14915414455337944;0.20184706950055392;0.20775428073910995;0.20755376124085895;0.16309565907498805;0.0;0.0;0.16054345863760003;0.14914453634226854;0.20440984981886606;0.16057298129609834;0.1199348275114614;0.12286338457529075;0.22006857411579542;0.2269571318578661;0.10198061910213668;0.09207892996575551;0.1450162752116375;0.1449411274876331;0.16309201014171795;0.096482347879086;0.14330962688635476;0.15957809715847035;0.09051750432945145;0.14494113948721013;0.122814732231328;0.16309804919833562;0.15814183423209097;0.12653007571646596;0.2073423629483346;0.15791265745619096;0.2044100206074661;0.20440984981886606;0.13219582506702418;0.3520029292515646;0.14398760454340717;0.1964358771377233;0.12652920118034428;0.17936931309172785;0.0906125892120938;0.07911054002356496;0.20440984981886606;0.16516429604287614;0.08671615138070546;0.22009650292480432;0.22937276912512763;0.12100039424330777;0.10759127980698074;0.20049394167760856;0.0963801288300078;0.09780753796151972;0.0964335819038739;0.13721411074832504;0.0;0.12585176443450952;0.2305388834187555;0.08924906933188076;0.20117433886741462;0.09343275110137468;0.15572919990957224;0.20775428073910995;0.11972501644150163;0.20441109181898884;0.09210443453318858;0.1246560210519235;0.16365523912804644;0.12134019186349022;0.20117892960823086;0.20182493494700893;0.15281301880572312;0.1450372486963579;0.1627828366397319;0.1788448246021015;0.19561652447059347;0.09648406825107222;0.19682444939979002;0.0;0.09955556106654527;0.0;0.20737697368881078;0.08323193187682823;0.15815996713552663;0.09347846682378688;0.09338095787729904;0.09347846682378688;0.1763746390092242;0.12466247781883893;0.1557694304998871;0.13925722561811055;0.12851596623903275;0.1812333520403308;0.20117892960823086;0.20117509868000166;0.11485088481316272;0.09348035189910718;0.5564884711894744;0.12102132561935126;0.14400592355979275;0.08324613619453518;1.0;0.0;0.0;0.17022810901996463;0.10772002066713394;0.09347846682378688;0.09639291261699029;0.09347846682378688;0.19100491939496098;0.09953392560732355;0.11993509755477698;0.14494112748763308;0.09200534369037956;0.08777594749109818;0.1304855740400173;0.15809565369180478;0.21362173392594466;0.10295071730600826;0.10350145495882107;0.1980819959365123;0.0;0.10853938790907905;0.09479983780479921;0.1621540874958835;0.13052493770055548;0.15074958700851213;0.1896672301639387;0.0;0.12297363117177748;0.18157531039072855;0.14907040706367894;0.12465854537151369;0.22694095824750682;0.18321821905590716;0.16309467158092403;0.09618722491432144;0.09050029166834941;0.14081470632578288;0.13473710941020473;0.0;0.13843534844246103;0.09639318538274996;0.11738767237627934;0.2136507787612565;0.15583742245722093;0.1683584623999657;0.11616032470126607;0.20754109850956384;0.17104163253184312;0.16309517202054621;0.14494115343780967;0.19621705896652816;0.12717893395859275;0.09341715762367095;0.17118820314870595;0.098046013487659;0.09961605852616838;0.0;0.16693673728936273;0.08803024321644708;0.09346776557764212;0.0;0.1229736319832165;0.15346819301873396;0.0;0.17394196848598692;0.09347846682378688;0.16047860197535058;0.12277144370964632;0.07087903714796118;0.0;0.13226953764294808;0.1326086843869829;0.0;0.0;0.13741089774660278;0.1085976489479496;0.14733608438968043;0.16693674149561502;0.09476226550649737;0.15572605327585196;0.20441002060746608;0.13692769335899868;0.13052486980323852;0.13973084182346354;0.216758348913403;0.0;0.1598948671451538;0.0;0.0;0.15567808218343845;0.09955120898107027;0.18807130118441487;0.22006857411579542;0.18686832320055224;0.10287706762921629;0.5942986592325668;0.09806627406323756;0.0;0.08919765887971279;0.2200674661533827;0.20117892960823083;0.13048532209278912;0.1265826065380799
GO:0001975;0.2140180237395429;0.0;0.12833917463828848;0.0;0.0;0.0;0.0;0.0;0.0;0.0;0.0;0.0;0.0;0.0;0.0;0.0;0.0;0.0;0.0;0.42218917865139466;0.0;0.0;0.0;0.0;0.0;0.0;0.0;0.0;0.0;0.0;0.0;0.0;0.0;0.0;0.0;0.0;0.0;0.0;0.0;0.0;0.0;0.0;0.0;0.0;0.0;0.0;0.0;0.0;0.0;0.0;0.0;0.0;0.0;0.36072329923268315;0.0;0.0;0.0;0.0;0.0;0.0;0.0;0.0;0.0;0.0;0.0;0.0;0.0;0.0;0.0;0.24734798849798992;0.27866158993014173;0.0;0.0;0.0;0.0;0.0;0.0;0.0;0.0;0.0;0.0;0.0;0.0;0.0;0.0;0.0;0.0;0.0;0.0;0.0;0.0;0.0;0.6117062592368419;0.0;0.41502373806512;0.0;0.389011556364612;0.0;0.389011556364612;0.0;0.0;0.0;0.0;0.0;0.0;0.0;0.0;0.0;0.0;0.0;0.0;0.0;0.29814550712675025;0.0;1.0;0.28527520918886223;0.0;0.0;0.389011556364612;0.42053831692014165;0.389011556364612;0.0;0.0;0.0;0.0;0.0;0.0;0.0;0.0;0.0;0.0;0.0;0.0;0.2859054059620425;0.0;0.0;0.0;0.0;0.0;0.0;0.2227081311553896;0.0;0.0;0.0;0.0;0.0;0.20683209818618886;0.0;0.0;0.0;0.0;0.0;0.48056135754863766;0.0;0.42054141023929614;0.0;0.0;0.0;0.0;0.0;0.0;0.0;0.0;0.0;0.0;0.0;0.0;0.0;0.0;0.0;0.40534366903385277;0.0;0.46963882861098827;0.4664863718778354;0.4040101972404414;0.0;0.0;0.0;0.0;0.389011556364612;0.0;0.0;0.3039394172182798;0.0;0.0;0.0;0.2502347880581133;0.25023295109990495;0.0;0.0;0.0;0.0;0.23983555281647734;0.0;0.0;0.0;0.0;0.0;0.0;0.2724518720402678;0.0;0.5888224050263696;0.5425302209374202;0.0;0.0;0.0;0.0;0.0;0.0;0.0;0.0;0.2724518720402678;0.0;0.0;0.0;0.0;0.0
GO:0045087;0.3477278658537137;0.0;0.19239820457509874;0.0;0.0;0.0;0.0;0.0;0.0;0.25921919051581227;0.2488093360780859;0.23041804156560375;0.0;0.0;0.0;0.0;0.0;0.0;0.0;0.31578996488360744;0.0;0.0;0.0;0.0;0.0;0.0;0.0;0.0;0.0;0.0;0.0;0.0;0.0;0.0;0.0;0.0;0.0;0.2593597893444097;0.0;0.0;0.0;0.17226727226980298;0.0;0.0;0.0;0.0;0.0;0.0;0.0;0.0;0.0;0.0;0.0;0.26014196342712925;0.0;0.0;0.0;0.23041804156560375;0.0;0.0;0.0;0.0;0.0;0.0;0.0;0.0;0.0;0.0;0.0;0.16731567556065208;0.3348249727067596;0.0;0.0;0.0;0.0;0.0;0.0;0.272828861174484;0.0;0.18763369431425225;0.0;0.0;0.0;0.0;0.0;0.0;0.0;0.0;0.0;0.0;0.0;0.35054471155324424;0.33200481453524144;0.0;0.2073535687206923;0.0;0.2852487849682617;0.2843427592291733;0.2852487849682617;0.0;0.0;0.0;0.0;0.0;0.0;0.0;0.0;0.0;0.2852663387672028;0.0;0.0;0.0;0.20744174951330127;0.0;0.28527520918886223;1.0;0.0;0.0;0.2852487849682617;0.3142413348000266;0.2852487849682617;0.0;0.0;0.0;0.0;0.2719612258407972;0.0;0.0;0.0;0.0;0.0;0.0;0.0;0.49965710722652;0.0;0.0;0.18237041415252975;0.0;0.0;0.0;0.4557712150311998;0.0;0.0;0.0;0.0;0.0;0.33370717794385857;0.0;0.3120658533209399;0.2592185244833329;0.0;0.0;0.37260835133816456;0.0;0.3142442336720648;0.0;0.0;0.0;0.0;0.0;0.0;0.0;0.0;0.0;0.0;0.0;0.0;0.0;0.0;0.0;0.300131417466546;0.0;0.23993513082861298;0.2851491626105064;0.39733506926427875;0.0;0.0;0.0;0.0;0.2852487849682617;0.0;0.0;0.14457960981675963;0.0;0.0;0.0;0.7444452357542578;0.7444383842710921;0.0;0.0;0.0;0.0;0.2975495762442133;0.0;0.0;0.0;0.0;0.0;0.0;0.34945071118644055;0.0;0.31456998503360833;0.28578176946379025;0.0;0.0;0.2699818529608181;0.0;0.0;0.0;0.0;0.0;0.34945071118644055;0.24881084495093148;0.0;0.0;0.0;0.0
GO:0030838;0.2530030491436537;0.2694023066959511;0.182808831646559;0.20512403400432944;0.18316156542459805;0.2821338519367078;0.22091902389529083;0.1563567437347549;0.1563567437347549;0.12318628804837907;0.12078477257551168;0.11627926614536177;0.0;0.15631859190675682;0.2799649341540167;0.1937993511685535;0.29525440080644433;0.20119003187459195;0.3164525957013296;0.0;0.0;0.22247882220646562;0.5891505490895824;0.2885450509428457;0.31052823493896925;0.21071852246737116;0.20921701509437468;0.21790492203977824;0.2719235216255255;0.1635707943165361;0.12612954976920232;0.5680770431182214;0.26940228924827553;0.4049109090286636;0.13454063629051102;0.15066290146982111;0.2739803297170991;0.12321803109020178;0.2694023190393896;0.20910412791912164;0.40418858095591725;0.23775469637521593;0.2178191307798108;0.2009137240450601;0.20382598651125977;0.28854539125906614;0.2885450509428457;0.23866708633699904;0.0;0.2109073272806904;0.18691992925533774;0.21781705665305476;0.16600534980161755;0.12339429350012178;0.10300094205431279;0.2885450509428457;0.0;0.11627926614536177;0.21794302735586937;0.22899721578517665;0.20491738283005742;0.1840575780965875;0.13719512392558547;0.1343419528805511;0.1371315250686189;0.22803891479793492;0.2505558716249566;0.0;0.22401620517541246;0.16779720356176023;0.12087941695615438;0.28213965135678915;0.12868367501699038;0.1707359283774674;0.29525440080644433;0.21025331653149862;0.28854752577839765;0.12617741009075287;0.2009668913025313;0.10427984591513795;0.2138456352555778;0.28214868098456364;0.19377095833035357;0.13564657767148952;0.26964098061807745;0.2268025951237941;0.3573213618837655;0.2718224938087347;0.0;0.31865656832615774;0.0;0.14059258434739852;0.0;0.2009589485241177;0.1100990806240788;0.3032569686999579;0.12877041002107945;0.12858544804357172;0.12877041002107945;0.27457822215640504;0.213414316577079;0.17079635850044508;0.19943226634417477;0.17811303649658872;0.16823377621077365;0.28214868098456364;0.282141145837208;0.1995650600556336;0.12877398720285646;0.19298439193006026;0.20496542943182458;0.21094121349505732;0.11012393665254835;0.17022810901996463;0.0;0.0;1.0;0.1843284041074182;0.12877041002107945;0.13436679167562052;0.12877041002107945;0.1515882958792054;0.23839149245740587;0.2107191214993193;0.26940228924827553;0.12599151717294138;0.14407342901363984;0.22731245605188619;0.21780554154248086;0.20920574074348053;0.14746013555416598;0.17553071093011502;0.2760947075144261;0.0;0.1773254015985428;0.13129132204624744;0.24560195869523535;0.22740807033216467;0.2235714179105283;0.17431065812525476;0.0;0.21750458664661274;0.16864403394294278;0.1608904882700396;0.213405093250109;0.22739292486436544;0.2480464077470083;0.18199550748773863;0.13396745693840015;0.12318613763501261;0.2050721424743193;0.190289956677737;0.0;0.2175870924340709;0.1343673216855734;0.20509955493613552;0.2092445058488008;0.2135423998507484;0.3308741750277556;0.20241424396591462;0.20117347554149945;0.13211508636003452;0.3164512780180983;0.2694023536742711;0.1866443220882062;0.21752279603047203;0.21821532842190325;0.18960837530404817;0.23339013580810436;0.2386693630354422;0.0;0.2552127079192336;0.11865435457518998;0.12875010401184714;0.0;0.2175045884708034;0.20911861699269615;0.0;0.34423586431126757;0.12877041002107945;0.22235429075828025;0.2481985593465935;0.0894722305100525;0.0;0.2388397753470806;0.1860720575333811;0.0;0.0;0.25102761306858745;0.18617859815322196;0.21713917110023376;0.25521271639481174;0.131219268001535;0.1707312023252892;0.2885453912590661;0.19468879714881335;0.2274079053900909;0.2564853809257695;0.29780036470167137;0.0;0.14349708969583444;0.0;0.0;0.37900107232445346;0.14058390507397145;0.12556503970035043;0.2179049220397782;0.1707864987854545;0.14730908335675122;0.18632192469484618;0.13764067904644553;0.0;0.12078512815959658;0.21790341044101744;0.2821486809845636;0.2273118441456319;0.2179437373597019
GO:0070374;0.17482473899610743;0.5457229782663301;0.1321891535859791;0.3225065332218749;0.3108597173899998;0.19142722836940973;0.21846770661386855;0.8240430016032697;0.8240430016032697;0.0;0.0;0.0;0.0;0.7855082598013453;0.2364279775106134;0.16460211233668998;0.1987103878368997;0.16990317024865323;0.2619328115069712;0.0;0.0;0.1848398076761765;0.23641062879892014;0.1950008264351158;0.18487894339684427;0.4673265305398783;0.3123365747368681;0.18167160092218124;0.18823467671395747;0.19798629667722661;0.10553080849099743;0.2289852423697251;0.5457229482429704;0.1882262510237755;0.0;0.2623876011314173;0.37761426170758733;0.0;0.5457229995064939;0.1755129111521221;0.2619372416505507;0.23169620011945746;0.18161196451314923;0.1697060750702549;0.1453646483765528;0.19500101537485587;0.1950008264351158;0.20628429653145844;0.0;0.2373374749292308;0.15961272817853026;0.1816105226207499;0.25730980790383867;0.0;0.0;0.1950008264351158;0.0;0.0;0.1816980867131144;0.15037132429708647;0.17255375021740013;0.6825157067736705;0.0;0.11121935611106368;0.0;0.0;0.2151061399111875;0.0;0.5459944137558063;0.08485849917993206;0.0;0.1914304738210444;0.0;0.2135880248694587;0.1987103878368997;0.33928329627023696;0.19500220043418046;0.0;0.26592534670351925;0.0;0.1874761326634729;0.19143552690392837;0.16458162976118434;0.35390309864383246;0.22902282282647538;0.3353465982166532;0.23628496017070694;0.18817678703321625;0.0;0.18786094067446477;0.0;0.0;0.0;0.3030711501032019;0.0;0.25282689316287055;0.0;0.0;0.0;0.2325748302393701;0.17853950056590004;0.14288585160426787;0.20291450349897416;0.14797102222658434;0.258668906966258;0.19143552690392837;0.19143131015327775;0.4933145497086987;0.0;0.09570953412155214;0.24017565775463262;0.23737096154520196;0.0;0.10772002066713394;0.0;0.0;0.1843284041074182;1.0;0.0;0.0;0.0;0.15970210951365224;0.0;0.46732769734139074;0.5457229482429703;0.0;0.7649101708060277;0.18816406031104244;0.18160251745782816;0.175584493765272;0.0;0.8720575991764201;0.18803488820281464;0.0;0.21231010234745962;0.0;0.23829535010971234;0.1882295719075611;0.19490952290181288;0.14533718400360265;0.0;0.7910198894802347;0.2608528939104789;0.13588663200168757;0.24844912119487128;0.18821919538969553;0.17193871146158157;0.1506407750826823;0.0;0.0;0.23155148626861635;0.19527511159445982;0.0;0.21505225116350593;0.0;0.5053693167336862;0.17561179945555452;0.1786291342730954;0.27173625803880663;0.4024419462424789;0.16989136269958105;0.1413997533910364;0.2619319087438379;0.5457230591050035;0.2846327710669493;0.0;0.0;0.1615689295959768;0.0;0.0;0.0;0.21852945504869903;0.0;0.0;0.0;0.7910198952841285;0.17552311887122113;0.0;0.228934919071164;0.0;0.32988162118772596;0.4019286138559422;0.0;0.0;0.206413290480999;0.19170619518407317;0.0;0.0;0.5137764561028559;0.4638340170917456;0.24347386261138326;0.21852946126289155;0.0;0.14284024750335497;0.19500101537485584;0.19896712935646674;0.1882294589031314;0.15616544573265537;0.17853947454221353;0.0;0.2513567450176742;0.0;0.0;0.24827990372919892;0.0;0.0;0.1816716009221812;0.1428789509590549;0.0;0.09288025770019154;0.0;0.0;0.0;0.18167055022628906;0.19143552690392834;0.18816364102348326;0.1816985801995363
GO:0071347;0.3625238695627996;0.0;0.21739901988211902;0.0;0.0;0.2608221027483228;0.0;0.0;0.0;0.21427945789442512;0.20711628201426788;0.19421240114865745;0.0;0.0;0.0;0.0;0.28487605156415396;0.0;0.0;0.42215469565099173;0.0;0.0;0.0;0.27231893750938213;0.0;0.0;0.0;0.0;0.0;0.0;0.0;0.0;0.0;0.0;0.25114806589690253;0.0;0.0;0.21437552343795613;0.0;0.0;0.0;0.15119450462358866;0.0;0.0;0.1507645449316654;0.27231956052248846;0.27231893750938213;0.0;0.0;0.0;0.0;0.0;0.0;0.648584764059208;0.15980400676822254;0.27231893750938213;0.0;0.19421240114865745;0.0;0.0;0.0;0.0;0.2605588142471234;0.0;0.260329515064475;0.2508179023502001;0.0;0.0;0.0;0.44474436760479596;0.4897780371105831;0.26083228999012376;0.23148095680631744;0.0;0.28487605156415396;0.0;0.2723234681947007;0.22349538994088114;0.0;0.16290367248677912;0.0;0.26084815215431567;0.0;0.0;0.0;0.0;0.0;0.0;0.0;0.0;0.0;0.27309219922594347;0.4392413500914082;0.0;0.5358805012879092;0.0;0.8500760257638476;0.23116330622737005;0.8500760257638476;0.0;0.0;0.0;0.0;0.0;0.0;0.26084815215431567;0.2608349152504882;0.0;0.2317733542224166;0.18349476984731897;0.0;0.0;0.5360756427097916;0.09347846682378688;0.389011556364612;0.2852487849682617;0.12877041002107945;0.0;1.0;0.9189633441283837;0.8500760257638476;0.0;0.27292946115144917;0.0;0.0;0.2229128260571738;0.0;0.0;0.0;0.0;0.3002543026038131;0.0;0.250414478901203;0.285878864871299;0.0;0.24005765558482708;0.15892163652492147;0.0;0.0;0.0;0.22269202636445548;0.0;0.0;0.0;0.0;0.0;0.35035249007309666;0.0;0.2491581138134331;0.2142790027781362;0.0;0.0;0.48051668058604485;0.0;0.7561296857323516;0.0;0.0;0.0;0.0;0.0;0.0;0.0;0.0;0.0;0.0;0.2300679095817759;0.2313852664507475;0.0;0.26202584013286373;0.2735479054377243;0.40531188280132296;0.0;0.606395148588572;0.5471672855585241;0.40397075092425255;0.0;0.0;0.0;0.0;0.8500760257638476;0.0;0.0;0.3906382932310713;0.0;0.0;0.0;0.25021445632340444;0.25021261966369096;0.0;0.0;0.0;0.0;0.4062526243559041;0.0;0.27231956052248846;0.0;0.0;0.0;0.0;0.27242776990484624;0.0;0.4208546673762415;0.3895725984697548;0.0;0.27305945370791057;0.2215812861456383;0.0;0.0;0.2996287043218265;0.17336979634298377;0.26217059402975;0.27242776990484624;0.20711732757036647;0.0;0.26084815215431567;0.0;0.0
GO:0071345;0.38948313959791425;0.0;0.2268137939988853;0.0;0.0;0.28485266770657885;0.0;0.0;0.0;0.2302365639875346;0.22198733558874748;0.20722993599150913;0.0;0.0;0.0;0.0;0.3137890420197943;0.0;0.0;0.45954049633492067;0.0;0.0;0.0;0.29862151020945604;0.0;0.0;0.0;0.0;0.0;0.0;0.0;0.0;0.0;0.0;0.2733531943342262;0.0;0.0;0.2303474737196733;0.0;0.0;0.0;0.1589685395794375;0.0;0.0;0.15849329781252355;0.2986222593853004;0.29862151020945604;0.0;0.0;0.0;0.0;0.0;0.0;0.6970366603300284;0.16851410854410864;0.29862151020945604;0.0;0.20722993599150913;0.0;0.0;0.0;0.0;0.28453865783527466;0.0;0.28426523275203963;0.27296211283067123;0.0;0.0;0.0;0.46700407994197807;0.524995024328263;0.28486481864936075;0.25021483173264997;0.0;0.3137890420197943;0.0;0.2986269583848946;0.2409103864548705;0.0;0.17196452448227242;0.0;0.28488373859126775;0.0;0.0;0.0;0.0;0.0;0.0;0.0;0.0;0.0;0.2995516155199611;0.4798603633716523;0.0;0.5685326512713879;0.0;0.9189633441283837;0.2498437265808128;0.9189633441283837;0.0;0.0;0.0;0.0;0.0;0.0;0.28488373859126775;0.28486794997121156;0.0;0.250556506959122;0.1950723757282805;0.0;0.0;0.5687523026911742;0.09639291261699029;0.42053831692014165;0.3142413348000266;0.13436679167562052;0.0;0.9189633441283837;1.0;0.9189633441283837;0.0;0.299355826270412;0.0;0.0;0.24023363489339727;0.0;0.0;0.0;0.0;0.3325500677622358;0.0;0.27248437773192646;0.31500617755485083;0.0;0.2602660787569507;0.1675332251611207;0.0;0.0;0.0;0.23997720860305805;0.0;0.0;0.0;0.0;0.0;0.3754691774118194;0.0;0.27099745565221933;0.2302360385636349;0.0;0.0;0.5295544071955632;0.0;0.8228077659229073;0.0;0.0;0.0;0.0;0.0;0.0;0.0;0.0;0.0;0.0;0.24856462735178983;0.25010302982851623;0.0;0.2862890440840988;0.3000999933793347;0.4396526766940718;0.0;0.6485437753624209;0.5914942903087839;0.44749011254395227;0.0;0.0;0.0;0.0;0.9189633441283837;0.0;0.0;0.40770744221159233;0.0;0.0;0.0;0.27224756077752954;0.27224538641668655;0.0;0.0;0.0;0.0;0.44041440967375123;0.0;0.2986222593853004;0.0;0.0;0.0;0.0;0.29875238663947407;0.0;0.4580004325695414;0.4211940579495972;0.0;0.2995122177570375;0.23868784604581866;0.0;0.0;0.33178282317972424;0.18366912443079525;0.2864618560034378;0.29875238663947407;0.22198853667836088;0.0;0.28488373859126775;0.0;0.0
GO:0071346;0.3625238695627996;0.0;0.21739901988211902;0.0;0.0;0.2608221027483228;0.0;0.0;0.0;0.21427945789442512;0.20711628201426788;0.19421240114865745;0.0;0.0;0.0;0.0;0.28487605156415396;0.0;0.0;0.42215469565099173;0.0;0.0;0.0;0.27231893750938213;0.0;0.0;0.0;0.0;0.0;0.0;0.0;0.0;0.0;0.0;0.25114806589690253;0.0;0.0;0.21437552343795613;0.0;0.0;0.0;0.15119450462358866;0.0;0.0;0.1507645449316654;0.27231956052248846;0.27231893750938213;0.0;0.0;0.0;0.0;0.0;0.0;0.648584764059208;0.15980400676822254;0.27231893750938213;0.0;0.19421240114865745;0.0;0.0;0.0;0.0;0.2605588142471234;0.0;0.260329515064475;0.2508179023502001;0.0;0.0;0.0;0.44474436760479596;0.4897780371105831;0.26083228999012376;0.23148095680631744;0.0;0.28487605156415396;0.0;0.2723234681947007;0.22349538994088114;0.0;0.16290367248677912;0.0;0.26084815215431567;0.0;0.0;0.0;0.0;0.0;0.0;0.0;0.0;0.0;0.27309219922594347;0.4392413500914082;0.0;0.5358805012879092;0.0;0.8500760257638476;0.23116330622737005;0.8500760257638476;0.0;0.0;0.0;0.0;0.0;0.0;0.26084815215431567;0.2608349152504882;0.0;0.2317733542224166;0.18349476984731897;0.0;0.0;0.5360756427097916;0.09347846682378688;0.389011556364612;0.2852487849682617;0.12877041002107945;0.0;0.8500760257638476;0.9189633441283837;1.0;0.0;0.27292946115144917;0.0;0.0;0.2229128260571738;0.0;0.0;0.0;0.0;0.3002543026038131;0.0;0.250414478901203;0.285878864871299;0.0;0.24005765558482708;0.15892163652492147;0.0;0.0;0.0;0.22269202636445548;0.0;0.0;0.0;0.0;0.0;0.35035249007309666;0.0;0.2491581138134331;0.2142790027781362;0.0;0.0;0.48051668058604485;0.0;0.7561296857323516;0.0;0.0;0.0;0.0;0.0;0.0;0.0;0.0;0.0;0.0;0.2300679095817759;0.2313852664507475;0.0;0.26202584013286373;0.2735479054377243;0.40531188280132296;0.0;0.606395148588572;0.5471672855585241;0.40397075092425255;0.0;0.0;0.0;0.0;0.8500760257638476;0.0;0.0;0.3906382932310713;0.0;0.0;0.0;0.25021445632340444;0.25021261966369096;0.0;0.0;0.0;0.0;0.4062526243559041;0.0;0.27231956052248846;0.0;0.0;0.0;0.0;0.27242776990484624;0.0;0.4208546673762415;0.3895725984697548;0.0;0.27305945370791057;0.2215812861456383;0.0;0.0;0.2996287043218265;0.17336979634298377;0.26217059402975;0.27242776990484624;0.20711732757036647;0.0;0.26084815215431567;0.0;0.0
GO:2000502;0.20975189277069128;0.2339447679202178;0.15123009746736793;0.1720741653898043;0.18441800452303347;0.23411306300821547;0.220744374313542;0.13536575273887452;0.13536575273887452;0.0;0.0;0.0;0.0;0.1353325842245308;0.20270638876440927;0.27163683056918037;0.24509967850067535;0.28207400836993207;0.22935036933413785;0.0;0.0;0.2243353013457141;0.20268864291816058;0.2394804290697574;0.2243929510663053;0.1522850714132551;0.16875014134498942;0.3057002467846726;0.3191565572975945;0.1974367354229684;0.12713807499826912;0.19513916492813;0.23394475265902875;0.22934315367419647;0.0;0.18176856635712293;0.17229062044241356;0.0;0.2339447787168164;0.16865837511604234;0.2293550958049815;0.2365593543507323;0.17574510511745234;0.2816837002281678;0.16872582929111335;0.23948071403412655;0.2394804290697574;0.2070834147693368;0.0;0.4783715763382507;0.2619268494022115;0.17574341796035012;0.29784926483970536;0.0;0.0;0.2394804290697574;0.0;0.0;0.3057541418971515;0.27454928845351195;0.16525550947212567;0.13292209484713524;0.0;0.1354866815319195;0.0;0.0;0.21746846789386517;0.0;0.1619531233622205;0.09829089811560257;0.0;0.23411791724162268;0.0;0.21504573968567245;0.24509967850067535;0.18229040050244616;0.23948250137767532;0.0;0.12616116476622483;0.0;0.18542285977048678;0.23412547522849825;0.2715967451238798;0.1897142563812834;0.19517714429292035;0.27440950760697824;0.24301086198513203;0.27505431543226244;0.0;0.2288010416146568;0.0;0.0;0.0;0.36103585060138543;0.0;0.2197086246603508;0.0;0.0;0.0;0.39210586852578694;0.17216268820325256;0.21512246182831996;0.3017570130214546;0.17959983200728505;0.2355774603414513;0.23412547522849825;0.23411916815262887;0.14418129871376567;0.0;0.11314983908024713;0.2477856388751152;0.5648666608503902;0.0;0.19100491939496098;0.0;0.0;0.1515882958792054;0.15970210951365224;0.0;0.0;0.0;1.0;0.0;0.15228550678248154;0.23394475265902875;0.0;0.1246903683425549;0.1834700121949912;0.21958453542034972;0.2934003937864211;0.0;0.15204385653506;0.229059118385129;0.0;0.24913091601907258;0.0;0.2444178889780022;0.1835478434187156;0.193906664038021;0.2634355378555315;0.0;0.15721800116238716;0.3026135172461555;0.20255175774200015;0.25726872159482883;0.31912457465991184;0.205611166708034;0.2293484165802597;0.0;0.0;0.5211180632040772;0.28690682231486475;0.0;0.2167175671679511;0.0;0.148201890108647;0.29345518633281886;0.21525216089008403;0.23989573791081145;0.14625096863381468;0.2820506209236871;0.3152676837973375;0.22934940619048932;0.2339448090113662;0.33513890042278055;0.0;0.0;0.2672216746661528;0.0;0.0;0.0;0.436179481476856;0.0;0.0;0.0;0.15721800248867085;0.2107580004371237;0.0;0.23404696036206615;0.0;0.2689825985424741;0.1568876803231834;0.0;0.0;0.17273872192143389;0.28049186983452;0.0;0.0;0.21788067901777716;0.13446150719796054;0.4925889160866599;0.4361794960618129;0.0;0.21503973950356672;0.23948071403412652;0.3896765512603298;0.18354770915331745;0.1468178679409545;0.29934988365480086;0.0;0.20075284156200074;0.0;0.0;0.21494827690165264;0.0;0.0;0.3057002467846726;0.25806686331726414;0.0;0.10921669603785956;0.0;0.0;0.0;0.30569810882407916;0.23412547522849822;0.18346951409742132;0.1758464643397635
GO:0030036;0.2486323220704056;0.0;0.14002949349571103;0.0;0.0;0.3141487185013535;0.0;0.0;0.0;0.24900536341970644;0.23938446777155964;0.22231230234566632;0.0;0.0;0.0;0.0;0.34971473933666786;0.0;0.0;0.0;0.0;0.0;0.0;0.3309790165629356;0.0;0.0;0.0;0.0;0.0;0.0;0.0;0.0;0.0;0.0;0.3002200840046927;0.0;0.0;0.24913509793214297;0.0;0.0;0.0;0.16769598932805743;0.0;0.0;0.16716721993174996;0.3309799368909279;0.3309790165629356;0.0;0.0;0.0;0.0;0.0;0.0;0.2498567308425474;0.17835357579516503;0.3309790165629356;0.0;0.22231230234566632;0.0;0.0;0.0;0.0;0.3137668410029584;0.0;0.3134343904806841;0.9031795033136455;0.0;0.0;0.0;0.16300011522685529;0.23975651380128;0.3141634973936398;0.27254011514687554;0.0;0.34971473933666786;0.0;0.3309857094067451;0.2615377335560153;0.0;0.18222331852673077;0.0;0.3141865095109164;0.0;0.0;0.0;0.0;0.0;0.0;0.0;0.0;0.0;0.33212199350087596;0.0;0.0;0.2007661590261137;0.0;0.27292946115144917;0.27209989056744543;0.27292946115144917;0.0;0.0;0.0;0.0;0.0;0.0;0.3141865095109164;0.3141673059642604;0.0;0.27294553142223044;0.2083801562257321;0.0;0.0;0.2008488248736532;0.09953392560732355;0.0;0.0;0.23839149245740587;0.0;0.27292946115144917;0.299355826270412;0.27292946115144917;0.0;1.0;0.0;0.0;0.2607403220769113;0.0;0.0;0.0;0.0;0.37317819426169485;0.0;0.29917241609670087;0.0;0.0;0.28450790921103347;0.17725517483283126;0.0;0.0;0.0;0.0;0.0;0.0;0.0;0.0;0.0;0.2389863690254897;0.0;0.29738091929374005;0.2490047488395194;0.0;0.0;0.0;0.0;0.2993584570088107;0.0;0.0;0.0;0.0;0.0;0.0;0.0;0.0;0.0;0.0;0.45894734120653335;0.4620411507525463;0.0;0.5358048589168533;0.5644689301418278;0.0;0.0;0.23115872335863114;0.2728382565823741;0.0;0.0;0.0;0.0;0.0;0.27292946115144917;0.0;0.0;0.14134588639664986;0.0;0.0;0.0;0.0;0.0;0.0;0.0;0.0;0.0;0.2841697688977716;0.0;0.3309799368909279;0.0;0.0;0.0;0.0;0.0;0.0;0.0;0.0;0.0;0.33207356318610864;0.2589203678521149;0.0;0.0;0.37221229936748695;0.19541966702407332;0.31610706378382997;0.0;0.2393858644972932;0.0;0.3141865095109164;0.0;0.0
GO:0045080;0.2094446210579341;0.2709868017121255;0.15107030186969317;0.4742961444674968;0.4714958473357363;0.23373033679068686;0.18376353111403299;0.3961696824314779;0.3961696824314779;0.0;0.0;0.0;0.0;0.396072685961305;0.28167650821329815;0.19494037322195165;0.24468021991794192;0.20242001695308753;0.3186411227282524;0.0;0.0;0.22398385275069846;0.2816518838702163;0.23907996763654363;0.22404132195901397;0.8844211260489903;0.5360211545940494;0.21934850466001346;0.22898832088388765;0.16438288078924596;0.1269472053952643;0.27117558651976154;0.2709867840586087;0.22897585196852083;0.0;0.3874551318808024;0.5708166409149437;0.0;0.27098681420118736;0.21043310224345813;0.3186476787929431;0.20256218558928943;0.2192615731568738;0.24250724111159502;0.16852694595179163;0.2390802516486688;0.23907996763654363;0.30742194348306295;0.0;0.21187720578329683;0.18798116008943486;0.21925947146871796;0.1668418518567662;0.0;0.0;0.23907996763654363;0.0;0.0;0.21938711657554244;0.18285554689364167;0.2869369289478877;0.4666383183796254;0.0;0.1352699431099336;0.0;0.0;0.2519258659651692;0.0;0.5684397702421947;0.0981767785591685;0.0;0.2337351751655771;0.0;0.2569499437812067;0.24468021991794192;0.32853265375591495;0.2390820330195607;0.0;0.3941340551790881;0.0;0.21484279009767782;0.23374270846026687;0.19491164509032827;0.29582437134952716;0.27122829267967913;0.2283668989247188;0.28147353349692683;0.22890265662961723;0.0;0.2284354728986159;0.0;0.0;0.0;0.20218610112961818;0.0;0.3052662046726563;0.0;0.0;0.0;0.27622437255978705;0.21479882428032704;0.17190438800788904;0.20094463474966953;0.22406323698409578;0.23533261530091257;0.23374270846026687;0.23373642198987177;0.6711607310694787;0.0;0.11299863443633962;0.20624215625844236;0.21191140439783995;0.0;0.11993509755477698;0.0;0.0;0.2107191214993193;0.46732769734139074;0.0;0.0;0.0;0.15228550678248154;0.0;1.0;0.2709867840586087;0.0;0.3649491462039798;0.22888382535247984;0.21924780334793537;0.21053601110339296;0.0;0.4449376106163887;0.22869272517579795;0.0;0.17828020510147027;0.0;0.20928311904294972;0.4070140283237335;0.3501872051715748;0.17546490836392506;0.0;0.5518382058511382;0.16950740919233387;0.2022652049287441;0.21478948089665875;0.2289654107422479;0.2053158984521931;0.273833154003657;0.0;0.0;0.20598897937158261;0.19166636576711787;0.0;0.2518456444129027;0.0;0.6898571141504531;0.2105752708114068;0.2578492758769596;0.3332674755276443;0.6254359430245419;0.20240325757372502;0.18511504552862196;0.3186397867563347;0.27098684924467853;0.18770241687337058;0.0;0.0;0.1907004419498004;0.0;0.0;0.0;0.256634245457018;0.0;0.0;0.0;0.5518382105013059;0.21044777608117565;0.0;0.2711050136620286;0.0;0.223857631214361;0.6114683967516428;0.0;0.0;0.3076455395617359;0.187387913920752;0.0;0.0;0.25240278521657167;0.4720375248847549;0.2181673516015904;0.25663425402727724;0.0;0.1718383838615544;0.23908025164866878;0.19612981826323736;0.4070137310694751;0.2549642545903152;0.2147987866130719;0.0;0.36894682105970894;0.0;0.0;0.29866204045443906;0.0;0.0;0.21934850466001343;0.17189439995324388;0.0;0.10907581404344457;0.0;0.0;0.0;0.21934697296681802;0.23374270846026685;0.22888320495700462;0.47403554730127223
GO:0014068;0.29975642895946786;0.8976623028373726;0.19301498810699683;0.27390653747380606;0.2505657462613586;0.35211951194130775;0.3485660677640815;0.44654284344950657;0.44654284344950657;0.0;0.0;0.0;0.0;0.44641235643734783;0.39738694926253465;0.27090845764627397;0.37757546703976974;0.2855728880734741;0.47515102191021774;0.0;0.0;0.33045641895416056;0.39733794035733555;0.3644034644741684;0.3305815263977782;0.2709857933681964;0.3020204775455249;0.3204650314368089;0.3414664912092833;0.2996024889860956;0.18365131179674182;0.376801856093789;0.8976622216028247;0.34143876525006284;0.0;0.1934744245370156;0.3182392107210568;0.0;0.8976623603071304;0.30178528722126663;0.47516560022445514;0.35487687251915;0.32027951184068076;0.28501651752646473;0.22245558866785828;0.3644041242794228;0.3644034644741684;0.3190301659265515;0.0;0.34764771427642893;0.25765279506859345;0.32027502748942577;0.39197307679240645;0.0;0.0;0.3644034644741684;0.0;0.0;0.3205474544578331;0.2723782579586527;0.2931413759970977;0.2284332969040944;0.0;0.20159517385404696;0.0;0.0;0.34063555516051097;0.0;0.29338196315823717;0.1289736965261515;0.0;0.3521304932495464;0.0;0.24864323389850918;0.37757546703976974;0.3462622278677205;0.36440826270554233;0.0;0.21425342644576464;0.0;0.27617951207025593;0.35214759148002966;0.2708529792392635;0.16939371337057216;0.3769036259465102;0.6072311377745928;0.3969830813513017;0.34127603753283847;0.0;0.34023859820165664;0.0;0.0;0.0;0.5090651239113517;0.0;0.4460111295796808;0.0;0.0;0.0;0.386620982153326;0.310845808874144;0.24877141590761342;0.3930490732339631;0.2646034070268181;0.22344284701742137;0.35214759148002966;0.3521333231134511;0.25281507963514027;0.0;0.15582451618728094;0.40807654450472375;0.3477195674350259;0.0;0.14494112748763308;0.0;0.0;0.26940228924827553;0.5457229482429703;0.0;0.0;0.0;0.23394475265902875;0.0;0.2709867840586087;1.0;0.0;0.4051717321062282;0.34123418014130685;0.3202501320556967;0.3019969833844072;0.0;0.5137538359129283;0.34080960165574997;0.0;0.33366779868171353;0.0;0.37059613262144114;0.3414496928600024;0.2926195447606584;0.2562977145680531;0.0;0.2823130382576521;0.40025483447370697;0.22829817592396737;0.4325502123219157;0.34141554921408623;0.29137074736448365;0.2732636307273891;0.0;0.0;0.3353724609434694;0.36536247948854517;0.0;0.3404911301066514;0.0;0.26176338162128776;0.30207776911877604;0.3111176119472656;0.5084246005883869;0.2574051044658294;0.2855395323630825;0.1966566964555097;0.47514805122850373;0.8976625215635251;0.4591096579924666;0.0;0.0;0.2627888540190908;0.0;0.0;0.0;0.3493006528926942;0.0;0.0;0.0;0.2823130413308835;0.30181546761278594;0.0;0.3766656117215239;0.0;0.5895460158803704;0.28154809382155244;0.0;0.0;0.3193388036155062;0.3530645665617603;0.0;0.0;0.8143687766356453;0.23170945215872973;0.36097400974825816;0.3493006687695149;0.0;0.24863321092742702;0.3644041242794228;0.37850350957372175;0.34144932100553843;0.24878760602269617;0.31084572998991733;0.0;0.1818151984417477;0.0;0.0;0.43205254530953274;0.0;0.0;0.3204650314368089;0.24875049903952426;0.0;0.14846165115072837;0.0;0.0;0.0;0.3204617620799853;0.35214759148002966;0.34123280120918026;0.32054899034766593
GO:0035684;0.2064362082744376;0.0;0.1255735427389438;0.0;0.0;0.2496683183645368;0.0;0.0;0.0;0.6967007608439015;0.6095672326565981;0.5728122794401925;0.0;0.0;0.0;0.0;0.27162238860883253;0.0;0.0;0.0;0.0;0.0;0.0;0.2601830575030387;0.0;0.0;0.0;0.0;0.0;0.0;0.0;0.0;0.0;0.0;0.24078990780307577;0.0;0.0;0.2821665515229631;0.0;0.0;0.0;0.20110532452210772;0.0;0.0;0.14696929612632112;0.26018362622431607;0.2601830575030387;0.0;0.0;0.0;0.0;0.0;0.0;0.20727958224156426;0.15554643342109764;0.2601830575030387;0.0;0.5728122794401925;0.0;0.0;0.0;0.0;0.24942705647276706;0.0;0.5879900236388809;0.2404864002147788;0.0;0.0;0.0;0.14373860512676642;0.20028013665528116;0.24967765292724553;0.22265303837608272;0.0;0.27162238860883253;0.0;0.26018719336385443;0.293727778237629;0.0;0.2162570332709467;0.0;0.24969218735539075;0.0;0.0;0.0;0.0;0.0;0.0;0.0;0.0;0.0;0.3559974252553092;0.0;0.0;0.17232384753653401;0.0;0.2229128260571738;0.9643975198648839;0.2229128260571738;0.0;0.0;0.0;0.0;0.0;0.0;0.24969218735539075;0.24968005844647223;0.0;0.3041916506508326;0.17790334838571584;0.0;0.0;0.17238474658890782;0.09200534369037956;0.0;0.2719612258407972;0.12599151717294138;0.0;0.2229128260571738;0.24023363489339727;0.2229128260571738;0.0;0.2607403220769113;0.0;0.0;1.0;0.0;0.0;0.0;0.0;0.28556797671820305;0.0;0.24011550272620208;0.0;0.0;0.23057684081275692;0.21111090236004987;0.0;0.0;0.0;0.0;0.0;0.0;0.0;0.0;0.0;0.1997424403425405;0.0;0.7282368084915295;0.6299016299245526;0.0;0.0;0.0;0.0;0.24023532911066928;0.0;0.0;0.0;0.0;0.0;0.0;0.0;0.0;0.0;0.0;0.22134540948750164;0.22256450607965989;0.0;0.25077108630532935;0.2613047028286123;0.0;0.0;0.19424490872124536;0.2228519827976062;0.0;0.0;0.0;0.0;0.0;0.2229128260571738;0.0;0.0;0.12663114291276306;0.0;0.0;0.0;0.23993158871504408;0.2399298999124208;0.0;0.0;0.0;0.0;0.2303546953302844;0.0;0.26018362622431607;0.0;0.0;0.0;0.0;0.0;0.0;0.0;0.0;0.0;0.6154576670440273;0.29130416008755394;0.0;0.0;0.2850020237525407;0.16836999716915482;0.2509036689375869;0.0;0.6095702044239297;0.0;0.24969218735539075;0.0;0.0
GO:0043507;0.12772482535647775;0.4051717486560425;0.1033673523433302;0.2921190806207919;0.2581930466718935;0.13636547419773418;0.16423201103337184;0.9048413318599292;0.9048413318599292;0.0;0.0;0.0;0.0;0.810001495169682;0.17405158477397176;0.12218107742005214;0.1400213741237909;0.12507782008614773;0.18749139218176658;0.0;0.0;0.13298920552562768;0.17404218247910067;0.13816924499965103;0.133009463187105;0.3649484346319278;0.22791965714879261;0.1313412387046757;0.13473757413467982;0.1522860691868805;0.18109005999733072;0.16998422302690525;0.4051717321062282;0.13473325706365746;0.0;0.2051051936814228;0.2877751441937157;0.0;0.4051717603642845;0.12809175401123268;0.18749366203915943;0.17725726683805107;0.13131006566791528;0.12497097204128829;0.11125241501112088;0.13816933985745278;0.13816924499965103;0.15714661980473205;0.0;0.1853115675724854;0.11941037408074615;0.131309311894299;0.19732770745630407;0.0;0.0;0.13816924499965103;0.0;0.0;0.13135508149163674;0.10769068621360682;0.12650840856297452;0.730637121025613;0.0;0.18807926283171467;0.0;0.0;0.1622146053318518;0.0;0.42130590885177593;0.06514342720355897;0.0;0.13636712112513413;0.0;0.15516909338744336;0.1400213741237909;0.38877596385868957;0.138169934819061;0.0;0.28817845617938265;0.0;0.14598928964325333;0.1363696853158303;0.12216979153597687;0.3215985554752949;0.170004931397614;0.2682888721256963;0.17397406433181564;0.13470791098261703;0.0;0.13454597731520776;0.0;0.0;0.0;0.2231693715628231;0.0;0.1827792455817151;0.0;0.0;0.0;0.17195435893359426;0.12969632511469778;0.10379642120489074;0.14209589040716855;0.10645398645807427;0.24361864328325633;0.1363696853158303;0.1363675455252417;0.3892329061689605;0.0;0.07135365358671089;0.2008720843404253;0.1853319816732609;0.0;0.08777594749109818;0.0;0.0;0.14407342901363984;0.7649101708060277;0.0;0.0;0.0;0.1246903683425549;0.0;0.3649491462039798;0.4051717321062282;0.0;1.0;0.13470138900935713;0.13130512699981953;0.12812987673303594;0.0;0.7041063787255318;0.13463517890666307;0.0;0.18324052653036307;0.0;0.20339595958904405;0.13473495859805384;0.1504575966426799;0.10508394416148373;0.0;0.613940390693396;0.19940478804737236;0.10005277186710398;0.20589869907849428;0.13472964188380107;0.12617750173417996;0.10782881521298651;0.0;0.0;0.1817652543924799;0.16541118486691786;0.0;0.18502541381529536;0.0;0.396699056721682;0.12814441669946974;0.12974361828478922;0.19246150798050782;0.3166911386431665;0.12507142089085782;0.11324572121809678;0.18749092963345584;0.4051717932168439;0.21300863837744116;0.0;0.0;0.1205018748941985;0.0;0.0;0.0;0.16415381616462038;0.0;0.0;0.0;0.6139403941896024;0.12809719084546778;0.0;0.1699564900854753;0.0;0.23737537731812372;0.31207966844099855;0.0;0.0;0.15722146818492033;0.16325853665537834;0.0;0.0;0.3872922589779981;0.44736258533300816;0.18903146317751268;0.16415381967106274;0.0;0.10377235386318574;0.13816933985745275;0.14014880595956958;0.13473490069780644;0.11747040447851236;0.12969631138201002;0.0;0.19830251062416104;0.0;0.0;0.18039088128969613;0.0;0.0;0.1313412387046757;0.10379277969292264;0.0;0.06976920997713791;0.0;0.0;0.0;0.13134068953587094;0.13636968531583027;0.13470117413576324;0.13135533940148675
GO:0034112;0.31140743770183205;0.3412342190940983;0.18127488143129436;0.27671218661384395;0.2481650715297522;0.38590069886784734;0.2472207876694915;0.15003632862490296;0.15003632862490296;0.0;0.0;0.0;0.0;0.1499874478657799;0.36554260307374775;0.2735894539292325;0.42515270703041524;0.2925462706270639;0.4624155913402631;0.0;0.0;0.4424722347568081;0.3654848988902184;0.4045768763818611;0.35429116264566207;0.2288828418619908;0.3929358096397333;0.3399212125880873;0.37008957169107665;0.2578130373606261;0.24097526694343324;0.3416509944947303;0.34123418014130685;0.3700488770306011;0.0;0.18178145656694134;0.2772723636377264;0.0;0.34123424665143254;0.6985390407145458;0.4624348050899383;0.26895930273084107;0.755266116693925;0.29181710151425566;0.21460488616008466;0.4045778926282697;0.4045768763818611;0.2781083236821409;0.0;0.2291929632337347;0.25691041897975014;0.7552521037256271;0.21121058079072536;0.0;0.0;0.4045768763818611;0.0;0.0;0.34003709724692854;0.36844410319236504;0.3780383248583977;0.18777158760561305;0.0;0.27284099544423407;0.0;0.0;0.5361586357945578;0.0;0.2514431691012812;0.15484140039177155;0.0;0.38591717957578164;0.0;0.326309241162211;0.42515270703041524;0.22811992951401994;0.4045842667547251;0.0;0.1745570817249359;0.0;0.41651374588957213;0.3859428412945727;0.27351875707354734;0.15578216057326355;0.34176743059674103;0.36806692707896477;0.3650671988218772;0.3698100812899973;0.0;0.368289578090809;0.0;0.0;0.0;0.29193633585145046;0.0;0.4248271903384054;0.0;0.0;0.0;0.35296152396817515;0.40800668583256167;0.3265300428909672;0.4500828177510823;0.35435964736022263;0.21575400605132436;0.3859428412945727;0.3859214266868952;0.21105382289755728;0.0;0.19522946798830237;0.37820187946165224;0.22924865314377937;0.0;0.1304855740400173;0.0;0.0;0.22731245605188619;0.18816406031104244;0.0;0.0;0.0;0.1834700121949912;0.0;0.22888382535247984;0.34123418014130685;0.0;0.13470138900935713;1.0;0.4243634919485398;0.3144356827969468;0.0;0.1756578380062401;0.3691260537200825;0.0;0.29372293949755995;0.0;0.2834599382489901;0.46240630101384506;0.2506642589190791;0.3396204519367127;0.0;0.24021078522293654;0.21659837546491803;0.29214247171055974;0.40797297589481063;0.37001480359191247;0.3001924577500796;0.3700659979939007;0.0;0.0;0.21973797121345687;0.40605547816087356;0.0;0.30111499934889185;0.0;0.21978177099358423;0.3145451222506889;0.3269036303372256;0.5073841710221093;0.21551830188395488;0.2925025328200527;0.15002735196285893;0.46241167612845635;0.341234323975521;0.2562605446110479;0.0;0.0;0.26332257137347387;0.0;0.0;0.0;0.3107785196590179;0.0;0.0;0.0;0.2402107883190502;0.3925888678533131;0.0;0.3414951414528391;0.0;0.3537176406041976;0.2394405293331472;0.0;0.0;0.27843476224389374;0.38732042468164357;0.0;0.0;0.30223999306124105;0.19085833307351033;0.23959114131763615;0.31077853714802833;0.0;0.3262919789494832;0.4045778926282697;0.42662444575735403;0.46240561904133975;0.3073703721583329;0.3265286592656304;0.0;0.16905413047245513;0.0;0.0;0.40738215269250616;0.0;0.0;0.3399212125880873;0.32649400738878204;0.0;0.1838083808131684;0.0;0.0;0.0;0.3399166163559844;0.3859428412945727;0.8221655375059197;0.42488841359459123
GO:0051928;0.28975748724426126;0.320250166365021;0.17371911545630947;0.2627510683576934;0.23421887425876858;0.35319776123391267;0.34902987999482377;0.14583482161771397;0.14583482161771397;0.0;0.0;0.0;0.0;0.14578863974747092;0.3415674232826314;0.25673634726383704;0.3857978770006872;0.2733586696943827;0.42470468665195504;0.0;0.0;0.48926321986396687;0.34151703974199765;0.368778756992288;0.3265335925634101;0.21924690092414054;0.3653681602463155;0.3142882026660088;0.33990674631462686;0.24565194701040635;0.22349014039321727;0.3206172314157878;0.3202501320556967;0.33987241841772725;0.0;0.17418428711356213;0.26325609390124205;0.0;0.32025019063731247;0.3650240186741534;0.42472089429360593;0.25575087491062265;0.3924332018278757;0.2727219095980745;0.20409575443948774;0.36877960135414345;0.368778756992288;0.26400955881385557;0.0;0.2633713254607019;0.24199351467716063;0.3924264694044109;0.20102336583579278;0.0;0.0;0.368778756992288;0.0;0.0;0.31438726633434305;0.422987840813128;0.3524533550907422;0.18123691304765674;0.0;0.25063880243845327;0.0;0.0;0.28481212908832926;0.0;0.23986209365609035;0.14742982741590374;0.0;0.3532115669534128;0.0;0.30261650372575843;0.3857978770006872;0.21854677518508173;0.36878489737339226;0.0;0.1688959389388183;0.0;0.22398931762054922;0.35323306331232385;0.2566740910045399;0.15016920177772233;0.3207197698984398;0.3381998030999973;0.5417967803456214;0.5079979312815037;0.0;0.3383877765297759;0.0;0.0;0.0;0.2728260473767966;0.0;0.39278551621155805;0.0;0.0;0.0;0.3965692530127525;0.37836355909988345;0.3028063961349598;0.40621539944437524;0.3265917656579458;0.20513481344246415;0.35323306331232385;0.35321512469850835;0.20283365535433184;0.0;0.18359254010457157;0.35259551649141296;0.26343262182720173;0.0;0.15809565369180478;0.0;0.0;0.21780554154248086;0.18160251745782816;0.0;0.0;0.0;0.21958453542034972;0.0;0.21924780334793537;0.3202501320556967;0.0;0.13130512699981953;0.4243634919485398;1.0;0.2923775330300174;0.0;0.16992624399639855;0.3390938073972872;0.0;0.27804119268913247;0.0;0.2688276242840026;0.4246968498142276;0.37980814810206415;0.6976864815468106;0.0;0.2296194991827771;0.20589796334184438;0.2730060707234271;0.3783345693410761;0.3398436753652256;0.2800233241706364;0.3398868608460281;0.0;0.0;0.25294623737155053;0.37000687608885413;0.0;0.284656117056987;0.0;0.21088200437124355;0.292472154057148;0.30312764379533796;0.46233931827110863;0.20695374543584405;0.27332048073406356;0.21657860317796165;0.4247013839853822;0.32025025874378305;0.24141683158370675;0.0;0.0;0.370411701995329;0.0;0.0;0.0;0.3518436551591207;0.0;0.0;0.0;0.2296195020118844;0.9303728851576313;0.0;0.5089662828914058;0.0;0.3260463555293286;0.22891557001761856;0.0;0.0;0.2643037210659374;0.3543866845721538;0.0;0.0;0.28566128279804265;0.18411090793056628;0.27479458704627197;0.35184367384402765;0.0;0.30260165720791676;0.36877960135414345;0.38700937122213586;0.42469627453656583;0.2902400037557705;0.3028052062569509;0.0;0.16246425994752156;0.0;0.0;0.3778264186805535;0.0;0.0;0.3142882026660088;0.4528184434866225;0.0;0.17345707207248096;0.0;0.0;0.0;0.31428427348515936;0.35323306331232385;0.42436135932873187;0.39283785190983606
GO:0034351;0.33890198832636764;0.30199701389416334;0.20852410928508183;0.2503369654057966;0.2773438705193261;0.4073969261502504;0.2763996202675178;0.14192842367252703;0.14192842367252703;0.0;0.0;0.0;0.0;0.14188468239231503;0.5083139092021202;0.7696330817185568;0.4418637839175145;0.8164450229282281;0.3931884956026402;0.0;0.0;0.3030551862060297;0.320837388114459;0.4239309441991024;0.3788400900870979;0.210535178970119;0.27354246009353905;0.5087641363910259;0.5471574166513212;0.1878850600095242;0.20861246737913375;0.30232340719376416;0.3019969833844072;0.39316728910180626;0.0;0.25080929793146595;0.2507953551510412;0.0;0.3019970354784324;0.2733014154654314;0.3932023870050896;0.24397460838041463;0.2924081321834774;0.445543399206853;0.24331237536123354;0.4239318371778859;0.4239309441991024;0.2514790877924844;0.0;0.2107975448780755;0.3980528945224121;0.29240346166414016;0.6101783215644919;0.0;0.0;0.4239309441991024;0.0;0.0;0.5089134301475853;0.39171655902913005;0.2644765126098425;0.17524269617934538;0.0;0.23207713281340783;0.0;0.0;0.2702835239134434;0.0;0.22947388287161277;0.14080550629745073;0.0;0.40741162595348895;0.0;0.3529401361921896;0.4418637839175145;0.20988950455987263;0.42393743812550766;0.0;0.1636785077160723;0.0;0.21490445039090486;0.40743451428016697;0.7694571045771719;0.25217791904622455;0.4790596087922828;0.3913753148073353;0.32051546196676745;0.3929515348928168;0.0;0.39157676744836006;0.0;0.0;0.0;0.44570324386372884;0.0;0.3656773932934426;0.0;0.0;0.0;0.3111462642936887;0.2826233461278104;0.3531468457229792;0.3707034353620529;0.3032368199030125;0.34022199258993946;0.40743451428016697;0.4074154140903692;0.1953552173038211;0.0;0.17343191491409124;0.26457653276398324;0.21084465308611683;0.0;0.21362173392594466;0.0;0.0;0.20920574074348053;0.175584493765272;0.0;0.0;0.0;0.2934003937864211;0.0;0.21053601110339296;0.3019969833844072;0.0;0.12812987673303594;0.3144356827969468;0.2923775330300174;1.0;0.0;0.16464595853861544;0.39233327871067264;0.0;0.21142259368930488;0.0;0.2558468716515713;0.3146643578879929;0.22882496193225332;0.36533497317149577;0.0;0.2200819022394877;0.624289306450024;0.3204945440770296;0.2826031350202355;0.5470634226309069;0.3282221205044745;0.3931827564525275;0.0;0.0;0.20277282152617926;0.3403121735911769;0.0;0.21619613147044947;0.0;0.20281011857891157;0.4757273379601901;0.3534965041584532;0.4252341164858811;0.19917423414718438;0.8163378699657379;0.2434827537033579;0.39318566491154355;0.30199709604248604;0.39715540976670916;0.0;0.0;0.2923976463222324;0.0;0.0;0.0;0.2778952524088895;0.0;0.0;0.0;0.2200819048384534;0.27333234433525133;0.0;0.3022013632432218;0.0;0.3783151654862811;0.21943515379104003;0.0;0.0;0.2517459754105123;0.3270536358213189;0.0;0.0;0.2710481382731809;0.28185900052745033;0.21956164309015652;0.27789526639269907;0.0;0.35292397411885607;0.4239318371778859;0.354642278724742;0.31466396328496715;0.22021684461512997;0.49141458658199677;0.0;0.2720630454510423;0.0;0.0;0.3526776822933584;0.0;0.0;0.5087641363910258;0.3531131126764325;0.0;0.16435954566852706;0.0;0.0;0.0;0.9302438640049847;0.40743451428016697;0.31443421978776687;0.29268883190992145
GO:0022008;0.27110828850183616;0.0;0.14688790514692443;0.0;0.0;0.3509060657732006;0.0;0.0;0.0;0.2715518831520101;0.2601497259103242;0.24011123551111754;0.0;0.0;0.0;0.0;0.3958776174692267;0.0;0.0;0.0;0.0;0.0;0.0;0.3720377410246612;0.0;0.0;0.0;0.0;0.0;0.0;0.0;0.0;0.0;0.0;0.5650611548977446;0.0;0.0;0.2717061825554967;0.0;0.0;0.0;0.177628361372366;0.0;0.0;0.177035211448602;0.37203890385366706;0.3720377410246612;0.0;0.0;0.0;0.0;0.0;0.0;0.27256472056252434;0.1896309788153494;0.3720377410246612;0.0;0.24011123551111754;0.0;0.0;0.0;0.0;0.35042966389082386;0.0;0.3500150337314343;0.33303461885474017;0.0;0.3752381090038691;0.0;0.17236847918713022;0.2605891764853905;0.3509245055406854;0.2997831611216769;0.0;0.3958776174692267;0.0;0.3720461974117501;0.2865247556089758;0.0;0.1940115752924505;0.0;0.35095321838712384;0.0;0.0;0.0;0.0;0.0;0.0;0.0;0.0;0.0;0.37348250409166106;0.0;0.0;0.21517042320314286;0.0;0.3002543026038131;0.29925061433263883;0.3002543026038131;0.0;0.0;0.0;0.0;0.0;0.0;0.35095321838712384;0.3509292575641479;0.0;0.3002737518779721;0.22394003058626002;0.0;0.0;0.21526537934928722;0.10295071730600826;0.0;0.0;0.14746013555416598;0.0;0.3002543026038131;0.3325500677622358;0.3002543026038131;0.0;0.37317819426169485;0.0;0.0;0.28556797671820305;0.0;0.0;0.0;0.0;1.0;0.0;0.3323237427412264;0.0;0.0;0.532388884328775;0.18838976457085005;0.0;0.0;0.0;0.0;0.0;0.0;0.0;0.0;0.0;0.2596796337883254;0.0;0.3301146822927867;0.2715511522373163;0.0;0.0;0.0;0.0;0.33255331427218554;0.0;0.0;0.0;0.0;0.0;0.0;0.0;0.0;0.0;0.0;0.29741746442912115;0.29962268917158774;0.0;0.3530883812720785;0.37433535549719327;0.0;0.0;0.2504638826472782;0.3001439253182105;0.0;0.0;0.0;0.3978631397400754;0.0;0.3002543026038131;0.0;0.0;0.1483370726320841;0.0;0.0;0.0;0.0;0.0;0.0;0.0;0.0;0.0;0.31391428792744186;0.0;0.37203890385366706;0.0;0.0;0.0;0.0;0.0;0.0;0.0;0.0;0.0;0.3734212613454282;0.28338637970964975;0.0;0.0;0.7197617395934459;0.20904093716708172;0.7141169729036233;0.0;0.26015137546290457;0.0;0.35095321838712384;0.0;0.0
GO:0042531;0.16397773718396058;0.5137538625217112;0.12589239210582354;0.3054212405179253;0.29344287800065144;0.17849837768628934;0.20624968928269402;0.7565181721481955;0.7565181721481955;0.0;0.0;0.0;0.0;0.867510020319655;0.22214685103158566;0.154951536531087;0.18481473069454282;0.1596403640655981;0.24451779792830622;0.0;0.0;0.1727573839546466;0.2221315348063841;0.18160164794783284;0.17279157005372367;0.444936552941413;0.29287785458782295;0.1699867280197964;0.1757193778618933;0.18787278260026777;0.09885663435636019;0.21556357974810406;0.5137538359129283;0.17571203531333532;0.0;0.24986951573722782;0.3575890795747945;0.0;0.5137538813462168;0.16458301539800396;0.24452165856075203;0.21959817940564275;0.16993451526630207;0.1594663481837273;0.1377860980525785;0.18160181181424734;0.18160164794783284;0.19532823097765314;0.0;0.22595793358139873;0.15052218231654746;0.16993325283615848;0.24400489114396187;0.0;0.0;0.18160164794783284;0.0;0.0;0.1700099161012168;0.1403904120272759;0.1619782015007433;0.695903817335323;0.0;0.1038314440363969;0.0;0.0;0.20321995209255006;0.0;0.5184691302285322;0.08048887914736916;0.0;0.17850119954826876;0.0;0.20007591323118676;0.18481473069454282;0.3230579890535907;0.18160283960929136;0.0;0.25505605997408826;0.0;0.17838281354076924;0.17850559310033035;0.15493338519079175;0.3384505557975182;0.215596883538376;0.3130966207861076;0.22202058481910503;0.17566892914977209;0.0;0.17539364440896413;0.0;0.0;0.0;0.28478117303815387;0.0;0.2365640858149611;0.0;0.0;0.0;0.21874178188328447;0.1672415313705583;0.13384402876815785;0.1884460515250126;0.13829595655209811;0.2451462595188364;0.17850559310033035;0.17850192672309628;0.4707347104506882;0.0;0.09018732132551172;0.22545294036194094;0.22598828583047073;0.0;0.10350145495882107;0.0;0.0;0.17553071093011502;0.8720575991764201;0.0;0.0;0.0;0.15204385653506;0.0;0.4449376106163887;0.5137538359129283;0.0;0.7041063787255318;0.1756578380062401;0.16992624399639855;0.16464595853861544;0.0;1.0;0.1755452608488989;0.0;0.2007230999081526;0.0;0.22551736901039737;0.17571492929518023;0.18509967762395457;0.13599260380868008;0.0;0.7521062964438784;0.247188773183437;0.12768350748136872;0.23272780774501137;0.1757058866634309;0.16143612359543358;0.14062525234077564;0.0;0.0;0.2207073440696667;0.18183951100885576;0.0;0.20317237964851118;0.0;0.48169893536461106;0.16466996779904441;0.16732017747253586;0.2530397789936551;0.3838001614163075;0.15962993983436796;0.13536306164814604;0.2445170112176052;0.5137539341665471;0.2684411166183821;0.0;0.0;0.15226068953849486;0.0;0.0;0.0;0.20627270889411364;0.0;0.0;0.0;0.8010939232890554;0.16459199131913615;0.0;0.21551898225150823;0.0;0.3083276228945132;0.38219042322961494;0.0;0.0;0.19544388283546824;0.17874091073397835;0.0;0.0;0.4853432102336325;0.44381753503762894;0.23151310284539225;0.2062727144307791;0.0;0.13380401290257687;0.1816018118142473;0.18503680018477983;0.17571483081766087;0.14745261344156801;0.16724150853621833;0.0;0.23984597683961872;0.0;0.0;0.2325786324306923;0.0;0.0;0.16998672801979636;0.13383797381799803;0.0;0.08767081910178232;0.0;0.0;0.0;0.16998580813564126;0.17850559310033032;0.1756574726018547;0.17001034814019422
GO:0008625;0.5472323439765677;0.3408096405116682;0.318741001918572;0.2764329247125279;0.30973843838397386;0.6779083638013845;0.30856119162732;0.14995418976534766;0.14995418976534766;0.23012805692061178;0.22188646300053413;0.20714202668131823;0.0;0.14990536250336758;0.36505542196557583;0.34143142511206725;0.746728546235495;0.3650574332212163;0.46163625305469685;0.0;0.0;0.3535405239627233;0.3649978714792697;0.7106562007707447;0.441982222903565;0.2286917433268958;0.3140170355573966;0.42408330328125204;0.461657698590117;0.20613439554710727;0.240617348930441;0.341225378785267;0.34080960165574997;0.46160702074396026;0.27320025492373234;0.2269527327940135;0.27699197048744734;0.2302388621120157;0.340809668000469;0.3136994229324658;0.4616554020933082;0.4300005234694658;0.33913496673676785;0.3641487403182518;0.3772888202011171;0.8075247214114465;0.7106562007707447;0.2778262381050981;0.0;0.22900134671239522;0.32064085639998763;0.3391286842683605;0.263659398040563;0.23085504319291472;0.16845597365588602;0.7106562007707447;0.0;0.20714202668131823;0.42422765624362874;0.3678258685384438;0.30212802896872737;0.18764295360574157;0.284372949742129;0.2723822491434813;0.2840998428849795;0.2728096106003947;0.3009585367881639;0.0;0.25121256085766297;0.21108799415402957;0.22220607054156036;0.6779372644367878;0.2500866819800014;0.3258242294616587;0.746728546235495;0.2279301022668712;0.7106691583545935;0.24079158794494754;0.17444591062530135;0.17190398496331563;0.23385636630818313;0.7703951169714283;0.3413433075070416;0.1945158655661827;0.34134152491540337;0.4591388374791801;0.36458128324840333;0.4613096434205646;0.0;0.4594161138573761;0.0;0.2993679654279641;0.0;0.364297330947178;0.18831157354316602;0.42416931260684676;0.250414478901203;0.24971595657882714;0.250414478901203;0.3525072800805263;0.3260431040059626;0.3260443750768561;0.44916059984050444;0.3537877389223951;0.26932549153710567;0.7703951169714283;0.7703524455856818;0.21089132581212572;0.25042800707337026;0.2660808731031894;0.3022585614872931;0.2290569435310973;0.1883842992638673;0.1980819959365123;0.0;0.0;0.2760947075144261;0.18803488820281464;0.250414478901203;0.27248437773192646;0.250414478901203;0.229059118385129;0.29917241609670087;0.22869272517579795;0.34080960165574997;0.24011550272620208;0.13463517890666307;0.3691260537200825;0.3390938073972872;0.39233327871067264;0.3323237427412264;0.1755452608488989;1.0;0.0;0.23481539951079114;0.2601274293946469;0.39880073136027944;0.3694412343717963;0.2504350765486303;0.3390950945918133;0.0;0.2400003114705566;0.2703784765199545;0.2917536500389643;0.32601620604787424;0.46156458841864545;0.599459613827708;0.3694423130159581;0.2708471402005932;0.23012753199184377;0.21956183218672912;0.4053047088891183;0.0;0.24071845703541467;0.2724865573736221;0.21960556176937357;0.3924696347933035;0.40786684291819053;0.5064460394994891;0.21534886015685967;0.365002927195088;0.18733509480528202;0.4616323510288225;0.34080974513225715;0.31983071812777286;0.24843816193168503;0.24997499454166236;0.32863403655916634;0.2861212915599941;0.2999156704761293;0.0;0.3104263084690441;0.21480150811468843;0.2503376991669524;0.0;0.24000031456124699;0.31374017174834995;0.0;0.3410699137246432;0.250414478901203;0.4412679003174515;0.23923140263230636;0.13505716219224445;0.0;0.2781520144008534;0.38663727858650704;0.0;0.0;0.30190685937795586;0.19072543662355354;0.23938175156089933;0.3104263259184357;0.25984473005440417;0.32580701852502814;0.8075247214114465;0.42579576635976935;0.36944069042560096;0.24571354480786195;0.4073996997614776;0.0;0.21107501013640773;0.0;0.0;0.4067771571272791;0.2993286159552798;0.23857122886689053;0.42408330328125204;0.32600844668460316;0.3315575409341085;0.25053256085221015;0.28629390095756596;0.0;0.22188766299882565;0.4240775779325256;0.7703951169714283;0.36912403752547135;0.3395126040188
GO:0001666;0.34842463349744873;0.0;0.19261132371693981;0.0;0.0;0.0;0.0;0.0;0.0;0.0;0.0;0.0;0.0;0.0;0.0;0.0;0.0;0.0;0.0;0.3165623740065205;0.0;0.0;0.0;0.0;0.0;0.0;0.0;0.0;0.0;0.0;0.0;0.0;0.0;0.0;0.0;0.0;0.0;0.0;0.0;0.0;0.0;0.0;0.0;0.0;0.0;0.0;0.0;0.0;0.0;0.0;0.0;0.0;0.0;0.26066590688462604;0.0;0.0;0.0;0.0;0.0;0.0;0.0;0.0;0.0;0.0;0.0;0.0;0.0;0.0;0.0;0.16753225880287284;0.6694730467340949;0.0;0.0;0.0;0.0;0.0;0.0;0.0;0.0;0.0;0.0;0.0;0.0;0.0;0.0;0.0;0.0;0.0;0.0;0.0;0.0;0.0;0.3328586890577269;0.0;0.20768631190155715;0.0;0.285878864871299;0.0;0.285878864871299;0.0;0.0;0.0;0.0;0.0;0.0;0.0;0.0;0.0;0.0;0.0;0.0;0.0;0.20777477599152205;0.0;0.2859054059620425;0.49965710722652;0.0;0.0;0.285878864871299;0.31500617755485083;0.285878864871299;0.0;0.0;0.0;0.0;0.0;0.0;0.0;0.0;0.0;0.0;0.0;0.0;1.0;0.0;0.0;0.0;0.0;0.0;0.0;0.3657165044613078;0.0;0.0;0.0;0.0;0.0;0.33434883798428083;0.0;0.0;0.0;0.0;0.0;0.37368418984274343;0.0;0.3150090905554554;0.0;0.0;0.0;0.0;0.0;0.0;0.0;0.0;0.0;0.0;0.0;0.0;0.0;0.0;0.0;0.30082904079302897;0.0;0.24038076998001037;0.2857788019973001;0.3985586677533138;0.0;0.0;0.0;0.0;0.285878864871299;0.0;0.0;0.14474130210198707;0.0;0.0;0.0;0.4225254904398516;0.4225215922878734;0.0;0.0;0.0;0.0;0.2982352350587531;0.0;0.0;0.0;0.0;0.0;0.0;0.3503968085800537;0.0;0.31533643040217413;0.2864142087728096;0.0;0.0;0.0;0.0;0.0;0.0;0.0;0.0;0.3503968085800537;0.0;0.0;0.0;0.0;0.0
GO:0002876;0.21004917613066523;0.33366782544523516;0.1415218453966446;0.20601641107114999;0.17923913396021213;0.2414932176933043;0.1787460213081326;0.1760384591457176;0.1760384591457176;0.0;0.0;0.0;0.0;0.17599010167840226;0.251523083205702;0.19213497491746218;0.2563012382725927;0.20129531477379561;0.29388635546968583;0.0;0.0;0.2857022201752834;0.2514957614640142;0.24867697897168625;0.2287230357749131;0.17827960841440904;0.26419632997173004;0.22264668534031104;0.23520493881452298;0.422862315555929;0.16008738632463293;0.23997604909949108;0.33366779868171353;0.23518850138088143;0.0;0.14183041241884864;0.2063267582436613;0.0;0.3336678443792125;0.26401634237071014;0.29389411614403743;0.43657166789071716;0.2780633380627901;0.20094981780480795;0.16104903532909154;0.24867736291548273;0.24867697897168625;0.28780224778694957;0.0;0.38718417916239883;0.1837569794668882;0.27805995796260435;0.19883719156938048;0.0;0.0;0.24867697897168625;0.0;0.0;0.22269639614599968;0.23453924721258254;0.2573768421307648;0.15230579528588098;0.0;0.17355316285972344;0.0;0.0;0.3052663326527526;0.0;0.19167513415885773;0.11689062567206034;0.0;0.24149967167409706;0.0;0.2167250888314025;0.2563012382725927;0.2822988861742168;0.24867977108053335;0.0;0.14349458590279104;0.0;0.25247004896125497;0.24150972060360607;0.19210010526149637;0.12548967515076512;0.24003348904671068;0.2928722002007583;0.2512979088282929;0.23509202017742742;0.0;0.23447662144342427;0.0;0.0;0.0;0.251162969197586;0.0;0.2782401748984895;0.0;0.0;0.0;0.2455018541118477;0.27092494032902975;0.21682246740812577;0.4611279173255046;0.22875157637313473;0.1616953178948778;0.24150972060360607;0.2415013348443153;0.1672731191697039;0.0;0.13852406228428232;0.7067466811786978;0.38725743257170364;0.0;0.10853938790907905;0.0;0.0;0.1773254015985428;0.21231010234745962;0.0;0.0;0.0;0.24913091601907258;0.0;0.17828020510147027;0.33366779868171353;0.0;0.18324052653036307;0.29372293949755995;0.27804119268913247;0.21142259368930488;0.0;0.2007230999081526;0.23481539951079114;0.0;1.0;0.0;0.5757505122747135;0.2938826029060827;0.191222174886471;0.22251761408247236;0.0;0.185077928853094;0.20263476266660865;0.2011040520344107;0.7417072336795215;0.23517473738522363;0.2048861615374857;0.23519541706044164;0.0;0.0;0.3746319956871917;0.5535244917365533;0.0;0.6002565036138917;0.0;0.17270898010984667;0.21147206615338981;0.21698712722860647;0.3114282808427091;0.1700652459255956;0.2012746059487769;0.211696147251647;0.29388477403772945;0.3336678975067171;0.22919367414069902;0.0;0.0;0.23367944237560312;0.0;0.0;0.0;0.3122059667699645;0.0;0.0;0.0;0.18507793069107553;0.264039440931876;0.0;0.23989914585454805;0.0;0.2854968866613959;0.18462033621436605;0.0;0.0;0.2069697233646416;0.5952318356928618;0.0;0.0;0.30593345870836236;0.15433034086489977;0.400726494062122;0.31220597945172407;0.0;0.2167174739382738;0.24867736291548273;0.38381478432150673;0.29388232744048537;0.22254253508001443;0.21682185733569678;0.0;0.13396156054380504;0.0;0.0;0.2706494271938754;0.0;0.0;0.22264668534031104;0.2168065779547923;0.0;0.13267467963055604;0.0;0.0;0.0;0.22264471346290426;0.24150972060360607;0.2937219178200971;0.27826643581587646
GO:0097368;0.22105706517068943;0.0;0.13083750735737762;0.0;0.0;0.27137621635737413;0.0;0.0;0.0;0.22135189969651478;0.2137164938091205;0.200004312520671;0.0;0.0;0.0;0.0;0.2975137677878834;0.0;0.0;0.0;0.0;0.0;0.0;0.2838445494441573;0.0;0.0;0.0;0.0;0.0;0.0;0.0;0.0;0.0;0.0;0.699781831068959;0.0;0.0;0.22145441282790485;0.0;0.0;0.0;0.1546817349338935;0.0;0.0;0.15423174239300394;0.2838452263100885;0.2838445494441573;0.0;0.0;0.0;0.0;0.0;0.0;0.22202441358613811;0.16370481598464903;0.2838445494441573;0.0;0.200004312520671;0.0;0.0;0.0;0.0;0.2710912005579428;0.0;0.2708429979380715;0.2605627825566833;0.0;0.3834916677006565;0.0;0.15067773577722732;0.21401298271778485;0.2713872447465495;0.23975639616735947;0.0;0.2975137677878834;0.0;0.2838494717617919;0.23120020785103948;0.0;0.16695919490876246;0.0;0.27140441669851356;0.0;0.0;0.0;0.0;0.0;0.0;0.0;0.0;0.0;0.28468475226715007;0.0;0.0;0.18239405982387583;0.0;0.24005765558482708;0.239415644325113;0.24005765558482708;0.0;0.0;0.0;0.0;0.0;0.0;0.27140441669851356;0.2713900867769148;0.0;0.24007008785387346;0.1886565703421181;0.0;0.0;0.18246228585669744;0.09479983780479921;0.0;0.0;0.13129132204624744;0.0;0.24005765558482708;0.2602660787569507;0.24005765558482708;0.0;0.28450790921103347;0.0;0.0;0.23057684081275692;0.0;0.0;0.0;0.0;0.532388884328775;0.0;0.2601274293946469;0.0;0.0;1.0;0.16277896752920332;0.0;0.0;0.0;0.0;0.0;0.0;0.0;0.0;0.0;0.21339913365158014;0.0;0.2587719754075326;0.22135141404161113;0.0;0.0;0.0;0.0;0.260268067308589;0.0;0.0;0.0;0.0;0.0;0.0;0.0;0.0;0.0;0.0;0.23824084090657452;0.2396537431743114;0.0;0.27267958612730564;0.2851800034675257;0.0;0.0;0.20713593983662465;0.239987094644348;0.0;0.0;0.0;0.6078716548343763;0.0;0.24005765558482708;0.0;0.0;0.1319860393531495;0.0;0.0;0.0;0.0;0.0;0.0;0.0;0.0;0.0;0.24871051437126743;0.0;0.2838452263100885;0.0;0.0;0.0;0.0;0.0;0.0;0.0;0.0;0.0;0.2846491678809556;0.22915245952626997;0.0;0.0;0.5312277424542277;0.17797053033285018;0.46211447043759835;0.0;0.21371760706502665;0.0;0.27140441669851356;0.0;0.0
GO:0002758;0.358056978959466;0.37059616149365093;0.24373493478896915;0.2410362804798852;0.217947302335988;0.40973533766573267;0.2173637635358589;0.198209381597719;0.198209381597719;0.20536818882729455;0.20049781491854776;0.19147266897298504;0.0;0.19815576956565836;0.29267734400482154;0.233177393944898;0.4339055638030217;0.2439601816374111;0.340248766267219;0.0;0.0;0.2759827977910773;0.29264650782583423;0.42147421347246233;0.27607005306553684;0.2092824336540857;0.2558637336790226;0.2689790353182437;0.28362022520037494;0.4129189568585653;0.15491851432173007;0.279627023133315;0.37059613262144114;0.28360109714743104;0.167803569925091;0.1734323069621121;0.24139037649054726;0.20543284702850975;0.3705961819194294;0.2556949168162161;0.34025743711525813;0.6997391670683758;0.26884832623941124;0.24355402702354817;0.2765514591220323;0.42147484020059406;0.42147421347246233;0.32091731505442406;0.0;0.34629705297395513;0.2232896097842429;0.2688451664585962;0.23283764362484416;0.15081244198139485;0.12142849587775502;0.42147421347246233;0.0;0.19147266897298504;0.2690370992115076;0.2263619531227734;0.2494624161791052;0.17935366272143694;0.17195310824592655;0.16749461259086704;0.17185321387481547;0.16765611430010707;0.3398782057767431;0.0;0.22464448065136375;0.1557103645037737;0.14707272657102277;0.4097458952589673;0.1587895496044332;0.20972427468479504;0.4339055638030217;0.3109918134155209;0.421478771151352;0.21149351234046102;0.16915801875436962;0.16812680249109502;0.28238142288041784;0.4097623335245287;0.23313629183365098;0.15382950709640972;0.27969203037965246;0.339115532872807;0.29242319909198833;0.2834888211934244;0.0;0.28277260094095635;0.0;0.2419682487311268;0.0;0.29227089181048427;0.13141678333136286;0.3227349848092469;0.15892163652492147;0.21647317221564594;0.15892163652492147;0.2858767214911588;0.2621695392637374;0.20981546235968515;0.4430341896226344;0.22096618289881356;0.19713313332134655;0.4097623335245287;0.4097486159137139;0.19662294390060786;0.21686489929998584;0.18371967789349156;0.7794759373434971;0.34636116016710217;0.1314521981484388;0.1621540874958835;0.0;0.18237041415252975;0.24560195869523535;0.23829535010971234;0.15892163652492147;0.1675332251611207;0.15892163652492147;0.2444178889780022;0.17725517483283126;0.20928311904294972;0.37059613262144114;0.21111090236004987;0.20339595958904405;0.2834599382489901;0.2688276242840026;0.2558468716515713;0.18838976457085005;0.22551736901039737;0.39880073136027944;0.0;0.5757505122747135;0.16277896752920332;1.0;0.283608636134335;0.2241258346409141;0.21514393618762329;0.0;0.21708497568514337;0.23717621670583536;0.19506200417487002;0.5170172803765446;0.2835850800716938;0.3495251714015802;0.22697310580336882;0.22776195705254587;0.2053678824641101;0.33530438422444975;0.4170371414031915;0.0;0.4210116961629412;0.16753404911414338;0.20287938887376294;0.2559048508138819;0.26236285594487085;0.3598072174890168;0.19983758892224354;0.24393583822061496;0.23761562005702405;0.34024699936259245;0.3705962392328303;0.26740829067068383;0.15812335165861502;0.15874451588212335;0.27249545863883806;0.17259080701075172;0.1775158218506867;0.0;0.3473967730183233;0.14379197795038284;0.1588907091937862;0.0;0.21708497779289612;0.25571658219563004;0.0;0.2795399870401391;0.15892163652492147;0.33086600609027933;0.2165601905836585;0.10305769764725775;0.0;0.24212389467950252;0.40544457566299696;0.1673862740431882;0.16738545209461822;0.3406050513629487;0.1816932382696686;0.35813964438949675;0.3473967867498303;0.16266822211748683;0.20971714380150544;0.42147484020059406;0.30871057514470723;0.28360837959230356;0.21660073833698343;0.2621694831505913;0.0;0.1640046835156917;0.0;0.0;0.3142146181841201;0.17730999533270592;0.2102340862946552;0.2689790353182437;0.2098005832686648;0.18814329180803285;0.17617058964144414;0.17265359772971986;0.0;0.20049853295445116;0.26897673208137396;0.4097623335245287;0.28345898672112524;0.26903818114212186
GO:0032729;0.3116317278157633;0.3414497318620121;0.18135086098432168;0.2768538874996712;0.24830749119501355;0.3862451900676291;0.24736212525639426;0.15007797786200452;0.15007797786200452;0.0;0.0;0.0;0.0;0.1500290699654928;0.3657899254400447;0.2737625602353634;0.4255708803643182;0.2927442055181634;0.4628114409381302;0.0;0.0;0.44283466237428554;0.365732143152157;0.4049555350292699;0.3545815086714711;0.4070122786851803;0.39322160332716727;0.34018847466936913;0.37040640060843577;0.25793603890218664;0.2411570094548511;0.34186703419517694;0.3414496928600024;0.3703656362456233;0.0;0.1818578614546091;0.2774146389712072;0.0;0.341449759454166;0.3928230198444782;0.4628306875983256;0.26909317261948235;0.4247485201223933;0.36487959612498067;0.21471138237116238;0.40495655317885726;0.4049555350292699;0.3872120864972054;0.0;0.22929016638885794;0.257063056347165;0.42474063328162426;0.21131373403177375;0.0;0.0;0.4049555350292699;0.0;0.0;0.3403045416589228;0.36875811984881013;0.5264426544461795;0.18783682615151653;0.0;0.2730740052248775;0.0;0.0;0.30145757773715703;0.0;0.25156016627419564;0.15491641894859798;0.0;0.3862617002137813;0.0;0.3265555193133344;0.4255708803643182;0.22821622443869763;0.40496293924258764;0.0;0.17461345961814623;0.0;0.23415757029198708;0.38628740777262816;0.27369177389991334;0.15583826941743345;0.3419836176233542;0.36838030087356954;0.36531387808218097;0.3701264316472583;0.0;0.36860333129377304;0.0;0.0;0.0;0.2921334459691469;0.0;0.42516127740350873;0.0;0.0;0.0;0.35319210947744967;0.408314831515698;0.3267766545759371;0.4505514976787689;0.44314507149224586;0.2158616460876514;0.38628740777262816;0.38626595491138593;0.21113624613555235;0.0;0.195348740441405;0.3784666349271928;0.22934590355202078;0.0;0.13052493770055548;0.0;0.0;0.22740807033216467;0.1882295719075611;0.0;0.0;0.0;0.1835478434187156;0.0;0.4070140283237335;0.3414496928600024;0.0;0.13473495859805384;0.46240630101384506;0.4246968498142276;0.3146643578879929;0.0;0.17571492929518023;0.3694412343717963;0.0;0.2938826029060827;0.0;0.283608636134335;1.0;0.4457631801614223;0.3398872410972234;0.0;0.24031756073501917;0.21670685987632152;0.36528670441325006;0.4082810706421904;0.3703315044514146;0.30040087826158546;0.553455897744123;0.0;0.0;0.21982731830612903;0.4064369109281771;0.0;0.4192622862756201;0.0;0.219871153715683;0.31477395660825663;0.4087839404789585;0.5078607943061844;0.21560424975554107;0.2927004085101327;0.22426075728649064;0.4628075190202702;0.34144983687595626;0.2564124105113443;0.0;0.0;0.26348292546548946;0.0;0.0;0.0;0.3109572693750225;0.0;0.0;0.0;0.24031756383388592;0.39287415689855726;0.0;0.34171098403165534;0.0;0.35400704698998947;0.23954662102275112;0.0;0.0;0.3876668232934725;0.38766745644498235;0.0;0.0;0.30240905286925757;0.190925734525035;0.23969736654561608;0.3109572868841569;0.0;0.32653823103455026;0.40495655317885726;0.4270455206928603;0.8226310273336934;0.42797700928131305;0.3267752688598506;0.0;0.16912020906376538;0.0;0.0;0.4076893553893676;0.0;0.0;0.34018847466936913;0.32674056462460793;0.0;0.18391410260303767;0.0;0.0;0.0;0.3401838712069252;0.38628740777262816;0.4624037688914113;0.7558344958412965
GO:0050715;0.22753630154125656;0.2926195653452226;0.16026139168212508;0.22058074776053604;0.19802647865564335;0.25648877476580473;0.5808626724081185;0.16390442523327658;0.16390442523327658;0.0;0.0;0.0;0.0;0.16386250165342953;0.3051234800812423;0.21051988796628623;0.2697352908408548;0.2192696725354083;0.3489771969732027;0.0;0.0;0.3418859772045235;0.30509458582669596;0.26294530706842417;0.24486795599611363;0.3501861437911582;0.22883845011198725;0.23927300229658716;0.25078959358537645;0.17532387131561175;0.13820903904054785;0.29283970670179327;0.2926195447606584;0.2507746374707874;0.0;0.16057800253071086;0.2561991833322866;0.0;0.2926195799078676;0.22870340258939376;0.3489850608107597;0.21643529139058226;0.23916956441994663;0.2626635883200751;0.18004585874238543;0.2629456506116621;0.26294530706842417;0.3289517831235861;0.0;0.2571468059330214;0.2024269630970741;0.23916706375980176;0.1781238515070069;0.0;0.0;0.26294530706842417;0.0;0.0;0.23931894815114288;0.2501836478731016;0.31130493529631253;0.1946067372185585;0.0;0.14813165244401166;0.0;0.0;0.270518008791976;0.0;0.23983987038055338;0.10477968886515888;0.0;0.2564946012550239;0.0;0.1870941350566029;0.2697352908408548;0.2241321607749685;0.2629478053733696;0.0;0.18421998676847345;0.0;0.2282190003785109;0.2565036730792443;0.21048638487034296;0.14363135609436078;0.29290117155787326;0.2500444040285958;0.43374496686090463;0.3501084944972745;0.0;0.2501266168716436;0.0;0.0;0.0;0.21899521949314518;0.0;0.3329981999805239;0.0;0.0;0.0;0.34160701480124533;0.2338694239223373;0.18716670198022803;0.22211665887396903;0.24489413502787508;0.1806920233337587;0.2565036730792443;0.2564961027150992;0.21202688690781757;0.0;0.12183546298323927;0.2237616739523374;0.2571908581375703;0.0;0.15074958700851213;0.0;0.0;0.2235714179105283;0.19490952290181288;0.0;0.0;0.0;0.193906664038021;0.0;0.3501872051715748;0.2926195447606584;0.0;0.1504575966426799;0.2506642589190791;0.37980814810206415;0.22882496193225332;0.0;0.18509967762395457;0.2504350765486303;0.0;0.191222174886471;0.0;0.2241258346409141;0.4457631801614223;1.0;0.28624293325008887;0.0;0.23239114353482554;0.1811653781339806;0.21908802593925822;0.233858347854743;0.2507621136317428;0.22267178374341526;0.2999030645085647;0.0;0.0;0.24957499902415925;0.21083511065425778;0.0;0.27042491655400025;0.0;0.21828500278577753;0.22887133951588465;0.2807571040640591;0.36659811653771057;0.21524588485246982;0.21925000702780653;0.4923256992486341;0.3489755945116859;0.29261962076969794;0.20210376939477354;0.0;0.0;0.6045010322073372;0.0;0.0;0.0;0.31555598525580303;0.0;0.0;0.0;0.23239114561726576;0.36323998954477515;0.0;0.41649119736561396;0.0;0.24464854325937518;0.23187256408772636;0.0;0.0;0.3292078073527983;0.20566961227864397;0.0;0.0;0.27106799573246393;0.1969794220091122;0.26526402459737575;0.315555996587074;0.0;0.18708846003045465;0.26294565061166203;0.21624860431187903;0.44576282361368486;0.27402392223882416;0.23386937926970572;0.0;0.15246339332858252;0.0;0.0;0.32515503274910623;0.0;0.0;0.23927300229658713;0.27990111275644936;0.0;0.1172874466460543;0.0;0.0;0.0;0.23927117970421094;0.25650367307924427;0.2506635148330819;0.4253917004296097
GO:0051926;0.2897584271267553;0.2562977420260485;0.17371945328682942;0.21028083016803575;0.23421948837098322;0.3531991577322394;0.3490307918495575;0.11671212386515017;0.11671212386515017;0.0;0.0;0.0;0.0;0.11667516430267892;0.27335809704540226;0.32080005650597654;0.3857995431900626;0.341570229290889;0.3398935129857251;0.0;0.0;0.40782364288816564;0.2733177747254416;0.36878027941902863;0.3265347861670619;0.17546418614907466;0.2924060068220476;0.392713144071649;0.4247244541348331;0.1965962983877602;0.22349089699212119;0.2565915067880957;0.2562977145680531;0.33987371153024043;0.0;0.2176484868829143;0.2106850052744726;0.0;0.2562977614513353;0.2921305876615195;0.3399064841004613;0.2046785318735211;0.3140663741402647;0.34077457515502163;0.20409622074629127;0.3687811237878556;0.36878027941902863;0.2112880079712188;0.0;0.21953187534572116;0.3023783784325349;0.31406098612709277;0.251184795555866;0.0;0.0;0.36878027941902863;0.0;0.0;0.3928369277238585;0.5074593809399002;0.28207018958440216;0.14504458893138705;0.0;0.25063975401945626;0.0;0.0;0.2279364386907671;0.0;0.19196264415642614;0.14743015666090123;0.0;0.35321296356091403;0.0;0.37812893417679405;0.3857995431900626;0.1749038715767054;0.368786419850832;0.0;0.1351680455991115;0.0;0.17925956912754284;0.3532344600898248;0.32072226514881613;0.18764086760225174;0.25667356906294525;0.3382010835162065;0.40832626189001203;0.5079998629155223;0.0;0.33838905836970895;0.0;0.0;0.0;0.3409046989713955;0.0;0.3143483342035268;0.0;0.0;0.0;0.3305586827366525;0.3028063262261644;0.37836621157843425;0.4062172466598569;0.32659295968692553;0.2563221858973877;0.3532344600898248;0.35321652133414455;0.16232857512244717;0.0;0.18359305067865908;0.2821839624264809;0.21958296873160182;0.0;0.1896672301639387;0.0;0.0;0.17431065812525476;0.14533718400360265;0.0;0.0;0.0;0.2634355378555315;0.0;0.17546490836392506;0.2562977145680531;0.0;0.10508394416148373;0.3396204519367127;0.6976864815468106;0.36533497317149577;0.0;0.13599260380868008;0.3390950945918133;0.0;0.22251761408247236;0.0;0.21514393618762329;0.3398872410972234;0.28624293325008887;1.0;0.0;0.18376543578175142;0.2572757670958418;0.3411296444739973;0.30278312549262276;0.4246456446473561;0.28002420196460687;0.4246996065052327;0.0;0.0;0.21084207793548423;0.370008408672571;0.0;0.22781158123606873;0.0;0.16876971278289973;0.3654532055241305;0.3031286724163215;0.37001284186918937;0.16562590559342502;0.3415225108415041;0.2873714165387739;0.33989086983331795;0.2562978159574264;0.30165779313024077;0.0;0.0;0.3704127289940611;0.0;0.0;0.0;0.2932777451846438;0.0;0.0;0.0;0.18376543804590237;0.6491084258915029;0.0;0.3835834186738471;0.0;0.3260475455735606;0.18320207720136797;0.0;0.0;0.2115234278693211;0.3543880904880217;0.0;0.0;0.22861602199524123;0.14734466173087962;0.22905369849865193;0.2932777607594075;0.0;0.37811038291830185;0.3687811237878556;0.3870110478924014;0.3398867806975728;0.23228040270092068;0.378364724783022;0.0;0.20300393506705336;0.0;0.0;0.3023764484969496;0.0;0.0;0.392713144071649;0.6008317799304723;0.0;0.17345752782876406;0.0;0.0;0.0;0.39270823441745023;0.3532344600898248;0.3396187451827852;0.3143902188881559
GO:0050830;0.2771005757801719;0.0;0.16861872067904785;0.0;0.0;0.0;0.0;0.0;0.0;0.0;0.0;0.0;0.0;0.0;0.0;0.0;0.0;0.0;0.0;0.2408793104091417;0.261010654529124;0.0;0.0;0.0;0.0;0.0;0.0;0.0;0.0;0.0;0.0;0.0;0.0;0.0;0.0;0.12583195311736098;0.0;0.0;0.0;0.0;0.0;0.0;0.0;0.0;0.0;0.0;0.0;0.0;0.0;0.0;0.0;0.0;0.0;0.20708865338639612;0.0;0.0;0.0;0.0;0.0;0.0;0.0;0.0;0.0;0.0;0.0;0.0;0.0;0.0;0.0;0.14364676594230266;0.26884459817087386;0.0;0.0;0.0;0.0;0.0;0.0;0.0;0.0;0.0;0.0;0.0;0.0;0.0;0.0;0.0;0.0;0.0;0.0;0.0;0.2504432018782023;0.0;0.25020020017006817;0.0;0.17219186491448008;0.0;0.22269202636445548;0.0;0.22269202636445548;0.0;0.0;0.0;0.0;0.0;0.0;0.0;0.0;0.0;0.0;0.0;0.0;0.0;0.34697635839614327;0.0;0.2227081311553896;0.4557712150311998;0.0;0.0;0.22269202636445548;0.23997720860305805;0.22269202636445548;0.0;0.0;0.0;0.0;0.0;0.0;0.0;0.0;0.0;0.0;0.0;0.0;0.3657165044613078;0.0;0.0;0.0;0.0;0.0;0.0;1.0;0.0;0.0;0.0;0.0;0.0;0.26812346608428766;0.0;0.0;0.0;0.0;0.0;0.27258518473147947;0.0;0.23997889920541973;0.0;0.0;0.0;0.0;0.0;0.0;0.0;0.0;0.0;0.0;0.0;0.22234439554320035;0.0;0.0;0.0;0.23166012655625978;0.0;0.1940772280650291;0.2226313035617505;0.2855868018586647;0.0;0.0;0.0;0.0;0.22269202636445548;0.0;0.0;0.12655985838997738;0.0;0.0;0.0;0.4021509829716178;0.40214815537553905;0.0;0.0;0.0;0.0;0.3091736440045366;0.0;0.0;0.0;0.0;0.0;0.0;0.7027486536757059;0.0;0.24016882822953534;0.223016738394358;0.0;0.0;0.0;0.0;0.0;0.0;0.0;0.0;0.7868649469886134;0.0;0.0;0.0;0.0;0.0
GO:0033138;0.2188895795601541;0.28231305741771306;0.1559231356112278;0.388675186337647;0.37938834816204486;0.24555445201167475;0.19099431746125586;0.6677104770771896;0.6677104770771896;0.0;0.0;0.0;0.0;0.6675431112158645;0.2939341796524748;0.20309700912848694;0.257668950433713;0.21122872445231253;0.33441714901483705;0.0;0.0;0.23481954622231713;0.29390736563272624;0.25146588023016414;0.23488271110192113;0.5518365788896431;0.391494795255859;0.22972995576336036;0.24032588177943995;0.17014499031810315;0.13282053874516075;0.28251795901307986;0.2823130382576521;0.24031214762489148;0.0;0.3095886895163016;0.45519028310424087;0.0;0.28231307097258657;0.21996945235242168;0.3344243703434027;0.20986225011353685;0.22963460263526297;0.2109241759515772;0.17458859771739987;0.25146619443196155;0.25146588023016414;0.24874489063945115;0.0;0.21873867421997362;0.19555450808802577;0.2296322973870741;0.17278075333318596;0.0;0.0;0.25146588023016414;0.0;0.0;0.2297723094157003;0.19188803984563396;0.21534112087084928;0.7898201932035412;0.0;0.14195892916191313;0.0;0.0;0.2616861102925289;0.0;0.651207737996746;0.10165314762533366;0.0;0.2455597923088562;0.0;0.26884268844020487;0.257668950433713;0.33913769980330216;0.2514681651583389;0.0;0.3055525689622618;0.0;0.22190087798484975;0.2455681071131111;0.2030658268264857;0.4110116508282638;0.2825751668925407;0.23964149333117787;0.2937131618540841;0.24023152654057298;0.0;0.23971700663673914;0.0;0.0;0.0;0.21097401984497768;0.0;0.319715604840168;0.0;0.0;0.0;0.28800219636531615;0.22474431869063666;0.1798638254611078;0.2119061758015191;0.1879964965756502;0.3108523747715398;0.2455681071131111;0.24556116847775322;0.577636704696415;0.0;0.1176286513907027;0.21539418049798215;0.21877512387812958;0.0;0.12297363117177748;0.0;0.0;0.21750458664661274;0.7910198894802347;0.0;0.0;0.0;0.15721800116238716;0.0;0.5518382058511382;0.2823130382576521;0.0;0.613940390693396;0.24021078522293654;0.2296194991827771;0.2200819022394877;0.0;0.7521062964438784;0.2400003114705566;0.0;0.185077928853094;0.0;0.21708497568514337;0.24031756073501917;0.23239114353482554;0.18376543578175142;0.0;1.0;0.17564108112426283;0.16891196509162112;0.22473409007281073;0.24030064696900122;0.21438409441574482;0.19232703540975501;0.0;0.0;0.2124685449095754;0.20161396076871502;0.0;0.18798579821004918;0.0;0.594234038687073;0.22012480316079006;0.22488636717389898;0.3505643627710809;0.47224831500124254;0.21121047476590907;0.136370993426978;0.3344156774795797;0.2823131090066759;0.19525287055791732;0.0;0.0;0.19849902746135564;0.0;0.0;0.0;0.26677006720209995;0.0;0.0;0.0;0.938849082830615;0.21998548634639223;0.0;0.28244135986837615;0.0;0.23468082059735107;0.4768798506453354;0.0;0.0;0.2489324769942131;0.19688535424887407;0.0;0.0;0.2622007372488365;0.5376253440911479;0.22544927073902157;0.26677007646269596;0.0;0.17979156891061313;0.2514661944319615;0.20655872429587105;0.24031737653456314;0.1904049441435608;0.22474427745453374;0.0;0.294347435238065;0.0;0.0;0.3124788547199547;0.0;0.0;0.2297299557633603;0.17985289109859207;0.0;0.11338381505781137;0.0;0.0;0.0;0.2297282756540394;0.24556810711311106;0.2402101019041473;0.2297730985850146
GO:1902042;0.24388034146686402;0.4002548644889623;0.16820081447351332;0.19439059920716334;0.21029175794462118;0.2774483477979458;0.2926850201141543;0.21786663887035482;0.21786663887035482;0.0;0.0;0.0;0.0;0.21780891062883462;0.371328322034961;0.5710474301148174;0.29301395186968054;0.5964203600366835;0.2707843737015622;0.0;0.0;0.21113669140042235;0.23438362804868626;0.28501878870998504;0.2639008425176199;0.16950686978379875;0.1963757382782103;0.35820051972248423;0.3768163490293608;0.18487028123998198;0.1484246644881033;0.22434693860651272;0.40025483447370697;0.27077431546376735;0.0;0.20220854275774572;0.19466688449404876;0.0;0.40025488572339346;0.19625147820781122;0.2707909622070158;0.22858116295491201;0.20591313776095788;0.32566550390993004;0.19012820504338732;0.2850191923531326;0.28501878870998504;0.19507857096222792;0.0;0.20356095435912067;0.2995434362180921;0.205910821665546;0.9113178804457897;0.0;0.0;0.28501878870998504;0.0;0.0;0.3582745183009357;0.27008543172915633;0.1916592479159864;0.14585683888786277;0.0;0.15992938575906288;0.0;0.0;0.2062074868748885;0.0;0.18157189536333765;0.11054802459084817;0.0;0.2774551654575439;0.0;0.2510665581836022;0.29301395186968054;0.2028545451919327;0.28502172407373016;0.0;0.137756160250811;0.0;0.17232772898600413;0.277465780581114;0.5709505446135363;0.20869684383216774;0.35547097998396543;0.481953120355669;0.23421177458389586;0.270671964096121;0.0;0.27001896755700044;0.0;0.0;0.0;0.6881686071402799;0.0;0.2574455344425902;0.0;0.0;0.0;0.22916918331647815;0.20101240776475734;0.25117114157698955;0.30224801308544735;0.21122483716808182;0.2655730416917306;0.277465780581114;0.2774569223418713;0.15952661906055848;0.0;0.12970507121218183;0.23954913277187606;0.20359756975683402;0.0;0.18157531039072855;0.0;0.0;0.16864403394294278;0.2608528939104789;0.0;0.0;0.0;0.3026135172461555;0.0;0.16950740919233387;0.40025483447370697;0.0;0.19940478804737236;0.21659837546491803;0.20589796334184438;0.624289306450024;0.0;0.247188773183437;0.2703784765199545;0.0;0.20263476266660865;0.0;0.23717621670583536;0.21670685987632152;0.1811653781339806;0.2572757670958418;0.0;0.17564108112426283;1.0;0.23420060479460733;0.25115776248960736;0.37677176715260613;0.23830045227018892;0.27078165165750184;0.0;0.0;0.19727670647685902;0.28560514079496674;0.0;0.2061256939666128;0.0;0.1644632339652523;0.3415032886742041;0.25134796861585057;0.2856072546637598;0.16206416290546038;0.5963631765578479;0.2597507545927364;0.2707830311250498;0.4002549453058208;0.6317294732553365;0.0;0.0;0.2188343720379808;0.0;0.0;0.0;0.21060860608549314;0.0;0.0;0.0;0.17564108277959092;0.1962674256966251;0.0;0.22427972484094594;0.0;0.47074515018955004;0.17522891079601138;0.0;0.0;0.19523913210365693;0.2780347477189564;0.0;0.0;0.3689816489162432;0.2339936918441567;0.21031844253209506;0.21060861411734094;0.0;0.251058379593295;0.28501919235313256;0.29357254802761934;0.2167066727172884;0.16729351925773098;0.3495126600000023;0.0;0.22213318652733122;0.0;0.0;0.25093372031577243;0.0;0.0;0.35820051972248423;0.2511540769672426;0.0;0.124562946611703;0.0;0.0;0.0;0.6549498273950874;0.27746578058111393;0.2165976812492353;0.2060522956734652
GO:0061048;0.25447399132563747;0.22829819771030543;0.160386681204732;0.19105593756757683;0.21061395235930352;0.30213417277184396;0.20993342489910638;0.11053859325508444;0.11053859325508444;0.0;0.0;0.0;0.0;0.11050543970661335;0.24173688166031324;0.2857003792346944;0.3256752288863276;0.30205826625101995;0.29234450022489167;0.0;0.0;0.2822932292458757;0.24170534796492885;0.3134633397077633;0.28240731005771214;0.20226443689105442;0.2565137591792984;0.47507494665420313;0.36530593012276974;0.17969162184530685;0.19523745524222202;0.22853125394633172;0.22829817592396737;0.2923298513335588;0.0;0.20090292293986986;0.19138952905817147;0.0;0.2282982131231515;0.2563017800443276;0.29235409597846634;0.18641989878935347;0.2730327493221204;0.5375320431991868;0.18593672287964197;0.3134639497644291;0.3134633397077633;0.33368041284023714;0.0;0.16206652258952572;0.27099693063794694;0.2730286772428345;0.22914249797981254;0.0;0.0;0.3134633397077633;0.0;0.0;0.34146597588571576;0.3640216810592904;0.432170521320084;0.13563081827097362;0.0;0.21564258826802274;0.0;0.0;0.20551977042354885;0.0;0.17581271218162334;0.134582516760698;0.0;0.3021442750751725;0.0;0.33029849430961966;0.3256752288863276;0.1613957426290759;0.3134677761615538;0.0;0.126956362066393;0.0;0.16509750493798786;0.3021600047588129;0.2856386777474175;0.17506103682677313;0.2285963470551886;0.2910915976377532;0.24147703518603264;0.29218080764494725;0.0;0.4353078771154543;0.0;0.0;0.0;0.301537686620855;0.0;0.2732458197923545;0.0;0.0;0.0;0.2348205258283841;0.2644827525261537;0.33047952627821076;0.3401058718585077;0.763575355306069;0.23341014399279902;0.3021600047588129;0.30214687842841836;0.15062807056759495;0.0;0.1640866207345034;0.24861326764046565;0.16210131576982542;0.0;0.14907040706367894;0.0;0.0;0.1608904882700396;0.13588663200168757;0.0;0.0;0.0;0.20255175774200015;0.0;0.2022652049287441;0.22829817592396737;0.0;0.10005277186710398;0.29214247171055974;0.2730060707234271;0.3204945440770296;0.0;0.12768350748136872;0.2917536500389643;0.0;0.2011040520344107;0.0;0.19506200417487002;0.36528670441325006;0.21908802593925822;0.3411296444739973;0.0;0.16891196509162112;0.23420060479460733;1.0;0.2644650526286551;0.3652476274200061;0.24693529390213118;0.5083256704337208;0.0;0.0;0.15613068268717148;0.314350220643046;0.0;0.25667576954022525;0.0;0.15615831227120155;0.3205855307667659;0.46034779256293284;0.31435342042630604;0.1534630437454335;0.30202094855958556;0.23548717823743184;0.2923425448646414;0.2282982563705936;0.27041800857819565;0.0;0.0;0.2214314097271015;0.0;0.0;0.0;0.21101122744481887;0.0;0.0;0.0;0.16891196700454877;0.2563289807691225;0.0;0.2284441135623938;0.0;0.2820427878371662;0.1684358787610488;0.0;0.0;0.3340180306317997;0.3030037464022532;0.0;0.0;0.2060720958964854;0.13763995056463924;0.1685289994519882;0.21101123751924233;0.0;0.33028433932379453;0.3134639497644291;0.326538125280709;0.3652862788273374;0.26120713100941895;0.33047839200975615;0.0;0.18836021230760672;0.0;0.0;0.39483675369734483;0.0;0.0;0.47507494665420297;0.3304499844965399;0.0;0.1559426741813837;0.0;0.0;0.0;0.3413687359135653;0.3021600047588129;0.2921412087989851;0.341467718777447
GO:0050729;0.2801546076584388;0.432550257298631;0.17022103429939459;0.2563737046448823;0.22790430876609202;0.3390323831323579;0.22710767031696308;0.20018199064714243;0.20018199064714243;0.0;0.0;0.0;0.0;0.20011946156186505;0.33086814181790714;0.24916888585507987;0.3689592275257041;0.2647959211616091;0.40828831334983573;0.0;0.0;0.3926616866136974;0.33082086505762287;0.3533633006482826;0.31438950330091303;0.2147886148005456;0.3531525202581054;0.30302215689898265;0.3267675804982649;0.33408314975858233;0.21577106465724866;0.3111720425417963;0.4325502123219157;0.3267358550878661;0.0;0.1706676367074469;0.25685448981321657;0.0;0.4325502891176178;0.352830995782757;0.4083032922172432;0.3474928646372867;0.37837557362723495;0.2641983847049818;0.19928430297356026;0.3533640758945028;0.3533633006482826;0.2575717063012985;0.0;0.38232074388962844;0.23525880828840898;0.37836931489474923;0.24534976274500173;0.0;0.0;0.3533633006482826;0.0;0.0;0.3031142447017113;0.3254841277274036;0.34107258427723214;0.1781796834454099;0.0;0.24097102035442305;0.0;0.0;0.27733413656791583;0.0;0.23453617325175402;0.14403080159205348;0.0;0.33904510365177;0.0;0.2921577702149242;0.3689592275257041;0.3399286244994509;0.3533689384022304;0.0;0.1662378329572235;0.0;0.21933812159593907;0.33906491020764623;0.2491102451705769;0.14754810204372437;0.3112686276602606;0.4063335395983359;0.3304786031751662;0.32654967433181226;0.0;0.3253635306771362;0.0;0.0;0.0;0.3302452708076968;0.0;0.3787030885590805;0.0;0.0;0.0;0.32052691686387624;0.36527905436882285;0.2923347598565451;0.48430476504611064;0.31444342947774245;0.20027483000509835;0.33906491020764623;0.33904838173346086;0.19901207788173012;0.0;0.17835117122799918;0.6729180499424972;0.38240791215010217;0.0;0.12465854537151369;0.0;0.0;0.213405093250109;0.24844912119487128;0.0;0.0;0.0;0.25726872159482883;0.0;0.21478948089665875;0.4325502123219157;0.0;0.20589869907849428;0.40797297589481063;0.3783345693410761;0.2826031350202355;0.0;0.23272780774501137;0.32601620604787424;0.0;0.7417072336795215;0.0;0.5170172803765446;0.4082810706421904;0.233858347854743;0.30278312549262276;0.0;0.22473409007281073;0.25115776248960736;0.2644650526286551;1.0;0.3267092909298564;0.27104481246459416;0.3267492026285707;0.0;0.0;0.3674834195113845;0.7872868850981547;0.0;0.7588902479211471;0.0;0.2067542189036281;0.2826915343384242;0.2926341619738013;0.4429510174877963;0.20297686038711457;0.26476008705238574;0.17790207072989964;0.408285261067857;0.4325503783996239;0.29328128128507835;0.0;0.0;0.24062442482918492;0.0;0.0;0.0;0.28535405529785474;0.0;0.0;0.0;0.22473409278281395;0.3528722501139269;0.0;0.3110427514150704;0.0;0.39227393570176156;0.22405975201952388;0.0;0.0;0.25785168961513527;0.7553880965928863;0.0;0.0;0.38706249125762576;0.18095679219314023;0.3985512653569829;0.28535407004239866;0.0;0.2921439321614418;0.3533640758945028;0.5530283271876542;0.4082805389773463;0.28247815187494973;0.2923336508520054;0.0;0.15940076419574678;0.0;0.0;0.3647783976011103;0.0;0.0;0.30302215689898265;0.2923058763296334;0.0;0.16877105668788167;0.0;0.0;0.0;0.303018504360293;0.33906491020764623;0.40797100483280324;0.37875173854428423
GO:0045930;0.3893480195985313;0.3414155882082962;0.2265878554453547;0.27683144010671745;0.310238854415157;0.4825557880167878;0.3090578078983994;0.15007138134447942;0.15007138134447942;0.0;0.0;0.0;0.0;0.1500224777465616;0.3657507407130421;0.4759602447080667;0.5316797249536389;0.508957966207093;0.4627487147092142;0.0;0.0;0.3543557244034894;0.36569297080320506;0.5059281111073325;0.4430018709321184;0.22896442655050722;0.3146599904214048;0.5914331522698547;0.6439612717706615;0.20641126153284045;0.24112821304799442;0.34183280703740393;0.34141554921408623;0.4627193413438118;0.0;0.2725968057925723;0.27739210055808455;0.0;0.3414156157949322;0.31434107649161735;0.46276795615253896;0.26907196602156347;0.3398850169556188;0.5076886722475671;0.2682667039791205;0.5059293829362715;0.5059281111073325;0.27822878384742483;0.0;0.22927476919543627;0.6941718656320922;0.33987870666740944;0.3673958737165714;0.0;0.0;0.5059281111073325;0.0;0.0;0.5916349148880362;0.460711248567241;0.3027231734854022;0.18782649288902056;0.0;0.2730370826160873;0.0;0.0;0.30143096350517756;0.0;0.25154163302265237;0.15490453524076275;0.0;0.48257641206784174;0.0;0.4079913534205916;0.5316797249536389;0.22820097113646418;0.5059373601340599;0.0;0.17460452999573428;0.0;0.2341415124753824;0.48260852529040504;0.4758371887751772;0.2709502046596538;0.34194936711849305;0.46023928068703157;0.36527479527515866;0.46242052959511304;0.0;0.46051788818825834;0.0;0.0;0.0;0.507896228000608;0.0;0.4251083411500842;0.0;0.0;0.0;0.35315557718438656;0.32673630338014736;0.4082676019646363;0.45047721920488815;0.3546040811438722;0.37530237417848733;0.48260852529040504;0.48258172692690726;0.21112319048229541;0.0;0.19532984445345877;0.3028542208789051;0.2293304988722653;0.0;0.22694095824750682;0.0;0.0;0.22739292486436544;0.18821919538969553;0.0;0.0;0.0;0.31912457465991184;0.0;0.2289654107422479;0.34141554921408623;0.0;0.13472964188380107;0.37001480359191247;0.3398436753652256;0.5470634226309069;0.0;0.1757058866634309;0.46156458841864545;0.0;0.23517473738522363;0.0;0.2835850800716938;0.3703315044514146;0.2507621136317428;0.4246456446473561;0.0;0.24030064696900122;0.37677176715260613;0.3652476274200061;0.3267092909298564;1.0;0.375317906586726;0.46274076529182134;0.0;0.0;0.21981316573865797;0.4063764649526358;0.0;0.24109610342237797;0.0;0.21985699550354984;0.5472539448281144;0.4087350036832998;0.5077852634075815;0.2155906357136958;0.5088818299482604;0.26093800715875;0.46274479385437634;0.3414156932012395;0.44579831660948305;0.0;0.0;0.329197426247698;0.0;0.0;0.0;0.3109289514291509;0.0;0.0;0.0;0.24030065006743187;0.3143819921874297;0.0;0.3416767881121527;0.0;0.4422842513515086;0.23952981559773476;0.0;0.0;0.2785555054244934;0.38761246403158;0.0;0.0;0.3023822703773346;0.1909150586243171;0.23968053996354308;0.3109289689350964;0.0;0.4079697564025331;0.5059293829362715;0.42697878991704186;0.3703309578804871;0.2461070395060623;0.5681164716977989;0.0;0.2940415900797844;0.0;0.0;0.4076406802995997;0.0;0.0;0.5914331522698547;0.4082225173602322;0.0;0.1838973539110341;0.0;0.0;0.0;0.5914251499370642;0.48260852529040504;0.37001277767680096;0.3402643274272493
GO:0008630;0.7207002569702594;0.2913707757649468;0.48929895065139695;0.24299104600497962;0.26835592030691874;0.6213966228547798;0.2674717819196937;0.13953682057382066;0.13953682057382066;0.1927825447470458;0.1869650113746919;0.17638580435103826;0.0;0.13949454080219814;0.3089114168225128;0.29182512863493115;0.590778757744752;0.308912857003985;0.3753652899524819;0.22241427527387972;0.0;0.2898025972251316;0.3088702061368753;0.6453875115497337;0.3622665577242317;0.20531510707175699;0.2626991914042702;0.3501533983313997;0.37537946881953077;0.18270517833212077;0.20008959128946555;0.2916745922971028;0.29137074736448365;0.3753459624074823;0.22211838870929482;0.20391235551893078;0.24342290516218282;0.1928602986953077;0.29137079585698644;0.26247687034500433;0.37537795048623307;0.3337700714140155;0.2800513919407022;0.3082619289279758;0.378264763753082;0.5679711020944321;0.6453875115497337;0.2440669786382751;0.0;0.20556461620479338;0.2765014138264782;0.2800471078165746;0.233065683057532;0.32743971744391;0.1475349693987751;0.6453875115497337;0.0;0.17638580435103826;0.3502518026761789;0.29933197705009273;0.25432674996800064;0.1716109472276237;0.22944758857883435;0.22157737732666444;0.22926975916349218;0.2218601005652296;0.26174031363395034;0.0;0.22328622766138143;0.28175710168069623;0.44205521284360194;0.6214179928496063;0.20659456086980285;0.27091210504360475;0.590778757744752;0.20470100711956674;0.5679782406144473;0.20021006368846822;0.16050592015178752;0.15017302052394463;0.20946826145333905;0.5469049947973441;0.29176075361753445;0.17734166826781658;0.29175945128121006;0.3737124206214094;0.30857183651864906;0.37514931925838596;0.0;0.37389609605820273;0.0;0.23911113679053664;0.23033741597323595;0.30836840361783635;0.2753535779593883;0.35021203165746284;0.35035249007309666;0.2063415023538972;0.35035249007309666;0.29987842317316293;0.27106340407851454;0.27106428261788024;0.35106568533648125;0.28996868824273103;0.23748212242977654;0.5469049947973441;0.5468805586169796;0.190852711778368;0.2068274352895548;0.22856365538062756;0.25441923918016573;0.20560941432612403;0.27544536388033786;0.18321821905590716;0.20683209818618886;0.33370717794385857;0.2480464077470083;0.17193871146158157;0.35035249007309666;0.3754691774118194;0.35035249007309666;0.205611166708034;0.2389863690254897;0.2053158984521931;0.29137074736448365;0.1997424403425405;0.12617750173417996;0.3001924577500796;0.2800233241706364;0.3282221205044745;0.2596796337883254;0.16143612359543358;0.599459613827708;0.33434883798428083;0.2048861615374857;0.21339913365158014;0.3495251714015802;0.30040087826158546;0.22267178374341526;0.28002420196460687;0.26812346608428766;0.21438409441574482;0.23830045227018892;0.24693529390213118;0.27104481246459416;0.375317906586726;1.0;0.30040159142593176;0.2205604516672369;0.1927821763663944;0.1979261473959721;0.3236901569379144;0.24917549989027749;0.20936597340691396;0.37547162046762084;0.1979616826528473;0.3283175483788398;0.33902391086663275;0.4044640024553223;0.1944960759423462;0.30887382650807527;0.17135341124830955;0.3753627100740722;0.29137085223394116;0.2758987609652424;0.2054682740101129;0.20651833634963288;0.2824250554996062;0.23058443387564104;0.23946041846570448;0.2145312151588308;0.26887211048296317;0.3081564690253308;0.35026376530066167;0.25999552329752873;0.2143840968818808;0.2625053976286464;0.0;0.2915609928847844;0.35035249007309666;0.3617865282769957;0.2137703537529598;0.20543294709890877;0.0;0.24431835772167476;0.31167230444903327;0.29744308075236914;0.29744114895368723;0.2624572914358887;0.1741855902825782;0.21389039482594424;0.2688721235734186;0.36117829824570785;0.27090020637305934;0.5679711020944321;0.3366279762734102;0.3004005186218035;0.21313443733936155;0.33870109281454147;0.23860161670874813;0.19100313517467676;0.22180840769473903;0.20709824847328645;0.33827069227440076;0.23908603299646225;0.19867266025356145;0.3501533983313997;0.271039449170044;0.2592115591117186;0.21699552006391995;0.23069652551052428;0.23860161670874813;0.18696586337416077;0.35014949516281463;0.5469049947973441;0.3001911242807038;0.2803088585714733
GO:0032715;0.31163249530200826;0.2732636619409295;0.1813511208961606;0.2215672444657109;0.24830797846166822;0.38624636906731646;0.2473626088198272;0.12010789390653107;0.12010789390653107;0.0;0.0;0.0;0.0;0.12006875272070817;0.29274326668714273;0.3420745964869071;0.42557231166693105;0.3657927910686387;0.3703902343828578;0.0;0.0;0.3544026771106774;0.292697023164114;0.40495683102110236;0.35458250228976745;0.2738319768704283;0.31469701229007657;0.4250760081703584;0.46283435064994893;0.20642719185225533;0.24115763137091942;0.2735976314820392;0.2732636307273891;0.3703667202944314;0.0;0.2272367314885091;0.22201601683981542;0.0;0.2732636840230944;0.31437802334916637;0.3704056376231802;0.2153563035497859;0.33992821294465575;0.5077591453764165;0.2147117467029536;0.4049578491772066;0.40495683102110236;0.27825194811815696;0.0;0.18350175800566415;0.32120801906179847;0.33992190105241027;0.2640427696331533;0.0;0.0;0.40495683102110236;0.0;0.0;0.4252210378493779;0.46077476642825527;0.3783037564548516;0.1503264589272105;0.0;0.27307480265542305;0.0;0.0;0.24125771113248876;0.0;0.20132454864711322;0.1549166755898684;0.0;0.38626287931426423;0.0;0.40804116534259743;0.42557231166693105;0.18264227709810557;0.40496423528181263;0.0;0.13974374145856275;0.0;0.18739716490423414;0.386288587030066;0.3419861466291564;0.19472444808366582;0.2736909338938555;0.36838137333147963;0.2923622830379544;0.37012751429622753;0.0;0.36860440505068587;0.0;0.0;0.0;0.36502962666884375;0.0;0.3402585454016133;0.0;0.0;0.0;0.28266115731297636;0.32677622167936704;0.40831748136832047;0.45055310194564896;0.4431463135260908;0.26972553014725087;0.386288587030066;0.3862671340378448;0.1689730898898462;0.0;0.19534914852864588;0.3028885166546054;0.18354636472571553;0.0;0.16309467158092403;0.0;0.0;0.18199550748773863;0.1506407750826823;0.0;0.0;0.0;0.2293484165802597;0.0;0.273833154003657;0.2732636307273891;0.0;0.10782881521298651;0.3700659979939007;0.3398868608460281;0.3931827564525275;0.0;0.14062525234077564;0.3694423130159581;0.0;0.23519541706044164;0.0;0.22697310580336882;0.553455897744123;0.2999030645085647;0.4246996065052327;0.0;0.19232703540975501;0.27078165165750184;0.5083256704337208;0.3267492026285707;0.46274076529182134;0.30040159142593176;1.0;0.0;0.0;0.1759285955777551;0.40643821641915473;0.0;0.3012833767085172;0.0;0.17596367726288492;0.39331970375225994;0.4087849973673803;0.40644356555209926;0.17254885397883588;0.36573806524805963;0.33332909581156595;0.3703870956438402;0.2732637459842139;0.32039501587686714;0.0;0.0;0.26348347411128303;0.0;0.0;0.0;0.24886036748529108;0.0;0.0;0.0;0.19232703788979333;0.3144189486644255;0.0;0.27347274360712065;0.0;0.35400803739134384;0.19171004856314622;0.0;0.0;0.27857872413263074;0.3876686441435044;0.0;0.0;0.24201918196146516;0.15279852592267165;0.19183069094665298;0.24886038149795012;0.0;0.40801956305076936;0.4049578491772066;0.42704696193185293;0.6431899015217319;0.30754581997455066;0.4083157498689749;0.0;0.21132063997864417;0.0;0.0;0.3262756489924034;0.0;0.0;0.4250760081703584;0.40827238574758123;0.0;0.18391446431410527;0.0;0.0;0.0;0.42507025598636056;0.386288587030066;0.37006397151815;0.5085151527641442
GO:0002522;0.22875084533850185;0.0;0.13349498661472672;0.0;0.0;0.2830639136679556;0.0;0.0;0.0;0.6980859964744563;0.6731965942349796;0.6286482504156411;0.0;0.0;0.0;0.0;0.31161979683217794;0.0;0.0;0.0;0.0;0.0;0.0;0.29665624838973853;0.0;0.0;0.0;0.0;0.0;0.0;0.0;0.0;0.0;0.0;0.2717055310585511;0.0;0.0;0.31272396523384777;0.0;0.0;0.0;0.27046819260676297;0.0;0.0;0.15793797782601934;0.2966569877371969;0.29665624838973853;0.0;0.0;0.0;0.0;0.0;0.0;0.2297868594963223;0.1678864870069575;0.29665624838973853;0.0;0.6286482504156411;0.0;0.0;0.0;0.0;0.2827538329656316;0.0;0.6664782997105883;0.2713191465787162;0.0;0.0;0.0;0.1542131737838659;0.2212162548282242;0.28307591248112973;0.24883359571737146;0.0;0.31161979683217794;0.0;0.2966616250903843;0.4091424620911261;0.0;0.2924954572183382;0.0;0.283094595532872;0.0;0.0;0.0;0.0;0.0;0.0;0.0;0.0;0.0;0.40605655325828244;0.0;0.0;0.18760020980835937;0.0;0.2491581138134331;0.7572079672979621;0.2491581138134331;0.0;0.0;0.0;0.0;0.0;0.0;0.283094595532872;0.28307900459783975;0.0;0.42543408710307423;0.194231828729994;0.0;0.0;0.18767238700580058;0.09618722491432144;0.0;0.3120658533209399;0.13396745693840015;0.0;0.2491581138134331;0.27099745565221933;0.2491581138134331;0.0;0.29738091929374005;0.0;0.0;0.7282368084915295;0.0;0.0;0.0;0.0;0.3301146822927867;0.0;0.2708471402005932;0.0;0.0;0.2587719754075326;0.22776195705254587;0.0;0.0;0.0;0.0;0.0;0.0;0.0;0.0;0.0;0.2205604516672369;0.0;1.0;0.6980844114648962;0.0;0.0;0.0;0.0;0.27099961157051905;0.0;0.0;0.0;0.0;0.0;0.0;0.0;0.0;0.0;0.0;0.24720150054929826;0.24872302447144426;0.0;0.2844822621044472;0.2981152879251977;0.0;0.0;0.21387642313906055;0.24908210245928886;0.0;0.0;0.0;0.0;0.0;0.2491581138134331;0.0;0.0;0.1346908620042835;0.0;0.0;0.0;0.2706131593302656;0.2706110109979179;0.0;0.0;0.0;0.0;0.2584922129475299;0.0;0.2966569877371969;0.0;0.0;0.0;0.0;0.0;0.0;0.0;0.0;0.0;0.7019898905510373;0.40538776315396635;0.0;0.0;0.3293586214111341;0.1829237883045657;0.2846528990103912;0.0;0.6732002187976953;0.0;0.283094595532872;0.0;0.0
GO:0002407;0.1990102945909377;0.0;0.12278654003973712;0.0;0.0;0.2388876516977408;0.0;0.0;0.0;0.8719646711279567;0.844796550506727;0.7955317705505223;0.0;0.0;0.0;0.0;0.25891067773765186;0.0;0.0;0.0;0.0;0.0;0.0;0.24849646994343938;0.0;0.0;0.0;0.0;0.0;0.0;0.0;0.0;0.0;0.0;0.23074692579138406;0.0;0.0;0.2720000473384695;0.0;0.0;0.0;0.1958870557797816;0.0;0.0;0.1431660439764239;0.24849698872180367;0.24849646994343938;0.0;0.0;0.0;0.0;0.0;0.0;0.19979396908148603;0.1512927357997819;0.24849646994343938;0.0;0.7955317705505223;0.0;0.0;0.0;0.0;0.23866676610953474;0.0;0.803132901105829;0.23046819325120463;0.0;0.0;0.0;0.14009865140974206;0.19328300526011077;0.23889619751903543;0.2140389386472744;0.0;0.25891067773765186;0.0;0.24850024260655765;0.2827273406314248;0.0;0.21023460578783873;0.0;0.23890950377843695;0.0;0.0;0.0;0.0;0.0;0.0;0.0;0.0;0.0;0.3399657412004681;0.0;0.0;0.16711839931811515;0.0;0.2142790027781362;0.65146116181145;0.2142790027781362;0.0;0.0;0.0;0.0;0.0;0.0;0.23890950377843695;0.23889839977492394;0.0;0.29240920453040065;0.1723607800819173;0.0;0.0;0.16717567412950857;0.09050029166834941;0.0;0.2592185244833329;0.12318613763501261;0.0;0.2142790027781362;0.2302360385636349;0.2142790027781362;0.0;0.2490047488395194;0.0;0.0;0.6299016299245526;0.0;0.0;0.0;0.0;0.2715511522373163;0.0;0.23012753199184377;0.0;0.0;0.22135141404161113;0.2053678824641101;0.0;0.0;0.0;0.0;0.0;0.0;0.0;0.0;0.0;0.1927821763663944;0.0;0.6980844114648962;1.0;0.0;0.0;0.0;0.0;0.23023759470110733;0.0;0.0;0.0;0.0;0.0;0.0;0.0;0.0;0.0;0.0;0.21283025813039422;0.21395712293115937;0.0;0.2398970483042853;0.24951941871588365;0.0;0.0;0.18765618923423247;0.21422278079231624;0.0;0.0;0.0;0.0;0.0;0.2142790027781362;0.0;0.0;0.12379752703942044;0.0;0.0;0.0;0.2299585947450641;0.22995704341769468;0.0;0.0;0.0;0.0;0.2211466812258875;0.0;0.24849698872180367;0.0;0.0;0.0;0.0;0.0;0.0;0.0;0.0;0.0;0.5877447039001532;0.2804811635191542;0.0;0.0;0.27103934446146377;0.1633972327823365;0.2400183792456337;0.0;0.8448005253564399;0.0;0.23890950377843695;0.0;0.0
GO:0010820;0.20176024065657538;0.3353724820441866;0.14703112894979714;0.199939983774723;0.1782116786661753;0.22420112605194903;0.21333180791610823;0.1970024474070262;0.1970024474070262;0.0;0.0;0.0;0.0;0.196955182963972;0.27167632445937334;0.18826648594975712;0.2342571471607547;0.19523360534142806;0.30590340294189816;0.0;0.0;0.25819637724761146;0.27165341745332594;0.22911885005853574;0.2152709577906485;0.20598840693142792;0.20278341316397921;0.2109348054498431;0.21983428086479945;0.2846483045978986;0.12217837307463231;0.2618948363333099;0.3353724609434694;0.21982278891311066;0.0;0.1472975789538791;0.23219623033911121;0.0;0.33537249697198623;0.20267736023539912;0.30590944531922654;0.3248571629262788;0.21085441380242304;0.19497340546858674;0.1635158438948043;0.22911911089729467;0.22911885005853574;0.29810617159525904;0.0;0.8042849096236118;0.18176767812335007;0.210852470193976;0.1942658172147159;0.0;0.0;0.22911885005853574;0.0;0.0;0.21097051180762166;0.2193685499509643;0.19874159555435858;0.1804384083890543;0.0;0.12986862065708624;0.0;0.0;0.31256112909745476;0.0;0.21867781371893916;0.09530006548989331;0.0;0.22420557794331666;0.0;0.1653854477082152;0.2342571471607547;0.26338863729277673;0.22912074692042247;0.0;0.17147418218063296;0.0;0.26780907452590264;0.22421250947259788;0.18823969105722488;0.13291257047136484;0.26194399625491604;0.26304745998073453;0.3104479530265628;0.26363991851934737;0.0;0.219324701517761;0.0;0.0;0.0;0.2339602028576033;0.0;0.2935557209536243;0.0;0.0;0.0;0.5983705404454586;0.20672411136217747;0.16544214905921806;0.28807390876847605;0.1722980766161388;0.16404863073359702;0.22421250947259788;0.22420672517157997;0.1953173813660265;0.0;0.10920453727936284;0.3545123614024724;0.9162191268046227;0.0;0.14081470632578288;0.0;0.0;0.2050721424743193;0.23155148626861635;0.0;0.0;0.0;0.5211180632040772;0.0;0.20598897937158261;0.3353724609434694;0.0;0.1817652543924799;0.21973797121345687;0.25294623737155053;0.20277282152617926;0.0;0.2207073440696667;0.21956183218672912;0.0;0.3746319956871917;0.0;0.33530438422444975;0.21982731830612903;0.24957499902415925;0.21084207793548423;0.0;0.2124685449095754;0.19727670647685902;0.15613068268717148;0.3674834195113845;0.21981316573865797;0.1979261473959721;0.1759285955777551;0.0;0.0;1.0;0.2744727288669345;0.0;0.31147653143687226;0.0;0.20061565617829258;0.20280923908136037;0.20684428782457892;0.31935905770534506;0.1980457390260146;0.19521801479118212;0.20711481730829073;0.3059021716461743;0.3353725388584158;0.21775354883121284;0.0;0.0;0.25792102677325224;0.0;0.0;0.0;0.6946789511461083;0.0;0.0;0.0;0.21246854665027035;0.24316785409730277;0.0;0.2994033982346902;0.0;0.25805656727472054;0.2120349855845618;0.0;0.0;0.23278105994299533;0.26859606121260937;0.0;0.0;0.3131073441649276;0.18247637445068374;0.8275004037024751;0.6946789735920377;0.0;0.16538101321867696;0.22911911089729464;0.3724120764954281;0.21982716417759815;0.177310344562991;0.20672407647366567;0.0;0.14044102985228243;0.0;0.0;0.28744345722053405;0.0;0.0;0.21093480544984305;0.20671296061080144;0.0;0.10553644779679339;0.0;0.0;0.0;0.2109333890070579;0.22421250947259785;0.21973739940748976;0.21097117710866153
GO:0050727;0.33676780993967625;0.3653625241447106;0.18958560943416247;0.2339838370555619;0.26400871221691125;0.4256191995131649;0.26294026694065303;0.1545231653342145;0.1545231653342145;0.0;0.0;0.0;0.0;0.15447131780732362;0.31481592410425147;0.2929725120270094;0.4738721362479019;0.31481779310324715;0.40644587935890286;0.0;0.0;0.38727475835642;0.3147624448559071;0.448451410887187;0.38748949953728423;0.19166550402460716;0.340349453026018;0.37036542735860334;0.40646665193597903;0.2713520903177095;0.26160322894989974;0.29278295558130557;0.36536247948854517;0.406417564665868;0.0;0.19013976920119388;0.23448437385938248;0.0;0.3653625557369239;0.33997637074928366;0.4064644274937259;0.28372788587431486;0.3700558825198148;0.3139735349351699;0.2263516814633239;0.44845265950008695;0.448451410887187;0.23523154527077444;0.0;0.2868310387031613;0.2739286846697313;0.37004840221898827;0.2781184455571069;0.0;0.0;0.448451410887187;0.0;0.0;0.3705030036353481;0.4044826780003106;0.326427101144464;0.15594089935590502;0.0;0.29958797565733963;0.0;0.0;0.25605295079463114;0.0;0.21152376781093485;0.16310551815725224;0.0;0.42563924742127285;0.0;0.35426377045718804;0.4738721362479019;0.2854261313194939;0.4484604910970469;0.0;0.1445827900615593;0.0;0.19620319377412096;0.425670463893577;0.29289144445008;0.16188045238766244;0.2928898045094781;0.5048443016903073;0.31437536591580717;0.4061295425805793;0.0;0.4042964530542861;0.0;0.0;0.0;0.3924910510436129;0.0;0.37044739792597176;0.0;0.0;0.0;0.3031863272258733;0.3545225365971764;0.3545240394192991;0.6310773240315619;0.38757142157639424;0.22763041745188348;0.425670463893577;0.4256444138355061;0.17609977145911898;0.0;0.2085524492814379;0.5674331692110952;0.28690396935634777;0.0;0.13473710941020473;0.0;0.0;0.190289956677737;0.19527511159445982;0.0;0.0;0.0;0.28690682231486475;0.0;0.19166636576711787;0.36536247948854517;0.0;0.16541118486691786;0.40605547816087356;0.37000687608885413;0.3403121735911769;0.0;0.18183951100885576;0.4053047088891183;0.0;0.5535244917365533;0.0;0.4170371414031915;0.4064369109281771;0.21083511065425778;0.370008408672571;0.0;0.20161396076871502;0.28560514079496674;0.314350220643046;0.7872868850981547;0.4063764649526358;0.3236901569379144;0.40643821641915473;0.0;0.0;0.2744727288669345;1.0;0.0;0.5683169506688266;0.0;0.1837057415905083;0.3404403705363532;0.3549644725312783;0.45027538237441167;0.17998699166951165;0.3147671428677476;0.19452049816859737;0.4064420997989173;0.36536264438262256;0.3413584071865871;0.0;0.0;0.2812305537989332;0.0;0.0;0.0;0.2646332537186266;0.0;0.0;0.0;0.2016139634940439;0.3400242326284545;0.0;0.2926399433149022;0.0;0.483321702570398;0.2009360552575908;0.0;0.0;0.23552338165290293;0.9490927439841474;0.0;0.0;0.3210171761446358;0.15860270454786174;0.3004769149785832;0.2646332695638335;0.0;0.3542434239797791;0.44845265950008695;0.7108879383053476;0.40643625258637817;0.26154760572445745;0.35452240838371685;0.0;0.17625981365001336;0.0;0.0;0.353933425142772;0.0;0.0;0.37036542735860334;0.35448156068607833;0.0;0.19557118677916843;0.0;0.0;0.0;0.3703599709640027;0.425670463893577;0.40605303836461576;0.3705055675621448
GO:0034698;0.2596795683933248;0.0;0.14346689196195386;0.0;0.0;0.0;0.0;0.0;0.0;0.0;0.0;0.0;0.0;0.0;0.0;0.0;0.0;0.0;0.0;0.5321747789276001;0.0;0.0;0.0;0.0;0.0;0.0;0.0;0.0;0.0;0.0;0.0;0.0;0.0;0.0;0.0;0.0;0.0;0.0;0.0;0.0;0.0;0.0;0.0;0.0;0.0;0.0;0.0;0.0;0.0;0.0;0.0;0.0;0.0;0.5277497888130174;0.0;0.0;0.0;0.0;0.0;0.0;0.0;0.0;0.0;0.0;0.0;0.0;0.0;0.0;0.0;0.2814235716591276;0.33590188643411384;0.0;0.0;0.0;0.0;0.0;0.0;0.0;0.0;0.0;0.0;0.0;0.0;0.0;0.0;0.0;0.0;0.0;0.0;0.0;0.0;0.0;0.559617539752428;0.0;0.42037157901109834;0.0;0.48051668058604485;0.0;0.48051668058604485;0.0;0.0;0.0;0.0;0.0;0.0;0.0;0.0;0.0;0.0;0.0;0.0;0.0;0.3490958895275167;0.0;0.48056135754863766;0.37260835133816456;0.0;0.0;0.48051668058604485;0.5295544071955632;0.48051668058604485;0.0;0.0;0.0;0.0;0.0;0.0;0.0;0.0;0.0;0.0;0.0;0.0;0.37368418984274343;0.0;0.0;0.0;0.0;0.0;0.0;0.27258518473147947;0.0;0.0;0.0;0.0;0.0;0.24917549989027749;0.0;0.0;0.0;0.0;0.0;1.0;0.0;0.5295593121568958;0.0;0.0;0.0;0.0;0.0;0.0;0.0;0.0;0.0;0.0;0.0;0.0;0.0;0.0;0.0;0.7071083598298389;0.0;0.4866292772782957;0.3845194649600633;0.5365777779536586;0.0;0.0;0.0;0.0;0.48051668058604485;0.0;0.0;0.33994604003077744;0.0;0.0;0.0;0.31499604242860946;0.3149931316225259;0.0;0.0;0.0;0.0;0.2986929417129009;0.0;0.0;0.0;0.0;0.0;0.0;0.3510287927448691;0.0;0.5301104936489714;0.6731758964539644;0.0;0.0;0.0;0.0;0.0;0.0;0.0;0.0;0.3510287927448691;0.0;0.0;0.0;0.0;0.0
GO:0031622;0.21476020584253655;0.3404911579759651;0.14364486814293084;0.20962586839432687;0.18265824469059927;0.24774126543014863;0.22968294410875692;0.1779195404808601;0.1779195404808601;0.0;0.0;0.0;0.0;0.17787014417722674;0.2569241302785156;0.19606917828718026;0.2633502042300296;0.20561781938224954;0.3012867465348282;0.0;0.0;0.29269127770070424;0.2568956226256347;0.25530738319939134;0.23432010276707435;0.2518447887596978;0.2701618178785474;0.2279468689454144;0.24112784495907078;0.2763705494975821;0.16379280832043305;0.24488772999690112;0.3404911301066514;0.24111056928093128;0.0;0.14396277286486622;0.2537976332133725;0.0;0.3404911776922401;0.26997361325562275;0.30129490298069306;0.28548421193423495;0.28467932873789775;0.25647469555008234;0.16380404933226342;0.2553077878901209;0.25530738319939134;0.292826999451552;0.0;0.32207069112952574;0.187352353232222;0.28467578587905285;0.20219741722623485;0.0;0.0;0.25530738319939134;0.0;0.0;0.22799897496576627;0.30317557788333976;0.3660370661631596;0.15426957116020318;0.0;0.17791666191530275;0.0;0.0;0.22343341159741592;0.0;0.1947957511958534;0.16082667516354576;0.0;0.24774805769787311;0.0;0.2217439125888852;0.2633502042300296;0.28655760516325207;0.2553103261844542;0.0;0.1755710967688422;0.0;0.18419535458312533;0.24775863336310042;0.19603286614668317;0.12715610198484417;0.24494754558994525;0.30022096565791256;0.25668918608515046;0.24100916914125664;0.0;0.30309259303118624;0.0;0.0;0.0;0.2565483960521363;0.0;0.2848646834831272;0.0;0.0;0.0;0.25064476058353313;0.2772017679441758;0.22184585454780292;0.3407546154618653;0.2928268489547674;0.16447267842104954;0.24775863336310042;0.24774980804507432;0.16964483147730408;0.0;0.19118583315607393;0.5189077929965497;0.32213254821602955;0.0;0.13843534844246103;0.0;0.0;0.2175870924340709;0.21505225116350593;0.0;0.0;0.0;0.2167175671679511;0.0;0.2518456444129027;0.3404911301066514;0.0;0.18502541381529536;0.30111499934889185;0.284656117056987;0.21619613147044947;0.0;0.20317237964851118;0.24071845703541467;0.0;0.6002565036138917;0.0;0.4210116961629412;0.4192622862756201;0.27042491655400025;0.22781158123606873;0.0;0.18798579821004918;0.2061256939666128;0.25667576954022525;0.7588902479211471;0.24109610342237797;0.20936597340691396;0.3012833767085172;0.0;0.0;0.31147653143687226;0.5683169506688266;0.0;1.0;0.0;0.17523850926185536;0.21624786342422564;0.27741789802832295;0.31975099880046565;0.17251737674912887;0.20559621167615785;0.18482710400757155;0.3012850844558347;0.34049123301482126;0.23366978049072384;0.0;0.0;0.19073949847167312;0.0;0.0;0.0;0.22860978407384072;0.0;0.0;0.0;0.18798580010623975;0.26999776601769987;0.0;0.24480764704558944;0.0;0.29247577906035915;0.18751373193056184;0.0;0.0;0.2930869915909749;0.5515052632570294;0.0;0.0;0.3116598927248474;0.156347016883884;0.3335122012923528;0.2286097935373643;0.0;0.22173594093393062;0.2553077878901209;0.39439331677187267;0.4192618833918773;0.36291946115377066;0.22184521587938474;0.0;0.13586228943482556;0.0;0.0;0.27691334746401086;0.0;0.0;0.2279468689454144;0.22182922033360852;0.0;0.18295847645390093;0.0;0.0;0.0;0.2279448020685031;0.24775863336310042;0.3011139255997679;0.3964532930461226
GO:0071407;0.3894857684262914;0.0;0.22681468550148112;0.0;0.0;0.2848550497113713;0.0;0.0;0.0;0.23023812013210965;0.221988782219338;0.2072311966749397;0.0;0.0;0.0;0.0;0.3137919325530099;0.0;0.0;0.5498020161262854;0.0;0.0;0.0;0.2986241280572917;0.0;0.0;0.0;0.0;0.0;0.0;0.0;0.0;0.0;0.0;0.2733553878977149;0.0;0.0;0.23034903136386878;0.0;0.0;0.0;0.15896928144090236;0.0;0.0;0.15849403524496905;0.2986248772462714;0.2986241280572917;0.0;0.0;0.0;0.0;0.0;0.0;0.6970413864171158;0.16851494217365715;0.2986241280572917;0.0;0.2072311966749397;0.0;0.0;0.0;0.0;0.28454103459129143;0.0;0.2842676049423838;0.2729643001220409;0.0;0.0;0.0;0.4670062013824866;0.5249984505071446;0.28486720085737643;0.25021666965731426;0.0;0.3137919325530099;0.0;0.2986295763282539;0.24091209023103058;0.0;0.17196539259942203;0.0;0.28488612111573475;0.0;0.0;0.0;0.0;0.0;0.0;0.0;0.0;0.0;0.29955424970069144;0.479864390948114;0.0;0.5685357954033101;0.0;0.7561296857323516;0.2498455590576784;0.7561296857323516;0.0;0.0;0.0;0.0;0.0;0.0;0.28488612111573475;0.2848703322315997;0.0;0.2505583499067051;0.1950734928293058;0.0;0.0;0.5687554492530302;0.09639318538274996;0.42054141023929614;0.3142442336720648;0.1343673216855734;0.0;0.7561296857323516;0.8228077659229073;0.7561296857323516;0.0;0.2993584570088107;0.0;0.0;0.24023532911066928;0.0;0.0;0.0;0.0;0.33255331427218554;0.0;0.2724865573736221;0.3150090905554554;0.0;0.260268067308589;0.16753404911414338;0.0;0.0;0.0;0.23997889920541973;0.0;0.0;0.0;0.0;0.0;0.37547162046762084;0.0;0.27099961157051905;0.23023759470110733;0.0;0.0;0.5295593121568958;0.0;1.0;0.0;0.0;0.0;0.0;0.0;0.0;0.0;0.0;0.0;0.0;0.24856644111353046;0.250104866111085;0.0;0.28629145017219204;0.3001026372135264;0.5260077096249046;0.0;0.6485478667334496;0.5914986394261881;0.44749448796048646;0.0;0.0;0.0;0.0;0.7561296857323516;0.0;0.0;0.4955055273725515;0.0;0.0;0.0;0.27224973663219065;0.27224756223659186;0.0;0.0;0.0;0.0;0.44041777098193646;0.0;0.2986248772462714;0.0;0.0;0.0;0.0;0.2987550067824637;0.0;0.45800410155210053;0.42119716092306914;0.0;0.29951485124490246;0.23868951853020054;0.0;0.0;0.33178605472647826;0.1836701147451405;0.28646426499718164;0.2987550067824637;0.22198998332460582;0.0;0.28488612111573475;0.0;0.0
GO:0045948;0.2017971661069966;0.26176339809353294;0.14705073777842423;0.5239850489690384;0.5247201253743969;0.22424672334351337;0.1778500136552259;0.42995726015000274;0.42995726015000274;0.0;0.0;0.0;0.0;0.42985409530815455;0.27172443687289116;0.1882986370133307;0.23430692695869657;0.19526818026308532;0.3059644032268374;0.0;0.0;0.2152599155770052;0.2717015217530528;0.22916646980150496;0.21531299470557777;0.6898551967909046;0.5163501341211216;0.21097516578229142;0.21987811905145935;0.15963481366736612;0.12220126781449552;0.2619395463322737;0.26176338162128776;0.2198666225161053;0.0;0.37712733471282217;0.5535800381544583;0.0;0.26176340974689866;0.2027146221757942;0.30597044801425416;0.19655725020044057;0.2108947433734663;0.1950078882832559;0.1635400965471422;0.22916673074869992;0.22916646980150496;0.23265228972483887;0.0;0.206196533298801;0.18179764766289122;0.2108927990214538;0.16195278391626308;0.0;0.0;0.22916646980150496;0.0;0.0;0.2110108858066658;0.17559613281692193;0.1987774242487132;0.5046413134461972;0.0;0.1298944885238833;0.0;0.0;0.2439352282827643;0.0;0.6116026559079548;0.095313994348601;0.0;0.22425117704590533;0.0;0.24734033501302546;0.23430692695869657;0.3197510199301321;0.22916836745195912;0.0;0.3853453399047395;0.0;0.2090041742919575;0.22425811139499638;0.18827183296891434;0.3138647191310704;0.261988723041794;0.21930509764180298;0.27153554679818076;0.2197991342622253;0.0;0.21936833668457908;0.0;0.0;0.0;0.19505049282034617;0.0;0.29361189566486157;0.0;0.0;0.0;0.2666472880109475;0.2067628762784287;0.1654731728411056;0.19221219041620016;0.1723317251887827;0.22834623852177693;0.22425811139499638;0.22425232474086562;0.9735865612255836;0.0;0.10922282753443692;0.19882263441888678;0.20622892254777084;0.0;0.11738767237627934;0.0;0.0;0.20509955493613552;0.5053693167336862;0.0;0.0;0.0;0.148201890108647;0.0;0.6898571141504531;0.26176338162128776;0.0;0.396699056721682;0.21978177099358423;0.21088200437124355;0.20281011857891157;0.0;0.48169893536461106;0.21960556176937357;0.0;0.17270898010984667;0.0;0.20287938887376294;0.219871153715683;0.21828500278577753;0.16876971278289973;0.0;0.594234038687073;0.1644632339652523;0.15615831227120155;0.2067542189036281;0.21985699550354984;0.1979616826528473;0.17596367726288492;0.0;0.0;0.20061565617829258;0.1837057415905083;0.0;0.17523850926185536;0.0;1.0;0.2028465495334664;0.2068830978291548;0.31942554299007386;0.6909496888007278;0.1952525841905498;0.1295354375152087;0.30596317143999946;0.26176344244548094;0.18153692825663717;0.0;0.0;0.18433976438929556;0.0;0.0;0.0;0.24834704654977974;0.0;0.0;0.0;0.5942340435561395;0.20272823927615055;0.0;0.261873698342829;0.0;0.2151433323951271;0.6523135682797642;0.0;0.0;0.23281638133650653;0.1797716621289475;0.0;0.0;0.24438234643833992;0.5103416751603931;0.21214917050183918;0.24834705457547637;0.0;0.16541201407421527;0.2291667307486999;0.18780216372954353;0.21987099952567696;0.17733886217412842;0.2067628413768311;0.0;0.41349540423817177;0.0;0.0;0.2874973167898843;0.0;0.0;0.2109751657822914;0.16546391812465513;0.0;0.10555352988254385;0.0;0.0;0.0;0.210973748797411;0.22425811139499632;0.21978119895964163;0.21101155136237135
GO:1905563;0.3390037283650647;0.3020777996448574;0.2085626221707358;0.25039247391473257;0.2774120034590803;0.4075439559994249;0.2764672900070098;0.14194626415738887;0.14194626415738887;0.0;0.0;0.0;0.0;0.1419025118815723;0.3209730610765874;0.42103160337462336;0.44203674965830025;0.44664758752439027;0.5465975357392859;0.0;0.0;0.30315684576875135;0.3209285695991884;0.4240901528322815;0.37896722677461064;0.21057443836776038;0.2736252810241389;0.5089289118824091;0.5473480043349216;0.1879241291566961;0.20867764822813606;0.3024043676859949;0.30207776911877604;0.39330422562518047;0.0;0.2508557397509187;0.25085106715096517;0.0;0.3020778212406758;0.2733840904752745;0.39333934798236236;0.24402733093030038;0.2925027730202247;0.4456697628638326;0.24336481205366559;0.4240910464819138;0.4240901528322815;0.25153510401089213;0.0;0.21083690219482368;0.3981537525804749;0.2924980994771012;0.33378255518441;0.0;0.0;0.4240901528322815;0.0;0.0;0.9302187601869663;0.391852486690531;0.264553933911831;0.1752698956568554;0.0;0.23215780418805107;0.0;0.0;0.27034823168041733;0.0;0.229520523897882;0.14083519797029978;0.0;0.4075586664151092;0.0;0.3530504808121556;0.44203674965830025;0.20992852350109836;0.42409665163727006;0.0;0.1637022356308783;0.0;0.25701279272613226;0.4075815712666571;0.42093530841637344;0.2522183955336931;0.3024955858646344;0.3915110057038723;0.3206064605355319;0.3930883211409007;0.0;0.3917125980934559;0.0;0.0;0.0;0.4458296982191456;0.0;0.4373865707117664;0.0;0.0;0.0;0.3112320198303995;0.2827117580926493;0.35325731965401813;0.3708555568408261;0.3033386013804026;0.3402956705868122;0.4075815712666571;0.407562457286877;0.19538901899843691;0.0;0.17347696282432973;0.2646540126442479;0.21088402799731085;0.0;0.2136507787612565;0.0;0.0;0.2092445058488008;0.17561179945555452;0.0;0.0;0.0;0.29345518633281886;0.0;0.2105752708114068;0.30207776911877604;0.0;0.12814441669946974;0.3145451222506889;0.292472154057148;0.4757273379601901;0.0;0.16466996779904441;0.3924696347933035;0.0;0.21147206615338981;0.0;0.2559048508138819;0.31477395660825663;0.22887133951588465;0.3654532055241305;0.0;0.22012480316079006;0.3415032886742041;0.3205855307667659;0.2826915343384242;0.5472539448281144;0.3283175483788398;0.39331970375225994;0.0;0.0;0.20280923908136037;0.3404403705363532;0.0;0.21624786342422564;0.0;0.2028465495334664;1.0;0.35360719699740295;0.5086491764532914;0.19920937046332104;0.4465889513484805;0.24352048682280877;0.470300662620241;0.3020778818371362;0.39725581347339617;0.0;0.0;0.29247337729223644;0.0;0.0;0.0;0.2779636565588577;0.0;0.0;0.0;0.22012480576076915;0.2734150380612518;0.0;0.30228225837454664;0.0;0.3784419500352101;0.21947780291495167;0.0;0.0;0.25180211060212637;0.32717203652836896;0.0;0.0;0.2711132127101319;0.17795635733610338;0.21960434140160603;0.27796367054955234;0.0;0.3530343086315229;0.4240910464819138;0.3547815016047201;0.3147735617302999;0.2202705188728814;0.4915683138561782;0.0;0.2721101576430663;0.0;0.0;0.35278786283944674;0.0;0.0;0.508928911882409;0.3532235654999513;0.0;0.16440000331113633;0.0;0.0;0.0;0.5089229864459505;0.4075815712666571;0.3145436582229324;0.29278365456593036
GO:1903140;0.35043050931766373;0.3111176443277038;0.21283226416479645;0.25657189616954734;0.2850172610607886;0.4241717133405837;0.2840201319801796;0.14391114360053497;0.14391114360053497;0.0;0.0;0.0;0.0;0.14386617185858194;0.33119831788536525;0.31163572391151717;0.4616660034118022;0.3311999733720485;0.40879120103908256;0.0;0.0;0.3146203538816708;0.3311509467290127;0.4421253598824177;0.3933038670331126;0.2578482354774288;0.28292989603290025;0.5275233996256176;0.40880801762567637;0.1922667312459274;0.21600850640853156;0.31146406148763683;0.3111176119472656;0.4087682781391452;0.0;0.2133910230489905;0.25705342567211925;0.0;0.31111766723539563;0.28267203096889765;0.4088062168287594;0.2498928965620299;0.30316053457554976;0.525859219095452;0.24919819096281484;0.44212633115649014;0.4421253598824177;0.4596885324280718;0.0;0.21520114312671842;0.2942229560664024;0.3031555142560795;0.24553127040967;0.0;0.0;0.4421253598824177;0.0;0.0;0.3791823100780001;0.32588346558797854;0.47515210951527187;0.17827539229577366;0.0;0.24126720062815962;0.0;0.0;0.2775660747393711;0.0;0.23470202849047805;0.14413656186538606;0.0;0.42418764863449226;0.0;0.2924794777147721;0.4616660034118022;0.21425485344641193;0.4421324231923623;0.0;0.16632113963910436;0.0;0.2194831716393063;0.42421246077601554;0.3115623131113656;0.18446788730132488;0.31156082799967383;0.4068316204979174;0.3308080018655849;0.4085350669221018;0.0;0.4883360343272184;0.0;0.0;0.0;0.3305742042910339;0.0;0.3791356980477237;0.0;0.0;0.0;0.3208367666157912;0.2926558333910377;0.292656857471151;0.38815671775073607;0.5474470311953364;0.2504377456997696;0.42421246077601554;0.42419175516478846;0.19913148270699957;0.0;0.1785133670771224;0.2733488007720709;0.2152502403196769;0.0;0.15583742245722093;0.0;0.0;0.2135423998507484;0.1786291342730954;0.0;0.0;0.0;0.21525216089008403;0.0;0.2578492758769596;0.3111176119472656;0.0;0.12974361828478922;0.3269036303372256;0.30312764379533796;0.3534965041584532;0.0;0.16732017747253586;0.40786684291819053;0.0;0.21698712722860647;0.0;0.26236285594487085;0.4087839404789585;0.2807571040640591;0.3031286724163215;0.0;0.22488636717389898;0.25134796861585057;0.46034779256293284;0.2926341619738013;0.4087350036832998;0.33902391086663275;0.4087849973673803;0.0;0.0;0.20684428782457892;0.3549644725312783;0.0;0.27741789802832295;0.0;0.2068830978291548;0.35360719699740295;1.0;0.4435429796244187;0.20310107173126601;0.3311551082628934;0.21354313471487613;0.40878814123352536;0.31111773151288813;0.29354067242965387;0.0;0.0;0.3009394697933472;0.0;0.0;0.0;0.2855996076910588;0.0;0.0;0.0;0.22488636988757593;0.28270511722692826;0.0;0.31133452763141867;0.0;0.3927381249007543;0.2242111163372918;0.0;0.0;0.5095762514335903;0.34056380763839866;0.0;0.0;0.278372509384138;0.18105550855637859;0.22434317324094954;0.28559962246098963;0.0;0.29246560916988124;0.44212633115649014;0.37058343845315506;0.40878340750363135;0.28271877758773606;0.36568141222060424;0.0;0.19929524481613087;0.0;0.0;0.43810524932424677;0.0;0.0;0.5275233996256176;0.29262791026395873;0.0;0.16891628875837986;0.0;0.0;0.0;0.3790624064210885;0.42421246077601554;0.32690204900613895;0.3791844592536802
GO:0008284;0.42080523941773396;0.5084246627308052;0.2368938930476894;0.3507573136507094;0.3298889749211178;0.5318302378282899;0.32855390035100795;0.2150274146124496;0.2150274146124496;0.0;0.0;0.0;0.0;0.21495526566141052;0.54740082458721;0.36608069296613377;0.5921253669683854;0.39337751034786933;0.9026593911590246;0.0;0.0;0.48391654169514403;0.5473078341099867;0.560360522061594;0.48418487344475486;0.333265977129465;0.4252806991928107;0.4627873486954749;0.5078979574925022;0.2713539984662046;0.2616062275908206;0.5090896129900607;0.5084246005883869;0.5078366199824901;0.0;0.2375863394482259;0.40771954621824374;0.0;0.50842470669375;0.4248145123462865;0.7067610182624282;0.3403901399868063;0.4624005546233192;0.3923225650428177;0.2828347310609932;0.5603620822831025;0.560360522061594;0.4090187317640441;0.0;0.33373849252180926;0.3422844695380692;0.4623912075574813;0.2781204500544696;0.0;0.0;0.560360522061594;0.0;0.0;0.553566049852596;0.40448797578307183;0.4078839615909678;0.2711480938842713;0.0;0.2995919083294895;0.0;0.0;0.4452231255351923;0.0;0.3677955553560833;0.16310668382209262;0.0;0.5318552889319575;0.0;0.3542678343951105;0.5921253669683854;0.3321038208548057;0.5603718683633414;0.0;0.2513986624233562;0.0;0.435736856298553;0.5318942958488347;0.36597939487506564;0.20227514253648116;0.5092754031610727;0.5048509065465793;0.5466347757562551;0.5074767189876432;0.0;0.5051861630457902;0.0;0.0;0.0;0.3924950431922971;0.0;0.8227108450644325;0.0;0.0;0.0;0.5271791238016312;0.44299075582051073;0.3545281093308017;0.5050610157982144;0.38757628562094987;0.2844325703742875;0.5318942958488347;0.5318617446867403;0.3062002895379129;0.0;0.20855435503983827;0.40807436696570143;0.33382335055417744;0.0;0.1683584623999657;0.0;0.0;0.3308741750277556;0.27173625803880663;0.0;0.0;0.0;0.23989573791081145;0.0;0.3332674755276443;0.5084246005883869;0.0;0.19246150798050782;0.5073841710221093;0.46233931827110863;0.4252341164858811;0.0;0.2530397789936551;0.5064460394994891;0.0;0.3114282808427091;0.0;0.3598072174890168;0.5078607943061844;0.36659811653771057;0.37001284186918937;0.0;0.3505643627710809;0.2856072546637598;0.31435342042630604;0.4429510174877963;0.5077852634075815;0.4044640024553223;0.40644356555209926;0.0;0.0;0.31935905770534506;0.45027538237441167;0.0;0.31975099880046565;0.0;0.31942554299007386;0.5086491764532914;0.4435429796244187;1.0;0.3129593834375936;0.39331422019382223;0.19452147873206252;0.9026509971750039;0.5084248300509178;0.34136142691455246;0.0;0.0;0.3514085200724279;0.0;0.0;0.0;0.4601426256204717;0.0;0.0;0.0;0.3505643675098868;0.4248743183989343;0.0;0.5088409415838862;0.0;0.4833277562691465;0.3493856196974696;0.0;0.0;0.4095261784039655;0.4273527810063509;0.0;0.0;0.44671484118484506;0.27577643137459074;0.3496160762350845;0.4601426531722532;0.0;0.3542474874509029;0.5603620822831025;0.47570855557685066;0.5078599716683277;0.3268137022635047;0.4429905956105846;0.0;0.22024274706642122;0.0;0.0;0.6154189777187434;0.0;0.0;0.4627873486954749;0.35448562962232794;0.0;0.1955728626739506;0.0;0.0;0.0;0.4627805306166598;0.5318942958488347;0.5073811223493414;0.46296246193917145
GO:0045944;0.1981971881019252;0.25740512039412555;0.14512980959313032;0.6713088640357069;0.6820853956781013;0.2198100150293876;0.17504782152644155;0.34298024001682303;0.34298024001682303;0.0;0.0;0.0;0.0;0.3428987548107774;0.2670311253613931;0.18516042243907405;0.22946750361879942;0.191895435938215;0.30002668501531127;0.0;0.0;0.2111684445310489;0.26700899496756164;0.22453496258156425;0.211219524833415;0.6254342275740301;0.5070927767945095;0.20704346765851003;0.21561094736644262;0.15737357339536015;0.11997012872709817;0.25757544993007536;0.2574051044658294;0.21559989271613075;0.0;0.4546918659533823;0.545387566957091;0.0;0.2574051316626721;0.19908213030359612;0.3000324974599307;0.19370073930082982;0.20696601424651026;0.19164405223531472;0.16116768777769813;0.22453521308773225;0.22453496258156425;0.22920310366099259;0.0;0.20348261069743406;0.1788707012942053;0.20696414166155055;0.1596258770037364;0.0;0.0;0.22453496258156425;0.0;0.0;0.20707786863482813;0.172195422222498;0.19528344926075428;0.40186890258717234;0.0;0.12737647670474317;0.0;0.0;0.24014610385814134;0.0;0.48585891748827315;0.093951179938621;0.0;0.21981429424098972;0.0;0.24282280247288315;0.22946750361879942;0.3155551053727699;0.22453678430290855;0.0;0.38111772689773965;0.0;0.20621634078427545;0.21982095690379427;0.18513450432886144;0.26031165380962346;0.25762300150439416;0.21505992350785474;0.2668487018839391;0.21553499801308038;0.0;0.2151207376218491;0.0;0.0;0.0;0.19168519945979973;0.0;0.2881396514488133;0.0;0.0;0.0;0.26212626714685666;0.20298520430820305;0.1624498806896571;0.18814488789384387;0.1690551009419766;0.22502307599378774;0.21982095690379427;0.21981539697007454;0.6729270526105421;0.0;0.10743697742363306;0.1953270838771959;0.2035141528888722;0.0;0.11616032470126607;0.0;0.0;0.20241424396591462;0.4024419462424789;0.0;0.0;0.0;0.14625096863381468;0.0;0.6254359430245419;0.2574051044658294;0.0;0.3166911386431665;0.21551830188395488;0.20695374543584405;0.19917423414718438;0.0;0.3838001614163075;0.21534886015685967;0.0;0.1700652459255956;0.0;0.19983758892224354;0.21560424975554107;0.21524588485246982;0.16562590559342502;0.0;0.47224831500124254;0.16206416290546038;0.1534630437454335;0.20297686038711457;0.2155906357136958;0.1944960759423462;0.17254885397883588;0.0;0.0;0.1980457390260146;0.17998699166951165;0.0;0.17251737674912887;0.0;0.6909496888007278;0.19920937046332104;0.20310107173126601;0.3129593834375936;1.0;0.19188037395433133;0.12804253939698323;0.30002550057397537;0.2574051632814766;0.17861830365602852;0.0;0.0;0.18133106678484578;0.0;0.0;0.0;0.2444207253448958;0.0;0.0;0.0;0.4722483188183105;0.19909526374441686;0.0;0.25751177754323507;0.0;0.21105624989720415;0.5865618748522008;0.0;0.0;0.22936236419419267;0.17620893721133904;0.0;0.0;0.2405794270983216;0.4063553999077452;0.20927738215085828;0.2444207331188289;0.0;0.1623909359223029;0.2245352130877322;0.18391747072956274;0.21560410149200468;0.17455262806082245;0.20298517067029764;0.0;0.5654260455994443;0.0;0.0;0.2822485851704742;0.0;0.0;0.20704346765850998;0.16244096105295563;0.0;0.10388473747111236;0.0;0.0;0.0;0.20704210299473738;0.21982095690379425;0.21551775182809346;0.20707850961122384
GO:0043524;0.31831356960728585;0.28553955963816124;0.2005431016756762;0.2389219937846661;0.2634016854219371;0.3780061951478008;0.2625498388094911;0.1381853774439279;0.1381853774439279;0.0;0.0;0.0;0.0;0.13814391256140535;0.4789808708268565;0.727627512209188;0.4074993605116794;0.7693305882426751;0.36574303115460305;0.0;0.0;0.2826294075599939;0.30232538923435925;0.3921990918647498;0.35329611316232495;0.20240248848725764;0.25679131022852963;0.4755793592941043;0.5089631604685014;0.17982777775337624;0.19545502902130296;0.28583133117965165;0.2855395323630825;0.3657246817843382;0.0;0.24118613291541954;0.2393394980600917;0.0;0.28553957893404247;0.2565788723072635;0.3657550509074514;0.2331199109888814;0.2733472208204692;0.4198855437489723;0.23251522102636235;0.39219985616500175;0.3921990918647498;0.2399621165420061;0.0;0.202644964534569;0.37744678811316;0.273343139355637;0.5834733666358903;0.0;0.0;0.3921990918647498;0.0;0.0;0.4757098099747043;0.36446907901491943;0.24878547432616005;0.1695713503905749;0.0;0.21590804878510605;0.0;0.0;0.2570251890912482;0.0;0.2198456865769216;0.1346858659885232;0.0;0.3780188504561257;0.0;0.330666795595974;0.4074993605116794;0.2018056629810327;0.39220465000876215;0.0;0.1587203759660777;0.0;0.20643748674829884;0.37803855527111124;0.7274702181037497;0.24374754724381328;0.45291892687018454;0.3641736391195529;0.3020395244263987;0.3655379880696262;0.0;0.3643480556249367;0.0;0.0;0.0;0.42002750537607175;0.0;0.34182172967016106;0.0;0.0;0.0;0.29370531500494346;0.264777826464875;0.33084823162206617;0.34059396529065566;0.28278737592924164;0.3250543600951868;0.37803855527111124;0.37802211171632544;0.18833345365108392;0.0;0.16424027669320823;0.2488739764302259;0.2026884990151385;0.0;0.20754109850956384;0.0;0.0;0.20117347554149945;0.16989136269958105;0.0;0.0;0.0;0.2820506209236871;0.0;0.20240325757372502;0.2855395323630825;0.0;0.12507142089085782;0.2925025328200527;0.27332048073406356;0.8163378699657379;0.0;0.15962993983436796;0.365002927195088;0.0;0.2012746059487769;0.0;0.24393583822061496;0.2927004085101327;0.21925000702780653;0.3415225108415041;0.0;0.21121047476590907;0.5963631765578479;0.30202094855958556;0.26476008705238574;0.5088818299482604;0.30887382650807527;0.36573806524805963;0.0;0.0;0.19521801479118212;0.3147671428677476;0.0;0.20559621167615785;0.0;0.1952525841905498;0.4465889513484805;0.3311551082628934;0.39331422019382223;0.19188037395433133;1.0;0.23561465284657168;0.36574058184766656;0.2855396330770281;0.37663972468196927;0.0;0.0;0.2769430365164546;0.0;0.0;0.0;0.263898974648104;0.0;0.0;0.0;0.21121047715957095;0.25660613188132153;0.0;0.2857222369102672;0.0;0.3528395473797597;0.21061474529267335;0.0;0.0;0.24020510683978422;0.3033910956470525;0.0;0.0;0.25771653343995155;0.27260205062124765;0.21073126754298263;0.2638989872587882;0.0;0.3306526090260262;0.39219985616500175;0.32698802697721546;0.2927000670720177;0.2092290130244186;0.46038549284653085;0.0;0.2622765231344139;0.0;0.0;0.33043641150511954;0.0;0.0;0.47557935929410416;0.3308186238889519;0.0;0.15608144969238275;0.0;0.0;0.0;0.8695682046976003;0.37803855527111124;0.2925012667935281;0.27359250257606543
GO:0002740;0.17421965967693648;0.1966567072394936;0.1318429234183201;0.1474102117839993;0.15637688606255867;0.1907020059312188;0.4589285593511581;0.12198271244560553;0.12198271244560553;0.0;0.0;0.0;0.0;0.12195577753692102;0.169331190690951;0.22830313920574352;0.19792904370049677;0.2356309731167678;0.18752985934676417;0.0;0.0;0.22042526043379257;0.16931880723038675;0.1942483273094207;0.18420240103187116;0.18511458456011812;0.14003856265061326;0.2518933812295725;0.2609593897594915;0.2253470712673934;0.10515805255118021;0.16401802639433205;0.1966566964555097;0.18752503519993996;0.0;0.15842860762184263;0.147569034722768;0.0;0.19665671486867256;0.1399753607602881;0.1875330192757257;0.2310542727446102;0.1448220020690687;0.301588221325216;0.14494606931052254;0.19424851479375432;0.1942483273094207;0.2068382669316713;0.0;0.2122765361798147;0.2214047370975755;0.14482085640082176;0.25623271036852685;0.0;0.0;0.1942483273094207;0.0;0.0;0.25192997252962385;0.224576618145343;0.17196426236006096;0.1177087292765522;0.0;0.1108054097082733;0.0;0.0;0.18488191496946452;0.0;0.13991945160839253;0.08461731026964475;0.0;0.1907052268384277;0.0;0.17785630608045397;0.19792904370049677;0.15882488754846352;0.1942496907245122;0.0;0.11237580913069636;0.0;0.16119754664192248;0.19071024170546233;0.22827482245657674;0.16750866276048837;0.1640448568776513;0.22448308267283726;0.23634485991598014;0.2618283333005046;0.0;0.18716243900461293;0.0;0.0;0.0;0.30164934927984755;0.0;0.1810339561062535;0.0;0.0;0.0;0.1998464205809877;0.14238060049110307;0.1779087832954253;0.2812816190729224;0.18421721490901538;0.2022799527116637;0.19071024170546233;0.19070605684565167;0.12645334146195963;0.0;0.09540283026728312;0.23938618220055097;0.21230640788036267;0.0;0.17104163253184312;0.0;0.0;0.13211508636003452;0.1413997533910364;0.0;0.0;0.0;0.3152676837973375;0.0;0.18511504552862196;0.1966566964555097;0.0;0.11324572121809678;0.15002735196285893;0.21657860317796165;0.2434827537033579;0.0;0.13536306164814604;0.18733509480528202;0.0;0.211696147251647;0.0;0.23761562005702405;0.22426075728649064;0.4923256992486341;0.2873714165387739;0.0;0.136370993426978;0.2597507545927364;0.23548717823743184;0.17790207072989964;0.26093800715875;0.17135341124830955;0.33332909581156595;0.0;0.0;0.20711481730829073;0.19452049816859737;0.0;0.18482710400757155;0.0;0.1295354375152087;0.24352048682280877;0.21354313471487613;0.19452147873206252;0.12804253939698323;0.23561465284657168;1.0;0.18752921542461234;0.19665673627564945;0.2833554052485741;0.0;0.0;0.5687458906044971;0.0;0.0;0.0;0.21907812382037858;0.0;0.0;0.0;0.13637099442485243;0.2093535246794245;0.0;0.2290169057012723;0.0;0.22083817136518055;0.13612239610238658;0.0;0.0;0.17743243628416577;0.19097886148863535;0.0;0.0;0.18517976156749003;0.11891432769793547;0.21775012317771825;0.21907813003079815;0.0;0.17785220174000965;0.1942485147937543;0.19818376884170488;0.22426062315216402;0.15568245713007312;0.24756593853993838;0.0;0.17605618630661865;0.0;0.0;0.17778963312548418;0.0;0.0;0.2518933812295725;0.2825279948073981;0.0;0.09259139145591806;0.0;0.0;0.0;0.2518919296456004;0.19071024170546227;0.15002701890065928;0.21650757957957034
GO:0048661;0.3893962355927902;0.4751481055026424;0.22660418468499913;0.33214323009442953;0.31026946676270695;0.48262985473810016;0.30908818760224444;0.2088416453496443;0.2088416453496443;0.0;0.0;0.0;0.0;0.20877358710255464;0.5090192793055514;0.34207679796947765;0.5317696405536078;0.365795308421428;0.8225811880945197;0.0;0.0;0.44283959210553003;0.5089388709429723;0.5060095269481891;0.44306429236288586;0.31863841700584505;0.39322549032435267;0.42507940761106067;0.4628383808421604;0.25793771138653476;0.24115948134938534;0.4757288121149124;0.47514805122850373;0.46278744346325634;0.0;0.22723770295927084;0.38603875083479305;0.0;0.47514814389913523;0.3928268989656197;0.6440590660639908;0.32283259202366243;0.4247530553969115;0.3648829429910562;0.2682895932526169;0.5060107991864965;0.5060095269481891;0.38720324237328824;0.0;0.3190703369398302;0.3212099601541233;0.4247451683877188;0.2640440812939136;0.0;0.0;0.5060095269481891;0.0;0.0;0.5084460655753846;0.36876239123892596;0.3783064489517288;0.2613853786197722;0.0;0.2730771747300703;0.0;0.0;0.4194961646861754;0.0;0.35006050722995574;0.15491743900330582;0.0;0.482650485120881;0.0;0.3265588689641431;0.5317696405536078;0.3175758769237598;0.506018778951959;0.0;0.2429842487103417;0.0;0.41617922158489873;0.48268260820296544;0.3419883469734006;0.19472516145123867;0.4758910464547467;0.4603066546888285;0.5083568239138955;0.4624885437794465;0.0;0.46058534379091015;0.0;0.0;0.0;0.3650321335284983;0.0;0.9186559370150374;0.0;0.0;0.0;0.4914884844663629;0.40831902263441167;0.3267800087649053;0.4505578740859977;0.35465405650018117;0.2697268988751649;0.48268260820296544;0.482655801611689;0.2938079879826166;0.0;0.19535036244025925;0.37847023569007615;0.31914789882677314;0.0;0.16309517202054621;0.0;0.0;0.3164512780180983;0.2619319087438379;0.0;0.0;0.0;0.22934940619048932;0.0;0.3186397867563347;0.47514805122850373;0.0;0.18749092963345584;0.46241167612845635;0.4247013839853822;0.39318566491154355;0.0;0.2445170112176052;0.4616323510288225;0.0;0.29388477403772945;0.0;0.34024699936259245;0.4628075190202702;0.3489755945116859;0.33989086983331795;0.0;0.3344156774795797;0.2707830311250498;0.2923425448646414;0.408285261067857;0.46274479385437634;0.3753627100740722;0.3703870956438402;0.0;0.0;0.3059021716461743;0.4064420997989173;0.0;0.3012850844558347;0.0;0.30596317143999946;0.470300662620241;0.40878814123352536;0.9026509971750039;0.30002550057397537;0.36574058184766656;0.18752921542461234;1.0;0.47514825163719837;0.320396947155478;0.0;0.0;0.3292318945378552;0.0;0.0;0.0;0.43271565443675575;0.0;0.0;0.0;0.3344156817918567;0.3928780370297247;0.0;0.4755116569370091;0.0;0.44234647069868244;0.3333428641658241;0.0;0.0;0.38765797196759083;0.38767217712976354;0.0;0.0;0.4208202090376494;0.2656837868521844;0.3335526364720417;0.43271567880195494;0.0;0.32654158033069675;0.5060107991864965;0.4270512491173302;0.4628068358637924;0.30754759945401283;0.4083188865214978;0.0;0.21132148012775281;0.0;0.0;0.5673255221331371;0.0;0.0;0.42507940761106067;0.32674391807272485;0.0;0.1839155402728911;0.0;0.0;0.0;0.4250736553350598;0.48268260820296544;0.46240914394715454;0.4252271424014814
GO:0050850;0.299756539952098;0.8976626027981273;0.193015034126205;0.2739066147223196;0.2505658238146982;0.3521196650984804;0.3485661753178338;0.44654291767697635;0.44654291767697635;0.0;0.0;0.0;0.0;0.446412430621443;0.3973870894424601;0.2709085483034616;0.37757564314194014;0.2855729888109511;0.4751512223214182;0.0;0.0;0.3304565538459547;0.397338080502687;0.36440362850374325;0.33058166139172906;0.2709858585537896;0.3020205902211332;0.3204651582949769;0.34146663523940785;0.2996025686623789;0.18365138223939712;0.3768019821269078;0.8976625215635251;0.3414389092567989;0.0;0.19347447077556493;0.3182393006223567;0.0;0.8976626602679235;0.301785399721457;0.47516580064795366;0.3548769702782569;0.320279638552013;0.2850166178717983;0.2224556497963571;0.36440428830959176;0.36440362850374325;0.31903025627529;0.0;0.34764779799942125;0.2576528770710427;0.32027515419720964;0.3919731830854683;0.0;0.0;0.36440362850374325;0.0;0.0;0.3205475813812648;0.27237837246982427;0.293141482144989;0.22843334322503556;0.0;0.20159525873454648;0.0;0.0;0.34063565816082686;0.0;0.2933820395638749;0.12897373126775777;0.0;0.35213064641627206;0.0;0.2486433293222103;0.37757564314194014;0.34626231092471704;0.3644084267394369;0.0;0.2142534671944973;0.0;0.27617957977849106;0.3521477446616302;0.27085306985932417;0.16939374881529928;0.3769037520477183;0.6072313928687859;0.39698322124643964;0.34127618140234167;0.0;0.34023874119779607;0.0;0.0;0.0;0.5090653031943743;0.0;0.44601130616314616;0.0;0.0;0.0;0.3866211148406575;0.3108459282309444;0.24877151142972675;0.39304926406575724;0.26460351509400354;0.223442908689701;0.3521477446616302;0.3521334762826385;0.2528151363718985;0.0;0.15582456690026866;0.4080766923207561;0.3477196511926302;0.0;0.14494115343780967;0.0;0.0;0.2694023536742711;0.5457230591050035;0.0;0.0;0.0;0.2339448090113662;0.0;0.27098684924467853;0.8976625215635251;0.0;0.4051717932168439;0.341234323975521;0.32025025874378305;0.30199709604248604;0.0;0.5137539341665471;0.34080974513225715;0.0;0.3336678975067171;0.0;0.3705962392328303;0.34144983687595626;0.29261962076969794;0.2562978159574264;0.0;0.2823131090066759;0.4002549453058208;0.2282982563705936;0.4325503783996239;0.3414156932012395;0.29137085223394116;0.2732637459842139;0.0;0.0;0.3353725388584158;0.36536264438262256;0.0;0.34049123301482126;0.0;0.26176344244548094;0.3020778818371362;0.31111773151288813;0.5084248300509178;0.2574051632814766;0.2855396330770281;0.19665673627564945;0.47514825163719837;1.0;0.4591098038152283;0.0;0.0;0.26278893932340436;0.0;0.0;0.0;0.3493007611999122;0.0;0.0;0.0;0.28231311207990883;0.3018155801354788;0.0;0.3766657376635168;0.0;0.589546256332107;0.281548164187698;0.0;0.0;0.31933889413914057;0.3530647205421545;0.0;0.0;0.9072103734113626;0.23170949981785435;0.36097410001294017;0.34930077707674273;0.0;0.24863330634343517;0.36440428830959176;0.37850368654263905;0.3414494650211786;0.24878768247922645;0.31084584934665727;0.0;0.18181523927532567;0.0;0.0;0.4320527110130678;0.0;0.0;0.3204651582949769;0.24875059454557513;0.0;0.1484616971844608;0.0;0.0;0.0;0.3204618889355649;0.3521477446616302;0.34123294504223195;0.320549117272314
GO:0070100;0.28340604368559363;0.45910969748379404;0.1861015910962292;0.21870273830150053;0.2390381363598294;0.3297707918951975;0.332576901591295;0.2342093461409268;0.2342093461409268;0.0;0.0;0.0;0.0;0.23414263372430924;0.27069368962949236;0.3582970577041608;0.35199597902619056;0.37668143015068273;0.320398826789458;0.0;0.0;0.24865064372497556;0.2706620446110805;0.3405211215868328;0.31080641530475195;0.18770175544925846;0.22842954621496864;0.4200317218418118;0.4458607314558466;0.20672548241828934;0.1732946435814792;0.25736602522199187;0.4591096579924666;0.3203847451383419;0.0;0.22377797839009153;0.2190525166225586;0.0;0.4591097254221168;0.22826142766552993;0.32040805087841934;0.25653265751701126;0.24143769323042516;0.37598571992809743;0.21332224411667533;0.34052169774116814;0.3405211215868328;0.21957394420244983;0.0;0.22543548217356177;0.34159373569435086;0.24143450905023206;0.6191881156935403;0.0;0.0;0.3405211215868328;0.0;0.0;0.42013347563829007;0.3194207557192502;0.22207259917103594;0.15912993952642426;0.0;0.18918419939363063;0.0;0.0;0.23377489907883628;0.0;0.20260981542177914;0.12377866908936934;0.0;0.32978042347249337;0.0;0.2931569259641287;0.35199597902619056;0.22456941816386775;0.34052531148943116;0.0;0.14953632678208964;0.0;0.19116688875924814;0.3297954200549986;0.35822731874822605;0.22827509033889423;0.25743209277135637;0.5699268395740734;0.270432900247368;0.3202414629190647;0.0;0.3193277965946361;0.0;0.0;0.0;0.7945331927658809;0.0;0.30189121144867;0.0;0.0;0.0;0.26373233062508894;0.2347276821545572;0.29329952468798;0.3654067986346569;0.24877290401803664;0.2981085677860956;0.3297954200549986;0.3297829055069186;0.17554080794038568;0.0;0.14830429844536427;0.27757393639761;0.225480390589725;0.0;0.19621705896652816;0.0;0.0;0.1866443220882062;0.2846327710669493;0.0;0.0;0.0;0.33513890042278055;0.0;0.18770241687337058;0.4591096579924666;0.0;0.21300863837744116;0.2562605446110479;0.24141683158370675;0.39715540976670916;0.0;0.2684411166183821;0.31983071812777286;0.0;0.22919367414069902;0.0;0.26740829067068383;0.2564124105113443;0.20210376939477354;0.30165779313024077;0.0;0.19525287055791732;0.6317294732553365;0.27041800857819565;0.29328128128507835;0.44579831660948305;0.2758987609652424;0.32039501587686714;0.0;0.0;0.21775354883121284;0.3413584071865871;0.0;0.23366978049072384;0.0;0.18153692825663717;0.39725581347339617;0.29354067242965387;0.34136142691455246;0.17861830365602852;0.37663972468196927;0.2833554052485741;0.320396947155478;0.4591098038152283;1.0;0.0;0.0;0.25013752455928245;0.0;0.0;0.0;0.23944761429674744;0.0;0.0;0.0;0.19525287260354574;0.2282830019920655;0.0;0.2572775745345126;0.0;0.674027497742299;0.19474365039098337;0.0;0.0;0.2197773802025593;0.3305995487393975;0.0;0.0;0.418430621618697;0.16134128823706462;0.23375298380177031;0.23944762467882508;0.0;0.29314577535321606;0.34052169774116814;0.352802403016591;0.2564121484858863;0.19000727013869717;0.408135471119058;0.0;0.24444834276178065;0.0;0.0;0.2929758311742429;0.0;0.0;0.42003172184181176;0.29327625585237876;0.0;0.14161971688001734;0.0;0.0;0.0;0.42002768565589427;0.3297954200549986;0.2562595728773465;0.24162903094248445
GO:0001766;0.21255812165912932;0.0;0.12781275858512864;0.0;0.0;0.25867879723549736;0.0;0.0;0.0;0.21283070711337995;0.20576246721807834;0.19302153873731723;0.2598582460958273;0.0;0.0;0.0;0.2823211264480134;0.0;0.0;0.0;0.0;0.0;0.0;0.2699833631269282;0.0;0.0;0.0;0.0;0.0;0.0;0.0;0.0;0.0;0.0;0.24916019872036468;0.0;0.0;0.21292547775607554;0.0;0.0;0.0;0.15047178485348198;0.0;0.0;0.15004592002022218;0.2699839754991645;0.2699833631269282;0.0;0.24917105482520013;0.0;0.0;0.0;0.0;0.21345236655687436;0.15899685527403803;0.2699833631269282;0.2598261651623773;0.19302153873731723;0.0;0.0;0.0;0.0;0.35262829713108185;0.0;0.2581942644469517;0.42205933772252563;0.0;0.0;0.0;0.14668010090667094;0.20603728337672614;0.25868881773468916;0.22979118720136185;0.0;0.2823211264480134;0.0;0.26998781642900355;0.2219197989971593;0.0;0.22114674261164377;0.0;0.2587044202575428;0.0;0.0;0.0;0.0;0.0;0.0;0.3353023520229772;0.0;0.0;0.27074339927927654;0.0;0.0;0.17656890135956663;0.0;0.2300679095817759;0.2294781541448132;0.2300679095817759;0.0;0.0;0.0;0.0;0.0;0.0;0.2587044202575428;0.2586914000243074;0.0;0.23007932864391345;0.18243135667856386;0.0;0.0;0.17663283831907653;0.12717893395859275;0.0;0.0;0.21752279603047203;0.0;0.2300679095817759;0.24856462735178983;0.2300679095817759;0.0;0.45894734120653335;0.0;0.0;0.22134540948750164;0.0;0.0;0.0;0.0;0.29741746442912115;0.0;0.24843816193168503;0.0;0.0;0.23824084090657452;0.15812335165861502;0.0;0.0;0.0;0.0;0.0;0.0;0.0;0.0;0.0;0.2054682740101129;0.0;0.24720150054929826;0.21283025813039422;0.0;0.0;0.0;0.0;0.24856644111353046;0.0;0.0;0.0;0.0;0.0;0.0;0.0;0.0;0.0;0.0;1.0;0.46501773422201853;0.0;0.4407636034537075;0.4599783333871546;0.0;0.0;0.19965562547228635;0.2300030982948728;0.0;0.0;0.0;0.0;0.0;0.2300679095817759;0.0;0.0;0.12890857768271083;0.0;0.0;0.0;0.0;0.0;0.0;0.0;0.0;0.0;0.2380036900834815;0.0;0.2699839754991645;0.0;0.0;0.0;0.0;0.0;0.0;0.0;0.0;0.0;0.270711214578326;0.30024662145147446;0.0;0.0;0.2968036196710734;0.172420196941933;0.26000516077232366;0.0;0.20576349915026806;0.0;0.2587044202575428;0.0;0.0
GO:0019064;0.21368209895029255;0.0;0.1282183006584898;0.0;0.0;0.2603453626754739;0.0;0.0;0.0;0.21395757668116522;0.20681554641283428;0.19394794749842806;0.0;0.0;0.0;0.0;0.28430741922562824;0.0;0.0;0.0;0.27303373781477;0.0;0.0;0.27179928434870043;0.0;0.0;0.0;0.0;0.0;0.0;0.0;0.0;0.0;0.0;0.2507060051074577;0.12856119574585964;0.0;0.21405335376606394;0.0;0.0;0.0;0.15103418057535867;0.0;0.0;0.15060513094990097;0.27179990498634066;0.27179928434870043;0.0;0.0;0.0;0.0;0.0;0.0;0.21458584623863336;0.1596249149427017;0.27179928434870043;0.0;0.19394794749842806;0.0;0.0;0.0;0.0;0.26008303530709626;0.0;0.25985457239083704;0.424674385574695;0.0;0.0;0.0;0.14721446019538087;0.20709318465078952;0.2603555127093677;0.2311053679293879;0.0;0.28430741922562824;0.0;0.27180379775899505;0.22314524840441913;0.0;0.1627175697564712;0.0;0.2603713169356666;0.0;0.0;0.0;0.0;0.0;0.0;0.0;0.0;0.26149183852565894;0.27256959355061094;0.0;0.0;0.17734379465604203;0.0;0.2313852664507475;0.23078874661558768;0.2313852664507475;0.0;0.0;0.0;0.0;0.0;0.0;0.2603713169356666;0.26035812838098976;0.0;0.23139681666046874;0.18325868089413305;0.0;0.0;0.17740829413913986;0.09341715762367095;0.0;0.0;0.21821532842190325;0.0;0.2313852664507475;0.25010302982851623;0.2313852664507475;0.0;0.4620411507525463;0.0;0.0;0.22256450607965989;0.0;0.0;0.0;0.0;0.29962268917158774;0.0;0.24997499454166236;0.0;0.0;0.2396537431743114;0.15874451588212335;0.0;0.0;0.0;0.22234439554320035;0.0;0.0;0.0;0.0;0.0;0.20651833634963288;0.0;0.24872302447144426;0.21395712293115937;0.0;0.0;0.0;0.0;0.250104866111085;0.0;0.0;0.0;0.0;0.0;0.0;0.0;0.0;0.0;0.0;0.46501773422201853;1.0;0.0;0.44361635093223745;0.46308610564919855;0.0;0.0;0.200646972834688;0.2313197109325462;0.0;0.0;0.0;0.0;0.0;0.2313852664507475;0.0;0.0;0.12932111472286717;0.0;0.0;0.0;0.0;0.0;0.0;0.0;0.0;0.0;0.2394137725512026;0.0;0.27179990498634066;0.0;0.0;0.0;0.0;0.2719077016985114;0.0;0.0;0.0;0.0;0.27253697323276566;0.22123711181266972;0.0;0.0;0.298999717401556;0.17315902770072564;0.2616889161230679;0.2719077016985114;0.20681658893480684;0.0;0.2603713169356666;0.0;0.0
GO:0051023;0.2902967701140542;0.26278887712097504;0.18904829534134654;0.2227835929021711;0.2439216366341784;0.3391378263200342;0.7150817234019873;0.13262863147817144;0.13262863147817144;0.0;0.0;0.0;0.0;0.13259043387802155;0.27697325614885276;0.263158406376228;0.3626886287155621;0.276974413925445;0.32923387926322645;0.0;0.0;0.38180725635152757;0.2769401259849125;0.35051808688901903;0.3191135041290794;0.19069975922816118;0.23402419151435305;0.30967670813320164;0.32924478714270417;0.25172830117009715;0.17765443181176982;0.2630359863471833;0.2627888540190908;0.32921901031470474;0.0;0.18948902030106238;0.22314655712194367;0.0;0.2627888934645103;0.2338477402563453;0.32924361908548844;0.2612108250638024;0.2476963954159097;0.27645101242276743;0.21720299395422657;0.3505186973692581;0.35051808688901903;0.2683575538945977;0.0;0.26716548699460974;0.25063278866123534;0.2476930440124388;0.21441196317972552;0.0;0.0;0.35051808688901903;0.0;0.0;0.3097536744240801;0.3282012104510666;0.22735658992826432;0.1612794753965436;0.0;0.19439216155094488;0.0;0.0;0.2860602080376717;0.0;0.20610739620896348;0.12598706004478247;0.0;0.33914801284056484;0.0;0.24051982853617412;0.3626886287155621;0.19016986398745236;0.35052252641742376;0.0;0.15143294878506808;0.0;0.23307425972623005;0.3391638735158156;0.26310605647161034;0.16633079989419924;0.2631049973854553;0.32796162350509805;0.38643871414241066;0.4595749883499205;0.0;0.32810307122194465;0.0;0.0;0.0;0.2765366427276605;0.0;0.3097225683936356;0.0;0.0;0.0;0.3235458401952881;0.24063907730343395;0.2406397696947296;0.37694308699865126;0.2554229165281729;0.21814408205293206;0.3391638735158156;0.339150637885273;0.17816021208787286;0.0;0.15148578303828314;0.28418067186319784;0.26721955952833126;0.0;0.17118820314870595;0.0;0.0;0.18960837530404817;0.1615689295959768;0.0;0.0;0.0;0.2672216746661528;0.0;0.1907004419498004;0.2627888540190908;0.0;0.1205018748941985;0.26332257137347387;0.370411701995329;0.2923976463222324;0.0;0.15226068953849486;0.32863403655916634;0.0;0.23367944237560312;0.0;0.27249545863883806;0.26348292546548946;0.6045010322073372;0.3704127289940611;0.0;0.19849902746135564;0.2188343720379808;0.2214314097271015;0.24062442482918492;0.329197426247698;0.2824250554996062;0.26348347411128303;0.0;0.0;0.25792102677325224;0.2812305537989332;0.0;0.19073949847167312;0.0;0.18433976438929556;0.29247337729223644;0.3009394697933472;0.3514085200724279;0.18133106678484578;0.2769430365164546;0.5687458906044971;0.3292318945378552;0.26278893932340436;0.25013752455928245;0.0;0.0;1.0;0.0;0.0;0.0;0.3419394167261575;0.0;0.0;0.0;0.19849902957556825;0.34976692563850814;0.0;0.36722623657921727;0.0;0.3187409663577111;0.19797275738554374;0.0;0.0;0.22389881548920737;0.2721143685790845;0.0;0.0;0.23903849391155224;0.16355139611638736;0.2771861575846083;0.3419394318555419;0.0;0.24051044977387226;0.3505186973692581;0.2909458501368376;0.2634826487902165;0.1938622579755206;0.3006850786930106;0.0;0.17829128634301997;0.0;0.0;0.30034582443036784;0.0;0.0;0.30967670813320164;0.35986167026751764;0.0;0.14451806174491666;0.0;0.0;0.0;0.30967365519325474;0.3391638735158156;0.26332154534383867;0.24789778579787622
GO:0051262;0.23955134844879764;0.0;0.13710237235836617;0.0;0.0;0.29978959104752706;0.0;0.0;0.0;0.23989761874834964;0.23095501140937277;0.2150239957673231;0.0;0.0;0.0;0.0;0.3320118664429943;0.0;0.0;0.0;0.0;0.0;0.0;0.315079050495431;0.0;0.0;0.0;0.0;0.0;0.0;0.0;0.0;0.0;0.0;0.28707939975811153;0.0;0.0;0.24001803406134228;0.0;0.0;0.0;0.1635152119177868;0.0;0.0;0.16301243952358035;0.31507988452357716;0.315079050495431;0.0;0.0;0.0;0.0;0.0;0.0;0.2406877462722864;0.17363199120361897;0.315079050495431;0.0;0.2150239957673231;0.0;0.0;0.0;0.0;0.29944180615351135;0.0;0.29913900410756267;0.48619521530574095;0.0;0.0;0.0;0.15904744292177508;0.23130129806124688;0.29980304975843103;0.2616669612679292;0.0;0.3320118664429943;0.0;0.31508511574117537;0.251508600241363;0.0;0.17729745184436502;0.0;0.2998240061146152;0.0;0.0;0.0;0.0;0.0;0.0;0.0;0.0;0.0;0.31611467796187487;0.0;0.0;0.19480318694250412;0.0;0.26202584013286373;0.26126113590403066;0.26202584013286373;0.0;0.0;0.0;0.0;0.0;0.0;0.2998240061146152;0.299806518104456;0.0;0.2620406519922928;0.20196354749292594;0.0;0.0;0.19488101423210907;0.098046013487659;0.0;0.0;0.23339013580810436;0.0;0.26202584013286373;0.2862890440840988;0.26202584013286373;0.0;0.5358048589168533;0.0;0.0;0.25077108630532935;0.0;0.0;0.0;0.0;0.3530883812720785;0.0;0.2861212915599941;0.0;0.0;0.27267958612730564;0.17259080701075172;0.0;0.0;0.0;0.0;0.0;0.0;0.0;0.0;0.0;0.23058443387564104;0.0;0.2844822621044472;0.2398970483042853;0.0;0.0;0.0;0.0;0.28629145017219204;0.0;0.0;0.0;0.0;0.0;0.0;0.0;0.0;0.0;0.0;0.4407636034537075;0.44361635093223745;0.0;1.0;0.8472108582528078;0.0;0.0;0.2232890987520961;0.2619417761810052;0.0;0.0;0.0;0.0;0.0;0.26202584013286373;0.0;0.0;0.13836405782308925;0.0;0.0;0.0;0.0;0.0;0.0;0.0;0.0;0.0;0.27236896215117185;0.0;0.31507988452357716;0.0;0.0;0.0;0.0;0.0;0.0;0.0;0.0;0.0;0.3160708032381049;0.24908719168556712;0.0;0.0;0.352223563263047;0.18976558719627043;0.3015724954291962;0.0;0.23095631150078536;0.0;0.2998240061146152;0.0;0.0
GO:0071550;0.24914545196815693;0.0;0.14019210821532196;0.0;0.0;0.3149683506389715;0.0;0.0;0.0;0.24952003583926075;0.23986009942304787;0.22272245381256228;0.0;0.0;0.0;0.0;0.350730764745546;0.0;0.0;0.0;0.0;0.0;0.0;0.33188895084062475;0.0;0.0;0.0;0.0;0.0;0.0;0.0;0.0;0.0;0.0;0.30096855959579244;0.0;0.0;0.24965030734612445;0.0;0.0;0.0;0.16792926305505637;0.0;0.0;0.16739902387056244;0.3318898762359491;0.33188895084062475;0.0;0.0;0.0;0.0;0.0;0.0;0.25037493234550984;0.17861746554026042;0.33188895084062475;0.0;0.22272245381256228;0.0;0.0;0.0;0.0;0.3145844790776703;0.0;0.3142502945696239;0.5096807298168086;0.0;0.0;0.0;0.16322049888231546;0.24023362650728378;0.31498320675164965;0.27315679422178896;0.0;0.350730764745546;0.0;0.3318956805356003;0.2621055753904935;0.0;0.1824987925912741;0.0;0.31500633911555787;0.0;0.0;0.0;0.0;0.0;0.0;0.0;0.0;0.0;0.33303823191975757;0.0;0.0;0.20110060090037732;0.0;0.2735479054377243;0.27271457680415295;0.2735479054377243;0.0;0.0;0.0;0.0;0.0;0.0;0.31500633911555787;0.314987035222818;0.0;0.27356404862200606;0.20874046910358374;0.0;0.0;0.20118354244835804;0.09961605852616838;0.0;0.0;0.2386693630354422;0.0;0.2735479054377243;0.3000999933793347;0.2735479054377243;0.0;0.5644689301418278;0.0;0.0;0.2613047028286123;0.0;0.0;0.0;0.0;0.37433535549719327;0.0;0.2999156704761293;0.0;0.0;0.2851800034675257;0.1775158218506867;0.0;0.0;0.0;0.0;0.0;0.0;0.0;0.0;0.0;0.23946041846570448;0.0;0.2981152879251977;0.24951941871588365;0.0;0.0;0.0;0.0;0.3001026372135264;0.0;0.0;0.0;0.0;0.0;0.0;0.0;0.0;0.0;0.0;0.4599783333871546;0.46308610564919855;0.0;0.8472108582528078;1.0;0.0;0.0;0.23160219896457773;0.27345628713989584;0.0;0.0;0.0;0.0;0.0;0.2735479054377243;0.0;0.0;0.14151157472161766;0.0;0.0;0.0;0.0;0.0;0.0;0.0;0.0;0.0;0.28484026464050577;0.0;0.3318898762359491;0.0;0.0;0.0;0.0;0.0;0.0;0.0;0.0;0.0;0.33298953404264564;0.2594768889941219;0.0;0.0;0.3733634689689508;0.19573651935052863;0.31693696014222006;0.0;0.2398615017046046;0.0;0.31500633911555787;0.0;0.0
GO:0051384;0.22227208643186655;0.0;0.13126219191086438;0.0;0.0;0.0;0.0;0.0;0.0;0.0;0.0;0.0;0.0;0.0;0.0;0.0;0.0;0.0;0.0;0.6148682157945935;0.0;0.0;0.0;0.0;0.0;0.0;0.0;0.0;0.0;0.0;0.0;0.0;0.0;0.0;0.0;0.0;0.0;0.0;0.0;0.0;0.0;0.0;0.0;0.0;0.0;0.0;0.0;0.0;0.0;0.0;0.0;0.0;0.0;0.4513916137308452;0.0;0.0;0.0;0.0;0.0;0.0;0.0;0.0;0.0;0.0;0.0;0.0;0.0;0.0;0.0;0.2538389818197147;0.28906448424059156;0.0;0.0;0.0;0.0;0.0;0.0;0.0;0.0;0.0;0.0;0.0;0.0;0.0;0.0;0.0;0.0;0.0;0.0;0.0;0.0;0.0;0.4601769065122104;0.0;0.37045520468425563;0.0;0.40531188280132296;0.0;0.40531188280132296;0.0;0.0;0.0;0.0;0.0;0.0;0.0;0.0;0.0;0.0;0.0;0.0;0.0;0.3680477348437446;0.0;0.40534366903385277;0.300131417466546;0.0;0.0;0.40531188280132296;0.4396526766940718;0.40531188280132296;0.0;0.0;0.0;0.0;0.0;0.0;0.0;0.0;0.0;0.0;0.0;0.0;0.30082904079302897;0.0;0.0;0.0;0.0;0.0;0.0;0.23166012655625978;0.0;0.0;0.0;0.0;0.0;0.2145312151588308;0.0;0.0;0.0;0.0;0.0;0.7071083598298389;0.0;0.5260077096249046;0.0;0.0;0.0;0.0;0.0;0.0;0.0;0.0;0.0;0.0;0.0;0.0;0.0;0.0;0.0;1.0;0.0;0.4209664334345714;0.32435681264551763;0.4262504391213187;0.0;0.0;0.0;0.0;0.40531188280132296;0.0;0.0;0.5253163024385309;0.0;0.0;0.0;0.26159289948802356;0.2615908919875209;0.0;0.0;0.0;0.0;0.25024959752604853;0.0;0.0;0.0;0.0;0.0;0.0;0.2859708562119711;0.0;0.440035909931879;0.5676517395501898;0.0;0.0;0.0;0.0;0.0;0.0;0.0;0.0;0.2859708562119711;0.0;0.0;0.0;0.0;0.0
GO:0071677;0.27599693090831356;0.34930068222416333;0.18287782167505365;0.25705202577425096;0.23374560436536973;0.31978186435917755;0.27961893484730244;0.18029150417184522;0.18029150417184522;0.0;0.0;0.0;0.0;0.18024077983012463;0.36726653363650924;0.2513528681825783;0.3406384408838987;0.26392746575140136;0.4327181182239281;0.0;0.0;0.362084897445304;0.36722467215711185;0.32988081933114854;0.30191785114714287;0.2566333569291799;0.27791514605056755;0.2934571883595671;0.31097120134962775;0.2821877610761068;0.16861487495233382;0.3496144129660098;0.3493006528926942;0.31094820632450393;0.0;0.18329021454723;0.2986260586708469;0.0;0.3493007029748471;0.2777159878946334;0.4327302089655837;0.3335484591258576;0.2933016135816465;0.2634521704764398;0.20909714318328024;0.32988136004168184;0.32988081933114854;0.38359128163168116;0.0;0.753777697065871;0.2399014131948906;0.2932978528640342;0.20650930257349942;0.0;0.0;0.32988081933114854;0.0;0.0;0.2935263025659164;0.3100400863880861;0.27037914555789366;0.21814890880948043;0.0;0.18362067745889685;0.0;0.0;0.40786260767839455;0.0;0.27663243730096304;0.12137259061218013;0.0;0.3197909212746835;0.0;0.22827534635725347;0.3406384408838987;0.2559436617918572;0.32988475147845403;0.0;0.2051808506281801;0.0;0.33484736953473815;0.31980502306395475;0.2513051094310166;0.16153539725839514;0.34970202490102464;0.30982627243810407;0.4195774802674574;0.37288186713593047;0.0;0.3099525063418905;0.0;0.0;0.0;0.26352993622510934;0.0;0.40841735851719796;0.0;0.0;0.0;0.8036267793809581;0.2853705465058872;0.22838338359306495;0.3531823722929584;0.24165746077316339;0.20996915957247345;0.31980502306395475;0.3197932552175436;0.2402783675653021;0.0;0.14486352447707088;0.37642084218281097;0.718898009187574;0.0;0.16693673728936273;0.0;0.0;0.2552127079192336;0.21852945504869903;0.0;0.0;0.0;0.436179481476856;0.0;0.256634245457018;0.3493006528926942;0.0;0.16415381616462038;0.3107785196590179;0.3518436551591207;0.2778952524088895;0.0;0.20627270889411364;0.3104263084690441;0.0;0.3122059667699645;0.0;0.3473967730183233;0.3109572693750225;0.31555598525580303;0.2932777451846438;0.0;0.26677006720209995;0.21060860608549314;0.21101122744481887;0.28535405529785474;0.3109289514291509;0.26887211048296317;0.24886036748529108;0.0;0.0;0.6946789511461083;0.2646332537186266;0.0;0.22860978407384072;0.0;0.24834704654977974;0.2779636565588577;0.2855996076910588;0.4601426256204717;0.2444207253448958;0.263898974648104;0.21907812382037858;0.43271565443675575;0.3493007611999122;0.23944761429674744;0.0;0.0;0.3419394167261575;0.0;0.0;0.0;1.0;0.0;0.0;0.0;0.2667700699462483;0.3332058400778826;0.0;0.39965252216815383;0.0;0.3015843595842955;0.2660869314635824;0.0;0.0;0.2995940856921406;0.25654585991747386;0.0;0.0;0.3190232481976923;0.2211347824139943;0.8170955073812318;0.9115158960347666;0.0;0.2282668981873228;0.32988136004168184;0.34139360830272997;0.3109569609703021;0.232197442189667;0.2853704800216879;0.0;0.17279283303971865;0.0;0.0;0.39668175242079556;0.0;0.0;0.2934571883595671;0.2853492978605872;0.0;0.13847884294285437;0.0;0.0;0.0;0.2934544468427982;0.31980502306395475;0.3107773758856467;0.29352759042775106
GO:0071312;0.3175333548727554;0.0;0.20037377148129773;0.0;0.0;0.22241436960528482;0.0;0.0;0.0;0.18765653828517687;0.1821398368791317;0.17208495459385362;0.0;0.0;0.0;0.0;0.23967135891466257;0.0;0.0;0.3618889704153193;0.0;0.0;0.0;0.23072062569941715;0.0;0.0;0.0;0.0;0.0;0.0;0.0;0.0;0.0;0.0;0.2153410516656004;0.0;0.0;0.18773021152652528;0.0;0.0;0.0;0.13743667037885615;0.0;0.0;0.13708130642333494;0.23072107291217556;0.23072062569941715;0.0;0.0;0.0;0.0;0.0;0.0;0.69570062721098;0.14451395702680342;0.23072062569941715;0.0;0.17208495459385362;0.0;0.0;0.0;0.0;0.22222288522412173;0.0;0.22205607419275028;0.21509827635871748;0.0;0.0;0.0;0.4052086419121689;0.4306451940321189;0.22242177743546412;0.20071892404937122;0.0;0.23967135891466257;0.0;0.23072387791966278;0.1946871169175914;0.0;0.1470441513022362;0.0;0.22243331171459305;0.0;0.0;0.0;0.0;0.0;0.0;0.0;0.0;0.0;0.23127544980985695;0.5213238190719941;0.0;0.7939839926970567;0.0;0.606395148588572;0.20048004670618388;0.606395148588572;0.0;0.0;0.0;0.0;0.0;0.0;0.22243331171459305;0.22242368642542026;0.0;0.20093873369041323;0.16361716737844664;0.0;0.0;0.4796645796954;0.08803024321644708;0.46963882861098827;0.23993513082861298;0.11865435457518998;0.0;0.606395148588572;0.6485437753624209;0.606395148588572;0.0;0.23115872335863114;0.0;0.0;0.19424490872124536;0.0;0.0;0.0;0.0;0.2504638826472782;0.0;0.21480150811468843;0.24038076998001037;0.0;0.20713593983662465;0.14379197795038284;0.0;0.0;0.0;0.1940772280650291;0.0;0.0;0.0;0.0;0.0;0.3081564690253308;0.0;0.21387642313906055;0.18765618923423247;0.0;0.0;0.4866292772782957;0.0;0.6485478667334496;0.0;0.0;0.0;0.0;0.0;0.0;0.0;0.0;0.0;0.0;0.19965562547228635;0.200646972834688;0.0;0.2232890987520961;0.23160219896457773;0.4209664334345714;0.0;1.0;0.474394410093482;0.3369026972569978;0.0;0.0;0.0;0.0;0.6063951485885721;0.0;0.0;0.44085579278400144;0.0;0.0;0.0;0.21465431613794597;0.21465296442769183;0.0;0.0;0.0;0.0;0.35058701043328555;0.0;0.23072107291217556;0.0;0.0;0.0;0.0;0.23079874328820252;0.0;0.36093320522106476;0.5393439490048723;0.0;0.2312519642824131;0.19323305642959812;0.0;0.0;0.25002841352551264;0.15551860400192882;0.2233942081610125;0.23079874328820252;0.18214064546934203;0.0;0.22243331171459305;0.0;0.0
GO:0071316;0.3624288738796569;0.0;0.21736485409902312;0.0;0.0;0.26073880927318005;0.0;0.0;0.0;0.2142232356698117;0.2070637554203496;0.1941662150228006;0.0;0.0;0.0;0.0;0.28477668934319644;0.0;0.0;0.3378313710030404;0.0;0.0;0.0;0.272228140452229;0.0;0.0;0.0;0.0;0.0;0.0;0.0;0.0;0.0;0.0;0.25107083572200223;0.0;0.0;0.21431925079768346;0.0;0.0;0.0;0.1511665114260207;0.0;0.0;0.15073671070449288;0.27222876304995186;0.272228140452229;0.0;0.0;0.0;0.0;0.0;0.0;0.5073914599221644;0.1597727350858607;0.272228140452229;0.0;0.1941662150228006;0.0;0.0;0.0;0.0;0.2604756888225451;0.0;0.260246535857709;0.2507408750669104;0.0;0.0;0.0;0.3479547638807086;0.48965365794769694;0.26074899000930657;0.23141534706306802;0.0;0.28477668934319644;0.0;0.272232668116768;0.22343422829192364;0.0;0.16287117602933354;0.0;0.2607648420432563;0.0;0.0;0.0;0.0;0.0;0.0;0.0;0.0;0.0;0.27300088587859284;0.35150066874217234;0.0;0.4192414605626543;0.0;0.5471672855585241;0.23109787640153795;0.5471672855585241;0.0;0.0;0.0;0.0;0.0;0.0;0.2607648420432563;0.26075161359311233;0.0;0.23170757864686403;0.18345354009754916;0.0;0.0;0.4193940945540743;0.09346776557764212;0.4664863718778354;0.2851491626105064;0.12875010401184714;0.0;0.5471672855585241;0.5914942903087839;0.5471672855585241;0.0;0.2728382565823741;0.0;0.0;0.2228519827976062;0.0;0.0;0.0;0.0;0.3001439253182105;0.0;0.2503376991669524;0.2857788019973001;0.0;0.239987094644348;0.1588907091937862;0.0;0.0;0.0;0.2226313035617505;0.0;0.0;0.0;0.0;0.0;0.35026376530066167;0.0;0.24908210245928886;0.21422278079231624;0.0;0.0;0.3845194649600633;0.0;0.5914986394261881;0.0;0.0;0.0;0.0;0.0;0.0;0.0;0.0;0.0;0.0;0.2300030982948728;0.2313197109325462;0.0;0.2619417761810052;0.27345628713989584;0.32435681264551763;0.0;0.474394410093482;1.0;0.4038220373192017;0.0;0.0;0.0;0.0;0.5471672855585241;0.0;0.0;0.3905734601207872;0.0;0.0;0.0;0.2501377991794784;0.2501359636449677;0.0;0.0;0.0;0.0;0.40613333291393283;0.0;0.27222876304995186;0.0;0.0;0.0;0.0;0.2723369002711236;0.0;0.5046595737754126;0.31176479798291584;0.0;0.27296816225370685;0.22152116749522263;0.0;0.0;0.29951878642856855;0.17333299060065216;0.26208643718635305;0.2723369002711236;0.20706480044618883;0.0;0.2607648420432563;0.0;0.0
GO:0010477;0.27145261327111625;0.0;0.1469889239202467;0.0;0.0;0.0;0.0;0.0;0.0;0.0;0.0;0.0;0.0;0.0;0.0;0.0;0.0;0.0;0.0;0.56193305979401;0.0;0.0;0.0;0.0;0.0;0.0;0.0;0.0;0.0;0.0;0.0;0.0;0.0;0.0;0.0;0.0;0.0;0.0;0.0;0.0;0.0;0.0;0.0;0.0;0.0;0.0;0.0;0.0;0.0;0.0;0.0;0.0;0.0;0.3666688231114109;0.0;0.0;0.0;0.0;0.0;0.0;0.0;0.0;0.0;0.0;0.0;0.0;0.0;0.0;0.0;0.2895317949462119;0.35053900661677245;0.0;0.0;0.0;0.0;0.0;0.0;0.0;0.0;0.0;0.0;0.0;0.0;0.0;0.0;0.0;0.0;0.0;0.0;0.0;0.0;0.0;0.5926192171783737;0.0;0.36149978041269865;0.0;0.40397075092425255;0.0;0.40397075092425255;0.0;0.0;0.0;0.0;0.0;0.0;0.0;0.0;0.0;0.0;0.0;0.0;0.0;0.3616594735215354;0.0;0.4040101972404414;0.39733506926427875;0.0;0.0;0.40397075092425255;0.44749011254395227;0.40397075092425255;0.0;0.0;0.0;0.0;0.0;0.0;0.0;0.0;0.0;0.0;0.0;0.0;0.3985586677533138;0.0;0.0;0.0;0.0;0.0;0.0;0.2855868018586647;0.0;0.0;0.0;0.0;0.0;0.25999552329752873;0.0;0.0;0.0;0.0;0.0;0.5365777779536586;0.0;0.44749448796048646;0.0;0.0;0.0;0.0;0.0;0.0;0.0;0.0;0.0;0.0;0.0;0.0;0.0;0.0;0.0;0.4262504391213187;0.0;0.3369026972569978;0.4038220373192017;1.0;0.0;0.0;0.0;0.0;0.40397075092425255;0.0;0.0;0.2491375845030362;0.0;0.0;0.0;0.3324879851044486;0.33248474204605527;0.0;0.0;0.0;0.0;0.3143760220179823;0.0;0.0;0.0;0.0;0.0;0.0;0.37289033835085816;0.0;0.5596319564951254;0.5056411477884383;0.0;0.0;0.0;0.0;0.0;0.0;0.0;0.0;0.37289033835085816;0.0;0.0;0.0;0.0;0.0
GO:0050731;0.2188895821310356;0.28231306049094484;0.15592313691575463;0.38867519005358325;0.3793883520593038;0.24555445524707126;0.19099431941862519;0.667710481212623;0.667710481212623;0.0;0.0;0.0;0.0;0.7110228062675774;0.2939341829839269;0.2030970113417801;0.25766895399622275;0.21122872684638802;0.334417153327152;0.0;0.0;0.23481954918101336;0.2939073689635705;0.25146588362321226;0.2348827140622093;0.5518365835397834;0.39149479987931607;0.22972995859519013;0.24032588487852125;0.17014499187145637;0.1328205403456504;0.2825179620907744;0.2823130413308835;0.2403121507236186;0.0;0.30958869211144546;0.4551902874617646;0.0;0.28231307404581873;0.2199694549487322;0.33442437465590386;0.20986225208336695;0.22963460546474243;0.2109241783387541;0.17458859935294918;0.25146619782501817;0.25146588362321226;0.2487448930252934;0.0;0.21873867606492337;0.1955545101399794;0.22963230021649675;0.1727807549350388;0.0;0.0;0.25146588362321226;0.0;0.0;0.2297723122485743;0.19188804231436363;0.21534112335905237;0.8412642740518482;0.0;0.14195893099021467;0.0;0.0;0.2616861129330809;0.0;0.6512077438442395;0.1016531485628181;0.0;0.2455597955443934;0.0;0.26884269168104735;0.25766895399622275;0.3391377026545582;0.2514681685514487;0.0;0.305552571083979;0.0;0.22190087988352825;0.2455681103488675;0.20306582903909928;0.4110116539188337;0.2825751699714817;0.23964149641263358;0.293713165180528;0.24023152963722133;0.0;0.2397170097201371;0.0;0.0;0.0;0.210974022233283;0.0;0.31971560878166366;0.0;0.0;0.0;0.2880021995636588;0.22474432140088652;0.17986382763013686;0.21190617881220153;0.18799649894526216;0.3108523776937439;0.2455681103488675;0.24556117171332673;0.5776367092972876;0.0;0.11762865264600589;0.21539418298741156;0.21877512572369423;0.0;0.1229736319832165;0.0;0.0;0.2175045884708034;0.7910198952841285;0.0;0.0;0.0;0.15721800248867085;0.0;0.5518382105013059;0.2823130413308835;0.0;0.6139403941896024;0.2402107883190502;0.2296195020118844;0.2200819048384534;0.0;0.8010939232890554;0.24000031456124699;0.0;0.18507793069107553;0.0;0.21708497779289612;0.24031756383388592;0.23239114561726576;0.18376543804590237;0.0;0.938849082830615;0.17564108277959092;0.16891196700454877;0.22473409278281395;0.24030065006743187;0.2143840968818808;0.19232703788979333;0.0;0.0;0.21246854665027035;0.2016139634940439;0.0;0.18798580010623975;0.0;0.5942340435561395;0.22012480576076915;0.22488636988757593;0.3505643675098868;0.4722483188183105;0.21121047715957095;0.13637099442485243;0.3344156817918567;0.28231311207990883;0.19525287260354574;0.0;0.0;0.19849902957556825;0.0;0.0;0.0;0.2667700699462483;0.0;0.0;0.0;1.0;0.21998548894308126;0.0;0.28244136294440203;0.0;0.23468082355255243;0.47687985478920913;0.0;0.0;0.24893247938365515;0.19688535684786365;0.0;0.0;0.2622007398997845;0.537625348076715;0.22544927269890871;0.26677007920684453;0.0;0.1797915710778998;0.2514661978250181;0.20655872715652157;0.24031737963342514;0.1904049460888686;0.22474428016478262;0.0;0.2943474375839774;0.0;0.0;0.31247885848503854;0.0;0.0;0.2297299585951901;0.1798528932673574;0.0;0.11338381622414966;0.0;0.0;0.0;0.22972827848582772;0.24556811034886747;0.24021010500024334;0.22977310141790808
GO:0090280;0.2710411785254701;0.3018154980858773;0.16681309278002673;0.25021222596916837;0.22183646695638334;0.3257764694064546;0.3306405676151896;0.14188831980162286;0.14188831980162286;0.0;0.0;0.0;0.0;0.14184460323353842;0.32067693487655907;0.24193387372443564;0.3533137890945794;0.25663979263475356;0.3928808632930812;0.0;0.0;0.45395407813483224;0.3206325254503021;0.3389868058420206;0.30295810423098457;0.21044694464524336;0.3415663389875363;0.2923884810252363;0.31443596564862636;0.23465784614624743;0.2084660352599959;0.3021414989331467;0.30181546761278594;0.3144065894669077;0.0;0.16724196909965736;0.2506701585919046;0.0;0.30181551964420755;0.34126555651816126;0.39289473296626914;0.2438561274187413;0.365106352667351;0.2560784603721744;0.19462919401855217;0.33898751929001675;0.3389868058420206;0.2513532078381022;0.0;0.2527871705323936;0.22879857817000035;0.36510052520823477;0.19183325614410798;0.0;0.0;0.3389868058420206;0.0;0.0;0.2924742182115612;0.391411224812503;0.3302533388399337;0.17518155995922416;0.0;0.23189592111073942;0.0;0.0;0.27013812012762933;0.0;0.22936906426662096;0.1407387804339397;0.0;0.32578821462947916;0.0;0.28226048030747897;0.3533137890945794;0.2098018104907538;0.33899199418335046;0.0;0.16362517274753222;0.0;0.2148125165805444;0.32580650252605997;0.2418785886706091;0.1449807074859777;0.3022325585717661;0.31297470599136873;0.5086979449475648;0.46995573014237574;0.0;0.3131356779548826;0.0;0.0;0.0;0.2561702733833997;0.0;0.3654112899432887;0.0;0.0;0.0;0.37305024302269485;0.3528974689666101;0.2824256780875802;0.37036179522329304;0.30300817981196837;0.19557387613879562;0.32580650252605997;0.32579124137141213;0.1952792456865844;0.0;0.17333069515973726;0.33037815240730267;0.2528436387069093;0.0;0.15346819301873396;0.0;0.0;0.20911861699269615;0.17552311887122113;0.0;0.0;0.0;0.2107580004371237;0.0;0.21044777608117565;0.30181546761278594;0.0;0.12809719084546778;0.3925888678533131;0.9303728851576313;0.27333234433525133;0.0;0.16459199131913615;0.31374017174834995;0.0;0.264039440931876;0.0;0.25571658219563004;0.39287415689855726;0.36323998954477515;0.6491084258915029;0.0;0.21998548634639223;0.1962674256966251;0.2563289807691225;0.3528722501139269;0.3143819921874297;0.2625053976286464;0.3144189486644255;0.0;0.0;0.24316785409730277;0.3400242326284545;0.0;0.26999776601769987;0.0;0.20272823927615055;0.2734150380612518;0.28270511722692826;0.4248743183989343;0.19909526374441686;0.25660613188132153;0.2093535246794245;0.3928780370297247;0.3018155801354788;0.2282830019920655;0.0;0.0;0.34976692563850814;0.0;0.0;0.0;0.3332058400778826;0.0;0.0;0.0;0.21998548894308126;1.0;0.0;0.47964867245369125;0.0;0.3025386384896311;0.2193393036112238;0.0;0.0;0.2516198281957195;0.3267876853513808;0.0;0.0;0.2709019108707147;0.17786529364558637;0.263292431941457;0.33320585683567083;0.0;0.2822475639227795;0.33898751929001675;0.3543295886997113;0.39287366460245265;0.2750163063799486;0.2824246429911179;0.0;0.15640850278319518;0.0;0.0;0.35243015601703903;0.0;0.0;0.2923884810252363;0.42234390854627535;0.0;0.1642686359393817;0.0;0.0;0.0;0.2923850803374902;0.32580650252605997;0.39258704264039185;0.3654565846010996
GO:0001541;0.0;0.0;0.0;0.0;0.0;0.0;0.0;0.0;0.0;0.0;0.0;0.0;0.0;0.0;0.0;0.0;0.0;0.0;0.0;0.0;0.0;0.0;0.0;0.0;0.0;0.0;0.0;0.0;0.0;0.0;0.0;0.0;0.0;0.0;0.42414753600556565;0.0;0.0;0.0;0.0;0.0;0.0;0.0;0.0;0.0;0.0;0.0;0.0;0.0;0.0;0.0;0.0;0.0;0.0;0.0;0.0;0.0;0.0;0.0;0.0;0.0;0.0;0.0;0.0;0.0;0.0;0.0;0.0;0.47393942877810774;0.0;0.0;0.0;0.0;0.0;0.0;0.0;0.0;0.0;0.0;0.0;0.0;0.0;0.0;0.0;0.0;0.0;0.0;0.0;0.0;0.0;0.0;0.0;0.0;0.0;0.0;0.0;0.0;0.0;0.0;0.0;0.0;0.0;0.0;0.0;0.0;0.0;0.0;0.0;0.0;0.0;0.0;0.0;0.0;0.0;0.0;0.0;0.0;0.0;0.0;0.0;0.0;0.0;0.0;0.0;0.0;0.0;0.0;0.0;0.0;0.0;0.0;0.3978631397400754;0.0;0.0;0.0;0.0;0.6078716548343763;0.0;0.0;0.0;0.0;0.0;0.0;0.0;0.0;0.0;0.0;0.0;0.0;0.0;0.0;0.0;0.0;0.0;0.0;0.0;0.0;0.0;0.0;0.0;0.0;0.0;0.0;0.0;0.0;0.0;0.0;0.0;0.0;0.0;0.0;0.0;0.0;0.0;0.0;0.0;0.0;0.0;1.0;0.0;0.0;0.0;0.0;0.0;0.0;0.0;0.0;0.0;0.0;0.0;0.0;0.0;0.0;0.0;0.0;0.0;0.0;0.0;0.0;0.0;0.0;0.0;0.0;0.0;0.0;0.0;0.0;0.0;0.0;0.3967654226785197;0.0;0.33364169888572504;0.0;0.0;0.0;0.0;0.0;0.0
GO:2000427;0.2999577864161783;0.3766656458287947;0.19309845397263156;0.27404665556710733;0.25070642427704787;0.3523973948596577;0.3490579004654196;0.187315569940875;0.187315569940875;0.0;0.0;0.0;0.0;0.1872608168183939;0.39764124881848456;0.2710729129019282;0.3778949987643485;0.28575563532259945;0.47551463216708845;0.0;0.0;0.39674134499024494;0.5078136074433651;0.3647010820808649;0.39557322571320436;0.27110402210696694;0.3022248892162148;0.3206951820589534;0.40860812159791643;0.21539519094195028;0.1837791085318242;0.48155175431364067;0.3766656117215239;0.40857491857044076;0.0;0.1935582883119506;0.3184022793536037;0.0;0.37666566995814177;0.30198938054816415;0.6073565553310868;0.2676770532835767;0.32050939597255806;0.2851985531635834;0.2225664658349729;0.36470174296432006;0.3647010820808649;0.31919404636024223;0.0;0.31036690394802596;0.2578015459152248;0.32050490518165325;0.2196368229311977;0.0;0.0;0.3647010820808649;0.0;0.0;0.32077772352637585;0.3406037338231332;0.29333394151001546;0.22851730459997557;0.0;0.20174917412322466;0.0;0.0;0.3408223903461121;0.0;0.2935205469663221;0.1290367115372968;0.0;0.35240839350729175;0.0;0.24881635119588802;0.3778949987643485;0.27033447170530533;0.36470588815316707;0.0;0.21432732669374643;0.0;0.27630231721398746;0.3524255187368181;0.27101736712493135;0.16945799670965503;0.3771323778452056;0.3403457041671504;0.9460251811708305;0.7389943636930644;0.0;0.40713767091720615;0.0;0.0;0.0;0.28528968917410014;0.0;0.44633149364852914;0.0;0.0;0.0;0.44237918042167573;0.31106234558191853;0.24894471180607916;0.31483527424036817;0.2647994708403235;0.22355471076198152;0.3524255187368181;0.35241122783961604;0.25291798150212996;0.0;0.1559165097577143;0.2934324046428093;0.31043107979142326;0.0;0.17394196848598692;0.0;0.0;0.34423586431126757;0.228934919071164;0.0;0.0;0.0;0.23404696036206615;0.0;0.2711050136620286;0.3766656117215239;0.0;0.1699564900854753;0.3414951414528391;0.5089662828914058;0.3022013632432218;0.0;0.21551898225150823;0.3410699137246432;0.0;0.23989914585454805;0.0;0.2795399870401391;0.34171098403165534;0.41649119736561396;0.3835834186738471;0.0;0.28244135986837615;0.22427972484094594;0.2284441135623938;0.3110427514150704;0.3416767881121527;0.2915609928847844;0.27347274360712065;0.0;0.0;0.2994033982346902;0.2926399433149022;0.0;0.24480764704558944;0.0;0.261873698342829;0.30228225837454664;0.31133452763141867;0.5088409415838862;0.25751177754323507;0.2857222369102672;0.2290169057012723;0.4755116569370091;0.3766657376635168;0.2572775745345126;0.0;0.0;0.36722623657921727;0.0;0.0;0.0;0.39965252216815383;0.0;0.0;0.0;0.28244136294440203;0.47964867245369125;0.0;1.0;0.0;0.3304260725763749;0.28167572082669523;0.0;0.0;0.3195030013681584;0.2827820391972138;0.0;0.0;0.34169585589502105;0.23179588724085706;0.3222695190940281;0.3996525403438436;0.0;0.2488063142632863;0.36470174296432006;0.3031742836983094;0.34171061160785765;0.2489262939268588;0.37194095838070773;0.0;0.1818892571792842;0.0;0.0;0.5522111159041929;0.0;0.0;0.3206951820589534;0.3722801449127224;0.0;0.14854515420458092;0.0;0.0;0.0;0.32069190800451364;0.3524255187368181;0.34149376041081364;0.32077926162365594
GO:1990830;0.3625238695627996;0.0;0.21739901988211902;0.0;0.0;0.2608221027483228;0.0;0.0;0.0;0.21427945789442512;0.20711628201426788;0.19421240114865745;0.0;0.0;0.0;0.0;0.28487605156415396;0.0;0.0;0.42215469565099173;0.0;0.0;0.0;0.27231893750938213;0.0;0.0;0.0;0.0;0.0;0.0;0.0;0.0;0.0;0.0;0.25114806589690253;0.0;0.0;0.21437552343795613;0.0;0.0;0.0;0.15119450462358866;0.0;0.0;0.1507645449316654;0.27231956052248846;0.27231893750938213;0.0;0.0;0.0;0.0;0.0;0.0;0.648584764059208;0.15980400676822254;0.27231893750938213;0.0;0.19421240114865745;0.0;0.0;0.0;0.0;0.2605588142471234;0.0;0.260329515064475;0.2508179023502001;0.0;0.0;0.0;0.44474436760479596;0.4897780371105831;0.26083228999012376;0.23148095680631744;0.0;0.28487605156415396;0.0;0.2723234681947007;0.22349538994088114;0.0;0.16290367248677912;0.0;0.26084815215431567;0.0;0.0;0.0;0.0;0.0;0.0;0.0;0.0;0.0;0.27309219922594347;0.4392413500914082;0.0;0.5358805012879092;0.0;0.8500760257638476;0.23116330622737005;0.8500760257638476;0.0;0.0;0.0;0.0;0.0;0.0;0.26084815215431567;0.2608349152504882;0.0;0.2317733542224166;0.18349476984731897;0.0;0.0;0.5360756427097916;0.09347846682378688;0.389011556364612;0.2852487849682617;0.12877041002107945;0.0;0.8500760257638476;0.9189633441283837;0.8500760257638476;0.0;0.27292946115144917;0.0;0.0;0.2229128260571738;0.0;0.0;0.0;0.0;0.3002543026038131;0.0;0.250414478901203;0.285878864871299;0.0;0.24005765558482708;0.15892163652492147;0.0;0.0;0.0;0.22269202636445548;0.0;0.0;0.0;0.0;0.0;0.35035249007309666;0.0;0.2491581138134331;0.2142790027781362;0.0;0.0;0.48051668058604485;0.0;0.7561296857323516;0.0;0.0;0.0;0.0;0.0;0.0;0.0;0.0;0.0;0.0;0.2300679095817759;0.2313852664507475;0.0;0.26202584013286373;0.2735479054377243;0.40531188280132296;0.0;0.6063951485885721;0.5471672855585241;0.40397075092425255;0.0;0.0;0.0;0.0;1.0;0.0;0.0;0.3906382932310713;0.0;0.0;0.0;0.25021445632340444;0.25021261966369096;0.0;0.0;0.0;0.0;0.4062526243559041;0.0;0.27231956052248846;0.0;0.0;0.0;0.0;0.27242776990484624;0.0;0.4208546673762415;0.3895725984697548;0.0;0.27305945370791057;0.2215812861456383;0.0;0.0;0.2996287043218265;0.17336979634298377;0.26217059402975;0.27242776990484624;0.20711732757036647;0.0;0.26084815215431567;0.0;0.0
GO:0010803;0.37480567318816266;0.5895460809988576;0.22158444355773557;0.2693994940711429;0.30093507599906427;0.46041527826788103;0.41837688058713957;0.26400716387938916;0.26400716387938916;0.0;0.0;0.0;0.0;0.2639223993969243;0.35288860153235546;0.33076536128820294;0.5049269398119112;0.3528904809567099;0.4423500534993941;0.0;0.0;0.33938085702986515;0.35283482300138835;0.48164489886473594;0.42427177254874826;0.22385669044360973;0.30279607725436536;0.407751743484218;0.4423697445280507;0.2514536529665611;0.2317140593255828;0.3305719837050815;0.5895460158803704;0.4423232126256599;0.0;0.22219016777144476;0.2699304262370079;0.0;0.5895461270672353;0.30250074728230897;0.4423676359163877;0.31437536002297994;0.32608440821828877;0.35204127963214177;0.26128170832750325;0.48164605153465145;0.48164489886473594;0.27072263813814956;0.0;0.2689161938598152;0.3112162801619764;0.32607859996497074;0.4593310583836741;0.0;0.0;0.48164489886473594;0.0;0.0;0.4078851906373214;0.3525235614636125;0.2917265876307136;0.18437545042289877;0.0;0.26102853477038285;0.0;0.0;0.29264048277775084;0.0;0.2453904604512481;0.15096432553516115;0.0;0.46043405316295416;0.0;0.3137597897691328;0.5049269398119112;0.2676847413250079;0.48165328133384083;0.0;0.1716183932049164;0.0;0.22880287709385833;0.460463286961847;0.3306826624801526;0.19100685521757876;0.3306809894953244;0.7857294317172057;0.3524455218094918;0.44205015507656475;0.0;0.4403111351888612;0.0;0.0;0.0;0.6288245984137835;0.0;0.40783125526050107;0.0;0.0;0.0;0.34114949901045083;0.3139627506174998;0.3139639292432454;0.5329868332929085;0.3396086597295508;0.2626447173014664;0.460463286961847;0.4604388914789049;0.20677288369737817;0.0;0.1891060547366855;0.3646724678128814;0.26898009870574274;0.0;0.16047860197535058;0.0;0.0;0.22235429075828025;0.32988162118772596;0.0;0.0;0.0;0.2689825985424741;0.0;0.223857631214361;0.5895460158803704;0.0;0.23737537731812372;0.3537176406041976;0.3260463555293286;0.3783151654862811;0.0;0.3083276228945132;0.4412679003174515;0.0;0.2854968866613959;0.0;0.33086600609027933;0.35400704698998947;0.24464854325937518;0.3260475455735606;0.0;0.23468082059735107;0.47074515018955004;0.2820427878371662;0.39227393570176156;0.4422842513515086;0.3617865282769957;0.35400803739134384;0.0;0.0;0.25805656727472054;0.483321702570398;0.0;0.29247577906035915;0.0;0.2151433323951271;0.3784419500352101;0.3927381249007543;0.4833277562691465;0.21105624989720415;0.3528395473797597;0.22083817136518055;0.44234647069868244;0.589546256332107;0.674027497742299;0.0;0.0;0.3187409663577111;0.0;0.0;0.0;0.3015843595842955;0.0;0.0;0.0;0.23468082355255243;0.3025386384896311;0.0;0.3304260725763749;0.0;1.0;0.23394556679522804;0.0;0.0;0.2710319589137346;0.4620323705894501;0.0;0.0;0.5241161514707449;0.18735066398740283;0.28083640132037996;0.3015843760538131;0.0;0.31374382975866305;0.48164605153465145;0.5065879703516245;0.35400654754340033;0.23878933036314945;0.392304975454305;0.0;0.20694946082295915;0.0;0.0;0.3917276776421779;0.0;0.0;0.407751743484218;0.313930613796322;0.0;0.17837048275516926;0.0;0.0;0.0;0.4077464506111936;0.460463286961847;0.3537157892198479;0.326433525365426
GO:2000304;0.21824980963334734;0.28154811287792336;0.1555982278637411;0.490535906894033;0.48883887025548756;0.24474960252999287;0.19050703998589955;0.33937002445933023;0.33937002445933023;0.0;0.0;0.0;0.0;0.3392850904684311;0.29310505512705065;0.20254610973389825;0.25678287030216845;0.2106328921715735;0.3333443262747659;0.0;0.0;0.23408342427322953;0.2930783921601468;0.2506218793294306;0.2809046047380666;0.6114665977684673;0.4754950593626539;0.22902535023566584;0.23955488876399908;0.16975818294351158;0.13242228333600248;0.3221853743762144;0.28154809382155244;0.287377031439115;0.0;0.39909033093848584;0.5903866349176812;0.0;0.28154812635944093;0.2193233636716193;0.33335150134456776;0.20937176532325275;0.22893058100572997;0.21033005815186384;0.17418134650926834;0.2506221914256403;0.2506218793294306;0.24815084980638968;0.0;0.21827917556643908;0.19504371542031593;0.22892828987082045;0.17238188290041617;0.0;0.0;0.2506218793294306;0.0;0.0;0.22906744445656727;0.19127386189061119;0.21472189632359467;0.4013201434406917;0.0;0.14150408036379458;0.0;0.0;0.26102873201605914;0.0;0.49168779141554203;0.10141970586412596;0.0;0.24475490787657284;0.0;0.311739749261883;0.25678287030216845;0.3384275681759641;0.25062414894535845;0.0;0.5027951882569133;0.0;0.2214280121415425;0.2447631682614875;0.2025150963531603;0.2771908469326786;0.2818088032178917;0.23887487825289713;0.2928852819903957;0.23946113784081843;0.0;0.23894990912024905;0.0;0.0;0.0;0.21037962161351947;0.0;0.31873489662889437;0.0;0.0;0.0;0.28720615450729886;0.22406991934398876;0.17932409966439058;0.21115741922420556;0.18740693914896975;0.24325588465920214;0.2447631682614875;0.24475627503874547;0.6341301832252662;0.0;0.11731618276670364;0.21477465120067607;0.21831547223503467;0.0;0.12277144370964632;0.0;0.0;0.2481985593465935;0.4019286138559422;0.0;0.0;0.0;0.1568876803231834;0.0;0.6114683967516428;0.28154809382155244;0.0;0.31207966844099855;0.2394405293331472;0.22891557001761856;0.21943515379104003;0.0;0.38219042322961494;0.23923140263230636;0.0;0.18462033621436605;0.0;0.2165601905836585;0.23954662102275112;0.23187256408772636;0.18320207720136797;0.0;0.4768798506453354;0.17522891079601138;0.1684358787610488;0.22405975201952388;0.23952981559773476;0.2137703537529598;0.19171004856314622;0.0;0.0;0.2120349855845618;0.2009360552575908;0.0;0.18751373193056184;0.0;0.6523135682797642;0.21947780291495167;0.2242111163372918;0.3493856196974696;0.5865618748522008;0.21061474529267335;0.13612239610238658;0.3333428641658241;0.281548164187698;0.19474365039098337;0.0;0.0;0.19797275738554374;0.0;0.0;0.0;0.2660869314635824;0.0;0.0;0.0;0.47687985478920913;0.2193393036112238;0.0;0.28167572082669523;0.0;0.23394556679522804;1.0;0.0;0.0;0.2483375409249849;0.1962388237237073;0.0;0.0;0.26154077411498344;0.4060869384080342;0.22496117751991004;0.2660869406768107;0.0;0.17925227602390442;0.25062219142564024;0.20584721720273616;0.23954643800223063;0.18992066551286602;0.2688160743474949;0.0;0.37948185606502466;0.0;0.0;0.3115419755858761;0.0;0.0;0.2290253502356658;0.17931323082394027;0.0;0.1130934636444143;0.0;0.0;0.0;0.2290236804166404;0.24476316826148747;0.23943985038956297;0.22906822879148234
GO:0071549;0.20955841477774342;0.0;0.15120959763141872;0.0;0.0;0.13802767586050357;0.0;0.0;0.0;0.12379767894953654;0.12137250085295755;0.11682386654826825;0.0;0.0;0.0;0.0;0.1444837923352023;0.0;0.0;0.36180188628432924;0.0;0.0;0.0;0.14118196463249091;0.0;0.0;0.0;0.0;0.0;0.0;0.0;0.0;0.0;0.0;0.13527026162813804;0.0;0.0;0.12382973790465555;0.0;0.0;0.0;0.09975171847796022;0.0;0.0;0.0995643843451198;0.14118213208800726;0.14118196463249091;0.0;0.0;0.0;0.0;0.0;0.0;0.45855441214712367;0.10342803615765173;0.14118196463249091;0.0;0.11682386654826825;0.0;0.0;0.0;0.0;0.13795390549988792;0.0;0.13788960137324754;0.13517442365764132;0.0;0.0;0.0;0.3603375787697732;0.2868558554770712;0.13803052879759556;0.1293509999408388;0.0;0.1444837923352023;0.0;0.14118318239661057;0.1268189294869795;0.0;0.10471763436907666;0.0;0.13803497078785262;0.0;0.0;0.0;0.0;0.0;0.0;0.0;0.0;0.0;0.1413895208819003;0.27837591586950783;0.0;0.48150713097533804;0.0;0.3906382932310713;0.12925175195225275;0.3906382932310713;0.0;0.0;0.0;0.0;0.0;0.0;0.13803497078785262;0.13803126398476437;0.0;0.12944225156534006;0.11285867044473143;0.0;0.0;0.47830819704938776;0.07087903714796118;0.3039394172182798;0.14457960981675963;0.0894722305100525;0.0;0.3906382932310713;0.40770744221159233;0.3906382932310713;0.0;0.14134588639664986;0.0;0.0;0.12663114291276306;0.0;0.0;0.0;0.0;0.1483370726320841;0.0;0.13505716219224445;0.14474130210198707;0.0;0.1319860393531495;0.10305769764725775;0.0;0.0;0.0;0.12655985838997738;0.0;0.0;0.0;0.0;0.0;0.20543294709890877;0.0;0.1346908620042835;0.12379752703942044;0.0;0.0;0.33994604003077744;0.0;0.4955055273725515;0.0;0.0;0.0;0.0;0.0;0.0;0.0;0.0;0.0;0.0;0.12890857768271083;0.12932111472286717;0.0;0.13836405782308925;0.14151157472161766;0.5253163024385309;0.0;0.44085579278400144;0.3905734601207872;0.2491375845030362;0.0;0.0;0.0;0.0;0.3906382932310713;0.0;0.0;1.0;0.0;0.0;0.0;0.13499895787191188;0.13499842322605674;0.0;0.0;0.0;0.0;0.22346255670073106;0.0;0.14118213208800726;0.0;0.0;0.0;0.0;0.14121121136605927;0.0;0.31734941652769166;0.34741370602727617;0.0;0.1413807429372964;0.12620033162423638;0.0;0.0;0.14818421942595636;0.10894539364280185;0.13840441078196317;0.14121121136605927;0.12137285990594973;0.0;0.13803497078785262;0.0;0.0
GO:0006006;0.0;0.0;0.23094659454143202;0.0;0.0;0.0;0.0;0.0;0.0;0.0;0.0;0.0;0.0;0.0;0.0;0.0;0.0;0.0;0.0;0.0;0.0;0.0;0.0;0.0;0.0;0.0;0.0;0.0;0.0;0.0;0.0;0.0;0.0;0.0;0.0;0.0;0.0;0.0;0.0;0.0;0.0;0.0;0.0;0.0;0.2745789213675245;0.0;0.0;0.0;0.0;0.0;0.0;0.0;0.0;0.0;0.2924609841801998;0.0;0.0;0.0;0.0;0.0;0.0;0.0;0.0;0.0;0.0;0.0;0.0;0.0;0.0;0.0;0.0;0.0;0.35110982024753573;0.0;0.0;0.0;0.0;0.0;0.0;0.0;0.0;0.0;0.0;0.0;0.0;0.0;0.0;0.0;0.0;0.0;0.0;0.0;0.0;0.0;0.0;0.0;0.0;0.0;0.0;0.0;0.0;0.0;0.0;0.0;0.0;0.0;0.0;0.0;0.0;0.0;0.0;0.0;0.0;0.0;0.0;0.0;0.0;0.0;0.0;0.0;0.0;0.0;0.0;0.0;0.0;0.0;0.0;0.0;0.0;0.0;0.0;0.0;0.0;0.0;0.0;0.0;0.0;0.0;0.0;0.0;0.0;0.0;0.0;0.0;0.0;0.0;0.0;0.0;0.0;0.0;0.0;0.0;0.0;0.0;0.0;0.0;0.0;0.0;0.0;0.0;0.0;0.0;0.0;0.0;0.0;0.0;0.0;0.0;0.0;0.0;0.0;0.0;0.0;0.0;0.0;0.0;0.0;0.0;0.0;0.0;0.0;0.0;0.0;1.0;0.0;0.0;0.0;0.0;0.0;0.0;0.0;0.0;0.0;0.0;0.0;0.0;0.0;0.0;0.0;0.0;0.0;0.0;0.0;0.0;0.0;0.0;0.0;0.0;0.0;0.0;0.0;0.0;0.0;0.0;0.0;0.0;0.0
GO:0048714;0.25018709846813014;0.31933882813087355;0.17117684586090043;0.237991830494208;0.21496429743253193;0.28563988456632455;0.21439660209306452;0.1719637171476913;0.1719637171476913;0.0;0.0;0.0;0.0;0.17191756996546717;0.33428880690621476;0.22976618214051897;0.3021655652282246;0.24022871130278806;0.3876599493704465;0.0;0.0;0.27121700600756354;0.33425412523828224;0.2936704217420091;0.27130127331682286;0.30764454310982065;0.2517623011996847;0.36801834779475656;0.27858941488808164;0.18847173398913258;0.15237724849214124;0.319601025425083;0.3193388036155062;0.27857095937548526;0.0;0.17153810301259698;0.27645106552575455;0.0;0.3193388454743836;0.25159885141544824;0.3876696532051004;0.233173268219474;0.2643237321019188;0.38165736489991875;0.19393954165008015;0.2936708502619501;0.2936704217420091;0.5470655135080833;0.0;0.24032867086552123;0.2201596242966494;0.2643206777808703;0.19171129191658623;0.0;0.0;0.2936704217420091;0.0;0.0;0.26450620245936063;0.22235755466404453;0.4850461809704775;0.2060737397136747;0.0;0.1645279565746401;0.0;0.0;0.2931970766824897;0.0;0.25749886975168845;0.11272588247255602;0.0;0.2856471107507331;0.0;0.20628241725577295;0.3021655652282246;0.2394798327083355;0.29367353801499857;0.0;0.19446338286081127;0.0;0.24415136899177833;0.28565836196995753;0.22972627371650692;0.15233746013450541;0.3196742389979327;0.27767016425590696;0.33400296499495824;0.27846263014205563;0.0;0.33324183667354285;0.0;0.0;0.0;0.23989932253946392;0.0;0.36804177328422555;0.0;0.0;0.0;0.3266373918168998;0.25786515509753316;0.2063706358361634;0.24969047099066405;0.3776092167059325;0.19468948749798293;0.28565836196995753;0.2856489729120123;0.2257108789181331;0.0;0.13271340948373586;0.24563107520802346;0.24037267167040044;0.0;0.13226953764294808;0.0;0.0;0.2388397753470806;0.206413290480999;0.0;0.0;0.0;0.17273872192143389;0.0;0.3076455395617359;0.3193388036155062;0.0;0.15722146818492033;0.27843476224389374;0.2643037210659374;0.2517459754105123;0.0;0.19544388283546824;0.2781520144008534;0.0;0.2069697233646416;0.0;0.24212389467950252;0.3876668232934725;0.3292078073527983;0.2115234278693211;0.0;0.2489324769942131;0.19523913210365693;0.3340180306317997;0.25785168961513527;0.2785555054244934;0.24431835772167476;0.27857872413263074;0.0;0.0;0.23278105994299533;0.23552338165290293;0.0;0.2930869915909749;0.0;0.23281638133650653;0.25180211060212637;0.5095762514335903;0.4095261784039655;0.22936236419419267;0.24020510683978422;0.17743243628416577;0.38765797196759083;0.31933889413914057;0.2197773802025593;0.0;0.0;0.22389881548920737;0.0;0.0;0.0;0.2995940856921406;0.0;0.0;0.0;0.24893247938365515;0.2516198281957195;0.0;0.3195030013681584;0.0;0.2710319589137346;0.2483375409249849;0.0;0.0;1.0;0.22909576088525382;0.0;0.0;0.29384325638890724;0.20873619132639012;0.24845394840604898;0.2995940973718279;0.0;0.20627551850282877;0.29367085026195006;0.24229929047858753;0.3876664788440595;0.29731919805120977;0.2578651008118284;0.0;0.16230981054010668;0.0;0.0;0.45938648255006415;0.0;0.0;0.36801834779475656;0.20635624129818508;0.0;0.12733493462880888;0.0;0.0;0.0;0.2644478512920776;0.28565836196995753;0.27843384415428635;0.36808577416557203
GO:0002676;0.32377873971892335;0.35306460826231223;0.18539853359212324;0.22763884054957692;0.2559588657103824;0.4050810054292352;0.25495445875026884;0.15227985486124004;0.15227985486124004;0.0;0.0;0.0;0.0;0.15222950156824802;0.3034364143267558;0.28309256750666134;0.44855160840576175;0.30343815065162866;0.3876756156608071;0.0;0.0;0.3701962336870278;0.303386731079517;0.42570945293106677;0.3703924478382927;0.18738709022107075;0.3270880668865798;0.3547155882275558;0.3876945138796867;0.26450938878528424;0.2510181974892749;0.28291557649251137;0.3530645665617603;0.38764985572505195;0.0;0.18592845175889564;0.22811257158386114;0.0;0.35306463776356267;0.3267434770577727;0.38769249015832385;0.27625538276035233;0.3544316403843341;0.3026537477396502;0.22040860344464494;0.4257105781150837;0.42570945293106677;0.22881962670411807;0.0;0.2804194368019354;0.26527245380731135;0.3544247783990979;0.2709347512979349;0.0;0.0;0.42570945293106677;0.0;0.0;0.354841781558636;0.3858891558401925;0.3142089925113086;0.15309692506335604;0.0;0.2857869725828699;0.0;0.0;0.24847398623571804;0.0;0.2063248859191696;0.15892711350624694;0.0;0.40509916516032674;0.0;0.3399187546458197;0.44855160840576175;0.2790764888496676;0.4257176355294984;0.0;0.14213476377427897;0.0;0.19172216673260215;0.4051274413996649;0.28301687473123177;0.1588178343030907;0.2830153435045421;0.4816621719481085;0.3030271091303462;0.3873878116657945;0.0;0.3857196548100679;0.0;0.0;0.0;0.3783344503638366;0.0;0.3547907770959777;0.0;0.0;0.0;0.2926179163504195;0.3401569818617722;0.3401583653599386;0.595263930359847;0.37046729943554507;0.2216208922927939;0.4051274413996649;0.4051038449715306;0.17248150546721752;0.0;0.20176955909522126;0.5461847028695158;0.280489143027786;0.0;0.1326086843869829;0.0;0.0;0.1860720575333811;0.19170619518407317;0.0;0.0;0.0;0.28049186983452;0.0;0.187387913920752;0.3530645665617603;0.0;0.16325853665537834;0.38732042468164357;0.3543866845721538;0.3270536358213189;0.0;0.17874091073397835;0.38663727858650704;0.0;0.5952318356928618;0.0;0.40544457566299696;0.38766745644498235;0.20566961227864397;0.3543880904880217;0.0;0.19688535424887407;0.2780347477189564;0.3030037464022532;0.7553880965928863;0.38761246403158;0.31167230444903327;0.3876686441435044;0.0;0.0;0.26859606121260937;0.9490927439841474;0.0;0.5515052632570294;0.0;0.1797716621289475;0.32717203652836896;0.34056380763839866;0.4273527810063509;0.17620893721133904;0.3033910956470525;0.19097886148863535;0.38767217712976354;0.3530647205421545;0.3305995487393975;0.0;0.0;0.2721143685790845;0.0;0.0;0.0;0.25654585991747386;0.0;0.0;0.0;0.19688535684786365;0.3267876853513808;0.0;0.2827820391972138;0.0;0.4620323705894501;0.1962388237237073;0.0;0.0;0.22909576088525382;1.0;0.0;0.0;0.311484431733723;0.15566172774453257;0.2934482170758011;0.2565458748089963;0.0;0.33990002252227725;0.4257105781150837;0.6727641310754909;0.387666857504224;0.2536448958237559;0.340156863828429;0.0;0.17263503568363112;0.0;0.0;0.33961460919661396;0.0;0.0;0.3547155882275558;0.3401192592515857;0.0;0.1895943138088657;0.0;0.0;0.0;0.35471058320879073;0.4051274413996649;0.3873182048311184;0.3548441333106802
GO:0002438;0.3085314476182386;0.0;0.17976227975763534;0.0;0.0;0.0;0.0;0.0;0.0;0.2299591189034109;0.22172940455882903;0.20700514146722723;0.0;0.0;0.0;0.0;0.0;0.0;0.0;0.2734091782684249;0.0;0.0;0.0;0.0;0.0;0.0;0.0;0.0;0.0;0.0;0.0;0.0;0.0;0.0;0.0;0.0;0.0;0.23006976143026509;0.0;0.0;0.0;0.15883622343425108;0.0;0.0;0.0;0.0;0.0;0.0;0.0;0.0;0.0;0.0;0.0;0.2306850365164072;0.0;0.0;0.0;0.20700514146722723;0.0;0.0;0.0;0.0;0.0;0.0;0.0;0.0;0.0;0.0;0.0;0.15461718792895965;0.29833081026528935;0.0;0.0;0.0;0.0;0.0;0.0;0.2406066371934898;0.0;0.17180970035290846;0.0;0.0;0.0;0.0;0.0;0.0;0.0;0.0;0.0;0.0;0.0;0.2990821386001847;0.2854806431614062;0.0;0.18819843770142342;0.0;0.25021445632340444;0.2495170479132331;0.25021445632340444;0.0;0.0;0.0;0.0;0.0;0.0;0.0;0.0;0.0;0.25022796289193167;0.0;0.0;0.0;0.18827107604564808;0.0;0.2502347880581133;0.7444452357542578;0.0;0.0;0.25021445632340444;0.27224756077752954;0.25021445632340444;0.0;0.0;0.0;0.0;0.23993158871504408;0.0;0.0;0.0;0.0;0.0;0.0;0.0;0.4225254904398516;0.0;0.0;0.1673862740431882;0.0;0.0;0.0;0.4021509829716178;0.0;0.0;0.0;0.0;0.0;0.29744308075236914;0.0;0.2706131593302656;0.2299585947450641;0.0;0.0;0.31499604242860946;0.0;0.27224973663219065;0.0;0.0;0.0;0.0;0.0;0.0;0.0;0.0;0.0;0.0;0.0;0.0;0.0;0.0;0.0;0.26159289948802356;0.0;0.21465431613794597;0.2501377991794784;0.3324879851044486;0.0;0.0;0.0;0.0;0.25021445632340444;0.0;0.0;0.13499895787191188;0.0;0.0;0.0;1.0;0.8230132695171858;0.0;0.0;0.0;0.0;0.2596293651608205;0.0;0.0;0.0;0.0;0.0;0.0;0.29828540963267697;0.0;0.2724942070884983;0.2506244641156759;0.0;0.0;0.2383896719957121;0.0;0.0;0.0;0.0;0.0;0.29828540963267697;0.2217306028589217;0.0;0.0;0.0;0.0
GO:0002439;0.3085293691045322;0.0;0.1797615741677046;0.0;0.0;0.0;0.0;0.0;0.0;0.2299575675689694;0.22172796227461933;0.20700388437621992;0.0;0.0;0.0;0.0;0.0;0.0;0.0;0.2734069853130803;0.0;0.0;0.0;0.0;0.0;0.0;0.0;0.0;0.0;0.0;0.0;0.0;0.0;0.0;0.0;0.0;0.0;0.23006820860265143;0.0;0.0;0.0;0.15883548331078548;0.0;0.0;0.0;0.0;0.0;0.0;0.0;0.0;0.0;0.0;0.0;0.23068347537226877;0.0;0.0;0.0;0.20700388437621992;0.0;0.0;0.0;0.0;0.0;0.0;0.0;0.0;0.0;0.0;0.0;0.15461648660179128;0.2983288669183931;0.0;0.0;0.0;0.0;0.0;0.0;0.2406049388746261;0.0;0.17180883438805833;0.0;0.0;0.0;0.0;0.0;0.0;0.0;0.0;0.0;0.0;0.0;0.29907951447688896;0.28547825228686147;0.0;0.1881973986507639;0.0;0.25021261966369096;0.24951522147764638;0.25021261966369096;0.0;0.0;0.0;0.0;0.0;0.0;0.0;0.0;0.0;0.25022612603392785;0.0;0.0;0.0;0.18827003619275792;0.0;0.25023295109990495;0.7444383842710921;0.0;0.0;0.25021261966369096;0.27224538641668655;0.25021261966369096;0.0;0.0;0.0;0.0;0.2399298999124208;0.0;0.0;0.0;0.0;0.0;0.0;0.0;0.4225215922878734;0.0;0.0;0.16738545209461822;0.0;0.0;0.0;0.40214815537553905;0.0;0.0;0.0;0.0;0.0;0.29744114895368723;0.0;0.2706110109979179;0.22995704341769468;0.0;0.0;0.3149931316225259;0.0;0.27224756223659186;0.0;0.0;0.0;0.0;0.0;0.0;0.0;0.0;0.0;0.0;0.0;0.0;0.0;0.0;0.0;0.2615908919875209;0.0;0.21465296442769183;0.2501359636449677;0.33248474204605527;0.0;0.0;0.0;0.0;0.25021261966369096;0.0;0.0;0.13499842322605674;0.0;0.0;0.0;0.8230132695171858;1.0;0.0;0.0;0.0;0.0;0.25962738768397337;0.0;0.0;0.0;0.0;0.0;0.0;0.2982827994715736;0.0;0.27249202878610396;0.250622621431858;0.0;0.0;0.23838800482939523;0.0;0.0;0.0;0.0;0.0;0.2982827994715736;0.22172916055912284;0.0;0.0;0.0;0.0
GO:0070886;0.26924190652181373;0.8143688434942173;0.17988733657428024;0.25214099397225853;0.22888225369836054;0.3107486343179156;0.3184866134572316;0.42492311417096934;0.42492311417096934;0.0;0.0;0.0;0.0;0.4248049548801692;0.3586615956391951;0.24573804283678186;0.33040731744216484;0.2577437051721269;0.42082253922630297;0.0;0.0;0.29375409713775613;0.35862167267560213;0.3202765953648015;0.29385295344191037;0.2524019257477379;0.27106706363223854;0.2858322559110953;0.3024222293759629;0.27705068887513973;0.1643554543235415;0.3418079728945892;0.8143687766356453;0.302400481249507;0.0;0.18028633780864756;0.29291197826266013;0.0;0.8143688907936235;0.27087759608377;0.4208339743385907;0.327281321325797;0.28568465870334064;0.2572904019759755;0.20519683637302308;0.3202771050489024;0.3202765953648015;0.29358191358885116;0.0;0.3237808756466918;0.23478133740330145;0.2856810907776326;0.36193209623294564;0.0;0.0;0.3202765953648015;0.0;0.0;0.2858978247717299;0.24132444087197363;0.26389308188646127;0.21508382531125256;0.0;0.17858072216486218;0.0;0.0;0.31177965266345065;0.0;0.2717221194027182;0.11914987079599551;0.0;0.31075718677228414;0.0;0.22250600044055924;0.33040731744216484;0.3225787641807503;0.32028030188102574;0.0;0.20246708233787733;0.0;0.25690179869612556;0.3107705030787518;0.24569239376949092;0.15919771996270113;0.34189171551823627;0.5380472141387361;0.35833257365672117;0.3022728301677365;0.0;0.3014586879988709;0.0;0.0;0.0;0.45952951318934987;0.0;0.3978039520101145;0.0;0.0;0.0;0.3498684614622169;0.2781548898914805;0.22260864447249823;0.34219600863822147;0.23520142399314806;0.20603655925506248;0.3107705030787518;0.3107593907146429;0.2365651789929251;0.0;0.1417083383999274;0.36734825455635783;0.3238432007965801;0.0;0.13741089774660278;0.0;0.0;0.25102761306858745;0.5137764561028559;0.0;0.0;0.0;0.21788067901777716;0.0;0.25240278521657167;0.8143687766356453;0.0;0.3872922589779981;0.30223999306124105;0.28566128279804265;0.2710481382731809;0.0;0.4853432102336325;0.30190685937795586;0.0;0.30593345870836236;0.0;0.3406050513629487;0.30240905286925757;0.27106799573246393;0.22861602199524123;0.0;0.2622007372488365;0.3689816489162432;0.2060720958964854;0.38706249125762576;0.3023822703773346;0.2624572914358887;0.24201918196146516;0.0;0.0;0.3131073441649276;0.3210171761446358;0.0;0.3116598927248474;0.0;0.24438234643833992;0.2711132127101319;0.278372509384138;0.44671484118484506;0.2405794270983216;0.25771653343995155;0.18517976156749003;0.4208202090376494;0.9072103734113626;0.418430621618697;0.0;0.0;0.23903849391155224;0.0;0.0;0.0;0.3190232481976923;0.0;0.0;0.0;0.2622007398997845;0.2709019108707147;0.0;0.34169585589502105;0.0;0.5241161514707449;0.26154077411498344;0.0;0.0;0.29384325638890724;0.311484431733723;0.0;0.0;1.0;0.217985824730485;0.33530987633161885;0.31902326144139453;0.0;0.22249797389858825;0.3202771050489024;0.3311177556808878;0.3024087611875616;0.22739763939034624;0.27815482672690967;0.0;0.17012067079794754;0.0;0.0;0.3866620396112641;0.0;0.0;0.2858322559110953;0.2225918956765297;0.0;0.1355928794465535;0.0;0.0;0.0;0.28582965500913754;0.3107705030787518;0.30223891127388997;0.2858990465626068
GO:0006919;0.17714818917304453;0.2317094650656465;0.13351323256574768;0.3875140308624861;0.34771507461397294;0.1942164529755521;0.1584224736808436;0.4822131823728773;0.4822131823728773;0.0;0.0;0.0;0.0;0.4821056681720639;0.43788121433345795;0.2640089795752633;0.20171755819334308;0.27262124123882636;0.2656847156627064;0.0;0.0;0.18743906560148044;0.2394627389532335;0.19789595008289787;0.18747930985108177;0.47203633444621435;0.31650605170403234;0.1841819133832116;0.19093098662127594;0.14380588943452785;0.32294647017600003;0.23184747630687133;0.23170945215872973;0.1909223178254171;0.0;0.26502014333559304;0.38185422059698915;0.0;0.23170947419670418;0.17785481169407866;0.2656892736303713;0.1766060095379723;0.18412061777072666;0.17189460961235276;0.1469674274095778;0.1978961446745606;0.19789595008289787;0.208604278665275;0.0;0.18708206850033618;0.1615471923639628;0.1841191357688991;0.23078068891894968;0.0;0.0;0.19789595008289787;0.0;0.0;0.18420913623982094;0.15252130782870205;0.17481683811290635;0.55909910303363;0.0;0.3406037305282086;0.0;0.0;0.21763000913131908;0.0;0.605438413904823;0.08578186780918699;0.0;0.19421979369390144;0.0;0.21648691592019184;0.20171755819334308;0.3981785046423267;0.19789736518374726;0.0;0.35967918278484706;0.0;0.1893903849430224;0.19422499510784152;0.2639757164047233;0.36163104734788615;0.4239948885011079;0.23028712222785597;0.2393338054482184;0.19087142687899908;0.0;0.1905464778986653;0.0;0.0;0.0;0.17192771241480476;0.0;0.2563207270617396;0.0;0.0;0.0;0.23552808335373618;0.18096342389461112;0.14482573016167838;0.1649033448872613;0.15005244031808682;0.29485809610441477;0.19422499510784152;0.1942206545760284;0.49805141048677465;0.0;0.09688578383399657;0.17485180497332065;0.18710873071136197;0.0;0.1085976489479496;0.0;0.0;0.18617859815322196;0.4638340170917456;0.0;0.0;0.0;0.13446150719796054;0.0;0.4720375248847549;0.23170945215872973;0.0;0.44736258533300816;0.19085833307351033;0.18411090793056628;0.28185900052745033;0.0;0.44381753503762894;0.19072543662355354;0.0;0.15433034086489977;0.0;0.1816932382696686;0.190925734525035;0.1969794220091122;0.14734466173087962;0.0;0.5376253440911479;0.2339936918441567;0.13763995056463924;0.18095679219314023;0.1909150586243171;0.1741855902825782;0.15279852592267165;0.0;0.0;0.18247637445068374;0.15860270454786174;0.0;0.156347016883884;0.0;0.5103416751603931;0.17795635733610338;0.18105550855637859;0.27577643137459074;0.4063553999077452;0.27260205062124765;0.11891432769793547;0.2656837868521844;0.23170949981785435;0.16134128823706462;0.0;0.0;0.16355139611638736;0.0;0.0;0.0;0.2211347824139943;0.0;0.0;0.0;0.537625348076715;0.17786529364558637;0.0;0.23179588724085706;0.0;0.18735066398740283;0.4060869384080342;0.0;0.0;0.20873619132639012;0.15566172774453257;0.0;0.0;0.217985824730485;1.0;0.1919691585480771;0.2211347887772424;0.0;0.14477887957706356;0.19789614467456057;0.16164680583707214;0.1909256182601155;0.15801676736724288;0.18096339715951218;0.0;0.25377157560804275;0.0;0.0;0.251648360149825;0.0;0.0;0.18418191338321158;0.1448186408770551;0.0;0.09398759058875167;0.0;0.0;0.0;0.29176370739884355;0.1942249951078415;0.19085790169265854;0.1842096434603794
GO:0090026;0.2183749356946983;0.36097403419349733;0.15566181625686626;0.21334819576327588;0.19105091775350164;0.24490696974195195;0.22866518823001145;0.20556665526219922;0.20556665526219922;0.0;0.0;0.0;0.0;0.2055151926163007;0.29326722846509834;0.20265387279626906;0.2569560975029328;0.21074943450776312;0.33355410042177375;0.0;0.0;0.28100199200019427;0.2932405359864436;0.25078689110013297;0.2342902168674493;0.21816670947365097;0.2195740612845751;0.22916314078526925;0.23970564469601663;0.30287831494815276;0.13250016928724273;0.2819017553648026;0.36097400974825816;0.23969198133864983;0.0;0.1559604972146037;0.24778782849583755;0.0;0.36097405148739464;0.21944972408780103;0.3335612845250815;0.346246229584118;0.22906825751094934;0.21044626552281148;0.17426103453037847;0.2507872036074523;0.25078689110013297;0.3181622309463698;0.0;0.8816457025231863;0.19514364118402527;0.22906596361949488;0.20689975105068256;0.0;0.0;0.25078689110013297;0.0;0.0;0.22920528567710563;0.23915201727287658;0.21484300874034334;0.18971494876431774;0.0;0.14159301940215074;0.0;0.0;0.33468151553450814;0.0;0.2324529290915658;0.10146538542068351;0.0;0.24491228191318093;0.0;0.17936295998882298;0.2569560975029328;0.2789249255032198;0.2507891637057306;0.0;0.1798305532995132;0.0;0.2838856971199263;0.24492055292431777;0.20262282640843152;0.1399257965984858;0.28195871393753796;0.28675743165869194;0.3351016409067012;0.2874616499116881;0.0;0.23909990432758432;0.0;0.0;0.0;0.25253138689486304;0.0;0.31892668094152526;0.0;0.0;0.0;0.644967205456618;0.22420180992537783;0.179429652478319;0.3167560147634928;0.18752222482620606;0.17486627419646728;0.24492055292431777;0.24491365083405664;0.20623316446237508;0.0;0.117377308445256;0.38324088809707585;0.8520211058960427;0.0;0.14733608438968043;0.0;0.0;0.21713917110023376;0.24347386261138326;0.0;0.0;0.0;0.4925889160866599;0.0;0.2181673516015904;0.36097400974825816;0.0;0.18903146317751268;0.23959114131763615;0.27479458704627197;0.21956164309015652;0.0;0.23151310284539225;0.23938175156089933;0.0;0.400726494062122;0.0;0.35813964438949675;0.23969736654561608;0.26526402459737575;0.22905369849865193;0.0;0.22544927073902157;0.21031844253209506;0.1685289994519882;0.3985512653569829;0.23968053996354308;0.21389039482594424;0.19183069094665298;0.0;0.0;0.8275004037024751;0.3004769149785832;0.0;0.3335122012923528;0.0;0.21214917050183918;0.21960434140160603;0.22434317324094954;0.3496160762350845;0.20927738215085828;0.21073126754298263;0.21775012317771825;0.3335526364720417;0.36097410001294017;0.23375298380177031;0.0;0.0;0.2771861575846083;0.0;0.0;0.0;0.8170955073812318;0.0;0.0;0.0;0.22544927269890871;0.263292431941457;0.0;0.3222695190940281;0.0;0.28083640132037996;0.22496117751991004;0.0;0.0;0.24845394840604898;0.2934482170758011;0.0;0.0;0.33530987633161885;0.1919691585480771;1.0;0.7447955377810139;0.0;0.1793577442769895;0.25078720360745227;0.4085582185455335;0.23969718329467535;0.1900154096088561;0.22420176888811372;0.0;0.14829471861929974;0.0;0.0;0.3117251990512681;0.0;0.0;0.2291631407852692;0.2241886940248865;0.0;0.11315026709416327;0.0;0.0;0.0;0.2291614689563907;0.24492055292431772;0.2395904615196514;0.22920607095625262
GO:0002693;0.275996944701727;0.34930069810098674;0.18287782773104602;0.25705203574742846;0.23374561425887402;0.3197818828761896;0.2796189466484609;0.1802915084016007;0.1802915084016007;0.0;0.0;0.0;0.0;0.18024078405750035;0.36726655118854357;0.2513528796227077;0.34063846189508457;0.2639274783648086;0.4327181425894046;0.0;0.0;0.36208491723377834;0.3672246897051452;0.32988083903619125;0.3019178676531046;0.25663336549937976;0.27791516003637934;0.2934572039533956;0.3109712188603312;0.28218777143643387;0.16861488365686786;0.34961442887136607;0.3493006687695149;0.3109482238326178;0.0;0.18329022063056588;0.2986260702751789;0.0;0.3493007188516724;0.27771600186040746;0.4327302333324219;0.333548471784424;0.29330162915894537;0.2634521830444582;0.20909715110025828;0.3298813797467891;0.32988083903619125;0.38359129657244206;0.0;0.718757355896661;0.2399014236163576;0.29329786844093364;0.20650931029572495;0.0;0.0;0.32988083903619125;0.0;0.0;0.29352631816709096;0.3100401037940848;0.2703791587955051;0.21814891500204905;0.0;0.18362068778168306;0.0;0.0;0.40786262456969335;0.0;0.27663244725893615;0.12137259512237177;0.0;0.31979093979274453;0.0;0.22827535814761432;0.34063846189508457;0.2559436703160546;0.3298847711839664;0.0;0.2051808561063865;0.0;0.33484738091963345;0.3198050415836489;0.25130512086679896;0.1615354019833607;0.34970204081435363;0.3098262898201035;0.41957750030064817;0.37288188812214085;0.0;0.309952523738057;0.0;0.0;0.0;0.2635299488005485;0.0;0.4084173802228649;0.0;0.0;0.0;0.8036268168234761;0.28537056125213545;0.22838339539458866;0.3531823948801009;0.24165747398640858;0.20996916755562295;0.3198050415836489;0.31979327373587485;0.24027837507796818;0.0;0.14486353090205192;0.3764208606178663;0.7188980332258809;0.0;0.16693674149561502;0.0;0.0;0.25521271639481174;0.21852946126289155;0.0;0.0;0.0;0.4361794960618129;0.0;0.25663425402727724;0.3493006687695149;0.0;0.16415381967106274;0.31077853714802833;0.35184367384402765;0.27789526639269907;0.0;0.2062727144307791;0.3104263259184357;0.0;0.31220597945172407;0.0;0.3473967867498303;0.3109572868841569;0.315555996587074;0.2932777607594075;0.0;0.26677007646269596;0.21060861411734094;0.21101123751924233;0.28535407004239866;0.3109289689350964;0.2688721235734186;0.24886038149795012;0.0;0.0;0.6946789735920377;0.2646332695638335;0.0;0.2286097935373643;0.0;0.24834705457547637;0.27796367054955234;0.28559962246098963;0.4601426531722532;0.2444207331188289;0.2638989872587882;0.21907813003079815;0.43271567880195494;0.34930077707674273;0.23944762467882508;0.0;0.0;0.3419394318555419;0.0;0.0;0.0;0.9115158960347666;0.0;0.0;0.0;0.26677007920684453;0.33320585683567083;0.0;0.3996525403438436;0.0;0.3015843760538131;0.2660869406768107;0.0;0.0;0.2995940973718279;0.2565458748089963;0.0;0.0;0.31902326144139453;0.2211347887772424;0.7447955377810139;1.0;0.0;0.22826690997681096;0.3298813797467891;0.3413936294071792;0.3109569784794018;0.23219745195255048;0.2853704947679293;0.0;0.17279283844619975;0.0;0.0;0.3966817728969877;0.0;0.0;0.2934572039533956;0.2853493126046396;0.0;0.13847884881396963;0.0;0.0;0.0;0.29345446243633533;0.3198050415836489;0.31077739337452837;0.2935276060290625
GO:0031669;0.374127384792021;0.0;0.22151906684561093;0.0;0.0;0.27106855308632716;0.0;0.0;0.0;0.22114716598281972;0.21352563474293165;0.19983714945829056;0.0;0.0;0.0;0.0;0.29714402577309657;0.0;0.0;0.2610421900244827;0.0;0.0;0.0;0.283507983178552;0.0;0.0;0.0;0.0;0.0;0.0;0.0;0.0;0.0;0.0;0.2606346962233272;0.0;0.0;0.22124948952433943;0.0;0.0;0.0;0.15458172988418187;0.0;0.0;0.15413231816953643;0.28350865844025697;0.283507983178552;0.0;0.0;0.0;0.0;0.0;0.0;0.3757630519252808;0.16359280763600179;0.283507983178552;0.0;0.19983714945829056;0.0;0.0;0.0;0.0;0.270784182835304;0.0;0.2705365418319427;0.26027913668080926;0.0;0.0;0.0;0.25508911129114903;0.3622163094417403;0.27107955648307136;0.23951622002578504;0.0;0.29714402577309657;0.0;0.28351289382981365;0.23097686018111951;0.0;0.1668426905271531;0.0;0.2710966895181018;0.0;0.0;0.0;0.0;0.0;0.0;0.0;0.0;0.0;0.2843461917141016;0.2720243747538171;0.0;0.3087421729117051;0.0;0.4062526243559041;0.23917615005422874;0.4062526243559041;0.0;0.0;0.0;0.0;0.0;0.0;0.2710966895181018;0.2710823920726899;0.0;0.2398292831350252;0.1885078309289635;0.0;0.0;0.3714926117045993;0.09476226550649737;0.23983555281647734;0.2975495762442133;0.131219268001535;0.0;0.4062526243559041;0.44041440967375123;0.4062526243559041;0.0;0.2841697688977716;0.0;0.0;0.2303546953302844;0.0;0.0;0.0;0.0;0.31391428792744186;0.0;0.25984473005440417;0.2982352350587531;0.0;0.24871051437126743;0.16266822211748683;0.0;0.0;0.0;0.3091736440045366;0.0;0.0;0.0;0.0;0.0;0.36117829824570785;0.0;0.2584922129475299;0.2211466812258875;0.0;0.0;0.2986929417129009;0.0;0.44041777098193646;0.0;0.0;0.0;0.0;0.0;0.0;0.0;0.0;0.0;0.0;0.2380036900834815;0.2394137725512026;0.0;0.27236896215117185;0.28484026464050577;0.25024959752604853;0.0;0.35058701043328555;0.40613333291393283;0.3143760220179823;0.0;0.0;0.0;0.0;0.4062526243559041;0.0;0.0;0.22346255670073106;0.0;0.0;0.0;0.2596293651608205;0.25962738768397337;0.0;0.0;0.0;0.0;1.0;0.0;0.28350865844025697;0.0;0.0;0.0;0.0;0.38106240401527913;0.0;0.2602079934750723;0.24019349045736216;0.0;0.28431069190956815;0.22893304885429924;0.0;0.0;0.31323053677776863;0.17783815783072243;0.27252537294581786;0.38106240401527913;0.2135267460113388;0.0;0.2710966895181018;0.0;0.0
GO:0044130;0.28000012058701895;0.24863323676773205;0.17016398937141067;0.20509364153093287;0.2278020627628089;0.33880616436155164;0.22700613770602046;0.11509643399150288;0.11509643399150288;0.0;0.0;0.0;0.0;0.11506049047884302;0.26465658337576314;0.3111906769831404;0.3686913246055688;0.33069733807144375;0.326544019938738;0.0;0.0;0.31405376422455183;0.26461878709478537;0.35311756005058476;0.31419496576430095;0.17183769119173956;0.28247161542807625;0.3784087032158511;0.4080424971782474;0.19205498897816284;0.21564706582569368;0.24890968487526585;0.24863321092742702;0.3265257433211361;0.0;0.3384724510944773;0.20547810404107325;0.0;0.2486332550485762;0.2822145846708967;0.32655599214988806;0.19976082344908314;0.30263443393693357;0.32995147706255423;0.19920612004733398;0.35311833421891464;0.35311756005058476;0.20605162907686275;0.0;0.1720560906160339;0.29382622235955896;0.3026294310265878;0.24525492227507123;0.0;0.0;0.35311756005058476;0.0;0.0;0.37852363222549545;0.4064408456681738;0.27281458200920616;0.14255761003476705;0.0;0.24081637685469076;0.0;0.0;0.22185422567365945;0.0;0.18763052513363299;0.14397553980459163;0.0;0.33881886791082005;0.0;0.3648492513422488;0.3686913246055688;0.17130026297221024;0.35312318996583314;0.0;0.13300570321649216;0.0;0.175476182806089;0.3388386480419729;0.31111747568454834;0.18431185804264807;0.2489869064101378;0.3249816163152479;0.2643451593305783;0.32633980187189876;0.0;0.3251551796234465;0.0;0.0;0.0;0.3300734651181154;0.0;0.30289623246933683;0.0;0.0;0.0;0.2563889656290108;0.43665375066918205;0.579626982962826;0.3872946796491535;0.31424882521931946;0.2501502490954432;0.3388386480419729;0.33882214161919666;0.15921992002129248;0.0;0.17826644333619057;0.27292100945459025;0.172095305718025;0.0;0.15572605327585196;0.0;0.0;0.1707312023252892;0.14284024750335497;0.0;0.0;0.0;0.21503973950356672;0.0;0.1718383838615544;0.24863321092742702;0.0;0.10377235386318574;0.3262919789494832;0.30260165720791676;0.35292397411885607;0.0;0.13380401290257687;0.32580701852502814;0.0;0.2167174739382738;0.0;0.20971714380150544;0.32653823103455026;0.18708846003045465;0.37811038291830185;0.0;0.17979156891061313;0.251058379593295;0.33028433932379453;0.2921439321614418;0.4079697564025331;0.27090020637305934;0.40801956305076936;0.0;0.0;0.16538101321867696;0.3542434239797791;0.0;0.22173594093393062;0.0;0.16541201407421527;0.3530343086315229;0.29246560916988124;0.3542474874509029;0.1623909359223029;0.3306526090260262;0.17785220174000965;0.32654158033069675;0.24863330634343517;0.29314577535321606;0.0;0.0;0.24051044977387226;0.0;0.0;0.0;0.2282668981873228;0.0;0.0;0.0;0.1797915710778998;0.2822475639227795;0.0;0.2488063142632863;0.0;0.31374382975866305;0.17925227602390442;0.0;0.0;0.20627551850282877;0.33990002252227725;0.0;0.0;0.22249797389858825;0.14477887957706356;0.1793577442769895;0.22826690997681096;0.0;1.0;0.35311833421891464;0.3697976096733214;0.3265378060889317;0.22596736399037134;0.36506876628364227;0.0;0.1991131368915176;0.0;0.0;0.29176531481360535;0.0;0.0;0.3784087032158511;0.3650341011779515;0.0;0.16869518469516187;0.0;0.0;0.0;0.3784041447105882;0.3388386480419729;0.32629040353032945;0.3029351207334817
GO:0031663;0.5908488398501466;0.364404168701627;0.3330617367087632;0.2917552447866604;0.32910467556229306;0.7461414102593594;0.3277759288461389;0.15435148376159527;0.15435148376159527;0.24849760079809055;0.2389151473206988;0.22190747926782156;0.0;0.15429975136087443;0.3922604659663682;0.3651151165601678;0.8303733106208108;0.3922627881626581;0.5060154875102686;0.0;0.0;0.38593046712744783;0.39219401896772144;0.7860071394480033;0.4824972092778361;0.23907917858057148;0.3393107586135306;0.46124531645626315;0.5060412546751927;0.21674041153247495;0.26077296638214675;0.36487950350879444;0.3644041242794228;0.5059803647768942;0.29948228052417175;0.23717926093097477;0.29237805232672903;0.24862680661297878;0.36440420012832325;0.3389399488014594;0.506038495385353;0.4531318765177647;0.36882828320429917;0.39121380525653526;0.3975207036821103;0.8931468751811964;0.7860071394480033;0.2933077317709323;0.0;0.23941756657537472;0.3414401985788308;0.3688208524499827;0.2775627840575122;0.24934549369496253;0.17809292544378538;0.7860071394480033;0.0;0.22190747926782156;0.4614160820001126;0.40301649608370865;0.3254715271585516;0.1945795354055827;0.31296104121420587;0.2984996022398005;0.31263029516381546;0.2990129250960657;0.3192100694083963;0.0;0.2638028871244045;0.222125667415994;0.23928573483639137;0.7461764216658557;0.27193195143873117;0.3531385516555973;0.8303733106208108;0.2382469029143621;0.7860229905240506;0.26097763111351174;0.1804255489693646;0.18195124342188715;0.24472941830236655;0.8479464733357255;0.36501435205960997;0.20198000062115806;0.3650123136624535;0.503016374639989;0.3917130784864295;0.505623089083569;0.0;0.503349198246627;0.0;0.331219294234737;0.0;0.3913853096745928;0.20043594467517248;0.4613470618721516;0.27231956052248846;0.2714936877789681;0.27231956052248846;0.377809401844417;0.35339567601447325;0.353397169298228;0.5027688919349734;0.38622507360970826;0.2838493305017017;0.8479464733357255;0.8478947788571706;0.21969354340657307;0.27233555904869294;0.2838609905763184;0.3256230147929082;0.23947833677871097;0.200518338757772;0.20441002060746608;0.0;0.0;0.2885453912590661;0.19500101537485584;0.27231956052248846;0.2986222593853004;0.27231956052248846;0.23948071403412652;0.3309799368909279;0.23908025164866878;0.3644041242794228;0.26018362622431607;0.13816933985745275;0.4045778926282697;0.36877960135414345;0.4239318371778859;0.37203890385366706;0.1816018118142473;0.8075247214114465;0.0;0.24867736291548273;0.2838452263100885;0.42147484020059406;0.40495655317885726;0.26294565061166203;0.3687811237878556;0.0;0.2514661944319615;0.28501919235313256;0.3134639497644291;0.3533640758945028;0.5059293829362715;0.5679711020944321;0.4049578491772066;0.2966569877371969;0.24849698872180367;0.22911911089729464;0.44845265950008695;0.0;0.2553077878901209;0.2986248772462714;0.2291667307486999;0.4240910464819138;0.44212633115649014;0.5603620822831025;0.2245352130877322;0.39219985616500175;0.1942485147937543;0.5060107991864965;0.36440428830959176;0.34052169774116814;0.2699839754991645;0.27179990498634066;0.3505186973692581;0.31507988452357716;0.3318898762359491;0.0;0.32988136004168184;0.23072107291217556;0.27222876304995186;0.0;0.2514661978250181;0.33898751929001675;0.0;0.36470174296432006;0.27231956052248846;0.48164605153465145;0.25062219142564024;0.14118213208800726;0.0;0.29367085026195006;0.4257105781150837;0.0;0.0;0.3202771050489024;0.19789614467456057;0.25078720360745227;0.3298813797467891;0.28350865844025697;0.35311833421891464;1.0;0.47367457466803137;0.4049558996240534;0.2609337784804753;0.4415774678842587;0.0;0.21989288826394157;0.0;0.0;0.44084618429331107;0.33117112680787253;0.25837140811417886;0.46124531645626315;0.3533549601607756;0.3710788900080912;0.2662341340684628;0.3152892147563536;0.0;0.23891653857513936;0.4612385437378251;0.8479464733357255;0.4045754705558846;0.3692749878827214
GO:0050920;0.35079482063362355;0.37850355749996195;0.19395157249513534;0.2406701938784895;0.2725524869838753;0.4482732254564758;0.2714139184181943;0.15682591635063398;0.15682591635063398;0.0;0.0;0.0;0.0;0.15677251228144487;0.32704066994140574;0.3035312413270209;0.5021244433984015;0.3270426869108175;0.4270554216915212;0.0;0.0;0.40594129771239423;0.3269829570844575;0.4736731816565712;0.40617724502353136;0.19612891591763165;0.3546827640255997;0.38740164924421017;0.4270783543569136;0.27853411884387996;0.2730810853212648;0.3033277801857394;0.37850350957372175;0.4270241628158307;0.0;0.19453158866250328;0.24119977862011338;0.0;0.37850359140560513;0.35427761516237677;0.42707589859479367;0.291589457821741;0.38706298533088623;0.3261316826845547;0.2326031300309885;0.47367457466803137;0.4736731816565712;0.24199043153664623;0.0;0.38957122159397195;0.28313777449716293;0.38705480167575274;0.2856681003342427;0.0;0.0;0.4736731816565712;0.0;0.0;0.3875521757650496;0.42488860825259833;0.33958908374577973;0.15888273306040177;0.0;0.314737497708839;0.0;0.0;0.2640817301828464;0.0;0.216973140770244;0.16749482677584138;0.0;0.448295464357947;0.0;0.369819782186982;0.5021244433984015;0.24419405906957306;0.47368331197704094;0.0;0.1471082176338789;0.0;0.20088303056173518;0.4483300926343094;0.3034442259697443;0.16505293346009892;0.303442465727599;0.5302833587819549;0.32656525828908833;0.42670620453001806;0.0;0.4246831242157356;0.0;0.0;0.0;0.40769661083325376;0.0;0.38749133519440365;0.0;0.0;0.0;0.3929868138623154;0.3701017815797261;0.3701034193851908;0.6713358596935425;0.4062672603549258;0.23395368514936674;0.4483300926343094;0.448301195416707;0.1798605352501355;0.0;0.2157827796820657;0.4245319791671986;0.38967258598414567;0.0;0.13692769335899868;0.0;0.0;0.19468879714881335;0.19896712935646674;0.0;0.0;0.0;0.3896765512603298;0.0;0.19612981826323736;0.37850350957372175;0.0;0.14014880595956958;0.42662444575735403;0.38700937122213586;0.354642278724742;0.0;0.18503680018477983;0.42579576635976935;0.0;0.38381478432150673;0.0;0.30871057514470723;0.4270455206928603;0.21624860431187903;0.3870110478924014;0.0;0.20655872429587105;0.29357254802761934;0.326538125280709;0.5530283271876542;0.42697878991704186;0.3366279762734102;0.42704696193185293;0.0;0.0;0.3724120764954281;0.7108879383053476;0.0;0.39439331677187267;0.0;0.18780216372954353;0.3547815016047201;0.37058343845315506;0.47570855557685066;0.18391747072956274;0.32698802697721546;0.19818376884170488;0.4270512491173302;0.37850368654263905;0.352802403016591;0.0;0.0;0.2909458501368376;0.0;0.0;0.0;0.34139360830272997;0.0;0.0;0.0;0.20655872715652157;0.3543295886997113;0.0;0.3031742836983094;0.0;0.5065879703516245;0.20584721720273616;0.0;0.0;0.24229929047858753;0.6727641310754909;0.0;0.0;0.3311177556808878;0.16164680583707214;0.4085582185455335;0.3413936294071792;0.0;0.3697976096733214;0.47367457466803137;1.0;0.4270447938953145;0.2699303028226562;0.37010164185017386;0.0;0.18002748935269844;0.0;0.0;0.3694598031881834;0.0;0.0;0.38740164924421017;0.3700571254512707;0.0;0.20191574100852422;0.0;0.0;0.0;0.3873956793377362;0.4483300926343094;0.4266217525229425;0.3875549810866278
GO:0032755;0.3116313407821849;0.3414493600074632;0.18135072991387508;0.27685364303230797;0.24830724547243513;0.3862445955135687;0.24736188140130233;0.1500779060240843;0.1500779060240843;0.0;0.0;0.0;0.0;0.15002899817438647;0.36578949868074595;0.273762261550315;0.4255701585775431;0.29274386397786156;0.462810757770074;0.0;0.0;0.44283403690984907;0.3657317165276742;0.4049548814777523;0.3545810076026233;0.40701198143347744;0.3932211101599335;0.340188013453276;0.37040585381640817;0.2579358267030002;0.24115669583052107;0.34186666143114997;0.34144932100553843;0.3703650895739413;0.0;0.18185772965027414;0.2774143935125326;0.0;0.34144938759955695;0.392822527676521;0.4628300043734472;0.26909294166573944;0.424747944704742;0.36487917148716104;0.21471119864304963;0.4049558996240534;0.4049548814777523;0.3872117428554029;0.0;0.22928999870526892;0.25706279299024265;0.4247400578853417;0.2113135560723739;0.0;0.0;0.4049548814777523;0.0;0.0;0.34030408012805674;0.3687575779123186;0.5264420192466316;0.18783671361816795;0.0;0.2730736030910449;0.0;0.0;0.30145728788801956;0.0;0.25155996443597106;0.15491628952750358;0.0;0.3862611056088911;0.0;0.3265550943227179;0.4255701585775431;0.2282160583222115;0.4049622856671709;0.0;0.17461336237137032;0.0;0.23415739541361524;0.38628681308858775;0.2736914753693059;0.15583817263115007;0.3419832446050442;0.36837976004701345;0.3653134524329473;0.3701258856814952;0.0;0.3686027898121484;0.0;0.0;0.0;0.29213310585248575;0.0;0.42516070086696917;0.0;0.0;0.0;0.35319171160715507;0.40831429976292327;0.32677622900954;0.45055068866866604;0.4431444451506523;0.21586146038570958;0.38628681308858775;0.38626536029339653;0.21113610395332325;0.0;0.19534853464806998;0.378466178076074;0.22934573578689893;0.0;0.13052486980323852;0.0;0.0;0.2274079053900909;0.1882294589031314;0.0;0.0;0.0;0.18354770915331745;0.0;0.4070137310694751;0.34144932100553843;0.0;0.13473490069780644;0.46240561904133975;0.42469627453656583;0.31466396328496715;0.0;0.17571483081766087;0.36944069042560096;0.0;0.29388232744048537;0.0;0.28360837959230356;0.8226310273336934;0.44576282361368486;0.3398867806975728;0.0;0.24031737653456314;0.2167066727172884;0.3652862788273374;0.4082805389773463;0.3703309578804871;0.3004005186218035;0.6431899015217319;0.0;0.0;0.21982716417759815;0.40643625258637817;0.0;0.4192618833918773;0.0;0.21987099952567696;0.3147735617302999;0.40878340750363135;0.5078599716683277;0.21560410149200468;0.2927000670720177;0.22426062315216402;0.4628068358637924;0.3414494650211786;0.2564121484858863;0.0;0.0;0.2634826487902165;0.0;0.0;0.0;0.3109569609703021;0.0;0.0;0.0;0.24031737963342514;0.39287366460245265;0.0;0.34171061160785765;0.0;0.35400654754340033;0.23954643800223063;0.0;0.0;0.3876664788440595;0.387666857504224;0.0;0.0;0.3024087611875616;0.1909256182601155;0.23969718329467535;0.3109569784794018;0.0;0.3265378060889317;0.4049558996240534;0.4270447938953145;1.0;0.42797658947494993;0.32677484329706274;0.0;0.16912009507643813;0.0;0.0;0.4076888252644725;0.0;0.0;0.340188013453276;0.32674013915220657;0.0;0.18391392019659822;0.0;0.0;0.0;0.3401834100033144;0.38628681308858775;0.4624030869263749;0.7558334707501676
GO:0045907;0.21872719702064009;0.24878762672844787;0.14540881495445612;0.21263849685011701;0.1855200144150082;0.2530352667134503;0.23327122003878423;0.12896558698752802;0.12896558698752802;0.0;0.0;0.0;0.0;0.1289294699072641;0.2614643426820492;0.19937039962630557;0.26934038278618444;0.20925139111704397;0.3075493313473036;0.0;0.0;0.2985981238703471;0.261434818643709;0.26093335575762755;0.2390505692196289;0.25496337761479687;0.27518651541677913;0.23242105179730627;0.24614011427556215;0.20129902918056533;0.16691705165769824;0.2490090946342671;0.24878760602269617;0.24612211294845257;0.0;0.14573458415480411;0.2574507456070166;0.0;0.24878764137682788;0.2749912474438022;0.3075578304039024;0.2080304464787769;0.2902641350595336;0.26099889769933077;0.16610180379303283;0.2609337784804753;0.26093335575762755;0.29705164649958277;0.0;0.18341590949072487;0.19036431410901059;0.29026045183128374;0.16406112027890982;0.0;0.0;0.26093335575762755;0.0;0.0;0.23247522362837342;0.309458955995098;0.37266209288594265;0.1558950124928092;0.0;0.1816090160299015;0.0;0.0;0.22685922229633132;0.0;0.19739455476088322;0.16304109417079812;0.0;0.2530423523758638;0.0;0.22597564280279855;0.26934038278618444;0.18272806364749622;0.2609364298762284;0.0;0.17731158643912703;0.0;0.18651732486270117;0.2530533848776584;0.1993328545322054;0.12853638429070666;0.24907094076949182;0.24524378753854345;0.261221025460775;0.24601645467012817;0.0;0.3093724962312705;0.0;0.0;0.0;0.20893915088867696;0.0;0.29045683613819984;0.0;0.0;0.0;0.2549638889438779;0.2824943123396848;0.22608151370973098;0.27913535352412056;0.298739223625906;0.16678936214945106;0.2530533848776584;0.25304417833134973;0.17161248358344924;0.0;0.19432334461278516;0.26787786330035074;0.18345157323097713;0.0;0.13973084182346354;0.0;0.0;0.2564853809257695;0.15616544573265537;0.0;0.0;0.0;0.1468178679409545;0.0;0.2549642545903152;0.24878760602269617;0.0;0.11747040447851236;0.3073703721583329;0.2902400037557705;0.22021684461512997;0.0;0.14745261344156801;0.24571354480786195;0.0;0.22254253508001443;0.0;0.21660073833698343;0.42797700928131305;0.27402392223882416;0.23228040270092068;0.0;0.1904049441435608;0.16729351925773098;0.26120713100941895;0.28247815187494973;0.2461070395060623;0.21313443733936155;0.30754581997455066;0.0;0.0;0.177310344562991;0.26154760572445745;0.0;0.36291946115377066;0.0;0.17733886217412842;0.2202705188728814;0.28271877758773606;0.3268137022635047;0.17455262806082245;0.2092290130244186;0.15568245713007312;0.30754759945401283;0.24878768247922645;0.19000727013869717;0.0;0.0;0.1938622579755206;0.0;0.0;0.0;0.232197442189667;0.0;0.0;0.0;0.1904049460888686;0.2750163063799486;0.0;0.2489262939268588;0.0;0.23878933036314945;0.18992066551286602;0.0;0.0;0.29731919805120977;0.2536448958237559;0.0;0.0;0.22739763939034624;0.15801676736724288;0.1900154096088561;0.23219745195255048;0.0;0.22596736399037134;0.2609337784804753;0.2699303028226562;0.42797658947494993;1.0;0.22608085042059184;0.0;0.13743922615252638;0.0;0.0;0.2821947791901034;0.0;0.0;0.23242105179730627;0.22606423826896874;0.0;0.18582973552007084;0.0;0.0;0.0;0.23241890298640447;0.2530533848776584;0.30736925333370557;0.4042367983386604
GO:1903347;0.3500856141892079;0.3108457623137865;0.21270499416675281;0.25638696253446314;0.28478906646261753;0.4236664977880032;0.28379353062583623;0.14385294345611913;0.14385294345611913;0.0;0.0;0.0;0.0;0.1438080080758255;0.33089022409576446;0.4332725933306223;0.4610675871695993;0.46044780814969827;0.40832193930625726;0.0;0.0;0.3142730172202657;0.3955929528459321;0.4415764990201997;0.5482138853129532;0.21479792044191032;0.2826489758313108;0.5269236462010952;0.7257388189820617;0.1921369620010068;0.21578694331768875;0.43423975413109905;0.31084572998991733;0.5697444988290599;0.0;0.2558511902484131;0.25686779747653665;0.0;0.3108457851814584;0.2823916223470228;0.48825345250490537;0.2497174625846319;0.3028380270985994;0.4594086959467239;0.2490237307067042;0.4415774678842587;0.4415764990201997;0.25758508838846644;0.0;0.21507102513118;0.40908332617532256;0.30283301745476665;0.34142981246287585;0.0;0.0;0.4415764990201997;0.0;0.0;0.527083789434286;0.4067347440712554;0.2729800190972764;0.17818608723355336;0.0;0.24099082471470626;0.0;0.0;0.2773496510018548;0.0;0.23454726870879225;0.1440378766105907;0.0;0.4236823951439048;0.0;0.36508605985904247;0.4610675871695993;0.2141258769104669;0.4415835448038981;0.0;0.16624340711530863;0.0;0.2193478256327409;0.42370714821100286;0.4331706183323541;0.25656057028737816;0.3112881711875837;0.4063668443284852;0.3951836515327393;0.48792997895176604;0.0;0.4861574997352812;0.0;0.0;0.0;0.4595786460245052;0.0;0.3787320177208515;0.0;0.0;0.0;0.3205476403145479;0.29235527778093856;0.36530724587075614;0.38762817616921746;0.3144683507539513;0.3482478373492046;0.42370714821100286;0.42368649189733404;0.19902006667684166;0.0;0.1783620198316175;0.273086575684025;0.21512006296362793;0.0;0.216758348913403;0.0;0.0;0.29780036470167137;0.17853947454221353;0.0;0.0;0.0;0.29934988365480086;0.0;0.2147987866130719;0.31084572998991733;0.0;0.12969631138201002;0.3265286592656304;0.3028052062569509;0.49141458658199677;0.0;0.16724150853621833;0.4073996997614776;0.0;0.21682185733569678;0.0;0.2621694831505913;0.3267752688598506;0.23386937926970572;0.378364724783022;0.0;0.22474427745453374;0.3495126600000023;0.33047839200975615;0.2923336508520054;0.5681164716977989;0.33870109281454147;0.4083157498689749;0.0;0.0;0.20672407647366567;0.35452240838371685;0.0;0.22184521587938474;0.0;0.2067628413768311;0.4915683138561782;0.36568141222060424;0.4429905956105846;0.20298517067029764;0.46038549284653085;0.24756593853993838;0.4083188865214978;0.31084584934665727;0.408135471119058;0.0;0.0;0.3006850786930106;0.0;0.0;0.0;0.2853704800216879;0.0;0.0;0.0;0.22474428016478262;0.2824246429911179;0.0;0.37194095838070773;0.0;0.392304975454305;0.2688160743474949;0.0;0.0;0.2578651008118284;0.340156863828429;0.0;0.0;0.27815482672690967;0.18096339715951218;0.22420176888811372;0.2853704947679293;0.0;0.36506876628364227;0.4415774678842587;0.37010164185017386;0.32677484329706274;0.22608085042059184;1.0;0.0;0.27717112297491936;0.0;0.0;0.43620208736598987;0.0;0.0;0.5269236462010951;0.365271149790207;0.0;0.16878077109790626;0.0;0.0;0.0;0.5269172943355531;0.42370714821100286;0.32652708156015003;0.3031391187983131
GO:0009615;0.2482159113190068;0.0;0.1398973141416721;0.0;0.0;0.0;0.0;0.0;0.0;0.0;0.0;0.0;0.0;0.0;0.0;0.0;0.0;0.0;0.0;0.30015177531669124;0.33206568022607547;0.0;0.0;0.0;0.0;0.0;0.0;0.0;0.0;0.0;0.0;0.0;0.0;0.0;0.0;0.14030562016589918;0.0;0.0;0.0;0.0;0.0;0.0;0.0;0.0;0.0;0.0;0.0;0.0;0.0;0.0;0.0;0.0;0.0;0.24943621216809386;0.0;0.0;0.0;0.0;0.0;0.0;0.0;0.0;0.0;0.0;0.0;0.0;0.0;0.0;0.0;0.16282104096528302;0.23936927973321476;0.0;0.0;0.0;0.0;0.0;0.0;0.0;0.0;0.0;0.0;0.0;0.0;0.0;0.0;0.0;0.0;0.0;0.0;0.0;0.3151479791695353;0.0;0.31476328905400197;0.0;0.20049456023356657;0.0;0.27242776990484624;0.0;0.27242776990484624;0.0;0.0;0.0;0.0;0.0;0.0;0.0;0.0;0.0;0.0;0.0;0.0;0.0;0.4040313432033687;0.0;0.2724518720402678;0.34945071118644055;0.0;0.0;0.27242776990484624;0.29875238663947407;0.27242776990484624;0.0;0.0;0.0;0.0;0.0;0.0;0.0;0.0;0.0;0.0;0.0;0.0;0.3503968085800537;0.0;0.0;0.0;0.0;0.0;0.0;0.7027486536757059;0.0;0.0;0.0;0.0;0.0;0.23860161670874813;0.0;0.0;0.0;0.0;0.0;0.3510287927448691;0.0;0.2987550067824637;0.0;0.0;0.0;0.0;0.0;0.0;0.0;0.0;0.0;0.0;0.0;0.2719077016985114;0.0;0.0;0.0;0.2859708562119711;0.0;0.23079874328820252;0.2723369002711236;0.37289033835085816;0.0;0.0;0.0;0.0;0.27242776990484624;0.0;0.0;0.14121121136605927;0.0;0.0;0.0;0.29828540963267697;0.2982827994715736;0.0;0.0;0.0;0.0;0.38106240401527913;0.0;0.0;0.0;0.0;0.0;0.0;1.0;0.0;0.29904942169232296;0.27291387844177845;0.0;0.0;0.0;0.0;0.0;0.0;0.0;0.0;0.8930994529177765;0.0;0.0;0.0;0.0;0.0
GO:0000122;0.19457128562791773;0.18181520950018804;0.14317606881644337;0.6288053555339438;0.6710174294100828;0.21535908713110266;0.17221340580927127;0.21459635288521542;0.21459635288521542;0.0;0.0;0.0;0.0;0.2145458880893513;0.1884939271782384;0.2532483644718553;0.22462118693014754;0.26229674610699116;0.21132229780698855;0.0;0.0;0.16570849796892334;0.18847858244889987;0.21989264800924735;0.20710644112103943;0.3689458228223666;0.3098393822579735;0.28260680793599313;0.2940687424586221;0.12411001569320988;0.11772484288228928;0.18193346180292028;0.1818151984417477;0.21131617192124055;0.0;0.4772023498040747;0.3198281026944769;0.0;0.1818152173235326;0.15639837478213978;0.2113263104270551;0.15904354806725537;0.1624737074473982;0.26195921841274994;0.1587618627277743;0.21989288826394157;0.21989264800924735;0.16219882753137294;0.0;0.144244212465427;0.2447880486849441;0.16247226547965624;0.21884056875796348;0.0;0.0;0.21989264800924735;0.0;0.0;0.28265286722814825;0.21089637509137776;0.1534679480665674;0.25100309643792845;0.0;0.12484832947709237;0.0;0.0;0.1698191479733202;0.0;0.30270894089709954;0.09256858093692856;0.0;0.2153631947963394;0.0;0.3162836266760116;0.22462118693014754;0.20015721642550008;0.2198943951799644;0.0;0.2380350184876817;0.0;0.14615546114321018;0.215369590357799;0.25321352215383;0.4067772675100182;0.18196647429112328;0.21079742086370742;0.1883674373973256;0.2112538299923706;0.0;0.2108558478602202;0.0;0.0;0.0;0.2620144670120798;0.0;0.20310961800114227;0.0;0.0;0.0;0.18509190365698336;0.15940719408393453;0.19918405754618584;0.18407600386655695;0.16576278856294765;0.3447139286425479;0.215369590357799;0.21536425331835293;0.4028486196220057;0.0;0.10563278479168757;0.1535016209061442;0.14426626871362488;0.0;0.1598948671451538;0.0;0.0;0.14349708969583444;0.2513567450176742;0.0;0.0;0.0;0.20075284156200074;0.0;0.36894682105970894;0.1818151984417477;0.0;0.19830251062416104;0.16905413047245513;0.16246425994752156;0.2720630454510423;0.0;0.23984597683961872;0.21107501013640773;0.0;0.13396156054380504;0.0;0.1640046835156917;0.16912020906376538;0.15246339332858252;0.20300393506705336;0.0;0.294347435238065;0.22213318652733122;0.18836021230760672;0.15940076419574678;0.2940415900797844;0.19100313517467676;0.21132063997864417;0.0;0.0;0.14044102985228243;0.17625981365001336;0.0;0.13586228943482556;0.0;0.41349540423817177;0.2721101576430663;0.19929524481613087;0.22024274706642122;0.5654260455994443;0.2622765231344139;0.17605618630661865;0.21132148012775281;0.18181523927532567;0.24444834276178065;0.0;0.0;0.17829128634301997;0.0;0.0;0.0;0.17279283303971865;0.0;0.0;0.0;0.2943474375839774;0.15640850278319518;0.0;0.1818892571792842;0.0;0.20694946082295915;0.37948185606502466;0.0;0.0;0.16230981054010668;0.17263503568363112;0.0;0.0;0.17012067079794754;0.25377157560804275;0.14829471861929974;0.17279283844619975;0.0;0.1991131368915176;0.21989288826394157;0.18002748935269844;0.16912009507643813;0.13743922615252638;0.27717112297491936;0.0;1.0;0.0;0.0;0.1990347181964071;0.0;0.0;0.28260680793599313;0.19917332575684432;0.0;0.1021969411427633;0.0;0.0;0.0;0.28260498078858454;0.21536959035779898;0.16905370757418517;0.1625603326096674
GO:0045471;0.23009348871279198;0.0;0.13395113378644893;0.0;0.0;0.0;0.0;0.0;0.0;0.0;0.0;0.0;0.0;0.0;0.0;0.0;0.0;0.0;0.0;0.6403857241782156;0.0;0.0;0.0;0.0;0.0;0.0;0.0;0.0;0.0;0.0;0.0;0.0;0.0;0.0;0.0;0.0;0.0;0.0;0.0;0.0;0.0;0.0;0.0;0.0;0.0;0.0;0.0;0.0;0.0;0.0;0.0;0.0;0.0;0.38794162548442906;0.0;0.0;0.0;0.0;0.0;0.0;0.0;0.0;0.0;0.0;0.0;0.0;0.0;0.0;0.0;0.311688684632375;0.29889926782636966;0.0;0.0;0.0;0.0;0.0;0.0;0.0;0.0;0.0;0.0;0.0;0.0;0.0;0.0;0.0;0.0;0.0;0.0;0.0;0.0;0.0;0.5761394665591961;0.0;0.37949353001509273;0.0;0.4208546673762415;0.0;0.4208546673762415;0.0;0.0;0.0;0.0;0.0;0.0;0.0;0.0;0.0;0.0;0.0;0.0;0.0;0.3796402384817077;0.0;0.5888224050263696;0.31456998503360833;0.0;0.0;0.4208546673762415;0.4580004325695414;0.4208546673762415;0.0;0.0;0.0;0.0;0.0;0.0;0.0;0.0;0.0;0.0;0.0;0.0;0.31533643040217413;0.0;0.0;0.0;0.0;0.0;0.0;0.24016882822953534;0.0;0.0;0.0;0.0;0.0;0.22180840769473903;0.0;0.0;0.0;0.0;0.0;0.5301104936489714;0.0;0.45800410155210053;0.0;0.0;0.0;0.0;0.0;0.0;0.0;0.0;0.0;0.0;0.0;0.0;0.0;0.0;0.0;0.440035909931879;0.0;0.36093320522106476;0.5046595737754126;0.5596319564951254;0.0;0.0;0.0;0.0;0.4208546673762415;0.0;0.0;0.31734941652769166;0.0;0.0;0.0;0.2724942070884983;0.27249202878610396;0.0;0.0;0.0;0.0;0.2602079934750723;0.0;0.0;0.0;0.0;0.0;0.0;0.29904942169232296;0.0;1.0;0.5056435452362233;0.0;0.0;0.0;0.0;0.0;0.0;0.0;0.0;0.29904942169232296;0.0;0.0;0.0;0.0;0.0
GO:0032868;0.21430300163764585;0.0;0.12844159764397944;0.0;0.0;0.0;0.0;0.0;0.0;0.0;0.0;0.0;0.0;0.0;0.0;0.0;0.0;0.0;0.0;0.5072080608895548;0.0;0.0;0.0;0.0;0.0;0.0;0.0;0.0;0.0;0.0;0.0;0.0;0.0;0.0;0.0;0.0;0.0;0.0;0.0;0.0;0.0;0.0;0.0;0.0;0.0;0.0;0.0;0.0;0.0;0.0;0.0;0.0;0.0;0.4351392970015374;0.0;0.0;0.0;0.0;0.0;0.0;0.0;0.0;0.0;0.0;0.0;0.0;0.0;0.0;0.0;0.2969654849327646;0.2790211708966823;0.0;0.0;0.0;0.0;0.0;0.0;0.0;0.0;0.0;0.0;0.0;0.0;0.0;0.0;0.0;0.0;0.0;0.0;0.0;0.0;0.0;0.7004808697418415;0.0;0.5360770718226763;0.0;0.3895725984697548;0.0;0.3895725984697548;0.0;0.0;0.0;0.0;0.0;0.0;0.0;0.0;0.0;0.0;0.0;0.0;0.0;0.35802027059452246;0.0;0.5425302209374202;0.28578176946379025;0.0;0.0;0.3895725984697548;0.4211940579495972;0.3895725984697548;0.0;0.0;0.0;0.0;0.0;0.0;0.0;0.0;0.0;0.0;0.0;0.0;0.2864142087728096;0.0;0.0;0.0;0.0;0.0;0.0;0.223016738394358;0.0;0.0;0.0;0.0;0.0;0.20709824847328645;0.0;0.0;0.0;0.0;0.0;0.6731758964539644;0.0;0.42119716092306914;0.0;0.0;0.0;0.0;0.0;0.0;0.0;0.0;0.0;0.0;0.0;0.0;0.0;0.0;0.0;0.5676517395501898;0.0;0.5393439490048723;0.31176479798291584;0.5056411477884383;0.0;0.0;0.0;0.0;0.3895725984697548;0.0;0.0;0.34741370602727617;0.0;0.0;0.0;0.2506244641156759;0.250622621431858;0.0;0.0;0.0;0.0;0.24019349045736216;0.0;0.0;0.0;0.0;0.0;0.0;0.27291387844177845;0.0;0.5056435452362233;1.0;0.0;0.0;0.0;0.0;0.0;0.0;0.0;0.0;0.27291387844177845;0.0;0.0;0.0;0.0;0.0
GO:2000334;0.349625813526906;0.4320525901849155;0.21253516967222738;0.30729083668004925;0.28448471591449476;0.4229932895248725;0.2834913030631582;0.20007030034902393;0.20007030034902393;0.0;0.0;0.0;0.0;0.2000078380824495;0.45987831993343664;0.31099917350288714;0.4602703831851951;0.3304810820734514;0.5673297572303917;0.0;0.0;0.39211434885466767;0.5872830313980605;0.44084521863560644;0.4690665633370435;0.2986608370776468;0.35270972405306394;0.45363630566668167;0.48750778617431395;0.23986409549969523;0.21549159272656288;0.5524403998456441;0.43205254530953274;0.4874605233147699;0.0;0.21309236764999462;0.35709954174830694;0.0;0.4320526219322141;0.35238900498562103;0.7246327802466125;0.29930464492949155;0.37786731288695774;0.3955836911202477;0.24879099274537422;0.44084618429331107;0.44084521863560644;0.4588881228604742;0.0;0.2990402626734878;0.2936554885492725;0.3778610709573815;0.24513595826025453;0.0;0.0;0.44084521863560644;0.0;0.0;0.37824032888853676;0.32501423127121676;0.47408770642338544;0.24778880630251196;0.0;0.24062250996536017;0.0;0.0;0.38554393262523884;0.0;0.32609669139818076;0.14390622122482274;0.0;0.423009136398007;0.0;0.29177911702136083;0.4602703831851951;0.29772716060855464;0.44085224110185933;0.0;0.23119146374788052;0.0;0.30498193972791565;0.42303381085686775;0.3109260622606135;0.18424466271873183;0.432666787529167;0.40574745188156386;0.5866761509016015;0.48718316067966455;0.0;0.6461468788665955;0.0;0.0;0.0;0.3298580240348079;0.0;0.5262754038924461;0.0;0.0;0.0;0.4455212636949515;0.3648053470309185;0.2919556480442656;0.38692416611634695;0.4693485889007509;0.25002648980176334;0.42303381085686775;0.42301322014170567;0.2767392718378595;0.0;0.17816018533875053;0.3407923496046253;0.2991083910763611;0.0;0.15567808218343845;0.0;0.0;0.37900107232445346;0.24827990372919892;0.0;0.0;0.0;0.21494827690165264;0.0;0.29866204045443906;0.43205254530953274;0.0;0.18039088128969613;0.40738215269250616;0.3778264186805535;0.3526776822933584;0.0;0.2325786324306923;0.4067771571272791;0.0;0.2706494271938754;0.0;0.3142146181841201;0.4076893553893676;0.32515503274910623;0.3023764484969496;0.0;0.3124788547199547;0.25093372031577243;0.39483675369734483;0.3647783976011103;0.4076406802995997;0.33827069227440076;0.3262756489924034;0.0;0.0;0.28744345722053405;0.353933425142772;0.0;0.27691334746401086;0.0;0.2874973167898843;0.35278786283944674;0.43810524932424677;0.6154189777187434;0.2822485851704742;0.33043641150511954;0.17778963312548418;0.5673255221331371;0.4320527110130678;0.2929758311742429;0.0;0.0;0.30034582443036784;0.0;0.0;0.0;0.39668175242079556;0.0;0.0;0.0;0.31247885848503854;0.35243015601703903;0.0;0.5522111159041929;0.0;0.3917276776421779;0.3115419755858761;0.0;0.0;0.45938648255006415;0.33961460919661396;0.0;0.0;0.3866620396112641;0.251648360149825;0.3117251990512681;0.3966817728969877;0.0;0.29176531481360535;0.44084618429331107;0.3694598031881834;0.4076888252644725;0.2821947791901034;0.43620208736598987;0.0;0.1990347181964071;0.0;0.0;1.0;0.0;0.0;0.45363630566668167;0.2919268393797919;0.0;0.16860002748552755;0.0;0.0;0.0;0.3781210201376807;0.42303381085686775;0.4073801873353037;0.37824246739929895
GO:0043615;0.24874019548035795;0.0;0.1400637037241471;0.0;0.0;0.31432095273405125;0.0;0.0;0.0;0.5877461551704879;0.5650277429130703;0.5247160670364749;0.0;0.0;0.0;0.0;0.3499281930532255;0.0;0.0;0.0;0.0;0.0;0.0;0.3311702054163233;0.0;0.0;0.0;0.0;0.0;0.0;0.0;0.0;0.0;0.0;0.30037738005479464;0.0;0.0;0.24924340815414558;0.0;0.0;0.0;0.16774505562173844;0.0;0.0;0.16721597724222237;0.33117112680787253;0.3311702054163233;0.0;0.0;0.0;0.0;0.0;0.0;0.24996566956296265;0.17840907792122712;0.3311702054163233;0.0;0.5247160670364749;0.0;0.0;0.0;0.0;0.3139386566416334;0.0;0.7399060385169159;0.2999052170049849;0.0;0.0;0.0;0.16304647167647338;0.23985682128568186;0.31433574783642365;0.2726697369994883;0.0;0.3499281930532255;0.0;0.3311769059946392;0.2616570987553148;0.0;0.18228125563471392;0.0;0.3143587851958396;0.0;0.0;0.0;0.0;0.0;0.0;0.0;0.0;0.0;0.3323145054914329;0.0;0.0;0.20083648957098296;0.0;0.27305945370791057;0.6422837951101237;0.27305945370791057;0.0;0.0;0.0;0.0;0.0;0.0;0.3143587851958396;0.3143395605845621;0.0;0.27307553929088735;0.2084559234626667;0.0;0.0;0.2009192133580702;0.09955120898107027;0.0;0.0;0.14058390507397145;0.0;0.27305945370791057;0.2995122177570375;0.27305945370791057;0.0;0.33207356318610864;0.0;0.0;0.6154576670440273;0.0;0.0;0.0;0.0;0.3734212613454282;0.0;0.2993286159552798;0.0;0.0;0.2846491678809556;0.17730999533270592;0.0;0.0;0.0;0.0;0.0;0.0;0.0;0.0;0.0;0.23908603299646225;0.0;0.7019898905510373;0.5877447039001532;0.0;0.0;0.0;0.0;0.29951485124490246;0.0;0.0;0.0;0.0;0.0;0.0;0.0;0.0;0.0;0.0;0.270711214578326;0.27253697323276566;0.0;0.3160708032381049;0.33298953404264564;0.0;0.0;0.2312519642824131;0.27296816225370685;0.0;0.0;0.0;0.0;0.0;0.27305945370791057;0.0;0.0;0.1413807429372964;0.0;0.0;0.0;0.0;0.0;0.0;0.0;0.0;0.0;0.28431069190956815;0.0;0.33117112680787253;0.0;0.0;0.0;0.0;0.0;0.0;0.0;0.0;0.0;1.0;0.2590373553527977;0.0;0.0;0.37245410941376567;0.1954863009570682;0.3162814526586474;0.0;0.5650310410320342;0.0;0.3143587851958396;0.0;0.0
GO:0043299;0.2052937308876882;0.0;0.12514988547680794;0.0;0.0;0.24799915177442305;0.0;0.0;0.0;0.2804817349703717;0.2714752703626677;0.25518870449240083;0.31518549203456503;0.0;0.0;0.0;0.26964792696430934;0.0;0.0;0.0;0.0;0.0;0.0;0.25837084728776094;0.0;0.0;0.0;0.0;0.0;0.0;0.0;0.0;0.0;0.0;0.2392369751035311;0.0;0.0;0.28060235417376694;0.0;0.0;0.0;0.2506363722137321;0.0;0.0;0.14638930411417897;0.25837140811417886;0.25837084728776094;0.0;0.4030470964994434;0.0;0.0;0.0;0.0;0.20612777687987993;0.15489691886504162;0.25837084728776094;0.5022957532104395;0.25518870449240083;0.0;0.0;0.0;0.0;0.8327336531295877;0.0;0.2475537668812598;0.2389373672946166;0.0;0.0;0.0;0.14318378358840073;0.1992046047352862;0.24800836193893644;0.22132459102189295;0.0;0.26964792696430934;0.0;0.25837492573510773;0.36540520265874743;0.0;0.7434713442384192;0.0;0.24802270266307552;0.0;0.0;0.0;0.0;0.0;0.0;0.2392475528876284;0.0;0.0;0.3535111757503785;0.0;0.0;0.17152702065170003;0.0;0.2215812861456383;0.30161351294219446;0.2215812861456383;0.0;0.0;0.0;0.0;0.0;0.0;0.24802270266307552;0.2480107353999698;0.0;0.3783447784336398;0.17705421397336954;0.0;0.0;0.17158735771215042;0.18807130118441487;0.0;0.2699818529608181;0.12556503970035043;0.0;0.2215812861456383;0.23868784604581866;0.2215812861456383;0.0;0.2589203678521149;0.0;0.0;0.29130416008755394;0.0;0.0;0.0;0.0;0.28338637970964975;0.0;0.23857122886689053;0.0;0.0;0.22915245952626997;0.2102340862946552;0.0;0.0;0.0;0.0;0.0;0.0;0.0;0.0;0.0;0.19867266025356145;0.0;0.40538776315396635;0.2804811635191542;0.0;0.0;0.0;0.0;0.23868951853020054;0.0;0.0;0.0;0.0;0.0;0.0;0.0;0.0;0.0;0.0;0.30024662145147446;0.22123711181266972;0.0;0.24908719168556712;0.2594768889941219;0.0;0.0;0.19323305642959812;0.22152116749522263;0.0;0.0;0.0;0.0;0.0;0.2215812861456383;0.0;0.0;0.12620033162423638;0.0;0.0;0.0;0.2383896719957121;0.23838800482939523;0.0;0.0;0.0;0.0;0.22893304885429924;0.0;0.25837140811417886;0.0;0.0;0.0;0.0;0.0;0.0;0.0;0.0;0.0;0.2590373553527977;1.0;0.0;0.0;0.28282903247256574;0.16760923536231626;0.24921799928189617;0.0;0.2714765867629655;0.0;0.24802270266307552;0.0;0.0
GO:0045599;0.3623346561290896;0.32046506579219425;0.2171655250542223;0.2628957099486096;0.29284239170542586;0.4417385470991293;0.29178985988171174;0.14587936880732924;0.14587936880732924;0.0;0.0;0.0;0.0;0.14583315872351169;0.3418118951083931;0.44670346555456125;0.4825521659611356;0.4756458558859312;0.4250827161596322;0.0;0.0;0.3266600394506888;0.34176143942472953;0.4612442593639076;0.40836160042116815;0.2193476014070569;0.292628928580921;0.8505999609251639;0.5915430129418904;0.19669704305843444;0.22366711714559712;0.32083262391875694;0.3204650314368089;0.425057929819598;0.0;0.2612308920178689;0.2634012922022278;0.0;0.32046509009707175;0.2923530895154204;0.425098952667509;0.2558879100972709;0.31432356011974566;0.738023243633636;0.2551595208129097;0.46124531645626315;0.4612442593639076;0.36760852766242386;0.0;0.21963240567145167;0.4210357059303947;0.3143181632786505;0.34971572368414633;0.0;0.0;0.4612442593639076;0.0;0.0;0.5470946518498827;0.4233628188212076;0.3527136640607872;0.18130571857996078;0.0;0.2508614089565995;0.0;0.0;0.2849820869440326;0.0;0.23998262683847077;0.14750682075816451;0.0;0.4417558296539697;0.0;0.3784272837596334;0.4825521659611356;0.21864683341017657;0.4612519467670912;0.0;0.16895569159749496;0.0;0.22409442266367585;0.4417827396629765;0.4465950711798478;0.2612111304604873;0.32093530024163397;0.42296423808165456;0.3413961778306697;0.42480576677720416;0.0;0.5077114237824891;0.0;0.0;0.0;0.4747184275740931;0.0;0.39310883688290366;0.0;0.0;0.0;0.33078666425704095;0.3030453942799152;0.37866493585773986;0.4066476003049885;0.40843441367926525;0.3568721554979408;0.4417827396629765;0.4417602833825506;0.20291983996592355;0.0;0.18371195215494412;0.28239156510942387;0.2196835458679292;0.0;0.22006857411579542;0.0;0.0;0.2179049220397782;0.1816716009221812;0.0;0.0;0.0;0.3057002467846726;0.0;0.21934850466001343;0.3204650314368089;0.0;0.1313412387046757;0.3399212125880873;0.3142882026660088;0.5087641363910258;0.0;0.16998672801979636;0.42408330328125204;0.0;0.22264668534031104;0.0;0.2689790353182437;0.34018847466936913;0.23927300229658713;0.392713144071649;0.0;0.2297299557633603;0.35820051972248423;0.47507494665420297;0.30302215689898265;0.5914331522698547;0.3501533983313997;0.4250760081703584;0.0;0.0;0.21093480544984305;0.37036542735860334;0.0;0.2279468689454144;0.0;0.2109751657822914;0.508928911882409;0.5275233996256176;0.4627873486954749;0.20704346765850998;0.47557935929410416;0.2518933812295725;0.42507940761106067;0.3204651582949769;0.42003172184181176;0.0;0.0;0.30967670813320164;0.0;0.0;0.0;0.2934571883595671;0.0;0.0;0.0;0.2297299585951901;0.2923884810252363;0.0;0.3206951820589534;0.0;0.407751743484218;0.2290253502356658;0.0;0.0;0.36801834779475656;0.3547155882275558;0.0;0.0;0.2858322559110953;0.18418191338321158;0.2291631407852692;0.2934572039533956;0.0;0.3784087032158511;0.46124531645626315;0.38740164924421017;0.340188013453276;0.23242105179730627;0.5269236462010951;0.0;0.28260680793599313;0.0;0.0;0.45363630566668167;0.0;0.0;1.0;0.3786261519032914;0.0;0.17356365963307385;0.0;0.0;0.0;0.5469152768703461;0.4417827396629765;0.3399195028098988;0.3146479357454939
GO:0046325;0.2801488777893471;0.24875052490421443;0.17021891896468183;0.20517344177810623;0.2279005168747032;0.3390239918244217;0.3396472584871554;0.1151215615004552;0.1151215615004552;0.0;0.0;0.0;0.0;0.11508560229437365;0.264789480114948;0.31133771965451457;0.3689492894317605;0.3308633978640209;0.3267463607050644;0.0;0.0;0.39265267838703805;0.26475164586850913;0.35335418495455295;0.31438228750651265;0.17189370683176158;0.2826230110195841;0.3786261519032914;0.4082953483061839;0.19212496355613753;0.2157664654828562;0.24902723403697752;0.24875049903952426;0.3267280614311177;0.0;0.2132512539291399;0.2055582038094831;0.0;0.24875054320230994;0.28236570479381756;0.326758347758081;0.19983652697186985;0.30280822078185093;0.3301167884438666;0.19928140364182906;0.3533549601607756;0.35335418495455295;0.2061321767016419;0.0;0.2150589935161697;0.2939573094372037;0.30280321212409284;0.24534624570528812;0.0;0.0;0.35335418495455295;0.0;0.0;0.3787412130565256;0.487907036519965;0.27295580025215493;0.142596160456563;0.0;0.24096528418433194;0.0;0.0;0.22194760464037766;0.0;0.18769731221180802;0.14402875228373996;0.0;0.3390367117141449;0.0;0.36505139146920684;0.3689492894317605;0.17135592872175956;0.35335982241762837;0.0;0.13303926005059843;0.0;0.1755345961138034;0.33905651728951336;0.3112644491701073;0.1843634299415956;0.249104528537106;0.32518202485417935;0.3955420340551066;0.4883626180844993;0.0;0.32535580235045675;0.0;0.0;0.0;0.3302388987889079;0.0;0.30307032020470653;0.0;0.0;0.0;0.32052091435111196;0.2923274991490752;0.3652725354627661;0.3875793439789846;0.31443621120775617;0.2502452552758166;0.33905651728951336;0.33903998963356086;0.15926801025109044;0.0;0.1783480289326301;0.2730623379286068;0.21510802586154587;0.0;0.18686832320055224;0.0;0.0;0.1707864987854545;0.1428789509590549;0.0;0.0;0.0;0.25806686331726414;0.0;0.17189439995324388;0.24875049903952426;0.0;0.10379277969292264;0.32649400738878204;0.4528184434866225;0.3531131126764325;0.0;0.13383797381799803;0.32600844668460316;0.0;0.2168065779547923;0.0;0.2098005832686648;0.32674056462460793;0.27990111275644936;0.6008317799304723;0.0;0.17985289109859207;0.2511540769672426;0.3304499844965399;0.2923058763296334;0.4082225173602322;0.271039449170044;0.40827238574758123;0.0;0.0;0.20671296061080144;0.35448156068607833;0.0;0.22182922033360852;0.0;0.16546391812465513;0.3532235654999513;0.29262791026395873;0.35448562962232794;0.16244096105295563;0.3308186238889519;0.2825279948073981;0.32674391807272485;0.24875059454557513;0.29327625585237876;0.0;0.0;0.35986167026751764;0.0;0.0;0.0;0.2853492978605872;0.0;0.0;0.0;0.1798528932673574;0.42234390854627535;0.0;0.3722801449127224;0.0;0.313930613796322;0.17931323082394027;0.0;0.0;0.20635624129818508;0.3401192592515857;0.0;0.0;0.2225918956765297;0.1448186408770551;0.2241886940248865;0.2853493126046396;0.0;0.3650341011779515;0.3533549601607756;0.3700571254512707;0.32674013915220657;0.22606423826896874;0.365271149790207;0.0;0.19917332575684432;0.0;0.0;0.2919268393797919;0.0;0.0;0.3786261519032914;1.0;0.0;0.16876824289955156;0.0;0.0;0.0;0.3786215881575581;0.33905651728951336;0.3264924300181416;0.30310925318614873
GO:0007569;0.27059814717718134;0.0;0.14673802241839295;0.0;0.0;0.35005189207091625;0.0;0.0;0.0;0.27104007262355806;0.2596799565428283;0.23971099289842843;0.0;0.0;0.0;0.0;0.3947908143435132;0.0;0.0;0.0;0.0;0.0;0.0;0.3710777331724904;0.0;0.0;0.0;0.0;0.0;0.0;0.0;0.0;0.0;0.0;0.5637532983547001;0.0;0.0;0.2711937907753991;0.0;0.0;0.0;0.17740922654623276;0.0;0.0;0.17681753678506204;0.3710788900080912;0.3710777331724904;0.0;0.0;0.0;0.0;0.0;0.0;0.2720490886249462;0.18938124971278913;0.3710777331724904;0.0;0.23971099289842843;0.0;0.0;0.0;0.0;0.34957780510889697;0.0;0.34916518715983585;0.33226513936103147;0.0;0.3742615353016901;0.0;0.1721621225936668;0.2601178201259527;0.3500702421733447;0.2991595225648474;0.0;0.3947908143435132;0.0;0.37108614597359435;0.285955007688434;0.0;0.19375018307371053;0.0;0.35009881539159454;0.0;0.0;0.0;0.0;0.0;0.0;0.0;0.0;0.0;0.3725150353105048;0.0;0.0;0.214848954491048;0.0;0.2996287043218265;0.2986291872241843;0.2996287043218265;0.0;0.0;0.0;0.0;0.0;0.0;0.35009881539159454;0.35007497108889757;0.0;0.2996480726302906;0.22359184516359415;0.0;0.0;0.2149436270541405;0.10287706762921629;0.0;0.0;0.14730908335675122;0.0;0.2996287043218265;0.33178282317972424;0.2996287043218265;0.0;0.37221229936748695;0.0;0.0;0.2850020237525407;0.0;0.0;0.0;0.0;0.7197617395934459;0.0;0.3315575409341085;0.0;0.0;0.5312277424542277;0.18814329180803285;0.0;0.0;0.0;0.0;0.0;0.0;0.0;0.0;0.0;0.2592115591117186;0.0;0.3293586214111341;0.27103934446146377;0.0;0.0;0.0;0.0;0.33178605472647826;0.0;0.0;0.0;0.0;0.0;0.0;0.0;0.0;0.0;0.0;0.2968036196710734;0.298999717401556;0.0;0.352223563263047;0.3733634689689508;0.0;0.0;0.25002841352551264;0.29951878642856855;0.0;0.0;0.0;0.3967654226785197;0.0;0.2996287043218265;0.0;0.0;0.14818421942595636;0.0;0.0;0.0;0.0;0.0;0.0;0.0;0.0;0.0;0.31323053677776863;0.0;0.3710788900080912;0.0;0.0;0.0;0.0;0.0;0.0;0.0;0.0;0.0;0.37245410941376567;0.28282903247256574;0.0;0.0;1.0;0.20873750981056927;0.5970190510642609;0.0;0.2596816001433589;0.0;0.35009881539159454;0.0;0.0
GO:0007204;0.22274572366549558;0.14846166361745985;0.14759264497276725;0.12672493898979553;0.138247272402986;0.25808313927998;0.18653168434867323;0.07662813648752444;0.07662813648752444;0.1633974974204073;0.15919897476006506;0.15146366222217442;0.0;0.07660657734746217;0.15609767896811994;0.14866106431485926;0.2749158522511755;0.15609830074190786;0.18391658745892392;0.0;0.0;0.17850600518468263;0.15607988659974104;0.26623369767733307;0.17856772671572702;0.10907543639494928;0.1643713117652359;0.17356365963307385;0.1839223426905453;0.11991808579801795;0.16861659458665224;0.1485950083512336;0.14846165115072837;0.1839087422480691;0.1839941038658358;0.10840557430962498;0.17174603050389686;0.16345335101607686;0.14846167243710678;0.1642535196512545;0.18392172639946855;0.1691478303506512;0.17347164481051536;0.15581718758157082;0.16875326423887174;0.2662341340684628;0.26623369767733307;0.12721946821673227;0.0;0.10919448803091811;0.14188811555752875;0.17346942053119171;0.12213842509679587;0.16376366528195327;0.12968642606015351;0.26623369767733307;0.0;0.15146366222217442;0.17360453728412772;0.24812860618926322;0.15991414458645622;0.09271851551777997;0.1889949401439531;0.18362271679073253;0.1888742709792777;0.18381683602927837;0.13526920918712707;0.0;0.11757559381053573;0.36847647032986547;0.1593634343632509;0.25809044883748294;0.1732126125296595;0.16870142817654313;0.2749158522511755;0.10878229721009439;0.26623687119458433;0.16870214026295555;0.11800347275895408;0.131720392862198;0.11105326078289328;0.2581018299572017;0.14863281744934342;0.09553878217971595;0.14863224598437644;0.1832451727769811;0.15595104739227086;0.18382891528254877;0.0;0.24805851410537136;0.0;0.19550308340442768;0.0;0.15586318209532932;0.14114353654624504;0.17358801665434165;0.17336979634298377;0.1730346911329347;0.17336979634298377;0.15218115875988059;0.16878081042001475;0.16878127132355805;0.20888824146796656;0.17859126619971705;0.12418474772601484;0.2581018299572017;0.25809233249086794;0.10212412405375768;0.17337628059534993;0.9538937693220938;0.15996362141783027;0.10921586004161828;0.14118438860895288;0.5942986592325668;0.0;0.0;0.18632192469484618;0.09288025770019154;0.17336979634298377;0.18366912443079525;0.17336979634298377;0.10921669603785956;0.19541966702407332;0.10907581404344457;0.14846165115072837;0.16836999716915482;0.06976920997713791;0.1838083808131684;0.17345707207248096;0.16435954566852706;0.20904093716708172;0.08767081910178232;0.25053256085221015;0.0;0.13267467963055604;0.17797053033285018;0.17617058964144414;0.18391410260303767;0.1172874466460543;0.17345752782876406;0.0;0.11338381505781137;0.124562946611703;0.1559426741813837;0.16877105668788167;0.1838973539110341;0.21699552006391995;0.18391446431410527;0.1829237883045657;0.1633972327823365;0.10553644779679339;0.19557118677916843;0.0;0.18295847645390093;0.1836701147451405;0.10555352988254385;0.16440000331113633;0.16891628875837986;0.1955728626739506;0.10388473747111236;0.15608144969238275;0.09259139145591806;0.1839155402728911;0.1484616971844608;0.14161971688001734;0.172420196941933;0.17315902770072564;0.14451806174491666;0.18976558719627043;0.19573651935052863;0.0;0.13847884294285437;0.15551860400192882;0.17333299060065216;0.0;0.11338381622414966;0.1642686359393817;0.0;0.14854515420458092;0.17336979634298377;0.17837048275516926;0.1130934636444143;0.10894539364280185;0.0;0.12733493462880888;0.1895943138088657;0.0;0.0;0.1355928794465535;0.09398759058875167;0.11315026709416327;0.13847884881396963;0.17783815783072243;0.16869518469516187;0.2662341340684628;0.20191574100852422;0.18391392019659822;0.18582973552007084;0.16878077109790626;0.0;0.1021969411427633;0.0;0.0;0.16860002748552755;0.1954863009570682;0.16760923536231626;0.17356365963307385;0.16876824289955156;0.20873750981056927;1.0;0.18984149925638244;0.0;0.15919959249033436;0.17356203816085466;0.2581018299572017;0.18380770432668248;0.17360529899101257
GO:0030316;0.23967232986984918;0.0;0.137141992642793;0.0;0.0;0.2999790912588981;0.0;0.0;0.0;0.24001895026686315;0.23106746371170112;0.2151214661881493;0.0;0.0;0.0;0.0;0.33224430775547126;0.0;0.0;0.0;0.0;0.0;0.0;0.3152883796196309;0.0;0.0;0.0;0.0;0.0;0.0;0.0;0.0;0.0;0.0;0.48653283704974265;0.0;0.0;0.2401394874446576;0.0;0.0;0.0;0.16357157155017266;0.0;0.0;0.1630684530431263;0.3152892147563536;0.3152883796196309;0.0;0.0;0.0;0.0;0.0;0.0;0.24080987854614258;0.17369554193918077;0.3152883796196309;0.0;0.2151214661881493;0.0;0.0;0.0;0.0;0.29963086680416356;0.0;0.29932768246662134;0.28682133325075887;0.0;0.3175838535120702;0.0;0.15910076426986564;0.23141408791358445;0.29999256699035265;0.26181131880811465;0.0;0.33224430775547126;0.0;0.31529445292726693;0.25164196407474115;0.0;0.17736371459097097;0.0;0.30001354985050266;0.0;0.0;0.0;0.0;0.0;0.0;0.0;0.0;0.0;0.31632538588770903;0.0;0.0;0.1948831837374385;0.0;0.26217059402975;0.2614050458933964;0.26217059402975;0.0;0.0;0.0;0.0;0.0;0.0;0.30001354985050266;0.2999960397227434;0.0;0.2621854222595284;0.20204953453480465;0.0;0.0;0.1949610749731922;0.09806627406323756;0.0;0.0;0.13764067904644553;0.0;0.26217059402975;0.2864618560034378;0.26217059402975;0.0;0.31610706378382997;0.0;0.0;0.2509036689375869;0.0;0.0;0.0;0.0;0.7141169729036233;0.0;0.28629390095756596;0.0;0.0;0.46211447043759835;0.17265359772971986;0.0;0.0;0.0;0.0;0.0;0.0;0.0;0.0;0.0;0.23069652551052428;0.0;0.2846528990103912;0.2400183792456337;0.0;0.0;0.0;0.0;0.28646426499718164;0.0;0.0;0.0;0.0;0.0;0.0;0.0;0.0;0.0;0.0;0.26000516077232366;0.2616889161230679;0.0;0.3015724954291962;0.31693696014222006;0.0;0.0;0.2233942081610125;0.26208643718635305;0.0;0.0;0.0;0.33364169888572504;0.0;0.26217059402975;0.0;0.0;0.13840441078196317;0.0;0.0;0.0;0.0;0.0;0.0;0.0;0.0;0.0;0.27252537294581786;0.0;0.3152892147563536;0.0;0.0;0.0;0.0;0.0;0.0;0.0;0.0;0.0;0.3162814526586474;0.24921799928189617;0.0;0.0;0.5970190510642609;0.18984149925638244;1.0;0.0;0.23106876506945795;0.0;0.30001354985050266;0.0;0.0
GO:0009617;0.2482159113190068;0.0;0.1398973141416721;0.0;0.0;0.0;0.0;0.0;0.0;0.0;0.0;0.0;0.0;0.0;0.0;0.0;0.0;0.0;0.0;0.30015177531669124;0.33206568022607547;0.0;0.0;0.0;0.0;0.0;0.0;0.0;0.0;0.0;0.0;0.0;0.0;0.0;0.0;0.14030562016589918;0.0;0.0;0.0;0.0;0.0;0.0;0.0;0.0;0.0;0.0;0.0;0.0;0.0;0.0;0.0;0.0;0.0;0.24943621216809386;0.0;0.0;0.0;0.0;0.0;0.0;0.0;0.0;0.0;0.0;0.0;0.0;0.0;0.0;0.0;0.16282104096528302;0.23936927973321476;0.0;0.0;0.0;0.0;0.0;0.0;0.0;0.0;0.0;0.0;0.0;0.0;0.0;0.0;0.0;0.0;0.0;0.0;0.0;0.3151479791695353;0.0;0.31476328905400197;0.0;0.20049456023356657;0.0;0.27242776990484624;0.0;0.27242776990484624;0.0;0.0;0.0;0.0;0.0;0.0;0.0;0.0;0.0;0.0;0.0;0.0;0.0;0.4040313432033687;0.0;0.2724518720402678;0.34945071118644055;0.0;0.0;0.27242776990484624;0.29875238663947407;0.27242776990484624;0.0;0.0;0.0;0.0;0.0;0.0;0.0;0.0;0.0;0.0;0.0;0.0;0.3503968085800537;0.0;0.0;0.0;0.0;0.0;0.0;0.7868649469886134;0.0;0.0;0.0;0.0;0.0;0.23860161670874813;0.0;0.0;0.0;0.0;0.0;0.3510287927448691;0.0;0.2987550067824637;0.0;0.0;0.0;0.0;0.0;0.0;0.0;0.0;0.0;0.0;0.0;0.2719077016985114;0.0;0.0;0.0;0.2859708562119711;0.0;0.23079874328820252;0.2723369002711236;0.37289033835085816;0.0;0.0;0.0;0.0;0.27242776990484624;0.0;0.0;0.14121121136605927;0.0;0.0;0.0;0.29828540963267697;0.2982827994715736;0.0;0.0;0.0;0.0;0.38106240401527913;0.0;0.0;0.0;0.0;0.0;0.0;0.8930994529177765;0.0;0.29904942169232296;0.27291387844177845;0.0;0.0;0.0;0.0;0.0;0.0;0.0;0.0;1.0;0.0;0.0;0.0;0.0;0.0
GO:0002548;0.19281813706553877;0.0;0.12040093150658543;0.0;0.0;0.23002060464742408;0.0;0.0;0.0;0.8448021418320151;0.8797766699058506;0.8299340955340314;0.0;0.0;0.0;0.0;0.24852720864579705;0.0;0.0;0.0;0.0;0.0;0.0;0.23891605902716828;0.0;0.0;0.0;0.0;0.0;0.0;0.0;0.0;0.0;0.0;0.22246343978874716;0.0;0.0;0.26352356501722435;0.0;0.0;0.0;0.19145206204249055;0.0;0.0;0.13993323917304437;0.23891653857513936;0.23891605902716828;0.0;0.0;0.0;0.0;0.0;0.0;0.19355371243959546;0.14768712145456442;0.23891605902716828;0.0;0.8299340955340314;0.0;0.0;0.0;0.0;0.22981580539568153;0.0;0.773371825788045;0.22220434901101654;0.0;0.0;0.0;0.13700139252675217;0.18743689082581677;0.23002852782353206;0.20689303382072746;0.0;0.24852720864579705;0.0;0.23891954639702642;0.2735803153825023;0.0;0.20513460368233558;0.0;0.23004086455220668;0.0;0.0;0.0;0.0;0.0;0.0;0.0;0.0;0.0;0.32682622786166365;0.0;0.0;0.1627299574574558;0.0;0.20711732757036647;0.6297381566841769;0.20711732757036647;0.0;0.0;0.0;0.0;0.0;0.0;0.23004086455220668;0.23003056962051074;0.0;0.282635809592892;0.1676965376250663;0.0;0.0;0.16278426326129267;0.08919765887971279;0.0;0.24881084495093148;0.12078512815959658;0.0;0.20711732757036647;0.22198853667836088;0.20711732757036647;0.0;0.2393858644972932;0.0;0.0;0.6095702044239297;0.0;0.0;0.0;0.0;0.26015137546290457;0.0;0.22188766299882565;0.0;0.0;0.21371760706502665;0.20049853295445116;0.0;0.0;0.0;0.0;0.0;0.0;0.0;0.0;0.0;0.18696586337416077;0.0;0.6732002187976953;0.8448005253564399;0.0;0.0;0.0;0.0;0.22198998332460582;0.0;0.0;0.0;0.0;0.0;0.0;0.0;0.0;0.0;0.0;0.20576349915026806;0.20681658893480684;0.0;0.23095631150078536;0.2398615017046046;0.0;0.0;0.18214064546934203;0.20706480044618883;0.0;0.0;0.0;0.0;0.0;0.20711732757036647;0.0;0.0;0.12137285990594973;0.0;0.0;0.0;0.2217306028589217;0.22172916055912284;0.0;0.0;0.0;0.0;0.2135267460113388;0.0;0.23891653857513936;0.0;0.0;0.0;0.0;0.0;0.0;0.0;0.0;0.0;0.5650310410320342;0.2714765867629655;0.0;0.0;0.2596816001433589;0.15919959249033436;0.23106876506945795;0.0;1.0;0.0;0.23004086455220668;0.0;0.0
GO:0043066;0.3623304766688338;0.32046179643466965;0.21716402369636345;0.262893509714855;0.29283966166359787;0.4417323351205568;0.2917871494291155;0.14587869133557382;0.14587869133557382;0.0;0.0;0.0;0.0;0.14583248168089163;0.5414636186098156;0.8167709123374015;0.48254475307504696;0.869689788386289;0.4250769637940874;0.0;0.0;0.32665579484192325;0.3417577211039406;0.46123748667651293;0.40835629170375665;0.21934606972647605;0.2926255222977526;0.5469152768703461;0.5915350076359241;0.19669550404094968;0.22366442440186401;0.3208293470573759;0.3204617620799853;0.4250521781248637;0.0;0.26122908117920146;0.2633990834977065;0.0;0.3204618207390512;0.292349689650877;0.42509319986252275;0.25588582559939804;0.31431963005478547;0.47453194637250024;0.255157448165216;0.4612385437378251;0.46123748667651293;0.26415336830586084;0.0;0.21963087001078777;0.4210316504264608;0.31431423334864433;0.6394359715112139;0.0;0.0;0.46123748667651293;0.0;0.0;0.5470878043716914;0.42335711290966693;0.2822744552717351;0.18130467211194848;0.0;0.25085802162415327;0.0;0.0;0.28497950149104967;0.0;0.2399807934193887;0.14750564959682091;0.0;0.44174961718931693;0.0;0.37842272480670064;0.48254475307504696;0.21864531150070277;0.46124517385394015;0.0;0.1689547828383874;0.0;0.22409282397294542;0.4417765264414287;0.8165727216480204;0.2612095694999748;0.5083933794760828;0.42295854290880175;0.3413924674535893;0.4248000219047156;0.0;0.4231938308924145;0.0;0.0;0.0;0.47471327198116786;0.0;0.3931039173299711;0.0;0.0;0.0;0.33078318090898556;0.30304174118101457;0.3786603711770046;0.4066410225045717;0.326866829597798;0.3568692418777568;0.4417765264414287;0.44175407079263146;0.2029185291199143;0.0;0.18371013552486135;0.2823883929876439;0.21968200949204428;0.0;0.2200674661533827;0.0;0.0;0.21790341044101744;0.18167055022628906;0.0;0.0;0.0;0.30569810882407916;0.0;0.21934697296681802;0.3204617620799853;0.0;0.13134068953587094;0.3399166163559844;0.31428427348515936;0.9302438640049847;0.0;0.16998580813564126;0.4240775779325256;0.0;0.22264471346290426;0.0;0.26897673208137396;0.3401838712069252;0.23927117970421094;0.39270823441745023;0.0;0.2297282756540394;0.6549498273950874;0.3413687359135653;0.303018504360293;0.5914251499370642;0.35014949516281463;0.42507025598636056;0.0;0.0;0.2109333890070579;0.3703599709640027;0.0;0.2279448020685031;0.0;0.210973748797411;0.5089229864459505;0.3790624064210885;0.4627805306166598;0.20704210299473738;0.8695682046976003;0.2518919296456004;0.4250736553350598;0.3204618889355649;0.42002768565589427;0.0;0.0;0.30967365519325474;0.0;0.0;0.0;0.2934544468427982;0.0;0.0;0.0;0.22972827848582772;0.2923850803374902;0.0;0.32069190800451364;0.0;0.4077464506111936;0.2290236804166404;0.0;0.0;0.2644478512920776;0.35471058320879073;0.0;0.0;0.28582965500913754;0.29176370739884355;0.2291614689563907;0.29345446243633533;0.0;0.3784041447105882;0.4612385437378251;0.3873956793377362;0.3401834100033144;0.23241890298640447;0.5269172943355531;0.0;0.28260498078858454;0.0;0.0;0.3781210201376807;0.0;0.0;0.5469152768703461;0.3786215881575581;0.0;0.17356203816085466;0.0;0.0;0.0;1.0;0.4417765264414287;0.3399149066240329;0.3146439975649022
GO:0070098;0.5680854863158478;0.3521476329642545;0.3257048324062654;0.2838455382686787;0.3190750096006686;0.7102037131012942;0.3178258638291929;0.15210902015681269;0.15210902015681269;0.23891006953565683;0.2300395747467451;0.21423027794061256;0.0;0.15205877975919754;0.3780948668580868;0.3528115168491492;0.7861043096265699;0.37809702436063225;0.48268687420581335;0.0;0.0;0.36893757091329465;0.37803313199227323;0.7462289730478271;0.46124116285380284;0.2337416827704062;0.32610508214890244;0.4417827396629765;0.48271032021749805;0.21127536075665676;0.25023490801432297;0.3525915107774732;0.35214759148002966;0.4826549152150619;0.2856663434744368;0.23192532809264563;0.28443499988224297;0.23902949525245482;0.35214766231246325;0.3257625592876232;0.4827078094947856;0.44119993733311413;0.35327772689661363;0.3771223430217628;0.3870852218562095;0.8479464733357255;0.7462289730478271;0.28531477616068346;0.0;0.2340651200284386;0.33065689434133466;0.35327090951897344;0.2703944436017063;0.23969369463429255;0.1731140738325347;0.7462289730478271;0.0;0.21423027794061256;0.4419393956548413;0.38452171686331255;0.3133017863545055;0.19102930303883567;0.2979047553415321;0.2847721057376926;0.2976050523598334;0.28523926357265544;0.309765772388598;0.0;0.25731935562415426;0.2164359980191691;0.23038311964374428;0.7102354330273394;0.26049248984755574;0.3388572633588105;0.7861043096265699;0.23294609193192095;0.74624326032725;0.2504233596405578;0.1773689721826428;0.17675747065953681;0.23913960489436992;0.9036595449209444;0.35271742814780443;0.1981572327809089;0.35271552477945595;0.47995717460949056;0.3775862752041342;0.4823298101418608;0.0;0.4802601739480234;0.0;0.31440218587364127;0.0;0.37728171231163465;0.19415150576722937;0.44187607892407244;0.26084815215431567;0.2600902965381592;0.26084815215431567;0.364650805512135;0.3390940045176862;0.33909537938258955;0.4743088780225079;0.3692067958844464;0.27635698248464324;0.9036595449209444;0.8070538644769412;0.21517835881366054;0.2608628311639731;0.2746348482690827;0.31344215475928366;0.2341232031036201;0.19422881310837842;0.20117892960823083;0.0;0.0;0.2821486809845636;0.19143552690392834;0.26084815215431567;0.28488373859126775;0.26084815215431567;0.23412547522849822;0.3141865095109164;0.23374270846026685;0.35214759148002966;0.24969218735539075;0.13636968531583027;0.3859428412945727;0.35323306331232385;0.40743451428016697;0.35095321838712384;0.17850559310033032;0.7703951169714283;0.0;0.24150972060360607;0.27140441669851356;0.4097623335245287;0.38628740777262816;0.25650367307924427;0.3532344600898248;0.0;0.24556810711311106;0.27746578058111393;0.3021600047588129;0.33906491020764623;0.48260852529040504;0.5469049947973441;0.386288587030066;0.283094595532872;0.23890950377843695;0.22421250947259785;0.425670463893577;0.0;0.24775863336310042;0.28488612111573475;0.22425811139499632;0.4075815712666571;0.42421246077601554;0.5318942958488347;0.21982095690379425;0.37803855527111124;0.19071024170546227;0.48268260820296544;0.3521477446616302;0.3297954200549986;0.2587044202575428;0.2603713169356666;0.3391638735158156;0.2998240061146152;0.31500633911555787;0.0;0.31980502306395475;0.22243331171459305;0.2607648420432563;0.0;0.24556811034886747;0.32580650252605997;0.0;0.3524255187368181;0.26084815215431567;0.460463286961847;0.24476316826148747;0.13803497078785262;0.0;0.28565836196995753;0.4051274413996649;0.0;0.0;0.3107705030787518;0.1942249951078415;0.24492055292431772;0.3198050415836489;0.2710966895181018;0.3388386480419729;0.8479464733357255;0.4483300926343094;0.38628681308858775;0.2530533848776584;0.42370714821100286;0.0;0.21536959035779898;0.0;0.0;0.42303381085686775;0.3143587851958396;0.24802270266307552;0.4417827396629765;0.33905651728951336;0.35009881539159454;0.2581018299572017;0.30001354985050266;0.0;0.23004086455220668;0.4417765264414287;1.0;0.3859406372066154;0.3536875367582832
GO:0034116;0.3114060027365845;0.34123284016165684;0.1812743951814035;0.27671127984885835;0.24816416022184362;0.3858984952612063;0.24721988328354486;0.15003606204237768;0.15003606204237768;0.0;0.0;0.0;0.0;0.1499871814569275;0.3655410206830811;0.273588346330706;0.42515003234575205;0.29254500422189483;0.4624130591160815;0.0;0.0;0.44246991624472126;0.36548331699910036;0.40457445432164374;0.3542893052527472;0.22888222147184709;0.3929339811994104;0.3399195028098988;0.37008754495713997;0.2578122502278128;0.24097410422930537;0.3416496121918477;0.34123280120918026;0.37004685074235383;0.0;0.18178096759559292;0.27727145319771496;0.0;0.3412328677187684;0.6985357935092497;0.4624322726553209;0.26895844606519836;0.7552623206763125;0.2918158414142138;0.21460420466417296;0.4045754705558846;0.40457445432164374;0.27810740774401543;0.0;0.2291923411612777;0.25690944231119334;0.7552483078488731;0.21120992068210145;0.0;0.0;0.40457445432164374;0.0;0.0;0.340035386302762;0.36844209444058346;0.37803663243387997;0.18777117006532826;0.0;0.272839504892744;0.0;0.0;0.5361567227923998;0.0;0.2514424203837838;0.15484092032357122;0.0;0.3859149757809177;0.0;0.3263076655763607;0.42515003234575205;0.2281193132527472;0.4045818446060201;0.0;0.17455672088579513;0.0;0.41651259140569513;0.3859406372066154;0.2735176500473635;0.15578180146957424;0.3417660473515105;0.36806492243778405;0.3650656205444627;0.3698080576160618;0.0;0.36828757102360665;0.0;0.0;0.0;0.2919350747214651;0.0;0.4248250530554717;0.0;0.0;0.0;0.3529600486268452;0.4080047144448123;0.32652846517211614;0.45007982019444664;0.3543577892491697;0.21575331723763055;0.3859406372066154;0.3859192228435246;0.21105329539453396;0.0;0.19522870482206503;0.37820018557239904;0.22924803076898045;0.0;0.13048532209278912;0.0;0.0;0.2273118441456319;0.18816364102348326;0.0;0.0;0.0;0.18346951409742132;0.0;0.22888320495700462;0.34123280120918026;0.0;0.13470117413576324;0.8221655375059197;0.42436135932873187;0.31443421978776687;0.0;0.1756574726018547;0.36912403752547135;0.0;0.2937219178200971;0.0;0.28345898672112524;0.4624037688914113;0.2506635148330819;0.3396187451827852;0.0;0.2402101019041473;0.2165976812492353;0.2921412087989851;0.40797100483280324;0.37001277767680096;0.3001911242807038;0.37006397151815;0.0;0.0;0.21973739940748976;0.40605303836461576;0.0;0.3011139255997679;0.0;0.21978119895964163;0.3145436582229324;0.32690204900613895;0.5073811223493414;0.21551775182809346;0.2925012667935281;0.15002701890065928;0.46240914394715454;0.34123294504223195;0.2562595728773465;0.0;0.0;0.26332154534383867;0.0;0.0;0.0;0.3107773758856467;0.0;0.0;0.0;0.24021010500024334;0.39258704264039185;0.0;0.34149376041081364;0.0;0.3537157892198479;0.23943985038956297;0.0;0.0;0.27843384415428635;0.3873182048311184;0.0;0.0;0.30223891127388997;0.19085790169265854;0.2395904615196514;0.31077739337452837;0.0;0.32629040353032945;0.4045754705558846;0.4266217525229425;0.4624030869263749;0.30736925333370557;0.32652708156015003;0.0;0.16905370757418517;0.0;0.0;0.4073801873353037;0.0;0.0;0.3399195028098988;0.3264924300181416;0.0;0.18380770432668248;0.0;0.0;0.0;0.3399149066240329;0.3859406372066154;1.0;0.4248862756955928
GO:2000343;0.2900632289986574;0.3205490247210552;0.1738289647230342;0.26295221041865724;0.23441860337147374;0.35365214378592;0.23357585688602062;0.14589676408121038;0.14589676408121038;0.0;0.0;0.0;0.0;0.14585054297790942;0.3419074135934221;0.2569763454258317;0.3863400738644883;0.2736307675945557;0.4252304532502093;0.0;0.0;0.4083069266399686;0.34185692970846987;0.3692741412508599;0.32692192111066154;0.3899609584435762;0.36575721002588235;0.3146479357454939;0.3403275546238583;0.24582775260878625;0.22373627169968802;0.3209167755771165;0.32054899034766593;0.34029314168201635;0.0;0.17429472564672427;0.2634580102200179;0.0;0.3205490490386697;0.36541233551466695;0.4252467010462285;0.2559414382319065;0.39288206039807894;0.34111194569847486;0.20424739588232485;0.3692749878827214;0.3692741412508599;0.36767579043290377;0.0;0.21967183891852898;0.2422067294744852;0.3928753125650708;0.20117047447894118;0.0;0.0;0.3692741412508599;0.0;0.0;0.31474722635522795;0.33893559892474184;0.4909745225192189;0.18133258928744658;0.0;0.25094840520919715;0.0;0.0;0.28504848082096185;0.0;0.24002970684705185;0.14753689502096007;0.0;0.3536659850505836;0.0;0.302949999991539;0.3863400738644883;0.21868591351653494;0.3692802981400551;0.0;0.16897902603653006;0.0;0.22413547457505079;0.3536875367582832;0.2569139727314709;0.1502512797202251;0.3210195057779266;0.33861639300227353;0.3414914640822819;0.34009119472040933;0.0;0.33880482993248545;0.0;0.0;0.0;0.2730970854527259;0.0;0.3932351815479431;0.0;0.0;0.0;0.33087611936659406;0.3787807922716919;0.30314031130200364;0.4068165488246496;0.40857080332202855;0.205288003419441;0.3536875367582832;0.35366955195592215;0.20295349986364006;0.0;0.1837586038408525;0.35295782720981406;0.2197229974824227;0.0;0.1265826065380799;0.0;0.0;0.2179437373597019;0.1816985801995363;0.0;0.0;0.0;0.1758464643397635;0.0;0.47403554730127223;0.32054899034766593;0.0;0.13135533940148675;0.42488841359459123;0.39283785190983606;0.29268883190992145;0.0;0.17001034814019422;0.3395126040188;0.0;0.27826643581587646;0.0;0.26903818114212186;0.7558344958412965;0.4253917004296097;0.3143902188881559;0.0;0.2297730985850146;0.2060522956734652;0.341467718777447;0.37875173854428423;0.3402643274272493;0.2803088585714733;0.5085151527641442;0.0;0.0;0.21097117710866153;0.3705055675621448;0.0;0.3964532930461226;0.0;0.21101155136237135;0.29278365456593036;0.3791844592536802;0.46296246193917145;0.20707850961122384;0.27359250257606543;0.21650757957957034;0.4252271424014814;0.320549117272314;0.24162903094248445;0.0;0.0;0.24789778579787622;0.0;0.0;0.0;0.29352759042775106;0.0;0.0;0.0;0.22977310141790808;0.3654565846010996;0.0;0.32077926162365594;0.0;0.326433525365426;0.22906822879148234;0.0;0.0;0.36808577416557203;0.3548441333106802;0.0;0.0;0.2858990465626068;0.1842096434603794;0.22920607095625262;0.2935276060290625;0.0;0.3029351207334817;0.3692749878827214;0.3875549810866278;0.7558334707501676;0.4042367983386604;0.3031391187983131;0.0;0.1625603326096674;0.0;0.0;0.37824246739929895;0.0;0.0;0.3146479357454939;0.30310925318614873;0.0;0.17360529899101257;0.0;0.0;0.0;0.3146439975649022;0.3536875367582832;0.4248862756955928;1.0
