;GO:0008584;GO:0035162;GO:0032693;GO:1903364;GO:0038155;GO:1901741;GO:1901224;GO:0060009;GO:0042531;GO:0060644;GO:0090290;GO:0045766;GO:0000188;GO:0032725;GO:0045892;GO:0045893;GO:0001701;GO:0032729;GO:0034105;GO:0010536;GO:0035556;GO:2000095;GO:0050729;GO:1904864;GO:0090190;GO:0045662;GO:0001954;GO:0051496;GO:0048013;GO:0030098;GO:0008285;GO:0008284;GO:0045787;GO:0045663;GO:0045944;GO:0033081;GO:0032825;GO:0045672;GO:0019221;GO:0043011;GO:0045670;GO:0051142;GO:0001649;GO:0034446;GO:2000134;GO:0030885;GO:0048709;GO:0008295;GO:0002230;GO:0060018;GO:0072197;GO:0032819;GO:0043382;GO:0001934;GO:0050900;GO:0038114;GO:0021915;GO:0018108;GO:0032092;GO:0046777;GO:0045444;GO:0046533;GO:0043666;GO:0061138;GO:0032091;GO:0050870;GO:0035914;GO:0016055;GO:0051607;GO:0032760;GO:0070884;GO:0019722;GO:0033690;GO:0009083;GO:0060271;GO:0014032;GO:0090023;GO:0003382;GO:0090263;GO:0042104;GO:0007616;GO:0097055;GO:0001755;GO:0010469;GO:0001916;GO:0050766;GO:0018105;GO:0030336;GO:0030335;GO:0060221;GO:0090630;GO:1904674;GO:1904677;GO:0006469;GO:0000122;GO:0009968;GO:0045595;GO:0072289;GO:2000737;GO:0032740;GO:0035735;GO:0033674;GO:2000330;GO:0035335;GO:0014015;GO:0050829;GO:0006351;GO:0006355;GO:0048469;GO:0046329;GO:0007602;GO:0006357;GO:0090090;GO:0032735;GO:0048873;GO:0043066;GO:0045087;GO:0072034;GO:0042098;GO:0070374;GO:0071864;GO:0033147;GO:0002827;GO:0030277;GO:0033388;GO:0016266;GO:0032733;GO:0071866;GO:2000103
GO:0008584;1.0;0.604523137761283;0.0;0.0;0.0;0.0;0.0;0.5690928347281751;0.0;0.48987902556832014;0.0;0.0;0.0;0.0;0.0;0.0;0.3767784303299453;0.0;0.0;0.0;0.0;0.0;0.0;0.0;0.0;0.0;0.0;0.0;0.0;0.5427739549931616;0.0;0.0;0.0;0.0;0.0;0.0;0.0;0.0;0.0;0.4730493605834032;0.0;0.0;0.44637497268261;0.44637497268261;0.0;0.0;0.4730493605834032;0.0;0.0;0.4632046376675269;0.44637497268261;0.0;0.0;0.0;0.0;0.0;0.5013371908646149;0.0;0.0;0.0;0.4049393336688514;0.0;0.0;0.5225050049415649;0.0;0.0;0.48003430265244385;0.0;0.0;0.0;0.0;0.0;0.0;0.0;0.0;0.528011578765408;0.0;0.48003430265244385;0.0;0.0;0.0;0.0;0.0;0.0;0.0;0.0;0.0;0.0;0.0;0.44637497268261;0.0;0.0;0.0;0.0;0.0;0.0;0.0;0.44637497268261;0.0;0.0;0.0;0.0;0.0;0.0;0.0;0.0;0.0;0.0;0.5225050049415649;0.0;0.0;0.0;0.0;0.0;0.0;0.0;0.0;0.4307580672284742;0.0;0.0;0.0;0.0;0.0;0.0;0.0;0.0;0.0;0.0;0.0
GO:0035162;0.604523137761283;1.0;0.0;0.0;0.0;0.0;0.0;0.5349965208344487;0.0;0.506708690553237;0.0;0.0;0.0;0.0;0.0;0.0;0.3936080953148622;0.0;0.0;0.0;0.0;0.0;0.0;0.0;0.0;0.0;0.0;0.0;0.0;0.5596036199780785;0.0;0.0;0.0;0.0;0.0;0.0;0.0;0.0;0.0;0.48987902556832014;0.0;0.0;0.4632046376675269;0.4632046376675269;0.0;0.0;0.48987902556832014;0.0;0.0;0.48003430265244385;0.4632046376675269;0.0;0.0;0.0;0.0;0.0;0.5181668558495318;0.0;0.0;0.0;0.4217689986537683;0.0;0.0;0.5393346699264818;0.0;0.0;0.4968639676373608;0.0;0.0;0.0;0.0;0.0;0.0;0.0;0.0;0.544841243750325;0.0;0.4968639676373608;0.0;0.0;0.0;0.0;0.0;0.0;0.0;0.0;0.0;0.0;0.0;0.4632046376675269;0.0;0.0;0.0;0.0;0.0;0.0;0.0;0.4632046376675269;0.0;0.0;0.0;0.0;0.0;0.0;0.0;0.0;0.0;0.0;0.5393346699264818;0.0;0.0;0.0;0.0;0.0;0.0;0.0;0.0;0.44758773221339115;0.0;0.0;0.0;0.0;0.0;0.0;0.0;0.0;0.0;0.0;0.0
GO:0032693;0.0;0.0;1.0;0.30274097487926627;0.26675402025138994;0.24943908341599474;0.2507800096076434;0.0;0.20714779006106576;0.0;0.23395034462272646;0.404964231075544;0.33120193445827323;0.5086470821062676;0.4357510509562938;0.35495268324900514;0.0;0.5184918050221439;0.4362855621739112;0.20714779006106576;0.3882502079204264;0.40826577266454794;0.3350593786574515;0.32492833813091604;0.35771738824355703;0.3613880594813454;0.2830984133858286;0.2199390760738622;0.26675402025138994;0.0;0.47674363507102696;0.37706555473899583;0.38512417306447394;0.2662687484009117;0.33339570696187093;0.3586324320509675;0.3376020600275664;0.3376020600275664;0.3657569319979998;0.0;0.3642764479283595;0.19538094758007762;0.0;0.0;0.35810239625027157;0.29342840815218313;0.0;0.0;0.24943908341599474;0.0;0.0;0.23676874105877915;0.3207723950426494;0.324111749715224;0.0;0.26675402025138994;0.0;0.0;0.3017362228227378;0.0;0.0;0.4658918914970764;0.28401558389076614;0.0;0.30405036106169475;0.3274322141254154;0.0;0.36884426909542006;0.0;0.4916892504604833;0.2466134639746554;0.33693246103789326;0.24943908341599474;0.0;0.0;0.0;0.23395034462272646;0.0;0.27745439750843653;0.20714779006106576;0.0;0.0;0.0;0.36884426909542006;0.2830984133858286;0.3076601585958893;0.0;0.44839616525276554;0.35327685417233184;0.0;0.2021970663352226;0.3913767182133909;0.24943908341599474;0.35722021969150014;0.4057789861277807;0.5080954962358735;0.4519745800888993;0.0;0.40489211236705547;0.5254767470911845;0.0;0.31810466090612205;0.30528365624938114;0.0;0.40540599181771225;0.0;0.0;0.39835844308127094;0.0;0.3089543274871695;0.31400086308337694;0.37482620937275485;0.3782771139325024;0.5184918050221439;0.3081077407918524;0.4339127623057071;0.0;0.3843917761443502;0.0;0.23676874105877915;0.24943908341599474;0.32492833813091604;0.2466134639746554;0.29826301787597614;0.0;0.0;0.7851474704628364;0.30761340129552084;0.3803786252329736
GO:1903364;0.0;0.0;0.30274097487926627;1.0;0.3080225146202974;0.4049763591668861;0.4021759677862906;0.0;0.5404781498963132;0.0;0.4049763591668861;0.41302576140360675;0.4684330917889586;0.38260858355653665;0.5023581556753042;0.6126218379011101;0.0;0.3924533064724129;0.44131591187806973;0.5404781498963132;0.46646369549024147;0.36271221661353237;0.4513992138130765;0.3080225146202974;0.36577891857161976;0.3421671164406095;0.39943824854145354;0.3853463028013737;0.3080225146202974;0.0;0.4544915114063869;0.5647516852055692;0.5728103035310472;0.4444672611412196;0.5824148931734237;0.3458825516286155;0.4021759677862906;0.4021759677862906;0.4243403632023024;0.0;0.35152656750600747;0.338531358623846;0.0;0.0;0.3430227707817798;0.3520118393564857;0.0;0.0;0.27606658697847314;0.0;0.0;0.3848610309508954;0.3853463028013737;0.7042570537279988;0.0;0.3080225146202974;0.0;0.0;0.32984119662962025;0.0;0.0;0.35851150957504807;0.553038557840166;0.0;0.3321553348685772;0.47882817230406266;0.0;0.4101127634643275;0.0;0.3751383696370177;0.305196895178958;0.37820095540680065;0.4276375961563027;0.0;0.0;0.0;0.3680313659659785;0.0;0.4288503556870838;0.35254262717271023;0.0;0.0;0.0;0.4274277002997227;0.39943824854145354;0.4631974343467806;0.0;0.41186028537663444;0.5088141299232232;0.0;0.23254646620998115;0.39943824854145354;0.4276375961563027;0.5454076387719573;0.4723860908467911;0.46621331620572093;0.5332192482826186;0.0;0.3856711693263196;0.39943824854145354;0.0;0.5480452288169197;0.4049763591668861;0.0;0.45266496274104134;0.0;0.0;0.560084858880715;0.0;0.44618548481785486;0.392214350653192;0.5324113075999548;0.3458825516286155;0.3924533064724129;0.3305939267820866;0.41700693879508843;0.0;0.3924533064724129;0.0;0.55730781488123;0.4276375961563027;0.2925337758270291;0.3596496308437494;0.32074920386621036;0.0;0.0;0.3924533064724129;0.2925337758270291;0.4276375961563027
GO:0038155;0.0;0.0;0.26675402025138994;0.3080225146202974;1.0;0.25654682119915273;0.2560615493486744;0.4024070004238523;0.209731877021625;0.42908138832464554;0.23923188436375753;0.28732647518258375;0.24880914897764567;0.25690929733551365;0.3500545971891353;0.36023422299003627;0.0;0.26675402025138994;0.3156166256570468;0.209731877021625;0.6400331862090207;0.3094103251502608;0.3256999275920535;0.25654682119915273;0.24007963235059676;0.2733764861840696;0.2737389623204306;0.22374314557048924;0.5552991675579886;0.48197631774948707;0.3857008811498471;0.386488412052271;0.3945470303777492;0.2733764861840696;0.33719977645849797;0.2770919213720756;0.24057281055540614;0.24057281055540614;0.7990995647081371;0.4122517233397286;0.28273593724946766;0.19694059100882855;0.3855773354389354;0.3855773354389354;0.27423214052524;0.3028512654654583;0.4122517233397286;0.2610185749042658;0.24007963235059676;0.4024070004238523;0.0;0.24057281055540614;0.25654682119915273;0.32791581921185103;0.4849883252655831;0.640490422771203;0.0;0.28863536137074036;0.32749556691612053;0.297295455479691;0.3441416964251768;0.4512246330540855;0.3206233290160566;0.0;0.3298097051550775;0.3327137538664465;0.41923666540876925;0.6573894164020186;0.0;0.24943908341599474;0.2504175334712824;0.5887154393264875;0.25654682119915273;0.29473729434033974;0.41923666540876925;0.4122517233397286;0.23923188436375753;0.41923666540876925;0.28273593724946766;0.209731877021625;0.0;0.0;0.43606633039368614;0.42773091795977247;0.2737389623204306;0.3147678963790473;0.30714017839556723;0.36038459195548983;0.36038459195548983;0.3855773354389354;0.2178139717893584;0.2737389623204306;0.25654682119915273;0.31833871010186937;0.32190873040274914;0.4170527423146935;0.4644286180260787;0.0;0.31688053906977975;0.2737389623204306;0.3855773354389354;0.35471240603141263;0.23923188436375753;0.26806290643954656;0.46805429803900245;0.0;0.4928671133341394;0.40546618086442887;0.4617073676978904;0.24057281055540614;0.5657838413719714;0.3801077491137859;0.2925806601653439;0.26675402025138994;0.40599211342572883;0.34821630853854857;0.0;0.3358478681679795;0.32980920516080564;0.24057281055540614;0.25654682119915273;0.23923188436375753;0.23395034462272646;0.39614739050985254;0.26806290643954656;0.4389261112405218;0.26675402025138994;0.22374314557048924;0.27617687756466514
GO:1901741;0.0;0.0;0.24943908341599474;0.4049763591668861;0.25654682119915273;1.0;0.33338533752975075;0.0;0.28375199691617037;0.0;0.33618572891034626;0.49849837396607155;0.23601786296484922;0.3334480096655092;0.334565858395867;0.4375580111711126;0.0;0.3432927325813855;0.3951865186109465;0.28375199691617037;0.3976730652337016;0.46578682285715683;0.40223863992204906;0.3633861588457615;0.45125153113408456;0.3995861437706761;0.35027767465042614;0.4444532380833098;0.25654682119915273;0.0;0.3857008811498471;0.4959610549490293;0.5040196732745075;0.5049006830816913;0.4126973665974474;0.39916026138643795;0.45543689153061423;0.45543689153061423;0.3555497329457626;0.0;0.4066304753059569;0.2697407283673061;0.0;0.0;0.27423214052524;0.2832212090999459;0.0;0.0;0.22276469551520156;0.0;0.0;0.31607040069435555;0.43860722654569734;0.42072834618619565;0.0;0.25654682119915273;0.0;0.0;0.27506183492194464;0.0;0.0;0.4136154173749975;0.2878196533873931;0.0;0.2773759731609016;0.41003754204752285;0.0;0.3586370700431829;0.0;0.3236626762158731;0.23640626492241817;0.326725261985656;0.35884696589976284;0.0;0.0;0.0;0.31655567254483385;0.0;0.360059725430544;0.28375199691617037;0.0;0.0;0.0;0.3586370700431829;0.35027767465042614;0.5294768678248649;0.0;0.34306965512009463;0.44002349966668336;0.0;0.17552267843442942;0.4849108611039184;0.35884696589976284;0.2760474167469404;0.3078974618538849;0.3974226859491811;0.5978107738088334;0.0;0.4430901966563862;0.35027767465042614;0.0;0.39740632054169855;0.4612684635351139;0.0;0.5285871234747817;0.0;0.0;0.38815124402903367;0.0;0.24057281055540614;0.3234237203966521;0.36461901032051763;0.2770919213720756;0.3432927325813855;0.2814333528910592;0.34821630853854857;0.0;0.47792591903487774;0.0;0.31607040069435555;0.35884696589976284;0.22374314557048924;0.3063477393804779;0.2715886299751829;0.0;0.0;0.3432927325813855;0.22374314557048924;0.48405520676274805
GO:1901224;0.0;0.0;0.2507800096076434;0.4021759677862906;0.2560615493486744;0.33338533752975075;1.0;0.0;0.5575842409679653;0.0;0.33338533752975075;0.3610647961319838;0.49451416348663496;0.33064761828491374;0.3373842548319197;0.4370727393206343;0.0;0.34049234120079;0.3893549466064468;0.5575842409679653;0.3948726738531061;0.4654554339710203;0.5127137947492196;0.24057281055540614;0.3138179532999968;0.27289121433359137;0.3474772832698307;0.33338533752975075;0.2560615493486744;0.0;0.3829004897692516;0.4859881653722856;0.4940467836977638;0.3698450588801801;0.414038292789096;0.27991031780812825;0.3329000656792725;0.3329000656792725;0.35506446109528433;0.0;0.28407686344111627;0.27377910733942656;0.0;0.0;0.27705053696129267;0.28273593724946766;0.0;0.0;0.316601564534254;0.0;0.0;0.3174113268860042;0.4270934995077629;0.4202430743357174;0.0;0.2560615493486744;0.0;0.0;0.2778802313579973;0.0;0.0;0.3065505443034252;0.2906380498234458;0.0;0.28019436959695426;0.40955227019704454;0.0;0.3581517981927046;0.0;0.3231774043653948;0.5047725164208241;0.32623999013517774;0.35301539389526315;0.0;0.0;0.0;0.3674872693174387;0.0;0.5443892139722692;0.286570393352223;0.0;0.0;0.0;0.5468310335796243;0.4184615361226678;0.39160641270964536;0.0;0.3444105813117433;0.4372231082860879;0.0;0.18058550093835818;0.3474772832698307;0.35301539389526315;0.2811102392508692;0.31193584082600534;0.5856166494856225;0.458597046021579;0.0;0.31639526721930145;0.3474772832698307;0.0;0.39874724673334716;0.3848022061528339;0.0;0.3833890606340232;0.0;0.0;0.38949217022068233;0.0;0.4722665565155312;0.3206233290160566;0.36743740675657033;0.44862576898610335;0.34049234120079;0.27863296151046374;0.3495572347301972;0.0;0.34049234120079;0.0;0.6072175815815457;0.35301539389526315;0.395276993184517;0.41147659405362713;0.26878823859458745;0.0;0.0;0.34049234120079;0.22656154200654188;0.35301539389526315
GO:0060009;0.5690928347281751;0.5349965208344487;0.0;0.0;0.4024070004238523;0.0;0.0;1.0;0.0;0.5604672590688236;0.0;0.0;0.0;0.0;0.0;0.0;0.3936080953148622;0.0;0.0;0.0;0.5239031880928888;0.0;0.0;0.0;0.0;0.0;0.0;0.0;0.4024070004238523;0.6133621884936651;0.0;0.0;0.0;0.0;0.0;0.0;0.0;0.0;0.5014099121704623;0.5436375940839067;0.0;0.0;0.5169632061831134;0.5169632061831134;0.0;0.0;0.5436375940839067;0.27784823988918267;0.0;0.5337928711680304;0.4632046376675269;0.0;0.0;0.0;0.5018179902505;0.4024070004238523;0.5181668558495318;0.30546502635565725;0.0;0.3141251204646079;0.5083312427980183;0.0;0.0;0.5393346699264818;0.0;0.0;0.5506225361529473;0.5044972492678825;0.0;0.0;0.0;0.4725854412103556;0.0;0.31156695932525663;0.4360663303936862;0.6346470333482612;0.0;0.5506225361529473;0.0;0.0;0.0;0.0;0.4528959953786031;0.0;0.0;0.0;0.3239698433804841;0.0;0.0;0.5169632061831134;0.0;0.0;0.0;0.0;0.0;0.0;0.0;0.4632046376675269;0.0;0.0;0.4024070004238523;0.0;0.0;0.2848925714244635;0.0;0.0;0.5096967783190562;0.0;0.5930932384420684;0.0;0.4496538432558393;0.0;0.0;0.0;0.0;0.0;0.0;0.44758773221339115;0.34663887014572253;0.0;0.0;0.0;0.0;0.0;0.2848925714244635;0.45575577622543867;0.0;0.0;0.0
GO:0042531;0.0;0.0;0.20714779006106576;0.5404781498963132;0.209731877021625;0.28375199691617037;0.5575842409679653;0.0;1.0;0.0;0.28375199691617037;0.3114314555184034;0.48121394586537963;0.2810142776713333;0.3867525812412366;0.48422497745424614;0.0;0.2908590005872096;0.3355802884206223;0.7851474704628364;0.3452393332395257;0.41168077578519574;0.45359283640937376;0.19694059100882855;0.2641846126864164;0.22656154200654188;0.29784394265625025;0.28375199691617037;0.209731877021625;0.0;0.3332671491556712;0.42686720703243974;0.4349258253579179;0.31607040069435555;0.46119053092270784;0.23852252432942678;0.286570393352223;0.286570393352223;0.30873478876823485;0.0;0.24044464389453868;0.2342882053650932;0.0;0.0;0.23566274348259114;0.23640626492241817;0.0;0.0;0.27027189220720454;0.0;0.0;0.27377910733942656;0.367972541167917;0.734323572623061;0.0;0.209731877021625;0.0;0.0;0.2364924378792958;0.0;0.0;0.2602208719763757;0.4853970474557405;0.0;0.2388065761182528;0.3632225978699951;0.0;0.31182212586565516;0.0;0.27684773203834534;0.4456515580809781;0.27991031780812825;0.29924073570943865;0.0;0.0;0.0;0.32115759699038926;0.0;0.47809575743627514;0.24518259987352153;0.0;0.0;0.0;0.48053757704363026;0.36882819550908735;0.3419730720960649;0.0;0.30077836176516565;0.38758976767250747;0.0;0.14271900280576594;0.29784394265625025;0.29924073570943865;0.5635347930023997;0.3613041672353223;0.5193231929496285;0.4048223878357545;0.0;0.270065594892252;0.29784394265625025;0.0;0.6425188549427263;0.3351688655392535;0.0;0.3370593883069738;0.0;0.0;0.43886049662999926;0.0;0.45896633889427585;0.27098998840247623;0.41680573316588726;0.39485111080027885;0.2908590005872096;0.2289996208968833;0.3059250151836196;0.0;0.2908590005872096;0.0;0.5718855949830236;0.29924073570943865;0.3415023349986925;0.3618432534400467;0.219154897981007;0.0;0.0;0.2908590005872096;0.1851737485278404;0.29924073570943865
GO:0060644;0.48987902556832014;0.506708690553237;0.0;0.0;0.42908138832464554;0.0;0.0;0.5604672590688236;0.0;1.0;0.0;0.0;0.0;0.0;0.0;0.0;0.3456902086681381;0.0;0.0;0.0;0.550577575993682;0.0;0.0;0.0;0.0;0.0;0.0;0.0;0.42908138832464554;0.6750874098372331;0.0;0.0;0.0;0.0;0.0;0.0;0.0;0.0;0.5280843000712554;0.6053628154274746;0.0;0.0;0.5786884275266815;0.5436375940839067;0.0;0.0;0.6053628154274746;0.3045226277899759;0.0;0.5604672590688236;0.48987902556832014;0.0;0.0;0.0;0.5284923781512931;0.42908138832464554;0.48987902556832014;0.3148244774210553;0.0;0.32348457153000587;0.5700564641415864;0.0;0.0;0.5660090578272752;0.0;0.0;0.6123477574965153;0.5311716371686757;0.0;0.0;0.0;0.4992598291111488;0.0;0.33824134722604987;0.4627407182944793;0.5703119819846998;0.0;0.5772969240537404;0.0;0.0;0.0;0.0;0.4795703832793962;0.0;0.0;0.0;0.33332929444588216;0.0;0.0;0.5786884275266815;0.0;0.0;0.0;0.0;0.0;0.0;0.0;0.48987902556832014;0.0;0.0;0.42908138832464554;0.0;0.0;0.29425202248986143;0.0;0.0;0.5363711662198495;0.0;0.6197676263428616;0.0;0.47632823115663253;0.0;0.0;0.0;0.0;0.0;0.0;0.4742621201141843;0.3733132580465157;0.0;0.0;0.0;0.0;0.0;0.31156695932525663;0.4824301641262319;0.0;0.0;0.0
GO:0090290;0.0;0.0;0.23395034462272646;0.4049763591668861;0.23923188436375753;0.33618572891034626;0.33338533752975075;0.0;0.28375199691617037;0.0;1.0;0.3442351311470669;0.23601786296484922;0.3138179532999968;0.334565858395867;0.4202430743357174;0.0;0.3236626762158731;0.3725252816215299;0.28375199691617037;0.3976730652337016;0.2939215863569925;0.38260858355653665;0.23923188436375753;0.2969882883150799;0.2733764861840696;0.33064761828491374;0.31655567254483385;0.23923188436375753;0.0;0.5982694790299994;0.7281847117768169;0.5040196732745075;0.37567663088467973;0.3972086278041791;0.2770919213720756;0.33338533752975075;0.33338533752975075;0.3555497329457626;0.0;0.28273593724946766;0.5709550918668198;0.0;0.0;0.27423214052524;0.2832212090999459;0.0;0.0;0.20727595672193327;0.0;0.0;0.6372485484028139;0.31655567254483385;0.42072834618619565;0.0;0.23923188436375753;0.0;0.0;0.2610505663730804;0.0;0.0;0.28972087931850826;0.2878196533873931;0.0;0.26336470461203737;0.41003754204752285;0.0;0.3413221332077877;0.0;0.3063477393804779;0.23640626492241817;0.3094103251502608;0.575581883934282;0.0;0.0;0.0;0.29924073570943865;0.0;0.360059725430544;0.5936163288562364;0.0;0.0;0.0;0.3586370700431829;0.33064761828491374;0.3944068040902408;0.0;0.34306965512009463;0.44002349966668336;0.0;0.1637558359534413;0.33064761828491374;0.35884696589976284;0.2760474167469404;0.3078974618538849;0.3974226859491811;0.4644286180260787;0.0;0.31688053906977975;0.33064761828491374;0.0;0.39740632054169855;0.33618572891034626;0.0;0.38387433248450153;0.0;0.0;0.38815124402903367;0.0;0.24057281055540614;0.3234237203966521;0.36461901032051763;0.2770919213720756;0.3236626762158731;0.2618032965255468;0.34821630853854857;0.0;0.3236626762158731;0.0;0.31607040069435555;0.575581883934282;0.22374314557048924;0.2908590005872096;0.2519585736096705;0.0;0.0;0.3236626762158731;0.22374314557048924;0.575581883934282
GO:0045766;0.0;0.0;0.404964231075544;0.41302576140360675;0.28732647518258375;0.49849837396607155;0.3610647961319838;0.0;0.3114314555184034;0.0;0.3442351311470669;1.0;0.26679751694828024;0.5015546753094787;0.365345512379298;0.4652374697733456;0.0;0.5113993982253551;0.5734356228941629;0.3114314555184034;0.4088226628516202;0.5356949026785605;0.44948548275403605;0.27001153834718855;0.49849837396607155;0.4082139758478805;0.39752451748241313;0.3638651875125793;0.28732647518258375;0.0;0.3968504787677657;0.49683795898960176;0.50489657731508;0.5153280389509884;0.4403768251996804;0.42178191654646635;0.4658642473999113;0.4658642473999113;0.3863293869291936;0.0;0.4292521304659853;0.29742018696953915;0.0;0.0;0.29100052595980674;0.31400086308337694;0.0;0.0;0.27001153834718855;0.0;0.0;0.3437498592965886;0.4490345824149944;0.4310928679530335;0.0;0.28732647518258375;0.0;0.0;0.3223086777539316;0.0;0.0;0.4362370725350259;0.3045880388219599;0.0;0.3246228159928886;0.4377170006497559;0.0;0.3894167240266139;0.0;0.48459684366369443;0.2671859189058492;0.357504915969087;0.3638651875125793;0.0;0.0;0.0;0.3442351311470669;0.0;0.387739184032777;0.3114314555184034;0.0;0.0;0.0;0.3894167240266139;0.39752451748241313;0.42208626269247385;0.0;0.37384930910352565;0.4677029582689164;0.0;0.22276952126641641;0.5321577039359053;0.3638651875125793;0.3068270707303714;0.3386771158373159;0.42820233993261214;0.6064386058860378;0.0;0.4517180287335906;0.5183843402943957;0.0;0.4095970403506633;0.47169581940441097;0.0;0.5390144793440786;0.0;0.0;0.4189308980124647;0.0;0.2573411959899729;0.33457331801457074;0.39539866430394865;0.30787157535550663;0.5113993982253551;0.3286801957230462;0.3635072237287113;0.0;0.5251727618668647;0.0;0.3437498592965886;0.3638651875125793;0.25452279955392026;0.35359458221246487;0.3188354728071699;0.0;0.0;0.5113993982253551;0.240511531005056;0.531302049594735
GO:0000188;0.0;0.0;0.33120193445827323;0.4684330917889586;0.24880914897764567;0.23601786296484922;0.49451416348663496;0.0;0.48121394586537963;0.0;0.23601786296484922;0.26679751694828024;1.0;0.2363803391012102;0.4980912836304304;0.4232181929853618;0.0;0.24622506201708644;0.28824889707002727;0.5334360332281962;0.3843166051955464;0.45075804774121647;0.40898072795354623;0.3224850845990094;0.21955067411629325;0.3548034883771946;0.2532100040861271;0.22425102048386109;0.24880914897764567;0.0;0.4648127638128548;0.3731319520141158;0.3811905703395939;0.2656388139625626;0.4039056427661037;0.27759979628544745;0.24108068546877803;0.24108068546877803;0.3478120607242555;0.0;0.2795219158505593;0.19372656960992024;0.0;0.0;0.35896281100489585;0.27548353687843885;0.0;0.0;0.3093491641632252;0.0;0.0;0.2301862909603497;0.3233604327120895;0.6276779128616704;0.0;0.24880914897764567;0.0;0.0;0.4102548673033673;0.0;0.0;0.35896281100489585;0.5048442630462489;0.0;0.4914479448129747;0.31773288998655;0.0;0.3508993978216758;0.0;0.2344582195360983;0.4847288300369988;0.318987589764149;0.24880914897764567;0.0;0.0;0.0;0.28479103566944064;0.0;0.42408365984042323;0.20321418733618574;0.0;0.0;0.0;0.5196148489996508;0.3302172081202626;0.2942389381447438;0.0;0.4263228553553465;0.3398556337211863;0.0;0.36100515110562836;0.2532100040861271;0.24880914897764567;0.7561753991274026;0.47142288708844826;0.6616026844868226;0.44389965979177515;0.0;0.3983075412629047;0.2532100040861271;0.0;0.6171067542317209;0.2965578781504288;0.0;0.3161278089173133;0.0;0.0;0.46392650003715574;0.0;0.6817269537086883;0.3100672603584969;0.4430917191091115;0.5246118039873033;0.24622506201708644;0.268076892852904;0.4314695087738004;0.0;0.24622506201708644;0.0;0.5944998361668876;0.24880914897764567;0.471263028185717;0.32323226605122196;0.25823216993702774;0.0;0.0;0.24622506201708644;0.3084738160501451;0.24880914897764567
GO:0032725;0.0;0.0;0.5086470821062676;0.38260858355653665;0.25690929733551365;0.3334480096655092;0.33064761828491374;0.0;0.2810142776713333;0.0;0.3138179532999968;0.5015546753094787;0.2363803391012102;1.0;0.334928334532228;0.4348202919262755;0.0;0.6364682523583933;0.5430184450470928;0.2810142776713333;0.3784054850045501;0.39842104974867165;0.41906830490696595;0.23959436050011845;0.42750527791583115;0.2564240254850354;0.3671073396353431;0.3334480096655092;0.25690929733551365;0.0;0.36643330092069565;0.46642078114253166;0.4744793994680098;0.35027767465042614;0.4099596473526103;0.3487877091350912;0.4216737059113315;0.4216737059113315;0.35591220908212357;0.0;0.35443172501248327;0.26700300912246905;0.0;0.0;0.2605833481127367;0.2835836852363069;0.0;0.0;0.23959436050011845;0.0;0.0;0.31333268144951854;0.4048440409264146;0.40067569010596343;0.0;0.25690929733551365;0.0;0.0;0.29189149990686153;0.0;0.0;0.3787316039169191;0.27417086097488985;0.0;0.2942056381458185;0.4072998228026858;0.0;0.3589995461795438;0.0;0.5941769590034643;0.23676874105877915;0.32708773812201697;0.3334480096655092;0.0;0.0;0.0;0.3138179532999968;0.0;0.3573220061857069;0.2810142776713333;0.0;0.0;0.0;0.3589995461795438;0.3671073396353431;0.3916690848454038;0.0;0.3434321312564556;0.43728578042184635;0.0;0.19235234341934632;0.48796716244732563;0.3334480096655092;0.27640989288330137;0.3082599379902458;0.3977851620855421;0.44212985717302306;0.0;0.2999280783707455;0.643453194427434;0.0;0.3791798625035932;0.38521398456090217;0.0;0.49482393785549883;0.0;0.0;0.38851372016539465;0.0;0.22692401814290286;0.30415614016750064;0.3649814864568786;0.27745439750843653;0.6364682523583933;0.29826301787597614;0.3330900458816412;0.0;0.480982220378285;0.0;0.31333268144951854;0.3334480096655092;0.22410562170685017;0.3231774043653948;0.28841829496009985;0.0;0.0;0.6364682523583933;0.2100943531579859;0.4871115081061552
GO:0045892;0.0;0.0;0.4357510509562938;0.5023581556753042;0.3500545971891353;0.334565858395867;0.3373842548319197;0.0;0.3867525812412366;0.0;0.334565858395867;0.365345512379298;0.4980912836304304;0.334928334532228;1.0;0.7724825783855269;0.0;0.3447730574481042;0.3894943452815169;0.3867525812412366;0.48886572169356696;0.39073303063350606;0.4037189647887678;0.42703420109702994;0.31809866954731103;0.4634939224474593;0.35175799951714487;0.32055458984700275;0.3500545971891353;0.0;0.5788494980371408;0.4776810685121364;0.4857396868376145;0.36688426217405223;0.7226455772923279;0.3739033656485891;0.3373842548319197;0.3373842548319197;0.44905750893574514;0.0;0.3780699112815771;0.28510206684478984;0.0;0.0;0.4602082592163855;0.37672898508992847;0.0;0.0;0.31809866954731103;0.0;0.0;0.32459296881912325;0.334565858395867;0.520425262224731;0.0;0.3500545971891353;0.0;0.0;0.37187327919845814;0.0;0.0;0.4602082592163855;0.4803290964002731;0.0;0.37418741743741507;0.4140364593496917;0.0;0.4521448460331654;0.0;0.33076178889923996;0.3344376917349995;0.4202330379756386;0.3500545971891353;0.0;0.0;0.0;0.32055458984700275;0.0;0.3640586427327128;0.29599646135321817;0.0;0.0;0.0;0.4521448460331654;0.35175799951714487;0.39278693357576155;0.0;0.530871971853367;0.4384036291522041;0.0;0.27457854877881904;0.35175799951714487;0.3500545971891353;0.5709245130411851;0.885445348461629;0.5875401222125707;0.5525900938620398;0.0;0.5069979753331694;0.35175799951714487;0.0;0.48253427396398413;0.334565858395867;0.0;0.4173732571288029;0.0;0.0;0.8600058296148485;0.0;0.4758436766593267;0.4146163768565175;0.7923561045092766;0.4630680400632211;0.3447730574481042;0.37262600935092455;0.536018625271821;0.0;0.3447730574481042;0.0;0.4035822462261536;0.3500545971891353;0.40971926426163474;0.3179705028864435;0.3627812864350483;0.0;0.0;0.3447730574481042;0.40971926426163474;0.3500545971891353
GO:0045893;0.0;0.0;0.35495268324900514;0.6126218379011101;0.36023422299003627;0.4375580111711126;0.4370727393206343;0.0;0.48422497745424614;0.0;0.4202430743357174;0.4652374697733456;0.4232181929853618;0.4348202919262755;0.7724825783855269;1.0;0.0;0.44466501484215176;0.4935276202478086;0.48422497745424614;0.49904534749446794;0.400912656434407;0.5036109221828153;0.344745484196768;0.41799062694135863;0.37706388797495316;0.4516499569111924;0.4375580111711126;0.36023422299003627;0.0;0.48707316341061335;0.5674996020242309;0.5755582203497089;0.4543876761560295;0.890556768716477;0.3840829914494901;0.421584000527366;0.421584000527366;0.45923713473664607;0.0;0.38824953708247806;0.3779517809807884;0.0;0.0;0.3812232106026544;0.3869086108908294;0.0;0.0;0.328278295348212;0.0;0.0;0.421584000527366;0.4375580111711126;0.6253426442965155;0.0;0.36023422299003627;0.0;0.0;0.3820529049993591;0.0;0.0;0.41072321794478694;0.49050872220117403;0.0;0.38436704323831605;0.5137249438384064;0.0;0.4623244718340664;0.0;0.42735007800675656;0.3446173175359004;0.43041266377653953;0.4375580111711126;0.0;0.0;0.0;0.4202430743357174;0.0;0.46374712722142747;0.39074306699358485;0.0;0.0;0.0;0.4623244718340664;0.4516499569111924;0.4957790863510071;0.0;0.448583254953105;0.5413957819274496;0.0;0.28475817457972;0.4516499569111924;0.4375580111711126;0.49005030132911365;0.71753415703748;0.5011100877400646;0.5627697196629409;0.0;0.4205679408606633;0.4516499569111924;0.0;0.563311943985751;0.4202430743357174;0.0;0.487561734275385;0.0;0.0;0.8701854554157495;0.0;0.4137618720270545;0.42479600265741846;0.8025357303101776;0.3840829914494901;0.44466501484215176;0.3828056351518255;0.453729908371559;0.0;0.44466501484215176;0.0;0.5010546424391631;0.4375580111711126;0.33073421564790373;0.4118613392134883;0.37296091223594924;0.0;0.0;0.44466501484215176;0.33073421564790373;0.457188067536625
GO:0001701;0.3767784303299453;0.3936080953148622;0.0;0.0;0.0;0.0;0.0;0.3936080953148622;0.0;0.3456902086681381;0.0;0.0;0.0;0.0;0.0;0.0;1.0;0.0;0.0;0.0;0.0;0.0;0.0;0.0;0.0;0.0;0.0;0.0;0.0;0.39858513809297963;0.0;0.0;0.0;0.0;0.0;0.0;0.0;0.0;0.0;0.32886054368322115;0.0;0.0;0.30218615578242797;0.30218615578242797;0.0;0.0;0.32886054368322115;0.0;0.0;0.31901582076734486;0.30218615578242797;0.0;0.0;0.0;0.0;0.0;0.3767784303299453;0.0;0.0;0.0;0.3030418101235983;0.0;0.0;0.43523924975251865;0.0;0.0;0.3358454857522618;0.0;0.0;0.0;0.0;0.0;0.0;0.0;0.0;0.4034528182307385;0.0;0.3358454857522618;0.0;0.0;0.31229427331603593;0.0;0.0;0.0;0.0;0.0;0.0;0.0;0.0;0.30218615578242797;0.0;0.0;0.0;0.0;0.0;0.0;0.0;0.30218615578242797;0.0;0.0;0.0;0.0;0.0;0.0;0.0;0.0;0.0;0.0;0.37831618804138295;0.0;0.0;0.0;0.0;0.0;0.0;0.0;0.0;0.31154560684782595;0.0;0.0;0.0;0.0;0.0;0.39556893884399297;0.0;0.0;0.0;0.0;0.0
GO:0032729;0.0;0.0;0.5184918050221439;0.3924533064724129;0.26675402025138994;0.3432927325813855;0.34049234120079;0.0;0.2908590005872096;0.0;0.3236626762158731;0.5113993982253551;0.24622506201708644;0.6364682523583933;0.3447730574481042;0.44466501484215176;0.0;1.0;0.5528631679629691;0.2908590005872096;0.3882502079204264;0.40826577266454794;0.42891302782284224;0.24943908341599474;0.43735000083170744;0.2662687484009117;0.3769520625512193;0.3432927325813855;0.26675402025138994;0.0;0.3762780238365719;0.47626550405840795;0.48432412238388606;0.36012239756630243;0.4198043702684866;0.3586324320509675;0.4315184288272078;0.4315184288272078;0.3657569319979998;0.0;0.3642764479283595;0.27684773203834534;0.0;0.0;0.27042807102861294;0.29342840815218313;0.0;0.0;0.24943908341599474;0.0;0.0;0.3231774043653948;0.41468876384229086;0.41052041302183967;0.0;0.26675402025138994;0.0;0.0;0.3017362228227378;0.0;0.0;0.38857632683279536;0.28401558389076614;0.0;0.30405036106169475;0.417144545718562;0.0;0.36884426909542006;0.0;0.6040216819193406;0.2466134639746554;0.33693246103789326;0.3432927325813855;0.0;0.0;0.0;0.3236626762158731;0.0;0.36716672910158316;0.2908590005872096;0.0;0.0;0.0;0.36884426909542006;0.3769520625512193;0.40151380776128004;0.0;0.35327685417233184;0.4471305033377226;0.0;0.2021970663352226;0.49781188536320187;0.3432927325813855;0.2862546157991776;0.31810466090612205;0.40762988500141834;0.4519745800888993;0.0;0.30977280128662177;0.6532979173433102;0.0;0.38902458541946944;0.39505870747677846;0.0;0.5046686607713751;0.0;0.0;0.39835844308127094;0.0;0.23676874105877915;0.31400086308337694;0.37482620937275485;0.2872991204243128;0.6463129752742696;0.3081077407918524;0.3429347687975175;0.0;0.4908269432941612;0.0;0.3231774043653948;0.3432927325813855;0.23395034462272646;0.33302212728127106;0.29826301787597614;0.0;0.0;0.6463129752742696;0.2199390760738622;0.4969562310220315
GO:0034105;0.0;0.0;0.4362855621739112;0.44131591187806973;0.3156166256570468;0.3951865186109465;0.3893549466064468;0.0;0.3355802884206223;0.0;0.3725252816215299;0.5734356228941629;0.28824889707002727;0.5430184450470928;0.3894943452815169;0.4935276202478086;0.0;0.5528631679629691;1.0;0.3355802884206223;0.43711281332608326;0.45712837807020473;0.48080681385240326;0.2959865692915344;0.49338510443351247;0.3128162342764513;0.4288458485807803;0.3951865186109465;0.3156166256570468;0.0;0.4251406292422287;0.532300607660213;0.5403592259856911;0.4120161835958634;0.46635185614402624;0.40335371988438024;0.4834122148567688;0.4834122148567688;0.4146195374036566;0.0;0.41082393380389914;0.32009154962735403;0.0;0.0;0.3136718886176216;0.3422910135578399;0.0;0.0;0.2959865692915344;0.0;0.0;0.3697248902409344;0.4665825498718519;0.45706789889737925;0.0;0.3156166256570468;0.0;0.0;0.34645751065615055;0.0;0.0;0.43743893223845215;0.3272594014797748;0.0;0.3487716488951075;0.46600715112421887;0.0;0.4177068745010769;0.0;0.5200594923343056;0.289857281563664;0.38579506644355005;0.3951865186109465;0.0;0.0;0.0;0.3725252816215299;0.0;0.41602933450724;0.3355802884206223;0.0;0.0;0.0;0.4177068745010769;0.4288458485807803;0.453407593790841;0.0;0.39982434004787143;0.49902428936728355;0.0;0.2442209013881635;0.5598481100320097;0.3951865186109465;0.32827845085211843;0.36134847849513074;0.4564924904070751;0.5038683661184603;0.0;0.3563202871621614;0.5598481100320097;0.0;0.43374587325288216;0.4439213128824353;0.0;0.56070376437318;0.0;0.0;0.4449059289568105;0.0;0.2800125586477878;0.3628634684890338;0.4195474972061675;0.33202040825772555;0.5528631679629691;0.36000152682141334;0.3876560566309302;0.0;0.5528631679629691;0.0;0.3697248902409344;0.3951865186109465;0.2786716324561392;0.37956961315681065;0.3501568039055371;0.0;0.0;0.5528631679629691;0.2631828936628709;0.5684800734171049
GO:0010536;0.0;0.0;0.20714779006106576;0.5404781498963132;0.209731877021625;0.28375199691617037;0.5575842409679653;0.0;0.7851474704628364;0.0;0.28375199691617037;0.3114314555184034;0.5334360332281962;0.2810142776713333;0.3867525812412366;0.48422497745424614;0.0;0.2908590005872096;0.3355802884206223;1.0;0.3452393332395257;0.41168077578519574;0.45359283640937376;0.19694059100882855;0.2641846126864164;0.22656154200654188;0.29784394265625025;0.28375199691617037;0.209731877021625;0.0;0.3332671491556712;0.42686720703243974;0.4349258253579179;0.31607040069435555;0.46119053092270784;0.23852252432942678;0.286570393352223;0.286570393352223;0.30873478876823485;0.0;0.24044464389453868;0.2342882053650932;0.0;0.0;0.23566274348259114;0.23640626492241817;0.0;0.0;0.27027189220720454;0.0;0.0;0.27377910733942656;0.367972541167917;0.734323572623061;0.0;0.209731877021625;0.0;0.0;0.48342160549839647;0.0;0.0;0.2602208719763757;0.4853970474557405;0.0;0.4002942881479643;0.3632225978699951;0.0;0.31182212586565516;0.0;0.27684773203834534;0.4456515580809781;0.27991031780812825;0.29924073570943865;0.0;0.0;0.0;0.32115759699038926;0.0;0.47809575743627514;0.24518259987352153;0.0;0.0;0.0;0.48053757704363026;0.36882819550908735;0.3419730720960649;0.0;0.30077836176516565;0.38758976767250747;0.0;0.4321718473447712;0.29784394265625025;0.29924073570943865;0.655733054190028;0.3613041672353223;0.5193231929496285;0.4048223878357545;0.0;0.270065594892252;0.29784394265625025;0.0;0.740330661432163;0.3351688655392535;0.0;0.3370593883069738;0.0;0.0;0.43886049662999926;0.0;0.45896633889427585;0.27098998840247623;0.41680573316588726;0.39485111080027885;0.2908590005872096;0.2289996208968833;0.3059250151836196;0.0;0.2908590005872096;0.0;0.5718855949830236;0.29924073570943865;0.3415023349986925;0.3618432534400467;0.219154897981007;0.0;0.0;0.2908590005872096;0.1851737485278404;0.29924073570943865
GO:0035556;0.0;0.0;0.3882502079204264;0.46646369549024147;0.6400331862090207;0.3976730652337016;0.3948726738531061;0.5239031880928888;0.3452393332395257;0.550577575993682;0.3976730652337016;0.4088226628516202;0.3843166051955464;0.3784054850045501;0.48886572169356696;0.49904534749446794;0.0;0.3882502079204264;0.43711281332608326;0.3452393332395257;1.0;0.44822144965469246;0.44719611526109;0.3976730652337016;0.36157582001963323;0.4371639672080351;0.39523514998946707;0.3780430088681892;0.6400331862090207;0.6034725054185235;0.5566608603699608;0.5574483912723847;0.5655070095978628;0.4371639672080351;0.4741847029208027;0.43139178466977557;0.3948726738531061;0.3948726738531061;0.7390360979556306;0.5337479110087651;0.44117711811941174;0.33122806469066146;0.5070735231079719;0.5070735231079719;0.42853200382293993;0.44700869012391137;0.5337479110087651;0.38251476257330225;0.36157582001963323;0.5239031880928888;0.0;0.3775577370177109;0.3780430088681892;0.482215682509551;0.6064845129346196;0.6400331862090207;0.0;0.41013154903977683;0.448991754585157;0.41879164314872747;0.46563788409421325;0.572720820723122;0.4421195166850931;0.0;0.451305892824114;0.4715248783708782;0.5407328530778057;0.742123435053051;0.0;0.3709352710850312;0.3874024599335872;0.7871784993818896;0.4203343022231182;0.4162334820093762;0.5407328530778057;0.5337479110087651;0.360728072032794;0.5407328530778057;0.42154706175389933;0.3452393332395257;0.0;0.0;0.5575625180627226;0.5492271056288089;0.39523514998946707;0.45589414041359616;0.4286363660646037;0.5015108359900387;0.5015108359900387;0.5070735231079719;0.3393101594583949;0.39523514998946707;0.4203343022231182;0.43983489777090584;0.4588936568650539;0.5612101669731466;0.6455310358854393;0.0;0.4806680200937452;0.39523514998946707;0.5070735231079719;0.4762085937004491;0.3976730652337016;0.389559094108583;0.5895504857080389;0.0;0.6143633010031759;0.5465924248989777;0.5832035553669268;0.3948726738531061;0.6872800290410077;0.5189188736182175;0.43139178466977557;0.3882502079204264;0.5274883010947653;0.5066574894084926;0.0;0.457344055837016;0.4513053928298421;0.3775577370177109;0.4203343022231182;0.3780430088681892;0.35544653229176293;0.5176435781788891;0.389559094108583;0.5604222989095582;0.3882502079204264;0.3780430088681892;0.4203343022231182
GO:2000095;0.0;0.0;0.40826577266454794;0.36271221661353237;0.3094103251502608;0.46578682285715683;0.4654554339710203;0.0;0.41168077578519574;0.0;0.2939215863569925;0.5356949026785605;0.45075804774121647;0.39842104974867165;0.39073303063350606;0.400912656434407;0.0;0.40826577266454794;0.45712837807020473;0.41168077578519574;0.44822144965469246;1.0;0.4728855724126923;0.2939215863569925;0.5995061297810208;0.4115155174368844;0.31111372747827043;0.27991031780812825;0.3094103251502608;0.0;0.436249265570838;0.4370367964732619;0.44509541479874004;0.4115155174368844;0.38057566268334053;0.4447135145009826;0.4081944036843132;0.4081944036843132;0.4084132368968707;0.0;0.4521837284205016;0.24445779480591534;0.0;0.0;0.33039931276287904;0.33608471305105403;0.0;0.0;0.36995034033584034;0.0;0.0;0.28394869678024875;0.40867967553479145;0.3840829914494901;0.0;0.3094103251502608;0.0;0.0;0.33122900715958364;0.0;0.0;0.44185373365414704;0.3439868256250322;0.0;0.33354314539854063;0.37339218731081725;0.0;0.41150057399429096;0.0;0.39095083582915274;0.4556701005213842;0.3795887659367641;0.3094103251502608;0.0;0.0;0.0;0.3404503329937078;0.0;0.6721838505002964;0.25535218931434367;0.0;0.0;0.0;0.6001798093812107;0.38812093151240595;0.3521426615368871;0.0;0.39775935711332966;0.39775935711332966;0.0;0.23393427673994455;0.42834518242180136;0.3094103251502608;0.33445901505245557;0.3652846166275917;0.638965425287209;0.6025676492788934;0.0;0.4550195703225945;0.4152507147335886;0.0;0.3652846166275917;0.39136473869939625;0.0;0.47599833547445913;0.0;0.0;0.4428409460222687;0.0;0.4285104407701127;0.373972104817643;0.4207861825581567;0.6820285734161726;0.40826577266454794;0.3319817373120501;0.40290601053178354;0.0;0.6589841933104775;0.0;0.4458253776055079;0.3094103251502608;0.44862576898610335;0.3811359894433653;0.3221370143961738;0.0;0.0;0.40826577266454794;0.27991031780812825;0.45097096888972044
GO:0050729;0.0;0.0;0.3350593786574515;0.4513992138130765;0.3256999275920535;0.40223863992204906;0.5127137947492196;0.0;0.45359283640937376;0.0;0.38260858355653665;0.44948548275403605;0.40898072795354623;0.41906830490696595;0.4037189647887678;0.5036109221828153;0.0;0.42891302782284224;0.48080681385240326;0.45359283640937376;0.44719611526109;0.4728855724126923;1.0;0.3083849907566583;0.40223863992204906;0.3252146557415752;0.4358979698918829;0.40223863992204906;0.3256999275920535;0.0;0.43522393117723546;0.5352114113990716;0.5432700297245496;0.41906830490696595;0.4787502776091502;0.33223375921611215;0.38212331170605834;0.38212331170605834;0.4247028393386634;0.0;0.33640030484910016;0.3357936393790089;0.0;0.0;0.3293739783692765;0.3523743154928467;0.0;0.0;0.5219158299212647;0.0;0.0;0.38212331170605834;0.5226866843259633;0.46946632036250324;0.0;0.3256999275920535;0.0;0.0;0.3606821301634014;0.0;0.0;0.37618892254680425;0.34296149123142966;0.0;0.3629962684023584;0.47609045305922565;0.0;0.4277901764360837;0.0;0.40928297145732984;0.412066582691587;0.3958783683785568;0.40223863992204906;0.0;0.0;0.0;0.5854787123344585;0.0;0.5393881826500129;0.34980490792787317;0.0;0.0;0.0;0.5470886738251481;0.5068822227447201;0.4604597151019436;0.0;0.4122227615129954;0.5060764106783862;0.0;0.2611429736758862;0.4358979698918829;0.40223863992204906;0.3452005231398412;0.3770505682467857;0.5858742897311464;0.5109204874295629;0.0;0.36871870862728534;0.4358979698918829;0.0;0.44797049276013307;0.45359283640937376;0.0;0.44992724349620433;0.0;0.0;0.45730435042193446;0.0;0.4520071682547806;0.3729467704240405;0.4337721167134184;0.4560559074277754;0.42891302782284224;0.36705364813251595;0.40188067613818107;0.0;0.42891302782284224;0.0;0.49005255775980305;0.40223863992204906;0.40270713162618904;0.49989728067567935;0.35720892521663966;0.0;0.0;0.42891302782284224;0.2788849834145258;0.42489987691146563
GO:1904864;0.0;0.0;0.32492833813091604;0.3080225146202974;0.25654682119915273;0.3633861588457615;0.24057281055540614;0.0;0.19694059100882855;0.0;0.23923188436375753;0.27001153834718855;0.3224850845990094;0.23959436050011845;0.42703420109702994;0.344745484196768;0.0;0.24943908341599474;0.2959865692915344;0.19694059100882855;0.3976730652337016;0.2939215863569925;0.3083849907566583;1.0;0.22276469551520156;0.37533244661149806;0.2564240254850354;0.41959223806198775;0.25654682119915273;0.0;0.4948293397734237;0.386488412052271;0.3945470303777492;0.2733764861840696;0.3231885079096337;0.2770919213720756;0.24057281055540614;0.24057281055540614;0.3555497329457626;0.0;0.28273593724946766;0.1851737485278404;0.0;0.0;0.3667004832264029;0.2832212090999459;0.0;0.0;0.22276469551520156;0.0;0.0;0.22656154200654188;0.23923188436375753;0.32791581921185103;0.0;0.25654682119915273;0.0;0.0;0.27506183492194464;0.0;0.0;0.3667004832264029;0.2878196533873931;0.0;0.2773759731609016;0.31722501507317824;0.0;0.3586370700431829;0.0;0.23395034462272646;0.23640626492241817;0.326725261985656;0.25654682119915273;0.0;0.0;0.0;0.22374314557048924;0.0;0.2672471984561994;0.19694059100882855;0.0;0.0;0.0;0.3586370700431829;0.2564240254850354;0.42160723402565603;0.0;0.4396793153935017;0.34306965512009463;0.0;0.17552267843442942;0.2564240254850354;0.25654682119915273;0.36251463838110054;0.3970621362685169;0.49937864637660956;0.4644286180260787;0.0;0.4188364994972082;0.2564240254850354;0.0;0.3078974618538849;0.23923188436375753;0.0;0.3238654811388204;0.0;0.0;0.38815124402903367;0.0;0.3002374776279056;0.3234237203966521;0.36461901032051763;0.36956026407323855;0.24943908341599474;0.2814333528910592;0.44482596881195563;0.0;0.24943908341599474;0.0;0.22656154200654188;0.25654682119915273;0.3162114882716522;0.2199390760738622;0.2715886299751829;0.0;0.0;0.24943908341599474;0.3162114882716522;0.25654682119915273
GO:0090190;0.0;0.0;0.35771738824355703;0.36577891857161976;0.24007963235059676;0.45125153113408456;0.3138179532999968;0.0;0.2641846126864164;0.0;0.2969882883150799;0.49849837396607155;0.21955067411629325;0.42750527791583115;0.31809866954731103;0.41799062694135863;0.0;0.43735000083170744;0.49338510443351247;0.2641846126864164;0.36157582001963323;0.5995061297810208;0.40223863992204906;0.22276469551520156;1.0;0.3609671330158935;0.35027767465042614;0.3166183446805923;0.24007963235059676;0.0;0.3496036359357787;0.44959111615761477;0.45764973448309293;0.46808119611900145;0.3931299823676934;0.37453507371447936;0.4186174045679243;0.4186174045679243;0.3390825440972066;0.0;0.3820052876339983;0.25017334413755216;0.0;0.0;0.24375368312781975;0.26675402025138994;0.0;0.0;0.22276469551520156;0.0;0.0;0.2965030164646016;0.4017877395830074;0.3838460251210465;0.0;0.24007963235059676;0.0;0.0;0.27506183492194464;0.0;0.0;0.3889902297030389;0.2573411959899729;0.0;0.2773759731609016;0.3904701578177689;0.0;0.34216988119462693;0.0;0.41468876384229086;0.2199390760738622;0.3102580731371;0.3166183446805923;0.0;0.0;0.0;0.2969882883150799;0.0;0.34049234120079;0.2641846126864164;0.0;0.0;0.0;0.34216988119462693;0.35027767465042614;0.37483941986048686;0.0;0.32660246627153866;0.4204561154369294;0.0;0.17552267843442942;0.4849108611039184;0.3166183446805923;0.2595802278983844;0.2914302730053289;0.38095549710062515;0.5591917630540508;0.0;0.40447118590160364;0.4443349429007481;0.0;0.3623501975186763;0.424448976572424;0.0;0.49176763651209165;0.0;0.0;0.3716840551804777;0.0;0.2100943531579859;0.28732647518258375;0.34815182147196166;0.26062473252351964;0.43735000083170744;0.2814333528910592;0.3162603808967243;0.0;0.6984157058185709;0.0;0.2965030164646016;0.3166183446805923;0.20727595672193327;0.3063477393804779;0.2715886299751829;0.0;0.0;0.43735000083170744;0.19326468817306902;0.48405520676274805
GO:0045662;0.0;0.0;0.3613880594813454;0.3421671164406095;0.2733764861840696;0.3995861437706761;0.27289121433359137;0.0;0.22656154200654188;0.0;0.2733764861840696;0.4082139758478805;0.3548034883771946;0.2564240254850354;0.4634939224474593;0.37706388797495316;0.0;0.2662687484009117;0.3128162342764513;0.22656154200654188;0.4371639672080351;0.4115155174368844;0.3252146557415752;0.37533244661149806;0.3609671330158935;1.0;0.27325369046995235;0.2560615493486744;0.2733764861840696;0.0;0.5444626803870041;0.4259793140266045;0.43403793235208266;0.7851474704628364;0.35402944144341486;0.45293491957226245;0.41641580875559303;0.41641580875559303;0.39200945429619194;0.0;0.4657514336458028;0.21377025599374544;0.0;0.0;0.40316020457683227;0.31968093045037527;0.0;0.0;0.23959436050011845;0.0;0.0;0.2574024755403231;0.3799560874051637;0.36023422299003627;0.0;0.2733764861840696;0.0;0.0;0.29189149990686153;0.0;0.0;0.5250362954413597;0.32013805716557836;0.0;0.2942056381458185;0.3495434188513634;0.0;0.3754667350280998;0.0;0.2507800096076434;0.2672471984561994;0.34355492697057294;0.293006542549582;0.0;0.0;0.0;0.24057281055540614;0.0;0.29956560223438455;0.22656154200654188;0.0;0.0;0.0;0.3950967913936122;0.27325369046995235;0.33159756136396423;0.0;0.4791702173678352;0.3772142569404068;0.0;0.19235234341934632;0.3946264629857274;0.293006542549582;0.3948330421592858;0.431206738088829;0.5430108659231871;0.6897354077773428;0.0;0.636778541902489;0.27325369046995235;0.0;0.33873839538766604;0.42224738076009266;0.0;0.46690480371034376;0.0;0.0;0.4222958458493458;0.0;0.3325558814060908;0.3629146223709856;0.39693741409870287;0.40601998542366785;0.2662687484009117;0.29826301787597614;0.4843168707862891;0.0;0.38764152091668674;0.0;0.2574024755403231;0.293006542549582;0.3526712096220815;0.23676874105877915;0.28841829496009985;0.0;0.0;0.2662687484009117;0.3526712096220815;0.3836283700053101
GO:0001954;0.0;0.0;0.2830984133858286;0.39943824854145354;0.2737389623204306;0.35027767465042614;0.3474772832698307;0.0;0.29784394265625025;0.0;0.33064761828491374;0.39752451748241313;0.2532100040861271;0.3671073396353431;0.35175799951714487;0.4516499569111924;0.0;0.3769520625512193;0.4288458485807803;0.29784394265625025;0.39523514998946707;0.31111372747827043;0.4358979698918829;0.2564240254850354;0.35027767465042614;0.27325369046995235;1.0;0.35027767465042614;0.2737389623204306;0.0;0.38326296590561254;0.4832504461274486;0.4913090644529267;0.3671073396353431;0.42678931233752726;0.28027279394448923;0.3301623464344355;0.3301623464344355;0.37274187406704046;0.0;0.2844393395774772;0.49908939522086926;0.0;0.0;0.2774130130976536;0.3004133502212238;0.0;0.0;0.2564240254850354;0.0;0.0;0.3301623464344355;0.5360343884217769;0.4175053550908803;0.0;0.2737389623204306;0.0;0.0;0.3087211648917785;0.0;0.0;0.32422795727518133;0.2910005259598068;0.0;0.3110353031307354;0.6521774949138823;0.0;0.3758292111644607;0.0;0.3573220061857069;0.25359840604369605;0.3439174031069339;0.35027767465042614;0.0;0.0;0.0;0.33064761828491374;0.0;0.3741516711706238;0.5164043320562645;0.0;0.0;0.0;0.3758292111644607;0.38393700462026;0.4084987498303207;0.0;0.3602617962413725;0.45411544540676324;0.0;0.20918200840426326;0.38393700462026;0.35027767465042614;0.29323955786821826;0.3250896029751627;0.414614827070459;0.45895952215793995;0.0;0.3167577433556624;0.38393700462026;0.0;0.3960095274885101;0.5164043320562645;0.0;0.39796627822458136;0.0;0.0;0.4053433851503116;0.0;0.2437536831278198;0.3209858051524176;0.3818111514417955;0.2942840624933535;0.3769520625512193;0.31509268286089304;0.34991971086655815;0.0;0.3769520625512193;0.0;0.3301623464344355;0.35027767465042614;0.24093528669176711;0.3400070693503117;0.3052479599450168;0.0;0.0;0.3769520625512193;0.22692401814290286;0.3729389116398427
GO:0051496;0.0;0.0;0.2199390760738622;0.3853463028013737;0.22374314557048924;0.4444532380833098;0.33338533752975075;0.0;0.28375199691617037;0.0;0.31655567254483385;0.3638651875125793;0.22425102048386109;0.3334480096655092;0.32055458984700275;0.4375580111711126;0.0;0.3432927325813855;0.3951865186109465;0.28375199691617037;0.3780430088681892;0.27991031780812825;0.40223863992204906;0.41959223806198775;0.3166183446805923;0.2560615493486744;0.35027767465042614;1.0;0.22374314557048924;0.0;0.36607082478433467;0.4691585003873687;0.4772171187128469;0.35301539389526315;0.4126973665974474;0.26308065282321136;0.31607040069435555;0.31607040069435555;0.3382347961103674;0.0;0.2672471984561994;0.2697407283673061;0.0;0.0;0.2602208719763757;0.2659062722645507;0.0;0.0;0.19326468817306902;0.0;0.0;0.31607040069435555;0.33618572891034626;0.40341340935080044;0.0;0.22374314557048924;0.0;0.0;0.24825928036028394;0.0;0.0;0.27423214052524;0.2738083848385289;0.0;0.2505734185992409;0.41003754204752285;0.0;0.3258333944145194;0.0;0.3236626762158731;0.22361497890962173;0.2939215863569925;0.33618572891034626;0.0;0.0;0.0;0.31655567254483385;0.0;0.360059725430544;0.28375199691617037;0.0;0.0;0.0;0.3413221332077877;0.35027767465042614;0.5026743132632043;0.0;0.32758091632682634;0.44002349966668336;0.0;0.15286144144501296;0.35027767465042614;0.33618572891034626;0.26428057426595225;0.29510617584108845;0.3801077491137859;0.44176738103666213;0.0;0.29956560223438455;0.35027767465042614;0.0;0.38191758174843027;0.31655567254483385;0.0;0.38387433248450153;0.0;0.0;0.3726625052357654;0.0;0.22656154200654188;0.3037936640311397;0.3506077417716534;0.26308065282321136;0.3432927325813855;0.2444883596901516;0.3327275697452803;0.0;0.3432927325813855;0.0;0.31607040069435555;0.33618572891034626;0.209731877021625;0.3063477393804779;0.2346436367742753;0.0;0.0;0.3432927325813855;0.209731877021625;0.35884696589976284
GO:0048013;0.0;0.0;0.26675402025138994;0.3080225146202974;0.5552991675579886;0.25654682119915273;0.2560615493486744;0.4024070004238523;0.209731877021625;0.42908138832464554;0.23923188436375753;0.28732647518258375;0.24880914897764567;0.25690929733551365;0.3500545971891353;0.36023422299003627;0.0;0.26675402025138994;0.3156166256570468;0.209731877021625;0.6400331862090207;0.3094103251502608;0.3256999275920535;0.25654682119915273;0.24007963235059676;0.2733764861840696;0.2737389623204306;0.22374314557048924;1.0;0.48197631774948707;0.3857008811498471;0.386488412052271;0.3945470303777492;0.2733764861840696;0.33719977645849797;0.2770919213720756;0.24057281055540614;0.24057281055540614;0.6543020793045984;0.4122517233397286;0.28273593724946766;0.19694059100882855;0.3855773354389354;0.3855773354389354;0.27423214052524;0.3028512654654583;0.4122517233397286;0.2610185749042658;0.24007963235059676;0.4024070004238523;0.0;0.24057281055540614;0.25654682119915273;0.32791581921185103;0.4849883252655831;0.5552991675579886;0.0;0.28863536137074036;0.32749556691612053;0.297295455479691;0.3441416964251768;0.4512246330540855;0.3206233290160566;0.0;0.3298097051550775;0.3327137538664465;0.41923666540876925;0.6573894164020186;0.0;0.24943908341599474;0.2504175334712824;0.5887154393264875;0.25654682119915273;0.29473729434033974;0.41923666540876925;0.4122517233397286;0.23923188436375753;0.41923666540876925;0.28273593724946766;0.209731877021625;0.0;0.0;0.43606633039368614;0.42773091795977247;0.2737389623204306;0.3147678963790473;0.30714017839556723;0.36038459195548983;0.36038459195548983;0.3855773354389354;0.2178139717893584;0.2737389623204306;0.25654682119915273;0.31833871010186937;0.32190873040274914;0.4170527423146935;0.4644286180260787;0.0;0.31688053906977975;0.2737389623204306;0.3855773354389354;0.35471240603141263;0.23923188436375753;0.26806290643954656;0.46805429803900245;0.0;0.4928671133341394;0.40546618086442887;0.4617073676978904;0.24057281055540614;0.5657838413719714;0.3801077491137859;0.2925806601653439;0.26675402025138994;0.40599211342572883;0.34821630853854857;0.0;0.3358478681679795;0.32980920516080564;0.24057281055540614;0.25654682119915273;0.23923188436375753;0.23395034462272646;0.39614739050985254;0.26806290643954656;0.4389261112405218;0.26675402025138994;0.22374314557048924;0.27617687756466514
GO:0030098;0.5427739549931616;0.5596036199780785;0.0;0.0;0.48197631774948707;0.0;0.0;0.6133621884936651;0.0;0.6750874098372331;0.0;0.0;0.0;0.0;0.0;0.0;0.39858513809297963;0.0;0.0;0.0;0.6034725054185235;0.0;0.0;0.0;0.0;0.0;0.0;0.0;0.48197631774948707;1.0;0.0;0.0;0.0;0.0;0.0;0.0;0.0;0.0;0.5809792294960969;0.753224269193044;0.0;0.0;0.631583356951523;0.5965325235087482;0.0;0.0;0.6582577448523161;0.35741755721481744;0.0;0.6133621884936651;0.5427739549931616;0.0;0.0;0.0;0.7259062653542492;0.48197631774948707;0.5427739549931616;0.3677194068458968;0.0;0.3763795009548474;0.6229513935664279;0.0;0.0;0.6189039872521167;0.0;0.0;0.6652426869213568;0.5840665665935172;0.6178633121425063;0.0;0.0;0.5521547585359903;0.0;0.3911362766508914;0.5156356477193209;0.6232069114095413;0.0;0.630191853478582;0.0;0.0;0.0;0.0;0.5324653127042378;0.0;0.0;0.0;0.3862242238707237;0.0;0.0;0.631583356951523;0.0;0.0;0.0;0.0;0.0;0.0;0.0;0.5427739549931616;0.0;0.0;0.48197631774948707;0.0;0.0;0.34714695191470296;0.0;0.0;0.589266095644691;0.0;0.6726625557677032;0.0;0.5292231605814741;0.0;0.0;0.0;0.0;0.0;0.664227145875052;0.5271570495390259;0.7344813037005677;0.0;0.0;0.0;0.0;0.0;0.36446188875009816;0.5353250935510734;0.0;0.0;0.0
GO:0008285;0.0;0.0;0.47674363507102696;0.4544915114063869;0.3857008811498471;0.3857008811498471;0.3829004897692516;0.0;0.3332671491556712;0.0;0.5982694790299994;0.3968504787677657;0.4648127638128548;0.36643330092069565;0.5788494980371408;0.48707316341061335;0.0;0.3762780238365719;0.4251406292422287;0.3332671491556712;0.5566608603699608;0.436249265570838;0.43522393117723546;0.4948293397734237;0.3496036359357787;0.5444626803870041;0.38326296590561254;0.36607082478433467;0.3857008811498471;0.0;1.0;0.7836759825011977;0.5535348255140082;0.4251917831241806;0.4622125188369482;0.41941960058592104;0.3829004897692516;0.3829004897692516;0.5073650298858735;0.0;0.42920493403555715;0.5118606942780146;0.0;0.0;0.5185157801665139;0.43503650604005684;0.0;0.0;0.3496036359357787;0.0;0.0;0.5656353524638391;0.36607082478433467;0.47024349842569646;0.0;0.3857008811498471;0.0;0.0;0.40007457730039486;0.0;0.0;0.49585454317709726;0.4301473326012386;0.0;0.4023887155393518;0.4595526942870236;0.0;0.4877911299938772;0.0;0.3589630870011767;0.37543027584973265;0.4558793219363504;0.6310731546586629;0.0;0.0;0.0;0.34875588794893947;0.0;0.40957487767004475;0.5291756311134098;0.0;0.0;0.0;0.5104523669832938;0.38326296590561254;0.44392195632974163;0.0;0.5986671105297607;0.4895386519061842;0.0;0.2978379680324078;0.38326296590561254;0.40836211813926365;0.5048423175949459;0.5435311330546064;0.6685088801521155;0.6335588518015847;0.0;0.5879667332727142;0.38326296590561254;0.0;0.4469214727811993;0.3857008811498471;0.0;0.4530195410895147;0.0;0.0;0.5346202408151233;0.0;0.4425651568417511;0.48241151553291123;0.5069466895343631;0.5213755610133495;0.3762780238365719;0.4136185934656577;0.6038137639482147;0.0;0.3762780238365719;0.0;0.3655855529338564;0.6310731546586629;0.4680267852117631;0.3434743482079084;0.4037738705497815;0.0;0.0;0.3762780238365719;0.4680267852117631;0.6310731546586629
GO:0008284;0.0;0.0;0.37706555473899583;0.5647516852055692;0.386488412052271;0.4959610549490293;0.4859881653722856;0.0;0.42686720703243974;0.0;0.7281847117768169;0.49683795898960176;0.3731319520141158;0.46642078114253166;0.4776810685121364;0.5674996020242309;0.0;0.47626550405840795;0.532300607660213;0.42686720703243974;0.5574483912723847;0.4370367964732619;0.5352114113990716;0.386488412052271;0.44959111615761477;0.4259793140266045;0.4832504461274486;0.4691585003873687;0.386488412052271;0.0;0.7836759825011977;1.0;0.6894261767457058;0.5455943955626097;0.5403238379204485;0.420207131488345;0.4859881653722856;0.4859881653722856;0.5081525607882975;0.0;0.42999246493798116;0.6036259512421472;0.0;0.0;0.41734735064150935;0.4358240369424808;0.0;0.0;0.35039116683820265;0.0;0.0;0.6699194077781413;0.4691585003873687;0.5733311740287306;0.0;0.386488412052271;0.0;0.0;0.4008621082028188;0.0;0.0;0.43697740700702176;0.4309348635036625;0.0;0.4031762464417758;0.5626403698900577;0.0;0.4885786608963012;0.0;0.4536042670689914;0.3762178067521566;0.4566668528387743;0.7877909419671411;0.0;0.0;0.0;0.44649726339795215;0.0;0.5126625532730789;0.6262871882315638;0.0;0.0;0.0;0.5112398978857178;0.4832504461274486;0.5541821301289238;0.0;0.4903261828086081;0.5997988257053664;0.0;0.29862549893483176;0.4832504461274486;0.5287647305776928;0.413161505796207;0.4477090036836233;0.550025513791716;0.6343463827040087;0.0;0.4694833669123146;0.4832504461274486;0.0;0.544662848230212;0.4959610549490293;0.0;0.5364771603270364;0.0;0.0;0.5354077717175472;0.0;0.3836880206716755;0.4831990464353352;0.507734220436787;0.420207131488345;0.47626550405840795;0.41440612436808166;0.49547283622706206;0.0;0.47626550405840795;0.0;0.46332692838286904;0.7877909419671411;0.3668583556867586;0.43397421070347897;0.40456140145220537;0.0;0.0;0.47626550405840795;0.3668583556867586;0.7877909419671411
GO:0045787;0.0;0.0;0.38512417306447394;0.5728103035310472;0.3945470303777492;0.5040196732745075;0.4940467836977638;0.0;0.4349258253579179;0.0;0.5040196732745075;0.50489657731508;0.3811905703395939;0.4744793994680098;0.4857396868376145;0.5755582203497089;0.0;0.48432412238388606;0.5403592259856911;0.4349258253579179;0.5655070095978628;0.44509541479874004;0.5432700297245496;0.3945470303777492;0.45764973448309293;0.43403793235208266;0.4913090644529267;0.4772171187128469;0.3945470303777492;0.0;0.5535348255140082;0.6894261767457058;1.0;0.5536530138880879;0.5483824562459266;0.42826574981382315;0.4940467836977638;0.4940467836977638;0.5162111791137756;0.0;0.43805108326345926;0.4176108885225227;0.0;0.0;0.6096629584977011;0.4438826552679589;0.0;0.0;0.3584497851636808;0.0;0.0;0.4713855467083472;0.4772171187128469;0.5813897923542086;0.0;0.3945470303777492;0.0;0.0;0.408920726528297;0.0;0.0;0.44503602533249986;0.43899348182914066;0.0;0.4112348647672539;0.5706989882155358;0.0;0.4966372792217793;0.0;0.4616628853944695;0.3842764250776347;0.46472547116425245;0.536823348903171;0.0;0.0;0.0;0.4545558817234303;0.0;0.5207211715985569;0.4349258253579179;0.0;0.0;0.0;0.5192985162111958;0.4913090644529267;0.562240748454402;0.0;0.49838480113408623;0.6078574440308445;0.0;0.3066841172603099;0.4913090644529267;0.536823348903171;0.4212201241216851;0.4557676220091014;0.5580841321171941;0.6424050010294868;0.0;0.4775419852377928;0.4913090644529267;0.0;0.5527214665556901;0.5040196732745075;0.0;0.5445357786525145;0.0;0.0;0.5434663900430253;0.0;0.3917466389971537;0.49125766476081334;0.5157928387622651;0.42826574981382315;0.48432412238388606;0.42246474269355977;0.5035314545525402;0.0;0.48432412238388606;0.0;0.4713855467083472;0.536823348903171;0.3749169740122368;0.4420328290289571;0.41262001977768353;0.0;0.0;0.48432412238388606;0.3749169740122368;0.536823348903171
GO:0045663;0.0;0.0;0.2662687484009117;0.4444672611412196;0.2733764861840696;0.5049006830816913;0.3698450588801801;0.0;0.31607040069435555;0.0;0.37567663088467973;0.5153280389509884;0.2656388139625626;0.35027767465042614;0.36688426217405223;0.4543876761560295;0.0;0.36012239756630243;0.4120161835958634;0.31607040069435555;0.4371639672080351;0.4115155174368844;0.41906830490696595;0.2733764861840696;0.46808119611900145;0.7851474704628364;0.3671073396353431;0.35301539389526315;0.2733764861840696;0.0;0.4251917831241806;0.5455943955626097;0.5536530138880879;1.0;0.42952703158236427;0.45293491957226245;0.5217303480666083;0.5217303480666083;0.39200945429619194;0.0;0.4657514336458028;0.30058166190108726;0.0;0.0;0.3065505443034252;0.31968093045037527;0.0;0.0;0.23959436050011845;0.0;0.0;0.3502150025146677;0.4780981285200308;0.457188067536625;0.0;0.2733764861840696;0.0;0.0;0.29189149990686153;0.0;0.0;0.43044508235991447;0.32013805716557836;0.0;0.2942056381458185;0.44649726339795215;0.0;0.3754667350280998;0.0;0.34049234120079;0.2672471984561994;0.34355492697057294;0.4024791854463403;0.0;0.0;0.0;0.33338533752975075;0.0;0.3965194467809733;0.31607040069435555;0.0;0.0;0.0;0.3950967913936122;0.3671073396353431;0.43389770606457434;0.0;0.3772142569404068;0.4795144016410169;0.0;0.19235234341934632;0.5017405260888353;0.4024791854463403;0.3056683677446538;0.33873839538766604;0.4338824072996105;0.6897354077773428;0.0;0.5093836531923803;0.3671073396353431;0.0;0.43155092236201065;0.5377043587103549;0.0;0.5722193430213591;0.0;0.0;0.4222958458493458;0.0;0.27289121433359137;0.3629146223709856;0.39693741409870287;0.3094103251502608;0.36012239756630243;0.29826301787597614;0.38236091035886066;0.0;0.4947555840197947;0.0;0.3502150025146677;0.4024791854463403;0.2560615493486744;0.3231774043653948;0.28841829496009985;0.0;0.0;0.36012239756630243;0.2560615493486744;0.5008848717476649
GO:0045944;0.0;0.0;0.33339570696187093;0.5824148931734237;0.33719977645849797;0.4126973665974474;0.414038292789096;0.0;0.46119053092270784;0.0;0.3972086278041791;0.4403768251996804;0.4039056427661037;0.4099596473526103;0.7226455772923279;0.890556768716477;0.0;0.4198043702684866;0.46635185614402624;0.46119053092270784;0.4741847029208027;0.38057566268334053;0.4787502776091502;0.3231885079096337;0.3931299823676934;0.35402944144341486;0.42678931233752726;0.4126973665974474;0.33719977645849797;0.0;0.4622125188369482;0.5403238379204485;0.5483824562459266;0.42952703158236427;1.0;0.36374599769842364;0.40002702424023173;0.40002702424023173;0.4362026882051078;0.0;0.36669256079534385;0.35863923076153026;0.0;0.0;0.360886216851588;0.36387416435929115;0.0;0.0;0.30672131906107775;0.0;0.0;0.40002702424023173;0.4126973665974474;0.5981668801927331;0.0;0.33719977645849797;0.0;0.0;0.36171591124829267;0.0;0.0;0.3876887714132487;0.46747427566963573;0.0;0.36403004948724965;0.4906904973068681;0.0;0.43929002530252814;0.0;0.4043156314752183;0.3253047673166423;0.40737821724500123;0.4126973665974474;0.0;0.0;0.0;0.3972086278041791;0.0;0.4407126806898892;0.3704060732425184;0.0;0.0;0.0;0.43929002530252814;0.42678931233752726;0.47091844177734193;0.0;0.4270262786659708;0.5165351373537845;0.0;0.2663180723330217;0.42678931233752726;0.4126973665974474;0.46849332504197944;0.7683667324846346;0.47807564120852636;0.5355939555591585;0.0;0.397533494329125;0.42678931233752726;0.0;0.5402774974542128;0.3972086278041791;0.0;0.4645272877438468;0.0;0.0;0.8030335174871553;0.0;0.39342487827598804;0.39993535808375325;0.8706832425927273;0.36374599769842364;0.4198043702684866;0.3579449905781603;0.43217293208442475;0.0;0.4198043702684866;0.0;0.47802019590762473;0.4126973665974474;0.31039722189683727;0.39030436292635406;0.348100267662284;0.0;0.0;0.4198043702684866;0.31039722189683727;0.4300123034328426
GO:0033081;0.0;0.0;0.3586324320509675;0.3458825516286155;0.2770919213720756;0.39916026138643795;0.27991031780812825;0.0;0.23852252432942678;0.0;0.2770919213720756;0.42178191654646635;0.27759979628544745;0.3487877091350912;0.3739033656485891;0.3840829914494901;0.0;0.3586324320509675;0.40335371988438024;0.23852252432942678;0.43139178466977557;0.4447135145009826;0.33223375921611215;0.2770919213720756;0.37453507371447936;0.45293491957226245;0.28027279394448923;0.26308065282321136;0.2770919213720756;0.0;0.41941960058592104;0.420207131488345;0.42826574981382315;0.45293491957226245;0.36374599769842364;1.0;0.6167145569635666;0.5492653592792758;0.39158357191195375;0.0;0.5986009841694856;0.529085390214539;0.0;0.0;0.3135696477779621;0.5488889681654027;0.0;0.0;0.3735620248206978;0.0;0.0;0.5253934689584948;0.6483624914439334;0.36725332646457315;0.0;0.2770919213720756;0.0;0.0;0.3016080561618703;0.0;0.0;0.4341605175479204;0.32715716064011524;0.0;0.3039221944008273;0.7048347268969687;0.0;0.3791821702161058;0.0;0.34462116350210326;0.2769637547112081;0.34727036215857887;0.2925806601653439;0.0;0.0;0.0;0.3735620248206978;0.0;0.3065847057089215;0.5517466272039556;0.0;0.0;0.0;0.39467090900937407;0.39321008624166737;0.33531299655197017;0.0;0.3809296921284127;0.3809296921284127;0.0;0.20621021724659933;0.3942005806014892;0.2925806601653439;0.3176293500675386;0.3484549516426748;0.4334565249153723;0.6511595496104197;0.0;0.4964389724579726;0.36561737412000817;0.0;0.3484549516426748;0.5464649678986804;0.0;0.46647892132610563;0.0;0.0;0.42601128103735175;0.0;0.27991031780812825;0.3571424398327261;0.40395651757323975;0.3164294286247977;0.3586324320509675;0.29783713549173796;0.38607634554686665;0.0;0.41852439845066775;0.0;0.2671190317953318;0.2925806601653439;0.26308065282321136;0.3862251441726267;0.28799241257586167;0.0;0.0;0.3586324320509675;0.26308065282321136;0.39185001054987456
GO:0032825;0.0;0.0;0.3376020600275664;0.4021759677862906;0.24057281055540614;0.45543689153061423;0.3329000656792725;0.0;0.286570393352223;0.0;0.33338533752975075;0.4658642473999113;0.24108068546877803;0.4216737059113315;0.3373842548319197;0.421584000527366;0.0;0.4315184288272078;0.4834122148567688;0.286570393352223;0.3948726738531061;0.4081944036843132;0.38212331170605834;0.24057281055540614;0.4186174045679243;0.41641580875559303;0.3301623464344355;0.31607040069435555;0.24057281055540614;0.0;0.3829004897692516;0.4859881653722856;0.4940467836977638;0.5217303480666083;0.40002702424023173;0.6167145569635666;1.0;0.6155588158152698;0.35506446109528433;0.0;0.5620818733528161;0.5230916092019958;0.0;0.0;0.27705053696129267;0.5123698573487332;0.0;0.0;0.3370429140040283;0.0;0.0;0.7851474704628364;0.6495182325922301;0.4202430743357174;0.0;0.24057281055540614;0.0;0.0;0.26508894534520083;0.0;0.0;0.397641406731251;0.2906380498234458;0.0;0.2674030835841578;0.6988409458844255;0.0;0.3426630593994363;0.0;0.4118883724616954;0.24044464389453868;0.31075125134190945;0.35301539389526315;0.0;0.0;0.0;0.4152324418647268;0.0;0.3595744535800657;0.5457528461914124;0.0;0.0;0.0;0.3581517981927046;0.4315768349991655;0.39160641270964536;0.0;0.3444105813117433;0.4372231082860879;0.0;0.16969110642992985;0.4522767345377582;0.35301539389526315;0.2811102392508692;0.31193584082600534;0.39693741409870287;0.6146404387937503;0.0;0.4599198616413031;0.43850337089624847;0.0;0.39874724673334716;0.589912002401906;0.0;0.522755551470282;0.0;0.0;0.38949217022068233;0.0;0.24339120699145883;0.3206233290160566;0.36743740675657033;0.27991031780812825;0.4315184288272078;0.26131802467506854;0.3495572347301972;0.0;0.44529179246871753;0.0;0.3174113268860042;0.35301539389526315;0.22656154200654188;0.42459189293012484;0.25147330175919225;0.0;0.0;0.4315184288272078;0.22656154200654188;0.44127864155734087
GO:0045672;0.0;0.0;0.3376020600275664;0.4021759677862906;0.24057281055540614;0.45543689153061423;0.3329000656792725;0.0;0.286570393352223;0.0;0.33338533752975075;0.4658642473999113;0.24108068546877803;0.4216737059113315;0.3373842548319197;0.421584000527366;0.0;0.4315184288272078;0.4834122148567688;0.286570393352223;0.3948726738531061;0.4081944036843132;0.38212331170605834;0.24057281055540614;0.4186174045679243;0.41641580875559303;0.3301623464344355;0.31607040069435555;0.24057281055540614;0.0;0.3829004897692516;0.4859881653722856;0.4940467836977638;0.5217303480666083;0.40002702424023173;0.5492653592792758;0.6155588158152698;1.0;0.35506446109528433;0.0;0.8714280885539538;0.36841749768719906;0.0;0.0;0.27705053696129267;0.39652097753348503;0.0;0.0;0.3370429140040283;0.0;0.0;0.41474717001424855;0.5719265962686924;0.4202430743357174;0.0;0.24057281055540614;0.0;0.0;0.26508894534520083;0.0;0.0;0.397641406731251;0.2906380498234458;0.0;0.2674030835841578;0.5087143113674157;0.0;0.3426630593994363;0.0;0.4118883724616954;0.24044464389453868;0.31075125134190945;0.35301539389526315;0.0;0.0;0.0;0.4152324418647268;0.0;0.3595744535800657;0.3824287662360633;0.0;0.0;0.0;0.3581517981927046;0.4315768349991655;0.39160641270964536;0.0;0.3444105813117433;0.4372231082860879;0.0;0.16969110642992985;0.4522767345377582;0.35301539389526315;0.2811102392508692;0.31193584082600534;0.39693741409870287;0.6146404387937503;0.0;0.4599198616413031;0.43850337089624847;0.0;0.39874724673334716;0.5719265962686924;0.0;0.522755551470282;0.0;0.0;0.38949217022068233;0.0;0.24339120699145883;0.3206233290160566;0.36743740675657033;0.27991031780812825;0.4315184288272078;0.26131802467506854;0.3495572347301972;0.0;0.44529179246871753;0.0;0.3174113268860042;0.35301539389526315;0.22656154200654188;0.42459189293012484;0.25147330175919225;0.0;0.0;0.4315184288272078;0.22656154200654188;0.44127864155734087
GO:0019221;0.0;0.0;0.3657569319979998;0.4243403632023024;0.7990995647081371;0.3555497329457626;0.35506446109528433;0.5014099121704623;0.30873478876823485;0.5280843000712554;0.3555497329457626;0.3863293869291936;0.3478120607242555;0.35591220908212357;0.44905750893574514;0.45923713473664607;0.0;0.3657569319979998;0.4146195374036566;0.30873478876823485;0.7390360979556306;0.4084132368968707;0.4247028393386634;0.3555497329457626;0.3390825440972066;0.39200945429619194;0.37274187406704046;0.3382347961103674;0.6543020793045984;0.5809792294960969;0.5073650298858735;0.5081525607882975;0.5162111791137756;0.39200945429619194;0.4362026882051078;0.39158357191195375;0.35506446109528433;0.35506446109528433;1.0;0.5112546350863385;0.39905378583147266;0.2959435027554384;0.48458024718554527;0.48458024718554527;0.3887237910651181;0.4018541772120682;0.5112546350863385;0.36002148665087563;0.3390825440972066;0.5014099121704623;0.0;0.33957572230201605;0.3555497329457626;0.4424074697517292;0.5839912370121929;0.7990995647081371;0.0;0.3876382731173502;0.4264984786627304;0.3962983672263008;0.44314460817178664;0.5502275448006954;0.4196262407626665;0.0;0.4288126169016873;0.4317166656130563;0.5182395771553792;0.7563923281486284;0.0;0.3484419951626046;0.3494204452178923;0.6877183510730975;0.375179789311275;0.3937402060869496;0.5182395771553792;0.5112546350863385;0.3382347961103674;0.5182395771553792;0.38173884899607746;0.30873478876823485;0.0;0.0;0.535069242140296;0.5267338297063823;0.37274187406704046;0.41377080812565714;0.4061430901421771;0.4593875037020997;0.4593875037020997;0.48458024718554527;0.31681688353596826;0.37274187406704046;0.375179789311275;0.4173416218484792;0.42091164214935894;0.5160556540613034;0.5902340843343491;0.0;0.435513507181902;0.37274187406704046;0.48458024718554527;0.45371531777802243;0.3555497329457626;0.3670658181861564;0.5670572097856122;0.0;0.5918700250807492;0.5044690926110388;0.5607102794445002;0.35506446109528433;0.6647867531185812;0.4791106608603958;0.39158357191195375;0.3657569319979998;0.5049950251723387;0.4645341571205536;0.0;0.43485077991458937;0.42881211690741544;0.33957572230201605;0.375179789311275;0.3382347961103674;0.3329532563693363;0.49515030225646245;0.3670658181861564;0.5379290229871316;0.3657569319979998;0.3382347961103674;0.375179789311275
GO:0043011;0.4730493605834032;0.48987902556832014;0.0;0.0;0.4122517233397286;0.0;0.0;0.5436375940839067;0.0;0.6053628154274746;0.0;0.0;0.0;0.0;0.0;0.0;0.32886054368322115;0.0;0.0;0.0;0.5337479110087651;0.0;0.0;0.0;0.0;0.0;0.0;0.0;0.4122517233397286;0.753224269193044;0.0;0.0;0.0;0.0;0.0;0.0;0.0;0.0;0.5112546350863385;1.0;0.0;0.0;0.5618587625417646;0.5268079290989898;0.0;0.0;0.5885331504425577;0.28769296280505896;0.0;0.5436375940839067;0.4730493605834032;0.0;0.0;0.0;0.6561816709444908;0.4122517233397286;0.4730493605834032;0.29799481243613835;0.0;0.3066549065450889;0.5204231235280059;0.0;0.0;0.5491793928423582;0.0;0.0;0.5955180925115984;0.5143419721837588;0.5481387177327479;0.0;0.0;0.4824301641262319;0.0;0.3214116822411329;0.44591105330956243;0.5534823169997829;0.0;0.5604672590688236;0.0;0.0;0.0;0.0;0.4627407182944793;0.0;0.0;0.0;0.3164996294609652;0.0;0.0;0.5618587625417646;0.0;0.0;0.0;0.0;0.0;0.0;0.0;0.4730493605834032;0.0;0.0;0.4122517233397286;0.0;0.0;0.27742235750494454;0.0;0.0;0.5195415012349325;0.0;0.6029379613579446;0.0;0.4594985661717156;0.0;0.0;0.0;0.0;0.0;0.5945025514652936;0.4574324551292674;0.5917512260695383;0.0;0.0;0.0;0.0;0.0;0.29473729434033974;0.46560049914131496;0.0;0.0;0.0
GO:0045670;0.0;0.0;0.3642764479283595;0.35152656750600747;0.28273593724946766;0.4066304753059569;0.28407686344111627;0.0;0.24044464389453868;0.0;0.28273593724946766;0.4292521304659853;0.2795219158505593;0.35443172501248327;0.3780699112815771;0.38824953708247806;0.0;0.3642764479283595;0.41082393380389914;0.24044464389453868;0.44117711811941174;0.4521837284205016;0.33640030484910016;0.28273593724946766;0.3820052876339983;0.4657514336458028;0.2844393395774772;0.2672471984561994;0.28273593724946766;0.0;0.42920493403555715;0.42999246493798116;0.43805108326345926;0.4657514336458028;0.36669256079534385;0.5986009841694856;0.5620818733528161;0.8714280885539538;0.39905378583147266;0.0;1.0;0.33691474734316085;0.0;0.0;0.31773619341095005;0.44282542179979056;0.0;0.0;0.37920604069808983;0.0;0.0;0.38054696688973844;0.5225909713784826;0.3714198720975611;0.0;0.28273593724946766;0.0;0.0;0.3045546192587905;0.0;0.0;0.4398045334253124;0.33132370627310326;0.0;0.30686875749774745;0.47268791020077877;0.0;0.3848261860934978;0.0;0.3487877091350912;0.27991031780812825;0.3529143780359709;0.30005087408486286;0.0;0.0;0.0;0.37920604069808983;0.0;0.31075125134190945;0.3497060333559573;0.0;0.0;0.0;0.402141122928893;0.39737663187465533;0.34095701242936216;0.0;0.3865737080058047;0.3865737080058047;0.0;0.20725988883915142;0.4016707945210081;0.30005087408486286;0.31955146963265046;0.35140151473959497;0.4409267388348912;0.6741185023232069;0.0;0.5092554865315129;0.37126138999740016;0.0;0.35140151473959497;0.5225909713784826;0.0;0.47394913524562454;0.0;0.0;0.4316552969147438;0.0;0.28407686344111627;0.36692777328236226;0.4081230632062277;0.32059597425778574;0.3642764479283595;0.30530734941125687;0.3917203614242587;0.0;0.42830973190030386;0.0;0.270065594892252;0.30005087408486286;0.2672471984561994;0.3903916898056147;0.29546262649538063;0.0;0.0;0.3642764479283595;0.2672471984561994;0.40163534399951073
GO:0051142;0.0;0.0;0.19538094758007762;0.338531358623846;0.19694059100882855;0.2697407283673061;0.27377910733942656;0.0;0.2342882053650932;0.0;0.5709550918668198;0.29742018696953915;0.19372656960992024;0.26700300912246905;0.28510206684478984;0.3779517809807884;0.0;0.27684773203834534;0.32009154962735403;0.2342882053650932;0.33122806469066146;0.24445779480591534;0.3357936393790089;0.1851737485278404;0.25017334413755216;0.21377025599374544;0.49908939522086926;0.2697407283673061;0.19694059100882855;0.0;0.5118606942780146;0.6036259512421472;0.4176108885225227;0.30058166190108726;0.35863923076153026;0.529085390214539;0.5230916092019958;0.36841749768719906;0.2959435027554384;0.0;0.33691474734316085;1.0;0.0;0.0;0.2247683489741628;0.4532488990088873;0.0;0.0;0.2934106944574507;0.0;0.0;0.6520779266319394;0.5496349837137917;0.36112211599587146;0.0;0.19694059100882855;0.0;0.0;0.22559804337086747;0.0;0.0;0.24742958596357928;0.23835586183631596;0.0;0.22791218160982446;0.7027230834068048;0.0;0.2990308398528587;0.0;0.2640564460255489;0.19081130328095824;0.2671190317953318;0.47368436038902895;0.0;0.0;0.0;0.3655991012511464;0.0;0.3004534952402198;0.6843910790276186;0.0;0.0;0.0;0.2990308398528587;0.385247162672116;0.32796180354720067;0.0;0.2890115192841775;0.3735784991236432;0.0;0.13323138507950044;0.283832674107386;0.28375199691617037;0.2337561233920114;0.26230250021242496;0.33781645575885694;0.38933364904248624;0.0;0.25727430887945557;0.283832674107386;0.0;0.34334818470578143;0.5420473648463308;0.0;0.32426810229417735;0.0;0.0;0.33409310819311655;0.0;0.19110901900432897;0.256978719853612;0.31515521876944047;0.22762812982099845;0.27684773203834534;0.21498835234801905;0.29415817270263145;0.0;0.27684773203834534;0.0;0.2620122648584384;0.47368436038902895;0.17427935401941208;0.37826222060307535;0.20514362943214276;0.0;0.0;0.27684773203834534;0.17427935401941208;0.47368436038902895
GO:0001649;0.44637497268261;0.4632046376675269;0.0;0.0;0.3855773354389354;0.0;0.0;0.5169632061831134;0.0;0.5786884275266815;0.0;0.0;0.0;0.0;0.0;0.0;0.30218615578242797;0.0;0.0;0.0;0.5070735231079719;0.0;0.0;0.0;0.0;0.0;0.0;0.0;0.3855773354389354;0.631583356951523;0.0;0.0;0.0;0.0;0.0;0.0;0.0;0.0;0.48458024718554527;0.5618587625417646;0.0;0.0;1.0;0.5001335411981965;0.0;0.0;0.5618587625417646;0.2610185749042658;0.0;0.5169632061831134;0.44637497268261;0.0;0.0;0.0;0.4849883252655831;0.3855773354389354;0.44637497268261;0.27132042453534516;0.0;0.2799805186442958;0.5688437046108052;0.0;0.0;0.5225050049415649;0.0;0.0;0.5688437046108052;0.4876675842829656;0.0;0.0;0.0;0.45575577622543867;0.0;0.29473729434033974;0.41923666540876925;0.5268079290989898;0.0;0.5337928711680304;0.0;0.0;0.0;0.0;0.43606633039368614;0.0;0.0;0.0;0.28982524156017203;0.0;0.0;0.5351843746409715;0.0;0.0;0.0;0.0;0.0;0.0;0.0;0.44637497268261;0.0;0.0;0.3855773354389354;0.0;0.0;0.25074796960415136;0.0;0.0;0.4928671133341394;0.0;0.5762635734571515;0.0;0.4328241782709224;0.0;0.0;0.0;0.0;0.0;0.0;0.3979543915998107;0.32980920516080564;0.0;0.0;0.0;0.0;0.0;0.26806290643954656;0.4389261112405218;0.0;0.0;0.0
GO:0034446;0.44637497268261;0.4632046376675269;0.0;0.0;0.3855773354389354;0.0;0.0;0.5169632061831134;0.0;0.5436375940839067;0.0;0.0;0.0;0.0;0.0;0.0;0.30218615578242797;0.0;0.0;0.0;0.5070735231079719;0.0;0.0;0.0;0.0;0.0;0.0;0.0;0.3855773354389354;0.5965325235087482;0.0;0.0;0.0;0.0;0.0;0.0;0.0;0.0;0.48458024718554527;0.5268079290989898;0.0;0.0;0.5001335411981965;1.0;0.0;0.0;0.5268079290989898;0.2610185749042658;0.0;0.5169632061831134;0.5201671426053232;0.0;0.0;0.0;0.4849883252655831;0.3855773354389354;0.44637497268261;0.28863536137074036;0.0;0.297295455479691;0.4915015778131014;0.0;0.0;0.5962971748642782;0.0;0.0;0.5337928711680304;0.4876675842829656;0.0;0.0;0.0;0.45575577622543867;0.0;0.29473729434033974;0.5108609491016987;0.5268079290989898;0.0;0.6981393646914162;0.0;0.0;0.0;0.0;0.43606633039368614;0.0;0.0;0.0;0.30714017839556723;0.0;0.0;0.5001335411981965;0.0;0.0;0.0;0.0;0.0;0.0;0.0;0.44637497268261;0.0;0.0;0.3855773354389354;0.0;0.0;0.26806290643954656;0.0;0.0;0.4928671133341394;0.0;0.5762635734571515;0.0;0.4328241782709224;0.0;0.0;0.0;0.0;0.0;0.0;0.4307580672284742;0.32980920516080564;0.0;0.0;0.0;0.0;0.0;0.26806290643954656;0.4389261112405218;0.0;0.0;0.0
GO:2000134;0.0;0.0;0.35810239625027157;0.3430227707817798;0.27423214052524;0.27423214052524;0.27705053696129267;0.0;0.23566274348259114;0.0;0.27423214052524;0.29100052595980674;0.35896281100489585;0.2605833481127367;0.4602082592163855;0.3812232106026544;0.0;0.27042807102861294;0.3136718886176216;0.23566274348259114;0.42853200382293993;0.33039931276287904;0.3293739783692765;0.3667004832264029;0.24375368312781975;0.40316020457683227;0.2774130130976536;0.2602208719763757;0.27423214052524;0.0;0.5185157801665139;0.41734735064150935;0.6096629584977011;0.3065505443034252;0.360886216851588;0.3135696477779621;0.27705053696129267;0.27705053696129267;0.3887237910651181;0.0;0.31773619341095005;0.2247683489741628;0.0;0.0;1.0;0.31639526721930145;0.0;0.0;0.24375368312781975;0.0;0.0;0.2642592509484962;0.2602208719763757;0.3643935456177375;0.0;0.27423214052524;0.0;0.0;0.2987482753150347;0.0;0.0;0.38438580255249016;0.32429737979327966;0.0;0.3010624135539916;0.35370274147906466;0.0;0.3763223893692701;0.0;0.2576367850158165;0.27410397386437246;0.3444105813117433;0.28972087931850826;0.0;0.0;0.0;0.24742958596357928;0.0;0.3037249248620858;0.23566274348259114;0.0;0.0;0.0;0.3918111281625384;0.2774130130976536;0.33245321570513453;0.0;0.47053825398274;0.3780699112815771;0.0;0.2033504363997637;0.2774130130976536;0.28972087931850826;0.398992364786987;0.4320623924299993;0.5272064043419438;0.4922563759914128;0.0;0.44666425746254235;0.2774130130976536;0.0;0.3455951707958391;0.27423214052524;0.0;0.3415508004649076;0.0;0.0;0.42315150019051617;0.0;0.3367152040337921;0.35428265898589045;0.4010967367264041;0.4027343221925941;0.27042807102861294;0.2949773546449023;0.47568490740119396;0.0;0.27042807102861294;0.0;0.2642592509484962;0.28972087931850826;0.3493855463910077;0.24586994253482836;0.2851326317290261;0.0;0.0;0.27042807102861294;0.3493855463910077;0.28972087931850826
GO:0030885;0.0;0.0;0.29342840815218313;0.3520118393564857;0.3028512654654583;0.2832212090999459;0.28273593724946766;0.0;0.23640626492241817;0.0;0.2832212090999459;0.31400086308337694;0.27548353687843885;0.2835836852363069;0.37672898508992847;0.3869086108908294;0.0;0.29342840815218313;0.3422910135578399;0.23640626492241817;0.44700869012391137;0.33608471305105403;0.3523743154928467;0.2832212090999459;0.26675402025138994;0.31968093045037527;0.3004133502212238;0.2659062722645507;0.3028512654654583;0.0;0.43503650604005684;0.4358240369424808;0.4438826552679589;0.31968093045037527;0.36387416435929115;0.5488889681654027;0.5123698573487332;0.39652097753348503;0.4018541772120682;0.0;0.44282542179979056;0.4532488990088873;0.0;0.0;0.31639526721930145;1.0;0.0;0.0;0.3993213689140805;0.0;0.0;0.5123698573487332;0.4955401923638163;0.3700789459059125;0.0;0.3028512654654583;0.0;0.0;0.3172249616160061;0.0;0.0;0.35334026042020905;0.32998278008145465;0.0;0.31953909985496304;0.6158246164281658;0.0;0.40494151430948844;0.0;0.27611347131678793;0.2770919213720756;0.37302970625196163;0.3028512654654583;0.0;0.0;0.0;0.3993213689140805;0.0;0.3094103251502608;0.4728789553743997;0.0;0.0;0.0;0.40494151430948844;0.4133506425184019;0.34144228427984047;0.0;0.387058979856283;0.387058979856283;0.0;0.21498835234801905;0.3004133502212238;0.3028512654654583;0.31551309066053;0.34858311830354227;0.4437271302154867;0.5179055604885324;0.0;0.36318498333608534;0.3004133502212238;0.0;0.34858311830354227;0.4532488990088873;0.0;0.37016992540512594;0.0;0.0;0.4321405687652221;0.0;0.28273593724946766;0.3727593452868619;0.4067821370145791;0.3192550480661371;0.29342840815218313;0.33076897778126896;0.39220563327473695;0.0;0.29342840815218313;0.0;0.2672471984561994;0.3028512654654583;0.2659062722645507;0.40636570044936127;0.3209242548653927;0.0;0.0;0.29342840815218313;0.2659062722645507;0.3028512654654583
GO:0048709;0.4730493605834032;0.48987902556832014;0.0;0.0;0.4122517233397286;0.0;0.0;0.5436375940839067;0.0;0.6053628154274746;0.0;0.0;0.0;0.0;0.0;0.0;0.32886054368322115;0.0;0.0;0.0;0.5337479110087651;0.0;0.0;0.0;0.0;0.0;0.0;0.0;0.4122517233397286;0.6582577448523161;0.0;0.0;0.0;0.0;0.0;0.0;0.0;0.0;0.5112546350863385;0.5885331504425577;0.0;0.0;0.5618587625417646;0.5268079290989898;0.0;0.0;1.0;0.28769296280505896;0.0;0.5436375940839067;0.4730493605834032;0.0;0.0;0.0;0.5116627131663762;0.4122517233397286;0.4730493605834032;0.31530974927153355;0.0;0.3239698433804841;0.5955180925115984;0.0;0.0;0.5491793928423582;0.0;0.0;0.5955180925115984;0.5143419721837588;0.0;0.0;0.0;0.4824301641262319;0.0;0.3214116822411329;0.44591105330956243;0.5534823169997829;0.0;0.5604672590688236;0.0;0.0;0.0;0.0;0.4627407182944793;0.0;0.0;0.0;0.3338145662963604;0.0;0.0;0.5618587625417646;0.0;0.0;0.0;0.0;0.0;0.0;0.0;0.4730493605834032;0.0;0.0;0.4122517233397286;0.0;0.0;0.29473729434033974;0.0;0.0;0.5195415012349325;0.0;0.6029379613579446;0.0;0.4594985661717156;0.0;0.0;0.0;0.0;0.0;0.0;0.4574324551292674;0.35648359306159877;0.0;0.0;0.0;0.0;0.0;0.29473729434033974;0.46560049914131496;0.0;0.0;0.0
GO:0008295;0.0;0.0;0.0;0.0;0.2610185749042658;0.0;0.0;0.27784823988918267;0.0;0.3045226277899759;0.0;0.0;0.0;0.0;0.0;0.0;0.0;0.0;0.0;0.0;0.38251476257330225;0.0;0.0;0.0;0.0;0.0;0.0;0.0;0.2610185749042658;0.35741755721481744;0.0;0.0;0.0;0.0;0.0;0.0;0.0;0.0;0.36002148665087563;0.28769296280505896;0.0;0.0;0.2610185749042658;0.2610185749042658;0.0;0.0;0.28769296280505896;1.0;0.0;0.27784823988918267;0.0;0.0;0.0;0.0;0.3604295647309135;0.2610185749042658;0.0;0.3230338064491045;0.0;0.33169390055805514;0.24224417287992372;0.0;0.0;0.0;0.0;0.0;0.2946779048740996;0.36310882374829595;0.0;0.0;0.0;0.33119701569076904;0.0;0.3619394150473674;0.2946779048740996;0.28769296280505896;0.0;0.2946779048740996;0.0;0.0;0.0;0.3983068622908044;0.3115075698590165;0.0;0.0;0.0;0.3415386234739314;0.0;0.0;0.2610185749042658;0.0;0.0;0.0;0.0;0.0;0.0;0.0;0.0;0.0;0.0;0.2610185749042658;0.0;0.0;0.3024613515179107;0.0;0.0;0.5228068065566407;0.0;0.33714860716322076;0.0;0.30826541773625277;0.0;0.0;0.0;0.0;0.0;0.0;0.0;0.2633642046177655;0.0;0.0;0.0;0.0;0.0;0.7064371904504978;0.43103326296395694;0.0;0.0;0.0
GO:0002230;0.0;0.0;0.24943908341599474;0.27606658697847314;0.24007963235059676;0.22276469551520156;0.316601564534254;0.0;0.27027189220720454;0.0;0.20727595672193327;0.27001153834718855;0.3093491641632252;0.23959436050011845;0.31809866954731103;0.328278295348212;0.0;0.24943908341599474;0.2959865692915344;0.27027189220720454;0.36157582001963323;0.36995034033584034;0.5219158299212647;0.22276469551520156;0.22276469551520156;0.23959436050011845;0.2564240254850354;0.19326468817306902;0.24007963235059676;0.0;0.3496036359357787;0.35039116683820265;0.3584497851636808;0.23959436050011845;0.30672131906107775;0.3735620248206978;0.3370429140040283;0.3370429140040283;0.3390825440972066;0.0;0.37920604069808983;0.2934106944574507;0.0;0.0;0.24375368312781975;0.3993213689140805;0.0;0.0;1.0;0.0;0.0;0.3370429140040283;0.45440885356927335;0.2974373618144308;0.0;0.24007963235059676;0.0;0.0;0.27506183492194464;0.0;0.0;0.2905686273053475;0.2573411959899729;0.0;0.2773759731609016;0.4291838573150687;0.0;0.34216988119462693;0.0;0.23395034462272646;0.310957548656862;0.3102580731371;0.22276469551520156;0.0;0.0;0.0;0.37668930448948384;0.0;0.3432759524350472;0.30620198047024716;0.0;0.0;0.0;0.43880714159427486;0.428461953348783;0.2809857706950961;0.0;0.32660246627153866;0.32660246627153866;0.0;0.17552267843442942;0.2564240254850354;0.22276469551520156;0.2595802278983844;0.2914302730053289;0.4775927575002731;0.42530019218810616;0.0;0.2830984133858286;0.2564240254850354;0.0;0.2914302730053289;0.41211756021434437;0.0;0.30739829229026444;0.0;0.0;0.3716840551804777;0.0;0.35089813422005556;0.28732647518258375;0.34815182147196166;0.35312067535092345;0.24943908341599474;0.2814333528910592;0.3162603808967243;0.0;0.24943908341599474;0.0;0.3011128257409857;0.22276469551520156;0.2997718995493371;0.3468876369199046;0.2715886299751829;0.0;0.0;0.24943908341599474;0.19326468817306902;0.24007963235059676
GO:0060018;0.4632046376675269;0.48003430265244385;0.0;0.0;0.4024070004238523;0.0;0.0;0.5337928711680304;0.0;0.5604672590688236;0.0;0.0;0.0;0.0;0.0;0.0;0.31901582076734486;0.0;0.0;0.0;0.5239031880928888;0.0;0.0;0.0;0.0;0.0;0.0;0.0;0.4024070004238523;0.6133621884936651;0.0;0.0;0.0;0.0;0.0;0.0;0.0;0.0;0.5014099121704623;0.5436375940839067;0.0;0.0;0.5169632061831134;0.5169632061831134;0.0;0.0;0.5436375940839067;0.27784823988918267;0.0;1.0;0.4632046376675269;0.0;0.0;0.0;0.5018179902505;0.4024070004238523;0.4632046376675269;0.30546502635565725;0.0;0.3141251204646079;0.5083312427980183;0.0;0.0;0.5393346699264818;0.0;0.0;0.5506225361529473;0.5044972492678825;0.0;0.0;0.0;0.4725854412103556;0.0;0.31156695932525663;0.4360663303936862;0.5436375940839067;0.0;0.5506225361529473;0.0;0.0;0.0;0.0;0.4528959953786031;0.0;0.0;0.0;0.3239698433804841;0.0;0.0;0.5169632061831134;0.0;0.0;0.0;0.0;0.0;0.0;0.0;0.4632046376675269;0.0;0.0;0.4024070004238523;0.0;0.0;0.2848925714244635;0.0;0.0;0.5096967783190562;0.0;0.5930932384420684;0.0;0.4496538432558393;0.0;0.0;0.0;0.0;0.0;0.0;0.44758773221339115;0.34663887014572253;0.0;0.0;0.0;0.0;0.0;0.2848925714244635;0.45575577622543867;0.0;0.0;0.0
GO:0072197;0.44637497268261;0.4632046376675269;0.0;0.0;0.0;0.0;0.0;0.4632046376675269;0.0;0.48987902556832014;0.0;0.0;0.0;0.0;0.0;0.0;0.30218615578242797;0.0;0.0;0.0;0.0;0.0;0.0;0.0;0.0;0.0;0.0;0.0;0.0;0.5427739549931616;0.0;0.0;0.0;0.0;0.0;0.0;0.0;0.0;0.0;0.4730493605834032;0.0;0.0;0.44637497268261;0.5201671426053232;0.0;0.0;0.4730493605834032;0.0;0.0;0.4632046376675269;1.0;0.0;0.0;0.0;0.0;0.0;0.44637497268261;0.0;0.0;0.0;0.4049393336688514;0.0;0.0;0.5962971748642782;0.0;0.0;0.48003430265244385;0.0;0.0;0.0;0.0;0.0;0.0;0.0;0.0;0.4730493605834032;0.0;0.553826472575157;0.0;0.0;0.0;0.0;0.0;0.0;0.0;0.0;0.0;0.0;0.0;0.44637497268261;0.0;0.0;0.0;0.0;0.0;0.0;0.0;0.44637497268261;0.0;0.0;0.0;0.0;0.0;0.0;0.0;0.0;0.0;0.0;0.5225050049415649;0.0;0.0;0.0;0.0;0.0;0.0;0.0;0.0;0.4307580672284742;0.0;0.0;0.0;0.0;0.0;0.0;0.0;0.0;0.0;0.0;0.0
GO:0032819;0.0;0.0;0.23676874105877915;0.3848610309508954;0.24057281055540614;0.31607040069435555;0.3174113268860042;0.0;0.27377910733942656;0.0;0.6372485484028139;0.3437498592965886;0.2301862909603497;0.31333268144951854;0.32459296881912325;0.421584000527366;0.0;0.3231774043653948;0.3697248902409344;0.27377910733942656;0.3775577370177109;0.28394869678024875;0.38212331170605834;0.22656154200654188;0.2965030164646016;0.2574024755403231;0.3301623464344355;0.31607040069435555;0.24057281055540614;0.0;0.5656353524638391;0.6699194077781413;0.4713855467083472;0.3502150025146677;0.40002702424023173;0.5253934689584948;0.7851474704628364;0.41474717001424855;0.33957572230201605;0.0;0.38054696688973844;0.6520779266319394;0.0;0.0;0.2642592509484962;0.5123698573487332;0.0;0.0;0.3370429140040283;0.0;0.0;1.0;0.5457528461914124;0.4047543355424491;0.0;0.24057281055540614;0.0;0.0;0.26508894534520083;0.0;0.0;0.2910618055101569;0.2778467638106494;0.0;0.2674030835841578;0.6988409458844255;0.0;0.3426630593994363;0.0;0.30768866557212654;0.22867780141355054;0.31075125134190945;0.5328053187288748;0.0;0.0;0.0;0.4152324418647268;0.0;0.3440857147867974;0.6848816022606028;0.0;0.0;0.0;0.3426630593994363;0.4315768349991655;0.37429147587425016;0.0;0.33039931276287904;0.4199081714506927;0.0;0.16969110642992985;0.3301623464344355;0.33338533752975075;0.27021584474244087;0.3001689983450172;0.3814486753054346;0.4389669896560666;0.0;0.30090652842603316;0.3301623464344355;0.0;0.3847359781844829;0.4861466160010882;0.0;0.36790032184075494;0.0;0.0;0.3754809016718181;0.0;0.2305999209786624;0.3033083921806614;0.3546461207437739;0.2671190317953318;0.3231774043653948;0.26131802467506854;0.3355459661813329;0.0;0.3231774043653948;0.0;0.30340005833713996;0.5328053187288748;0.21377025599374544;0.42459189293012484;0.25147330175919225;0.0;0.0;0.3231774043653948;0.21377025599374544;0.5328053187288748
GO:0043382;0.0;0.0;0.3207723950426494;0.3853463028013737;0.25654682119915273;0.43860722654569734;0.4270934995077629;0.0;0.367972541167917;0.0;0.31655567254483385;0.4490345824149944;0.3233604327120895;0.4048440409264146;0.334565858395867;0.4375580111711126;0.0;0.41468876384229086;0.4665825498718519;0.367972541167917;0.3780430088681892;0.40867967553479145;0.5226866843259633;0.23923188436375753;0.4017877395830074;0.3799560874051637;0.5360343884217769;0.33618572891034626;0.25654682119915273;0.0;0.36607082478433467;0.4691585003873687;0.4772171187128469;0.4780981285200308;0.4126973665974474;0.6483624914439334;0.6495182325922301;0.5719265962686924;0.3555497329457626;0.0;0.5225909713784826;0.5496349837137917;0.0;0.0;0.2602208719763757;0.4955401923638163;0.0;0.0;0.45440885356927335;0.0;0.0;0.5457528461914124;1.0;0.40341340935080044;0.0;0.25654682119915273;0.0;0.0;0.27506183492194464;0.0;0.0;0.4136154173749975;0.2738083848385289;0.0;0.2773759731609016;0.7450143767617339;0.0;0.3586370700431829;0.0;0.39505870747677846;0.32644628745013027;0.326725261985656;0.33618572891034626;0.0;0.0;0.0;0.4406940702347389;0.0;0.4537678874085561;0.5764375382754523;0.0;0.0;0.0;0.46146837858369144;0.5373737519694253;0.3944068040902408;0.0;0.34306965512009463;0.44002349966668336;0.0;0.17552267843442942;0.43544706955284124;0.33618572891034626;0.2760474167469404;0.3078974618538849;0.5002539944896897;0.5710082192471728;0.0;0.4234601402908738;0.4216737059113315;0.0;0.38191758174843027;0.6155588158152698;0.0;0.4862958301198526;0.0;0.0;0.38815124402903367;0.0;0.3011128257409857;0.3037936640311397;0.36461901032051763;0.37043561218631865;0.41468876384229086;0.2814333528910592;0.3327275697452803;0.0;0.4284621274838006;0.0;0.4044322625183463;0.33618572891034626;0.3170868363847323;0.5204231235280059;0.2715886299751829;0.0;0.0;0.41468876384229086;0.209731877021625;0.424448976572424
GO:0001934;0.0;0.0;0.324111749715224;0.7042570537279988;0.32791581921185103;0.42072834618619565;0.4202430743357174;0.0;0.734323572623061;0.0;0.42072834618619565;0.4310928679530335;0.6276779128616704;0.40067569010596343;0.520425262224731;0.6253426442965155;0.0;0.41052041302183967;0.45706789889737925;0.734323572623061;0.482215682509551;0.3840829914494901;0.46946632036250324;0.32791581921185103;0.3838460251210465;0.36023422299003627;0.4175053550908803;0.40341340935080044;0.32791581921185103;0.0;0.47024349842569646;0.5733311740287306;0.5813897923542086;0.457188067536625;0.5981668801927331;0.36725332646457315;0.4202430743357174;0.4202430743357174;0.4424074697517292;0.0;0.3714198720975611;0.36112211599587146;0.0;0.0;0.3643935456177375;0.3700789459059125;0.0;0.0;0.2974373618144308;0.0;0.0;0.4047543355424491;0.40341340935080044;1.0;0.0;0.32791581921185103;0.0;0.0;0.35243195400164573;0.0;0.0;0.37840481416660177;0.6390335126481795;0.0;0.35474609224060266;0.4968952788534894;0.0;0.43000606805588115;0.0;0.3950316742285714;0.3277876525509835;0.39809425999835435;0.44035840255170805;0.0;0.0;0.0;0.38792467055753216;0.0;0.4469174622365105;0.3739134020086679;0.0;0.0;0.0;0.44549480684914944;0.4175053550908803;0.4789494213660902;0.0;0.43175358996818813;0.5245661169425327;0.0;0.25703411508637475;0.4175053550908803;0.44035840255170805;0.7273136968340856;0.49227939543834476;0.4842804227551477;0.5459400546780239;0.0;0.40373827587574634;0.4175053550908803;0.0;0.8217864975676805;0.42072834618619565;0.0;0.47073206929046807;0.0;0.0;0.5758368459000246;0.0;0.6054303058905667;0.4079663376725015;0.5504784141493816;0.36725332646457315;0.41052041302183967;0.3486610333315134;0.4369002433866421;0.0;0.41052041302183967;0.0;0.7511532376079779;0.44035840255170805;0.3139045506629868;0.38102040567970713;0.33881631041563715;0.0;0.0;0.41052041302183967;0.3139045506629868;0.44035840255170805
GO:0050900;0.0;0.0;0.0;0.0;0.4849883252655831;0.0;0.0;0.5018179902505;0.0;0.5284923781512931;0.0;0.0;0.0;0.0;0.0;0.0;0.0;0.0;0.0;0.0;0.6064845129346196;0.0;0.0;0.0;0.0;0.0;0.0;0.0;0.4849883252655831;0.7259062653542492;0.0;0.0;0.0;0.0;0.0;0.0;0.0;0.0;0.5839912370121929;0.6561816709444908;0.0;0.0;0.4849883252655831;0.4849883252655831;0.0;0.0;0.5116627131663762;0.3604295647309135;0.0;0.5018179902505;0.0;0.0;0.0;0.0;1.0;0.4849883252655831;0.0;0.37073141436199286;0.0;0.37939150847094344;0.4167501316901639;0.0;0.0;0.0;0.0;0.0;0.5186476552354169;0.5870785741096132;0.6208753196586024;0.0;0.0;0.5551667660520865;0.0;0.39414828416698744;0.5186476552354169;0.5116627131663762;0.0;0.5186476552354169;0.0;0.0;0.0;0.0;0.7224583481082895;0.0;0.0;0.0;0.38923623138681973;0.0;0.0;0.4849883252655831;0.0;0.0;0.0;0.0;0.0;0.0;0.0;0.0;0.0;0.0;0.6468395795146042;0.0;0.0;0.35015895943079905;0.0;0.0;0.5922781031607871;0.0;0.5611183575245381;0.0;0.5322351680975701;0.0;0.0;0.0;0.0;0.0;0.6672391533911481;0.0;0.5964003897549843;0.0;0.0;0.0;0.0;0.0;0.36747389626619426;0.5383371010671695;0.0;0.0;0.0
GO:0038114;0.0;0.0;0.26675402025138994;0.3080225146202974;0.640490422771203;0.25654682119915273;0.2560615493486744;0.4024070004238523;0.209731877021625;0.42908138832464554;0.23923188436375753;0.28732647518258375;0.24880914897764567;0.25690929733551365;0.3500545971891353;0.36023422299003627;0.0;0.26675402025138994;0.3156166256570468;0.209731877021625;0.6400331862090207;0.3094103251502608;0.3256999275920535;0.25654682119915273;0.24007963235059676;0.2733764861840696;0.2737389623204306;0.22374314557048924;0.5552991675579886;0.48197631774948707;0.3857008811498471;0.386488412052271;0.3945470303777492;0.2733764861840696;0.33719977645849797;0.2770919213720756;0.24057281055540614;0.24057281055540614;0.7990995647081371;0.4122517233397286;0.28273593724946766;0.19694059100882855;0.3855773354389354;0.3855773354389354;0.27423214052524;0.3028512654654583;0.4122517233397286;0.2610185749042658;0.24007963235059676;0.4024070004238523;0.0;0.24057281055540614;0.25654682119915273;0.32791581921185103;0.4849883252655831;1.0;0.0;0.28863536137074036;0.32749556691612053;0.297295455479691;0.3441416964251768;0.4512246330540855;0.3206233290160566;0.0;0.3298097051550775;0.3327137538664465;0.41923666540876925;0.6573894164020186;0.0;0.24943908341599474;0.2504175334712824;0.5887154393264875;0.25654682119915273;0.29473729434033974;0.41923666540876925;0.4122517233397286;0.23923188436375753;0.41923666540876925;0.28273593724946766;0.209731877021625;0.0;0.0;0.43606633039368614;0.42773091795977247;0.2737389623204306;0.3147678963790473;0.30714017839556723;0.36038459195548983;0.36038459195548983;0.3855773354389354;0.2178139717893584;0.2737389623204306;0.25654682119915273;0.31833871010186937;0.32190873040274914;0.4170527423146935;0.4644286180260787;0.0;0.31688053906977975;0.2737389623204306;0.3855773354389354;0.35471240603141263;0.23923188436375753;0.26806290643954656;0.46805429803900245;0.0;0.4928671133341394;0.40546618086442887;0.4617073676978904;0.24057281055540614;0.5657838413719714;0.3801077491137859;0.2925806601653439;0.26675402025138994;0.40599211342572883;0.34821630853854857;0.0;0.3358478681679795;0.32980920516080564;0.24057281055540614;0.25654682119915273;0.23923188436375753;0.23395034462272646;0.39614739050985254;0.26806290643954656;0.4389261112405218;0.26675402025138994;0.22374314557048924;0.27617687756466514
GO:0021915;0.5013371908646149;0.5181668558495318;0.0;0.0;0.0;0.0;0.0;0.5181668558495318;0.0;0.48987902556832014;0.0;0.0;0.0;0.0;0.0;0.0;0.3767784303299453;0.0;0.0;0.0;0.0;0.0;0.0;0.0;0.0;0.0;0.0;0.0;0.0;0.5427739549931616;0.0;0.0;0.0;0.0;0.0;0.0;0.0;0.0;0.0;0.4730493605834032;0.0;0.0;0.44637497268261;0.44637497268261;0.0;0.0;0.4730493605834032;0.0;0.0;0.4632046376675269;0.44637497268261;0.0;0.0;0.0;0.0;0.0;1.0;0.0;0.0;0.0;0.4049393336688514;0.0;0.0;0.5225050049415649;0.0;0.0;0.48003430265244385;0.0;0.0;0.0;0.0;0.0;0.0;0.0;0.0;0.528011578765408;0.0;0.48003430265244385;0.0;0.0;0.0;0.0;0.0;0.0;0.0;0.0;0.0;0.0;0.0;0.44637497268261;0.0;0.0;0.0;0.0;0.0;0.0;0.0;0.44637497268261;0.0;0.0;0.0;0.0;0.0;0.0;0.0;0.0;0.0;0.0;0.5225050049415649;0.0;0.0;0.0;0.0;0.0;0.0;0.0;0.0;0.4307580672284742;0.0;0.0;0.0;0.0;0.0;0.0;0.0;0.0;0.0;0.0;0.0
GO:0018108;0.0;0.0;0.0;0.0;0.28863536137074036;0.0;0.0;0.30546502635565725;0.0;0.3148244774210553;0.0;0.0;0.0;0.0;0.0;0.0;0.0;0.0;0.0;0.0;0.41013154903977683;0.0;0.0;0.0;0.0;0.0;0.0;0.0;0.28863536137074036;0.3677194068458968;0.0;0.0;0.0;0.0;0.0;0.0;0.0;0.0;0.3876382731173502;0.29799481243613835;0.0;0.0;0.27132042453534516;0.28863536137074036;0.0;0.0;0.31530974927153355;0.3230338064491045;0.0;0.30546502635565725;0.0;0.0;0.0;0.0;0.37073141436199286;0.28863536137074036;0.0;1.0;0.0;0.7270704702469395;0.2894910157119107;0.0;0.0;0.0;0.0;0.0;0.304979754505179;0.39072561021477054;0.0;0.0;0.0;0.3588138021572436;0.0;0.39187132104395916;0.304979754505179;0.31530974927153355;0.0;0.3222946913405742;0.0;0.0;0.0;0.3385225452423728;0.3391243563254911;0.0;0.0;0.0;0.7369151931628157;0.0;0.0;0.28863536137074036;0.0;0.0;0.0;0.0;0.0;0.0;0.0;0.0;0.0;0.0;0.28863536137074036;0.0;0.0;0.5149526708281563;0.0;0.0;0.506668912312754;0.0;0.36476539362969534;0.0;0.33588220420272735;0.0;0.0;0.0;0.0;0.0;0.0;0.0;0.29781976143695604;0.0;0.0;0.0;0.0;0.0;0.33569692580103344;0.5066000100044671;0.0;0.0;0.0
GO:0032092;0.0;0.0;0.3017362228227378;0.32984119662962025;0.32749556691612053;0.27506183492194464;0.2778802313579973;0.0;0.2364924378792958;0.0;0.2610505663730804;0.3223086777539316;0.4102548673033673;0.29189149990686153;0.37187327919845814;0.3820529049993591;0.0;0.3017362228227378;0.34645751065615055;0.48342160549839647;0.448991754585157;0.33122900715958364;0.3606821301634014;0.27506183492194464;0.27506183492194464;0.29189149990686153;0.3087211648917785;0.24825928036028394;0.32749556691612053;0.0;0.40007457730039486;0.4008621082028188;0.408920726528297;0.29189149990686153;0.36171591124829267;0.3016080561618703;0.26508894534520083;0.26508894534520083;0.4264984786627304;0.0;0.3045546192587905;0.22559804337086747;0.0;0.0;0.2987482753150347;0.3172249616160061;0.0;0.0;0.27506183492194464;0.0;0.0;0.26508894534520083;0.27506183492194464;0.35243195400164573;0.0;0.32749556691612053;0.0;0.0;1.0;0.0;0.0;0.37798456187087126;0.4948603333545747;0.0;0.7835747229366575;0.3545324358757694;0.0;0.4295858157601507;0.0;0.28772495427387357;0.2749336682610771;0.3976740077026238;0.27506183492194464;0.0;0.0;0.0;0.2610505663730804;0.0;0.3045546192587905;0.2364924378792958;0.0;0.0;0.0;0.6019679222982905;0.3087211648917785;0.3332829101018392;0.0;0.37889960567828174;0.37889960567828174;0.0;0.5030516618639089;0.3087211648917785;0.27506183492194464;0.49257571444038745;0.34642486519254384;0.4314264384652413;0.4734560140226051;0.0;0.33539555279257166;0.3087211648917785;0.0;0.6238784836855853;0.2610505663730804;0.0;0.3948142268557882;0.0;0.0;0.4239811945872208;0.0;0.26508894534520083;0.3747424097481075;0.4019264311231088;0.31439934217466675;0.3017362228227378;0.3768311918063303;0.3700349905478714;0.0;0.3172249616160061;0.0;0.26508894534520083;0.27506183492194464;0.2610505663730804;0.2749336682610771;0.366986468890454;0.0;0.0;0.3017362228227378;0.24825928036028394;0.2905505737152129
GO:0046777;0.0;0.0;0.0;0.0;0.297295455479691;0.0;0.0;0.3141251204646079;0.0;0.32348457153000587;0.0;0.0;0.0;0.0;0.0;0.0;0.0;0.0;0.0;0.0;0.41879164314872747;0.0;0.0;0.0;0.0;0.0;0.0;0.0;0.297295455479691;0.3763795009548474;0.0;0.0;0.0;0.0;0.0;0.0;0.0;0.0;0.3962983672263008;0.3066549065450889;0.0;0.0;0.2799805186442958;0.297295455479691;0.0;0.0;0.3239698433804841;0.33169390055805514;0.0;0.3141251204646079;0.0;0.0;0.0;0.0;0.37939150847094344;0.297295455479691;0.0;0.7270704702469395;0.0;1.0;0.2981511098208613;0.0;0.0;0.0;0.0;0.0;0.3136398486141296;0.3993857043237211;0.0;0.0;0.0;0.36747389626619426;0.0;0.4005314151529098;0.3136398486141296;0.3239698433804841;0.0;0.3309547854495248;0.0;0.0;0.0;0.34718263935132343;0.34778445043444167;0.0;0.0;0.0;0.7455752872717663;0.0;0.0;0.297295455479691;0.0;0.0;0.0;0.0;0.0;0.0;0.0;0.0;0.0;0.0;0.297295455479691;0.0;0.0;0.523612764937107;0.0;0.0;0.5153290064217046;0.0;0.373425487738646;0.0;0.344542298311678;0.0;0.0;0.0;0.0;0.0;0.0;0.0;0.3064798555459066;0.0;0.0;0.0;0.0;0.0;0.344357019909984;0.5152601041134177;0.0;0.0;0.0
GO:0045444;0.4049393336688514;0.4217689986537683;0.0;0.0;0.3441416964251768;0.0;0.0;0.5083312427980183;0.0;0.5700564641415864;0.0;0.0;0.0;0.0;0.0;0.0;0.3030418101235983;0.0;0.0;0.0;0.46563788409421325;0.0;0.0;0.0;0.0;0.0;0.0;0.0;0.3441416964251768;0.6229513935664279;0.0;0.0;0.0;0.0;0.0;0.0;0.0;0.0;0.44314460817178664;0.5204231235280059;0.0;0.0;0.5688437046108052;0.4915015778131014;0.0;0.0;0.5955180925115984;0.24224417287992372;0.0;0.5083312427980183;0.4049393336688514;0.0;0.0;0.0;0.4167501316901639;0.3441416964251768;0.4049393336688514;0.2894910157119107;0.0;0.2981511098208613;1.0;0.0;0.0;0.48106936592780636;0.0;0.0;0.602503034580639;0.4462319452692069;0.0;0.0;0.0;0.4143201372116801;0.0;0.2955929486815101;0.35099847183335003;0.5181759657138946;0.0;0.5251609077829352;0.0;0.0;0.0;0.0;0.3946306913799275;0.0;0.0;0.0;0.3079958327367376;0.0;0.0;0.5688437046108052;0.0;0.0;0.0;0.0;0.0;0.0;0.0;0.4049393336688514;0.0;0.0;0.3441416964251768;0.0;0.0;0.2689185607807169;0.0;0.0;0.42462891975872014;0.0;0.5676316100720564;0.0;0.39138853925716377;0.0;0.0;0.0;0.0;0.0;0.0;0.404811167007984;0.3265235419297318;0.0;0.0;0.0;0.0;0.0;0.25490729223185266;0.39749047222676315;0.0;0.0;0.0
GO:0046533;0.0;0.0;0.4658918914970764;0.35851150957504807;0.4512246330540855;0.4136154173749975;0.3065505443034252;0.0;0.2602208719763757;0.0;0.28972087931850826;0.4362370725350259;0.35896281100489585;0.3787316039169191;0.4602082592163855;0.41072321794478694;0.0;0.38857632683279536;0.43743893223845215;0.2602208719763757;0.572720820723122;0.44185373365414704;0.37618892254680425;0.3667004832264029;0.3889902297030389;0.5250362954413597;0.32422795727518133;0.27423214052524;0.4512246330540855;0.0;0.49585454317709726;0.43697740700702176;0.44503602533249986;0.43044508235991447;0.3876887714132487;0.4341605175479204;0.397641406731251;0.397641406731251;0.5502275448006954;0.0;0.4398045334253124;0.24742958596357928;0.0;0.0;0.38438580255249016;0.35334026042020905;0.0;0.0;0.2905686273053475;0.0;0.0;0.2910618055101569;0.4136154173749975;0.37840481416660177;0.0;0.4512246330540855;0.0;0.0;0.37798456187087126;0.0;0.0;1.0;0.3711123239708074;0.0;0.3802987001098282;0.3832027488211972;0.0;0.5533148818981156;0.0;0.37126138999740016;0.30090652842603316;0.5214030738405888;0.30703581615390346;0.0;0.0;0.0;0.28972087931850826;0.0;0.33322493220421834;0.2602208719763757;0.0;0.0;0.0;0.47821991291452315;0.32422795727518133;0.365256891333798;0.0;0.47053825398274;0.41087358691024056;0.0;0.26830296674410914;0.4086557365900488;0.30703581615390346;0.42849237212911956;0.4320623924299993;0.5272064043419438;0.6214972142019235;0.0;0.5685403483270697;0.395561268901836;0.0;0.4052014009861633;0.3963004805396023;0.0;0.6926540715546537;0.0;0.0;0.45595517581917966;0.0;0.3507264725826564;0.4984714758860725;0.43059674406853665;0.4027343221925941;0.38857632683279536;0.45648110838047956;0.45836997056579876;0.0;0.4847584655204217;0.0;0.2910618055101569;0.30703581615390346;0.3493855463910077;0.2844393395774772;0.4466363854646033;0.0;0.0;0.38857632683279536;0.33389680759773943;0.40862028606855133
GO:0043666;0.0;0.0;0.28401558389076614;0.553038557840166;0.3206233290160566;0.2878196533873931;0.2906380498234458;0.0;0.4853970474557405;0.0;0.2878196533873931;0.3045880388219599;0.5048442630462489;0.27417086097488985;0.4803290964002731;0.49050872220117403;0.0;0.28401558389076614;0.3272594014797748;0.4853970474557405;0.4421195166850931;0.3439868256250322;0.34296149123142966;0.2878196533873931;0.2573411959899729;0.32013805716557836;0.2910005259598068;0.2738083848385289;0.3206233290160566;0.0;0.4301473326012386;0.4309348635036625;0.43899348182914066;0.32013805716557836;0.46747427566963573;0.32715716064011524;0.2906380498234458;0.2906380498234458;0.4196262407626665;0.0;0.33132370627310326;0.23835586183631596;0.0;0.0;0.32429737979327966;0.32998278008145465;0.0;0.0;0.2573411959899729;0.0;0.0;0.2778467638106494;0.2738083848385289;0.6390335126481795;0.0;0.3206233290160566;0.0;0.0;0.4948603333545747;0.0;0.0;0.3711123239708074;1.0;0.0;0.4971744715935317;0.36729025434121787;0.0;0.4227135778600868;0.0;0.2712242978779697;0.28769148672652567;0.39080176980255993;0.3033083921806614;0.0;0.0;0.0;0.26101709882573243;0.0;0.317312437724239;0.2492502563447443;0.0;0.0;0.0;0.5665052736276793;0.2910005259598068;0.34604072856728774;0.0;0.3916574241437303;0.3916574241437303;0.0;0.5306477051779748;0.2910005259598068;0.3033083921806614;0.587165110183269;0.4521832296138869;0.44418425693068986;0.505843888853566;0.0;0.36364211005128844;0.2910005259598068;0.0;0.5797299128959399;0.2878196533873931;0.0;0.3879419889557243;0.0;0.0;0.5357406800755666;0.0;0.48259665607514507;0.3678701718480436;0.5103822483249237;0.32715716064011524;0.28401558389076614;0.34550986070796313;0.39680407756218417;0.0;0.2980268524396304;0.0;0.5022267124406574;0.3033083921806614;0.2738083848385289;0.25945745539698156;0.33566513779208684;0.0;0.0;0.28401558389076614;0.2738083848385289;0.3033083921806614
GO:0061138;0.5225050049415649;0.5393346699264818;0.0;0.0;0.0;0.0;0.0;0.5393346699264818;0.0;0.5660090578272752;0.0;0.0;0.0;0.0;0.0;0.0;0.43523924975251865;0.0;0.0;0.0;0.0;0.0;0.0;0.0;0.0;0.0;0.0;0.0;0.0;0.6189039872521167;0.0;0.0;0.0;0.0;0.0;0.0;0.0;0.0;0.0;0.5491793928423582;0.0;0.0;0.5225050049415649;0.5962971748642782;0.0;0.0;0.5491793928423582;0.0;0.0;0.5393346699264818;0.5962971748642782;0.0;0.0;0.0;0.0;0.0;0.5225050049415649;0.0;0.0;0.0;0.48106936592780636;0.0;0.0;1.0;0.0;0.0;0.5561643349113988;0.0;0.0;0.0;0.0;0.0;0.0;0.0;0.0;0.5491793928423582;0.0;0.629956504834112;0.0;0.0;0.47753054310744764;0.0;0.0;0.0;0.0;0.0;0.0;0.0;0.0;0.5225050049415649;0.0;0.0;0.0;0.0;0.0;0.0;0.0;0.5225050049415649;0.0;0.0;0.0;0.0;0.0;0.0;0.0;0.0;0.0;0.0;0.59863503720052;0.0;0.0;0.0;0.0;0.0;0.0;0.0;0.0;0.5068880994874292;0.0;0.0;0.0;0.0;0.0;0.5962577316376176;0.0;0.0;0.0;0.0;0.0
GO:0032091;0.0;0.0;0.30405036106169475;0.3321553348685772;0.3298097051550775;0.2773759731609016;0.28019436959695426;0.0;0.2388065761182528;0.0;0.26336470461203737;0.3246228159928886;0.4914479448129747;0.2942056381458185;0.37418741743741507;0.38436704323831605;0.0;0.30405036106169475;0.3487716488951075;0.4002942881479643;0.451305892824114;0.33354314539854063;0.3629962684023584;0.2773759731609016;0.2773759731609016;0.2942056381458185;0.3110353031307354;0.2505734185992409;0.3298097051550775;0.0;0.4023887155393518;0.4031762464417758;0.4112348647672539;0.2942056381458185;0.36403004948724965;0.3039221944008273;0.2674030835841578;0.2674030835841578;0.4288126169016873;0.0;0.30686875749774745;0.22791218160982446;0.0;0.0;0.3010624135539916;0.31953909985496304;0.0;0.0;0.2773759731609016;0.0;0.0;0.2674030835841578;0.2773759731609016;0.35474609224060266;0.0;0.3298097051550775;0.0;0.0;0.7835747229366575;0.0;0.0;0.3802987001098282;0.4971744715935317;0.0;1.0;0.3568465741147263;0.0;0.43189995399910763;0.0;0.2900390925128305;0.27724780650003406;0.3999881459415808;0.2773759731609016;0.0;0.0;0.0;0.26336470461203737;0.0;0.30686875749774745;0.2388065761182528;0.0;0.0;0.0;0.6042820605372474;0.3110353031307354;0.3355970483407961;0.0;0.38121374391723867;0.38121374391723867;0.0;0.4157830269412326;0.3110353031307354;0.2773759731609016;0.5839112305892418;0.34873900343150077;0.43374057670419824;0.47577015226156205;0.0;0.33770969103152865;0.3110353031307354;0.0;0.5312635486088877;0.26336470461203737;0.0;0.39712836509474514;0.0;0.0;0.42629533282617776;0.0;0.2674030835841578;0.3770565479870645;0.4042405693620657;0.31671348041362374;0.30405036106169475;0.3791453300452872;0.3723491287868284;0.0;0.31953909985496304;0.0;0.2674030835841578;0.2773759731609016;0.26336470461203737;0.27724780650003406;0.369300607129411;0.0;0.0;0.30405036106169475;0.2505734185992409;0.2928647119541699
GO:0050870;0.0;0.0;0.3274322141254154;0.47882817230406266;0.3327137538664465;0.41003754204752285;0.40955227019704454;0.0;0.3632225978699951;0.0;0.41003754204752285;0.4377170006497559;0.31773288998655;0.4072998228026858;0.4140364593496917;0.5137249438384064;0.0;0.417144545718562;0.46600715112421887;0.3632225978699951;0.4715248783708782;0.37339218731081725;0.47609045305922565;0.31722501507317824;0.3904701578177689;0.3495434188513634;0.6521774949138823;0.41003754204752285;0.3327137538664465;0.0;0.4595526942870236;0.5626403698900577;0.5706989882155358;0.44649726339795215;0.4906904973068681;0.7048347268969687;0.6988409458844255;0.5087143113674157;0.4317166656130563;0.0;0.47268791020077877;0.7027230834068048;0.0;0.0;0.35370274147906466;0.6158246164281658;0.0;0.0;0.4291838573150687;0.0;0.0;0.6988409458844255;0.7450143767617339;0.4968952788534894;0.0;0.3327137538664465;0.0;0.0;0.3545324358757694;0.0;0.0;0.3832027488211972;0.36729025434121787;0.0;0.3568465741147263;1.0;0.0;0.43480400271047664;0.0;0.3998296088831668;0.3170968484123107;0.4028921946529498;0.42966759841303526;0.0;0.0;0.0;0.5115147027480114;0.0;0.4362266580978377;0.7450143767617339;0.0;0.0;0.0;0.43480400271047664;0.5255439763523326;0.46825861722741735;0.0;0.4210627858295153;0.5138753128038599;0.0;0.2572377054561303;0.4241294877876027;0.42966759841303526;0.3577624437686412;0.3885880453437774;0.47358961861647486;0.5352492505393511;0.0;0.39304747173707355;0.4241294877876027;0.0;0.4753994512511192;0.6204556162270642;0.0;0.4600412651517953;0.0;0.0;0.4661443747384544;0.0;0.3200434115092309;0.3972755335338287;0.4440896112743423;0.35656252232590036;0.417144545718562;0.35528516602823573;0.4262094392479693;0.0;0.417144545718562;0.0;0.39406353140377626;0.42966759841303526;0.303213746524314;0.518559034283292;0.3454404431123595;0.0;0.0;0.417144545718562;0.303213746524314;0.42966759841303526
GO:0035914;0.48003430265244385;0.4968639676373608;0.0;0.0;0.41923666540876925;0.0;0.0;0.5506225361529473;0.0;0.6123477574965153;0.0;0.0;0.0;0.0;0.0;0.0;0.3358454857522618;0.0;0.0;0.0;0.5407328530778057;0.0;0.0;0.0;0.0;0.0;0.0;0.0;0.41923666540876925;0.6652426869213568;0.0;0.0;0.0;0.0;0.0;0.0;0.0;0.0;0.5182395771553792;0.5955180925115984;0.0;0.0;0.5688437046108052;0.5337928711680304;0.0;0.0;0.5955180925115984;0.2946779048740996;0.0;0.5506225361529473;0.48003430265244385;0.0;0.0;0.0;0.5186476552354169;0.41923666540876925;0.48003430265244385;0.304979754505179;0.0;0.3136398486141296;0.602503034580639;0.0;0.0;0.5561643349113988;0.0;0.0;1.0;0.5213269142527994;0.0;0.0;0.0;0.48941510619527256;0.0;0.3283966243101736;0.4528959953786031;0.5604672590688236;0.0;0.5674522011378642;0.0;0.0;0.0;0.0;0.46972566036352;0.0;0.0;0.0;0.32348457153000587;0.0;0.0;0.5688437046108052;0.0;0.0;0.0;0.0;0.0;0.0;0.0;0.48003430265244385;0.0;0.0;0.41923666540876925;0.0;0.0;0.2844072995739852;0.0;0.0;0.5265264433039731;0.0;0.6099229034269853;0.0;0.46648350824075624;0.0;0.0;0.0;0.0;0.0;0.0;0.46441739719830805;0.3634685351306394;0.0;0.0;0.0;0.0;0.0;0.3017222364093804;0.4725854412103556;0.0;0.0;0.0
GO:0016055;0.0;0.0;0.36884426909542006;0.4101127634643275;0.6573894164020186;0.3586370700431829;0.3581517981927046;0.5044972492678825;0.31182212586565516;0.5311716371686757;0.3413221332077877;0.3894167240266139;0.3508993978216758;0.3589995461795438;0.4521448460331654;0.4623244718340664;0.0;0.36884426909542006;0.4177068745010769;0.31182212586565516;0.742123435053051;0.41150057399429096;0.4277901764360837;0.3586370700431829;0.34216988119462693;0.3754667350280998;0.3758292111644607;0.3258333944145194;0.6573894164020186;0.5840665665935172;0.4877911299938772;0.4885786608963012;0.4966372792217793;0.3754667350280998;0.43929002530252814;0.3791821702161058;0.3426630593994363;0.3426630593994363;0.7563923281486284;0.5143419721837588;0.3848261860934978;0.2990308398528587;0.4876675842829656;0.4876675842829656;0.3763223893692701;0.40494151430948844;0.5143419721837588;0.36310882374829595;0.34216988119462693;0.5044972492678825;0.0;0.3426630593994363;0.3586370700431829;0.43000606805588115;0.5870785741096132;0.6573894164020186;0.0;0.39072561021477054;0.4295858157601507;0.3993857043237211;0.4462319452692069;0.5533148818981156;0.4227135778600868;0.0;0.43189995399910763;0.43480400271047664;0.5213269142527994;1.0;0.0;0.35152933226002486;0.35250778231531255;0.6908056881705178;0.3586370700431829;0.3968275431843699;0.5213269142527994;0.5143419721837588;0.3413221332077877;0.5213269142527994;0.3848261860934978;0.31182212586565516;0.0;0.0;0.5381565792377163;0.5298211668038026;0.3758292111644607;0.4168581452230774;0.4092304272395974;0.46247484079951995;0.46247484079951995;0.4876675842829656;0.3199042206333886;0.3758292111644607;0.3586370700431829;0.4204289589458995;0.42399897924677926;0.5191429911587236;0.5665188668701089;0.0;0.41897078791380993;0.3758292111644607;0.4876675842829656;0.45680265487544275;0.3413221332077877;0.3701531552835767;0.5701445468830326;0.0;0.5949573621781695;0.507556429708459;0.5637976165419205;0.3426630593994363;0.6678740902160014;0.48219799795781604;0.39467090900937407;0.36884426909542006;0.508082362269759;0.45030655738257874;0.0;0.43793811701200963;0.43189945400483576;0.3426630593994363;0.3586370700431829;0.3413221332077877;0.3360405934667566;0.4982376393538827;0.3701531552835767;0.5410163600845519;0.36884426909542006;0.3258333944145194;0.3782671264086953
GO:0051607;0.0;0.0;0.0;0.0;0.0;0.0;0.0;0.0;0.0;0.0;0.0;0.0;0.0;0.0;0.0;0.0;0.0;0.0;0.0;0.0;0.0;0.0;0.0;0.0;0.0;0.0;0.0;0.0;0.0;0.6178633121425063;0.0;0.0;0.0;0.0;0.0;0.0;0.0;0.0;0.0;0.5481387177327479;0.0;0.0;0.0;0.0;0.0;0.0;0.0;0.0;0.0;0.0;0.0;0.0;0.0;0.0;0.6208753196586024;0.0;0.0;0.0;0.0;0.0;0.0;0.0;0.0;0.0;0.0;0.0;0.0;0.0;1.0;0.0;0.0;0.0;0.0;0.0;0.0;0.0;0.0;0.0;0.0;0.0;0.0;0.0;0.0;0.0;0.0;0.0;0.0;0.0;0.0;0.0;0.0;0.0;0.0;0.0;0.0;0.0;0.0;0.0;0.0;0.0;0.0;0.0;0.0;0.0;0.0;0.6586236923964142;0.0;0.0;0.0;0.0;0.5283130785127157;0.0;0.0;0.0;0.0;0.0;0.6892643776064954;0.0;0.5079874929087539;0.0;0.0;0.0;0.0;0.0;0.0;0.0;0.0;0.0;0.0
GO:0032760;0.0;0.0;0.4916892504604833;0.3751383696370177;0.24943908341599474;0.3236626762158731;0.3231774043653948;0.0;0.27684773203834534;0.0;0.3063477393804779;0.48459684366369443;0.2344582195360983;0.5941769590034643;0.33076178889923996;0.42735007800675656;0.0;0.6040216819193406;0.5200594923343056;0.27684773203834534;0.3709352710850312;0.39095083582915274;0.40928297145732984;0.23395034462272646;0.41468876384229086;0.2507800096076434;0.3573220061857069;0.3236626762158731;0.24943908341599474;0.0;0.3589630870011767;0.4536042670689914;0.4616628853944695;0.34049234120079;0.4043156314752183;0.34462116350210326;0.4118883724616954;0.4118883724616954;0.3484419951626046;0.0;0.3487877091350912;0.2640564460255489;0.0;0.0;0.2576367850158165;0.27611347131678793;0.0;0.0;0.23395034462272646;0.0;0.0;0.30768866557212654;0.39505870747677846;0.3950316742285714;0.0;0.24943908341599474;0.0;0.0;0.28772495427387357;0.0;0.0;0.37126138999740016;0.2712242978779697;0.0;0.2900390925128305;0.3998296088831668;0.0;0.35152933226002486;0.0;1.0;0.23382217796185895;0.31961752420249806;0.3236626762158731;0.0;0.0;0.0;0.3063477393804779;0.0;0.34985179226618796;0.27684773203834534;0.0;0.0;0.0;0.35152933226002486;0.3573220061857069;0.38188375139576763;0.0;0.33778811537906356;0.4275004469722102;0.0;0.19043022385423447;0.4710093308015413;0.3236626762158731;0.27448777331818947;0.3053133748933256;0.39031494816602313;0.4323445237233869;0.0;0.2942840624933535;0.6110066239883812;0.0;0.3750133168706052;0.37774377064138326;0.0;0.4820074237819585;0.0;0.0;0.38286970428800265;0.0;0.2239774550459827;0.29668592624798173;0.3608149408238906;0.2732878518754486;0.6040216819193406;0.28847768442634;0.32892350024865324;0.0;0.4640243887325006;0.0;0.30768866557212654;0.3236626762158731;0.2199390760738622;0.3175333884880028;0.27863296151046374;0.0;0.0;0.6040216819193406;0.20714779006106576;0.464152555393368
GO:0070884;0.0;0.0;0.2466134639746554;0.305196895178958;0.2504175334712824;0.23640626492241817;0.5047725164208241;0.0;0.4456515580809781;0.0;0.23640626492241817;0.2671859189058492;0.4847288300369988;0.23676874105877915;0.3344376917349995;0.3446173175359004;0.0;0.2466134639746554;0.289857281563664;0.4456515580809781;0.3874024599335872;0.4556701005213842;0.412066582691587;0.23640626492241817;0.2199390760738622;0.2672471984561994;0.25359840604369605;0.22361497890962173;0.2504175334712824;0.0;0.37543027584973265;0.3762178067521566;0.3842764250776347;0.2672471984561994;0.3253047673166423;0.2769637547112081;0.24044464389453868;0.24044464389453868;0.3494204452178923;0.0;0.27991031780812825;0.19081130328095824;0.0;0.0;0.27410397386437246;0.2770919213720756;0.0;0.0;0.310957548656862;0.0;0.0;0.22867780141355054;0.32644628745013027;0.3277876525509835;0.0;0.2504175334712824;0.0;0.0;0.2749336682610771;0.0;0.0;0.30090652842603316;0.28769148672652567;0.0;0.27724780650003406;0.3170968484123107;0.0;0.35250778231531255;0.0;0.23382217796185895;1.0;0.32059597425778574;0.2504175334712824;0.0;0.0;0.0;0.2841549940952013;0.0;0.42899571262059094;0.20095374192020526;0.0;0.0;0.0;0.5298732019338399;0.33060561007783157;0.29462734010231273;0.0;0.3402440356787553;0.3402440356787553;0.0;0.17953582934580614;0.25359840604369605;0.2504175334712824;0.2800605676583171;0.31001372126089344;0.5686588178398382;0.44881171257194286;0.0;0.31075125134190945;0.25359840604369605;0.0;0.31001372126089344;0.29694628010799773;0.0;0.31773619341095005;0.0;0.0;0.38532562458769437;0.0;0.46248122306589506;0.3131531150965377;0.3644908436596501;0.43884043553646723;0.2466134639746554;0.2711627475909448;0.3453906890972092;0.0;0.2466134639746554;0.0;0.48211127943140747;0.2504175334712824;0.38549165973488086;0.3236206680087909;0.26131802467506854;0.0;0.0;0.2466134639746554;0.22361497890962173;0.2504175334712824
GO:0019722;0.0;0.0;0.33693246103789326;0.37820095540680065;0.5887154393264875;0.326725261985656;0.32623999013517774;0.4725854412103556;0.27991031780812825;0.4992598291111488;0.3094103251502608;0.357504915969087;0.318987589764149;0.32708773812201697;0.4202330379756386;0.43041266377653953;0.0;0.33693246103789326;0.38579506644355005;0.27991031780812825;0.7871784993818896;0.3795887659367641;0.3958783683785568;0.326725261985656;0.3102580731371;0.34355492697057294;0.3439174031069339;0.2939215863569925;0.5887154393264875;0.5521547585359903;0.4558793219363504;0.4566668528387743;0.46472547116425245;0.34355492697057294;0.40737821724500123;0.34727036215857887;0.31075125134190945;0.31075125134190945;0.6877183510730975;0.4824301641262319;0.3529143780359709;0.2671190317953318;0.45575577622543867;0.45575577622543867;0.3444105813117433;0.37302970625196163;0.4824301641262319;0.33119701569076904;0.3102580731371;0.4725854412103556;0.0;0.31075125134190945;0.326725261985656;0.39809425999835435;0.5551667660520865;0.5887154393264875;0.0;0.3588138021572436;0.3976740077026238;0.36747389626619426;0.4143201372116801;0.5214030738405888;0.39080176980255993;0.0;0.3999881459415808;0.4028921946529498;0.48941510619527256;0.6908056881705178;0.0;0.31961752420249806;0.32059597425778574;1.0;0.326725261985656;0.364915735126843;0.48941510619527256;0.4824301641262319;0.3094103251502608;0.48941510619527256;0.3529143780359709;0.27991031780812825;0.0;0.0;0.5062447711801894;0.49790935874627573;0.3439174031069339;0.3849463371655506;0.3773186191820705;0.43056303274199315;0.43056303274199315;0.45575577622543867;0.28799241257586167;0.3439174031069339;0.326725261985656;0.3885171508883727;0.3920871711892524;0.48723118310119684;0.534607058812582;0.0;0.387058979856283;0.3439174031069339;0.45575577622543867;0.4248908468179159;0.3094103251502608;0.33824134722604987;0.5382327388255057;0.0;0.5630455541206427;0.4756446216509322;0.5318858084843936;0.31075125134190945;0.6359622821584745;0.45028618990028924;0.36275910095184716;0.33693246103789326;0.47617055421223214;0.41839474932505183;0.0;0.40602630895448283;0.3999876459473089;0.31075125134190945;0.326725261985656;0.3094103251502608;0.3041287854092298;0.46632583129635585;0.33824134722604987;0.509104552027025;0.33693246103789326;0.2939215863569925;0.3463553183511684
GO:0033690;0.0;0.0;0.24943908341599474;0.4276375961563027;0.25654682119915273;0.35884696589976284;0.35301539389526315;0.0;0.29924073570943865;0.0;0.575581883934282;0.3638651875125793;0.24880914897764567;0.3334480096655092;0.3500545971891353;0.4375580111711126;0.0;0.3432927325813855;0.3951865186109465;0.29924073570943865;0.4203343022231182;0.3094103251502608;0.40223863992204906;0.25654682119915273;0.3166183446805923;0.293006542549582;0.35027767465042614;0.33618572891034626;0.25654682119915273;0.0;0.6310731546586629;0.7877909419671411;0.536823348903171;0.4024791854463403;0.4126973665974474;0.2925806601653439;0.35301539389526315;0.35301539389526315;0.375179789311275;0.0;0.30005087408486286;0.47368436038902895;0.0;0.0;0.28972087931850826;0.3028512654654583;0.0;0.0;0.22276469551520156;0.0;0.0;0.5328053187288748;0.33618572891034626;0.44035840255170805;0.0;0.25654682119915273;0.0;0.0;0.27506183492194464;0.0;0.0;0.30703581615390346;0.3033083921806614;0.0;0.2773759731609016;0.42966759841303526;0.0;0.3586370700431829;0.0;0.3236626762158731;0.2504175334712824;0.326725261985656;1.0;0.0;0.0;0.0;0.31655567254483385;0.0;0.3796897817960564;0.49331441675454135;0.0;0.0;0.0;0.3782671264086953;0.35027767465042614;0.4170680410796574;0.0;0.36038459195548983;0.46268473665609994;0.0;0.17552267843442942;0.35027767465042614;0.3856495204614234;0.28883870275973683;0.32190873040274914;0.4170527423146935;0.4912311725877393;0.0;0.33651059543529216;0.35027767465042614;0.0;0.41472125737709375;0.35884696589976284;0.0;0.40350438885001394;0.0;0.0;0.40546618086442887;0.0;0.2560615493486744;0.3460849573860687;0.3801077491137859;0.2925806601653439;0.3432927325813855;0.2814333528910592;0.36553124537394377;0.0;0.3432927325813855;0.0;0.33338533752975075;0.617873177289211;0.23923188436375753;0.3063477393804779;0.2715886299751829;0.0;0.0;0.3432927325813855;0.23923188436375753;0.617873177289211
GO:0009083;0.0;0.0;0.0;0.0;0.29473729434033974;0.0;0.0;0.31156695932525663;0.0;0.33824134722604987;0.0;0.0;0.0;0.0;0.0;0.0;0.0;0.0;0.0;0.0;0.4162334820093762;0.0;0.0;0.0;0.0;0.0;0.0;0.0;0.29473729434033974;0.3911362766508914;0.0;0.0;0.0;0.0;0.0;0.0;0.0;0.0;0.3937402060869496;0.3214116822411329;0.0;0.0;0.29473729434033974;0.29473729434033974;0.0;0.0;0.3214116822411329;0.3619394150473674;0.0;0.31156695932525663;0.0;0.0;0.0;0.0;0.39414828416698744;0.29473729434033974;0.0;0.39187132104395916;0.0;0.4005314151529098;0.2955929486815101;0.0;0.0;0.0;0.0;0.0;0.3283966243101736;0.3968275431843699;0.0;0.0;0.0;0.364915735126843;0.0;1.0;0.3283966243101736;0.3214116822411329;0.0;0.3283966243101736;0.0;0.0;0.0;0.3815694714128798;0.34522628929509047;0.0;0.0;0.0;0.41037613806878603;0.0;0.0;0.29473729434033974;0.0;0.0;0.0;0.0;0.0;0.0;0.0;0.0;0.0;0.0;0.29473729434033974;0.0;0.0;0.37129886611276536;0.0;0.0;0.49589356124219214;0.0;0.3708673265992947;0.0;0.34198413717232673;0.0;0.0;0.0;0.0;0.0;0.0;0.0;0.3039216944065554;0.0;0.0;0.0;0.0;0.0;0.4974027115555222;0.4843820387655433;0.0;0.0;0.0
GO:0060271;0.0;0.0;0.0;0.0;0.41923666540876925;0.0;0.0;0.4360663303936862;0.0;0.4627407182944793;0.0;0.0;0.0;0.0;0.0;0.0;0.0;0.0;0.0;0.0;0.5407328530778057;0.0;0.0;0.0;0.0;0.0;0.0;0.0;0.41923666540876925;0.5156356477193209;0.0;0.0;0.0;0.0;0.0;0.0;0.0;0.0;0.5182395771553792;0.44591105330956243;0.0;0.0;0.41923666540876925;0.5108609491016987;0.0;0.0;0.44591105330956243;0.2946779048740996;0.0;0.4360663303936862;0.0;0.0;0.0;0.0;0.5186476552354169;0.41923666540876925;0.0;0.304979754505179;0.0;0.3136398486141296;0.35099847183335003;0.0;0.0;0.0;0.0;0.0;0.4528959953786031;0.5213269142527994;0.0;0.0;0.0;0.48941510619527256;0.0;0.3283966243101736;1.0;0.44591105330956243;0.0;0.5445202790715324;0.0;0.0;0.0;0.0;0.46972566036352;0.0;0.0;0.0;0.32348457153000587;0.0;0.0;0.41923666540876925;0.0;0.0;0.0;0.0;0.0;0.0;0.0;0.0;0.0;0.0;0.41923666540876925;0.0;0.0;0.2844072995739852;0.0;0.0;0.5265264433039731;0.0;0.49536669766772423;0.0;0.46648350824075624;0.0;0.0;0.0;0.0;0.0;0.0;0.0;0.3634685351306394;0.0;0.0;0.0;0.0;0.0;0.3017222364093804;0.4725854412103556;0.0;0.0;0.0
GO:0014032;0.528011578765408;0.544841243750325;0.0;0.0;0.4122517233397286;0.0;0.0;0.6346470333482612;0.0;0.5703119819846998;0.0;0.0;0.0;0.0;0.0;0.0;0.4034528182307385;0.0;0.0;0.0;0.5337479110087651;0.0;0.0;0.0;0.0;0.0;0.0;0.0;0.4122517233397286;0.6232069114095413;0.0;0.0;0.0;0.0;0.0;0.0;0.0;0.0;0.5112546350863385;0.5534823169997829;0.0;0.0;0.5268079290989898;0.5268079290989898;0.0;0.0;0.5534823169997829;0.28769296280505896;0.0;0.5436375940839067;0.4730493605834032;0.0;0.0;0.0;0.5116627131663762;0.4122517233397286;0.528011578765408;0.31530974927153355;0.0;0.3239698433804841;0.5181759657138946;0.0;0.0;0.5491793928423582;0.0;0.0;0.5604672590688236;0.5143419721837588;0.0;0.0;0.0;0.4824301641262319;0.0;0.3214116822411329;0.44591105330956243;1.0;0.0;0.5604672590688236;0.0;0.0;0.0;0.0;0.4627407182944793;0.0;0.0;0.0;0.3338145662963604;0.0;0.0;0.5268079290989898;0.0;0.0;0.0;0.0;0.0;0.0;0.0;0.4730493605834032;0.0;0.0;0.4122517233397286;0.0;0.0;0.29473729434033974;0.0;0.0;0.5195415012349325;0.0;0.6029379613579446;0.0;0.4594985661717156;0.0;0.0;0.0;0.0;0.0;0.0;0.4574324551292674;0.35648359306159877;0.0;0.0;0.0;0.0;0.0;0.29473729434033974;0.46560049914131496;0.0;0.0;0.0
GO:0090023;0.0;0.0;0.23395034462272646;0.3680313659659785;0.23923188436375753;0.31655567254483385;0.3674872693174387;0.0;0.32115759699038926;0.0;0.29924073570943865;0.3442351311470669;0.28479103566944064;0.3138179532999968;0.32055458984700275;0.4202430743357174;0.0;0.3236626762158731;0.3725252816215299;0.32115759699038926;0.360728072032794;0.3404503329937078;0.5854787123344585;0.22374314557048924;0.2969882883150799;0.24057281055540614;0.33064761828491374;0.31655567254483385;0.23923188436375753;0.0;0.34875588794893947;0.44649726339795215;0.4545558817234303;0.33338533752975075;0.3972086278041791;0.3735620248206978;0.4152324418647268;0.4152324418647268;0.3382347961103674;0.0;0.37920604069808983;0.3655991012511464;0.0;0.0;0.24742958596357928;0.3993213689140805;0.0;0.0;0.37668930448948384;0.0;0.0;0.4152324418647268;0.4406940702347389;0.38792467055753216;0.0;0.23923188436375753;0.0;0.0;0.2610505663730804;0.0;0.0;0.28972087931850826;0.26101709882573243;0.0;0.26336470461203737;0.5115147027480114;0.0;0.3413221332077877;0.0;0.3063477393804779;0.2841549940952013;0.3094103251502608;0.31655567254483385;0.0;0.0;0.0;1.0;0.0;0.39416165721823193;0.3810878400444147;0.0;0.0;0.0;0.40186214839336726;0.43206210684964375;0.3889230417059902;0.0;0.5789646140213495;0.6923671821531567;0.0;0.1637558359534413;0.33064761828491374;0.31655567254483385;0.26428057426595225;0.29510617584108845;0.4406477642993655;0.4221373246711497;0.0;0.28407686344111627;0.33064761828491374;0.0;0.367906313199566;0.3810878400444147;0.0;0.36655939564910633;0.0;0.0;0.3726625052357654;0.0;0.274310271179325;0.2864787271957445;0.3506077417716534;0.3236206680087909;0.3236626762158731;0.2618032965255468;0.31871630119641603;0.0;0.3236626762158731;0.0;0.3519985305241704;0.31655567254483385;0.27027189220720454;0.4250771647806031;0.2519585736096705;0.0;0.0;0.3236626762158731;0.19694059100882855;0.33618572891034626
GO:0003382;0.48003430265244385;0.4968639676373608;0.0;0.0;0.41923666540876925;0.0;0.0;0.5506225361529473;0.0;0.5772969240537404;0.0;0.0;0.0;0.0;0.0;0.0;0.3358454857522618;0.0;0.0;0.0;0.5407328530778057;0.0;0.0;0.0;0.0;0.0;0.0;0.0;0.41923666540876925;0.630191853478582;0.0;0.0;0.0;0.0;0.0;0.0;0.0;0.0;0.5182395771553792;0.5604672590688236;0.0;0.0;0.5337928711680304;0.6981393646914162;0.0;0.0;0.5604672590688236;0.2946779048740996;0.0;0.5506225361529473;0.553826472575157;0.0;0.0;0.0;0.5186476552354169;0.41923666540876925;0.48003430265244385;0.3222946913405742;0.0;0.3309547854495248;0.5251609077829352;0.0;0.0;0.629956504834112;0.0;0.0;0.5674522011378642;0.5213269142527994;0.0;0.0;0.0;0.48941510619527256;0.0;0.3283966243101736;0.5445202790715324;0.5604672590688236;0.0;1.0;0.0;0.0;0.0;0.0;0.46972566036352;0.0;0.0;0.0;0.34079950836540107;0.0;0.0;0.5337928711680304;0.0;0.0;0.0;0.0;0.0;0.0;0.0;0.48003430265244385;0.0;0.0;0.41923666540876925;0.0;0.0;0.3017222364093804;0.0;0.0;0.5265264433039731;0.0;0.6099229034269853;0.0;0.46648350824075624;0.0;0.0;0.0;0.0;0.0;0.0;0.46441739719830805;0.3634685351306394;0.0;0.0;0.0;0.0;0.0;0.3017222364093804;0.4725854412103556;0.0;0.0;0.0
GO:0090263;0.0;0.0;0.27745439750843653;0.4288503556870838;0.28273593724946766;0.360059725430544;0.5443892139722692;0.0;0.47809575743627514;0.0;0.360059725430544;0.387739184032777;0.42408365984042323;0.3573220061857069;0.3640586427327128;0.46374712722142747;0.0;0.36716672910158316;0.41602933450724;0.47809575743627514;0.42154706175389933;0.6721838505002964;0.5393881826500129;0.2672471984561994;0.34049234120079;0.29956560223438455;0.3741516711706238;0.360059725430544;0.28273593724946766;0.0;0.40957487767004475;0.5126625532730789;0.5207211715985569;0.3965194467809733;0.4407126806898892;0.3065847057089215;0.3595744535800657;0.3595744535800657;0.38173884899607746;0.0;0.31075125134190945;0.3004534952402198;0.0;0.0;0.3037249248620858;0.3094103251502608;0.0;0.0;0.3432759524350472;0.0;0.0;0.3440857147867974;0.4537678874085561;0.4469174622365105;0.0;0.28273593724946766;0.0;0.0;0.3045546192587905;0.0;0.0;0.33322493220421834;0.317312437724239;0.0;0.30686875749774745;0.4362266580978377;0.0;0.3848261860934978;0.0;0.34985179226618796;0.42899571262059094;0.3529143780359709;0.3796897817960564;0.0;0.0;0.0;0.39416165721823193;0.0;1.0;0.31324478125301625;0.0;0.0;0.0;0.5735054214804175;0.4451359240234609;0.4182808006104385;0.0;0.3710849692125364;0.46389749618688103;0.0;0.20725988883915142;0.3741516711706238;0.3796897817960564;0.3077846271516623;0.3386102287267985;0.6122910373864157;0.4852714339223722;0.0;0.3430696551200947;0.3741516711706238;0.0;0.42542163463414034;0.41147659405362713;0.0;0.4100634485348164;0.0;0.0;0.4161665581214755;0.0;0.4018360528693195;0.34729771691684985;0.39411179465736346;0.7830890104338093;0.36716672910158316;0.30530734941125687;0.3762316226309904;0.0;0.36716672910158316;0.0;0.5175866594106087;0.3796897817960564;0.4219513810853102;0.43815098195442026;0.29546262649538063;0.0;0.0;0.36716672910158316;0.2532359299073351;0.3796897817960564
GO:0042104;0.0;0.0;0.20714779006106576;0.35254262717271023;0.209731877021625;0.28375199691617037;0.286570393352223;0.0;0.24518259987352153;0.0;0.5936163288562364;0.3114314555184034;0.20321418733618574;0.2810142776713333;0.29599646135321817;0.39074306699358485;0.0;0.2908590005872096;0.3355802884206223;0.24518259987352153;0.3452393332395257;0.25535218931434367;0.34980490792787317;0.19694059100882855;0.2641846126864164;0.22656154200654188;0.5164043320562645;0.28375199691617037;0.209731877021625;0.0;0.5291756311134098;0.6262871882315638;0.4349258253579179;0.31607040069435555;0.3704060732425184;0.5517466272039556;0.5457528461914124;0.3824287662360633;0.30873478876823485;0.0;0.3497060333559573;0.6843910790276186;0.0;0.0;0.23566274348259114;0.4728789553743997;0.0;0.0;0.30620198047024716;0.0;0.0;0.6848816022606028;0.5764375382754523;0.3739134020086679;0.0;0.209731877021625;0.0;0.0;0.2364924378792958;0.0;0.0;0.2602208719763757;0.2492502563447443;0.0;0.2388065761182528;0.7450143767617339;0.0;0.31182212586565516;0.0;0.27684773203834534;0.20095374192020526;0.27991031780812825;0.49331441675454135;0.0;0.0;0.0;0.3810878400444147;0.0;0.31324478125301625;1.0;0.0;0.0;0.0;0.31182212586565516;0.39925843122098026;0.3419730720960649;0.0;0.30077836176516565;0.38758976767250747;0.0;0.14271900280576594;0.29784394265625025;0.29924073570943865;0.2432437411182769;0.272444938851672;0.3506077417716534;0.4048223878357545;0.0;0.270065594892252;0.29784394265625025;0.0;0.35511502718676957;0.4900287535234676;0.0;0.3370593883069738;0.0;0.0;0.3458599506741047;0.0;0.2020034135127573;0.27098998840247623;0.3260496132778688;0.23852252432942678;0.2908590005872096;0.2289996208968833;0.3059250151836196;0.0;0.2908590005872096;0.0;0.27377910733942656;0.49331441675454135;0.1851737485278404;0.3922734891519396;0.219154897981007;0.0;0.0;0.2908590005872096;0.1851737485278404;0.49331441675454135
GO:0007616;0.0;0.0;0.0;0.0;0.0;0.0;0.0;0.0;0.0;0.0;0.0;0.0;0.0;0.0;0.0;0.0;0.31229427331603593;0.0;0.0;0.0;0.0;0.0;0.0;0.0;0.0;0.0;0.0;0.0;0.0;0.0;0.0;0.0;0.0;0.0;0.0;0.0;0.0;0.0;0.0;0.0;0.0;0.0;0.0;0.0;0.0;0.0;0.0;0.0;0.0;0.0;0.0;0.0;0.0;0.0;0.0;0.0;0.0;0.0;0.0;0.0;0.0;0.0;0.0;0.47753054310744764;0.0;0.0;0.0;0.0;0.0;0.0;0.0;0.0;0.0;0.0;0.0;0.0;0.0;0.0;0.0;0.0;1.0;0.0;0.0;0.0;0.0;0.0;0.0;0.0;0.0;0.0;0.0;0.0;0.0;0.0;0.0;0.0;0.0;0.0;0.0;0.0;0.0;0.0;0.0;0.0;0.0;0.0;0.0;0.0;0.0;0.0;0.0;0.0;0.0;0.0;0.0;0.0;0.0;0.0;0.0;0.0;0.0;0.0;0.0;0.4742370109425132;0.0;0.0;0.0;0.0;0.0
GO:0097055;0.0;0.0;0.0;0.0;0.0;0.0;0.0;0.0;0.0;0.0;0.0;0.0;0.0;0.0;0.0;0.0;0.0;0.0;0.0;0.0;0.0;0.0;0.0;0.0;0.0;0.0;0.0;0.0;0.0;0.0;0.0;0.0;0.0;0.0;0.0;0.0;0.0;0.0;0.0;0.0;0.0;0.0;0.0;0.0;0.0;0.0;0.0;0.3983068622908044;0.0;0.0;0.0;0.0;0.0;0.0;0.0;0.0;0.0;0.3385225452423728;0.0;0.34718263935132343;0.0;0.0;0.0;0.0;0.0;0.0;0.0;0.0;0.0;0.0;0.0;0.0;0.0;0.3815694714128798;0.0;0.0;0.0;0.0;0.0;0.0;0.0;1.0;0.0;0.0;0.0;0.0;0.35702736226719967;0.0;0.0;0.0;0.0;0.0;0.0;0.0;0.0;0.0;0.0;0.0;0.0;0.0;0.0;0.0;0.0;0.317950090311179;0.0;0.0;0.4814386312507149;0.0;0.0;0.0;0.0;0.0;0.0;0.0;0.0;0.0;0.0;0.0;0.0;0.0;0.0;0.0;0.0;0.0;0.4053511938260852;0.43103326296395694;0.0;0.0;0.0
GO:0001755;0.0;0.0;0.0;0.0;0.43606633039368614;0.0;0.0;0.4528959953786031;0.0;0.4795703832793962;0.0;0.0;0.0;0.0;0.0;0.0;0.0;0.0;0.0;0.0;0.5575625180627226;0.0;0.0;0.0;0.0;0.0;0.0;0.0;0.43606633039368614;0.5324653127042378;0.0;0.0;0.0;0.0;0.0;0.0;0.0;0.0;0.535069242140296;0.4627407182944793;0.0;0.0;0.43606633039368614;0.43606633039368614;0.0;0.0;0.4627407182944793;0.3115075698590165;0.0;0.4528959953786031;0.0;0.0;0.0;0.0;0.7224583481082895;0.43606633039368614;0.0;0.3391243563254911;0.0;0.34778445043444167;0.3946306913799275;0.0;0.0;0.0;0.0;0.0;0.46972566036352;0.5381565792377163;0.0;0.0;0.0;0.5062447711801894;0.0;0.34522628929509047;0.46972566036352;0.4627407182944793;0.0;0.46972566036352;0.0;0.0;0.0;0.0;1.0;0.0;0.0;0.0;0.35762917335031796;0.0;0.0;0.43606633039368614;0.0;0.0;0.0;0.0;0.0;0.0;0.0;0.0;0.0;0.0;0.5979175846427074;0.0;0.0;0.3185519013942973;0.0;0.0;0.54335610828889;0.0;0.5121963626526411;0.0;0.48331317322567313;0.0;0.0;0.0;0.0;0.0;0.0;0.0;0.3802982001155563;0.0;0.0;0.0;0.0;0.0;0.3185519013942973;0.4894151061952725;0.0;0.0;0.0
GO:0010469;0.0;0.0;0.36884426909542006;0.4274277002997227;0.42773091795977247;0.3586370700431829;0.5468310335796243;0.0;0.48053757704363026;0.0;0.3586370700431829;0.3894167240266139;0.5196148489996508;0.3589995461795438;0.4521448460331654;0.4623244718340664;0.0;0.36884426909542006;0.4177068745010769;0.48053757704363026;0.5492271056288089;0.6001798093812107;0.5470886738251481;0.3586370700431829;0.34216988119462693;0.3950967913936122;0.3758292111644607;0.3413221332077877;0.42773091795977247;0.0;0.5104523669832938;0.5112398978857178;0.5192985162111958;0.3950967913936122;0.43929002530252814;0.39467090900937407;0.3581517981927046;0.3581517981927046;0.5267338297063823;0.0;0.402141122928893;0.2990308398528587;0.0;0.0;0.3918111281625384;0.40494151430948844;0.0;0.0;0.43880714159427486;0.0;0.0;0.3426630593994363;0.46146837858369144;0.44549480684914944;0.0;0.42773091795977247;0.0;0.0;0.6019679222982905;0.0;0.0;0.47821991291452315;0.5665052736276793;0.0;0.6042820605372474;0.43480400271047664;0.0;0.5298211668038026;0.0;0.35152933226002486;0.5298732019338399;0.49790935874627573;0.3782671264086953;0.0;0.0;0.0;0.40186214839336726;0.0;0.5735054214804175;0.31182212586565516;0.0;0.0;0.0;1.0;0.45283641519859624;0.4168581452230774;0.0;0.46247484079951995;0.46247484079951995;0.0;0.47976752882135887;0.3758292111644607;0.3782671264086953;0.5588743545594707;0.42399897924677926;0.7459722023283282;0.5933214214317695;0.0;0.43860084427932233;0.3758292111644607;0.0;0.6005943506430353;0.41917708522876246;0.0;0.4950495778994401;0.0;0.0;0.507556429708459;0.0;0.49736724202854715;0.47497776079175946;0.48219799795781604;0.5833501443962938;0.36884426909542006;0.46579106891482996;0.46762149421797394;0.0;0.38847432546093247;0.0;0.5200284790179637;0.3782671264086953;0.5300013685947074;0.4458514731295556;0.45594634599895373;0.0;0.0;0.36884426909542006;0.3413221332077877;0.3782671264086953
GO:0001916;0.0;0.0;0.2830984133858286;0.39943824854145354;0.2737389623204306;0.35027767465042614;0.4184615361226678;0.0;0.36882819550908735;0.0;0.33064761828491374;0.39752451748241313;0.3302172081202626;0.3671073396353431;0.35175799951714487;0.4516499569111924;0.0;0.3769520625512193;0.4288458485807803;0.36882819550908735;0.39523514998946707;0.38812093151240595;0.5068822227447201;0.2564240254850354;0.35027767465042614;0.27325369046995235;0.38393700462026;0.35027767465042614;0.2737389623204306;0.0;0.38326296590561254;0.4832504461274486;0.4913090644529267;0.3671073396353431;0.42678931233752726;0.39321008624166737;0.4315768349991655;0.4315768349991655;0.37274187406704046;0.0;0.39737663187465533;0.385247162672116;0.0;0.0;0.2774130130976536;0.4133506425184019;0.0;0.0;0.428461953348783;0.0;0.0;0.4315768349991655;0.5373737519694253;0.4175053550908803;0.0;0.2737389623204306;0.0;0.0;0.3087211648917785;0.0;0.0;0.32422795727518133;0.2910005259598068;0.0;0.3110353031307354;0.5255439763523326;0.0;0.3758292111644607;0.0;0.3573220061857069;0.33060561007783157;0.3439174031069339;0.35027767465042614;0.0;0.0;0.0;0.43206210684964375;0.0;0.4451359240234609;0.39925843122098026;0.0;0.0;0.0;0.45283641519859624;1.0;0.4084987498303207;0.0;0.3602617962413725;0.45411544540676324;0.0;0.20918200840426326;0.38393700462026;0.35027767465042614;0.29323955786821826;0.3250896029751627;0.4916220311045945;0.45895952215793995;0.0;0.3167577433556624;0.38393700462026;0.0;0.3960095274885101;0.5812706813610555;0.0;0.39796627822458136;0.0;0.0;0.4053433851503116;0.0;0.32076088716195533;0.3209858051524176;0.3818111514417955;0.371291266527489;0.3769520625512193;0.31509268286089304;0.34991971086655815;0.0;0.3769520625512193;0.0;0.4011465992872726;0.35027767465042614;0.31794249072590264;0.6675512994521728;0.3052479599450168;0.0;0.0;0.3769520625512193;0.22692401814290286;0.3729389116398427
GO:0050766;0.0;0.0;0.3076601585958893;0.4631974343467806;0.3147678963790473;0.5294768678248649;0.39160641270964536;0.0;0.3419730720960649;0.0;0.3944068040902408;0.42208626269247385;0.2942389381447438;0.3916690848454038;0.39278693357576155;0.4957790863510071;0.0;0.40151380776128004;0.453407593790841;0.3419730720960649;0.45589414041359616;0.3521426615368871;0.4604597151019436;0.42160723402565603;0.37483941986048686;0.33159756136396423;0.4084987498303207;0.5026743132632043;0.3147678963790473;0.0;0.44392195632974163;0.5541821301289238;0.562240748454402;0.43389770606457434;0.47091844177734193;0.33531299655197017;0.39160641270964536;0.39160641270964536;0.41377080812565714;0.0;0.34095701242936216;0.32796180354720067;0.0;0.0;0.33245321570513453;0.34144228427984047;0.0;0.0;0.2809857706950961;0.0;0.0;0.37429147587425016;0.3944068040902408;0.4789494213660902;0.0;0.3147678963790473;0.0;0.0;0.3332829101018392;0.0;0.0;0.365256891333798;0.34604072856728774;0.0;0.3355970483407961;0.46825861722741735;0.0;0.4168581452230774;0.0;0.38188375139576763;0.29462734010231273;0.3849463371655506;0.4170680410796574;0.0;0.0;0.0;0.3889230417059902;0.0;0.4182808006104385;0.3419730720960649;0.0;0.0;0.0;0.4168581452230774;0.4084987498303207;1.0;0.0;0.4754458756269321;0.5123908688278397;0.0;0.23374375361432398;0.4084987498303207;0.4170680410796574;0.33426849192683494;0.3661185370337794;0.4556437611290757;0.5226496932059732;0.0;0.3751016142496743;0.4084987498303207;0.0;0.45562739572159305;0.3944068040902408;0.0;0.44209540766439603;0.0;0.0;0.4463723192089283;0.0;0.29879388573530075;0.3816447955765467;0.4228400855004122;0.33531299655197017;0.40151380776128004;0.33965442807095375;0.4064373837184431;0.0;0.40151380776128004;0.0;0.37429147587425016;0.4170680410796574;0.2819642207503838;0.36456881456037243;0.3298097051550775;0.0;0.0;0.40151380776128004;0.2819642207503838;0.4170680410796574
GO:0018105;0.0;0.0;0.0;0.0;0.30714017839556723;0.0;0.0;0.3239698433804841;0.0;0.33332929444588216;0.0;0.0;0.0;0.0;0.0;0.0;0.0;0.0;0.0;0.0;0.4286363660646037;0.0;0.0;0.0;0.0;0.0;0.0;0.0;0.30714017839556723;0.3862242238707237;0.0;0.0;0.0;0.0;0.0;0.0;0.0;0.0;0.4061430901421771;0.3164996294609652;0.0;0.0;0.28982524156017203;0.30714017839556723;0.0;0.0;0.3338145662963604;0.3415386234739314;0.0;0.3239698433804841;0.0;0.0;0.0;0.0;0.38923623138681973;0.30714017839556723;0.0;0.7369151931628157;0.0;0.7455752872717663;0.3079958327367376;0.0;0.0;0.0;0.0;0.0;0.32348457153000587;0.4092304272395974;0.0;0.0;0.0;0.3773186191820705;0.0;0.41037613806878603;0.32348457153000587;0.3338145662963604;0.0;0.34079950836540107;0.0;0.0;0.0;0.35702736226719967;0.35762917335031796;0.0;0.0;0.0;1.0;0.0;0.0;0.30714017839556723;0.0;0.0;0.0;0.0;0.0;0.0;0.0;0.0;0.0;0.0;0.30714017839556723;0.0;0.0;0.5334574878529832;0.0;0.0;0.5251737293375809;0.0;0.3832702106545222;0.0;0.3543870212275542;0.0;0.0;0.0;0.0;0.0;0.0;0.0;0.3163245784617829;0.0;0.0;0.0;0.0;0.0;0.3542017428258603;0.525104827029294;0.0;0.0;0.0
GO:0030336;0.0;0.0;0.44839616525276554;0.41186028537663444;0.36038459195548983;0.34306965512009463;0.3444105813117433;0.0;0.30077836176516565;0.0;0.34306965512009463;0.37384930910352565;0.4263228553553465;0.3434321312564556;0.530871971853367;0.448583254953105;0.0;0.35327685417233184;0.39982434004787143;0.30077836176516565;0.5015108359900387;0.39775935711332966;0.4122227615129954;0.4396793153935017;0.32660246627153866;0.4791702173678352;0.3602617962413725;0.32758091632682634;0.36038459195548983;0.0;0.5986671105297607;0.4903261828086081;0.49838480113408623;0.3772142569404068;0.4270262786659708;0.3809296921284127;0.3444105813117433;0.3444105813117433;0.4593875037020997;0.0;0.3865737080058047;0.2890115192841775;0.0;0.0;0.47053825398274;0.387058979856283;0.0;0.0;0.32660246627153866;0.0;0.0;0.33039931276287904;0.34306965512009463;0.43175358996818813;0.0;0.36038459195548983;0.0;0.0;0.37889960567828174;0.0;0.0;0.47053825398274;0.3916574241437303;0.0;0.38121374391723867;0.4210627858295153;0.0;0.46247484079951995;0.0;0.33778811537906356;0.3402440356787553;0.43056303274199315;0.36038459195548983;0.0;0.0;0.0;0.5789646140213495;0.0;0.3710849692125364;0.30077836176516565;0.0;0.0;0.0;0.46247484079951995;0.3602617962413725;0.4754458756269321;0.0;1.0;0.7846999083229396;0.0;0.2793604491907665;0.3602617962413725;0.36038459195548983;0.46635240913743764;0.5008999070248539;0.6032164171329466;0.5682663887824158;0.0;0.5226742702535453;0.3602617962413725;0.0;0.41173523261022194;0.34306965512009463;0.0;0.42770325189515745;0.0;0.0;0.4919890147853708;0.0;0.40407524838424275;0.4272614911529892;0.46845678107685473;0.47339803482957565;0.35327685417233184;0.3852711236473963;0.5486637395682927;0.0;0.35327685417233184;0.0;0.33039931276287904;0.36038459195548983;0.4200492590279893;0.3237768468301993;0.37542640073152006;0.0;0.0;0.35327685417233184;0.4200492590279893;0.36038459195548983
GO:0030335;0.0;0.0;0.35327685417233184;0.5088141299232232;0.36038459195548983;0.44002349966668336;0.4372231082860879;0.0;0.38758976767250747;0.0;0.44002349966668336;0.4677029582689164;0.3398556337211863;0.43728578042184635;0.4384036291522041;0.5413957819274496;0.0;0.4471305033377226;0.49902428936728355;0.38758976767250747;0.5015108359900387;0.39775935711332966;0.5060764106783862;0.34306965512009463;0.4204561154369294;0.3772142569404068;0.45411544540676324;0.44002349966668336;0.36038459195548983;0.0;0.4895386519061842;0.5997988257053664;0.6078574440308445;0.4795144016410169;0.5165351373537845;0.3809296921284127;0.4372231082860879;0.4372231082860879;0.4593875037020997;0.0;0.3865737080058047;0.3735784991236432;0.0;0.0;0.3780699112815771;0.387058979856283;0.0;0.0;0.32660246627153866;0.0;0.0;0.4199081714506927;0.44002349966668336;0.5245661169425327;0.0;0.36038459195548983;0.0;0.0;0.37889960567828174;0.0;0.0;0.41087358691024056;0.3916574241437303;0.0;0.38121374391723867;0.5138753128038599;0.0;0.46247484079951995;0.0;0.4275004469722102;0.3402440356787553;0.43056303274199315;0.46268473665609994;0.0;0.0;0.0;0.6923671821531567;0.0;0.46389749618688103;0.38758976767250747;0.0;0.0;0.0;0.46247484079951995;0.45411544540676324;0.5123908688278397;0.0;0.7846999083229396;1.0;0.0;0.2793604491907665;0.45411544540676324;0.46268473665609994;0.3798851875032775;0.41173523261022194;0.5012604567055182;0.5682663887824158;0.0;0.42071830982611685;0.45411544540676324;0.0;0.5012440912980356;0.44002349966668336;0.0;0.4877121032408386;0.0;0.0;0.4919890147853708;0.0;0.3444105813117433;0.4272614911529892;0.46845678107685473;0.3809296921284127;0.4471305033377226;0.3852711236473963;0.45205407929488567;0.0;0.4471305033377226;0.0;0.4199081714506927;0.46268473665609994;0.32758091632682634;0.410185510136815;0.37542640073152006;0.0;0.0;0.4471305033377226;0.32758091632682634;0.46268473665609994
GO:0060221;0.44637497268261;0.4632046376675269;0.0;0.0;0.3855773354389354;0.0;0.0;0.5169632061831134;0.0;0.5786884275266815;0.0;0.0;0.0;0.0;0.0;0.0;0.30218615578242797;0.0;0.0;0.0;0.5070735231079719;0.0;0.0;0.0;0.0;0.0;0.0;0.0;0.3855773354389354;0.631583356951523;0.0;0.0;0.0;0.0;0.0;0.0;0.0;0.0;0.48458024718554527;0.5618587625417646;0.0;0.0;0.5351843746409715;0.5001335411981965;0.0;0.0;0.5618587625417646;0.2610185749042658;0.0;0.5169632061831134;0.44637497268261;0.0;0.0;0.0;0.4849883252655831;0.3855773354389354;0.44637497268261;0.28863536137074036;0.0;0.297295455479691;0.5688437046108052;0.0;0.0;0.5225050049415649;0.0;0.0;0.5688437046108052;0.4876675842829656;0.0;0.0;0.0;0.45575577622543867;0.0;0.29473729434033974;0.41923666540876925;0.5268079290989898;0.0;0.5337928711680304;0.0;0.0;0.0;0.0;0.43606633039368614;0.0;0.0;0.0;0.30714017839556723;0.0;0.0;1.0;0.0;0.0;0.0;0.0;0.0;0.0;0.0;0.44637497268261;0.0;0.0;0.3855773354389354;0.0;0.0;0.26806290643954656;0.0;0.0;0.4928671133341394;0.0;0.5762635734571515;0.0;0.4328241782709224;0.0;0.0;0.0;0.0;0.0;0.0;0.4307580672284742;0.32980920516080564;0.0;0.0;0.0;0.0;0.0;0.26806290643954656;0.4389261112405218;0.0;0.0;0.0
GO:0090630;0.0;0.0;0.2021970663352226;0.23254646620998115;0.2178139717893584;0.17552267843442942;0.18058550093835818;0.0;0.14271900280576594;0.0;0.1637558359534413;0.22276952126641641;0.36100515110562836;0.19235234341934632;0.27457854877881904;0.28475817457972;0.0;0.2021970663352226;0.2442209013881635;0.4321718473447712;0.3393101594583949;0.23393427673994455;0.2611429736758862;0.17552267843442942;0.17552267843442942;0.19235234341934632;0.20918200840426326;0.15286144144501296;0.2178139717893584;0.0;0.2978379680324078;0.29862549893483176;0.3066841172603099;0.19235234341934632;0.2663180723330217;0.20621021724659933;0.16969110642992985;0.16969110642992985;0.31681688353596826;0.0;0.20725988883915142;0.13323138507950044;0.0;0.0;0.2033504363997637;0.21498835234801905;0.0;0.0;0.17552267843442942;0.0;0.0;0.16969110642992985;0.17552267843442942;0.25703411508637475;0.0;0.2178139717893584;0.0;0.0;0.5030516618639089;0.0;0.0;0.26830296674410914;0.5306477051779748;0.0;0.4157830269412326;0.2572377054561303;0.0;0.3199042206333886;0.0;0.19043022385423447;0.17953582934580614;0.28799241257586167;0.17552267843442942;0.0;0.0;0.0;0.1637558359534413;0.0;0.20725988883915142;0.14271900280576594;0.0;0.0;0.0;0.47976752882135887;0.20918200840426326;0.23374375361432398;0.0;0.2793604491907665;0.2793604491907665;0.0;1.0;0.20918200840426326;0.17552267843442942;0.4433259982426485;0.25102702627727286;0.32918982919725426;0.3679157364680871;0.0;0.23585639630505645;0.20918200840426326;0.0;0.5726287255319601;0.1637558359534413;0.0;0.2851326317290261;0.0;0.0;0.32444203809970557;0.0;0.16969110642992985;0.2650608146213454;0.3046317007034697;0.21710461175502765;0.2021970663352226;0.2618032965255468;0.2727402601282323;0.0;0.21498835234801905;0.0;0.16969110642992985;0.17552267843442942;0.1637558359534413;0.17953582934580614;0.2519585736096705;0.0;0.0;0.2021970663352226;0.15286144144501296;0.18831396444722587
GO:1904674;0.0;0.0;0.3913767182133909;0.39943824854145354;0.2737389623204306;0.4849108611039184;0.3474772832698307;0.0;0.29784394265625025;0.0;0.33064761828491374;0.5321577039359053;0.2532100040861271;0.48796716244732563;0.35175799951714487;0.4516499569111924;0.0;0.49781188536320187;0.5598481100320097;0.29784394265625025;0.39523514998946707;0.42834518242180136;0.4358979698918829;0.2564240254850354;0.4849108611039184;0.3946264629857274;0.38393700462026;0.35027767465042614;0.2737389623204306;0.0;0.38326296590561254;0.4832504461274486;0.4913090644529267;0.5017405260888353;0.42678931233752726;0.3942005806014892;0.4522767345377582;0.4522767345377582;0.37274187406704046;0.0;0.4016707945210081;0.283832674107386;0.0;0.0;0.2774130130976536;0.3004133502212238;0.0;0.0;0.2564240254850354;0.0;0.0;0.3301623464344355;0.43544706955284124;0.4175053550908803;0.0;0.2737389623204306;0.0;0.0;0.3087211648917785;0.0;0.0;0.4086557365900488;0.2910005259598068;0.0;0.3110353031307354;0.4241294877876027;0.0;0.3758292111644607;0.0;0.4710093308015413;0.25359840604369605;0.3439174031069339;0.35027767465042614;0.0;0.0;0.0;0.33064761828491374;0.0;0.3741516711706238;0.29784394265625025;0.0;0.0;0.0;0.3758292111644607;0.38393700462026;0.4084987498303207;0.0;0.3602617962413725;0.45411544540676324;0.0;0.20918200840426326;1.0;0.35027767465042614;0.29323955786821826;0.3250896029751627;0.414614827070459;0.5928510930238846;0.0;0.4381305158714375;0.5047968274322425;0.0;0.3960095274885101;0.4581083065422578;0.0;0.5254269664819254;0.0;0.0;0.4053433851503116;0.0;0.2437536831278198;0.3209858051524176;0.3818111514417955;0.2942840624933535;0.49781188536320187;0.31509268286089304;0.34991971086655815;0.0;0.5115852490047116;0.0;0.3301623464344355;0.35027767465042614;0.24093528669176711;0.3400070693503117;0.3052479599450168;0.0;0.0;0.49781188536320187;0.22692401814290286;0.5177145367325819
GO:1904677;0.0;0.0;0.24943908341599474;0.4276375961563027;0.25654682119915273;0.35884696589976284;0.35301539389526315;0.0;0.29924073570943865;0.0;0.35884696589976284;0.3638651875125793;0.24880914897764567;0.3334480096655092;0.3500545971891353;0.4375580111711126;0.0;0.3432927325813855;0.3951865186109465;0.29924073570943865;0.4203343022231182;0.3094103251502608;0.40223863992204906;0.25654682119915273;0.3166183446805923;0.293006542549582;0.35027767465042614;0.33618572891034626;0.25654682119915273;0.0;0.40836211813926365;0.5287647305776928;0.536823348903171;0.4024791854463403;0.4126973665974474;0.2925806601653439;0.35301539389526315;0.35301539389526315;0.375179789311275;0.0;0.30005087408486286;0.28375199691617037;0.0;0.0;0.28972087931850826;0.3028512654654583;0.0;0.0;0.22276469551520156;0.0;0.0;0.33338533752975075;0.33618572891034626;0.44035840255170805;0.0;0.25654682119915273;0.0;0.0;0.27506183492194464;0.0;0.0;0.30703581615390346;0.3033083921806614;0.0;0.2773759731609016;0.42966759841303526;0.0;0.3586370700431829;0.0;0.3236626762158731;0.2504175334712824;0.326725261985656;0.3856495204614234;0.0;0.0;0.0;0.31655567254483385;0.0;0.3796897817960564;0.29924073570943865;0.0;0.0;0.0;0.3782671264086953;0.35027767465042614;0.4170680410796574;0.0;0.36038459195548983;0.46268473665609994;0.0;0.17552267843442942;0.35027767465042614;1.0;0.28883870275973683;0.32190873040274914;0.4170527423146935;0.4912311725877393;0.0;0.33651059543529216;0.35027767465042614;0.0;0.41472125737709375;0.35884696589976284;0.0;0.40350438885001394;0.0;0.0;0.40546618086442887;0.0;0.2560615493486744;0.3460849573860687;0.3801077491137859;0.2925806601653439;0.3432927325813855;0.2814333528910592;0.36553124537394377;0.0;0.3432927325813855;0.0;0.33338533752975075;0.3856495204614234;0.23923188436375753;0.3063477393804779;0.2715886299751829;0.0;0.0;0.3432927325813855;0.23923188436375753;0.3856495204614234
GO:0006469;0.0;0.0;0.35722021969150014;0.5454076387719573;0.31833871010186937;0.2760474167469404;0.2811102392508692;0.0;0.5635347930023997;0.0;0.2760474167469404;0.3068270707303714;0.7561753991274026;0.27640989288330137;0.5709245130411851;0.49005030132911365;0.0;0.2862546157991776;0.32827845085211843;0.655733054190028;0.43983489777090584;0.33445901505245557;0.3452005231398412;0.36251463838110054;0.2595802278983844;0.3948330421592858;0.29323955786821826;0.26428057426595225;0.31833871010186937;0.0;0.5048423175949459;0.413161505796207;0.4212201241216851;0.3056683677446538;0.46849332504197944;0.3176293500675386;0.2811102392508692;0.2811102392508692;0.4173416218484792;0.0;0.31955146963265046;0.2337561233920114;0.0;0.0;0.398992364786987;0.31551309066053;0.0;0.0;0.2595802278983844;0.0;0.0;0.27021584474244087;0.2760474167469404;0.7273136968340856;0.0;0.31833871010186937;0.0;0.0;0.49257571444038745;0.0;0.0;0.42849237212911956;0.587165110183269;0.0;0.5839112305892418;0.3577624437686412;0.0;0.4204289589458995;0.0;0.27448777331818947;0.2800605676583171;0.3885171508883727;0.28883870275973683;0.0;0.0;0.0;0.26428057426595225;0.0;0.3077846271516623;0.2432437411182769;0.0;0.0;0.0;0.5588743545594707;0.29323955786821826;0.33426849192683494;0.0;0.46635240913743764;0.3798851875032775;0.0;0.4433259982426485;0.29323955786821826;0.28883870275973683;1.0;0.540952448212672;0.5188792419243973;0.4839292135738663;0.0;0.43833709504499585;0.29323955786821826;0.0;0.7394037751935527;0.2760474167469404;0.0;0.385657370041537;0.0;0.0;0.5334560611613794;0.0;0.6621620527318446;0.36558555293385636;0.5099238274528634;0.40185214563382265;0.2862546157991776;0.34091012226365863;0.4714990625558916;0.0;0.29904590181197405;0.0;0.5803644579873167;0.28883870275973683;0.3485033698322363;0.26359337880976114;0.3310653993477824;0.0;0.0;0.2862546157991776;0.3485033698322363;0.28883870275973683
GO:0000122;0.0;0.0;0.4057789861277807;0.4723860908467911;0.32190873040274914;0.3078974618538849;0.31193584082600534;0.0;0.3613041672353223;0.0;0.3078974618538849;0.3386771158373159;0.47142288708844826;0.3082599379902458;0.885445348461629;0.71753415703748;0.0;0.31810466090612205;0.36134847849513074;0.3613041672353223;0.4588936568650539;0.3652846166275917;0.3770505682467857;0.3970621362685169;0.2914302730053289;0.431206738088829;0.3250896029751627;0.29510617584108845;0.32190873040274914;0.0;0.5435311330546064;0.4477090036836233;0.4557676220091014;0.33873839538766604;0.7683667324846346;0.3484549516426748;0.31193584082600534;0.31193584082600534;0.42091164214935894;0.0;0.35140151473959497;0.26230250021242496;0.0;0.0;0.4320623924299993;0.34858311830354227;0.0;0.0;0.2914302730053289;0.0;0.0;0.3001689983450172;0.3078974618538849;0.49227939543834476;0.0;0.32190873040274914;0.0;0.0;0.34642486519254384;0.0;0.0;0.4320623924299993;0.4521832296138869;0.0;0.34873900343150077;0.3885880453437774;0.0;0.42399897924677926;0.0;0.3053133748933256;0.31001372126089344;0.3920871711892524;0.32190873040274914;0.0;0.0;0.0;0.29510617584108845;0.0;0.3386102287267985;0.272444938851672;0.0;0.0;0.0;0.42399897924677926;0.3250896029751627;0.3661185370337794;0.0;0.5008999070248539;0.41173523261022194;0.0;0.25102702627727286;0.3250896029751627;0.32190873040274914;0.540952448212672;1.0;0.5552529378539404;0.5203029095034095;0.0;0.4747107909745391;0.3250896029751627;0.0;0.455865877422002;0.3078974618538849;0.0;0.38922739034241677;0.0;0.0;0.7877424714314065;0.0;0.44917528011734453;0.3846443120280044;0.8553921965369784;0.43492217327683497;0.31810466090612205;0.34265394452241144;0.506046560443308;0.0;0.31810466090612205;0.0;0.3781338322202392;0.32190873040274914;0.3815733974752486;0.29354653241233747;0.3328092216065352;0.0;0.0;0.31810466090612205;0.3815733974752486;0.32190873040274914
GO:0009968;0.0;0.0;0.5080954962358735;0.46621331620572093;0.4170527423146935;0.3974226859491811;0.5856166494856225;0.0;0.5193231929496285;0.0;0.3974226859491811;0.42820233993261214;0.6616026844868226;0.3977851620855421;0.5875401222125707;0.5011100877400646;0.0;0.40762988500141834;0.4564924904070751;0.5193231929496285;0.5612101669731466;0.638965425287209;0.5858742897311464;0.49937864637660956;0.38095549710062515;0.5430108659231871;0.414614827070459;0.3801077491137859;0.4170527423146935;0.0;0.6685088801521155;0.550025513791716;0.5580841321171941;0.4338824072996105;0.47807564120852636;0.4334565249153723;0.39693741409870287;0.39693741409870287;0.5160556540613034;0.0;0.4409267388348912;0.33781645575885694;0.0;0.0;0.5272064043419438;0.4437271302154867;0.0;0.0;0.4775927575002731;0.0;0.0;0.3814486753054346;0.5002539944896897;0.4842804227551477;0.0;0.4170527423146935;0.0;0.0;0.4314264384652413;0.0;0.0;0.5272064043419438;0.44418425693068986;0.0;0.43374057670419824;0.47358961861647486;0.0;0.5191429911587236;0.0;0.39031494816602313;0.5686588178398382;0.48723118310119684;0.4170527423146935;0.0;0.0;0.0;0.4406477642993655;0.0;0.6122910373864157;0.3506077417716534;0.0;0.0;0.0;0.7459722023283282;0.4916220311045945;0.4556437611290757;0.0;0.6032164171329466;0.5012604567055182;0.0;0.32918982919725426;0.414614827070459;0.4170527423146935;0.5188792419243973;0.5552529378539404;1.0;0.6321070373377676;0.0;0.5865149188088972;0.414614827070459;0.0;0.4627845951527775;0.4579627011347607;0.0;0.48437140225436115;0.0;0.0;0.5463420456144573;0.0;0.6393550775157189;0.4869608221360971;0.5209836138638143;0.7509691573159807;0.40762988500141834;0.44497045463050416;0.6083630705514006;0.0;0.40762988500141834;0.0;0.558814094923962;0.4170527423146935;0.6976203815143944;0.48463708903555386;0.43512573171462793;0.0;0.0;0.40762988500141834;0.476717409387193;0.4170527423146935
GO:0045595;0.0;0.0;0.4519745800888993;0.5332192482826186;0.4644286180260787;0.5978107738088334;0.458597046021579;0.0;0.4048223878357545;0.0;0.4644286180260787;0.6064386058860378;0.44389965979177515;0.44212985717302306;0.5525900938620398;0.5627697196629409;0.0;0.4519745800888993;0.5038683661184603;0.4048223878357545;0.6455310358854393;0.6025676492788934;0.5109204874295629;0.4644286180260787;0.5591917630540508;0.6897354077773428;0.45895952215793995;0.44176738103666213;0.4644286180260787;0.0;0.6335588518015847;0.6343463827040087;0.6424050010294868;0.6897354077773428;0.5355939555591585;0.6511595496104197;0.6146404387937503;0.6146404387937503;0.5902340843343491;0.0;0.6741185023232069;0.38933364904248624;0.0;0.0;0.4922563759914128;0.5179055604885324;0.0;0.0;0.42530019218810616;0.0;0.0;0.4389669896560666;0.5710082192471728;0.5459400546780239;0.0;0.4644286180260787;0.0;0.0;0.4734560140226051;0.0;0.0;0.6214972142019235;0.505843888853566;0.0;0.47577015226156205;0.5352492505393511;0.0;0.5665188668701089;0.0;0.4323445237233869;0.44881171257194286;0.534607058812582;0.4912311725877393;0.0;0.0;0.0;0.4221373246711497;0.0;0.4852714339223722;0.4048223878357545;0.0;0.0;0.0;0.5933214214317695;0.45895952215793995;0.5226496932059732;0.0;0.5682663887824158;0.5682663887824158;0.0;0.3679157364680871;0.5928510930238846;0.4912311725877393;0.4839292135738663;0.5203029095034095;0.6321070373377676;1.0;0.0;0.7332394606630528;0.45895952215793995;0.0;0.5203029095034095;0.6306144494374968;0.0;0.665129433748501;0.0;0.0;0.6133479776913549;0.0;0.458597046021579;0.5712816910483898;0.5826432457866905;0.4951161568382485;0.4519745800888993;0.4964876479141333;0.5734130422008697;0.0;0.585866150954844;0.0;0.4389669896560666;0.4912311725877393;0.44176738103666213;0.4150295868879917;0.48664292499825706;0.0;0.0;0.4519745800888993;0.44176738103666213;0.5919954386827142
GO:0072289;0.44637497268261;0.4632046376675269;0.0;0.0;0.0;0.0;0.0;0.4632046376675269;0.0;0.48987902556832014;0.0;0.0;0.0;0.0;0.0;0.0;0.30218615578242797;0.0;0.0;0.0;0.0;0.0;0.0;0.0;0.0;0.0;0.0;0.0;0.0;0.5427739549931616;0.0;0.0;0.0;0.0;0.0;0.0;0.0;0.0;0.0;0.4730493605834032;0.0;0.0;0.44637497268261;0.44637497268261;0.0;0.0;0.4730493605834032;0.0;0.0;0.4632046376675269;0.44637497268261;0.0;0.0;0.0;0.0;0.0;0.44637497268261;0.0;0.0;0.0;0.4049393336688514;0.0;0.0;0.5225050049415649;0.0;0.0;0.48003430265244385;0.0;0.0;0.0;0.0;0.0;0.0;0.0;0.0;0.4730493605834032;0.0;0.48003430265244385;0.0;0.0;0.0;0.0;0.0;0.0;0.0;0.0;0.0;0.0;0.0;0.44637497268261;0.0;0.0;0.0;0.0;0.0;0.0;0.0;1.0;0.0;0.0;0.0;0.0;0.0;0.0;0.0;0.0;0.0;0.0;0.5225050049415649;0.0;0.0;0.0;0.0;0.0;0.0;0.0;0.0;0.4307580672284742;0.0;0.0;0.0;0.0;0.0;0.0;0.0;0.0;0.0;0.0;0.0
GO:2000737;0.0;0.0;0.40489211236705547;0.3856711693263196;0.31688053906977975;0.4430901966563862;0.31639526721930145;0.0;0.270065594892252;0.0;0.31688053906977975;0.4517180287335906;0.3983075412629047;0.2999280783707455;0.5069979753331694;0.4205679408606633;0.0;0.30977280128662177;0.3563202871621614;0.270065594892252;0.4806680200937452;0.4550195703225945;0.36871870862728534;0.4188364994972082;0.40447118590160364;0.636778541902489;0.3167577433556624;0.29956560223438455;0.31688053906977975;0.0;0.5879667332727142;0.4694833669123146;0.4775419852377928;0.5093836531923803;0.397533494329125;0.4964389724579726;0.4599198616413031;0.4599198616413031;0.435513507181902;0.0;0.5092554865315129;0.25727430887945557;0.0;0.0;0.44666425746254235;0.36318498333608534;0.0;0.0;0.2830984133858286;0.0;0.0;0.30090652842603316;0.4234601402908738;0.40373827587574634;0.0;0.31688053906977975;0.0;0.0;0.33539555279257166;0.0;0.0;0.5685403483270697;0.36364211005128844;0.0;0.33770969103152865;0.39304747173707355;0.0;0.41897078791380993;0.0;0.2942840624933535;0.31075125134190945;0.387058979856283;0.33651059543529216;0.0;0.0;0.0;0.28407686344111627;0.0;0.3430696551200947;0.270065594892252;0.0;0.0;0.0;0.43860084427932233;0.3167577433556624;0.3751016142496743;0.0;0.5226742702535453;0.42071830982611685;0.0;0.23585639630505645;0.4381305158714375;0.33651059543529216;0.43833709504499585;0.4747107909745391;0.5865149188088972;0.7332394606630528;0.0;1.0;0.3167577433556624;0.0;0.38224244827337617;0.4657514336458028;0.0;0.5104088565960538;0.0;0.0;0.4657998987350559;0.0;0.3760599342918009;0.4064186752566957;0.44044146698441294;0.449524038309378;0.30977280128662177;0.3417670707616862;0.5278209236719993;0.0;0.4311455738023968;0.0;0.30090652842603316;0.33651059543529216;0.3961752625077916;0.28027279394448923;0.33192234784580993;0.0;0.0;0.30977280128662177;0.3961752625077916;0.4271324228910202
GO:0032740;0.0;0.0;0.5254767470911845;0.39943824854145354;0.2737389623204306;0.35027767465042614;0.3474772832698307;0.0;0.29784394265625025;0.0;0.33064761828491374;0.5183843402943957;0.2532100040861271;0.643453194427434;0.35175799951714487;0.4516499569111924;0.0;0.6532979173433102;0.5598481100320097;0.29784394265625025;0.39523514998946707;0.4152507147335886;0.4358979698918829;0.2564240254850354;0.4443349429007481;0.27325369046995235;0.38393700462026;0.35027767465042614;0.2737389623204306;0.0;0.38326296590561254;0.4832504461274486;0.4913090644529267;0.3671073396353431;0.42678931233752726;0.36561737412000817;0.43850337089624847;0.43850337089624847;0.37274187406704046;0.0;0.37126138999740016;0.283832674107386;0.0;0.0;0.2774130130976536;0.3004133502212238;0.0;0.0;0.2564240254850354;0.0;0.0;0.3301623464344355;0.4216737059113315;0.4175053550908803;0.0;0.2737389623204306;0.0;0.0;0.3087211648917785;0.0;0.0;0.395561268901836;0.2910005259598068;0.0;0.3110353031307354;0.4241294877876027;0.0;0.3758292111644607;0.0;0.6110066239883812;0.25359840604369605;0.3439174031069339;0.35027767465042614;0.0;0.0;0.0;0.33064761828491374;0.0;0.3741516711706238;0.29784394265625025;0.0;0.0;0.0;0.3758292111644607;0.38393700462026;0.4084987498303207;0.0;0.3602617962413725;0.45411544540676324;0.0;0.20918200840426326;0.5047968274322425;0.35027767465042614;0.29323955786821826;0.3250896029751627;0.414614827070459;0.45895952215793995;0.0;0.3167577433556624;1.0;0.0;0.3960095274885101;0.4020436495458191;0.0;0.5116536028404157;0.0;0.0;0.4053433851503116;0.0;0.2437536831278198;0.3209858051524176;0.3818111514417955;0.2942840624933535;0.6532979173433102;0.31509268286089304;0.34991971086655815;0.0;0.49781188536320187;0.0;0.3301623464344355;0.35027767465042614;0.24093528669176711;0.3400070693503117;0.3052479599450168;0.0;0.0;0.6532979173433102;0.22692401814290286;0.5039411730910721
GO:0035735;0.0;0.0;0.0;0.0;0.3855773354389354;0.0;0.0;0.4024070004238523;0.0;0.42908138832464554;0.0;0.0;0.0;0.0;0.0;0.0;0.0;0.0;0.0;0.0;0.5070735231079719;0.0;0.0;0.0;0.0;0.0;0.0;0.0;0.3855773354389354;0.48197631774948707;0.0;0.0;0.0;0.0;0.0;0.0;0.0;0.0;0.48458024718554527;0.4122517233397286;0.0;0.0;0.3855773354389354;0.3855773354389354;0.0;0.0;0.4122517233397286;0.2610185749042658;0.0;0.4024070004238523;0.0;0.0;0.0;0.0;0.6468395795146042;0.3855773354389354;0.0;0.28863536137074036;0.0;0.297295455479691;0.3441416964251768;0.0;0.0;0.0;0.0;0.0;0.41923666540876925;0.4876675842829656;0.0;0.0;0.0;0.45575577622543867;0.0;0.29473729434033974;0.41923666540876925;0.4122517233397286;0.0;0.41923666540876925;0.0;0.0;0.0;0.0;0.5979175846427074;0.0;0.0;0.0;0.30714017839556723;0.0;0.0;0.3855773354389354;0.0;0.0;0.0;0.0;0.0;0.0;0.0;0.0;0.0;0.0;1.0;0.0;0.0;0.26806290643954656;0.0;0.0;0.4928671133341394;0.0;0.4617073676978904;0.0;0.4328241782709224;0.0;0.0;0.0;0.0;0.0;0.0;0.0;0.32980920516080564;0.0;0.0;0.0;0.0;0.0;0.26806290643954656;0.4389261112405218;0.0;0.0;0.0
GO:0033674;0.0;0.0;0.31810466090612205;0.5480452288169197;0.35471240603141263;0.39740632054169855;0.39874724673334716;0.0;0.6425188549427263;0.0;0.39740632054169855;0.4095970403506633;0.6171067542317209;0.3791798625035932;0.48253427396398413;0.563311943985751;0.0;0.38902458541946944;0.43374587325288216;0.740330661432163;0.4762085937004491;0.3652846166275917;0.44797049276013307;0.3078974618538849;0.3623501975186763;0.33873839538766604;0.3960095274885101;0.38191758174843027;0.35471240603141263;0.0;0.4469214727811993;0.544662848230212;0.5527214665556901;0.43155092236201065;0.5402774974542128;0.3484549516426748;0.39874724673334716;0.39874724673334716;0.45371531777802243;0.0;0.35140151473959497;0.34334818470578143;0.0;0.0;0.3455951707958391;0.34858311830354227;0.0;0.0;0.2914302730053289;0.0;0.0;0.3847359781844829;0.38191758174843027;0.8217864975676805;0.0;0.35471240603141263;0.0;0.0;0.6238784836855853;0.0;0.0;0.4052014009861633;0.5797299128959399;0.0;0.5312635486088877;0.4753994512511192;0.0;0.45680265487544275;0.0;0.3750133168706052;0.31001372126089344;0.4248908468179159;0.41472125737709375;0.0;0.0;0.0;0.367906313199566;0.0;0.42542163463414034;0.35511502718676957;0.0;0.0;0.0;0.6005943506430353;0.3960095274885101;0.45562739572159305;0.0;0.41173523261022194;0.5012440912980356;0.0;0.5726287255319601;0.3960095274885101;0.41472125737709375;0.7394037751935527;0.455865877422002;0.4627845951527775;0.5203029095034095;0.0;0.38224244827337617;0.3960095274885101;0.0;1.0;0.39740632054169855;0.0;0.4820399173167614;0.0;0.0;0.5361196595971509;0.0;0.54356840303453;0.4019592488633996;0.5125874258886347;0.3484549516426748;0.38902458541946944;0.37959893772331904;0.41688188602867593;0.0;0.38902458541946944;0.0;0.6593485199276432;0.41472125737709375;0.29510617584108845;0.36222203085780874;0.3697542148074428;0.0;0.0;0.38902458541946944;0.29510617584108845;0.41472125737709375
GO:2000330;0.0;0.0;0.30528365624938114;0.4049763591668861;0.23923188436375753;0.4612684635351139;0.3848022061528339;0.0;0.3351688655392535;0.0;0.33618572891034626;0.47169581940441097;0.2965578781504288;0.38521398456090217;0.334565858395867;0.4202430743357174;0.0;0.39505870747677846;0.4439213128824353;0.3351688655392535;0.3976730652337016;0.39136473869939625;0.45359283640937376;0.23923188436375753;0.424448976572424;0.42224738076009266;0.5164043320562645;0.31655567254483385;0.23923188436375753;0.0;0.3857008811498471;0.4959610549490293;0.5040196732745075;0.5377043587103549;0.3972086278041791;0.5464649678986804;0.589912002401906;0.5719265962686924;0.3555497329457626;0.0;0.5225909713784826;0.5420473648463308;0.0;0.0;0.27423214052524;0.4532488990088873;0.0;0.0;0.41211756021434437;0.0;0.0;0.4861466160010882;0.6155588158152698;0.42072834618619565;0.0;0.23923188436375753;0.0;0.0;0.2610505663730804;0.0;0.0;0.3963004805396023;0.2878196533873931;0.0;0.26336470461203737;0.6204556162270642;0.0;0.3413221332077877;0.0;0.37774377064138326;0.29694628010799773;0.3094103251502608;0.35884696589976284;0.0;0.0;0.0;0.3810878400444147;0.0;0.41147659405362713;0.4900287535234676;0.0;0.0;0.0;0.41917708522876246;0.5812706813610555;0.3944068040902408;0.0;0.34306965512009463;0.44002349966668336;0.0;0.1637558359534413;0.4581083065422578;0.35884696589976284;0.2760474167469404;0.3078974618538849;0.4579627011347607;0.6306144494374968;0.0;0.4657514336458028;0.4020436495458191;0.0;0.39740632054169855;1.0;0.0;0.5285871234747817;0.0;0.0;0.38815124402903367;0.0;0.3011128257409857;0.3234237203966521;0.36461901032051763;0.33763193655765517;0.39505870747677846;0.2618032965255468;0.34821630853854857;0.0;0.45112336447321716;0.0;0.3674872693174387;0.35884696589976284;0.2842831607560688;0.6010882938536755;0.2519585736096705;0.0;0.0;0.39505870747677846;0.22374314557048924;0.45125153113408456
GO:0035335;0.0;0.0;0.0;0.0;0.26806290643954656;0.0;0.0;0.2848925714244635;0.0;0.29425202248986143;0.0;0.0;0.0;0.0;0.0;0.0;0.0;0.0;0.0;0.0;0.389559094108583;0.0;0.0;0.0;0.0;0.0;0.0;0.0;0.26806290643954656;0.34714695191470296;0.0;0.0;0.0;0.0;0.0;0.0;0.0;0.0;0.3670658181861564;0.27742235750494454;0.0;0.0;0.25074796960415136;0.26806290643954656;0.0;0.0;0.29473729434033974;0.3024613515179107;0.0;0.2848925714244635;0.0;0.0;0.0;0.0;0.35015895943079905;0.26806290643954656;0.0;0.5149526708281563;0.0;0.523612764937107;0.2689185607807169;0.0;0.0;0.0;0.0;0.0;0.2844072995739852;0.3701531552835767;0.0;0.0;0.0;0.33824134722604987;0.0;0.37129886611276536;0.2844072995739852;0.29473729434033974;0.0;0.3017222364093804;0.0;0.0;0.0;0.317950090311179;0.3185519013942973;0.0;0.0;0.0;0.5334574878529832;0.0;0.0;0.26806290643954656;0.0;0.0;0.0;0.0;0.0;0.0;0.0;0.0;0.0;0.0;0.26806290643954656;0.0;0.0;1.0;0.0;0.0;0.48609645738156015;0.0;0.34419293869850154;0.0;0.31530974927153355;0.0;0.0;0.0;0.0;0.0;0.0;0.0;0.2772473065057622;0.0;0.0;0.0;0.0;0.0;0.31512447086983963;0.4860275550732733;0.0;0.0;0.0
GO:0014015;0.0;0.0;0.40540599181771225;0.45266496274104134;0.46805429803900245;0.5285871234747817;0.3833890606340232;0.0;0.3370593883069738;0.0;0.38387433248450153;0.5390144793440786;0.3161278089173133;0.49482393785549883;0.4173732571288029;0.487561734275385;0.0;0.5046686607713751;0.56070376437318;0.3370593883069738;0.5895504857080389;0.47599833547445913;0.44992724349620433;0.3238654811388204;0.49176763651209165;0.46690480371034376;0.39796627822458136;0.38387433248450153;0.46805429803900245;0.0;0.4530195410895147;0.5364771603270364;0.5445357786525145;0.5722193430213591;0.4645272877438468;0.46647892132610563;0.522755551470282;0.522755551470282;0.5670572097856122;0.0;0.47394913524562454;0.32426810229417735;0.0;0.0;0.3415508004649076;0.37016992540512594;0.0;0.0;0.30739829229026444;0.0;0.0;0.36790032184075494;0.4862958301198526;0.47073206929046807;0.0;0.46805429803900245;0.0;0.0;0.3948142268557882;0.0;0.0;0.6926540715546537;0.3879419889557243;0.0;0.39712836509474514;0.4600412651517953;0.0;0.5701445468830326;0.0;0.4820074237819585;0.31773619341095005;0.5382327388255057;0.40350438885001394;0.0;0.0;0.0;0.36655939564910633;0.0;0.4100634485348164;0.3370593883069738;0.0;0.0;0.0;0.4950495778994401;0.39796627822458136;0.44209540766439603;0.0;0.42770325189515745;0.4877121032408386;0.0;0.2851326317290261;0.5254269664819254;0.40350438885001394;0.385657370041537;0.38922739034241677;0.48437140225436115;0.665129433748501;0.0;0.5104088565960538;0.5116536028404157;0.0;0.4820399173167614;0.5285871234747817;0.0;1.0;0.0;0.0;0.47278484080409655;0.0;0.3078914704950738;0.5153011408709894;0.44742640905345354;0.3598993201050116;0.5046686607713751;0.47331077336539645;0.41553496847821625;0.0;0.5452445789745454;0.0;0.36790032184075494;0.40350438885001394;0.3065505443034252;0.3581776605268772;0.4634660504495202;0.0;0.0;0.5046686607713751;0.2910618055101569;0.5185701910737522
GO:0050829;0.0;0.0;0.0;0.0;0.0;0.0;0.0;0.0;0.0;0.0;0.0;0.0;0.0;0.0;0.0;0.0;0.0;0.0;0.0;0.0;0.0;0.0;0.0;0.0;0.0;0.0;0.0;0.0;0.0;0.0;0.0;0.0;0.0;0.0;0.0;0.0;0.0;0.0;0.0;0.0;0.0;0.0;0.0;0.0;0.0;0.0;0.0;0.0;0.0;0.0;0.0;0.0;0.0;0.0;0.0;0.0;0.0;0.0;0.0;0.0;0.0;0.0;0.0;0.0;0.0;0.0;0.0;0.0;0.6586236923964142;0.0;0.0;0.0;0.0;0.0;0.0;0.0;0.0;0.0;0.0;0.0;0.0;0.0;0.0;0.0;0.0;0.0;0.0;0.0;0.0;0.0;0.0;0.0;0.0;0.0;0.0;0.0;0.0;0.0;0.0;0.0;0.0;0.0;0.0;0.0;0.0;1.0;0.0;0.0;0.0;0.0;0.44518995699180464;0.0;0.0;0.0;0.0;0.0;0.6228013720079981;0.0;0.0;0.0;0.0;0.0;0.0;0.0;0.0;0.0;0.0;0.0;0.0
GO:0006351;0.0;0.0;0.0;0.0;0.4928671133341394;0.0;0.0;0.5096967783190562;0.0;0.5363711662198495;0.0;0.0;0.0;0.0;0.0;0.0;0.0;0.0;0.0;0.0;0.6143633010031759;0.0;0.0;0.0;0.0;0.0;0.0;0.0;0.4928671133341394;0.589266095644691;0.0;0.0;0.0;0.0;0.0;0.0;0.0;0.0;0.5918700250807492;0.5195415012349325;0.0;0.0;0.4928671133341394;0.4928671133341394;0.0;0.0;0.5195415012349325;0.5228068065566407;0.0;0.5096967783190562;0.0;0.0;0.0;0.0;0.5922781031607871;0.4928671133341394;0.0;0.506668912312754;0.0;0.5153290064217046;0.42462891975872014;0.0;0.0;0.0;0.0;0.0;0.5265264433039731;0.5949573621781695;0.0;0.0;0.0;0.5630455541206427;0.0;0.49589356124219214;0.5265264433039731;0.5195415012349325;0.0;0.5265264433039731;0.0;0.0;0.0;0.4814386312507149;0.54335610828889;0.0;0.0;0.0;0.5251737293375809;0.0;0.0;0.4928671133341394;0.0;0.0;0.0;0.0;0.0;0.0;0.0;0.0;0.0;0.0;0.4928671133341394;0.0;0.0;0.48609645738156015;0.0;0.0;1.0;0.0;0.5689971455930944;0.0;0.5401139561661263;0.0;0.0;0.0;0.0;0.0;0.0;0.0;0.4370989830560096;0.0;0.0;0.0;0.0;0.0;0.5268199574680172;0.637329605817023;0.0;0.0;0.0
GO:0006355;0.0;0.0;0.39835844308127094;0.560084858880715;0.40546618086442887;0.38815124402903367;0.38949217022068233;0.0;0.43886049662999926;0.0;0.38815124402903367;0.4189308980124647;0.46392650003715574;0.38851372016539465;0.8600058296148485;0.8701854554157495;0.0;0.39835844308127094;0.4449059289568105;0.43886049662999926;0.5465924248989777;0.4428409460222687;0.45730435042193446;0.38815124402903367;0.3716840551804777;0.4222958458493458;0.4053433851503116;0.3726625052357654;0.40546618086442887;0.0;0.5346202408151233;0.5354077717175472;0.5434663900430253;0.4222958458493458;0.8030335174871553;0.42601128103735175;0.38949217022068233;0.38949217022068233;0.5044690926110388;0.0;0.4316552969147438;0.33409310819311655;0.0;0.0;0.42315150019051617;0.4321405687652221;0.0;0.0;0.3716840551804777;0.0;0.0;0.3754809016718181;0.38815124402903367;0.5758368459000246;0.0;0.40546618086442887;0.0;0.0;0.4239811945872208;0.0;0.0;0.45595517581917966;0.5357406800755666;0.0;0.42629533282617776;0.4661443747384544;0.0;0.507556429708459;0.0;0.38286970428800265;0.38532562458769437;0.4756446216509322;0.40546618086442887;0.0;0.0;0.0;0.3726625052357654;0.0;0.4161665581214755;0.3458599506741047;0.0;0.0;0.0;0.507556429708459;0.4053433851503116;0.4463723192089283;0.0;0.4919890147853708;0.4919890147853708;0.0;0.32444203809970557;0.4053433851503116;0.40546618086442887;0.5334560611613794;0.7877424714314065;0.5463420456144573;0.6133479776913549;0.0;0.4657998987350559;0.4053433851503116;0.0;0.5361196595971509;0.38815124402903367;0.0;0.47278484080409655;0.0;0.0;1.0;0.0;0.4556901616149162;0.47234308006192827;0.8900589815394991;0.42601128103735175;0.39835844308127094;0.4303527125563354;0.4971356682038247;0.0;0.39835844308127094;0.0;0.4556901616149162;0.40546618086442887;0.3726625052357654;0.3688584357391384;0.4205079896404591;0.0;0.0;0.39835844308127094;0.3726625052357654;0.40546618086442887
GO:0048469;0.5225050049415649;0.5393346699264818;0.0;0.0;0.4617073676978904;0.0;0.0;0.5930932384420684;0.0;0.6197676263428616;0.0;0.0;0.0;0.0;0.0;0.0;0.37831618804138295;0.0;0.0;0.0;0.5832035553669268;0.0;0.0;0.0;0.0;0.0;0.0;0.0;0.4617073676978904;0.6726625557677032;0.0;0.0;0.0;0.0;0.0;0.0;0.0;0.0;0.5607102794445002;0.6029379613579446;0.0;0.0;0.5762635734571515;0.5762635734571515;0.0;0.0;0.6029379613579446;0.33714860716322076;0.0;0.5930932384420684;0.5225050049415649;0.0;0.0;0.0;0.5611183575245381;0.4617073676978904;0.5225050049415649;0.36476539362969534;0.0;0.373425487738646;0.5676316100720564;0.0;0.0;0.59863503720052;0.0;0.0;0.6099229034269853;0.5637976165419205;0.0;0.0;0.0;0.5318858084843936;0.0;0.3708673265992947;0.49536669766772423;0.6029379613579446;0.0;0.6099229034269853;0.0;0.0;0.0;0.0;0.5121963626526411;0.0;0.0;0.0;0.3832702106545222;0.0;0.0;0.5762635734571515;0.0;0.0;0.0;0.0;0.0;0.0;0.0;0.5225050049415649;0.0;0.0;0.4617073676978904;0.0;0.0;0.34419293869850154;0.0;0.0;0.5689971455930944;0.0;1.0;0.0;0.5089542105298774;0.0;0.0;0.0;0.0;0.0;0.0;0.5068880994874292;0.4059392374197606;0.0;0.0;0.0;0.0;0.0;0.34419293869850154;0.5150561434994767;0.0;0.0;0.0
GO:0046329;0.0;0.0;0.3089543274871695;0.44618548481785486;0.24057281055540614;0.24057281055540614;0.4722665565155312;0.0;0.45896633889427585;0.0;0.24057281055540614;0.2573411959899729;0.6817269537086883;0.22692401814290286;0.4758436766593267;0.4137618720270545;0.0;0.23676874105877915;0.2800125586477878;0.45896633889427585;0.3948726738531061;0.4285104407701127;0.4520071682547806;0.3002374776279056;0.2100943531579859;0.3325558814060908;0.2437536831278198;0.22656154200654188;0.24057281055540614;0.0;0.4425651568417511;0.3836880206716755;0.3917466389971537;0.27289121433359137;0.39342487827598804;0.27991031780812825;0.24339120699145883;0.24339120699145883;0.35506446109528433;0.0;0.28407686344111627;0.19110901900432897;0.0;0.0;0.3367152040337921;0.28273593724946766;0.0;0.0;0.35089813422005556;0.0;0.0;0.2305999209786624;0.3011128257409857;0.6054303058905667;0.0;0.24057281055540614;0.0;0.0;0.26508894534520083;0.0;0.0;0.3507264725826564;0.48259665607514507;0.0;0.2674030835841578;0.3200434115092309;0.0;0.3426630593994363;0.0;0.2239774550459827;0.46248122306589506;0.31075125134190945;0.2560615493486744;0.0;0.0;0.0;0.274310271179325;0.0;0.4018360528693195;0.2020034135127573;0.0;0.0;0.0;0.49736724202854715;0.32076088716195533;0.29879388573530075;0.0;0.40407524838424275;0.3444105813117433;0.0;0.16969110642992985;0.2437536831278198;0.2560615493486744;0.6621620527318446;0.44917528011734453;0.6393550775157189;0.458597046021579;0.0;0.3760599342918009;0.2437536831278198;0.0;0.54356840303453;0.3011128257409857;0.0;0.3078914704950738;0.0;0.0;0.4556901616149162;0.0;1.0;0.3206233290160566;0.4336353981508042;0.5023641970161996;0.23676874105877915;0.26131802467506854;0.40922190180269663;0.0;0.23676874105877915;0.0;0.5722522291957839;0.2560615493486744;0.44901542121461324;0.30098465908011823;0.25147330175919225;0.0;0.0;0.23676874105877915;0.28622620907904134;0.2560615493486744
GO:0007602;0.0;0.0;0.31400086308337694;0.392214350653192;0.5657838413719714;0.3234237203966521;0.3206233290160566;0.4496538432558393;0.27098998840247623;0.47632823115663253;0.3234237203966521;0.33457331801457074;0.3100672603584969;0.30415614016750064;0.4146163768565175;0.42479600265741846;0.0;0.31400086308337694;0.3628634684890338;0.27098998840247623;0.6872800290410077;0.373972104817643;0.3729467704240405;0.3234237203966521;0.28732647518258375;0.3629146223709856;0.3209858051524176;0.3037936640311397;0.5657838413719714;0.5292231605814741;0.48241151553291123;0.4831990464353352;0.49125766476081334;0.3629146223709856;0.39993535808375325;0.3571424398327261;0.3206233290160566;0.3206233290160566;0.6647867531185812;0.4594985661717156;0.36692777328236226;0.256978719853612;0.4328241782709224;0.4328241782709224;0.35428265898589045;0.3727593452868619;0.4594985661717156;0.30826541773625277;0.28732647518258375;0.4496538432558393;0.0;0.3033083921806614;0.3037936640311397;0.4079663376725015;0.5322351680975701;0.5657838413719714;0.0;0.33588220420272735;0.3747424097481075;0.344542298311678;0.39138853925716377;0.4984714758860725;0.3678701718480436;0.0;0.3770565479870645;0.3972755335338287;0.46648350824075624;0.6678740902160014;0.5283130785127157;0.29668592624798173;0.3131531150965377;0.6359622821584745;0.3460849573860687;0.34198413717232673;0.46648350824075624;0.4594985661717156;0.2864787271957445;0.46648350824075624;0.34729771691684985;0.27098998840247623;0.0;0.0;0.48331317322567313;0.47497776079175946;0.3209858051524176;0.3816447955765467;0.3543870212275542;0.4272614911529892;0.4272614911529892;0.4328241782709224;0.2650608146213454;0.3209858051524176;0.3460849573860687;0.36558555293385636;0.3846443120280044;0.4869608221360971;0.5712816910483898;0.0;0.4064186752566957;0.3209858051524176;0.4328241782709224;0.4019592488633996;0.3234237203966521;0.31530974927153355;0.5153011408709894;0.44518995699180464;0.5401139561661263;0.47234308006192827;0.5089542105298774;0.3206233290160566;1.0;0.4446695287811681;0.3571424398327261;0.31400086308337694;0.4532389562577158;0.43240814457144316;0.5480112559577978;0.3830947109999665;0.37705604799279263;0.3033083921806614;0.3460849573860687;0.3037936640311397;0.28119718745471345;0.4433942333418395;0.31530974927153355;0.48617295407250877;0.31400086308337694;0.3037936640311397;0.3460849573860687
GO:0006357;0.0;0.0;0.37482620937275485;0.5324113075999548;0.3801077491137859;0.36461901032051763;0.36743740675657033;0.0;0.41680573316588726;0.0;0.36461901032051763;0.39539866430394865;0.4430917191091115;0.3649814864568786;0.7923561045092766;0.8025357303101776;0.0;0.37482620937275485;0.4195474972061675;0.41680573316588726;0.5189188736182175;0.4207861825581567;0.4337721167134184;0.36461901032051763;0.34815182147196166;0.39693741409870287;0.3818111514417955;0.3506077417716534;0.3801077491137859;0.0;0.5069466895343631;0.507734220436787;0.5157928387622651;0.39693741409870287;0.8706832425927273;0.40395651757323975;0.36743740675657033;0.36743740675657033;0.4791106608603958;0.0;0.4081230632062277;0.31515521876944047;0.0;0.0;0.4010967367264041;0.4067821370145791;0.0;0.0;0.34815182147196166;0.0;0.0;0.3546461207437739;0.36461901032051763;0.5504784141493816;0.0;0.3801077491137859;0.0;0.0;0.4019264311231088;0.0;0.0;0.43059674406853665;0.5103822483249237;0.0;0.4042405693620657;0.4440896112743423;0.0;0.48219799795781604;0.0;0.3608149408238906;0.3644908436596501;0.45028618990028924;0.3801077491137859;0.0;0.0;0.0;0.3506077417716534;0.0;0.39411179465736346;0.3260496132778688;0.0;0.0;0.0;0.48219799795781604;0.3818111514417955;0.4228400855004122;0.0;0.46845678107685473;0.46845678107685473;0.0;0.3046317007034697;0.3818111514417955;0.3801077491137859;0.5099238274528634;0.8553921965369784;0.5209836138638143;0.5826432457866905;0.0;0.44044146698441294;0.3818111514417955;0.0;0.5125874258886347;0.36461901032051763;0.0;0.44742640905345354;0.0;0.0;0.8900589815394991;0.0;0.4336353981508042;0.4446695287811681;1.0;0.40395651757323975;0.37482620937275485;0.4026791612755752;0.4736034344953087;0.0;0.37482620937275485;0.0;0.4336353981508042;0.3801077491137859;0.3506077417716534;0.34802365481109415;0.39283443835969895;0.0;0.0;0.37482620937275485;0.3506077417716534;0.3801077491137859
GO:0090090;0.0;0.0;0.3782771139325024;0.3458825516286155;0.2925806601653439;0.2770919213720756;0.44862576898610335;0.0;0.39485111080027885;0.0;0.2770919213720756;0.30787157535550663;0.5246118039873033;0.27745439750843653;0.4630680400632211;0.3840829914494901;0.0;0.2872991204243128;0.33202040825772555;0.39485111080027885;0.43139178466977557;0.6820285734161726;0.4560559074277754;0.36956026407323855;0.26062473252351964;0.40601998542366785;0.2942840624933535;0.26308065282321136;0.2925806601653439;0.0;0.5213755610133495;0.420207131488345;0.42826574981382315;0.3094103251502608;0.36374599769842364;0.3164294286247977;0.27991031780812825;0.27991031780812825;0.39158357191195375;0.0;0.32059597425778574;0.22762812982099845;0.0;0.0;0.4027343221925941;0.3192550480661371;0.0;0.0;0.35312067535092345;0.0;0.0;0.2671190317953318;0.37043561218631865;0.36725332646457315;0.0;0.2925806601653439;0.0;0.0;0.31439934217466675;0.0;0.0;0.4027343221925941;0.32715716064011524;0.0;0.31671348041362374;0.35656252232590036;0.0;0.39467090900937407;0.0;0.2732878518754486;0.43884043553646723;0.36275910095184716;0.2925806601653439;0.0;0.0;0.0;0.3236206680087909;0.0;0.7830890104338093;0.23852252432942678;0.0;0.0;0.0;0.5833501443962938;0.371291266527489;0.33531299655197017;0.0;0.47339803482957565;0.3809296921284127;0.0;0.21710461175502765;0.2942840624933535;0.2925806601653439;0.40185214563382265;0.43492217327683497;0.7509691573159807;0.4951161568382485;0.0;0.449524038309378;0.2942840624933535;0.0;0.3484549516426748;0.33763193655765517;0.0;0.3598993201050116;0.0;0.0;0.42601128103735175;0.0;0.5023641970161996;0.3571424398327261;0.40395651757323975;1.0;0.2872991204243128;0.31515207232713316;0.4785446882480296;0.0;0.2872991204243128;0.0;0.42899571262059094;0.2925806601653439;0.5349983235823599;0.36430632445844835;0.30530734941125687;0.0;0.0;0.2872991204243128;0.35224532723784335;0.2925806601653439
GO:0032735;0.0;0.0;0.5184918050221439;0.3924533064724129;0.26675402025138994;0.3432927325813855;0.34049234120079;0.0;0.2908590005872096;0.0;0.3236626762158731;0.5113993982253551;0.24622506201708644;0.6364682523583933;0.3447730574481042;0.44466501484215176;0.0;0.6463129752742696;0.5528631679629691;0.2908590005872096;0.3882502079204264;0.40826577266454794;0.42891302782284224;0.24943908341599474;0.43735000083170744;0.2662687484009117;0.3769520625512193;0.3432927325813855;0.26675402025138994;0.0;0.3762780238365719;0.47626550405840795;0.48432412238388606;0.36012239756630243;0.4198043702684866;0.3586324320509675;0.4315184288272078;0.4315184288272078;0.3657569319979998;0.0;0.3642764479283595;0.27684773203834534;0.0;0.0;0.27042807102861294;0.29342840815218313;0.0;0.0;0.24943908341599474;0.0;0.0;0.3231774043653948;0.41468876384229086;0.41052041302183967;0.0;0.26675402025138994;0.0;0.0;0.3017362228227378;0.0;0.0;0.38857632683279536;0.28401558389076614;0.0;0.30405036106169475;0.417144545718562;0.0;0.36884426909542006;0.0;0.6040216819193406;0.2466134639746554;0.33693246103789326;0.3432927325813855;0.0;0.0;0.0;0.3236626762158731;0.0;0.36716672910158316;0.2908590005872096;0.0;0.0;0.0;0.36884426909542006;0.3769520625512193;0.40151380776128004;0.0;0.35327685417233184;0.4471305033377226;0.0;0.2021970663352226;0.49781188536320187;0.3432927325813855;0.2862546157991776;0.31810466090612205;0.40762988500141834;0.4519745800888993;0.0;0.30977280128662177;0.6532979173433102;0.0;0.38902458541946944;0.39505870747677846;0.0;0.5046686607713751;0.0;0.0;0.39835844308127094;0.0;0.23676874105877915;0.31400086308337694;0.37482620937275485;0.2872991204243128;1.0;0.3081077407918524;0.3429347687975175;0.0;0.4908269432941612;0.0;0.3231774043653948;0.3432927325813855;0.23395034462272646;0.33302212728127106;0.29826301787597614;0.0;0.0;0.6463129752742696;0.2199390760738622;0.4969562310220315
GO:0048873;0.0;0.0;0.3081077407918524;0.3305939267820866;0.40599211342572883;0.2814333528910592;0.27863296151046374;0.0;0.2289996208968833;0.0;0.2618032965255468;0.3286801957230462;0.268076892852904;0.29826301787597614;0.37262600935092455;0.3828056351518255;0.0;0.3081077407918524;0.36000152682141334;0.2289996208968833;0.5274883010947653;0.3319817373120501;0.36705364813251595;0.2814333528910592;0.2814333528910592;0.29826301787597614;0.31509268286089304;0.2444883596901516;0.40599211342572883;0.0;0.4136185934656577;0.41440612436808166;0.42246474269355977;0.29826301787597614;0.3579449905781603;0.29783713549173796;0.26131802467506854;0.26131802467506854;0.5049950251723387;0.0;0.30530734941125687;0.21498835234801905;0.0;0.0;0.2949773546449023;0.33076897778126896;0.0;0.0;0.2814333528910592;0.0;0.0;0.26131802467506854;0.2814333528910592;0.3486610333315134;0.0;0.40599211342572883;0.0;0.0;0.3768311918063303;0.0;0.0;0.45648110838047956;0.34550986070796313;0.0;0.3791453300452872;0.35528516602823573;0.0;0.508082362269759;0.0;0.28847768442634;0.2711627475909448;0.47617055421223214;0.2814333528910592;0.0;0.0;0.0;0.2618032965255468;0.0;0.30530734941125687;0.2289996208968833;0.0;0.0;0.0;0.46579106891482996;0.31509268286089304;0.33965442807095375;0.0;0.3852711236473963;0.3852711236473963;0.0;0.2618032965255468;0.31509268286089304;0.2814333528910592;0.34091012226365863;0.34265394452241144;0.44497045463050416;0.4964876479141333;0.0;0.3417670707616862;0.31509268286089304;0.0;0.37959893772331904;0.2618032965255468;0.0;0.47331077336539645;0.0;0.0;0.4303527125563354;0.0;0.26131802467506854;0.4532389562577158;0.4026791612755752;0.31515207232713316;0.3081077407918524;1.0;0.37078772070033783;0.0;0.35757153234292954;0.0;0.26131802467506854;0.2814333528910592;0.2618032965255468;0.2711627475909448;0.7416434175771263;0.0;0.0;0.3081077407918524;0.2444883596901516;0.3040945898804758
GO:0043066;0.0;0.0;0.4339127623057071;0.41700693879508843;0.34821630853854857;0.34821630853854857;0.3495572347301972;0.0;0.3059250151836196;0.0;0.34821630853854857;0.3635072237287113;0.4314695087738004;0.3330900458816412;0.536018625271821;0.453729908371559;0.0;0.3429347687975175;0.3876560566309302;0.3059250151836196;0.5066574894084926;0.40290601053178354;0.40188067613818107;0.44482596881195563;0.3162603808967243;0.4843168707862891;0.34991971086655815;0.3327275697452803;0.34821630853854857;0.0;0.6038137639482147;0.49547283622706206;0.5035314545525402;0.38236091035886066;0.43217293208442475;0.38607634554686665;0.3495572347301972;0.3495572347301972;0.4645341571205536;0.0;0.3917203614242587;0.29415817270263145;0.0;0.0;0.47568490740119396;0.39220563327473695;0.0;0.0;0.3162603808967243;0.0;0.0;0.3355459661813329;0.3327275697452803;0.4369002433866421;0.0;0.34821630853854857;0.0;0.0;0.3700349905478714;0.0;0.0;0.45836997056579876;0.39680407756218417;0.0;0.3723491287868284;0.4262094392479693;0.0;0.45030655738257874;0.0;0.32892350024865324;0.3453906890972092;0.41839474932505183;0.36553124537394377;0.0;0.0;0.0;0.31871630119641603;0.0;0.3762316226309904;0.3059250151836196;0.0;0.0;0.0;0.46762149421797394;0.34991971086655815;0.4064373837184431;0.0;0.5486637395682927;0.45205407929488567;0.0;0.2727402601282323;0.34991971086655815;0.36553124537394377;0.4714990625558916;0.506046560443308;0.6083630705514006;0.5734130422008697;0.0;0.5278209236719993;0.34991971086655815;0.0;0.41688188602867593;0.34821630853854857;0.0;0.41553496847821625;0.0;0.0;0.4971356682038247;0.0;0.40922190180269663;0.43240814457144316;0.4736034344953087;0.4785446882480296;0.3429347687975175;0.37078772070033783;1.0;0.0;0.3429347687975175;0.0;0.3355459661813329;0.36553124537394377;0.4251959124464432;0.3161322142358568;0.36094299778446154;0.0;0.0;0.3429347687975175;0.7891180522799559;0.36553124537394377
GO:0045087;0.0;0.0;0.0;0.0;0.0;0.0;0.0;0.0;0.0;0.0;0.0;0.0;0.0;0.0;0.0;0.0;0.0;0.0;0.0;0.0;0.0;0.0;0.0;0.0;0.0;0.0;0.0;0.0;0.0;0.664227145875052;0.0;0.0;0.0;0.0;0.0;0.0;0.0;0.0;0.0;0.5945025514652936;0.0;0.0;0.0;0.0;0.0;0.0;0.0;0.0;0.0;0.0;0.0;0.0;0.0;0.0;0.6672391533911481;0.0;0.0;0.0;0.0;0.0;0.0;0.0;0.0;0.0;0.0;0.0;0.0;0.0;0.6892643776064954;0.0;0.0;0.0;0.0;0.0;0.0;0.0;0.0;0.0;0.0;0.0;0.0;0.0;0.0;0.0;0.0;0.0;0.0;0.0;0.0;0.0;0.0;0.0;0.0;0.0;0.0;0.0;0.0;0.0;0.0;0.0;0.0;0.0;0.0;0.0;0.0;0.6228013720079981;0.0;0.0;0.0;0.0;0.5480112559577978;0.0;0.0;0.0;0.0;0.0;1.0;0.0;0.5543513266412996;0.0;0.0;0.0;0.0;0.0;0.0;0.0;0.0;0.0;0.0
GO:0072034;0.4307580672284742;0.44758773221339115;0.3843917761443502;0.3924533064724129;0.3358478681679795;0.47792591903487774;0.34049234120079;0.44758773221339115;0.2908590005872096;0.4742621201141843;0.3236626762158731;0.5251727618668647;0.24622506201708644;0.480982220378285;0.3447730574481042;0.44466501484215176;0.31154560684782595;0.4908269432941612;0.5528631679629691;0.2908590005872096;0.457344055837016;0.6589841933104775;0.42891302782284224;0.24943908341599474;0.6984157058185709;0.38764152091668674;0.3769520625512193;0.3432927325813855;0.3358478681679795;0.5271570495390259;0.3762780238365719;0.47626550405840795;0.48432412238388606;0.4947555840197947;0.4198043702684866;0.41852439845066775;0.44529179246871753;0.44529179246871753;0.43485077991458937;0.4574324551292674;0.42830973190030386;0.27684773203834534;0.3979543915998107;0.4307580672284742;0.27042807102861294;0.29342840815218313;0.4574324551292674;0.0;0.24943908341599474;0.44758773221339115;0.4307580672284742;0.3231774043653948;0.4284621274838006;0.41052041302183967;0.0;0.3358478681679795;0.4307580672284742;0.0;0.3172249616160061;0.0;0.404811167007984;0.4847584655204217;0.2980268524396304;0.5068880994874292;0.31953909985496304;0.417144545718562;0.46441739719830805;0.43793811701200963;0.0;0.4640243887325006;0.2466134639746554;0.40602630895448283;0.3432927325813855;0.0;0.0;0.4574324551292674;0.3236626762158731;0.46441739719830805;0.36716672910158316;0.2908590005872096;0.0;0.0;0.0;0.38847432546093247;0.3769520625512193;0.40151380776128004;0.0;0.35327685417233184;0.4471305033377226;0.4307580672284742;0.21498835234801905;0.5115852490047116;0.3432927325813855;0.29904590181197405;0.31810466090612205;0.40762988500141834;0.585866150954844;0.4307580672284742;0.4311455738023968;0.49781188536320187;0.0;0.38902458541946944;0.45112336447321716;0.0;0.5452445789745454;0.0;0.0;0.39835844308127094;0.5068880994874292;0.23676874105877915;0.3830947109999665;0.37482620937275485;0.2872991204243128;0.4908269432941612;0.35757153234292954;0.3429347687975175;0.0;1.0;0.0;0.3231774043653948;0.3432927325813855;0.23395034462272646;0.33302212728127106;0.3477268094270533;0.0;0.0;0.4908269432941612;0.2199390760738622;0.5107295946635413
GO:0042098;0.0;0.0;0.0;0.0;0.32980920516080564;0.0;0.0;0.34663887014572253;0.0;0.3733132580465157;0.0;0.0;0.0;0.0;0.0;0.0;0.0;0.0;0.0;0.0;0.4513053928298421;0.0;0.0;0.0;0.0;0.0;0.0;0.0;0.32980920516080564;0.7344813037005677;0.0;0.0;0.0;0.0;0.0;0.0;0.0;0.0;0.42881211690741544;0.5917512260695383;0.0;0.0;0.32980920516080564;0.32980920516080564;0.0;0.0;0.35648359306159877;0.2633642046177655;0.0;0.34663887014572253;0.0;0.0;0.0;0.0;0.5964003897549843;0.32980920516080564;0.0;0.29781976143695604;0.0;0.3064798555459066;0.3265235419297318;0.0;0.0;0.0;0.0;0.0;0.3634685351306394;0.43189945400483576;0.5079874929087539;0.0;0.0;0.3999876459473089;0.0;0.3039216944065554;0.3634685351306394;0.35648359306159877;0.0;0.3634685351306394;0.0;0.0;0.0;0.0;0.3802982001155563;0.0;0.0;0.0;0.3163245784617829;0.0;0.0;0.32980920516080564;0.0;0.0;0.0;0.0;0.0;0.0;0.0;0.0;0.0;0.0;0.32980920516080564;0.0;0.0;0.2772473065057622;0.0;0.0;0.4370989830560096;0.0;0.4059392374197606;0.0;0.37705604799279263;0.0;0.0;0.0;0.0;0.0;0.5543513266412996;0.0;1.0;0.0;0.0;0.0;0.0;0.0;0.2772473065057622;0.383157980962392;0.0;0.0;0.0
GO:0070374;0.0;0.0;0.23676874105877915;0.55730781488123;0.24057281055540614;0.31607040069435555;0.6072175815815457;0.0;0.5718855949830236;0.0;0.31607040069435555;0.3437498592965886;0.5944998361668876;0.31333268144951854;0.4035822462261536;0.5010546424391631;0.0;0.3231774043653948;0.3697248902409344;0.5718855949830236;0.3775577370177109;0.4458253776055079;0.49005255775980305;0.22656154200654188;0.2965030164646016;0.2574024755403231;0.3301623464344355;0.31607040069435555;0.24057281055540614;0.0;0.3655855529338564;0.46332692838286904;0.4713855467083472;0.3502150025146677;0.47802019590762473;0.2671190317953318;0.3174113268860042;0.3174113268860042;0.33957572230201605;0.0;0.270065594892252;0.2620122648584384;0.0;0.0;0.2642592509484962;0.2672471984561994;0.0;0.0;0.3011128257409857;0.0;0.0;0.30340005833713996;0.4044322625183463;0.7511532376079779;0.0;0.24057281055540614;0.0;0.0;0.26508894534520083;0.0;0.0;0.2910618055101569;0.5022267124406574;0.0;0.2674030835841578;0.39406353140377626;0.0;0.3426630593994363;0.0;0.30768866557212654;0.48211127943140747;0.31075125134190945;0.33338533752975075;0.0;0.0;0.0;0.3519985305241704;0.0;0.5175866594106087;0.27377910733942656;0.0;0.0;0.0;0.5200284790179637;0.4011465992872726;0.37429147587425016;0.0;0.33039931276287904;0.4199081714506927;0.0;0.16969110642992985;0.3301623464344355;0.33338533752975075;0.5803644579873167;0.3781338322202392;0.558814094923962;0.4389669896560666;0.0;0.30090652842603316;0.3301623464344355;0.0;0.6593485199276432;0.3674872693174387;0.0;0.36790032184075494;0.0;0.0;0.4556901616149162;0.0;0.5722522291957839;0.3033083921806614;0.4336353981508042;0.42899571262059094;0.3231774043653948;0.26131802467506854;0.3355459661813329;0.0;0.3231774043653948;0.0;1.0;0.33338533752975075;0.3756469368190046;0.39416165721823193;0.25147330175919225;0.0;0.0;0.3231774043653948;0.21377025599374544;0.33338533752975075
GO:0071864;0.0;0.0;0.24943908341599474;0.4276375961563027;0.25654682119915273;0.35884696589976284;0.35301539389526315;0.0;0.29924073570943865;0.0;0.575581883934282;0.3638651875125793;0.24880914897764567;0.3334480096655092;0.3500545971891353;0.4375580111711126;0.0;0.3432927325813855;0.3951865186109465;0.29924073570943865;0.4203343022231182;0.3094103251502608;0.40223863992204906;0.25654682119915273;0.3166183446805923;0.293006542549582;0.35027767465042614;0.33618572891034626;0.25654682119915273;0.0;0.6310731546586629;0.7877909419671411;0.536823348903171;0.4024791854463403;0.4126973665974474;0.2925806601653439;0.35301539389526315;0.35301539389526315;0.375179789311275;0.0;0.30005087408486286;0.47368436038902895;0.0;0.0;0.28972087931850826;0.3028512654654583;0.0;0.0;0.22276469551520156;0.0;0.0;0.5328053187288748;0.33618572891034626;0.44035840255170805;0.0;0.25654682119915273;0.0;0.0;0.27506183492194464;0.0;0.0;0.30703581615390346;0.3033083921806614;0.0;0.2773759731609016;0.42966759841303526;0.0;0.3586370700431829;0.0;0.3236626762158731;0.2504175334712824;0.326725261985656;0.617873177289211;0.0;0.0;0.0;0.31655567254483385;0.0;0.3796897817960564;0.49331441675454135;0.0;0.0;0.0;0.3782671264086953;0.35027767465042614;0.4170680410796574;0.0;0.36038459195548983;0.46268473665609994;0.0;0.17552267843442942;0.35027767465042614;0.3856495204614234;0.28883870275973683;0.32190873040274914;0.4170527423146935;0.4912311725877393;0.0;0.33651059543529216;0.35027767465042614;0.0;0.41472125737709375;0.35884696589976284;0.0;0.40350438885001394;0.0;0.0;0.40546618086442887;0.0;0.2560615493486744;0.3460849573860687;0.3801077491137859;0.2925806601653439;0.3432927325813855;0.2814333528910592;0.36553124537394377;0.0;0.3432927325813855;0.0;0.33338533752975075;1.0;0.23923188436375753;0.3063477393804779;0.2715886299751829;0.0;0.0;0.3432927325813855;0.23923188436375753;0.617873177289211
GO:0033147;0.0;0.0;0.32492833813091604;0.2925337758270291;0.23923188436375753;0.22374314557048924;0.395276993184517;0.0;0.3415023349986925;0.0;0.22374314557048924;0.25452279955392026;0.471263028185717;0.22410562170685017;0.40971926426163474;0.33073421564790373;0.0;0.23395034462272646;0.2786716324561392;0.3415023349986925;0.3780430088681892;0.44862576898610335;0.40270713162618904;0.3162114882716522;0.20727595672193327;0.3526712096220815;0.24093528669176711;0.209731877021625;0.23923188436375753;0.0;0.4680267852117631;0.3668583556867586;0.3749169740122368;0.2560615493486744;0.31039722189683727;0.26308065282321136;0.22656154200654188;0.22656154200654188;0.3382347961103674;0.0;0.2672471984561994;0.17427935401941208;0.0;0.0;0.3493855463910077;0.2659062722645507;0.0;0.0;0.2997718995493371;0.0;0.0;0.21377025599374544;0.3170868363847323;0.3139045506629868;0.0;0.23923188436375753;0.0;0.0;0.2610505663730804;0.0;0.0;0.3493855463910077;0.2738083848385289;0.0;0.26336470461203737;0.303213746524314;0.0;0.3413221332077877;0.0;0.2199390760738622;0.38549165973488086;0.3094103251502608;0.23923188436375753;0.0;0.0;0.0;0.27027189220720454;0.0;0.4219513810853102;0.1851737485278404;0.0;0.0;0.0;0.5300013685947074;0.31794249072590264;0.2819642207503838;0.0;0.4200492590279893;0.32758091632682634;0.0;0.1637558359534413;0.24093528669176711;0.23923188436375753;0.3485033698322363;0.3815733974752486;0.6976203815143944;0.44176738103666213;0.0;0.3961752625077916;0.24093528669176711;0.0;0.29510617584108845;0.2842831607560688;0.0;0.3065505443034252;0.0;0.0;0.3726625052357654;0.0;0.44901542121461324;0.3037936640311397;0.3506077417716534;0.5349983235823599;0.23395034462272646;0.2618032965255468;0.4251959124464432;0.0;0.23395034462272646;0.0;0.3756469368190046;0.23923188436375753;1.0;0.310957548656862;0.2519585736096705;0.0;0.0;0.23395034462272646;0.298896551436257;0.23923188436375753
GO:0002827;0.0;0.0;0.2466134639746554;0.3596496308437494;0.23395034462272646;0.3063477393804779;0.41147659405362713;0.0;0.3618432534400467;0.0;0.2908590005872096;0.35359458221246487;0.32323226605122196;0.3231774043653948;0.3179705028864435;0.4118613392134883;0.0;0.33302212728127106;0.37956961315681065;0.3618432534400467;0.35544653229176293;0.3811359894433653;0.49989728067567935;0.2199390760738622;0.3063477393804779;0.23676874105877915;0.3400070693503117;0.3063477393804779;0.23395034462272646;0.0;0.3434743482079084;0.43397421070347897;0.4420328290289571;0.3231774043653948;0.39030436292635406;0.3862251441726267;0.42459189293012484;0.42459189293012484;0.3329532563693363;0.0;0.3903916898056147;0.37826222060307535;0.0;0.0;0.24586994253482836;0.40636570044936127;0.0;0.0;0.3468876369199046;0.0;0.0;0.42459189293012484;0.5204231235280059;0.38102040567970713;0.0;0.23395034462272646;0.0;0.0;0.2749336682610771;0.0;0.0;0.2844393395774772;0.25945745539698156;0.0;0.27724780650003406;0.518559034283292;0.0;0.3360405934667566;0.0;0.3175333884880028;0.3236206680087909;0.3041287854092298;0.3063477393804779;0.0;0.0;0.0;0.4250771647806031;0.0;0.43815098195442026;0.3922734891519396;0.0;0.0;0.0;0.4458514731295556;0.6675512994521728;0.36456881456037243;0.0;0.3237768468301993;0.410185510136815;0.0;0.17953582934580614;0.3400070693503117;0.3063477393804779;0.26359337880976114;0.29354653241233747;0.48463708903555386;0.4150295868879917;0.0;0.28027279394448923;0.3400070693503117;0.0;0.36222203085780874;0.6010882938536755;0.0;0.3581776605268772;0.0;0.0;0.3688584357391384;0.0;0.30098465908011823;0.28119718745471345;0.34802365481109415;0.36430632445844835;0.33302212728127106;0.2711627475909448;0.3161322142358568;0.0;0.33302212728127106;0.0;0.39416165721823193;0.3063477393804779;0.310957548656862;1.0;0.26131802467506854;0.0;0.0;0.33302212728127106;0.19538094758007762;0.3236626762158731
GO:0030277;0.0;0.0;0.29826301787597614;0.32074920386621036;0.39614739050985254;0.2715886299751829;0.26878823859458745;0.0;0.219154897981007;0.0;0.2519585736096705;0.3188354728071699;0.25823216993702774;0.28841829496009985;0.3627812864350483;0.37296091223594924;0.39556893884399297;0.29826301787597614;0.3501568039055371;0.219154897981007;0.5176435781788891;0.3221370143961738;0.35720892521663966;0.2715886299751829;0.2715886299751829;0.28841829496009985;0.3052479599450168;0.2346436367742753;0.39614739050985254;0.0;0.4037738705497815;0.40456140145220537;0.41262001977768353;0.28841829496009985;0.348100267662284;0.28799241257586167;0.25147330175919225;0.25147330175919225;0.49515030225646245;0.0;0.29546262649538063;0.20514362943214276;0.0;0.0;0.2851326317290261;0.3209242548653927;0.0;0.0;0.2715886299751829;0.0;0.0;0.25147330175919225;0.2715886299751829;0.33881631041563715;0.0;0.39614739050985254;0.0;0.0;0.366986468890454;0.0;0.0;0.4466363854646033;0.33566513779208684;0.5962577316376176;0.369300607129411;0.3454404431123595;0.0;0.4982376393538827;0.0;0.27863296151046374;0.26131802467506854;0.46632583129635585;0.2715886299751829;0.0;0.0;0.0;0.2519585736096705;0.0;0.29546262649538063;0.219154897981007;0.4742370109425132;0.0;0.0;0.45594634599895373;0.3052479599450168;0.3298097051550775;0.0;0.37542640073152006;0.37542640073152006;0.0;0.2519585736096705;0.3052479599450168;0.2715886299751829;0.3310653993477824;0.3328092216065352;0.43512573171462793;0.48664292499825706;0.0;0.33192234784580993;0.3052479599450168;0.0;0.3697542148074428;0.2519585736096705;0.0;0.4634660504495202;0.0;0.0;0.4205079896404591;0.0;0.25147330175919225;0.4433942333418395;0.39283443835969895;0.30530734941125687;0.29826301787597614;0.7416434175771263;0.36094299778446154;0.0;0.3477268094270533;0.0;0.25147330175919225;0.2715886299751829;0.2519585736096705;0.26131802467506854;1.0;0.0;0.0;0.29826301787597614;0.2346436367742753;0.2942498669645995
GO:0033388;0.0;0.0;0.0;0.0;0.26806290643954656;0.0;0.0;0.2848925714244635;0.0;0.31156695932525663;0.0;0.0;0.0;0.0;0.0;0.0;0.0;0.0;0.0;0.0;0.389559094108583;0.0;0.0;0.0;0.0;0.0;0.0;0.0;0.26806290643954656;0.36446188875009816;0.0;0.0;0.0;0.0;0.0;0.0;0.0;0.0;0.3670658181861564;0.29473729434033974;0.0;0.0;0.26806290643954656;0.26806290643954656;0.0;0.0;0.29473729434033974;0.7064371904504978;0.0;0.2848925714244635;0.0;0.0;0.0;0.0;0.36747389626619426;0.26806290643954656;0.0;0.33569692580103344;0.0;0.344357019909984;0.25490729223185266;0.0;0.0;0.0;0.0;0.0;0.3017222364093804;0.3701531552835767;0.0;0.0;0.0;0.33824134722604987;0.0;0.4974027115555222;0.3017222364093804;0.29473729434033974;0.0;0.3017222364093804;0.0;0.0;0.0;0.4053511938260852;0.3185519013942973;0.0;0.0;0.0;0.3542017428258603;0.0;0.0;0.26806290643954656;0.0;0.0;0.0;0.0;0.0;0.0;0.0;0.0;0.0;0.0;0.26806290643954656;0.0;0.0;0.31512447086983963;0.0;0.0;0.5268199574680172;0.0;0.34419293869850154;0.0;0.31530974927153355;0.0;0.0;0.0;0.0;0.0;0.0;0.0;0.2772473065057622;0.0;0.0;0.0;0.0;0.0;1.0;0.43090509630308954;0.0;0.0;0.0
GO:0016266;0.0;0.0;0.0;0.0;0.4389261112405218;0.0;0.0;0.45575577622543867;0.0;0.4824301641262319;0.0;0.0;0.0;0.0;0.0;0.0;0.0;0.0;0.0;0.0;0.5604222989095582;0.0;0.0;0.0;0.0;0.0;0.0;0.0;0.4389261112405218;0.5353250935510734;0.0;0.0;0.0;0.0;0.0;0.0;0.0;0.0;0.5379290229871316;0.46560049914131496;0.0;0.0;0.4389261112405218;0.4389261112405218;0.0;0.0;0.46560049914131496;0.43103326296395694;0.0;0.45575577622543867;0.0;0.0;0.0;0.0;0.5383371010671695;0.4389261112405218;0.0;0.5066000100044671;0.0;0.5152601041134177;0.39749047222676315;0.0;0.0;0.0;0.0;0.0;0.4725854412103556;0.5410163600845519;0.0;0.0;0.0;0.509104552027025;0.0;0.4843820387655433;0.4725854412103556;0.46560049914131496;0.0;0.4725854412103556;0.0;0.0;0.0;0.43103326296395694;0.4894151061952725;0.0;0.0;0.0;0.525104827029294;0.0;0.0;0.4389261112405218;0.0;0.0;0.0;0.0;0.0;0.0;0.0;0.0;0.0;0.0;0.4389261112405218;0.0;0.0;0.4860275550732733;0.0;0.0;0.637329605817023;0.0;0.5150561434994767;0.0;0.48617295407250877;0.0;0.0;0.0;0.0;0.0;0.0;0.0;0.383157980962392;0.0;0.0;0.0;0.0;0.0;0.43090509630308954;1.0;0.0;0.0;0.0
GO:0032733;0.0;0.0;0.7851474704628364;0.3924533064724129;0.26675402025138994;0.3432927325813855;0.34049234120079;0.0;0.2908590005872096;0.0;0.3236626762158731;0.5113993982253551;0.24622506201708644;0.6364682523583933;0.3447730574481042;0.44466501484215176;0.0;0.6463129752742696;0.5528631679629691;0.2908590005872096;0.3882502079204264;0.40826577266454794;0.42891302782284224;0.24943908341599474;0.43735000083170744;0.2662687484009117;0.3769520625512193;0.3432927325813855;0.26675402025138994;0.0;0.3762780238365719;0.47626550405840795;0.48432412238388606;0.36012239756630243;0.4198043702684866;0.3586324320509675;0.4315184288272078;0.4315184288272078;0.3657569319979998;0.0;0.3642764479283595;0.27684773203834534;0.0;0.0;0.27042807102861294;0.29342840815218313;0.0;0.0;0.24943908341599474;0.0;0.0;0.3231774043653948;0.41468876384229086;0.41052041302183967;0.0;0.26675402025138994;0.0;0.0;0.3017362228227378;0.0;0.0;0.38857632683279536;0.28401558389076614;0.0;0.30405036106169475;0.417144545718562;0.0;0.36884426909542006;0.0;0.6040216819193406;0.2466134639746554;0.33693246103789326;0.3432927325813855;0.0;0.0;0.0;0.3236626762158731;0.0;0.36716672910158316;0.2908590005872096;0.0;0.0;0.0;0.36884426909542006;0.3769520625512193;0.40151380776128004;0.0;0.35327685417233184;0.4471305033377226;0.0;0.2021970663352226;0.49781188536320187;0.3432927325813855;0.2862546157991776;0.31810466090612205;0.40762988500141834;0.4519745800888993;0.0;0.30977280128662177;0.6532979173433102;0.0;0.38902458541946944;0.39505870747677846;0.0;0.5046686607713751;0.0;0.0;0.39835844308127094;0.0;0.23676874105877915;0.31400086308337694;0.37482620937275485;0.2872991204243128;0.6463129752742696;0.3081077407918524;0.3429347687975175;0.0;0.4908269432941612;0.0;0.3231774043653948;0.3432927325813855;0.23395034462272646;0.33302212728127106;0.29826301787597614;0.0;0.0;1.0;0.2199390760738622;0.4969562310220315
GO:0071866;0.0;0.0;0.30761340129552084;0.2925337758270291;0.22374314557048924;0.22374314557048924;0.22656154200654188;0.0;0.1851737485278404;0.0;0.22374314557048924;0.240511531005056;0.3084738160501451;0.2100943531579859;0.40971926426163474;0.33073421564790373;0.0;0.2199390760738622;0.2631828936628709;0.1851737485278404;0.3780430088681892;0.27991031780812825;0.2788849834145258;0.3162114882716522;0.19326468817306902;0.3526712096220815;0.22692401814290286;0.209731877021625;0.22374314557048924;0.0;0.4680267852117631;0.3668583556867586;0.3749169740122368;0.2560615493486744;0.31039722189683727;0.26308065282321136;0.22656154200654188;0.22656154200654188;0.3382347961103674;0.0;0.2672471984561994;0.17427935401941208;0.0;0.0;0.3493855463910077;0.2659062722645507;0.0;0.0;0.19326468817306902;0.0;0.0;0.21377025599374544;0.209731877021625;0.3139045506629868;0.0;0.22374314557048924;0.0;0.0;0.24825928036028394;0.0;0.0;0.33389680759773943;0.2738083848385289;0.0;0.2505734185992409;0.303213746524314;0.0;0.3258333944145194;0.0;0.20714779006106576;0.22361497890962173;0.2939215863569925;0.23923188436375753;0.0;0.0;0.0;0.19694059100882855;0.0;0.2532359299073351;0.1851737485278404;0.0;0.0;0.0;0.3413221332077877;0.22692401814290286;0.2819642207503838;0.0;0.4200492590279893;0.32758091632682634;0.0;0.15286144144501296;0.22692401814290286;0.23923188436375753;0.3485033698322363;0.3815733974752486;0.476717409387193;0.44176738103666213;0.0;0.3961752625077916;0.22692401814290286;0.0;0.29510617584108845;0.22374314557048924;0.0;0.2910618055101569;0.0;0.0;0.3726625052357654;0.0;0.28622620907904134;0.3037936640311397;0.3506077417716534;0.35224532723784335;0.2199390760738622;0.2444883596901516;0.7891180522799559;0.0;0.2199390760738622;0.0;0.21377025599374544;0.23923188436375753;0.298896551436257;0.19538094758007762;0.2346436367742753;0.0;0.0;0.2199390760738622;1.0;0.23923188436375753
GO:2000103;0.0;0.0;0.3803786252329736;0.4276375961563027;0.27617687756466514;0.48405520676274805;0.35301539389526315;0.0;0.29924073570943865;0.0;0.575581883934282;0.531302049594735;0.24880914897764567;0.4871115081061552;0.3500545971891353;0.457188067536625;0.0;0.4969562310220315;0.5684800734171049;0.29924073570943865;0.4203343022231182;0.45097096888972044;0.42489987691146563;0.25654682119915273;0.48405520676274805;0.3836283700053101;0.3729389116398427;0.35884696589976284;0.27617687756466514;0.0;0.6310731546586629;0.7877909419671411;0.536823348903171;0.5008848717476649;0.4300123034328426;0.39185001054987456;0.44127864155734087;0.44127864155734087;0.375179789311275;0.0;0.40163534399951073;0.47368436038902895;0.0;0.0;0.28972087931850826;0.3028512654654583;0.0;0.0;0.24007963235059676;0.0;0.0;0.5328053187288748;0.424448976572424;0.44035840255170805;0.0;0.27617687756466514;0.0;0.0;0.2905505737152129;0.0;0.0;0.40862028606855133;0.3033083921806614;0.0;0.2928647119541699;0.42966759841303526;0.0;0.3782671264086953;0.0;0.464152555393368;0.2504175334712824;0.3463553183511684;0.617873177289211;0.0;0.0;0.0;0.33618572891034626;0.0;0.3796897817960564;0.49331441675454135;0.0;0.0;0.0;0.3782671264086953;0.3729389116398427;0.4170680410796574;0.0;0.36038459195548983;0.46268473665609994;0.0;0.18831396444722587;0.5177145367325819;0.3856495204614234;0.28883870275973683;0.32190873040274914;0.4170527423146935;0.5919954386827142;0.0;0.4271324228910202;0.5039411730910721;0.0;0.41472125737709375;0.45125153113408456;0.0;0.5185701910737522;0.0;0.0;0.40546618086442887;0.0;0.2560615493486744;0.3460849573860687;0.3801077491137859;0.2925806601653439;0.4969562310220315;0.3040945898804758;0.36553124537394377;0.0;0.5107295946635413;0.0;0.33338533752975075;0.617873177289211;0.23923188436375753;0.3236626762158731;0.2942498669645995;0.0;0.0;0.4969562310220315;0.23923188436375753;1.0
