;GO:0007094;GO:0006281;GO:0007095;GO:0007093;GO:0008584;GO:0006283;GO:0015031;GO:1904976;GO:0048754;GO:0048639;GO:0015949;GO:0002638;GO:0032201;GO:0071930;GO:0019886;GO:0090502;GO:0045814;GO:0006296;GO:1900264;GO:0043111;GO:0006297;GO:0007265;GO:0008630;GO:0006298;GO:0006334;GO:0006335;GO:0000077;GO:0071480;GO:0000076;GO:0051256;GO:0006606;GO:0071363;GO:0010424;GO:0000070;GO:0016485;GO:0006260;GO:0008285;GO:0006261;GO:0090398;GO:0042276;GO:0097192;GO:0045944;GO:0006303;GO:0001890;GO:0043525;GO:0006268;GO:0048538;GO:2001229;GO:0002218;GO:0048146;GO:0000281;GO:0060707;GO:0031297;GO:0016233;GO:0070987;GO:2000773;GO:0016458;GO:1902065;GO:0006270;GO:0033077;GO:0006272;GO:0000724;GO:0043137;GO:0071260;GO:0001933;GO:2000781;GO:0071548;GO:2001235;GO:0007051;GO:0046939;GO:1902990;GO:0007052;GO:0045445;GO:0042177;GO:0043547;GO:0070365;GO:0010216;GO:0033574;GO:1905460;GO:0045739;GO:0035234;GO:0090267;GO:0032481;GO:1904667;GO:0046940;GO:0030855;GO:0006405;GO:0051573;GO:0001756;GO:0002328;GO:0010628;GO:0060718;GO:0051571;GO:0032355;GO:0031145;GO:0018105;GO:0090309;GO:0032877;GO:0016567;GO:0090116;GO:0008089;GO:0032077;GO:0043045;GO:0045740;GO:0006342;GO:0006227;GO:0000122;GO:0032869;GO:0071230;GO:0097421;GO:1904707;GO:0006977;GO:0000083;GO:0000082;GO:0071353;GO:0034644;GO:0032466;GO:0070301;GO:0033314;GO:0072719;GO:0042769;GO:0006351;GO:1905775;GO:0033153;GO:0033152;GO:0006233;GO:1905931;GO:0046604;GO:0006235;GO:0097681;GO:0034080;GO:0006511;GO:0048478;GO:0043066;GO:0045087;GO:0072431;GO:0043065;GO:0072711
GO:0007094;1.0;0.0836724294801182;0.5059564172308488;0.49384819487470494;0.0;0.08149989365603262;0.0;0.083883682923842;0.0;0.13589428702371448;0.09265229484215416;0.16448289825369466;0.12973384722860884;0.22864008624473806;0.0;0.08875962475482736;0.16448702604739365;0.09002918355729113;0.11652942916024217;0.16811517987166985;0.09001624120959148;0.20965133805093245;0.1902236767295465;0.08257186260797733;0.09584278293577386;0.09160245636304662;0.33143844879763984;0.09565519016428246;0.35854522952308276;0.16766936422155948;0.0;0.10039051573098672;0.08063559811199267;0.16235463771134453;0.0;0.0838536183502072;0.244328171056542;0.08274914879984796;0.09853903051318315;0.06961726414899141;0.2029987063492304;0.11955359819573308;0.08045677366960463;0.0;0.1547857696408889;0.10048333515392754;0.0;0.17557398034995503;0.1200755175796368;0.1698645407050226;0.1767168385873468;0.10198052645662196;0.08874299821886175;0.10660849901256832;0.06961726414899141;0.21516139065305834;0.19958721698825616;0.0;0.09001624120959148;0.09413671075759329;0.08630193114598239;0.07943967111500616;0.07665603019826915;0.09866579811826527;0.18074110278098718;0.12972751658285614;0.0;0.14200833048075895;0.1344034847594898;0.08502700678498057;0.15125089802156463;0.1598978852839539;0.10752395215515623;0.15244520667787115;0.10037690868236697;0.10568147911823077;0.09001624120959148;0.0;0.20923442343315543;0.13297809409094793;0.1001973697156071;0.5274088765992291;0.13594235784963882;0.16780950522877;0.07389319057817852;0.10752395215515623;0.0;0.30731824697227683;0.0;0.10389640296041555;0.13591613325272747;0.10752395215515623;0.19128502725474622;0.0;0.07966135998651201;0.08396943756607397;0.17883571711167684;0.1661124762384038;0.08879497824015817;0.08063559811199267;0.08992288235707277;0.12943311840335195;0.08063422522043577;0.13144481394097782;0.17736891441820038;0.05758050180242805;0.164513792324853;0.08173864672852563;0.08619584320007967;0.0;0.16451778093892055;0.4103568158276354;0.2254778354519501;0.17376750395976923;0.09723352364943777;0.0956643790885553;0.3447088393884412;0.08271730200188837;0.5504477859184767;0.09569310003404286;0.10201885935185498;0.07666014364654859;0.3507709273330151;0.0804674158122167;0.0804674450299658;0.05758050180242805;0.18528450043990835;0.30988215938144786;0.05758049795172312;0.07944004123450897;0.08528469545494613;0.0850654250089616;0.16811517987166985;0.22891313437587818;0.0;0.45101810718063645;0.16450359047598215;0.08999512117036233
GO:0006281;0.0836724294801182;1.0;0.26693110228609485;0.15410645466064626;0.0;0.9600120260841687;0.0;0.22235866417257413;0.0;0.0;0.6704008935220546;0.0;0.6393422639941737;0.09508998369475824;0.0;0.7185201233823405;0.0;0.7352961615014578;0.0;0.4759530439391652;0.8294132635868482;0.18179305301685508;0.4129041434685695;0.9795978930703035;0.16310925873381596;0.15119800578744857;0.39296067583720695;0.27538988833364547;0.16693987297700333;0.17659520853575733;0.0;0.299390252200169;0.6970561745524637;0.16697575629359435;0.40638181535661905;0.7405774846504096;0.0;0.7254294046649445;0.4039964702815173;0.7601829932793287;0.17176099518453763;0.0;0.9412185564297784;0.0;0.0;0.17702232527337286;0.0;0.0;0.0;0.0;0.1940822326380979;0.1817223749677255;0.8104344646210342;0.6643870845094921;0.7601829932793287;0.0;0.16680271221713683;0.15420713724972482;0.8294132635868482;0.15822899110796085;0.7749732786212696;0.92314064519483;0.6457227567722881;0.2904519667728747;0.0;0.0;0.14714506855839193;0.0;0.17664809409797125;0.5833945307652908;0.6166399723792091;0.16268041026307858;0.20010567949344388;0.0;0.0;0.19381715623741974;0.8294132635868482;0.1719321261497285;0.0;0.0;0.17613671809847287;0.0;0.0;0.0;0.4713898419741868;0.20010567949344388;0.0;0.0;0.0;0.1878965209340505;0.0;0.20010567949344388;0.0;0.1768447323303978;0.40936018389601164;0.4440220835654329;0.0;0.0;0.48531673508632805;0.6970561745524637;0.14667604229315104;0.0;0.6970380010863827;0.0;0.0907650061238079;0.3330502337860337;0.0;0.21358777349336583;0.23210113244996933;0.0;0.0;0.2266669017063539;0.1283997437612088;0.18821971781371608;0.2832026221514793;0.27543485144118984;0.0;0.30328337369933384;0.11239804594133779;0.27557542731582213;0.488198443749261;0.6093037668439383;0.0;0.6948323283876375;0.69483271430142;0.3330502337860337;0.0;0.0;0.33305020417730785;0.9231471799465764;0.1347247847719536;0.4531636051295471;0.4759530439391652;0.0;0.2597434055119364;0.25842958542583827;0.0;0.24879670125163034
GO:0007095;0.5059564172308488;0.26693110228609485;1.0;0.5989469815059492;0.0;0.2587354132437827;0.0;0.16893518855355535;0.0;0.1678079704852676;0.11236768882736171;0.20162667463807252;0.15159329866971297;0.26213745756814166;0.0;0.10669286001353101;0.20163287725443288;0.10853257056006177;0.13402086004475677;0.1904247843462285;0.10851376207628835;0.25984289848818776;0.4197019791851745;0.2627693261550155;0.11709508100098301;0.11082724043088774;0.6509461654571239;0.19788631672218743;0.4775642634913487;0.2070050791016775;0.0;0.20998198836987048;0.09516753343738842;0.19896393459466258;0.0;0.09968242756863198;0.3041370885986784;0.0981254982910733;0.2860847121312689;0.2152835690297928;0.24970067579890565;0.13803668442054992;0.2548286097868441;0.0;0.18724684099121697;0.124096983916661;0.0;0.21855025805245423;0.14432880623174613;0.2097735305745505;0.22097245606820945;0.12638856384707436;0.10666883712983387;0.12511967054590817;0.2152835690297928;0.2602263052284137;0.24455880627553195;0.1124354415983364;0.10851376207628835;0.114558521712532;0.1031614781516053;0.2510367430730753;0.0896732088993685;0.20554557088733;0.21150991012519285;0.1517803842291182;0.10863397945645147;0.16886636997710455;0.16594155252152304;0.1013450134786977;0.17601944912674058;0.19528686899316702;0.13501530024563108;0.18383245812769766;0.12393469982401563;0.1321229017374477;0.10851376207628835;0.12157378857554513;0.2516062957077004;0.15624908683694924;0.12366111332915874;0.2826130603955883;0.16788127663917524;0.19401378024068017;0.08591536710093635;0.13501530024563108;0.0;0.194561799483309;0.0;0.12934457276119424;0.16784128363135123;0.13501530024563108;0.13981736883362222;0.12400968228588494;0.09381345280361458;0.09984614218841435;0.12939892000782793;0.19177691527432164;0.10674394661184214;0.09516753343738842;0.10837812111788737;0.15137754227047973;0.09516562112470717;0.1541364694577329;0.20238486485601778;0.06462743575871362;0.1896218892834315;0.1638241255732389;0.17450003683609194;0.0;0.20167909320983982;0.5830719683784233;0.2673497505531158;0.21638012630339526;0.20188838850836918;0.19790953189463217;0.4196745277270649;0.23161844942841078;0.8408560340394483;0.1979820997102526;0.33947451256371913;0.08967883804871835;0.2270998477232581;0.09493335814131704;0.09493339880852557;0.06462743575871362;0.21775862661479983;0.2443632403564058;0.06462743090780385;0.25103811979088037;0.10171131522162084;0.10139959755096362;0.1904247843462285;0.2806147655572035;0.17720646775599255;0.649396204246157;0.20165776844864716;0.1837716067560608
GO:0007093;0.49384819487470494;0.15410645466064626;0.5989469815059492;1.0;0.0;0.14689448572124977;0.0;0.15482458733729196;0.0;0.3010338657221915;0.18759284775004437;0.35099816259572264;0.22212419114439502;0.3621149898840514;0.0;0.1722938813537279;0.3510169600280121;0.1771428288568147;0.18688509353908178;0.253927487909791;0.17709272938071857;0.4734401882611037;0.3847124061458378;0.15041403407090675;0.20115031370653094;0.18333853685587806;0.6505951074508128;0.20032578512926405;0.7639704033389536;0.3710503623662858;0.0;0.22228381176941536;0.14411042116896042;0.3459861490727077;0.0;0.15472219951321997;0.5645832329518843;0.15100335825021308;0.2134054542570934;0.112335494520911;0.44081702622909263;0.19478719985621684;0.14354024831691783;0.0;0.3096070534576248;0.22273938373031368;0.0;0.40568558216573414;0.2330287128146865;0.37644901734135344;0.41846195570428296;0.23023191464493495;0.1722312439116631;0.18597408021731524;0.112335494520911;0.4299159402077716;0.42504066396237766;0.0;0.17709272938071857;0.19377962955508796;0.1632685302334713;0.14033469184031955;0.13187495562744764;0.2140009168940777;0.311416085645804;0.22332279710940872;0.0;0.26238463596507516;0.2974947545843943;0.15876488723033766;0.25458522240998116;0.33501683872052446;0.2605587386237762;0.30038217757428354;0.2222171122400058;0.24999695184695797;0.17709272938071857;0.0;0.40688607373942837;0.2331331683517796;0.22133909264400753;0.2863606900714298;0.3012698573651123;0.2749140805574339;0.12390499678013579;0.2605587386237762;0.0;0.27601571231045413;0.0;0.24023301936359814;0.301141089139489;0.2605587386237762;0.19835194253273425;0.0;0.14102800452323844;0.15511697440607433;0.17801841726780077;0.2326959155267257;0.17242714259633266;0.14411042116896042;0.1767317522185159;0.22245178028148735;0.14410603618948292;0.22846104628963218;0.2756494714293707;0.0840008401404136;0.2661783308318221;0.1476719275813846;0.1628892553135896;0.0;0.35115704746757254;0.43892563677614443;0.41128103925284826;0.4022932133753234;0.2073754488176486;0.2003660908744298;0.5847881299922285;0.15089734160148535;0.6887972359381518;0.20049212536099767;0.23042738167723223;0.13188713023113238;0.3464311375569315;0.14357412464086144;0.14357421765717532;0.0840008401404136;0.32515380411877687;0.3178010624372968;0.08400083194526946;0.14033584688487372;0.15966569767365718;0.15889888656143092;0.253927487909791;0.488560021910746;0.0;0.5081590543375514;0.35109240303012007;0.1770110042022669
GO:0008584;0.0;0.0;0.0;0.0;1.0;0.0;0.0;0.0;0.2856631893511621;0.0;0.0;0.0;0.0;0.0;0.0;0.0;0.0;0.0;0.0;0.0;0.0;0.0;0.0;0.0;0.0;0.0;0.0;0.0;0.0;0.0;0.0;0.0;0.0;0.0;0.0;0.0;0.0;0.0;0.27123926722889585;0.0;0.0;0.0;0.0;0.8482039197353549;0.0;0.0;0.5594052296026656;0.0;0.0;0.0;0.0;0.5063037139547105;0.0;0.0;0.0;0.0;0.0;0.0;0.0;0.24030564267140442;0.0;0.0;0.0;0.0;0.0;0.0;0.0;0.0;0.0;0.0;0.0;0.0;0.35226497094890796;0.0;0.0;0.33323172582846816;0.0;0.0;0.0;0.0;0.48119468463734383;0.0;0.0;0.0;0.0;0.35226497094890796;0.0;0.0;0.29898933161643376;0.3161064694837895;0.0;0.35226497094890796;0.0;0.0;0.0;0.0;0.0;0.0;0.0;0.0;0.0;0.0;0.0;0.0;0.0;0.0;0.0;0.0;0.0;0.5044531077150891;0.0;0.0;0.0;0.0;0.0;0.0;0.0;0.0;0.0;0.0;0.0;0.0;0.0;0.0;0.0;0.0;0.0;0.0;0.0;0.0;0.0;0.0;0.0;0.0;0.0;0.0;0.0;0.0
GO:0006283;0.08149989365603262;0.9600120260841687;0.2587354132437827;0.14689448572124977;0.0;1.0;0.0;0.2134332728351714;0.0;0.0;0.6390322472604378;0.0;0.6170771991174597;0.09229399292409597;0.0;0.6870852853695562;0.0;0.7024098956495799;0.0;0.46350308864677053;0.7923259067279549;0.17184059019123046;0.39361760986242383;0.941193620460781;0.15505206698268015;0.14424955371061896;0.3754527461148074;0.2618293359440536;0.15850957168142357;0.16718900946295112;0.0;0.28343157212413916;0.6706728479526468;0.15854192200956013;0.3852525322062632;0.7108669886688915;0.0;0.6968984878052115;0.38311574451494085;0.7368510671433401;0.16284973490043575;0.0;0.9057100508599679;0.0;0.0;0.1675717886040014;0.0;0.0;0.0;0.0;0.1827805456663752;0.17177743766293502;0.7749887020862208;0.6403762396525907;0.7368510671433401;0.0;0.1583859089799863;0.146985962407591;0.7923259067279549;0.15063550950735116;0.7424994198582215;0.8889582898992281;0.6230189642470144;0.2754080133299927;0.0;0.0;0.14055602029072867;0.0;0.1672364104969893;0.5594945985366218;0.5959024025860945;0.15466448983145328;0.18811327197860764;0.0;0.0;0.18254542327687187;0.7923259067279549;0.16300356140353578;0.0;0.0;0.16677800365227877;0.0;0.0;0.0;0.4556622691019968;0.18811327197860764;0.0;0.0;0.0;0.17728406349242667;0.0;0.18811327197860764;0.0;0.16741264298307615;0.39414029108150395;0.42617182676445725;0.0;0.0;0.46407132289899233;0.6706728479526468;0.14012799775304963;0.0;0.6706560241531071;0.0;0.08821415995231986;0.3251216779595465;0.0;0.20533955618779814;0.22239356187237191;0.0;0.0;0.22072973334580337;0.1233537798051302;0.17757175489706004;0.26888174326133363;0.26186997966455555;0.0;0.29136217855776014;0.10851237901053175;0.26199704688315956;0.46146437926305783;0.5878788210394763;0.0;0.6686139108547708;0.6686142681943018;0.3251216779595465;0.0;0.0;0.3251216497437646;0.8889643496672935;0.12918017614788924;0.43458615633675074;0.46350308864677053;0.0;0.24467355513675254;0.25074011434555743;0.0;0.23767578325648525
GO:0015031;0.0;0.0;0.0;0.0;0.0;0.0;1.0;0.0;0.0;0.0;0.0;0.0;0.0;0.0;0.0;0.0;0.0;0.0;0.0;0.0;0.0;0.0;0.0;0.0;0.0;0.0;0.0;0.0;0.0;0.0;0.6555932915368076;0.0;0.0;0.0;0.0;0.0;0.0;0.0;0.0;0.0;0.0;0.0;0.0;0.0;0.0;0.0;0.0;0.0;0.0;0.0;0.0;0.0;0.0;0.0;0.0;0.0;0.0;0.0;0.0;0.0;0.0;0.0;0.0;0.0;0.0;0.0;0.0;0.0;0.0;0.0;0.0;0.0;0.0;0.0;0.0;0.0;0.0;0.0;0.0;0.0;0.0;0.0;0.0;0.0;0.0;0.0;0.45688757760565085;0.0;0.0;0.0;0.0;0.0;0.0;0.0;0.0;0.0;0.0;0.0;0.0;0.0;0.32651327620724574;0.0;0.0;0.0;0.0;0.0;0.0;0.0;0.0;0.0;0.0;0.0;0.0;0.0;0.0;0.0;0.0;0.0;0.0;0.0;0.0;0.0;0.0;0.0;0.0;0.0;0.0;0.0;0.0;0.0;0.0;0.0;0.0;0.0;0.0;0.0;0.0;0.0
GO:1904976;0.083883682923842;0.22235866417257413;0.16893518855355535;0.15482458733729196;0.0;0.2134332728351714;0.0;1.0;0.0;0.0;0.1547976017353095;0.0;0.11364226730065284;0.09536291806732475;0.0;0.1442295612110586;0.0;0.1476120004189449;0.0;0.0845261565543127;0.1475772107864665;0.1827932403333426;0.261748155288129;0.21780452301478115;0.16391396707582365;0.15188922684908698;0.24904965083495584;0.27674399753594675;0.16778291991428995;0.1775388701639124;0.0;0.5362267377721062;0.12393910917847221;0.16781916660708812;0.0;0.13170803153684432;0.0;0.12900356034320784;0.2913040409511498;0.1688732740043256;0.17265356878085825;0.0;0.2092395088226585;0.0;0.0;0.17797056939516467;0.0;0.0;0.0;0.0;0.19522263967470074;0.18272178258600041;0.1441856648430918;0.11810977740181917;0.1688732740043256;0.0;0.16764437090671439;0.4139636757091956;0.1475772107864665;0.15898615394616541;0.1378505333112507;0.20520600918758813;0.1147803097757404;0.2919586542001129;0.0;0.0;0.3483257071218048;0.0;0.1775923225248422;0.1346261628554396;0.10959365324644406;0.16348088229041874;0.2013181923872433;0.0;0.0;0.1949544411515325;0.1475772107864665;0.4073075111944973;0.0;0.0;0.17707547304583748;0.0;0.0;0.0;0.10869501061578132;0.2013181923872433;0.0;0.0;0.0;0.18896519306153403;0.0;0.2013181923872433;0.0;0.41900776143775265;0.12165235498674525;0.13199399067991818;0.0;0.0;0.14432293349941888;0.12393910917847221;0.1473264472271192;0.0;0.1239358658167974;0.0;0.09101364490986649;0.07672243239186903;0.0;0.7965042960805471;0.7778092951208578;0.0;0.0;0.14338788633198113;0.12889788658914308;0.18929207999521463;0.5070870505287469;0.27678940393982987;0.0;0.4737098338320395;0.1127795798674064;0.38606221845604705;0.3097413886580545;0.1147895325115341;0.0;0.12354223099067696;0.12354229986187076;0.07672243239186903;0.0;0.0;0.0767224255553651;0.20520746710145707;0.13527331879716067;0.13472250069889583;0.0845261565543127;0.0;0.19445936574618464;0.16353912002612378;0.0;0.49461964710854994
GO:0048754;0.0;0.0;0.0;0.0;0.2856631893511621;0.0;0.0;0.0;1.0;0.0;0.0;0.0;0.0;0.0;0.0;0.0;0.0;0.0;0.0;0.0;0.0;0.0;0.0;0.0;0.0;0.0;0.0;0.0;0.0;0.0;0.0;0.0;0.0;0.0;0.0;0.0;0.0;0.0;0.25932881944768355;0.0;0.0;0.0;0.0;0.2993826842413229;0.0;0.0;0.3163612375639501;0.0;0.0;0.0;0.0;0.28460522910811703;0.0;0.0;0.0;0.0;0.0;0.0;0.0;0.23090989684130644;0.0;0.0;0.0;0.0;0.0;0.0;0.0;0.0;0.0;0.0;0.0;0.0;0.3324359105997091;0.0;0.0;0.3154334151108544;0.0;0.0;0.0;0.0;0.27113885775809915;0.0;0.0;0.0;0.0;0.3324359105997091;0.0;0.0;0.3883278752588749;0.3000464305829727;0.0;0.3324359105997091;0.0;0.0;0.0;0.0;0.0;0.0;0.0;0.0;0.0;0.0;0.0;0.0;0.0;0.0;0.0;0.0;0.0;0.28679324423531477;0.0;0.0;0.0;0.0;0.0;0.0;0.0;0.0;0.0;0.0;0.0;0.0;0.0;0.0;0.0;0.0;0.0;0.0;0.0;0.0;0.0;0.0;0.0;0.0;0.0;0.0;0.0;0.0
GO:0048639;0.13589428702371448;0.0;0.1678079704852676;0.3010338657221915;0.0;0.0;0.0;0.0;0.0;1.0;0.0;0.3397705862710298;0.14629258186479227;0.1587765398942967;0.0;0.0;0.33979259581813864;0.0;0.2058763718313963;0.13714228706605924;0.0;0.3858705772368958;0.30016624550799087;0.0;0.0;0.0;0.27969249393350665;0.0;0.33861192668461176;0.0;0.0;0.0;0.0;0.0;0.0;0.0;0.4060150673398253;0.0;0.0;0.0;0.353484690858315;0.21550748895787944;0.0;0.0;0.36545660514566447;0.0;0.0;0.40596352080571996;0.34004886278112745;0.4623626157387258;0.0;0.0;0.0;0.15378054146706963;0.0;0.36454250542021127;0.338195065430669;0.0;0.0;0.0;0.0;0.0;0.0;0.0;0.20134333312967012;0.25098980324350845;0.0;0.3014226085407076;0.0;0.0;0.13965135168710868;0.0;0.0;0.28224439463163914;0.2728116959695351;0.0;0.0;0.0;0.27347997504031013;0.26344932840426216;0.0;0.22929492704608875;0.4623565275978772;0.17519323010743643;0.0;0.0;0.0;0.17597145539155057;0.0;0.0;0.46211383130451716;0.0;0.2198794709343471;0.0;0.0;0.0;0.1951676977789913;0.21528892470569416;0.0;0.0;0.0;0.24989013220846212;0.0;0.25749860278700637;0.1499590498830612;0.0;0.16904581718579467;0.0;0.0;0.0;0.4247851778534116;0.17164953205005834;0.23353648266540178;0.0;0.0;0.0;0.31436699057252554;0.0;0.19602496872450786;0.0;0.0;0.0;0.22715368922016846;0.0;0.0;0.0;0.26412926885399374;0.25767178983823613;0.0;0.0;0.0;0.0;0.13714228706605924;0.3398830082228342;0.0;0.16119390286749383;0.42469058674189814;0.0
GO:0015949;0.09265229484215416;0.6704008935220546;0.11236768882736171;0.18759284775004437;0.0;0.6390322472604378;0.0;0.1547976017353095;0.0;0.0;1.0;0.0;0.5671779582408476;0.10686012620401686;0.0;0.7495053164788925;0.0;0.7705947896290483;0.0;0.4065432620932878;0.7703768937150625;0.2302856474370039;0.18713673474077136;0.6543406778763665;0.2011047655265783;0.18330069731748833;0.17625259722626635;0.20028060955213015;0.20695991970857427;0.22200807987367005;0.0;0.22222819126302007;0.6269227498911196;0.2070150724739622;0.43594146005650136;0.6730790681537814;0.0;0.6569039575025146;0.21335418764269384;0.4887099483489988;0.21442127348031223;0.0;0.6244427309853866;0.0;0.0;0.22268353502982635;0.0;0.0;0.0;0.0;0.2503675442015419;0.23017224596469693;0.7492328866462634;0.5929028513455316;0.4887099483489988;0.0;0.20674915558476087;0.0;0.7703768937150625;0.19373735788119753;0.7102508446662524;0.6104998109932371;0.5737027758771936;0.21394936381786994;0.0;0.0;0.0;0.0;0.2220916690993601;0.795690117456872;0.5441207557009592;0.20045324897313568;0.260482317777587;0.0;0.0;0.24992660005789102;0.7703768937150625;0.0;0.0;0.0;0.22128394385506356;0.0;0.0;0.0;0.6210053898308807;0.260482317777587;0.0;0.0;0.0;0.24016805489474752;0.0;0.260482317777587;0.0;0.0;0.3836939723879201;0.4220190471241699;0.0;0.0;0.46910482024691863;0.6269227498911196;0.17669659045050484;0.0;0.6269036770344594;0.0;0.10142877948389499;0.4210267498163215;0.0;0.14764737757366564;0.16285938545400788;0.0;0.0;0.09358071940853845;0.15083296811820376;0.2406963395897753;0.20732703813197612;0.20032089711877651;0.0;0.15087170754447143;0.1292219292396063;0.20044687473823658;0.2303676116496464;0.573755731852245;0.0;0.6245900792399729;0.6245904838231561;0.4210267498163215;0.0;0.0;0.4210267087447253;0.6105048350045194;0.15963699825316433;0.4323064670834707;0.4065432620932878;0.0;0.0;0.10833976315629659;0.0;0.1769757312400768
GO:0002638;0.16448289825369466;0.0;0.20162667463807252;0.35099816259572264;0.0;0.0;0.0;0.0;0.0;0.3397705862710298;0.0;1.0;0.13970928322749024;0.1911703211302538;0.0;0.0;0.39280812184665975;0.0;0.1585451693115589;0.16594569138911958;0.0;0.3534089344820803;0.2801490895412417;0.0;0.0;0.0;0.3276679276597711;0.0;0.39154504895877557;0.0;0.0;0.0;0.0;0.0;0.0;0.0;0.4626160310008728;0.0;0.0;0.0;0.3260496475988895;0.16566958789498593;0.0;0.0;0.27343871059757024;0.0;0.0;0.46256247408572493;0.3193604159917773;0.3400753656056659;0.0;0.0;0.0;0.14652278267027377;0.0;0.3408700915075558;0.39109893629198417;0.0;0.0;0.0;0.0;0.0;0.0;0.0;0.2400776179930775;0.19170160801921968;0.0;0.22812952180856436;0.0;0.0;0.13363992766237923;0.0;0.0;0.3304693391793569;0.2507751524393634;0.0;0.0;0.0;0.3208346240911269;0.20076318928255346;0.0;0.17582496174440623;0.3400712501691438;0.21014505840232442;0.0;0.0;0.0;0.21104101300654599;0.0;0.0;0.3399071861762244;0.0;0.16889539007232282;0.0;0.0;0.0;0.1505940562345341;0.1655081880244396;0.0;0.0;0.0;0.19089986569681153;0.0;0.19644045246482186;0.18091978310762236;0.0;0.2030564532724724;0.0;0.0;0.0;0.3145057231292111;0.16621431947628518;0.22123761824711402;0.0;0.0;0.0;0.36546190849573307;0.0;0.2340188254425123;0.0;0.0;0.0;0.2692746164764727;0.0;0.0;0.0;0.25147556138561183;0.19656639130435705;0.0;0.0;0.0;0.0;0.16594569138911958;0.3929048174301175;0.0;0.19397332417700514;0.3144409310680717;0.0
GO:0032201;0.12973384722860884;0.6393422639941737;0.15159329866971297;0.22212419114439502;0.0;0.6170771991174597;0.0;0.11364226730065284;0.0;0.14629258186479227;0.5671779582408476;0.13970928322749024;1.0;0.14564916663671787;0.0;0.6143177726950035;0.13971431849187863;0.6265394172377926;0.08781284990753187;0.46080005000993735;0.7067603037703705;0.2042159176959866;0.17760300066512813;0.6280123375228561;0.2319657385378101;0.2175929882964583;0.17028916148943;0.13637933802075625;0.1902788668911275;0.29739438808376545;0.0;0.14621222100396183;0.608331753738214;0.3751766645259867;0.3377115096659439;0.6412176459603451;0.15365844649021876;0.6298303404326862;0.142317631751629;0.502125829678771;0.1948471906151449;0.09073728618374592;0.6065301723918951;0.0;0.12817695237844542;0.34418766732925477;0.0;0.15364845570486133;0.12273856151551223;0.14636900778552;0.21143956753888135;0.1496095140128229;0.6929328209100035;0.9326900279898854;0.502125829678771;0.1279866366554473;0.190148262353441;0.0;0.7067603037703705;0.13331339752127067;0.6668434475935759;0.5963341608506492;0.5688646087051272;0.14258221200223392;0.10105315249708502;0.10089092981721011;0.0;0.11383596902245728;0.3454566457939179;0.5036321553404746;0.9685490652639995;0.322543902950304;0.16185088478820722;0.1254795305770748;0.1461833594940843;0.15771206018678777;0.7067603037703705;0.0;0.12310613800496932;0.104241602729608;0.14580287880341283;0.09479506908913007;0.1463679761870363;0.09175215256266188;0.41791053024686625;0.16185088478820722;0.0;0.09204061298672497;0.0;0.15376937493450948;0.14632684248815464;0.16185088478820722;0.09204010711376655;0.0;0.3580928980287749;0.384338192024988;0.08447032979557441;0.09067175569609547;0.4148955868797357;0.608331753738214;0.1250169834500013;0.10059007610475637;0.608317912191536;0.10265449100570494;0.16892846512761595;0.30543487779780193;0.08944701197169726;0.10974071557327092;0.11792785525956968;0.0;0.13975183813217126;0.13080035595640388;0.18995081254576546;0.20621440399386232;0.13961036395424717;0.13639801740310492;0.13369799811615893;0.11151202911570786;0.16905280802664255;0.1364564116223125;0.14969202880226304;0.5367753292771897;0.10950318223093712;0.6066373123473097;0.6066376065105922;0.30543487779780193;0.10442143951123194;0.10270101927378603;0.3054348528956148;0.5963378554782035;0.19714058836248308;0.3911684363854006;0.46080005000993735;0.13973499967847952;0.0;0.14725809577086496;0.13973452561944416;0.12515665384994756
GO:0071930;0.22864008624473806;0.09508998369475824;0.26213745756814166;0.3621149898840514;0.0;0.09229399292409597;0.0;0.09536291806732475;0.0;0.1587765398942967;0.10686012620401686;0.1911703211302538;0.14564916663671787;1.0;0.0;0.10171521860523915;0.41351115351904466;0.10338592997154747;0.38004134565506376;0.602884240754379;0.1033688628589177;0.24560131659654993;0.21935671750525357;0.09367111425446702;0.11112666292425241;0.10546604671821852;0.2801430547743068;0.11087454815933287;0.3067663221842441;0.19587479217880813;0.0;0.11728709751146985;0.0911871512468276;0.1886600470794389;0.0;0.0953240638797376;0.28711389306102897;0.09389933098506158;0.11476774257475626;0.07734406810893411;0.23652096016669233;0.5173370628010396;0.09095853107809954;0.0;0.1781952995570691;0.11741381062419645;0.0;0.20631816994104446;0.1375971772084409;0.19847878184748416;0.208335342086387;0.11946317527909396;0.10169338472818633;0.12006991046678381;0.07734406810893411;0.24766228666296541;0.4537659091994496;0.0;0.1033688628589177;0.108839568733286;0.09850069226855193;0.08966072330636546;0.08613060558551149;0.11493974058357295;0.45763901101565785;0.31653675316641783;0.0;0.16146954098011718;0.15701740326769603;0.09684333538557086;0.16930415947571606;0.18535080610908464;0.12714170081706885;0.4136436229059782;0.11726852506408877;0.12457360578231219;0.1033688628589177;0.0;0.2398420437943995;0.3254772386050437;0.11702354919194842;0.13818428721696457;0.1588421661642588;0.42116267266119894;0.08265806241775614;0.12714170081706885;0.0;0.4223088328585645;0.0;0.12210073363435942;0.2761019060095146;0.12714170081706885;0.26695252439873113;0.0;0.08994323046600247;0.0954737646949828;0.4860620913534582;0.3907730065357991;0.10176164857956498;0.0911871512468276;0.10324577182328673;0.31572976848247;0.09118539555236345;0.4347935530052653;0.8697793624718291;0.0627668505043356;0.9103185194488087;0.0926002952471718;0.09836251769799363;0.0;0.19121744319294515;0.23030418735726646;0.7439787635431325;0.20424839369848333;0.11300066470713316;0.11088689392295473;0.2566804472420014;0.09385832557330871;0.28800021642440066;0.11092548433393798;0.1195157810291201;0.08613579874037572;0.2174718200966912;0.09097213293565254;0.09097217027987507;0.0627668505043356;0.20889089824354254;0.1480073036174609;0.06276684592871484;0.08966119479565496;0.09717776441819684;0.09689317678764942;0.602884240754379;0.26605992414775914;0.0;0.255594793217387;0.19119827329450095;0.10334101336324664
GO:0019886;0.0;0.0;0.0;0.0;0.0;0.0;0.0;0.0;0.0;0.0;0.0;0.0;0.0;0.0;1.0;0.0;0.0;0.0;0.0;0.0;0.0;0.0;0.0;0.0;0.0;0.0;0.0;0.0;0.0;0.0;0.0;0.0;0.0;0.0;0.0;0.0;0.0;0.0;0.0;0.0;0.0;0.0;0.0;0.0;0.0;0.0;0.0;0.0;0.20820676298919907;0.0;0.0;0.0;0.0;0.0;0.0;0.0;0.0;0.0;0.0;0.2405788838536364;0.0;0.0;0.0;0.0;0.0;0.0;0.0;0.0;0.0;0.0;0.0;0.0;0.0;0.0;0.0;0.0;0.0;0.0;0.0;0.0;0.0;0.0;0.0;0.0;0.0;0.0;0.0;0.0;0.0;0.0;0.0;0.0;0.0;0.0;0.0;0.0;0.0;0.0;0.0;0.0;0.0;0.0;0.0;0.0;0.0;0.0;0.0;0.0;0.0;0.0;0.0;0.0;0.0;0.0;0.0;0.0;0.0;0.0;0.0;0.0;0.0;0.0;0.0;0.16775193855979517;0.16775206554172215;0.0;0.0;0.0;0.0;0.0;0.0;0.0;0.0;0.0;0.3323090027586371;0.0;0.0;0.0
GO:0090502;0.08875962475482736;0.7185201233823405;0.10669286001353101;0.1722938813537279;0.0;0.6870852853695562;0.0;0.1442295612110586;0.0;0.0;0.7495053164788925;0.0;0.6143177726950035;0.10171521860523915;0.0;1.0;0.0;0.8697492895448533;0.0;0.447701308915428;0.8173862225384393;0.20765085319142115;0.17190905417106594;0.7024510405480023;0.18362520109865857;0.16866649989434243;0.1626804993774829;0.18293784153497072;0.1884944339253564;0.2008966594005526;0.0;0.20107688207925747;0.674896501871268;0.18854018291775484;0.4607092559170951;0.721194686813253;0.0;0.7050192500493513;0.19378399764116755;0.5336185523393508;0.1946638982953488;0.0;0.6723965352138799;0.0;0.0;0.20144960035639944;0.0;0.0;0.0;0.0;0.22384029273372477;0.2075586441703899;0.7966427546175474;0.6404924298108687;0.5336185523393508;0.0;0.18831958590617154;0.0;0.8173862225384393;0.17746323034446343;0.8065258630162185;0.6583179194618257;0.6605776441051315;0.19427486923807832;0.0;0.0;0.0;0.0;0.20096510454149016;0.642395075444699;0.5907399016219835;0.18308186619136363;0.23189076977170756;0.0;0.0;0.2234877716482875;0.8173862225384393;0.0;0.0;0.0;0.20030351184498962;0.0;0.0;0.0;0.5091766459058102;0.23189076977170756;0.0;0.0;0.0;0.21565229877073663;0.0;0.23189076977170756;0.0;0.0;0.40373786127290534;0.4413070300760567;0.0;0.0;0.48683007287990654;0.674896501871268;0.16305867371085908;0.0;0.6748772804229555;0.0;0.09678220736259441;0.3514791938573916;0.0;0.13800266746737302;0.1512033673178144;0.0;0.0;0.08961131638250967;0.140781752183954;0.21607814051113552;0.1887989162006339;0.1829714534118786;0.0;0.14081550001991258;0.12177349559174573;0.18307654886003719;0.20771749438628934;0.6606350367490502;0.0;0.6725451039425622;0.6725455118707363;0.3514791938573916;0.0;0.0;0.3514791608812777;0.65832299958093;0.14842179395390714;0.4513122333706903;0.447701308915428;0.0;0.0;0.10305491456806366;0.0;0.1632963587377774
GO:0045814;0.16448702604739365;0.0;0.20163287725443288;0.3510169600280121;0.0;0.0;0.0;0.0;0.0;0.33979259581813864;0.0;0.39280812184665975;0.13971431849187863;0.41351115351904466;0.0;0.0;1.0;0.0;0.2370731600815911;0.29518021313371634;0.0;0.35343274647394896;0.2801640523471082;0.0;0.0;0.0;0.3276843092163459;0.0;0.3915684402934827;0.0;0.0;0.0;0.0;0.0;0.0;0.0;0.4626486850916576;0.0;0.0;0.0;0.326069915364877;0.28804345567836154;0.0;0.0;0.2734529651652328;0.0;0.0;0.4625951206159726;0.25559739107320173;0.3400974146575563;0.0;0.0;0.0;0.14652832105128102;0.0;0.34088781976159416;0.8459927496157861;0.0;0.0;0.0;0.0;0.0;0.0;0.0;0.42704913514489967;0.28665391371938587;0.0;0.22813944367288086;0.0;0.0;0.13364453493099906;0.0;0.0;0.5878456852292834;0.25079137626236986;0.0;0.0;0.0;0.3208503295021134;0.30020433293868176;0.0;0.17583085543097451;0.340093298687365;0.3738035071747676;0.0;0.0;0.0;0.37539727178561627;0.0;0.0;0.5910034190887508;0.0;0.2525503806282819;0.0;0.0;0.0;0.261831445610865;0.2474853154538641;0.0;0.0;0.0;0.28545501434076775;0.0;0.2937402349769976;0.4605656660161844;0.0;0.43922226001925385;0.0;0.0;0.0;0.3145245810827214;0.16621853463052164;0.3846615664424966;0.0;0.0;0.0;0.36548228708129415;0.0;0.2340271811394989;0.0;0.0;0.0;0.2692856795107968;0.0;0.0;0.0;0.2514852101970895;0.19657375755037645;0.0;0.0;0.0;0.0;0.29518021313371634;0.3929283715199711;0.0;0.1939790648453242;0.31445978125220714;0.0
GO:0006296;0.09002918355729113;0.7352961615014578;0.10853257056006177;0.1771428288568147;0.0;0.7024098956495799;0.0;0.1476120004189449;0.0;0.0;0.7705947896290483;0.0;0.6265394172377926;0.10338592997154747;0.0;0.8697492895448533;0.0;1.0;0.0;0.454157600263295;0.839166510972805;0.2147350515410508;0.17673606169550524;0.7184767380748086;0.18914314056827347;0.17331067073710796;0.1669966573025495;0.18841393201596948;0.19431353132721133;0.20752015181705052;0.0;0.20771245984230557;0.68967637465609;0.1943621489607202;0.4754515379620103;0.738097318004914;0.0;0.7211636905011807;0.19993960327851823;0.5428160949031658;0.20087642751024787;0.0;0.6870659249410928;0.0;0.0;0.20811020790169338;0.0;0.0;0.0;0.0;0.23209414126245123;0.21463644510239183;0.8173176176317357;0.6537890046744778;0.5428160949031658;0.0;0.19412772636503922;0.0;0.839166510972805;0.18261185707979918;0.7768695145482645;0.6723730255632036;0.6334601649103767;0.20046219759274095;0.0;0.0;0.0;0.0;0.20759318540266192;0.6578254991458165;0.6020327790419271;0.18856671184074564;0.24076076165834545;0.0;0.0;0.23171516526525004;0.839166510972805;0.0;0.0;0.0;0.20688730938029917;0.0;0.0;0.0;0.5188227610333035;0.24076076165834545;0.0;0.0;0.0;0.223303026612962;0.0;0.24076076165834545;0.0;0.0;0.412398446878985;0.45167509602933925;0.0;0.0;0.4994781543988957;0.68967637465609;0.1673951894864561;0.0;0.6896563021230523;0.0;0.09829359121324335;0.3560487501492822;0.0;0.14109621575070375;0.154925030843292;0.0;0.0;0.09090553376982535;0.14400260414473784;0.22375965161697162;0.19463711954658303;0.18844958649357907;0.0;0.14403791402711025;0.12417588885917238;0.18856107114416307;0.21480631812994133;0.6335163086471328;0.0;0.687221047652501;0.6872214735781373;0.3560487501492822;0.0;0.0;0.3560487163101543;0.6723783249201911;0.1520061647467699;0.46216153190394954;0.454157600263295;0.0;0.0;0.10477029690555958;0.0;0.167645694715586
GO:1900264;0.11652942916024217;0.0;0.13402086004475677;0.18688509353908178;0.0;0.0;0.0;0.0;0.0;0.2058763718313963;0.0;0.1585451693115589;0.08781284990753187;0.38004134565506376;0.0;0.0;0.2370731600815911;0.0;1.0;0.4110136738742006;0.0;0.20980254912484173;0.18661709482533528;0.0;0.0;0.0;0.1800590364108422;0.0;0.19779074353680703;0.0;0.0;0.0;0.0;0.0;0.0;0.0;0.21443197287715;0.0;0.0;0.0;0.20175911323487572;0.661168931429803;0.0;0.0;0.2563332508033003;0.0;0.0;0.17160123311112113;0.17752144505458253;0.28661161595245616;0.0;0.0;0.0;0.09045671120976762;0.0;0.18397460731772064;0.23655177296174848;0.0;0.0;0.0;0.0;0.0;0.0;0.0;0.29723381124817383;0.5827192866372716;0.0;0.23154010460684177;0.0;0.0;0.08537574806235178;0.0;0.0;0.28762959884457534;0.28740587153585584;0.0;0.0;0.0;0.1779760234595214;0.5996426173306485;0.0;0.19728310495364954;0.205964675552372;0.3567810958814337;0.0;0.0;0.0;0.2737066140247385;0.0;0.0;0.3662757699112145;0.0;0.43299751329416025;0.0;0.0;0.0;0.5959447229318375;0.763580363450894;0.0;0.0;0.0;0.7015136972291682;0.0;0.8233231668661842;0.36601320732401155;0.0;0.39571044192509675;0.0;0.0;0.0;0.27574539198129183;0.16336200022523145;0.4802521446887235;0.0;0.0;0.0;0.1909079307174505;0.0;0.1476009468822966;0.0;0.0;0.0;0.22695249612107712;0.0;0.0;0.0;0.15435925973049963;0.21169799025295713;0.0;0.0;0.0;0.0;0.4110136738742006;0.19813713543008232;0.0;0.13059583822371928;0.2757167448428205;0.0
GO:0043111;0.16811517987166985;0.4759530439391652;0.1904247843462285;0.253927487909791;0.0;0.46350308864677053;0.0;0.0845261565543127;0.0;0.13714228706605924;0.4065432620932878;0.16594569138911958;0.46080005000993735;0.602884240754379;0.0;0.447701308915428;0.29518021313371634;0.454157600263295;0.4110136738742006;1.0;0.5123352386853296;0.2116071588769191;0.19183242338258952;0.4696455072996312;0.0966824239435927;0.09236914804784631;0.24604173822167405;0.09649153319460929;0.26634304337043124;0.10126633996565347;0.0;0.10131211208966855;0.4585515210012023;0.09802792187156416;0.23556288107570414;0.47699158981609896;0.24664906284479732;0.47066147908653877;0.09942679634658043;0.3954956482969692;0.20483183011166328;0.35360781278980163;0.45752712949373564;0.0;0.15608048956855167;0.10140664432301848;0.0;0.1772416968942029;0.12104884086939706;0.17142507479289554;0.10678356559734391;0.10293168525252198;0.5335492460789382;0.4728681309519385;0.3954956482969692;0.21695920274480546;0.3303511402785761;0.0;0.5123352386853296;0.09494659906343873;0.49102830060267744;0.45170131799222324;0.43576256814965136;0.09955585990689537;0.4100444181532551;0.3083793665869674;0.0;0.14309736498853853;0.1012837281424054;0.37282495102535806;0.449593813667147;0.09653158726170954;0.1085818633297837;0.3630913000157268;0.10129825408305544;0.10670327305159193;0.5123352386853296;0.0;0.21093416124281705;0.3161618788606084;0.1011154070664195;0.1245044228422468;0.13719124503262856;0.38051587576777707;0.32367650644246554;0.1085818633297837;0.0;0.3814512320932857;0.0;0.10488380872247102;0.2050964238731559;0.1085818633297837;0.24112547095920492;0.0;0.2709981417341102;0.2857660553819976;0.35568224367956397;0.4215101509162784;0.30232161262934054;0.4585515210012023;0.09066160312533368;0.30767465515535775;0.45854365629762617;0.43903796245002197;0.5830474239711719;0.2518467868385799;0.5991947155146924;0.08234856292081709;0.08687436634733707;0.0;0.1659811973434565;0.1692363155984465;0.4444356996455883;0.10498443622001254;0.09809781878929016;0.09650088351242375;0.22384887054721986;0.08334196646455794;0.20728556526918873;0.09653010901160418;0.10297073667088096;0.41117470087225144;0.19343474996561272;0.4575880918152834;0.4575882591860486;0.2518467868385799;0.18661615075533367;0.13242307968063846;0.25184676990795174;0.45170343778472105;0.08594889426360322;0.2895249094830228;0.9802239028624609;0.23094918713837137;0.0;0.18610961311568358;0.16596675331514996;0.09073503418900691
GO:0006297;0.09001624120959148;0.8294132635868482;0.10851376207628835;0.17709272938071857;0.0;0.7923259067279549;0.0;0.1475772107864665;0.0;0.0;0.7703768937150625;0.0;0.7067603037703705;0.1033688628589177;0.0;0.8173862225384393;0.0;0.839166510972805;0.0;0.5123352386853296;1.0;0.21466143662019785;0.17668619200636293;0.8104453222779927;0.1890860244211234;0.1732627151407604;0.1669521318210879;0.18835725535667336;0.194253250359444;0.20745139978746838;0.0;0.2076435803504131;0.777965519497615;0.1943018378290235;0.4752986549646139;0.832572220831661;0.0;0.8134755204291773;0.19987578165050407;0.6123335706084964;0.20081200650034292;0.0;0.7750215378347908;0.0;0.0;0.20804106440681086;0.0;0.0;0.0;0.0;0.2320081456511911;0.21456289776245202;0.9219092461610838;0.7374924621188038;0.6123335706084964;0.0;0.194067560607096;0.0;0.9465475294732815;0.1825586168174556;0.8762963348403275;0.7584512645434676;0.7145655923330089;0.2003980419532905;0.0;0.0;0.0;0.0;0.20752438498010775;0.6576667043265968;0.6791211944899394;0.18850994324285236;0.24066822510046787;0.0;0.0;0.23162945020951609;0.9465475294732815;0.0;0.0;0.0;0.2068189759673805;0.0;0.0;0.0;0.5187239796472903;0.24066822510046787;0.0;0.0;0.0;0.2232234210814532;0.0;0.24066822510046787;0.0;0.0;0.4559030072656597;0.49931276009711734;0.0;0.0;0.5521437560383416;0.777965519497615;0.16735045126260206;0.0;0.7779428823558225;0.0;0.09827816387101539;0.3560022256242084;0.0;0.14106442932031976;0.15488670915615366;0.0;0.0;0.09089233825088606;0.14396949486722527;0.2236797202454032;0.19457663767240546;0.18839288838508533;0.0;0.14400478851248072;0.12415126833384528;0.1885043059420064;0.21473265434650188;0.6742695986009357;0.0;0.7751964804023769;0.7751969607480338;0.3560022256242084;0.0;0.0;0.35600219179392334;0.758457241049729;0.1519692732848735;0.5109023879763713;0.5123352386853296;0.0;0.0;0.1047527697045849;0.0;0.16760082250887798
