;GO:0007094;GO:0006281;GO:0007095;GO:0007093;GO:0008584;GO:0006283;GO:0015031;GO:1904976;GO:0048754;GO:0048639;GO:0015949;GO:0002638;GO:0032201;GO:0071930;GO:0019886;GO:0090502;GO:0045814;GO:0006296;GO:1900264;GO:0043111;GO:0006297;GO:0007265;GO:0008630;GO:0006298;GO:0006334;GO:0006335;GO:0000077;GO:0071480;GO:0000076;GO:0051256;GO:0006606;GO:0071363;GO:0010424;GO:0000070;GO:0016485;GO:0006260;GO:0008285;GO:0006261;GO:0090398;GO:0042276;GO:0097192;GO:0045944;GO:0006303;GO:0001890;GO:0043525;GO:0006268;GO:0048538;GO:2001229;GO:0002218;GO:0048146;GO:0000281;GO:0060707;GO:0031297;GO:0016233;GO:0070987;GO:2000773;GO:0016458;GO:1902065;GO:0006270;GO:0033077;GO:0006272;GO:0000724;GO:0043137;GO:0071260;GO:0001933;GO:2000781;GO:0071548;GO:2001235;GO:0007051;GO:0046939;GO:1902990;GO:0007052;GO:0045445;GO:0042177;GO:0043547;GO:0070365;GO:0010216;GO:0033574;GO:1905460;GO:0045739;GO:0035234;GO:0090267;GO:0032481;GO:1904667;GO:0046940;GO:0030855;GO:0006405;GO:0051573;GO:0001756;GO:0002328;GO:0010628;GO:0060718;GO:0051571;GO:0032355;GO:0031145;GO:0018105;GO:0090309;GO:0032877;GO:0016567;GO:0090116;GO:0008089;GO:0032077;GO:0043045;GO:0045740;GO:0006342;GO:0006227;GO:0000122;GO:0032869;GO:0071230;GO:0097421;GO:1904707;GO:0006977;GO:0000083;GO:0000082;GO:0071353;GO:0034644;GO:0032466;GO:0070301;GO:0033314;GO:0072719;GO:0042769;GO:0006351;GO:1905775;GO:0033153;GO:0033152;GO:0006233;GO:1905931;GO:0046604;GO:0006235;GO:0097681;GO:0034080;GO:0006511;GO:0048478;GO:0043066;GO:0045087;GO:0072431;GO:0043065;GO:0072711
GO:0007094;1.0;0.027703411996866222;0.7610456606305025;0.8625427811870853;0.0;0.02340393447621552;0.0;0.01809729474646061;0.0;0.07178381295722944;0.021766040039982015;0.17563512982116583;0.43115190190008795;0.4385818338836128;0.0;0.02357993351109733;0.20801713445558;0.02217559317426168;0.06329673112888025;0.18326327404790962;0.021390160356200373;0.08462491520689318;0.07584044373612775;0.02182212351854227;0.024374846985172702;0.02014042183934945;0.7942315788634684;0.021708291142540363;0.7128743697150954;0.47562216086462145;0.0;0.026033075967501512;0.017339728950274563;0.5178763319347918;0.0;0.024849124238011815;0.26892034704521706;0.022031708705166797;0.021876643500360515;0.021246167726588917;0.07103941365552983;0.09839103037604466;0.022808676565513043;0.0;0.07379102647498217;0.019992662136233234;0.0;0.15121160666531855;0.0725811683355257;0.07413883766130161;0.5454296171547948;0.020401339940053793;0.02182212351854227;0.05180281643722896;0.02116973712405622;0.19630202680777056;0.21444908464594634;0.0;0.021876643500360515;0.021648764299347714;0.018571933505860526;0.02376596059175926;0.018924080213231;0.02353100656421573;0.2572286775336212;0.06809962056088802;0.0;0.08169987886051967;0.5036781932655094;0.023126213965686353;0.4385818338836128;0.5526910000744647;0.021458197157809184;0.21178977107665845;0.06807400733746743;0.0205180357274168;0.01920656017453798;0.0;0.17057295659138613;0.07390890820072006;0.019443700530977902;0.8055091713474026;0.06633623856908917;0.18843741777355508;0.01920656017453798;0.02654715632649773;0.0;0.7007972678575005;0.0;0.018924080213231;0.09110493354595765;0.01920656017453798;0.5802222121698758;0.0;0.022080823654154244;0.025187241707018592;0.5272066317485818;0.40757733466831897;0.0284798950392215;0.018571933505860526;0.022266125884216358;0.06252474796870607;0.019648816607209404;0.07219009347209272;0.2215531837256021;0.01809729474646061;0.2751367160359442;0.023697922321706092;0.023126213965686353;0.0;0.07066884544573485;0.7523266236135525;0.5126478692576815;0.5686487064728056;0.021458197157809184;0.02353100656421573;0.5709180745022198;0.02303568721655709;0.7262932074702597;0.01920656017453798;0.02222136300885264;0.032744130416609944;0.6078047331035165;0.01920656017453798;0.018924080213231;0.01809729474646061;0.1634326497400965;0.6259114358482691;0.018924080213231;0.01809729474646061;0.021876643500360515;0.027703411996866222;0.18843741777355508;0.277417804211934;0.0;0.7533905849480292;0.09183082807963347;0.019648816607209404
GO:0006281;0.027703411996866222;1.0;0.6128824432792763;0.032907507611776916;0.0;0.7900665277436764;0.0;0.29523168064433336;0.0;0.0;0.27285470335972756;0.0;0.5983840425776094;0.02341696381729374;0.0;0.3285485883863805;0.0;0.3025611786872468;0.0;0.5335816125702842;0.603708254419458;0.036592782279958665;0.6927755313391719;0.7195164399451565;0.03346127460885941;0.025966750184543346;0.6970801646872593;0.3729310502130704;0.02742461339257408;0.025966750184543346;0.0;0.4775773513944908;0.46201960810621034;0.02901943143648865;0.20127883333602173;0.7387043708105786;0.0;0.6277050067855621;0.4923348028993351;0.6946373292574747;0.02883136467709047;0.0;0.7631263291002732;0.0;0.0;0.025721655810301506;0.0;0.0;0.0;0.0;0.031098303299170377;0.026402094557598947;0.6198157483066181;0.579481916649481;0.6913672175274458;0.0;0.033870527526014035;0.20881316014378096;0.6218633153951182;0.028529524839569664;0.5034171331826679;0.8066887777573969;0.5155125705363448;0.4153689118882731;0.0;0.0;0.2405448565099177;0.0;0.03430610796082734;0.2958231654810918;0.5034171331826679;0.031658340123926564;0.028199491741890008;0.0;0.0;0.02659786442860969;0.5253023858643778;0.2393571641459625;0.0;0.0;0.024820095486495403;0.0;0.0;0.0;0.23203535071924364;0.0376957172652586;0.0;0.0;0.0;0.023979595480373466;0.0;0.024434978772287282;0.0;0.2708852812329705;0.2111580143372461;0.25245158569989967;0.0;0.0;0.3007911752328178;0.5034171331826679;0.029611498669748486;0.0;0.5407879539964935;0.0;0.031845657904192824;0.21525010996271474;0.0;0.4193722146606226;0.4057436734115385;0.0;0.0;0.6772822613553247;0.028632995070703476;0.032907507611776916;0.3672848769333955;0.4153689118882731;0.0;0.5274241680896622;0.02619252379014657;0.3182538980983834;0.6502690429191196;0.5295660249326735;0.0;0.5253023858643778;0.5155125705363448;0.21525010996271474;0.0;0.0;0.22771101621354947;0.5656876731339943;0.02892660935841817;0.28892939430408376;0.5529633273452169;0.0;0.5021225235398139;0.6785689424443715;0.0;0.3276358132674995
GO:0007095;0.7610456606305025;0.6128824432792763;1.0;0.8660866947086723;0.0;0.5173853279095056;0.0;0.23643570473249884;0.0;0.0720907733589517;0.0218468452509813;0.17623830029045295;0.43271416050623474;0.4399703526221894;0.0;0.02367479721038503;0.2088637584781688;0.022259473739925817;0.06350656168718878;0.18387079728686842;0.02146819379751103;0.0850003962804328;0.5150101791123101;0.4822864463318365;0.024476228226528934;0.020209588569859743;0.8980341975056436;0.2837869589991401;0.7851027960763495;0.4772555541513983;0.0;0.3405749886814904;0.017390972284480048;0.519813428411121;0.0;0.024954497671643493;0.27023053250371326;0.022114502266200285;0.37373278524713005;0.4695112377701534;0.07130382558988904;0.0988989747471746;0.5041748977759056;0.0;0.0740763594970918;0.020060815992430193;0.0;0.15165847563993287;0.07289500078510831;0.07442687208487056;0.5475787486811804;0.020472313539169208;0.0219033464565488;0.05198594539089076;0.46781612806764006;0.19699923747594025;0.21534898706471575;0.16251660390640682;0.02195827355615107;0.021728699497952135;0.01863073091991696;0.5254210074954437;0.01898513217417398;0.30771051485039985;0.25842716152479767;0.06834256379738393;0.18111099226717783;0.08204979806878762;0.5058115496020895;0.023217455034710618;0.4399703526221894;0.5548978516717502;0.02153672870995017;0.21266744741115623;0.06839059603144027;0.020589825016054882;0.019269451414091393;0.18043688100958202;0.17109913459042744;0.07419515536255698;0.019508156980232633;0.5382061599506115;0.06659829213961974;0.18907979028930874;0.019269451414091393;0.0266674577692282;0.0;0.18907979028930874;0.0;0.01898513217417398;0.09159994271644663;0.019269451414091393;0.06804095273256552;0.19779080125358692;0.022163987464173293;0.02529550849097741;0.0618039145768774;0.4088346161899385;0.02861839667283826;0.01863073091991696;0.02235069404512325;0.06272948316682497;0.019714642463442972;0.07246315700767446;0.22244170720721637;0.018153120702274723;0.2765083286211334;0.30990206596199116;0.302396234413791;0.0;0.07093050095117616;0.7552668139716152;0.5145459777735059;0.5709851028624763;0.2805055788304011;0.30771051485039985;0.5728307174793821;0.39361128895290165;0.8989807242323571;0.2509753777116926;0.4911434041731847;0.032927345572083946;0.16391563502289624;0.019269451414091393;0.01898513217417398;0.018153120702274723;0.16391563502289624;0.45814233016312245;0.01898513217417398;0.3997107971926062;0.02195827355615107;0.027834446923365584;0.18907979028930874;0.2788123120919691;0.3463778167685119;0.7563391136818046;0.092273144104019;0.2567737779548448
GO:0007093;0.8625427811870853;0.032907507611776916;0.8660866947086723;1.0;0.0;0.027012845974040803;0.0;0.020182268837947173;0.0;0.08376536115099018;0.024854171100844123;0.1984511088220299;0.4906603439859868;0.49059285161816546;0.0;0.027247580582115957;0.24080724240625465;0.025389611233179364;0.0711993690605206;0.2061438126655953;0.02436526460821913;0.09937083403814799;0.08747344433409793;0.024927324322536068;0.028314603670725406;0.0227567745144836;0.9167029299864694;0.024778901438521708;0.8100058214093332;0.5374081215985717;0.0;0.030577077581075647;0.019244612791856863;0.5919832941893656;0.0;0.02895660728552552;0.32124128428687565;0.0252011737427843;0.024998489483297467;0.024178606006770725;0.08114803778695143;0.11890617454823808;0.0262229531707652;0.0;0.08475835139059838;0.0225683113016119;0.0;0.1678232011730806;0.08485312280631872;0.08521755552988347;0.6282626264020178;0.023090446691145742;0.024927324322536068;0.05875573485656321;0.024079670312129507;0.22278946337161173;0.24946898907727807;0.0;0.024998489483297467;0.024701373674972514;0.020774362079759415;0.027496283086141576;0.021215975677512273;0.027182270727944144;0.30469754088775775;0.07733453384262934;0.0;0.09536175358704274;0.5868213189172548;0.026643547986209343;0.49059285161816546;0.637916537983073;0.02445358281625372;0.24587749040074244;0.08060914579049026;0.02324004615090918;0.021571664268412803;0.0;0.1902245233135813;0.08491391482092393;0.021871259152207445;0.5142983773832649;0.07644027849106712;0.21271375848832952;0.021571664268412803;0.03128873586785455;0.0;0.21271375848832952;0.0;0.021215975677512273;0.11131214567718668;0.021571664268412803;0.07694855848583086;0.0;0.02526545704444461;0.029416777693051288;0.06906616906369405;0.3852093069673911;0.03400891529390139;0.020774362079759415;0.02550835865259515;0.07022407236857017;0.022131132536977863;0.08265295966335919;0.25588924968837407;0.020182268837947173;0.33015194244989987;0.02740525081249579;0.026643547986209343;0.0;0.0806648641560954;0.7842327861303072;0.5851612612708735;0.6592701473777287;0.02445358281625372;0.027182270727944144;0.5437385714518773;0.02652346168326678;0.8213608906485557;0.021571664268412803;0.02544962776411516;0.04027160751897703;0.1813868066112718;0.021571664268412803;0.021215975677512273;0.020182268837947173;0.1813868066112718;0.5142983773832649;0.021215975677512273;0.020182268837947173;0.024998489483297467;0.032907507611776916;0.21271375848832952;0.3334419224057065;0.0;0.7855090016775473;0.10945645322288894;0.022131132536977863
GO:0008584;0.0;0.0;0.0;0.0;1.0;0.0;0.0;0.0;0.2494250188948397;0.0;0.0;0.0;0.0;0.0;0.0;0.0;0.0;0.0;0.0;0.0;0.0;0.0;0.0;0.0;0.0;0.0;0.0;0.0;0.0;0.0;0.0;0.0;0.0;0.0;0.0;0.0;0.0;0.0;0.2196125147862734;0.0;0.0;0.0;0.0;0.7312682756134625;0.0;0.0;0.4707074917229597;0.0;0.0;0.0;0.0;0.5358819720316368;0.0;0.0;0.0;0.0;0.0;0.0;0.0;0.21702746073554674;0.0;0.0;0.0;0.0;0.0;0.0;0.0;0.0;0.0;0.0;0.0;0.0;0.21487110036907453;0.0;0.0;0.2043044758731589;0.0;0.0;0.0;0.0;0.5078284774608021;0.0;0.0;0.0;0.0;0.27420067295268363;0.0;0.0;0.22946173092155714;0.18665803323112312;0.0;0.18976104912036237;0.0;0.0;0.0;0.0;0.0;0.0;0.0;0.0;0.0;0.0;0.0;0.0;0.0;0.0;0.0;0.0;0.0;0.4620628898266527;0.0;0.0;0.0;0.0;0.0;0.0;0.0;0.0;0.0;0.0;0.0;0.0;0.0;0.0;0.0;0.0;0.0;0.0;0.0;0.0;0.0;0.0;0.0;0.0;0.0;0.0;0.0;0.0
GO:0006283;0.02340393447621552;0.7900665277436764;0.5173853279095056;0.027012845974040803;0.0;1.0;0.0;0.2566534853120814;0.0;0.0;0.2291859500034912;0.0;0.5051460153244375;0.020269459708345785;0.0;0.27106299460605454;0.0;0.25312571092794167;0.0;0.45817217420264694;0.5089350405321243;0.029447261413966905;0.573187386504322;0.6040330665717615;0.027384869684365366;0.022152314799624193;0.5761309862659816;0.3134212185707752;0.02320464670294497;0.022152314799624193;0.0;0.3841669038701997;0.4043886887398482;0.02433629411160358;0.1637352431584583;0.6016197089907352;0.0;0.5258831545061282;0.413095362703197;0.586401464615448;0.024203891186529592;0.0;0.6344713792184132;0.0;0.0;0.021973691153118542;0.0;0.0;0.0;0.0;0.02578162350289755;0.022468373465070406;0.5203344723960089;0.4916088605550907;0.5840693218527063;0.0;0.027658374307177803;0.1781391519899479;0.5217767468644372;0.023990809116292033;0.43575219132384907;0.6642966164672437;0.4447854506242484;0.34286121214555726;0.0;0.0;0.20072873869795596;0.0;0.027948145088810203;0.24517538624088384;0.43575219132384907;0.026165356071097906;0.023757001743890862;0.0;0.0;0.022609996151078903;0.45205432337369605;0.19990101381543085;0.0;0.0;0.021312348186411655;0.0;0.0;0.0;0.1996803865559579;0.030157329950248755;0.0;0.0;0.0;0.020689651021367564;0.0;0.021027770085949665;0.0;0.22142418432226696;0.17682065697582305;0.20488388114063505;0.0;0.0;0.23561435881720333;0.43575219132384907;0.024751319379670914;0.0;0.46347542778646755;0.0;0.026293179478893265;0.18712318005699727;0.0;0.345584271576974;0.3362764429948856;0.0;0.0;0.5625402920534047;0.024063934073774686;0.027012845974040803;0.3094235719450809;0.34286121214555726;0.0;0.43751851418611504;0.022316419816850137;0.2738766364618219;0.5437778778285349;0.3946597535896536;0.0;0.45205432337369605;0.4447854506242484;0.18712318005699727;0.0;0.0;0.1964695969552667;0.49176874443507584;0.024270980061372346;0.228273443320911;0.4723897039792539;0.0;0.3948175458311797;0.5634276503801419;0.0;0.2807961005605279
GO:0015031;0.0;0.0;0.0;0.0;0.0;0.0;1.0;0.0;0.0;0.0;0.0;0.0;0.0;0.0;0.0;0.0;0.0;0.0;0.0;0.0;0.0;0.0;0.0;0.0;0.0;0.0;0.0;0.0;0.0;0.0;0.6555949560617478;0.0;0.0;0.0;0.0;0.0;0.0;0.0;0.0;0.0;0.0;0.0;0.0;0.0;0.0;0.0;0.0;0.0;0.0;0.0;0.0;0.0;0.0;0.0;0.0;0.0;0.0;0.0;0.0;0.0;0.0;0.0;0.0;0.0;0.0;0.0;0.0;0.0;0.0;0.0;0.0;0.0;0.0;0.0;0.0;0.0;0.0;0.0;0.0;0.0;0.0;0.0;0.0;0.0;0.0;0.0;0.6255157796333675;0.0;0.0;0.0;0.0;0.0;0.0;0.0;0.0;0.0;0.0;0.0;0.0;0.0;0.33065545067477775;0.0;0.0;0.0;0.0;0.0;0.0;0.0;0.0;0.0;0.0;0.0;0.0;0.0;0.0;0.0;0.0;0.0;0.0;0.0;0.0;0.0;0.0;0.0;0.0;0.0;0.0;0.0;0.0;0.0;0.0;0.0;0.0;0.0;0.0;0.0;0.0;0.0
GO:1904976;0.01809729474646061;0.29523168064433336;0.23643570473249884;0.020182268837947173;0.0;0.2566534853120814;0.0;1.0;0.0;0.0;0.01853129652496056;0.0;0.018153120702274723;0.016164404869870686;0.0;0.01983002654283323;0.0;0.018827336441713426;0.0;0.016820808509603918;0.018258136190176338;0.021510911652872108;0.25566467811908444;0.24189054095547374;0.020389216306868893;0.017339728950274563;0.2566534853120814;0.2408158456942349;0.01797790430867298;0.017339728950274563;0.0;0.39365533068004566;0.015222863394942618;0.01864978894956986;0.0;0.02072001974012773;0.0;0.018723519825233667;0.24240467470561466;0.23643570473249884;0.01857193350586053;0.0;0.2511351371615766;0.0;0.0;0.017230094564966998;0.0;0.0;0.0;0.0;0.01948697196488797;0.017532779044369076;0.01857193350586053;0.017774984128329507;0.23570859838964167;0.0;0.02054044623664236;0.37798125696879276;0.018611407797757263;0.018446220176376486;0.016164404869870686;0.25998801340294464;0.016430515760039975;0.2578257684252702;0.0;0.0;0.3807111217772427;0.0;0.020699832784681325;0.019508156980232633;0.016164404869870686;0.019705406604306763;0.018307684229438067;0.0;0.0;0.01761889629646255;0.016643039333390182;0.3795140520206432;0.0;0.0;0.016820808509603918;0.0;0.0;0.0;0.016643039333390182;0.021887368178553208;0.0;0.0;0.0;0.016430515760039975;0.0;0.016643039333390182;0.0;0.4098949948400444;0.018758980498249034;0.020954574867523425;0.0;0.0;0.023184575673594412;0.016164404869870686;0.01889255409576281;0.0;0.01697409998357078;0.0;0.019777817580782155;0.01580365215978331;0.0;0.6205660268032774;0.5161329816337547;0.0;0.0;0.2520671789798362;0.018489420279622117;0.020182268837947173;0.3346338056436415;0.2578257684252702;0.0;0.6888121336776738;0.017440114187681783;0.280350580031917;0.2456466110275841;0.025933973164561742;0.0;0.016643039333390182;0.016430515760039975;0.01580365215978331;0.0;0.0;0.016430515760039975;0.20583500198274046;0.018611407797757263;0.022667373102279776;0.017230094564966998;0.0;0.1846124688533181;0.2523682653533082;0.0;0.43960161588496804
GO:0048754;0.0;0.0;0.0;0.0;0.2494250188948397;0.0;0.0;0.0;1.0;0.0;0.0;0.0;0.0;0.0;0.0;0.0;0.0;0.0;0.0;0.0;0.0;0.0;0.0;0.0;0.0;0.0;0.0;0.0;0.0;0.0;0.0;0.0;0.0;0.0;0.0;0.0;0.0;0.0;0.22541370954675685;0.0;0.0;0.0;0.0;0.22843662027779976;0.0;0.0;0.23163896953425028;0.0;0.0;0.0;0.0;0.20794808101498424;0.0;0.0;0.0;0.0;0.0;0.0;0.0;0.22269112677030542;0.0;0.0;0.0;0.0;0.0;0.0;0.0;0.0;0.0;0.0;0.0;0.0;0.2204213393037162;0.0;0.0;0.20931588789321734;0.0;0.0;0.0;0.0;0.19681089641749075;0.0;0.0;0.0;0.0;0.2833040240845681;0.0;0.0;0.297358541533928;0.19083228432185215;0.0;0.19407684434012293;0.0;0.0;0.0;0.0;0.0;0.0;0.0;0.0;0.0;0.0;0.0;0.0;0.0;0.0;0.0;0.0;0.0;0.22727159071183972;0.0;0.0;0.0;0.0;0.0;0.0;0.0;0.0;0.0;0.0;0.0;0.0;0.0;0.0;0.0;0.0;0.0;0.0;0.0;0.0;0.0;0.0;0.0;0.0;0.0;0.0;0.0;0.0
GO:0048639;0.07178381295722944;0.0;0.0720907733589517;0.08376536115099018;0.0;0.0;0.0;0.0;0.0;1.0;0.0;0.06768917887091781;0.06288370706991349;0.06158720574463339;0.0;0.0;0.08281288174375788;0.0;0.17777255444100398;0.0649584930903757;0.0;0.0919977535333781;0.08048182742971596;0.0;0.0;0.0;0.08092805598315551;0.0;0.07112977983542682;0.0;0.0;0.0;0.0;0.0;0.0;0.0;0.10334674304439455;0.0;0.0;0.0;0.07441709005349371;0.3043799426285721;0.0;0.0;0.21311783947112287;0.0;0.0;0.05690620764703963;0.24392267829421843;0.21432360413265333;0.0;0.0;0.0;0.061082395463002745;0.0;0.34143450227326094;0.08593638604113861;0.0;0.0;0.0;0.0;0.0;0.0;0.0;0.09773030486742952;0.19370413008359147;0.0;0.24110749421957192;0.0;0.0;0.05372160159825945;0.0;0.0;0.08463998081821467;0.08505387316789242;0.0;0.0;0.0;0.05977256868958135;0.21352624888470673;0.0;0.17996338814957424;0.21864611969979184;0.06710732898423087;0.0;0.0;0.0;0.06710732898423087;0.0;0.0;0.3250922967764579;0.0;0.1926988613669751;0.0;0.0;0.0;0.17225674156575158;0.16358018352832746;0.0;0.0;0.0;0.17524922510991398;0.0;0.2075969222093144;0.0813550573198649;0.0;0.10638585506298749;0.0;0.0;0.0;0.2023946521582867;0.21584658769871282;0.07395546323274631;0.0;0.0;0.0;0.06575902867792925;0.0;0.06822428682509724;0.0;0.0;0.0;0.05690620764703963;0.0;0.0;0.0;0.2759412783846725;0.17996338814957424;0.0;0.0;0.0;0.0;0.06710732898423087;0.10751044761964271;0.0;0.07900491497605189;0.27879671001009315;0.0
GO:0015949;0.021766040039982015;0.27285470335972756;0.0218468452509813;0.024854171100844123;0.0;0.2291859500034912;0.0;0.01853129652496056;0.0;0.0;1.0;0.0;0.20745835088138986;0.01902928665361634;0.0;0.23096369042822207;0.0;0.2168018696790048;0.0;0.18940385423204034;0.20890439628344576;0.02690031457200411;0.02402112899871276;0.21324571188906788;0.025168765361126794;0.02067940939458141;0.02413491653699713;0.022335769276650517;0.021593567230652602;0.02067940939458141;0.0;0.026940700905756648;0.16843831001282553;0.02257022405945305;0.13260665418127957;0.24380837263671465;0.0;0.21535388476567421;0.022514034702917574;0.20745835088138986;0.022456295677098836;0.0;0.22317952086921575;0.0;0.0;0.020523665909713697;0.0;0.0;0.0;0.0;0.023808056745488634;0.02095457486752342;0.21324571188906788;0.20227955388265462;0.20669102197765346;0.0;0.025399608128032485;0.0;0.21379400355041495;0.022272756446621127;0.18070272308223378;0.23284363093766897;0.18421508641074177;0.02427007326713173;0.0;0.0;0.0;0.0;0.025643773403774238;0.5847569606522663;0.18070272308223378;0.02413491653699713;0.022071096543193832;0.0;0.0;0.02107770458187479;0.18703495624230393;0.0;0.0;0.0;0.019945577875110712;0.0;0.0;0.0;0.4831204908609096;0.027491631542286815;0.0;0.0;0.0;0.01939916358446598;0.0;0.019696116006850124;0.0;0.0;0.11685009517576905;0.13384291415958385;0.0;0.0;0.15200934643827635;0.18070272308223378;0.02292675748081363;0.0;0.19145405107825036;0.0;0.024243630189846554;0.4545489613441705;0.0;0.024447678300937713;0.02383968627018141;0.0;0.0;0.023608801043912806;0.022335769276650517;0.024854171100844123;0.022071096543193832;0.02427007326713173;0.0;0.023743499249571635;0.02082234684436629;0.019696116006850124;0.022879301819895864;0.32469828055201677;0.0;0.18703495624230393;0.18421508641074177;0.4545489613441705;0.0;0.0;0.475836628397129;0.17597379267332275;0.022514034702917574;0.147710817273468;0.19489339695297905;0.0;0.0;0.023643210848823974;0.0;0.020161478237968645
GO:0002638;0.17563512982116583;0.0;0.17623830029045295;0.1984511088220299;0.0;0.0;0.0;0.0;0.0;0.06768917887091781;0.0;1.0;0.05050228043488589;0.1550072620052508;0.0;0.0;0.19669042158911196;0.0;0.05320496790851525;0.16195708204874593;0.0;0.0700740294044619;0.06318733305378975;0.0;0.0;0.0;0.1931799004363357;0.0;0.17434658706639344;0.0;0.0;0.0;0.0;0.0;0.0;0.0;0.23277756507136269;0.0;0.0;0.0;0.059387483231223386;0.08069794193685052;0.0;0.0;0.06156842808176668;0.0;0.0;0.14513610475763364;0.40898638955074884;0.06184350469779602;0.0;0.0;0.0;0.04933388209357355;0.0;0.17292831868114322;0.2024313257506024;0.0;0.0;0.0;0.0;0.0;0.0;0.0;0.2232828137583212;0.05704802377341861;0.0;0.06779030557517811;0.0;0.0;0.0444183823966275;0.0;0.0;0.20006006940371945;0.06387339871170183;0.0;0.0;0.0;0.15121160666531855;0.06166167335192946;0.0;0.053740821066953194;0.06282429296531723;0.16631914350849922;0.0;0.0;0.0;0.16631914350849922;0.0;0.0;0.08460919151213381;0.0;0.05680915912732059;0.0;0.0;0.0;0.051845220418893806;0.04967494214054717;0.0;0.0;0.0;0.052584821154579665;0.0;0.060300546741196094;0.19397828635640668;0.0;0.23780421849379768;0.0;0.0;0.0;0.05909312244957768;0.18930777932200923;0.05909312244957768;0.0;0.0;0.0;0.16358823074328963;0.0;0.16856608888869748;0.0;0.0;0.0;0.14513610475763364;0.0;0.0;0.0;0.14513610475763364;0.053740821066953194;0.0;0.0;0.0;0.0;0.16631914350849922;0.23964499390214328;0.0;0.1895614542186256;0.07566047685474649;0.0
GO:0032201;0.43115190190008795;0.5983840425776094;0.43271416050623474;0.4906603439859868;0.0;0.5051460153244375;0.0;0.018153120702274723;0.0;0.06288370706991349;0.20745835088138986;0.05050228043488589;1.0;0.3780764217472655;0.0;0.24321515448604694;0.05985132678858545;0.22867529957381696;0.04874945430867435;0.4193857298192269;0.4615225381256081;0.06524873689592436;0.05844868510043463;0.4708774359603064;0.20684328396702564;0.17078683973380596;0.05871824156697525;0.021788667351538005;0.052681883593485024;0.41011643420327304;0.0;0.026148753144986134;0.3738705614878458;0.5996073097952788;0.14592357395611924;0.5364709864134795;0.07164591219205713;0.4754168567485434;0.02195827355615107;0.45840443885011084;0.054734857238054525;0.07591768350426575;0.4922480922819095;0.0;0.056863133615134745;0.546463976005306;0.0;0.04345876494764459;0.06358522266653795;0.057132197109182825;0.47054673727982627;0.020472313539169208;0.4708774359603064;0.7631323624268649;0.4567494288110318;0.05223018264936246;0.06170971303165725;0.0;0.4720582569767096;0.021728699497952135;0.4005228526627243;0.5129916021710179;0.40814175940086644;0.023625476210364458;0.06851649793641951;0.05246170793482476;0.0;0.06298377326255435;0.5058115496020895;0.22047370582933645;0.8737324919178789;0.47683620713292474;0.02153672870995017;0.0609412996540989;0.06839059603144027;0.020589825016054882;0.4142540452541757;0.0;0.04536331797678814;0.0569543247214031;0.019508156980232633;0.04926544639543923;0.058092697569103575;0.05013050866920169;0.18298333543498252;0.0266674577692282;0.0;0.05013050866920169;0.0;0.01898513217417398;0.07990126471138256;0.019269451414091393;0.05223018264936246;0.0;0.15981411900823383;0.18239404849354976;0.047442453657044595;0.04536331797678814;0.20635383678549699;0.4005228526627243;0.02235069404512325;0.04815294659645838;0.42382474808020315;0.055624793214408004;0.19944200531082848;0.17238262279884883;0.07331033710074925;0.023793739679280595;0.023217455034710618;0.0;0.05444828256082857;0.4667104294521894;0.4421609341211866;0.4906603439859868;0.02153672870995017;0.023625476210364458;0.04926544639543923;0.023126213965686353;0.4128863477677601;0.019269451414091393;0.02230559084393641;0.33826813251929044;0.04345876494764459;0.4142540452541757;0.40814175940086644;0.17238262279884883;0.04345876494764459;0.04926544639543923;0.18028343071375202;0.3902552036019763;0.18556459641431824;0.2007011428033686;0.43126677544575653;0.07392118960477256;0.0;0.46737304754818687;0.07083150627132813;0.019714642463442972
GO:0071930;0.4385818338836128;0.02341696381729374;0.4399703526221894;0.49059285161816546;0.0;0.020269459708345785;0.0;0.016164404869870686;0.0;0.06158720574463339;0.01902928665361634;0.1550072620052508;0.3780764217472655;1.0;0.0;0.020401339940053793;0.3372150922588502;0.019341585342707884;0.17374896150772035;0.30502745155206584;0.01874136187375256;0.07222016321964497;0.06572342758279962;0.019072139574988347;0.020993696203519773;0.017774984128329507;0.1910463259509383;0.01898513217417398;0.17386169355702086;0.4197616329928622;0.0;0.02221229118145525;0.01555730723324292;0.45233352280004935;0.0;0.021344573854575905;0.22626460517178315;0.01923203648967206;0.01911377124220526;0.01863073091991696;0.06208715716471687;0.27162578265453496;0.01982144355999913;0.0;0.0641787514327549;0.017659794945153594;0.0;0.13566794664846213;0.062173202468924514;0.06444168885358036;0.4732132227877675;0.01797790430867298;0.019072139574988347;0.04556206372025016;0.018571933505860526;0.17255594668189214;0.34618448318597145;0.0;0.01911377124220526;0.018939587432658573;0.016542012253947143;0.020540446236642355;0.016820808509603918;0.02036470446401519;0.32342920143090254;0.18045220740766532;0.0;0.07007896079502186;0.43271416050623474;0.020060815992430193;0.39064462879817824;0.47866942921753625;0.018793571078130664;0.2927426673241502;0.0576900590691266;0.018068461080748513;0.017043617088630857;0.0;0.15235483362690366;0.19383780404249298;0.017230094564966995;0.056614310378147896;0.05753363185119822;0.24702660178719893;0.017043617088630857;0.02258546390480828;0.0;0.24702660178719893;0.0;0.016820808509603918;0.2428148020855726;0.017043617088630857;0.13591770269913406;0.0;0.019269451414091393;0.021593567230652602;0.1813588837032629;0.16300250407451836;0.023969355683756167;0.016542012253947143;0.019410420868698968;0.16734335630131056;0.017390972284480048;0.1950413188121047;0.380345866647247;0.016164404869870686;0.4574602730538286;0.020489603251445852;0.020060815992430193;0.0;0.0618039145768774;0.469875433109193;0.8523081785504136;0.49059285161816546;0.018793571078130664;0.02036470446401519;0.16391563502289624;0.019992662136233234;0.4222531297182943;0.017043617088630857;0.019376394895878803;0.02691987698256535;0.14663273868011642;0.017043617088630857;0.016820808509603918;0.016164404869870686;0.14663273868011642;0.056614310378147896;0.016820808509603918;0.016164404869870686;0.01911377124220526;0.02341696381729374;0.3126345143807151;0.2322501489901752;0.0;0.47045247427914;0.0774036521805592;0.017390972284480048
GO:0019886;0.0;0.0;0.0;0.0;0.0;0.0;0.0;0.0;0.0;0.0;0.0;0.0;0.0;0.0;1.0;0.0;0.0;0.0;0.0;0.0;0.0;0.0;0.0;0.0;0.0;0.0;0.0;0.0;0.0;0.0;0.0;0.0;0.0;0.0;0.0;0.0;0.0;0.0;0.0;0.0;0.0;0.0;0.0;0.0;0.0;0.0;0.0;0.0;0.4156108925835404;0.0;0.0;0.0;0.0;0.0;0.0;0.0;0.0;0.0;0.0;0.34689950939840664;0.0;0.0;0.0;0.0;0.0;0.0;0.0;0.0;0.0;0.0;0.0;0.0;0.0;0.0;0.0;0.0;0.0;0.0;0.0;0.0;0.0;0.0;0.0;0.0;0.0;0.0;0.0;0.0;0.0;0.0;0.0;0.0;0.0;0.0;0.0;0.0;0.0;0.0;0.0;0.0;0.0;0.0;0.0;0.0;0.0;0.0;0.0;0.0;0.0;0.0;0.0;0.0;0.0;0.0;0.0;0.0;0.0;0.0;0.0;0.0;0.0;0.0;0.0;0.3031104170950078;0.29813083191545703;0.0;0.0;0.0;0.0;0.0;0.0;0.0;0.0;0.0;0.47005993781667466;0.0;0.0;0.0
GO:0090502;0.02357993351109733;0.3285485883863805;0.02367479721038503;0.027247580582115957;0.0;0.27106299460605454;0.0;0.01983002654283323;0.0;0.0;0.23096369042822207;0.0;0.24321515448604694;0.020401339940053793;0.0;1.0;0.0;0.7093240952448139;0.0;0.22044365112615624;0.24505335352505928;0.029726429972164837;0.026249593809569812;0.250584903640791;0.027626143268036946;0.022309929290988698;0.026385532768708257;0.024250039016390085;0.02337765010816656;0.022309929290988698;0.0;0.029775755725760637;0.19441024358799433;0.024526652297013753;0.1652173469775467;0.2900831136753737;0.0;0.2532780721293888;0.024460313871913754;0.24321515448604694;0.024392175685828594;0.0;0.26331554808863156;0.0;0.0;0.02212876516863006;0.0;0.0;0.0;0.0;0.02599536310006183;0.022630534039172655;0.250584903640791;0.2366494705437045;0.24224060382475318;0.0;0.027904513025113844;0.0;0.25128489863157516;0.024175780367111;0.22985212392808724;0.27579946626894924;0.2346486688811463;0.02654715632649773;0.0;0.0;0.0;0.0;0.028199491741890008;0.247210933502869;0.209586380028885;0.026385532768708257;0.02393837158402052;0.0;0.0;0.022774214900071033;0.21748025291628678;0.0;0.0;0.0;0.021458197157809184;0.0;0.0;0.0;0.20102851015306072;0.03045019108888914;0.0;0.0;0.0;0.020827074288089328;0.0;0.02116973712405622;0.0;0.0;0.1438711131538831;0.16691372179138678;0.0;0.0;0.19221270871931295;0.209586380028885;0.0249482518415595;0.0;0.2230129084926245;0.0;0.02651552179249748;0.18830657503401255;0.0;0.02675979751513024;0.026033075967501516;0.0;0.0;0.025757995831347764;0.024250039016390085;0.027247580582115957;0.02393837158402052;0.02654715632649773;0.0;0.025918417750582685;0.02247638661534593;0.02116973712405622;0.024892068995282617;0.4381895598020136;0.0;0.21748025291628678;0.21396002024667993;0.18830657503401255;0.0;0.0;0.19777457275196897;0.2037171818714454;0.024460313871913754;0.1861629553408092;0.22733250854258466;0.0;0.0;0.025798961128506784;0.0;0.021708291142540363
GO:0045814;0.20801713445558;0.0;0.2088637584781688;0.24080724240625465;0.0;0.0;0.0;0.0;0.0;0.08281288174375788;0.0;0.19669042158911196;0.05985132678858545;0.3372150922588502;0.0;0.0;1.0;0.0;0.15606892850308057;0.2906584188544243;0.0;0.08641079533347429;0.07617328183561703;0.0;0.0;0.0;0.23308955687907446;0.0;0.20621209276878225;0.0;0.0;0.0;0.0;0.0;0.0;0.0;0.29328771483912125;0.0;0.0;0.0;0.07071850223565851;0.33270984074146015;0.0;0.0;0.07383290448711412;0.0;0.0;0.1665623197803636;0.08387588963188405;0.07422883971058779;0.0;0.0;0.0;0.05821729516510389;0.0;0.20423095557270188;0.4629433272191475;0.0;0.0;0.0;0.0;0.0;0.0;0.0;0.42787224066292207;0.16939269716688996;0.0;0.08296429648155425;0.0;0.0;0.051492820685812034;0.0;0.0;0.37377930654332125;0.07959913170624976;0.0;0.0;0.0;0.17461382263750347;0.18582587721154423;0.0;0.06285420405097152;0.07564631004848854;0.2998403912667264;0.0;0.0;0.0;0.2998403912667264;0.0;0.0;0.35360550599568674;0.0;0.16855504945889832;0.0;0.0;0.0;0.19440736166913983;0.1441115595250423;0.0;0.0;0.0;0.1539490672219069;0.0;0.18092692276723032;0.9833482463973489;0.0;0.565441982547658;0.0;0.0;0.0;0.070301492983782;0.22747551046856745;0.226740205551939;0.0;0.0;0.0;0.1913295671955963;0.0;0.1981741885561575;0.0;0.0;0.0;0.1665623197803636;0.0;0.0;0.0;0.1665623197803636;0.06285420405097152;0.0;0.0;0.0;0.0;0.2998403912667264;0.3042738040430467;0.0;0.22784188663636176;0.09506655767559562;0.0
GO:0006296;0.02217559317426168;0.3025611786872468;0.022259473739925817;0.025389611233179364;0.0;0.25312571092794167;0.0;0.018827336441713426;0.0;0.0;0.2168018696790048;0.0;0.22867529957381696;0.019341585342707884;0.0;0.7093240952448139;0.0;1.0;0.0;0.2084317524598634;0.2302995522951625;0.027528659342310358;0.024520916861165212;0.2351784523252158;0.025717995825062144;0.021048743913729403;0.024639500312458353;0.02276725574989093;0.021996595440112225;0.021048743913729403;0.0;0.027570955904131455;0.18500741613941998;0.023010905917383372;0.15351524998734756;0.2696351905055732;0.0;0.2375490720586846;0.022952503793430286;0.22867529957381696;0.02289249688744666;0.0;0.24635689304024125;0.0;0.0;0.020887409289556614;0.0;0.0;0.0;0.0;0.02429892690091203;0.021333893842622458;0.2351784523252158;0.22286178630857512;0.22781358048262107;0.0;0.025959071627569563;0.0;0.23579491331448396;0.022701788385184413;0.19869934366611008;0.2572512918946179;0.20262614824777106;0.02478038400169747;0.0;0.0;0.0;0.0;0.026214165571459076;0.23105627430704961;0.19869934366611008;0.024639500312458353;0.022492321186848994;0.0;0.0;0.021461535260672113;0.2057805626627599;0.0;0.0;0.0;0.020288947381260032;0.0;0.0;0.0;0.19021386712510674;0.028148241349783023;0.0;0.0;0.0;0.019723824279883027;0.0;0.02003087801487823;0.0;0.0;0.13491556476893088;0.15497876727557747;0.0;0.0;0.17655531673277972;0.19869934366611008;0.023381612167770453;0.0;0.21072718459902792;0.0;0.024752817863159495;0.1787849973218225;0.0;0.024965564815786413;0.02433187503712688;0.0;0.0;0.024091405870655107;0.02276725574989093;0.025389611233179364;0.022492321186848994;0.02478038400169747;0.0;0.024231683652063723;0.021196850970869326;0.02003087801487823;0.023332256864685628;0.361766852207098;0.0;0.2057805626627599;0.20262614824777106;0.1787849973218225;0.0;0.0;0.18729807490145764;0.19341637862999211;0.022952503793430286;0.17143790960250985;0.2145798518157691;0.0;0.0;0.02412723791392013;0.0;0.02051238695483331
GO:1900264;0.06329673112888025;0.0;0.06350656168718878;0.0711993690605206;0.0;0.0;0.0;0.0;0.0;0.17777255444100398;0.0;0.05320496790851525;0.04874945430867435;0.17374896150772035;0.0;0.0;0.15606892850308057;0.0;1.0;0.7370096170030245;0.0;0.07630697601344522;0.06909089219842167;0.0;0.0;0.0;0.06937989868395336;0.0;0.06284830663696661;0.0;0.0;0.0;0.0;0.0;0.0;0.0;0.08295649985473305;0.0;0.0;0.0;0.06508381250634568;0.4349133335084734;0.0;0.0;0.17982849871621;0.0;0.0;0.046307867842103195;0.1795575662846612;0.1806022235024826;0.0;0.0;0.0;0.04765987877387211;0.0;0.06235447317662384;0.16044352304441536;0.0;0.0;0.0;0.0;0.0;0.0;0.0;0.18180621422816723;0.5966925586975049;0.0;0.19726713141791205;0.0;0.0;0.04305674331922361;0.0;0.0;0.16363880255637048;0.43013842398237095;0.0;0.0;0.0;0.054758207775648764;0.6431691466707246;0.0;0.157704097267879;0.16547564886506103;0.3703659961134227;0.0;0.0;0.0;0.13694620457917206;0.0;0.0;0.3406354572902886;0.0;0.23701302940672814;0.0;0.0;0.0;0.5439714506927378;0.6895741252423809;0.0;0.0;0.0;0.5514860980029956;0.0;0.7267576704642524;0.2157689693949892;0.0;0.26226242366634317;0.0;0.0;0.0;0.17285458403489162;0.1815765286187592;0.2006428908152692;0.0;0.0;0.0;0.05909539690818326;0.0;0.06083383638225044;0.0;0.0;0.0;0.22919666690170898;0.0;0.0;0.0;0.05262136121035541;0.157704097267879;0.0;0.0;0.0;0.0;0.7562083674450374;0.0852898113671399;0.0;0.06812873366039686;0.21914120547146537;0.0
GO:0043111;0.18326327404790962;0.5335816125702842;0.18387079728686842;0.2061438126655953;0.0;0.45817217420264694;0.0;0.016820808509603918;0.0;0.0649584930903757;0.18940385423204034;0.16195708204874593;0.4193857298192269;0.30502745155206584;0.0;0.22044365112615624;0.2906584188544243;0.2084317524598634;0.7370096170030245;1.0;0.4219940940226474;0.07630697601344522;0.06909089219842167;0.4298016060425106;0.022114502266200285;0.018571933505860526;0.2008758929437385;0.01989707421866705;0.18196494885661285;0.018571933505860526;0.0;0.023470889970637565;0.34750185475303386;0.020082913816025467;0.13153622884702318;0.4837944125157469;0.24018427959539185;0.43358042149929055;0.020038414336241286;0.4193857298192269;0.06508381250634568;0.27049830633056576;0.44753623796909026;0.0;0.06738592523050228;0.018446220176376486;0.0;0.14096215910705703;0.06561074045148862;0.06767585792175514;0.021057065768047428;0.018793571078130664;0.8478676212901181;0.41001224169846034;0.4180000471512208;0.18053515090081396;0.2988055416975754;0.0;0.43078518536323546;0.019847054713726234;0.3704120174604422;0.46461716358435773;0.37691911864009864;0.021417671458441475;0.34255016322751763;0.5136619265091011;0.0;0.07392058690953657;0.02248038167603477;0.20019349714400203;0.3704120174604422;0.021312348186411655;0.01968676996160056;0.30832003605603775;0.06109506598969036;0.01889255409576281;0.3821260357264026;0.0;0.15854165387353428;0.5536712300740821;0.01797790430867298;0.05909539690818326;0.06046517600664679;0.25802717982516854;0.16879182563168854;0.023887947447055524;0.0;0.25802717982516854;0.0;0.017532779044369076;0.20195038911366087;0.017774984128329507;0.14220270838950533;0.0;0.14572186516671434;0.1642641999107376;0.4682770369027406;0.6895741252423809;0.18344706415580883;0.3704120174604422;0.02036470446401519;0.4747460101757595;0.39025520360197624;0.7267576704642524;0.3787962718594138;0.159730943017383;0.46041851435905284;0.021555863886025584;0.021081804293616;0.0;0.06477263703294663;0.19699923747594025;0.2006428908152692;0.021871259152207445;0.01968676996160056;0.021417671458441475;0.17109913459042744;0.021006549578978136;0.1761324452222669;0.017774984128329507;0.020327253806802243;0.29577437741159435;0.15235483362690366;0.3821260357264026;0.37691911864009864;0.159730943017383;0.15235483362690366;0.05909539690818326;0.1664918383009657;0.36161319903760475;0.020038414336241286;0.1789660682801896;0.8426763940523152;0.24693992557443442;0.0;0.19725338994078997;0.08211731172891774;0.01815312070227472
GO:0006297;0.021390160356200373;0.603708254419458;0.02146819379751103;0.02436526460821913;0.0;0.5089350405321243;0.0;0.018258136190176338;0.0;0.0;0.20890439628344576;0.0;0.4615225381256081;0.01874136187375256;0.0;0.24505335352505928;0.0;0.2302995522951625;0.0;0.4219940940226474;1.0;0.026328521074800177;0.023564145519068113;0.4741681372150247;0.02466752857047114;0.0203398303777047;0.02367363493202617;0.02194013348914372;0.02122357021232091;0.0203398303777047;0.0;0.026367207516203514;0.37594208767916243;0.02216631393546865;0.14709189390201088;0.5407464987616543;0.0;0.47877153682562745;0.02211211526583563;0.4615225381256081;0.022056416797496654;0.0;0.49584540793016496;0.0;0.0;0.02018914122417139;0.0;0.0;0.0;0.0;0.023359068615026575;0.020605974847087632;0.4741681372150247;0.45019630232946267;0.4598449777201051;0.0;0.024889227914135312;0.0;0.47536554109166074;0.02187933015567858;0.4029011933415467;0.5168996938231409;0.41061172319079914;0.023803660717265387;0.0;0.0;0.0;0.0;0.025123633974355446;0.2221075989616203;0.4029011933415467;0.02367363493202617;0.021684700450242282;0.0;0.0;0.02072503023176142;0.41679877343879;0.0;0.0;0.0;0.019629487714027224;0.0;0.0;0.0;0.18410738686267694;0.026894702582163327;0.0;0.0;0.0;0.019100025070911946;0.0;0.01938782205326139;0.0;0.0;0.16094435533657175;0.18386769891236834;0.0;0.0;0.20824208647714576;0.4029011933415467;0.02251010351689581;0.0;0.42648879671787276;0.0;0.023778223686460598;0.17337985327706149;0.0;0.023974481035871867;0.023389515644784854;0.0;0.0;0.023167227161864604;0.02194013348914372;0.02436526460821913;0.021684700450242282;0.023803660717265387;0.0;0.02329691991738458;0.020478096291912416;0.01938782205326139;0.02246435531032257;0.3418344347714317;0.0;0.41679877343879;0.41061172319079914;0.17337985327706149;0.0;0.0;0.18137445738654698;0.39251282317519215;0.02211211526583563;0.20248691134857116;0.434025507140531;0.0;0.0;0.023200360914137713;0.0;0.019838563415758244
