;GO:0007050;GO:0014064;GO:1901387;GO:0015031;GO:0006168;GO:0051091;GO:0042136;GO:0006886;GO:0043547;GO:0001666;GO:0070244;GO:0071650;GO:0046100;GO:0010811;GO:0018279;GO:0019367;GO:0034626;GO:0034625;GO:0030148;GO:1905077;GO:0060271;GO:0032482;GO:0051260;GO:0006178;GO:0021941;GO:0046621;GO:1904468;GO:0042147;GO:1900425;GO:0001881;GO:1903779;GO:0051610;GO:0071321;GO:0071641;GO:0010628;GO:0001516;GO:0032355;GO:0071644;GO:0018146;GO:0032310;GO:0006809;GO:0034498;GO:0034219;GO:0030334;GO:2000562;GO:0072659;GO:0008360;GO:0014003;GO:0045665;GO:0045787;GO:1903426;GO:0045666;GO:0042310;GO:1905403;GO:0045944;GO:0048739;GO:0099131;GO:0097067;GO:0002576;GO:0072086;GO:0051583;GO:0003429;GO:0070863;GO:2000774;GO:0035338;GO:0010951;GO:0032227;GO:0019547;GO:0035176;GO:0032263;GO:0006351;GO:0032264;GO:0050706;GO:0030041;GO:0090481;GO:0042761;GO:0009267;GO:0090160;GO:0006357;GO:0007517;GO:0019371;GO:0071300;GO:0001657;GO:0000050;GO:0045087;GO:0030032;GO:0035725;GO:2000666;GO:0016266;GO:0002829;GO:0055117;GO:0032456;GO:0031643
GO:0007050;1.0;0.3234237203966521;0.28684120333210544;0.0;0.30826541773625277;0.3933318002180557;0.43165044002011016;0.0;0.2992054164416575;0.0;0.3306546554749757;0.34550079306210985;0.34734268969227344;0.3574455265028469;0.46648350824075624;0.28863536137074036;0.27132042453534516;0.27132042453534516;0.40809003758121326;0.3830883874691516;0.46648350824075624;0.44798248093132176;0.4594985661717156;0.30826541773625277;0.40574962445856816;0.4350389292490258;0.3830883874691516;0.0;0.4460131615969334;0.4719014502269431;0.40678115139305665;0.42656456835692264;0.33092665472566934;0.34550079306210985;0.41967809337614065;0.29799481243613835;0.0;0.34550079306210985;0.33092665472566934;0.0;0.33092665472566934;0.0;0.0;0.45415966012373077;0.3306546554749757;0.0;0.4537936847495501;0.4328241782709224;0.6035836387268501;0.6660270365652614;0.3767724961982385;0.5434474990886548;0.4888417291101176;0.3306546554749757;0.38444661929048496;0.4328241782709224;0.0;0.33493980563704595;0.33092665472566934;0.0;0.42656456835692264;0.4328241782709224;0.30415614016750064;0.3234237203966521;0.28863536137074036;0.42167940628353373;0.43242401235936134;0.28863536137074036;0.0;0.30826541773625277;0.5401139561661263;0.30826541773625277;0.3131531150965377;0.4496538432558393;0.0;0.30826541773625277;0.44848010500502705;0.0;0.4273545919457729;0.0;0.4328241782709224;0.33092665472566934;0.0;0.30826541773625277;0.0;0.4594985661717156;0.0;0.3830883874691516;0.48617295407250877;0.39180523732841543;0.34717492120273247;0.0;0.3460849573860687
GO:0014064;0.3234237203966521;1.0;0.5174351760203029;0.0;0.0;0.41332897906365645;0.27624646372887035;0.0;0.20514362943214276;0.0;0.19694059100882855;0.20727595672193327;0.0;0.3897685766247596;0.0;0.0;0.0;0.0;0.0;0.43292488995804757;0.0;0.25654682119915273;0.0;0.0;0.25654682119915273;0.28732647518258375;0.43292488995804757;0.0;0.2983007075304913;0.0;0.3368730715716531;0.2351289086247536;0.0;0.20727595672193327;0.4489699628741492;0.0;0.0;0.20727595672193327;0.0;0.0;0.18831396444722587;0.0;0.0;0.4810679626186867;0.19694059100882855;0.0;0.35708305036648597;0.0;0.3524833119221815;0.536823348903171;0.3295256533662515;0.43165074706767925;0.29740606937794856;0.19694059100882855;0.4126973665974474;0.0;0.0;0.0;0.0;0.0;0.2351289086247536;0.0;0.46236073112762044;0.3856495204614234;0.0;0.2819642207503838;0.2832212090999459;0.0;0.0;0.0;0.0;0.0;0.45959927785884075;0.0;0.0;0.0;0.0;0.0;0.3801077491137859;0.0;0.0;0.0;0.0;0.0;0.0;0.0;0.0;0.43292488995804757;0.0;0.24943908341599474;0.2844393395774772;0.0;0.4184531960900869
GO:1901387;0.28684120333210544;0.5174351760203029;1.0;0.0;0.0;0.5170528047443748;0.279064860164923;0.0;0.4443443335423758;0.0;0.1550117737902605;0.19730306714518947;0.0;0.3643069482547476;0.0;0.0;0.0;0.0;0.0;0.30436797260783977;0.0;0.23959436050011845;0.0;0.0;0.19730306714518947;0.27135246453883716;0.30436797260783977;0.0;0.2823266968867448;0.0;0.31675774335566237;0.2346436367742753;0.0;0.19730306714518947;0.4288546346581585;0.0;0.0;0.19730306714518947;0.0;0.0;0.19235234341934632;0.0;0.0;0.44546389560942773;0.16449939151652598;0.0;0.32050053330193934;0.0;0.33553085122314724;0.43218810611308084;0.27745439750843653;0.39196803462193464;0.2969207975274703;0.1550117737902605;0.3804596400104778;0.0;0.0;0.0;0.0;0.0;0.2346436367742753;0.0;0.4368991027576084;0.3138179532999968;0.0;0.38628301959910005;0.23676874105877915;0.0;0.0;0.0;0.0;0.0;0.331042360508633;0.0;0.0;0.0;0.0;0.0;0.3381789318952179;0.0;0.0;0.0;0.0;0.0;0.0;0.0;0.0;0.30436797260783977;0.0;0.23676874105877915;0.2744664500007334;0.0;0.3138179532999968
GO:0015031;0.0;0.0;0.0;1.0;0.0;0.0;0.0;0.8794997557722131;0.0;0.0;0.0;0.0;0.0;0.0;0.0;0.0;0.0;0.0;0.0;0.0;0.0;0.0;0.0;0.0;0.0;0.0;0.0;0.5694255100859262;0.0;0.0;0.0;0.5748320503222434;0.0;0.0;0.0;0.0;0.0;0.0;0.0;0.5909252481968139;0.0;0.5357661801160922;0.650747787729669;0.0;0.0;0.6210334839427845;0.0;0.0;0.0;0.0;0.0;0.0;0.0;0.0;0.0;0.0;0.5031320535499321;0.0;0.4666723321995027;0.0;0.5748320503222434;0.0;0.0;0.0;0.0;0.0;0.0;0.0;0.0;0.0;0.0;0.0;0.0;0.0;0.6039364327015204;0.0;0.0;0.5357661801160922;0.0;0.0;0.0;0.0;0.0;0.0;0.0;0.0;0.47603178326490075;0.0;0.0;0.0;0.0;0.5624405680168856;0.0
GO:0006168;0.30826541773625277;0.0;0.0;0.0;1.0;0.0;0.43107275245587773;0.0;0.0;0.0;0.0;0.0;0.650218484718941;0.0;0.38454126257054383;0.3047177897289216;0.29070652118005735;0.29070652118005735;0.4981314821357649;0.0;0.2750478485085872;0.2610185749042658;0.26806290643954656;0.7711775863247551;0.0;0.0;0.0;0.0;0.0;0.31357937436824734;0.0;0.0;0.20858484291008988;0.0;0.0;0.3313921776297148;0.0;0.0;0.378676805925292;0.0;0.41551702866143675;0.0;0.0;0.0;0.0;0.0;0.0;0.2610185749042658;0.0;0.0;0.0;0.0;0.0;0.0;0.0;0.2610185749042658;0.0;0.22124796226201882;0.20858484291008988;0.0;0.0;0.2610185749042658;0.0;0.0;0.3202065285221899;0.0;0.0;0.2853422438164856;0.0;0.6258200167677506;0.5210243029657112;0.6258200167677506;0.0;0.27784823988918267;0.0;0.3202065285221899;0.3148244774210553;0.0;0.0;0.0;0.36043721280007807;0.20858484291008988;0.0;0.420968099280221;0.0;0.26806290643954656;0.0;0.0;0.40423070840229636;0.0;0.0;0.0;0.0
GO:0051091;0.3933318002180557;0.41332897906365645;0.5170528047443748;0.0;0.0;1.0;0.35629698218952083;0.0;0.5438553593060353;0.0;0.24418743384081554;0.28732647518258375;0.0;0.4966216496470707;0.0;0.0;0.0;0.0;0.0;0.3037936640311397;0.0;0.3460849573860687;0.0;0.0;0.3037936640311397;0.3768646113694997;0.2864787271957445;0.0;0.3878388437174073;0.0;0.43358370595471724;0.3246670448116696;0.0;0.28732647518258375;0.6157940530441952;0.0;0.0;0.28732647518258375;0.0;0.0;0.2650608146213454;0.0;0.0;0.47682089711314735;0.256978719853612;0.0;0.42699113018788953;0.0;0.4420214481090975;0.5645028075054039;0.4787777598630979;0.48199144265932886;0.38694420556486453;0.24418743384081554;0.6262660316702737;0.0;0.0;0.0;0.0;0.0;0.3246670448116696;0.0;0.43015864404857335;0.44613265469231994;0.0;0.46351514162369784;0.3500981082974453;0.0;0.0;0.0;0.0;0.0;0.3304680519319329;0.0;0.0;0.0;0.0;0.0;0.6864889411609568;0.0;0.0;0.0;0.0;0.0;0.0;0.0;0.0;0.3037936640311397;0.0;0.33363091944888934;0.36448985803812767;0.0;0.44613265469231994
GO:0042136;0.43165044002011016;0.27624646372887035;0.279064860164923;0.0;0.43107275245587773;0.35629698218952083;1.0;0.0;0.29307612871378724;0.0;0.21664023353854617;0.2622351951800061;0.4071306614665399;0.3422241974768893;0.48398018666009374;0.4114426960903653;0.3941277592549701;0.3941277592549701;0.5905036024911623;0.2622351951800061;0.39126037259629637;0.38440359718812317;0.3842754305272557;0.43107275245587773;0.2622351951800061;0.3389820453541256;0.24944390916720965;0.0;0.34995627770203314;0.4297918984559565;0.38621352221307775;0.5557236857071415;0.3153097492715336;0.2622351951800061;0.4085980819224272;0.45774714035667086;0.0;0.2622351951800061;0.5133402196356184;0.0;0.8241812457219668;0.0;0.0;0.4224711422492173;0.2267826721777932;0.0;0.5566214031251184;0.38440359718812317;0.4472779234354916;0.41010535533522263;0.345083978323725;0.4468064508697958;0.511189836514832;0.21664023353854617;0.3629005400552184;0.38440359718812317;0.0;0.32466920033693153;0.3153097492715336;0.0;0.5557236857071415;0.38440359718812317;0.29307612871378724;0.29173520252213864;0.43107275245587773;0.3204562703599006;0.3029208516296635;0.3311083963096117;0.0;0.43107275245587773;0.6206299975308223;0.43107275245587773;0.2889095830807992;0.40123326217304006;0.0;0.43107275245587773;0.42569070135474313;0.0;0.40311105993003443;0.0;0.45032085669025995;0.3153097492715336;0.0;0.4805365440069549;0.0;0.3842754305272557;0.0;0.2622351951800061;0.5036696324918464;0.3029208516296635;0.33939857803555;0.0;0.29173520252213864
GO:0006886;0.0;0.0;0.0;0.8794997557722131;0.0;0.0;0.0;1.0;0.0;0.0;0.0;0.0;0.0;0.0;0.0;0.0;0.0;0.0;0.0;0.0;0.0;0.0;0.0;0.0;0.0;0.0;0.0;0.7131408003543849;0.0;0.0;0.0;0.6621243683310243;0.0;0.0;0.0;0.0;0.0;0.0;0.0;0.6474174964978725;0.0;0.6794814703845511;0.6321450670471351;0.0;0.0;0.6292333178219112;0.0;0.0;0.0;0.0;0.0;0.0;0.0;0.0;0.0;0.0;0.5071905698568149;0.0;0.4676996678824813;0.0;0.6621243683310243;0.0;0.0;0.0;0.0;0.0;0.0;0.0;0.0;0.0;0.0;0.0;0.0;0.0;0.5853337120189865;0.0;0.0;0.6794814703845511;0.0;0.0;0.0;0.0;0.0;0.0;0.0;0.0;0.4747439994177621;0.0;0.0;0.0;0.0;0.7061558582853442;0.0
GO:0043547;0.2992054164416575;0.20514362943214276;0.4443443335423758;0.0;0.0;0.5438553593060353;0.29307612871378724;0.0;1.0;0.0;0.15006105006441733;0.19235234341934632;0.0;0.2696438929357578;0.0;0.0;0.0;0.0;0.0;0.19235234341934632;0.0;0.2519585736096705;0.0;0.0;0.19235234341934632;0.266401740812994;0.18058550093835818;0.0;0.2773759731609016;0.0;0.3118070196298192;0.2519585736096705;0.0;0.19235234341934632;0.33749524762569966;0.0;0.0;0.19235234341934632;0.0;0.0;0.20514362943214276;0.0;0.0;0.3498908377080857;0.15954866779068283;0.0;0.3328647464114914;0.0;0.3478950643326993;0.33752505079409106;0.2725036737825934;0.34742359176700355;0.3142357343628655;0.15006105006441733;0.2940421318263669;0.0;0.0;0.0;0.0;0.0;0.2519585736096705;0.0;0.2219732944170597;0.219154897981007;0.0;0.5416219375258824;0.231818017332936;0.0;0.0;0.0;0.0;0.0;0.21902673132013956;0.0;0.0;0.0;0.0;0.0;0.33322820816937476;0.0;0.0;0.0;0.0;0.0;0.0;0.0;0.0;0.19235234341934632;0.0;0.231818017332936;0.26951572627489023;0.0;0.219154897981007
GO:0001666;0.0;0.0;0.0;0.0;0.0;0.0;0.0;0.0;0.0;1.0;0.0;0.0;0.0;0.0;0.0;0.0;0.0;0.0;0.0;0.0;0.0;0.0;0.0;0.0;0.0;0.0;0.0;0.0;0.0;0.0;0.0;0.0;0.38572062507567756;0.0;0.0;0.0;0.42521152705001103;0.0;0.0;0.0;0.0;0.0;0.0;0.0;0.0;0.0;0.0;0.0;0.0;0.0;0.0;0.0;0.0;0.0;0.0;0.0;0.0;0.41239501297647074;0.0;0.0;0.0;0.0;0.0;0.0;0.0;0.0;0.0;0.0;0.0;0.0;0.0;0.0;0.0;0.0;0.0;0.0;0.6314587812626367;0.0;0.0;0.0;0.0;0.38572062507567756;0.0;0.0;0.6207310492473191;0.0;0.0;0.0;0.0;0.0;0.0;0.0;0.0
GO:0070244;0.3306546554749757;0.19694059100882855;0.1550117737902605;0.0;0.0;0.24418743384081554;0.21664023353854617;0.0;0.15006105006441733;0.0;1.0;0.22688087755881053;0.0;0.21919555463403517;0.0;0.0;0.0;0.0;0.0;0.256605258081328;0.0;0.1851737485278404;0.0;0.0;0.26939654409412445;0.2986858488845821;0.256605258081328;0.0;0.30966008123248967;0.0;0.2576367850158165;0.1637558359534413;0.0;0.22688087755881053;0.290163783364413;0.0;0.0;0.22688087755881053;0.0;0.0;0.13323138507950044;0.0;0.0;0.3276765307359072;0.22380158245266452;0.0;0.2778467638106494;0.0;0.3525417488043568;0.32810202983470904;0.2502893668104149;0.2806387666851734;0.22603299670663624;0.7514881404930025;0.2775935462681738;0.0;0.0;0.0;0.0;0.0;0.1637558359534413;0.0;0.174641830155773;0.19694059100882855;0.0;0.3030594907802344;0.29607093199491763;0.0;0.0;0.0;0.0;0.0;0.20095374192020526;0.0;0.0;0.0;0.0;0.0;0.31515521876944047;0.0;0.0;0.0;0.0;0.0;0.0;0.0;0.0;0.256605258081328;0.0;0.26532210794059186;0.224833109387153;0.0;0.209731877021625
GO:0071650;0.34550079306210985;0.20727595672193327;0.19730306714518947;0.0;0.0;0.28732647518258375;0.2622351951800061;0.0;0.19235234341934632;0.0;0.22688087755881053;1.0;0.0;0.2732536904699523;0.0;0.0;0.0;0.0;0.0;0.5200840836853274;0.0;0.22276469551520156;0.0;0.0;0.41138974563094904;0.4854391430245966;0.49328152912366685;0.0;0.3761050817755298;0.0;0.38857632683279536;0.2178139717893584;0.0;0.6955138524014894;0.33962757491549017;0.0;0.0;0.6955138524014894;0.0;0.0;0.17552267843442942;0.0;0.0;0.3535006352422802;0.23864772003979867;0.0;0.3036708683170224;0.0;0.48466499936456126;0.3411348483282856;0.27611347131678793;0.38956302529918924;0.28009113254255336;0.22688087755881053;0.2939300330482813;0.0;0.0;0.0;0.0;0.0;0.2178139717893584;0.0;0.22410562170685017;0.22276469551520156;0.0;0.30966008123248967;0.32492833813091604;0.0;0.0;0.0;0.0;0.0;0.4423536255702735;0.0;0.0;0.0;0.0;0.0;0.3341405529230974;0.0;0.0;0.0;0.0;0.0;0.0;0.0;0.0;0.5200840836853274;0.0;0.32492833813091604;0.37126138999740016;0.0;0.31141294397725144
GO:0046100;0.34734268969227344;0.0;0.0;0.0;0.650218484718941;0.0;0.4071306614665399;0.0;0.0;0.0;0.0;0.0;1.0;0.0;0.4504210890882251;0.3244195157725063;0.310408247223642;0.310408247223642;0.4671225874122746;0.0;0.3141251204646079;0.30009584686028645;0.30714017839556723;0.650218484718941;0.0;0.0;0.0;0.0;0.0;0.352656646324268;0.0;0.0;0.24766211486611056;0.0;0.0;0.35109390367329946;0.0;0.0;0.35722319140116976;0.0;0.40455388835895933;0.0;0.0;0.0;0.0;0.0;0.0;0.30009584686028645;0.0;0.0;0.0;0.0;0.0;0.0;0.0;0.30009584686028645;0.0;0.2603252342180395;0.24766211486611056;0.0;0.0;0.30009584686028645;0.0;0.0;0.29626443753285214;0.0;0.0;0.35722319140116976;0.0;0.48769027425288647;0.5293471948761221;0.48769027425288647;0.0;0.3169255118452034;0.0;0.33990825456577456;0.35390174937707597;0.0;0.0;0.0;0.39951448475609874;0.24766211486611056;0.0;0.40455388835895933;0.0;0.30714017839556723;0.0;0.0;0.4701105349199776;0.0;0.0;0.0;0.0
GO:0010811;0.3574455265028469;0.3897685766247596;0.3643069482547476;0.0;0.0;0.4966216496470707;0.3422241974768893;0.0;0.2696438929357578;0.0;0.21919555463403517;0.2732536904699523;0.0;1.0;0.0;0.0;0.0;0.0;0.0;0.2732536904699523;0.0;0.3101986836708599;0.0;0.0;0.2732536904699523;0.3574455265028469;0.257764951676684;0.0;0.36841975885075445;0.0;0.4100233035158204;0.30524795994501674;0.0;0.2732536904699523;0.5221201948183165;0.0;0.0;0.2732536904699523;0.0;0.0;0.25281422795084085;0.0;0.0;0.4409346233979386;0.45233641334289243;0.0;0.39110485647268073;0.0;0.4061351743938887;0.5349412839995042;0.36354745947244627;0.4625723577926761;0.3675251206982117;0.21919555463403517;0.46093391415783935;0.0;0.0;0.0;0.0;0.0;0.30524795994501674;0.0;0.40659824160967656;0.4165711311864202;0.0;0.3019747583077143;0.3172430152061407;0.0;0.0;0.0;0.0;0.0;0.2999280783707455;0.0;0.0;0.0;0.0;0.0;0.4141295552199807;0.0;0.0;0.0;0.0;0.0;0.0;0.0;0.0;0.2732536904699523;0.0;0.3172430152061407;0.3504170733254962;0.0;0.4165711311864202
GO:0018279;0.46648350824075624;0.0;0.0;0.0;0.38454126257054383;0.0;0.48398018666009374;0.0;0.0;0.0;0.0;0.0;0.4504210890882251;0.0;1.0;0.3430137510754887;0.3233836947099763;0.3233836947099763;0.5213108756164118;0.0;0.4528959953786031;0.41923666540876925;0.44591105330956243;0.38454126257054383;0.0;0.0;0.0;0.0;0.0;0.5494276540460872;0.0;0.0;0.3173391418635162;0.0;0.0;0.3696881389762819;0.0;0.0;0.4196350323356012;0.0;0.3957168920768962;0.0;0.0;0.0;0.0;0.0;0.0;0.41923666540876925;0.0;0.0;0.0;0.0;0.0;0.0;0.0;0.41923666540876925;0.0;0.3213522927748928;0.3173391418635162;0.0;0.0;0.41923666540876925;0.0;0.0;0.3504527257369895;0.0;0.0;0.38454126257054383;0.0;0.38454126257054383;0.6176401599852704;0.38454126257054383;0.0;0.4360663303936862;0.0;0.3656749880649053;0.4348925921428739;0.0;0.0;0.0;0.46757251161015834;0.3173391418635162;0.0;0.4441474927608679;0.0;0.44591105330956243;0.0;0.0;0.7345743157211769;0.0;0.0;0.0;0.0
GO:0019367;0.28863536137074036;0.0;0.0;0.0;0.3047177897289216;0.0;0.4114426960903653;0.0;0.0;0.0;0.0;0.0;0.3244195157725063;0.0;0.3430137510754887;1.0;0.7180504089974524;0.7180504089974524;0.5472184748853015;0.0;0.257732911673192;0.24138851853875337;0.25074796960415136;0.3047177897289216;0.0;0.0;0.0;0.0;0.0;0.29626443753285214;0.0;0.0;0.19457357436122563;0.0;0.0;0.5879264008237968;0.0;0.0;0.3371881929621929;0.0;0.3375214653575851;0.0;0.0;0.0;0.0;0.0;0.0;0.24138851853875337;0.0;0.0;0.0;0.0;0.0;0.0;0.0;0.24138851853875337;0.0;0.20845667624922237;0.19457357436122563;0.0;0.0;0.24138851853875337;0.0;0.0;0.3375214653575851;0.0;0.0;0.32364664872446386;0.0;0.3463132555007052;0.4644412996183015;0.3047177897289216;0.0;0.25821818352367026;0.0;0.6208582431133276;0.299335738627787;0.0;0.0;0.0;0.5338386231315786;0.19457357436122563;0.0;0.3571515217230975;0.0;0.25074796960415136;0.0;0.0;0.36270319690724123;0.0;0.0;0.0;0.0
GO:0034626;0.27132042453534516;0.0;0.0;0.0;0.29070652118005735;0.0;0.3941277592549701;0.0;0.0;0.0;0.0;0.0;0.310408247223642;0.0;0.3233836947099763;0.7180504089974524;1.0;0.7851474704628364;0.5245572378958849;0.0;0.24224417287992372;0.22407358170335817;0.23525923081088307;0.29070652118005735;0.0;0.0;0.0;0.0;0.0;0.28077569873958386;0.0;0.0;0.1817822883484292;0.0;0.0;0.5652651638343802;0.0;0.0;0.3216994541689246;0.0;0.3202065285221899;0.0;0.0;0.0;0.0;0.0;0.0;0.22407358170335817;0.0;0.0;0.0;0.0;0.0;0.0;0.0;0.22407358170335817;0.0;0.19668983376823423;0.1817822883484292;0.0;0.0;0.22407358170335817;0.0;0.0;0.3202065285221899;0.0;0.0;0.3096353801755996;0.0;0.33230198695184093;0.4448112432527891;0.29070652118005735;0.0;0.24090324668827506;0.0;0.5880545674846641;0.28532447007892275;0.0;0.0;0.0;0.507036068569918;0.1817822883484292;0.0;0.3375214653575851;0.0;0.23525923081088307;0.0;0.0;0.3430731405417288;0.0;0.0;0.0;0.0
GO:0034625;0.27132042453534516;0.0;0.0;0.0;0.29070652118005735;0.0;0.3941277592549701;0.0;0.0;0.0;0.0;0.0;0.310408247223642;0.0;0.3233836947099763;0.7180504089974524;0.7851474704628364;1.0;0.5245572378958849;0.0;0.24224417287992372;0.22407358170335817;0.23525923081088307;0.29070652118005735;0.0;0.0;0.0;0.0;0.0;0.28077569873958386;0.0;0.0;0.1817822883484292;0.0;0.0;0.5652651638343802;0.0;0.0;0.3216994541689246;0.0;0.3202065285221899;0.0;0.0;0.0;0.0;0.0;0.0;0.22407358170335817;0.0;0.0;0.0;0.0;0.0;0.0;0.0;0.22407358170335817;0.0;0.19668983376823423;0.1817822883484292;0.0;0.0;0.22407358170335817;0.0;0.0;0.3202065285221899;0.0;0.0;0.3096353801755996;0.0;0.33230198695184093;0.4448112432527891;0.29070652118005735;0.0;0.24090324668827506;0.0;0.5880545674846641;0.28532447007892275;0.0;0.0;0.0;0.507036068569918;0.1817822883484292;0.0;0.3375214653575851;0.0;0.23525923081088307;0.0;0.0;0.3430731405417288;0.0;0.0;0.0;0.0
GO:0030148;0.40809003758121326;0.0;0.0;0.0;0.4981314821357649;0.0;0.5905036024911623;0.0;0.0;0.0;0.0;0.0;0.4671225874122746;0.0;0.5213108756164118;0.5472184748853015;0.5245572378958849;0.5245572378958849;1.0;0.0;0.37184128772964353;0.36084319474922627;0.3648563456606029;0.4981314821357649;0.0;0.0;0.0;0.0;0.0;0.41037281358930366;0.0;0.0;0.3012369645589021;0.0;0.0;0.5512316257966782;0.0;0.0;0.5249340366974256;0.0;0.4837786961297186;0.0;0.0;0.0;0.0;0.0;0.0;0.36084319474922627;0.0;0.0;0.0;0.0;0.0;0.0;0.0;0.36084319474922627;0.0;0.312422613666427;0.3012369645589021;0.0;0.0;0.36084319474922627;0.0;0.0;0.456976141568058;0.0;0.0;0.4053840784668373;0.0;0.4981314821357649;0.5910684740249226;0.4981314821357649;0.0;0.37767285973414316;0.0;0.5740210294469621;0.4093027971119944;0.0;0.0;0.0;0.5329334853897423;0.3012369645589021;0.0;0.600029005681018;0.0;0.3648563456606029;0.0;0.0;0.5410003214481643;0.0;0.0;0.0;0.0
GO:1905077;0.3830883874691516;0.43292488995804757;0.30436797260783977;0.0;0.0;0.3037936640311397;0.2622351951800061;0.0;0.19235234341934632;0.0;0.256605258081328;0.5200840836853274;0.0;0.2732536904699523;0.0;0.0;0.0;0.0;0.0;1.0;0.0;0.23923188436375753;0.0;0.0;0.41138974563094904;0.4854391430245966;0.6862361817465128;0.0;0.3761050817755298;0.0;0.38857632683279536;0.2178139717893584;0.0;0.5200840836853274;0.33962757491549017;0.0;0.0;0.5200840836853274;0.0;0.0;0.17552267843442942;0.0;0.0;0.44412296941777907;0.256605258081328;0.0;0.32013805716557836;0.0;0.48466499936456126;0.3749169740122368;0.2925806601653439;0.38956302529918924;0.28009113254255336;0.256605258081328;0.31039722189683727;0.0;0.0;0.0;0.0;0.0;0.2178139717893584;0.0;0.4558323387285683;0.23923188436375753;0.0;0.34162888782288325;0.34288587617244537;0.0;0.0;0.0;0.0;0.0;0.5844668248621272;0.0;0.0;0.0;0.0;0.0;0.3506077417716534;0.0;0.0;0.0;0.0;0.0;0.0;0.0;0.0;0.6862361817465128;0.0;0.32492833813091604;0.37126138999740016;0.0;0.31141294397725144
GO:0060271;0.46648350824075624;0.0;0.0;0.0;0.2750478485085872;0.0;0.39126037259629637;0.0;0.0;0.0;0.0;0.0;0.3141251204646079;0.0;0.4528959953786031;0.257732911673192;0.24224417287992372;0.24224417287992372;0.37184128772964353;0.0;1.0;0.41923666540876925;0.5956122926350806;0.2750478485085872;0.0;0.0;0.0;0.0;0.0;0.4583139373647899;0.0;0.0;0.2946779048740996;0.0;0.0;0.2844072995739852;0.0;0.0;0.2946779048740996;0.0;0.3173391418635162;0.0;0.0;0.0;0.0;0.0;0.0;0.41923666540876925;0.0;0.0;0.0;0.0;0.0;0.0;0.0;0.41923666540876925;0.0;0.3213522927748928;0.257732911673192;0.0;0.0;0.5108609491016987;0.0;0.0;0.2750478485085872;0.0;0.0;0.2750478485085872;0.0;0.2750478485085872;0.5265264433039731;0.2750478485085872;0.0;0.5857675697192044;0.0;0.2750478485085872;0.4080900375812133;0.0;0.0;0.0;0.41923666540876925;0.2946779048740996;0.0;0.2946779048740996;0.0;0.744503198423962;0.0;0.0;0.4725854412103556;0.0;0.0;0.0;0.0
GO:0032482;0.44798248093132176;0.25654682119915273;0.23959436050011845;0.0;0.2610185749042658;0.3460849573860687;0.38440359718812317;0.0;0.2519585736096705;0.0;0.1851737485278404;0.22276469551520156;0.30009584686028645;0.3101986836708599;0.41923666540876925;0.24138851853875337;0.22407358170335817;0.22407358170335817;0.36084319474922627;0.23923188436375753;0.41923666540876925;1.0;0.4122517233397286;0.2610185749042658;0.23923188436375753;0.30695653154809616;0.22374314557048924;0.0;0.3179307638960037;0.4246546073949561;0.35953430856106966;0.37931772552493564;0.28367981189368235;0.22276469551520156;0.37243125054415366;0.25074796960415136;0.0;0.22276469551520156;0.28367981189368235;0.0;0.28367981189368235;0.0;0.0;0.4069128172917438;0.19694059100882855;0.0;0.40654684191756313;0.3855773354389354;0.49667212882236356;0.3945470303777492;0.3295256533662515;0.49620065625666776;0.4415948862781306;0.1851737485278404;0.33719977645849797;0.3855773354389354;0.0;0.28769296280505896;0.28367981189368235;0.0;0.37931772552493564;0.3855773354389354;0.25690929733551365;0.27617687756466514;0.24138851853875337;0.2974529595436521;0.2832212090999459;0.24138851853875337;0.0;0.2610185749042658;0.4928671133341394;0.2610185749042658;0.2659062722645507;0.4024070004238523;0.0;0.2610185749042658;0.40123326217304006;0.0;0.3801077491137859;0.0;0.3855773354389354;0.28367981189368235;0.0;0.2610185749042658;0.0;0.4122517233397286;0.0;0.23923188436375753;0.4389261112405218;0.26675402025138994;0.2999280783707455;0.0;0.27617687756466514
GO:0051260;0.4594985661717156;0.0;0.0;0.0;0.26806290643954656;0.0;0.3842754305272557;0.0;0.0;0.0;0.0;0.0;0.30714017839556723;0.0;0.44591105330956243;0.25074796960415136;0.23525923081088307;0.23525923081088307;0.3648563456606029;0.0;0.5956122926350806;0.4122517233397286;1.0;0.26806290643954656;0.0;0.0;0.0;0.0;0.0;0.45132899529574927;0.0;0.0;0.28769296280505896;0.0;0.0;0.27742235750494454;0.0;0.0;0.28769296280505896;0.0;0.31035419979447554;0.0;0.0;0.0;0.0;0.0;0.0;0.4122517233397286;0.0;0.0;0.0;0.0;0.0;0.0;0.0;0.4122517233397286;0.0;0.31436735070585214;0.25074796960415136;0.0;0.0;0.503876007032658;0.0;0.0;0.26806290643954656;0.0;0.0;0.26806290643954656;0.0;0.26806290643954656;0.5195415012349325;0.26806290643954656;0.0;0.6094259651634638;0.0;0.26806290643954656;0.40110509551217266;0.0;0.0;0.0;0.4122517233397286;0.28769296280505896;0.0;0.28769296280505896;0.0;0.58862735056604;0.0;0.0;0.46560049914131496;0.0;0.0;0.0;0.0
GO:0006178;0.30826541773625277;0.0;0.0;0.0;0.7711775863247551;0.0;0.43107275245587773;0.0;0.0;0.0;0.0;0.0;0.650218484718941;0.0;0.38454126257054383;0.3047177897289216;0.29070652118005735;0.29070652118005735;0.4981314821357649;0.0;0.2750478485085872;0.2610185749042658;0.26806290643954656;1.0;0.0;0.0;0.0;0.0;0.0;0.31357937436824734;0.0;0.0;0.20858484291008988;0.0;0.0;0.3313921776297148;0.0;0.0;0.378676805925292;0.0;0.41551702866143675;0.0;0.0;0.0;0.0;0.0;0.0;0.2610185749042658;0.0;0.0;0.0;0.0;0.0;0.0;0.0;0.2610185749042658;0.0;0.22124796226201882;0.20858484291008988;0.0;0.0;0.2610185749042658;0.0;0.0;0.3202065285221899;0.0;0.0;0.2853422438164856;0.0;0.6258200167677506;0.5210243029657112;0.6258200167677506;0.0;0.27784823988918267;0.0;0.3202065285221899;0.3148244774210553;0.0;0.0;0.0;0.36043721280007807;0.20858484291008988;0.0;0.420968099280221;0.0;0.26806290643954656;0.0;0.0;0.40423070840229636;0.0;0.0;0.0;0.0
GO:0021941;0.40574962445856816;0.25654682119915273;0.19730306714518947;0.0;0.0;0.3037936640311397;0.2622351951800061;0.0;0.19235234341934632;0.0;0.26939654409412445;0.41138974563094904;0.0;0.2732536904699523;0.0;0.0;0.0;0.0;0.0;0.41138974563094904;0.0;0.23923188436375753;0.0;0.0;1.0;0.5302927695716002;0.38872850864153247;0.0;0.3987663187649464;0.0;0.38857632683279536;0.2178139717893584;0.0;0.41138974563094904;0.33962757491549017;0.0;0.0;0.41138974563094904;0.0;0.0;0.17552267843442942;0.0;0.0;0.3872827609262314;0.45794448535848165;0.0;0.40541358446728504;0.0;0.6690017416695607;0.3945470303777492;0.3098955970007391;0.5572384444585439;0.28009113254255336;0.26939654409412445;0.3231885079096337;0.0;0.0;0.0;0.0;0.0;0.2178139717893584;0.0;0.22410562170685017;0.3245074116654642;0.0;0.35711762661615154;0.3625159325379578;0.0;0.0;0.0;0.0;0.0;0.3207723950426494;0.0;0.0;0.0;0.0;0.0;0.36461901032051763;0.0;0.0;0.0;0.0;0.0;0.0;0.0;0.0;0.41138974563094904;0.0;0.34455839449642844;0.37126138999740016;0.0;0.4885759808628715
GO:0046621;0.4350389292490258;0.28732647518258375;0.27135246453883716;0.0;0.0;0.3768646113694997;0.3389820453541256;0.0;0.266401740812994;0.0;0.2986858488845821;0.4854391430245966;0.0;0.3574455265028469;0.0;0.0;0.0;0.0;0.0;0.4854391430245966;0.0;0.30695653154809616;0.0;0.0;0.5302927695716002;1.0;0.45863658846293603;0.0;0.47281571615859397;0.0;0.47811446301971133;0.302005807822253;0.0;0.4854391430245966;0.41967809337614065;0.0;0.0;0.4854391430245966;0.0;0.0;0.2495720758280771;0.0;0.0;0.4376924712751748;0.31269711743344636;0.0;0.47229048366478443;0.0;0.5934255846659655;0.4253266843611802;0.3603053073496825;0.4868493290202966;0.36428296857544795;0.2986858488845821;0.367979430441929;0.0;0.0;0.0;0.0;0.0;0.302005807822253;0.0;0.30415614016750064;0.3913843108629636;0.0;0.3864069314066092;0.414466474317832;0.0;0.0;0.0;0.0;0.0;0.404964231075544;0.0;0.0;0.0;0.0;0.0;0.41088740309721694;0.0;0.0;0.0;0.0;0.0;0.0;0.0;0.0;0.4854391430245966;0.0;0.414466474317832;0.45545322603029476;0.0;0.4140455478523802
GO:1904468;0.3830883874691516;0.43292488995804757;0.30436797260783977;0.0;0.0;0.2864787271957445;0.24944390916720965;0.0;0.18058550093835818;0.0;0.256605258081328;0.49328152912366685;0.0;0.257764951676684;0.0;0.0;0.0;0.0;0.0;0.6862361817465128;0.0;0.22374314557048924;0.0;0.0;0.38872850864153247;0.45863658846293603;1.0;0.0;0.3564750254100174;0.0;0.37126138999740016;0.20232523299609012;0.0;0.49328152912366685;0.3256163063666259;0.0;0.0;0.49328152912366685;0.0;0.0;0.1637558359534413;0.0;0.0;0.44412296941777907;0.256605258081328;0.0;0.32013805716557836;0.0;0.46503494299904885;0.3749169740122368;0.2925806601653439;0.37407428650592095;0.26460239374928507;0.256605258081328;0.31039722189683727;0.0;0.0;0.0;0.0;0.0;0.20232523299609012;0.0;0.4558323387285683;0.23923188436375753;0.0;0.34162888782288325;0.34288587617244537;0.0;0.0;0.0;0.0;0.0;0.5844668248621272;0.0;0.0;0.0;0.0;0.0;0.3506077417716534;0.0;0.0;0.0;0.0;0.0;0.0;0.0;0.0;0.6862361817465128;0.0;0.30761340129552084;0.3557726512041319;0.0;0.31141294397725144
GO:0042147;0.0;0.0;0.0;0.5694255100859262;0.0;0.0;0.0;0.7131408003543849;0.0;0.0;0.0;0.0;0.0;0.0;0.0;0.0;0.0;0.0;0.0;0.0;0.0;0.0;0.0;0.0;0.0;0.0;0.0;1.0;0.0;0.0;0.0;0.5842138473193772;0.0;0.0;0.0;0.0;0.0;0.0;0.0;0.5480072373753377;0.0;0.8644431464849132;0.5059322533629398;0.0;0.0;0.5084900738514041;0.0;0.0;0.0;0.0;0.0;0.0;0.0;0.0;0.0;0.0;0.40661881185575116;0.0;0.5279219055594692;0.0;0.5842138473193772;0.0;0.0;0.0;0.0;0.0;0.0;0.0;0.0;0.0;0.0;0.0;0.0;0.0;0.4456960838117718;0.0;0.0;0.7266823723825475;0.0;0.0;0.0;0.0;0.0;0.0;0.0;0.0;0.3795185415707198;0.0;0.0;0.0;0.0;0.7533567602833408;0.0
GO:1900425;0.4460131615969334;0.2983007075304913;0.2823266968867448;0.0;0.0;0.3878388437174073;0.34995627770203314;0.0;0.2773759731609016;0.0;0.30966008123248967;0.3761050817755298;0.0;0.36841975885075445;0.0;0.0;0.0;0.0;0.0;0.3761050817755298;0.0;0.3179307638960037;0.0;0.0;0.3987663187649464;0.47281571615859397;0.3564750254100174;0.0;1.0;0.0;0.4177553837409642;0.31298004017016057;0.0;0.3761050817755298;0.43065232572404816;0.0;0.0;0.3761050817755298;0.0;0.0;0.2605463081759847;0.0;0.0;0.4486667036230824;0.3236713497813539;0.0;0.39883693669782455;0.0;0.4720415724985586;0.4363009167090877;0.3712795396975901;0.41339578205333677;0.3752572009233555;0.30966008123248967;0.37895366278983655;0.0;0.0;0.0;0.0;0.0;0.31298004017016057;0.0;0.31513037251540826;0.4673845133986257;0.0;0.39738116375451676;0.4254407066657396;0.0;0.0;0.0;0.0;0.0;0.3076601585958893;0.0;0.0;0.0;0.0;0.0;0.4218616354451245;0.0;0.0;0.0;0.0;0.0;0.0;0.0;0.0;0.3761050817755298;0.0;0.5268897929215266;0.35814915355064003;0.0;0.3179307638960037
GO:0001881;0.4719014502269431;0.0;0.0;0.0;0.31357937436824734;0.0;0.4297918984559565;0.0;0.0;0.0;0.0;0.0;0.352656646324268;0.0;0.5494276540460872;0.29626443753285214;0.28077569873958386;0.28077569873958386;0.41037281358930366;0.0;0.4583139373647899;0.4246546073949561;0.45132899529574927;0.31357937436824734;0.0;0.0;0.0;0.0;0.0;1.0;0.0;0.0;0.30009584686028645;0.0;0.0;0.3229388254336453;0.0;0.0;0.37558918277071085;0.0;0.3558706677231763;0.0;0.0;0.0;0.0;0.0;0.0;0.4246546073949561;0.0;0.0;0.0;0.0;0.0;0.0;0.0;0.4246546073949561;0.0;0.32677023476107964;0.26315085365937885;0.0;0.0;0.4246546073949561;0.0;0.0;0.31357937436824734;0.0;0.0;0.31357937436824734;0.0;0.31357937436824734;0.6230581019714573;0.31357937436824734;0.0;0.44148427237987303;0.0;0.31357937436824734;0.41350797956740015;0.0;0.0;0.0;0.4577681912684294;0.30009584686028645;0.0;0.33320943073375975;0.0;0.45132899529574927;0.0;0.0;0.5691170998778396;0.0;0.0;0.0;0.0
GO:1903779;0.40678115139305665;0.3368730715716531;0.31675774335566237;0.0;0.0;0.43358370595471724;0.38621352221307775;0.0;0.3118070196298192;0.0;0.2576367850158165;0.38857632683279536;0.0;0.4100233035158204;0.0;0.0;0.0;0.0;0.0;0.38857632683279536;0.0;0.35953430856106966;0.0;0.0;0.38857632683279536;0.47811446301971133;0.37126138999740016;0.0;0.4177553837409642;0.0;1.0;0.3545835848352265;0.0;0.38857632683279536;0.46922468976521;0.0;0.0;0.38857632683279536;0.0;0.0;0.2949773546449023;0.0;0.0;0.4902702482881483;0.27042807102861294;0.0;0.4404404813628905;0.0;0.5268041109107531;0.4779044613741537;0.412883084362656;0.5263326383450573;0.41686074558842146;0.2576367850158165;0.4133847092587542;0.0;0.0;0.0;0.0;0.0;0.3545835848352265;0.0;0.35370273655657;0.35953430856106966;0.0;0.34266041475737175;0.519019639166243;0.0;0.0;0.0;0.0;0.0;0.41525071473358854;0.0;0.0;0.0;0.0;0.0;0.45811887995616907;0.0;0.0;0.0;0.0;0.0;0.0;0.0;0.0;0.38857632683279536;0.0;0.36354745947244627;0.7770872075503896;0.0;0.5202157502823683
GO:0051610;0.42656456835692264;0.2351289086247536;0.2346436367742753;0.5748320503222434;0.0;0.3246670448116696;0.5557236857071415;0.6621243683310243;0.2519585736096705;0.0;0.1637558359534413;0.2178139717893584;0.0;0.30524795994501674;0.0;0.0;0.0;0.0;0.0;0.2178139717893584;0.0;0.37931772552493564;0.0;0.0;0.2178139717893584;0.302005807822253;0.20232523299609012;0.5842138473193772;0.31298004017016057;0.0;0.3545835848352265;1.0;0.0;0.2178139717893584;0.3674805268183105;0.0;0.0;0.2178139717893584;0.0;0.5604788222857426;0.4818024549743612;0.5505545173495434;0.4937726615039937;0.38549490471734466;0.17552267843442942;0.39547042701074747;0.4827001723923382;0.0;0.47525421624796443;0.37312911780335006;0.3081077407918524;0.47478274368226864;0.5391661293273048;0.1637558359534413;0.31578186388409885;0.0;0.419090396766156;0.0;0.33649976053548797;0.0;0.7440025606004488;0.0;0.2519585736096705;0.254758964990266;0.0;0.27603504696925296;0.2618032965255468;0.0;0.0;0.0;0.0;0.0;0.2444883596901516;0.0;0.4511026240480891;0.0;0.0;0.5505545173495434;0.3586898365393868;0.0;0.0;0.0;0.0;0.0;0.0;0.0;0.4647818486449904;0.2178139717893584;0.0;0.2618032965255468;0.2949773546449023;0.5772289052503365;0.254758964990266
GO:0071321;0.33092665472566934;0.0;0.0;0.0;0.20858484291008988;0.0;0.3153097492715336;0.0;0.0;0.38572062507567756;0.0;0.0;0.24766211486611056;0.0;0.3173391418635162;0.19457357436122563;0.1817822883484292;0.1817822883484292;0.3012369645589021;0.0;0.2946779048740996;0.28367981189368235;0.28769296280505896;0.20858484291008988;0.0;0.0;0.0;0.0;0.0;0.30009584686028645;0.0;0.0;1.0;0.0;0.0;0.20845667624922237;0.5372045929088547;0.0;0.22407358170335817;0.0;0.22407358170335817;0.0;0.0;0.0;0.0;0.0;0.0;0.28367981189368235;0.0;0.0;0.0;0.0;0.0;0.0;0.0;0.28367981189368235;0.0;0.5327885874480394;0.22407358170335817;0.0;0.0;0.28367981189368235;0.0;0.0;0.19457357436122563;0.0;0.0;0.1817822883484292;0.0;0.20858484291008988;0.3683083527994698;0.20858484291008988;0.0;0.30050947687859925;0.0;0.20858484291008988;0.5000289978584823;0.0;0.0;0.0;0.28367981189368235;0.572558363326891;0.0;0.20858484291008988;0.4184969459460701;0.28769296280505896;0.0;0.0;0.3370285876952687;0.0;0.0;0.0;0.0
GO:0071641;0.34550079306210985;0.20727595672193327;0.19730306714518947;0.0;0.0;0.28732647518258375;0.2622351951800061;0.0;0.19235234341934632;0.0;0.22688087755881053;0.6955138524014894;0.0;0.2732536904699523;0.0;0.0;0.0;0.0;0.0;0.5200840836853274;0.0;0.22276469551520156;0.0;0.0;0.41138974563094904;0.4854391430245966;0.49328152912366685;0.0;0.3761050817755298;0.0;0.38857632683279536;0.2178139717893584;0.0;1.0;0.33962757491549017;0.0;0.0;0.6955138524014894;0.0;0.0;0.17552267843442942;0.0;0.0;0.3535006352422802;0.23864772003979867;0.0;0.3036708683170224;0.0;0.48466499936456126;0.3411348483282856;0.27611347131678793;0.38956302529918924;0.28009113254255336;0.22688087755881053;0.2939300330482813;0.0;0.0;0.0;0.0;0.0;0.2178139717893584;0.0;0.22410562170685017;0.22276469551520156;0.0;0.30966008123248967;0.32492833813091604;0.0;0.0;0.0;0.0;0.0;0.4423536255702735;0.0;0.0;0.0;0.0;0.0;0.3341405529230974;0.0;0.0;0.0;0.0;0.0;0.0;0.0;0.0;0.5200840836853274;0.0;0.32492833813091604;0.37126138999740016;0.0;0.31141294397725144
GO:0010628;0.41967809337614065;0.4489699628741492;0.4288546346581585;0.0;0.0;0.6157940530441952;0.4085980819224272;0.0;0.33749524762569966;0.0;0.290163783364413;0.33962757491549017;0.0;0.5221201948183165;0.0;0.0;0.0;0.0;0.0;0.33962757491549017;0.0;0.37243125054415366;0.0;0.0;0.33962757491549017;0.41967809337614065;0.3256163063666259;0.0;0.43065232572404816;0.0;0.46922468976521;0.3674805268183105;0.0;0.33962757491549017;1.0;0.0;0.0;0.33962757491549017;0.0;0.0;0.32066558264078276;0.0;0.0;0.5031671902712322;0.30105817787284134;0.0;0.45333742334597443;0.0;0.46836774126718245;0.5900013526766498;0.5277603897121459;0.5248049246659698;0.4297576875715054;0.290163783364413;0.8196012589588746;0.0;0.0;0.0;0.0;0.0;0.3674805268183105;0.0;0.4657996278590661;0.4716311998635658;0.0;0.513317505966838;0.3817907016095516;0.0;0.0;0.0;0.0;0.0;0.3663019628162833;0.0;0.0;0.0;0.0;0.0;0.7422267505909;0.0;0.0;0.0;0.0;0.0;0.0;0.0;0.0;0.33962757491549017;0.0;0.3817907016095516;0.4167909577710341;0.0;0.4716311998635658
GO:0001516;0.29799481243613835;0.0;0.0;0.0;0.3313921776297148;0.0;0.45774714035667086;0.0;0.0;0.0;0.0;0.0;0.35109390367329946;0.0;0.3696881389762819;0.5879264008237968;0.5652651638343802;0.5652651638343802;0.5512316257966782;0.0;0.2844072995739852;0.25074796960415136;0.27742235750494454;0.3313921776297148;0.0;0.0;0.0;0.0;0.0;0.3229388254336453;0.0;0.0;0.20845667624922237;0.0;0.0;1.0;0.0;0.0;0.38117751769838126;0.0;0.3641958532583783;0.0;0.0;0.0;0.0;0.0;0.0;0.25074796960415136;0.0;0.0;0.0;0.0;0.0;0.0;0.0;0.25074796960415136;0.0;0.22336422166902742;0.20845667624922237;0.0;0.0;0.25074796960415136;0.0;0.0;0.6050594591437393;0.0;0.0;0.36580977541852533;0.0;0.37298764340149837;0.4911156875190946;0.3313921776297148;0.0;0.2675776345890683;0.0;0.6147289553854574;0.31199885797971594;0.0;0.0;0.0;0.6202847390202479;0.20845667624922237;0.0;0.3838259096238907;0.0;0.27742235750494454;0.0;0.0;0.3893775848080344;0.0;0.0;0.0;0.0
GO:0032355;0.0;0.0;0.0;0.0;0.0;0.0;0.0;0.0;0.0;0.42521152705001103;0.0;0.0;0.0;0.0;0.0;0.0;0.0;0.0;0.0;0.0;0.0;0.0;0.0;0.0;0.0;0.0;0.0;0.0;0.0;0.0;0.0;0.0;0.5372045929088547;0.0;0.0;0.0;1.0;0.0;0.0;0.0;0.0;0.0;0.0;0.0;0.0;0.0;0.0;0.0;0.0;0.0;0.0;0.0;0.0;0.0;0.0;0.0;0.0;0.6025994196941608;0.0;0.0;0.0;0.0;0.0;0.0;0.0;0.0;0.0;0.0;0.0;0.0;0.0;0.0;0.0;0.0;0.0;0.0;0.4460543429463046;0.0;0.0;0.0;0.0;0.5766664225061456;0.0;0.0;0.45798784792040365;0.0;0.0;0.0;0.0;0.0;0.0;0.0;0.0
GO:0071644;0.34550079306210985;0.20727595672193327;0.19730306714518947;0.0;0.0;0.28732647518258375;0.2622351951800061;0.0;0.19235234341934632;0.0;0.22688087755881053;0.6955138524014894;0.0;0.2732536904699523;0.0;0.0;0.0;0.0;0.0;0.5200840836853274;0.0;0.22276469551520156;0.0;0.0;0.41138974563094904;0.4854391430245966;0.49328152912366685;0.0;0.3761050817755298;0.0;0.38857632683279536;0.2178139717893584;0.0;0.6955138524014894;0.33962757491549017;0.0;0.0;1.0;0.0;0.0;0.17552267843442942;0.0;0.0;0.3535006352422802;0.23864772003979867;0.0;0.3036708683170224;0.0;0.48466499936456126;0.3411348483282856;0.27611347131678793;0.38956302529918924;0.28009113254255336;0.22688087755881053;0.2939300330482813;0.0;0.0;0.0;0.0;0.0;0.2178139717893584;0.0;0.22410562170685017;0.22276469551520156;0.0;0.30966008123248967;0.32492833813091604;0.0;0.0;0.0;0.0;0.0;0.4423536255702735;0.0;0.0;0.0;0.0;0.0;0.3341405529230974;0.0;0.0;0.0;0.0;0.0;0.0;0.0;0.0;0.5200840836853274;0.0;0.32492833813091604;0.37126138999740016;0.0;0.31141294397725144
GO:0018146;0.33092665472566934;0.0;0.0;0.0;0.378676805925292;0.0;0.5133402196356184;0.0;0.0;0.0;0.0;0.0;0.35722319140116976;0.0;0.4196350323356012;0.3371881929621929;0.3216994541689246;0.3216994541689246;0.5249340366974256;0.0;0.2946779048740996;0.28367981189368235;0.28769296280505896;0.378676805925292;0.0;0.0;0.0;0.0;0.0;0.37558918277071085;0.0;0.0;0.22407358170335817;0.0;0.0;0.38117751769838126;0.0;0.0;1.0;0.0;0.40661531327417466;0.0;0.0;0.0;0.0;0.0;0.0;0.28367981189368235;0.0;0.0;0.0;0.0;0.0;0.0;0.0;0.28367981189368235;0.0;0.23525923081088307;0.22407358170335817;0.0;0.0;0.28367981189368235;0.0;0.0;0.5149532970684142;0.0;0.0;0.3545031297975881;0.0;0.415426342146763;0.5847262674501676;0.415426342146763;0.0;0.30050947687859925;0.0;0.3545031297975881;0.3321394142564505;0.0;0.0;0.0;0.45640065334284113;0.22407358170335817;0.0;0.4477706538418816;0.0;0.28769296280505896;0.0;0.0;0.4393244781673537;0.0;0.0;0.0;0.0
GO:0032310;0.0;0.0;0.0;0.5909252481968139;0.0;0.0;0.0;0.6474174964978725;0.0;0.0;0.0;0.0;0.0;0.0;0.0;0.0;0.0;0.0;0.0;0.0;0.0;0.0;0.0;0.0;0.0;0.0;0.0;0.5480072373753377;0.0;0.0;0.0;0.5604788222857426;0.0;0.0;0.0;0.0;0.0;0.0;0.0;1.0;0.0;0.5143479074055038;0.5274319914738275;0.0;0.0;0.4291297569805813;0.0;0.0;0.0;0.0;0.0;0.0;0.0;0.0;0.0;0.0;0.4527497267359899;0.0;0.45945686212726017;0.0;0.5604788222857426;0.0;0.0;0.0;0.0;0.0;0.0;0.0;0.0;0.0;0.0;0.0;0.0;0.0;0.4671958219226595;0.0;0.0;0.5143479074055038;0.0;0.0;0.0;0.0;0.0;0.0;0.0;0.0;0.42564945645095853;0.0;0.0;0.0;0.0;0.5410222953062971;0.0
