;GO:2000480;GO:0003091;GO:2000560;GO:0043949;GO:0034199;GO:0007213;GO:0046777;GO:1904778;GO:0045444;GO:0048639;GO:0043547;GO:0007215;GO:0007207;GO:0007603;GO:0031954;GO:2000438;GO:0045892;GO:0071377;GO:0045893;GO:0051482;GO:0035556;GO:0006171;GO:0007186;GO:0050805;GO:0030819;GO:0060316;GO:0007223;GO:0048009;GO:0007188;GO:0007189;GO:0008277;GO:0060158;GO:0043434;GO:0060236;GO:0060315;GO:0007616;GO:0005513;GO:0032516;GO:0071880;GO:0016042;GO:0097338;GO:0016322;GO:0018105;GO:0010389;GO:0007193;GO:0006182;GO:0019934;GO:0043647;GO:0045663;GO:0033081;GO:1901844;GO:0060466;GO:0006469;GO:0040019;GO:0051343;GO:0000086;GO:0060828;GO:0043011;GO:0045670;GO:0032465;GO:1900087;GO:1904322;GO:0007202;GO:0046488;GO:0006631;GO:0045634;GO:0021884;GO:0002027;GO:0032735;GO:0010801;GO:0097711;GO:0046330;GO:0035723;GO:2000344;GO:0010800;GO:0070498;GO:0010881;GO:0071902;GO:0035722
GO:2000480;1.0;0.10502714984302615;0.30027637948260083;0.1877527335048835;0.5181586472390307;0.18760527273243852;0.0;0.14263199628433482;0.0;0.15026969638620336;0.1880484690117132;0.1945824815426647;0.1811404619609381;0.16313262560675032;0.4522902879518704;0.2059656741014664;0.4067722005863644;0.0;0.260308594124257;0.09137148311018771;0.19827579732998765;0.0;0.19827579732998765;0.2478806360777846;0.2621490709538005;0.10709463208916944;0.1843103379865908;0.18760642294308136;0.1910281074651945;0.17505221185439052;0.19116235938023368;0.18762943733731643;0.0;0.1751461342149502;0.1830880083195662;0.0;0.0;0.4122654170239721;0.16941176114680073;0.0;0.0;0.0;0.0;0.1845457954407985;0.1876016200817574;0.0;0.1876009544316762;0.0;0.18130772012570928;0.1641314334041653;0.17792156077035048;0.14770812897888705;0.9535799935133407;0.14762703212304523;0.1880484690117132;0.0;0.1877518813943249;0.0;0.17519538964626746;0.19486653856256717;0.15933161486608147;0.0;0.17256806062712532;0.0;0.0;0.19122758782372468;0.0;0.15286121946762588;0.1503284775600271;0.7898227531740533;0.0;0.36619348289164594;0.19103214264747378;0.1450946892314304;0.4522902879518704;0.19103214264747378;0.13063493070991922;0.5408579014424489;0.19103214264747378
GO:0003091;0.10502714984302615;1.0;0.135102529262727;0.23937011222833895;0.10866299157173648;0.23896521917417843;0.0;0.2146300597332682;0.0;0.23940691292850605;0.23911454210462146;0.258963701779115;0.22190853821070902;0.18061178965891975;0.13234957398750835;0.15161937958261504;0.1219052713320049;0.0;0.12431465133403477;0.33060725846457834;0.27029311426257724;0.0;0.27029311426257724;0.2144143800834906;0.10925561670662493;0.1418315461776166;0.23010580775811862;0.23896837454405917;0.24855689838203465;0.2069965022107502;0.24894152072223302;0.23903151925551244;0.0;0.20721867110021283;0.1145278636464559;0.3331101742719777;0.0;0.11255040493191576;0.19407743349543505;0.0;0.0;0.0;0.0;0.23072721385227501;0.238955199162959;0.0;0.23895337318923485;0.0;0.22233337757482688;0.18269296062235715;0.2138931422628554;0.15107888540078426;0.11255166658450642;0.23051125255267624;0.23911454210462146;0.0;0.23936777041922944;0.0;0.2073352777980349;0.2598159374595116;0.17289093896198765;0.0;0.2003872153466171;0.0;0.0;0.24912863010976577;0.0;0.3362415990138109;0.23960889363610094;0.13235062549165796;0.0;0.09553582010846359;0.24856844944029846;0.22231326425293174;0.13234957398750835;0.24856844944029846;0.1667443631308183;0.10865815361926083;0.24856844944029846
GO:2000560;0.30027637948260083;0.135102529262727;1.0;0.2455455533485588;0.4988031100079861;0.24529340093235374;0.0;0.22949621145637075;0.0;0.24556845483177545;0.14513094887746789;0.2573592704348584;0.23435736864197196;0.20506966783546796;0.5788439287266677;0.1817335059937809;0.4259996696326791;0.0;0.7029026168676182;0.11331737498172093;0.2638599121435145;0.0;0.2638599121435145;0.22935031354971686;0.5008846532921969;0.13868029945342725;0.23969080475674956;0.24529536727794743;0.25117791954022084;0.2242659690882802;0.2514100782472647;0.24533471315380925;0.0;0.22442014838589894;0.16200405004152169;0.0;0.0;0.5124791397685434;0.2150913311839157;0.0;0.0;0.0;0.0;0.24008917100832922;0.24528715658304617;0.0;0.24528601863623256;0.0;0.3265094575543235;0.20665050535626825;0.22899727324638175;0.25225132514823856;0.31676365461407474;0.2399508177875198;0.14513094887746789;0.0;0.24554409592109105;0.0;0.22450102278485765;0.25785641451717833;0.27705593835209485;0.0;0.12989423124779473;0.0;0.0;0.25152291337488963;0.0;0.20098537899498192;0.24569410036742279;0.3577827881123399;0.0;0.4509307380755734;0.2511848959891275;0.2346241666640952;0.5788439287266677;0.2511848959891275;0.15621752721272505;0.4987859513359476;0.2511848959891275
GO:0043949;0.1877527335048835;0.23937011222833895;0.2455455533485588;1.0;0.1946384004992758;0.4608588816887451;0.0;0.32658989330861676;0.0;0.3696043057288626;0.2727639101141422;0.505374704441365;0.4237110823400356;0.3367567267276569;0.24017544202909713;0.2781119959957791;0.21995006629104752;0.0;0.22459515997350807;0.178551753285527;0.5310671806746815;0.0;0.5310671806746815;0.5687996811461399;0.1957633265853718;0.24309050053333917;0.4414713479538157;0.46086582276959076;0.4820780795675216;0.39183381074713314;0.8622881440501831;0.4610047318879345;0.0;0.39230470812113793;0.2956404071757467;0.0;0.0;0.20203083838788166;0.36465754620073737;0.0;0.0;0.0;0.0;0.44282464426663154;0.46083684016228843;0.0;0.46083282350335414;0.0;0.4246273732323604;0.3410409504848363;0.5672454227153116;0.2770367714680455;0.20203324269963707;0.35401717946096317;0.2727639101141422;0.0;0.8244540952678361;0.0;0.39255190985460786;0.5072953130366902;0.3209511090336155;0.0;0.22349283558779584;0.0;0.0;0.4833505036492613;0.0;0.3856869833410019;0.369960115208207;0.2401774900426822;0.0;0.3356791118757111;0.48210377863456694;0.33979562005955644;0.24017544202909713;0.48210377863456694;0.22249705741621495;0.19462922005547664;0.48210377863456694
GO:0034199;0.5181586472390307;0.10866299157173648;0.4988031100079861;0.1946384004992758;1.0;0.19447992996867003;0.0;0.18441546770501602;0.0;0.1946527900793122;0.2717468246768385;0.20198808952871694;0.18754140337633932;0.16830597216914536;0.8106844726982612;0.15225958844847445;0.2635766212831899;0.0;0.42225507263739614;0.09411099228480069;0.20597075961315964;0.0;0.20597075961315964;0.18432124687062973;0.434136009945991;0.16236768360148937;0.19094136723248437;0.19448116602134194;0.1981606762503839;0.18102301305856758;0.1983051444600509;0.19450589813274552;0.0;0.18112345366367671;0.16576411859362364;0.0;0.0;0.7364552738234776;0.17499784535963459;0.0;0.0;0.0;0.0;0.1911940834253075;0.19447600471860696;0.0;0.19447528939128786;0.0;0.26122254500356734;0.16936934034418316;0.18409315611639043;0.21142742553791574;0.5427836839164014;0.19110633405721345;0.2717468246768385;0.0;0.19463748474197198;0.0;0.18117612890862408;0.20229419684084157;0.22858007584499943;0.0;0.24862602032890876;0.0;0.0;0.19837533939083052;0.0;0.15856798292281113;0.19473172644072273;0.4642355887941667;0.0;0.6530819650539035;0.1981650183912176;0.18771221638745603;0.8106844726982612;0.1981650183912176;0.13393158609847733;0.9536081392498612;0.1981650183912176
GO:0007213;0.18760527273243852;0.23896521917417843;0.24529340093235374;0.4608588816887451;0.19447992996867003;1.0;0.18863157903277558;0.3260328933222268;0.3321094767089671;0.3688910813114404;0.2722382901840139;0.7102464763081486;0.9195371443154231;0.4736067681647014;0.23993419279814593;0.277788566752491;0.2197477207344167;0.16821093088201722;0.22438418165536023;0.24333631346279738;0.7462742199061061;0.10036430824563437;0.8479956551730239;0.40692756293299;0.19560301973288385;0.14949386624751085;0.6206032791710396;0.6478147772507745;0.7699285585540525;0.6260351677805691;0.48195957127110295;0.736337073074329;0.0;0.3916614584798965;0.14954632122779085;0.0;0.0;0.20186010700388904;0.5826816754277684;0.0;0.0;0.2850756537047629;0.17793921033801918;0.44200522837074235;0.7360694253754992;0.10036430824563437;0.6477684812394743;0.24007425848961267;0.42387386184585774;0.3405547239738542;0.40581751295958207;0.27671583680364653;0.2018625072536857;0.3533627901772178;0.2722382901840139;0.30060669382222205;0.4608537476816365;0.2223128619500562;0.39190784996564804;0.5062202212728345;0.3205204438020452;0.1728169795698668;0.22313983419418362;0.22330610858468755;0.23118543898576147;0.48237440967623524;0.2856149813851146;0.38491040431287793;0.36924551824813784;0.23993623669943998;0.29787162161435576;0.16978504658959692;0.677607720448676;0.339192706145043;0.23993419279814593;0.677607720448676;0.3130641878621931;0.19447076446748546;0.677607720448676
GO:0046777;0.0;0.0;0.0;0.0;0.0;0.18863157903277558;1.0;0.0;0.2156785945065727;0.0;0.0;0.20087683033386028;0.1778412960708293;0.1502998407056978;0.0;0.0;0.0;0.1320935857796656;0.0;0.13825199028241222;0.20762752212419153;0.3191910523875842;0.20762752212419153;0.0;0.0;0.06504406492498285;0.18306781138820463;0.1886335451457915;0.19455807214434542;0.16813421536868753;0.0;0.1886728883572069;0.0;0.0;0.0;0.0;0.0;0.0;0.159509668721107;0.33942261265443574;0.0;0.19480592095516627;0.9120599211446692;0.0;0.18862533548478908;0.3191910523875842;0.18862419769428584;0.4642420710260676;0.0;0.0;0.0;0.0;0.0;0.0;0.0;0.20193537584287766;0.0;0.1633015997496969;0.0;0.0;0.0;0.1349174097730922;0.0;0.4965576832218621;0.3997101589588803;0.0;0.1950576171588276;0.0;0.0;0.0;0.2006974481532083;0.0;0.194565149389771;0.0;0.0;0.194565149389771;0.10832213798187812;0.0;0.194565149389771
GO:1904778;0.14263199628433482;0.2146300597332682;0.22949621145637075;0.32658989330861676;0.18441546770501602;0.3260328933222268;0.0;1.0;0.0;0.4081463227100243;0.24109615107671772;0.3535629385825429;0.3025826889426413;0.2459208678026607;0.22479844482218456;0.25770007401563944;0.16564976028352094;0.0;0.21109239774073452;0.1644151191726178;0.369176035900295;0.0;0.369176035900295;0.29228818127288797;0.1854250222975734;0.16602160757944068;0.313849162258247;0.3260372340153841;0.339232099259061;0.28210371801752815;0.33976156498560134;0.32612409940901477;0.0;0.2824086714374871;0.20044416889076194;0.0;0.0;0.19103854521773977;0.26437881222992016;0.0;0.0;0.0;0.0;0.3147034948276461;0.32601910927283817;0.0;0.3260165973692972;0.0;0.37881481190090177;0.24877249607587124;0.2915723707289742;0.2567766268424981;0.15289034457638104;0.3928596767649851;0.24109615107671772;0.0;0.326586671702745;0.0;0.2825687299786966;0.35473698035005113;0.2940704506171899;0.0;0.20177705108301042;0.0;0.0;0.34001914225345975;0.0;0.3391383109312651;0.40849352359200725;0.17990819179633083;0.0;0.1620635204011735;0.3392480000784168;0.3787802786422499;0.22479844482218456;0.3392480000784168;0.25043679305814986;0.18440722627857054;0.3392480000784168
GO:0045444;0.0;0.0;0.0;0.0;0.0;0.3321094767089671;0.2156785945065727;0.0;1.0;0.0;0.0;0.37203890385366706;0.30005638276090935;0.2291957307674273;0.0;0.0;0.0;0.1893901260169986;0.0;0.20231100090542756;0.3958776174692267;0.10753970714364904;0.3958776174692267;0.0;0.0;0.07642975870075767;0.31524134309860796;0.3321155713152854;0.3509301923121654;0.2734223569584814;0.0;0.33223754870451355;0.0;0.0;0.0;0.0;0.0;0.0;0.2513239456383067;0.0;0.0;0.5957524752719445;0.20181283406743863;0.0;0.3320901234433835;0.10753970714364902;0.3320865967136374;0.2856679827857975;0.0;0.0;0.0;0.0;0.0;0.0;0.0;0.3756862835412584;0.0;0.5272100405749185;0.0;0.0;0.0;0.19524927668980144;0.0;0.262236802919023;0.2731702019026428;0.0;0.5971437375324984;0.0;0.0;0.0;0.37142405836776726;0.0;0.35095321838712384;0.0;0.0;0.35095321838712384;0.14406234228787038;0.0;0.35095321838712384
GO:0048639;0.15026969638620336;0.23940691292850605;0.24556845483177545;0.3696043057288626;0.1946527900793122;0.3688910813114404;0.0;0.4081463227100243;0.0;1.0;0.2728116959695351;0.40453028289736354;0.3391516143493026;0.269541722857126;0.24019735270496734;0.22259723634418446;0.17604129259807647;0.0;0.22461432003033233;0.17857222845518525;0.42510013209724684;0.0;0.42510013209724684;0.3262713984822855;0.1957778829834335;0.1230473340198474;0.3533698709306614;0.36889663822090935;0.38587894161439745;0.3136322504777999;0.38656417631466;0.3690078464685855;0.0;0.3140092230814675;0.1496485110157852;0.0;0.0;0.20204634181160044;0.2918767679029992;0.0;0.0;0.0;0.0;0.3544532811864513;0.36887343524615834;0.0;0.36887021957844096;0.0;0.591039036214256;0.3410851307457408;0.32537971658603143;0.2770659242156376;0.16170011562346512;0.6157171784024293;0.2728116959695351;0.0;0.36960017962262365;0.0;0.39261044516198335;0.4060679420960826;0.32099023721503595;0.0;0.223524915931862;0.0;0.0;0.48343925256262255;0.0;0.3857575913966489;0.4623565275978772;0.19223217962784186;0.0;0.1699167797378301;0.38589951617554125;0.4246524615244826;0.24019735270496734;0.38589951617554125;0.17807999852222914;0.1946436082780779;0.38589951617554125
GO:0043547;0.1880484690117132;0.23911454210462146;0.14513094887746789;0.2727639101141422;0.2717468246768385;0.2722382901840139;0.0;0.24109615107671772;0.0;0.2728116959695351;1.0;0.2984996022398005;0.2503188906581307;0.19899387548787795;0.14195892916191313;0.16436538376539525;0.13001138827063272;0.0;0.13275545243699197;0.1784095150676002;0.31365361198620384;0.0;0.31365361198620384;0.2408240346122084;0.11572211423263716;0.1232564438163401;0.2607990341118211;0.27224238543101636;0.2847569449515432;0.23150598920966006;0.28526187288931104;0.27232434196549843;0.0;0.2317839201442403;0.11970996327195639;0.0;0.0;0.3605735641617992;0.21546496634797715;0.0;0.0;0.0;0.0;0.26159755958152575;0.27222528565286674;0.0;0.27222291581836766;0.0;0.2508596081724701;0.2015232003315042;0.2401666829902672;0.1637303860250436;0.20234384476013176;0.261319977594443;0.8225393214177052;0.0;0.2727608693350779;0.0;0.23192982216546454;0.29963249211037263;0.18966204247667295;0.0;0.6741069528594402;0.0;0.0;0.28550759033208295;0.0;0.28466752551403;0.2730740052248775;0.14196013890061657;0.0;0.10044374747608262;0.2847721057376926;0.2508340028109914;0.14195892916191313;0.2847721057376926;0.13151601794200266;0.27173401387058044;0.2847721057376926
GO:0007215;0.1945824815426647;0.258963701779115;0.2573592704348584;0.505374704441365;0.20198808952871694;0.7102464763081486;0.20087683033386028;0.3535629385825429;0.37203890385366706;0.40453028289736354;0.2984996022398005;1.0;0.6480717318504536;0.5061384655200136;0.25146619443196155;0.2933645299612594;0.22938194039279067;0.17788047383587888;0.23443853584467456;0.25821703254307266;0.8303733106208108;0.10372866097526495;0.8303733106208108;0.4412462853735882;0.2031998401413337;0.15309230883373365;0.7700515211296852;0.8070704257339065;0.7461872190038727;0.5954612219705127;0.5308613503528162;0.7104924500645476;0.0;0.4233532410979704;0.15394658526148258;0.0;0.0;0.20996079004991283;0.5511406729577389;0.0;0.0;0.31400364465596936;0.18879564136991606;0.48279211108980935;0.7102093049441004;0.10372866097526494;0.7102025311893018;0.26026664068420824;0.4612417159207932;0.364265040065768;0.43994140548226196;0.29216838765697184;0.20996338681131418;0.38593225849662066;0.2984996022398005;0.3329513783242523;0.505368530719276;0.23952090434952378;0.42364113463041536;0.5604460564229871;0.3414374657562886;0.1830394177073944;0.24048113080236108;0.2406742646150107;0.24985211371684415;0.53136468622399;0.31465810782894477;0.423875597908777;0.40495655317885726;0.25146843952854386;0.3295993461520571;0.17547959113437742;0.8479464733357255;0.36909192342570185;0.25146619443196155;0.8479464733357255;0.3269554414426092;0.20197820269177102;0.8479464733357255
GO:0007207;0.1811404619609381;0.22190853821070902;0.23435736864197196;0.4237110823400356;0.18754140337633932;0.9195371443154231;0.1778412960708293;0.3025826889426413;0.30005638276090935;0.3391516143493026;0.2503188906581307;0.6480717318504536;1.0;0.4451302521601349;0.22946060255407216;0.2638454677348171;0.21092996691235155;0.15957696677863326;0.2151981877459505;0.23013595079166682;0.6779352400264047;0.09722563642024135;0.7703416823153862;0.3776895794589318;0.18858556984945443;0.1460764046755918;0.5726024121475857;0.5956890298133912;0.7053699668262704;0.5826730656068557;0.4414816183124552;0.7580483651242654;0.0;0.36450287578314633;0.14540952715624894;0.0;0.0;0.19439508511117448;0.5449362996407061;0.0;0.0;0.2611312111589528;0.16830629302747238;0.40772162521574273;0.6768457771191482;0.09722563642024132;0.5956498841573071;0.22286459069803663;0.3922446094637305;0.3198339140016651;0.37673312686074817;0.2628775350934255;0.19439731111452288;0.32598144197505136;0.2503188906581307;0.27410345358159316;0.42370674263133373;0.2074767581952593;0.364716272137778;0.46175257694946414;0.30209993294244003;0.1637164920271825;0.2081968582816851;0.20834160136664895;0.21518409492670465;0.44182967629214887;0.2615836720150108;0.35264490433010015;0.33945118330250346;0.22946247190883975;0.2718275752637107;0.16447267435159876;0.6207874715340738;0.31388470773145444;0.22946060255407216;0.6207874715340738;0.30036251381304374;0.18753288019571332;0.6207874715340738
GO:0007603;0.16313262560675032;0.18061178965891975;0.20506966783546796;0.3367567267276569;0.16830597216914536;0.4736067681647014;0.1502998407056978;0.2459208678026607;0.2291957307674273;0.269541722857126;0.19899387548787795;0.5061384655200136;0.4451302521601349;1.0;0.20131051057529753;0.22729849300453142;0.18690491940834333;0.1870037429567494;0.19024850129373033;0.19606468642485822;0.5241716492772428;0.08837256429400842;0.5241716492772428;0.30702338601514784;0.16914645053682467;0.1361091079864213;0.45890140001062657;0.47361197305701136;0.4893228226571937;0.4196629086922132;0.34788611919283974;0.47371612760756704;0.19301753875763278;0.29825225735281014;0.1335731882258421;0.0;0.27645582356185067;0.17380522708102641;0.3971542809041089;0.0;0.19294512237334993;0.20576688515828281;0.1434324191064582;0.32657777501422264;0.47359023965503805;0.0883725642940084;0.4735872275950128;0.18124460622246152;0.3165725608498203;0.26766404081261586;0.3063910583515295;0.22657977302609797;0.17380700650891334;0.2611561833952731;0.19899387548787795;0.21373761725776233;0.3367539854413025;0.1709345313036612;0.2983951159386749;0.36035180380041215;0.25513023236354;0.1911545397095732;0.1714230128560215;0.17152112762872213;0.17613201112287544;0.3481022058556141;0.20604772252993125;0.27799548641747773;0.26973090593954624;0.20131194940017152;0.21235125471894145;0.14948931660769343;0.48934162247343477;0.2533345083256171;0.20131051057529753;0.48934162247343477;0.26581498657288694;0.16829910767645165;0.48934162247343477
GO:0031954;0.4522902879518704;0.13234957398750835;0.5788439287266677;0.24017544202909713;0.8106844726982612;0.23993419279814593;0.0;0.22479844482218456;0.0;0.24019735270496734;0.14195892916191313;0.25146619443196155;0.22946060255407216;0.20131051057529753;1.0;0.17877505391610313;0.30280880296148666;0.0;0.4860220272223756;0.11137427774251708;0.25766895043371296;0.0;0.25766895043371296;0.2246584569939219;0.4936472093847888;0.13743311616650788;0.23457105873036885;0.23993607415998425;0.24556143917484466;0.21977779387583865;0.245783326974178;0.239973719402611;0.0;0.2199258617879705;0.16030464812060286;0.0;0.0;0.7237814445739575;0.2109594809473785;0.0;0.0;0.0;0.0;0.23495257514752482;0.2399282183198436;0.0;0.2399271295525946;0.0;0.31967924338243897;0.2028337070077732;0.224319702682967;0.24815512820961863;0.47679870571004;0.23482007697059135;0.14195892916191313;0.0;0.24017404765259187;0.0;0.22000352884451202;0.25194081073261937;0.2721224294012604;0.0;0.12734744078849106;0.0;0.0;0.2458911668633737;0.0;0.19649195212019485;0.24031756073501917;0.5376290165629565;0.0;0.7337781330261747;0.24556810711311106;0.22971636177978955;0.9388490746547029;0.24556810711311106;0.15402649974937271;0.8106569412639756;0.24556810711311106
GO:2000438;0.2059656741014664;0.15161937958261504;0.1817335059937809;0.2781119959957791;0.15225958844847445;0.277788566752491;0.0;0.25770007401563944;0.0;0.22259723634418446;0.16436538376539525;0.2933645299612594;0.2638454677348171;0.22729849300453142;0.17877505391610313;1.0;0.23283510959536619;0.0;0.16999707197938238;0.12471239704796463;0.30184127718484255;0.0;0.30184127718484255;0.358342844222011;0.15294711593934815;0.12552640055038924;0.2706249188350925;0.2777910885912502;0.2853595161577977;0.251123719820694;0.2856591986749045;0.27784155081363526;0.0;0.25131705484525463;0.19614091182664023;0.0;0.0;0.15674624991804345;0.23967610212568521;0.0;0.0;0.0;0.0;0.2711328542835762;0.27778055840831534;0.0;0.2777790990035071;0.0;0.2642004762694766;0.27502134804985795;0.25707113463207903;0.19842735651971424;0.21811999243940797;0.21684710080009603;0.16436538376539525;0.0;0.27811012633892995;0.0;0.30162612477425554;0.2940106827628612;0.21998628601241674;0.0;0.1450905357252988;0.0;0.0;0.2858048793478589;0.0;0.2283314227018934;0.22272624437564192;0.2487734213253319;0.0;0.1366939577785157;0.28536852062170276;0.21142685629465421;0.17877505391610313;0.28536852062170276;0.20249973030152088;0.1522539704659292;0.28536852062170276
GO:0045892;0.4067722005863644;0.1219052713320049;0.4259996696326791;0.21995006629104752;0.2635766212831899;0.2197477207344167;0.0;0.16564976028352094;0.0;0.17604129259807647;0.13001138827063272;0.22938194039279067;0.21092996691235155;0.18690491940834333;0.30280880296148666;0.23283510959536619;1.0;0.0;0.5690051754656396;0.10388448167149217;0.23453190389329298;0.0;0.23453190389329298;0.2878603494304018;0.3153419300111147;0.09516427582473225;0.2152405851222265;0.21974929884166955;0.22445862517305773;0.20271994755399958;0.22464400051164746;0.2197808756525857;0.0;0.20284591652885303;0.15353153433823116;0.0;0.0;0.2703360777720581;0.19519392641658032;0.0;0.0;0.0;0.0;0.21556176956238102;0.2197427092617053;0.0;0.21974179598683927;0.0;0.21115679608445148;0.18821720812612536;0.20657799643690067;0.16693263434506814;0.4276628886276762;0.17242535953000357;0.13001138827063272;0.0;0.2199488968690313;0.0;0.20291198661441928;0.22977678834961104;0.18193228178493615;0.0;0.11764877391963899;0.0;0.0;0.22473408455194088;0.0;0.17960849519415853;0.17612197032813107;0.479032433924895;0.0;0.23973027168143002;0.22446419629691636;0.16898072294794542;0.30280880296148666;0.22446419629691636;0.14544919816976606;0.263568125835451;0.22446419629691636
GO:0071377;0.0;0.0;0.0;0.0;0.0;0.16821093088201722;0.1320935857796656;0.0;0.1893901260169986;0.0;0.0;0.17788047383587888;0.15957696677863326;0.1870037429567494;0.0;0.0;0.0;1.0;0.0;0.12695597084339771;0.18315371360527768;0.08174775104359523;0.18315371360527768;0.0;0.0;0.06243066113404178;0.16377241714864707;0.16821249434504698;0.17290773852802205;0.1517172810533296;0.0;0.16824377952436234;0.6529840822935156;0.0;0.0;0.0;0.23257124070588742;0.0;0.14465939168642905;0.0;0.3831528719497986;0.17310346773262986;0.12675961646877532;0.0;0.16820596595763854;0.08174775104359523;0.16820506117277095;0.1554139489952472;0.0;0.0;0.0;0.0;0.0;0.0;0.0;0.1787100274871693;0.0;0.14777124812437578;0.0;0.0;0.0;0.45611560100420967;0.0;0.14820943331686903;0.15163961199323264;0.0;0.1733021784942649;0.0;0.0;0.0;0.17773979765780254;0.0;0.17291332828402814;0.0;0.0;0.17291332828402814;0.10126273788385397;0.0;0.17291332828402814
GO:0045893;0.260308594124257;0.12431465133403477;0.7029026168676182;0.22459515997350807;0.42225507263739614;0.22438418165536023;0.0;0.21109239774073452;0.0;0.22461432003033233;0.13275545243699197;0.23443853584467456;0.2151981877459505;0.19024850129373033;0.4860220272223756;0.16999707197938238;0.5690051754656396;0.0;1.0;0.10562907682250881;0.23982072189214945;0.0;0.23982072189214945;0.21096895505938093;0.5262790315729525;0.13362144537047463;0.21968688010918494;0.2243858270584099;0.22929819683579666;0.2066592684521355;0.22949165558377513;0.2244187505154721;0.0;0.20679018231697505;0.15514256597817236;0.0;0.0;0.4332245668907544;0.19884354761236306;0.0;0.0;0.0;0.0;0.22002148154445914;0.2243789564799161;0.0;0.22437800426108462;0.0;0.29978737385045245;0.1916083323985104;0.2106701992931927;0.23599937343697844;0.2738510325642219;0.2199052844635417;0.13275545243699197;0.0;0.22459394063635016;0.0;0.20685884723616432;0.23485099973301504;0.2575740609826756;0.0;0.11989128985476691;0.0;0.0;0.22958567028350715;0.0;0.18348047011384389;0.22471943336841135;0.3072246898014444;0.0;0.38361318646472425;0.22930401079163146;0.21542312541042913;0.4860220272223756;0.22930401079163146;0.1474660470451519;0.42224129039624264;0.22930401079163146
GO:0051482;0.09137148311018771;0.33060725846457834;0.11331737498172093;0.178551753285527;0.09411099228480069;0.24333631346279738;0.13825199028241222;0.1644151191726178;0.20231100090542756;0.17857222845518525;0.1784095150676002;0.25821703254307266;0.23013595079166682;0.19606468642485822;0.11137427774251708;0.12471239704796463;0.10388448167149217;0.12695597084339771;0.10562907682250881;1.0;0.2663757469612597;0.08406518340890594;0.2663757469612597;0.16428852500528476;0.09455519415257102;0.46052336545292644;0.2365401618069123;0.24333871120193332;0.25055148546293643;0.21818981313783534;0.18382373999783913;0.24338669096117097;0.0;0.1600305708344102;0.10221695594290843;0.0;0.0;0.09701302568182706;0.20751907862755586;0.0;0.0;0.1838346672889809;0.13242005079792493;0.17369830549503565;0.2433286992336926;0.08406518340890592;0.24332731165469032;0.16400950769193953;0.1688979116731558;0.144997918253304;0.1639823360996891;0.12434648586802241;0.09701396303895789;0.1735758805440773;0.1784095150676002;0.19017063017437136;0.1785504502958892;0.15552111781534478;0.160100107840528;0.1896862040097931;0.13875438959567746;0.12956224131078062;0.15592537281337254;0.15600654500370764;0.15981176525257396;0.18392574435404305;0.1840587950154811;0.24840616005020277;0.17868457798467846;0.11137502236329393;0.18907235165076716;0.08410242042203751;0.25056008682989;0.16888630433932322;0.11137427774251708;0.25056008682989;0.1800888775917229;0.09410736332984317;0.25056008682989
GO:0035556;0.19827579732998765;0.27029311426257724;0.2638599121435145;0.5310671806746815;0.20597075961315964;0.7462742199061061;0.20762752212419153;0.369176035900295;0.3958776174692267;0.42510013209724684;0.31365361198620384;0.8303733106208108;0.6779352400264047;0.5241716492772428;0.25766895043371296;0.30184127718484255;0.23453190389329298;0.18315371360527768;0.23982072189214945;0.2663757469612597;1.0;0.10549992969934785;0.8800448626754314;0.4607065363014915;0.20723091540716096;0.15496050416264606;0.710403338211722;0.7462871432700279;0.7860557942367888;0.7051673825703316;0.5592834443167863;0.7465457857249796;0.0;0.44123524067225817;0.1562492515646126;0.0;0.0;0.2142674177936842;0.6506385726434235;0.0;0.0;0.3308170664224245;0.19474671914304348;0.5061866139576081;0.746233181919239;0.10549992969934784;0.8479405257850687;0.2717128641193263;0.4825482250963233;0.37742614881519143;0.4592842058014127;0.3005751604737995;0.21427012217565733;0.4046105483918741;0.31365361198620384;0.3519164227215028;0.5310603632753756;0.2491812414208946;0.44154797747243757;0.5922191316117716;0.35297459128797287;0.1886277698915658;0.2502206534458789;0.25042975474795026;0.26038209646293614;0.559842148138015;0.3315435739503606;0.44651490912666003;0.4255708803643182;0.2576713076535239;0.3481737949560652;0.1784777433612413;0.7861043096265699;0.38613970334949754;0.257668950433713;0.7861043096265699;0.37996560964674453;0.20596047905791995;0.7861043096265699
GO:0006171;0.0;0.0;0.0;0.0;0.0;0.10036430824563437;0.3191910523875842;0.0;0.10753970714364904;0.0;0.0;0.10372866097526495;0.09722563642024135;0.08837256429400842;0.0;0.0;0.0;0.08174775104359523;0.0;0.08406518340890594;0.10549992969934785;1.0;0.10549992969934785;0.0;0.0;0.04990877919618695;0.09876719898492839;0.10036486483659755;0.10201775102690278;0.09425078224400128;0.0;0.10037600144572326;0.0;0.0;0.0;0.0;0.0;0.0;0.09147812999858039;0.1750292653084789;0.0;0.10208585567467862;0.3106520033015072;0.0;0.10036254071084226;0.9608841981019184;0.10036221859893886;0.3208238141636558;0.0;0.0;0.0;0.0;0.0;0.0;0.0;0.10401020219789898;0.0;0.09271276846809577;0.0;0.0;0.0;0.08282050866045756;0.0;0.31150305177435983;0.2563866283690286;0.0;0.10215493315935271;0.0;0.0;0.0;0.10368080846243442;0.0;0.10201969687854141;0.0;0.0;0.10201969687854141;0.07197307144635638;0.0;0.10201969687854141
GO:0007186;0.19827579732998765;0.27029311426257724;0.2638599121435145;0.5310671806746815;0.20597075961315964;0.8479956551730239;0.20762752212419153;0.369176035900295;0.3958776174692267;0.42510013209724684;0.31365361198620384;0.8303733106208108;0.7703416823153862;0.5241716492772428;0.25766895043371296;0.30184127718484255;0.23453190389329298;0.18315371360527768;0.23982072189214945;0.2663757469612597;0.8800448626754314;0.10549992969934785;1.0;0.4607065363014915;0.20723091540716096;0.15496050416264606;0.710403338211722;0.7462871432700279;0.8931996851241135;0.7051673825703316;0.5592834443167863;0.8483042369628749;0.0;0.44123524067225817;0.1562492515646126;0.0;0.0;0.2142674177936842;0.6506385726434235;0.0;0.0;0.3308170664224245;0.19474671914304348;0.5061866139576081;0.8479490234743372;0.10549992969934784;0.7462257035714537;0.2717128641193263;0.4825482250963233;0.37742614881519143;0.4592842058014127;0.3005751604737995;0.21427012217565733;0.4046105483918741;0.31365361198620384;0.3519164227215028;0.5310603632753756;0.2491812414208946;0.44154797747243757;0.5922191316117716;0.35297459128797287;0.1886277698915658;0.2502206534458789;0.25042975474795026;0.26038209646293614;0.559842148138015;0.3315435739503606;0.44651490912666003;0.4255708803643182;0.2576713076535239;0.3481737949560652;0.1784777433612413;0.7861043096265699;0.38613970334949754;0.257668950433713;0.7861043096265699;0.33438678276295575;0.20596047905791995;0.7861043096265699
GO:0050805;0.2478806360777846;0.2144143800834906;0.22935031354971686;0.5687996811461399;0.18432124687062973;0.40692756293299;0.0;0.29228818127288797;0.0;0.3262713984822855;0.2408240346122084;0.4412462853735882;0.3776895794589318;0.30702338601514784;0.2246584569939219;0.358342844222011;0.2878603494304018;0.0;0.21096895505938093;0.16428852500528476;0.4607065363014915;0.0;0.4607065363014915;1.0;0.18532976731053086;0.16582583069169118;0.3917373395917056;0.4069329745197931;0.42338239757483137;0.35215228276829535;0.5917129332108629;0.407041270465268;0.0;0.3525325865253468;0.31119393368952375;0.0;0.0;0.19093743703775237;0.3300463859833726;0.0;0.0;0.0;0.0;0.3928025314569085;0.40691037821577136;0.0;0.40690724659941907;0.0;0.3784174627189758;0.3105804767624931;0.507873541699544;0.25659399513478104;0.2656992191160198;0.31406457535797194;0.2408240346122084;0.0;0.5687940766311006;0.0;0.35273219329360783;0.44270969062364474;0.2938309409127732;0.0;0.2015864182273824;0.0;0.0;0.42436351990703175;0.0;0.33874042012299754;0.3265486362958747;0.3126227222262545;0.0;0.22604347196830188;0.423402219478717;0.3028208598849113;0.22465845699392192;0.423402219478717;0.20911666394999964;0.18431301386320015;0.423402219478717
GO:0030819;0.2621490709538005;0.10925561670662493;0.5008846532921969;0.1957633265853718;0.434136009945991;0.19560301973288385;0.0;0.1854250222975734;0.0;0.1957778829834335;0.11572211423263716;0.2031998401413337;0.18858556984945443;0.16914645053682467;0.4936472093847888;0.15294711593934815;0.3153419300111147;0.0;0.5262790315729525;0.09455519415257102;0.20723091540716096;0.0;0.20723091540716096;0.18532976731053086;1.0;0.12570601974230164;0.19202384582395857;0.19560427010282616;0.19932680716929127;0.18199566837599043;0.19947298133480998;0.19562928870701496;0.0;0.18209719153896986;0.14457293102670452;0.0;0.0;0.44447707300525274;0.17590666798069785;0.0;0.0;0.0;0.0;0.19227943743757306;0.19559904901702813;0.0;0.19559832540424146;0.0;0.2626783410898291;0.17022049951178345;0.18509917527527564;0.21238009172677813;0.2746540808352281;0.1921906892169449;0.11572211423263716;0.0;0.19576240021213853;0.0;0.18215043476442017;0.20350963403504263;0.2296939949174635;0.0;0.10582421692707483;0.0;0.0;0.19954400561665528;0.0;0.15950099843041882;0.19585773467330453;0.3050368494662125;0.0;0.39735793657707574;0.19933120056610273;0.18875829108844616;0.4936472093847888;0.19933120056610273;0.13446326667446554;0.4341229898488783;0.19933120056610273
GO:0060316;0.10709463208916944;0.1418315461776166;0.13868029945342725;0.24309050053333917;0.16236768360148937;0.14949386624751085;0.06504406492498285;0.16602160757944068;0.07642975870075767;0.1230473340198474;0.1232564438163401;0.15309230883373365;0.1460764046755918;0.1361091079864213;0.13743311616650788;0.12552640055038924;0.09516427582473225;0.06243066113404178;0.13362144537047463;0.46052336545292644;0.15496050416264606;0.04990877919618695;0.15496050416264606;0.16582583069169118;0.12570601974230164;1.0;0.1477622807859556;0.1494944670587114;0.15127061679151352;0.14278206757151973;0.2222914928272006;0.1495064880675638;0.0;0.11749918356659574;0.5245614342471587;0.0;0.0;0.16516512305470926;0.13966203189792348;0.0;0.0;0.07363393748444205;0.06372369241472653;0.12165614890998043;0.14949195827282052;0.04990877919618694;0.14949161056544608;0.07023344178658199;0.1673205644305421;0.11243714951271569;0.16569347260853604;0.14538785650113606;0.11078971550784553;0.12162061559471372;0.1232564438163401;0.07462987595820385;0.21969251823127384;0.06862938050938631;0.11752134932090666;0.12605735597247403;0.15329822661901715;0.06305439771523874;0.11641168124708165;0.06872374504475434;0.0694522311141867;0.12452446510286379;0.0736698693297946;0.12557034555545415;0.12307887211598081;0.09876303296112682;0.07446013854493198;0.28009172968154694;0.1512726983060955;0.1202370341536597;0.13743311616650788;0.1512726983060955;0.37621066524359137;0.16236413858647514;0.1512726983060955
GO:0007223;0.1843103379865908;0.23010580775811862;0.23969080475674956;0.4414713479538157;0.19094136723248437;0.6206032791710396;0.18306781138820463;0.313849162258247;0.31524134309860796;0.3533698709306614;0.2607990341118211;0.7700515211296852;0.5726024121475857;0.45890140001062657;0.23457105873036885;0.2706249188350925;0.2152405851222265;0.16377241714864707;0.21968688010918494;0.2365401618069123;0.710403338211722;0.09876719898492839;0.710403338211722;0.3917373395917056;0.19202384582395857;0.1477622807859556;1.0;0.7052052034806134;0.6478699461292134;0.531139684185822;0.460796818259914;0.6207910723211784;0.0;0.37756986069044995;0.14744516496502239;0.0;0.0;0.198050514216986;0.4955911667470635;0.0;0.0;0.2725569328071962;0.1729800264433932;0.424140783583399;0.6205748985873221;0.09876719898492838;0.6205697267400854;0.23113396134226238;0.4074176977534206;0.3298504773131763;0.39070851228853354;0.26960670149213506;0.19805282472401756;0.33909552333059995;0.2607990341118211;0.28671998872230137;0.44146663681619386;0.2146253090378005;0.3777988360935944;0.4829247738190002;0.3110210137272902;0.16813544449394427;0.21539597780825268;0.21555090765820759;0.22288347321212795;0.4611760112208798;0.27304989185263157;0.3680427077444094;0.3536950960955996;0.23457301227980304;0.28423073009373845;0.167081830614168;0.736215766160707;0.32602543146455804;0.23457105873036888;0.736215766160707;0.3065703394845717;0.19093253222203713;0.736215766160707
GO:0048009;0.18760642294308136;0.23896837454405917;0.24529536727794743;0.46086582276959076;0.19448116602134194;0.6478147772507745;0.1886335451457915;0.3260372340153841;0.3321155713152854;0.36889663822090935;0.27224238543101636;0.8070704257339065;0.5956890298133912;0.47361197305701136;0.23993607415998425;0.2777910885912502;0.21974929884166955;0.16821249434504698;0.2243858270584099;0.24333871120193332;0.7462871432700279;0.10036486483659755;0.7462871432700279;0.4069329745197931;0.19560427010282616;0.1494944670587114;0.7052052034806134;1.0;0.6775823259887753;0.550946076683114;0.4819671625106793;0.6480194024325464;0.0;0.3916664716434205;0.14954705209458227;0.0;0.0;0.2018614386490089;0.5127921167049257;0.0;0.0;0.28508014428282097;0.17794095987343797;0.4420116131476204;0.6477838533677619;0.10036486483659754;0.6477782180636621;0.24007744321584093;0.4238797335467994;0.34055851418400107;0.40582289506212943;0.2767183392028675;0.20186383893047416;0.3533678890991918;0.27224238543101636;0.300611687030239;0.46086068860783336;0.22231559287437783;0.39191286943868875;0.5062285960025965;0.32052380118327856;0.17281862982890184;0.22314258547372026;0.22330886396605207;0.23118839224555543;0.48238201398959624;0.28561948897060996;0.38491645432988725;0.3692510858411669;0.2399381180933317;0.2978765243735042;0.16978598866556358;0.7699816267643668;0.33919740432333195;0.2399360741599843;0.7699816267643668;0.3130664621274203;0.1944720004036537;0.7699816267643668
GO:0007188;0.1910281074651945;0.24855689838203465;0.25117791954022084;0.4820780795675216;0.1981606762503839;0.7699285585540525;0.19455807214434542;0.339232099259061;0.3509301923121654;0.38587894161439745;0.2847569449515432;0.7461872190038727;0.7053699668262704;0.4893228226571937;0.24556143917484466;0.2853595161577977;0.22445862517305773;0.17290773852802205;0.22929819683579666;0.25055148546293643;0.7860557942367888;0.10201775102690278;0.8931996851241135;0.42338239757483137;0.19932680716929127;0.15127061679151352;0.6478699461292134;0.6775823259887753;1.0;0.8058543987452322;0.5052153430942633;0.7701829305798479;0.0;0.4068817388501392;0.15171324102409944;0.0;0.0;0.20582835978488917;0.7480376924644823;0.0;0.0;0.29883260630595637;0.1832034972157408;0.4614870958672627;0.9540023787389594;0.10201775102690276;0.677531677722117;0.2497569781194987;0.44175785668057527;0.35200400269047605;0.4221808913952567;0.2842276353778274;0.2058308553331402;0.36892040216296434;0.2847569449515432;0.3159437699245669;0.4820724619122112;0.23059116621934694;0.40714765887197046;0.5319386637682082;0.3306422423625126;0.17777832364157775;0.23148099663636865;0.23165993931613413;0.2401510329257245;0.5056712003141866;0.2994252969468016;0.40344277774048903;0.3862667918302603;0.24556358007325085;0.3129238909573627;0.1725836588150006;0.7102452152607571;0.3535023304939442;0.2455614391748447;0.7102452152607571;0.319854919672968;0.19815116054027632;0.7102452152607571
GO:0007189;0.17505221185439052;0.2069965022107502;0.2242659690882802;0.39183381074713314;0.18102301305856758;0.6260351677805691;0.16813421536868753;0.28210371801752815;0.2734223569584814;0.3136322504777999;0.23150598920966006;0.5954612219705127;0.5826730656068557;0.4196629086922132;0.21977779387583865;0.251123719820694;0.20271994755399958;0.1517172810533296;0.2066592684521355;0.21818981313783534;0.7051673825703316;0.09425078224400128;0.7051673825703316;0.35215228276829535;0.18199566837599043;0.14278206757151973;0.531139684185822;0.550946076683114;0.8058543987452322;1.0;0.40698324865749974;0.6262033341455305;0.0;0.3406613916503388;0.141460081188487;0.0;0.0;0.1874004459987069;0.9392095863373429;0.0;0.0;0.24072424083986863;0.15958668557809222;0.3781208058384644;0.7757143251854858;0.09425078224400127;0.7757299528925947;0.20782813960290708;0.36477270726303973;0.3013294904132736;0.3513206552904682;0.25024672271952403;0.18740251469298724;0.302336477453994;0.23150598920966006;0.25170555699098374;0.39183009945549785;0.19438403544346827;0.3408477780762471;0.42414836144891244;0.2855375338775301;0.1554543034429891;0.19501598153903113;0.19514297190448596;0.2011335063686868;0.40727901766031127;0.24110869476179306;0.3251368982032119;0.31388841653851685;0.2197795087921871;0.2497851185776877;0.15943773457231344;0.572348034468586;0.2919028809924028;0.21977779387583868;0.572348034468586;0.3671056388012563;0.181015072050563;0.572348034468586
