;GO:0014065;GO:1990090;GO:2000360;GO:0015031;GO:0006283;GO:0036092;GO:0046854;GO:0007257;GO:0000338;GO:0006165;GO:0008589;GO:0000462;GO:0000185;GO:0000184;GO:0046068;GO:0045892;GO:0045893;GO:0001701;GO:0015949;GO:0032729;GO:0034504;GO:0071418;GO:0050830;GO:0042307;GO:0021702;GO:0034463;GO:0050728;GO:1902600;GO:0006334;GO:0061844;GO:0051258;GO:0048010;GO:0001678;GO:0002922;GO:0048015;GO:0048255;GO:0071243;GO:2000368;GO:0034976;GO:0051897;GO:0032435;GO:0060265;GO:0060266;GO:0008286;GO:0043409;GO:0006780;GO:0030490;GO:0002181;GO:0006260;GO:0000715;GO:0008284;GO:0038095;GO:0006783;GO:0051272;GO:0045787;GO:0043124;GO:0038096;GO:0022900;GO:0006782;GO:0045944;GO:0043401;GO:0000398;GO:0006417;GO:0002455;GO:0000165;GO:0031338;GO:0019221;GO:0051262;GO:0010513;GO:0001809;GO:0050852;GO:0030522;GO:0007000;GO:0002227;GO:0042692;GO:2000388;GO:0031047;GO:0019731;GO:0050900;GO:0010243;GO:0032092;GO:0045727;GO:0006241;GO:0038111;GO:1902236;GO:0006364;GO:0006644;GO:0006886;GO:0006367;GO:0043547;GO:0110076;GO:0032922;GO:0043030;GO:0010976;GO:0071456;GO:2000435;GO:0010575;GO:1901796;GO:0043551;GO:0000305;GO:0045454;GO:1904667;GO:0000028;GO:0042102;GO:0000027;GO:0006897;GO:0006414;GO:0000389;GO:0006378;GO:0006412;GO:0002687;GO:0010906;GO:0007219;GO:0030218;GO:0051056;GO:0010628;GO:0010506;GO:2000045;GO:0006809;GO:0010469;GO:0072539;GO:0036315;GO:0032753;GO:0008360;GO:0042759;GO:2001275;GO:0090630;GO:0006183;GO:1901687;GO:0009615;GO:0042753;GO:0043687;GO:0032869;GO:0097421;GO:0006614;GO:0071356;GO:0045070;GO:1904044;GO:0060850;GO:0042407;GO:0050829;GO:0006351;GO:0045599;GO:0006355;GO:0060213;GO:0006754;GO:0000245;GO:0006357;GO:0006511;GO:0090090;GO:0006228;GO:0019370;GO:0048599;GO:0002548;GO:0019372;GO:0043066;GO:0071347;GO:0034599;GO:2000623;GO:0035722
GO:0014065;1.0;0.023274895928415428;0.06343759630592836;0.0;0.024270980061372346;0.023518611116653793;0.025201805300743303;0.07518783092193838;0.020779219834586204;0.023773771751884165;0.07891936526755448;0.022850992746507454;0.07064973399071632;0.07258116833552572;0.022689173704861985;0.10354562405259542;0.1060009842941547;0.0;0.022514034702917574;0.06867634357246788;0.0;0.018611407797757263;0.0;0.06629851069527228;0.020621975026485204;0.01781114000881766;0.0719705857461678;0.0;0.025316771193558314;0.0;0.02412627638302942;0.20775141869006164;0.06050930668277786;0.061328032306141256;0.9422041443190781;0.07518783092193838;0.021297844365349615;0.060587297846298314;0.02697544294495587;0.08413330399953597;0.07367714715619932;0.05331805405718763;0.062222684269862195;0.21177026030232954;0.08457690568861566;0.01781114000881766;0.023479755505302555;0.023594412171996895;0.02582879694641005;0.02211211526583563;0.10016741628317817;0.21843534072891177;0.021876643500360515;0.09397203731083091;0.09193357727889209;0.07533747593173756;0.22043605901257254;0.026180529909038734;0.02044898396350942;0.1031497150371363;0.21998912530723105;0.0272494628905786;0.09045362085012291;0.0;0.4610686687683894;0.07882627758594397;0.25645844929659056;0.02549818501559156;0.06523275353214734;0.051025442896625695;0.21859541602666896;0.22595807736533766;0.020256340167518972;0.0;0.024486227758153543;0.051025442896625695;0.06726492089610374;0.0;0.028039930148121697;0.0;0.06156447522297221;0.08165056168832614;0.021297844365349615;0.18788005982924505;0.07093964865873127;0.02653138065354658;0.028457222361840125;0.0;0.02616669811840442;0.0710273877255916;0.05798211808707962;0.06790638678188883;0.07518783092193838;0.08838605777821007;0.02508169128704951;0.060587297846298314;0.06413892525188056;0.08277486229412809;0.0757687471727115;0.0;0.07844266530264267;0.0671324682520333;0.021791477374789987;0.08088406379613647;0.022744481272086482;0.0;0.025354032071882922;0.020038414336241286;0.022798395911577007;0.026744354257450417;0.08271602432458439;0.0811708073232958;0.2182741630923903;0.023479755505302555;0.09020921963961172;0.09575291715856622;0.0896453734236446;0.08372027457579076;0.05293078215833982;0.09524067646362086;0.01911377124220526;0.021609059926712387;0.0631307761254034;0.08495427204010463;0.02257404436964586;0.07093964865873127;0.061861090235177774;0.020923545221878833;0.022036674815599528;0.0;0.062173202468924514;0.02808551833818099;0.024587301340226263;0.0;0.0;0.025372472667121417;0.06546363820288245;0.0;0.07034580963380963;0.02263239127412538;0.0;0.034466792418080316;0.07604276167444347;0.11845026192000152;0.06811419534374111;0.024380925734277067;0.022452254132169763;0.11350855184551918;0.02892660935841817;0.08289138565709683;0.020779219834586204;0.021876643500360515;0.021057065768047428;0.023187454025804268;0.021297844365349615;0.1003236724331503;0.024353892235727072;0.02643167547920176;0.06343759630592836;0.2013953957074895
GO:1990090;0.023274895928415428;1.0;0.0;0.0;0.32576162980082257;0.024213190317556237;0.026001051635617133;0.0;0.021319557844277772;0.024483731597494816;0.0;0.023506148618294156;0.0;0.026143348024288474;0.023334952359942086;0.0;0.0;0.0;0.023149742568041698;0.0;0.0;0.43062105379425636;0.2038330891054857;0.0;0.021154061359467343;0.01820667084357273;0.0;0.0;0.026123442886886162;0.1977523437871281;0.024857770018668044;0.024825927255429283;0.02495102960127905;0.0;0.024660550263540332;0.0;0.36832854954251887;0.0;0.36329549628679525;0.0;0.0;0.0;0.0;0.025321003779974174;0.0;0.01820667084357273;0.02417200776646314;0.024293542426912295;0.026668969520532007;0.0227250195291557;0.0;0.026143348024288474;0.022476386615345928;0.0;0.0;0.0;0.026390511001347268;0.027044123541420332;0.020972067521626378;0.0;0.026335285571629723;0.028186277728638912;0.0;0.16052098869566112;0.028532523395548376;0.0;0.03086545223704564;0.026316645829899975;0.0;0.0;0.02616311795203516;0.02707343522326324;0.020769490860343062;0.18002233765438563;0.025240052211241273;0.0;0.02417200776646314;0.18902608685768787;0.02903287483614857;0.47063122290451254;0.0;0.0;0.02186586001337612;0.02238649645592352;0.0;0.027418668006332005;0.029480480366797065;0.0;0.02702936444414652;0.0;0.0;0.0;0.0;0.0;0.4358321464512901;0.0;0.0;0.0;0.0;0.2856487129199813;0.024825927255429283;0.0;0.02238649645592352;0.0;0.023393457114963385;0.0;0.02616311795203516;0.020540446236642355;0.023450496235711462;0.02764618581109411;0.0;0.0;0.026123442886886162;0.02417200776646314;0.0;0.0;0.0;0.0;0.021743146379836906;0.0;0.01957001359577429;0.4056696084392426;0.0;0.0;0.023213193728767175;0.0;0.0;0.021471514276913822;0.02264534653196818;0.22707675572950975;0.0;0.029081751728328917;0.5731629207096557;0.0;0.0;0.4785769048338572;0.0;0.40596403939797454;0.0;0.023274895928415428;0.20252426377420882;0.03597935128117233;0.0;0.0;0.0;0.025128181614894454;0.02308442892073447;0.0;0.029984529427036825;0.0;0.021319557844277772;0.022476386615345928;0.02161214347188439;0.023862330053545055;0.02186586001337612;0.0;0.4587762121362546;0.46007161252307194;0.0;0.024044118941487464
GO:2000360;0.06343759630592836;0.0;1.0;0.0;0.0;0.0;0.0;0.06455437103449083;0.0;0.0;0.06728590139753303;0.0;0.06118030945748724;0.1871268275114601;0.0;0.24436302110882274;0.0860239630599355;0.0;0.0;0.058649186123827385;0.0;0.0;0.0;0.05690620764703963;0.0;0.0;0.1857918303742993;0.0;0.0;0.0;0.0;0.06693907433949718;0.051598631921805346;0.053204967908515255;0.0665693157398131;0.18690452380228023;0.0;0.7376226213022311;0.0;0.07103941365552985;0.18367112154784784;0.04707022364997294;0.146686345988505;0.06804095273256552;0.20659563600102393;0.0;0.0;0.0;0.0;0.0;0.0821417335525926;0.06985469323827521;0.0;0.07792861587242146;0.0765215637114544;0.18722381751552022;0.07039583946830458;0.0;0.0;0.08413656066341083;0.07027508608932823;0.0;0.07549344819796625;0.0;0.0750100577023631;0.06721822321062587;0.07988621433706766;0.0;0.05707594597774237;0.04527438167562236;0.06989804558810361;0.07188158219750813;0.0;0.0;0.0;0.529205113679482;0.17538658001584995;0.0;0.0;0.0;0.052363946583838056;0.06926116022558619;0.0;0.06139759641738171;0.17776470186448048;0.0;0.0;0.0;0.0;0.05905610080256173;0.1489546206547414;0.05808673149454753;0.06455437103449083;0.07404777437022396;0.0;0.15486301631129182;0.05530778776722128;0.07006846433419076;0.06498212637046455;0.0;0.06693907433949718;0.1694476624384488;0.0;0.06870883967584908;0.0;0.0;0.0;0.0;0.0;0.0;0.07002629921499125;0.06891564477017115;0.06981103252214887;0.0;0.07532312881131757;0.07732142338046709;0.07492961163174648;0.07074471660965363;0.04598425559910885;0.07879904803538271;0.0;0.0;0.05455651972183785;0.07162384036424711;0.0;0.06139759641738171;0.052578376273632293;0.0;0.0;0.0;0.05383991633304159;0.0;0.0;0.0;0.0;0.0;0.5291737491814941;0.0;0.060952265659301896;0.0;0.0;0.0;0.18872625153740752;0.09404546177345083;0.05926972323512158;0.0;0.0;0.09090328877114173;0.0;0.2031111913953979;0.0;0.0;0.0;0.0;0.0;0.23812943096262693;0.0;0.0;0.16125949390408048;0.06518357189996392
GO:0015031;0.0;0.0;0.0;1.0;0.0;0.0;0.0;0.0;0.0;0.0;0.0;0.0;0.0;0.0;0.0;0.0;0.0;0.0;0.0;0.0;0.5988134263736543;0.0;0.0;0.0;0.0;0.0;0.0;0.3876538407598618;0.0;0.0;0.0;0.0;0.0;0.0;0.0;0.0;0.0;0.0;0.0;0.0;0.0;0.0;0.0;0.0;0.0;0.0;0.0;0.0;0.0;0.0;0.0;0.0;0.0;0.0;0.0;0.0;0.0;0.0;0.0;0.0;0.0;0.0;0.0;0.0;0.0;0.0;0.0;0.0;0.0;0.0;0.0;0.0;0.0;0.0;0.0;0.0;0.0;0.0;0.0;0.0;0.0;0.0;0.0;0.0;0.0;0.0;0.0;0.9173363134244212;0.0;0.0;0.0;0.0;0.0;0.0;0.0;0.0;0.0;0.0;0.0;0.0;0.0;0.0;0.0;0.0;0.0;0.4664713011596796;0.0;0.0;0.0;0.0;0.0;0.0;0.0;0.0;0.0;0.0;0.0;0.0;0.0;0.0;0.0;0.0;0.0;0.0;0.0;0.0;0.0;0.0;0.0;0.0;0.0;0.0;0.0;0.0;0.6555949560617478;0.0;0.0;0.0;0.0;0.0;0.0;0.0;0.0;0.0;0.0;0.0;0.0;0.0;0.0;0.0;0.0;0.0;0.0;0.0;0.0;0.0;0.0;0.0;0.0;0.0
GO:0006283;0.024270980061372346;0.32576162980082257;0.0;0.0;1.0;0.11933574298673208;0.12857068939486993;0.0;0.15972995289848446;0.2429885227321507;0.0;0.2519243315371147;0.0;0.281554072251288;0.23109823798156764;0.0;0.0;0.0;0.2291859500034912;0.0;0.0;0.2566534853120814;0.32506636120914506;0.0;0.021973691153118542;0.018810554246487674;0.0;0.0;0.027384869684365366;0.20671581090508728;0.025997260529622774;0.025962433527879854;0.026099283744769924;0.0;0.02578162350289755;0.0;0.29621302905227415;0.0;0.49930341157898855;0.0;0.0;0.0;0.0;0.026504370560984813;0.0;0.17358046426751708;0.25937830012860363;0.22171993618829702;0.6016197089907352;0.02367363493202617;0.0;0.027406744363414025;0.21596736379134532;0.0;0.0;0.0;0.02767849737890577;0.1331929484215734;0.20095786762912832;0.0;0.02761775606655143;0.3047063339562434;0.0;0.16637705455399646;0.21663365534964313;0.0;0.03264197178448869;0.027597257398799764;0.0;0.0;0.02742847204772619;0.02843065832021995;0.0215590344612731;0.28553323546181403;0.026415688957081594;0.0;0.025248133362805583;0.30043157720220603;0.03059934882238899;0.26797585857764344;0.0;0.0;0.21596560008985818;0.023306488201934546;0.0;0.2959865547502527;0.14671926561017762;0.0;0.29157367472501844;0.0;0.0;0.0;0.0;0.0;0.4614162527693886;0.0;0.0;0.0;0.0;0.2713931872919533;0.025962433527879854;0.0;0.023306488201934546;0.0;0.024399934518186218;0.0;0.19777384837159442;0.021312348186411655;0.25130215702757586;0.2538865721245911;0.0;0.0;0.027384869684365366;0.025248133362805583;0.0;0.0;0.0;0.0;0.1975152407114568;0.0;0.020269459708345785;0.3008396860060655;0.0;0.0;0.1141968764312318;0.0;0.0;0.21191744618470912;0.12125485681441354;0.23897566215236446;0.0;0.2210290742531816;0.345584271576974;0.0;0.0;0.35752382164029584;0.0;0.16909605904545086;0.0;0.024270980061372346;0.3228820909656463;0.3946597535896536;0.0;0.0;0.0;0.24968088488083134;0.024063934073774686;0.0;0.228273443320911;0.0;0.21035909962007057;0.10976836994160245;0.022468373465070406;0.024910461075977133;0.10730289141891178;0.0;0.3420466119589808;0.488377021757397;0.0;0.025108636829465448
GO:0036092;0.023518611116653793;0.024213190317556237;0.0;0.0;0.11933574298673208;1.0;0.8032161122626329;0.0;0.10155218543573011;0.5119613763208573;0.0;0.11207780577486552;0.0;0.12480011213647377;0.4876879086530823;0.0;0.0;0.0;0.11036075680628951;0.0;0.0;0.01920656017453798;0.0;0.0;0.021355193019097305;0.018355462662427813;0.0;0.0;0.026430857739783008;0.0;0.025135959568081075;0.02510340056276221;0.025231322217689457;0.0;0.024934318744491406;0.0;0.022080823654154244;0.0;0.028243951491234574;0.0;0.0;0.0;0.0;0.025609718481388787;0.0;0.18064024043217977;0.11528717551877066;0.24169240954952045;0.2656091203075719;0.022957297597359663;0.0;0.02645123429480933;0.22343108537641404;0.0;0.0;0.0;0.026704281328477596;0.12838735505198023;0.20833614898758193;0.0;0.026647736291977368;0.13467635566383235;0.0;0.0;0.4424564803959268;0.0;0.03129552110755868;0.02662865179035172;0.0;0.0;0.02647147279969049;0.027403756571278592;0.02096334253509538;0.0;0.025526913357560133;0.0;0.024434978772287282;0.0;0.029413076196227485;0.0;0.0;0.0;0.5389800179615979;0.022611871495328794;0.0;0.13096332611048783;0.7795686725879615;0.0;0.2692421882871273;0.0;0.0;0.0;0.0;0.0;0.026174737460872063;0.0;0.0;0.0;0.0;0.0;0.02510340056276221;0.0;0.022611871495328794;0.0;0.02363967470695421;0.0;0.2605117233529609;0.02073002640556365;0.111809654331735;0.27546297822106136;0.0;0.0;0.026430857739783008;0.024434978772287282;0.0;0.0;0.0;0.0;0.21607091046894478;0.0;0.01974202850009074;0.022415522267312474;0.0;0.0;0.5586556308959354;0.0;0.0;0.5291658166261158;0.2251277723446173;0.0;0.0;0.13901113096799886;0.02563678021267713;0.0;0.0;0.02649157534253356;0.0;0.0;0.0;0.023518611116653793;0.0;0.3598452720611692;0.0;0.0;0.0;0.6203040778820136;0.023324151066833197;0.0;0.1433848079451272;0.0;0.5253849596912866;0.22343108537641404;0.02182212351854227;0.02411857044398818;0.4445938797151668;0.0;0.02538312307691892;0.027648405254191526;0.0;0.02430429968813146
GO:0046854;0.025201805300743303;0.026001051635617133;0.0;0.0;0.12857068939486993;0.8032161122626329;1.0;0.0;0.10816356567081586;0.5506711861077892;0.0;0.12018542390158259;0.0;0.13493607257033796;0.5226885896564396;0.0;0.0;0.0;0.11821315557083106;0.0;0.0;0.020314582176754532;0.0;0.0;0.02273388773451078;0.019364880698138413;0.0;0.0;0.028575719626404344;0.0;0.027068126117795115;0.027030372955686718;0.027178745295380145;0.0;0.02683443823927912;0.0;0.02355804442127005;0.0;0.030706881490241242;0.0;0.0;0.0;0.0;0.027618315878983377;0.0;0.09082453168327181;0.12388357511002551;0.12456047043747741;0.13790951085675973;0.02455837090427665;0.0;0.028599538968973978;0.11382219511884757;0.0;0.0;0.0;0.028895588921806038;0.1392089687160966;0.10564053499800476;0.0;0.028829394659599016;0.1465563984658788;0.0;0.0;0.5991828104461956;0.0;0.03434816872050259;0.028807058640986715;0.0;0.0;0.028623199887183627;0.029716333701222824;0.02229033359681087;0.0;0.027522036813528328;0.0;0.026256975369785773;0.0;0.032093802814788124;0.0;0.0;0.0;0.48723519132734594;0.02416349808592335;0.0;0.1421700781855443;0.8518319178062906;0.0;0.13995477546217505;0.0;0.0;0.0;0.0;0.0;0.02827657966944011;0.0;0.0;0.0;0.0;0.0;0.027030372955686718;0.0;0.02416349808592335;0.0;0.02534086892274696;0.0;0.13424759829685112;0.02202673021467717;0.11987712687294716;0.1434676366235774;0.0;0.0;0.028575719626404344;0.026256975369785773;0.0;0.0;0.0;0.0;0.10982338443651866;0.0;0.020914579697882626;0.023939410864317435;0.0;0.0;0.5059780816451728;0.0;0.0;0.47778117852738045;0.11474658805520983;0.0;0.0;0.15170427670329137;0.027649791647906496;0.0;0.0;0.028646704763071216;0.0;0.0;0.0;0.025201805300743303;0.0;0.19250822240344617;0.0;0.0;0.0;0.5664698480581154;0.024978646799923364;0.0;0.15692815041476546;0.0;0.4741452174825201;0.11382219511884757;0.023263802655009012;0.02589197421371643;0.4743374854037285;0.0;0.02735496510724264;0.03000423289521534;0.0;0.026106141667355115
GO:0007257;0.07518783092193838;0.0;0.06455437103449083;0.0;0.0;0.0;0.0;1.0;0.0;0.0;0.30150135129617983;0.0;0.6475773694829835;0.18653980008211127;0.0;0.24300310920070387;0.4149097914325668;0.0;0.0;0.19203405669902454;0.0;0.0;0.0;0.18524564938960925;0.0;0.0;0.4569656553649332;0.0;0.0;0.0;0.0;0.08015736866109967;0.06183860954215762;0.3130939105958806;0.07962773896933067;0.28625346722804157;0.0;0.16440175965328974;0.0;0.5263010279804614;0.3128022243600638;0.3365447564282581;0.3457856543372111;0.08174253608293218;0.5898336165382675;0.0;0.0;0.0;0.0;0.0;0.27481731663483405;0.2634217089121732;0.0;0.25737275327014464;0.2516462036617748;0.3744147633010424;0.37535081887351707;0.0;0.0;0.4034263094056183;0.08498851480021034;0.0;0.38582946054858286;0.0;0.09201284980019328;0.08055797807854077;0.09945987267332917;0.0;0.39280295614026406;0.3218412511377804;0.37214446679381963;0.08734943329989238;0.0;0.0;0.0;0.1418853306310641;0.17258572610429515;0.0;0.0;0.0;0.40745335579907305;0.4388471678477094;0.0;0.07233909190525115;0.5171376086341608;0.0;0.0;0.0;0.0;0.5130114988682086;0.05891366192879758;0.17426695273809722;0.07676176194500026;0.2416958807029487;0.0;0.3019301483033943;0.1790891551994391;0.41223097022920485;0.4950479809264555;0.0;0.08015736866109967;0.42177267675076274;0.0;0.22071861528458894;0.0;0.0;0.0;0.0;0.0;0.0;0.22583308611682823;0.1849124721086734;0.08431073939445256;0.0;0.4501889472272767;0.41816409327358045;0.2033478897364079;0.08567634635138499;0.05394516735490289;0.365517502142541;0.0;0.0;0.1762180254556381;0.08696912581031499;0.0;0.3188220173577806;0.44531815933869023;0.0;0.0;0.0;0.17349262452733769;0.0;0.0;0.0;0.0;0.0;0.1828646177326445;0.0;0.1635651563690258;0.0;0.0;0.0;0.07765307256550204;0.27914922699474537;0.2638062976892125;0.0;0.0;0.26713119286186604;0.0;0.3170269011946795;0.0;0.0;0.0;0.0;0.0;0.10314560982495038;0.0;0.0;0.2407306980080601;0.07765307256550204
GO:0000338;0.020779219834586204;0.021319557844277772;0.0;0.0;0.15972995289848446;0.10155218543573011;0.10816356567081586;0.0;1.0;0.1117455542164107;0.0;0.12202773606176114;0.0;0.1660995371078469;0.17547988776533727;0.0;0.0;0.0;0.10630683213276855;0.0;0.0;0.017339728950274563;0.0;0.0;0.019072139574988347;0.016643039333390182;0.0;0.0;0.023020231667961345;0.0;0.022031708705166797;0.02200669108286398;0.022104937231979937;0.0;0.021876643500360515;0.0;0.019648816607209404;0.0;0.024383526383061165;0.0;0.0;0.0;0.0;0.022394831149800485;0.0;0.14022702535648998;0.12510106979078894;0.2494028345416547;0.16903504742820644;0.0203398303777047;0.0;0.02303568721655709;0.16969445228016322;0.0;0.0;0.0;0.02322736667005061;0.11130793237428185;0.1594460857029317;0.0;0.02318457567359441;0.14323864986018311;0.0;0.0;0.3054399894489209;0.0;0.026624820439140058;0.023170127967215928;0.0;0.0;0.023051035011281727;0.023754756698913866;0.018758980498249034;0.0;0.02233148510547192;0.0;0.021491315517021915;0.0;0.025249994805883667;0.0;0.0;0.0;0.1655523999799934;0.02006821524873952;0.0;0.1398212809907366;0.12072669238875804;0.0;0.13807903613609293;0.0;0.0;0.0;0.0;0.0;0.022825702727455637;0.0;0.0;0.0;0.0;0.0;0.02200669108286398;0.0;0.02006821524873952;0.0;0.020873666878203672;0.0;0.1662102028577081;0.018571933505860526;0.12177001427435069;0.279524594607269;0.0;0.0;0.023020231667961345;0.021491315517021915;0.0;0.0;0.0;0.0;0.10049916818056448;0.0;0.017774984128329507;0.019913405567360813;0.0;0.0;0.09780676361534058;0.0;0.0;0.16286451438332733;0.17083661436820646;0.0;0.0;0.31055226959194215;0.022415522267312474;0.0;0.0;0.023066276698130817;0.0;0.0;0.0;0.020779219834586204;0.0;0.21880610533064854;0.0;0.0;0.0;0.18741717042035774;0.02062727568362247;0.0;0.4700174190657037;0.0;0.16182613924383893;0.0944619494422345;0.019443700530977902;0.021246167726588917;0.09270548544534064;0.0;0.02222136300885264;0.02393837158402052;0.0;0.021390160356200373
GO:0006165;0.023773771751884165;0.024483731597494816;0.0;0.0;0.2429885227321507;0.5119613763208573;0.5506711861077892;0.0;0.1117455542164107;1.0;0.0;0.2280481250847626;0.0;0.2542508876952473;0.6161651476541861;0.0;0.0;0.0;0.5799376702919081;0.0;0.0;0.019376394895878807;0.0;0.0;0.02156535982546319;0.018510518396739405;0.0;0.0;0.026753556047606385;0.0;0.02542763873878475;0.025394320216796554;0.02552523171356224;0.0;0.025221310265849495;0.0;0.02230559084393641;0.0;0.028612749841462122;0.0;0.0;0.0;0.0;0.025912562557444268;0.0;0.29693179940814635;0.2346519672480431;0.21697460526854342;0.25948863213572665;0.023200360914137713;0.0;0.026774433397373395;0.21169804392240935;0.0;0.0;0.0;0.02703373231979058;0.13001148034041857;0.19725626711940542;0.0;0.026975784997407486;0.27463697033999723;0.0;0.0;0.5573587289511195;0.0;0.03174895665100417;0.02695622789393325;0.0;0.0;0.026795169693174213;0.027750804610842637;0.021165830755994933;0.0;0.025827790695135973;0.0;0.024710527171004307;0.0;0.029813254697273417;0.0;0.0;0.0;0.5765932866113589;0.02284763779577122;0.0;0.2669680798640069;0.6263734281978878;0.0;0.26308285741210535;0.0;0.0;0.0;0.0;0.0;0.026491174610834008;0.0;0.0;0.0;0.0;0.0;0.025394320216796554;0.0;0.02284763779577122;0.0;0.02389748341340863;0.0;0.12567383071925142;0.020928011150375257;0.2274965439960328;0.24768373925844972;0.0;0.0;0.026753556047606385;0.024710527171004307;0.0;0.0;0.0;0.0;0.19374061291660535;0.0;0.019921509271399407;0.0226471908366008;0.0;0.0;0.38032834066326165;0.0;0.0;0.5659892833652385;0.11883945316519774;0.0;0.0;0.15352623844379432;0.025940268448521403;0.0;0.0;0.026815767066611942;0.0;0.0;0.0;0.023773771751884165;0.0;0.35311560548844545;0.0;0.0;0.0;0.6646134110603179;0.023575087122226664;0.0;0.1584245344425094;0.0;0.5619052090289564;0.3680066954208253;0.022041628613433593;0.024386989702570205;0.3578094942667075;0.0;0.025680600593181568;0.028001717484169457;0.0;0.02457689224411568
GO:0008589;0.07891936526755448;0.0;0.06728590139753303;0.0;0.0;0.0;0.0;0.30150135129617983;0.0;0.0;1.0;0.0;0.2820657314049952;0.07841173859195498;0.0;0.11420726852395073;0.1172016069414786;0.0;0.0;0.07387396402766273;0.0;0.0;0.0;0.07112977983542682;0.0;0.0;0.2756555798249252;0.0;0.0;0.0;0.0;0.08441243343728476;0.0651385247389269;0.23216060578249698;0.0838252876345346;0.0806552032145233;0.0;0.06408801570823591;0.0;0.34031669711528145;0.07891936526755448;0.20008638784013233;0.2058081453193874;0.08617220876107604;0.34225916985024024;0.0;0.0;0.0;0.0;0.0;0.11011132583353742;0.2781820448796545;0.0;0.10267051129476215;0.1002420834275908;0.3021451522823511;0.2809367107287278;0.0;0.0;0.11372582157737646;0.08978730168901491;0.0;0.09848509299148513;0.0;0.09766403373421526;0.08485682143951825;0.10609581260100434;0.0;0.06930893627529043;0.19100836546444952;0.2784022935043451;0.09242650041759044;0.0;0.0;0.0;0.05383991633304159;0.07224335221704994;0.0;0.0;0.0;0.0663629522872877;0.08813877127178799;0.0;0.07578673710350312;0.28330228846190586;0.0;0.0;0.0;0.0;0.07749180143226676;0.06118030945748724;0.07298380728704111;0.0806552032145233;0.09603903178995024;0.0;0.06408801570823591;0.06864986871597804;0.334378705345074;0.0813240509435579;0.0;0.08441243343728476;0.07145739224883689;0.0;0.08724628252648188;0.0;0.0;0.0;0.0;0.0;0.0;0.08938158034851151;0.08758000286913077;0.08903116615149284;0.0;0.36706938438763326;0.10616770528017112;0.09752770276978338;0.09055535251635513;0.05643941874075156;0.3894659341765871;0.0;0.0;0.0674962002893242;0.09200080612838568;0.0;0.2366104536964306;0.06670773642589885;0.0;0.0;0.0;0.06640276444087062;0.0;0.0;0.0;0.0;0.0;0.07016967824096905;0.0;0.0751093627406264;0.0;0.0;0.0;0.08163980323688914;0.1326120362915902;0.07257073585711789;0.0;0.0;0.12644877981747038;0.0;0.33488743345289806;0.0;0.0;0.0;0.0;0.0;0.11030017515129661;0.0;0.0;0.06728590139753303;0.08163980323688914
GO:0000462;0.022850992746507454;0.023506148618294156;0.0;0.0;0.2519243315371147;0.11207780577486552;0.12018542390158259;0.0;0.12202773606176114;0.2280481250847626;0.0;1.0;0.0;0.28853242990137046;0.21754345567384492;0.0;0.0;0.0;0.21584809186799675;0.0;0.0;0.018758980498249034;0.0;0.0;0.020803309448960187;0.017946248599749984;0.0;0.0;0.025590617348347174;0.0;0.024374846985172702;0.024344228688924104;0.02446451163963161;0.0;0.02418518651379283;0.0;0.021491315517021915;0.0;0.027286568058739635;0.0;0.0;0.0;0.0;0.024820095486495403;0.0;0.1656048047806214;0.9722084064473735;0.2081911461757858;0.26827240852429285;0.022320735465966204;0.0;0.025609718481388787;0.2037579313758355;0.0;0.0;0.0;0.025846848654299953;0.12416509507511651;0.19034484804751606;0.0;0.02579387286611131;0.58241502428337;0.0;0.0;0.16239491990647695;0.0;0.03012437321395276;0.025775991394575665;0.0;0.0;0.02562868927847458;0.02650157626742085;0.020431274075746683;0.0;0.024742310138941178;0.0;0.023715117545239032;0.0;0.0283762476439594;0.0;0.0;0.0;0.2040822289997557;0.02199406350893194;0.0;0.8371130073219709;0.13589926470693886;0.0;0.29810477777378186;0.0;0.0;0.0;0.0;0.0;0.025350448440133865;0.0;0.0;0.0;0.0;0.0;0.024344228688924104;0.0;0.02199406350893194;0.0;0.022965263975006596;0.0;0.14918474597487916;0.020209588569859743;0.48635467718843484;0.23630323307508488;0.0;0.0;0.025590617348347174;0.023715117545239032;0.0;0.0;0.0;0.0;0.1867070432943956;0.0;0.019269451414091393;0.02180825303985434;0.0;0.0;0.10753311418207513;0.0;0.0;0.2004635805341122;0.11434925525442852;0.0;0.0;0.165450077227192;0.02484551333078237;0.0;0.0;0.0256475317157401;0.0;0.0;0.0;0.022850992746507454;0.0;0.39406177553921695;0.0;0.0;0.0;0.23393284903032008;0.022667373102279776;0.0;0.17046622493637426;0.0;0.19906858044399964;0.10356275872963477;0.021246167726588917;0.02341696381729374;0.10139861741767568;0.0;0.02460719979074136;0.026730314344782603;0.0;0.023592005330650003
GO:0000185;0.07064973399071632;0.0;0.06118030945748724;0.0;0.0;0.0;0.0;0.6475773694829835;0.0;0.0;0.2820657314049952;0.0;1.0;0.1739977061836088;0.0;0.22272804823336953;0.37951840323813907;0.0;0.0;0.17978702597481772;0.0;0.0;0.0;0.17382342907320023;0.0;0.0;0.243737259814685;0.0;0.0;0.0;0.0;0.07502005025565787;0.05785681574310839;0.2951795498628779;0.0745559368949744;0.26863670976910614;0.0;0.1561819158406364;0.0;0.49023732205780873;0.29392248282420774;0.2579388004809973;0.18747806631529665;0.07640678323861531;0.5492133569165039;0.0;0.0;0.0;0.0;0.0;0.2525947238782501;0.24571042259887077;0.0;0.2377813012130929;0.23288509755737863;0.35132840240548374;0.34989344493222013;0.0;0.0;0.3698876908536572;0.07923549713232435;0.0;0.35750444022684036;0.0;0.08530707143096844;0.07537084240469612;0.09167065378302296;0.0;0.3717125953593471;0.24720956614045916;0.3471056567477258;0.08128375295402972;0.0;0.0;0.0;0.13508635950314987;0.16179559817160552;0.0;0.0;0.0;0.38078028005957815;0.40962321657529066;0.0;0.06812873366039686;0.3316322386353576;0.0;0.0;0.0;0.0;0.47452990041311444;0.056090591462583377;0.16327227512452336;0.07203765028479697;0.22433793503698235;0.0;0.28683408931583165;0.16839161441335698;0.3844188232240659;0.4643560295737593;0.0;0.07502005025565787;0.3984921636347268;0.0;0.20615218097774207;0.0;0.0;0.0;0.0;0.0;0.0;0.21060705076253128;0.17266776981587167;0.07864605739487686;0.0;0.4172239310129583;0.3816069021490756;0.18854622946439525;0.07983303210236888;0.05088990368409095;0.3373380638001929;0.0;0.0;0.1658508098711744;0.08095433026097584;0.0;0.30026559269071945;0.416032180048136;0.0;0.0;0.0;0.16343445745828478;0.0;0.0;0.0;0.0;0.0;0.17172531018880466;0.0;0.15412171981561412;0.0;0.0;0.0;0.07282206919688144;0.25272181757327417;0.24904020154245482;0.0;0.0;0.24283128287950603;0.0;0.29560919935014696;0.0;0.0;0.0;0.0;0.0;0.09479263761701041;0.0;0.0;0.22814843308102242;0.07282206919688144
GO:0000184;0.07258116833552572;0.026143348024288474;0.1871268275114601;0.0;0.281554072251288;0.12480011213647377;0.13493607257033796;0.18653980008211127;0.1660995371078469;0.2542508876952473;0.07841173859195498;0.28853242990137046;0.1739977061836088;1.0;0.24126230365884796;0.6123440564719612;0.35541784807816357;0.0;0.23917886393937515;0.07742614926963659;0.0;0.020401339940053796;0.0;0.07441709005349371;0.02284259558844974;0.019443700530977902;0.24851097605078226;0.0;0.028747685321164066;0.0;0.02722237640674539;0.0778774091973885;0.06830631840919998;0.0682117280493114;0.07730971124553711;0.3474065200890814;0.02367479721038503;0.05844586060243804;0.0309055430551825;0.08431084476456321;0.33959271781111544;0.1361002381308299;0.26919711935045937;0.07958118629186191;0.396843712282731;0.17942302608525768;0.2974597515675879;0.23190928193867316;0.3021308535554903;0.024685276070704996;0.1031049023647926;0.08242557444040971;0.22508667871025367;0.09572335701155218;0.09332801978630675;0.2265272442292679;0.08328400053113273;0.14007932017234362;0.20883056148517895;0.3441788645005985;0.08309205443579042;0.7170600702825254;0.29543060317534114;0.0;0.22851879101421035;0.0783073318808525;0.09911345815187093;0.02898182846890428;0.14762413732829666;0.05570241043814931;0.08249417767507732;0.08566439096563852;0.022394831149800485;0.0;0.027681519025297387;0.05570241043814931;0.43206811704547715;0.0;0.032310878764597;0.0;0.06965396557017839;0.26282355004411373;0.2248166419587375;0.06957564208333833;0.2117897710766585;0.34164662598052986;0.1550668460361617;0.0;0.3362898041946314;0.0820167803881281;0.1695593515469526;0.24656714246119024;0.07425121268198018;0.08919809818839224;0.028444953216123604;0.27345645023292897;0.07170702732764914;0.08276413960794156;0.17440599010152272;0.0;0.0778774091973885;0.3061786687579384;0.024286344850750423;0.08062277289553879;0.025476012282727677;0.0;0.2076325708981348;0.02212876516863006;0.5858277555119507;0.2673365475297539;0.08269730361492023;0.1884968362166223;0.08235651255557083;0.026402094557598947;0.09131447528659804;0.3665884878416393;0.21111253301886923;0.08383984185791218;0.2055609560770385;0.0972223805814938;0.021006549578978136;0.02405998399925563;0.07044926052177164;0.08524895283110688;0.11919091500655239;0.06957564208333833;0.0700338919810871;0.22043324032992584;0.12641669116615512;0.0;0.0692588963981354;0.23341518047445528;0.027810762230301295;0.0;0.0;0.028819528464822393;0.07336684947307354;0.0;0.22230763962390832;0.025335465560713463;0.0;0.46365551976618385;0.22891034027346788;0.4058021320947091;0.21448353025232259;0.2615873657191845;0.025109944287691775;0.3855420129913185;0.7215052888542439;0.2523388763464284;0.218747632734378;0.11440338662217751;0.02337765010816656;0.026033075967501516;0.11170054726875747;0.3144263831600109;0.027512511390033096;0.030193878679811343;0.2876224032546243;0.07519996751059933
GO:0046068;0.022689173704861985;0.023334952359942086;0.0;0.0;0.23109823798156764;0.4876879086530823;0.5226885896564396;0.0;0.17547988776533727;0.6161651476541861;0.0;0.21754345567384492;0.0;0.24126230365884796;1.0;0.0;0.0;0.0;0.5536186790660307;0.0;0.0;0.01864978894956986;0.0;0.0;0.020669107130772676;0.017846288321375487;0.0;0.0;0.025387843266434406;0.0;0.024190812914211702;0.024160654932810142;0.02427912626166538;0.0;0.024003994591082614;0.0;0.021348120299372372;0.0;0.02705614775203292;0.0;0.0;0.0;0.0;0.024629302924172185;0.0;0.2862767206431152;0.22354491401299095;0.2066540117642398;0.24597361145102858;0.02216631393546865;0.0;0.025406642781729216;0.20236332084803216;0.0;0.0;0.0;0.025640010019468727;0.12314757515308854;0.1891272558220157;0.0;0.025587877857996946;0.25954383135475806;0.0;0.0;0.4234354907333799;0.0;0.02984377964280165;0.025570280758556815;0.0;0.0;0.025425313799045137;0.02628417010639969;0.02030181390824431;0.0;0.0245527070099931;0.0;0.023540875179702554;0.0;0.028127140364691845;0.0;0.0;0.0;0.6077190274542648;0.021844113748433133;0.0;0.25268416587038256;0.5904194758800746;0.0;0.24920086035590397;0.0;0.0;0.0;0.0;0.0;0.02515144778424353;0.0;0.0;0.0;0.0;0.0;0.024160654932810142;0.0;0.021844113748433133;0.0;0.022801828253623917;0.0;0.11924897729530011;0.020082913816025467;0.21704146367992208;0.23432492511303135;0.0;0.0;0.025387843266434406;0.023540875179702554;0.0;0.0;0.0;0.0;0.1854698437371933;0.0;0.019154254597201287;0.02166081769932617;0.0;0.0;0.36302198835244454;0.0;0.0;0.604611094897223;0.18612499680067143;0.0;0.0;0.23737357714294022;0.024654331298441176;0.0;0.0;0.02544385826778117;0.0;0.0;0.0;0.022689173704861985;0.0;0.32854995947628396;0.0;0.0;0.0;0.7047863474968709;0.022508135151639904;0.0;0.24450513312861946;0.0;0.5928863597160581;0.3517796177982794;0.02110621004689814;0.02324705947286056;0.3424504726777834;0.0;0.024419653891776052;0.02650915473324143;0.0;0.02341956077964511
GO:0045892;0.10354562405259542;0.0;0.24436302110882274;0.0;0.0;0.0;0.0;0.24300310920070387;0.0;0.0;0.11420726852395073;0.0;0.22272804823336953;0.6123440564719612;0.0;1.0;0.6001377790826293;0.0;0.0;0.09889120955723382;0.0;0.0;0.0;0.09403478533500476;0.0;0.0;0.3222676430634635;0.0;0.0;0.0;0.0;0.11321164752017362;0.08751920130265063;0.08433961310684125;0.11215802281986413;0.5885035709288987;0.0;0.07942837835552166;0.0;0.125458732548963;0.4449256656669801;0.16276968762533373;0.3238299291299533;0.1163997082121214;0.5433337329812986;0.0;0.0;0.0;0.0;0.0;0.16479527159272941;0.12181030406178263;0.0;0.14866987227412923;0.1436313676347693;0.309378400312148;0.12346531570593405;0.0;0.0;0.5730594812118888;0.1230943497944625;0.0;0.43382991061944837;0.0;0.13839678756159693;0.11401242609091711;0.15596098388735916;0.0;0.26048098935357283;0.0660103759958608;0.12194218742949874;0.12810945401369755;0.0;0.0;0.0;0.0660103759958608;0.5483384482419036;0.0;0.0;0.0;0.08974393445554135;0.37177012531005404;0.0;0.09821891545258864;0.2843736113738018;0.0;0.0;0.0;0.0;0.11137399307339116;0.21717691444551646;0.3138254900067738;0.10655444629780159;0.13515612949150435;0.0;0.34129616230550325;0.08974869217284784;0.12246180565258145;0.23997231242460482;0.0;0.11321164752017362;0.391311745726469;0.0;0.11836807684677403;0.0;0.0;0.0;0.0;0.0;0.0;0.12233306548348254;0.26505165615833093;0.12167760560085492;0.0;0.13946631138956625;0.5380254238274514;0.3056534809843224;0.12454251013206331;0.07250433437725591;0.1518703360713783;0.0;0.0;0.08778704661815837;0.12729306788745398;0.0;0.09821891545258864;0.09037562121961254;0.0;0.0;0.0;0.0859463355387458;0.0;0.0;0.0;0.0;0.0;0.09236404966443872;0.0;0.32154235319461166;0.0;0.0;0.0;0.3135025369751542;0.7315750276242474;0.2952000502409947;0.0;0.0;0.6766411420672525;0.0;0.3553030790208064;0.0;0.0;0.0;0.0;0.0;0.4783581557709454;0.0;0.0;0.4661426625787607;0.10827966429296977
GO:0045893;0.1060009842941547;0.0;0.0860239630599355;0.0;0.0;0.0;0.0;0.4149097914325668;0.0;0.0;0.1172016069414786;0.0;0.37951840323813907;0.35541784807816357;0.0;0.6001377790826293;1.0;0.0;0.0;0.2776153784876896;0.0;0.0;0.0;0.26364816131430296;0.0;0.0;0.10879700346204003;0.0;0.0;0.0;0.0;0.11615333384364783;0.08980980258929033;0.23586996718291683;0.11504451123918585;0.5248605055551051;0.0;0.21579984771482227;0.0;0.34447147845248577;0.24174090952360391;0.2894794381764953;0.17173865471236016;0.11951168120096652;0.29676530929981565;0.0;0.0;0.0;0.0;0.0;0.4566117260849836;0.1252225485183641;0.0;0.41039467632966264;0.39602444407797227;0.10947205447339799;0.30579493386162626;0.0;0.0;0.9530631025384096;0.1265799420544058;0.0;0.4478614242222592;0.0;0.1428184322642866;0.1169964228140323;0.16159902547584734;0.0;0.4329788913763977;0.18373432270189466;0.3019167046016149;0.13188921228484057;0.0;0.0;0.0;0.18373432270189466;0.31733841379135125;0.0;0.0;0.0;0.09215407325590634;0.6142315054150193;0.0;0.10042545914593495;0.10042545914593495;0.0;0.0;0.0;0.0;0.11511010300158675;0.07629021072320871;0.3217847097668231;0.10915636800795289;0.3719277157635009;0.0;0.1844174721441618;0.25135055017549546;0.12591116525831147;0.2458980841606093;0.0;0.11615333384364783;0.2120051379549381;0.0;0.3244731532592718;0.0;0.0;0.0;0.0;0.0;0.0;0.3356478783950827;0.2722994515664177;0.1250823157024896;0.0;0.14395766960004713;0.9518295132107676;0.31539889547544814;0.12811178731855685;0.07406937296834909;0.15721143544716673;0.0;0.0;0.24573136134372334;0.13102410462608896;0.0;0.26799898479282114;0.09282027036095854;0.0;0.0;0.0;0.24046380305502263;0.0;0.0;0.0;0.0;0.0;0.25885124138714644;0.0;0.3286806782942696;0.0;0.0;0.0;0.11096758597379712;0.7696035911298745;0.49147403956759805;0.0;0.0;0.7090465201993377;0.0;0.12618097851121093;0.0;0.0;0.0;0.0;0.0;0.17155948036864394;0.0;0.0;0.41363212761166496;0.11096758597379712
GO:0001701;0.0;0.0;0.0;0.0;0.0;0.0;0.0;0.0;0.0;0.0;0.0;0.0;0.0;0.0;0.0;0.0;0.0;1.0;0.0;0.0;0.0;0.0;0.0;0.0;0.20852177603868025;0.0;0.0;0.0;0.0;0.0;0.0;0.0;0.0;0.0;0.0;0.0;0.0;0.0;0.0;0.0;0.0;0.0;0.0;0.0;0.0;0.0;0.0;0.0;0.0;0.0;0.0;0.0;0.0;0.0;0.0;0.0;0.0;0.0;0.0;0.0;0.0;0.0;0.0;0.0;0.0;0.0;0.0;0.0;0.0;0.0;0.0;0.0;0.0;0.0;0.2542562131881203;0.0;0.0;0.0;0.0;0.0;0.0;0.0;0.0;0.0;0.0;0.0;0.0;0.0;0.0;0.0;0.0;0.3087008566328453;0.0;0.0;0.0;0.0;0.0;0.0;0.0;0.0;0.0;0.0;0.0;0.0;0.0;0.0;0.0;0.0;0.0;0.0;0.0;0.0;0.0;0.24210902200439713;0.0;0.0;0.0;0.0;0.0;0.0;0.1913153168088234;0.0;0.0;0.0;0.0;0.0;0.0;0.0;0.0;0.0;0.0;0.0;0.0;0.305096043523663;0.0;0.0;0.0;0.0;0.0;0.0;0.0;0.0;0.0;0.0;0.0;0.0;0.0;0.0;0.0;0.0;0.0;0.0;0.278456646820103;0.0;0.0;0.0;0.0;0.0;0.0;0.0
GO:0015949;0.022514034702917574;0.023149742568041698;0.0;0.0;0.2291859500034912;0.11036075680628951;0.11821315557083106;0.0;0.10630683213276855;0.5799376702919081;0.0;0.21584809186799675;0.0;0.23917886393937515;0.5536186790660307;0.0;0.0;0.0;1.0;0.0;0.0;0.01853129652496056;0.0;0.0;0.020523665909713697;0.017737756410157193;0.0;0.0;0.025168765361126794;0.0;0.023991825950992158;0.023962161767320297;0.024078689782925305;0.0;0.023808056745488634;0.0;0.021193002019463312;0.0;0.026807472429885126;0.0;0.0;0.0;0.0;0.02442306753526618;0.0;0.284535733437866;0.22175510336634086;0.20499140239879504;0.24380837263671465;0.02199912415414616;0.0;0.025187241707018592;0.20085316391519434;0.0;0.0;0.0;0.025416577634217483;0.12204886753282247;0.18780754504678626;0.0;0.025365349187313094;0.25713426255546246;0.0;0.0;0.14084244521502148;0.0;0.029541508042389333;0.025348056724980337;0.0;0.0;0.025205591530145576;0.026049421398863275;0.020161478237968645;0.0;0.024347747052696603;0.0;0.02335239534237714;0.0;0.027858485969630815;0.0;0.0;0.0;0.5198371869305813;0.02168173124021028;0.0;0.25039972174294994;0.13338294510638576;0.0;0.24697868827170866;0.0;0.0;0.0;0.0;0.0;0.02493641343532765;0.0;0.0;0.0;0.0;0.0;0.023962161767320297;0.0;0.02168173124021028;0.0;0.02262495253948777;0.0;0.11821844307800917;0.019945577875110712;0.21535388476567421;0.23218956113170777;0.0;0.0;0.025168765361126794;0.02335239534237714;0.0;0.0;0.0;0.0;0.18412952688341422;0.0;0.01902928665361634;0.021501138931747515;0.0;0.0;0.3602269877334656;0.0;0.0;0.510745490371182;0.11270723125520521;0.0;0.0;0.14344370784475463;0.024447678300937713;0.0;0.0;0.02522381675114834;0.0;0.0;0.0;0.022514034702917574;0.0;0.32469828055201677;0.0;0.0;0.0;0.5946651874661738;0.022335769276650517;0.0;0.147710817273468;0.0;0.5072394178603142;0.3491544265016409;0.02095457486752342;0.023063236771685217;0.3399621820212339;0.0;0.024216900132921007;0.026270388321988955;0.0;0.023233010845389736
