;GO:0036376;GO:0015991;GO:0038110;GO:0034198;GO:0038155;GO:0006883;GO:0034629;GO:0006999;GO:0045892;GO:0002437;GO:0045893;GO:0032729;GO:0070126;GO:0051607;GO:0070125;GO:2001243;GO:0017148;GO:0050830;GO:0007182;GO:1904263;GO:0086004;GO:0050728;GO:0007140;GO:0042104;GO:1903416;GO:0006412;GO:0006406;GO:1990573;GO:0006888;GO:0007219;GO:0051693;GO:0031947;GO:0045582;GO:0046034;GO:0001916;GO:0050687;GO:0086013;GO:0006260;GO:0045589;GO:0043001;GO:0006265;GO:0045823;GO:0006468;GO:0045989;GO:0045822;GO:0030007;GO:0000165;GO:0002534;GO:0045199;GO:0000281;GO:0001649;GO:0071479;GO:0060390;GO:2000330;GO:0016311;GO:0086064;GO:0050777;GO:0045071;GO:0006351;GO:1900042;GO:0071709;GO:1903078;GO:0002230;GO:0006357;GO:0002026;GO:0071383;GO:0002664;GO:0071260;GO:0046013;GO:0043382;GO:0042130;GO:0010248;GO:0002827;GO:0010569;GO:0031122;GO:0071346;GO:0007080;GO:0051315;GO:0035722
GO:0036376;1.0;0.7074621587726729;0.0;0.0;0.0;0.0;0.21591008609100873;0.0;0.0;0.0;0.0;0.0;0.0;0.0;0.0;0.0;0.0;0.0;0.0;0.0;0.0;0.0;0.0;0.0;0.0;0.0;0.26944502350409505;0.6702892008195218;0.3514038124389437;0.0;0.0;0.0;0.0;0.0;0.0;0.0;0.4892983365638807;0.0;0.0;0.22753032136461265;0.0;0.0;0.0;0.0;0.0;0.0;0.0;0.0;0.0;0.0;0.0;0.0;0.0;0.0;0.0;0.0;0.0;0.0;0.0;0.0;0.0;0.0;0.0;0.0;0.0;0.0;0.0;0.0;0.0;0.0;0.0;0.5999639324375816;0.0;0.0;0.0;0.0;0.24602912363516138;0.0;0.0
GO:0015991;0.7074621587726729;1.0;0.0;0.0;0.0;0.0;0.2087357498241972;0.0;0.0;0.0;0.0;0.0;0.0;0.0;0.0;0.0;0.0;0.0;0.0;0.0;0.0;0.0;0.0;0.0;0.0;0.0;0.26275505786216324;0.6086966456154753;0.340110303658127;0.0;0.0;0.0;0.0;0.0;0.0;0.0;0.47544268982273136;0.0;0.0;0.22274134435022813;0.0;0.0;0.0;0.0;0.0;0.0;0.0;0.0;0.0;0.0;0.0;0.0;0.0;0.0;0.0;0.0;0.0;0.0;0.0;0.0;0.0;0.0;0.0;0.0;0.0;0.0;0.0;0.0;0.0;0.0;0.0;0.5792645686695693;0.0;0.0;0.0;0.0;0.23907107309138742;0.0;0.0
GO:0038110;0.0;0.0;1.0;0.22201282141686218;0.9036595449209444;0.27463427368948157;0.0;0.3147830838431269;0.22446419629691639;0.0;0.22930401079163149;0.38628740777262816;0.286009492502593;0.0;0.24047996515910083;0.2774524002429895;0.22909431153196333;0.0;0.194565149389771;0.330163135141048;0.36325777903961504;0.3390668957724471;0.24912060954172222;0.2288219072725854;0.0;0.16814250926272645;0.0;0.17798766798441537;0.0;0.8479464733357255;0.24921923751997857;0.2238591680325836;0.21452380301650886;0.12967482704388422;0.21065235898943963;0.25507808390720454;0.23912607045744785;0.18265930963284388;0.3520177042987194;0.0;0.18194400596065666;0.3689857955676995;0.20078845015935862;0.3532378147263595;0.3689875707843952;0.27463427368948157;0.3870852218562096;0.0;0.2998264916123178;0.33283647900751356;0.35095321838712384;0.2719518582761015;0.4820981603803017;0.13659090393173476;0.33207921427377035;0.3518817733673265;0.3859331659677369;0.33909537938258955;0.15165951840986783;0.2337252365371279;0.33182193170675517;0.3140627861365961;0.3247369640117122;0.3300730654323525;0.40346526794308885;0.20760975590087707;0.40472514569408696;0.271418032100214;0.37649139051050917;0.1841760670217608;0.23922986943896132;0.0;0.30272736165658637;0.3403150537596605;0.2851139852159193;0.26084815215431567;0.23871793501928285;0.3521999936481563;0.9036595449209444
GO:0034198;0.0;0.0;0.22201282141686218;1.0;0.22201282141686218;0.16338925897328604;0.0;0.23102613202076205;0.0;0.3094521072453943;0.0;0.0;0.2151411464850716;0.3150651060459773;0.188321276832943;0.0;0.0;0.3268830774651348;0.15894737472527684;0.0;0.0;0.0;0.19357921765410888;0.0;0.25022808152568443;0.1408637222228191;0.0;0.1477085095858008;0.0;0.23026869617895027;0.10639568897564317;0.0;0.0;0.1128245293180507;0.0;0.0;0.0;0.15091157542508196;0.0;0.0;0.15042298197923448;0.0;0.16307653602689756;0.0;0.0;0.16338925897328604;0.13692148759620323;0.0;0.22286674303220763;0.24060426843758956;0.24993086315258978;0.3508109555188911;0.0;0.0;0.24020829464090343;0.3353321755012392;0.0;0.0;0.12910820296738182;0.0;0.2400736478300123;0.0;0.0;0.0;0.0;0.2838276133523456;0.0;0.49079076430360763;0.0;0.0;0.0;0.0;0.0;0.0;0.21463404807213698;0.33979648181115013;0.18723898333870084;0.2505625264039856;0.22201282141686218
GO:0038155;0.0;0.0;0.9036595449209444;0.22201282141686218;1.0;0.27463427368948157;0.0;0.3147830838431269;0.22446419629691639;0.0;0.22930401079163149;0.38628740777262816;0.286009492502593;0.0;0.24047996515910083;0.2774524002429895;0.22909431153196333;0.0;0.194565149389771;0.330163135141048;0.36325777903961504;0.3390668957724471;0.24912060954172222;0.2288219072725854;0.0;0.16814250926272645;0.0;0.17798766798441537;0.0;0.8479464733357255;0.24921923751997857;0.2238591680325836;0.21452380301650886;0.12967482704388422;0.21065235898943963;0.25507808390720454;0.23912607045744785;0.18265930963284388;0.3520177042987194;0.0;0.18194400596065666;0.3689857955676995;0.20078845015935862;0.3532378147263595;0.3689875707843952;0.27463427368948157;0.3870852218562096;0.0;0.2998264916123178;0.33283647900751356;0.35095321838712384;0.2719518582761015;0.4820981603803017;0.13659090393173476;0.33207921427377035;0.3518817733673265;0.3859331659677369;0.33909537938258955;0.15165951840986783;0.2337252365371279;0.33182193170675517;0.3140627861365961;0.3247369640117122;0.3300730654323525;0.40346526794308885;0.20760975590087707;0.40472514569408696;0.271418032100214;0.37649139051050917;0.1841760670217608;0.23922986943896132;0.0;0.30272736165658637;0.3403150537596605;0.2851139852159193;0.26084815215431567;0.23871793501928285;0.3521999936481563;0.9036595449209444
GO:0006883;0.0;0.0;0.27463427368948157;0.16338925897328604;0.27463427368948157;1.0;0.0;0.20864195920402498;0.10930534456349007;0.0;0.11123845581560644;0.1953483437511605;0.19559915810216452;0.0;0.17317637939498823;0.129699952587576;0.11115500215027967;0.0;0.14802149450741064;0.14842976041767178;0.15947344746040765;0.17835158395054299;0.17761267193251723;0.11104655289031463;0.0;0.13221488351917152;0.0;0.13822701632446957;0.0;0.2838603767432044;0.17415151247657001;0.14757769571270313;0.1052884213824083;0.10720749632056666;0.12438264207751822;0.14448904767322426;0.23338138323165875;0.1410281677986063;0.15578125888715857;0.0;0.14060138554312804;0.18927518721972977;0.1515961143851504;0.18359392653057957;0.18927581928727355;0.9030767713174961;0.17566734510010149;0.0;0.2019642512605919;0.21642270183864526;0.22393950927917555;0.18892055024825977;0.19518804380903518;0.07145598347501647;0.21610226882000647;0.22431721620739095;0.19522572169010272;0.17836224775961515;0.12180525585318551;0.11299159761496873;0.21599328471659188;0.16878691477276644;0.17292039541219079;0.14839897943325658;0.2722671990466766;0.1554523757740594;0.20163406652960753;0.18866277894558867;0.2215718554438077;0.0926233093445444;0.11515748658536998;0.0;0.16431262583427236;0.15187351286447964;0.19517990889671086;0.18349441983951856;0.17226074025616994;0.22444649198759287;0.27463427368948157
GO:0034629;0.21591008609100873;0.2087357498241972;0.0;0.0;0.0;0.0;1.0;0.0;0.0;0.0;0.0;0.0;0.0;0.0;0.0;0.0;0.0;0.0;0.0;0.0;0.0;0.0;0.0;0.0;0.0;0.0;0.27074067063254054;0.17803413190394277;0.38315375932655593;0.0;0.0;0.0;0.0;0.0;0.0;0.0;0.2392099447395992;0.0;0.0;0.43809208771823;0.0;0.0;0.0;0.0;0.0;0.0;0.0;0.0;0.0;0.0;0.0;0.0;0.0;0.0;0.0;0.0;0.0;0.0;0.0;0.0;0.0;0.0;0.0;0.0;0.0;0.0;0.0;0.0;0.0;0.0;0.0;0.3151722233570502;0.0;0.0;0.0;0.0;0.32134757404323594;0.0;0.0
GO:0006999;0.0;0.0;0.3147830838431269;0.23102613202076205;0.3147830838431269;0.20864195920402498;0.0;1.0;0.0;0.0;0.0;0.0;0.6096636297728989;0.0;0.2510909357256843;0.0;0.0;0.0;0.2014530040437526;0.0;0.0;0.0;0.5274305485155181;0.0;0.0;0.17326199101562378;0.0;0.18373446307215313;0.0;0.33164205720728357;0.21014134059044098;0.0;0.0;0.1326987283518827;0.0;0.0;0.0;0.18871686942792226;0.0;0.0;0.3805087693487841;0.0;0.20813229293805013;0.0;0.0;0.20864195920402498;0.16733595526435943;0.0;0.3165025088044971;0.35351320307030243;0.3740201259888754;0.28560072228144073;0.0;0.0;0.3526590498321179;0.37507493696258914;0.0;0.0;0.15581207891527235;0.0;0.5976669047624064;0.0;0.0;0.0;0.0;0.21547082111027807;0.0;0.28501202555158306;0.0;0.0;0.0;0.0;0.0;0.0;0.6076540629776714;0.2733795332184888;0.24917059975848507;0.3754365102086201;0.3147830838431269
GO:0045892;0.0;0.0;0.22446419629691639;0.0;0.22446419629691639;0.10930534456349007;0.0;0.0;1.0;0.0;0.5690051754656396;0.17612197032813107;0.0;0.0;0.0;0.22900408245678794;0.7374807181540427;0.0;0.0;0.1817834771585082;0.1913835195923398;0.20692996774593173;0.0;0.14614637150932677;0.0;0.0;0.0;0.0;0.0;0.2293819403927906;0.18932644434803553;0.450584726249627;0.14017908844403737;0.0;0.12761132427635025;0.17826186755769202;0.11958935164865295;0.0;0.18821720812612536;0.0;0.0;0.17243553450736757;0.0;0.16891631460142228;0.21546343239077592;0.10930534456349007;0.1636496662064977;0.0;0.0;0.0;0.0;0.0;0.2199488968690313;0.10210983427012152;0.0;0.0;0.21997719157278;0.20693845772342237;0.0;0.14813119741275735;0.0;0.15940792104777488;0.16211258212763036;0.7066978465141127;0.17960849519415853;0.0;0.17985773537564298;0.0;0.1949945861911795;0.126552940853841;0.20918035303472554;0.0;0.15643479791371914;0.4013088137942679;0.0;0.0;0.0;0.0;0.22446419629691636
GO:0002437;0.0;0.0;0.0;0.3094521072453943;0.0;0.0;0.0;0.0;0.0;1.0;0.0;0.0;0.0;0.5055079459089931;0.0;0.0;0.0;0.4361791748798088;0.0;0.0;0.0;0.0;0.0;0.0;0.3728484727677571;0.0;0.0;0.0;0.0;0.0;0.0;0.0;0.0;0.0;0.0;0.0;0.0;0.0;0.0;0.0;0.0;0.0;0.0;0.0;0.0;0.0;0.0;0.0;0.0;0.0;0.0;0.28453177430499343;0.0;0.0;0.0;0.0;0.0;0.0;0.0;0.0;0.0;0.0;0.0;0.0;0.0;0.21486182541375123;0.0;0.28394747157530137;0.0;0.0;0.0;0.0;0.0;0.0;0.0;0.2723999540890052;0.0;0.0;0.0
GO:0045893;0.0;0.0;0.22930401079163149;0.0;0.22930401079163149;0.11123845581560644;0.0;0.0;0.5690051754656396;0.0;1.0;0.22471943336841135;0.0;0.0;0.0;0.167156006341707;0.43656962415748235;0.0;0.0;0.257359724316784;0.1948907619515685;0.16889284974713112;0.0;0.2062035363493951;0.0;0.0;0.0;0.0;0.0;0.23443853584467453;0.13781894989399893;0.28856185272621443;0.19767160654611032;0.0;0.16188103771672205;0.14509552282987445;0.1219071855785483;0.0;0.1916083323985104;0.0;0.0;0.21991852962336073;0.0;0.21533935256164333;0.17600175151111702;0.11123845581560644;0.166207281122882;0.0;0.0;0.0;0.0;0.0;0.22459394063635016;0.14346834246916562;0.0;0.0;0.17976670163764236;0.16889991663938045;0.0;0.20904356195830162;0.0;0.20298641623991695;0.1652603389917026;0.7189857972083163;0.18348047011384389;0.0;0.18374058007910465;0.0;0.1986366873563748;0.17822547618663198;0.15247868895960087;0.0;0.19912962044551188;0.4084063761309924;0.0;0.0;0.0;0.0;0.22930401079163146
GO:0032729;0.0;0.0;0.38628740777262816;0.0;0.38628740777262816;0.1953483437511605;0.0;0.0;0.17612197032813107;0.0;0.22471943336841135;1.0;0.0;0.0;0.0;0.2166966612922256;0.17968234070066588;0.0;0.0;0.32074140551960734;0.35188509879270224;0.32675020281074973;0.0;0.22425639549191273;0.0;0.0;0.0;0.0;0.0;0.40495655317885726;0.16113515941609022;0.17565651572484212;0.29293817082311324;0.0;0.25719285004951187;0.248044201804028;0.23082291092052618;0.0;0.34132757612993353;0.0;0.0;0.6163218864113367;0.0;0.5910117514186889;0.4428923122244152;0.1953483437511605;0.21471138237116238;0.0;0.0;0.0;0.0;0.0;0.3699559811539753;0.18779639210137974;0.0;0.0;0.3700560200905736;0.3267766545759371;0.0;0.40698422438853443;0.0;0.37919073623643523;0.3134219777239974;0.25662211836604604;0.482499055958618;0.0;0.4839408558548022;0.0;0.2915413250654607;0.25216561051873476;0.18746614719048604;0.0;0.36595026071927783;0.26435094952355;0.0;0.0;0.0;0.0;0.38628740777262816
GO:0070126;0.0;0.0;0.286009492502593;0.2151411464850716;0.286009492502593;0.19559915810216452;0.0;0.6096636297728989;0.0;0.0;0.0;0.0;1.0;0.0;0.23243826998600012;0.0;0.0;0.0;0.18926727504560178;0.0;0.0;0.0;0.40792330516251496;0.0;0.0;0.16417118339055514;0.0;0.17354381058499369;0.0;0.29985944615957677;0.20213748999697875;0.0;0.0;0.12729992931578402;0.0;0.0;0.0;0.1779821800130582;0.0;0.0;0.30073061687468267;0.0;0.19515115309165484;0.0;0.0;0.19559915810216452;0.15884112956584265;0.0;0.28742823822432306;0.3176271648945923;0.33408507160728157;0.2617123904184881;0.0;0.0;0.3169374552091296;0.33492640490962006;0.0;0.0;0.14842114793757474;0.0;0.5371727031478207;0.0;0.0;0.0;0.0;0.2015886682997217;0.0;0.2612179699162149;0.0;0.0;0.0;0.0;0.0;0.0;0.464538499052361;0.25141325841353407;0.2307917112586656;0.33521468467641163;0.286009492502593
GO:0051607;0.0;0.0;0.0;0.3150651060459773;0.0;0.0;0.0;0.0;0.0;0.5055079459089931;0.0;0.0;0.0;1.0;0.0;0.0;0.0;0.7619079332128949;0.0;0.0;0.0;0.0;0.0;0.0;0.27063016010573787;0.0;0.0;0.0;0.0;0.0;0.0;0.0;0.0;0.0;0.0;0.0;0.0;0.0;0.0;0.0;0.0;0.0;0.0;0.0;0.0;0.0;0.0;0.0;0.0;0.0;0.0;0.22086898620415144;0.0;0.0;0.0;0.0;0.0;0.0;0.0;0.0;0.0;0.0;0.0;0.0;0.0;0.17645463951334509;0.0;0.2962727526333678;0.0;0.0;0.0;0.0;0.0;0.0;0.0;0.2134882960733799;0.0;0.0;0.0
GO:0070125;0.0;0.0;0.24047996515910083;0.188321276832943;0.24047996515910083;0.17317637939498823;0.0;0.2510909357256843;0.0;0.0;0.0;0.0;0.23243826998600012;0.0;1.0;0.0;0.0;0.0;0.4528511087029767;0.0;0.0;0.0;0.20747103200562952;0.0;0.0;0.6405500037226376;0.0;0.15566148150085649;0.0;0.2501964733811206;0.11046082504683179;0.0;0.0;0.2390662213886619;0.0;0.0;0.0;0.6887570108747361;0.0;0.0;0.42723158179639853;0.0;0.4653186061748953;0.0;0.0;0.17317637939498823;0.3869782052357491;0.0;0.24148217500217098;0.2624459447928788;0.2735818904008429;0.22306732569880738;0.0;0.0;0.44372805593242515;0.27414582742532134;0.0;0.0;0.5845952872345447;0.0;0.2618147400499692;0.0;0.0;0.0;0.0;0.17785494597447873;0.0;0.2227080391219337;0.0;0.0;0.0;0.0;0.0;0.0;0.2318464654768189;0.21554148544036603;0.20020523596918863;0.27433894012512;0.24047996515910083
GO:2001243;0.0;0.0;0.2774524002429895;0.0;0.2774524002429895;0.129699952587576;0.0;0.0;0.22900408245678794;0.0;0.167156006341707;0.2166966612922256;0.0;0.0;0.0;1.0;0.23244842184737685;0.0;0.0;0.42485695060432727;0.22860912134211073;0.349497178366565;0.0;0.1668996709831569;0.0;0.0;0.0;0.0;0.0;0.28500507361547633;0.2141121909105802;0.22855119934605683;0.15916217024135262;0.0;0.18448227724338134;0.29242101122590425;0.14443837007810859;0.0;0.22410576460047973;0.0;0.0;0.2111428019688183;0.0;0.20589037095421817;0.2638294706880842;0.129699952587576;0.19012192232032046;0.0;0.0;0.0;0.0;0.0;0.4831371181516787;0.13415617072246183;0.0;0.0;0.37660753492546206;0.2511601770552707;0.0;0.16949322727175076;0.0;0.1919357643961999;0.2447455318980518;0.21500545129423654;0.22199885152160634;0.0;0.22237974893813048;0.0;0.23378054756406932;0.17014573123825952;0.23985819317418697;0.0;0.23446363533133294;0.26309927596566873;0.0;0.0;0.0;0.0;0.27745240024298945
GO:0017148;0.0;0.0;0.22909431153196333;0.0;0.22909431153196333;0.11115500215027967;0.0;0.0;0.7374807181540427;0.0;0.43656962415748235;0.17968234070066588;0.0;0.0;0.0;0.23244842184737685;1.0;0.0;0.0;0.18480834497171073;0.1947392608776699;0.21085863454316278;0.0;0.14809513550523276;0.0;0.0;0.0;0.0;0.0;0.23421934485242044;0.19167451830143284;0.45650798523041214;0.14197098629063462;0.0;0.12947013453823386;0.18116973440668727;0.12180696362235299;0.0;0.19146188971700392;0.0;0.0;0.1758469759280445;0.0;0.17218860817628606;0.21972614172907837;0.11115500215027967;0.16609708076999324;0.0;0.0;0.0;0.0;0.0;0.22439276386986956;0.10305732914809658;0.0;0.0;0.2244222135376091;0.21086744996048506;0.0;0.15013361612581752;0.0;0.16231901036568147;0.16512422705691707;0.543972079228139;0.18331270595530738;0.0;0.18357234014182025;0.0;0.1984793087688752;0.1280115937647641;0.21205044753753846;0.0;0.15923735565390446;0.3724561831761617;0.0;0.0;0.0;0.0;0.22909431153196327
GO:0050830;0.0;0.0;0.0;0.3268830774651348;0.0;0.0;0.0;0.0;0.0;0.4361791748798088;0.0;0.0;0.0;0.7619079332128949;0.0;0.0;0.0;1.0;0.0;0.0;0.0;0.0;0.0;0.0;0.28559281346441084;0.0;0.0;0.0;0.0;0.0;0.0;0.0;0.0;0.0;0.0;0.0;0.0;0.0;0.0;0.0;0.0;0.0;0.0;0.0;0.0;0.0;0.0;0.0;0.0;0.0;0.0;0.23073480164988852;0.0;0.0;0.0;0.0;0.0;0.0;0.0;0.0;0.0;0.0;0.0;0.0;0.0;0.18269552385492704;0.0;0.30948467009851216;0.0;0.0;0.0;0.0;0.0;0.0;0.0;0.22269202636445548;0.0;0.0;0.0
GO:0007182;0.0;0.0;0.194565149389771;0.15894737472527684;0.194565149389771;0.14802149450741064;0.0;0.2014530040437526;0.0;0.0;0.0;0.0;0.18926727504560178;0.0;0.4528511087029767;0.0;0.0;0.0;1.0;0.0;0.0;0.0;0.17237616671007458;0.0;0.0;0.5616647323519693;0.0;0.13503453646314306;0.0;0.20087683033386028;0.09965817950710065;0.0;0.0;0.38943688576497004;0.0;0.0;0.0;0.46507921800498864;0.0;0.0;0.4637048371822665;0.0;0.9764610026424874;0.0;0.0;0.14802149450741064;0.8323861353380341;0.0;0.19522066876498126;0.20869748969736646;0.2156785945065727;0.18300714526452314;0.0;0.0;0.48888619627279806;0.2160289271255295;0.0;0.0;0.40298009713966454;0.0;0.2082981532608137;0.0;0.0;0.0;0.0;0.15142623584136594;0.0;0.18276524808529315;0.0;0.0;0.0;0.0;0.0;0.0;0.1888747029016608;0.17791080365028436;0.16733067964227244;0.2161488236306362;0.194565149389771
GO:1904263;0.0;0.0;0.330163135141048;0.0;0.330163135141048;0.14842976041767178;0.0;0.0;0.1817834771585082;0.0;0.257359724316784;0.32074140551960734;0.0;0.0;0.0;0.42485695060432727;0.18480834497171073;0.0;0.0;1.0;0.2632366883284733;0.293573234289533;0.0;0.2569231317464495;0.0;0.0;0.0;0.0;0.0;0.3409137351740915;0.1688140014521626;0.18138645662942102;0.24381128446395053;0.0;0.28721745954998396;0.239035618452526;0.1680542794053352;0.0;0.25728352007810734;0.0;0.0;0.31104958855446413;0.0;0.30196737183499794;0.24893456929477598;0.14842976041767178;0.21347603249388614;0.0;0.0;0.0;0.0;0.0;0.5722337368397872;0.21311531618978913;0.0;0.0;0.3205458920997917;0.2349610672717468;0.0;0.26134708177301474;0.0;0.278224401011357;0.2848629252650063;0.24536091400018117;0.2641638337489669;0.0;0.26470333796190404;0.0;0.2701169777545976;0.27536717641852493;0.19134813432943243;0.0;0.3771682593926699;0.3010948719257384;0.0;0.0;0.0;0.0;0.330163135141048
GO:0086004;0.0;0.0;0.36325777903961504;0.0;0.36325777903961504;0.15947344746040765;0.0;0.0;0.1913835195923398;0.0;0.1948907619515685;0.35188509879270224;0.0;0.0;0.0;0.22860912134211073;0.1947392608776699;0.0;0.0;0.2632366883284733;1.0;0.2556578543456645;0.0;0.1945423953100782;0.0;0.0;0.0;0.0;0.0;0.376314231504938;0.21171518717927024;0.19094350899432727;0.22087595412074135;0.0;0.17515082530827228;0.20480994680127207;0.18235192937223957;0.0;0.33225043073190985;0.0;0.0;0.5389830849996972;0.0;0.5855490758544275;0.5389849986560271;0.15947344746040765;0.22683828541791523;0.0;0.0;0.0;0.0;0.0;0.35157748780596726;0.14827209875603992;0.0;0.0;0.28142620185894957;0.25567404757837897;0.0;0.27718559291672906;0.0;0.30136082425266275;0.24742537989807137;0.2631794300281291;0.5752632023676343;0.0;0.36397329397024236;0.0;0.2918719455193902;0.19351071125452066;0.2020146170966517;0.0;0.2344385807580436;0.2696500436320795;0.0;0.0;0.0;0.0;0.36325777903961504
GO:0050728;0.0;0.0;0.3390668957724471;0.0;0.3390668957724471;0.17835158395054299;0.0;0.0;0.20692996774593173;0.0;0.16889284974713112;0.32675020281074973;0.0;0.0;0.0;0.349497178366565;0.21085863454316278;0.0;0.0;0.293573234289533;0.2556578543456645;1.0;0.0;0.16856599251034843;0.0;0.0;0.0;0.0;0.0;0.3533662324630646;0.19028836417673317;0.2064156639362768;0.1588221081905745;0.0;0.23942566926438014;0.6709179278702625;0.20746165512114015;0.0;0.2486750956743122;0.0;0.0;0.3142848193064667;0.0;0.3027871736871279;0.3927091440476553;0.17835158395054299;0.1992849888778306;0.0;0.0;0.0;0.0;0.0;0.4078693152974269;0.12989322281060833;0.0;0.0;0.5677264829463349;0.36528217544111213;0.0;0.17188526018372163;0.0;0.2735399959779072;0.5582411982458025;0.2348903983837022;0.33895732368813064;0.0;0.33984609364965934;0.0;0.2638125707632264;0.1722033946475622;0.21941471972334228;0.0;0.33100083306175393;0.36067221158101626;0.0;0.0;0.0;0.0;0.3390668957724471
GO:0007140;0.0;0.0;0.24912060954172222;0.19357921765410888;0.24912060954172222;0.17761267193251723;0.0;0.5274305485155181;0.0;0.0;0.0;0.0;0.40792330516251496;0.0;0.20747103200562952;0.0;0.0;0.0;0.17237616671007458;0.0;0.0;0.0;1.0;0.0;0.0;0.1513102994595773;0.0;0.15923652579076125;0.0;0.2595630664654855;0.1903902627791284;0.0;0.0;0.11942870507263968;0.0;0.0;0.0;0.16296538386993442;0.0;0.0;0.3287676783675146;0.0;0.1772431941878118;0.0;0.0;0.17761267193251723;0.14677108507257347;0.0;0.25019629479865746;0.36528913191469;0.28482059641647467;0.23048267864163738;0.0;0.0;0.2722622642301281;0.2854318697863843;0.0;0.0;0.13782995680504015;0.0;0.46150147298553024;0.0;0.0;0.0;0.0;0.18253742056758726;0.0;0.230099128274083;0.0;0.0;0.0;0.0;0.0;0.0;0.48560794130798374;0.22245716469233864;0.2760826098699788;0.38252453917121854;0.24912060954172222
GO:0042104;0.0;0.0;0.2288219072725854;0.0;0.2288219072725854;0.11104655289031463;0.0;0.0;0.14614637150932677;0.0;0.2062035363493951;0.22425639549191273;0.0;0.0;0.0;0.1668996709831569;0.14809513550523276;0.0;0.0;0.2569231317464495;0.1945423953100782;0.16856599251034843;0.0;1.0;0.0;0.0;0.0;0.0;0.0;0.23393462401373355;0.13764464911873753;0.14588964766167406;0.6346648359665955;0.0;0.22496585935594937;0.18099933635793447;0.12167674526839573;0.0;0.3767290341295271;0.0;0.0;0.21947504555774267;0.0;0.21491412694841264;0.17564682848026714;0.11104655289031463;0.16595384505972224;0.0;0.0;0.0;0.0;0.0;0.22413141924267665;0.4607989526149626;0.0;0.0;0.2241608003472931;0.1685730320754743;0.0;0.20875541959948354;0.0;0.20260853462659598;0.20610628958522542;0.18460286722884528;0.18309477629625165;0.0;0.22910561266341944;0.0;0.5812608278998438;0.5723024733007666;0.5365304558527658;0.0;0.2766356270879994;0.18776326761593165;0.0;0.0;0.0;0.0;0.22882190727258533
GO:1903416;0.0;0.0;0.0;0.25022808152568443;0.0;0.0;0.0;0.0;0.0;0.3728484727677571;0.0;0.0;0.0;0.27063016010573787;0.0;0.0;0.0;0.28559281346441084;0.0;0.0;0.0;0.0;0.0;0.0;1.0;0.0;0.0;0.0;0.0;0.0;0.0;0.0;0.0;0.0;0.0;0.0;0.0;0.0;0.0;0.0;0.0;0.0;0.0;0.0;0.0;0.0;0.0;0.0;0.0;0.0;0.0;0.3155339512273861;0.0;0.0;0.0;0.0;0.0;0.0;0.0;0.0;0.0;0.0;0.0;0.0;0.0;0.38951820474010895;0.0;0.31481554283177493;0.0;0.0;0.0;0.0;0.0;0.0;0.0;0.5046583043411379;0.0;0.0;0.0
GO:0006412;0.0;0.0;0.16814250926272645;0.1408637222228191;0.16814250926272645;0.13221488351917152;0.0;0.17326199101562378;0.0;0.0;0.0;0.0;0.16417118339055514;0.0;0.6405500037226376;0.0;0.0;0.0;0.5616647323519693;0.0;0.0;0.0;0.1513102994595773;0.0;0.0;1.0;0.0;0.12175548575652438;0.0;0.17283562125180604;0.09223417145977304;0.0;0.0;0.32704919034074426;0.0;0.0;0.0;0.6610465541466579;0.0;0.0;0.45742013814535765;0.0;0.5734761251781575;0.0;0.0;0.13221488351917152;0.49667437099697453;0.0;0.16863185049888044;0.17859394781171165;0.18368177911441516;0.15944037882635348;0.0;0.0;0.3021293280576466;0.1839358143733777;0.0;0.0;0.6154038600698258;0.0;0.17830142627376894;0.0;0.0;0.0;0.0;0.13492463721526016;0.0;0.15925673967571907;0.0;0.0;0.0;0.0;0.0;0.0;0.16387573492608054;0.1555581663892452;0.14740870675497272;0.18402272632434466;0.16814250926272645
GO:0006406;0.26944502350409505;0.26275505786216324;0.0;0.0;0.0;0.0;0.27074067063254054;0.0;0.0;0.0;0.0;0.0;0.0;0.0;0.0;0.0;0.0;0.0;0.0;0.0;0.0;0.0;0.0;0.0;0.0;0.0;1.0;0.23276235185117491;0.5245417830960591;0.0;0.0;0.0;0.0;0.0;0.0;0.0;0.2903985127700525;0.0;0.0;0.34801974561776605;0.0;0.0;0.0;0.0;0.0;0.0;0.0;0.0;0.0;0.0;0.0;0.0;0.0;0.0;0.0;0.0;0.0;0.0;0.0;0.0;0.0;0.0;0.0;0.0;0.0;0.0;0.0;0.0;0.0;0.0;0.0;0.35143693212838967;0.0;0.0;0.0;0.0;0.3495537024928213;0.0;0.0
GO:1990573;0.6702892008195218;0.6086966456154753;0.17798766798441537;0.1477085095858008;0.17798766798441537;0.13822701632446957;0.17803413190394277;0.18373446307215313;0.0;0.0;0.0;0.0;0.17354381058499369;0.0;0.15566148150085649;0.0;0.0;0.0;0.13503453646314306;0.0;0.0;0.0;0.15923652579076125;0.0;0.0;0.12175548575652438;0.23276235185117491;1.0;0.29149214808430995;0.1832550648111976;0.09512033205843291;0.0;0.0;0.1002260776496307;0.0;0.0;0.4145238309690123;0.12919029801231713;0.0;0.20080668780909522;0.1288320656965524;0.0;0.13800313047762391;0.0;0.0;0.13822701632446957;0.11879901839368513;0.0;0.17853608459931553;0.18974163192727922;0.1954946726328268;0.16826610061251163;0.0;0.0;0.1894952912255317;0.19578245907377503;0.0;0.0;0.11287237604733562;0.0;0.1894114865371893;0.0;0.0;0.0;0.0;0.14119157414724812;0.0;0.16806158135213092;0.0;0.0;0.0;0.49129655836862385;0.0;0.0;0.17321369842664705;0.16394801782502208;0.26495011127875995;0.19588092992111314;0.17798766798441537
GO:0006888;0.3514038124389437;0.340110303658127;0.0;0.0;0.0;0.0;0.38315375932655593;0.0;0.0;0.0;0.0;0.0;0.0;0.0;0.0;0.0;0.0;0.0;0.0;0.0;0.0;0.0;0.0;0.0;0.0;0.0;0.5245417830960591;0.29149214808430995;1.0;0.0;0.0;0.0;0.0;0.0;0.0;0.0;0.38790654490117754;0.0;0.0;0.4282801010227095;0.0;0.0;0.0;0.0;0.0;0.0;0.0;0.0;0.0;0.0;0.0;0.0;0.0;0.0;0.0;0.0;0.0;0.0;0.0;0.0;0.0;0.0;0.0;0.0;0.0;0.0;0.0;0.0;0.0;0.0;0.0;0.5050868627394238;0.0;0.0;0.0;0.0;0.4667315504027083;0.0;0.0
GO:0007219;0.0;0.0;0.8479464733357255;0.23026869617895027;0.8479464733357255;0.2838603767432044;0.0;0.33164205720728357;0.2293819403927906;0.0;0.23443853584467453;0.40495655317885726;0.29985944615957677;0.0;0.2501964733811206;0.28500507361547633;0.23421934485242044;0.0;0.20087683033386028;0.3409137351740915;0.376314231504938;0.3533662324630646;0.2595630664654855;0.23393462401373355;0.0;0.17283562125180604;0.0;0.1832550648111976;0.0;1.0;0.2541967934098481;0.228750148124784;0.21901127327513922;0.13244848439572768;0.21608481260085136;0.2630870807742443;0.2487312944162938;0.18821115432358596;0.364265040065768;0.0;0.18745179757340452;0.3859832367637392;0.20751733742618664;0.36878478021471867;0.38598517929967385;0.2838603767432044;0.39752070368211034;0.0;0.31508262939558984;0.35174276534428506;0.37203890385366706;0.2844440614854982;0.505368530719276;0.1383964406536437;0.35089713585979343;0.3730825539545239;0.40456726042098207;0.353397169298228;0.1554671816974155;0.23906197269914026;0.3506098808876014;0.3262928724485683;0.3378298442333118;0.3408177052161388;0.423875597908777;0.21481180436046524;0.4252663878386545;0.28386011857747817;0.39053486221618844;0.18747393847634847;0.2448239528103565;0.0;0.3140745937626664;0.3517483880612109;0.2988752586352566;0.27231956052248846;0.24828974273962834;0.37344029424600533;0.8479464733357255
GO:0051693;0.0;0.0;0.24921923751997857;0.10639568897564317;0.24921923751997857;0.17415151247657001;0.0;0.21014134059044098;0.18932644434803553;0.0;0.13781894989399893;0.16113515941609022;0.20213748999697875;0.0;0.11046082504683179;0.2141121909105802;0.19167451830143284;0.0;0.09965817950710065;0.1688140014521626;0.21171518717927024;0.19028836417673317;0.1903902627791284;0.13764464911873753;0.0;0.09223417145977304;0.0;0.09512033205843291;0.0;0.2541967934098481;1.0;0.21738748848852452;0.13233883523530388;0.07932585943308597;0.11955455855584422;0.16577276631329152;0.14908191726414693;0.0964384718620564;0.1743484679481804;0.0;0.1632343027064166;0.15804390716725814;0.10126583470009216;0.1550825637756429;0.19748062030323688;0.17415151247657001;0.18606567349270278;0.0;0.12150823293987084;0.12659652371952723;0.12913197614405922;0.11666223605058547;0.20124207052898682;0.09788561927889096;0.12648681474478246;0.12925747827453302;0.20126575667364044;0.1902955434881333;0.08704470139152519;0.13940387673062696;0.21447597291375706;0.14703069592633644;0.14932862870537336;0.16879045115291494;0.20686232551429035;0.10297216786991588;0.16425656313022138;0.1165638885198317;0.2177750310933967;0.12012790304996873;0.1966847606996809;0.0;0.1444976765634345;0.17142875354324028;0.20187328912194286;0.11457010080905834;0.1100875783400425;0.1293003921028709;0.24921923751997854
GO:0031947;0.0;0.0;0.2238591680325836;0.0;0.2238591680325836;0.14757769571270313;0.0;0.0;0.450584726249627;0.0;0.28856185272621443;0.17565651572484212;0.0;0.0;0.0;0.22855119934605683;0.45650798523041214;0.0;0.0;0.18138645662942102;0.19094350899432727;0.2064156639362768;0.0;0.14588964766167406;0.0;0.0;0.0;0.0;0.0;0.228750148124784;0.21738748848852452;1.0;0.13994288416971198;0.0;0.12736678707388732;0.1778800644748663;0.16142883906662095;0.0;0.18779162026072313;0.0;0.0;0.17198933630262095;0.0;0.16848812076235295;0.21490589294515886;0.14757769571270313;0.16332783435196382;0.0;0.0;0.0;0.0;0.0;0.21936793365657062;0.10198444648963821;0.0;0.0;0.2193960790754225;0.20642411176336473;0.0;0.14786745933000078;0.0;0.15902652253909452;0.16171814752118582;0.3582379984775158;0.22587262198310343;0.0;0.17937235282884684;0.0;0.23516981091816455;0.1263603937844694;0.20880241916579872;0.0;0.15606747729571838;0.29291367141673136;0.0;0.0;0.0;0.0;0.22385916803258357
GO:0045582;0.0;0.0;0.21452380301650886;0.0;0.21452380301650886;0.1052884213824083;0.0;0.0;0.14017908844403737;0.0;0.19767160654611032;0.29293817082311324;0.0;0.0;0.0;0.15916217024135262;0.14197098629063462;0.0;0.0;0.24381128446395053;0.22087595412074135;0.1588221081905745;0.0;0.6346648359665955;0.0;0.0;0.0;0.0;0.0;0.21901127327513922;0.13233883523530388;0.13994288416971198;1.0;0.0;0.21485025720936013;0.171934789177346;0.11479757316515336;0.0;0.6359528279466314;0.0;0.0;0.28706774702389615;0.0;0.2814536230433281;0.20628795950696757;0.1052884213824083;0.15830178278230972;0.0;0.0;0.0;0.0;0.0;0.21039589101090522;0.7340305090146666;0.0;0.0;0.2104217811066232;0.15882835742435536;0.0;0.2563010794117628;0.0;0.19131789121144238;0.19443367614612567;0.1751831854373017;0.21448869521974517;0.0;0.34178509685146763;0.0;0.369200255100314;0.9052695356297739;0.37348812902308004;0.0;0.26149609127797596;0.17802680069522142;0.0;0.0;0.0;0.0;0.21452380301650883
GO:0046034;0.0;0.0;0.12967482704388422;0.1128245293180507;0.12967482704388422;0.10720749632056666;0.0;0.1326987283518827;0.0;0.0;0.0;0.0;0.12729992931578402;0.0;0.2390662213886619;0.0;0.0;0.0;0.38943688576497004;0.0;0.0;0.0;0.11942870507263968;0.0;0.0;0.32704919034074426;0.0;0.1002260776496307;0.0;0.13244848439572768;0.07932585943308597;0.0;0.0;1.0;0.0;0.0;0.0;0.4424558747311998;0.0;0.0;0.44148957423871504;0.0;0.39607940984611906;0.0;0.0;0.10720749632056666;0.3519387725373027;0.0;0.1299656837342121;0.13580397298736835;0.13872590378999278;0.12443695598758354;0.0;0.0;0.31828755945685383;0.13887075762242895;0.0;0.0;0.39725026431823307;0.0;0.13563476541697847;0.0;0.0;0.0;0.0;0.10898225436222557;0.0;0.12432506960648301;0.0;0.0;0.0;0.0;0.0;0.0;0.1271222160803047;0.12205951802531269;0.11698477722821428;0.1389202933145392;0.12967482704388422
GO:0001916;0.0;0.0;0.21065235898943963;0.0;0.21065235898943963;0.12438264207751822;0.0;0.0;0.12761132427635025;0.0;0.16188103771672205;0.25719285004951187;0.0;0.0;0.0;0.18448227724338134;0.12947013453823386;0.0;0.0;0.28721745954998396;0.17515082530827228;0.23942566926438014;0.0;0.22496585935594937;0.0;0.0;0.0;0.0;0.0;0.21608481260085136;0.11955455855584422;0.12736678707388732;0.21485025720936013;0.0;1.0;0.2818640327192003;0.137874514710403;0.0;0.2147250141573312;0.0;0.0;0.2509235246071747;0.0;0.24497959707742364;0.20081524821927674;0.12438264207751822;0.14671734442533937;0.0;0.0;0.0;0.0;0.0;0.25702848099815434;0.36244336945776817;0.0;0.0;0.35778486833520623;0.19162205627788928;0.0;0.16407210728512986;0.0;0.22911724728891067;0.32617781290284426;0.16514752837449653;0.2106100614647442;0.0;0.26359139443452084;0.0;0.22359078225394663;0.3521302528486765;0.16676580659377935;0.0;0.6558070093119218;0.21031349320139406;0.0;0.0;0.0;0.0;0.21065235898943963
GO:0050687;0.0;0.0;0.25507808390720454;0.0;0.25507808390720454;0.14448904767322426;0.0;0.0;0.17826186755769202;0.0;0.14509552282987445;0.248044201804028;0.0;0.0;0.0;0.29242101122590425;0.18116973440668727;0.0;0.0;0.239035618452526;0.20480994680127207;0.6709179278702625;0.0;0.18099933635793447;0.0;0.0;0.0;0.0;0.0;0.2630870807742443;0.16577276631329152;0.1778800644748663;0.171934789177346;0.0;0.2818640327192003;1.0;0.1630203146971283;0.0;0.25028548705913967;0.0;0.0;0.24079414552775458;0.0;0.23398668535215975;0.30087985916610843;0.14448904767322426;0.16697175025495328;0.0;0.0;0.0;0.0;0.0;0.3096993909143729;0.16474043714295483;0.0;0.0;0.5524027793774968;0.39593586133805725;0.0;0.14729857003895605;0.0;0.21612882238768802;0.7094813768346458;0.1912630152367282;0.2550160669862537;0.0;0.3192777975187932;0.0;0.26241385197982164;0.21206754234164085;0.26088390408069395;0.0;0.3158501491449137;0.2921904748956471;0.0;0.0;0.0;0.0;0.25507808390720454
GO:0086013;0.4892983365638807;0.47544268982273136;0.23912607045744785;0.0;0.23912607045744785;0.23338138323165875;0.2392099447395992;0.0;0.11958935164865295;0.0;0.1219071855785483;0.23082291092052618;0.0;0.0;0.0;0.14443837007810859;0.12180696362235299;0.0;0.0;0.1680542794053352;0.18235192937223957;0.20746165512114015;0.0;0.12167674526839573;0.0;0.0;0.2903985127700525;0.4145238309690123;0.38790654490117754;0.2487312944162938;0.14908191726414693;0.16142883906662095;0.11479757316515336;0.0;0.137874514710403;0.1630203146971283;1.0;0.0;0.17754034933062085;0.24229324545590902;0.0;0.2223913522523232;0.0;0.21458912964851087;0.22239222484621027;0.23338138323165875;0.14324378443430522;0.0;0.0;0.0;0.0;0.0;0.23059913826575915;0.07571229565306967;0.0;0.0;0.23065172916747637;0.20747608419094196;0.0;0.12401592395657293;0.0;0.19463224085408087;0.20014919721014204;0.16801482206782753;0.3234727158930433;0.0;0.23965043088888113;0.0;0.254336638535695;0.09990325957728868;0.12662996131759544;0.6675665933212042;0.18870685316628846;0.17248244000281474;0.0;0.0;0.268145847048317;0.0;0.23912607045744785
GO:0006260;0.0;0.0;0.18265930963284388;0.15091157542508196;0.18265930963284388;0.1410281677986063;0.0;0.18871686942792226;0.0;0.0;0.0;0.0;0.1779821800130582;0.0;0.6887570108747361;0.0;0.0;0.0;0.46507921800498864;0.0;0.0;0.0;0.16296538386993442;0.0;0.0;0.6610465541466579;0.0;0.12919029801231713;0.0;0.18821115432358596;0.0964384718620564;0.0;0.0;0.4424558747311998;0.0;0.0;0.0;1.0;0.0;0.0;0.7409955667208383;0.0;0.47551035282147547;0.0;0.0;0.1410281677986063;0.4081905278929673;0.0;0.18323693934652024;0.19505987735182925;0.20114511184107647;0.17243537810285675;0.0;0.0;0.32994774343208166;0.20144978761221372;0.0;0.0;0.798504685688494;0.0;0.19471098239795984;0.0;0.0;0.0;0.0;0.14411543756566192;0.0;0.172220604639439;0.0;0.0;0.0;0.0;0.0;0.0;0.17763498364110158;0.16790353996492582;0.1584485518258688;0.20155404337440697;0.18265930963284388
GO:0045589;0.0;0.0;0.3520177042987194;0.0;0.3520177042987194;0.15578125888715857;0.0;0.0;0.18821720812612536;0.0;0.1916083323985104;0.34132757612993353;0.0;0.0;0.0;0.22410576460047973;0.19146188971700392;0.0;0.0;0.25728352007810734;0.33225043073190985;0.2486750956743122;0.0;0.3767290341295271;0.0;0.0;0.0;0.0;0.0;0.364265040065768;0.1743484679481804;0.18779162026072313;0.6359528279466314;0.0;0.2147250141573312;0.25028548705913967;0.17754034933062085;0.0;1.0;0.0;0.0;0.33037297826345907;0.0;0.32014582939934016;0.33037411718732224;0.15578125888715857;0.22240374896684434;0.0;0.0;0.0;0.0;0.0;0.34103813900573066;0.42915615405031166;0.0;0.0;0.3411061686551625;0.24869041639213774;0.0;0.23356390132259147;0.0;0.2349559142206315;0.3009853536126308;0.257228822047529;0.35192318161092584;0.0;0.5612621885112162;0.0;0.5604920016129296;0.5582634805645819;0.39094644247917215;0.0;0.2855838887297789;0.2634067022086692;0.0;0.0;0.0;0.0;0.3520177042987194
GO:0043001;0.22753032136461265;0.22274134435022813;0.0;0.0;0.0;0.0;0.43809208771823;0.0;0.0;0.0;0.0;0.0;0.0;0.0;0.0;0.0;0.0;0.0;0.0;0.0;0.0;0.0;0.0;0.0;0.0;0.0;0.34801974561776605;0.20080668780909522;0.4282801010227095;0.0;0.0;0.0;0.0;0.0;0.0;0.0;0.24229324545590902;0.0;0.0;1.0;0.0;0.0;0.0;0.0;0.0;0.0;0.0;0.0;0.0;0.0;0.0;0.0;0.0;0.0;0.0;0.0;0.0;0.0;0.0;0.0;0.0;0.0;0.0;0.0;0.0;0.0;0.0;0.0;0.0;0.0;0.0;0.2833545772715979;0.0;0.0;0.0;0.0;0.24300517757136236;0.0;0.0
GO:0006265;0.0;0.0;0.18194400596065666;0.15042298197923448;0.18194400596065666;0.14060138554312804;0.0;0.3805087693487841;0.0;0.0;0.0;0.0;0.30073061687468267;0.0;0.42723158179639853;0.0;0.0;0.0;0.4637048371822665;0.0;0.0;0.0;0.3287676783675146;0.0;0.0;0.45742013814535765;0.0;0.1288320656965524;0.0;0.18745179757340452;0.1632343027064166;0.0;0.0;0.44148957423871504;0.0;0.0;0.0;0.7409955667208383;0.0;0.0;1.0;0.0;0.4740737246151794;0.0;0.0;0.14060138554312804;0.4071314300583184;0.0;0.18251711337727453;0.19424437112869675;0.20027804273669758;0.1717977685979782;0.0;0.0;0.3285701314674296;0.20058009548695152;0.0;0.0;0.6096036857753527;0.0;0.3288787578563656;0.0;0.0;0.0;0.0;0.14366979479436956;0.0;0.1715845795398871;0.0;0.0;0.0;0.0;0.0;0.0;0.35824952891082024;0.16729894580594254;0.15791002311568247;0.20068345278251573;0.18194400596065666
GO:0045823;0.0;0.0;0.3689857955676995;0.0;0.3689857955676995;0.18927518721972977;0.0;0.0;0.17243553450736757;0.0;0.21991852962336073;0.6163218864113367;0.0;0.0;0.0;0.2111428019688183;0.1758469759280445;0.0;0.0;0.31104958855446413;0.5389830849996972;0.3142848193064667;0.0;0.21947504555774267;0.0;0.0;0.0;0.0;0.0;0.3859832367637392;0.15804390716725814;0.17198933630262095;0.28706774702389615;0.0;0.2509235246071747;0.24079414552775458;0.2223913522523232;0.0;0.33037297826345907;0.0;0.0;1.0;0.0;0.6474871906281946;0.672628926182313;0.18927518721972977;0.20925754028934682;0.0;0.0;0.0;0.0;0.0;0.35405628812975776;0.18536627580467607;0.0;0.0;0.35414791197989637;0.31430929124617984;0.0;0.31169126706111816;0.0;0.365718933710616;0.3019349107870743;0.24886978166338108;0.7300872290944055;0.0;0.4622111785296807;0.0;0.2815766501335789;0.24780344355183137;0.18329514713926712;0.0;0.353387256944085;0.25613209577829565;0.0;0.0;0.0;0.0;0.3689857955676995
GO:0006468;0.0;0.0;0.20078845015935862;0.16307653602689756;0.20078845015935862;0.1515961143851504;0.0;0.20813229293805013;0.0;0.0;0.0;0.0;0.19515115309165484;0.0;0.4653186061748953;0.0;0.0;0.0;0.9764610026424874;0.0;0.0;0.0;0.1772431941878118;0.0;0.0;0.5734761251781575;0.0;0.13800313047762391;0.0;0.20751733742618664;0.10126583470009216;0.0;0.0;0.39607940984611906;0.0;0.0;0.0;0.47551035282147547;0.0;0.0;0.4740737246151794;0.0;1.0;0.0;0.0;0.1515961143851504;0.8494306973718438;0.0;0.20148664990797988;0.21587436344839928;0.22335247122826765;0.1885025839374745;0.0;0.0;0.5056736178797213;0.22372819883869602;0.0;0.0;0.4107882124487394;0.0;0.2154471174033914;0.0;0.0;0.0;0.0;0.15516927057134586;0.0;0.1882459511807299;0.0;0.0;0.0;0.0;0.0;0.0;0.19473382015488525;0.183100093129669;0.17191317189924188;0.22385679640493653;0.20078845015935862
GO:0045989;0.0;0.0;0.3532378147263595;0.0;0.3532378147263595;0.18359392653057957;0.0;0.0;0.16891631460142228;0.0;0.21533935256164333;0.5910117514186889;0.0;0.0;0.0;0.20589037095421817;0.17218860817628606;0.0;0.0;0.30196737183499794;0.5855490758544275;0.3027871736871279;0.0;0.21491412694841264;0.0;0.0;0.0;0.0;0.0;0.36878478021471867;0.1550825637756429;0.16848812076235295;0.2814536230433281;0.0;0.24497959707742364;0.23398668535215975;0.21458912964851087;0.0;0.32014582939934016;0.0;0.0;0.6474871906281946;0.0;1.0;0.48776953357786346;0.18359392653057957;0.20409734066764929;0.0;0.0;0.0;0.0;0.0;0.33953180088880475;0.18300908826427525;0.0;0.0;0.3396160606486345;0.3028098877747658;0.0;0.3050838070053059;0.0;0.35322772570343186;0.2913078406936131;0.24160494221187906;0.5276587940358466;0.0;0.44243718988718933;0.0;0.27231236237689205;0.24360883795362087;0.17932380814272625;0.0;0.3417107813253526;0.24844362615377222;0.0;0.0;0.0;0.0;0.3532378147263595
GO:0045822;0.0;0.0;0.3689875707843952;0.0;0.3689875707843952;0.18927581928727355;0.0;0.0;0.21546343239077592;0.0;0.17600175151111702;0.4428923122244152;0.0;0.0;0.0;0.2638294706880842;0.21972614172907837;0.0;0.0;0.24893456929477598;0.5389849986560271;0.3927091440476553;0.0;0.17564682848026714;0.0;0.0;0.0;0.0;0.0;0.38598517929967385;0.19748062030323688;0.21490589294515886;0.20628795950696757;0.0;0.20081524821927674;0.30087985916610843;0.22239222484621027;0.0;0.33037411718732224;0.0;0.0;0.672628926182313;0.0;0.48776953357786346;1.0;0.18927581928727355;0.20925811123320517;0.0;0.0;0.0;0.0;0.0;0.3540579225984916;0.1332047993283821;0.0;0.0;0.44251960999433176;0.39273972266072327;0.0;0.22398255469913708;0.0;0.2926868915163987;0.30193609944902033;0.24887058922511393;0.7300907403603529;0.0;0.4622134078226296;0.0;0.28157768390580196;0.17807243136336484;0.2290328803054608;0.0;0.28281774579602326;0.2561329511589917;0.0;0.0;0.0;0.0;0.3689875707843952
