;GO:0018108;GO:0035562;GO:0008380;GO:0090335;GO:0045727;GO:0007098;GO:0043508;GO:1901386;GO:0051491;GO:1900453;GO:0046777;GO:0044830;GO:0006367;GO:0048715;GO:0051090;GO:0006368;GO:0007215;GO:0000188;GO:0045892;GO:0097368;GO:0000381;GO:0048488;GO:2000637;GO:0016575;GO:0007062;GO:0045814;GO:0045737;GO:0098908;GO:0036124;GO:2001022;GO:0002092;GO:1901673;GO:0006376;GO:0060999;GO:0006974;GO:0046822;GO:1990264;GO:0098586;GO:0030856;GO:0035508;GO:0001558;GO:0043484;GO:0050680;GO:0018345;GO:2000766;GO:0034773;GO:0018105;GO:0032876;GO:0033129;GO:0018107;GO:1902373;GO:0060266;GO:0045947;GO:0008089;GO:0043123;GO:0043488;GO:0042795;GO:0009615;GO:0045944;GO:0006468;GO:1901800;GO:0048814;GO:1902416;GO:0042953;GO:0045591;GO:0034644;GO:0010633;GO:0033119;GO:0002819;GO:1905042;GO:0051028;GO:0048709;GO:0035970;GO:0006351;GO:0035690;GO:0006470;GO:1901254;GO:0044387;GO:1903830;GO:1903753;GO:0006397;GO:0048666;GO:0006359;GO:0006357;GO:0006349;GO:1901409;GO:0010923;GO:0099578;GO:0070373;GO:0031047;GO:0072711;GO:0032496;GO:0070898;GO:2000301
GO:0018108;1.0;0.0;0.48445131344742465;0.0;0.0;0.18812347415854574;0.0;0.0;0.0;0.0;0.9252985859824772;0.0;0.3945833645423255;0.0;0.0;0.3947897434587131;0.179895727354159;0.0;0.0;0.17429214826153624;0.0;0.0;0.0;0.7109623343981675;0.18756673570204335;0.0;0.0;0.0;0.6477826678530313;0.0;0.0;0.0;0.17328919127023254;0.0;0.19253435993593335;0.0;0.8344368756182576;0.0;0.0;0.0;0.0;0.0;0.0;0.800806199221483;0.0;0.6571860956736755;0.9289347782979809;0.0;0.0;0.9294091845180652;0.0;0.0;0.0;0.15102431391646434;0.0;0.0;0.3830572539260524;0.0;0.0;0.9426999715576526;0.0;0.0;0.0;0.0;0.0;0.16670984790857643;0.0;0.0;0.0;0.0;0.0;0.19383969546789415;0.8494481501671841;0.4182043935117774;0.1875756046182874;0.8648824562997045;0.0;0.0;0.0;0.0;0.4747670733460877;0.19309425448653547;0.0;0.0;0.3966229256367779;0.0;0.0;0.0;0.0;0.1582378930913349;0.15174291314146246;0.0;0.169396865542339;0.0
GO:0035562;0.0;1.0;0.0;0.33985216457329726;0.13993408789451753;0.0;0.13842211166260499;0.251945155386276;0.2241665631833403;0.22001282356205187;0.0;0.24342622532824945;0.0;0.18178723386233545;0.25065342619743597;0.0;0.32446423357959686;0.1553807313686201;0.13273404551602316;0.0;0.22178652042286864;0.0;0.24412995640125876;0.0;0.0;0.27697881752423736;0.14545195056003177;0.2591768409662432;0.0;0.27602349267107856;0.18060879536355476;0.2139121456099542;0.0;0.15183998045432956;0.0;0.34837651016773963;0.0;0.0;0.3200544394238546;0.1623759280803395;0.35699600462020853;0.25368530746020296;0.3041012114431981;0.0;0.13263042322660076;0.0;0.0;0.1311376864579149;0.12179120486058338;0.0;0.1414906484013265;0.1487844110958361;0.13257972477389293;0.0;0.21760540029484537;0.20076251224205435;0.0;0.0;0.1293300417390231;0.0;0.14363751531657265;0.20386382506892023;0.5334601976174498;0.0;0.13233876130740635;0.0;0.21585307995686392;0.18046396961781602;0.3655280321417396;0.20872318875986648;0.0;0.0;0.0;0.0;0.0;0.0;0.24787184028746426;0.2026417127051201;0.0;0.10596296797578246;0.0;0.0;0.19470548669211016;0.19382432583091705;0.18938266677427254;0.11598231556424211;0.2970364156499469;0.16837096489732448;0.11655580384609439;0.25872005107723717;0.0;0.0;0.0;0.12832478293353788
GO:0008380;0.48445131344742465;0.0;1.0;0.0;0.0;0.21752531165540862;0.0;0.0;0.0;0.0;0.5046872082374294;0.0;0.7260402923612033;0.0;0.0;0.7264542039651379;0.20659944180810189;0.0;0.0;0.19924281627294577;0.0;0.0;0.0;0.4650390086170881;0.21678129268055468;0.0;0.0;0.0;0.3981910951681332;0.0;0.0;0.0;0.19793322915610112;0.0;0.2234443863908437;0.0;0.4962442038581362;0.0;0.0;0.0;0.0;0.0;0.0;0.5303227764500741;0.0;0.40446025299646354;0.4844690614889241;0.0;0.0;0.48474155917392026;0.0;0.0;0.0;0.16940656960699943;0.0;0.0;0.630684179222756;0.0;0.0;0.5152010211787833;0.0;0.0;0.0;0.0;0.0;0.18939557873831295;0.0;0.0;0.0;0.0;0.0;0.22520440608316727;0.5061163165209193;0.6935233189658039;0.216793139607622;0.5163052120072279;0.0;0.0;0.0;0.0;0.934481042876899;0.22419883810458102;0.0;0.0;0.6822736445179207;0.0;0.0;0.0;0.0;0.17853612864364748;0.17031127065443225;0.0;0.1928712706189849;0.0
GO:0090335;0.0;0.33985216457329726;0.0;1.0;0.26390545618782385;0.0;0.16134405038511143;0.22095442198794055;0.41652422386186017;0.4091038066107604;0.0;0.3434054218394899;0.0;0.4515074216724261;0.35225254307392373;0.0;0.5924786821740514;0.1807740702437453;0.25064754441495873;0.0;0.412273735686921;0.0;0.4520375483697746;0.0;0.0;0.3884632611807708;0.20729812943991058;0.4786416385989477;0.0;0.5082629577383619;0.3381695729445401;0.39818568504324764;0.0;0.3791306562973673;0.0;0.4826183086717558;0.0;0.0;0.7759893315127864;0.2308931864375043;0.6482522438664604;0.4689483373805307;0.5572486448417816;0.0;0.25045648979610136;0.0;0.0;0.2477034593156593;0.2304325682902134;0.0;0.26676719265591764;0.3717026706206225;0.25036301145560264;0.0;0.4047981348932788;0.37457267176006265;0.0;0.0;0.2443676893311628;0.0;0.27071161040530056;0.5043743732318117;0.3105157335210613;0.0;0.3315850586764387;0.0;0.4016618266071418;0.3379070409472235;0.5048943771735244;0.3607274820744457;0.0;0.0;0.0;0.0;0.0;0.0;0.3494057582623081;0.23454303687353312;0.0;0.201052668908037;0.0;0.0;0.3636591894124441;0.36206958361960806;0.26970984822107696;0.21966957028608763;0.34029324694489516;0.31593806508059896;0.22073315095130047;0.3640088194827971;0.0;0.0;0.0;0.24251168713304694
GO:0045727;0.0;0.13993408789451753;0.0;0.26390545618782385;1.0;0.0;0.27493364972839035;0.13551845388393555;0.30003244320580896;0.2972031679299509;0.0;0.1734527598693696;0.0;0.19561421744748847;0.5709020117261439;0.0;0.2589741469154537;0.2987031862310201;0.4643036287515936;0.0;0.4669910950696199;0.0;0.4431141653481147;0.0;0.0;0.32233404414471434;0.5254026175586395;0.23458701216456415;0.0;0.33142897850718245;0.4809591863599176;0.213449176622995;0.0;0.24192594011509222;0.0;0.2030341679691537;0.0;0.0;0.25750990752297875;0.5652214066095692;0.26909394769648737;0.49878272488698194;0.25201003722023624;0.0;0.5915006666887013;0.0;0.0;0.43160619887834717;0.5644701154012981;0.0;0.4796815774860475;0.20841527713643931;0.5913576996403777;0.0;0.2955392324744052;0.47460055799612133;0.0;0.0;0.7283941949542144;0.0;0.626587594428156;0.2081557741539486;0.13469438524830274;0.0;0.2222662100544818;0.0;0.2144440314229973;0.41842464022635467;0.20687397326292578;0.16054341427868885;0.0;0.0;0.0;0.0;0.0;0.0;0.21830191572877058;0.35754927041753504;0.0;0.3220208257241469;0.0;0.0;0.5812274003991642;0.579805658248292;0.2666488583142468;0.6796803562732606;0.2718649771588231;0.6831862737198028;0.3433224801383512;0.3123804408261984;0.0;0.0;0.0;0.15880382680350175
GO:0007098;0.18812347415854574;0.0;0.21752531165540862;0.0;0.0;1.0;0.0;0.0;0.0;0.0;0.19875643768531417;0.0;0.1609663943249088;0.0;0.0;0.16108442356466082;0.32641398351579803;0.0;0.0;0.3084219258293208;0.0;0.0;0.0;0.3022704630863041;0.7012364077845086;0.0;0.0;0.0;0.24755365957825395;0.0;0.0;0.0;0.5178587448819183;0.0;0.3705492425511156;0.0;0.19428366413063625;0.0;0.0;0.0;0.0;0.0;0.0;0.2126669021736976;0.0;0.25248187977813263;0.18813266979113202;0.0;0.0;0.188273884835847;0.0;0.0;0.0;0.3121507793624283;0.0;0.0;0.13476368580432432;0.0;0.0;0.2044006703148071;0.0;0.0;0.0;0.0;0.0;0.2854480518892444;0.0;0.0;0.0;0.0;0.0;0.375414753582429;0.1995187581691531;0.15181275073332665;0.3526090357241456;0.20499830203794744;0.0;0.0;0.0;0.0;0.2108888233420875;0.3726287040287891;0.0;0.0;0.19233887938584224;0.0;0.0;0.0;0.0;0.2614777397457732;0.2442054847261304;0.0;0.49771086539682846;0.0
GO:0043508;0.0;0.13842211166260499;0.0;0.16134405038511143;0.27493364972839035;0.0;1.0;0.15856233892522034;0.143203178781364;0.21753508959520482;0.0;0.11201758806363542;0.0;0.1813406772327592;0.2880412443053548;0.0;0.15948737184831732;0.9199643700480361;0.34976214440164755;0.0;0.28064307380361087;0.0;0.20456011349094752;0.0;0.0;0.2553294177024821;0.43148515587098235;0.20158922879558452;0.0;0.227307033740192;0.20993515180029046;0.14097103903179825;0.0;0.12373519483480758;0.0;0.12365233783865692;0.0;0.0;0.15893083209505807;0.35031892374979895;0.1632686687161503;0.29289504061863986;0.21387347408799282;0.0;0.42518068406800646;0.0;0.0;0.3478379314614607;0.3480522572845881;0.0;0.3598836030628237;0.2508511690037036;0.42510677907852923;0.0;0.26289202199633427;0.27119528934900233;0.0;0.0;0.22672320338084276;0.0;0.27809841683166475;0.13864252779540767;0.11011683827502523;0.0;0.11650170011318951;0.0;0.19285105246326478;0.3975434444117142;0.15413123380406726;0.2014722632435656;0.0;0.0;0.0;0.0;0.0;0.0;0.1126486187563562;0.7653048001730894;0.0;0.842087479467676;0.0;0.0;0.26823191211624753;0.2677909808688811;0.1554888154053923;0.3399505509868839;0.4473758568831679;0.3415981410525098;0.784707181809384;0.25029004636807717;0.0;0.0;0.0;0.23265241671361572
GO:1901386;0.0;0.251945155386276;0.0;0.22095442198794055;0.13551845388393555;0.0;0.15856233892522034;1.0;0.17996972786580792;0.22107841582398327;0.0;0.18807840415699606;0.0;0.19817751013239926;0.19967819477328472;0.0;0.21642508371774594;0.17290672835067153;0.162395886112065;0.0;0.17892345102852636;0.0;0.188363147950148;0.0;0.0;0.2492500364350186;0.14012584948033893;0.19426966357811354;0.0;0.2004952688474217;0.2276720384795797;0.17538824805603512;0.0;0.14288275715003904;0.0;0.31970617727328227;0.0;0.0;0.21508342126001995;0.15133409453480426;0.22573811619486414;0.19215346487216226;0.2606929593817813;0.0;0.1623110345397003;0.0;0.0;0.16108381674697544;0.12343212006673707;0.0;0.16941128004275605;0.17502990670913587;0.16226950390967204;0.0;0.17706059997131754;0.16922017766522496;0.0;0.0;0.12858819717602107;0.0;0.13785478187473882;0.1707058548517894;0.1967143155130852;0.0;0.1305918080298726;0.0;0.25739694189921164;0.19731489700752344;0.2280224088073814;0.21469663466532285;0.0;0.0;0.0;0.0;0.0;0.0;0.2717543352311779;0.20887877942621488;0.0;0.1389127697876285;0.0;0.0;0.16626119283448257;0.16582426590972427;0.16359624516595753;0.11932126156131997;0.26689101740780075;0.15244217491355783;0.14859510293775857;0.24088349081028584;0.0;0.0;0.0;0.23928072765969924
GO:0051491;0.0;0.2241665631833403;0.0;0.41652422386186017;0.30003244320580896;0.0;0.143203178781364;0.17996972786580792;1.0;0.42497500580976566;0.0;0.2536346022051397;0.0;0.26855097659074584;0.27593650276808485;0.0;0.40437137413158675;0.15830508143771907;0.20943215944070334;0.0;0.311456356561965;0.0;0.4578916726408115;0.0;0.0;0.27739899056790374;0.2446843863006007;0.34789923033297215;0.0;0.4986000435473127;0.45310822080514784;0.4007267061897057;0.0;0.50207856483287;0.0;0.3222998725400222;0.0;0.0;0.4008127374513358;0.26826075648380704;0.5008328115416119;0.3427497097874125;0.38764484724320136;0.0;0.20929875453123725;0.0;0.0;0.20737271623274947;0.33086906900029184;0.0;0.2621802957072532;0.22964256498036778;0.20923347059373218;0.0;0.42158100203705534;0.2894474354462017;0.0;0.0;0.2813958032363941;0.0;0.30641393588128774;0.4307840444736065;0.21101669846713503;0.0;0.28673939558887973;0.0;0.30536156490426997;0.26705524166769196;0.3320844689275701;0.22694953410104474;0.0;0.0;0.0;0.0;0.0;0.0;0.3205125464586197;0.19806844990583922;0.0;0.17364213497090375;0.0;0.0;0.28288725503922973;0.2819244265876925;0.21104357713064953;0.2571389383632991;0.2685434820460323;0.2531435911228371;0.18812881121202477;0.2647004042568753;0.0;0.0;0.0;0.20372148504830245
GO:1900453;0.0;0.22001282356205187;0.0;0.4091038066107604;0.2972031679299509;0.0;0.21753508959520482;0.22107841582398327;0.42497500580976566;1.0;0.0;0.25000977722479445;0.0;0.3141918586022624;0.2726601894297573;0.0;0.3973740111022582;0.24031881438488226;0.2456507560888205;0.0;0.3072886393324955;0.0;0.4513345266234299;0.0;0.0;0.33889424338984925;0.24279940336058095;0.5200794222082068;0.0;0.49083504415342155;0.36253016854042863;0.29939334651040045;0.0;0.31709761234940437;0.0;0.31646927278849063;0.0;0.0;0.39393694483840397;0.2659967016138051;0.4217085718179966;0.3377091992286539;0.45121301501488725;0.0;0.24549569379446928;0.0;0.0;0.24325677722786662;0.2655511382287237;0.0;0.2998046488329667;0.2691215791880464;0.24541981080057737;0.0;0.6181564686433735;0.3351976022362729;0.0;0.0;0.2789056363223959;0.0;0.30346361877488964;0.28908200497160447;0.20733198625966234;0.0;0.28415419061804686;0.0;0.3566933326700593;0.3124620366591592;0.3258978745883116;0.2780502369332931;0.0;0.0;0.0;0.0;0.0;0.0;0.3158739397559744;0.23243582087256728;0.0;0.2634268630568933;0.0;0.0;0.279444833830612;0.2785052569755029;0.20852788309103937;0.2550579946233705;0.3141831916939572;0.4118740898960504;0.28522554771131375;0.3236118113515615;0.0;0.0;0.0;0.40411553387542154
GO:0046777;0.9252985859824772;0.0;0.5046872082374294;0.0;0.0;0.19875643768531417;0.0;0.0;0.0;0.0;1.0;0.0;0.40790469029722415;0.0;0.0;0.40812524323726507;0.18959496917901092;0.0;0.0;0.18338129219761748;0.0;0.0;0.0;0.7368081258723469;0.19813508953460535;0.0;0.0;0.0;0.6359675835039178;0.0;0.0;0.0;0.18227133453352803;0.0;0.20368656534397916;0.0;0.8666867872936664;0.0;0.0;0.0;0.0;0.0;0.0;0.8337482946697248;0.0;0.6454935167335512;0.9253305293165569;0.0;0.0;0.9258209599818487;0.0;0.0;0.0;0.15780147909081885;0.0;0.0;0.394367530920308;0.0;0.0;0.9804408562649994;0.0;0.0;0.0;0.0;0.0;0.1750065538486824;0.0;0.0;0.0;0.0;0.0;0.20514807275493274;0.8828920846288516;0.4317220440406627;0.19814498606267977;0.8995775913072265;0.0;0.0;0.0;0.0;0.49418580386596506;0.2043133057275599;0.0;0.0;0.4118442288126723;0.0;0.0;0.0;0.0;0.1656939150940324;0.1585861867321785;0.0;0.1779700552672346;0.0
GO:0044830;0.0;0.24342622532824945;0.0;0.3434054218394899;0.1734527598693696;0.0;0.11201758806363542;0.18807840415699606;0.2536346022051397;0.25000977722479445;0.0;1.0;0.0;0.2151211398788028;0.22135098285025917;0.0;0.3325876520765866;0.12418215234338353;0.16588247825634458;0.0;0.2515614439007085;0.0;0.2706298607640834;0.0;0.0;0.297145269583733;0.1403792657466559;0.2829916032753308;0.0;0.29639829795882383;0.2139996331846563;0.24462880980479643;0.0;0.1857032698886587;0.0;0.34926663474523467;0.0;0.195481750694675;0.3294297570842522;0.1544057195337435;0.3551008096193913;0.2785233437849614;0.3177830998363035;0.0;0.16577261761935053;0.0;0.0;0.16418712018366685;0.15413524995410965;0.0;0.17507313880003503;0.18259049721808857;0.16571885749456458;0.0;0.24789453628384894;0.23279361653789182;0.0;0.20215358957652915;0.16225987280343504;0.0;0.17729867994921905;0.2356145777564408;0.22799746573425184;0.0;0.16546325703570516;0.0;0.2463482032190129;0.21386160641282792;0.3607863409779796;0.2399976516259578;0.0;0.0;0.0;0.0;0.0;0.0;0.4865884351802687;0.15654421741906616;0.0;0.1366070009501605;0.0;0.0;0.2272302595076643;0.22641491522533533;0.22228152679928656;0.14777759338214064;0.21511482704517096;0.20218137132444156;0.14840908713500925;0.2826218002022692;0.0;0.0;0.0;0.16118463676552244
GO:0006367;0.3945833645423255;0.0;0.7260402923612033;0.0;0.0;0.1609663943249088;0.0;0.0;0.0;0.0;0.40790469029722415;0.0;1.0;0.0;0.0;0.9426471828784945;0.1549043929650556;0.0;0.0;0.15073152482589122;0.0;0.0;0.0;0.38160874387510463;0.16055861871169802;0.0;0.0;0.0;0.335403353288641;0.0;0.0;0.0;0.14998081377234398;0.0;0.1641848147730762;0.0;0.40237163102505097;0.0;0.0;0.0;0.0;0.0;0.0;0.424489322344052;0.0;0.33984029872337657;0.39459513856185785;0.0;0.0;0.3947758929580306;0.0;0.0;0.0;0.1330093314176559;0.0;0.0;0.8369413842400404;0.0;0.0;0.41474540560010587;0.0;0.0;0.0;0.0;0.0;0.1450270582979843;0.0;0.0;0.0;0.0;0.0;0.1651330985327984;0.40883773440078114;0.9068329437578104;0.16056511736252022;0.41546067957245897;0.0;0.0;0.0;0.0;0.7131269012624631;0.16459179171464614;0.0;0.0;0.5539924517160293;0.0;0.0;0.0;0.0;0.13857290547149254;0.13356640273205836;0.0;0.14705631319562196;0.0
GO:0048715;0.0;0.18178723386233545;0.0;0.4515074216724261;0.19561421744748847;0.0;0.1813406772327592;0.19817751013239926;0.26855097659074584;0.3141918586022624;0.0;0.2151211398788028;0.0;1.0;0.2402841463901373;0.0;0.3321496067424554;0.19896429738006993;0.2567188532240343;0.0;0.2667776486520546;0.0;0.28287961570431663;0.0;0.0;0.28789634395764385;0.16268528932443305;0.34238316620530646;0.0;0.30391879880709854;0.23364685849731376;0.26080664031183376;0.0;0.4398083650640206;0.0;0.262566120850808;0.0;0.0;0.5464373563012384;0.176869876008059;0.348982102729154;0.2894106278051399;0.4374890073717117;0.0;0.2565718695206555;0.0;0.0;0.25444767264814017;0.17659946191987708;0.0;0.26892236895530947;0.4068127706506792;0.2564999336642225;0.0;0.263627277548555;0.25046486411976815;0.0;0.0;0.18467012314236142;0.0;0.19932886090478474;0.5364809500235455;0.1730424387983664;0.0;0.3112508880615687;0.0;0.44293157087755103;0.3184830292454694;0.2690236041539785;0.3251995562895927;0.0;0.0;0.0;0.0;0.0;0.0;0.2174605260583236;0.2441301438624474;0.0;0.21659440363732493;0.0;0.0;0.2455376926528573;0.24481199837734882;0.1836809810083318;0.17020816116153523;0.3200339165752746;0.2228141953399542;0.23300447234654117;0.27679198291791673;0.0;0.0;0.0;0.2504099038122013
GO:0051090;0.0;0.25065342619743597;0.0;0.35225254307392373;0.5709020117261439;0.0;0.2880412443053548;0.19967819477328472;0.27593650276808485;0.2726601894297573;0.0;0.22135098285025917;0.0;0.2402841463901373;1.0;0.0;0.34352151195790104;0.31644760006187156;0.7175725263022844;0.0;0.6858564692188798;0.0;0.4572770920280945;0.0;0.0;0.41853779800945934;0.35348649163713924;0.30189161025441213;0.0;0.31341213637377796;0.3786277804842414;0.2677668282902951;0.0;0.2117427483982846;0.0;0.2719066409122887;0.0;0.0;0.3409498952871125;0.3848601514539145;0.36155763098131444;0.7457716204035246;0.3313746370962006;0.0;0.5486310146766943;0.0;0.0;0.5435094325455927;0.35354098156356717;0.0;0.5033471488366765;0.24974324174423554;0.5484742549051467;0.0;0.2707408823599661;0.6428443649977439;0.0;0.0;0.7037313624911349;0.0;0.39996609699946833;0.259488791595639;0.2381797921253818;0.0;0.19140577831945968;0.0;0.269334299929587;0.5983212196244571;0.27883779692931737;0.20075087820817486;0.0;0.0;0.0;0.0;0.0;0.0;0.2238286070934839;0.3895875730318391;0.0;0.3173622535603667;0.0;0.0;0.9415009719984696;0.9386487441338691;0.3292561256866459;0.6476694356770307;0.3750074948897507;0.6520883119132682;0.3418234143882829;0.40190929866623804;0.0;0.0;0.0;0.18703076262872265
GO:0006368;0.3947897434587131;0.0;0.7264542039651379;0.0;0.0;0.16108442356466082;0.0;0.0;0.0;0.0;0.40812524323726507;0.0;0.9426471828784945;0.0;0.0;1.0;0.1550136966123007;0.0;0.0;0.15083501690585893;0.0;0.0;0.0;0.38180177038130175;0.1606760504846438;0.0;0.0;0.0;0.3355524570222168;0.0;0.0;0.0;0.1500832771944649;0.0;0.1643076128370729;0.0;0.4025862395526449;0.0;0.0;0.0;0.0;0.0;0.0;0.4247281796565992;0.0;0.33999337434279464;0.39480152979797994;0.0;0.0;0.3949824733725255;0.0;0.0;0.0;0.13308991157173883;0.0;0.0;0.8372938823331959;0.0;0.0;0.41497342014900435;0.0;0.0;0.0;0.0;0.0;0.14512286275666286;0.0;0.0;0.0;0.0;0.0;0.16525731972164193;0.40905929775757677;0.907246787639652;0.16068255864529657;0.4156894814887029;0.0;0.0;0.0;0.0;0.7135262160483477;0.16471519953907787;0.0;0.0;0.5542861376766981;0.0;0.0;0.0;0.0;0.13866036991231537;0.1336476594793624;0.0;0.1471548183616266;0.0
GO:0007215;0.179895727354159;0.32446423357959686;0.20659944180810189;0.5924786821740514;0.2589741469154537;0.32641398351579803;0.15948737184831732;0.21642508371774594;0.40437137413158675;0.3973740111022582;0.18959496917901092;0.3325876520765866;0.1549043929650556;0.3321496067424554;0.34352151195790104;0.1550136966123007;1.0;0.17844650616541566;0.24619508174273694;0.2869086767042768;0.40036410585589044;0.0;0.4377595413297831;0.1707990253306998;0.3247415110636343;0.3746774608115572;0.2042432050874465;0.4626632513521898;0.1409405044747634;0.49028283674513784;0.33011473333507485;0.38706511289158957;0.28420096610761014;0.2799815424484645;0.33992624458205545;0.4615213405870227;0.1855208020160452;0.0;0.5611878929284022;0.2271095964880358;0.6192859637808993;0.45360019931100765;0.5357091484850796;0.20221190991718085;0.246010752066991;0.1436483153056561;0.17990413620015383;0.24335407135006767;0.22666393615696798;0.18003326424330493;0.26172937610766245;0.27460478822142353;0.24592056225755654;0.2288650619988911;0.39331047739276565;0.3647156006510841;0.13048843133031135;0.0;0.2401336559716259;0.1947241500184269;0.2655251624309286;0.37000268331278136;0.2976193444956223;0.0;0.24549186266661174;0.2669241675855159;0.39034900102283315;0.3298645542322191;0.48185142355815985;0.2881584956528932;0.0;0.34401635451732215;0.19028850999823568;0.1464090264512743;0.3247680968521546;0.19526646117028182;0.33821280801785775;0.2306398941296815;0.0;0.1981777722047276;0.20060369824655946;0.3416753945417232;0.35436100925707975;0.3528514828851864;0.3548215121578891;0.21624214729235147;0.33213814220868715;0.3088964492050356;0.2172727197136984;0.4747435564905306;0.23051937770729608;0.0;0.27388004925778797;0.23834117669635038
GO:0000188;0.0;0.1553807313686201;0.0;0.1807740702437453;0.2987031862310201;0.0;0.9199643700480361;0.17290672835067153;0.15830508143771907;0.24031881438488226;0.0;0.12418215234338353;0.0;0.19896429738006993;0.31644760006187156;0.0;0.17844650616541566;1.0;0.37923438974010715;0.0;0.3101235793306969;0.0;0.22679653954455956;0.0;0.0;0.28427087622794905;0.4643729917337553;0.22395138927347255;0.0;0.2000546287749788;0.23028264107245813;0.15558180034742392;0.0;0.134850739037526;0.0;0.1386441850933861;0.0;0.0;0.17775007280087254;0.3786163111460982;0.18319362414837612;0.3251537176360435;0.23882271219972737;0.0;0.46099418623923083;0.0;0.0;0.3769732798501798;0.3761370703130009;0.0;0.3911625431790584;0.25195224710175845;0.4609073079530583;0.0;0.29031415040349623;0.29862728739531486;0.0;0.0;0.24558314462698527;0.0;0.3024425532451025;0.15275045224940934;0.1232602341115923;0.0;0.1263041354521026;0.0;0.21290666895163912;0.43606156738723967;0.1730582948440252;0.19767230688572898;0.0;0.0;0.0;0.0;0.0;0.0;0.12495815315556393;0.8276324729283092;0.0;0.8043651750896806;0.0;0.0;0.2950380525536331;0.2945046750290774;0.17085575115970322;0.3666928762707827;0.49085348558761904;0.3737338807942277;0.8465967441121375;0.27803828145192;0.0;0.0;0.0;0.25193018790345495
GO:0045892;0.0;0.13273404551602316;0.0;0.25064754441495873;0.4643036287515936;0.0;0.34976214440164755;0.162395886112065;0.20943215944070334;0.2456507560888205;0.0;0.16588247825634458;0.0;0.2567188532240343;0.7175725263022844;0.0;0.24619508174273694;0.37923438974010715;1.0;0.0;0.5214084786135297;0.0;0.34253470806643027;0.0;0.0;0.4643082401089578;0.27323013195070694;0.22405243906463915;0.0;0.23033616547563504;0.2968954605238935;0.20469210547507172;0.0;0.1702560724098837;0.0;0.1927381988290311;0.0;0.0;0.24487141336676171;0.29331847906720904;0.2553232003420096;0.5553259630842059;0.3271725667647353;0.0;0.7370830340547163;0.0;0.0;0.7313631514389414;0.29294024017585013;0.0;0.6291845414100101;0.26062427777806485;0.7369104865933068;0.0;0.20642552118623653;0.49617016437144495;0.0;0.0;0.5784876350895732;0.0;0.3241122280399121;0.1998191749027647;0.1280105687245733;0.0;0.1568554524832033;0.0;0.28041222937372057;0.752480242831806;0.1961951259790797;0.1911686970459816;0.0;0.0;0.0;0.0;0.0;0.0;0.1672700553143921;0.45168954984606513;0.0;0.40803100144708926;0.0;0.0;0.7300429439195834;0.7283268735815236;0.2563680250361571;0.5400599879478151;0.3931582559792563;0.5166133577513837;0.4342386796727577;0.45061386067173115;0.0;0.0;0.0;0.20990008268830704
GO:0097368;0.17429214826153624;0.0;0.19924281627294577;0.0;0.0;0.3084219258293208;0.0;0.0;0.0;0.0;0.18338129219761748;0.0;0.15073152482589122;0.0;0.0;0.15083501690585893;0.2869086767042768;0.0;0.0;1.0;0.0;0.0;0.0;0.1657398564027068;0.30692832473234244;0.0;0.0;0.0;0.13747764599226336;0.0;0.0;0.0;0.2704636681389412;0.0;0.3204581751591262;0.0;0.17956711164594105;0.0;0.0;0.0;0.0;0.0;0.0;0.19515909697032738;0.0;0.14005281593614585;0.17430004139987812;0.0;0.0;0.17442124723920285;0.0;0.0;0.0;0.21987182745310196;0.0;0.0;0.12751471759813982;0.0;0.0;0.18817552988335914;0.0;0.0;0.0;0.0;0.0;0.25477059302485866;0.0;0.0;0.0;0.0;0.0;0.537905218800619;0.18403004075216947;0.14267579439146474;0.3069520737646894;0.1886819308456886;0.0;0.0;0.0;0.0;0.1936606967338676;0.7312237936132291;0.0;0.0;0.17790453381491142;0.0;0.0;0.0;0.0;0.2355017630490606;0.2213982516035177;0.0;0.26109995578471573;0.0
GO:0000381;0.0;0.22178652042286864;0.0;0.412273735686921;0.4669910950696199;0.0;0.28064307380361087;0.17892345102852636;0.311456356561965;0.3072886393324955;0.0;0.2515614439007085;0.0;0.2667776486520546;0.6858564692188798;0.0;0.40036410585589044;0.3101235793306969;0.5214084786135297;0.0;1.0;0.0;0.5198137027847981;0.0;0.0;0.4809650879585245;0.3490851330480054;0.34492895980095434;0.0;0.3600505911520185;0.420169251155527;0.3010875489286739;0.0;0.23205019389912573;0.0;0.31895964724214265;0.0;0.0;0.39687534670261965;0.38255900668644055;0.4250776497410507;0.9003709518945967;0.3839607278032182;0.0;0.4472059427845063;0.0;0.0;0.44257622835230637;0.38191585436307673;0.0;0.5816433149916602;0.27331268611706944;0.4470671701397239;0.0;0.30485303955950305;0.7619859403303467;0.0;0.0;0.5105031523725047;0.0;0.43666914745874874;0.2906612099033055;0.20890638333424497;0.0;0.20784821419485974;0.0;0.30307084802089707;0.7028345229445576;0.32853947085857593;0.22528823552070823;0.0;0.0;0.0;0.0;0.0;0.0;0.25476641897720376;0.38764096575152723;0.0;0.3400406633509805;0.0;0.0;0.7030128442812006;0.7006366677087676;0.36669906269209385;0.466699924455524;0.3707652948223978;0.5403052919413013;0.3682782030087625;0.4591355380738719;0.0;0.0;0.0;0.2026993645441232
GO:0048488;0.0;0.0;0.0;0.0;0.0;0.0;0.0;0.0;0.0;0.0;0.0;0.0;0.0;0.0;0.0;0.0;0.0;0.0;0.0;0.0;0.0;1.0;0.0;0.0;0.0;0.0;0.0;0.0;0.0;0.0;0.0;0.0;0.0;0.0;0.0;0.0;0.0;0.0;0.0;0.0;0.0;0.0;0.0;0.0;0.0;0.0;0.0;0.0;0.0;0.0;0.0;0.0;0.0;0.4187832700776108;0.0;0.0;0.0;0.0;0.0;0.0;0.0;0.0;0.0;0.39284695343508824;0.0;0.0;0.0;0.0;0.0;0.0;0.4482535427048336;0.0;0.0;0.0;0.0;0.0;0.0;0.0;0.37014022327202695;0.0;0.0;0.0;0.0;0.0;0.0;0.0;0.0;0.0;0.0;0.0;0.0;0.0;0.0;0.0
GO:2000637;0.0;0.24412995640125876;0.0;0.4520375483697746;0.4431141653481147;0.0;0.20456011349094752;0.188363147950148;0.4578916726408115;0.4513345266234299;0.0;0.2706298607640834;0.0;0.28287961570431663;0.4572770920280945;0.0;0.4377595413297831;0.22679653954455956;0.34253470806643027;0.0;0.5198137027847981;0.0;1.0;0.0;0.0;0.5210901468958776;0.3251250017364102;0.37233125855801136;0.0;0.5352781940621735;0.4959270278735737;0.32175800182888165;0.0;0.33507054477891074;0.0;0.35024986326938323;0.0;0.0;0.4335920123719297;0.3576512965467972;0.467476694818397;0.5756513934181654;0.4182235498028114;0.0;0.342307551540419;0.0;0.0;0.2999550174883758;0.35702402843675063;0.0;0.40495745263981736;0.28731083570858873;0.34219639300869087;0.0;0.447508327396959;0.48096012627904894;0.0;0.0;0.41448271818878496;0.0;0.4107541309982444;0.3098791706450261;0.22861470346760426;0.0;0.29850218845790716;0.0;0.32402399071494725;0.4417785514571024;0.361835595308604;0.24046149561322844;0.0;0.0;0.0;0.0;0.0;0.0;0.34228372914083827;0.2859745349385595;0.0;0.24951325054501713;0.0;0.0;0.46944499644030824;0.4677574698273104;0.38957003416144753;0.3774446470009291;0.3385773425298163;0.41761116425169426;0.2710955537263392;0.49556301255174856;0.0;0.0;0.0;0.2118622841761967
GO:0016575;0.7109623343981675;0.0;0.4650390086170881;0.0;0.0;0.3022704630863041;0.0;0.0;0.0;0.0;0.7368081258723469;0.0;0.38160874387510463;0.0;0.0;0.38180177038130175;0.1707990253306998;0.0;0.0;0.1657398564027068;0.0;0.0;0.0;1.0;0.3014229760738295;0.0;0.0;0.0;0.7583547313741222;0.0;0.0;0.0;0.2795983990596579;0.0;0.18215146077386138;0.0;0.7260572608800107;0.0;0.0;0.0;0.0;0.0;0.0;0.7691670681919361;0.0;0.7690205345688906;0.7109851210341019;0.0;0.0;0.711334953437527;0.0;0.0;0.0;0.14456070799368512;0.0;0.0;0.3719515506398519;0.0;0.0;0.7501308028477133;0.0;0.0;0.0;0.0;0.0;0.15886873986164127;0.0;0.0;0.0;0.0;0.0;0.18331937844636043;0.7386232600978;0.4050023212657527;0.17770693814954264;0.7515258236286021;0.0;0.0;0.0;0.0;0.45610817376847573;0.18265251757863107;0.0;0.0;0.38192733007081386;0.0;0.0;0.0;0.0;0.1511565568766239;0.14521897956993765;0.0;0.27361813356856896;0.0
GO:0007062;0.18756673570204335;0.0;0.21678129268055468;0.0;0.0;0.7012364077845086;0.0;0.0;0.0;0.0;0.19813508953460535;0.0;0.16055861871169802;0.0;0.0;0.1606760504846438;0.3247415110636343;0.0;0.0;0.30692832473234244;0.0;0.0;0.0;0.3014229760738295;1.0;0.0;0.0;0.0;0.24698493656237883;0.0;0.0;0.0;0.5153762025531908;0.0;0.36839540697033324;0.0;0.19368992492553966;0.0;0.0;0.0;0.0;0.0;0.0;0.21195569291614796;0.0;0.251890314506778;0.18757587698616293;0.0;0.0;0.18771625708281825;0.0;0.0;0.0;0.24142652639203552;0.0;0.0;0.1344777452796587;0.0;0.0;0.203743589662579;0.0;0.0;0.0;0.0;0.0;0.28416821391699526;0.0;0.0;0.0;0.0;0.0;0.37320415333253637;0.19889264208512683;0.15144998196897982;0.3506581591404593;0.20433737960335008;0.0;0.0;0.0;0.0;0.2101894374591198;0.3704506977195262;0.0;0.0;0.19175694957691647;0.0;0.0;0.0;0.0;0.2604034193638634;0.2432681535054366;0.0;0.49541730973149145;0.0
GO:0045814;0.0;0.27697881752423736;0.0;0.3884632611807708;0.32233404414471434;0.0;0.2553294177024821;0.2492500364350186;0.27739899056790374;0.33889424338984925;0.0;0.297145269583733;0.0;0.28789634395764385;0.41853779800945934;0.0;0.3746774608115572;0.28427087622794905;0.4643082401089578;0.0;0.4809650879585245;0.0;0.5210901468958776;0.0;0.0;1.0;0.22278804908983482;0.31289994233312707;0.0;0.3293726695582504;0.34873005905846227;0.2666622551500133;0.0;0.19813079946895445;0.0;0.39598029980395044;0.0;0.0;0.3706745211765803;0.2462734740799056;0.40349624770287507;0.5378671215240366;0.44180903374897296;0.0;0.46398249918881324;0.0;0.0;0.38122474440907067;0.24581838916707346;0.0;0.45231471252083255;0.3348297109015266;0.4638231077287442;0.0;0.27054742675160265;0.4420203245233755;0.0;0.0;0.30032780069811044;0.0;0.28511312105282727;0.255986524081304;0.2571766928013687;0.0;0.17525799138192935;0.0;0.33348042129484057;0.6090587558188778;0.4108531576324905;0.3241253642599318;0.0;0.0;0.0;0.0;0.0;0.0;0.3016273320891471;0.36248804775360166;0.0;0.31408898340066244;0.0;0.0;0.43057866884788815;0.428905735565317;0.46708049438660254;0.27211420873873354;0.39914500452350793;0.379634574638515;0.3426565397923181;0.8255475476742578;0.0;0.0;0.0;0.21155710334815048
GO:0045737;0.0;0.14545195056003177;0.0;0.20729812943991058;0.5254026175586395;0.0;0.43148515587098235;0.14012584948033893;0.2446843863006007;0.24279940336058095;0.0;0.1403792657466559;0.0;0.16268528932443305;0.35348649163713924;0.0;0.2042432050874465;0.4643729917337553;0.27323013195070694;0.0;0.3490851330480054;0.0;0.3251250017364102;0.0;0.0;0.22278804908983482;1.0;0.18876668324338286;0.0;0.2651702400141561;0.40024011257776493;0.2023098885079723;0.0;0.20460688901684823;0.0;0.15914494619323435;0.0;0.0;0.20333137535825777;0.7015435434677603;0.2104860501628644;0.36824570685986435;0.19988685075836446;0.0;0.3196228747492343;0.0;0.0;0.29313156781056;0.6973353667510603;0.0;0.3589862487865574;0.17659724212814043;0.3195567196761941;0.0;0.2416877480403771;0.3345863011144167;0.0;0.0;0.41383473959748696;0.0;0.5326544372871177;0.17126722202588632;0.1742701216313526;0.0;0.190366176839647;0.0;0.17550153593354414;0.3188714151535142;0.16149449676089475;0.1318018772626717;0.0;0.0;0.0;0.0;0.0;0.0;0.17638243052965427;0.5228870308187229;0.0;0.3795223401707184;0.0;0.0;0.3300871444159262;0.3294196577296347;0.1909014738515608;0.6782295157427796;0.3333331457187618;0.361122706183034;0.4012708801881385;0.21725126659845578;0.0;0.0;0.0;0.1363919336330774
GO:0098908;0.0;0.2591768409662432;0.0;0.4786416385989477;0.23458701216456415;0.0;0.20158922879558452;0.19426966357811354;0.34789923033297215;0.5200794222082068;0.0;0.2829916032753308;0.0;0.34238316620530646;0.30189161025441213;0.0;0.4626632513521898;0.22395138927347255;0.22405243906463915;0.0;0.34492895980095434;0.0;0.37233125855801136;0.0;0.0;0.31289994233312707;0.18876668324338286;1.0;0.0;0.4096580488101595;0.29148815630600305;0.3350121982205728;0.0;0.29404100168754665;0.0;0.37123733121333075;0.0;0.0;0.5350708539070781;0.20813466137678133;0.4959864300454806;0.3837289913234332;0.4408965289339635;0.0;0.22389976505495357;0.0;0.0;0.22169704050623237;0.20776029827452017;0.0;0.23684550102896354;0.2889549021573448;0.2238250564067917;0.0;0.45683801983872213;0.37306752945235794;0.0;0.0;0.21902116306081598;0.0;0.23994955085871036;0.3763565380345223;0.2417583210072124;0.0;0.26106867902302233;0.0;0.39424865712406465;0.2912930813331249;0.38427897962753416;0.2501713692720346;0.0;0.0;0.0;0.0;0.0;0.0;0.287053935616637;0.21109584613396096;0.0;0.24688945458604947;0.0;0.0;0.31023122176484896;0.30907364366154405;0.23098145287797442;0.19897065812020298;0.2930646211751683;0.36960599340047856;0.26876956326617074;0.29683719961809296;0.0;0.0;0.0;0.33011373240816283
GO:0036124;0.6477826678530313;0.0;0.3981910951681332;0.0;0.0;0.24755365957825395;0.0;0.0;0.0;0.0;0.6359675835039178;0.0;0.335403353288641;0.0;0.0;0.3355524570222168;0.1409405044747634;0.0;0.0;0.13747764599226336;0.0;0.0;0.0;0.7583547313741222;0.24698493656237883;0.0;0.0;0.0;1.0;0.0;0.0;0.0;0.23213752914901797;0.0;0.14858190081571943;0.0;0.6279420725871699;0.0;0.0;0.0;0.0;0.0;0.0;0.6599312291621439;0.0;0.9380369870717503;0.6478006744508236;0.0;0.0;0.6480771019731633;0.0;0.0;0.0;0.12258106059451848;0.0;0.0;0.3316657211003096;0.0;0.0;0.6458685874555086;0.0;0.0;0.0;0.0;0.0;0.13271642153236757;0.0;0.0;0.0;0.0;0.0;0.14935808689179286;0.637319417889722;0.3576942905830642;0.14561126801214036;0.646902497512948;0.0;0.0;0.0;0.0;0.3916251546800509;0.14891512257795195;0.0;0.0;0.3306068640390914;0.0;0.0;0.0;0.0;0.12729099090930332;0.1230540492666029;0.0;0.22800018670627586;0.0
GO:2001022;0.0;0.27602349267107856;0.0;0.5082629577383619;0.33142897850718245;0.0;0.227307033740192;0.2004952688474217;0.4986000435473127;0.49083504415342155;0.0;0.29639829795882383;0.0;0.30391879880709854;0.31341213637377796;0.0;0.49028283674513784;0.2000546287749788;0.23033616547563504;0.0;0.3600505911520185;0.0;0.5352781940621735;0.0;0.0;0.3293726695582504;0.2651702400141561;0.4096580488101595;0.0;1.0;0.41477819629190005;0.34925887360197916;0.0;0.3563615286186913;0.0;0.3946548885762015;0.0;0.0;0.48506122017795783;0.2930848590065174;0.5278649445199273;0.4025366847385877;0.46590818688638463;0.0;0.23017481073667537;0.0;0.0;0.2278475299826236;0.29254401791449947;0.0;0.2898878178252295;0.340682668402368;0.23009585655612338;0.0;0.6074454190690716;0.33095887085167414;0.0;0.0;0.30883470619689046;0.0;0.33923328799132824;0.335306706837653;0.25635288048357574;0.0;0.3152831542316156;0.0;0.3519303752988642;0.3020045523814378;0.5045764657111605;0.3754975601880984;0.0;0.0;0.0;0.0;0.0;0.0;0.37536514019919975;0.21666479851083098;0.0;0.2795542799178779;0.0;0.0;0.3224098759536179;0.3211598116354556;0.2398359490159023;0.2798601756446602;0.3039092002640967;0.28433389369831247;0.24108895870523522;0.3116221227688605;0.0;0.0;0.0;0.22344735025077372
GO:0002092;0.0;0.18060879536355476;0.0;0.3381695729445401;0.4809591863599176;0.0;0.20993515180029046;0.2276720384795797;0.45310822080514784;0.36253016854042863;0.0;0.2139996331846563;0.0;0.23364685849731376;0.3786277804842414;0.0;0.33011473333507485;0.23028264107245813;0.2968954605238935;0.0;0.420169251155527;0.0;0.4959270278735737;0.0;0.0;0.34873005905846227;0.40024011257776493;0.29148815630600305;0.0;0.41477819629190005;1.0;0.3025885564921691;0.0;0.35027162671349915;0.0;0.37342471895280244;0.0;0.0;0.3277392331237301;0.43502301483052314;0.4042316681477827;0.4556252893187014;0.3188819795687822;0.0;0.2967260652212609;0.0;0.0;0.2942779022889084;0.4912467780287994;0.0;0.4152253834143287;0.2437309369483553;0.2966431605722109;0.0;0.36005739814703047;0.39459582521262865;0.0;0.0;0.4541427058503593;0.0;0.4900587666368311;0.2935124381268177;0.17197431678688702;0.0;0.25688457969466016;0.0;0.3046058441345454;0.3680175292578029;0.26727194536610405;0.19468542183842108;0.0;0.0;0.0;0.0;0.0;0.0;0.40729795804221114;0.28238481739121735;0.0;0.2506278830166084;0.0;0.0;0.3868685057395157;0.3857302751803328;0.27645076738772617;0.4186896853246251;0.3247215239557964;0.3512128647065015;0.26955645066652206;0.33535198724580856;0.0;0.0;0.0;0.2708520758638504
GO:1901673;0.0;0.2139121456099542;0.0;0.39818568504324764;0.213449176622995;0.0;0.14097103903179825;0.17538824805603512;0.4007267061897057;0.29939334651040045;0.0;0.24462880980479643;0.0;0.26080664031183376;0.2677668282902951;0.0;0.38706511289158957;0.15558180034742392;0.20469210547507172;0.0;0.3010875489286739;0.0;0.32175800182888165;0.0;0.0;0.2666622551500133;0.2023098885079723;0.3350121982205728;0.0;0.34925887360197916;0.3025885564921691;1.0;0.0;0.26524618794109694;0.0;0.3078962934521392;0.0;0.0;0.3838033340991085;0.19132431561799954;0.4781216584259846;0.33023449370780605;0.3717124915448743;0.0;0.20456466906798443;0.0;0.0;0.2657105303353399;0.25285365815356964;0.0;0.21531737248377683;0.22395595010663671;0.20450230457847904;0.0;0.2970808256560673;0.28047114862357125;0.0;0.0;0.20048460182908312;0.0;0.21787972867638736;0.33061134572341294;0.20190561667345627;0.0;0.20420576181986783;0.0;0.2953880971918967;0.2593957014004958;0.3168137858813248;0.21971202779790375;0.0;0.0;0.0;0.0;0.0;0.0;0.2476585071629958;0.1938236149003416;0.0;0.17037106541941435;0.0;0.0;0.27430721269891084;0.27340181071547476;0.20477099429113443;0.18355319062732;0.2607995717766881;0.24625098077241256;0.18429519921336399;0.2549068151630495;0.0;0.0;0.0;0.1992336352346737
GO:0006376;0.17328919127023254;0.0;0.19793322915610112;0.0;0.0;0.5178587448819183;0.0;0.0;0.0;0.0;0.18227133453352803;0.0;0.14998081377234398;0.0;0.0;0.1500832771944649;0.28420096610761014;0.0;0.0;0.2704636681389412;0.0;0.0;0.0;0.2795983990596579;0.5153762025531908;0.0;0.0;0.0;0.23213752914901797;0.0;0.0;0.0;1.0;0.0;0.3170839148834587;0.0;0.17850271222746975;0.0;0.0;0.0;0.0;0.0;0.0;0.19390247351606635;0.0;0.23646569649127486;0.1732969938264336;0.0;0.0;0.17341680818940444;0.0;0.0;0.0;0.2182781047018493;0.0;0.0;0.12697704421353698;0.0;0.0;0.18700696202994946;0.0;0.0;0.0;0.0;0.0;0.25263325687557037;0.0;0.0;0.0;0.0;0.0;0.3206399251454744;0.1829122397305895;0.14200300236115795;0.30385486995102884;0.18750708467499377;0.0;0.0;0.0;0.0;0.19242323433229633;0.3186053587408942;0.0;0.0;0.17685969595168974;0.0;0.0;0.0;0.0;0.23367434375166735;0.21978240503374027;0.0;0.751569685431191;0.0
GO:0060999;0.0;0.15183998045432956;0.0;0.3791306562973673;0.24192594011509222;0.0;0.12373519483480758;0.14288275715003904;0.50207856483287;0.31709761234940437;0.0;0.1857032698886587;0.0;0.4398083650640206;0.2117427483982846;0.0;0.2799815424484645;0.134850739037526;0.1702560724098837;0.0;0.23205019389912573;0.0;0.33507054477891074;0.0;0.0;0.19813079946895445;0.20460688901684823;0.29404100168754665;0.0;0.3563615286186913;0.35027162671349915;0.26524618794109694;0.0;1.0;0.0;0.22002414859699881;0.0;0.0;0.46113721429288057;0.2208363603337178;0.3402409323482188;0.24898720504981448;0.2718594997396897;0.0;0.17016789810536845;0.0;0.0;0.1688925323826521;0.272457849066142;0.0;0.21103807367448457;0.3025719235932572;0.17012474086676466;0.0;0.3152041667917603;0.21960894956710938;0.0;0.0;0.22966137431517017;0.0;0.2460579889995731;0.6740995652229806;0.14569032915012428;0.0;0.42532952370439686;0.0;0.26712038790761566;0.20647363523582227;0.2245406223254302;0.20820140642610396;0.0;0.0;0.0;0.0;0.0;0.0;0.2338645272462269;0.16266908964418908;0.0;0.1458223222712781;0.0;0.0;0.215811798171285;0.21525097861974532;0.16179624947508114;0.2132436389613415;0.20736212288593764;0.198058358617427;0.15590416836494725;0.19156680593873998;0.0;0.0;0.0;0.16646268925316499
