;GO:0018108;GO:0035562;GO:0008380;GO:0090335;GO:0045727;GO:0007098;GO:0043508;GO:1901386;GO:0051491;GO:1900453;GO:0046777;GO:0044830;GO:0006367;GO:0048715;GO:0051090;GO:0006368;GO:0007215;GO:0000188;GO:0045892;GO:0097368;GO:0000381;GO:0048488;GO:2000637;GO:0016575;GO:0007062;GO:0045814;GO:0045737;GO:0098908;GO:0036124;GO:2001022;GO:0002092;GO:1901673;GO:0006376;GO:0060999;GO:0006974;GO:0046822;GO:1990264;GO:0098586;GO:0030856;GO:0035508;GO:0001558;GO:0043484;GO:0050680;GO:0018345;GO:2000766;GO:0034773;GO:0018105;GO:0032876;GO:0033129;GO:0018107;GO:1902373;GO:0060266;GO:0045947;GO:0008089;GO:0043123;GO:0043488;GO:0042795;GO:0009615;GO:0045944;GO:0006468;GO:1901800;GO:0048814;GO:1902416;GO:0042953;GO:0045591;GO:0034644;GO:0010633;GO:0033119;GO:0002819;GO:1905042;GO:0051028;GO:0048709;GO:0035970;GO:0006351;GO:0035690;GO:0006470;GO:1901254;GO:0044387;GO:1903830;GO:1903753;GO:0006397;GO:0048666;GO:0006359;GO:0006357;GO:0006349;GO:1901409;GO:0010923;GO:0099578;GO:0070373;GO:0031047;GO:0072711;GO:0032496;GO:0070898;GO:2000301
GO:0018108;1.0;0.0;0.45254938390321703;0.0;0.0;0.28863536137074036;0.0;0.0;0.0;0.0;0.7270704702469395;0.0;0.38375875364667716;0.0;0.0;0.38375875364667716;0.3391243563254911;0.0;0.0;0.28863536137074036;0.0;0.0;0.0;0.5334025645661277;0.3509125221239353;0.0;0.0;0.0;0.4549506646052372;0.0;0.0;0.0;0.3222946913405742;0.0;0.3634122464446909;0.0;0.46147572836570255;0.0;0.0;0.0;0.0;0.0;0.0;0.5273006315965283;0.0;0.4549506646052372;0.7369151931628157;0.0;0.0;0.7293846084858964;0.0;0.0;0.0;0.3148244774210553;0.0;0.0;0.39937913441755;0.0;0.0;0.8380595413915299;0.0;0.0;0.0;0.0;0.0;0.2677512836541788;0.0;0.0;0.0;0.0;0.0;0.31530974927153355;0.48827828292736314;0.506668912312754;0.36508739848460087;0.5814156764266536;0.0;0.0;0.0;0.0;0.4552499505781438;0.3712166862124711;0.0;0.0;0.34957000808785776;0.0;0.0;0.0;0.0;0.3295414997152397;0.24182041719321262;0.0;0.28863536137074036;0.0
GO:0035562;0.0;1.0;0.0;0.24582928588180025;0.28929195435672733;0.0;0.3941495976770595;0.4634129946561523;0.219154897981007;0.2519585736096705;0.0;0.2715886299751829;0.0;0.2715886299751829;0.5141491772998261;0.0;0.3220776249299337;0.4332268696330802;0.31596634225752057;0.0;0.19235234341934632;0.0;0.25823216993702774;0.0;0.0;0.26336470461203737;0.36874760086886293;0.27863296151046374;0.0;0.30856486750705553;0.23598456296592396;0.20514362943214276;0.0;0.28841829496009985;0.0;0.30547901276901473;0.0;0.0;0.3452121056617627;0.3420732129680697;0.35613124725103235;0.2773759731609016;0.2864735579206747;0.0;0.2428413383740971;0.0;0.0;0.20514362943214276;0.16969110642992985;0.0;0.25563262438689355;0.2346436367742753;0.2546295041725413;0.0;0.231818017332936;0.31603508142657444;0.0;0.0;0.30580897430735504;0.0;0.2364924378792958;0.31509268286089304;0.538557178493858;0.0;0.20725988883915142;0.0;0.2851326317290261;0.23880295940197666;0.3558117103390425;0.219154897981007;0.0;0.0;0.0;0.0;0.0;0.0;0.2346436367742753;0.42695327330572297;0.0;0.19235234341934632;0.0;0.0;0.2442209013881635;0.3460194941821712;0.24582928588180025;0.19741516592327513;0.5225933424622383;0.20514362943214276;0.19235234341934632;0.2928647119541699;0.0;0.0;0.0;0.23880295940197666
GO:0008380;0.45254938390321703;0.0;1.0;0.0;0.0;0.4543679656954753;0.0;0.0;0.0;0.0;0.4612094780121676;0.0;0.6018573548332254;0.0;0.0;0.6018573548332254;0.504856960650226;0.0;0.0;0.4543679656954753;0.0;0.0;0.0;0.583210077407486;0.5166451264486702;0.0;0.0;0.0;0.5298613016058997;0.0;0.0;0.0;0.48802729566530906;0.0;0.46005100285283623;0.0;0.5298613016058997;0.0;0.0;0.0;0.0;0.0;0.0;0.5771081444378867;0.0;0.5298613016058997;0.4710542009280439;0.0;0.0;0.46352361625112454;0.0;0.0;0.0;0.49787201858118535;0.0;0.0;0.6018573548332254;0.0;0.0;0.5352535559558506;0.0;0.0;0.0;0.0;0.0;0.3606681437500439;0.0;0.0;0.0;0.0;0.0;0.4810423535962684;0.40530254107123004;0.7091471327284293;0.46172615489274615;0.48829749593127364;0.0;0.0;0.0;0.0;0.725015039334364;0.536949290537206;0.0;0.0;0.47844516318223046;0.0;0.0;0.0;0.0;0.4374940718917773;0.32980920516080564;0.0;0.4543679656954753;0.0
GO:0090335;0.0;0.24582928588180025;0.0;1.0;0.3673695340245305;0.0;0.2504175334712824;0.23676874105877915;0.2659062722645507;0.3028512654654583;0.0;0.26675402025138994;0.0;0.38980081032103997;0.35339964988644923;0.0;0.35334026042020905;0.27548353687843885;0.37672898508992847;0.0;0.2504175334712824;0.0;0.341928537421479;0.0;0.0;0.292171419802621;0.3295256533662515;0.3295256533662515;0.0;0.39943373318765507;0.31968093045037527;0.2832212090999459;0.0;0.4066304753059569;0.0;0.3357631982040024;0.0;0.0;0.6022668027537803;0.23640626492241817;0.4296851760962367;0.34144228427984047;0.37016992540512594;0.0;0.31639526721930145;0.0;0.0;0.2832212090999459;0.23640626492241817;0.0;0.31639526721930145;0.45889465823762954;0.32818343301774566;0.0;0.2925806601653439;0.34729771691684985;0.0;0.0;0.36387416435929115;0.0;0.30632447041222;0.47559615656167903;0.2486476823178529;0.0;0.41647519822183315;0.0;0.33371020405469665;0.29956560223438455;0.3879220938161571;0.3708118559317698;0.0;0.0;0.0;0.0;0.0;0.0;0.26675402025138994;0.22361497890962173;0.0;0.2659062722645507;0.0;0.0;0.3049835442205714;0.4067821370145791;0.27611347131678793;0.2672471984561994;0.3037663092728688;0.2659062722645507;0.2504175334712824;0.292171419802621;0.0;0.0;0.0;0.31688053906977975
GO:0045727;0.0;0.28929195435672733;0.0;0.3673695340245305;1.0;0.0;0.4292247757077144;0.28145139206977404;0.4007039974694184;0.42033405383493083;0.0;0.30691302043978613;0.0;0.3233802092883421;0.5963210955519267;0.0;0.39118414107848803;0.48379078645700335;0.6369653675908011;0.0;0.49354136238157525;0.0;0.5326186343375959;0.0;0.0;0.5785649921231304;0.582510232465151;0.3673695340245305;0.0;0.5437190761187882;0.5834130891181171;0.3233802092883421;0.0;0.4002187256189401;0.0;0.3777483964345255;0.0;0.0;0.47089367137673704;0.5558358445643579;0.4644978761306115;0.6113686677517939;0.408013806063405;0.0;0.6919272687719937;0.0;0.0;0.47667886321434627;0.5826383991260184;0.0;0.7084303297566443;0.38391702728665816;0.703715434570438;0.0;0.4273783853702116;0.6616630142004538;0.0;0.0;0.7291066723349733;0.0;0.638545336066956;0.36688426217405223;0.29333033332884784;0.0;0.4100634485348164;0.0;0.37386920424309283;0.5540032469130697;0.42808109400455335;0.29142428164651785;0.0;0.0;0.0;0.0;0.0;0.0;0.4007666696051769;0.4620284513363779;0.0;0.4447135145009827;0.0;0.0;0.5652199267214442;0.6670185195154519;0.547018304844029;0.5994680641109353;0.42653181582578575;0.641438273817243;0.4620284513363779;0.5517624375614698;0.0;0.0;0.0;0.35703953925817594
GO:0007098;0.28863536137074036;0.0;0.4543679656954753;0.0;0.0;1.0;0.0;0.0;0.0;0.0;0.297295455479691;0.0;0.3855773354389354;0.0;0.0;0.3855773354389354;0.43606633039368614;0.0;0.0;0.3855773354389354;0.0;0.0;0.0;0.5305503949334511;0.6006708810341475;0.0;0.0;0.0;0.4772016191318648;0.0;0.0;0.0;0.5108609491016987;0.0;0.41806292715795695;0.0;0.3855773354389354;0.0;0.0;0.0;0.0;0.0;0.0;0.4328241782709224;0.0;0.4772016191318648;0.30714017839556723;0.0;0.0;0.2996095937186479;0.0;0.0;0.0;0.6290268783391035;0.0;0.0;0.3855773354389354;0.0;0.0;0.3683083527994698;0.0;0.0;0.0;0.0;0.0;0.2918775134935041;0.0;0.0;0.0;0.0;0.0;0.4122517233397286;0.24138851853875337;0.4928671133341394;0.41973807919786693;0.3213522927748928;0.0;0.0;0.0;0.0;0.45706853237040207;0.46815866028066616;0.0;0.0;0.28769296280505896;0.0;0.0;0.0;0.0;0.401507117263901;0.28367981189368235;0.0;0.4772016191318648;0.0
GO:0043508;0.0;0.3941495976770595;0.0;0.2504175334712824;0.4292247757077144;0.0;1.0;0.3673470431153988;0.19694059100882855;0.3287730836579212;0.0;0.19326468817306902;0.0;0.26939654409412445;0.39542198876965606;0.0;0.27423214052524;0.7830798325564694;0.45901401167440975;0.0;0.2513717399220743;0.0;0.3290184089207438;0.0;0.0;0.40641237402892655;0.5695674532453698;0.3399587327654461;0.0;0.49876470178110205;0.30677080194964;0.209731877021625;0.0;0.22656154200654188;0.0;0.26679751694828024;0.0;0.0;0.34980035325124487;0.3548755390957965;0.3434045580051193;0.3341509435957534;0.3507264725826564;0.0;0.481789784891736;0.0;0.0;0.33418003030016774;0.44213667390935896;0.0;0.3846690252549185;0.3400968062955858;0.49357795069018023;0.0;0.4456515580809781;0.34000637623276275;0.0;0.0;0.364828370810083;0.0;0.37418083316240675;0.2532359299073351;0.3203334809103378;0.0;0.2118481364286336;0.0;0.33389680759773943;0.38185062881886583;0.405451234320836;0.3400968062955858;0.0;0.0;0.0;0.0;0.0;0.0;0.19326468817306902;0.6051876258046066;0.0;0.7180504089974524;0.0;0.0;0.3022158543590831;0.4040144471530908;0.30260425631665205;0.45896633889427585;0.4910730980411018;0.33106518223426556;0.6258200167677506;0.3924011054800623;0.0;0.0;0.0;0.4031361831295243
GO:1901386;0.0;0.4634129946561523;0.0;0.23676874105877915;0.28145139206977404;0.0;0.3673470431153988;1.0;0.2100943531579859;0.33471367158055215;0.0;0.23959436050011845;0.0;0.29776867837964455;0.4646853857487489;0.0;0.29008335545486924;0.4064243150714195;0.39310265241175407;0.0;0.18553622466420133;0.0;0.24917162511400665;0.0;0.0;0.34050101476627087;0.3547363323199987;0.2662687484009117;0.0;0.2980268524396304;0.3480001921544174;0.19730306714518947;0.0;0.2564240254850354;0.0;0.45029831758617167;0.0;0.0;0.33467409059433756;0.315270658406409;0.3437670341414803;0.2683154283378805;0.3650873383193122;0.0;0.3187576659922628;0.0;0.0;0.28227993958637626;0.16449939151652598;0.0;0.3187576659922628;0.31508361521503975;0.330545831790707;0.0;0.2239774550459827;0.2881821295237541;0.0;0.0;0.29899285555221006;0.0;0.23054876709671063;0.2830984133858286;0.3757325429379036;0.0;0.20131621805656624;0.0;0.3980206264657633;0.31593926955621016;0.3452736952716174;0.29776867837964455;0.0;0.0;0.0;0.0;0.0;0.0;0.36397420279816395;0.3941495976770595;0.0;0.25547738502471556;0.0;0.0;0.2363803391012102;0.3381789318952179;0.23676874105877915;0.19147149514068995;0.48030204910730934;0.19730306714518947;0.268268671037512;0.3264897462174066;0.0;0.0;0.0;0.4545839371109032
GO:0051491;0.0;0.219154897981007;0.0;0.2659062722645507;0.4007039974694184;0.0;0.19694059100882855;0.2100943531579859;1.0;0.33618572891034626;0.0;0.24007963235059676;0.0;0.25654682119915273;0.326725261985656;0.0;0.30703581615390346;0.23601786296484922;0.334565858395867;0.0;0.209731877021625;0.0;0.37526300086636694;0.0;0.0;0.26549703190182783;0.36286011681113944;0.3028512654654583;0.0;0.43276819663254307;0.4386216660788101;0.41959223806198775;0.0;0.561555406258029;0.0;0.3090888103032092;0.0;0.0;0.36711529008664007;0.2697407283673061;0.49022006947653984;0.2974529595436521;0.3065505443034252;0.0;0.2602208719763757;0.0;0.0;0.22374314557048924;0.3848470078929856;0.0;0.34747728326983063;0.25654682119915273;0.27200903777481994;0.0;0.34323006044562704;0.3033083921806614;0.0;0.0;0.4126973665974474;0.0;0.339658933857108;0.5125320663567768;0.2219732944170597;0.0;0.31042638481696355;0.0;0.30703581615390346;0.2574024755403231;0.361247705915364;0.22276469551520156;0.0;0.0;0.0;0.0;0.0;0.0;0.3392795816700089;0.1851737485278404;0.0;0.209731877021625;0.0;0.0;0.2628204175265099;0.36461901032051763;0.24943908341599474;0.30058166190108726;0.26308065282321136;0.22374314557048924;0.209731877021625;0.26549703190182783;0.0;0.0;0.0;0.2574024755403231
GO:1900453;0.0;0.2519585736096705;0.0;0.3028512654654583;0.42033405383493083;0.0;0.3287730836579212;0.33471367158055215;0.33618572891034626;1.0;0.0;0.28237092570552574;0.0;0.34054524358505184;0.369016555340585;0.0;0.34932710950883245;0.38516529244933706;0.4513679564104296;0.0;0.23923188436375753;0.0;0.3979242378557835;0.0;0.0;0.3987663187649464;0.385521353800556;0.44185625631069914;0.0;0.45957075119420365;0.37567663088467973;0.25654682119915273;0.0;0.37567663088467973;0.0;0.34603380350411683;0.0;0.0;0.40940658344156905;0.28375199691617037;0.4298133427571041;0.3343979527445597;0.4346664580863801;0.0;0.368373001550386;0.0;0.0;0.34054524358505184;0.28375199691617037;0.0;0.368373001550386;0.4001514737753759;0.3801611673488302;0.0;0.47281474871733337;0.43906795284576067;0.0;0.0;0.4126973665974474;0.0;0.3551476726503763;0.34234216743979184;0.25147330175919225;0.0;0.32591512361023184;0.0;0.45064046873012664;0.3742045735548857;0.40353899927029296;0.3673477981467124;0.0;0.0;0.0;0.0;0.0;0.0;0.3392795816700089;0.26545027460145937;0.0;0.3460880204933164;0.0;0.0;0.2956240931551734;0.3974226859491811;0.28638407661690235;0.31607040069435555;0.3516027260317092;0.5241331069915002;0.3657180768588288;0.3761050817755298;0.0;0.0;0.0;0.5309898823996735
GO:0046777;0.7270704702469395;0.0;0.4612094780121676;0.0;0.0;0.297295455479691;0.0;0.0;0.0;0.0;1.0;0.0;0.3924188477556278;0.0;0.0;0.3924188477556278;0.34778445043444167;0.0;0.0;0.297295455479691;0.0;0.0;0.0;0.5420626586750783;0.3595726162328859;0.0;0.0;0.0;0.41962003495690237;0.0;0.0;0.0;0.3309547854495248;0.0;0.3720723405536415;0.0;0.4701358224746532;0.0;0.0;0.0;0.0;0.0;0.0;0.5359607257054789;0.0;0.41962003495690237;0.7455752872717663;0.0;0.0;0.7380447025948469;0.0;0.0;0.0;0.32348457153000587;0.0;0.0;0.40803922852650065;0.0;0.0;0.8467196355004806;0.0;0.0;0.0;0.0;0.0;0.27641137776312935;0.0;0.0;0.0;0.0;0.0;0.3239698433804841;0.49693837703631377;0.5153290064217046;0.37374749259355144;0.5900757705356043;0.0;0.0;0.0;0.0;0.46391004468709446;0.37987678032142175;0.0;0.0;0.35823010219680834;0.0;0.0;0.0;0.0;0.3382015938241903;0.25048051130216326;0.0;0.297295455479691;0.0
GO:0044830;0.0;0.2715886299751829;0.0;0.26675402025138994;0.30691302043978613;0.0;0.19326468817306902;0.23959436050011845;0.24007963235059676;0.28237092570552574;0.0;1.0;0.0;0.3842684492507788;0.3793519210536896;0.0;0.43475744420552953;0.2323419601290897;0.3335874083405793;0.0;0.20727595672193327;0.0;0.27915690430661744;0.0;0.0;0.2809857706950961;0.26675402025138994;0.3090453136063189;0.0;0.3336309194488894;0.25690929733551365;0.22276469551520156;0.0;0.4010981142356957;0.0;0.3264037471386044;0.0;0.4651251703267823;0.3702781576035965;0.18047340216027258;0.38654359934688753;0.2983007075304913;0.30739829229026444;0.0;0.257764951676684;0.0;0.0;0.22276469551520156;0.19326468817306902;0.0;0.2732536904699523;0.25970968871610917;0.2695531174751282;0.0;0.24943908341599474;0.3464474335224296;0.0;0.506098416831412;0.320732587609942;0.0;0.24917162511400665;0.42777250213648893;0.26878823859458745;0.0;0.2199390760738622;0.0;0.3101986836708599;0.2564240254850354;0.3808777622808764;0.24007963235059676;0.0;0.0;0.0;0.0;0.0;0.0;0.5599569988864026;0.20727595672193327;0.0;0.20727595672193327;0.0;0.0;0.26184196747122224;0.36364056026522995;0.28638407661690235;0.2100943531579859;0.29342840815218313;0.22276469551520156;0.20727595672193327;0.3673945554470809;0.0;0.0;0.0;0.2564240254850354
GO:0006367;0.38375875364667716;0.0;0.6018573548332254;0.0;0.0;0.3855773354389354;0.0;0.0;0.0;0.0;0.3924188477556278;0.0;1.0;0.0;0.0;0.602880936475586;0.43606633039368614;0.0;0.0;0.3855773354389354;0.0;0.0;0.0;0.5144194471509462;0.44785449619213036;0.0;0.0;0.0;0.4610706713493598;0.0;0.0;0.0;0.41923666540876925;0.0;0.41806292715795695;0.0;0.4610706713493598;0.0;0.0;0.0;0.0;0.0;0.0;0.5083175141813467;0.0;0.4610706713493598;0.40226357067150403;0.0;0.0;0.39473298599458473;0.0;0.0;0.0;0.42908138832464554;0.0;0.0;0.602880936475586;0.0;0.0;0.46646292569931075;0.0;0.0;0.0;0.0;0.0;0.2918775134935041;0.0;0.0;0.0;0.0;0.0;0.4122517233397286;0.3365119108146902;0.71017071437079;0.41973807919786693;0.4195068656747338;0.0;0.0;0.0;0.0;0.6045579215081522;0.46815866028066616;0.0;0.0;0.4692607631160147;0.0;0.0;0.0;0.0;0.401507117263901;0.28367981189368235;0.0;0.3855773354389354;0.0
GO:0048715;0.0;0.2715886299751829;0.0;0.38980081032103997;0.3233802092883421;0.0;0.26939654409412445;0.29776867837964455;0.25654682119915273;0.34054524358505184;0.0;0.3842684492507788;0.0;1.0;0.39581910990224556;0.0;0.4512246330540855;0.3084738160501451;0.40971926426163474;0.0;0.22374314557048924;0.0;0.2956240931551734;0.0;0.0;0.3391600885746222;0.2832212090999459;0.3803786252329736;0.0;0.35009810829744537;0.2733764861840696;0.23923188436375753;0.0;0.5916760816451523;0.0;0.3264037471386044;0.0;0.0;0.4933249476732465;0.19694059100882855;0.4030107881954435;0.3147678963790473;0.38353014821131987;0.0;0.33389680759773943;0.0;0.0;0.298896551436257;0.209731877021625;0.0;0.3493855463910077;0.42638475874899195;0.34568497339618365;0.0;0.2659062722645507;0.3629146223709856;0.0;0.0;0.33719977645849797;0.0;0.2656388139625626;0.6183504695459455;0.26878823859458745;0.0;0.34298586614351223;0.0;0.4392175035962832;0.3325558814060908;0.3808777622808764;0.38114840319436016;0.0;0.0;0.0;0.0;0.0;0.0;0.25970968871610917;0.2834078126429887;0.0;0.2834078126429887;0.0;0.0;0.2783091563197782;0.3801077491137859;0.28638407661690235;0.22656154200654188;0.36956026407323855;0.23923188436375753;0.2834078126429887;0.425568873326607;0.0;0.0;0.0;0.3325558814060908
GO:0051090;0.0;0.5141491772998261;0.0;0.35339964988644923;0.5963210955519267;0.0;0.39542198876965606;0.4646853857487489;0.326725261985656;0.369016555340585;0.0;0.3793519210536896;0.0;0.39581910990224556;1.0;0.0;0.44630810485699635;0.4344992607256768;0.7216586805457514;0.0;0.49384919319642706;0.0;0.4959875132100981;0.0;0.0;0.5645951079850491;0.4549000522991128;0.3956909432413782;0.0;0.4202765490839486;0.4520442117197358;0.3094103251502608;0.0;0.4126487748871625;0.0;0.39658218792510774;0.0;0.0;0.4569237872386558;0.42822566439831955;0.4731892289819468;0.6116764985666457;0.39404392192532367;0.0;0.5358592110204323;0.0;0.0;0.46270897907626496;0.3601195777512264;0.0;0.5711407427128384;0.38957719951408926;0.5476473768188765;0.0;0.33608471305105403;0.5579257010133309;0.0;0.0;0.6820013052534535;0.0;0.4315152534854323;0.4393231627879557;0.5041762877230824;0.0;0.3065847057089215;0.0;0.3968443133059192;0.5543110777279215;0.45105620306737965;0.3102580731371;0.0;0.0;0.0;0.0;0.0;0.0;0.3298881295026124;0.42822566439831955;0.0;0.3601195777512264;0.0;0.0;0.6499132396763945;0.7517118324704022;0.5330484207059478;0.5525706637216982;0.5238657335548349;0.48537021606568154;0.3601195777512264;0.5377925534233885;0.0;0.0;0.0;0.3430696551200947
GO:0006368;0.38375875364667716;0.0;0.6018573548332254;0.0;0.0;0.3855773354389354;0.0;0.0;0.0;0.0;0.3924188477556278;0.0;0.602880936475586;0.0;0.0;1.0;0.43606633039368614;0.0;0.0;0.3855773354389354;0.0;0.0;0.0;0.5144194471509462;0.44785449619213036;0.0;0.0;0.0;0.4610706713493598;0.0;0.0;0.0;0.41923666540876925;0.0;0.41806292715795695;0.0;0.4610706713493598;0.0;0.0;0.0;0.0;0.0;0.0;0.5083175141813467;0.0;0.4610706713493598;0.40226357067150403;0.0;0.0;0.39473298599458473;0.0;0.0;0.0;0.42908138832464554;0.0;0.0;0.602880936475586;0.0;0.0;0.46646292569931075;0.0;0.0;0.0;0.0;0.0;0.2918775134935041;0.0;0.0;0.0;0.0;0.0;0.4122517233397286;0.3365119108146902;0.71017071437079;0.41973807919786693;0.4195068656747338;0.0;0.0;0.0;0.0;0.6045579215081522;0.46815866028066616;0.0;0.0;0.4692607631160147;0.0;0.0;0.0;0.0;0.401507117263901;0.28367981189368235;0.0;0.3855773354389354;0.0
GO:0007215;0.3391243563254911;0.3220776249299337;0.504856960650226;0.35334026042020905;0.39118414107848803;0.43606633039368614;0.27423214052524;0.29008335545486924;0.30703581615390346;0.34932710950883245;0.34778445043444167;0.43475744420552953;0.43606633039368614;0.4512246330540855;0.44630810485699635;0.43606633039368614;1.0;0.2992981439323964;0.400543592143886;0.43606633039368614;0.27423214052524;0.0;0.36574314447543654;0.4894151061952725;0.4983434911468811;0.33147476564984685;0.35334026042020905;0.37600149740962563;0.43606633039368614;0.4232483402416126;0.3434955375043328;0.30703581615390346;0.46972566036352;0.46805429803900245;0.4685519221127077;0.37689274209335516;0.43606633039368614;0.0;0.4598955783963198;0.2602208719763757;0.45349978315019424;0.365256891333798;0.3939845324590835;0.48331317322567313;0.340209874273259;0.43606633039368614;0.35762917335031796;0.30703581615390346;0.2602208719763757;0.35009858867339866;0.340209874273259;0.32666587251941587;0.3519980400717032;0.4795703832793962;0.31639526721930145;0.4134036173257364;0.43606633039368614;0.0;0.3876887714132487;0.41879734775422045;0.33013907746617754;0.4947286859397956;0.3192772335493382;0.0;0.30090652842603316;0.34236650844825484;0.3771548674741666;0.3233802092883421;0.43136675723562706;0.2905686273053475;0.0;0.4627407182944793;0.2918775134935041;0.54335610828889;0.4702270741526176;0.37184128772964353;0.3101986836708599;0.27423214052524;0.0;0.28972087931850826;0.5075575273251528;0.5186476552354169;0.32879815127452894;0.43059674406853665;0.3381819577598097;0.2910618055101569;0.36038459195548983;0.28972087931850826;0.27423214052524;0.4519961122186517;0.3341688068484331;0.0;0.43606633039368614;0.3406951461237373
GO:0000188;0.0;0.4332268696330802;0.0;0.27548353687843885;0.48379078645700335;0.0;0.7830798325564694;0.4064243150714195;0.23601786296484922;0.38516529244933706;0.0;0.2323419601290897;0.0;0.3084738160501451;0.4344992607256768;0.0;0.2992981439323964;1.0;0.4980912836304304;0.0;0.29044901187809496;0.0;0.3540844123279002;0.0;0.0;0.4454896459849472;0.6086447252013906;0.39452474351473504;0.0;0.41277040223813793;0.34584807390566075;0.23601786296484922;0.0;0.2656388139625626;0.0;0.3058747889043009;0.0;0.0;0.37338888641399726;0.40796407960068143;0.3669930911678717;0.3732282155517741;0.4052924833319453;0.0;0.5208670568477567;0.0;0.0;0.38726857080505267;0.500844002230892;0.0;0.4377575657598034;0.39466281704487477;0.5326552226462009;0.0;0.5043588864025113;0.3790836481887835;0.0;0.0;0.4039056427661037;0.0;0.4260493911312238;0.29231320186335574;0.3594107528663585;0.0;0.24003101387622594;0.0;0.3884628183470284;0.4209279007748865;0.4600172450701249;0.39466281704487477;0.0;0.0;0.0;0.0;0.0;0.0;0.2323419601290897;0.6442648977606273;0.0;0.6648972887237713;0.0;0.0;0.3412931263151038;0.4430917191091115;0.34168152827267273;0.517673667215809;0.5474653068325177;0.3841537227391505;0.6977009643524348;0.43147837743608297;0.0;0.0;0.0;0.4577021938788133
GO:0045892;0.0;0.31596634225752057;0.0;0.37672898508992847;0.6369653675908011;0.0;0.45901401167440975;0.39310265241175407;0.334565858395867;0.4513679564104296;0.0;0.3335874083405793;0.0;0.40971926426163474;0.7216586805457514;0.0;0.400543592143886;0.4980912836304304;1.0;0.0;0.5344934652353015;0.0;0.5366317852489726;0.0;0.0;0.7432554224443455;0.44292697648416235;0.39404392192532367;0.0;0.44129076475731066;0.4926884837586103;0.334565858395867;0.0;0.36688426217405223;0.0;0.4044227843353187;0.0;0.0;0.4779380029120178;0.3867525812412366;0.4715422076658923;0.6523207706055202;0.5139829174022099;0.0;0.7056164360092363;0.0;0.0;0.622323765425822;0.4007638497901009;0.0;0.6844004702539944;0.5098423474097836;0.7174046018076805;0.0;0.34722897774779593;0.5985699730522055;0.0;0.0;0.7226455772923279;0.0;0.47215952552430673;0.39355865007484536;0.320004721229641;0.0;0.3344376917349995;0.0;0.4971532524172931;0.74266577425267;0.4547554819053465;0.4090766630555006;0.0;0.0;0.0;0.0;0.0;0.0;0.3335874083405793;0.47450275046767804;0.0;0.45901401167440975;0.0;0.0;0.6905575117152689;0.7923561045092766;0.5736926927448223;0.5932149357605727;0.5290246760320676;0.5260144881045561;0.47450275046767804;0.7009641290894166;0.0;0.0;0.0;0.4606935310668638
GO:0097368;0.28863536137074036;0.0;0.4543679656954753;0.0;0.0;0.3855773354389354;0.0;0.0;0.0;0.0;0.297295455479691;0.0;0.3855773354389354;0.0;0.0;0.3855773354389354;0.43606633039368614;0.0;0.0;1.0;0.0;0.0;0.0;0.4389261112405218;0.44785449619213036;0.0;0.0;0.0;0.3855773354389354;0.0;0.0;0.0;0.41923666540876925;0.0;0.41806292715795695;0.0;0.3855773354389354;0.0;0.0;0.0;0.0;0.0;0.0;0.4328241782709224;0.0;0.3855773354389354;0.30714017839556723;0.0;0.0;0.2996095937186479;0.0;0.0;0.0;0.42908138832464554;0.0;0.0;0.3855773354389354;0.0;0.0;0.3683083527994698;0.0;0.0;0.0;0.0;0.0;0.2918775134935041;0.0;0.0;0.0;0.0;0.0;0.5268079290989898;0.24138851853875337;0.4928671133341394;0.41973807919786693;0.3213522927748928;0.0;0.0;0.0;0.0;0.45706853237040207;0.6737243053042818;0.0;0.0;0.28769296280505896;0.0;0.0;0.0;0.0;0.401507117263901;0.28367981189368235;0.0;0.3855773354389354;0.0
GO:0000381;0.0;0.19235234341934632;0.0;0.2504175334712824;0.49354136238157525;0.0;0.2513717399220743;0.18553622466420133;0.209731877021625;0.23923188436375753;0.0;0.20727595672193327;0.0;0.22374314557048924;0.49384919319642706;0.0;0.27423214052524;0.29044901187809496;0.5344934652353015;0.0;1.0;0.0;0.4061790160580824;0.0;0.0;0.46761411263688524;0.3166155248655163;0.2659062722645507;0.0;0.31315311509653776;0.3592045339438159;0.209731877021625;0.0;0.24057281055540614;0.0;0.2795888029610767;0.0;0.0;0.34980035325124487;0.2631385824030624;0.3434045580051193;0.7802751710845282;0.2910618055101569;0.0;0.43722079542232484;0.0;0.0;0.32586827894457876;0.27592986841585887;0.0;0.5858964804067737;0.2824537655266784;0.44900896122076905;0.0;0.22361497890962173;0.5994839932689269;0.0;0.0;0.514466146308516;0.0;0.34584807390566075;0.2672471984561994;0.19741516592327513;0.0;0.2118481364286336;0.0;0.27423214052524;0.7134221325195385;0.3284440302867005;0.19326468817306902;0.0;0.0;0.0;0.0;0.0;0.0;0.20727595672193327;0.2631385824030624;0.0;0.2631385824030624;0.0;0.0;0.4627480243659445;0.5645466171599522;0.43606742535778387;0.3982091240399117;0.31288348355906864;0.3671017441020617;0.2631385824030624;0.44495287564746866;0.0;0.0;0.0;0.24339120699145883
GO:0048488;0.0;0.0;0.0;0.0;0.0;0.0;0.0;0.0;0.0;0.0;0.0;0.0;0.0;0.0;0.0;0.0;0.0;0.0;0.0;0.0;0.0;1.0;0.0;0.0;0.0;0.0;0.0;0.0;0.0;0.0;0.0;0.0;0.0;0.0;0.0;0.0;0.0;0.0;0.0;0.0;0.0;0.0;0.0;0.0;0.0;0.0;0.0;0.0;0.0;0.0;0.0;0.0;0.0;0.6207329581360466;0.0;0.0;0.0;0.0;0.0;0.0;0.0;0.0;0.0;0.4322679963528707;0.0;0.0;0.0;0.0;0.0;0.0;0.5410222953062971;0.0;0.0;0.0;0.0;0.0;0.0;0.0;0.40947859270258674;0.0;0.0;0.0;0.0;0.0;0.0;0.0;0.0;0.0;0.0;0.0;0.0;0.0;0.0;0.0
GO:2000637;0.0;0.25823216993702774;0.0;0.341928537421479;0.5326186343375959;0.0;0.3290184089207438;0.24917162511400665;0.37526300086636694;0.3979242378557835;0.0;0.27915690430661744;0.0;0.2956240931551734;0.4959875132100981;0.0;0.36574314447543654;0.3540844123279002;0.5366317852489726;0.0;0.4061790160580824;0.0;1.0;0.0;0.0;0.48403014760348934;0.45759032036679004;0.341928537421479;0.0;0.5314516987788878;0.4477455974509138;0.2956240931551734;0.0;0.3724626094857715;0.0;0.3481660822592299;0.0;0.0;0.4484838553975897;0.3445071477140121;0.4420880601514642;0.506691384592906;0.38257280946035344;0.0;0.4566680110128331;0.0;0.0;0.3618220845494073;0.3445071477140121;0.0;0.4762980673783455;0.3584760306836067;0.4684561768112773;0.0;0.4019373887671601;0.4702555238749863;0.0;0.0;0.5196356469460911;0.0;0.41772902149034485;0.3391281460408835;0.2610505663730804;0.0;0.3823073324016477;0.0;0.34611308810992414;0.4594684023934286;0.4003249778713846;0.26184196747122224;0.0;0.0;0.0;0.0;0.0;0.0;0.37835685362602955;0.3022158543590831;0.0;0.3445071477140121;0.0;0.0;0.46488634437961546;0.5666849371736231;0.45248346032438796;0.4230086810429993;0.35939107449101715;0.3888640792226872;0.3290184089207438;0.46440009123797693;0.0;0.0;0.0;0.32928342312500725
GO:0016575;0.5334025645661277;0.0;0.583210077407486;0.0;0.0;0.5305503949334511;0.0;0.0;0.0;0.0;0.5420626586750783;0.0;0.5144194471509462;0.0;0.0;0.5144194471509462;0.4894151061952725;0.0;0.0;0.4389261112405218;0.0;0.0;0.0;1.0;0.5928275556866461;0.0;0.0;0.0;0.6614304136360578;0.0;0.0;0.0;0.564209724903285;0.0;0.4714117029595433;0.0;0.5612506907177331;0.0;0.0;0.0;0.0;0.0;0.0;0.6084975335497201;0.0;0.6614304136360578;0.5519073815909545;0.0;0.0;0.5443767969140352;0.0;0.0;0.0;0.4824301641262319;0.0;0.0;0.530039827921819;0.0;0.0;0.6262491752580082;0.0;0.0;0.0;0.0;0.0;0.34522628929509047;0.0;0.0;0.0;0.0;0.0;0.46560049914131496;0.4861557217341407;0.637329605817023;0.4730868549994533;0.5792931152334312;0.0;0.0;0.0;0.0;0.5859106440824129;0.5215074360822525;0.0;0.0;0.39261693425836475;0.0;0.0;0.0;0.0;0.45485589306548735;0.3370285876952687;0.0;0.5305503949334511;0.0
GO:0007062;0.3509125221239353;0.0;0.5166451264486702;0.0;0.0;0.6006708810341475;0.0;0.0;0.0;0.0;0.3595726162328859;0.0;0.44785449619213036;0.0;0.0;0.44785449619213036;0.4983434911468811;0.0;0.0;0.44785449619213036;0.0;0.0;0.0;0.5928275556866461;1.0;0.0;0.0;0.0;0.5394787798850598;0.0;0.0;0.0;0.5731381098548936;0.0;0.4803400879111519;0.0;0.44785449619213036;0.0;0.0;0.0;0.0;0.0;0.0;0.49510133902411735;0.0;0.5394787798850598;0.3694173391487622;0.0;0.0;0.3618867544718429;0.0;0.0;0.0;0.49135854907784043;0.0;0.0;0.44785449619213036;0.0;0.0;0.43058551355266467;0.0;0.0;0.0;0.0;0.0;0.35415467424669905;0.0;0.0;0.0;0.0;0.0;0.47452888409292354;0.3036656792919483;0.5551442740873342;0.4820152399510618;0.38362945352808775;0.0;0.0;0.0;0.0;0.519345693123597;0.5304358210338611;0.0;0.0;0.3499701235582539;0.0;0.0;0.0;0.0;0.46378427801709593;0.3459569726468773;0.0;0.5394787798850598;0.0
GO:0045814;0.0;0.26336470461203737;0.0;0.292171419802621;0.5785649921231304;0.0;0.40641237402892655;0.34050101476627087;0.26549703190182783;0.3987663187649464;0.0;0.2809857706950961;0.0;0.3391600885746222;0.5645951079850491;0.0;0.33147476564984685;0.4454896459849472;0.7432554224443455;0.0;0.46761411263688524;0.0;0.48403014760348934;0.0;0.0;1.0;0.37483660004541086;0.3249750954312845;0.0;0.3549070014278763;0.4400868461131271;0.2514857633529636;0.0;0.29781543568001306;0.0;0.3518211466898355;0.0;0.0;0.39155423958258345;0.3341509435957534;0.4024733811718531;0.5854414180071039;0.42379368534968503;0.0;0.6406304112187895;0.0;0.0;0.43921604965759004;0.3481622121446177;0.0;0.5587988925289303;0.4572407097643004;0.6524185770172337;0.0;0.27816015125375676;0.5316906204537892;0.0;0.0;0.581070743524894;0.0;0.41955788787882353;0.3244898235808062;0.2674030835841578;0.0;0.2536020227599722;0.0;0.42659407673028055;0.6660920395888017;0.4021538442598633;0.3564750254100174;0.0;0.0;0.0;0.0;0.0;0.0;0.2809857706950961;0.42190111282219483;0.0;0.40641237402892655;0.0;0.0;0.5334939391545666;0.6352925319485743;0.7396308990456537;0.4617825406323856;0.4509832553755626;0.44495287564746866;0.42190111282219483;0.6483624914439334;0.0;0.0;0.0;0.37281941854445605
GO:0045737;0.0;0.36874760086886293;0.0;0.3295256533662515;0.582510232465151;0.0;0.5695674532453698;0.3547363323199987;0.36286011681113944;0.385521353800556;0.0;0.26675402025138994;0.0;0.2832212090999459;0.4549000522991128;0.0;0.35334026042020905;0.6086447252013906;0.44292697648416235;0.0;0.3166155248655163;0.0;0.45759032036679004;0.0;0.0;0.37483660004541086;1.0;0.3295256533662515;0.0;0.5190488147236603;0.4931354764656623;0.46747819863065954;0.0;0.360059725430544;0.0;0.3357631982040024;0.0;0.0;0.43608097134236223;0.47831644752920005;0.4296851760962367;0.40764027567407435;0.37016992540512594;0.0;0.437728572431942;0.0;0.0;0.46747819863065954;0.5817303178989;0.0;0.4577009585189065;0.3460731466283792;0.44951673823038624;0.0;0.3895345047119326;0.41349570831108373;0.0;0.0;0.5033536576167693;0.0;0.511977551126575;0.326725261985656;0.4382150458145055;0.0;0.3699044483464202;0.0;0.33371020405469665;0.36576359362861843;0.3879220938161571;0.24943908341599474;0.0;0.0;0.0;0.0;0.0;0.0;0.36595396957080206;0.5436943861623853;0.0;0.45149612497475694;0.0;0.0;0.37118153561480527;0.472980128408813;0.3587786515595778;0.5985599828838168;0.4450772519549798;0.3872395774771913;0.46881106181015214;0.37483660004541086;0.0;0.0;0.0;0.31688053906977975
GO:0098908;0.0;0.27863296151046374;0.0;0.3295256533662515;0.3673695340245305;0.0;0.3399587327654461;0.2662687484009117;0.3028512654654583;0.44185625631069914;0.0;0.3090453136063189;0.0;0.3803786252329736;0.3956909432413782;0.0;0.37600149740962563;0.39452474351473504;0.39404392192532367;0.0;0.2659062722645507;0.0;0.341928537421479;0.0;0.0;0.3249750954312845;0.3295256533662515;1.0;0.0;0.39943373318765507;0.31968093045037527;0.2832212090999459;0.0;0.39720829021789056;0.0;0.37270819140491;0.0;0.0;0.49094709412046095;0.23640626492241817;0.4564877306578973;0.3610723406453529;0.37016992540512594;0.0;0.31639526721930145;0.0;0.0;0.2832212090999459;0.23640626492241817;0.0;0.33371020405469665;0.3803786252329736;0.32818343301774566;0.0;0.41906685266041516;0.4657423407465539;0.0;0.0;0.37936290315255944;0.0;0.30632447041222;0.4238826781186837;0.27814768965998543;0.0;0.3319580441501743;0.0;0.43086762018772434;0.31688053906977975;0.4302133871710861;0.28638407661690235;0.0;0.0;0.0;0.0;0.0;0.0;0.3090453136063189;0.23640626492241817;0.0;0.35544747155871437;0.0;0.0;0.3222984810559666;0.4240970738499743;0.31305846451769553;0.2672471984561994;0.3192550480661371;0.392392464759622;0.37276240839410957;0.3249750954312845;0.0;0.0;0.0;0.4260517947294558
GO:0036124;0.4549506646052372;0.0;0.5298613016058997;0.0;0.0;0.4772016191318648;0.0;0.0;0.0;0.0;0.41962003495690237;0.0;0.4610706713493598;0.0;0.0;0.4610706713493598;0.43606633039368614;0.0;0.0;0.3855773354389354;0.0;0.0;0.0;0.6614304136360578;0.5394787798850598;0.0;0.0;0.0;1.0;0.0;0.0;0.0;0.5108609491016987;0.0;0.41806292715795695;0.0;0.5079019149161468;0.0;0.0;0.0;0.0;0.0;0.0;0.5551487577481338;0.0;0.7603417023523814;0.47345548163006407;0.0;0.0;0.46592489695314476;0.0;0.0;0.0;0.42908138832464554;0.0;0.0;0.47669105212023266;0.0;0.0;0.49063293227668114;0.0;0.0;0.0;0.0;0.0;0.2918775134935041;0.0;0.0;0.0;0.0;0.0;0.4122517233397286;0.36371309801596474;0.5839808300154367;0.41973807919786693;0.44367687225210417;0.0;0.0;0.0;0.0;0.5325618682808264;0.46815866028066616;0.0;0.0;0.3392681584567784;0.0;0.0;0.0;0.0;0.401507117263901;0.28367981189368235;0.0;0.4772016191318648;0.0
GO:2001022;0.0;0.30856486750705553;0.0;0.39943373318765507;0.5437190761187882;0.0;0.49876470178110205;0.2980268524396304;0.43276819663254307;0.45957075119420365;0.0;0.3336309194488894;0.0;0.35009810829744537;0.4202765490839486;0.0;0.4232483402416126;0.41277040223813793;0.44129076475731066;0.0;0.31315311509653776;0.0;0.5314516987788878;0.0;0.0;0.3549070014278763;0.5190488147236603;0.39943373318765507;0.0;1.0;0.509204091807784;0.35009810829744537;0.0;0.4269366246280434;0.0;0.4003249778713846;0.0;0.0;0.5101303687360098;0.3904769032776141;0.5037345734898843;0.40831918347733986;0.44007800522652957;0.0;0.38095704688668364;0.0;0.0;0.35009810829744537;0.3904769032776141;0.0;0.4410285703681232;0.48308466895151136;0.39274521268512785;0.0;0.5376620077180799;0.41417461611434925;0.0;0.0;0.5039335341656228;0.0;0.46601389658406406;0.39360216118315544;0.30990579369870414;0.0;0.4367813475439196;0.0;0.40058710325219604;0.36412738190176674;0.5812699885988692;0.4604234319620948;0.0;0.0;0.0;0.0;0.0;0.0;0.4400033669644497;0.2836531077544052;0.0;0.5183947581466144;0.0;0.0;0.3695453238879536;0.4713439166819613;0.3406752509841701;0.4269366246280434;0.3665018908981241;0.33046805193193296;0.3910080671175125;0.3549070014278763;0.0;0.0;0.0;0.38375743826727915
GO:0002092;0.0;0.23598456296592396;0.0;0.31968093045037527;0.5834130891181171;0.0;0.30677080194964;0.3480001921544174;0.4386216660788101;0.37567663088467973;0.0;0.25690929733551365;0.0;0.2733764861840696;0.4520442117197358;0.0;0.3434955375043328;0.34584807390566075;0.4926884837586103;0.0;0.3592045339438159;0.0;0.4477455974509138;0.0;0.0;0.4400868461131271;0.4931354764656623;0.31968093045037527;0.0;0.509204091807784;1.0;0.36058576746516596;0.0;0.43582127469821463;0.0;0.4699283739516841;0.0;0.0;0.426236248426486;0.4169972970137919;0.5070497344614568;0.4668894006747877;0.3603252024892497;0.0;0.4096935288985667;0.0;0.0;0.3395744775783035;0.46128290306822667;0.0;0.5497537591482833;0.3362284237125029;0.4214816946970109;0.0;0.3796897817960564;0.4459422787501364;0.0;0.0;0.5799177194528777;0.0;0.4955654709441461;0.4040898203508761;0.23880295940197666;0.0;0.360059725430544;0.0;0.3980206264657633;0.4155251009030664;0.3780773709002809;0.23959436050011845;0.0;0.0;0.0;0.0;0.0;0.0;0.489163285689281;0.30677080194964;0.0;0.3222595407429083;0.0;0.0;0.4209430428892532;0.5227416356832609;0.4353427133956863;0.4564881989881254;0.3765280927215133;0.3592045339438159;0.3222595407429083;0.4174256091237105;0.0;0.0;0.0;0.48726715082934485
GO:1901673;0.0;0.20514362943214276;0.0;0.2832212090999459;0.3233802092883421;0.0;0.209731877021625;0.19730306714518947;0.41959223806198775;0.25654682119915273;0.0;0.22276469551520156;0.0;0.23923188436375753;0.3094103251502608;0.0;0.30703581615390346;0.23601786296484922;0.334565858395867;0.0;0.209731877021625;0.0;0.2956240931551734;0.0;0.0;0.2514857633529636;0.46747819863065954;0.2832212090999459;0.0;0.35009810829744537;0.36058576746516596;1.0;0.0;0.34327083062977076;0.0;0.29360007150994094;0.0;0.0;0.38674534645215247;0.19694059100882855;0.49022006947653984;0.2974529595436521;0.3238654811388204;0.0;0.27423214052524;0.0;0.0;0.4758485503000691;0.3592890830463347;0.0;0.27423214052524;0.25654682119915273;0.2860203063236842;0.0;0.2504175334712824;0.3033083921806614;0.0;0.0;0.3231885079096337;0.0;0.2656388139625626;0.3872601553659592;0.20918200840426326;0.0;0.23640626492241817;0.0;0.28972087931850826;0.2574024755403231;0.3439327690799688;0.20727595672193327;0.0;0.0;0.0;0.0;0.0;0.0;0.22276469551520156;0.1851737485278404;0.0;0.22374314557048924;0.0;0.0;0.2628204175265099;0.36461901032051763;0.23395034462272646;0.22656154200654188;0.26308065282321136;0.22374314557048924;0.209731877021625;0.2514857633529636;0.0;0.0;0.0;0.27289121433359137
GO:0006376;0.3222946913405742;0.0;0.48802729566530906;0.0;0.0;0.5108609491016987;0.0;0.0;0.0;0.0;0.3309547854495248;0.0;0.41923666540876925;0.0;0.0;0.41923666540876925;0.46972566036352;0.0;0.0;0.41923666540876925;0.0;0.0;0.0;0.564209724903285;0.5731381098548936;0.0;0.0;0.0;0.5108609491016987;0.0;0.0;0.0;1.0;0.0;0.4517222571277908;0.0;0.41923666540876925;0.0;0.0;0.0;0.0;0.0;0.0;0.46648350824075624;0.0;0.5108609491016987;0.34079950836540107;0.0;0.0;0.33326892368848177;0.0;0.0;0.0;0.4627407182944793;0.0;0.0;0.41923666540876925;0.0;0.0;0.40196768276930356;0.0;0.0;0.0;0.0;0.0;0.32553684346333794;0.0;0.0;0.0;0.0;0.0;0.44591105330956243;0.2750478485085872;0.5265264433039731;0.4533974091677007;0.35501162274472664;0.0;0.0;0.0;0.0;0.4907278623402359;0.5018179902505;0.0;0.0;0.3213522927748928;0.0;0.0;0.0;0.0;0.4351664472337348;0.3173391418635162;0.0;0.6143853089575435;0.0
GO:0060999;0.0;0.28841829496009985;0.0;0.4066304753059569;0.4002187256189401;0.0;0.22656154200654188;0.2564240254850354;0.561555406258029;0.37567663088467973;0.0;0.4010981142356957;0.0;0.5916760816451523;0.4126487748871625;0.0;0.46805429803900245;0.2656388139625626;0.36688426217405223;0.0;0.24057281055540614;0.0;0.3724626094857715;0.0;0.0;0.29781543568001306;0.360059725430544;0.39720829021789056;0.0;0.4269366246280434;0.43582127469821463;0.34327083062977076;0.0;1.0;0.0;0.3432334121235214;0.0;0.0;0.5101546126581635;0.27377910733942656;0.5070497344614568;0.33159756136396423;0.3406951461237373;0.0;0.2910618055101569;0.0;0.0;0.2560615493486744;0.3861879340846342;0.0;0.3469920114193524;0.44321442373390885;0.30284997130860114;0.0;0.3427447885951488;0.37974428735590254;0.0;0.0;0.414038292789096;0.0;0.34247733029316063;0.7781625283937957;0.2856179035795044;0.0;0.4156662788883673;0.0;0.39836166028243153;0.2897208793185083;0.3977074272657933;0.3413370766503811;0.0;0.0;0.0;0.0;0.0;0.0;0.3334480096655092;0.24057281055540614;0.0;0.24057281055540614;0.0;0.0;0.29513882130469515;0.39693741409870287;0.3032137416018193;0.30340005833713996;0.326725261985656;0.2560615493486744;0.24057281055540614;0.38422422043199783;0.0;0.0;0.0;0.2897208793185083
GO:0006974;0.3634122464446909;0.0;0.46005100285283623;0.0;0.0;0.41806292715795695;0.0;0.0;0.0;0.0;0.3720723405536415;0.0;0.41806292715795695;0.0;0.0;0.41806292715795695;0.4685519221127077;0.0;0.0;0.41806292715795695;0.0;0.0;0.0;0.4714117029595433;0.4803400879111519;0.0;0.0;0.0;0.41806292715795695;0.0;0.0;0.0;0.4517222571277908;0.0;1.0;0.0;0.39126037259629637;0.4650162866863346;0.0;0.0;0.0;0.0;0.0;0.46530976998994394;0.0;0.41806292715795695;0.38191706346951776;0.0;0.0;0.37438647879259845;0.0;0.0;0.0;0.4347644254820065;0.0;0.0;0.39126037259629637;0.49050079439769606;0.0;0.4389439203011762;0.0;0.0;0.0;0.0;0.0;0.5250563644432209;0.0;0.0;0.0;0.0;0.0;0.44473731505875014;0.3161654036127039;0.49855015049150037;0.6529169301475838;0.3919878602765992;0.0;0.0;0.0;0.0;0.46275156952776303;0.5006442519996877;0.0;0.0;0.35832853030676537;0.0;0.0;0.0;0.0;0.4494814477761909;0.5168586628433992;0.5221925223981749;0.41806292715795695;0.0
