;GO:0006281;GO:0007098;GO:0016925;GO:0034198;GO:0032570;GO:0015031;GO:0051492;GO:0006559;GO:0045892;GO:0030308;GO:0045893;GO:0001947;GO:0071539;GO:0051006;GO:0035556;GO:0045814;GO:0006290;GO:0006296;GO:0050728;GO:0090188;GO:0006293;GO:0006294;GO:0090341;GO:1902686;GO:0006611;GO:0060633;GO:0006851;GO:0006730;GO:0000076;GO:0006606;GO:0034214;GO:0034454;GO:0031060;GO:0032270;GO:0000715;GO:1903546;GO:0045944;GO:0043401;GO:0040018;GO:1902855;GO:0000281;GO:0010875;GO:0031573;GO:0010870;GO:0030522;GO:0016358;GO:0016579;GO:0016458;GO:0000209;GO:0006556;GO:0048550;GO:1990830;GO:0033345;GO:0010887;GO:0030512;GO:0016569;GO:1902231;GO:0051291;GO:0045444;GO:0045724;GO:0006367;GO:0043547;GO:0045723;GO:0043031;GO:0035518;GO:0051604;GO:0032369;GO:0032402;GO:0038108;GO:0090305;GO:0034260;GO:0070914;GO:1904262;GO:0034145;GO:0061087;GO:0043277;GO:1905515;GO:0046548;GO:0010629;GO:0010867;GO:0010507;GO:0010506;GO:0010745;GO:0070911;GO:0051457;GO:1902018;GO:0043687;GO:0000122;GO:2000616;GO:0032465;GO:0071479;GO:0051865;GO:0035176;GO:0006351;GO:0007286;GO:0060296;GO:0060336;GO:0006357;GO:0071222;GO:0030837;GO:0006508
GO:0006281;1.0;0.18501028713321283;0.5005773848608566;0.3492489077856708;0.14164498064783101;0.0;0.0;0.39028460331144715;0.0;0.0;0.0;0.0;0.0;0.0;0.18155731031009656;0.0;0.9835903052741711;0.7665093709524367;0.0;0.0;0.0;0.17064995671600086;0.0;0.154009996486305;0.0;0.0;0.0;0.352581657740825;0.16064397718001502;0.0;0.17931427480401732;0.17150206458339798;0.0;0.0;0.18961802236812;0.0;0.0;0.17751066844190327;0.0;0.0;0.1925392837659291;0.0;0.3169168956192498;0.0;0.181959467371376;0.1742392822286061;0.5096991623321535;0.15940350727120545;0.5097770589388128;0.3269390215517146;0.0;0.278109884797135;0.36156232918805775;0.0;0.0;0.37674121795531346;0.0;0.17919102132717088;0.19552290623371194;0.0;0.622408259887357;0.0;0.0;0.0;0.4335588434587492;0.44053045044607997;0.0;0.0;0.1260797459172253;0.7966759253579173;0.0;0.8515495918770436;0.0;0.0;0.0;0.0;0.1592089580923949;0.17631433692407783;0.0;0.0;0.0;0.0;0.0;0.9670964099952586;0.17000782292958577;0.0;0.5412283968841861;0.0;0.0;0.0;0.2870045620283493;0.5100410527815107;0.0;0.6364942254720125;0.17127704819196207;0.0;0.0;0.0;0.23305331344325161;0.10940959360018943;0.4397927965899279
GO:0007098;0.18501028713321283;1.0;0.19987697188312123;0.25218637492121565;0.0;0.0;0.0;0.1430874221931397;0.0;0.0;0.0;0.0;0.0;0.0;0.3420821863060461;0.0;0.18055751972798487;0.21936311854211876;0.0;0.0;0.0;0.5178901673013123;0.0;0.4339964222840666;0.0;0.0;0.0;0.38270942986295964;0.27470135954619385;0.0;0.5668978778434924;0.6112596567213096;0.0;0.0;0.6307820820233162;0.0;0.0;0.3279940670849159;0.0;0.0;0.4954276864132281;0.0;0.23304971833719032;0.0;0.34351266209196585;0.5377078660160978;0.20545334779608868;0.27109387542548913;0.20550142443760377;0.233216696417511;0.0;0.293121662353463;0.14685019599745405;0.0;0.0;0.5114751727135263;0.0;0.5661720562101678;0.39527852853972684;0.0;0.1609663943249088;0.0;0.0;0.0;0.27465429042542;0.0;0.0;0.0;0.18702567447228416;0.23319985194497034;0.0;0.14710310806428814;0.0;0.0;0.0;0.0;0.45889098188188104;0.3239328109107162;0.0;0.0;0.0;0.0;0.0;0.17615123274506148;0.30326430582103203;0.0;0.2255720098080106;0.0;0.0;0.0;0.3100080615025011;0.2056644156160661;0.0;0.15181275073332665;0.3073267963138078;0.0;0.0;0.0;0.21877988776702015;0.2587595293668358;0.0
GO:0016925;0.5005773848608566;0.19987697188312123;1.0;0.1626565690330505;0.0;0.0;0.0;0.37069275944288105;0.0;0.0;0.0;0.0;0.0;0.0;0.1958527993673101;0.0;0.49193534873471667;0.509682284199799;0.0;0.0;0.0;0.18321993107150805;0.0;0.1641750972231562;0.0;0.0;0.0;0.3821397777335594;0.1717351953989923;0.0;0.19324516933791758;0.184202555158409;0.0;0.0;0.2052657624372295;0.0;0.0;0.19115206882473454;0.0;0.0;0.20869341438694616;0.0;0.12937982638227583;0.0;0.19632086153130038;0.1873639266657118;0.8590440436649521;0.1703182781745325;0.9001086313819504;0.3472526339958055;0.0;0.17875803790480221;0.3780748143981377;0.0;0.0;0.46281666147499123;0.0;0.1931020285008583;0.2122032571683218;0.0;0.4092751778742753;0.0;0.0;0.0;0.7590579631210047;0.6014734022513402;0.0;0.0;0.13281163483911404;0.5309874712823537;0.0;0.4229398341421171;0.0;0.0;0.0;0.0;0.17009619284027322;0.18976551810634706;0.0;0.0;0.0;0.0;0.0;0.48326408622613737;0.18247991997828117;0.0;0.8712053538608999;0.0;0.0;0.0;0.18490016832373557;0.90060136335514;0.0;0.4331105970168294;0.18394300305296996;0.0;0.0;0.0;0.14807344456554106;0.1144434623405313;0.6003905260480766
GO:0034198;0.3492489077856708;0.25218637492121565;0.1626565690330505;1.0;0.18619293372179496;0.0;0.0;0.12294709857215635;0.0;0.0;0.0;0.0;0.0;0.0;0.24581384326165395;0.0;0.3422831857263529;0.1753310453266222;0.0;0.0;0.0;0.2262358891031945;0.0;0.19789043068984968;0.0;0.0;0.0;0.2661136156256457;0.20897934431195525;0.0;0.2417200439797067;0.2277359612779703;0.0;0.0;0.2608257866354795;0.0;0.0;0.2384540171883823;0.0;0.0;0.2663852406159239;0.0;0.3418648791347745;0.0;0.24655161410611245;0.23258786953332422;0.16633040110477615;0.20688496086400315;0.16636190988529737;0.18407044463783773;0.0;0.36599028179837967;0.12571491453993597;0.0;0.0;0.22415268918887452;0.0;0.24149612500273077;0.2721305623071801;0.0;0.1359190226828072;0.0;0.0;0.0;0.1365968504668612;0.0;0.0;0.0;0.15404274792550515;0.1840599513189533;0.0;0.28800466296655836;0.0;0.0;0.0;0.0;0.20655736859587565;0.23630020318970849;0.0;0.0;0.0;0.0;0.0;0.33533199762205507;0.22510868080704036;0.0;0.17927511023813258;0.0;0.0;0.0;0.3815516529406886;0.16646871120575446;0.0;0.12933419894971135;0.2273393620313562;0.0;0.0;0.0;0.3442552208081314;0.12986704763436901;0.0
GO:0032570;0.14164498064783101;0.0;0.0;0.18619293372179496;1.0;0.0;0.0;0.0;0.0;0.0;0.0;0.0;0.0;0.0;0.0;0.0;0.13857544845815822;0.0;0.0;0.0;0.0;0.0;0.0;0.0;0.0;0.0;0.0;0.0;0.0;0.0;0.0;0.0;0.0;0.0;0.0;0.0;0.0;0.0;0.0;0.0;0.0;0.0;0.1383914604864201;0.0;0.0;0.0;0.0;0.0;0.0;0.0;0.0;0.3661458916017364;0.0;0.0;0.0;0.0;0.0;0.0;0.0;0.0;0.0;0.0;0.0;0.0;0.0;0.0;0.0;0.0;0.0;0.0;0.0;0.11502223266148702;0.0;0.0;0.0;0.0;0.0;0.0;0.0;0.0;0.0;0.0;0.0;0.13552307815289988;0.0;0.0;0.0;0.0;0.0;0.0;0.22206984935687335;0.0;0.0;0.0;0.0;0.0;0.0;0.0;0.39749552657064496;0.0;0.0
GO:0015031;0.0;0.0;0.0;0.0;0.0;1.0;0.0;0.0;0.0;0.0;0.0;0.0;0.3802676445543408;0.0;0.0;0.0;0.0;0.0;0.0;0.0;0.0;0.0;0.0;0.0;0.7727232985515183;0.0;0.33030822830812456;0.0;0.0;0.6615245116166187;0.0;0.0;0.0;0.0;0.0;0.39440625813460023;0.0;0.0;0.0;0.0;0.0;0.0;0.0;0.0;0.0;0.0;0.0;0.0;0.0;0.0;0.0;0.0;0.0;0.0;0.0;0.0;0.0;0.0;0.0;0.0;0.0;0.0;0.0;0.0;0.0;0.0;0.0;0.33280813939595555;0.0;0.0;0.0;0.0;0.0;0.0;0.0;0.4410416717879099;0.0;0.0;0.0;0.0;0.0;0.0;0.0;0.0;0.218642567213042;0.0;0.0;0.0;0.0;0.0;0.0;0.0;0.0;0.0;0.0;0.0;0.0;0.0;0.0;0.0;0.0
GO:0051492;0.0;0.0;0.0;0.0;0.0;0.0;1.0;0.0;0.22149332228141352;0.4862264557929305;0.22447149875193648;0.0;0.0;0.21237864216326244;0.4676650258881733;0.3064097896152211;0.0;0.0;0.3041713171560019;0.264413842336332;0.5168905351428786;0.0;0.28999035846166693;0.19418766460667197;0.0;0.24705905809473683;0.0;0.0;0.39683730352578916;0.0;0.0;0.0;0.43819057966146907;0.31533408216258313;0.0;0.0;0.21657506242408808;0.45349170444315734;0.29549163222856484;0.5711585506090527;0.0;0.2748687188960083;0.2829237650787951;0.32789017949839927;0.4690863916650824;0.0;0.0;0.2992433436672675;0.0;0.0;0.4196584217820659;0.0;0.0;0.31657526685044357;0.3063496570934941;0.0;0.24645166353354242;0.0;0.0;0.45828674288179166;0.0;0.23217883320655722;0.27566433516761313;0.3827332644403629;0.0;0.0;0.3261852812084199;0.0;0.291696433770463;0.0;0.31323333167017836;0.0;0.3202000249869875;0.2725364971378267;0.3025858289608414;0.0;0.0;0.0;0.3256371253141681;0.29384108005601245;0.35363732911048323;0.4430592663166958;0.4039679461039025;0.0;0.22120457148775446;0.4710187882364053;0.0;0.21386121613516482;0.2853893031939062;0.4684569346892564;0.0;0.0;0.0;0.0;0.0;0.36561190290968143;0.25389199231476345;0.30422481982241134;0.0;0.5476012744256467;0.0
GO:0006559;0.39028460331144715;0.1430874221931397;0.37069275944288105;0.12294709857215635;0.0;0.0;0.0;1.0;0.0;0.0;0.0;0.0;0.0;0.0;0.14101324708198007;0.0;0.38492503049320365;0.42813966753937355;0.0;0.0;0.0;0.1343439875606721;0.0;0.12381271903539527;0.0;0.0;0.0;0.31501125028208;0.12806433778796772;0.0;0.13965640806088542;0.13487153019013975;0.0;0.0;0.14582807890622654;0.0;0.0;0.13855992746563375;0.0;0.0;0.14754975360943506;0.0;0.10293533345895682;0.0;0.1412557256033285;0.1365586007545867;0.37626379454024056;0.12727476092936968;0.37631121862528116;0.2996183133304699;0.0;0.1319294123600494;0.704496301663395;0.0;0.0;0.2457045404687946;0.0;0.13958163292469042;0.14929562579150332;0.0;0.359929829481747;0.0;0.0;0.0;0.3286613917092925;0.3403242410886445;0.0;0.0;0.10509591501766741;0.44183398295602117;0.0;0.3407135031768747;0.0;0.0;0.0;0.0;0.12715070284118152;0.13782993119132872;0.0;0.0;0.0;0.0;0.0;0.37950847501310486;0.13394569935891204;0.0;0.3952536787342133;0.0;0.0;0.0;0.13524514465225554;0.3764719213221092;0.0;0.3473942322606198;0.13473233066915355;0.0;0.0;0.0;0.11442875316779338;0.0932523013514392;0.33987745646393536
GO:0045892;0.0;0.0;0.0;0.0;0.0;0.0;0.22149332228141352;0.0;1.0;0.32116218032912563;0.5933934536000489;0.0;0.0;0.12070982868841151;0.2508066562126518;0.4643082401089578;0.0;0.0;0.21717247138365833;0.19988214671056195;0.22703833918904187;0.0;0.25745985946025307;0.11460771830610805;0.0;0.8843576275933618;0.0;0.0;0.3121760349554202;0.0;0.0;0.0;0.40384994029020577;0.3917659147504102;0.0;0.0;0.5784876350895732;0.24667212260707616;0.172081864900456;0.22531195566848866;0.0;0.16487781299096016;0.2533406665020689;0.3960706026228308;0.2512148839903689;0.0;0.0;0.45801751515946487;0.0;0.0;0.29476246785414095;0.0;0.0;0.22218069690783665;0.2667321980010589;0.0;0.169306631855532;0.0;0.0;0.19700373997075293;0.0;0.12685875063076374;0.3544242717276439;0.3056786286605486;0.0;0.0;0.22594513392118826;0.0;0.22429748145161452;0.0;0.22084821502867816;0.0;0.2743070750390078;0.18122226639174577;0.3159986698557342;0.0;0.0;0.0;0.480582157971718;0.3695674632417711;0.4466286340964223;0.3384969085114309;0.3153871316725716;0.0;0.12351076314557198;0.2733771945087015;0.0;0.9753063251973928;0.462149102776602;0.25103424068386304;0.0;0.0;0.0;0.0;0.0;0.2181504158597233;0.23564909570090148;0.7283268735815236;0.0;0.23036538314605357;0.0
GO:0030308;0.0;0.0;0.0;0.0;0.0;0.0;0.4862264557929305;0.0;0.32116218032912563;1.0;0.23885515108929817;0.0;0.0;0.23867918038115574;0.5347559683072313;0.4262689328965056;0.0;0.0;0.4227812397102159;0.36184656081601707;0.509665281189651;0.0;0.42886039634946244;0.21594490771141514;0.0;0.30118975019386457;0.0;0.0;0.6057003618504858;0.0;0.0;0.0;0.4235092216765728;0.34447490873054715;0.0;0.0;0.2299344272231076;0.516304581375839;0.3961214792437528;0.5022550395707114;0.0;0.30432690727750245;0.4175514121020063;0.35951425866361364;0.5366152138520491;0.0;0.0;0.4151247801179908;0.0;0.0;0.609482202419564;0.0;0.0;0.4421853080545436;0.4552201745516643;0.0;0.2638995902856951;0.0;0.0;0.39400090690285683;0.0;0.2639791551992058;0.29767845597998877;0.5817098433609197;0.0;0.0;0.4573503653960811;0.0;0.3745736805147262;0.0;0.4369386129426021;0.0;0.4777351692529712;0.2940344040482464;0.28388611301460565;0.0;0.0;0.0;0.45648223143368394;0.3189864548413199;0.5328522765365918;0.5028249672728659;0.617906849024696;0.0;0.2498840979230771;0.53266412892263;0.0;0.3094221787618297;0.3500127550442343;0.5357916401717729;0.0;0.0;0.0;0.0;0.0;0.40537199970611953;0.3715733913878168;0.3312605240498174;0.0;0.4022042591840903;0.0
GO:0045893;0.0;0.0;0.0;0.0;0.0;0.0;0.22447149875193648;0.0;0.5933934536000489;0.23885515108929817;1.0;0.0;0.0;0.1224217975814553;0.2546320907865462;0.3117384080512959;0.0;0.0;0.17743122194153066;0.16312372927368612;0.31589807160667066;0.0;0.19093652385437285;0.11614986993738068;0.0;0.524196004221552;0.0;0.0;0.2320790565118896;0.0;0.0;0.0;0.4088792143066871;0.609088875248052;0.0;0.0;0.9746455051421745;0.25037154243756715;0.21764289822003854;0.22839442180605432;0.0;0.20841179762091203;0.18784728807693982;0.650703734518707;0.25505287698862145;0.0;0.0;0.30745642441085846;0.0;0.0;0.21896360348355837;0.0;0.0;0.18158139442447796;0.1978945585056008;0.0;0.2347479711430833;0.0;0.0;0.2736093052205628;0.0;0.12875094319983008;0.5501337056549089;0.22718299821559468;0.0;0.0;0.18470263418797958;0.0;0.19167466129637942;0.0;0.18047694420326515;0.0;0.20358306219890002;0.2514506143908774;0.4901467756176973;0.0;0.0;0.0;0.3228233186600534;0.5739099827030703;0.30104351499620063;0.34350830608753463;0.2344997939538096;0.0;0.12530369241625355;0.2028845437465033;0.0;0.5786046209233788;0.30598323491306967;0.25486667392486656;0.0;0.0;0.0;0.0;0.0;0.22103878781738168;0.17459213553142566;0.7369216332967928;0.0;0.17063742618017796;0.0
GO:0001947;0.0;0.0;0.0;0.0;0.0;0.0;0.0;0.0;0.0;0.0;0.0;1.0;0.0;0.0;0.0;0.0;0.0;0.0;0.0;0.0;0.0;0.0;0.0;0.0;0.0;0.0;0.0;0.0;0.0;0.0;0.0;0.0;0.0;0.0;0.0;0.0;0.0;0.0;0.0;0.0;0.0;0.0;0.0;0.0;0.0;0.25665193114168716;0.0;0.0;0.0;0.0;0.0;0.0;0.0;0.0;0.0;0.0;0.0;0.0;0.31686363918858695;0.0;0.0;0.0;0.0;0.0;0.0;0.0;0.0;0.0;0.0;0.0;0.0;0.0;0.0;0.0;0.0;0.0;0.0;0.2620354036610305;0.0;0.0;0.0;0.0;0.0;0.0;0.0;0.0;0.0;0.0;0.0;0.0;0.0;0.0;0.0;0.0;0.24913037860528006;0.0;0.0;0.0;0.0;0.0;0.0
GO:0071539;0.0;0.0;0.0;0.0;0.0;0.3802676445543408;0.0;0.0;0.0;0.0;0.0;0.0;1.0;0.0;0.0;0.0;0.0;0.0;0.0;0.0;0.0;0.0;0.0;0.0;0.35402079477343285;0.0;0.1884566908058651;0.0;0.0;0.4520317893016188;0.0;0.0;0.0;0.0;0.0;0.7368904933401744;0.0;0.0;0.0;0.0;0.0;0.0;0.0;0.0;0.0;0.0;0.0;0.0;0.0;0.0;0.0;0.0;0.0;0.0;0.0;0.0;0.0;0.0;0.0;0.0;0.0;0.0;0.0;0.0;0.0;0.0;0.0;0.259533599920168;0.0;0.0;0.0;0.0;0.0;0.0;0.0;0.2536748119497418;0.0;0.0;0.0;0.0;0.0;0.0;0.0;0.0;0.224899668675692;0.0;0.0;0.0;0.0;0.0;0.0;0.0;0.0;0.0;0.0;0.0;0.0;0.0;0.0;0.0;0.0
GO:0051006;0.0;0.0;0.0;0.0;0.0;0.0;0.21237864216326244;0.0;0.12070982868841151;0.23867918038115574;0.1224217975814553;0.0;0.0;1.0;0.27114760588609815;0.2293129980768118;0.0;0.0;0.2274672294288888;0.1951392404604303;0.2224539882076437;0.0;0.1607243707121616;0.21266833643250146;0.0;0.10107419434240233;0.0;0.0;0.22593052878045938;0.0;0.0;0.0;0.1853466665540006;0.1758764134682195;0.0;0.0;0.11788806425906746;0.26196670767637165;0.22033632924947674;0.21927023337338342;0.0;0.20355785801559562;0.1565334268768351;0.18345445741031507;0.27207203519473877;0.0;0.0;0.22341351840834872;0.0;0.0;0.20303327241261762;0.0;0.0;0.23773004589736088;0.1704830861562205;0.0;0.13513420896654416;0.0;0.0;0.17259152487480267;0.0;0.744504506918724;0.1522433619617714;0.21712051707341093;0.0;0.0;0.24574021905182647;0.0;0.1617383854233001;0.0;0.45951366252539005;0.0;0.17880753649029574;0.15039966249214118;0.12478534216605483;0.0;0.0;0.0;0.24528192260201487;0.16301428563929765;0.19914375514591592;0.25525186907400077;0.23040878695220973;0.0;0.24550709847285543;0.17776787423860443;0.0;0.11633393576826431;0.11732122692179553;0.27166256419921403;0.0;0.0;0.0;0.0;0.0;0.2065101611831307;0.13946850651853715;0.16921107879021416;0.0;0.13464730465843147;0.0
GO:0035556;0.18155731031009656;0.3420821863060461;0.1958527993673101;0.24581384326165395;0.0;0.0;0.4676650258881733;0.14101324708198007;0.2508066562126518;0.5347559683072313;0.2546320907865462;0.0;0.0;0.27114760588609815;1.0;0.3889652888727578;0.17726727505232873;0.2145255549008868;0.38536519196169516;0.32370102055956557;0.49309269166892944;0.29602281401215796;0.342381714740507;0.36677318674536274;0.0;0.20750011367227902;0.0;0.36822291164407794;0.6354604822806295;0.0;0.32310489698270634;0.2985963408653934;0.4010661143251544;0.37827691262578833;0.3581752239242476;0.0;0.24451892566169234;0.8645037415621275;0.37153854494952254;0.48502139509332315;0.36874317983469707;0.33951008432349894;0.421037858987418;0.3964906089947705;0.9040114543539385;0.3069930066813413;0.20120388884205714;0.509299004156269;0.20124999705772179;0.22775642387916836;0.4443766776822297;0.28454759520336376;0.14466632973211294;0.4054941763019701;0.365420931230763;0.29246628394515933;0.2832927797187619;0.3227049363753562;0.3798440282554884;0.3704362813390991;0.15834623913670723;0.30427677083194765;0.32258830162017677;0.4795905647734491;0.1592669683094583;0.0;0.421396410609465;0.0;0.4999578465372914;0.22774035890089345;0.40002744807872775;0.14491176913925277;0.3853009142353992;0.3183132405584103;0.2599267708329984;0.0;0.2632117236693521;0.3134936001728337;0.4204819941150016;0.3477624207396304;0.4347671102513004;0.5782483994472242;0.5134076027193458;0.17301822417460275;0.4326799066838001;0.3828065111585939;0.22045991510336163;0.24106516920884494;0.24325847290431155;0.622279799443991;0.3004337884829138;0.20140631148582613;0.0;0.1494799627141214;0.2979149091342047;0.4530079200300728;0.2931683917454975;0.3624016937564364;0.2139677314839197;0.3572473816683172;0.0
GO:0045814;0.0;0.0;0.0;0.0;0.0;0.0;0.3064097896152211;0.0;0.4643082401089578;0.4262689328965056;0.3117384080512959;0.0;0.0;0.2293129980768118;0.3889652888727578;1.0;0.0;0.0;0.40668935052251015;0.349993963538857;0.32063037041780523;0.0;0.28924309762627765;0.20824924885808357;0.0;0.38953423128003484;0.0;0.0;0.4040024508739271;0.0;0.0;0.0;0.4053384786620022;0.38498497029038287;0.0;0.0;0.30032780069811044;0.37613064086052783;0.31764377888021905;0.3161397677008349;0.0;0.29393692050292597;0.281816972021513;0.4012747544495583;0.3902563474725641;0.0;0.0;0.850741674412334;0.0;0.0;0.36387124758538114;0.0;0.0;0.4246131044317983;0.30651134697785576;0.0;0.19644790226052228;0.0;0.0;0.24997864909261658;0.0;0.2525695649662643;0.27806532070933426;0.38858270221957597;0.0;0.0;0.4385777761922446;0.0;0.2910389584578629;0.0;0.4197728429333301;0.0;0.32121552176972784;0.21831155778202518;0.27452444600891224;0.0;0.0;0.0;0.9320255206721983;0.29742303856259833;0.49501771716167603;0.46153273322074573;0.4118303762326695;0.0;0.23963675101720278;0.31938039074869085;0.0;0.4476695841488512;0.37470109687234093;0.3896845086110374;0.0;0.0;0.0;0.0;0.0;0.29811396616495595;0.25151560442999066;0.428905735565317;0.0;0.24293637826518508;0.0
GO:0006290;0.9835903052741711;0.18055751972798487;0.49193534873471667;0.3422831857263529;0.13857544845815822;0.0;0.0;0.38492503049320365;0.0;0.0;0.0;0.0;0.0;0.0;0.17726727505232873;0.0;1.0;0.7524680190912777;0.0;0.0;0.0;0.1668545118282609;0.0;0.150911927882386;0.0;0.0;0.0;0.34376548897817355;0.1572761798217109;0.0;0.17512836459001535;0.16766904709184224;0.0;0.0;0.1849435000505092;0.0;0.0;0.1734075780524559;0.0;0.0;0.18772145007101143;0.0;0.31180540987541877;0.0;0.1776506313707505;0.17028434718901916;0.5007421151661304;0.15608698351256808;0.5008172978408459;0.3207184735084767;0.0;0.2720618886491504;0.3565038628382659;0.0;0.0;0.36841911636399627;0.0;0.17501079651601664;0.19055652537277679;0.0;0.6131181062487809;0.0;0.0;0.0;0.4270609183659076;0.4305309896482245;0.0;0.0;0.1239958735779031;0.7815185367891653;0.0;0.8396212621537893;0.0;0.0;0.0;0.0;0.15590044089773517;0.172265734955016;0.0;0.0;0.0;0.0;0.0;0.9517405338909422;0.16624057255813465;0.0;0.5311399031932793;0.0;0.0;0.0;0.280567994934153;0.5010720910866583;0.0;0.6273762745816037;0.16745397008789653;0.0;0.0;0.0;0.2287912292384709;0.10783690987795541;0.42982641649223713
GO:0006296;0.7665093709524367;0.21936311854211876;0.509682284199799;0.1753310453266222;0.0;0.0;0.0;0.42813966753937355;0.0;0.0;0.0;0.0;0.0;0.0;0.2145255549008868;0.0;0.7524680190912777;1.0;0.0;0.0;0.0;0.19946163885318685;0.0;0.17709673076467958;0.0;0.0;0.0;0.42117174301154175;0.1859257172975612;0.0;0.21140096132301056;0.20062674974059563;0.0;0.0;0.2258709456698686;0.0;0.0;0.20889862901793912;0.0;0.0;0.2300282615340283;0.0;0.13727299281415686;0.0;0.2150872504770247;0.20438276204592043;0.5201601424013774;0.1842660967039906;0.5202498263923027;0.37286287390044726;0.0;0.19418501697950954;0.3973662058008351;0.0;0.0;0.43983136670459244;0.0;0.2112296721340702;0.23429975658633723;0.0;0.6886719548085508;0.0;0.0;0.0;0.43414644420636794;0.5167439825754191;0.0;0.0;0.1411425696594658;0.9551163802279604;0.0;0.6414373158689327;0.0;0.0;0.0;0.0;0.1840061754079079;0.20724378689858378;0.0;0.0;0.0;0.0;0.0;0.7384094328420675;0.19858492856921287;0.0;0.5567497375011577;0.0;0.0;0.0;0.20145459224418263;0.5205537941473111;0.0;0.6576858978287119;0.2003188875391639;0.0;0.0;0.0;0.15850424589203263;0.12057616708901066;0.5157293102524259
GO:0050728;0.0;0.0;0.0;0.0;0.0;0.0;0.3041713171560019;0.0;0.21717247138365833;0.4227812397102159;0.17743122194153066;0.0;0.0;0.2274672294288888;0.38536519196169516;0.40668935052251015;0.0;0.0;1.0;0.34763930298876106;0.3181801307130128;0.0;0.28763304280857177;0.2067258696433755;0.0;0.18232157314593334;0.0;0.0;0.4008682663569416;0.0;0.0;0.0;0.2664020091769453;0.2531063216718292;0.0;0.0;0.1709633480174081;0.3727631798027716;0.31523880212592237;0.3137574262669175;0.0;0.2918763668274673;0.2802883116224473;0.26374811225641437;0.38663242325384817;0.0;0.0;0.39653324690005104;0.0;0.0;0.3613268390439075;0.0;0.0;0.42115234430048426;0.4133152820396018;0.0;0.28174103769119285;0.0;0.0;0.24848675832072928;0.0;0.250332247724018;0.2197814178987459;0.38568234091896736;0.0;0.0;0.4348866273525401;0.0;0.48554089168879017;0.0;0.41639021881551025;0.0;0.43302063388493267;0.3568064035649065;0.18079998931646396;0.0;0.0;0.0;0.43410160633333356;0.2349953046511899;0.3545863232888551;0.36352702171882295;0.4085740490214717;0.0;0.23762177715498878;0.317418479586065;0.0;0.20942155737886248;0.2111711109562371;0.38607114764796363;0.0;0.0;0.0;0.0;0.0;0.29599464373201656;0.4613347147416806;0.2437286245515987;0.0;0.24179957068361294;0.0
GO:0090188;0.0;0.0;0.0;0.0;0.0;0.0;0.264413842336332;0.0;0.19988214671056195;0.36184656081601707;0.16312372927368612;0.0;0.0;0.1951392404604303;0.32370102055956557;0.349993963538857;0.0;0.0;0.34763930298876106;1.0;0.2749365298858576;0.0;0.471357400865871;0.23967197394525663;0.0;0.16997762242033274;0.0;0.0;0.34567413175750245;0.0;0.0;0.0;0.23540186320297624;0.22495982742397078;0.0;0.0;0.15764078028266654;0.3147625837898822;0.33297513416080526;0.27162805442315463;0.0;0.36508919233673165;0.25213890644739506;0.23332727170612683;0.3245946770107598;0.0;0.0;0.3424458711843062;0.0;0.0;0.47611145684676764;0.0;0.0;0.4902113747365652;0.27172529039641685;0.0;0.1782926839174518;0.0;0.0;0.22130314503204818;0.0;0.21172986136527575;0.19824338560353436;0.3343229038894379;0.0;0.0;0.558728390234923;0.0;0.306885762089754;0.0;0.3571548097362675;0.0;0.28321871873118515;0.19611855941881573;0.16596675522101265;0.0;0.0;0.0;0.3701070389420951;0.21053812958742438;0.31070368285520705;0.30815155398302396;0.35138890797256744;0.0;0.2702072921479564;0.28179110230845494;0.0;0.19329758029434402;0.19478714048361853;0.324198979255979;0.0;0.0;0.0;0.0;0.0;0.3733323745026623;0.2276057593262531;0.21752119295167857;0.0;0.26083648316497204;0.0
GO:0006293;0.0;0.0;0.0;0.0;0.0;0.0;0.5168905351428786;0.0;0.22703833918904187;0.509665281189651;0.31589807160667066;0.0;0.0;0.2224539882076437;0.49309269166892944;0.32063037041780523;0.0;0.0;0.3181801307130128;0.2749365298858576;1.0;0.0;0.2995694452968048;0.2025768620007291;0.0;0.28112887175746964;0.0;0.0;0.4149966457214997;0.0;0.0;0.0;0.4005199399596018;0.44837503688799407;0.0;0.0;0.3045135675825555;0.4773621406628717;0.3851433710509035;0.5328439987842004;0.0;0.35714972714631404;0.2920343530746615;0.4668983258981882;0.4946730842196907;0.0;0.0;0.31279180271099744;0.0;0.0;0.4370041988851244;0.0;0.0;0.3317784745479564;0.3170599620814074;0.0;0.34769477795126025;0.0;0.0;0.6424768240704124;0.0;0.24427391039225954;0.3902001202362538;0.3995973114166194;0.0;0.0;0.3423490850964981;0.0;0.30139044769689566;0.0;0.32810970566468595;0.0;0.3319191925220199;0.38563552318663447;0.3976046190700733;0.0;0.0;0.0;0.34174530673187054;0.41679067647369983;0.3679867137323557;0.465816514265274;0.4228012359623045;0.0;0.23215632216060383;0.4360217076937619;0.0;0.21902622640091363;0.2574538330681188;0.49397313721862407;0.0;0.0;0.0;0.0;0.0;0.38097061654940867;0.26120461015211244;0.3147845063744194;0.0;0.3716543293991169;0.0
GO:0006294;0.17064995671600086;0.5178901673013123;0.18321993107150805;0.2262358891031945;0.0;0.0;0.0;0.1343439875606721;0.0;0.0;0.0;0.0;0.0;0.0;0.29602281401215796;0.0;0.1668545118282609;0.19946163885318685;0.0;0.0;0.0;1.0;0.0;0.38875529516371254;0.0;0.0;0.0;0.3259673068775328;0.24419065591673214;0.0;0.7578787839490049;0.4583176682641719;0.0;0.0;0.5395258459543756;0.0;0.0;0.2854142310415964;0.0;0.0;0.3263749530193049;0.0;0.16662715321158764;0.0;0.29709340973119996;0.46994873550481553;0.18789473483390345;0.24133586164967577;0.1879349442913174;0.21085028987141594;0.0;0.25863875403309783;0.13765563699550218;0.0;0.0;0.4497869375402018;0.0;0.7570363391029098;0.3350414222395148;0.0;0.14998528437859637;0.0;0.0;0.0;0.25581424031888955;0.0;0.0;0.0;0.17236317255479902;0.2108365212787744;0.0;0.1378778460041714;0.0;0.0;0.0;0.0;0.4836448713208212;0.2823340353006127;0.0;0.0;0.0;0.0;0.0;0.16308467443421806;0.26650338365086684;0.0;0.2045818965255376;0.0;0.0;0.0;0.2716973078372228;0.1880712518885686;0.0;0.14200701000735977;0.2696355915272235;0.0;0.0;0.0;0.19897931721635242;0.24197035051698873;0.0
GO:0090341;0.0;0.0;0.0;0.0;0.0;0.0;0.28999035846166693;0.0;0.25745985946025307;0.42886039634946244;0.19093652385437285;0.0;0.0;0.1607243707121616;0.342381714740507;0.28924309762627765;0.0;0.0;0.28763304280857177;0.471357400865871;0.2995694452968048;0.0;1.0;0.15008439052031064;0.0;0.22250649949004964;0.0;0.0;0.4129858755711864;0.0;0.0;0.0;0.2629183359692942;0.2529293056197941;0.0;0.0;0.18519304319115612;0.33472286860664335;0.22669078018400524;0.2965711099735049;0.0;0.3068052240435617;0.31592346186003184;0.2609442827774059;0.34314292343010416;0.0;0.0;0.28406856770644645;0.0;0.0;0.5177588239927702;0.0;0.0;0.3488463627641458;0.33702395187897194;0.0;0.20661050791082863;0.0;0.0;0.24939972744081937;0.0;0.1718128855566828;0.2267556056495137;0.40169046276259673;0.0;0.0;0.4570576204526537;0.0;0.2811045339062511;0.0;0.2941164704641919;0.0;0.3492084790650689;0.22463492963573697;0.19389820550804732;0.0;0.0;0.0;0.3028441586150935;0.23891241980880792;0.37777165721175626;0.3290048918357012;0.4186244543187775;0.0;0.16572857033150296;0.34770283997638407;0.0;0.24986011854366225;0.2515840378733617;0.3428059722584352;0.0;0.0;0.0;0.0;0.0;0.33175412442352903;0.2888781335579938;0.24573182949803365;0.0;0.28097784536101494;0.0
GO:1902686;0.154009996486305;0.4339964222840666;0.1641750972231562;0.19789043068984968;0.0;0.0;0.19418766460667197;0.12381271903539527;0.11460771830610805;0.21594490771141514;0.11614986993738068;0.0;0.0;0.21266833643250146;0.36677318674536274;0.20824924885808357;0.150911927882386;0.17709673076467958;0.2067258696433755;0.23967197394525663;0.2025768620007291;0.38875529516371254;0.15008439052031064;1.0;0.0;0.09676038035193979;0.0;0.27020245791853376;0.31115230202702815;0.0;0.4157335138756327;0.46305148235377475;0.17133903661411348;0.16321475546360212;0.5313453587193955;0.0;0.11206102445801522;0.35564080818668636;0.20081924243929836;0.1999332686674573;0.2704824984764684;0.1867869009061661;0.22175106061462507;0.16972077986068168;0.36788965062926887;0.39981659854304563;0.16791863514367739;0.30799682229215825;0.1679507485890332;0.18601751600930821;0.18634510094158652;0.2222452928164963;0.1266200913016649;0.2870177735393588;0.15855974943360115;0.38512938495848853;0.12753252481289015;0.4153430340384645;0.2764078820007611;0.16038200297228175;0.1369777257309701;0.23252510626767692;0.14266317860086478;0.1981444448312452;0.2335170997642756;0.0;0.22170863448912992;0.0;0.27904581830247205;0.1860067995290631;0.2128931535600053;0.12680807608981956;0.16573601136384258;0.14104297991949233;0.11827533707625766;0.0;0.41947761390395866;0.23951865798668487;0.22133552315767308;0.152079273868163;0.1830635313959095;0.22942171416670643;0.20915257762776682;0.14782140191993062;0.4094498192858016;0.164842419839357;0.18112154548835244;0.11065582001700844;0.11154871640545538;0.24259341247199923;0.23181940487041122;0.1680596003295475;0.0;0.13029244398358886;0.230316810429997;0.2524719210818432;0.13138595201138806;0.15745887036181064;0.17671640404722017;0.3260195681918618;0.0
GO:0006611;0.0;0.0;0.0;0.0;0.0;0.7727232985515183;0.0;0.0;0.0;0.0;0.0;0.0;0.35402079477343285;0.0;0.0;0.0;0.0;0.0;0.0;0.0;0.0;0.0;0.0;0.0;1.0;0.0;0.26372683116276335;0.0;0.0;0.8022549478077103;0.0;0.0;0.0;0.0;0.0;0.36404102226969587;0.0;0.0;0.0;0.0;0.0;0.0;0.0;0.0;0.0;0.0;0.0;0.0;0.0;0.0;0.0;0.0;0.0;0.0;0.0;0.0;0.0;0.0;0.0;0.0;0.0;0.0;0.0;0.0;0.0;0.0;0.0;0.4254374081736809;0.0;0.0;0.0;0.0;0.0;0.0;0.0;0.329849416126134;0.0;0.0;0.0;0.0;0.0;0.0;0.0;0.0;0.16819621930617465;0.0;0.0;0.0;0.0;0.0;0.0;0.0;0.0;0.0;0.0;0.0;0.0;0.0;0.0;0.0;0.0
GO:0060633;0.0;0.0;0.0;0.0;0.0;0.0;0.24705905809473683;0.0;0.8843576275933618;0.30118975019386457;0.524196004221552;0.0;0.0;0.10107419434240233;0.20750011367227902;0.38953423128003484;0.0;0.0;0.18232157314593334;0.16997762242033274;0.28112887175746964;0.0;0.22250649949004964;0.09676038035193979;0.0;1.0;0.0;0.0;0.26222829791616925;0.0;0.0;0.0;0.37399363057105367;0.33606000730127483;0.0;0.0;0.5354827617953669;0.2046620440612543;0.14485320154385645;0.2506459459126611;0.0;0.13971454911810766;0.2194231493499368;0.33855919890199304;0.2077794574967269;0.0;0.0;0.38509683922108046;0.0;0.0;0.30825517472007496;0.0;0.0;0.18583836128226697;0.2293983737329946;0.0;0.14839915969763237;0.0;0.0;0.22359014650761128;0.0;0.1053499259820891;0.3076736784531496;0.25762839493217693;0.0;0.0;0.18846473291060267;0.0;0.1937457929529385;0.0;0.1849052237853689;0.0;0.2349789944907127;0.15747473079561808;0.3022319316094019;0.0;0.0;0.0;0.4009242932241167;0.31902144660792503;0.37916188212795254;0.28145455583133194;0.2644903323690241;0.0;0.1030306143030228;0.31574933029315977;0.0;0.9087908423204274;0.4531823639078202;0.20765586549811876;0.0;0.0;0.0;0.0;0.0;0.18463359054236855;0.20602635381066714;0.6548435801429485;0.0;0.3162902897892821;0.0
GO:0006851;0.0;0.0;0.0;0.0;0.0;0.33030822830812456;0.0;0.0;0.0;0.0;0.0;0.0;0.1884566908058651;0.0;0.0;0.0;0.0;0.0;0.0;0.0;0.0;0.0;0.0;0.0;0.26372683116276335;0.0;1.0;0.0;0.0;0.22951037513176115;0.0;0.0;0.0;0.0;0.0;0.19441521837734987;0.0;0.0;0.0;0.0;0.0;0.0;0.0;0.0;0.0;0.0;0.0;0.0;0.0;0.0;0.0;0.0;0.0;0.0;0.0;0.0;0.0;0.0;0.0;0.0;0.0;0.0;0.0;0.0;0.0;0.0;0.0;0.2912432016766391;0.0;0.0;0.0;0.0;0.0;0.0;0.0;0.3708948733359886;0.0;0.0;0.0;0.0;0.0;0.0;0.0;0.0;0.1871504052619926;0.0;0.0;0.0;0.0;0.0;0.0;0.0;0.0;0.0;0.0;0.0;0.0;0.0;0.0;0.0;0.0
GO:0006730;0.352581657740825;0.38270942986295964;0.3821397777335594;0.2661136156256457;0.0;0.0;0.0;0.31501125028208;0.0;0.0;0.0;0.0;0.0;0.0;0.36822291164407794;0.0;0.34376548897817355;0.42117174301154175;0.0;0.0;0.0;0.3259673068775328;0.0;0.27020245791853376;0.0;0.0;0.0;1.0;0.2913083164704824;0.0;0.35911227754272557;0.3290905696297687;0.0;0.0;0.4029651986080153;0.0;0.0;0.35195060589214444;0.0;0.0;0.4163910035599831;0.0;0.18729920064224045;0.0;0.36988089439661603;0.3393192070905132;0.39327592640826275;0.2872546881830157;0.39337205360564625;0.4491230844709311;0.0;0.3121074406126299;0.3235554999504998;0.0;0.0;0.45826939306018494;0.0;0.3586182732321291;0.4306013138578641;0.0;0.3051766653997303;0.0;0.0;0.0;0.3070434272542198;0.31385936871785064;0.0;0.0;0.1945778304910584;0.4490889960683295;0.0;0.27806557259631315;0.0;0.0;0.0;0.0;0.2866235230719774;0.3472786444299208;0.0;0.0;0.0;0.0;0.0;0.3350579961311651;0.32363236313273297;0.0;0.43367811429400155;0.0;0.0;0.0;0.331323884166057;0.393697962437449;0.0;0.28725770168588827;0.3282630409402809;0.0;0.0;0.0;0.22918558187054988;0.15753464863794803;0.31283750534641275
GO:0000076;0.16064397718001502;0.27470135954619385;0.1717351953989923;0.20897934431195525;0.0;0.0;0.39683730352578916;0.12806433778796772;0.3121760349554202;0.6057003618504858;0.2320790565118896;0.0;0.0;0.22593052878045938;0.6354604822806295;0.4040024508739271;0.1572761798217109;0.1859257172975612;0.4008682663569416;0.34567413175750245;0.4149966457214997;0.24419065591673214;0.4129858755711864;0.31115230202702815;0.0;0.26222829791616925;0.0;0.2913083164704824;1.0;0.0;0.2623285984539272;0.24593919696511427;0.34782653933314295;0.3305558047565247;0.2849837215224192;0.0;0.2236483656954553;0.6148360154882655;0.31323476276878204;0.40926469156579487;0.29163384066293724;0.2901575506526018;0.658441051255613;0.34437994037695435;0.6375338551569348;0.2516073955589705;0.17583574948359262;0.5048253253074614;0.17587096283662976;0.19578290277655555;0.5181744845516343;0.236328774001719;0.1310701661628681;0.41827161623630005;0.43737483661736215;0.2417654491467804;0.2556525568788881;0.26206489091171176;0.29853399139440934;0.3245529473785882;0.14220063312913508;0.24847234438366836;0.2872268892832587;0.5528835019602953;0.14294273247255598;0.0;0.4318156326965203;0.0;0.4416658181008041;0.19577103162910364;0.4135740515360881;0.13127160714199143;0.4581189653468178;0.2838327736023558;0.23646927612710578;0.0;0.22142187320028392;0.25595737186659123;0.4310416496714993;0.30701516443430865;0.5085637212006813;0.473708611903061;0.5854814286416595;0.15392238682642323;0.35732702200371325;0.45553120373749584;0.19036687379685183;0.3010724580249158;0.3035790272760971;0.5818812378822253;0.247184372191999;0.17599032674929332;0.0;0.13500920030256058;0.24547672681372895;0.3862333028944628;0.3595974225080442;0.31836885473321686;0.1855065685401087;0.41519999437523686;0.0
GO:0006606;0.0;0.0;0.0;0.0;0.0;0.6615245116166187;0.0;0.0;0.0;0.0;0.0;0.0;0.4520317893016188;0.0;0.0;0.0;0.0;0.0;0.0;0.0;0.0;0.0;0.0;0.0;0.8022549478077103;0.0;0.22951037513176115;0.0;0.0;1.0;0.0;0.0;0.0;0.0;0.0;0.4629060090624355;0.0;0.0;0.0;0.0;0.0;0.0;0.0;0.0;0.0;0.0;0.0;0.0;0.0;0.0;0.0;0.0;0.0;0.0;0.0;0.0;0.0;0.0;0.0;0.0;0.0;0.0;0.0;0.0;0.0;0.0;0.0;0.369950689942549;0.0;0.0;0.0;0.0;0.0;0.0;0.0;0.2780105611529066;0.0;0.0;0.0;0.0;0.0;0.0;0.0;0.0;0.14367821448878623;0.0;0.0;0.0;0.0;0.0;0.0;0.0;0.0;0.0;0.0;0.0;0.0;0.0;0.0;0.0;0.0
GO:0034214;0.17931427480401732;0.5668978778434924;0.19324516933791758;0.2417200439797067;0.0;0.0;0.0;0.13965640806088542;0.0;0.0;0.0;0.0;0.0;0.0;0.32310489698270634;0.0;0.17512836459001535;0.21140096132301056;0.0;0.0;0.0;0.7578787839490049;0.0;0.4157335138756327;0.0;0.0;0.0;0.35911227754272557;0.2623285984539272;0.0;1.0;0.4962859077974309;0.0;0.0;0.5929249401744413;0.0;0.0;0.31050773999974857;0.0;0.0;0.3596071018014875;0.0;0.17487791567796662;0.0;0.3243807655442251;0.5099526265693825;0.19845282168232697;0.2590368166033909;0.19849767749926397;0.22423768706946637;0.0;0.2790763584153774;0.14323863557328484;0.0;0.0;0.48629861525115164;0.0;0.9145563099606403;0.3701568207363782;0.0;0.1566373627087938;0.0;0.0;0.0;0.26722525143626097;0.0;0.0;0.0;0.18120684009253654;0.2242221146334189;0.0;0.14347925043375698;0.0;0.0;0.0;0.0;0.5190478558496614;0.30686557134113646;0.0;0.0;0.0;0.0;0.0;0.17098003358477945;0.2882550749354243;0.0;0.21716139000793808;0.0;0.0;0.0;0.2943411240058092;0.19864974399806937;0.0;0.14795617794360255;0.2919229611097004;0.0;0.0;0.0;0.21085924859750443;0.252155136086763;0.0
GO:0034454;0.17150206458339798;0.6112596567213096;0.184202555158409;0.2277359612779703;0.0;0.0;0.0;0.13487153019013975;0.0;0.0;0.0;0.0;0.0;0.0;0.2985963408653934;0.0;0.16766904709184224;0.20062674974059563;0.0;0.0;0.0;0.4583176682641719;0.0;0.46305148235377475;0.0;0.0;0.0;0.3290905696297687;0.24593919696511427;0.0;0.4962859077974309;1.0;0.0;0.0;0.6443148545103657;0.0;0.0;0.2878058627365211;0.0;0.0;0.329506069914937;0.0;0.16743946478666338;0.0;0.299685666577821;0.47377034205119894;0.1889282827788316;0.243043614887537;0.18896893585908112;0.21215268201859785;0.0;0.2606011605843499;0.13820956220655345;0.0;0.0;0.45328644714121613;0.0;0.4957295510002479;0.3383418732680976;0.0;0.15064311940098807;0.0;0.0;0.0;0.2569424457514306;0.0;0.0;0.0;0.17323251911521112;0.21213874281299452;0.0;0.1384335646030336;0.0;0.0;0.0;0.0;0.4868694823136064;0.28467411285746214;0.0;0.0;0.0;0.0;0.0;0.1638627331742099;0.26858743037585653;0.0;0.20580777670004646;0.0;0.0;0.0;0.273863708903233;0.18910674802272356;0.0;0.14259658349239485;0.27176910971609036;0.0;0.0;0.0;0.20013878378960562;0.2429795091046492;0.0
GO:0031060;0.0;0.0;0.0;0.0;0.0;0.0;0.43819057966146907;0.0;0.40384994029020577;0.4235092216765728;0.4088792143066871;0.0;0.0;0.1853466665540006;0.4010661143251544;0.4053384786620022;0.0;0.0;0.2664020091769453;0.23540186320297624;0.4005199399596018;0.0;0.2629183359692942;0.17133903661411348;0.0;0.37399363057105367;0.0;0.0;0.34782653933314295;0.0;0.0;0.0;1.0;0.6526953132173869;0.0;0.0;0.39552280547999547;0.39059694533406697;0.25972035492715534;0.4495776771443662;0.0;0.243652553139866;0.2570963140016097;0.4648562876798547;0.4021110272020401;0.0;0.0;0.39701867975716254;0.0;0.0;0.37209867755754694;0.0;0.0;0.2758688464267742;0.2762953173465138;0.0;0.2266205411509417;0.0;0.0;0.36953883699170337;0.0;0.20025036343430644;0.39731839720494044;0.3369433931162223;0.0;0.0;0.28313799432346387;0.0;0.26431996914761263;0.0;0.27332764384932423;0.0;0.28751166719340077;0.24849009931372223;0.7137657994853621;0.0;0.0;0.0;0.4274218016755889;0.42104160897241444;0.4366651711413896;0.5320725274522663;0.3532924987656238;0.0;0.19203344861205232;0.37876229849110754;0.0;0.39091640336481276;0.647047354429329;0.4016483953146271;0.0;0.0;0.0;0.0;0.0;0.3236023327108719;0.23289640371268583;0.5399887705843365;0.0;0.29905941388581664;0.0
GO:0032270;0.0;0.0;0.0;0.0;0.0;0.0;0.31533408216258313;0.0;0.3917659147504102;0.34447490873054715;0.609088875248052;0.0;0.0;0.1758764134682195;0.37827691262578833;0.38498497029038287;0.0;0.0;0.2531063216718292;0.22495982742397078;0.44837503688799407;0.0;0.2529293056197941;0.16321475546360212;0.0;0.33606000730127483;0.0;0.0;0.3305558047565247;0.0;0.0;0.0;0.6526953132173869;1.0;0.0;0.0;0.58977586397248;0.3689498567390696;0.30825368933333275;0.32313080997480265;0.0;0.2900575544310425;0.24753673398551698;0.6941152195696862;0.37920631445741937;0.0;0.0;0.3774719847158302;0.0;0.0;0.30457159021424296;0.0;0.0;0.2616366617985659;0.26528525100518624;0.0;0.30078937752249346;0.0;0.0;0.3677086735837343;0.0;0.18924110675890607;0.5557737422101957;0.3207113004333516;0.0;0.0;0.2681662441515353;0.0;0.25422619510359523;0.0;0.259349812173918;0.0;0.27560879287497986;0.32877196913413853;0.7533558646913139;0.0;0.0;0.0;0.40485185780333216;0.5876827100313595;0.4169857898904791;0.5031390589523038;0.3354885854588426;0.0;0.18188625455264168;0.27433013644647475;0.0;0.37958311995862704;0.44745173384588083;0.3787948586649399;0.0;0.0;0.0;0.0;0.0;0.3086015785798495;0.22502421767577782;0.5186001711144661;0.0;0.21849755096083992;0.0
GO:0000715;0.18961802236812;0.6307820820233162;0.2052657624372295;0.2608257866354795;0.0;0.0;0.0;0.14582807890622654;0.0;0.0;0.0;0.0;0.0;0.0;0.3581752239242476;0.0;0.1849435000505092;0.2258709456698686;0.0;0.0;0.0;0.5395258459543756;0.0;0.5313453587193955;0.0;0.0;0.0;0.4029651986080153;0.2849837215224192;0.0;0.5929249401744413;0.6443148545103657;0.0;0.0;1.0;0.0;0.0;0.3427602578618889;0.0;0.0;0.4035883572746929;0.0;0.18466421383392856;0.0;0.35974376580540424;0.5610684020107499;0.21115130278063968;0.28110302672387655;0.21120208340379273;0.2405862725358833;0.0;0.3048587010382445;0.14973834493399776;0.0;0.0;0.5325672632637262;0.0;0.5921309883432195;0.4169242679254293;0.0;0.1644430588706215;0.0;0.0;0.0;0.2806222952078066;0.0;0.0;0.0;0.19173562192998392;0.24056834672402744;0.0;0.1500013119373804;0.0;0.0;0.0;0.0;0.562946862748499;0.33832756842029743;0.0;0.0;0.0;0.0;0.0;0.18032328287717567;0.31584508218140767;0.0;0.2324592310146763;0.0;0.0;0.0;0.32316672088626375;0.21137424662431975;0.0;0.1549014509707458;0.3202540752496265;0.0;0.0;0.0;0.22525264503145506;0.26405010962691944;0.0
GO:1903546;0.0;0.0;0.0;0.0;0.0;0.39440625813460023;0.0;0.0;0.0;0.0;0.0;0.0;0.7368904933401744;0.0;0.0;0.0;0.0;0.0;0.0;0.0;0.0;0.0;0.0;0.0;0.36404102226969587;0.0;0.19441521837734987;0.0;0.0;0.4629060090624355;0.0;0.0;0.0;0.0;0.0;1.0;0.0;0.0;0.0;0.0;0.0;0.0;0.0;0.0;0.0;0.0;0.0;0.0;0.0;0.0;0.0;0.0;0.0;0.0;0.0;0.0;0.0;0.0;0.0;0.0;0.0;0.0;0.0;0.0;0.0;0.0;0.0;0.2678050339117649;0.0;0.0;0.0;0.0;0.0;0.0;0.0;0.2645904374261347;0.0;0.0;0.0;0.0;0.0;0.0;0.0;0.0;0.23343768372204543;0.0;0.0;0.0;0.0;0.0;0.0;0.0;0.0;0.0;0.0;0.0;0.0;0.0;0.0;0.0;0.0
