;GO:0016525;GO:0043507;GO:0032570;GO:0033141;GO:0061614;GO:1901224;GO:0007254;GO:0042531;GO:0051091;GO:0008625;GO:0051092;GO:0050796;GO:0002357;GO:0000187;GO:0000185;GO:0002876;GO:0045892;GO:0001701;GO:0000060;GO:0032729;GO:0050715;GO:2000353;GO:0097527;GO:0070207;GO:0050830;GO:0033138;GO:1902042;GO:0061048;GO:2001180;GO:0065003;GO:2000010;GO:0050728;GO:2001183;GO:0051260;GO:0045930;GO:0008630;GO:0042542;GO:0042267;GO:0045416;GO:0032715;GO:0051412;GO:0032834;GO:0008626;GO:0045662;GO:0043242;GO:0002925;GO:0030890;GO:0031622;GO:0071407;GO:0071803;GO:0050687;GO:0051897;GO:0045429;GO:1903140;GO:0090312;GO:1903543;GO:0008285;GO:0008284;GO:0097191;GO:0043123;GO:1904999;GO:0045787;GO:0097190;GO:0043243;GO:0045785;GO:0045944;GO:0043525;GO:0002740;GO:0045668;GO:0000165;GO:0043491;GO:0051024;GO:0045672;GO:0051023;GO:0019221;GO:0048388;GO:0071550;GO:0048662;GO:0051384;GO:0071677;GO:0010634;GO:0032700;GO:0031334;GO:0030644;GO:0071316;GO:2001240;GO:0007249;GO:0046013;GO:2000309;GO:0010803;GO:2000144;GO:0032496;GO:0001937;GO:0010888;GO:0051712;GO:2000304;GO:0051798;GO:0007050;GO:0034393;GO:0007296;GO:0038110;GO:0006006;GO:0030866;GO:0051044;GO:0002437;GO:0048566;GO:0002439;GO:0051607;GO:0070886;GO:0006919;GO:0032800;GO:0050995;GO:0060550;GO:0060552;GO:0060674;GO:1901671;GO:1900740;GO:0046666;GO:0060559;GO:0043433;GO:0042104;GO:0010508;GO:0002687;GO:0031668;GO:0030857;GO:0033209;GO:0007219;GO:0044130;GO:0010628;GO:0045582;GO:0035509;GO:0031663;GO:0010469;GO:0032755;GO:0050766;GO:0072659;GO:0046718;GO:0033160;GO:0045742;GO:0051591;GO:0045589;GO:1904798;GO:1903347;GO:0009615;GO:0000122;GO:0071230;GO:0032747;GO:1904707;GO:0010835;GO:0002418;GO:0050777;GO:0045071;GO:2000334;GO:0060693;GO:0010693;GO:0060333;GO:0006351;GO:1903078;GO:0045599;GO:0046325;GO:0007565;GO:1903514;GO:0045994;GO:0060334;GO:0002664;GO:0030316;GO:0032735;GO:0042130;GO:0043066;GO:0043065;GO:0006508;GO:0070374;GO:0042098;GO:0035723;GO:0034116;GO:2000343;GO:0071902;GO:0035722;GO:0045080
GO:0016525;1.0;0.2608695652173913;0.0;0.2857142857142857;0.0;0.3333333333333333;0.09523809523809523;0.2857142857142857;0.2857142857142857;0.11764705882352941;0.2727272727272727;0.21052631578947367;0.0;0.17391304347826086;0.17391304347826086;0.3157894736842105;0.4;0.0;0.0;0.5;0.42105263157894735;0.3157894736842105;0.13333333333333333;0.0;0.0;0.3;0.4;0.5882352941176471;0.5;0.0;0.35294117647058826;0.47058823529411764;0.5;0.0;0.5;0.11764705882352941;0.0;0.0;0.4444444444444444;0.625;0.0;0.2608695652173913;0.125;0.625;0.5;0.3;0.3157894736842105;0.42105263157894735;0.0;0.3333333333333333;0.47058823529411764;0.3333333333333333;0.3333333333333333;0.4444444444444444;0.3157894736842105;0.3157894736842105;0.5333333333333333;0.4;0.125;0.3333333333333333;0.3333333333333333;0.4;0.13333333333333333;0.375;0.42857142857142855;0.2857142857142857;0.3333333333333333;0.5;0.625;0.10526315789473684;0.125;0.3157894736842105;0.42105263157894735;0.3333333333333333;0.125;0.09090909090909091;0.0;0.5;0.0;0.3157894736842105;0.4444444444444444;0.625;0.375;0.21052631578947367;0.0;0.4;0.125;0.21052631578947367;0.47058823529411764;0.35294117647058826;0.2857142857142857;0.0;0.47058823529411764;0.5;0.4;0.3157894736842105;0.625;0.125;0.3157894736842105;0.0;0.11764705882352941;0.0;0.0;0.3157894736842105;0.0;0.0;0.0;0.0;0.3;0.2608695652173913;0.0;0.47058823529411764;0.19047619047619047;0.3333333333333333;0.0;0.3157894736842105;0.1;0.0;0.3;0.38095238095238093;0.3;0.35294117647058826;0.3333333333333333;0.0;0.625;0.11764705882352941;0.125;0.47058823529411764;0.375;0.42105263157894735;0.38095238095238093;0.125;0.25;0.5;0.3333333333333333;0.0;0.0;0.3;0.3333333333333333;0.0;0.42105263157894735;0.23529411764705882;0.47058823529411764;0.0;0.38095238095238093;0.0;0.5;0.35294117647058826;0.3333333333333333;0.0;0.5333333333333333;0.4444444444444444;0.625;0.625;0.2;0.11764705882352941;0.0;0.3333333333333333;0.625;0.4444444444444444;0.0;0.08;0.3;0.3333333333333333;0.625;0.0;0.5;0.42105263157894735;0.47058823529411764;0.35294117647058826;0.0;0.2857142857142857;0.0;0.11764705882352941;0.375;0.47058823529411764;0.19047619047619047;0.11764705882352941;0.4444444444444444
GO:0043507;0.2608695652173913;1.0;0.0;0.7692307692307693;0.0;0.6956521739130435;0.07692307692307693;0.7692307692307693;0.3076923076923077;0.09090909090909091;0.2962962962962963;0.3333333333333333;0.0;0.9285714285714286;0.9285714285714286;0.4166666666666667;0.4;0.0;0.0;0.38095238095238093;0.3333333333333333;0.4166666666666667;0.4;0.0;0.0;0.8;0.48;0.2727272727272727;0.32;0.0;0.36363636363636365;0.45454545454545453;0.32;0.0;0.38095238095238093;0.09090909090909091;0.0;0.0;0.6086956521739131;0.2857142857142857;0.0;0.35714285714285715;0.38095238095238093;0.38095238095238093;0.38095238095238093;0.4;0.3333333333333333;0.3333333333333333;0.0;0.34782608695652173;0.45454545454545453;0.6956521739130435;0.5217391304347826;0.34782608695652173;0.75;0.3333333333333333;0.4;0.5;0.38095238095238093;0.6956521739130435;0.34782608695652173;0.5;0.4;0.47619047619047616;0.42105263157894735;0.46153846153846156;0.43478260869565216;0.32;0.38095238095238093;0.3333333333333333;0.38095238095238093;0.4166666666666667;0.4166666666666667;0.34782608695652173;0.38095238095238093;0.07407407407407407;0.0;0.38095238095238093;0.0;0.3333333333333333;0.34782608695652173;0.2857142857142857;0.38095238095238093;0.16666666666666666;0.0;0.48;0.38095238095238093;0.16666666666666666;0.36363636363636365;0.5454545454545454;0.3076923076923077;0.0;0.36363636363636365;0.2857142857142857;0.4;0.5;0.38095238095238093;0.38095238095238093;0.4166666666666667;0.0;0.09090909090909091;0.0;0.0;0.6666666666666666;0.0;0.0;0.0;0.0;0.64;0.35714285714285715;0.0;0.36363636363636365;0.6153846153846154;0.6956521739130435;0.0;0.4166666666666667;0.56;0.0;0.4;0.23076923076923078;0.32;0.45454545454545453;0.34782608695652173;0.0;0.38095238095238093;0.09090909090909091;0.38095238095238093;0.2727272727272727;0.5714285714285714;0.4166666666666667;0.6153846153846154;0.38095238095238093;0.5714285714285714;0.38095238095238093;0.34782608695652173;0.0;0.0;0.32;0.6086956521739131;0.0;0.3333333333333333;0.36363636363636365;0.36363636363636365;0.0;0.38461538461538464;0.0;0.38095238095238093;0.45454545454545453;0.6956521739130435;0.0;0.4;0.2608695652173913;0.38095238095238093;0.2857142857142857;0.56;0.09090909090909091;0.0;0.34782608695652173;0.38095238095238093;0.2608695652173913;0.0;0.06666666666666667;0.64;0.5217391304347826;0.2857142857142857;0.0;0.38095238095238093;0.3333333333333333;0.36363636363636365;0.45454545454545453;0.0;0.8461538461538461;0.0;0.09090909090909091;0.38095238095238093;0.36363636363636365;0.9230769230769231;0.09090909090909091;0.6086956521739131
GO:0032570;0.0;0.0;1.0;0.0;0.0;0.0;0.21052631578947367;0.0;0.0;0.0;0.0;0.0;0.3333333333333333;0.0;0.0;0.0;0.0;0.0;0.0;0.0;0.0;0.0;0.0;0.0;0.26666666666666666;0.0;0.0;0.0;0.0;0.0;0.0;0.0;0.0;0.0;0.0;0.26666666666666666;0.6153846153846154;0.14285714285714285;0.0;0.0;0.625;0.0;0.0;0.0;0.0;0.0;0.0;0.0;0.7692307692307693;0.0;0.0;0.0;0.0;0.0;0.0;0.0;0.0;0.0;0.0;0.0;0.0;0.0;0.0;0.0;0.0;0.0;0.0;0.0;0.0;0.0;0.0;0.0;0.0;0.0;0.0;0.0;0.0;0.0;0.8;0.0;0.0;0.0;0.0;0.0;0.6153846153846154;0.0;0.0;0.0;0.0;0.0;0.0;0.6153846153846154;0.0;0.0;0.0;0.0;0.0;0.0;0.0;0.0;0.0;0.0;0.0;0.0;0.3076923076923077;0.0;0.2857142857142857;0.14285714285714285;0.0;0.0;0.0;0.0;0.0;0.0;0.0;0.0;0.0;0.0;0.0;0.0;0.0;0.0;0.0;0.3333333333333333;0.0;0.0;0.0;0.0;0.0;0.0;0.0;0.0;0.0;0.0;0.0;0.0;0.0;0.0;0.0;0.5714285714285714;0.0;0.0;0.0;0.15384615384615385;0.0;0.5714285714285714;0.0;0.0;0.0;0.3333333333333333;0.0;0.0;0.0;0.0;0.0;0.0;0.0;0.0;0.0;0.0;0.0;0.0;0.0;0.0;0.0;0.0;0.0;0.0;0.0;0.0;0.0;0.0;0.0;0.0;0.0;0.0;0.0;0.0;0.0
GO:0033141;0.2857142857142857;0.7692307692307693;0.0;1.0;0.0;0.6666666666666666;0.08333333333333333;0.75;0.3333333333333333;0.1;0.32;0.36363636363636365;0.0;0.7692307692307693;0.7692307692307693;0.36363636363636365;0.43478260869565216;0.0;0.0;0.42105263157894735;0.45454545454545453;0.45454545454545453;0.4444444444444444;0.0;0.0;0.9565217391304348;0.5217391304347826;0.3;0.34782608695652173;0.0;0.4;0.4;0.34782608695652173;0.0;0.42105263157894735;0.1;0.0;0.0;0.6666666666666666;0.3157894736842105;0.0;0.3076923076923077;0.42105263157894735;0.42105263157894735;0.42105263157894735;0.34782608695652173;0.45454545454545453;0.36363636363636365;0.0;0.47619047619047616;0.4;0.6666666666666666;0.5714285714285714;0.38095238095238093;0.8181818181818182;0.36363636363636365;0.4444444444444444;0.5555555555555556;0.42105263157894735;0.6666666666666666;0.38095238095238093;0.5555555555555556;0.4444444444444444;0.5263157894736842;0.47058823529411764;0.5;0.47619047619047616;0.34782608695652173;0.42105263157894735;0.36363636363636365;0.42105263157894735;0.45454545454545453;0.45454545454545453;0.38095238095238093;0.42105263157894735;0.08;0.0;0.42105263157894735;0.0;0.36363636363636365;0.38095238095238093;0.3157894736842105;0.5263157894736842;0.18181818181818182;0.0;0.5217391304347826;0.42105263157894735;0.18181818181818182;0.4;0.6;0.5;0.0;0.4;0.3157894736842105;0.4444444444444444;0.5454545454545454;0.42105263157894735;0.42105263157894735;0.45454545454545453;0.0;0.1;0.0;0.0;0.7272727272727273;0.0;0.0;0.0;0.0;0.6086956521739131;0.6153846153846154;0.0;0.5;0.6666666666666666;0.7619047619047619;0.0;0.45454545454545453;0.5217391304347826;0.0;0.5217391304347826;0.25;0.43478260869565216;0.6;0.38095238095238093;0.0;0.42105263157894735;0.1;0.42105263157894735;0.3;0.631578947368421;0.45454545454545453;0.6666666666666666;0.42105263157894735;0.631578947368421;0.42105263157894735;0.47619047619047616;0.0;0.0;0.34782608695652173;0.5714285714285714;0.0;0.36363636363636365;0.2;0.4;0.0;0.4166666666666667;0.0;0.42105263157894735;0.5;0.7619047619047619;0.0;0.4444444444444444;0.2857142857142857;0.5263157894736842;0.3157894736842105;0.6086956521739131;0.1;0.0;0.38095238095238093;0.42105263157894735;0.2857142857142857;0.0;0.07142857142857142;0.6956521739130435;0.5714285714285714;0.3157894736842105;0.0;0.42105263157894735;0.36363636363636365;0.4;0.5;0.0;0.8333333333333334;0.0;0.1;0.42105263157894735;0.4;0.8333333333333334;0.1;0.6666666666666666
GO:0061614;0.0;0.0;0.0;0.0;1.0;0.0;0.08333333333333333;0.0;0.0;0.1;0.0;0.0;0.0;0.0;0.0;0.0;0.0;0.0;0.0;0.0;0.0;0.0;0.1111111111111111;0.1;0.0;0.0;0.0;0.0;0.0;0.11764705882352941;0.0;0.0;0.0;0.10526315789473684;0.0;0.1;0.0;0.0;0.0;0.0;0.0;0.0;0.10526315789473684;0.0;0.0;0.0;0.0;0.0;0.1111111111111111;0.0;0.0;0.0;0.0;0.0;0.0;0.0;0.0;0.0;0.10526315789473684;0.0;0.0;0.0;0.1111111111111111;0.0;0.0;0.0;0.0;0.0;0.0;0.09090909090909091;0.10526315789473684;0.0;0.0;0.0;0.10526315789473684;0.08;0.1111111111111111;0.0;0.0;0.0;0.0;0.0;0.0;0.09090909090909091;0.1111111111111111;0.0;0.10526315789473684;0.0;0.0;0.0;0.0;0.0;0.0;0.0;0.0;0.0;0.0;0.10526315789473684;0.0;0.11764705882352941;0.1;0.21052631578947367;0.10526315789473684;0.0;0.0;0.0;0.0;0.0;0.0;0.0;0.42105263157894735;0.0;0.0;0.0;0.0;0.0;0.08695652173913043;0.1111111111111111;0.0;0.0;0.0;0.0;0.0;0.11764705882352941;0.0;0.1;0.10526315789473684;0.0;0.0;0.0;0.0;0.10526315789473684;0.0;0.0;0.0;0.0;0.0;0.0;0.0;0.0;0.0;0.0;0.0;0.0;0.0;0.10526315789473684;0.0;0.0;0.0;0.0;0.0;0.0;0.0;0.0;0.0;0.1;0.36363636363636365;0.0;0.0;0.0;0.0;0.07142857142857142;0.0;0.0;0.0;0.10526315789473684;0.0;0.0;0.0;0.0;0.4444444444444444;0.0;0.10526315789473684;0.1;0.0;0.0;0.0;0.1;0.0
GO:1901224;0.3333333333333333;0.6956521739130435;0.0;0.6666666666666666;0.0;1.0;0.09523809523809523;0.7619047619047619;0.38095238095238093;0.11764705882352941;0.36363636363636365;0.42105263157894735;0.0;0.6956521739130435;0.6956521739130435;0.5263157894736842;0.4;0.0;0.0;0.5;0.42105263157894735;0.5263157894736842;0.5333333333333333;0.0;0.0;0.5;0.6;0.35294117647058826;0.4;0.0;0.47058823529411764;0.47058823529411764;0.4;0.0;0.5;0.11764705882352941;0.0;0.0;0.4444444444444444;0.375;0.0;0.43478260869565216;0.125;0.5;0.5;0.5;0.42105263157894735;0.42105263157894735;0.0;0.4444444444444444;0.47058823529411764;0.8888888888888888;0.5555555555555556;0.4444444444444444;0.5263157894736842;0.42105263157894735;0.5333333333333333;0.6666666666666666;0.125;0.8888888888888888;0.4444444444444444;0.6666666666666666;0.5333333333333333;0.625;0.5714285714285714;0.38095238095238093;0.5555555555555556;0.4;0.5;0.10526315789473684;0.125;0.5263157894736842;0.5263157894736842;0.4444444444444444;0.125;0.09090909090909091;0.0;0.5;0.0;0.42105263157894735;0.4444444444444444;0.375;0.5;0.21052631578947367;0.0;0.6;0.125;0.21052631578947367;0.47058823529411764;0.7058823529411765;0.38095238095238093;0.0;0.47058823529411764;0.375;0.5333333333333333;0.5263157894736842;0.5;0.125;0.5263157894736842;0.0;0.11764705882352941;0.0;0.0;0.5263157894736842;0.0;0.0;0.0;0.0;0.8;0.43478260869565216;0.0;0.35294117647058826;0.47619047619047616;0.5555555555555556;0.0;0.42105263157894735;0.7;0.0;0.4;0.2857142857142857;0.4;0.5882352941176471;0.4444444444444444;0.0;0.5;0.11764705882352941;0.125;0.35294117647058826;0.5;0.5263157894736842;0.38095238095238093;0.125;0.75;0.5;0.4444444444444444;0.0;0.0;0.4;0.7777777777777778;0.0;0.42105263157894735;0.23529411764705882;0.47058823529411764;0.0;0.38095238095238093;0.0;0.5;0.5882352941176471;0.4444444444444444;0.0;0.5333333333333333;0.3333333333333333;0.5;0.375;0.2;0.11764705882352941;0.0;0.4444444444444444;0.5;0.3333333333333333;0.0;0.08;0.5;0.6666666666666666;0.375;0.0;0.5;0.42105263157894735;0.47058823529411764;0.5882352941176471;0.0;0.7619047619047619;0.0;0.11764705882352941;0.5;0.47058823529411764;0.47619047619047616;0.11764705882352941;0.4444444444444444
GO:0007254;0.09523809523809523;0.07692307692307693;0.21052631578947367;0.08333333333333333;0.08333333333333333;0.09523809523809523;1.0;0.08333333333333333;0.08333333333333333;0.1;0.08;0.09090909090909091;0.23529411764705882;0.07692307692307693;0.07692307692307693;0.09090909090909091;0.08695652173913043;0.0;0.0;0.10526315789473684;0.09090909090909091;0.09090909090909091;0.1111111111111111;0.1;0.2;0.08695652173913043;0.08695652173913043;0.1;0.08695652173913043;0.11764705882352941;0.1;0.1;0.08695652173913043;0.10526315789473684;0.10526315789473684;0.2;0.2222222222222222;0.10526315789473684;0.09523809523809523;0.10526315789473684;0.19047619047619047;0.07692307692307693;0.10526315789473684;0.10526315789473684;0.10526315789473684;0.08695652173913043;0.09090909090909091;0.09090909090909091;0.3333333333333333;0.09523809523809523;0.1;0.09523809523809523;0.09523809523809523;0.09523809523809523;0.09090909090909091;0.09090909090909091;0.1111111111111111;0.1111111111111111;0.10526315789473684;0.09523809523809523;0.09523809523809523;0.1111111111111111;0.1111111111111111;0.10526315789473684;0.11764705882352941;0.08333333333333333;0.09523809523809523;0.08695652173913043;0.10526315789473684;0.9090909090909091;0.10526315789473684;0.36363636363636365;0.09090909090909091;0.38095238095238093;0.10526315789473684;0.08;0.1111111111111111;0.10526315789473684;0.2;0.09090909090909091;0.09523809523809523;0.10526315789473684;0.10526315789473684;0.18181818181818182;0.3333333333333333;0.08695652173913043;0.10526315789473684;0.09090909090909091;0.1;0.1;0.08333333333333333;0.2222222222222222;0.1;0.10526315789473684;0.1111111111111111;0.09090909090909091;0.10526315789473684;0.10526315789473684;0.09090909090909091;0.11764705882352941;0.1;0.10526315789473684;0.21052631578947367;0.09090909090909091;0.2222222222222222;0.0;0.21052631578947367;0.10526315789473684;0.08695652173913043;0.07692307692307693;0.21052631578947367;0.1;0.08333333333333333;0.09523809523809523;0.0;0.09090909090909091;0.08695652173913043;0.1111111111111111;0.08695652173913043;0.08333333333333333;0.08695652173913043;0.1;0.09523809523809523;0.35294117647058826;0.10526315789473684;0.1;0.10526315789473684;0.1;0.10526315789473684;0.09090909090909091;0.08333333333333333;0.10526315789473684;0.10526315789473684;0.10526315789473684;0.09523809523809523;0.0;0.0;0.08695652173913043;0.09523809523809523;0.21052631578947367;0.09090909090909091;0.1;0.1;0.1111111111111111;0.08333333333333333;0.3157894736842105;0.10526315789473684;0.1;0.09523809523809523;0.23529411764705882;0.1111111111111111;0.09523809523809523;0.10526315789473684;0.10526315789473684;0.08695652173913043;0.1;0.09090909090909091;0.09523809523809523;0.10526315789473684;0.09523809523809523;0.0;0.07142857142857142;0.08695652173913043;0.09523809523809523;0.10526315789473684;0.10526315789473684;0.10526315789473684;0.09090909090909091;0.1;0.1;0.1111111111111111;0.08333333333333333;0.10526315789473684;0.1;0.10526315789473684;0.1;0.08333333333333333;0.1;0.09523809523809523
GO:0042531;0.2857142857142857;0.7692307692307693;0.0;0.75;0.0;0.7619047619047619;0.08333333333333333;1.0;0.3333333333333333;0.1;0.32;0.36363636363636365;0.0;0.7692307692307693;0.7692307692307693;0.45454545454545453;0.43478260869565216;0.0;0.0;0.42105263157894735;0.36363636363636365;0.45454545454545453;0.4444444444444444;0.0;0.0;0.8695652173913043;0.5217391304347826;0.3;0.34782608695652173;0.0;0.4;0.4;0.34782608695652173;0.0;0.42105263157894735;0.1;0.0;0.0;0.6666666666666666;0.3157894736842105;0.0;0.38461538461538464;0.42105263157894735;0.42105263157894735;0.42105263157894735;0.43478260869565216;0.36363636363636365;0.36363636363636365;0.0;0.38095238095238093;0.4;0.7619047619047619;0.5714285714285714;0.38095238095238093;0.8181818181818182;0.36363636363636365;0.4444444444444444;0.5555555555555556;0.42105263157894735;0.7619047619047619;0.38095238095238093;0.5555555555555556;0.4444444444444444;0.5263157894736842;0.47058823529411764;0.5;0.47619047619047616;0.34782608695652173;0.42105263157894735;0.36363636363636365;0.42105263157894735;0.45454545454545453;0.45454545454545453;0.38095238095238093;0.42105263157894735;0.08;0.0;0.42105263157894735;0.0;0.36363636363636365;0.38095238095238093;0.3157894736842105;0.42105263157894735;0.18181818181818182;0.0;0.5217391304347826;0.42105263157894735;0.18181818181818182;0.4;0.6;0.3333333333333333;0.0;0.4;0.3157894736842105;0.4444444444444444;0.5454545454545454;0.42105263157894735;0.42105263157894735;0.45454545454545453;0.0;0.1;0.0;0.0;0.7272727272727273;0.0;0.0;0.0;0.0;0.6956521739130435;0.6153846153846154;0.0;0.5;0.6666666666666666;0.7619047619047619;0.0;0.45454545454545453;0.6086956521739131;0.0;0.5217391304347826;0.25;0.34782608695652173;0.6;0.38095238095238093;0.0;0.42105263157894735;0.1;0.42105263157894735;0.3;0.631578947368421;0.45454545454545453;0.6666666666666666;0.42105263157894735;0.631578947368421;0.42105263157894735;0.38095238095238093;0.0;0.0;0.34782608695652173;0.6666666666666666;0.0;0.36363636363636365;0.2;0.4;0.0;0.4166666666666667;0.0;0.42105263157894735;0.5;0.7619047619047619;0.0;0.4444444444444444;0.2857142857142857;0.42105263157894735;0.3157894736842105;0.6086956521739131;0.1;0.0;0.38095238095238093;0.42105263157894735;0.2857142857142857;0.0;0.07142857142857142;0.6956521739130435;0.5714285714285714;0.3157894736842105;0.0;0.42105263157894735;0.36363636363636365;0.4;0.5;0.0;0.8333333333333334;0.0;0.1;0.42105263157894735;0.4;0.8333333333333334;0.1;0.6666666666666666
GO:0051091;0.2857142857142857;0.3076923076923077;0.0;0.3333333333333333;0.0;0.38095238095238093;0.08333333333333333;0.3333333333333333;1.0;0.1;0.96;0.18181818181818182;0.0;0.3076923076923077;0.3076923076923077;0.36363636363636365;0.8695652173913043;0.0;0.0;0.42105263157894735;0.36363636363636365;0.36363636363636365;0.1111111111111111;0.0;0.0;0.34782608695652173;0.2608695652173913;0.3;0.2608695652173913;0.0;0.4;0.3;0.2608695652173913;0.0;0.3157894736842105;0.1;0.0;0.0;0.38095238095238093;0.3157894736842105;0.0;0.3076923076923077;0.10526315789473684;0.3157894736842105;0.3157894736842105;0.34782608695652173;0.36363636363636365;0.36363636363636365;0.0;0.38095238095238093;0.3;0.38095238095238093;0.38095238095238093;0.2857142857142857;0.36363636363636365;0.36363636363636365;0.3333333333333333;0.4444444444444444;0.10526315789473684;0.38095238095238093;0.38095238095238093;0.4444444444444444;0.1111111111111111;0.42105263157894735;0.47058823529411764;0.8333333333333334;0.38095238095238093;0.2608695652173913;0.3157894736842105;0.09090909090909091;0.10526315789473684;0.36363636363636365;0.36363636363636365;0.2857142857142857;0.10526315789473684;0.08;0.0;0.3157894736842105;0.0;0.36363636363636365;0.38095238095238093;0.3157894736842105;0.42105263157894735;0.18181818181818182;0.0;0.2608695652173913;0.10526315789473684;0.18181818181818182;0.4;0.3;0.8333333333333334;0.0;0.3;0.3157894736842105;0.4444444444444444;0.36363636363636365;0.42105263157894735;0.10526315789473684;0.36363636363636365;0.0;0.1;0.0;0.0;0.36363636363636365;0.0;0.0;0.0;0.0;0.34782608695652173;0.3076923076923077;0.0;0.3;0.3333333333333333;0.38095238095238093;0.0;0.36363636363636365;0.34782608695652173;0.0;0.34782608695652173;0.9166666666666666;0.34782608695652173;0.4;0.38095238095238093;0.0;0.3157894736842105;0.1;0.10526315789473684;0.3;0.42105263157894735;0.36363636363636365;0.25;0.10526315789473684;0.3157894736842105;0.42105263157894735;0.38095238095238093;0.0;0.0;0.34782608695652173;0.38095238095238093;0.0;0.2727272727272727;0.4;0.3;0.0;0.8333333333333334;0.0;0.42105263157894735;0.4;0.2857142857142857;0.0;0.3333333333333333;0.2857142857142857;0.42105263157894735;0.3157894736842105;0.2608695652173913;0.1;0.0;0.38095238095238093;0.3157894736842105;0.2857142857142857;0.0;0.07142857142857142;0.34782608695652173;0.2857142857142857;0.3157894736842105;0.0;0.42105263157894735;0.2727272727272727;0.3;0.4;0.0;0.3333333333333333;0.0;0.1;0.42105263157894735;0.4;0.3333333333333333;0.1;0.38095238095238093
GO:0008625;0.11764705882352941;0.09090909090909091;0.0;0.1;0.1;0.11764705882352941;0.1;0.1;0.1;1.0;0.09523809523809523;0.1111111111111111;0.0;0.09090909090909091;0.09090909090909091;0.1111111111111111;0.10526315789473684;0.0;0.0;0.13333333333333333;0.1111111111111111;0.1111111111111111;0.14285714285714285;0.125;0.0;0.10526315789473684;0.10526315789473684;0.125;0.10526315789473684;0.15384615384615385;0.125;0.125;0.10526315789473684;0.13333333333333333;0.13333333333333333;0.125;0.0;0.0;0.11764705882352941;0.13333333333333333;0.0;0.09090909090909091;0.13333333333333333;0.13333333333333333;0.13333333333333333;0.10526315789473684;0.1111111111111111;0.1111111111111111;0.2857142857142857;0.11764705882352941;0.125;0.11764705882352941;0.11764705882352941;0.11764705882352941;0.1111111111111111;0.1111111111111111;0.14285714285714285;0.14285714285714285;0.9333333333333333;0.11764705882352941;0.11764705882352941;0.14285714285714285;0.14285714285714285;0.13333333333333333;0.15384615384615385;0.1;0.11764705882352941;0.10526315789473684;0.13333333333333333;0.1111111111111111;0.13333333333333333;0.4444444444444444;0.1111111111111111;0.47058823529411764;0.13333333333333333;0.09523809523809523;0.14285714285714285;0.13333333333333333;0.0;0.1111111111111111;0.11764705882352941;0.13333333333333333;0.13333333333333333;0.2222222222222222;0.2857142857142857;0.10526315789473684;0.13333333333333333;0.1111111111111111;0.125;0.125;0.1;0.0;0.125;0.13333333333333333;0.14285714285714285;0.1111111111111111;0.13333333333333333;0.13333333333333333;0.1111111111111111;0.15384615384615385;0.125;0.0;0.26666666666666666;0.1111111111111111;0.0;0.0;0.0;0.0;0.10526315789473684;0.09090909090909091;0.26666666666666666;0.125;0.1;0.11764705882352941;0.0;0.1111111111111111;0.10526315789473684;0.14285714285714285;0.10526315789473684;0.1;0.10526315789473684;0.125;0.11764705882352941;0.3076923076923077;0.13333333333333333;0.125;0.13333333333333333;0.125;0.13333333333333333;0.1111111111111111;0.1;0.13333333333333333;0.13333333333333333;0.13333333333333333;0.11764705882352941;0.0;0.0;0.10526315789473684;0.11764705882352941;0.0;0.1111111111111111;0.125;0.125;0.0;0.1;0.26666666666666666;0.13333333333333333;0.125;0.11764705882352941;0.0;0.14285714285714285;0.11764705882352941;0.13333333333333333;0.13333333333333333;0.10526315789473684;0.125;0.1111111111111111;0.11764705882352941;0.13333333333333333;0.11764705882352941;0.0;0.08333333333333333;0.10526315789473684;0.11764705882352941;0.13333333333333333;0.13333333333333333;0.13333333333333333;0.1111111111111111;0.125;0.125;0.0;0.1;0.13333333333333333;0.125;0.13333333333333333;0.125;0.1;0.125;0.11764705882352941
GO:0051092;0.2727272727272727;0.2962962962962963;0.0;0.32;0.0;0.36363636363636365;0.08;0.32;0.96;0.09523809523809523;1.0;0.17391304347826086;0.0;0.2962962962962963;0.2962962962962963;0.34782608695652173;0.8333333333333334;0.0;0.0;0.4;0.34782608695652173;0.34782608695652173;0.10526315789473684;0.0;0.0;0.3333333333333333;0.25;0.2857142857142857;0.25;0.0;0.38095238095238093;0.2857142857142857;0.25;0.0;0.3;0.09523809523809523;0.0;0.0;0.36363636363636365;0.3;0.0;0.2962962962962963;0.1;0.3;0.3;0.3333333333333333;0.34782608695652173;0.34782608695652173;0.0;0.36363636363636365;0.2857142857142857;0.36363636363636365;0.36363636363636365;0.2727272727272727;0.34782608695652173;0.34782608695652173;0.3157894736842105;0.42105263157894735;0.1;0.36363636363636365;0.36363636363636365;0.42105263157894735;0.10526315789473684;0.4;0.4444444444444444;0.8;0.36363636363636365;0.25;0.3;0.08695652173913043;0.1;0.34782608695652173;0.34782608695652173;0.2727272727272727;0.1;0.07692307692307693;0.0;0.3;0.0;0.34782608695652173;0.36363636363636365;0.3;0.4;0.17391304347826086;0.0;0.25;0.1;0.17391304347826086;0.38095238095238093;0.2857142857142857;0.32;0.0;0.2857142857142857;0.3;0.42105263157894735;0.34782608695652173;0.4;0.1;0.34782608695652173;0.0;0.09523809523809523;0.0;0.0;0.34782608695652173;0.0;0.0;0.0;0.0;0.3333333333333333;0.2962962962962963;0.0;0.2857142857142857;0.32;0.36363636363636365;0.0;0.34782608695652173;0.3333333333333333;0.0;0.3333333333333333;0.88;0.3333333333333333;0.38095238095238093;0.36363636363636365;0.0;0.3;0.09523809523809523;0.1;0.2857142857142857;0.4;0.34782608695652173;0.24;0.1;0.3;0.4;0.36363636363636365;0.0;0.0;0.3333333333333333;0.36363636363636365;0.0;0.2608695652173913;0.38095238095238093;0.2857142857142857;0.0;0.8;0.0;0.4;0.38095238095238093;0.2727272727272727;0.0;0.3157894736842105;0.2727272727272727;0.4;0.3;0.25;0.09523809523809523;0.0;0.36363636363636365;0.3;0.2727272727272727;0.0;0.06896551724137931;0.3333333333333333;0.2727272727272727;0.3;0.0;0.4;0.2608695652173913;0.2857142857142857;0.38095238095238093;0.0;0.32;0.0;0.09523809523809523;0.4;0.38095238095238093;0.32;0.09523809523809523;0.36363636363636365
GO:0050796;0.21052631578947367;0.3333333333333333;0.0;0.36363636363636365;0.0;0.42105263157894735;0.09090909090909091;0.36363636363636365;0.18181818181818182;0.1111111111111111;0.17391304347826086;1.0;0.0;0.3333333333333333;0.3333333333333333;0.2;0.38095238095238093;0.0;0.0;0.23529411764705882;0.8;0.4;0.5;0.0;0.0;0.38095238095238093;0.38095238095238093;0.2222222222222222;0.7619047619047619;0.0;0.5555555555555556;0.2222222222222222;0.7619047619047619;0.0;0.47058823529411764;0.1111111111111111;0.0;0.0;0.42105263157894735;0.23529411764705882;0.0;0.16666666666666666;0.47058823529411764;0.47058823529411764;0.47058823529411764;0.19047619047619047;0.4;0.3;0.0;0.42105263157894735;0.2222222222222222;0.42105263157894735;0.3157894736842105;0.42105263157894735;0.4;0.7;0.5;0.5;0.47058823529411764;0.42105263157894735;0.21052631578947367;0.5;0.5;0.47058823529411764;0.26666666666666666;0.36363636363636365;0.42105263157894735;0.7619047619047619;0.47058823529411764;0.4;0.47058823529411764;0.8;0.4;0.8421052631578947;0.47058823529411764;0.08695652173913043;0.0;0.47058823529411764;0.0;0.4;0.42105263157894735;0.23529411764705882;0.47058823529411764;0.3;0.0;0.38095238095238093;0.47058823529411764;0.3;0.2222222222222222;0.4444444444444444;0.36363636363636365;0.0;0.4444444444444444;0.35294117647058826;0.25;0.4;0.23529411764705882;0.47058823529411764;0.4;0.0;0.1111111111111111;0.0;0.0;0.4;0.0;0.0;0.0;0.0;0.38095238095238093;0.3333333333333333;0.0;0.2222222222222222;0.36363636363636365;0.42105263157894735;0.0;0.4;0.5714285714285714;0.0;0.38095238095238093;0.18181818181818182;0.38095238095238093;0.4444444444444444;0.42105263157894735;0.0;0.47058823529411764;0.1111111111111111;0.47058823529411764;0.2222222222222222;0.23529411764705882;0.4;0.36363636363636365;0.47058823529411764;0.47058823529411764;0.23529411764705882;0.5263157894736842;0.0;0.0;0.6666666666666666;0.42105263157894735;0.0;0.4;0.2222222222222222;0.4444444444444444;0.0;0.36363636363636365;0.0;0.23529411764705882;0.4444444444444444;0.42105263157894735;0.0;0.25;0.21052631578947367;0.47058823529411764;0.23529411764705882;0.38095238095238093;0.1111111111111111;0.0;0.5263157894736842;0.47058823529411764;0.5263157894736842;0.0;0.07692307692307693;0.38095238095238093;0.42105263157894735;0.23529411764705882;0.0;0.23529411764705882;0.4;0.4444444444444444;0.4444444444444444;0.0;0.36363636363636365;0.0;0.1111111111111111;0.23529411764705882;0.2222222222222222;0.36363636363636365;0.1111111111111111;0.42105263157894735
GO:0002357;0.0;0.0;0.3333333333333333;0.0;0.0;0.0;0.23529411764705882;0.0;0.0;0.0;0.0;0.0;1.0;0.0;0.0;0.0;0.0;0.0;0.0;0.0;0.0;0.0;0.0;0.0;0.6153846153846154;0.0;0.0;0.0;0.0;0.0;0.0;0.0;0.0;0.0;0.0;0.3076923076923077;0.5454545454545454;0.6666666666666666;0.0;0.0;0.2857142857142857;0.0;0.0;0.0;0.0;0.0;0.0;0.0;0.36363636363636365;0.0;0.0;0.0;0.0;0.0;0.0;0.0;0.0;0.0;0.0;0.0;0.0;0.0;0.0;0.0;0.0;0.0;0.0;0.0;0.0;0.0;0.0;0.0;0.0;0.0;0.0;0.0;0.0;0.0;0.3076923076923077;0.0;0.0;0.0;0.0;0.0;0.36363636363636365;0.0;0.0;0.0;0.0;0.0;0.0;0.5454545454545454;0.0;0.0;0.0;0.0;0.0;0.0;0.0;0.0;0.0;0.0;0.0;0.0;0.7272727272727273;0.0;0.6666666666666666;0.6666666666666666;0.0;0.0;0.0;0.0;0.0;0.0;0.0;0.0;0.0;0.0;0.0;0.0;0.0;0.0;0.0;0.4;0.0;0.0;0.0;0.0;0.0;0.0;0.0;0.0;0.0;0.0;0.0;0.0;0.0;0.0;0.0;0.3333333333333333;0.0;0.0;0.0;0.5454545454545454;0.0;0.3333333333333333;0.0;0.0;0.0;0.8;0.0;0.0;0.0;0.0;0.0;0.0;0.0;0.0;0.0;0.0;0.0;0.0;0.0;0.0;0.0;0.0;0.0;0.0;0.0;0.0;0.0;0.0;0.0;0.0;0.0;0.0;0.0;0.0;0.0
GO:0000187;0.17391304347826086;0.9285714285714286;0.0;0.7692307692307693;0.0;0.6956521739130435;0.07692307692307693;0.7692307692307693;0.3076923076923077;0.09090909090909091;0.2962962962962963;0.3333333333333333;0.0;1.0;0.9285714285714286;0.4166666666666667;0.4;0.0;0.0;0.38095238095238093;0.3333333333333333;0.4166666666666667;0.4;0.0;0.0;0.8;0.48;0.18181818181818182;0.32;0.0;0.36363636363636365;0.36363636363636365;0.32;0.0;0.38095238095238093;0.09090909090909091;0.0;0.0;0.6086956521739131;0.19047619047619047;0.0;0.35714285714285715;0.09523809523809523;0.38095238095238093;0.38095238095238093;0.4;0.3333333333333333;0.4166666666666667;0.0;0.34782608695652173;0.36363636363636365;0.6956521739130435;0.5217391304347826;0.34782608695652173;0.75;0.3333333333333333;0.4;0.5;0.09523809523809523;0.6956521739130435;0.34782608695652173;0.5;0.4;0.47619047619047616;0.42105263157894735;0.46153846153846156;0.43478260869565216;0.32;0.38095238095238093;0.08333333333333333;0.09523809523809523;0.4166666666666667;0.4166666666666667;0.34782608695652173;0.09523809523809523;0.07407407407407407;0.0;0.38095238095238093;0.0;0.3333333333333333;0.34782608695652173;0.19047619047619047;0.38095238095238093;0.16666666666666666;0.0;0.48;0.09523809523809523;0.16666666666666666;0.36363636363636365;0.5454545454545454;0.46153846153846156;0.0;0.36363636363636365;0.19047619047619047;0.4;0.5;0.38095238095238093;0.09523809523809523;0.4166666666666667;0.0;0.09090909090909091;0.0;0.0;0.6666666666666666;0.0;0.0;0.0;0.0;0.64;0.35714285714285715;0.0;0.45454545454545453;0.6153846153846154;0.6956521739130435;0.0;0.4166666666666667;0.56;0.0;0.4;0.23076923076923078;0.32;0.5454545454545454;0.34782608695652173;0.0;0.38095238095238093;0.09090909090909091;0.09523809523809523;0.18181818181818182;0.5714285714285714;0.4166666666666667;0.6153846153846154;0.09523809523809523;0.5714285714285714;0.38095238095238093;0.34782608695652173;0.0;0.0;0.32;0.6086956521739131;0.0;0.3333333333333333;0.36363636363636365;0.36363636363636365;0.0;0.38461538461538464;0.0;0.38095238095238093;0.45454545454545453;0.6956521739130435;0.0;0.4;0.17391304347826086;0.38095238095238093;0.19047619047619047;0.32;0.09090909090909091;0.0;0.34782608695652173;0.38095238095238093;0.17391304347826086;0.0;0.06666666666666667;0.64;0.5217391304347826;0.19047619047619047;0.0;0.38095238095238093;0.3333333333333333;0.36363636363636365;0.45454545454545453;0.0;0.8461538461538461;0.0;0.09090909090909091;0.38095238095238093;0.36363636363636365;0.9230769230769231;0.09090909090909091;0.6086956521739131
GO:0000185;0.17391304347826086;0.9285714285714286;0.0;0.7692307692307693;0.0;0.6956521739130435;0.07692307692307693;0.7692307692307693;0.3076923076923077;0.09090909090909091;0.2962962962962963;0.3333333333333333;0.0;0.9285714285714286;1.0;0.4166666666666667;0.4;0.0;0.0;0.38095238095238093;0.3333333333333333;0.4166666666666667;0.4;0.0;0.0;0.8;0.48;0.18181818181818182;0.32;0.0;0.36363636363636365;0.36363636363636365;0.32;0.0;0.38095238095238093;0.09090909090909091;0.0;0.0;0.6086956521739131;0.19047619047619047;0.0;0.35714285714285715;0.09523809523809523;0.38095238095238093;0.38095238095238093;0.4;0.3333333333333333;0.4166666666666667;0.0;0.34782608695652173;0.36363636363636365;0.6956521739130435;0.5217391304347826;0.34782608695652173;0.75;0.3333333333333333;0.4;0.5;0.09523809523809523;0.6956521739130435;0.34782608695652173;0.5;0.4;0.47619047619047616;0.42105263157894735;0.46153846153846156;0.43478260869565216;0.32;0.38095238095238093;0.08333333333333333;0.09523809523809523;0.4166666666666667;0.4166666666666667;0.34782608695652173;0.09523809523809523;0.07407407407407407;0.0;0.38095238095238093;0.0;0.3333333333333333;0.34782608695652173;0.19047619047619047;0.38095238095238093;0.16666666666666666;0.0;0.48;0.09523809523809523;0.16666666666666666;0.36363636363636365;0.5454545454545454;0.46153846153846156;0.0;0.36363636363636365;0.19047619047619047;0.4;0.5;0.38095238095238093;0.09523809523809523;0.4166666666666667;0.0;0.09090909090909091;0.0;0.0;0.6666666666666666;0.0;0.0;0.0;0.0;0.64;0.35714285714285715;0.0;0.45454545454545453;0.6153846153846154;0.6956521739130435;0.0;0.4166666666666667;0.56;0.0;0.4;0.23076923076923078;0.32;0.5454545454545454;0.34782608695652173;0.0;0.38095238095238093;0.09090909090909091;0.09523809523809523;0.18181818181818182;0.5714285714285714;0.4166666666666667;0.6153846153846154;0.09523809523809523;0.5714285714285714;0.38095238095238093;0.34782608695652173;0.0;0.0;0.32;0.6086956521739131;0.0;0.3333333333333333;0.36363636363636365;0.36363636363636365;0.0;0.38461538461538464;0.0;0.38095238095238093;0.45454545454545453;0.6956521739130435;0.0;0.4;0.17391304347826086;0.38095238095238093;0.19047619047619047;0.32;0.09090909090909091;0.0;0.34782608695652173;0.38095238095238093;0.17391304347826086;0.0;0.06666666666666667;0.64;0.5217391304347826;0.19047619047619047;0.0;0.38095238095238093;0.3333333333333333;0.36363636363636365;0.45454545454545453;0.0;0.8461538461538461;0.0;0.09090909090909091;0.38095238095238093;0.36363636363636365;0.9230769230769231;0.09090909090909091;0.6086956521739131
GO:0002876;0.3157894736842105;0.4166666666666667;0.0;0.36363636363636365;0.0;0.5263157894736842;0.09090909090909091;0.45454545454545453;0.36363636363636365;0.1111111111111111;0.34782608695652173;0.2;0.0;0.4166666666666667;0.4166666666666667;1.0;0.2857142857142857;0.0;0.0;0.47058823529411764;0.4;0.4;0.125;0.0;0.0;0.38095238095238093;0.38095238095238093;0.3333333333333333;0.2857142857142857;0.0;0.4444444444444444;0.7777777777777778;0.2857142857142857;0.0;0.35294117647058826;0.1111111111111111;0.0;0.0;0.42105263157894735;0.35294117647058826;0.0;0.5;0.11764705882352941;0.35294117647058826;0.35294117647058826;0.5714285714285714;0.5;0.8;0.0;0.42105263157894735;0.5555555555555556;0.5263157894736842;0.42105263157894735;0.3157894736842105;0.4;0.4;0.375;0.5;0.11764705882352941;0.5263157894736842;0.42105263157894735;0.5;0.125;0.47058823529411764;0.5333333333333333;0.36363636363636365;0.42105263157894735;0.47619047619047616;0.35294117647058826;0.1;0.11764705882352941;0.5;0.5;0.42105263157894735;0.11764705882352941;0.08695652173913043;0.0;0.35294117647058826;0.0;0.5;0.42105263157894735;0.35294117647058826;0.47058823529411764;0.2;0.0;0.38095238095238093;0.11764705882352941;0.2;0.4444444444444444;0.4444444444444444;0.36363636363636365;0.0;0.3333333333333333;0.35294117647058826;0.5;0.4;0.47058823529411764;0.11764705882352941;0.4;0.0;0.1111111111111111;0.0;0.0;0.4;0.0;0.0;0.0;0.0;0.47619047619047616;0.3333333333333333;0.0;0.3333333333333333;0.36363636363636365;0.42105263157894735;0.0;0.4;0.38095238095238093;0.0;0.38095238095238093;0.2727272727272727;0.47619047619047616;0.4444444444444444;0.5263157894736842;0.0;0.35294117647058826;0.1111111111111111;0.11764705882352941;0.3333333333333333;0.47058823529411764;0.5;0.18181818181818182;0.11764705882352941;0.47058823529411764;0.47058823529411764;0.42105263157894735;0.0;0.0;0.38095238095238093;0.5263157894736842;0.0;0.4;0.2222222222222222;0.3333333333333333;0.0;0.2727272727272727;0.0;0.47058823529411764;0.4444444444444444;0.3157894736842105;0.0;0.625;0.3157894736842105;0.47058823529411764;0.35294117647058826;0.19047619047619047;0.1111111111111111;0.0;0.42105263157894735;0.35294117647058826;0.3157894736842105;0.0;0.07692307692307693;0.38095238095238093;0.5263157894736842;0.47058823529411764;0.0;0.47058823529411764;0.4;0.3333333333333333;0.4444444444444444;0.0;0.45454545454545453;0.0;0.1111111111111111;0.47058823529411764;0.4444444444444444;0.36363636363636365;0.1111111111111111;0.42105263157894735
GO:0045892;0.4;0.4;0.0;0.43478260869565216;0.0;0.4;0.08695652173913043;0.43478260869565216;0.8695652173913043;0.10526315789473684;0.8333333333333334;0.38095238095238093;0.0;0.4;0.4;0.2857142857142857;1.0;0.0;0.0;0.3333333333333333;0.38095238095238093;0.38095238095238093;0.47058823529411764;0.0;0.0;0.45454545454545453;0.36363636363636365;0.42105263157894735;0.36363636363636365;0.0;0.3157894736842105;0.42105263157894735;0.36363636363636365;0.0;0.5555555555555556;0.10526315789473684;0.0;0.0;0.6;0.4444444444444444;0.0;0.24;0.4444444444444444;0.5555555555555556;0.5555555555555556;0.2727272727272727;0.38095238095238093;0.2857142857142857;0.0;0.4;0.42105263157894735;0.4;0.6;0.4;0.47619047619047616;0.2857142857142857;0.5882352941176471;0.47058823529411764;0.4444444444444444;0.4;0.3;0.47058823529411764;0.47058823529411764;0.4444444444444444;0.375;0.8695652173913043;0.4;0.36363636363636365;0.5555555555555556;0.38095238095238093;0.4444444444444444;0.38095238095238093;0.38095238095238093;0.4;0.4444444444444444;0.08333333333333333;0.0;0.5555555555555556;0.0;0.2857142857142857;0.3;0.4444444444444444;0.4444444444444444;0.19047619047619047;0.0;0.36363636363636365;0.4444444444444444;0.19047619047619047;0.3157894736842105;0.42105263157894735;0.8695652173913043;0.0;0.5263157894736842;0.4444444444444444;0.35294117647058826;0.5714285714285714;0.3333333333333333;0.5555555555555556;0.38095238095238093;0.0;0.10526315789473684;0.0;0.0;0.47619047619047616;0.0;0.0;0.0;0.0;0.36363636363636365;0.32;0.0;0.5263157894736842;0.43478260869565216;0.5;0.0;0.38095238095238093;0.09090909090909091;0.0;0.5454545454545454;0.8695652173913043;0.36363636363636365;0.5263157894736842;0.3;0.0;0.5555555555555556;0.10526315789473684;0.4444444444444444;0.42105263157894735;0.6666666666666666;0.38095238095238093;0.5217391304347826;0.4444444444444444;0.4444444444444444;0.3333333333333333;0.4;0.0;0.0;0.2727272727272727;0.4;0.0;0.38095238095238093;0.21052631578947367;0.5263157894736842;0.0;0.9565217391304348;0.0;0.3333333333333333;0.42105263157894735;0.5;0.0;0.47058823529411764;0.4;0.4444444444444444;0.3333333333333333;0.5454545454545454;0.10526315789473684;0.0;0.3;0.5555555555555556;0.4;0.0;0.37037037037037035;0.6363636363636364;0.4;0.3333333333333333;0.0;0.3333333333333333;0.47619047619047616;0.5263157894736842;0.42105263157894735;0.0;0.43478260869565216;0.0;0.10526315789473684;0.3333333333333333;0.3157894736842105;0.43478260869565216;0.10526315789473684;0.6
