;GO:0016525;GO:0042416;GO:0014068;GO:0008584;GO:0009792;GO:0032570;GO:0045124;GO:0090051;GO:0045766;GO:0042535;GO:0000187;GO:0030307;GO:0002479;GO:0001666;GO:0046580;GO:0030823;GO:0001942;GO:0030308;GO:0001701;GO:0050671;GO:0046069;GO:0010936;GO:0030949;GO:2000353;GO:0050714;GO:1902043;GO:0038027;GO:0000902;GO:0045652;GO:0003065;GO:0007266;GO:0009967;GO:0003222;GO:0045778;GO:0051895;GO:0014909;GO:0048010;GO:0051497;GO:0001676;GO:0051891;GO:0051496;GO:0071363;GO:0050680;GO:0031069;GO:0035702;GO:0018149;GO:0034614;GO:0034976;GO:0051897;GO:0043406;GO:1904753;GO:0008284;GO:0097191;GO:0045787;GO:0002581;GO:0045785;GO:0045823;GO:0060389;GO:0045944;GO:0000038;GO:0043525;GO:0002576;GO:0048661;GO:0007229;GO:0034605;GO:0051781;GO:0010757;GO:0010759;GO:0051384;GO:0001649;GO:0034446;GO:0010754;GO:0032147;GO:0033630;GO:0010634;GO:0010595;GO:0050731;GO:2000379;GO:0010751;GO:0045715;GO:0032781;GO:0048666;GO:0001780;GO:0043536;GO:1903955;GO:0051795;GO:0050748;GO:0030593;GO:2001237;GO:0010888;GO:0050900;GO:0030199;GO:0001938;GO:0010002;GO:1990959;GO:0010763;GO:0055118;GO:0030511;GO:0007050;GO:1905221;GO:0040037;GO:0045726;GO:0045727;GO:0060282;GO:0007179;GO:0043149;GO:0042730;GO:0043547;GO:1990960;GO:0009749;GO:0048566;GO:0030509;GO:0043154;GO:0043032;GO:0010613;GO:0071456;GO:0033574;GO:0048041;GO:0032369;GO:0060271;GO:0060395;GO:0043277;GO:0045214;GO:0060317;GO:1904706;GO:0010629;GO:0002687;GO:0032914;GO:0006888;GO:0051056;GO:0048333;GO:0002605;GO:0010748;GO:0035987;GO:0010745;GO:0010469;GO:0010862;GO:0032874;GO:0046718;GO:0008360;GO:0014003;GO:1905006;GO:1902256;GO:0060065;GO:1902895;GO:1903588;GO:0048699;GO:1905007;GO:0045747;GO:0006986;GO:0030326;GO:0030449;GO:2001027;GO:0035338;GO:0010951;GO:0071356;GO:0050778;GO:0030049;GO:0010693;GO:0051918;GO:0006351;GO:0030041;GO:0038163;GO:0042130;GO:0030032;GO:0032695;GO:0030036;GO:0031643
GO:0016525;1.0;0.0;0.3333333333333333;0.0;0.0;0.0;0.25;0.8571428571428571;0.8235294117647058;0.4444444444444444;0.17391304347826086;0.375;0.0;0.0;0.42105263157894735;0.3157894736842105;0.0;0.5;0.0;0.3333333333333333;0.0;0.5555555555555556;0.35294117647058826;0.3157894736842105;0.3333333333333333;0.3;0.125;0.0;0.47058823529411764;0.42105263157894735;0.1111111111111111;0.375;0.0;0.5333333333333333;0.4444444444444444;0.0;0.1111111111111111;0.38095238095238093;0.0;0.5882352941176471;0.2857142857142857;0.0;0.5;0.0;0.125;0.0;0.0;0.0;0.3333333333333333;0.2727272727272727;0.42105263157894735;0.4;0.125;0.4;0.5;0.42857142857142855;0.47058823529411764;0.0;0.2857142857142857;0.0;0.3333333333333333;0.0;0.375;0.125;0.0;0.4;0.4;0.3;0.0;0.0;0.0;0.4444444444444444;0.19047619047619047;0.4;0.4444444444444444;0.42105263157894735;0.3;0.375;0.4444444444444444;0.4444444444444444;0.25;0.0;0.125;0.4;0.3;0.5555555555555556;0.47058823529411764;0.0;0.42105263157894735;0.5;0.0;0.0;0.35294117647058826;0.0;0.125;0.3333333333333333;0.5263157894736842;0.3333333333333333;0.125;0.5555555555555556;0.47058823529411764;0.35294117647058826;0.3333333333333333;0.4444444444444444;0.1111111111111111;0.0;0.5263157894736842;0.25;0.125;0.0;0.0;0.09523809523809523;0.36363636363636365;0.35294117647058826;0.4444444444444444;0.0;0.0;0.0;0.5;0.0;0.4;0.0;0.0;0.0;0.47058823529411764;0.5;0.3333333333333333;0.47058823529411764;0.0;0.35294117647058826;0.0;0.5;0.42105263157894735;0.0;0.625;0.25;0.3;0.2857142857142857;0.0;0.625;0.0;0.5555555555555556;0.5263157894736842;0.0;0.2727272727272727;0.9;0.0;0.5555555555555556;0.35294117647058826;0.0;0.0;0.3333333333333333;0.5;0.0;0.4;0.0;0.4;0.0;0.2;0.42105263157894735;0.0;0.0;0.1111111111111111;0.42105263157894735;0.0;0.625;0.0;0.47058823529411764
GO:0042416;0.0;1.0;0.0;0.0;0.0;0.0;0.0;0.0;0.0;0.0;0.0;0.0;0.0;0.0;0.0;0.0;0.0;0.0;0.0;0.0;0.38095238095238093;0.0;0.0;0.0;0.0;0.0;0.25;0.14285714285714285;0.0;0.0;0.2222222222222222;0.0;0.0;0.0;0.0;0.125;0.2222222222222222;0.0;0.3333333333333333;0.0;0.0;0.26666666666666666;0.0;0.0;0.0;0.47058823529411764;0.26666666666666666;0.2857142857142857;0.0;0.0;0.0;0.0;0.25;0.0;0.0;0.0;0.0;0.2222222222222222;0.0;0.3333333333333333;0.0;0.2222222222222222;0.0;0.25;0.26666666666666666;0.0;0.0;0.0;0.0;0.14285714285714285;0.25;0.0;0.0;0.0;0.0;0.0;0.0;0.0;0.0;0.0;0.0;0.2857142857142857;0.0;0.0;0.0;0.0;0.0;0.21052631578947367;0.0;0.0;0.13333333333333333;0.26666666666666666;0.0;0.13333333333333333;0.0;0.0;0.0;0.0;0.25;0.0;0.0;0.0;0.0;0.0;0.2222222222222222;0.2222222222222222;0.0;0.0;0.0;0.0;0.0;0.19047619047619047;0.0;0.0;0.0;0.25;0.0;0.1111111111111111;0.0;0.125;0.26666666666666666;0.0;0.23529411764705882;0.125;0.0;0.0;0.0;0.0;0.0;0.0;0.14285714285714285;0.0;0.0;0.14285714285714285;0.0;0.0;0.0;0.0;0.0;0.0;0.26666666666666666;0.0;0.0;0.0;0.0;0.0;0.13333333333333333;0.0;0.0;0.0;0.0;0.0;0.0;0.4444444444444444;0.0;0.25;0.0;0.125;0.0;0.0;0.3157894736842105;0.23529411764705882;0.2222222222222222;0.0;0.125;0.0;0.26666666666666666;0.0
GO:0014068;0.3333333333333333;0.0;1.0;0.0;0.0;0.0;0.25;0.2857142857142857;0.47058823529411764;0.5555555555555556;0.6956521739130435;0.625;0.0;0.0;0.7368421052631579;0.42105263157894735;0.0;0.5;0.0;0.4444444444444444;0.0;0.4444444444444444;0.8235294117647058;0.5263157894736842;0.5555555555555556;0.7;0.125;0.0;0.47058823529411764;0.42105263157894735;0.1111111111111111;0.875;0.0;0.5333333333333333;0.4444444444444444;0.0;0.1111111111111111;0.38095238095238093;0.0;0.5882352941176471;0.38095238095238093;0.0;0.5;0.0;0.125;0.0;0.0;0.0;0.8888888888888888;0.7272727272727273;0.42105263157894735;0.6666666666666666;0.125;0.6666666666666666;0.375;0.5714285714285714;0.47058823529411764;0.0;0.38095238095238093;0.0;0.5555555555555556;0.0;0.625;0.125;0.0;0.6666666666666666;0.4;0.5;0.0;0.0;0.0;0.7777777777777778;0.47619047619047616;0.5333333333333333;0.4444444444444444;0.42105263157894735;0.5;0.625;0.7777777777777778;0.4444444444444444;0.25;0.0;0.125;0.4;0.4;0.4444444444444444;0.47058823529411764;0.0;0.631578947368421;0.375;0.0;0.0;0.5882352941176471;0.0;0.125;0.4444444444444444;0.3157894736842105;0.7777777777777778;0.125;0.5555555555555556;0.7058823529411765;0.5882352941176471;0.5555555555555556;0.4444444444444444;0.1111111111111111;0.0;0.42105263157894735;0.25;0.125;0.0;0.0;0.09523809523809523;0.36363636363636365;0.47058823529411764;0.4444444444444444;0.0;0.0;0.0;0.375;0.0;0.5333333333333333;0.0;0.0;0.0;0.47058823529411764;0.375;0.4444444444444444;0.47058823529411764;0.0;0.8235294117647058;0.0;0.375;0.3157894736842105;0.0;0.5;0.75;0.7;0.7619047619047619;0.0;0.25;0.0;0.4444444444444444;0.3157894736842105;0.0;0.36363636363636365;0.4;0.0;0.4444444444444444;0.8235294117647058;0.0;0.0;0.4444444444444444;0.4;0.0;0.4;0.0;0.6666666666666666;0.0;0.2;0.5263157894736842;0.0;0.0;0.1111111111111111;0.42105263157894735;0.0;0.375;0.0;0.5882352941176471
GO:0008584;0.0;0.0;0.0;1.0;0.5;0.0;0.0;0.0;0.0;0.0;0.0;0.0;0.0;0.0;0.0;0.0;0.18181818181818182;0.0;0.42857142857142855;0.0;0.0;0.0;0.0;0.0;0.0;0.0;0.0;0.18181818181818182;0.0;0.0;0.0;0.0;0.14285714285714285;0.0;0.0;0.0;0.0;0.0;0.0;0.0;0.0;0.0;0.0;0.18181818181818182;0.0;0.0;0.0;0.0;0.0;0.0;0.0;0.0;0.0;0.0;0.0;0.0;0.0;0.0;0.0;0.0;0.0;0.0;0.0;0.0;0.0;0.0;0.0;0.0;0.0;0.18181818181818182;0.15384615384615385;0.0;0.0;0.0;0.0;0.0;0.0;0.0;0.0;0.0;0.0;0.18181818181818182;0.0;0.0;0.0;0.0;0.0;0.0;0.0;0.0;0.0;0.0;0.0;0.16666666666666666;0.0;0.0;0.0;0.0;0.0;0.0;0.0;0.0;0.0;0.0;0.0;0.0;0.0;0.0;0.0;0.0;0.16666666666666666;0.0;0.0;0.0;0.0;0.0;0.0;0.0;0.0;0.0;0.0;0.0;0.0;0.15384615384615385;0.0;0.0;0.0;0.0;0.0;0.0;0.18181818181818182;0.0;0.0;0.18181818181818182;0.0;0.0;0.0;0.0;0.0;0.0;0.16666666666666666;0.0;0.0;0.18181818181818182;0.0;0.0;0.16666666666666666;0.0;0.0;0.0;0.16666666666666666;0.0;0.0;0.0;0.0;0.0;0.0;0.0;0.0;0.0;0.0;0.0;0.0;0.0;0.0;0.0;0.0;0.0
GO:0009792;0.0;0.0;0.0;0.5;1.0;0.0;0.0;0.0;0.0;0.0;0.0;0.0;0.0;0.0;0.0;0.0;0.5454545454545454;0.0;0.8571428571428571;0.0;0.0;0.0;0.0;0.0;0.0;0.0;0.0;0.18181818181818182;0.0;0.0;0.0;0.0;0.14285714285714285;0.0;0.0;0.0;0.0;0.0;0.0;0.0;0.0;0.0;0.0;0.36363636363636365;0.0;0.0;0.0;0.0;0.0;0.0;0.0;0.0;0.0;0.0;0.0;0.0;0.0;0.0;0.0;0.0;0.0;0.0;0.0;0.0;0.0;0.0;0.0;0.0;0.0;0.18181818181818182;0.15384615384615385;0.0;0.0;0.0;0.0;0.0;0.0;0.0;0.0;0.0;0.0;0.5454545454545454;0.0;0.0;0.0;0.0;0.0;0.0;0.0;0.0;0.0;0.0;0.0;0.16666666666666666;0.0;0.0;0.0;0.0;0.0;0.0;0.0;0.0;0.0;0.0;0.0;0.0;0.0;0.0;0.0;0.0;0.5;0.0;0.0;0.0;0.0;0.0;0.0;0.0;0.0;0.0;0.0;0.0;0.0;0.15384615384615385;0.0;0.0;0.0;0.0;0.0;0.0;0.18181818181818182;0.0;0.0;0.18181818181818182;0.0;0.0;0.0;0.0;0.0;0.0;0.5;0.0;0.0;0.5454545454545454;0.0;0.0;0.16666666666666666;0.0;0.0;0.0;0.16666666666666666;0.0;0.0;0.0;0.0;0.0;0.0;0.0;0.0;0.0;0.0;0.0;0.0;0.0;0.0;0.0;0.0;0.0
GO:0032570;0.0;0.0;0.0;0.0;0.0;1.0;0.0;0.0;0.0;0.0;0.0;0.0;0.0;0.3076923076923077;0.0;0.0;0.0;0.0;0.0;0.0;0.0;0.0;0.0;0.0;0.0;0.0;0.0;0.0;0.0;0.0;0.0;0.0;0.0;0.0;0.0;0.0;0.0;0.0;0.0;0.0;0.0;0.6153846153846154;0.0;0.0;0.0;0.0;0.6153846153846154;0.3333333333333333;0.0;0.0;0.0;0.0;0.0;0.0;0.0;0.0;0.0;0.0;0.0;0.0;0.0;0.0;0.0;0.0;0.3076923076923077;0.0;0.0;0.0;0.8;0.0;0.0;0.0;0.0;0.0;0.0;0.0;0.0;0.0;0.0;0.0;0.0;0.0;0.0;0.0;0.0;0.0;0.0;0.0;0.0;0.0;0.0;0.0;0.0;0.0;0.0;0.0;0.0;0.0;0.0;0.0;0.0;0.0;0.0;0.0;0.0;0.0;0.0;0.0;0.0;0.5333333333333333;0.0;0.0;0.0;0.0;0.0;0.42857142857142855;0.7692307692307693;0.0;0.0;0.0;0.0;0.0;0.0;0.0;0.0;0.0;0.0;0.0;0.0;0.0;0.0;0.0;0.0;0.0;0.0;0.0;0.0;0.0;0.0;0.0;0.0;0.0;0.0;0.0;0.0;0.0;0.0;0.0;0.0;0.6153846153846154;0.0;0.0;0.0;0.0;0.0;0.5714285714285714;0.0;0.0;0.0;0.0;0.0;0.0;0.0;0.0;0.0;0.0;0.0;0.0
GO:0045124;0.25;0.0;0.25;0.0;0.0;0.0;1.0;0.21052631578947367;0.5333333333333333;0.25;0.19047619047619047;0.2857142857142857;0.0;0.0;0.23529411764705882;0.23529411764705882;0.0;0.2857142857142857;0.0;0.25;0.0;0.5;0.26666666666666666;0.23529411764705882;0.25;0.2222222222222222;0.14285714285714285;0.0;0.26666666666666666;0.35294117647058826;0.125;0.2857142857142857;0.0;0.6153846153846154;0.25;0.0;0.125;0.21052631578947367;0.0;0.5333333333333333;0.21052631578947367;0.0;0.2857142857142857;0.0;0.42857142857142855;0.0;0.0;0.0;0.25;0.2;0.23529411764705882;0.3076923076923077;0.14285714285714285;0.3076923076923077;0.2857142857142857;0.3333333333333333;0.5333333333333333;0.0;0.21052631578947367;0.0;0.25;0.0;0.2857142857142857;0.14285714285714285;0.0;0.3076923076923077;0.2222222222222222;0.2222222222222222;0.0;0.0;0.0;0.25;0.21052631578947367;0.3076923076923077;0.5;0.47058823529411764;0.2222222222222222;0.2857142857142857;0.25;0.25;0.2857142857142857;0.0;0.42857142857142855;0.4444444444444444;0.2222222222222222;0.5;0.26666666666666666;0.0;0.23529411764705882;0.42857142857142855;0.0;0.0;0.26666666666666666;0.0;0.42857142857142855;0.25;0.47058823529411764;0.25;0.14285714285714285;0.25;0.26666666666666666;0.26666666666666666;0.25;0.5;0.125;0.0;0.35294117647058826;0.2857142857142857;0.42857142857142855;0.0;0.0;0.10526315789473684;0.2;0.26666666666666666;0.5;0.0;0.0;0.0;0.2857142857142857;0.0;0.3076923076923077;0.0;0.0;0.0;0.26666666666666666;0.2857142857142857;0.25;0.5333333333333333;0.0;0.26666666666666666;0.0;0.2857142857142857;0.23529411764705882;0.0;0.2857142857142857;0.2857142857142857;0.2222222222222222;0.21052631578947367;0.0;0.42857142857142855;0.0;0.5;0.47058823529411764;0.0;0.2;0.2222222222222222;0.0;0.5;0.26666666666666666;0.0;0.0;0.25;0.2222222222222222;0.0;0.2222222222222222;0.0;0.3076923076923077;0.0;0.2222222222222222;0.23529411764705882;0.0;0.0;0.125;0.23529411764705882;0.0;0.5714285714285714;0.0;0.26666666666666666
GO:0090051;0.8571428571428571;0.0;0.2857142857142857;0.0;0.0;0.0;0.21052631578947367;1.0;0.7;0.38095238095238093;0.15384615384615385;0.3157894736842105;0.0;0.0;0.36363636363636365;0.2727272727272727;0.0;0.42105263157894735;0.0;0.2857142857142857;0.0;0.47619047619047616;0.3;0.2727272727272727;0.2857142857142857;0.2608695652173913;0.10526315789473684;0.0;0.4;0.36363636363636365;0.09523809523809523;0.3157894736842105;0.0;0.4444444444444444;0.38095238095238093;0.0;0.09523809523809523;0.3333333333333333;0.0;0.5;0.25;0.0;0.42105263157894735;0.0;0.10526315789473684;0.0;0.0;0.0;0.2857142857142857;0.24;0.7272727272727273;0.3333333333333333;0.10526315789473684;0.3333333333333333;0.42105263157894735;0.35294117647058826;0.4;0.0;0.25;0.0;0.2857142857142857;0.0;0.3157894736842105;0.10526315789473684;0.0;0.3333333333333333;0.34782608695652173;0.6086956521739131;0.0;0.0;0.0;0.38095238095238093;0.16666666666666666;0.3333333333333333;0.7619047619047619;0.8181818181818182;0.2608695652173913;0.3157894736842105;0.38095238095238093;0.38095238095238093;0.21052631578947367;0.0;0.10526315789473684;0.8695652173913043;0.2608695652173913;0.47619047619047616;0.4;0.0;0.36363636363636365;0.42105263157894735;0.0;0.0;0.3;0.0;0.10526315789473684;0.6666666666666666;0.45454545454545453;0.2857142857142857;0.42105263157894735;0.47619047619047616;0.4;0.3;0.2857142857142857;0.38095238095238093;0.09523809523809523;0.0;0.45454545454545453;0.21052631578947367;0.10526315789473684;0.0;0.0;0.08333333333333333;0.32;0.3;0.38095238095238093;0.0;0.0;0.0;0.42105263157894735;0.0;0.3333333333333333;0.0;0.0;0.0;0.4;0.42105263157894735;0.6666666666666666;0.4;0.0;0.3;0.0;0.42105263157894735;0.36363636363636365;0.0;0.5263157894736842;0.21052631578947367;0.2608695652173913;0.25;0.0;0.5263157894736842;0.0;0.47619047619047616;0.45454545454545453;0.0;0.24;0.8695652173913043;0.0;0.47619047619047616;0.3;0.0;0.0;0.2857142857142857;0.8695652173913043;0.0;0.34782608695652173;0.0;0.3333333333333333;0.0;0.34782608695652173;0.36363636363636365;0.0;0.0;0.09523809523809523;0.36363636363636365;0.0;0.5263157894736842;0.0;0.4
GO:0045766;0.8235294117647058;0.0;0.47058823529411764;0.0;0.0;0.0;0.5333333333333333;0.7;1.0;0.5882352941176471;0.36363636363636365;0.5333333333333333;0.0;0.0;0.3333333333333333;0.3333333333333333;0.0;0.4;0.0;0.47058823529411764;0.0;0.47058823529411764;0.5;0.4444444444444444;0.47058823529411764;0.42105263157894735;0.13333333333333333;0.0;0.5;0.5555555555555556;0.11764705882352941;0.5333333333333333;0.0;0.7142857142857143;0.35294117647058826;0.0;0.11764705882352941;0.3;0.0;0.625;0.4;0.0;0.4;0.0;0.13333333333333333;0.0;0.0;0.0;0.47058823529411764;0.38095238095238093;0.3333333333333333;0.5714285714285714;0.13333333333333333;0.5714285714285714;0.4;0.6153846153846154;0.625;0.0;0.4;0.0;0.47058823529411764;0.0;0.5333333333333333;0.13333333333333333;0.0;0.5714285714285714;0.3157894736842105;0.42105263157894735;0.0;0.0;0.0;0.35294117647058826;0.4;0.5714285714285714;0.5882352941176471;0.5555555555555556;0.42105263157894735;0.5333333333333333;0.35294117647058826;0.35294117647058826;0.26666666666666666;0.0;0.13333333333333333;0.5263157894736842;0.42105263157894735;0.5882352941176471;0.375;0.0;0.3333333333333333;0.4;0.0;0.0;0.5;0.0;0.13333333333333333;0.47058823529411764;0.4444444444444444;0.47058823529411764;0.13333333333333333;0.5882352941176471;0.375;0.5;0.47058823529411764;0.5882352941176471;0.11764705882352941;0.0;0.4444444444444444;0.26666666666666666;0.13333333333333333;0.0;0.0;0.1;0.2857142857142857;0.5;0.5882352941176471;0.0;0.0;0.0;0.4;0.0;0.42857142857142855;0.0;0.0;0.0;0.375;0.4;0.47058823529411764;0.625;0.0;0.375;0.0;0.4;0.3333333333333333;0.0;0.5333333333333333;0.26666666666666666;0.42105263157894735;0.4;0.0;0.6666666666666666;0.0;0.5882352941176471;0.5555555555555556;0.0;0.38095238095238093;0.7368421052631579;0.0;0.5882352941176471;0.5;0.0;0.0;0.35294117647058826;0.42105263157894735;0.0;0.21052631578947367;0.0;0.5714285714285714;0.0;0.21052631578947367;0.5555555555555556;0.0;0.0;0.11764705882352941;0.3333333333333333;0.0;0.5333333333333333;0.0;0.625
GO:0042535;0.4444444444444444;0.0;0.5555555555555556;0.0;0.0;0.0;0.25;0.38095238095238093;0.5882352941176471;1.0;0.6086956521739131;0.625;0.0;0.0;0.42105263157894735;0.5263157894736842;0.0;0.5;0.0;0.5555555555555556;0.0;0.5555555555555556;0.5882352941176471;0.5263157894736842;0.5555555555555556;0.5;0.5;0.0;0.47058823529411764;0.5263157894736842;0.1111111111111111;0.625;0.0;0.6666666666666666;0.4444444444444444;0.0;0.1111111111111111;0.38095238095238093;0.0;0.5882352941176471;0.38095238095238093;0.0;0.5;0.0;0.125;0.0;0.0;0.0;0.5555555555555556;0.6363636363636364;0.42105263157894735;0.6666666666666666;0.5;0.6666666666666666;0.375;0.5714285714285714;0.5882352941176471;0.0;0.6666666666666666;0.0;0.5555555555555556;0.0;0.625;0.5;0.0;0.6666666666666666;0.6;0.4;0.0;0.0;0.0;0.4444444444444444;0.6666666666666666;0.5333333333333333;0.5555555555555556;0.5263157894736842;0.7;0.75;0.4444444444444444;0.6666666666666666;0.25;0.0;0.125;0.5;0.4;0.5555555555555556;0.7058823529411765;0.0;0.42105263157894735;0.25;0.0;0.0;0.5882352941176471;0.0;0.125;0.5555555555555556;0.42105263157894735;0.5555555555555556;0.5;0.5555555555555556;0.47058823529411764;0.8235294117647058;0.7777777777777778;0.5555555555555556;0.1111111111111111;0.0;0.42105263157894735;0.25;0.125;0.0;0.0;0.5714285714285714;0.5454545454545454;0.5882352941176471;0.5555555555555556;0.0;0.0;0.0;0.375;0.0;0.5333333333333333;0.0;0.0;0.0;0.47058823529411764;0.625;0.4444444444444444;0.7058823529411765;0.0;0.47058823529411764;0.0;0.375;0.3157894736842105;0.0;0.5;0.5;0.7;0.6666666666666666;0.0;0.5;0.0;0.4444444444444444;0.42105263157894735;0.0;0.6363636363636364;0.4;0.0;0.5555555555555556;0.5882352941176471;0.0;0.0;0.6666666666666666;0.4;0.0;0.6;0.0;0.5333333333333333;0.0;0.5;0.5263157894736842;0.0;0.0;0.1111111111111111;0.42105263157894735;0.0;0.625;0.0;0.5882352941176471
GO:0000187;0.17391304347826086;0.0;0.6956521739130435;0.0;0.0;0.0;0.19047619047619047;0.15384615384615385;0.36363636363636365;0.6086956521739131;1.0;0.47619047619047616;0.0;0.0;0.5833333333333334;0.5833333333333334;0.0;0.38095238095238093;0.0;0.34782608695652173;0.0;0.34782608695652173;0.6363636363636364;0.4166666666666667;0.43478260869565216;0.56;0.09523809523809523;0.0;0.36363636363636365;0.3333333333333333;0.08695652173913043;0.6666666666666666;0.0;0.4;0.34782608695652173;0.0;0.08695652173913043;0.3076923076923077;0.0;0.45454545454545453;0.3076923076923077;0.0;0.38095238095238093;0.0;0.09523809523809523;0.0;0.0;0.0;0.6956521739130435;0.9629629629629629;0.3333333333333333;0.5;0.09523809523809523;0.5;0.19047619047619047;0.42105263157894735;0.36363636363636365;0.0;0.46153846153846156;0.0;0.43478260869565216;0.0;0.47619047619047616;0.09523809523809523;0.0;0.5;0.56;0.4;0.0;0.0;0.0;0.6086956521739131;0.9230769230769231;0.4;0.34782608695652173;0.3333333333333333;0.8;0.5714285714285714;0.6086956521739131;0.5217391304347826;0.47619047619047616;0.0;0.09523809523809523;0.32;0.32;0.34782608695652173;0.5454545454545454;0.0;0.5;0.19047619047619047;0.0;0.0;0.45454545454545453;0.0;0.09523809523809523;0.34782608695652173;0.16666666666666666;0.6086956521739131;0.09523809523809523;0.43478260869565216;0.5454545454545454;0.5454545454545454;0.6956521739130435;0.34782608695652173;0.08695652173913043;0.0;0.3333333333333333;0.47619047619047616;0.09523809523809523;0.0;0.0;0.07692307692307693;0.2962962962962963;0.36363636363636365;0.34782608695652173;0.0;0.0;0.0;0.19047619047619047;0.0;0.4;0.0;0.0;0.0;0.36363636363636365;0.47619047619047616;0.34782608695652173;0.36363636363636365;0.0;0.6363636363636364;0.0;0.19047619047619047;0.16666666666666666;0.0;0.38095238095238093;0.5714285714285714;0.8;0.8461538461538461;0.0;0.19047619047619047;0.0;0.34782608695652173;0.3333333333333333;0.0;0.4444444444444444;0.32;0.0;0.34782608695652173;0.6363636363636364;0.0;0.0;0.5217391304347826;0.32;0.0;0.32;0.0;0.5;0.0;0.32;0.4166666666666667;0.0;0.0;0.08695652173913043;0.3333333333333333;0.0;0.19047619047619047;0.0;0.45454545454545453
GO:0030307;0.375;0.0;0.625;0.0;0.0;0.0;0.2857142857142857;0.3157894736842105;0.5333333333333333;0.625;0.47619047619047616;1.0;0.0;0.0;0.47058823529411764;0.47058823529411764;0.0;0.8571428571428571;0.0;0.625;0.0;0.375;0.6666666666666666;0.5882352941176471;0.625;0.5555555555555556;0.5714285714285714;0.0;0.5333333333333333;0.47058823529411764;0.125;0.7142857142857143;0.0;0.6153846153846154;0.625;0.0;0.125;0.42105263157894735;0.0;0.6666666666666666;0.5263157894736842;0.0;0.5714285714285714;0.0;0.14285714285714285;0.0;0.0;0.0;0.625;0.5;0.47058823529411764;0.7692307692307693;0.5714285714285714;0.7692307692307693;0.42857142857142855;0.6666666666666666;0.5333333333333333;0.0;0.5263157894736842;0.0;0.625;0.0;0.7142857142857143;0.5714285714285714;0.0;0.7692307692307693;0.4444444444444444;0.4444444444444444;0.0;0.0;0.0;0.5;0.5263157894736842;0.6153846153846154;0.5;0.47058823529411764;0.5555555555555556;0.7142857142857143;0.5;0.5;0.2857142857142857;0.0;0.14285714285714285;0.4444444444444444;0.5555555555555556;0.5;0.5333333333333333;0.0;0.47058823529411764;0.42857142857142855;0.0;0.0;0.6666666666666666;0.0;0.14285714285714285;0.625;0.35294117647058826;0.625;0.5714285714285714;0.625;0.5333333333333333;0.6666666666666666;0.625;0.625;0.125;0.0;0.35294117647058826;0.2857142857142857;0.14285714285714285;0.0;0.0;0.10526315789473684;0.4;0.6666666666666666;0.5;0.0;0.0;0.0;0.42857142857142855;0.0;0.6153846153846154;0.0;0.0;0.0;0.5333333333333333;0.42857142857142855;0.5;0.5333333333333333;0.0;0.5333333333333333;0.0;0.42857142857142855;0.35294117647058826;0.0;0.5714285714285714;0.5714285714285714;0.5555555555555556;0.42105263157894735;0.0;0.7142857142857143;0.0;0.5;0.47058823529411764;0.0;0.5;0.4444444444444444;0.0;0.625;0.6666666666666666;0.0;0.0;0.375;0.3333333333333333;0.0;0.4444444444444444;0.0;0.6153846153846154;0.0;0.4444444444444444;0.35294117647058826;0.0;0.0;0.125;0.47058823529411764;0.0;0.42857142857142855;0.0;0.6666666666666666
GO:0002479;0.0;0.0;0.0;0.0;0.0;0.0;0.0;0.0;0.0;0.0;0.0;0.0;1.0;0.0;0.0;0.0;0.0;0.0;0.0;0.0;0.0;0.0;0.0;0.0;0.0;0.0;0.0;0.0;0.0;0.0;0.0;0.0;0.0;0.0;0.0;0.0;0.0;0.0;0.0;0.0;0.0;0.0;0.0;0.0;0.2857142857142857;0.0;0.0;0.0;0.0;0.0;0.0;0.0;0.0;0.0;0.0;0.0;0.0;0.0;0.0;0.0;0.0;0.0;0.0;0.0;0.0;0.0;0.0;0.0;0.0;0.0;0.0;0.0;0.0;0.0;0.0;0.0;0.0;0.0;0.0;0.0;0.0;0.0;0.2857142857142857;0.0;0.0;0.0;0.0;0.11764705882352941;0.0;0.0;0.3076923076923077;0.0;0.0;0.0;0.2857142857142857;0.0;0.0;0.0;0.0;0.0;0.0;0.0;0.0;0.0;0.0;0.0;0.0;0.0;0.2857142857142857;0.0;0.0;0.0;0.0;0.0;0.0;0.0;0.0;0.0;0.0;0.0;0.0;0.0;0.0;0.0;0.0;0.0;0.0;0.0;0.0;0.0;0.0;0.0;0.0;0.0;0.0;0.0;0.0;0.0;0.0;0.0;0.0;0.0;0.0;0.0;0.0;0.0;0.0;0.0;0.0;0.0;0.0;0.0;0.0;0.0;0.0;0.0;0.0;0.0;0.0;0.0;0.0;0.0;0.0;0.0;0.0;0.0;0.0;0.0
GO:0001666;0.0;0.0;0.0;0.0;0.0;0.3076923076923077;0.0;0.0;0.0;0.0;0.0;0.0;0.0;1.0;0.0;0.0;0.0;0.0;0.0;0.0;0.0;0.0;0.0;0.0;0.0;0.0;0.0;0.0;0.0;0.0;0.0;0.0;0.0;0.0;0.0;0.0;0.0;0.0;0.0;0.0;0.0;0.3333333333333333;0.0;0.0;0.0;0.0;0.5;0.5454545454545454;0.0;0.0;0.0;0.0;0.0;0.0;0.0;0.0;0.0;0.0;0.0;0.0;0.0;0.0;0.0;0.0;0.5;0.0;0.0;0.0;0.2857142857142857;0.0;0.0;0.0;0.0;0.0;0.0;0.0;0.0;0.0;0.0;0.0;0.0;0.0;0.0;0.0;0.0;0.0;0.0;0.0;0.0;0.0;0.0;0.0;0.0;0.0;0.0;0.0;0.0;0.0;0.0;0.0;0.0;0.0;0.0;0.0;0.0;0.0;0.0;0.0;0.0;0.2857142857142857;0.0;0.0;0.0;0.0;0.0;0.9230769230769231;0.3333333333333333;0.0;0.0;0.0;0.0;0.0;0.0;0.0;0.0;0.0;0.0;0.0;0.0;0.0;0.0;0.0;0.0;0.0;0.0;0.0;0.0;0.0;0.0;0.0;0.0;0.0;0.0;0.0;0.0;0.0;0.0;0.0;0.0;0.5;0.0;0.0;0.0;0.0;0.0;0.3076923076923077;0.0;0.0;0.0;0.0;0.0;0.0;0.0;0.0;0.0;0.0;0.0;0.0
GO:0046580;0.42105263157894735;0.0;0.7368421052631579;0.0;0.0;0.0;0.23529411764705882;0.36363636363636365;0.3333333333333333;0.42105263157894735;0.5833333333333334;0.47058823529411764;0.0;0.0;1.0;0.4;0.0;0.5882352941176471;0.0;0.42105263157894735;0.0;0.5263157894736842;0.6666666666666666;0.4;0.42105263157894735;0.5714285714285714;0.11764705882352941;0.0;0.4444444444444444;0.3;0.10526315789473684;0.7058823529411765;0.0;0.375;0.5263157894736842;0.0;0.10526315789473684;0.45454545454545453;0.0;0.4444444444444444;0.36363636363636365;0.0;0.5882352941176471;0.0;0.11764705882352941;0.0;0.0;0.0;0.7368421052631579;0.6086956521739131;0.5;0.5;0.11764705882352941;0.5;0.47058823529411764;0.4;0.3333333333333333;0.0;0.36363636363636365;0.0;0.42105263157894735;0.0;0.47058823529411764;0.11764705882352941;0.0;0.5;0.47619047619047616;0.38095238095238093;0.0;0.0;0.0;0.8421052631578947;0.18181818181818182;0.375;0.3157894736842105;0.3;0.38095238095238093;0.47058823529411764;0.8421052631578947;0.5263157894736842;0.23529411764705882;0.0;0.11764705882352941;0.2857142857142857;0.2857142857142857;0.3157894736842105;0.5555555555555556;0.0;0.7;0.47058823529411764;0.0;0.0;0.4444444444444444;0.0;0.11764705882352941;0.42105263157894735;0.4;0.631578947368421;0.5882352941176471;0.42105263157894735;0.7777777777777778;0.4444444444444444;0.42105263157894735;0.3157894736842105;0.10526315789473684;0.0;0.4;0.23529411764705882;0.11764705882352941;0.0;0.0;0.09090909090909091;0.43478260869565216;0.4444444444444444;0.42105263157894735;0.0;0.0;0.0;0.47058823529411764;0.0;0.5;0.0;0.0;0.0;0.5555555555555556;0.47058823529411764;0.3157894736842105;0.3333333333333333;0.0;0.8888888888888888;0.0;0.47058823529411764;0.4;0.0;0.5882352941176471;0.7058823529411765;0.5714285714285714;0.6363636363636364;0.0;0.23529411764705882;0.0;0.5263157894736842;0.3;0.0;0.34782608695652173;0.47619047619047616;0.0;0.42105263157894735;0.6666666666666666;0.0;0.0;0.42105263157894735;0.47619047619047616;0.0;0.47619047619047616;0.0;0.5;0.0;0.47619047619047616;0.4;0.0;0.0;0.10526315789473684;0.5;0.0;0.47058823529411764;0.0;0.4444444444444444
GO:0030823;0.3157894736842105;0.0;0.42105263157894735;0.0;0.0;0.0;0.23529411764705882;0.2727272727272727;0.3333333333333333;0.5263157894736842;0.5833333333333334;0.47058823529411764;0.0;0.0;0.4;1.0;0.0;0.47058823529411764;0.0;0.42105263157894735;0.0;0.3157894736842105;0.4444444444444444;0.4;0.42105263157894735;0.38095238095238093;0.11764705882352941;0.0;0.4444444444444444;0.3;0.10526315789473684;0.47058823529411764;0.0;0.375;0.42105263157894735;0.0;0.10526315789473684;0.36363636363636365;0.0;0.4444444444444444;0.36363636363636365;0.0;0.47058823529411764;0.0;0.11764705882352941;0.0;0.0;0.0;0.42105263157894735;0.6086956521739131;0.4;0.5;0.11764705882352941;0.5;0.35294117647058826;0.4;0.3333333333333333;0.0;0.5454545454545454;0.0;0.42105263157894735;0.0;0.47058823529411764;0.11764705882352941;0.0;0.5;0.47619047619047616;0.2857142857142857;0.0;0.0;0.0;0.42105263157894735;0.6363636363636364;0.375;0.3157894736842105;0.3;0.6666666666666666;0.5882352941176471;0.42105263157894735;0.5263157894736842;0.23529411764705882;0.0;0.11764705882352941;0.2857142857142857;0.2857142857142857;0.3157894736842105;0.5555555555555556;0.0;0.4;0.35294117647058826;0.0;0.0;0.4444444444444444;0.0;0.11764705882352941;0.42105263157894735;0.3;0.42105263157894735;0.11764705882352941;0.42105263157894735;0.4444444444444444;0.4444444444444444;0.5263157894736842;0.3157894736842105;0.10526315789473684;0.0;0.3;0.23529411764705882;0.11764705882352941;0.0;0.0;0.09090909090909091;0.34782608695652173;0.4444444444444444;0.3157894736842105;0.0;0.0;0.0;0.35294117647058826;0.0;0.5;0.0;0.0;0.0;0.4444444444444444;0.47058823529411764;0.3157894736842105;0.3333333333333333;0.0;0.4444444444444444;0.0;0.35294117647058826;0.3;0.0;0.47058823529411764;0.23529411764705882;0.6666666666666666;0.6363636363636364;0.0;0.23529411764705882;0.0;0.42105263157894735;0.3;0.0;0.5217391304347826;0.38095238095238093;0.0;0.42105263157894735;0.4444444444444444;0.0;0.0;0.5263157894736842;0.2857142857142857;0.0;0.47619047619047616;0.0;0.375;0.0;0.6666666666666666;0.3;0.0;0.0;0.10526315789473684;0.4;0.0;0.35294117647058826;0.0;0.4444444444444444
GO:0001942;0.0;0.0;0.0;0.18181818181818182;0.5454545454545454;0.0;0.0;0.0;0.0;0.0;0.0;0.0;0.0;0.0;0.0;0.0;1.0;0.0;0.46153846153846156;0.0;0.0;0.0;0.0;0.0;0.0;0.0;0.0;0.2;0.0;0.0;0.0;0.0;0.15384615384615385;0.0;0.0;0.0;0.0;0.0;0.0;0.0;0.0;0.0;0.0;0.2;0.0;0.0;0.0;0.0;0.0;0.0;0.0;0.0;0.0;0.0;0.0;0.0;0.0;0.0;0.0;0.0;0.0;0.0;0.0;0.0;0.0;0.0;0.0;0.0;0.0;0.2;0.16666666666666666;0.0;0.0;0.0;0.0;0.0;0.0;0.0;0.0;0.0;0.0;0.2;0.0;0.0;0.0;0.0;0.0;0.0;0.0;0.0;0.0;0.0;0.0;0.18181818181818182;0.0;0.0;0.0;0.0;0.0;0.0;0.0;0.0;0.0;0.0;0.0;0.0;0.0;0.0;0.0;0.0;0.18181818181818182;0.0;0.0;0.0;0.0;0.0;0.0;0.0;0.0;0.0;0.0;0.0;0.0;0.16666666666666666;0.0;0.0;0.0;0.0;0.0;0.0;0.2;0.0;0.0;0.2;0.0;0.0;0.0;0.0;0.0;0.0;0.18181818181818182;0.0;0.0;0.2;0.0;0.0;0.18181818181818182;0.0;0.0;0.0;0.18181818181818182;0.0;0.0;0.0;0.0;0.0;0.0;0.0;0.0;0.0;0.0;0.0;0.0;0.0;0.0;0.0;0.0;0.0
GO:0030308;0.5;0.0;0.5;0.0;0.0;0.0;0.2857142857142857;0.42105263157894735;0.4;0.5;0.38095238095238093;0.8571428571428571;0.0;0.0;0.5882352941176471;0.47058823529411764;0.0;1.0;0.0;0.5;0.0;0.5;0.5333333333333333;0.47058823529411764;0.5;0.4444444444444444;0.5714285714285714;0.0;0.5333333333333333;0.35294117647058826;0.125;0.5714285714285714;0.0;0.46153846153846156;0.625;0.0;0.125;0.5263157894736842;0.0;0.5333333333333333;0.42105263157894735;0.0;0.7142857142857143;0.0;0.14285714285714285;0.0;0.0;0.0;0.5;0.4;0.5882352941176471;0.6153846153846154;0.5714285714285714;0.6153846153846154;0.5714285714285714;0.5;0.4;0.0;0.42105263157894735;0.0;0.5;0.0;0.5714285714285714;0.5714285714285714;0.0;0.6153846153846154;0.5555555555555556;0.3333333333333333;0.0;0.0;0.0;0.625;0.42105263157894735;0.46153846153846156;0.375;0.35294117647058826;0.4444444444444444;0.5714285714285714;0.625;0.625;0.2857142857142857;0.0;0.14285714285714285;0.3333333333333333;0.5555555555555556;0.375;0.6666666666666666;0.0;0.5882352941176471;0.5714285714285714;0.0;0.0;0.5333333333333333;0.0;0.14285714285714285;0.5;0.47058823529411764;0.5;0.7142857142857143;0.625;0.6666666666666666;0.6666666666666666;0.5;0.5;0.125;0.0;0.47058823529411764;0.2857142857142857;0.14285714285714285;0.0;0.0;0.10526315789473684;0.5;0.5333333333333333;0.375;0.0;0.0;0.0;0.5714285714285714;0.0;0.6153846153846154;0.0;0.0;0.0;0.6666666666666666;0.5714285714285714;0.375;0.4;0.0;0.5333333333333333;0.0;0.5714285714285714;0.47058823529411764;0.0;0.7142857142857143;0.5714285714285714;0.4444444444444444;0.42105263157894735;0.0;0.7142857142857143;0.0;0.625;0.47058823529411764;0.0;0.4;0.5555555555555556;0.0;0.5;0.5333333333333333;0.0;0.0;0.375;0.4444444444444444;0.0;0.5555555555555556;0.0;0.46153846153846156;0.0;0.5555555555555556;0.47058823529411764;0.0;0.0;0.125;0.5882352941176471;0.0;0.5714285714285714;0.0;0.5333333333333333
GO:0001701;0.0;0.0;0.0;0.42857142857142855;0.8571428571428571;0.0;0.0;0.0;0.0;0.0;0.0;0.0;0.0;0.0;0.0;0.0;0.46153846153846156;0.0;1.0;0.0;0.0;0.0;0.0;0.0;0.0;0.0;0.0;0.15384615384615385;0.0;0.0;0.0;0.0;0.125;0.0;0.0;0.0;0.0;0.0;0.0;0.0;0.0;0.0;0.0;0.3076923076923077;0.0;0.0;0.0;0.0;0.0;0.0;0.0;0.0;0.0;0.0;0.0;0.0;0.0;0.0;0.0;0.0;0.0;0.0;0.0;0.0;0.0;0.0;0.0;0.0;0.0;0.15384615384615385;0.13333333333333333;0.0;0.0;0.0;0.0;0.0;0.0;0.0;0.0;0.0;0.0;0.46153846153846156;0.0;0.0;0.0;0.0;0.0;0.0;0.0;0.0;0.0;0.0;0.0;0.14285714285714285;0.0;0.0;0.0;0.0;0.0;0.0;0.0;0.0;0.0;0.0;0.0;0.0;0.0;0.0;0.0;0.0;0.42857142857142855;0.0;0.0;0.0;0.0;0.0;0.0;0.0;0.0;0.0;0.0;0.0;0.0;0.13333333333333333;0.0;0.0;0.0;0.0;0.0;0.0;0.15384615384615385;0.0;0.0;0.15384615384615385;0.0;0.0;0.0;0.0;0.0;0.0;0.42857142857142855;0.0;0.0;0.46153846153846156;0.0;0.0;0.14285714285714285;0.0;0.0;0.0;0.14285714285714285;0.0;0.0;0.0;0.0;0.0;0.0;0.0;0.0;0.0;0.0;0.0;0.0;0.0;0.0;0.0;0.0;0.0
GO:0050671;0.3333333333333333;0.0;0.4444444444444444;0.0;0.0;0.0;0.25;0.2857142857142857;0.47058823529411764;0.5555555555555556;0.34782608695652173;0.625;0.0;0.0;0.42105263157894735;0.42105263157894735;0.0;0.5;0.0;1.0;0.0;0.4444444444444444;0.47058823529411764;0.5263157894736842;0.5555555555555556;0.4;0.125;0.0;0.47058823529411764;0.42105263157894735;0.1111111111111111;0.5;0.0;0.5333333333333333;0.4444444444444444;0.0;0.1111111111111111;0.38095238095238093;0.0;0.5882352941176471;0.38095238095238093;0.0;0.625;0.0;0.125;0.0;0.0;0.0;0.4444444444444444;0.36363636363636365;0.42105263157894735;0.8;0.125;0.6666666666666666;0.5;0.5714285714285714;0.47058823529411764;0.0;0.38095238095238093;0.0;0.5555555555555556;0.0;0.75;0.125;0.0;0.6666666666666666;0.4;0.5;0.0;0.0;0.0;0.4444444444444444;0.47619047619047616;0.5333333333333333;0.4444444444444444;0.42105263157894735;0.5;0.625;0.4444444444444444;0.4444444444444444;0.25;0.0;0.125;0.4;0.4;0.4444444444444444;0.47058823529411764;0.0;0.42105263157894735;0.375;0.0;0.0;0.7058823529411765;0.0;0.125;0.4444444444444444;0.3157894736842105;0.5555555555555556;0.125;0.5555555555555556;0.47058823529411764;0.5882352941176471;0.5555555555555556;0.4444444444444444;0.1111111111111111;0.0;0.3157894736842105;0.25;0.125;0.0;0.0;0.09523809523809523;0.36363636363636365;0.8235294117647058;0.4444444444444444;0.0;0.0;0.0;0.375;0.0;0.5333333333333333;0.0;0.0;0.0;0.5882352941176471;0.375;0.5555555555555556;0.47058823529411764;0.0;0.47058823529411764;0.0;0.5;0.3157894736842105;0.0;0.5;0.25;0.4;0.38095238095238093;0.0;0.25;0.0;0.4444444444444444;0.3157894736842105;0.0;0.36363636363636365;0.5;0.0;0.4444444444444444;0.47058823529411764;0.0;0.0;0.4444444444444444;0.3;0.0;0.4;0.0;0.6666666666666666;0.0;0.2;0.42105263157894735;0.0;0.0;0.1111111111111111;0.8421052631578947;0.0;0.375;0.0;0.5882352941176471
GO:0046069;0.0;0.38095238095238093;0.0;0.0;0.0;0.0;0.0;0.0;0.0;0.0;0.0;0.0;0.0;0.0;0.0;0.0;0.0;0.0;0.0;0.0;1.0;0.0;0.0;0.0;0.0;0.0;0.10526315789473684;0.11764705882352941;0.0;0.0;0.09523809523809523;0.0;0.0;0.0;0.0;0.10526315789473684;0.09523809523809523;0.0;0.2857142857142857;0.0;0.0;0.2222222222222222;0.0;0.0;0.0;0.4;0.2222222222222222;0.23529411764705882;0.0;0.0;0.0;0.0;0.10526315789473684;0.0;0.0;0.0;0.0;0.47619047619047616;0.0;0.2857142857142857;0.0;0.19047619047619047;0.0;0.10526315789473684;0.2222222222222222;0.0;0.0;0.0;0.0;0.11764705882352941;0.10526315789473684;0.0;0.0;0.0;0.0;0.0;0.0;0.0;0.0;0.0;0.0;0.11764705882352941;0.0;0.0;0.0;0.0;0.0;0.09090909090909091;0.0;0.0;0.1111111111111111;0.2222222222222222;0.0;0.1111111111111111;0.0;0.0;0.0;0.0;0.10526315789473684;0.0;0.0;0.0;0.0;0.0;0.09523809523809523;0.09523809523809523;0.0;0.0;0.0;0.0;0.0;0.08333333333333333;0.0;0.0;0.0;0.21052631578947367;0.0;0.09523809523809523;0.0;0.10526315789473684;0.1111111111111111;0.0;0.1;0.10526315789473684;0.0;0.0;0.0;0.0;0.0;0.0;0.11764705882352941;0.0;0.0;0.11764705882352941;0.0;0.0;0.0;0.0;0.0;0.0;0.1111111111111111;0.0;0.0;0.0;0.0;0.0;0.1111111111111111;0.0;0.0;0.0;0.0;0.0;0.0;0.2857142857142857;0.0;0.21052631578947367;0.0;0.10526315789473684;0.0;0.0;0.2727272727272727;0.1;0.09523809523809523;0.0;0.10526315789473684;0.0;0.2222222222222222;0.0
GO:0010936;0.5555555555555556;0.0;0.4444444444444444;0.0;0.0;0.0;0.5;0.47619047619047616;0.47058823529411764;0.5555555555555556;0.34782608695652173;0.375;0.0;0.0;0.5263157894736842;0.3157894736842105;0.0;0.5;0.0;0.4444444444444444;0.0;1.0;0.47058823529411764;0.3157894736842105;0.3333333333333333;0.4;0.125;0.0;0.47058823529411764;0.42105263157894735;0.1111111111111111;0.5;0.0;0.5333333333333333;0.4444444444444444;0.0;0.1111111111111111;0.38095238095238093;0.0;0.47058823529411764;0.2857142857142857;0.0;0.5;0.0;0.125;0.0;0.0;0.0;0.4444444444444444;0.36363636363636365;0.42105263157894735;0.4;0.125;0.4;0.625;0.42857142857142855;0.47058823529411764;0.0;0.2857142857142857;0.0;0.3333333333333333;0.0;0.375;0.125;0.0;0.4;0.4;0.4;0.0;0.0;0.0;0.5555555555555556;0.19047619047619047;0.4;0.4444444444444444;0.42105263157894735;0.3;0.375;0.5555555555555556;0.4444444444444444;0.25;0.0;0.125;0.4;0.3;0.4444444444444444;0.47058823529411764;0.0;0.5263157894736842;0.5;0.0;0.0;0.35294117647058826;0.0;0.125;0.3333333333333333;0.5263157894736842;0.4444444444444444;0.5;0.4444444444444444;0.5882352941176471;0.35294117647058826;0.3333333333333333;0.4444444444444444;0.1111111111111111;0.0;0.5263157894736842;0.25;0.125;0.0;0.0;0.09523809523809523;0.36363636363636365;0.47058823529411764;0.4444444444444444;0.0;0.0;0.0;0.5;0.0;0.4;0.0;0.0;0.0;0.47058823529411764;0.5;0.4444444444444444;0.5882352941176471;0.0;0.47058823529411764;0.0;0.625;0.42105263157894735;0.0;0.5;0.5;0.4;0.38095238095238093;0.0;0.25;0.0;0.5555555555555556;0.42105263157894735;0.0;0.2727272727272727;0.5;0.0;0.4444444444444444;0.47058823529411764;0.0;0.0;0.5555555555555556;0.5;0.0;0.4;0.0;0.6666666666666666;0.0;0.4;0.42105263157894735;0.0;0.0;0.1111111111111111;0.5263157894736842;0.0;0.75;0.0;0.47058823529411764
GO:0030949;0.35294117647058826;0.0;0.8235294117647058;0.0;0.0;0.0;0.26666666666666666;0.3;0.5;0.5882352941176471;0.6363636363636364;0.6666666666666666;0.0;0.0;0.6666666666666666;0.4444444444444444;0.0;0.5333333333333333;0.0;0.47058823529411764;0.0;0.47058823529411764;1.0;0.5555555555555556;0.5882352941176471;0.7368421052631579;0.5333333333333333;0.0;0.5;0.4444444444444444;0.11764705882352941;0.9333333333333333;0.0;0.5714285714285714;0.47058823529411764;0.0;0.11764705882352941;0.4;0.0;0.625;0.4;0.0;0.5333333333333333;0.0;0.13333333333333333;0.0;0.0;0.0;0.8235294117647058;0.6666666666666666;0.4444444444444444;0.7142857142857143;0.5333333333333333;0.7142857142857143;0.4;0.6153846153846154;0.5;0.0;0.4;0.0;0.5882352941176471;0.0;0.6666666666666666;0.5333333333333333;0.0;0.7142857142857143;0.42105263157894735;0.5263157894736842;0.0;0.0;0.0;0.7058823529411765;0.5;0.5714285714285714;0.47058823529411764;0.4444444444444444;0.5263157894736842;0.6666666666666666;0.7058823529411765;0.47058823529411764;0.26666666666666666;0.0;0.13333333333333333;0.42105263157894735;0.42105263157894735;0.47058823529411764;0.5;0.0;0.6666666666666666;0.4;0.0;0.0;0.625;0.0;0.13333333333333333;0.47058823529411764;0.3333333333333333;0.8235294117647058;0.5333333333333333;0.5882352941176471;0.625;0.625;0.5882352941176471;0.47058823529411764;0.11764705882352941;0.0;0.4444444444444444;0.26666666666666666;0.13333333333333333;0.0;0.0;0.1;0.38095238095238093;0.5;0.47058823529411764;0.0;0.0;0.0;0.4;0.0;0.5714285714285714;0.0;0.0;0.0;0.5;0.4;0.47058823529411764;0.5;0.0;0.75;0.0;0.4;0.3333333333333333;0.0;0.5333333333333333;0.8;0.7368421052631579;0.7;0.0;0.5333333333333333;0.0;0.47058823529411764;0.4444444444444444;0.0;0.38095238095238093;0.42105263157894735;0.0;0.47058823529411764;0.875;0.0;0.0;0.47058823529411764;0.42105263157894735;0.0;0.42105263157894735;0.0;0.7142857142857143;0.0;0.42105263157894735;0.5555555555555556;0.0;0.0;0.11764705882352941;0.4444444444444444;0.0;0.4;0.0;0.625
GO:2000353;0.3157894736842105;0.0;0.5263157894736842;0.0;0.0;0.0;0.23529411764705882;0.2727272727272727;0.4444444444444444;0.5263157894736842;0.4166666666666667;0.5882352941176471;0.0;0.0;0.4;0.4;0.0;0.47058823529411764;0.0;0.5263157894736842;0.0;0.3157894736842105;0.5555555555555556;1.0;0.5263157894736842;0.7619047619047619;0.47058823529411764;0.0;0.4444444444444444;0.4;0.10526315789473684;0.5882352941176471;0.0;0.5;0.42105263157894735;0.0;0.10526315789473684;0.36363636363636365;0.0;0.5555555555555556;0.36363636363636365;0.0;0.47058823529411764;0.0;0.11764705882352941;0.0;0.0;0.0;0.5263157894736842;0.43478260869565216;0.4;0.625;0.47058823529411764;0.625;0.35294117647058826;0.5333333333333333;0.4444444444444444;0.0;0.36363636363636365;0.0;0.8421052631578947;0.0;0.5882352941176471;0.47058823529411764;0.0;0.625;0.38095238095238093;0.38095238095238093;0.0;0.0;0.0;0.42105263157894735;0.45454545454545453;0.5;0.42105263157894735;0.4;0.47619047619047616;0.5882352941176471;0.42105263157894735;0.42105263157894735;0.23529411764705882;0.0;0.11764705882352941;0.38095238095238093;0.38095238095238093;0.42105263157894735;0.4444444444444444;0.0;0.7;0.35294117647058826;0.0;0.0;0.5555555555555556;0.0;0.11764705882352941;0.5263157894736842;0.3;0.5263157894736842;0.47058823529411764;0.5263157894736842;0.4444444444444444;0.5555555555555556;0.5263157894736842;0.42105263157894735;0.10526315789473684;0.0;0.3;0.23529411764705882;0.11764705882352941;0.0;0.0;0.09090909090909091;0.6086956521739131;0.5555555555555556;0.42105263157894735;0.0;0.0;0.0;0.35294117647058826;0.0;0.5;0.0;0.0;0.0;0.4444444444444444;0.35294117647058826;0.42105263157894735;0.4444444444444444;0.0;0.4444444444444444;0.0;0.35294117647058826;0.3;0.0;0.47058823529411764;0.47058823529411764;0.47619047619047616;0.36363636363636365;0.0;0.47058823529411764;0.0;0.42105263157894735;0.7;0.0;0.34782608695652173;0.38095238095238093;0.0;0.5263157894736842;0.5555555555555556;0.0;0.0;0.3157894736842105;0.2857142857142857;0.0;0.38095238095238093;0.0;0.5;0.0;0.38095238095238093;0.4;0.0;0.0;0.10526315789473684;0.4;0.0;0.35294117647058826;0.0;0.5555555555555556
