ID;Term;Depth;IC Nuno;IC zhou;IC sanchez;IC resnik;IC RZ;IC Rnormalized;IC Nuno org;Annotated Genes Set number
GO:0006123;mitochondrial electron transport, cytochrome c to oxygen;8.0;1.0;0.875;9.628524252492122;66.39695928536078;6.943860283624253;0.0022222464738971865;0.7301093378270707;[COX8A, COX15, COX4I1, COX5B, COX6A1, COX7C, COX5A, COX10]
GO:0006641;triglyceride metabolic process;7.0;0.8436909121759173;0.7727648213451592;9.318369324188282;85.59385656069774;5.500407508664414;0.0028647493496168257;0.6322104610454062;[SLC22A4, CETP, CPT1A, DGAT2, DGAT1, ACSL1, CAV1, INSIG1, SEL1L, DDHD2, PCSK9, LPL, PTPN11, ACSL4, SIRT1, GNPAT, FABP4, FABP5, GPAM, CAT, CYP2E1, MGLL, SLC27A5]
GO:0006784;heme a biosynthetic process;8.0;1.0;0.875;9.628524252492122;765.506195463233;9.083926447120524;0.025620803451306372;0.839552420951524;[COX15, COX10]
GO:0008543;fibroblast growth factor receptor signaling pathway;8.0;0.7090535922965819;0.729526796148291;8.567652291806858;31.002284443533863;5.395046993006588;0.0010376185600805164;0.6509029541176994;[FGFRL1, CTGF, TIAL1, PTBP1, NDST1, FGF6, SPRED1, POLR2B, POLR2D, POLR2E, MAPK1, POLR2G, POLR2H, POLR2I, POLR2K, POLR2L, NCBP1, GALNT3, NOG, PTPN11, SHCBP1, GTF2F2, FRS3, SETX, FGF18]
GO:0006366;transcription by RNA polymerase II;10.0;0.6039883530135606;0.7172351883677006;8.613793447804714;583.8786478812184;3.2909128387363804;0.01954189288791682;0.5835384474769965;[TCERG1, ATF2, ZNF175, CCNK, CCNH, ZNF292, ELK1, IKZF3, BACH2, MYC, MYB, TRIM24, PKNOX1, HOXA7, NFRKB, IER2, HOXA5, SOX4, MEF2C, MEF2B, SOX12, RUNX1, HCFC1, RFX4, ZSCAN21, NUP98, HOXB1, ATF5, CLOCK, ATF3, ATF4, DHX9, EPAS1, RTF1, GATA3, RPAP1, ZNF24, HIF1A, GATA1, RAD21, NHLH1, HLTF, HIVEP1, HOXC4, ZBED1, HIVEP2, BTF3, ZNF143, XBP1, EGR2, INTS3, PBX3, EAF2, NFATC3, NFATC1, NMI, PBX4, ELL2, FLI1, ELL3, PBX1, STAG1, INTS5, INTS4, INTS7, INTS6, HOXD3, INTS9, ZNF136, INTS8, INTS12, GMEB1, ELL, TGFB1I1, INTS10, CITED4, HOXC13, BRCA1, MED16, MEOX1, HOXC10, HYAL2, GABPA, TSC22D1, PARP1, SIRT1, SUPT3H, ZEB2, PLSCR1, NCOR1, NFX1, MTF1, TFEC, MED20, FOXC2, FOXC1, NFIX, SATB2, RELA, ARNTL, MNT, NFIL3, LEO1, PLAGL2, MSX1, ZNF345, WWOX, NFYA, DMRT1, NFYC, ZNF76, GTF2H2, GRHL1, GTF2H4, GTF2H5, BATF, GFI1B, TFAP4, NFIA, NFIB, NFIC, FOSB, CTNNB1, TRIP11, TCEA1, TRIP13, TARDBP, MIXL1, NEUROG3, CCNT2, CCNT1, PRDM4, ARID4A, PRDM2, NUCKS1, AHR, NR3C1, SALL2, PTTG1, STK16, EP300, ZNF202, GTF2I, LMO2, ZBTB32, MITF, GTF2F2, MAF, DLX2, MAX, DTX1, SUPT6H, GTF2E1, GTF2E2, TAF5L, DEAF1, NDN, CAMTA1, MSC, TFAP2A, SMAD2, ZBTB17, POU2F1, NFXL1, POU2F2, NFKB1, NFKB2, CDK9, CDK7, TFCP2, COPS5, SP1, MAFG, MAFF, NFE2L3, PIR, MNAT1, NFE2L1, BMPR2, ONECUT2, THRA, LDB1, ZC3H8, ARRB1, ARRB2, AFF4, SNAPC5, SNAPC3, TRPS1, ZNF768, MKL2, KLF10, KLF11, TBP, KLF13, NCBP1, MKL1, ARNT, ETV7, CREB3, TFDP1, TFDP2, ELF4, IRF4, ZNF516, IRF7, LCOR, IRF5, CREB5, GTF2A1, NFAT5, GTF2A2, CEBPB, CEBPD, WBP2, CEBPE, PLAG1, SRF, CEBPG, MLLT1, TAF1L, MLLT3, POLR2B, TAF1A, POLR2D, POLR2E, POLR2G, POLR2H, POLR2I, POLR2K, TCFL5, POLR2L, POLR2J3, TAF15, TAF12, TAF13, TAF10, FOXJ2, CDC5L, ARID3B, DEK, SSRP1, USF2, TBX19, USF1, KLF6, MEIS1, KLF5, TEF, CARM1, ERCC2, TAF7, TAF6, TAF5, TAF4, SSBP3, SSBP4, TAF1]
GO:0006006;glucose metabolic process;6.0;0.7090535922965819;0.6776471087384355;8.572471578242808;34.676020684410545;5.040875179285974;0.0011605752059146955;0.5809109036834981;[SLC25A1, GPI, CRTC2, H6PD, ADPGK, IRS2, HK1, HK3, SERP1, AKT2, PGM5, PDK2, PDK1, WDTC1, PCK2, TKTL1, G6PD, CPT1A, TPI1, PDHA1, IGFBP5, MDH1, GOT1, BAD, MDH2, DCXR, GOT2, AKR1A1, BPGM, PGM2L1, USF1, PER2, NISCH, G6PC3, ALDH5A1, FABP5, OAS1, SLC25A10, ALDOC, GHRL, GALM, ALDOA, GAPDH, PFKM, ATF3, ATF4, SLC25A13, PPARD]
GO:0009437;carnitine metabolic process;5.0;0.8653626801206646;0.7229223519212526;9.36615998802463;68.6706074773741;7.138016298065211;0.002298343432733347;0.6552794972956795;[SLC22A4, CPT1A, TMLHE, SLC22A5, CROT, CPT1B, CRAT]
GO:0000432;positive regulation of transcription from RNA polymerase II promoter by glucose;13.0;1.0;0.9625549647676366;9.628524252492122;6356.890744585131;8.67846133901236;0.21275941239102195;0.9063718812344532;[USF2, USF1]
GO:0032869;cellular response to insulin stimulus;8.0;1.0;0.875;9.628524252492122;462.69925393661634;5.334422371190153;0.015486127626965131;0.6478026081386739;[ERRFI1, SRC, PDE3B, PTEN, PCSK9, IRS2, PAK1, PPAT, AKT2, RAB8A, RAB8B, WDTC1, PCK2, XBP1, PRKCI, GOT1, PARP1, STAT1, INSR, USF1, FER, CEACAM1, RAB31, SP1, CDK4, MARS, RAB13, TRIB3, VAMP2]
GO:0050796;regulation of insulin secretion;9.0;0.8259837884571596;0.8092325194088689;9.533214072687796;205.48125160941495;4.61801832846594;0.006877272570246766;0.6324062972578516;[GPR27, GPR68, ICA1, SLC2A1, ARRB1, ABAT, IRS2, TM7SF3, AACS, PPP3CB, SERP1, ENSA, PIM3, HADH, HMGN3, GLUL, SOX4, CPT1A, JAGN1, PRKCE, SIRT4, RFX3, CACNA2D2, PRKCA, ADRA2C, SYTL4, ADRA2A, TIAM1, SFRP1, NOV, IFNG, PHPT1, CLOCK, STX1A, PPARD, ENY2, NLGN2, ITPR2, ARL2, PLA2G6, HIF1A, ARNTL, RAP1A, OXCT1, CCL5, PCK2, TRPM4, TCF7L2, BAD, PTPN11, BAIAP3, PER2, ARL2BP, GHRL, TARDBP, PFKM]
GO:0000165;MAPK cascade;9.0;0.7436939687323844;0.7680876095464813;9.236482164716097;231.45054935470895;4.069963362931594;0.007746441594931149;0.6043787408332628;[OXTR, PLVAP, IL5RA, IRS2, FGF6, MYC, MAP3K9, LGALS9, BTRC, MAP3K5, PDGFRB, MAP2K3, MAP2K1, MEF2C, FBXW11, PAQR3, FRS3, RBX1, KARS, AKAP9, TNIK, TRIB1, SHC1, CUL1, CSF2RA, IQGAP3, RASGRP4, RASGRP3, SPTA1, MBP, RIPK1, MAP2K7, MARK3, SULT1A3, SPTBN1, MAP2K5, RHBDD3, NFKB1, SETX, STK24, PTPRA, FGF18, NF1, CALM1, FGF13, MAP3K14, MAP3K11, YWHAE, YWHAB, SPRED1, RASGEF1A, PEA15, CTSH, ITGAV, HRAS, JAK3, DUSP5, MAP4K2, KSR1, SH2D3A, RIPK2, SH2D3C, MINK1, NRG1, IRAK4, GFRA2, SPTB, ITPKB, ADORA2B, TRAF6, KIT, IL3RA, AVP, MET, HBEGF, ARHGEF6, PTGER4, CAMK2D, GPS1, GPS2, NOD1, IL2RG, EGFR, CAMKK2, NRAS, MAPK7, PABPN1, CCL5, CCL3, CCL2, PTK2B, MAPK1, NCAM1, MAP4K3, MAPK4, MAP3K3, MAP3K1, ANGPT1, EGF, MAPK13, MOS, TNIP2, IL2RA, TAOK2, IL2RB, CCM2, KRAS, TEK]
GO:0006635;fatty acid beta-oxidation;9.0;0.811012628672052;0.801746939516315;9.464221201200845;579.9307786885206;5.734022359845919;0.019409761258888828;0.6894787953221185;[GCDH, ACADVL, ECHS1, ABCD3, ETFDH, HSD17B4, ETFA, ETFB, CROT, ACAT2, CPT2, AUH, SESN2, ACAD11, DECR2, HADH, ABCD1, ACADS, HIBCH, ACOT8, CPT1A, ECH1, MCAT, CPT1B, PEX7, AMACR, SLC25A17, ACOX2, ACOX1, EHHADH, ACOX3, SLC27A2, CRAT, PPARD]
GO:0001666;response to hypoxia;5.0;0.811012628672052;0.6957473261969462;9.117698628726131;21.16160540946;4.1860866471696125;7.082598888462125E-4;0.5043176776701113;[MPL, RORA, PLOD2, ABAT, AQP3, AQP1, TXN2, NPEPPS, ALKBH5, PLAU, MYC, NPPA, MYB, CAPN2, LONP1, EP300, BNIP3L, ENDOG, PRKCE, ATP1B1, SFRP1, DDIT4, TP53, EPAS1, ABCB4, PSEN2, ITPR2, AGER, HIF1A, HSP90B1, CCNB1, SCFD1, KCNMB1, SCAP, HMOX2, CREBBP, SMAD3, TGFB3, CAV1, XRCC1, NARFL, NR4A2, BMP2, TBL2, MDM2, NF1, HYOU1, CD24, PAM, ALAS2, CDKN1B, SUV39H1, HP1BP3, PTEN, SLC6A4, MECP2, ALAD, FUNDC1, CASP3, CASP1, ATP7A, NKX3-1, EDN1, ITGA2, DNMT3A, SIRT4, ARNT, AGTRAP, SIRT1, SIRT2, RHOA, TGFBR3, CCNA2, CAT, BIRC2, PPARD, BECN1, SRC, SRF, PTGS2, THBS1, TM9SF4, CYGB, PDLIM1, PAK1, UCP3, LMNA, UBQLN1, E2F1, PTK2B, EGLN2, BAD, BNIP3, VEGFB, PML, USF1, SLC8A3, ERCC2, TEK, P4HB, ZNF354A, KCNK3]
GO:0071398;cellular response to fatty acid;6.0;0.7369933605727446;0.6916169928765168;9.004369943419128;203.00017448222317;5.8067817141283475;0.006794233151624104;0.6200793994936333;[PTGER4, SMARCD1, CPT1A, EDN1, PID1, DGAT2, XRCC5, SRC, PRKCE, AKR1C3, ACACA, NME1, SFRP1, CCNB1, GNG2, CDK4, TNFSF4, ZC3H12A, E2F1, PTGDR]
GO:0034622;cellular protein-containing complex assembly;5.0;0.4844594654465739;0.5324707445842072;6.524578394297898;40.42272244673708;3.0306614991070955;0.0013529121422039536;0.4452291818654298;[RPL3, NUP107, CCNH, PPAN, DNHD1, PWP2, PSMD8, RPS15, PREX1, PSMD4, CLP1, SNRPD1, LONP1, HIST3H2BB, FBXO5, TSPYL2, TSPYL1, COG4, PIH1D1, CIRBP, RC3H1, DICER1, SOX12, BCS1L, CRNKL1, MED6, NUP93, COX7A2L, EID2, CTAGE5, SCO1, SCO2, GRWD1, CD2BP2, TFAM, NUP98, CTAGE6, PADI4, TSPYL6, TP53, STX1A, ASF1B, SF1, TSPYL5, NUP205, DHX9, XPA, XPC, BAZ2A, DHX30, MRPL20, ATP6V0A2, RRS1, SEC31B, SEC31A, SRPK2, ZRSR2, CDT1, H3F3A, XRCC3, PILRB, RPL3L, SNUPN, PUM2, SRPK1, SETX, ANLN, RPS27, EIF5, NDUFAF1, ANP32B, RPS23, MYOM1, AHCTF1, HIP1, FASTKD2, MRPS11, FASTKD3, CETN2, SRP54, CLTA, MIA3, HCCS, LRRC6, ARHGAP6, CLINT1, MYOM2, CHAF1B, TRIM6, IMMP2L, CHAF1A, C1QBP, TMED2, ATPAF2, CCT2, SEC13, SHPRH, NSUN4, PARP1, ACAD9, MRPS7, HIST2H2BF, DDB2, DDB1, RAD51C, PRPF18, CTTN, VAMP1, VAMP4, SLU7, ATPAF1, NIP7, CCDC103, WAS, SPTY2D1, CENPA, TM9SF4, TMEM70, HLA-DMA, HLA-DMB, UBN1, AP2S1, SF3B1, CENPT, DYNC1H1, SF3A1, LRRC23, GSN, BRF1, NUBPL, WDR18, MYBPH, GTF2H2, AP2B1, GTF2H4, GTF2H5, FKBP1A, CENPE, BOP1, HILS1, CENPF, PRPF39, TPPP3, CENPH, CENPJ, CENPK, CENPL, CENPM, CENPN, CENPP, CENPQ, SRP19, NDUFA13, NDUFA11, NDUFA10, GMNN, TMEM141, IPO4, EDC3, DACH1, RUVBL2, RUVBL1, ZNF207, OIP5, DNAJB12, RPSA, DNAJB14, RBX1, ATXN2L, OXA1L, PRPF6, TBC1D20, MAP7D3, PRPF3, DGKQ, MRTO4, HAT1, SNRPG, GEMIN5, HIST1H2BH, CHMP4A, GEMIN6, SNRPF, FKBP4, SNRPC, HIST1H2BC, SNRPB, PSMD10, DDX6, COX19, PSMD11, NDUFB10, UQCRB, YTHDC1, COX15, PSMD13, NDUFB11, DDX1, COX17, ARL2, RTN4, ATXN2, CLTCL1, NLRP3, COX11, NDUFV3, NDUFV2, MDN1, COX10, SMAD2, UVRAG, CPSF6, SMAD3, UBE2C, FAM103A1, NUP153, ARPC4, TBCA, EIF2S1, LSM3, VIL1, CDK7, CNOT7, SYNJ1, ARPC2, NASP, HLA-DRA, TCF4, MNAT1, FGF13, COPS8, LSM14A, PICALM, HSP90AB1, HP1BP3, HIST1H1T, HMGB2, PSIP1, ADAR, USP39, TAZ, PIK3C2A, BICD1, SART1, SEPT6, HIST1H1D, NCK2, UBTF, SNAP29, RBM5, HIST1H1C, FGA, MKKS, TBP, H2AFY, NCBP1, VBP1, FGG, ATRX, NRG1, TRAF2, SEPT4, CKAP5, SEPT5, RAD23B, SEPT2, PTBP2, DNM2, DNM3, TGFBR3, NDUFS8, NDUFS7, NDUFS6, NDUFS5, NDUFS3, POLR1E, NDUFS2, NDUFS1, ZMYND10, BDP1, ITGB3BP, LUC7L2, PFDN6, MCM2, C9orf72, HIST1H2BN, GTF2A2, DNAH1, NDUFB8, NDUFB7, HIST1H2BO, HIST1H2BJ, NDUFB6, SRC, DDX23, RAP1GDS1, POMP, NDUFB2, TAF1L, FOXRED1, TTN, RBBP4, POLR2D, PTK2B, RBBP7, SEC23B, WASF3, NDUFA9, NDUFA8, NDUFA7, SEPT11, SEC24B, ANGPT1, TAF12, EGF, MX2, MID1IP1, NDUFA3, TAF10, MX1, NDUFA2, NAP1L3, NAP1L2, PDE4DIP, RPL23A, NAP1L5, TTC17, NAP1L4, CUL4A, RAD51, POLE3, ERCC2, SPAG1, TAF7, CCDC65, ERCC5, TAF6, TAF4, SEC24C, CUL4B, TAF1]
GO:0036503;ERAD pathway;8.0;0.8653626801206646;0.8076813400603323;9.5544162803384;251.7997562295668;5.370354380416217;0.008427511235935442;0.649640172761504;[POMT2, DERL3, CCDC47, SEL1L, DERL2, UBE2J2, HSP90B1, FOXRED2, UBQLN1, TRIM25, FBXO6, ANKZF1, SEC13, TOR1A, SDF2L1, WFS1, EDEM1, RHBDD1, AMFR, SGTA, SYVN1, DNAJB12, UBE4A, YOD1, ERLIN2, UBE2G2, MARCH6, RNF103, NPLOC4, PSMC6, PSMC3, PSMC1, TRIM13, MAN1B1, RNF121]
GO:0071218;cellular response to misfolded protein;6.0;1.0;0.8231203125901445;9.628524252492122;123.17901887317109;8.16763571524637;0.004122690907765296;0.7408135829017477;[ATXN3, DNAJB12]
GO:0051918;negative regulation of fibrinolysis;9.0;1.0;0.896240625180289;9.628524252492122;332.9628274369728;7.474488534686424;0.011143966187225523;0.7784863164434164;[THBD, THBS1, USF1]
GO:0032000;positive regulation of fatty acid beta-oxidation;9.0;0.8259837884571596;0.8092325194088689;9.458625215696724;722.6451356849161;7.57984905034425;0.02418628235297557;0.7838744581139225;[CPT1A, AKT2, IRS2]
GO:0006351;transcription, DNA-templated;9.0;0.5708408884191841;0.6816610693898811;8.449869256150476;581.393741231429;1.9872050686257638;0.019458725298619164;0.49786638480429696;[ATF2, ZNF292, NOC2L, ZC3H12A, PKNOX1, ZNF18, HES6, SAP30BP, MEF2C, MEF2B, CSNK2A1, ZNF282, CSNK2A2, RFX2, DNTTIP2, RFX3, ZNF10, RFX1, ZNF12, ZNF14, SND1, EID1, EID2, EWSR1, RFX4, TXNIP, PADI4, ATF5, CLOCK, ATF3, SF1, ATF4, ZNF276, ZNF28, ZNF274, ZNF20, CDCA7, BAZ2A, ZNF23, GATA3, ZNF24, ZNF25, GATA1, HESX1, GTF2IRD2B, ZBTB7A, PPARGC1B, ZNF264, HEXIM2, ZNF263, HACE1, ZNF260, PBX3, EIF2AK2, PBX4, SNF8, ZNF35, FLI1, PBX1, MLLT10, MOV10, ZNF30, EZH2, ZNF254, ZNF250, ZNF491, ATF7IP2, MED19, HOXC13, TFCP2L1, MED16, HOXC10, PQBP1, MECP2, MED11, NIPBL, CHAF1B, ZNF248, LIN52, ZNF486, ZNF485, ZNF484, ACTL6A, BAZ1A, SIRT7, SIRT1, MED29, SIRT2, MED28, PLSCR1, MED20, ZNF236, ZNF234, PPARD, ZNF230, ZNF471, ZNF470, ZNF69, FSTL3, STAT4, LEO1, PLAGL2, ZNF226, ZNF467, ZNF223, ZNF222, ZNF462, STAT1, MCRS1, STAT2, ATAD2, SAMD4B, ZNF76, ZNF77, ZNF79, GATAD2A, TTLL5, ZNF74, PKN2, ZNF699, ZNF213, ZNF696, MIXL1, ZNF212, GZF1, ZNF451, ZNF692, CCNT2, CCNT1, ZBTB25, NAB1, ATN1, ZBTB20, ZBTB22, YY1, RUVBL2, STK16, SCMH1, RUVBL1, ZNF688, MAP3K9, ZNF446, ZNF687, ZNF444, ZNF202, ZNF200, ZNF442, ZNF684, ZNF441, ZNF683, ZBTB39, ZNF680, ZBTB32, SARS, PIAS2, FOXP1, MAF, MAK, ZNF438, ZNF436, ZNF432, ZNF431, KHDRBS1, DLX2, KHDRBS3, MAX, CREBL2, FHIT, NPAS3, ATXN3, ZNF429, ZKSCAN3, SMYD2, ZKSCAN2, ZKSCAN5, ZNF667, ZKSCAN4, ZNF664, ZKSCAN1, ZBTB17, DR1, ZBTB16, RFXANK, NFKB1, NFKB2, DRAP1, TFCP2, SP1, SP4, SP3, ZNF417, ZNF658, NFE2L3, ZNF416, SP6, ZNF415, ZNF655, TMEM18, MNAT1, ZNF654, ZNF410, NFE2L1, ZNF652, ZNF512B, CIITA, ONECUT2, CDCA7L, ARRB1, FASLG, ARRB2, FOXM1, ZNF408, ZNF407, ZNF649, ZNF646, ZNF644, YAF2, EID2B, ZNF641, NKX3-1, COMMD10, ATRX, ARNT, ZNF638, LCOR, ZNF630, BIRC2, GTF3C1, GTF3C5, UHRF1, SRF, ZBTB48, ZBTB43, MLLT1, ZBTB45, CXXC5, MLLT3, ZBTB40, IFI16, CCDC85B, TP53INP2, BAHD1, TP53INP1, E2F1, SAP18, PCBD1, ZNF623, ZNF621, E2F6, E2F7, E2F8, TBX1, POLR2J3, CNBP, FOXJ2, CDC5L, ZNF616, TRIM37, ZNF611, TRIM33, CCNK, CCNH, JMJD1C, KEAP1, IKZF1, IKZF2, IKZF3, IKZF4, UBE2L3, UXT, TRIM24, CPNE1, EPC1, EPC2, TRIM27, ATXN7L3, TRIM22, ZFP1, SFMBT1, THAP1, THAP7, BTK, TRIB3, BCORL1, TP53, ZNF324B, PAXIP1, L3MBTL2, DHX9, EPAS1, FOXG1, MYCBP2, RTF1, ZBTB5, ZBTB3, COMMD8, COMMD9, ZNF707, MIER2, HLTF, HIVEP1, ZBED1, ZNF701, HIVEP2, XBP1, XRCC6, EGR2, XRCC5, INTS3, EAF2, MED13L, ID2, INTS5, INTS4, INTS7, INTS6, RCOR3, INTS9, INTS8, INTS12, SUV39H1, INTS10, BRCA1, WASL, TFB1M, SCML1, SCML4, HYAL2, UIMC1, MLX, ACAD8, ZHX2, ZHX3, COMMD2, COMMD3, IL16, COMMD1, TFB2M, ZFX, SUPT3H, SREBF2, DEPDC1, NCOA7, FOXC2, FOXC1, SATB1, SATB2, HEATR1, IGHMBP2, RELA, SERTAD3, MNT, ZFP14, NFIL3, SERTAD2, MSX1, ZNF585B, ZNF585A, PER2, MAD2L2, PER1, GFI1B, TFAP4, TCEA1, TARDBP, CRTC2, PRDM4, CRTC1, PRDM5, PRDM2, PRDM1, NR3C1, ETS2, ZNF80, ZNF83, KHSRP, EP300, EOMES, SLC30A9, ERN1, SPOCD1, BRMS1, ZNF93, PSPC1, HOMEZ, DDX1, TCF7, SUPT6H, TAF5L, DEAF1, CAMTA1, MSC, TFAP2A, IVNS1ABP, AUTS2, DENND4A, PHF12, PHF11, NFXL1, CNOT10, PHF19, PHTF2, LDB1, CHD9, CHD8, CHD7, HMGB2, HMGB3, PSIP1, CHD3, CHD1, AFF4, PHTF1, NUP62, LRRFIP1, IFT57, MKL2, UTP15, TBP, TGIF2, NCBP1, EED, BUD31, MKL1, DDX54, ETV3, ETV7, CREB3, SFPQ, ELF2, DPPA4, ELF4, IRF4, EEF1D, IRF7, IRF8, IRF5, CREB5, TAF1L, RNF4, TROVE2, TAF1A, MXI1, ATOH8, ATF7IP, RBM39, CHURC1, TAF15, TAF12, EYA2, TAF13, TAF10, SSRP1, USF2, TBX19, USF1, MAPK13, TEF, TNIP2, TBX10, BRMS1L, CARM1, ERCC2, TAF7, TAF6, TAF5, TAF4, TAF1, ZNF177, ZNF175, ZNF174, GPATCH3, ELK1, BACH2, MYC, ZMIZ2, ZXDC, MYB, HOXA7, IER5, NFRKB, HOXA6, IER2, HOXA5, DDX17, TSPYL2, DAPK3, SOX13, MED9, SOX12, HCFC1, ZSCAN21, HOXB4, NUP98, HOXB1, VPS25, HOXB6, ASF1B, ZSCAN29, ZNF398, ZNF397, ZNF154, ZNF395, ZNF394, CTBP1, PRDM15, HIF1A, PRDM10, RAD21, ALX3, HOXC4, HOXC6, ZSCAN18, BTF3, ZNF143, ZNF383, ZNF140, SETD1B, SNAI3, NFATC3, IRF2BP1, IRF2BP2, TRIP4, NFATC1, ELL2, ELL3, SOX30, ZNF138, HOXD3, ZNF136, ZNF135, ZNF134, PHF3, SETD5, ZNF132, PHF2, BTG2, GMEB1, SETD3, ELL, TCF25, TGFB1I1, PHF1, TCF20, WDR43, ING2, SPIN1, CIC, JARID2, ZIK1, BRD3, HELLS, BATF2, AES, NCOR2, ZEB2, NCOR1, MTF1, ZNF358, ZNF593, ZNF350, NFIX, GPS2, SPTY2D1, BCLAF1, NSD1, PPP1R8, ZNF347, ZNF345, DEDD, ZNF586, ZNF101, ZNF343, ZNF341, ZNF583, WWOX, ZNF581, BRF1, PCGF5, GTF2H2, HIPK1, GTF2H4, GTF2H5, ZNF33B, ZNF33A, NFIA, NFIB, NFIC, FOSB, ZNF576, ZNF331, UBP1, YEATS4, AHR, BZW1, SALL2, ZFP30, ZNF326, SSX4, ZFP37, ZNF565, ZNF564, GTF2I, ZNF563, TLE4, ZNF562, ZNF561, TLE1, GTF3A, MITF, GTF2F2, MORF4L1, ILF3, ZNF318, ERF, ZNF558, ZNF557, ADNP, ZNF554, ZNF550, ZNF792, MAGEL2, ENY2, RLF, GTF2E1, GTF2E2, SCRT2, ZNF549, ZNF548, NDN, ZNF789, ZNF544, ZNF302, ZNF786, ZNF543, ZNF785, TRAPPC2, ZNF540, ZNF658B, CDK9, CNOT6, IRAK1BP1, CDK7, COPS5, CNOT7, BCL6, CNOT1, MAFG, MAFF, BCL3, CNOT3, ZFP64, PIR, LHX6, ZNF777, ZNF776, CNOT8, ZNF532, ZNF773, ZNF772, DIDO1, ZNF770, BMPR2, ZC3H8, LBH, SIN3A, DMRTB1, ZNF768, UBTF, ZNF525, ZNF524, ZNF766, HIF1AN, ZNF761, RFC1, EDF1, ZFP90, TFDP1, ZNF519, TFDP2, POLR1B, ZNF517, ZNF516, ZNF514, ZNF513, ZNF511, FOXD4L1, GTF2A1, NFAT5, SMARCD2, GTF2A2, CEBPB, HDAC3, CEBPD, HDAC1, WBP2, CEBPE, PLAG1, CEBPG, HDAC8, ABLIM3, RBBP4, POLR2B, RBBP5, POLR2D, POLR2E, POLR2G, ZNF502, ASCC2, ASCC3, RBBP7, POLR2H, POLR2I, POLR2K, POLR2L, ASCC1, IRX3, PNRC1, PML, KLF2, PNRC2, KLF1, KLF6, KLF5, POLR3A, POLR3B, POLR3C, POLR3E, ASXL2, KLF9, POLR3F, DRG1, POLR3G, MNDA, INSM1, BCOR, TCERG1, GFI1, PWP1, FERD3L, ZNF609, ZNF608, ZNF605, SAP130, DPF2, HABP4, SOX8, ZNF600, SOX6, SOX4, SP110, PTOV1, RUNX1, TFAM, HKR1, TSHZ3, RPAP1, NHLH1, TP53BP1, BANP, SETDB1, BCL11A, SS18L1, NMI, PARP14, TRERF1, STAG1, DMRTC1, ZNF813, RNPS1, RBAK, CC2D1B, ZCCHC12, HIP1, CITED4, NKAP, MEOX1, ZMYM2, C1QBP, ZMYM5, GABPA, TSC22D4, TSC22D1, PARP1, PPHLN1, PPRC1, CBFA2T2, NFX1, TFEC, WAC, VGLL4, SP100, MYCBP, ZNF2, ZNF3, ARNTL, TCEAL3, GPBP1L1, NFYA, DMRT1, NFYB, NFYC, GRHL1, BATF, HILS1, MARS, CTNNB1, TRIP11, TRIP13, ZNF354A, NEUROG3, ARID4A, NUCKS1, CHCHD3, PTTG1, LMO2, ARID5A, TBL1XR1, TIMELESS, FIZ1, DTX1, NLRP3, SUDS3, BPTF, SMAD2, CBX6, POU2F1, SMAD3, CBX4, CBX3, NONO, POU2F2, DNAJC17, SMAD7, NR4A2, BRWD1, ZSCAN2, NFKBIB, THRB, THRA, SNAPC5, SNAPC3, TRPS1, NFKBIZ, SCYL1, KLF10, KLF11, KLF12, KLF13, SAFB, ARID1A, RBL1, ITGB1BP1, ITGB3BP, LTF, LIN9, TFPT, FAM120B, MAPK1, ZNF189, TCFL5, ZNF286A, HES4, SPEN, TCF7L2, ZNF180, ARID3B, DEK, MEIS1, RGS12, SSBP3, SSBP4]
GO:0051260;protein homooligomerization;6.0;0.8933024483968273;0.7697715367885581;9.405380701177911;42.032160359171186;4.056761851073058;0.00140677858073304;0.5305833023127396;[KCNG1, CDA, CRTC2, TOR2A, DGKD, CRTC1, PRF1, PKD2L1, IKZF4, FGFRL1, GLS, PPAT, LONP1, GLUL, TGM2, GBP5, CPT1A, KCTD2, KCTD3, MIF, KCTD5, DISP1, KCTD7, KCTD10, CLPP, KCTD14, CHMP4B, CHMP4A, KCTD18, TP53, KCTD15, BLM, SHMT2, PEX11B, SLC1A2, ACACA, KCNV2, SPAST, RNF213, RIPK1, TP53BP1, ECT2, TRPM4, VASP, PRNP, TOR1A, PNPT1, CAV1, TNFRSF9, EIF2AK3, TOR1B, EHD3, EHD4, TMCC1, PAM, MUC20, B4GALT1, DPYS, CBY1, CD3G, TNFAIP1, PKD2, CLYBL, SLC6A4, ALAD, FLOT1, TK1, IKBKE, PDCD6IP, KCND1, FCER1G, RIPK3, VWF, GPX3, ARG1, PRMT1, DCXR, ATPIF1, TRAF2, SEPT4, ALDH5A1, CAT, ALDOA, ACPP, COLEC12, HM13, ITLN1, KCNA3, IGHMBP2, NLRC4, SAMHD1, HSD17B10, CRYZ, RXRA, PCBD1, FSD1, PCBD2, BID, LY6G6D, GBP1, POLQ, TAF10, SOD2, MCOLN1, PEX14, MARCKS, RAD51, P2RX4, IMPDH2, CTH, BAX, ATXN10, LY6G5C]
GO:1902600;proton transmembrane transport;8.0;0.7586651285174919;0.754332564258746;9.117698628726131;95.86613314633948;4.835431205071165;0.0032085532024895276;0.6222841766978864;[ATP5S, SLC25A3, STOML2, COX7B, COX15, COX4I1, HVCN1, ATP5J, ATP5I, ATP1A1, ATP5H, COX5B, ATP5O, COX6A1, CLCN3, COX7C, COX5A, ATP5L, NNT, UCP3, MFSD3, ATP6V0A2, COX11, ATP6V1H, CYC1, ATP6V0E2, SLC25A22, ATP6V1C1, COX10, ATP6V1F, SLC36A1, COX8A, ATP6V1G2, SLC15A2, NDUFA4, SLC11A2, ATP5F1, COX6B1, ATP5J2, COX7A2L, SLC9A6, NDUFS7, SLC9A8, ATP6V0C]
GO:0051085;chaperone cofactor-dependent protein refolding;5.0;1.0;0.7902410118609202;9.628524252492122;21.14140270213274;6.409777797693995;7.075837224132252E-4;0.618037346520142;[HSPA9, CD74, TOR2A, TOR1A, HSPA6, DNAJB12, DNAJB14, HSPE1, TOR1B, HSPA14, GAK, DNAJB1, HSPH1, DNAJC7, DNAJB5, DNAJB4, BAG1]
GO:0007166;cell surface receptor signaling pathway;5.0;0.43360584258713153;0.507043933154486;5.906854975555195;23.17027026302992;2.006850423521684;7.75488093814194E-4;0.39287143584790796;[CYFIP2, NCKAP1, VPS29, CDA, MAML1, WIPF2, CLEC10A, IFT172, ITSN1, KIAA0141, RBPJ, F11R, FGFRL1, NDST1, NSDHL, GNAT2, MYC, AKT2, STMN1, ZC3H12A, GPR171, HOMER3, VPS35, CMKLR1, HES6, MEF2C, CSNK2A1, DAPK1, PRKCE, PRKCD, CSNK2A2, RC3H1, PRKCA, FRS3, RC3H2, DKK3, BCR, CLDN5, DDIT4, PSME2, TXNIP, PRKD2, RBCK1, VPS26A, GATA3, PLA2G6, HIF1A, PRKCZ, IL22RA2, MTDH, PPP3R1, KLRK1, PDGFD, PLCG2, NCKAP1L, HLA-DQA1, SULT1A3, FZD1, ABCA1, WNT10B, CREBBP, WNT10A, HLA-DRB5, FZD3, JAG1, HLA-DRB4, SIVA1, FZD5, TSLP, HOMER2, FZD6, EIF2AK3, NFATC3, NFATC1, ABCA7, GP6, SETX, MLLT11, CYLD, MOV10, COL1A2, GRIN3A, TNFSF4, TNFSF8, STRN, HOXD3, HLA-DRB3, HLA-DRB1, CPEB4, ARF4, CDKN1A, ARF1, SIGLEC9, CDKN1B, TGFB1I1, ARPC1A, MED12, CASP10, TRIM5, TMSB4X, SPIN1, CTLA4, TIMP1, JAK3, PF4V1, HLA-DPA1, APPL1, ANXA1, ANXA2, GPR34, GPR35, RIPK2, ROM1, SIRT1, SIRT2, AES, DDB1, ITPKB, PLCB3, RAPGEF1, PLCB1, PLCB2, HBEGF, HLA-DQB1, LRRC15, NOTCH2NL, PTGS2, FSTL1, EGFR, NRAS, RNF138, ALOX5, AP2S1, GCNT2, STAT4, LEO1, CCL19, STX3, BID, IL12RB1, DEDD, IL12RB2, P2RY12, WWOX, P2RY10, CCL23, CCL20, CSNK1A1, STAT1, USP9Y, STAT2, WDR19, G0S2, WNT7A, HIPK1, WDR12, SULF2, CENPJ, CLCF1, HLA-DPB1, PLP1, PLP2, LGR4, LIMS1, DGKD, CSF3R, NCF1, NCF2, PDCD6, UBE2D3, ITGA2B, NCF4, IRS4, IL5RA, F13A1, SLA, RORA, IRS2, IL1RAP, CTGF, FGF6, STK11, FNTA, ADORA3, GRAP2, CFL1, LEPR, GRB10, PLXNC1, LZTS2, TNFRSF4, TLE4, IFNAR2, SEMA6B, FBXW4, LAG3, SEMA6A, TLE1, CISH, CTNNBIP1, AIP, MITF, TICAM1, GTF2F2, DISP1, RBX1, CLEC4C, SLC9A6, MADD, FSCN1, TNIK, CLEC4E, CSNK1G2, CSNK1G1, LY6E, KHDRBS1, CD151, SHC1, NOTCH4, CUL1, LY96, CORO1A, HSP90B1, RAP1B, SOCS2, BAG4, RAP1A, SOCS1, BAG3, BAG1, ABL1, DVL3, NDN, PLXNA1, CD300LF, SOCS4, SOCS5, MCL1, PLXNA3, EIF2B4, EIF2B3, GOT1, BTN2A2, BTN2A1, BDNF, CD160, TNFRSF9, TNFRSF10B, TNFRSF10A, ARPC4, NFKB1, BCL9, CXCL10, CXCL11, DAB2, ARPC2, BCL6, PTPRA, NF1, HLA-DRA, XAF1, MAP3K14, BCL2L1, ITGB1, CIITA, BMPR2, HSP90AB1, ITGAM, ITGB5, ITGB4, ITGB3, TRADD, ITGB2, PTEN, PTPN22, FASLG, ITGAE, ARRB2, PIK3C2A, PTBP1, FCGR3A, CLEC1A, ADAMTS1, MDK, ITGAX, NCK2, ITGAV, CLEC1B, ACTR2, CR2, CR1, ITGA3, ITGA2, TNFRSF18, ITGA1, NRG1, TRAF2, TIRAP, DUSP22, ADORA2A, ITGAD, ADORA2B, TRAF6, IL3RA, LCP2, SNRPA1, LCP1, ITGA5, DAGLB, MET, BIRC2, TNFRSF21, BIRC3, RNF31, SEMA3C, CEBPD, ROCK2, SRC, NOD1, IL2RG, LRP8, TSPAN33, P2RY8, CDC42, PARD6A, CCL8, CCL7, ARL13B, POLR2B, CCL5, P2RY2, P2RY1, POLR2D, IL21R, POLR2E, CCL3, CCL2, POLR2G, CSK, POLR2H, POLR2I, SH2B2, POLR2K, POLR2L, SEMA4A, ANGPT1, SEMA4D, SEMA4B, PTPN11, PTPN12, SEMA4G, BAIAP2, PML, P2RX7, TNRC6C, KLF6, P2RX5, TSPAN14, P2RX4, MYO1C, FCGR2A, KIAA0586, IL2RA, TSPAN18, TSPAN17, IL2RB, CCM2, MNDA, PTPN6, P4HB, TRIM38, FCGR2B, CLEC2D, TNRC6A, SPG21, TNRC6B, MYO1G, IFITM3, APP, OXTR, VIPR1, IFITM1, IL1RN, TNFRSF6B, PITPNA, ICAM2, PKD2L1, C21orf2, IFI35, IFIT1, IFIT3, IL27RA, IFIT2, TIAL1, RPS6KA4, BAIAP2L2, MT2A, RPS6KA5, RASSF2, BSG, TNFSF10, TRIM25, IL12A, CPNE3, BTRC, B2M, TRIM21, EPHB4, PDK2, SOX4, ICOSLG, TRIM22, IL15RA, HLA-H, ATP6V1G2, RSAD2, ACSL1, FLT3LG, HLA-C, TALDO1, HLA-A, MIF, CSNK1E, HLA-F, RUNX2, TIAM1, SFRP1, TWSG1, SFRP2, KARS, CCNY, IL23A, BOLA2, BTK, EPHA1, TLN1, PFN1, TP53, STX1A, MACF1, SDC2, SH2D2A, EBI3, TGFA, RTF1, APCDD1, KALRN, CRHR1, SGPL1, TSPAN9, INPP5D, TSPAN7, TSPAN4, ATP6V0A2, TSPAN5, TSPAN2, TSPAN3, CCR10, PAG1, ATP6V1C1, BBS2, XCR1, TNFSF14, RCC2, INSR, GDF1, PILRB, PILRA, PPBP, NMI, BST2, SDC1, CALM1, CD24, DDR1, ZCCHC12, CD40, NKAP, IL27, AP2A1, CD3G, WASL, PTPRK, TNFRSF13C, SPPL3, AP2A2, PPP3CB, SUFU, CCR9, FCER1A, CD37, BBS7, HRAS, CCR4, BBS4, CCR2, IL10, EDN1, FCER1G, CAMLG, TNFRSF12A, SYK, BTN3A1, PARP1, PARP2, IL15, PRMT1, NOG, GP1BA, IL16, PDCD1LG2, BTN3A2, TYK2, GAB2, KREMEN2, GFRA2, VAV1, MTSS1, RHOA, VAV2, IL17RA, HCK, NCR3, CEACAM1, KIT, TAX1BP3, RHOU, TLR4, ATP6V0C, CD44, FOXC2, CD63, FOXC1, SP100, WAS, IFI6, NEDD9, PRICKLE1, LILRA1, CXCR6, LILRA2, AKAP2, RELA, PAK1, PERP, CXCR3, GPC2, MSX1, DISC1, ATP6V0E2, GPC6, RELT, PAK2, MPZL1, MAP3K3, CD74, MAP3K1, CD70, RYK, GDF15, VEGFB, MYO9B, SORBS2, LILRB2, AP2B1, CSHL1, LILRB3, LYVE1, MIB1, BATF, ITCH, AXL, CTNNB1, MEGF8, CD86, GALNT11, SCARB1, NDUFA13, PLVAP, CD80, MPL, CIB1, CELSR3, IGF1R, CCND1, NPPA, EP300, IL6R, PDGFRB, CD97, IL4R, WNT5B, FBXW11, ADAM10, TSC2, OSCAR, DOK2, CD8B, ADAM15, CCNE1, CD8A, COL4A3, ELMO1, KLRF1, ELMO2, PPIA, CARD11, CCL3L1, KLRB1, DIABLO, NPR2, TCF7, SEL1L, PSEN2, LTBP4, DTX1, DTX2, KLHL12, PSEN1, KIR2DL1, DTX3, NDRG2, ADIPOR1, ADIPOR2, EFNA4, AGER, LTBP1, CSF2RA, RASGRP4, PLD2, NCKIPSD, FUT8, GRK5, GRK6, ATP6V1H, NPHP3, RIPK1, KLRC1, MARK2, ATP6V1F, FAM83A, SMAD2, HSPA9, STIL, POU2F1, SMAD3, UBE2B, CAV2, TGFB3, PTCH1, IFT122, MSN, ISG15, BTNL3, BMP6, SMAD7, VIL1, NFKBIA, NR4A2, ISG20, IL4, EFNA1, AHI1, IL6, BMP2, FER, FES, IL7, GNAQ, FGF18, KLRD1, BRWD1, IL7R, MUC20, CXCL6, TTC26, CXCL9, EDA, LDB1, CHD8, USP34, ADAR, CXCL5, OASL, CASP9, GRM2, SPRED1, CA1, CASP8, CASP3, NUP62, NFKBIZ, PDE4B, CASP1, CASP2, IFT57, DACT1, KLF10, MKKS, JAGN1, TGIF2, NCBP1, PLAUR, ARHGEF19, IRAK4, SENP2, YWHAZ, SEPT2, TGFBR1, DCN, TGFBR3, ZAP70, AIM2, OAS1, IFNG, IRF4, OAS2, OAS3, IRF7, MYH9, IRF8, IRF5, ITGB1BP1, LTB, LAMA5, STOML2, CAMK2D, RALA, CLEC12B, SAMHD1, ACVR1B, TROVE2, CLN3, GNG2, MKNK2, REPS2, PTK2B, MAPK1, NCAM1, GBP2, GBP1, MAPK4, HES4, KLRG1, SPEN, TCF7L2, GALNT3, EYA2, EGF, NOS3, BAD, MX2, MX1, LIMK1, SOD2, SHCBP1, TSHR, SOD1, POMC, CD4, TNIP2, CD9, BAX, KRAS, TEK, LTBR]
GO:0006853;carnitine shuttle;11.0;1.0;0.9324289523296623;9.628524252492122;360.1106399154393;7.697632086000634;0.01205257903943479;0.8260862151842345;[CPT1A, CPT2, MID1IP1, SLC25A20, CPT1B, ACACA]
GO:0008535;respiratory chain complex IV assembly;7.0;0.8933024483968273;0.7975705894556142;9.427853557029971;46.462977158014716;6.599019797332524;0.0015550740315141028;0.6883935445785896;[COX19, SCO1, COX15, SCO2, FASTKD3, COX17, COX11, BCS1L, COX10]
GO:0006357;regulation of transcription by RNA polymerase II;10.0;0.43649654099988644;0.6334892823608635;7.109131426632953;248.56913769389934;1.8913682364374496;0.008319385340914571;0.5119656714299493;[ATF2, PID1, ZNF292, EHMT2, EHMT1, RBPJ, NOC2L, ZC3H12A, PKNOX1, ZNF18, WDHD1, HES6, MEF2C, MEF2B, ZNF282, RFX2, RFX3, ZNF10, RFX1, ZNF12, DICER1, ZNF14, RC3H2, EID1, EID2, RFX4, TXNIP, ATF5, CLOCK, ATF3, ATF4, ZNF276, ZNF28, ZNF274, MEPCE, SHOX2, ZNF20, ZNF23, GATA3, ZNF24, ZNF25, GATA1, HSPH1, HESX1, GTF2IRD2B, ZBTB7A, PPARGC1B, TOE1, ZNF264, HEXIM2, ABCA2, CREBBP, ZNF263, JAG1, JUP, ZNF260, PBX3, ERLIN2, PBX4, SNF8, ZNF35, FLI1, PBX1, NR2F6, SETX, MLLT10, PKIA, ZNF30, PKIG, EZH2, ZNF254, ARF4, ZNF250, ZNF491, MED19, HOXC13, ZNF45, TFCP2L1, MED16, HOXC10, MED18, MED12, MECP2, MED11, NIPBL, MED10, ZNF248, ZNF485, ZNF484, RIPK2, ACTL6A, SIRT7, SIRT1, SIRT2, PLSCR1, MED20, CKS2, ZNF236, ZNF234, PPARD, CRB2, ZNF230, ZNF471, NOC4L, ZNF69, FSTL1, EGFR, FSTL3, RECQL5, STAT4, LEO1, PLAGL2, ZNF226, ZNF467, ZNF222, CENPT, ZNF462, EGLN2, STAT1, USP9Y, MCRS1, STAT2, ATAD2, ZNF76, WNT7A, ZNF77, ZNF79, GATAD2A, PSMC6, PSMC3, PSMC1, ZNF74, ZNF699, AGRN, ZNF213, ZNF696, MIXL1, ZNF212, GZF1, ZNF451, ZNF692, CCNT2, ZNF691, CCNT1, ZBTB25, UBE2D3, ATN1, ZBTB20, RORA, ZBTB22, YY1, RUVBL2, STK16, SESN2, RUVBL1, NFATC2IP, KPNA6, ZNF446, ZNF687, ZNF444, ZNF202, ZNF200, ZNF442, ZNF684, ZNF441, ZNF683, ZBTB39, ZNF680, FBXW7, CTNNBIP1, ZBTB32, SARS, PIAS2, FOXP1, RBX1, MAF, ZNF438, ZNF436, ZNF432, ZNF431, DLX2, MAX, CREBL2, NPAS3, BCL2L12, MED30, ZNF429, ZKSCAN3, SMYD2, ZKSCAN2, ZKSCAN5, ZNF667, ZKSCAN4, ZNF664, ZKSCAN1, ZBTB17, DR1, ZBTB16, RFXANK, NFKB1, NFKB2, DRAP1, CXCL10, TFCP2, SP1, SP4, SP3, ZNF417, ZNF658, NFE2L3, MDM2, ZNF416, SP6, ZNF415, ZNF655, MNAT1, ZNF654, OGT, ZNF410, NFE2L1, ZNF652, ZNF512B, CIITA, ONECUT2, NUMA1, ARRB1, FASLG, FOXM1, ZNF408, ZNF407, ZNF649, NCK2, ZNF646, ZNF644, NEO1, ZNF641, NKX3-1, PPP1R12A, PEG3, ITGA3, ATRX, ARNT, NRG1, LCOR, MET, UHRF1, SRF, ZBTB48, ZBTB43, MLLT1, ZBTB45, CXXC5, MLLT3, LRP8, ZBTB40, IFI16, E2F1, SAP18, E2F2, ZNF623, ZNF622, ZNF621, E2F6, E2F7, E2F8, TBX1, CNBP, FOXJ2, CDC5L, ZNF616, TRIM37, ZNF611, TRIM33, SMARCAL1, CCNK, CCNH, IKZF1, IKZF2, IKZF3, IKZF4, UXT, EPC1, EPC2, TRIM27, ATXN7L3, ZFP1, THAP1, THAP6, SFRP1, SFRP2, THAP7, TRIB3, TP53, ZNF324B, PAXIP1, DHX9, EPAS1, FOXG1, TGFA, RTF1, ZBTB5, ZNF707, MIER2, HLTF, HIVEP1, ZBED1, ZNF701, HIVEP2, XBP1, XRCC6, EGR2, EAF2, MICAL2, MED13L, MC1R, ID2, RCOR3, CD40, SUV39H1, OTUD7B, BRCA1, AATF, PCSK6, PPP3CB, HYAL2, SUFU, MLX, BBS7, IL10, ZHX2, ZHX3, NCOA6, ZFX, SUPT3H, SREBF2, TOX4, NR5A1, GAL, KIT, NCOA7, FOXC2, FOXC1, SATB1, SATB2, NEDD8, RELA, MNT, ZFP14, RXRA, NFIL3, EXOSC9, MSX1, ZNF585A, PER2, MAD2L2, PER1, GFI1B, TFAP4, TTC5, NEDD4, KIAA1958, TARDBP, CRTC2, PRDM4, CRTC1, FHOD1, PRDM5, UBE3A, PRDM2, PRDM1, NR3C1, TTF1, ETS2, ZNF80, CCND1, ZNF83, WWC3, EP300, EOMES, SLC30A9, SSU72, BRMS1, ZNF93, PSPC1, CCNE1, PPID, HOMEZ, PSMD10, TCF7, PSEN1, HIGD1A, SUPT6H, RAI1, DEAF1, CAMTA1, CYTL1, MSC, TFAP2A, UBE2I, AUTS2, CAV1, PHF12, NFXL1, BMP6, IL4, AHI1, IL6, BMP2, CCPG1, PHF14, UBE2O, TCF4, LDB1, CHD8, CHD7, HMGB2, DDX41, LDB2, CHD3, CHD1, GATAD1, LRRFIP1, DACT1, MKL2, TBP, RBM15, TGIF2, EED, DDX58, BUD31, MKL1, ETV3, ETV7, CREB3, SFPQ, ELF2, SETBP1, ELF4, IRF4, IRF7, IRF8, IRF5, EAPP, CREB5, TAF1L, ACVR1B, RNF4, AURKB, MXI1, ATOH8, MTA2, CRYM, MTA3, ATF7IP, TAF13, ATP2B4, SSRP1, SOD2, USF2, TBX19, USF1, TNIP1, TEF, TNIP2, TNIP3, TBX10, BRMS1L, CARM1, ERCC2, TAF7, QRICH1, TAF4, TAF1, ZNF177, ZNF175, ZNF174, MAML1, ELK1, BACH2, MYC, ZMIZ2, ZXDC, MYB, HOXA7, IER5, HOXA6, IER2, CDK5RAP3, HOXA5, RNF111, DDX17, SOX13, MED9, SOX12, HCFC2, MED6, HCFC1, ZSCAN21, HOXB4, PRKD2, NUP98, HOXB1, HOXB6, ZSCAN29, ZNF398, ZNF397, ZNF154, ZNF395, ZNF394, CTBP1, PRDM15, HIF1A, PRDM10, MTDH, PLAC8, PPP3R1, RAD21, ALX3, HOXC4, HOXC6, ZSCAN18, FZD1, ZNF143, WNT10B, PLK3, ZNF383, ZNF140, FZD5, SNAI3, PLK1, NFATC3, NFATC1, NR1D2, ELL3, SOX30, TNFSF8, ZNF138, HOXD3, ZNF136, PAM, ZNF135, ZNF134, ZNF132, BTG2, CDKN1A, GMEB1, SETD3, ELL, TCF25, TCF20, GLI4, RBPMS2, CIC, JARID2, TEAD2, HAVCR2, ZIK1, BRD3, BATF2, HSBP1, TMEM173, TERF1, TERF2, GNL3, AES, NCOR2, ZEB2, NCOR1, MTF1, MTF2, RARA, ZNF358, RNF165, ZNF593, ZNF350, NFIX, GPS2, NSD1, UBN1, ZNF347, ZNF589, MBNL3, ZNF345, ZNF586, ZNF101, ZNF343, ZNF341, ZNF583, WWOX, CDKN2B, ZNF581, PCGF5, NR1H2, NR1H3, GTF2H2, ELP4, GTF2H4, ZNF33B, ZNF33A, ZNFX1, NFIA, NFIB, NFIC, FOSB, ZNF576, ZNF331, ANKRD33, UBP1, YEATS4, PARK7, AHR, DACH1, SALL2, ZFP30, HMGN3, ZFP37, ZNF565, ZNF564, GTF2I, ZNF563, TLE4, ZNF562, ZNF561, TLE1, USP2, GTF3A, MITF, LEMD3, GTF2F2, ARMCX3, DGKQ, ERF, ZNF558, ZNF557, ADNP, ZNF554, ZNF550, ZNF792, ENY2, INSIG1, NOTCH4, CUL2, RLF, GTF2E1, SCRT2, BAG3, TPR, ZNF549, ZNF548, ABL1, NDN, ZNF789, ZNF544, ZNF302, ZNF786, ZNF543, ZNF785, MAP2K5, WDTC1, ESRRA, ZNF540, WFS1, CDK9, BCL9, CDK8, CDK7, COPS5, CNOT7, YEATS2, BCL6, CNOT1, MAFG, MAFF, BCL3, CDK2, ZFP64, LHX6, ZNF777, ZNF776, ZNF532, ZNF772, ZNF770, BMPR2, ZC3H3, ZC3H8, SIN3A, DMRTB1, ZNF768, UBTF, ZNF525, ZNF524, ZNF766, HIF1AN, RFC1, DNMT3A, ZFP91, ZFP90, DUSP22, DNAJC1, TFDP1, ZNF519, TFDP2, CTDSP1, TRAF6, ZNF517, ZNF516, ZNF514, ZNF513, ZNF511, FOXD4L1, NFAT5, SMARCD1, SMARCD2, GTF2A2, CEBPB, HDAC3, CEBPD, HDAC1, WBP2, CEBPE, PLAG1, CEBPG, HDAC8, DNAJB1, ABLIM3, DNAJB5, DNAJB4, P2RY1, ZNF502, RBBP7, IRX1, SMARCE1, SEMA4D, IRX3, FBXL15, PML, KLF2, KLF1, KLF6, KLF5, ASXL2, KLF9, INSM1, BCOR, PFKM, TCERG1, APP, GFI1, FERD3L, TIAL1, RPS6KA4, RPS6KA3, ZNF609, RPS6KA5, ZNF608, ZNF605, SAP130, CHEK1, DPF2, SOX8, ZNF600, SOX6, SOX4, SP110, SLC11A1, IFRD1, BOLA1, FLT3LG, RUNX2, RUNX1, TWSG1, CARHSP1, IL23A, BOLA3, BOLA2, ANKRA2, PFN1, BLZF1, HKR1, BEX1, TSHZ3, MAGED1, NHLH1, SCAP, TP53BP1, BCL11A, SS18L1, GDF1, TRERF1, STAG1, DMRTC1, ZNF813, RBAK, CC2D1B, TOP2A, ZCCHC12, AHCTF1, CITED4, NKAP, MEOX1, EPM2AIP1, ZMYM1, ZMYM2, ZMYM3, C1QBP, ZMYM5, HRAS, GABPA, TSC22D4, HBZ, EDN1, TSC22D1, PARP1, TSC22D3, TSC22D2, NOG, PPRC1, PARP9, CBFA2T2, RHOA, NFX1, TFEC, TLR9, TLR4, SP100, ZNF2, ZNF3, TRAK1, ARNTL, TCEAL3, PURG, NFYA, DMRT1, GDF15, NFYB, NFYC, GRHL1, SORBS3, BATF, CTNNB1, F2RL1, CAMK1, MEGF8, ZNF354A, NEUROG3, ARID4A, NUCKS1, CHCHD3, PTTG1, LMO2, ARID5A, PRPF6, TBL1XR1, TIMELESS, FIZ1, NLRP3, RIPK1, SUDS3, BPTF, SMAD2, CBX6, POU2F1, CBX5, SMAD3, CBX4, TGFB3, NONO, PTCH1, POU2F2, DNAJC17, SMAD7, NFKBIA, NR4A2, EFNA1, CAPRIN2, BRWD1, ZSCAN2, BRWD3, THRB, THRA, PKD2, FLCN, TRPS1, NFKBIZ, HIST1H1D, HIST1H1C, KLF10, KLF11, KLF12, KLF13, H2AFY, H2AFZ, SENP2, SAFB, ARID1A, DCN, TGFBR3, RBL1, IFNG, THRAP3, ITGB1BP1, MCPH1, CAMK2D, MOSPD1, LIN9, NR2C2, NR2C1, MAPK7, ZNF189, TCFL5, ZNF286A, HES4, SNCA, SPEN, TCF7L2, ZNF180, ARID3B, DEK, POMC, MEIS1, SSBP3, SSBP4]
GO:0030855;epithelial cell differentiation;4.0;0.5489353771682173;0.5244676885841086;6.961296045910167;21.066225782797595;4.034070439870987;7.050676185779127E-4;0.45630254989846264;[ACADVL, CLIC4, BMPR2, THRB, THRA, TGFB1I1, BCCIP, RBPJ, LGALS3, LBH, CDH2, CASP6, BASP1, CASP3, AKT2, ANXA7, TGM3, HOXA5, SOX4, CTSB, GSTK1, CBR1, CPT1A, MAP2K1, MEF2C, ANXA1, ITGA2, PIH1D1, RFX3, NRG1, EDF1, CBFA2T2, LCE1F, MTSS1, RHOA, MAF, TST, RARA, FAM20C, TXNIP, ALDOC, TAGLN2, VDAC1, CES1, LAMA5, FOXC2, CSTA, TAGLN, CEBPB, PCNA, TSG101, HDAC1, GATA3, STK4, HIF1A, CNN3, SAV1, CDC42, FZR1, PPP3R1, RXRA, PSAP, ABL1, E2F7, E2F8, PCK2, TBX1, FZD1, ST14, JAG1, SMAD3, DMRT1, TAF10, PTCH1, AKR1C3, MSN, TDRD7, KRT10, KLF2, VIL1, SULT1B1, BMP2, DAB2, DHRS9, NFIB, DLG5, ID2, ERCC2, CTNNB1, CCM2, TPP1, INSM1, CD24, SPRR1A, NEUROG3]
GO:0001676;long-chain fatty acid metabolic process;8.0;0.6835726970475526;0.7167863485237763;8.866384200445225;93.73125239075797;5.049685808968129;0.0031371006648681556;0.6332411671050352;[HSD17B4, ALOX12, PTGS2, LTC4S, PTGS1, ALOX5, PTGDS, ABCD1, FADS1, CYP2J2, GSTM4, ELOVL1, CBR1, ACOT8, GSTM2, CPT1A, ACOT7, ELOVL5, PTGES2, ACSL1, PLA2G4B, PLA2G4C, ACAD9, ELOVL3, ACOT11, CYP4F3, ACSL6, AKR1C3, FAAH2, ACSL5, ELOVL6, ACSL4, ACSL3, AIG1, QKI, ACOX1, ACOT2, PLP1, SLC27A6, ACSBG1, CYP2E1, DAGLB, SLC27A2, PAM, ACOT4, MGLL, SLC27A5, PTGES]
GO:0101030;tRNA-guanine transglycosylation;11.0;1.0;0.9324289523296623;9.628524252492122;494.2905152992185;8.67846133901236;0.01654345871448205;0.8762458687964789;[QTRT1, C9orf64]
