;GO:0006281;GO:0036498;GO:0030031;GO:0045766;GO:0008589;GO:0050796;GO:0050672;GO:0000186;GO:0000184;GO:0045892;GO:0001701;GO:0045893;GO:0000060;GO:0032201;GO:0032204;GO:0007268;GO:0042267;GO:0046621;GO:0071361;GO:0032438;GO:0045540;GO:0071243;GO:0033522;GO:0034058;GO:0043923;GO:0006260;GO:1900034;GO:0008203;GO:0043123;GO:0097192;GO:0000398;GO:0042832;GO:0002223;GO:0000045;GO:0000165;GO:0007229;GO:0048384;GO:0048147;GO:2000134;GO:0032782;GO:0033194;GO:0070979;GO:1904761;GO:0006397;GO:0000294;GO:0001933;GO:0030595;GO:2001235;GO:0007050;GO:0008380;GO:0061418;GO:0051292;GO:0043666;GO:0060687;GO:0043547;GO:0032922;GO:0051289;GO:0018076;GO:0051607;GO:0016573;GO:0019048;GO:0032007;GO:0010591;GO:0032481;GO:1901796;GO:0000422;GO:0006656;GO:0006406;GO:0051058;GO:0015918;GO:2001016;GO:0071447;GO:0015914;GO:0050767;GO:0008360;GO:0045747;GO:1904837;GO:1904828;GO:0050770;GO:0032465;GO:0034644;GO:0100057;GO:0051865;GO:0090403;GO:1903077;GO:0070936;GO:2000074;GO:0007169;GO:0045994;GO:0007288;GO:0046604;GO:0045637;GO:0006513;GO:0006995;GO:0006511;GO:0071222;GO:0071347;GO:0031124;GO:0070498;GO:0015031;GO:0008064;GO:1901985;GO:0060528;GO:0090050;GO:0032968;GO:0001666;GO:0035556;GO:0000902;GO:0006699;GO:0045141;GO:0051497;GO:0006449;GO:0015711;GO:0051017;GO:0033128;GO:0033364;GO:0008285;GO:1905564;GO:0042795;GO:1901522;GO:0042796;GO:0045944;GO:0045945;GO:0043401;GO:0006301;GO:0001893;GO:0006417;GO:0051026;GO:2000778;GO:0001649;GO:0034446;GO:0051028;GO:0016236;GO:2000772;GO:0016358;GO:2000773;GO:0008298;GO:0043536;GO:0080009;GO:0097352;GO:1903828;GO:0010923;GO:0035360;GO:0055012;GO:0042176;GO:0006366;GO:0046777;GO:0006367;GO:0006368;GO:0032526;GO:0000381;GO:0035357;GO:0072703;GO:1904780;GO:0090263;GO:0007221;GO:0042742;GO:0043951;GO:1900745;GO:0010508;GO:0010629;GO:0043161;GO:0070193;GO:0007219;GO:0071044;GO:0070076;GO:0032510;GO:0018105;GO:0030213;GO:0030336;GO:2000323;GO:0061158;GO:0006344;GO:0042753;GO:0000122;GO:0032869;GO:0060070;GO:0035335;GO:0031532;GO:0015721;GO:0035331;GO:0042769;GO:0006351;GO:0031098;GO:1904685;GO:0006470;GO:0045599;GO:0000245;GO:1904209;GO:0006357;GO:0000132;GO:0010845;GO:0043066;GO:0043065;GO:0071864;GO:0034115;GO:0070534
GO:0006281;1.0;0.5333333333333333;0.15384615384615385;0.0;0.0;0.0;0.0;0.0;0.631578947368421;0.0;0.0;0.0;0.0;0.8235294117647058;0.0;0.25;0.4;0.0;0.4;0.26666666666666666;0.0;0.46153846153846156;0.2;0.125;0.0;0.875;0.0;0.5333333333333333;0.0;0.25;0.4;0.4;0.2;0.26666666666666666;0.2222222222222222;0.26666666666666666;0.26666666666666666;0.0;0.0;0.0;0.46153846153846156;0.5;0.0;0.47058823529411764;0.631578947368421;0.0;0.26666666666666666;0.0;0.26666666666666666;0.47058823529411764;0.38095238095238093;0.13333333333333333;0.0;0.0;0.0;0.0;0.125;0.42105263157894735;0.4;0.2;0.0;0.0;0.0;0.0;0.0;0.4;0.35294117647058826;0.0;0.0;0.0;0.0;0.5714285714285714;0.0;0.0;0.0;0.0;0.14285714285714285;0.0;0.0;0.0;0.375;0.4;0.5263157894736842;0.5333333333333333;0.0;0.5;0.0;0.25;0.0;0.23529411764705882;0.0;0.0;0.5263157894736842;0.5;0.5882352941176471;0.26666666666666666;0.4;0.4444444444444444;0.25;0.0;0.2222222222222222;0.0;0.125;0.0;0.0;0.42857142857142855;0.2857142857142857;0.15384615384615385;0.47058823529411764;0.25;0.0;0.0;0.0;0.26666666666666666;0.0;0.26666666666666666;0.0;0.0;0.38095238095238093;0.0;0.38095238095238093;0.0;0.0;0.26666666666666666;0.9411764705882353;0.0;0.0;0.3076923076923077;0.0;0.15384615384615385;0.26666666666666666;0.0;0.42857142857142855;0.0;0.26666666666666666;0.0;0.0;0.0;0.5555555555555556;0.2857142857142857;0.0;0.0;0.0;0.125;0.0;0.42105263157894735;0.5882352941176471;0.6666666666666666;0.6666666666666666;0.2857142857142857;0.0;0.26666666666666666;0.42857142857142855;0.0;0.0;0.0;0.4;0.0;0.0;0.0;0.0;0.5555555555555556;0.2857142857142857;0.26666666666666666;0.631578947368421;0.21052631578947367;0.0;0.5555555555555556;0.35294117647058826;0.0;0.0;0.0;0.2857142857142857;0.0;0.0;0.35294117647058826;0.23529411764705882;0.5882352941176471;0.26666666666666666;0.0;0.0;0.7142857142857143;0.4444444444444444;0.5333333333333333;0.0;0.625;0.0;0.25;0.0;0.0;0.23529411764705882;0.0;0.0;0.0;0.0;0.0;0.5
GO:0036498;0.5333333333333333;1.0;0.16666666666666666;0.13333333333333333;0.14285714285714285;0.47058823529411764;0.125;0.09523809523809523;0.2222222222222222;0.1111111111111111;0.0;0.1111111111111111;0.0;0.125;0.13333333333333333;0.13333333333333333;0.14285714285714285;0.14285714285714285;0.42857142857142855;0.14285714285714285;0.11764705882352941;0.5;0.10526315789473684;0.13333333333333333;0.10526315789473684;0.26666666666666666;0.5714285714285714;0.0;0.125;0.13333333333333333;0.10526315789473684;0.42857142857142855;0.10526315789473684;0.14285714285714285;0.11764705882352941;0.14285714285714285;0.14285714285714285;0.5714285714285714;0.47058823529411764;0.0;0.5;0.21052631578947367;0.5714285714285714;0.125;0.2222222222222222;0.47058823529411764;0.14285714285714285;0.125;0.14285714285714285;0.125;0.1;0.14285714285714285;0.11764705882352941;0.14285714285714285;0.14285714285714285;0.14285714285714285;0.13333333333333333;0.1111111111111111;0.14285714285714285;0.10526315789473684;0.0;0.125;0.125;0.14285714285714285;0.13333333333333333;0.2857142857142857;0.125;0.0;0.125;0.0;0.47058823529411764;0.6153846153846154;0.0;0.14285714285714285;0.14285714285714285;0.13333333333333333;0.15384615384615385;0.5333333333333333;0.11764705882352941;0.5714285714285714;0.4;0.10526315789473684;0.2222222222222222;0.14285714285714285;0.125;0.21052631578947367;0.5714285714285714;0.13333333333333333;0.4444444444444444;0.125;0.4444444444444444;0.5714285714285714;0.2222222222222222;0.5333333333333333;0.125;0.14285714285714285;0.42857142857142855;0.11764705882352941;0.13333333333333333;0.0;0.23529411764705882;0.47058823529411764;0.13333333333333333;0.10526315789473684;0.1;0.46153846153846156;0.15384615384615385;0.16666666666666666;0.125;0.13333333333333333;0.42105263157894735;0.5;0.0;0.14285714285714285;0.4444444444444444;0.14285714285714285;0.6153846153846154;0.5;0.1;0.1;0.1;0.10526315789473684;0.10526315789473684;0.14285714285714285;0.5;0.0;0.5333333333333333;0.16666666666666666;0.1111111111111111;0.16666666666666666;0.14285714285714285;0.0;0.3076923076923077;0.5714285714285714;0.14285714285714285;0.13333333333333333;0.0;0.1111111111111111;0.11764705882352941;0.15384615384615385;0.14285714285714285;0.11764705882352941;0.13333333333333333;0.13333333333333333;0.14285714285714285;0.1111111111111111;0.25;0.11764705882352941;0.11764705882352941;0.3076923076923077;0.1111111111111111;0.14285714285714285;0.46153846153846156;0.13333333333333333;0.125;0.1;0.42857142857142855;0.125;0.4;0.5333333333333333;0.14285714285714285;0.11764705882352941;0.3076923076923077;0.14285714285714285;0.1111111111111111;0.1111111111111111;0.0;0.23529411764705882;0.25;0.13333333333333333;0.125;0.42105263157894735;0.15384615384615385;0.16666666666666666;0.10526315789473684;0.375;0.125;0.25;0.2857142857142857;0.0;0.125;0.6153846153846154;0.11764705882352941;0.14285714285714285;0.10526315789473684;0.26666666666666666;0.5714285714285714;0.13333333333333333;0.10526315789473684;0.1111111111111111;0.125;0.1111111111111111;0.5333333333333333;0.5333333333333333;0.5714285714285714;0.125;0.21052631578947367
GO:0030031;0.15384615384615385;0.16666666666666666;1.0;0.0;0.0;0.0;0.0;0.0;0.125;0.0;0.0;0.0;0.0;0.14285714285714285;0.0;0.15384615384615385;0.0;0.0;0.16666666666666666;0.16666666666666666;0.0;0.2;0.11764705882352941;0.15384615384615385;0.0;0.15384615384615385;0.0;0.0;0.0;0.15384615384615385;0.11764705882352941;0.0;0.11764705882352941;0.16666666666666666;0.13333333333333333;0.16666666666666666;0.16666666666666666;0.0;0.0;0.0;0.0;0.11764705882352941;0.0;0.14285714285714285;0.125;0.0;0.16666666666666666;0.0;0.16666666666666666;0.14285714285714285;0.1111111111111111;0.16666666666666666;0.0;0.0;0.0;0.0;0.15384615384615385;0.125;0.0;0.11764705882352941;0.0;0.0;0.0;0.0;0.0;0.16666666666666666;0.14285714285714285;0.0;0.0;0.0;0.0;0.18181818181818182;0.0;0.0;0.0;0.0;0.18181818181818182;0.0;0.0;0.0;0.15384615384615385;0.11764705882352941;0.125;0.16666666666666666;0.0;0.11764705882352941;0.0;0.15384615384615385;0.0;0.14285714285714285;0.0;0.0;0.125;0.15384615384615385;0.14285714285714285;0.16666666666666666;0.16666666666666666;0.13333333333333333;0.15384615384615385;0.0;0.4;0.0;0.15384615384615385;0.0;0.0;0.0;0.18181818181818182;0.2;0.14285714285714285;0.15384615384615385;0.0;0.0;0.0;0.16666666666666666;0.0;0.16666666666666666;0.0;0.0;0.1111111111111111;0.0;0.1111111111111111;0.0;0.0;0.16666666666666666;0.14285714285714285;0.0;0.0;0.2;0.0;0.2;0.16666666666666666;0.0;0.18181818181818182;0.0;0.16666666666666666;0.0;0.0;0.0;0.13333333333333333;0.18181818181818182;0.0;0.0;0.0;0.15384615384615385;0.0;0.125;0.14285714285714285;0.13333333333333333;0.13333333333333333;0.0;0.0;0.16666666666666666;0.18181818181818182;0.0;0.0;0.0;0.0;0.0;0.0;0.0;0.0;0.13333333333333333;0.5454545454545454;0.16666666666666666;0.125;0.125;0.0;0.13333333333333333;0.14285714285714285;0.0;0.0;0.0;0.18181818181818182;0.0;0.0;0.14285714285714285;0.14285714285714285;0.14285714285714285;0.16666666666666666;0.0;0.0;0.18181818181818182;0.13333333333333333;0.16666666666666666;0.0;0.15384615384615385;0.0;0.15384615384615385;0.0;0.0;0.14285714285714285;0.0;0.0;0.0;0.0;0.0;0.11764705882352941
GO:0045766;0.0;0.13333333333333333;0.0;1.0;0.4;0.2222222222222222;0.35294117647058826;0.36363636363636365;0.3157894736842105;0.3157894736842105;0.0;0.42105263157894735;0.0;0.11764705882352941;0.25;0.0;0.0;0.5333333333333333;0.0;0.0;0.3333333333333333;0.0;0.0;0.0;0.1;0.0;0.4;0.0;0.47058823529411764;0.125;0.0;0.0;0.1;0.0;0.1111111111111111;0.13333333333333333;0.13333333333333333;0.4;0.3333333333333333;0.0;0.0;0.0;0.5333333333333333;0.0;0.3157894736842105;0.3333333333333333;0.0;0.47058823529411764;0.13333333333333333;0.0;0.09523809523809523;0.0;0.2222222222222222;0.6666666666666666;0.26666666666666666;0.13333333333333333;0.0;0.0;0.0;0.0;0.0;0.35294117647058826;0.35294117647058826;0.6666666666666666;0.375;0.0;0.0;0.0;0.35294117647058826;0.0;0.5555555555555556;0.0;0.0;0.6666666666666666;0.6666666666666666;0.5;0.0;0.5;0.5555555555555556;0.4;0.0;0.1;0.0;0.0;0.35294117647058826;0.0;0.6666666666666666;0.125;0.42105263157894735;0.0;0.42105263157894735;0.5333333333333333;0.0;0.0;0.0;0.0;0.0;0.0;0.125;0.0;0.3333333333333333;0.4444444444444444;0.0;0.8;0.38095238095238093;0.0;0.14285714285714285;0.0;0.0;0.0;0.3;0.35294117647058826;0.0;0.0;0.3157894736842105;0.0;0.42857142857142855;0.47058823529411764;0.0;0.09523809523809523;0.0;0.4;0.4;0.13333333333333333;0.0;0.0;0.375;0.0;0.5263157894736842;0.0;0.0;0.0;0.0;0.5333333333333333;0.0;0.5;0.0;0.5263157894736842;0.0;0.0;0.4;0.2222222222222222;0.5;0.0;0.4;0.0;0.0;0.0;0.0;0.0;0.3157894736842105;0.13333333333333333;0.0;0.375;0.47058823529411764;0.2857142857142857;0.0;0.35294117647058826;0.38095238095238093;0.5;0.4;0.0;0.0;0.13333333333333333;0.3157894736842105;0.0;0.0;0.0;0.0;0.375;0.35294117647058826;0.4;0.0;0.6153846153846154;0.3;0.0;0.11764705882352941;0.0;0.0;0.0;0.35294117647058826;0.0;0.0;0.13333333333333333;0.4;0.0;0.5333333333333333;0.0;0.5;0.3157894736842105;0.0;0.42105263157894735;0.375;0.5;0.5333333333333333;0.5882352941176471;0.0
GO:0008589;0.0;0.14285714285714285;0.0;0.4;1.0;0.47058823529411764;0.5;0.5714285714285714;0.3333333333333333;0.4444444444444444;0.0;0.4444444444444444;0.0;0.125;0.26666666666666666;0.0;0.0;0.42857142857142855;0.0;0.0;0.35294117647058826;0.0;0.0;0.0;0.10526315789473684;0.0;0.5714285714285714;0.0;0.75;0.13333333333333333;0.0;0.0;0.10526315789473684;0.0;0.11764705882352941;0.14285714285714285;0.14285714285714285;0.5714285714285714;0.47058823529411764;0.0;0.0;0.0;0.5714285714285714;0.0;0.3333333333333333;0.47058823529411764;0.0;0.75;0.14285714285714285;0.0;0.1;0.0;0.47058823529411764;0.42857142857142855;0.2857142857142857;0.14285714285714285;0.0;0.0;0.0;0.0;0.0;0.75;0.375;0.42857142857142855;0.8;0.0;0.0;0.0;0.75;0.0;0.47058823529411764;0.0;0.0;0.14285714285714285;0.2857142857142857;0.8;0.0;0.5333333333333333;0.11764705882352941;0.5714285714285714;0.0;0.42105263157894735;0.0;0.0;0.375;0.0;0.5714285714285714;0.13333333333333333;0.4444444444444444;0.0;0.4444444444444444;0.5714285714285714;0.0;0.0;0.0;0.0;0.0;0.0;0.13333333333333333;0.0;0.47058823529411764;0.47058823529411764;0.0;0.3157894736842105;0.3;0.0;0.6153846153846154;0.0;0.0;0.0;0.42105263157894735;0.5;0.0;0.0;0.4444444444444444;0.0;0.6153846153846154;0.5;0.0;0.1;0.0;0.42105263157894735;0.42105263157894735;0.14285714285714285;0.0;0.0;0.5333333333333333;0.0;0.4444444444444444;0.0;0.0;0.0;0.0;0.5714285714285714;0.0;0.5333333333333333;0.0;0.3333333333333333;0.0;0.0;0.42857142857142855;0.23529411764705882;0.8;0.0;0.42857142857142855;0.0;0.0;0.0;0.0;0.0;0.4444444444444444;0.14285714285714285;0.0;0.4;0.75;0.4;0.0;0.75;0.6;0.5333333333333333;0.42857142857142855;0.0;0.0;0.14285714285714285;0.3333333333333333;0.0;0.0;0.0;0.0;0.5333333333333333;0.75;0.42105263157894735;0.0;0.5;0.42105263157894735;0.0;0.125;0.0;0.0;0.0;0.75;0.0;0.0;0.14285714285714285;0.42105263157894735;0.0;0.5714285714285714;0.0;0.42105263157894735;0.4444444444444444;0.0;0.4444444444444444;0.5333333333333333;0.5333333333333333;0.5714285714285714;0.5;0.0
GO:0050796;0.0;0.47058823529411764;0.0;0.2222222222222222;0.47058823529411764;1.0;0.42105263157894735;0.3333333333333333;0.19047619047619047;0.38095238095238093;0.0;0.38095238095238093;0.0;0.10526315789473684;0.3333333333333333;0.0;0.0;0.23529411764705882;0.0;0.0;0.2;0.0;0.0;0.0;0.09090909090909091;0.0;0.47058823529411764;0.0;0.42105263157894735;0.4444444444444444;0.0;0.0;0.09090909090909091;0.0;0.4;0.47058823529411764;0.47058823529411764;0.47058823529411764;0.4;0.0;0.0;0.0;0.47058823529411764;0.0;0.19047619047619047;0.4;0.0;0.42105263157894735;0.47058823529411764;0.0;0.08695652173913043;0.0;0.4;0.23529411764705882;0.23529411764705882;0.11764705882352941;0.0;0.0;0.0;0.0;0.0;0.42105263157894735;0.42105263157894735;0.23529411764705882;0.4444444444444444;0.0;0.0;0.0;0.42105263157894735;0.0;0.4;0.0;0.0;0.47058823529411764;0.35294117647058826;0.4444444444444444;0.0;0.4444444444444444;0.1;0.47058823529411764;0.0;0.36363636363636365;0.0;0.0;0.5263157894736842;0.0;0.47058823529411764;0.1111111111111111;0.38095238095238093;0.0;0.38095238095238093;0.47058823529411764;0.0;0.0;0.0;0.0;0.0;0.0;0.1111111111111111;0.0;0.4;0.4;0.0;0.36363636363636365;0.34782608695652173;0.0;0.5;0.0;0.0;0.0;0.36363636363636365;0.42105263157894735;0.0;0.0;0.38095238095238093;0.0;0.5;0.42105263157894735;0.0;0.08695652173913043;0.0;0.36363636363636365;0.36363636363636365;0.47058823529411764;0.0;0.0;0.4444444444444444;0.0;0.7619047619047619;0.0;0.0;0.0;0.0;0.47058823529411764;0.0;0.4444444444444444;0.0;0.38095238095238093;0.0;0.0;0.5882352941176471;0.4;0.4444444444444444;0.0;0.23529411764705882;0.0;0.0;0.0;0.0;0.0;0.38095238095238093;0.47058823529411764;0.0;0.5555555555555556;0.42105263157894735;0.34782608695652173;0.0;0.42105263157894735;0.34782608695652173;0.4444444444444444;0.23529411764705882;0.0;0.0;0.47058823529411764;0.19047619047619047;0.0;0.0;0.0;0.0;0.4444444444444444;0.42105263157894735;0.2727272727272727;0.0;0.26666666666666666;0.36363636363636365;0.0;0.10526315789473684;0.0;0.0;0.0;0.42105263157894735;0.0;0.0;0.47058823529411764;0.36363636363636365;0.0;0.47058823529411764;0.0;0.7272727272727273;0.38095238095238093;0.0;0.38095238095238093;0.4444444444444444;0.4444444444444444;0.47058823529411764;0.42105263157894735;0.0
GO:0050672;0.0;0.125;0.0;0.35294117647058826;0.5;0.42105263157894735;1.0;0.34782608695652173;0.4;0.5;0.0;0.4;0.0;0.1111111111111111;0.23529411764705882;0.0;0.0;0.5;0.0;0.0;0.3157894736842105;0.0;0.0;0.0;0.09523809523809523;0.0;0.5;0.0;0.4444444444444444;0.11764705882352941;0.0;0.0;0.09523809523809523;0.0;0.10526315789473684;0.125;0.125;0.75;0.5263157894736842;0.0;0.0;0.0;0.625;0.0;0.4;0.5263157894736842;0.0;0.4444444444444444;0.625;0.0;0.09090909090909091;0.0;0.42105263157894735;0.375;0.25;0.125;0.0;0.0;0.0;0.0;0.0;0.5555555555555556;0.3333333333333333;0.375;0.47058823529411764;0.0;0.0;0.0;0.5555555555555556;0.0;0.42105263157894735;0.0;0.0;0.125;0.25;0.47058823529411764;0.0;0.47058823529411764;0.10526315789473684;0.5;0.0;0.38095238095238093;0.0;0.0;0.4444444444444444;0.0;0.5;0.11764705882352941;0.4;0.0;0.4;0.5;0.0;0.0;0.0;0.0;0.0;0.0;0.11764705882352941;0.0;0.42105263157894735;0.42105263157894735;0.0;0.2857142857142857;0.2727272727272727;0.0;0.5333333333333333;0.0;0.0;0.0;0.47619047619047616;0.4444444444444444;0.0;0.0;0.5;0.0;0.8;0.5555555555555556;0.0;0.09090909090909091;0.0;0.38095238095238093;0.38095238095238093;0.125;0.0;0.0;0.47058823529411764;0.0;0.4;0.0;0.0;0.0;0.0;0.5;0.0;0.5882352941176471;0.0;0.3;0.0;0.0;0.5;0.5263157894736842;0.47058823529411764;0.0;0.375;0.0;0.0;0.0;0.0;0.0;0.4;0.125;0.0;0.47058823529411764;0.4444444444444444;0.36363636363636365;0.0;0.5555555555555556;0.36363636363636365;0.47058823529411764;0.5;0.0;0.0;0.125;0.4;0.0;0.0;0.0;0.0;0.5882352941176471;0.5555555555555556;0.47619047619047616;0.0;0.42857142857142855;0.47619047619047616;0.0;0.1111111111111111;0.0;0.0;0.0;0.5555555555555556;0.0;0.0;0.125;0.38095238095238093;0.0;0.625;0.0;0.38095238095238093;0.4;0.0;0.4;0.5882352941176471;0.47058823529411764;0.625;0.5555555555555556;0.0
GO:0000186;0.0;0.09523809523809523;0.0;0.36363636363636365;0.5714285714285714;0.3333333333333333;0.34782608695652173;1.0;0.4;0.4;0.0;0.48;0.0;0.08695652173913043;0.18181818181818182;0.0;0.0;0.19047619047619047;0.0;0.0;0.3333333333333333;0.0;0.0;0.0;0.07692307692307693;0.0;0.38095238095238093;0.0;0.6956521739130435;0.09090909090909091;0.0;0.0;0.07692307692307693;0.0;0.08333333333333333;0.09523809523809523;0.09523809523809523;0.38095238095238093;0.3333333333333333;0.0;0.0;0.0;0.38095238095238093;0.0;0.4;0.75;0.0;0.6086956521739131;0.09523809523809523;0.0;0.07407407407407407;0.0;0.6666666666666666;0.19047619047619047;0.47619047619047616;0.47619047619047616;0.0;0.0;0.0;0.0;0.0;0.6086956521739131;0.34782608695652173;0.38095238095238093;0.6363636363636364;0.0;0.0;0.0;0.6086956521739131;0.0;0.4166666666666667;0.0;0.0;0.09523809523809523;0.19047619047619047;0.6363636363636364;0.0;0.5454545454545454;0.08333333333333333;0.38095238095238093;0.0;0.3076923076923077;0.0;0.0;0.17391304347826086;0.0;0.38095238095238093;0.09090909090909091;0.64;0.0;0.4;0.38095238095238093;0.0;0.0;0.0;0.0;0.0;0.0;0.09090909090909091;0.0;0.3333333333333333;0.75;0.0;0.3076923076923077;0.4444444444444444;0.0;0.4;0.0;0.0;0.0;0.3076923076923077;0.6086956521739131;0.0;0.0;0.72;0.0;0.4;0.43478260869565216;0.0;0.07407407407407407;0.0;0.46153846153846156;0.46153846153846156;0.09523809523809523;0.0;0.0;0.6363636363636364;0.0;0.32;0.0;0.0;0.0;0.0;0.38095238095238093;0.0;0.36363636363636365;0.0;0.32;0.0;0.0;0.19047619047619047;0.3333333333333333;0.6363636363636364;0.0;0.5714285714285714;0.0;0.0;0.0;0.0;0.0;0.4;0.09523809523809523;0.0;0.18181818181818182;0.6086956521739131;0.2962962962962963;0.0;0.6086956521739131;0.8148148148148148;0.5454545454545454;0.47619047619047616;0.0;0.0;0.09523809523809523;0.4;0.0;0.0;0.0;0.0;0.36363636363636365;0.5217391304347826;0.5384615384615384;0.0;0.42105263157894735;0.38461538461538464;0.0;0.08695652173913043;0.0;0.0;0.0;0.6086956521739131;0.0;0.0;0.09523809523809523;0.38461538461538464;0.0;0.38095238095238093;0.0;0.3076923076923077;0.4;0.0;0.48;0.36363636363636365;0.45454545454545453;0.47619047619047616;0.34782608695652173;0.0
GO:0000184;0.631578947368421;0.2222222222222222;0.125;0.3157894736842105;0.3333333333333333;0.19047619047619047;0.4;0.4;1.0;0.6363636363636364;0.0;0.5454545454545454;0.0;0.5;0.5263157894736842;0.21052631578947367;0.0;0.4444444444444444;0.2222222222222222;0.2222222222222222;0.38095238095238093;0.25;0.17391304347826086;0.10526315789473684;0.08695652173913043;0.5263157894736842;0.3333333333333333;0.4444444444444444;0.3;0.21052631578947367;0.6956521739130435;0.0;0.17391304347826086;0.2222222222222222;0.19047619047619047;0.2222222222222222;0.2222222222222222;0.4444444444444444;0.38095238095238093;0.0;0.0;0.43478260869565216;0.4444444444444444;0.8;0.9090909090909091;0.5714285714285714;0.2222222222222222;0.3;0.2222222222222222;0.7;0.16666666666666666;0.1111111111111111;0.47619047619047616;0.3333333333333333;0.2222222222222222;0.6666666666666666;0.10526315789473684;0.36363636363636365;0.0;0.17391304347826086;0.0;0.4;0.3;0.3333333333333333;0.3157894736842105;0.4444444444444444;0.3;0.0;0.4;0.0;0.2857142857142857;0.23529411764705882;0.0;0.1111111111111111;0.2222222222222222;0.3157894736842105;0.11764705882352941;0.42105263157894735;0.09523809523809523;0.3333333333333333;0.21052631578947367;0.34782608695652173;0.45454545454545453;0.2222222222222222;0.4;0.43478260869565216;0.3333333333333333;0.21052631578947367;0.5454545454545454;0.2;0.2727272727272727;0.3333333333333333;0.45454545454545453;0.21052631578947367;0.6;0.1111111111111111;0.2222222222222222;0.7619047619047619;0.21052631578947367;0.0;0.19047619047619047;0.47619047619047616;0.10526315789473684;0.2608695652173913;0.5;0.0;0.23529411764705882;0.125;0.4;0.21052631578947367;0.34782608695652173;0.6;0.0;0.2222222222222222;0.5454545454545454;0.2222222222222222;0.47058823529411764;0.3;0.3333333333333333;0.5;0.3333333333333333;0.5217391304347826;0.5217391304347826;0.2222222222222222;0.5;0.0;0.631578947368421;0.25;0.2727272727272727;0.125;0.2222222222222222;0.0;0.47058823529411764;0.3333333333333333;0.2222222222222222;0.42105263157894735;0.0;0.2727272727272727;0.7619047619047619;0.23529411764705882;0.4444444444444444;0.47619047619047616;0.3157894736842105;0.10526315789473684;0.5555555555555556;0.36363636363636365;0.5;0.6666666666666666;0.6666666666666666;0.0;0.5454545454545454;0.2222222222222222;0.23529411764705882;0.42105263157894735;0.3;0.5;0.0;0.4;0.4166666666666667;0.42105263157894735;0.7777777777777778;0.5714285714285714;0.23529411764705882;0.2222222222222222;0.9090909090909091;0.18181818181818182;0.0;0.47619047619047616;0.3;0.42105263157894735;0.4;0.6086956521739131;0.23529411764705882;0.375;0.6086956521739131;0.2;0.2;0.5;0.2222222222222222;0.0;0.4;0.23529411764705882;0.38095238095238093;0.2222222222222222;0.43478260869565216;0.5263157894736842;0.4444444444444444;0.21052631578947367;0.2608695652173913;0.5454545454545454;0.2;0.45454545454545453;0.42105263157894735;0.3157894736842105;0.3333333333333333;0.4;0.43478260869565216
GO:0045892;0.0;0.1111111111111111;0.0;0.3157894736842105;0.4444444444444444;0.38095238095238093;0.5;0.4;0.6363636363636364;1.0;0.0;0.9090909090909091;0.0;0.1;0.5263157894736842;0.0;0.0;0.4444444444444444;0.0;0.0;0.47619047619047616;0.0;0.0;0.0;0.6956521739130435;0.0;0.4444444444444444;0.0;0.4;0.42105263157894735;0.0;0.0;0.08695652173913043;0.0;0.38095238095238093;0.4444444444444444;0.4444444444444444;0.5555555555555556;0.47619047619047616;0.0;0.0;0.0;0.5555555555555556;0.0;0.6363636363636364;0.5714285714285714;0.0;0.4;0.5555555555555556;0.0;0.8333333333333334;0.0;0.47619047619047616;0.3333333333333333;0.2222222222222222;0.6666666666666666;0.0;0.0;0.0;0.0;0.0;0.4;0.3;0.3333333333333333;0.42105263157894735;0.0;0.0;0.0;0.4;0.0;0.38095238095238093;0.0;0.0;0.4444444444444444;0.4444444444444444;0.42105263157894735;0.0;0.631578947368421;0.09523809523809523;0.4444444444444444;0.0;0.34782608695652173;0.0;0.0;0.4;0.0;0.4444444444444444;0.10526315789473684;0.6363636363636364;0.0;0.36363636363636365;0.4444444444444444;0.0;0.0;0.0;0.0;0.0;0.0;0.10526315789473684;0.0;0.38095238095238093;0.47619047619047616;0.0;0.2608695652173913;0.8333333333333334;0.0;0.47058823529411764;0.0;0.0;0.0;0.43478260869565216;0.7;0.0;0.0;0.5454545454545454;0.0;0.5882352941176471;0.4;0.0;0.8333333333333334;0.0;0.8695652173913043;0.8695652173913043;0.4444444444444444;0.0;0.0;0.7368421052631579;0.0;0.36363636363636365;0.0;0.0;0.0;0.0;0.4444444444444444;0.0;0.42105263157894735;0.0;0.2727272727272727;0.0;0.0;0.4444444444444444;0.5714285714285714;0.42105263157894735;0.0;0.5555555555555556;0.0;0.0;0.0;0.0;0.0;0.5454545454545454;0.4444444444444444;0.0;0.42105263157894735;0.4;0.8333333333333334;0.0;0.4;0.3333333333333333;0.5263157894736842;0.7777777777777778;0.0;0.0;0.4444444444444444;0.6363636363636364;0.0;0.0;0.0;0.0;0.42105263157894735;0.4;0.6956521739130435;0.0;0.375;0.9565217391304348;0.0;0.1;0.0;0.0;0.0;0.4;0.0;0.0;0.4444444444444444;0.43478260869565216;0.0;0.5555555555555556;0.0;0.34782608695652173;0.9090909090909091;0.0;0.45454545454545453;0.5263157894736842;0.42105263157894735;0.4444444444444444;0.5;0.0
GO:0001701;0.0;0.0;0.0;0.0;0.0;0.0;0.0;0.0;0.0;0.0;1.0;0.0;0.0;0.0;0.0;0.0;0.0;0.0;0.0;0.0;0.0;0.0;0.0;0.0;0.0;0.0;0.0;0.0;0.0;0.0;0.0;0.0;0.0;0.0;0.0;0.0;0.0;0.0;0.0;0.0;0.0;0.0;0.0;0.0;0.0;0.0;0.0;0.0;0.0;0.0;0.0;0.0;0.0;0.0;0.0;0.26666666666666666;0.0;0.0;0.0;0.0;0.0;0.0;0.0;0.0;0.0;0.0;0.0;0.0;0.0;0.0;0.0;0.0;0.0;0.0;0.0;0.0;0.0;0.0;0.0;0.0;0.0;0.0;0.0;0.13333333333333333;0.0;0.0;0.0;0.0;0.0;0.11764705882352941;0.0;0.0;0.0;0.0;0.0;0.0;0.0;0.0;0.0;0.0;0.0;0.0;0.125;0.0;0.0;0.0;0.0;0.15384615384615385;0.0;0.0;0.0;0.0;0.0;0.0;0.0;0.0;0.0;0.0;0.0;0.0;0.0;0.0;0.0;0.0;0.0;0.46153846153846156;0.0;0.0;0.0;0.15384615384615385;0.13333333333333333;0.0;0.0;0.0;0.4;0.0;0.0;0.0;0.0;0.0;0.0;0.0;0.0;0.125;0.0;0.0;0.0;0.0;0.0;0.0;0.0;0.0;0.0;0.0;0.0;0.0;0.0;0.0;0.0;0.0;0.0;0.0;0.0;0.0;0.0;0.0;0.0;0.0;0.0;0.0;0.0;0.0;0.0;0.0;0.0;0.0;0.0;0.0;0.0;0.0;0.0;0.0;0.0;0.0;0.0;0.0;0.0;0.0;0.0;0.0;0.0;0.0;0.0;0.0;0.0;0.0;0.0
GO:0045893;0.0;0.1111111111111111;0.0;0.42105263157894735;0.4444444444444444;0.38095238095238093;0.4;0.48;0.5454545454545454;0.9090909090909091;0.0;1.0;0.0;0.1;0.5263157894736842;0.0;0.0;0.3333333333333333;0.0;0.0;0.47619047619047616;0.0;0.0;0.0;0.6956521739130435;0.0;0.4444444444444444;0.0;0.4;0.42105263157894735;0.0;0.0;0.08695652173913043;0.0;0.38095238095238093;0.4444444444444444;0.4444444444444444;0.4444444444444444;0.38095238095238093;0.0;0.0;0.0;0.4444444444444444;0.0;0.5454545454545454;0.47619047619047616;0.0;0.4;0.4444444444444444;0.0;0.8333333333333334;0.0;0.47619047619047616;0.3333333333333333;0.2222222222222222;0.6666666666666666;0.0;0.0;0.0;0.0;0.0;0.4;0.3;0.4444444444444444;0.42105263157894735;0.0;0.0;0.0;0.4;0.0;0.38095238095238093;0.0;0.0;0.4444444444444444;0.4444444444444444;0.42105263157894735;0.0;0.7368421052631579;0.09523809523809523;0.4444444444444444;0.0;0.34782608695652173;0.0;0.0;0.3;0.0;0.4444444444444444;0.10526315789473684;0.6363636363636364;0.0;0.36363636363636365;0.4444444444444444;0.0;0.0;0.0;0.0;0.0;0.0;0.10526315789473684;0.0;0.38095238095238093;0.5714285714285714;0.0;0.34782608695652173;0.9166666666666666;0.0;0.47058823529411764;0.0;0.0;0.0;0.34782608695652173;0.7;0.0;0.0;0.45454545454545453;0.0;0.47058823529411764;0.4;0.0;0.9166666666666666;0.0;0.9565217391304348;0.9565217391304348;0.4444444444444444;0.0;0.0;0.7368421052631579;0.0;0.36363636363636365;0.0;0.0;0.0;0.0;0.4444444444444444;0.0;0.42105263157894735;0.0;0.36363636363636365;0.0;0.0;0.3333333333333333;0.47619047619047616;0.42105263157894735;0.0;0.5555555555555556;0.0;0.0;0.0;0.0;0.0;0.5454545454545454;0.4444444444444444;0.0;0.3157894736842105;0.4;0.9166666666666666;0.0;0.4;0.5;0.5263157894736842;0.6666666666666666;0.0;0.0;0.4444444444444444;0.5454545454545454;0.0;0.0;0.0;0.0;0.42105263157894735;0.4;0.6086956521739131;0.0;0.5;0.8695652173913043;0.0;0.1;0.0;0.0;0.0;0.4;0.0;0.0;0.4444444444444444;0.5217391304347826;0.0;0.4444444444444444;0.0;0.34782608695652173;0.9090909090909091;0.0;0.5454545454545454;0.42105263157894735;0.42105263157894735;0.4444444444444444;0.4;0.0
GO:0000060;0.0;0.0;0.0;0.0;0.0;0.0;0.0;0.0;0.0;0.0;0.0;0.0;1.0;0.0;0.0;0.0;0.0;0.0;0.0;0.0;0.0;0.0;0.0;0.0;0.0;0.0;0.0;0.0;0.0;0.0;0.0;0.0;0.0;0.0;0.0;0.0;0.0;0.0;0.0;0.4;0.0;0.0;0.0;0.0;0.0;0.0;0.0;0.0;0.0;0.0;0.0;0.0;0.0;0.0;0.0;0.0;0.0;0.0;0.0;0.0;0.0;0.0;0.0;0.0;0.0;0.0;0.0;0.1;0.0;0.11764705882352941;0.0;0.0;0.1111111111111111;0.0;0.0;0.0;0.0;0.0;0.0;0.0;0.0;0.0;0.0;0.0;0.0;0.0;0.0;0.0;0.0;0.0;0.0;0.0;0.0;0.0;0.0;0.0;0.0;0.0;0.0;0.8888888888888888;0.0;0.0;0.0;0.0;0.0;0.0;0.0;0.0;0.0;0.1111111111111111;0.0;0.0;0.5882352941176471;0.0;0.0;0.0;0.0;0.0;0.0;0.0;0.0;0.0;0.0;0.0;0.0;0.0;0.0;0.0;0.0;0.0;0.0;0.10526315789473684;0.0;0.0;0.0;0.0;0.4;0.0;0.0;0.0;0.0;0.0;0.0;0.0;0.0;0.0;0.0;0.0;0.0;0.0;0.0;0.0;0.0;0.0;0.0;0.0;0.0;0.0;0.0;0.0;0.0;0.0;0.0;0.0;0.0;0.0;0.1111111111111111;0.0;0.0;0.0;0.0;0.0;0.0;0.0;0.0;0.0;0.0;0.0;0.0;0.1;0.0;0.0;0.0;0.0;0.0;0.0;0.0;0.0;0.0;0.0;0.10526315789473684;0.0;0.0;0.0;0.0;0.0;0.0
GO:0032201;0.8235294117647058;0.125;0.14285714285714285;0.11764705882352941;0.125;0.10526315789473684;0.1111111111111111;0.08695652173913043;0.5;0.1;0.0;0.1;0.0;1.0;0.11764705882352941;0.11764705882352941;0.0;0.125;0.25;0.125;0.10526315789473684;0.2857142857142857;0.09523809523809523;0.11764705882352941;0.09523809523809523;0.8235294117647058;0.125;0.5;0.1111111111111111;0.11764705882352941;0.38095238095238093;0.0;0.09523809523809523;0.125;0.10526315789473684;0.125;0.125;0.125;0.10526315789473684;0.0;0.0;0.47619047619047616;0.125;0.4444444444444444;0.5;0.10526315789473684;0.125;0.1111111111111111;0.375;0.4444444444444444;0.09090909090909091;0.125;0.10526315789473684;0.125;0.125;0.125;0.11764705882352941;0.4;0.0;0.09523809523809523;0.0;0.1111111111111111;0.1111111111111111;0.125;0.11764705882352941;0.375;0.3333333333333333;0.0;0.1111111111111111;0.0;0.10526315789473684;0.26666666666666666;0.0;0.125;0.125;0.11764705882352941;0.13333333333333333;0.11764705882352941;0.10526315789473684;0.125;0.11764705882352941;0.38095238095238093;0.5;0.125;0.1111111111111111;0.47619047619047616;0.125;0.11764705882352941;0.1;0.1111111111111111;0.1;0.125;0.5;0.23529411764705882;0.3333333333333333;0.125;0.25;0.42105263157894735;0.11764705882352941;0.0;0.21052631578947367;0.10526315789473684;0.11764705882352941;0.09523809523809523;0.09090909090909091;0.0;0.13333333333333333;0.14285714285714285;0.4444444444444444;0.35294117647058826;0.09523809523809523;0.1111111111111111;0.0;0.125;0.1;0.125;0.13333333333333333;0.1111111111111111;0.36363636363636365;0.09090909090909091;0.36363636363636365;0.09523809523809523;0.09523809523809523;0.125;0.7777777777777778;0.0;0.11764705882352941;0.42857142857142855;0.1;0.14285714285714285;0.125;0.0;0.4;0.125;0.125;0.11764705882352941;0.0;0.1;0.5263157894736842;0.13333333333333333;0.125;0.10526315789473684;0.11764705882352941;0.11764705882352941;0.125;0.4;0.5555555555555556;0.42105263157894735;0.42105263157894735;0.0;0.1;0.125;0.26666666666666666;0.11764705882352941;0.1111111111111111;0.09090909090909091;0.0;0.1111111111111111;0.09090909090909091;0.11764705882352941;0.125;0.3157894736842105;0.6666666666666666;0.125;0.6;0.1;0.0;0.5263157894736842;0.3333333333333333;0.11764705882352941;0.1111111111111111;0.2857142857142857;0.13333333333333333;0.14285714285714285;0.09523809523809523;0.1111111111111111;0.1111111111111111;0.5555555555555556;0.25;0.0;0.1111111111111111;0.13333333333333333;0.42105263157894735;0.125;0.09523809523809523;0.5882352941176471;0.125;0.11764705882352941;0.09523809523809523;0.1;0.1111111111111111;0.1;0.11764705882352941;0.11764705882352941;0.125;0.1111111111111111;0.47619047619047616
GO:0032204;0.0;0.13333333333333333;0.0;0.25;0.26666666666666666;0.3333333333333333;0.23529411764705882;0.18181818181818182;0.5263157894736842;0.5263157894736842;0.0;0.5263157894736842;0.0;0.11764705882352941;1.0;0.0;0.0;0.26666666666666666;0.0;0.0;0.4444444444444444;0.0;0.0;0.0;0.1;0.0;0.26666666666666666;0.0;0.23529411764705882;0.125;0.0;0.0;0.1;0.0;0.1111111111111111;0.13333333333333333;0.13333333333333333;0.26666666666666666;0.2222222222222222;0.0;0.0;0.0;0.26666666666666666;0.0;0.5263157894736842;0.5555555555555556;0.0;0.23529411764705882;0.13333333333333333;0.0;0.09523809523809523;0.0;0.2222222222222222;0.26666666666666666;0.26666666666666666;0.6666666666666666;0.0;0.0;0.0;0.0;0.0;0.23529411764705882;0.23529411764705882;0.26666666666666666;0.25;0.0;0.0;0.0;0.23529411764705882;0.0;0.2222222222222222;0.0;0.0;0.13333333333333333;0.4;0.25;0.0;0.625;0.1111111111111111;0.26666666666666666;0.0;0.1;0.0;0.0;0.23529411764705882;0.0;0.26666666666666666;0.125;0.5263157894736842;0.0;0.631578947368421;0.26666666666666666;0.0;0.0;0.0;0.0;0.0;0.0;0.125;0.0;0.3333333333333333;0.5555555555555556;0.0;0.2;0.47619047619047616;0.0;0.14285714285714285;0.0;0.0;0.0;0.6;0.5882352941176471;0.0;0.0;0.7368421052631579;0.0;0.2857142857142857;0.23529411764705882;0.0;0.09523809523809523;0.0;0.5;0.5;0.13333333333333333;0.0;0.0;0.625;0.0;0.21052631578947367;0.0;0.0;0.0;0.0;0.26666666666666666;0.0;0.25;0.0;0.21052631578947367;0.0;0.0;0.26666666666666666;0.2222222222222222;0.25;0.0;0.6666666666666666;0.0;0.0;0.0;0.0;0.0;0.631578947368421;0.13333333333333333;0.0;0.25;0.23529411764705882;0.19047619047619047;0.0;0.23529411764705882;0.19047619047619047;0.625;0.6666666666666666;0.0;0.0;0.13333333333333333;0.5263157894736842;0.0;0.0;0.0;0.0;0.25;0.23529411764705882;0.3;0.0;0.3076923076923077;0.5;0.0;0.11764705882352941;0.0;0.0;0.0;0.23529411764705882;0.0;0.0;0.13333333333333333;0.5;0.0;0.26666666666666666;0.0;0.2;0.5263157894736842;0.0;0.7368421052631579;0.25;0.25;0.26666666666666666;0.23529411764705882;0.0
GO:0007268;0.25;0.13333333333333333;0.15384615384615385;0.0;0.0;0.0;0.0;0.0;0.21052631578947367;0.0;0.0;0.0;0.0;0.11764705882352941;0.0;1.0;0.0;0.0;0.26666666666666666;0.13333333333333333;0.0;0.3076923076923077;0.1;0.125;0.0;0.25;0.0;0.0;0.0;0.125;0.1;0.0;0.1;0.13333333333333333;0.1111111111111111;0.13333333333333333;0.13333333333333333;0.0;0.0;0.0;0.0;0.2;0.0;0.11764705882352941;0.21052631578947367;0.0;0.13333333333333333;0.0;0.13333333333333333;0.11764705882352941;0.09523809523809523;0.13333333333333333;0.0;0.0;0.0;0.0;0.125;0.10526315789473684;0.0;0.1;0.0;0.0;0.0;0.0;0.0;0.26666666666666666;0.11764705882352941;0.0;0.0;0.0;0.0;0.2857142857142857;0.0;0.0;0.0;0.0;0.14285714285714285;0.0;0.0;0.0;0.125;0.1;0.21052631578947367;0.13333333333333333;0.0;0.2;0.0;0.125;0.0;0.11764705882352941;0.0;0.0;0.21052631578947367;0.375;0.11764705882352941;0.13333333333333333;0.26666666666666666;0.1111111111111111;0.125;0.0;0.2222222222222222;0.0;0.125;0.0;0.0;0.0;0.14285714285714285;0.15384615384615385;0.11764705882352941;0.125;0.0;0.0;0.0;0.13333333333333333;0.0;0.13333333333333333;0.0;0.0;0.09523809523809523;0.0;0.09523809523809523;0.0;0.0;0.13333333333333333;0.23529411764705882;0.0;0.0;0.15384615384615385;0.0;0.15384615384615385;0.13333333333333333;0.0;0.2857142857142857;0.0;0.13333333333333333;0.0;0.0;0.0;0.1111111111111111;0.14285714285714285;0.0;0.0;0.0;0.125;0.0;0.10526315789473684;0.23529411764705882;0.1111111111111111;0.1111111111111111;0.0;0.0;0.13333333333333333;0.2857142857142857;0.0;0.0;0.0;0.0;0.0;0.0;0.0;0.0;0.1111111111111111;0.2857142857142857;0.13333333333333333;0.10526315789473684;0.10526315789473684;0.0;0.2222222222222222;0.23529411764705882;0.0;0.0;0.0;0.14285714285714285;0.0;0.0;0.11764705882352941;0.11764705882352941;0.23529411764705882;0.26666666666666666;0.0;0.0;0.14285714285714285;0.1111111111111111;0.13333333333333333;0.0;0.25;0.0;0.125;0.0;0.0;0.11764705882352941;0.0;0.0;0.0;0.0;0.0;0.2
GO:0042267;0.4;0.14285714285714285;0.0;0.0;0.0;0.0;0.0;0.0;0.0;0.0;0.0;0.0;0.0;0.0;0.0;0.0;1.0;0.0;0.14285714285714285;0.0;0.0;0.16666666666666666;0.0;0.0;0.0;0.0;0.0;0.0;0.0;0.0;0.0;0.5714285714285714;0.10526315789473684;0.0;0.0;0.0;0.0;0.0;0.0;0.0;0.5;0.0;0.0;0.0;0.0;0.0;0.14285714285714285;0.0;0.0;0.0;0.1;0.0;0.0;0.0;0.0;0.0;0.0;0.0;0.42857142857142855;0.0;0.0;0.0;0.0;0.0;0.0;0.0;0.0;0.0;0.0;0.0;0.0;0.46153846153846156;0.0;0.0;0.0;0.0;0.0;0.0;0.0;0.0;0.13333333333333333;0.0;0.0;0.14285714285714285;0.0;0.0;0.0;0.0;0.0;0.0;0.0;0.0;0.0;0.4;0.0;0.14285714285714285;0.14285714285714285;0.0;0.0;0.0;0.0;0.0;0.0;0.0;0.0;0.46153846153846156;0.0;0.0;0.0;0.0;0.0;0.0;0.0;0.0;0.0;0.0;0.0;0.0;0.0;0.0;0.0;0.0;0.0;0.0;0.375;0.0;0.0;0.0;0.0;0.0;0.0;0.0;0.0;0.0;0.0;0.0;0.0;0.0;0.0;0.0;0.0;0.0;0.0;0.0;0.0;0.0;0.0;0.0;0.0;0.15384615384615385;0.0;0.0;0.15384615384615385;0.0;0.0;0.0;0.5714285714285714;0.0;0.0;0.0;0.0;0.0;0.0;0.0;0.0;0.0;0.0;0.0;0.0;0.0;0.0;0.0;0.0;0.0;0.0;0.125;0.0;0.0;0.0;0.0;0.0;0.15384615384615385;0.0;0.14285714285714285;0.0;0.0;0.0;0.0;0.0;0.0;0.0;0.0;0.0;0.0;0.0;0.0;0.0
GO:0046621;0.0;0.14285714285714285;0.0;0.5333333333333333;0.42857142857142855;0.23529411764705882;0.5;0.19047619047619047;0.4444444444444444;0.4444444444444444;0.0;0.3333333333333333;0.0;0.125;0.26666666666666666;0.0;0.0;1.0;0.0;0.0;0.35294117647058826;0.0;0.0;0.0;0.10526315789473684;0.0;0.42857142857142855;0.0;0.375;0.13333333333333333;0.0;0.0;0.10526315789473684;0.0;0.11764705882352941;0.14285714285714285;0.14285714285714285;0.5714285714285714;0.47058823529411764;0.0;0.0;0.0;0.7142857142857143;0.0;0.4444444444444444;0.47058823529411764;0.0;0.375;0.5714285714285714;0.0;0.1;0.0;0.23529411764705882;0.5714285714285714;0.2857142857142857;0.14285714285714285;0.0;0.0;0.0;0.0;0.0;0.5;0.375;0.5714285714285714;0.4;0.0;0.0;0.0;0.5;0.0;0.47058823529411764;0.0;0.0;0.5714285714285714;0.2857142857142857;0.4;0.0;0.4;0.11764705882352941;0.42857142857142855;0.0;0.10526315789473684;0.0;0.0;0.5;0.0;0.5714285714285714;0.13333333333333333;0.3333333333333333;0.0;0.3333333333333333;0.5714285714285714;0.0;0.0;0.0;0.0;0.0;0.0;0.13333333333333333;0.0;0.35294117647058826;0.35294117647058826;0.0;0.42105263157894735;0.3;0.0;0.15384615384615385;0.0;0.0;0.0;0.42105263157894735;0.375;0.0;0.0;0.4444444444444444;0.0;0.6153846153846154;0.375;0.0;0.1;0.0;0.3157894736842105;0.3157894736842105;0.14285714285714285;0.0;0.0;0.4;0.0;0.4444444444444444;0.0;0.0;0.0;0.0;0.5714285714285714;0.0;0.6666666666666666;0.0;0.4444444444444444;0.0;0.0;0.5714285714285714;0.47058823529411764;0.4;0.0;0.42857142857142855;0.0;0.0;0.0;0.0;0.0;0.3333333333333333;0.14285714285714285;0.0;0.5333333333333333;0.375;0.3;0.0;0.5;0.3;0.4;0.5714285714285714;0.0;0.0;0.14285714285714285;0.4444444444444444;0.0;0.0;0.0;0.0;0.5333333333333333;0.5;0.42105263157894735;0.0;0.5;0.42105263157894735;0.0;0.125;0.0;0.0;0.0;0.5;0.0;0.0;0.14285714285714285;0.21052631578947367;0.0;0.7142857142857143;0.0;0.42105263157894735;0.3333333333333333;0.0;0.3333333333333333;0.5333333333333333;0.4;0.42857142857142855;0.5;0.0
GO:0071361;0.4;0.42857142857142855;0.16666666666666666;0.0;0.0;0.0;0.0;0.0;0.2222222222222222;0.0;0.0;0.0;0.0;0.25;0.0;0.26666666666666666;0.14285714285714285;0.0;1.0;0.2857142857142857;0.0;0.6666666666666666;0.21052631578947367;0.13333333333333333;0.0;0.26666666666666666;0.0;0.0;0.0;0.26666666666666666;0.10526315789473684;0.2857142857142857;0.21052631578947367;0.2857142857142857;0.23529411764705882;0.2857142857142857;0.2857142857142857;0.0;0.0;0.0;0.6666666666666666;0.21052631578947367;0.0;0.125;0.2222222222222222;0.0;0.2857142857142857;0.0;0.2857142857142857;0.125;0.3;0.14285714285714285;0.0;0.0;0.0;0.0;0.13333333333333333;0.1111111111111111;0.14285714285714285;0.21052631578947367;0.0;0.0;0.0;0.0;0.0;0.2857142857142857;0.25;0.0;0.0;0.0;0.0;0.7692307692307693;0.0;0.0;0.0;0.0;0.15384615384615385;0.0;0.0;0.0;0.4;0.10526315789473684;0.2222222222222222;0.42857142857142855;0.0;0.21052631578947367;0.0;0.26666666666666666;0.0;0.25;0.0;0.0;0.2222222222222222;0.4;0.25;0.7142857142857143;0.7142857142857143;0.11764705882352941;0.26666666666666666;0.0;0.23529411764705882;0.0;0.13333333333333333;0.0;0.0;0.3076923076923077;0.3076923076923077;0.16666666666666666;0.125;0.26666666666666666;0.0;0.0;0.0;0.2857142857142857;0.0;0.2857142857142857;0.0;0.0;0.1;0.0;0.1;0.0;0.0;0.2857142857142857;0.375;0.0;0.0;0.3333333333333333;0.0;0.16666666666666666;0.2857142857142857;0.0;0.3076923076923077;0.0;0.2857142857142857;0.0;0.0;0.0;0.23529411764705882;0.3076923076923077;0.0;0.0;0.0;0.13333333333333333;0.0;0.1111111111111111;0.25;0.23529411764705882;0.23529411764705882;0.6153846153846154;0.0;0.2857142857142857;0.7692307692307693;0.0;0.0;0.0;0.2857142857142857;0.0;0.0;0.0;0.0;0.23529411764705882;0.3076923076923077;0.2857142857142857;0.2222222222222222;0.2222222222222222;0.0;0.23529411764705882;0.25;0.0;0.0;0.0;0.3076923076923077;0.0;0.0;0.625;0.25;0.25;0.2857142857142857;0.0;0.0;0.46153846153846156;0.11764705882352941;0.42857142857142855;0.0;0.26666666666666666;0.0;0.26666666666666666;0.0;0.0;0.25;0.0;0.0;0.0;0.0;0.0;0.21052631578947367
