;GO:0045806;GO:0008380;GO:0007098;GO:1902311;GO:0007173;GO:0045445;GO:0007016;GO:0051090;GO:0043304;GO:0030866;GO:0006878;GO:0048246;GO:0002317;GO:0010812;GO:0010977;GO:0071333;GO:0048245;GO:0002758;GO:0010976;GO:0031116;GO:0035434;GO:1902041;GO:0007186;GO:2000251;GO:0031032;GO:0043312;GO:0002175;GO:0006897;GO:0006139;GO:0030855;GO:0048298;GO:0002522;GO:0033209;GO:0070232;GO:0001558;GO:2000521;GO:0031663;GO:0050727;GO:0071205;GO:0010469;GO:0071407;GO:0050764;GO:0072659;GO:0071801;GO:0008360;GO:0008284;GO:0043123;GO:0048812;GO:0046598;GO:0043488;GO:0038096;GO:0043687;GO:0002576;GO:0007229;GO:0071677;GO:0010951;GO:2001189;GO:0042129;GO:0060333;GO:0045639;GO:0031295;GO:0034120;GO:0043299;GO:0007169;GO:0038083;GO:0006397;GO:0045637;GO:0090280;GO:0030516;GO:0050860;GO:0001578;GO:0002548;GO:0030913;GO:0045087;GO:0043066;GO:0030838;GO:0030593;GO:2001237;GO:2000145
GO:0045806;1.0;0.0;0.0;0.45284190147464615;0.37733000842018566;0.0;0.19962689675783102;0.2769732834401445;0.3701609339144616;0.0;0.17316307580942636;0.0;0.0;0.5452642441912875;0.41629890679469733;0.14064397187050215;0.0;0.2555314740888523;0.28007161796908847;0.2932454800879522;0.0;0.3405155026968159;0.44092387483935014;0.3830363217875076;0.0;0.0;0.0;0.0;0.0;0.0;0.13279857784532098;0.0;0.40663523850786687;0.39239970173438815;0.5287831311122503;0.44565030066806977;0.4230665931943884;0.33961547551976995;0.0;0.3906377478386194;0.0;0.7741493911696518;0.0;0.46922493379308133;0.4673303071256266;0.42436355389699565;0.3015576892443374;0.0;0.2821424803666046;0.2842955351519498;0.243687786542506;0.0;0.0;0.4230665931943884;0.3329438806500595;0.30400905851931526;0.3111932507485249;0.3408783608422063;0.40663523850786687;0.2927494605071484;0.24994749506157302;0.2918770173292984;0.0;0.4066162131815762;0.0;0.0;0.377479323933574;0.40811217609361716;0.2996575649719997;0.3857735646157432;0.0;0.0;0.0;0.0;0.5078624436850377;0.2498976498583376;0.0;0.357565173987022;0.5085918705198623
GO:0008380;0.0;1.0;0.22268291426825523;0.0;0.20082129116668446;0.2407617807361181;0.18155554332311308;0.0;0.0;0.20790326607606882;0.15940028538401507;0.1769542360455744;0.15127758878697248;0.0;0.0;0.13142740524135224;0.16744879783288388;0.14054058403688596;0.0;0.0;0.0;0.0;0.23077251877327531;0.0;0.21513401436042465;0.1436457572508572;0.0;0.0;0.8438940316184814;0.2407617807361181;0.0;0.20676157047137492;0.2147479889743614;0.0;0.0;0.0;0.22246300887685336;0.0;0.0;0.0;0.20771559396063297;0.0;0.0;0.0;0.0;0.0;0.0;0.1882362595948188;0.0;0.0;0.13446336325340486;0.5269476451760032;0.20069610826102366;0.22246300887685336;0.0;0.0;0.0;0.0;0.2147479889743614;0.0;0.0;0.0;0.18740666533687905;0.21473901731056588;0.4313709321407625;0.9218474949786131;0.0;0.0;0.0;0.0;0.21514095312777665;0.1769549992492698;0.1880860312469954;0.0;0.0;0.11643161903051062;0.16744879783288388;0.0;0.0
GO:0007098;0.0;0.22268291426825523;1.0;0.0;0.28493921687530865;0.3726543438515572;0.42005231260256926;0.0;0.0;0.5078417849878425;0.2081822616083311;0.23916879995870202;0.19453991770289664;0.0;0.0;0.1629000935602758;0.22212628720484132;0.1771368998744098;0.0;0.0;0.0;0.0;0.34925465126180444;0.0;0.5336736279440384;0.18209832292288425;0.0;0.0;0.27130933901113796;0.3726543438515572;0.0;0.29704816412231205;0.31381510581616284;0.0;0.0;0.0;0.3305677947234281;0.0;0.0;0.0;0.29902126408961655;0.0;0.0;0.0;0.0;0.0;0.0;0.4414224024371693;0.0;0.0;0.16759012346599125;0.23114252357751983;0.2846872655836309;0.3305677947234281;0.0;0.0;0.0;0.0;0.31381510581616284;0.0;0.0;0.0;0.25866808141784786;0.31379594764277996;0.1782338309562155;0.2150581884766767;0.0;0.0;0.0;0.0;0.6404229636031232;0.23917019416886748;0.4409354799320822;0.0;0.0;0.23826534606238506;0.22212628720484132;0.0;0.0
GO:1902311;0.45284190147464615;0.0;0.0;1.0;0.3394447702129179;0.0;0.22149592017050937;0.2412048110436126;0.29939004247395995;0.0;0.18938267592844252;0.0;0.0;0.35419139527678917;0.20124486336494712;0.1511587214837159;0.0;0.22102349905443144;0.2012433459587312;0.21144089266619098;0.0;0.30266281896491326;0.40512492818055734;0.2828774623615855;0.0;0.0;0.0;0.0;0.0;0.0;0.11057441880644389;0.0;0.36936684024671534;0.3547592806310099;0.4065062391002677;0.28279598547840556;0.3864002157346258;0.38774778716965475;0.0;0.3529608330849913;0.0;0.5302706278206675;0.0;0.35478303356253194;0.35316557809779986;0.38775265564204286;0.26468565073021716;0.0;0.31458431991912306;0.24815985795101525;0.20999293450007867;0.0;0.0;0.3864002157346258;0.30204331150731645;0.18677865652878847;0.1915014694568113;0.3030210624276111;0.36936684024671534;0.25623035352998214;0.2158126116414989;0.3267343916250126;0.0;0.36934722557760014;0.0;0.0;0.33959576697623023;0.6003346958867841;0.21642998576397857;0.24144685526218754;0.0;0.0;0.0;0.0;0.3269922652869669;0.1781502752380513;0.0;0.22235698014360986;0.48394700587087086
GO:0007173;0.37733000842018566;0.20082129116668446;0.28493921687530865;0.3394447702129179;1.0;0.31522737822580277;0.3014403189825054;0.30074709665570626;0.24969358835446165;0.26118120797562006;0.25783580736180406;0.2141323597620069;0.17764530596458156;0.44118259112814256;0.2510118784112628;0.2058901153212628;0.20036848052584935;0.3881907262087718;0.25100998913715006;0.2637054806938261;0.0;0.3771705876728094;0.710373555949086;0.3525764419826988;0.27269537564929297;0.1672128906161045;0.0;0.0;0.2395386849536119;0.31522737822580277;0.13803008348861343;0.2593819194070194;0.7361876170717623;0.4418877279179167;0.5061115599135722;0.35247514447090605;0.7700207252283917;0.38641565737516176;0.0;0.4396545916856761;0.2608850928950219;0.44164466483240106;0.0;0.44191722150835877;0.43990882760474104;0.4828430444718833;0.32995553157748253;0.23087741182498395;0.3137069077527215;0.30939993104457236;0.4191303274495391;0.2076758467833564;0.24990704783782802;0.7700207252283917;0.3013955684692699;0.232998152899731;0.23887964028529884;0.3776158219131442;0.7361876170717623;0.31943916656618;0.2691473725014032;0.3257879966459103;0.2296306350830449;0.9121960756321944;0.16394871075275383;0.1945992585082156;0.42305692940958545;0.3023012812186395;0.26991584240040317;0.3010482439087631;0.2727065243295077;0.21413347735465718;0.2306514527940073;0.0;0.4074014271644426;0.2701718534966938;0.20036848052584935;0.27729297745292475;0.4822862745436078
GO:0045445;0.0;0.2407617807361181;0.3726543438515572;0.0;0.31522737822580277;1.0;0.2702178405333424;0.0;0.0;0.33303461885474017;0.2239001756905698;0.2601497259103242;0.42076411815838943;0.0;0.0;0.17236847918713022;0.24011123551111754;0.18838976457085005;0.0;0.0;0.0;0.0;0.3958776174692267;0.0;0.35198538913079747;0.1940115752924505;0.0;0.0;0.29863025821728817;0.8613692629559758;0.0;0.3301146822927867;0.35095321838712384;0.0;0.0;0.0;0.37203890385366706;0.0;0.0;0.0;0.33255331427218554;0.0;0.0;0.0;0.0;0.0;0.0;0.48320372346533486;0.0;0.0;0.177628361372366;0.2506813575393429;0.3149190458150008;0.37203890385366706;0.0;0.0;0.0;0.0;0.35095321838712384;0.0;0.0;0.0;0.28338637970964975;0.3509292575641479;0.1896309788153494;0.2318734556282411;0.0;0.0;0.0;0.0;0.3520039638538539;0.26015137546290457;0.3888202548782012;0.0;0.0;0.14746013555416598;0.24011123551111754;0.0;0.0
GO:0007016;0.19962689675783102;0.18155554332311308;0.42005231260256926;0.22149592017050937;0.3014403189825054;0.2702178405333424;1.0;0.16259153540661608;0.13698860651595873;0.5395392602620154;0.29509981522780987;0.19236638640899986;0.162400955654507;0.22931486936085443;0.1376592468379754;0.24003668604459988;0.18118536575775954;0.20480779779073188;0.13765828609336914;0.14409061007744203;0.19373578036789724;0.19955144834129823;0.3516437877340678;0.1878307694832269;0.5603291487087645;0.2096476992046601;0.2383275798914601;0.2588016004937474;0.21262591166192663;0.2702178405333424;0.07826036913791509;0.22811657954258713;0.3245962807845817;0.22963690763121028;0.2584542478700966;0.1877821591533408;0.33756384029257136;0.24812704036209446;0.2383275798914601;0.2286165988460369;0.22927840300545543;0.22952591401383193;0.22979325275600201;0.22965037473289088;0.30950891943942543;0.24812973801578858;0.17690626282729585;0.3490209542308264;0.20653419567604503;0.22578193946440384;0.19537742599973643;0.1871397186486992;0.3012336335938455;0.33756384029257136;0.1629119366178093;0.12845073829362644;0.13146792710126398;0.1997621457264681;0.3245962807845817;0.1717796845215697;0.14683339424322592;0.2135903017097382;0.2794374938711595;0.32458125944870797;0.1508779633404342;0.17645490420972612;0.22099379322295462;0.19981795519726447;0.14722001980426444;0.16274034298052276;0.5603491715243701;0.19236728834780895;0.3487164772937075;0.0;0.21373940439471625;0.29668775425977334;0.18118536575775954;0.15092284189609056;0.24788109422255786
GO:0051090;0.2769732834401445;0.0;0.0;0.2412048110436126;0.30074709665570626;0.0;0.16259153540661608;1.0;0.201403171781932;0.0;0.14459350725244272;0.0;0.0;0.30989574071046877;0.20225998387215618;0.12119466133205496;0.0;0.217947302335988;0.20225875720426403;0.21042151357624053;0.0;0.27688737680404624;0.33981034038839547;0.2633990525560772;0.0;0.0;0.0;0.0;0.0;0.0;0.2646369857637683;0.0;0.3190750096006686;0.31024348607179675;0.34058722115901796;0.2633425130286939;0.32910467556229306;0.26400871221691125;0.0;0.3737095355073511;0.0;0.31012365439335915;0.0;0.31025802393145824;0.3092667321203813;0.3298889749211178;0.25056578212266395;0.0;0.22791733206640288;0.6095331889678796;0.20927225352801046;0.0;0.0;0.32910467556229306;0.23374560436536973;0.4170829637504841;0.19430812884606513;0.2771272506757178;0.3190750096006686;0.24445436903402867;0.21387203513275047;0.234227817120849;0.0;0.31906329541647943;0.0;0.0;0.3008419451081758;0.22183646695638334;0.2143569885117965;0.23353664539272015;0.0;0.0;0.0;0.0;0.29283966166359787;0.18316156542459805;0.0;0.21898367284779205;0.32962898406037405
GO:0043304;0.3701609339144616;0.0;0.0;0.29939004247395995;0.24969358835446165;0.0;0.13698860651595873;0.201403171781932;1.0;0.0;0.1239858677775097;0.0;0.0;0.2559674037309809;0.1778097856720436;0.10637523800837735;0.0;0.3764641669301894;0.2133168191642661;0.22084841469677374;0.0;0.2795564247719485;0.2760392090343671;0.2680063846247811;0.0;0.0;0.0;0.0;0.0;0.0;0.3322827897875971;0.0;0.26219776665312194;0.25620460371709836;0.2765516412757494;0.35448410810318026;0.2689326828841249;0.26945429536421306;0.0;0.30646549728282013;0.0;0.40675027361814536;0.0;0.2562145180944022;0.25553811635594875;0.3232659035602843;0.29960347857397474;0.0;0.23859358475094009;0.20524714331242658;0.3633459917758464;0.0;0.0;0.2689326828841249;0.36126597580181036;0.1685774431220841;0.37339152447089885;0.37009793152797615;0.26219776665312194;0.3335982086554603;0.3694969562202672;0.24410335642850028;0.0;0.2621898564563884;0.0;0.0;0.2996352068647925;0.3257384728857214;0.1870917642264141;0.3207466115500708;0.0;0.0;0.0;0.0;0.2442185109930789;0.19540586335368448;0.0;0.22867034241720413;0.32305777425779864
GO:0030866;0.0;0.20790326607606882;0.5078417849878425;0.0;0.26118120797562006;0.33303461885474017;0.5395392602620154;0.0;0.0;1.0;0.1952087122938799;0.22220314558492893;0.1831645353170927;0.0;0.0;0.15484740058347712;0.2074179941065015;0.16765611430010707;0.0;0.0;0.0;0.0;0.31422042732189637;0.0;0.8615149012333394;0.1720940030109199;0.0;0.0;0.24968361413778112;0.33303461885474017;0.0;0.2713191465787162;0.28523926357265544;0.0;0.0;0.0;0.2990129250960657;0.0;0.0;0.0;0.2729643001220409;0.0;0.0;0.0;0.0;0.0;0.0;0.4075612660681976;0.0;0.0;0.15907918098558646;0.21525865241316572;0.2609695044898304;0.2990129250960657;0.0;0.0;0.0;0.0;0.28523926357265544;0.0;0.0;0.0;0.2389373672946166;0.2852234355218089;0.16863844142674672;0.20124193310617966;0.0;0.0;0.0;0.0;0.6721886737396493;0.22220434901101654;0.40714614606338095;0.0;0.0;0.22803891479793492;0.2074179941065015;0.0;0.0
GO:0006878;0.17316307580942636;0.15940028538401507;0.2081822616083311;0.18938267592844252;0.25783580736180406;0.2239001756905698;0.29509981522780987;0.14459350725244272;0.1239858677775097;0.1952087122938799;1.0;0.16767350195130062;0.14444276505895978;0.19506963851744188;0.1245349828642648;0.3832440742071478;0.1591148700334076;0.18370001854878393;0.12453419657889239;0.129775146674009;0.0;0.1731063024803663;0.29370146311844547;0.16421710768205933;0.20156989268138317;0.13746908201700667;0.0;0.0;0.18286035848710933;0.2239001756905698;0.07383660643581946;0.1942018461319494;0.2745909198091454;0.1953026253298153;0.21576300004105103;0.16417995022190784;0.2838140613078448;0.20851788288466402;0.0;0.19456412105336965;0.19504324984152105;0.19522233519725724;0.0;0.19531236632018392;0.26338757371374694;0.20851978801137636;0.1558052415874499;0.1777693812472689;0.17833667995718264;0.20020765988171668;0.17607712117927948;0.1636886451046592;0.18884134289935564;0.2838140613078448;0.144846845723245;0.11695025767723556;0.11944611221053436;0.17326483354385777;0.2745909198091454;0.15181490918550553;0.1319958103577124;0.18357318494624317;0.17702929977440274;0.27458017009494184;0.1352551957279753;0.1554550290917151;0.1890154736820491;0.17330681778166873;0.13230816332825196;0.1447111818602358;0.20157598404619398;0.1676741871985628;0.17763538935605788;0.0;0.18368331308186814;0.19296715923231014;0.1591148700334076;0.13529126038313047;0.20834416395028468
GO:0048246;0.0;0.1769542360455744;0.23916879995870202;0.0;0.2141323597620069;0.2601497259103242;0.19236638640899986;0.0;0.0;0.22220314558492893;0.16767350195130062;1.0;0.2165679401150859;0.0;0.0;0.13700093505405764;0.8299305231570652;0.20049781491854776;0.0;0.0;0.0;0.0;0.24852570321111261;0.0;0.2304825896744768;0.20513385205670817;0.0;0.0;0.20634221746113335;0.2601497259103242;0.0;0.6731965942349796;0.2300395747467451;0.0;0.0;0.0;0.2389151473206988;0.0;0.0;0.0;0.221988782219338;0.0;0.0;0.0;0.0;0.0;0.0;0.19988287502743773;0.0;0.0;0.19145140734009683;0.18225481784122843;0.2139900377154825;0.2389151473206988;0.0;0.0;0.0;0.0;0.2300395747467451;0.0;0.1438091141631772;0.0;0.2714752703626677;0.23002927993049063;0.14768658983573762;0.1721054074793442;0.0;0.0;0.0;0.0;0.23049055386082845;0.8797766699058506;0.19971348998688063;0.2488093360780859;0.0;0.12078477257551168;0.8299305231570652;0.0;0.0
GO:0002317;0.0;0.15127758878697248;0.19453991770289664;0.0;0.17764530596458156;0.42076411815838943;0.162400955654507;0.0;0.0;0.1831645353170927;0.14444276505895978;0.2165679401150859;1.0;0.0;0.0;0.12108874144727767;0.2060759177644909;0.1757310361760288;0.0;0.0;0.0;0.0;0.2006857625770764;0.0;0.18875373721368324;0.3970512513286199;0.0;0.0;0.1722503386809837;0.42076411815838943;0.0;0.31122013186830993;0.1884565128614249;0.0;0.0;0.0;0.19437206291035414;0.0;0.0;0.0;0.18301885309619406;0.0;0.0;0.0;0.0;0.0;0.0;0.2840841036254145;0.0;0.0;0.21113841143926446;0.15513474501363173;0.17754734247782647;0.19437206291035414;0.0;0.0;0.0;0.0;0.1884565128614249;0.0;0.12637674782882682;0.0;0.2852488234274654;0.1884496034778643;0.1293613983403254;0.14771968406363858;0.0;0.0;0.0;0.0;0.18875907859477623;0.21656877786680723;0.22870832612845512;0.20087066885642946;0.0;0.10824414273931321;0.2060759177644909;0.0;0.0
GO:0010812;0.5452642441912875;0.0;0.0;0.35419139527678917;0.44118259112814256;0.0;0.22931486936085443;0.30989574071046877;0.2559674037309809;0.0;0.19506963851744188;0.0;0.0;1.0;0.3581157872228263;0.15475987829380503;0.0;0.2832983628942095;0.25735097078069175;0.27071306037559384;0.0;0.3916716436553444;0.5306727858987527;0.36521632796936815;0.0;0.0;0.0;0.0;0.0;0.0;0.1399259674349484;0.0;0.48177873397485954;0.461924252107881;0.5325698974312959;0.508060256994456;0.5050175345583708;0.40564137093283026;0.0;0.45948456933368836;0.0;0.4616586534827572;0.0;0.46195648109130927;0.45976226357398164;0.5068667190388934;0.3410001223411719;0.0;0.32626068251719564;0.3190910636110975;0.26881383135504244;0.0;0.0;0.5050175345583708;0.31058431042657686;0.3318142582905524;0.4358073505429049;0.3921517936087134;0.48177873397485954;0.32977991679783947;0.3316577696504247;0.42402491646051027;0.0;0.48175202768315833;0.0;0.0;0.44138673110366483;0.3139418641916055;0.2772619681403331;0.43167589250082156;0.0;0.0;0.0;0.0;0.5905294278190844;0.2272085388968381;0.0;0.3966598788690824;0.5062532022550883
GO:0010977;0.41629890679469733;0.0;0.0;0.20124486336494712;0.2510118784112628;0.0;0.1376592468379754;0.20225998387215618;0.1778097856720436;0.0;0.1245349828642648;0.0;0.0;0.3581157872228263;1.0;0.10677918742106403;0.0;0.19058192075182423;0.5919791610676448;0.2209703696012852;0.0;0.23417015405368113;0.27765126361023074;0.26837713338951363;0.0;0.0;0.0;0.0;0.0;0.0;0.17953514013978736;0.0;0.26365178207001183;0.25759273278270534;0.3326109189383695;0.3122724663652375;0.27046257240835125;0.21687408653734142;0.0;0.25683227541803927;0.0;0.3079079980803246;0.0;0.3080187660977389;0.3585072941512997;0.27099204529229015;0.21506346409221;0.0;0.1919101288050587;0.20613704592404664;0.1839152616667013;0.0;0.0;0.27046257240835125;0.20255307428007016;0.23541623279683116;0.23970140456665098;0.2343417004793124;0.26365178207001183;0.37546933635679475;0.18745845093886493;0.196364724452237;0.0;0.26364378389950505;0.0;0.0;0.44775135585466863;0.1875805974525471;0.6230069184874035;0.28164143039658385;0.0;0.0;0.0;0.0;0.3415934169292833;0.19542625693445267;0.0;0.26630359065486414;0.2708165777969075
GO:0071333;0.14064397187050215;0.13142740524135224;0.1629000935602758;0.1511587214837159;0.2058901153212628;0.17236847918713022;0.24003668604459988;0.12119466133205496;0.10637523800837735;0.15484740058347712;0.3832440742071478;0.13700093505405764;0.12108874144727767;0.15475987829380503;0.10677918742106403;1.0;0.13123331330545152;0.1557103645037737;0.10677860936351137;0.11060864856593557;0.0;0.14060651747741784;0.22813651497440285;0.13468470205874195;0.15882325864579208;0.11614925746423975;0.0;0.0;0.14697447514807166;0.17236847918713022;0.06721032497052978;0.1542131737838659;0.2164359980191691;0.15490648760906833;0.1675052084221437;0.13465970646624936;0.222125667415994;0.16310551815725224;0.0;0.15444152731065772;0.4670062013824866;0.15485597239977741;0.0;0.15491261565038242;0.20905370549651273;0.16310668382209262;0.1289737125909578;0.14366754354924027;0.14403783989290445;0.16717970278473573;0.15019859148004877;0.13432901718764637;0.15081365635230384;0.222125667415994;0.12137259061218013;0.10115424567713727;0.10301605455301603;0.1407110917498861;0.2164359980191691;0.12622729195848767;0.11221774374566265;0.1474346219420673;0.14318378358840073;0.21642931939253207;0.11456485982497962;0.12873364250024188;0.15092469702774935;0.1407387804339397;0.112443424460776;0.12127732124854425;0.1588270403599763;0.13700139252675217;0.14358001600824877;0.16731567556065208;0.14750564959682091;0.16779720356176023;0.13123331330545152;0.11459073355317816;0.1629992075356746
GO:0048245;0.0;0.16744879783288388;0.22212628720484132;0.0;0.20036848052584935;0.24011123551111754;0.18118536575775954;0.0;0.0;0.2074179941065015;0.1591148700334076;0.8299305231570652;0.2060759177644909;0.0;0.0;0.13123331330545152;1.0;0.19147266897298504;0.0;0.0;0.0;0.0;0.23017476920544852;0.0;0.21461444265769417;0.19569633340862339;0.0;0.0;0.19353162591425174;0.24011123551111754;0.0;0.6286482504156411;0.21423027794061256;0.0;0.0;0.0;0.22190747926782156;0.0;0.0;0.0;0.2072311966749397;0.0;0.0;0.0;0.0;0.0;0.0;0.18783836773494175;0.0;0.0;0.18320556506411503;0.1721875875221498;0.20024386133191707;0.22190747926782156;0.0;0.0;0.0;0.0;0.21423027794061256;0.0;0.13746727978754616;0.0;0.25518870449240083;0.21422134948126412;0.14100610291469798;0.16310050591485076;0.0;0.0;0.0;0.0;0.21462134794924664;0.8299340955340314;0.18768877356577707;0.23041804156560375;0.0;0.11627926614536177;0.8927670372199895;0.0;0.0
GO:0002758;0.2555314740888523;0.14054058403688596;0.1771368998744098;0.22102349905443144;0.3881907262087718;0.18838976457085005;0.20480779779073188;0.217947302335988;0.3764641669301894;0.16765611430010707;0.18370001854878393;0.20049781491854776;0.1757310361760288;0.2832983628942095;0.19058192075182423;0.1557103645037737;0.19147266897298504;1.0;0.2286393485135681;0.2373137906478847;0.0;0.3064727475907677;0.4339055638030217;0.29264650782583423;0.1723268489304598;0.16812680249109502;0.0;0.0;0.1584655023566043;0.18838976457085005;0.27788954036783037;0.22776195705254587;0.4097623335245287;0.2835889500646914;0.3087314334182489;0.29258833159477965;0.42147484020059406;0.4170371414031915;0.0;0.339115532872807;0.16753404911414338;0.2834888211934244;0.0;0.28360109714743104;0.28277260094095635;0.3598072174890168;0.3705961819194294;0.15462800997573356;0.2621694112064157;0.22245580124895117;0.6997391670683757;0.14386362984013387;0.16293760839655133;0.42147484020059406;0.3473967730183233;0.18001502911914774;0.2920481077893461;0.30671768745997774;0.4097623335245287;0.3622149106720536;0.3629650586361322;0.2688370525833332;0.2102340862946552;0.4097486159137139;0.12142849587775502;0.13746466997226278;0.33077216524568903;0.25571658219563004;0.20128538009002217;0.34711324397972776;0.17233130105465283;0.20049853295445116;0.15452662267907952;0.18237041415252975;0.26897673208137396;0.24560195869523538;0.19147266897298504;0.2463694375189088;0.2997000432122728
GO:0010976;0.28007161796908847;0.0;0.0;0.2012433459587312;0.25100998913715006;0.0;0.13765828609336914;0.20225875720426403;0.2133168191642661;0.0;0.12453419657889239;0.0;0.0;0.25735097078069175;0.5919791610676448;0.10677860936351137;0.0;0.2286393485135681;1.0;0.32845052730167057;0.0;0.23416850979656906;0.2776489520490733;0.3989155032083238;0.0;0.0;0.0;0.0;0.0;0.0;0.2670152018595691;0.0;0.2636496977342301;0.25759074314705616;0.3326081446448755;0.22440703432022827;0.27046037899480224;0.2168723242881415;0.0;0.2568302975124874;0.0;0.307905620574397;0.0;0.3080163868809239;0.35850453229809914;0.3770956408020977;0.29926941480419067;0.0;0.23979526549693453;0.2061357717783057;0.22064146404441082;0.0;0.0;0.27046037899480224;0.28186081258320905;0.1691764462587798;0.17225587021578978;0.23434005381225398;0.2636496977342301;0.5785309698990196;0.2608561504679905;0.24536132443084624;0.0;0.2636416996901821;0.0;0.0;0.4477479849078297;0.23438547378872895;0.6230034096181575;0.20239491681454289;0.0;0.0;0.0;0.0;0.24547766921702568;0.2904819246663364;0.0;0.1913728062515264;0.270814378637756
GO:0031116;0.2932454800879522;0.0;0.0;0.21144089266619098;0.2637054806938261;0.0;0.14409061007744203;0.21042151357624053;0.22084841469677374;0.0;0.129775146674009;0.0;0.0;0.27071306037559384;0.2209703696012852;0.11060864856593557;0.0;0.2373137906478847;0.32845052730167057;1.0;0.0;0.24518018042183426;0.2932659305150825;0.596262921429269;0.0;0.0;0.0;0.0;0.0;0.0;0.16046255450794827;0.0;0.277691716968332;0.27097839072832597;0.35135332548611586;0.2344999970117137;0.2852576027318308;0.22876209238991077;0.0;0.27013697552162574;0.0;0.3239028615939395;0.0;0.4825199738418893;0.3231208262258262;0.39776961544815465;0.3121447712395144;0.0;0.2513555477923216;0.2146210286831577;0.2287089437700703;0.0;0.0;0.2852576027318308;0.29325329759465;0.17484986122377164;0.17814129755497402;0.24536824381583894;0.277691716968332;0.30531159013479786;0.270584632255535;0.2574780619154604;0.0;0.27768284429717327;0.0;0.0;0.2637784010540449;0.24541803982345956;0.23298369174356365;0.2105688892185069;0.0;0.0;0.0;0.0;0.2576061843976596;0.6878524475576633;0.0;0.19866469929103545;0.2856514257324179
GO:0035434;0.0;0.0;0.0;0.0;0.0;0.0;0.19373578036789724;0.0;0.0;0.0;0.0;0.0;0.0;0.0;0.0;0.0;0.0;0.0;0.0;0.0;1.0;0.0;0.0;0.0;0.0;0.2546601003476976;0.2324292993937988;0.4242975151481016;0.0;0.0;0.0;0.0;0.0;0.0;0.0;0.0;0.0;0.0;0.2324292993937988;0.0;0.0;0.0;0.22430497077781786;0.0;0.0;0.0;0.0;0.0;0.0;0.0;0.0;0.0;0.3633550433936442;0.0;0.0;0.0;0.0;0.0;0.0;0.0;0.0;0.0;0.3376250694986131;0.0;0.0;0.0;0.0;0.0;0.0;0.0;0.0;0.0;0.0;0.0;0.0;0.0;0.0;0.0;0.0
GO:1902041;0.3405155026968159;0.0;0.0;0.30266281896491326;0.3771705876728094;0.0;0.19955144834129823;0.27688737680404624;0.2795564247719485;0.0;0.1731063024803663;0.0;0.0;0.3916716436553444;0.23417015405368113;0.14060651747741784;0.0;0.3064727475907677;0.23416850979656906;0.24518018042183426;0.0;1.0;0.44070620489933254;0.320226649306468;0.0;0.0;0.0;0.0;0.0;0.0;0.15929442645650313;0.0;0.40645009950402594;0.6213333267524354;0.44201380344710317;0.32014308542832215;0.42286619335155656;0.42415726145245647;0.0;0.6971863172848829;0.0;0.3920357831108757;0.0;0.39225053261037457;0.3906674046821384;0.42416192376473416;0.538255373229323;0.0;0.28203110298777884;0.2842050270470065;0.2922718476064048;0.0;0.0;0.42286619335155656;0.27743694329671076;0.21841675477167677;0.2682247444466344;0.3407482484259624;0.40645009950402594;0.2926534905084683;0.24987753314865394;0.29175782346030177;0.0;0.40643109149765955;0.0;0.0;0.37731977701723435;0.2727785351902062;0.25053976828872654;0.4948436006722932;0.0;0.0;0.0;0.0;0.5779112038129314;0.20894589206723732;0.0;0.7060393278404627;0.42373220131997413
GO:0007186;0.44092387483935014;0.23077251877327531;0.34925465126180444;0.40512492818055734;0.710373555949086;0.3958776174692267;0.3516437877340678;0.33981034038839547;0.2760392090343671;0.31422042732189637;0.29370146311844547;0.24852570321111261;0.2006857625770764;0.5306727858987527;0.27765126361023074;0.22813651497440285;0.23017476920544852;0.4339055638030217;0.2776489520490733;0.2932659305150825;0.0;0.44070620489933254;1.0;0.40749305902355315;0.3310364417038912;0.1874723451898795;0.0;0.0;0.28341370056068227;0.3958776174692267;0.14571816004292318;0.31161979683217794;0.7861043096265699;0.5316933283955532;0.6275044796502891;0.4073577542268415;0.8303733106208108;0.4738721362479019;0.0;0.5284635855699251;0.3137919325530099;0.5313414691227296;0.0;0.5317360288086944;0.5288309478384625;0.5921253669683854;0.3775755484708623;0.2713687425384645;0.3689933615973786;0.3508983778981445;0.40988660070025457;0.23987048810805878;0.2980441428653828;0.8303733106208108;0.3406384408838987;0.2557777195984864;0.2628829923851315;0.44131419655430737;0.7861043096265699;0.36386769554452814;0.30001184159482097;0.3858221410429002;0.26964792696430934;0.7860538247370689;0.1833789560859245;0.22259392299616704;0.5046648113825285;0.3533137890945794;0.3009669784114157;0.34019484866082117;0.33105287116508203;0.24852720864579705;0.27105662949408194;0.0;0.48254475307504696;0.29525440080644433;0.23017476920544852;0.31016800601465794;0.591288266054619
GO:2000251;0.3830363217875076;0.0;0.0;0.2828774623615855;0.3525764419826988;0.0;0.1878307694832269;0.2633990525560772;0.2680063846247811;0.0;0.16421710768205933;0.0;0.0;0.36521632796936815;0.26837713338951363;0.13468470205874195;0.0;0.29264650782583423;0.3989155032083238;0.596262921429269;0.0;0.320226649306468;0.40749305902355315;1.0;0.0;0.0;0.0;0.0;0.0;0.0;0.18033969798619987;0.0;0.37803313199227323;0.3656994062449629;0.48858086649677646;0.30224743910143154;0.39219401896772144;0.3147624448559071;0.0;0.3641686063506908;0.0;0.437072182215195;0.0;0.5081806220004857;0.43564940483942094;0.5473078341099867;0.39733800516170314;0.0;0.3308428264540801;0.2700126078272481;0.2796709018016136;0.0;0.0;0.39219401896772144;0.36722467215711185;0.20993639424357308;0.2146993216388768;0.32054753508330996;0.37803313199227323;0.38633163893964007;0.33235746160445817;0.34153225623067707;0.0;0.3780166889092669;0.0;0.0;0.3527068059440406;0.3206325254503021;0.2863071751076416;0.26363001982294443;0.0;0.0;0.0;0.0;0.3417577211039406;0.5891505490895824;0.0;0.2452325573280463;0.3929388424844588
GO:0031032;0.0;0.21513401436042465;0.5336736279440384;0.0;0.27269537564929297;0.35198538913079747;0.5603291487087645;0.0;0.0;0.8615149012333394;0.20156989268138317;0.2304825896744768;0.18875373721368324;0.0;0.0;0.15882325864579208;0.21461444265769417;0.1723268489304598;0.0;0.0;0.0;0.0;0.3310364417038912;0.0;1.0;0.17701891252040078;0.0;0.0;0.26018597092479134;0.35198538913079747;0.0;0.2837658224196526;0.29902831762604914;0.0;0.0;0.0;0.3142012809128186;0.0;0.0;0.0;0.28556588061939603;0.0;0.0;0.0;0.0;0.0;0.0;0.42403317594154327;0.0;0.0;0.16327826509283477;0.2230196323874406;0.27246460308042686;0.3142012809128186;0.0;0.0;0.0;0.0;0.29902831762604914;0.0;0.0;0.0;0.24853776703166156;0.29901092231120624;0.1733648412354016;0.2080092091695721;0.0;0.0;0.0;0.0;0.7047665182023493;0.23048388445260354;0.4235838415572774;0.0;0.0;0.23310546844314098;0.21461444265769417;0.0;0.0
GO:0043312;0.0;0.1436457572508572;0.18209832292288425;0.0;0.1672128906161045;0.1940115752924505;0.2096476992046601;0.0;0.0;0.1720940030109199;0.13746908201700667;0.20513385205670817;0.3970512513286199;0.0;0.0;0.11614925746423975;0.19569633340862339;0.16812680249109502;0.0;0.0;0.2546601003476976;0.0;0.1874723451898795;0.0;0.17701891252040078;1.0;0.17700621262233573;0.3792738984033294;0.1624244280648213;0.1940115752924505;0.0;0.2924954572183382;0.17675747065953681;0.0;0.0;0.0;0.18195124342188715;0.0;0.17700621262233573;0.0;0.17196539259942203;0.0;0.17225485530263002;0.0;0.0;0.0;0.0;0.15839523492020413;0.0;0.0;0.2023502414434102;0.14711908182081265;0.6155063474453838;0.18195124342188715;0.0;0.0;0.0;0.0;0.17675747065953681;0.0;0.12100599174645235;0.0;0.7434713442384192;0.17675139247969598;0.12373960588458703;0.1404339732046144;0.0;0.0;0.0;0.0;0.17702361039066583;0.20513460368233558;0.1582888489160439;0.18763369431425225;0.0;0.10427984591513795;0.19569633340862339;0.0;0.0
GO:0002175;0.0;0.0;0.0;0.0;0.0;0.0;0.2383275798914601;0.0;0.0;0.0;0.0;0.0;0.0;0.0;0.0;0.0;0.0;0.0;0.0;0.0;0.2324292993937988;0.0;0.0;0.0;0.0;0.17700621262233573;1.0;0.3328143461785945;0.0;0.0;0.0;0.0;0.0;0.0;0.0;0.0;0.0;0.0;0.9036140530693726;0.0;0.0;0.0;0.767953276056207;0.0;0.0;0.0;0.0;0.0;0.0;0.0;0.0;0.0;0.2724345170924405;0.0;0.0;0.0;0.0;0.0;0.0;0.0;0.0;0.0;0.2485127328675759;0.0;0.0;0.0;0.0;0.0;0.0;0.0;0.0;0.0;0.0;0.0;0.0;0.0;0.0;0.0;0.0
GO:0006897;0.0;0.0;0.0;0.0;0.0;0.0;0.2588016004937474;0.0;0.0;0.0;0.0;0.0;0.0;0.0;0.0;0.0;0.0;0.0;0.0;0.0;0.4242975151481016;0.0;0.0;0.0;0.0;0.3792738984033294;0.3328143461785945;1.0;0.0;0.0;0.0;0.0;0.0;0.0;0.0;0.0;0.0;0.0;0.3328143461785945;0.0;0.0;0.0;0.3164045757789033;0.0;0.0;0.0;0.0;0.0;0.0;0.0;0.0;0.0;0.6040792609215276;0.0;0.0;0.0;0.0;0.0;0.0;0.0;0.0;0.0;0.5462676081335438;0.0;0.0;0.0;0.0;0.0;0.0;0.0;0.0;0.0;0.0;0.0;0.0;0.0;0.0;0.0;0.0
GO:0006139;0.0;0.8438940316184814;0.27130933901113796;0.0;0.2395386849536119;0.29863025821728817;0.21262591166192663;0.0;0.0;0.24968361413778112;0.18286035848710933;0.20634221746113335;0.1722503386809837;0.0;0.0;0.14697447514807166;0.19353162591425174;0.1584655023566043;0.0;0.0;0.0;0.0;0.28341370056068227;0.0;0.26018597092479134;0.1624244280648213;0.0;0.0;1.0;0.29863025821728817;0.0;0.24803875474439332;0.259621551053419;0.0;0.0;0.0;0.27098297825642986;0.0;0.0;0.0;0.24941298258241185;0.0;0.0;0.0;0.0;0.0;0.0;0.22184695117760822;0.0;0.0;0.1507815910367594;0.5451512420977397;0.23936060105711185;0.27098297825642986;0.0;0.0;0.0;0.0;0.259621551053419;0.0;0.0;0.0;0.2206955558245419;0.25960843834305736;0.4335917598107705;0.8186150325569459;0.0;0.0;0.0;0.0;0.2601961201958008;0.20634325521661323;0.22163831463963152;0.0;0.0;0.12847077314424346;0.19353162591425174;0.0;0.0
GO:0030855;0.0;0.2407617807361181;0.3726543438515572;0.0;0.31522737822580277;0.8613692629559758;0.2702178405333424;0.0;0.0;0.33303461885474017;0.2239001756905698;0.2601497259103242;0.42076411815838943;0.0;0.0;0.17236847918713022;0.24011123551111754;0.18838976457085005;0.0;0.0;0.0;0.0;0.3958776174692267;0.0;0.35198538913079747;0.1940115752924505;0.0;0.0;0.29863025821728817;1.0;0.0;0.3301146822927867;0.35095321838712384;0.0;0.0;0.0;0.37203890385366706;0.0;0.0;0.0;0.33255331427218554;0.0;0.0;0.0;0.0;0.0;0.0;0.48320372346533486;0.0;0.0;0.177628361372366;0.2506813575393429;0.3149190458150008;0.37203890385366706;0.0;0.0;0.0;0.0;0.35095321838712384;0.0;0.0;0.0;0.28338637970964975;0.3509292575641479;0.1896309788153494;0.2318734556282411;0.0;0.0;0.0;0.0;0.3520039638538539;0.26015137546290457;0.3888202548782012;0.0;0.0;0.14746013555416598;0.24011123551111754;0.0;0.0
GO:0048298;0.13279857784532098;0.0;0.0;0.11057441880644389;0.13803008348861343;0.0;0.07826036913791509;0.2646369857637683;0.3322827897875971;0.0;0.07383660643581946;0.0;0.0;0.1399259674349484;0.17953514013978736;0.06721032497052978;0.0;0.27788954036783037;0.2670152018595691;0.16046255450794827;0.0;0.15929442645650313;0.14571816004292318;0.18033969798619987;0.0;0.0;0.0;0.0;0.0;0.0;1.0;0.0;0.1417674797640756;0.13999682064935412;0.14586083304541927;0.23045909061566305;0.14371343849228158;0.14386225925809978;0.0;0.16768399967676637;0.0;0.13997241475620478;0.0;0.13999978084426087;0.1677148140906741;0.20019212689143848;0.225411197722035;0.0;0.13456928228102422;0.26767056899876235;0.27181307337133376;0.0;0.0;0.14371343849228158;0.21753311038866052;0.21606390280085613;0.2610657546492948;0.2362413992362093;0.1417674797640756;0.34436897584036413;0.3408519419856503;0.13630451313385164;0.0;0.14176516722774488;0.0;0.0;0.2472579793818152;0.1328485551012555;0.18537021592487304;0.19404362908843698;0.0;0.0;0.0;0.0;0.13634041058894453;0.14836217648915742;0.0;0.14136881807108564;0.14381332894292242
GO:0002522;0.0;0.20676157047137492;0.29704816412231205;0.0;0.2593819194070194;0.3301146822927867;0.22811657954258713;0.0;0.0;0.2713191465787162;0.1942018461319494;0.6731965942349796;0.31122013186830993;0.0;0.0;0.1542131737838659;0.6286482504156411;0.22776195705254587;0.0;0.0;0.0;0.0;0.31161979683217794;0.0;0.2837658224196526;0.2924954572183382;0.0;0.0;0.24803875474439332;0.3301146822927867;0.0;1.0;0.283094595532872;0.0;0.0;0.0;0.2966569877371969;0.0;0.0;0.0;0.27099961157051905;0.0;0.0;0.0;0.0;0.0;0.0;0.238763782461327;0.0;0.0;0.27046819260676297;0.21403498168322987;0.2591731215769138;0.2966569877371969;0.0;0.0;0.0;0.0;0.283094595532872;0.0;0.16289371563357907;0.0;0.40538776315396635;0.28307900459783975;0.1678864870069575;0.20017203828128804;0.0;0.0;0.0;0.0;0.283777894685925;0.6732002187976953;0.23852213112828966;0.3120658533209399;0.0;0.13396745693840015;0.628648250415641;0.0;0.0
GO:0033209;0.40663523850786687;0.2147479889743614;0.31381510581616284;0.36936684024671534;0.7361876170717623;0.35095321838712384;0.3245962807845817;0.3190750096006686;0.26219776665312194;0.28523926357265544;0.2745909198091454;0.2300395747467451;0.1884565128614249;0.48177873397485954;0.26365178207001183;0.2164359980191691;0.21423027794061256;0.4097623335245287;0.2636496977342301;0.277691716968332;0.0;0.40645009950402594;0.7861043096265699;0.37803313199227323;0.29902831762604914;0.17675747065953681;0.0;0.0;0.259621551053419;0.35095321838712384;0.1417674797640756;0.283094595532872;1.0;0.48261973353400633;0.5602694833497406;0.37791668107438225;0.8479464733357255;0.425670463893577;0.0;0.47995717460949056;0.28488612111573475;0.4823298101418608;0.0;0.4826549152150619;0.4802601739480234;0.5318942958488347;0.35214766231246325;0.2494778293719815;0.339093736831553;0.32883171574700104;0.44119993733311413;0.22260481654735306;0.2718457176416009;0.8479464733357255;0.31980502306395475;0.24384974767046128;0.2502994208827284;0.406967190752128;0.9036595449209444;0.3401947298638944;0.28373277537492686;0.35325340391776766;0.24802270266307552;0.8070538644769412;0.1731140738325347;0.20764830771020512;0.46024528173155765;0.32580650252605997;0.28458692270250363;0.3194140005503174;0.2990417234731377;0.23004086455220668;0.24921401619452635;0.0;0.4417765264414287;0.28214868098456364;0.21423027794061256;0.2928000114619834;0.5312187363485701
GO:0070232;0.39239970173438815;0.0;0.0;0.3547592806310099;0.4418877279179167;0.0;0.22963690763121028;0.31024348607179675;0.25620460371709836;0.0;0.1953026253298153;0.0;0.0;0.461924252107881;0.25759273278270534;0.15490648760906833;0.0;0.2835889500646914;0.25759074314705616;0.27097839072832597;0.0;0.6213333267524354;0.5316933283955532;0.3656994062449629;0.0;0.0;0.0;0.0;0.0;0.0;0.13999682064935412;0.0;0.48261973353400633;1.0;0.5335977567480215;0.365590428940254;0.5059417005867152;0.40638639499347656;0.0;0.46024947397936383;0.0;0.4624308197372588;0.0;0.46272964478918654;0.460528093825555;0.5077976715935677;0.34142122513014256;0.0;0.32674247412420687;0.31945976423711286;0.26907545003662425;0.0;0.0;0.5059417005867152;0.31093360371422746;0.23865770868437086;0.2448321762696454;0.39270880992456253;0.48261973353400633;0.3301737477178582;0.2767278652640733;0.3398694485466718;0.0;0.48259293392578245;0.0;0.0;0.4420925211152721;0.3143879352028821;0.27754029775490324;0.310563961764101;0.0;0.0;0.0;0.0;0.6732885072555044;0.22739541312657863;0.0;0.45202119842371563;0.5071819004396317
GO:0001558;0.5287831311122503;0.0;0.0;0.4065062391002677;0.5061115599135722;0.0;0.2584542478700966;0.34058722115901796;0.2765516412757494;0.0;0.21576300004105103;0.0;0.0;0.5325698974312959;0.3326109189383695;0.1675052084221437;0.0;0.3087314334182489;0.3326081446448755;0.35135332548611586;0.0;0.44201380344710317;0.6275044796502891;0.48858086649677646;0.0;0.0;0.0;0.0;0.0;0.0;0.14586083304541927;0.0;0.5602694833497406;0.5335977567480215;1.0;0.4084746961153102;0.5919460975793561;0.4757631174277427;0.0;0.5303449065634204;0.0;0.6376056262223235;0.0;0.6380807907881861;0.6345822879208458;0.5944882726750249;0.3785349475018022;0.0;0.37013892352886646;0.35172684699256657;0.29160806657829114;0.0;0.0;0.5919460975793561;0.3414191170554119;0.2562176268772225;0.2633477017823868;0.4426254108445639;0.5602694833497406;0.36475861509831425;0.3006172406144942;0.38707475502973254;0.0;0.5602333666257542;0.0;0.0;0.5063802263491576;0.35436392462500976;0.47857180387493514;0.3409734905804887;0.0;0.0;0.0;0.0;0.4841128526713125;0.2908952217969288;0.0;0.31081513161999447;0.5936444822055211
GO:2000521;0.44565030066806977;0.0;0.0;0.28279598547840556;0.35247514447090605;0.0;0.1877821591533408;0.2633425130286939;0.35448410810318026;0.0;0.16417995022190784;0.0;0.0;0.508060256994456;0.3122724663652375;0.13465970646624936;0.0;0.29258833159477965;0.22440703432022827;0.2344999970117137;0.0;0.32014308542832215;0.4073577542268415;0.30224743910143154;0.0;0.0;0.0;0.0;0.0;0.0;0.23045909061566305;0.0;0.37791668107438225;0.365590428940254;0.4084746961153102;1.0;0.3920686817330701;0.31466156848894217;0.0;0.36406053934903254;0.0;0.3654240394048082;0.0;0.3656106167123963;0.3642348475098116;0.3931822994120466;0.28547004345266674;0.0;0.2647029555181154;0.26995319372997045;0.27961776966463014;0.0;0.0;0.3920686817330701;0.3165276846143616;0.2920839731956994;0.6289008838570858;0.5699357002926678;0.37791668107438225;0.33299312418272686;0.4246872990692213;0.2732530462123406;0.0;0.3779002481199884;0.0;0.0;0.42301985937781555;0.2565359636181472;0.23939815747672868;0.47002679334929176;0.0;0.0;0.0;0.0;0.4754355747645577;0.20113895747004726;0.0;0.34118162121133283;0.39281302881321245
GO:0031663;0.4230665931943884;0.22246300887685336;0.3305677947234281;0.3864002157346258;0.7700207252283917;0.37203890385366706;0.33756384029257136;0.32910467556229306;0.2689326828841249;0.2990129250960657;0.2838140613078448;0.2389151473206988;0.19437206291035414;0.5050175345583708;0.27046257240835125;0.222125667415994;0.22190747926782156;0.42147484020059406;0.27046037899480224;0.2852576027318308;0.0;0.42286619335155656;0.8303733106208108;0.39219401896772144;0.3142012809128186;0.18195124342188715;0.0;0.0;0.27098297825642986;0.37203890385366706;0.14371343849228158;0.2966569877371969;0.8479464733357255;0.5059417005867152;0.5919460975793561;0.3920686817330701;1.0;0.44845265950008695;0.0;0.503016374639989;0.2986248772462714;0.505623089083569;0.0;0.5059803647768942;0.503349198246627;0.5603620822831025;0.36440420012832325;0.2599508846251422;0.3533953852722546;0.3394943845448857;0.4531318765177647;0.23090560152143097;0.2843279477560712;0.8931468751811964;0.32988136004168184;0.2496646029360552;0.2564298091256602;0.4234259264227076;0.8479464733357255;0.3516198450003989;0.29163611109369614;0.36880177188347024;0.25837140811417886;0.8478947788571706;0.17809292544378538;0.21485307757866648;0.4814075322795789;0.33898751929001675;0.29253858112635955;0.3294653248925762;0.3142160817580328;0.23891653857513936;0.2596644695374804;0.0;0.4612385437378251;0.28854539125906614;0.22190747926782156;0.3012240502704738;0.5596123246437215
