;GO:0060003;GO:1990090;GO:0000187;GO:0050796;GO:0001666;GO:0045892;GO:0051482;GO:0033137;GO:0034622;GO:0015701;GO:0033138;GO:0002092;GO:2000251;GO:0034220;GO:0015680;GO:0051260;GO:0007268;GO:0042542;GO:0045779;GO:0045778;GO:0086091;GO:0050965;GO:0034613;GO:0015677;GO:0070509;GO:0014047;GO:0055075;GO:0008284;GO:0007196;GO:0048812;GO:0007595;GO:0045664;GO:0043524;GO:0006813;GO:0098712;GO:0070588;GO:0071435;GO:0032147;GO:0050856;GO:0032148;GO:0050731;GO:2000651;GO:0019229;GO:0050732;GO:0050908;GO:0060372;GO:0007517;GO:0010881;GO:0015810;GO:0035249;GO:1901385;GO:0006882;GO:0043267;GO:0043029;GO:0001984;GO:0006878;GO:0098656;GO:0060291;GO:0051967;GO:0060292;GO:0051209;GO:0035235;GO:0060316;GO:0007189;GO:0060314;GO:0038180;GO:0007218;GO:0051453;GO:0007219;GO:0043043;GO:0050804;GO:0086050;GO:2000288;GO:0010469;GO:1902083;GO:0030335;GO:0086052;GO:0046716;GO:0090630;GO:0045986;GO:0055024;GO:0034765;GO:0098914;GO:0071356;GO:0050930;GO:0030049;GO:1900087;GO:0044267;GO:0007169;GO:0051481;GO:0006874;GO:0048747;GO:0002027;GO:0014809;GO:0002548;GO:0035725;GO:0030279;GO:0031645;GO:0070778
GO:0060003;1.0;0.0;0.0;0.0;0.0;0.0;0.0;0.0;0.0;0.34601163670820334;0.0;0.0;0.0;0.4925396586639161;0.7580682587296238;0.0;0.0;0.0;0.0;0.0;0.0;0.0;0.21793901133260482;0.8023749613802857;0.4380994208886375;0.32714470552713937;0.0;0.0;0.0;0.0;0.19063648260684793;0.0;0.0;0.48510611934582537;0.3477640734255578;0.5008769824868188;0.4151707469653448;0.0;0.0;0.0;0.0;0.0;0.0;0.0;0.0;0.0;0.0;0.0;0.3440887606238992;0.0;0.0;0.0;0.0;0.0;0.0;0.0;0.4445956607847892;0.0;0.0;0.0;0.4533451915984958;0.0;0.0;0.0;0.0;0.0;0.0;0.0;0.0;0.0;0.0;0.3147271417068595;0.0;0.0;0.0;0.0;0.3147271417068595;0.0;0.0;0.0;0.0;0.0;0.3440887606238992;0.0;0.0;0.0;0.0;0.0;0.0;0.0;0.0;0.0;0.0;0.0;0.0;0.4847920990119121;0.0;0.0;0.3477640734255578
GO:1990090;0.0;1.0;0.0;0.0;0.22682842195535663;0.0;0.02366548275715926;0.0;0.03181880424469387;0.0;0.0;0.0;0.0;0.0;0.0;0.028570004561728358;0.028958319474393843;0.3469514666225731;0.0;0.0;0.0;0.1767643708771814;0.0;0.0;0.0;0.022292520168939445;0.0;0.0;0.021154061359467343;0.027730576301285094;0.0;0.0;0.0;0.0;0.0;0.0;0.021471514276913822;0.0;0.0;0.0;0.0;0.0;0.0;0.0;0.17847456810663032;0.0;0.0;0.022292520168939445;0.0;0.02308442892073447;0.0;0.023213193728767175;0.0;0.0;0.0;0.02186586001337612;0.0;0.0;0.0;0.0;0.023954946227021073;0.022875990475104722;0.020972067521626378;0.025669975920026882;0.0;0.02161214347188439;0.025829299938061552;0.025184700811540624;0.026123442886886162;0.027938243478851724;0.0;0.0;0.0;0.0;0.0;0.0;0.0;0.022476386615345928;0.0;0.0;0.0;0.0;0.0;0.4785769048338572;0.0;0.02366548275715926;0.0;0.037524695554181864;0.030041630974741662;0.02209050384407466;0.029384690287987982;0.024446833663443416;0.0;0.020275980933668714;0.023862330053545055;0.0;0.0;0.0;0.0
GO:0000187;0.0;0.0;1.0;0.3512577489780385;0.0;0.28637075034446235;0.06582891910812211;0.44888199022768116;0.0;0.0;0.5859444453588937;0.3068571691592395;0.21416942919066326;0.0;0.0;0.0;0.0;0.0;0.06824933485451382;0.22221281756883549;0.07509468977962054;0.0;0.0;0.0;0.0;0.0;0.0642359376664363;0.3219355851141623;0.07574619749374094;0.0;0.06672643956180327;0.11508340802388271;0.09711766240262013;0.0;0.05629516102779688;0.0;0.0;0.9174738963494579;0.3189873008401843;0.7287548583689742;0.6204459723894252;0.38796685150484533;0.08016785267147845;0.47375033751664647;0.0;0.06532770214013289;0.0;0.08025427140375978;0.0;0.0;0.3145181183331169;0.06443149823468423;0.07341035717780722;0.06403476036637262;0.04935643173082417;0.06030419875259485;0.0;0.44001613231405007;0.27847494088569424;0.2800026470309319;0.0869254191722124;0.08258364709995127;0.45858625235510525;0.09391985744424618;0.40339273936412273;0.07755427034540745;0.09457551479383818;0.07056735483969052;0.09578864036554277;0.0;0.37966785940676256;0.04935643173082417;0.20213902134856018;0.4245112637050872;0.3543566512519161;0.29604805757735997;0.04935643173082417;0.06216787996238341;0.5043851744517529;0.06913358845134754;0.07994834285247603;0.097261996419411;0.05550120416315479;0.0;0.3462355408431713;0.0;0.22331414485652532;0.0;0.11228395979028763;0.06098868641634497;0.08403533787919253;0.0;0.0823067321464868;0.07230215590892211;0.0;0.0;0.08016785267147845;0.07186361041359336;0.0
GO:0050796;0.0;0.0;0.3512577489780385;1.0;0.0;0.12800890826654485;0.3035973570909683;0.08392577967046255;0.0;0.0;0.09566731070371476;0.4103996733005466;0.08124326429030926;0.0;0.0;0.0;0.0;0.0;0.2742149046950865;0.08234958087106498;0.30207910757667006;0.0;0.0;0.0;0.0;0.0;0.29615621211353954;0.12288538669636588;0.07662659337288799;0.0;0.3077919510994127;0.11712802125901553;0.09856970488832939;0.0;0.2591338705119292;0.0;0.0;0.10802952312198301;0.3046762177886171;0.08552022819004917;0.10138701393122415;0.38913045585259654;0.32277257166813755;0.08863783366095006;0.0;0.3697808300626884;0.0;0.40013739603398685;0.0;0.0;0.4279308670007362;0.29706946037702053;0.41611819741544237;0.2952168088696644;0.22687943492360932;0.2778105400704807;0.0;0.311744152568313;0.28185311941352675;0.28341821973132175;0.36254575834767083;0.08363125879756991;0.373790147276347;0.09527718285313731;0.41334925708378584;0.07847745434770959;0.0959519962832509;0.32575965144077834;0.09720092440460339;0.0;0.38597506095445716;0.22687943492360932;0.07662659337288799;0.407232517448289;0.07310388819038618;0.46440269896294817;0.22687943492360932;0.28650296329110614;0.07266948829329929;0.06996732591312005;0.08106543793325756;0.5536236786951867;0.2554386594160985;0.0;0.06996732591312005;0.0;0.08475682837799935;0.0;0.11422947006564034;0.2810023161926125;0.38898164402008223;0.0;0.33150807624664397;0.3600495341488882;0.0;0.0;0.08129113356171086;0.0727649242828912;0.0
GO:0001666;0.0;0.22682842195535663;0.0;0.0;1.0;0.0;0.0;0.0;0.0;0.0;0.0;0.0;0.0;0.0;0.0;0.0;0.0;0.3790048452861816;0.0;0.0;0.0;0.5039281808938837;0.0;0.0;0.0;0.0;0.0;0.0;0.0;0.0;0.0;0.0;0.0;0.0;0.0;0.0;0.0;0.0;0.0;0.0;0.0;0.0;0.0;0.0;0.5095951652322604;0.0;0.0;0.0;0.0;0.0;0.0;0.0;0.0;0.0;0.0;0.0;0.0;0.0;0.0;0.0;0.0;0.0;0.0;0.0;0.0;0.0;0.0;0.0;0.0;0.0;0.0;0.0;0.0;0.0;0.0;0.0;0.0;0.0;0.0;0.0;0.0;0.0;0.0;0.2520848072732071;0.0;0.0;0.0;0.0;0.0;0.0;0.0;0.0;0.0;0.0;0.0;0.0;0.0;0.0;0.0
GO:0045892;0.0;0.0;0.28637075034446235;0.12800890826654485;0.0;1.0;0.08131873290268811;0.4364217776457416;0.0;0.0;0.2720332622189823;0.22281909445540687;0.09766403373421526;0.0;0.0;0.0;0.0;0.0;0.25098894351552475;0.10212762828271023;0.09265715665033908;0.0;0.0;0.0;0.0;0.0;0.07890164424368873;0.16479527159272941;0.09106828856370207;0.0;0.08269273577761975;0.1546040033806581;0.3585259906671613;0.0;0.06724988628679648;0.0;0.0;0.31730763653526584;0.10528979061283708;0.23697481167797613;0.292616218265514;0.08311999690668995;0.10050471853574809;0.4664294573517716;0.0;0.07822647747273057;0.0;0.09766403373421526;0.0;0.0;0.09322494834802177;0.0791969005834332;0.27428537850236373;0.07859833578448087;0.057579867079940575;0.07305140435852694;0.0;0.10827966429296977;0.27748087575233576;0.2793293399217177;0.31189639910610845;0.10113552201216056;0.09003505589003874;0.11867797210475184;0.10156655100741038;0.09369450595961193;0.11972679526707179;0.08867405329994668;0.12167760560085492;0.0;0.14161927233323277;0.057579867079940575;0.09106828856370207;0.1518703360713783;0.3701154166255067;0.1472106627863745;0.057579867079940575;0.07580423870042247;0.09037562121961254;0.2549281978380521;0.10015995224622151;0.12890814474515255;0.0661199664954233;0.0;0.08374716568965385;0.0;0.10278622003961259;0.0;0.14959356579439628;0.07405826860227818;0.11103519617017005;0.0;0.10388932419037236;0.0861353586526052;0.0;0.0;0.3059385539743014;0.2672256834437196;0.0
GO:0051482;0.0;0.02366548275715926;0.06582891910812211;0.3035973570909683;0.0;0.08131873290268811;1.0;0.05668048451358154;0.031310115971072694;0.0;0.06354180531404988;0.056324331366416625;0.0550804142117651;0.0;0.0;0.028159219988364594;0.028536374952213717;0.0;0.24315324235383495;0.06233690382332221;0.2648130353452936;0.0;0.0;0.0;0.0;0.022041628613433593;0.5419196435491459;0.07860650568332152;0.05229756580185566;0.02734341244764057;0.269193070702591;0.07551340446258872;0.06520301887688722;0.0;0.2312209696862684;0.0;0.021238665959601426;0.07052477715506461;0.05817606841681757;0.057625731082981295;0.06680264657191344;0.053737924558738465;0.2805824567355918;0.05946157113584477;0.0;0.2337722373261047;0.0;0.25072185303049854;0.0;0.02281550317498554;0.05843223136039754;0.5922857672190787;0.05701427001460949;0.3985037869905168;0.20519195755040617;0.5301306784495047;0.0;0.270182993432259;0.05432012056866398;0.24847513642790586;0.688233923594384;0.05650540937373583;0.6034427599648143;0.06331747577405106;0.2580052512545591;0.05341768634804152;0.06370534839492076;0.5877775546722813;0.0644212726418303;0.027545300255035644;0.07135083207851996;0.20519195755040617;0.05229756580185566;0.0746583315633533;0.050148998868339165;0.07317501720723563;0.20519195755040617;0.474667772548395;0.06296640877676545;0.054037861104566445;0.06149158852262127;0.0729404336097939;0.22827442574331075;0.02583733568702962;0.054037861104566445;0.023382931321983547;0.057173698151678644;0.03681923117736167;0.07393767843442768;0.6167828736361183;0.7619036298259388;0.02414543532572892;0.2871602790876464;0.22827442574331075;0.023575087122226664;0.0;0.061640410481774446;0.05594221367068013;0.0
GO:0033137;0.0;0.0;0.44888199022768116;0.08392577967046255;0.0;0.4364217776457416;0.05668048451358154;1.0;0.0;0.0;0.836123941222985;0.1576734870540912;0.06972276648428098;0.0;0.0;0.0;0.0;0.0;0.18129016111798527;0.0691828895704282;0.0647029498503783;0.0;0.0;0.0;0.0;0.0;0.05549551450042271;0.09831421682459249;0.06629495352102335;0.0;0.05734461880129198;0.0945942108958734;0.23773096148160933;0.0;0.04946728468493297;0.0;0.0;0.47975119092421675;0.07352438050185192;0.39459960206389455;0.4552951619900216;0.05990330160724577;0.06843431121050626;0.6008728612169077;0.0;0.057319181108117956;0.0;0.06972276648428098;0.0;0.0;0.06497931107021487;0.05564141643537526;0.1931390185612055;0.055345295898913155;0.04402833034632626;0.05253630019096543;0.0;0.07496994761288162;0.1991599597555955;0.20011041824596593;0.21628961654302928;0.07147423134874605;0.06574570715869288;0.07981166255964058;0.07168923979923034;0.06767585792175514;0.08028463911320344;0.06015861452356514;0.08115715289806069;0.0;0.08956946172291491;0.04402833034632626;0.06629495352102335;0.09356376729040032;0.4632856946723729;0.09177410493653707;0.04402833034632626;0.05394516735490289;0.06093697386508258;0.18333643885928155;0.06827429081754224;0.08051378660919783;0.04885319126026569;0.0;0.060228359405942226;0.0;0.07229474390970289;0.0;0.0926946156526132;0.053055046450642254;0.06967854230767637;0.0;0.06998684484768626;0.06364170119200789;0.0;0.0;0.20831553502159933;0.18961173542463494;0.0
GO:0034622;0.0;0.03181880424469387;0.0;0.0;0.0;0.0;0.031310115971072694;0.0;1.0;0.0;0.0;0.0;0.0;0.0;0.0;0.6896866442250451;0.04129617949009084;0.0;0.0;0.0;0.0;0.0;0.0;0.0;0.0;0.028951084774338883;0.0;0.0;0.027059812653929694;0.3282596485016832;0.0;0.0;0.0;0.0;0.0;0.0;0.02758144521509332;0.0;0.0;0.0;0.0;0.0;0.0;0.0;0.0;0.0;0.0;0.028951084774338883;0.0;0.030301039514064387;0.0;0.030523284486843903;0.0;0.0;0.0;0.02823557136509326;0.0;0.0;0.0;0.0;0.03181880424469387;0.029942917983291992;0.026762730284456034;0.034917492493716264;0.0;0.027813929900165492;0.03521294559835318;0.03402567586250101;0.03576190264657701;0.03925239047648047;0.0;0.0;0.0;0.0;0.0;0.0;0.0;0.029261959247808136;0.0;0.0;0.0;0.0;0.0;0.03587314897648161;0.0;0.031310115971072694;0.0;0.06122933274885063;0.04353492195217806;0.028611284385505333;0.04216873577569376;0.03269254066635862;0.0;0.02563947197817564;0.03165560682681867;0.0;0.0;0.0;0.0
GO:0015701;0.34601163670820334;0.0;0.0;0.0;0.0;0.0;0.0;0.0;0.0;1.0;0.0;0.0;0.0;0.5815627892199123;0.35555923767872527;0.0;0.0;0.0;0.0;0.0;0.0;0.0;0.2931252903428262;0.38098985416128395;0.43164881703801644;0.5825938313825665;0.0;0.0;0.0;0.0;0.23934117330657093;0.0;0.0;0.4913259017683152;0.5368802278280301;0.49392142900119856;0.39004750035644775;0.0;0.0;0.0;0.0;0.0;0.0;0.0;0.0;0.0;0.0;0.0;0.5299789146634747;0.0;0.0;0.0;0.0;0.0;0.0;0.0;0.6811477764688603;0.0;0.0;0.0;0.4350746940568938;0.0;0.0;0.0;0.0;0.0;0.0;0.0;0.0;0.0;0.0;0.3308253014216867;0.0;0.0;0.0;0.0;0.3308253014216867;0.0;0.0;0.0;0.0;0.0;0.3683648675452928;0.0;0.0;0.0;0.0;0.0;0.0;0.0;0.0;0.0;0.0;0.0;0.0;0.47364825663451554;0.0;0.0;0.5368802278280301
GO:0033138;0.0;0.0;0.5859444453588937;0.09566731070371476;0.0;0.2720332622189823;0.06354180531404988;0.836123941222985;0.0;0.0;1.0;0.29661285062490744;0.20719031561091714;0.0;0.0;0.0;0.0;0.0;0.06609776644875254;0.21392809243227534;0.0724980858001502;0.0;0.0;0.0;0.0;0.0;0.062056342952194234;0.30642029687951666;0.07341224506711155;0.0;0.06437764758533268;0.10978065744987592;0.09331395185674407;0.0;0.054614085480770506;0.0;0.0;0.6322350657503842;0.08238228486262726;0.5066385244738472;0.5954890672302989;0.18206145165792054;0.07721545773212811;0.4569748943765838;0.0;0.06335373659477554;0.0;0.07763903505792268;0.0;0.0;0.07284522651663869;0.062238838658628434;0.07092700170738171;0.061868566404558026;0.04805944944291943;0.058379256906837824;0.0;0.2247030225908296;0.0764807725723584;0.07688680400840746;0.08386561666448336;0.07981701015540076;0.19411479966528206;0.09035791984431989;0.08008523560002484;0.0751093627406264;0.09096462762635531;0.06794568952471632;0.09208633812304166;0.0;0.10307024811027428;0.04805944944291943;0.19591055213158143;0.10839521683337583;0.3439197628936852;0.2828766366014576;0.04805944944291943;0.06012413637165438;0.06894026162078923;0.0669268078272767;0.07701179772896151;0.09295015055003036;0.05386652376544884;0.0;0.1831592609681387;0.0;0.21573685483123947;0.0;0.10723039004754197;0.059020511256933375;0.08034364973859633;0.0;0.07919775051348336;0.07017263604069093;0.0;0.0;0.07721545773212811;0.06948210299938387;0.0
GO:0002092;0.0;0.0;0.3068571691592395;0.4103996733005466;0.0;0.22281909445540687;0.056324331366416625;0.1576734870540912;0.0;0.0;0.29661285062490744;1.0;0.40275772076655086;0.0;0.0;0.0;0.0;0.0;0.059212961388398516;0.18806737379094074;0.06429810567253655;0.0;0.0;0.0;0.0;0.0;0.05515405240818077;0.2601743683289882;0.06592070451414411;0.0;0.056980097388524484;0.09383408847274918;0.08153583416093046;0.0;0.04919579505644232;0.0;0.0;0.3278006021698781;0.07306434092955379;0.26997961727123615;0.3112099023350421;0.4294835003636278;0.06798158998424234;0.16512607842265634;0.0;0.3190166537868833;0.0;0.3413587270937397;0.0;0.0;0.3613821216534739;0.05529816207592622;0.3529214954438082;0.05500567422859189;0.04381312964590267;0.05223018264936246;0.0;0.19879122247629352;0.0683844064831006;0.06870883967584908;0.30550881685467635;0.07103941365552983;0.414898435421331;0.0792698702317262;0.35092772333194444;0.06728590139753303;0.07973642831759337;0.05975756509079393;0.08059700328111925;0.0;0.08888765736820158;0.04381312964590267;0.17591835812217224;0.09282005005823396;0.14006965291326418;0.3747762068601461;0.04381312964590267;0.05362246177079258;0.060525514867853375;0.05987742191607121;0.06782367734741562;0.4471053945772166;0.04858838236676683;0.0;0.16386713639665448;0.0;0.19174126659227417;0.0;0.09196459771849017;0.05274287178194906;0.06914108688836958;0.0;0.06951342036610157;0.3117475570758745;0.0;0.0;0.06798158998424234;0.06191457661061431;0.0
GO:2000251;0.0;0.0;0.21416942919066326;0.08124326429030926;0.0;0.09766403373421526;0.0550804142117651;0.06972276648428098;0.0;0.0;0.20719031561091714;0.40275772076655086;1.0;0.0;0.0;0.0;0.0;0.0;0.05801156037177137;0.18365329501473734;0.06288395815859812;0.0;0.0;0.0;0.0;0.0;0.05396074165994504;0.2525947238782501;0.06460980428665976;0.0;0.055707373818147096;0.09120015035696162;0.07953973536103477;0.0;0.04824415889286643;0.0;0.0;0.22840173359421012;0.07145739224883689;0.1889919567085689;0.217131318408386;0.15966214103054324;0.06640276444087062;0.07294429269029834;0.0;0.05588706559605263;0.0;0.06786129567721351;0.0;0.0;0.06314496779019174;0.05409867508856425;0.06169852802378987;0.053818706363081094;0.043056743319223614;0.051158810874951416;0.0;0.19433558762142622;0.06697473644713542;0.06728590139753303;0.07257073585711789;0.06951937510977287;0.17102757899503054;0.07738189250116176;0.06972276648428098;0.06592070451414411;0.0778264288157733;0.05835926331566704;0.07864605739487686;0.0;0.08652059165717525;0.043056743319223614;0.17242004272368394;0.09024195072701528;0.06208715716471687;0.2363770362250896;0.043056743319223614;0.0524938275779184;0.05909147399237539;0.05864918612382738;0.06625209332682176;0.07771641740885586;0.04765987877387211;0.0;0.16050581128187275;0.0;0.18759276064729752;0.0;0.0894331521886232;0.05165058363502477;0.0672760187623643;0.0;0.06786350520976113;0.06208715716471687;0.0;0.0;0.06640276444087062;0.06060226068600027;0.0
GO:0034220;0.4925396586639161;0.0;0.0;0.0;0.0;0.0;0.0;0.0;0.0;0.5815627892199123;0.0;0.0;0.0;1.0;0.4486076026688441;0.0;0.0;0.0;0.0;0.0;0.0;0.0;0.4459636015460769;0.4898621706446393;0.5769185815689294;0.5301721320927038;0.0;0.0;0.0;0.0;0.3207472727924182;0.0;0.0;0.6887253145739755;0.5419410013353521;0.7883045024934268;0.5736877001422231;0.0;0.0;0.0;0.0;0.0;0.0;0.0;0.0;0.0;0.0;0.0;0.533067936066117;0.0;0.0;0.0;0.0;0.0;0.0;0.0;0.8203840061552857;0.0;0.0;0.0;0.6624397672584077;0.0;0.0;0.0;0.0;0.0;0.0;0.0;0.0;0.0;0.0;0.46575271601309914;0.0;0.0;0.0;0.0;0.46575271601309914;0.0;0.0;0.0;0.0;0.0;0.533067936066117;0.0;0.0;0.0;0.0;0.0;0.0;0.0;0.0;0.0;0.0;0.0;0.0;0.7435948527794205;0.0;0.0;0.5419410013353521
GO:0015680;0.7580682587296238;0.0;0.0;0.0;0.0;0.0;0.0;0.0;0.0;0.35555923767872527;0.0;0.0;0.0;0.4486076026688441;1.0;0.0;0.0;0.0;0.0;0.0;0.0;0.0;0.36331677125622713;0.8222414241572031;0.4501288224617574;0.335666669711788;0.0;0.0;0.0;0.0;0.19590501390212536;0.0;0.0;0.4998990276977689;0.31353677914180433;0.502008795267769;0.4139398681428182;0.0;0.0;0.0;0.0;0.0;0.0;0.0;0.0;0.0;0.0;0.0;0.31014344040576497;0.0;0.0;0.0;0.0;0.0;0.0;0.0;0.403572325195505;0.0;0.0;0.0;0.4530530163942729;0.0;0.0;0.0;0.0;0.0;0.0;0.0;0.0;0.0;0.0;0.28309699541337513;0.0;0.0;0.0;0.0;0.28309699541337513;0.0;0.0;0.0;0.0;0.0;0.31014344040576497;0.0;0.0;0.0;0.0;0.0;0.0;0.0;0.0;0.0;0.0;0.0;0.0;0.485410210253959;0.0;0.0;0.31353677914180433
GO:0051260;0.0;0.028570004561728358;0.0;0.0;0.0;0.0;0.028159219988364594;0.0;0.6896866442250451;0.0;0.0;0.0;0.0;0.0;0.0;1.0;0.0359853285030554;0.0;0.0;0.0;0.0;0.0;0.0;0.0;0.0;0.026236522087926636;0.0;0.0;0.02467371557432824;0.28824563786809076;0.0;0.0;0.0;0.0;0.0;0.0;0.025106674436893597;0.0;0.0;0.0;0.0;0.0;0.0;0.0;0.0;0.0;0.0;0.026236522087926636;0.0;0.027340365367034714;0.0;0.027521172014080202;0.0;0.0;0.0;0.0256475317157401;0.0;0.0;0.0;0.0;0.028570004561728358;0.027048470930890994;0.0244264765302036;0.031043629082837247;0.0;0.025299165406509058;0.031276942617258746;0.03033671474245748;0.03170928330862207;0.03442347513691897;0.0;0.0;0.0;0.0;0.0;0.0;0.0;0.02649157534253356;0.0;0.0;0.0;0.0;0.0;0.031796714066345065;0.0;0.028159219988364594;0.0;0.05023654049287075;0.0376735055726143;0.025957148769113186;0.03664609214227293;0.029272457786128935;0.0;0.023487327377323248;0.02843836280016575;0.0;0.0;0.0;0.0
GO:0007268;0.0;0.028958319474393843;0.0;0.0;0.0;0.0;0.028536374952213717;0.0;0.04129617949009084;0.0;0.0;0.0;0.0;0.0;0.0;0.0359853285030554;1.0;0.0;0.0;0.0;0.6239237571882814;0.0;0.0;0.0;0.0;0.026563632320144293;0.0;0.0;0.024962802398158162;0.034663684246793405;0.0;0.0;0.0;0.0;0.0;0.0;0.0254060572521794;0.0;0.0;0.0;0.0;0.0;0.0;0.0;0.0;0.0;0.0;0.026563632320144293;0.0;0.7566413766404769;0.0;0.027881319722669426;0.0;0.0;0.0;0.0259600325730677;0.0;0.0;0.0;0.0;0.028958319474393843;0.027396274985373545;0.02470976562456365;0.031502636595343345;0.0;0.02560318430526784;0.0317429273337372;0.03077490802552574;0.03218833832057839;0.03498878157968451;0.0;0.0;0.0;0.0;0.0;0.0;0.0;0.02682511679124922;0.0;0.0;0.0;0.0;0.0;0.03227843454584787;0.0;0.028536374952213717;0.0;0.05144965728718388;0.038351647288694946;0.026277287279497824;0.03728743548157016;0.029680238783291523;0.0;0.023749134704280805;0.028823083392934244;0.0;0.0;0.0;0.0
GO:0042542;0.0;0.3469514666225731;0.0;0.0;0.3790048452861816;0.0;0.0;0.0;0.0;0.0;0.0;0.0;0.0;0.0;0.0;0.0;0.0;1.0;0.0;0.0;0.0;0.18981308237992459;0.0;0.0;0.0;0.0;0.0;0.0;0.0;0.0;0.0;0.0;0.0;0.0;0.0;0.0;0.0;0.0;0.0;0.0;0.0;0.0;0.0;0.0;0.1917865013807757;0.0;0.0;0.0;0.0;0.0;0.0;0.0;0.0;0.0;0.0;0.0;0.0;0.0;0.0;0.0;0.0;0.0;0.0;0.0;0.0;0.0;0.0;0.0;0.0;0.0;0.0;0.0;0.0;0.0;0.0;0.0;0.0;0.0;0.0;0.0;0.0;0.0;0.0;0.38209570380880414;0.0;0.0;0.0;0.0;0.0;0.0;0.0;0.0;0.0;0.0;0.0;0.0;0.0;0.0;0.0
GO:0045779;0.0;0.0;0.06824933485451382;0.2742149046950865;0.0;0.25098894351552475;0.24315324235383495;0.18129016111798527;0.0;0.0;0.06609776644875254;0.059212961388398516;0.05801156037177137;0.0;0.0;0.0;0.0;0.0;1.0;0.29221827635512987;0.2743805824390908;0.0;0.0;0.0;0.0;0.0;0.23835669915288382;0.08001136129371024;0.05530778776722128;0.0;0.24583649213331632;0.34730338621676154;0.20596445341922087;0.0;0.21377544501850163;0.0;0.0;0.0726223789791308;0.060993273216225566;0.06046517600664679;0.06916102087707399;0.05670999651689509;0.2892474981891542;0.1894097070425666;0.0;0.2159544379509595;0.0;0.26096723267464794;0.0;0.0;0.06123879299283058;0.23894790755200862;0.18226817749055466;0.23774781590463098;0.19133542048833685;0.22632770951186285;0.0;0.24666182225674907;0.17434658706639344;0.2284416208309088;0.24583649213331632;0.059387483231223386;0.21787819268043407;0.06588595890199977;0.2364721063446921;0.056398756957575444;0.06625209332682176;0.2571656398003153;0.0669268078272767;0.0;0.07338552472261577;0.19133542048833685;0.05530778776722128;0.07642301928977294;0.16195708204874593;0.07506436628939421;0.19133542048833685;0.23206369383058922;0.05718196034481391;0.38869463024094447;0.2886119379737868;0.07484896685811254;0.21125433445106911;0.0;0.05700123764407563;0.0;0.060030770787077824;0.0;0.07576365451156368;0.2284416208309088;0.2950190271028976;0.0;0.29540445231298956;0.23934459184768017;0.0;0.0;0.4384523817822283;0.40126307351486395;0.0
GO:0045778;0.0;0.0;0.22221281756883549;0.08234958087106498;0.0;0.10212762828271023;0.06233690382332221;0.0691828895704282;0.0;0.0;0.21392809243227534;0.18806737379094074;0.18365329501473734;0.0;0.0;0.0;0.0;0.0;0.29221827635512987;1.0;0.31998004682944037;0.0;0.0;0.0;0.0;0.0;0.06090660898158183;0.26931393742264903;0.06351547375747503;0.0;0.06314114697742435;0.42373796239555783;0.08036702878770921;0.0;0.05372160159825945;0.0;0.0;0.23936059998845957;0.07112977983542682;0.1926988613669751;0.22575327910124643;0.17890344422850865;0.34038278120614046;0.07280852351822911;0.0;0.06230634347830652;0.0;0.3018848971648024;0.0;0.0;0.07146391036440647;0.061082395463002745;0.06961682157812159;0.06072571580636862;0.047366978997358034;0.057360620560903845;0.0;0.19887721579818646;0.06612374983079368;0.06646860513982605;0.0723859061189412;0.06895541835470329;0.17225674156575155;0.07787374010713771;0.0691828895704282;0.0649584930903757;0.07838574749292836;0.066569792666462;0.07933199733588332;0.0;0.08857220136580606;0.047366978997358034;0.17382342907320023;0.09303518806918232;0.060757786078153596;0.24912113388830948;0.047366978997358034;0.05904426180487391;0.06752420962328542;0.29581951644594257;0.3395029811691302;0.09071285102706242;0.05299811118589777;0.0;0.17996338814957424;0.0;0.19108858317508484;0.0;0.09205984341153295;0.05797957353220087;0.07842690880204646;0.0;0.34894131248964183;0.2733212345029333;0.0;0.0;0.839340961861012;0.3069095749165662;0.0
GO:0086091;0.0;0.0;0.07509468977962054;0.30207910757667006;0.0;0.09265715665033908;0.2648130353452936;0.0647029498503783;0.0;0.0;0.0724980858001502;0.06429810567253655;0.06288395815859812;0.0;0.0;0.0;0.6239237571882814;0.0;0.2743805824390908;0.31998004682944037;1.0;0.0;0.0;0.0;0.0;0.0;0.2591338705119292;0.08958495665122816;0.05971932005430285;0.0;0.26799874956442116;0.38723332351794504;0.07438418181056265;0.0;0.23033927203713583;0.0;0.0;0.08042319656598372;0.06640276444087062;0.06577731970189793;0.07619991088355171;0.06135745221475807;0.7244439499362801;0.06786350520976113;0.0;0.23287101313528047;0.0;0.6886828326031061;0.0;0.49937682485944573;0.06669386966148262;0.2598327915965304;0.06508234877536309;0.2584143702274693;0.2044972974060701;0.24497865493854215;0.0;0.26897989184887605;0.062019488140119546;0.24745723069387243;0.26799874956442116;0.06450394223649639;0.23510952530771032;0.07224335221704994;0.2569079382054271;0.060993273216225566;0.07268378895425415;0.2815187935999545;0.07349666725887491;0.0;0.08136015365603351;0.2044972974060701;0.05971932005430285;0.08511054010659472;0.057275078387956486;0.08342883416202877;0.2044972974060701;0.25171302473421914;0.06266904949553832;0.5311758142911291;0.31566099292731364;0.08316284103699763;0.22741501482127696;0.0;0.06169852802378987;0.0;0.06526355684214348;0.0;0.08429354714701737;0.24745723069387243;0.3275221907115198;0.0;0.9160105162849292;0.4930933909732889;0.0;0.0;0.3164214235533461;0.5498164420795747;0.0
GO:0050965;0.0;0.1767643708771814;0.0;0.0;0.5039281808938837;0.0;0.0;0.0;0.0;0.0;0.0;0.0;0.0;0.0;0.0;0.0;0.0;0.18981308237992459;0.0;0.0;0.0;1.0;0.0;0.0;0.0;0.0;0.0;0.0;0.0;0.0;0.0;0.0;0.0;0.0;0.0;0.0;0.0;0.0;0.0;0.0;0.0;0.0;0.0;0.0;0.7169806787044986;0.0;0.0;0.0;0.0;0.0;0.0;0.0;0.0;0.0;0.0;0.0;0.0;0.0;0.0;0.0;0.0;0.0;0.0;0.0;0.0;0.0;0.0;0.0;0.0;0.0;0.0;0.0;0.0;0.0;0.0;0.0;0.0;0.0;0.0;0.0;0.0;0.0;0.0;0.19173436920561782;0.0;0.0;0.0;0.0;0.0;0.0;0.0;0.0;0.0;0.0;0.0;0.0;0.0;0.0;0.0
GO:0034613;0.21793901133260482;0.0;0.0;0.0;0.0;0.0;0.0;0.0;0.0;0.2931252903428262;0.0;0.0;0.0;0.4459636015460769;0.36331677125622713;0.0;0.0;0.0;0.0;0.0;0.0;0.0;1.0;0.2465090462653993;0.2907607920722872;0.26698227051687196;0.0;0.0;0.0;0.0;0.2938850007195587;0.0;0.0;0.3477919404822712;0.23998060822516118;0.35040432080199185;0.2541628759861841;0.0;0.0;0.0;0.0;0.0;0.0;0.0;0.0;0.0;0.0;0.0;0.23601920554357345;0.0;0.0;0.0;0.0;0.0;0.0;0.0;0.36484476010591094;0.0;0.0;0.0;0.2938850007195587;0.0;0.0;0.0;0.0;0.0;0.0;0.0;0.0;0.0;0.0;0.20600138307931254;0.0;0.0;0.0;0.0;0.20600138307931254;0.0;0.0;0.0;0.0;0.0;0.23601920554357345;0.0;0.0;0.0;0.0;0.0;0.0;0.0;0.0;0.0;0.0;0.0;0.0;0.3303023606866979;0.0;0.0;0.23998060822516118
GO:0015677;0.8023749613802857;0.0;0.0;0.0;0.0;0.0;0.0;0.0;0.0;0.38098985416128395;0.0;0.0;0.0;0.4898621706446393;0.8222414241572031;0.0;0.0;0.0;0.0;0.0;0.0;0.0;0.2465090462653993;1.0;0.4821544340124484;0.3582410080334743;0.0;0.0;0.0;0.0;0.20994023122537195;0.0;0.0;0.5397114268335986;0.333145725068411;0.5421714503120367;0.44086892805600514;0.0;0.0;0.0;0.0;0.0;0.0;0.0;0.0;0.0;0.0;0.0;0.32931725850896537;0.0;0.0;0.0;0.0;0.0;0.0;0.0;0.43665423433205997;0.0;0.0;0.0;0.4855110807255046;0.0;0.0;0.0;0.0;0.0;0.0;0.0;0.0;0.0;0.0;0.29898680890097934;0.0;0.0;0.0;0.0;0.29898680890097934;0.0;0.0;0.0;0.0;0.0;0.32931725850896537;0.0;0.0;0.0;0.0;0.0;0.0;0.0;0.0;0.0;0.0;0.0;0.0;0.5228618007167264;0.0;0.0;0.333145725068411
GO:0070509;0.4380994208886375;0.0;0.0;0.0;0.0;0.0;0.0;0.0;0.0;0.43164881703801644;0.0;0.0;0.0;0.5769185815689294;0.4501288224617574;0.0;0.0;0.0;0.0;0.0;0.0;0.0;0.2907607920722872;0.4821544340124484;1.0;0.40267810087732425;0.0;0.0;0.0;0.0;0.23790841111787947;0.0;0.0;0.6208448838759463;0.3712440689668247;0.8099732111603746;0.49355560956931827;0.0;0.0;0.0;0.0;0.0;0.0;0.0;0.0;0.0;0.0;0.0;0.36649613095602745;0.0;0.0;0.0;0.0;0.0;0.0;0.0;0.504515962711568;0.0;0.0;0.0;0.7140491540431055;0.0;0.0;0.0;0.0;0.0;0.0;0.0;0.0;0.0;0.0;0.3293172585089654;0.0;0.0;0.0;0.0;0.3293172585089654;0.0;0.0;0.0;0.0;0.0;0.36649613095602745;0.0;0.0;0.0;0.0;0.0;0.0;0.0;0.0;0.0;0.0;0.0;0.0;0.5986527122553477;0.0;0.0;0.3712440689668247
GO:0014047;0.32714470552713937;0.022292520168939445;0.0;0.0;0.0;0.0;0.022041628613433593;0.0;0.028951084774338883;0.5825938313825665;0.0;0.0;0.0;0.5301721320927038;0.335666669711788;0.026236522087926636;0.026563632320144293;0.0;0.0;0.0;0.0;0.0;0.26698227051687196;0.3582410080334743;0.40267810087732425;1.0;0.0;0.0;0.019847054713726234;0.025526913357560136;0.43695250322829915;0.0;0.0;0.4541359031584142;0.8574326754237989;0.45635248780965426;0.3662379338348468;0.0;0.0;0.0;0.0;0.0;0.0;0.0;0.0;0.0;0.0;0.020845858660619696;0.847048395189196;0.02153672870995017;0.0;0.021648764299347714;0.0;0.0;0.0;0.020472313539169208;0.6279702427283846;0.0;0.0;0.0;0.40565795773021485;0.021355193019097305;0.01968676996160056;0.023770427279244093;0.0;0.020249741408514595;0.02390698142386259;0.02335373156803082;0.02415875765866169;0.025702781956422376;0.0;0.3135367791418044;0.0;0.0;0.0;0.0;0.3135367791418044;0.021006549578978136;0.0;0.0;0.0;0.0;0.347056552193464;0.02420947489048303;0.0;0.022041628613433593;0.0;0.03359968885558231;0.027472373338779756;0.020669107130772676;0.026921965663680224;0.022717898372565656;0.0;0.019072139574988347;0.02221229118145525;0.4389918844373097;0.0;0.0;0.7619948435705073
GO:0055075;0.0;0.0;0.0642359376664363;0.29615621211353954;0.0;0.07890164424368873;0.5419196435491459;0.05549551450042271;0.0;0.0;0.062056342952194234;0.05515405240818077;0.05396074165994504;0.0;0.0;0.0;0.0;0.0;0.23835669915288382;0.06090660898158183;0.2591338705119292;0.0;0.0;0.0;0.0;0.0;1.0;0.07634572143635175;0.051287136684715885;0.0;0.263326565184072;0.07342467586604348;0.06363982584487744;0.0;0.22687943492360932;0.0;0.0;0.06869957203541223;0.05692842786368018;0.05640133548431842;0.06516277748153318;0.0526716387143604;0.2742149046950865;0.05815880113350983;0.0;0.22933528516929885;0.0;0.24562518879880965;0.0;0.0;0.057173698151678644;0.5319003107946683;0.055815450168075396;0.3901245821240718;0.2017656332820969;0.5019779095766203;0.0;0.26427373552077904;0.05323083947788146;0.2434684932717692;0.5483253090274915;0.05532767229262045;0.4820653412377235;0.06184236177671365;0.252611357948991;0.05236394658383805;0.0622123194994289;0.8296029282976085;0.06289489971919249;0.0;0.06948318554011193;0.2017656332820969;0.051287136684715885;0.07261599873039119;0.049219150138438125;0.07121196553981564;0.2017656332820969;0.380173486299872;0.06150741866140115;0.05295975855937314;0.06009938833335024;0.07098978026496917;0.22404182510050283;0.0;0.05295975855937314;0.0;0.055968235324915204;0.0;0.0719340542178775;0.506974815542749;0.6675255389085135;0.0;0.28049421914549194;0.22404182510050283;0.0;0.0;0.060241539981789216;0.05478759699814471;0.0
GO:0008284;0.0;0.0;0.3219355851141623;0.12288538669636588;0.0;0.16479527159272941;0.07860650568332152;0.09831421682459249;0.0;0.0;0.30642029687951666;0.2601743683289882;0.2525947238782501;0.0;0.0;0.0;0.0;0.0;0.08001136129371024;0.26931393742264903;0.08958495665122816;0.0;0.0;0.0;0.0;0.0;0.07634572143635175;1.0;0.08844486782712574;0.0;0.07988965955787662;0.1471920411412714;0.1190294261033109;0.0;0.06538418861572257;0.0;0.0;0.3552067953372904;0.10179873491545763;0.2682229717526503;0.3286750368346111;0.22068616257565504;0.09690020568329147;0.10484330873883291;0.0;0.07602533800026169;0.0;0.09465312393971959;0.0;0.0;0.09011561260940268;0.07662212515968;0.08719822269878225;0.07606170994871735;0.056206661916109284;0.07085517780599397;0.0;0.2791152918311647;0.0929371957417515;0.09353744363529701;0.10407332071362353;0.09791029553328676;0.23342554985505598;0.11426127792864248;0.09831421682459249;0.09091990065110615;0.11523316851549217;0.08545869201430303;0.11703918549474157;0.0;0.13537490204307742;0.056206661916109284;0.5655026036850342;0.14471210129145715;0.08378478027826482;0.3748771756905116;0.056206661916109284;0.0734420464692268;0.08703799905950672;0.0812293804314225;0.09657968598715296;0.12303791951342939;0.06431559526173422;0.0;0.22230125373849802;0.0;0.26541341366488125;0.0;0.14264343713508199;0.07180201877578558;0.1060393978960425;0.0;0.10004259769291848;0.08378478027826482;0.0;0.0;0.09690020568329147;0.08502449792070209;0.0
GO:0007196;0.0;0.021154061359467343;0.07574619749374094;0.07662659337288799;0.0;0.09106828856370207;0.05229756580185566;0.06629495352102335;0.027059812653929694;0.0;0.07341224506711155;0.06592070451414411;0.06460980428665976;0.0;0.0;0.02467371557432824;0.024962802398158162;0.0;0.05530778776722128;0.06351547375747503;0.05971932005430285;0.0;0.0;0.0;0.0;0.019847054713726234;0.051287136684715885;0.08844486782712574;1.0;0.02404511356073875;0.05286244870446749;0.08542276651711035;0.0751093627406264;0.0;0.04609575207782078;0.0;0.019193656101624983;0.08047937859737837;0.06786129567721351;0.06728590139753303;0.07673413073524005;0.05560707069535957;0.06288395815859812;0.06920090238946457;0.0;0.05337341103410522;0.0;0.17111578820089618;0.0;0.020472313539169208;0.059954670917457195;0.05141172451355971;0.05864918612382738;0.051158810874951416;0.04133727606172416;0.04874945430867435;0.0;0.06909089219842168;0.06380566320889053;0.06408801570823591;0.06886461412120384;0.8477668883130363;0.06118030945748723;0.7102008332835633;0.06629495352102335;0.26988276770430886;0.4102061767429329;0.055244604048169825;0.3191099482537231;0.02420109456365716;0.08130392565772397;0.04133727606172416;0.06165564890834163;0.08458156256141607;0.05935430562821362;0.08311633415595833;0.04133727606172416;0.04996019717837248;0.05590030448290897;0.05588706559605263;0.06274881637617478;0.07293952942011438;0.04556206372025016;0.022872674065192482;0.05588706559605263;0.020928011150375257;0.06681243422754862;0.031078745271951095;0.36015675052051144;0.04919579505644232;0.06317034525230256;0.02153672870995017;0.06419246078098965;0.1571968666802742;0.021081804293616;0.0;0.06288395815859812;0.05765773252029837;0.0
GO:0048812;0.0;0.027730576301285094;0.0;0.0;0.0;0.0;0.02734341244764057;0.0;0.3282596485016832;0.0;0.0;0.0;0.0;0.0;0.0;0.28824563786809076;0.034663684246793405;0.0;0.0;0.0;0.0;0.0;0.0;0.0;0.0;0.025526913357560136;0.0;0.0;0.02404511356073875;1.0;0.0;0.0;0.0;0.0;0.0;0.0;0.02445610907708051;0.0;0.0;0.0;0.0;0.0;0.0;0.0;0.0;0.0;0.2696336079546332;0.025526913357560136;0.0;0.026570665989513454;0.0;0.02674140383480077;0.0;0.0;0.0;0.02496901375924345;0.0;0.0;0.0;0.0;0.027730576301285094;0.026294892431564607;0.02381025170111798;0.03005506563648205;0.0;0.02463871734313314;0.030273704013550205;0.029391976025470216;0.030678574509591643;0.03321213559304434;0.0;0.0;0.0;0.0;0.0;0.0;0.0;0.025768293075866488;0.0;0.0;0.0;0.0;0.0;0.030760406444515612;0.0;0.02734341244764057;0.0;0.04769772149750729;0.0362274397625689;0.025262371681231917;0.0352763898458021;0.36554197993074244;0.0;0.022917023668722024;0.027606539757805224;0.0;0.0;0.0;0.0
GO:0007595;0.19063648260684793;0.0;0.06672643956180327;0.3077919510994127;0.0;0.08269273577761975;0.269193070702591;0.05734461880129198;0.0;0.23934117330657093;0.06437764758533268;0.056980097388524484;0.055707373818147096;0.3207472727924182;0.19590501390212536;0.0;0.0;0.0;0.24583649213331632;0.06314114697742435;0.26799874956442116;0.0;0.2938850007195587;0.20994023122537195;0.23790841111787947;0.43695250322829915;0.263326565184072;0.07988965955787662;0.05286244870446749;0.0;1.0;0.0766968028949053;0.06608343911825282;0.2708714135798907;0.23364601739934937;0.27230546259959604;0.21493992747285362;0.07155591551477031;0.05887592946454407;0.058312335451204886;0.06772710170413691;0.05433452898932113;0.2841614456567415;0.06019289763307846;0.0;0.23625138261478157;0.0;0.2535757254375399;0.2029720780340847;0.0;0.05913830668534525;0.26404831732285594;0.05768629574046856;0.26258362740174;0.2070994993824919;0.24872249854159625;0.28011994574548504;0.2735000285696384;0.05492979556769869;0.2512778050705467;0.27248569570871967;0.05716542334377344;0.23855567676601908;0.0641473881661987;0.26102833998144603;0.054007162325109555;0.06454552720851446;0.28647406079783916;0.06528056887639083;0.0;0.07240644807798968;0.2070994993824919;0.05286244870446749;0.0758148761722802;0.05066819008535824;0.07428571996030359;0.2070994993824919;0.2556671923142239;0.0637870840571268;0.05464118136439342;0.06227403090833066;0.07404397272443045;0.23063774464479386;0.0;0.05464118136439342;0.0;0.05784950975747504;0.0;0.0750718336973194;0.2512778050705467;0.33424862241084496;0.0;0.2909101640861755;0.23063774464479386;0.0;0.26110524999388973;0.06242666899834765;0.05658906103651395;0.2056194997439433
GO:0045664;0.0;0.0;0.11508340802388271;0.11712802125901553;0.0;0.1546040033806581;0.07551340446258872;0.0945942108958734;0.0;0.0;0.10978065744987592;0.09383408847274918;0.09120015035696162;0.0;0.0;0.0;0.0;0.0;0.34730338621676154;0.42373796239555783;0.38723332351794504;0.0;0.0;0.0;0.0;0.0;0.07342467586604348;0.1471920411412714;0.08542276651711035;0.0;0.0766968028949053;1.0;0.11361975409847222;0.0;0.06322988590534309;0.0;0.0;0.12637575314974567;0.09781570366529874;0.09662469197643672;0.11737946696500207;0.07778801346106604;0.4175197206148639;0.10062340562658889;0.0;0.0734859293592458;0.0;0.36104363619265384;0.0;0.0;0.08656963751553243;0.0736802979692927;0.08387389014860192;0.07316194421520743;0.05460728805731097;0.06833222713649197;0.0;0.10039097463083452;0.08960607948730882;0.0901639404135075;0.09991394392672769;0.094220220254657;0.084513027937936;0.10926724040341014;0.0945942108958734;0.08772934312446701;0.11015570012780138;0.08181532845164706;0.11180492911832537;0.0;0.1284208726577232;0.05460728805731097;0.08542276651711035;0.13679376569378437;0.08106786182763884;0.13300177734126428;0.05460728805731097;0.07073502996971959;0.08326170513422543;0.3524021565932802;0.5079376161017571;0.1165214139928326;0.06223001090083652;0.0;0.07833703401315759;0.0;0.09565130058120505;0.0;0.1349438465978578;0.06921242115308876;0.10048690133359776;0.0;0.43047061536861014;0.32093187892842284;0.0;0.0;0.4175197206148639;0.3682541080294822;0.0
GO:0043524;0.0;0.0;0.09711766240262013;0.09856970488832939;0.0;0.3585259906671613;0.06520301887688722;0.23773096148160933;0.0;0.0;0.09331395185674407;0.08153583416093046;0.07953973536103477;0.0;0.0;0.0;0.0;0.0;0.20596445341922087;0.08036702878770921;0.07438418181056265;0.0;0.0;0.0;0.0;0.0;0.06363982584487744;0.1190294261033109;0.0751093627406264;0.0;0.06608343911825282;0.11361975409847222;1.0;0.0;0.05583679519917108;0.0;0.0;0.10503817047534096;0.08452552626125384;0.08363469859307254;0.09874772203108591;0.06811041084621475;0.07935861984296297;0.2507737167307395;0.0;0.06478933316092748;0.0;0.07953973536103477;0.0;0.0;0.0747496652979939;0.06383176821354498;0.22139541979542007;0.06344235934573;0.04900374129976004;0.059778528434587794;0.0;0.08644168184456541;0.2267732643906413;0.2280063699538949;0.2492502697813643;0.08182722583658378;0.07440512989911237;0.09294274451537772;0.08210915595657095;0.07688680400840746;0.09358478369137187;0.0698485976306913;0.09477246646882075;0.0;0.10644713626606954;0.04900374129976004;0.0751093627406264;0.11213637441969644;0.20765610248655847;0.10957541394683487;0.04900374129976004;0.06160936670553416;0.07090008947197463;0.20860971335264158;0.07914351327760934;0.09607342417342477;0.05505562508815448;0.0;0.06853095254575689;0.0;0.08290444648239924;0.0;0.11089021648680816;0.06045106824012188;0.08301802386813392;0.0;0.08145397226039869;0.07172169412910703;0.0;0.0;0.2415693686214021;0.21677290074250338;0.0
GO:0006813;0.48510611934582537;0.0;0.0;0.0;0.0;0.0;0.0;0.0;0.0;0.4913259017683152;0.0;0.0;0.0;0.6887253145739755;0.4998990276977689;0.0;0.0;0.0;0.0;0.0;0.0;0.0;0.3477919404822712;0.5397114268335986;0.6208448838759463;0.4541359031584142;0.0;0.0;0.0;0.0;0.2708714135798907;0.0;0.0;1.0;0.4145496044986685;0.724050562302473;0.7698495657532551;0.0;0.0;0.0;0.0;0.0;0.0;0.0;0.0;0.0;0.0;0.0;0.4086381877653427;0.0;0.0;0.0;0.0;0.0;0.0;0.0;0.587990183055462;0.0;0.0;0.0;0.6264214913798014;0.0;0.0;0.0;0.0;0.0;0.0;0.0;0.0;0.0;0.0;0.36295054687624845;0.0;0.0;0.0;0.0;0.36295054687624845;0.0;0.0;0.0;0.0;0.0;0.4086381877653427;0.0;0.0;0.0;0.0;0.0;0.0;0.0;0.0;0.0;0.0;0.0;0.0;0.7748572769691131;0.0;0.0;0.4145496044986685
