;GO:0060003;GO:1990090;GO:0000187;GO:0050796;GO:0001666;GO:0045892;GO:0051482;GO:0033137;GO:0034622;GO:0015701;GO:0033138;GO:0002092;GO:2000251;GO:0034220;GO:0015680;GO:0051260;GO:0007268;GO:0042542;GO:0045779;GO:0045778;GO:0086091;GO:0050965;GO:0034613;GO:0015677;GO:0070509;GO:0014047;GO:0055075;GO:0008284;GO:0007196;GO:0048812;GO:0007595;GO:0045664;GO:0043524;GO:0006813;GO:0098712;GO:0070588;GO:0071435;GO:0032147;GO:0050856;GO:0032148;GO:0050731;GO:2000651;GO:0019229;GO:0050732;GO:0050908;GO:0060372;GO:0007517;GO:0010881;GO:0015810;GO:0035249;GO:1901385;GO:0006882;GO:0043267;GO:0043029;GO:0001984;GO:0006878;GO:0098656;GO:0060291;GO:0051967;GO:0060292;GO:0051209;GO:0035235;GO:0060316;GO:0007189;GO:0060314;GO:0038180;GO:0007218;GO:0051453;GO:0007219;GO:0043043;GO:0050804;GO:0086050;GO:2000288;GO:0010469;GO:1902083;GO:0030335;GO:0086052;GO:0046716;GO:0090630;GO:0045986;GO:0055024;GO:0034765;GO:0098914;GO:0071356;GO:0050930;GO:0030049;GO:1900087;GO:0044267;GO:0007169;GO:0051481;GO:0006874;GO:0048747;GO:0002027;GO:0014809;GO:0002548;GO:0035725;GO:0030279;GO:0031645;GO:0070778
GO:0060003;1.0;0.0;0.0;0.0;0.0;0.0;0.0;0.0;0.0;0.3821454035652484;0.0;0.0;0.0;0.6422332037160631;0.6965924675346216;0.0;0.0;0.0;0.0;0.0;0.0;0.0;0.4165281393809998;0.7232668554354148;0.5255101416915584;0.38348632975689706;0.0;0.0;0.0;0.0;0.3205257498917414;0.0;0.0;0.5747863771155282;0.43465634539931114;0.6748679512002083;0.5874027436249951;0.0;0.0;0.0;0.0;0.0;0.0;0.0;0.0;0.0;0.0;0.0;0.4178266804143942;0.0;0.0;0.0;0.0;0.0;0.0;0.0;0.6044446160411527;0.0;0.0;0.0;0.5942595190331683;0.0;0.0;0.0;0.0;0.0;0.0;0.0;0.0;0.0;0.0;0.4178266804143942;0.0;0.0;0.0;0.0;0.4178266804143942;0.0;0.0;0.0;0.0;0.0;0.4178266804143942;0.0;0.0;0.0;0.0;0.0;0.0;0.0;0.0;0.0;0.0;0.0;0.0;0.6300511421695348;0.0;0.0;0.44450106831518743
GO:1990090;0.0;1.0;0.0;0.0;0.42521152705001103;0.0;0.30050947687859925;0.0;0.42939461051695577;0.0;0.0;0.0;0.0;0.0;0.0;0.3271838647793925;0.2771548992029564;0.40937148031033493;0.0;0.0;0.0;0.37796468421802404;0.0;0.0;0.0;0.2750478485085872;0.0;0.0;0.30050947687859925;0.38683359166660697;0.0;0.0;0.0;0.0;0.0;0.0;0.257732911673192;0.0;0.0;0.0;0.0;0.0;0.0;0.0;0.37796468421802404;0.0;0.0;0.30050947687859925;0.0;0.19861195333334608;0.0;0.19861195333334608;0.0;0.0;0.0;0.22050444082219184;0.0;0.0;0.0;0.0;0.35099847183335003;0.33416880684843314;0.18684511085235794;0.35641641381953687;0.0;0.30050947687859925;0.3173391418635162;0.25702355163886126;0.35641641381953687;0.3137353698113904;0.0;0.0;0.0;0.0;0.0;0.0;0.0;0.25821818352367026;0.0;0.0;0.0;0.0;0.0;0.5013498550482695;0.0;0.30050947687859925;0.0;0.40694023246725874;0.4056600037798998;0.19278038132884656;0.2904923584830745;0.3271838647793925;0.0;0.3271838647793925;0.30050947687859925;0.0;0.0;0.0;0.0
GO:0000187;0.0;0.0;1.0;0.40403524058235;0.0;0.4212081380604272;0.2495720758280771;0.5356879610076515;0.0;0.0;0.6191324378150106;0.4272991466448713;0.30419628518649666;0.0;0.0;0.0;0.0;0.0;0.22772024499225957;0.3364974589255598;0.22772024499225957;0.0;0.0;0.0;0.0;0.0;0.20715261581228062;0.45679911302903153;0.256978719853612;0.0;0.23556080727921286;0.38035559494455395;0.28576936716141377;0.0;0.25239047226412975;0.0;0.0;0.8653261555843543;0.4397234446359085;0.7256967616916506;0.6556515486316801;0.4686322236615756;0.30626319086186987;0.559502568061609;0.0;0.23871833797267694;0.0;0.256978719853612;0.0;0.0;0.38116783660447795;0.17156598098584636;0.269135515819747;0.20010828427699995;0.2495720758280771;0.19682262104592618;0.0;0.4510959102935982;0.3773608526815568;0.3605311876966399;0.3074677148083627;0.2906380498234458;0.5611988642533748;0.3128856567945496;0.5125284572784775;0.256978719853612;0.2738083848385289;0.2333417318625956;0.3128856567945496;0.0;0.49565401163457323;0.2495720758280771;0.34782850473307425;0.5277844198756172;0.44893732610531123;0.4208253419556302;0.2495720758280771;0.21100267878542828;0.462103753341363;0.26733616875603805;0.28416583374095494;0.3411682981990506;0.2495720758280771;0.0;0.3824157083712405;0.0;0.32102595017141355;0.0;0.3621292467549125;0.17204469325777066;0.26344638613557475;0.0;0.31443276173783624;0.28365310775440516;0.0;0.0;0.2550306744672921;0.27628712038189845;0.0
GO:0050796;0.0;0.0;0.40403524058235;1.0;0.0;0.39355865007484536;0.39583426092515034;0.2939215863569925;0.0;0.0;0.28407686344111627;0.4271083120493865;0.28273593724946766;0.0;0.0;0.0;0.0;0.0;0.39583426092515034;0.289857281563664;0.39583426092515034;0.0;0.0;0.0;0.0;0.0;0.3560636482829033;0.45265370192739773;0.30005087408486286;0.0;0.37620420455963793;0.42342774917580484;0.35339964988644923;0.0;0.3930338695445548;0.0;0.0;0.3204678075969182;0.4428814597143727;0.22867780141355054;0.32059597425778574;0.41683770674927206;0.4419558644164518;0.31773619341095005;0.0;0.40699298383339577;0.0;0.3906485906989572;0.0;0.0;0.4050917579022807;0.31659797436931375;0.45472509851586107;0.34340052893097445;0.4184954979145669;0.3384904618581594;0.0;0.4092221297445389;0.4260517947294558;0.4092221297445389;0.446323255879901;0.33371020405469665;0.373333653863562;0.35595781102580043;0.4173229785997503;0.30005087408486286;0.33651059543529216;0.3750095726748289;0.37558786739131284;0.0;0.5515174518786206;0.4184954979145669;0.33651059543529216;0.5339736155779856;0.28273593724946766;0.4780437901681428;0.4184954979145669;0.37620420455963793;0.21902673132013956;0.29904590181197405;0.31587556679689094;0.546387937260677;0.4184954979145669;0.0;0.2239774550459827;0.0;0.29956560223438455;0.0;0.4052014009861633;0.3107664023648142;0.40847837951904215;0.0;0.4924167286473471;0.4173229785997503;0.0;0.0;0.289857281563664;0.31111372747827043;0.0
GO:0001666;0.0;0.42521152705001103;0.0;0.0;1.0;0.0;0.0;0.0;0.0;0.0;0.0;0.0;0.0;0.0;0.0;0.0;0.0;0.5247338749011929;0.0;0.0;0.0;0.5398792040419403;0.0;0.0;0.0;0.0;0.0;0.0;0.0;0.0;0.0;0.0;0.0;0.0;0.0;0.0;0.0;0.0;0.0;0.0;0.0;0.0;0.0;0.0;0.5398792040419403;0.0;0.0;0.0;0.0;0.0;0.0;0.0;0.0;0.0;0.0;0.0;0.0;0.0;0.0;0.0;0.0;0.0;0.0;0.0;0.0;0.0;0.0;0.0;0.0;0.0;0.0;0.0;0.0;0.0;0.0;0.0;0.0;0.0;0.0;0.0;0.0;0.0;0.0;0.36609056871016515;0.0;0.0;0.0;0.0;0.0;0.0;0.0;0.0;0.0;0.0;0.0;0.0;0.0;0.0;0.0
GO:0045892;0.0;0.0;0.4212081380604272;0.39355865007484536;0.0;1.0;0.34595162145013136;0.5184920752038664;0.0;0.0;0.4175935147750178;0.4926884837586103;0.32055458984700275;0.0;0.0;0.0;0.0;0.0;0.3917617262201054;0.3726646802966;0.31809866954731103;0.0;0.0;0.0;0.0;0.0;0.2903585421711839;0.4776810685121364;0.3500545971891353;0.0;0.32863668461473616;0.47343147228007726;0.4803829768986163;0.0;0.3454663495996531;0.0;0.0;0.4667757449436162;0.36822518836570084;0.3739612952284402;0.45411262559168725;0.34759145388415685;0.3993390681973932;0.542306682257824;0.0;0.3249554449554842;0.0;0.3500545971891353;0.0;0.0;0.3267761153366492;0.2535417156311437;0.47315317087240455;0.2863453912598072;0.34595162145013136;0.27771342787471204;0.0;0.334565858395867;0.4438638660819469;0.42703420109702994;0.4971532524172931;0.3837139271589691;0.3077633038342063;0.40596153413007285;0.34722897774779593;0.3500545971891353;0.36688426217405223;0.3142325386913815;0.40596153413007285;0.0;0.46968868233380034;0.34595162145013136;0.36688426217405223;0.4521448460331654;0.5114477436685856;0.4384036291522041;0.34595162145013136;0.2991366772726036;0.27457854877881904;0.47135382380869556;0.39720549528542287;0.4542079597435185;0.34595162145013136;0.0;0.3040874009984468;0.0;0.3373842548319197;0.0;0.4552051240904358;0.25197151596415407;0.3454221207808721;0.0;0.4075086390733595;0.37672898508992847;0.0;0.0;0.4677839913770337;0.48904043729164004;0.0
GO:0051482;0.0;0.30050947687859925;0.2495720758280771;0.39583426092515034;0.0;0.34595162145013136;1.0;0.2289996208968833;0.5144624690772919;0.0;0.219154897981007;0.2715886299751829;0.2178139717893584;0.0;0.0;0.4122517233397286;0.30714017839556723;0.0;0.40179399959051737;0.31649747393570327;0.40179399959051737;0.0;0.0;0.0;0.0;0.3601157070689233;0.5278200098391697;0.3877317364672885;0.3855773354389354;0.4719014502269431;0.47688896857410984;0.5026946006158777;0.28847768442634;0.0;0.49371863355902673;0.0;0.32731203144025983;0.29783713549173796;0.28841829496009985;0.20232523299609012;0.2556740087976765;0.29826301787597614;0.5426406284309238;0.25281422795084085;0.0;0.38598953800927405;0.0;0.47688896857410984;0.0;0.22407358170335817;0.2823757514567406;0.5476113513912217;0.3188354728071699;0.4612684635351139;0.47688896857410984;0.5448879502811557;0.0;0.3523302080394402;0.2715886299751829;0.3523302080394402;0.7307715897429499;0.41923666540876925;0.6051876258046066;0.44148427237987303;0.359374539574721;0.3855773354389354;0.4024070004238523;0.5297507930460582;0.44148427237987303;0.34933943682064933;0.39705428712434765;0.47688896857410984;0.2715886299751829;0.43911668101403684;0.2178139717893584;0.3585967357466031;0.47688896857410984;0.5625245663539227;0.2351289086247536;0.31703612574346096;0.33386579072837785;0.3908682551864735;0.47688896857410984;0.2610185749042658;0.2351289086247536;0.3855773354389354;0.2346436367742753;0.47651935223432657;0.4907278623402359;0.6447379680452415;0.7043245477597654;0.4122517233397286;0.508518905951961;0.503563356474903;0.3855773354389354;0.0;0.31649747393570327;0.3377539198503096;0.0
GO:0033137;0.0;0.0;0.5356879610076515;0.2939215863569925;0.0;0.5184920752038664;0.2289996208968833;1.0;0.0;0.0;0.7875066134861589;0.36624886547909674;0.22361497890962173;0.0;0.0;0.0;0.0;0.0;0.2781133939533883;0.2590163480298829;0.20714779006106576;0.0;0.0;0.0;0.0;0.0;0.1865801608810868;0.3762178067521566;0.23640626492241817;0.0;0.21498835234801905;0.35978314001336015;0.37891971513863654;0.0;0.231818017332936;0.0;0.0;0.5911255188674607;0.270065594892252;0.48844111817566455;0.5912536855283281;0.2388850004657877;0.28569073593067607;0.7184839138479522;0.0;0.21814588304148314;0.0;0.23640626492241817;0.0;0.0;0.22159095726438927;0.15099352605465255;0.3562011703191565;0.17953582934580614;0.2289996208968833;0.17625016611473238;0.0;0.23640626492241817;0.3424006043219671;0.32557093933705017;0.3933748711271961;0.270065594892252;0.2118481364286336;0.29231320186335574;0.2502893668104149;0.23640626492241817;0.2672471984561994;0.21276927693140185;0.30632447041222;0.0;0.3700516186159475;0.2289996208968833;0.2672471984561994;0.35250778231531255;0.5854032612833796;0.3402440356787553;0.2289996208968833;0.19043022385423447;0.16939339070655912;0.3544018232554475;0.2862546157991776;0.34325708025727325;0.2289996208968833;0.0;0.19538094758007762;0.0;0.24044464389453868;0.0;0.3415567918237187;0.1514722383265769;0.24287393120438094;0.0;0.2938603068066424;0.26308065282321136;0.0;0.0;0.3466906732515415;0.36794711916614786;0.0
GO:0034622;0.0;0.42939461051695577;0.0;0.0;0.0;0.0;0.5144624690772919;0.0;1.0;0.0;0.0;0.0;0.0;0.0;0.0;0.7214814338169033;0.43602531203392375;0.0;0.0;0.0;0.0;0.0;0.0;0.0;0.0;0.45619716507861635;0.0;0.0;0.5144624690772919;0.692410867558229;0.0;0.0;0.0;0.0;0.0;0.0;0.3871033171620268;0.0;0.0;0.0;0.0;0.0;0.0;0.0;0.0;0.0;0.0;0.5144624690772919;0.0;0.3529587153417147;0.0;0.3529587153417147;0.0;0.0;0.0;0.37112930651828024;0.0;0.0;0.0;0.0;0.5649514640320427;0.5481217990471258;0.3374699765484464;0.5703694060182296;0.0;0.5144624690772919;0.5312921340622088;0.40764841733494966;0.5703694060182296;0.47822457045900585;0.0;0.0;0.0;0.0;0.0;0.0;0.0;0.43936750009369946;0.0;0.0;0.0;0.0;0.0;0.3702736521771099;0.0;0.5144624690772919;0.0;0.5786019313110226;0.6196129959785924;0.34028837298449904;0.4448391204914431;0.5411368569780851;0.0;0.5411368569780851;0.5144624690772919;0.0;0.0;0.0;0.0
GO:0015701;0.3821454035652484;0.0;0.0;0.0;0.0;0.0;0.0;0.0;0.0;1.0;0.0;0.0;0.0;0.5897222618820004;0.4249219687706557;0.0;0.0;0.0;0.0;0.0;0.0;0.0;0.4419897677510119;0.3919901264811247;0.40881979146604164;0.496327007578848;0.0;0.0;0.0;0.0;0.3561298169010004;0.0;0.0;0.45274972673598984;0.4695244530171874;0.45412187234719337;0.3821454035652484;0.0;0.0;0.0;0.0;0.0;0.0;0.0;0.0;0.0;0.0;0.0;0.45269478803227053;0.0;0.0;0.0;0.0;0.0;0.0;0.0;0.6332512971084787;0.0;0.0;0.0;0.45274972673598984;0.0;0.0;0.0;0.0;0.0;0.0;0.0;0.0;0.0;0.0;0.3826306754157267;0.0;0.0;0.0;0.0;0.3826306754157267;0.0;0.0;0.0;0.0;0.0;0.3826306754157267;0.0;0.0;0.0;0.0;0.0;0.0;0.0;0.0;0.0;0.0;0.0;0.0;0.4093050633165199;0.0;0.0;0.4793691759330637
GO:0033138;0.0;0.0;0.6191324378150106;0.28407686344111627;0.0;0.4175935147750178;0.219154897981007;0.7875066134861589;0.0;0.0;1.0;0.4564881989881254;0.30058166190108726;0.0;0.0;0.0;0.0;0.0;0.19730306714518947;0.3355802884206223;0.19730306714518947;0.0;0.0;0.0;0.0;0.0;0.17673543796521057;0.46332692838286904;0.22656154200654188;0.0;0.20514362943214276;0.34993841709748386;0.27991031780812825;0.0;0.2219732944170597;0.0;0.0;0.6847124343140667;0.2602208719763758;0.5718855949830236;0.7003293397682024;0.3105070620081792;0.2758460130147998;0.5785491817656162;0.0;0.2083011601256069;0.0;0.22656154200654188;0.0;0.0;0.21174623434851297;0.14114880313877626;0.2613795749620934;0.16969110642992985;0.219154897981007;0.16640544319885614;0.0;0.31607040069435555;0.24339120699145883;0.22656154200654188;0.2910618055101569;0.2602208719763758;0.286570393352223;0.2824684789474795;0.24044464389453868;0.22656154200654188;0.2574024755403231;0.20292455401552556;0.29647974749634376;0.0;0.36020689570007125;0.219154897981007;0.3502150025146677;0.3426630593994363;0.4608114416131701;0.4199081714506927;0.219154897981007;0.18058550093835818;0.15954866779068283;0.2595802278983845;0.27640989288330137;0.333412357341397;0.219154897981007;0.0;0.26700300912246905;0.0;0.3174113268860042;0.0;0.33171206890784244;0.14162751541070062;0.23302920828850465;0.0;0.28401558389076614;0.2532359299073351;0.0;0.0;0.24917162511400665;0.27042807102861294;0.0
GO:0002092;0.0;0.0;0.4272991466448713;0.4271083120493865;0.0;0.4926884837586103;0.2715886299751829;0.36624886547909674;0.0;0.0;0.4564881989881254;1.0;0.4386216660788101;0.0;0.0;0.0;0.0;0.0;0.23959436050011845;0.3951865186109465;0.23959436050011845;0.0;0.0;0.0;0.0;0.0;0.20725988883915142;0.5455943955626097;0.2733764861840696;0.0;0.2519585736096705;0.3967533612750116;0.326725261985656;0.0;0.26878823859458745;0.0;0.0;0.4773904043506591;0.3070358161539035;0.3800523038128843;0.49300730980479485;0.483203547023914;0.3226609571923275;0.3900634725330543;0.0;0.36482985713933436;0.0;0.36397420279816395;0.0;0.0;0.37841737000148745;0.16969110642992985;0.4280507106150679;0.20514362943214276;0.2715886299751829;0.19320799776051673;0.0;0.37567663088467973;0.29020615116898657;0.2733764861840696;0.4176506828312757;0.3070358161539035;0.42006943777269146;0.32928342312500725;0.373333653863562;0.2733764861840696;0.309836207534499;0.22972710857718615;0.34891347949051965;0.0;0.41264062769424714;0.2715886299751829;0.41930885043125726;0.3950967913936122;0.3592045339438159;0.49366069562227866;0.2715886299751829;0.219154897981007;0.19235234341934632;0.30187152125331346;0.31870118623823035;0.5197135493598839;0.2715886299751829;0.0;0.3138179532999968;0.0;0.3698450588801801;0.0;0.3785270130853702;0.16689071504933428;0.26157151157965824;0.0;0.3308305280682939;0.3906485906989572;0.0;0.0;0.2959865692915344;0.3172430152061407;0.0
GO:2000251;0.0;0.0;0.30419628518649666;0.28273593724946766;0.0;0.32055458984700275;0.2178139717893584;0.22361497890962173;0.0;0.0;0.30058166190108726;0.4386216660788101;1.0;0.0;0.0;0.0;0.0;0.0;0.19326468817306902;0.33606556027110057;0.19326468817306902;0.0;0.0;0.0;0.0;0.0;0.16939339070655912;0.4691585003873687;0.22374314557048924;0.0;0.20232523299609012;0.3471200206614312;0.2770919213720756;0.0;0.219154897981007;0.0;0.0;0.3369726060568892;0.2574024755403231;0.24518259987352153;0.33710077271775674;0.30768866557212654;0.27302761657874713;0.24742958596357928;0.0;0.20236588964911828;0.0;0.22374314557048924;0.0;0.0;0.2050590080028431;0.13323138507950044;0.2573411959899729;0.1637558359534413;0.2178139717893584;0.1579784681236932;0.0;0.31655567254483385;0.24057281055540614;0.22374314557048924;0.28972087931850826;0.2574024755403231;0.28375199691617037;0.27965008251142687;0.23640626492241817;0.22374314557048924;0.2560615493486744;0.19449757894036263;0.29513882130469515;0.0;0.3588659695084226;0.2178139717893584;0.35301539389526315;0.3413221332077877;0.209731877021625;0.42039344330117095;0.2178139717893584;0.17552267843442942;0.15286144144501296;0.25554184892626397;0.27237151391118086;0.3293739783692765;0.2178139717893584;0.0;0.2641846126864164;0.0;0.31607040069435555;0.0;0.32889367247178974;0.13274611322902224;0.22511179022922884;0.0;0.2811971874547135;0.2504175334712824;0.0;0.0;0.24635322867795395;0.2676096745925603;0.0
GO:0034220;0.6422332037160631;0.0;0.0;0.0;0.0;0.0;0.0;0.0;0.0;0.5897222618820004;0.0;0.0;0.0;1.0;0.5897222618820004;0.0;0.0;0.0;0.0;0.0;0.0;0.0;0.5973024431360912;0.5669328582317164;0.5837625232166334;0.5797493723052567;0.0;0.0;0.0;0.0;0.5167887924401011;0.0;0.0;0.6402112568367511;0.6422332037160631;0.7296984112912763;0.6422332037160631;0.0;0.0;0.0;0.0;0.0;0.0;0.0;0.0;0.0;0.0;0.0;0.6254035387311462;0.0;0.0;0.0;0.0;0.0;0.0;0.0;0.8871164433414972;0.0;0.0;0.0;0.6490899791242364;0.0;0.0;0.0;0.0;0.0;0.0;0.0;0.0;0.0;0.0;0.6254035387311462;0.0;0.0;0.0;0.0;0.6254035387311462;0.0;0.0;0.0;0.0;0.0;0.6254035387311462;0.0;0.0;0.0;0.0;0.0;0.0;0.0;0.0;0.0;0.0;0.0;0.0;0.6848816022606028;0.0;0.0;0.6520779266319394
GO:0015680;0.6965924675346216;0.0;0.0;0.0;0.0;0.0;0.0;0.0;0.0;0.4249219687706557;0.0;0.0;0.0;0.5897222618820004;1.0;0.0;0.0;0.0;0.0;0.0;0.0;0.0;0.6179013080130664;0.7487284838054269;0.528310533072154;0.46855418831723317;0.0;0.0;0.0;0.0;0.48068857743567;0.0;0.0;0.5847592666922717;0.5436491573008256;0.5562976771179104;0.48200608880584833;0.0;0.0;0.0;0.0;0.0;0.0;0.0;0.0;0.0;0.0;0.0;0.3826306754157267;0.0;0.0;0.0;0.0;0.0;0.0;0.0;0.55193367420709;0.0;0.0;0.0;0.6598542356758642;0.0;0.0;0.0;0.0;0.0;0.0;0.0;0.0;0.0;0.0;0.5268194923159087;0.0;0.0;0.0;0.0;0.5268194923159087;0.0;0.0;0.0;0.0;0.0;0.5268194923159087;0.0;0.0;0.0;0.0;0.0;0.0;0.0;0.0;0.0;0.0;0.0;0.0;0.5341421050766536;0.0;0.0;0.47839891123310946
GO:0051260;0.0;0.3271838647793925;0.0;0.0;0.0;0.0;0.4122517233397286;0.0;0.7214814338169033;0.0;0.0;0.0;0.0;0.0;0.0;1.0;0.3338145662963604;0.0;0.0;0.0;0.0;0.0;0.0;0.0;0.0;0.35398641934105307;0.0;0.0;0.4122517233397286;0.5902001218206656;0.0;0.0;0.0;0.0;0.0;0.0;0.2675776345890683;0.0;0.0;0.0;0.0;0.0;0.0;0.0;0.0;0.0;0.0;0.4122517233397286;0.0;0.25074796960415136;0.0;0.25074796960415136;0.0;0.0;0.0;0.2689185607807169;0.0;0.0;0.0;0.0;0.4627407182944793;0.44591105330956243;0.23525923081088307;0.46815866028066616;0.0;0.4122517233397286;0.42908138832464554;0.3054376715973864;0.46815866028066616;0.37601382472144257;0.0;0.0;0.0;0.0;0.0;0.0;0.0;0.3371567543561361;0.0;0.0;0.0;0.0;0.0;0.26806290643954656;0.0;0.4122517233397286;0.0;0.4763911855734592;0.5174022502410291;0.23807762724693576;0.34262837475387975;0.4389261112405218;0.0;0.4389261112405218;0.4122517233397286;0.0;0.0;0.0;0.0
GO:0007268;0.0;0.2771548992029564;0.0;0.0;0.0;0.0;0.30714017839556723;0.0;0.43602531203392375;0.0;0.0;0.0;0.0;0.0;0.0;0.3338145662963604;1.0;0.0;0.0;0.0;0.5075097084584703;0.0;0.0;0.0;0.0;0.3066549065450889;0.0;0.0;0.30714017839556723;0.3934642931835749;0.0;0.0;0.0;0.0;0.0;0.0;0.29116616775182064;0.0;0.0;0.0;0.0;0.0;0.0;0.0;0.0;0.0;0.0;0.30714017839556723;0.0;0.8323508165979331;0.0;0.2357671057242549;0.0;0.0;0.0;0.2585320411856604;0.0;0.0;0.0;0.0;0.35762917335031796;0.34079950836540107;0.21473027257657956;0.36304711533650486;0.0;0.30714017839556723;0.3239698433804841;0.29505115200232984;0.36304711533650486;0.3358548101216266;0.0;0.0;0.0;0.0;0.0;0.0;0.0;0.28982524156017203;0.0;0.0;0.0;0.0;0.0;0.24753394820524305;0.0;0.30714017839556723;0.0;0.44037348854588737;0.41229070529686773;0.23155993756149645;0.3276475108739833;0.3338145662963604;0.0;0.3338145662963604;0.30714017839556723;0.0;0.0;0.0;0.0
GO:0042542;0.0;0.40937148031033493;0.0;0.0;0.5247338749011929;0.0;0.0;0.0;0.0;0.0;0.0;0.0;0.0;0.0;0.0;0.0;0.0;1.0;0.0;0.0;0.0;0.37796468421802404;0.0;0.0;0.0;0.0;0.0;0.0;0.0;0.0;0.0;0.0;0.0;0.0;0.0;0.0;0.0;0.0;0.0;0.0;0.0;0.0;0.0;0.0;0.37796468421802404;0.0;0.0;0.0;0.0;0.0;0.0;0.0;0.0;0.0;0.0;0.0;0.0;0.0;0.0;0.0;0.0;0.0;0.0;0.0;0.0;0.0;0.0;0.0;0.0;0.0;0.0;0.0;0.0;0.0;0.0;0.0;0.0;0.0;0.0;0.0;0.0;0.0;0.0;0.392541815325418;0.0;0.0;0.0;0.0;0.0;0.0;0.0;0.0;0.0;0.0;0.0;0.0;0.0;0.0;0.0
GO:0045779;0.0;0.0;0.22772024499225957;0.39583426092515034;0.0;0.3917617262201054;0.40179399959051737;0.2781133939533883;0.0;0.0;0.19730306714518947;0.23959436050011845;0.19326468817306902;0.0;0.0;0.0;0.0;0.0;1.0;0.3701202722987845;0.40179399959051737;0.0;0.0;0.0;0.0;0.0;0.3420596027393258;0.35039116683820265;0.28237092570552574;0.0;0.3749914450288568;0.4770811124231224;0.334287789196314;0.0;0.3918211100137737;0.0;0.0;0.2732878518754486;0.2564240254850354;0.18047340216027258;0.23382217796185895;0.2662687484009117;0.44074310488567064;0.30192800100734585;0.0;0.38598953800927405;0.0;0.3749914450288568;0.0;0.0;0.25452279955392026;0.2998964760452643;0.36233045804702674;0.3327001516739278;0.43459767521918086;0.3195445374662339;0.0;0.40179399959051737;0.31508361521503975;0.40179399959051737;0.4254804399836075;0.3160302556753596;0.3523302080394402;0.33827786264646337;0.40166583292964997;0.28237092570552574;0.29920059069044264;0.3560636482829033;0.33827786264646337;0.0;0.3597137174952618;0.43459767521918086;0.23959436050011845;0.3844611745495559;0.26545027460145937;0.32660246627153866;0.43459767521918086;0.3749914450288568;0.20232523299609012;0.473666906384144;0.3732048328799681;0.35887398571140905;0.43459767521918086;0.0;0.20727595672193327;0.0;0.2100943531579859;0.0;0.38752145260682624;0.2899235864685205;0.3917768811949927;0.0;0.508518905951961;0.40166583292964997;0.0;0.0;0.4772695721486303;0.49852601806323665;0.0
GO:0045778;0.0;0.0;0.3364974589255598;0.289857281563664;0.0;0.3726646802966;0.31649747393570327;0.2590163480298829;0.0;0.0;0.3355802884206223;0.3951865186109465;0.33606556027110057;0.0;0.0;0.0;0.0;0.0;0.3701202722987845;1.0;0.3504902159332721;0.0;0.0;0.0;0.0;0.0;0.24127433829124328;0.515470942675296;0.29878696067212984;0.0;0.2938362369462867;0.4934971473897265;0.3151907432728086;0.0;0.31066590193120364;0.0;0.0;0.3692737797959524;0.3128162342764513;0.2764593300807764;0.37209939923729174;0.39919966952232305;0.45853316914501496;0.28283095508384043;0.0;0.2800125586477878;0.0;0.3701202722987845;0.0;0.0;0.2795888029610767;0.20283310790946196;0.3432334121235214;0.2414025049521108;0.31649747393570327;0.22559804337086747;0.0;0.37835685362602955;0.2959865692915344;0.27915690430661744;0.3492759556268806;0.3324462906419637;0.33606556027110057;0.3546938976130674;0.2885163553720154;0.29878696067212984;0.3156166256570468;0.26211715418753695;0.3546938976130674;0.0;0.4184210458167949;0.31649747393570327;0.3951865186109465;0.40087720951615996;0.24635322867795395;0.48219462438236665;0.31649747393570327;0.2568912437453791;0.22739123640324654;0.45505867004139605;0.44922709803689637;0.4152661945028249;0.31649747393570327;0.0;0.355695616636613;0.0;0.3528952252560175;0.0;0.40393748757343034;0.19862593974670356;0.29471351305919036;0.0;0.4440415030315647;0.3967946601995777;0.0;0.0;0.7851474704628364;0.4799177817204887;0.0
GO:0086091;0.0;0.0;0.22772024499225957;0.39583426092515034;0.0;0.31809866954731103;0.40179399959051737;0.20714779006106576;0.0;0.0;0.19730306714518947;0.23959436050011845;0.19326468817306902;0.0;0.0;0.0;0.5075097084584703;0.0;0.40179399959051737;0.3504902159332721;1.0;0.0;0.0;0.0;0.0;0.0;0.3420596027393258;0.35039116683820265;0.28237092570552574;0.0;0.3749914450288568;0.4770811124231224;0.26062473252351964;0.0;0.3918211100137737;0.0;0.0;0.2732878518754486;0.2564240254850354;0.18047340216027258;0.23382217796185895;0.2662687484009117;0.6013403876533207;0.2309623971150233;0.0;0.38598953800927405;0.0;0.5208629182940487;0.0;0.4262693098083882;0.25452279955392026;0.2998964760452643;0.28684120333210544;0.3327001516739278;0.4610067410388167;0.3195445374662339;0.0;0.40179399959051737;0.23959436050011845;0.40179399959051737;0.4254804399836075;0.3160302556753596;0.3523302080394402;0.33827786264646337;0.40166583292964997;0.28237092570552574;0.29920059069044264;0.3560636482829033;0.33827786264646337;0.0;0.3597137174952618;0.43459767521918086;0.23959436050011845;0.3844611745495559;0.19326468817306902;0.32660246627153866;0.43459767521918086;0.3749914450288568;0.20232523299609012;0.44572329798969523;0.3732048328799681;0.35887398571140905;0.43459767521918086;0.0;0.20727595672193327;0.0;0.2100943531579859;0.0;0.38752145260682624;0.2899235864685205;0.3917768811949927;0.0;0.8241812457219668;0.46972675532761765;0.0;0.0;0.3504902159332721;0.4807248483080349;0.0
GO:0050965;0.0;0.37796468421802404;0.0;0.0;0.5398792040419403;0.0;0.0;0.0;0.0;0.0;0.0;0.0;0.0;0.0;0.0;0.0;0.0;0.37796468421802404;0.0;0.0;0.0;1.0;0.0;0.0;0.0;0.0;0.0;0.0;0.0;0.0;0.0;0.0;0.0;0.0;0.0;0.0;0.0;0.0;0.0;0.0;0.0;0.0;0.0;0.0;0.6687053201030473;0.0;0.0;0.0;0.0;0.0;0.0;0.0;0.0;0.0;0.0;0.0;0.0;0.0;0.0;0.0;0.0;0.0;0.0;0.0;0.0;0.0;0.0;0.0;0.0;0.0;0.0;0.0;0.0;0.0;0.0;0.0;0.0;0.0;0.0;0.0;0.0;0.0;0.0;0.31884372587817816;0.0;0.0;0.0;0.0;0.0;0.0;0.0;0.0;0.0;0.0;0.0;0.0;0.0;0.0;0.0
GO:0034613;0.4165281393809998;0.0;0.0;0.0;0.0;0.0;0.0;0.0;0.0;0.4419897677510119;0.0;0.0;0.0;0.5973024431360912;0.6179013080130664;0.0;0.0;0.0;0.0;0.0;0.0;0.0;1.0;0.4263728622968761;0.44320252728179305;0.476134369571324;0.0;0.0;0.0;0.0;0.501595997941336;0.0;0.0;0.47699002391249434;0.5184256629262529;0.483980957340346;0.4165281393809998;0.0;0.0;0.0;0.0;0.0;0.0;0.0;0.0;0.0;0.0;0.0;0.41248976040887936;0.0;0.0;0.0;0.0;0.0;0.0;0.0;0.5690014731874463;0.0;0.0;0.0;0.5788875474577474;0.0;0.0;0.0;0.0;0.0;0.0;0.0;0.0;0.0;0.0;0.501595997941336;0.0;0.0;0.0;0.0;0.501595997941336;0.0;0.0;0.0;0.0;0.0;0.501595997941336;0.0;0.0;0.0;0.0;0.0;0.0;0.0;0.0;0.0;0.0;0.0;0.0;0.43916414830967254;0.0;0.0;0.4859790924872003
GO:0015677;0.7232668554354148;0.0;0.0;0.0;0.0;0.0;0.0;0.0;0.0;0.3919901264811247;0.0;0.0;0.0;0.5669328582317164;0.7487284838054269;0.0;0.0;0.0;0.0;0.0;0.0;0.0;0.4263728622968761;1.0;0.5549849209729472;0.39333105267277335;0.0;0.0;0.0;0.0;0.33037047280761767;0.0;0.0;0.611433654593065;0.39333105267277335;0.5829720650187037;0.5086804767066415;0.0;0.0;0.0;0.0;0.0;0.0;0.0;0.0;0.0;0.0;0.0;0.36249011913899215;0.0;0.0;0.0;0.0;0.0;0.0;0.0;0.5363167687529543;0.0;0.0;0.0;0.5250248698410802;0.0;0.0;0.0;0.0;0.0;0.0;0.0;0.0;0.0;0.0;0.36249011913899215;0.0;0.0;0.0;0.0;0.36249011913899215;0.0;0.0;0.0;0.0;0.0;0.36249011913899215;0.0;0.0;0.0;0.0;0.0;0.0;0.0;0.0;0.0;0.0;0.0;0.0;0.5608164929774468;0.0;0.0;0.4186645143819179
GO:0070509;0.5255101416915584;0.0;0.0;0.0;0.0;0.0;0.0;0.0;0.0;0.40881979146604164;0.0;0.0;0.0;0.5837625232166334;0.528310533072154;0.0;0.0;0.0;0.0;0.0;0.0;0.0;0.44320252728179305;0.5549849209729472;1.0;0.41016071765769024;0.0;0.0;0.0;0.0;0.3472001377925346;0.0;0.0;0.6282633195779819;0.41016071765769024;0.7883288463981379;0.5255101416915584;0.0;0.0;0.0;0.0;0.0;0.0;0.0;0.0;0.0;0.0;0.0;0.3793197841239091;0.0;0.0;0.0;0.0;0.0;0.0;0.0;0.5531464337378712;0.0;0.0;0.0;0.6922316754378295;0.0;0.0;0.0;0.0;0.0;0.0;0.0;0.0;0.0;0.0;0.3793197841239091;0.0;0.0;0.0;0.0;0.3793197841239091;0.0;0.0;0.0;0.0;0.0;0.3793197841239091;0.0;0.0;0.0;0.0;0.0;0.0;0.0;0.0;0.0;0.0;0.0;0.0;0.5776461579623637;0.0;0.0;0.43549417936683477
GO:0014047;0.38348632975689706;0.2750478485085872;0.0;0.0;0.0;0.0;0.3601157070689233;0.0;0.45619716507861635;0.496327007578848;0.0;0.0;0.0;0.5797493723052567;0.46855418831723317;0.35398641934105307;0.3066549065450889;0.0;0.0;0.0;0.0;0.0;0.476134369571324;0.39333105267277335;0.41016071765769024;1.0;0.0;0.0;0.3601157070689233;0.44643982185693104;0.5117210450589328;0.0;0.0;0.4499493353553944;0.7017112672455198;0.45363660049671506;0.45858129874048953;0.0;0.0;0.0;0.0;0.0;0.0;0.0;0.0;0.0;0.0;0.3601157070689233;0.7271728956155319;0.22541450789500678;0.0;0.24090324668827506;0.0;0.0;0.0;0.2590738378648407;0.5904747319030715;0.0;0.0;0.0;0.519043183271984;0.3937750370387572;0.19861195333334608;0.41602264400986094;0.0;0.3601157070689233;0.37694537205384027;0.2955929486815101;0.41602264400986094;0.34653904544005387;0.0;0.46855418831723317;0.0;0.0;0.0;0.0;0.46855418831723317;0.32731203144025983;0.0;0.0;0.0;0.0;0.46855418831723317;0.25821818352367026;0.0;0.32731203144025983;0.0;0.4665464626575829;0.4652662339702239;0.22823290433105947;0.33278365183800346;0.38679009496971656;0.0;0.38679009496971656;0.3601157070689233;0.40881979146604164;0.0;0.0;0.6408870261419085
GO:0055075;0.0;0.0;0.20715261581228062;0.3560636482829033;0.0;0.2903585421711839;0.5278200098391697;0.1865801608810868;0.0;0.0;0.17673543796521057;0.20725988883915142;0.16939339070655912;0.0;0.0;0.0;0.0;0.0;0.3420596027393258;0.24127433829124328;0.3420596027393258;0.0;0.0;0.0;0.0;0.0;1.0;0.3125086008228285;0.2289996208968833;0.0;0.3265708639460575;0.3523764959878253;0.2328846051473925;0.0;0.34340052893097445;0.0;0.0;0.24941655440893867;0.2240895538240683;0.15990577298029363;0.21325454878188;0.23393427673994455;0.39232252380287136;0.21039476793504436;0.0;0.3462189253670271;0.0;0.3265708639460575;0.0;0.0;0.22678267217779313;0.5772838013902468;0.2545067316711384;0.41284788245231463;0.359374539574721;0.6109431313600807;0.0;0.3420596027393258;0.20725988883915142;0.3420596027393258;0.5413640115930128;0.26265895086671714;0.4908750166382621;0.2849065578378209;0.3532452518468507;0.2289996208968833;0.24582928588180025;0.6967377206659462;0.2849065578378209;0.0;0.32183115147988767;0.359374539574721;0.20725988883915142;0.3310898697409134;0.16939339070655912;0.29426799461057157;0.359374539574721;0.4456515580809781;0.17953582934580614;0.2527073846074294;0.2695370495923463;0.32653951405044196;0.359374539574721;0.0;0.17953582934580614;0.0;0.18622305569147607;0.0;0.3341501477981838;0.5673109118135032;0.7019678821686388;0.0;0.43329577030750116;0.3532452518468507;0.0;0.0;0.24127433829124328;0.26253078420584963;0.0
GO:0008284;0.0;0.0;0.45679911302903153;0.45265370192739773;0.0;0.4776810685121364;0.3877317364672885;0.3762178067521566;0.0;0.0;0.46332692838286904;0.5455943955626097;0.4691585003873687;0.0;0.0;0.0;0.0;0.0;0.35039116683820265;0.515470942675296;0.35039116683820265;0.0;0.0;0.0;0.0;0.0;0.3125086008228285;1.0;0.386488412052271;0.0;0.3650704994778719;0.509865287143213;0.4398371878538574;0.0;0.3819001644627888;0.0;0.0;0.4895754338994241;0.42014774202210486;0.39406353140377626;0.4998460391995385;0.4704339320539083;0.4357728830605289;0.40003241380611415;0.0;0.351246821179373;0.0;0.386488412052271;0.0;0.0;0.3508230654926619;0.2740673704410472;0.41446767465510653;0.312636767483696;0.3877317364672885;0.2968323059024527;0.0;0.4959610549490293;0.4033180770371879;0.386488412052271;0.45963864399643833;0.42014774202210486;0.44649726339795215;0.44239534899320865;0.3935327435875518;0.386488412052271;0.4259793140266045;0.3333514167191221;0.4650565859826252;0.0;0.5287837341863526;0.3877317364672885;0.804620606952058;0.5112398978857178;0.3668583556867586;0.5997988257053664;0.3877317364672885;0.3281255062769643;0.29862549893483176;0.4126683275913976;0.4294979925763145;0.48650045703441014;0.3877317364672885;0.0;0.4269298791681982;0.0;0.4859881653722856;0.0;0.4916389389535715;0.2698602022782887;0.36594777559077557;0.0;0.4439424539364953;0.4131627999530642;0.0;0.0;0.40909849515973573;0.4303549410743421;0.0
GO:0007196;0.0;0.30050947687859925;0.256978719853612;0.30005087408486286;0.0;0.3500545971891353;0.3855773354389354;0.23640626492241817;0.5144624690772919;0.0;0.22656154200654188;0.2733764861840696;0.22374314557048924;0.0;0.0;0.4122517233397286;0.30714017839556723;0.0;0.28237092570552574;0.29878696067212984;0.28237092570552574;0.0;0.0;0.0;0.0;0.3601157070689233;0.2289996208968833;0.386488412052271;1.0;0.4719014502269431;0.37931772552493564;0.5241125131902767;0.2925806601653439;0.0;0.39614739050985254;0.0;0.32731203144025983;0.3037663092728688;0.29020615116898657;0.209731877021625;0.26308065282321136;0.2835836852363069;0.45002010910759266;0.2602208719763757;0.0;0.2737389623204306;0.0;0.5185369985399844;0.0;0.22407358170335817;0.27001153834718855;0.24138851853875337;0.30415614016750064;0.2774202019796826;0.37931772552493564;0.257732911673192;0.0;0.25654682119915273;0.2733764861840696;0.25654682119915273;0.4512246330540855;0.7711775863247552;0.22374314557048924;0.7489299793536514;0.2659062722645507;0.5552991675579886;0.6307365449648398;0.29425202248986143;0.6112061044989261;0.34933943682064933;0.3958109627093302;0.37931772552493564;0.2733764861840696;0.42773091795977247;0.22374314557048924;0.36038459195548983;0.37931772552493564;0.3432860420840064;0.2178139717893584;0.3023567931037917;0.3191864580887086;0.37618892254680425;0.37931772552493564;0.2610185749042658;0.22276469551520156;0.3855773354389354;0.24057281055540614;0.47651935223432657;0.660449694459289;0.22541450789500678;0.33326892368848177;0.4122517233397286;0.38309471099996656;0.5452113864407775;0.3855773354389354;0.0;0.29878696067212984;0.3200434065867362;0.0
GO:0048812;0.0;0.38683359166660697;0.0;0.0;0.0;0.0;0.4719014502269431;0.0;0.692410867558229;0.0;0.0;0.0;0.0;0.0;0.0;0.5902001218206656;0.3934642931835749;0.0;0.0;0.0;0.0;0.0;0.0;0.0;0.0;0.44643982185693104;0.0;0.0;0.4719014502269431;1.0;0.0;0.0;0.0;0.0;0.0;0.0;0.41363614622826755;0.0;0.0;0.0;0.0;0.0;0.0;0.0;0.0;0.0;0.5886060244115552;0.4719014502269431;0.0;0.31039769649136584;0.0;0.32771263332676104;0.0;0.0;0.0;0.3440570264611997;0.0;0.0;0.0;0.0;0.5223904451816939;0.505560780196777;0.29490895769809755;0.5278083871678807;0.0;0.4719014502269431;0.48873111521186;0.38057613727786915;0.5278083871678807;0.43566355160865705;0.0;0.0;0.0;0.0;0.0;0.0;0.0;0.4296101568720141;0.0;0.0;0.0;0.0;0.0;0.34734268969227344;0.0;0.4719014502269431;0.0;0.5628434670223342;0.5770519771282436;0.3117386226830145;0.41959303847648943;0.6131320438869974;0.0;0.49857583812773626;0.4719014502269431;0.0;0.0;0.0;0.0
GO:0007595;0.3205257498917414;0.0;0.23556080727921286;0.37620420455963793;0.0;0.32863668461473616;0.47688896857410984;0.21498835234801905;0.0;0.3561298169010004;0.20514362943214276;0.2519585736096705;0.20232523299609012;0.5167887924401011;0.48068857743567;0.0;0.0;0.0;0.3749914450288568;0.2938362369462867;0.3749914450288568;0.0;0.501595997941336;0.33037047280761767;0.3472001377925346;0.5117210450589328;0.3265708639460575;0.3650704994778719;0.37931772552493564;0.0;1.0;0.5026946006158777;0.2711627475909448;0.3869887554902387;0.4975182424205869;0.39067602063155943;0.3205257498917414;0.2823483966984697;0.26878823859458745;0.18831396444722587;0.24166274024881224;0.27863296151046374;0.5426406284309238;0.2388029594019766;0.0;0.36635948164376164;0.0;0.47688896857410984;0.31918482370009277;0.0;0.2650608146213454;0.3153852148385326;0.2992054164416575;0.3749914450288568;0.47688896857410984;0.33355580601509816;0.48314152233743474;0.3749914450288568;0.2519585736096705;0.3749914450288568;0.5311775723904207;0.4129770554947695;0.3327001516739278;0.43522466246587327;0.3790045959402334;0.37931772552493564;0.39614739050985254;0.3700749168317676;0.43522466246587327;0.0;0.37439305013493107;0.48068857743567;0.2519585736096705;0.40631300538537335;0.20232523299609012;0.3389666793810907;0.48068857743567;0.40179399959051737;0.2178139717893584;0.29740606937794856;0.31423573436286545;0.3712381988209611;0.48068857743567;0.0;0.2178139717893584;0.0;0.219154897981007;0.0;0.48446825242623615;0.30271487248131695;0.407265619988261;0.0;0.4757152303232976;0.503563356474903;0.0;0.34585921160088595;0.2938362369462867;0.31509268286089304;0.40546544179121013
GO:0045664;0.0;0.0;0.38035559494455395;0.42342774917580484;0.0;0.47343147228007726;0.5026946006158777;0.35978314001336015;0.0;0.0;0.34993841709748386;0.3967533612750116;0.3471200206614312;0.0;0.0;0.0;0.0;0.0;0.4770811124231224;0.4934971473897265;0.4770811124231224;0.0;0.0;0.0;0.0;0.0;0.3523764959878253;0.509865287143213;0.5241125131902767;0.0;0.5026946006158777;1.0;0.41595753525628587;0.0;0.5195242656007946;0.0;0.0;0.42714318436381077;0.41358302625992854;0.33310875211256696;0.38645752791415333;0.40696056032724887;0.6447302958251893;0.3835977470673177;0.0;0.3971158374113726;0.0;0.5789786359683755;0.0;0.0;0.3933884134381305;0.3411908468803004;0.4275330152584426;0.40079707707062456;0.5026946006158777;0.35936143805686593;0.0;0.3799236962900947;0.3967533612750116;0.3799236962900947;0.5746015081450275;0.5577718431601106;0.3471200206614312;0.5800194501312144;0.3892831473554927;0.5241125131902767;0.5409421781751936;0.39588054887353535;0.5800194501312144;0.0;0.5191878378002721;0.5026946006158777;0.3967533612750116;0.5511077930507144;0.3471200206614312;0.4837614670464318;0.5026946006158777;0.42759963163228515;0.3411908468803004;0.49706697982138837;0.5606149919428545;0.4995657976377462;0.5026946006158777;0.0;0.34614157060614353;0.0;0.3639496856463481;0.0;0.6292630400915773;0.32852050452308473;0.4330712520300288;0.0;0.5778048977175632;0.6056530238691686;0.0;0.0;0.4934971473897265;0.5147535933043328;0.0
GO:0043524;0.0;0.0;0.28576936716141377;0.35339964988644923;0.0;0.4803829768986163;0.28847768442634;0.37891971513863654;0.0;0.0;0.27991031780812825;0.326725261985656;0.2770919213720756;0.0;0.0;0.0;0.0;0.0;0.334287789196314;0.3151907432728086;0.26062473252351964;0.0;0.0;0.0;0.0;0.0;0.2328846051473925;0.4398371878538574;0.2925806601653439;0.0;0.2711627475909448;0.41595753525628587;1.0;0.0;0.28799241257586167;0.0;0.0;0.31854568803180633;0.32623999013517774;0.22762812982099845;0.3164294286247977;0.2901175168603655;0.3418651311736018;0.4027343221925941;0.0;0.2674815079316928;0.0;0.2925806601653439;0.0;0.0;0.2693021783128578;0.1960677786073523;0.4156792338486131;0.2288714542360158;0.28847768442634;0.22023949085092065;0.0;0.2925806601653439;0.40601998542366785;0.38919032043875096;0.46234055238291827;0.32623999013517774;0.26308065282321136;0.3484875971062815;0.3037663092728688;0.2925806601653439;0.326725261985656;0.25675860166759007;0.3658025339416767;0.0;0.42952968214540416;0.28847768442634;0.326725261985656;0.41198584584476927;0.36956026407323855;0.396418430921681;0.28847768442634;0.24166274024881224;0.21710461175502765;0.41387988678490417;0.3397315582616315;0.39673402271972713;0.28847768442634;0.0;0.2466134639746554;0.0;0.2939215863569925;0.0;0.3977311870666444;0.19449757894036263;0.2879481837570807;0.0;0.35003470204956816;0.3192550480661371;0.0;0.0;0.4103100543532423;0.43156650026784865;0.0
GO:0006813;0.5747863771155282;0.0;0.0;0.0;0.0;0.0;0.0;0.0;0.0;0.45274972673598984;0.0;0.0;0.0;0.6402112568367511;0.5847592666922717;0.0;0.0;0.0;0.0;0.0;0.0;0.0;0.47699002391249434;0.611433654593065;0.6282633195779819;0.4499493353553944;0.0;0.0;0.0;0.0;0.3869887554902387;0.0;0.0;1.0;0.4499493353553944;0.6562504636237384;0.76254562293966;0.0;0.0;0.0;0.0;0.0;0.0;0.0;0.0;0.0;0.0;0.0;0.41580473353508224;0.0;0.0;0.0;0.0;0.0;0.0;0.0;0.6024226691618408;0.0;0.0;0.0;0.5857844700959454;0.0;0.0;0.0;0.0;0.0;0.0;0.0;0.0;0.0;0.0;0.41580473353508224;0.0;0.0;0.0;0.0;0.41580473353508224;0.0;0.0;0.0;0.0;0.0;0.41580473353508224;0.0;0.0;0.0;0.0;0.0;0.0;0.0;0.0;0.0;0.0;0.0;0.0;0.7066134074183926;0.0;0.0;0.479424114636783
