;GO:0018108;GO:0045606;GO:0008584;GO:0022408;GO:0033141;GO:0023019;GO:0036092;GO:0008543;GO:0046854;GO:0045762;GO:0002286;GO:0008306;GO:0042699;GO:0009755;GO:0003334;GO:0071373;GO:0030307;GO:0001545;GO:0006914;GO:0043154;GO:0051607;GO:0010811;GO:0060291;GO:0051968;GO:0032962;GO:0060672;GO:0046827;GO:0030183;GO:0050805;GO:1900740;GO:0042100;GO:0008630;GO:0007189;GO:0009967;GO:0097186;GO:0042700;GO:0002323;GO:0098586;GO:0030216;GO:0048692;GO:0051971;GO:0030539;GO:0048333;GO:0006606;GO:0035987;GO:0001836;GO:0070831;GO:0010469;GO:0051897;GO:0030335;GO:0031581;GO:0008284;GO:0060340;GO:0022029;GO:0045944;GO:0061436;GO:0000079;GO:0000122;GO:0010839;GO:0000165;GO:0007229;GO:0006977;GO:0051781;GO:0043330;GO:0045670;GO:0050691;GO:0022617;GO:0060054;GO:0060339;GO:1902741;GO:0007200;GO:0045636;GO:0060337;GO:0045087;GO:0043066;GO:0006508;GO:0071901;GO:0010001
GO:0018108;1.0;0.0;0.0;0.0;0.0;0.02538312307691892;0.422873396638186;0.028928527418035255;0.5704058424576514;0.0;0.027673271656437654;0.0;0.022611871495328794;0.031385690538360655;0.02370939980386463;0.02173738053617767;0.0;0.0;0.15084568352018812;0.0;0.0;0.0;0.0;0.0;0.0;0.02173738053617767;0.0;0.029341707686746352;0.0;0.025798961128506784;0.026843017721533236;0.02850371808085919;0.02953238318297246;0.0;0.0;0.02173738053617767;0.025700676998121553;0.0;0.028664077683402157;0.0;0.0;0.0;0.02460719979074136;0.0;0.026161326218880628;0.02559881963641493;0.02173738053617767;0.0;0.0;0.0;0.024286344850750423;0.0;0.0;0.026632478306354058;0.0;0.0;0.0;0.0;0.0;0.6907534431525209;0.029175099390427495;0.02792499598353303;0.0;0.0;0.0;0.0;0.02806745404437981;0.0;0.0;0.0;0.029242635151971594;0.0;0.028378485122053015;0.0;0.0;0.40279098489227094;0.0;0.02854449228170185
GO:0045606;0.0;1.0;0.0;0.08235257335281607;0.1858256761861916;0.06963320725460452;0.0;0.07765307256550204;0.0;0.17395121957047394;0.0;0.0;0.06311482517048113;0.08301193747925745;0.0;0.0;0.21927677798670184;0.0;0.0;0.07842044690977112;0.0;0.19254107447164587;0.1981192232741979;0.19161373722246144;0.16843048779578337;0.0;0.16831365227155515;0.0;0.07614187847853186;0.18838447477525486;0.0;0.07671036595250665;0.07898477772231587;0.2743766703840309;0.0;0.061010348396489174;0.0;0.0;0.0;0.28705091905044866;0.252973753304164;0.0;0.0;0.0;0.0;0.0;0.0;0.09242940152457516;0.21864651540648103;0.2419984853605645;0.0;0.25902449426183405;0.17790217684588364;0.0;0.2664905277088574;0.053452442790798825;0.07905259863427186;0.0963983893268135;0.0674679526218634;0.08725923457652181;0.07819802311917218;0.20126383257639693;0.20786352636122146;0.0;0.38539456216453116;0.06422199538153149;0.0;0.17395121957047394;0.06572342758279962;0.2556682028874714;0.07834700063969276;0.3951800686573087;0.07643152782602118;0.0;0.0972092207900779;0.0;0.08102401931034114;0.0
GO:0008584;0.0;0.0;1.0;0.0;0.0;0.0;0.0;0.0;0.0;0.0;0.0;0.0;0.38040138415846203;0.0;0.25876730882929033;0.0;0.0;0.36645547407008694;0.0;0.0;0.0;0.0;0.0;0.0;0.0;0.48256607727662565;0.0;0.2423415192755744;0.0;0.0;0.0;0.0;0.0;0.0;0.20009370235227703;0.0;0.0;0.0;0.23712264196075863;0.0;0.0;0.6926066273364709;0.20552615119460027;0.0;0.21770204821139671;0.0;0.0;0.0;0.0;0.0;0.0;0.0;0.0;0.0;0.0;0.0;0.0;0.0;0.0;0.0;0.0;0.0;0.0;0.0;0.0;0.0;0.0;0.0;0.0;0.0;0.0;0.0;0.0;0.0;0.0;0.0;0.0;0.23619990570608124
GO:0022408;0.0;0.08235257335281607;0.0;1.0;0.08135081132550402;0.08135081132550402;0.0;0.09251321410319176;0.0;0.07534225199307079;0.0;0.0;0.07259204480328207;0.10022112446310312;0.0;0.0;0.09899375628360774;0.0;0.0;0.27101333835258673;0.0;0.6831301122854339;0.08770910781572629;0.08432670266395809;0.07259204480328207;0.0;0.0718956728173218;0.0;0.2616667269838445;0.08266254373530744;0.0;0.09117828244959916;0.09440959664423562;0.13058832256967665;0.0;0.06982197687360565;0.0;0.0;0.0;0.18682362636545907;0.07363471323483578;0.0;0.0;0.0;0.0;0.0;0.0;0.11427860463223191;0.09865115764399408;0.11162002131609837;0.0;0.12144595557851563;0.07732722187183;0.0;0.1258577962737411;0.06244721103341155;0.09450650962248944;0.3486178617857114;0.22702340269969612;0.10647834182783407;0.09328773114823934;0.25872024308964287;0.09285154539840697;0.0;0.0907846152554;0.0756404002577833;0.0;0.07534225199307079;0.22022961971463417;0.07453993213211355;0.093499829817632;0.07135542291434897;0.0907846152554;0.0;0.35228820717451653;0.0;0.2818226739617196;0.0
GO:0033141;0.0;0.1858256761861916;0.0;0.08135081132550402;1.0;0.06891564477017115;0.0;0.07676176194500026;0.0;0.38180301241253933;0.0;0.0;0.06252474796870607;0.08199416894264892;0.0;0.0;0.21661532984225862;0.0;0.0;0.32246948315078605;0.0;0.1902665539093823;0.25876573163678124;0.25035910140599144;0.36979892673777437;0.0;0.16657293671584142;0.0;0.26532056527185727;0.2611274110822358;0.0;0.07584044373612775;0.07806281552641119;0.37851992604144374;0.0;0.06045879382841808;0.0;0.0;0.0;0.1762322482842349;0.22307212168451723;0.0;0.0;0.0;0.0;0.0;0.0;0.34080486325970705;0.39399559094438064;0.23876096761625437;0.0;0.255318882226857;0.2467408780627613;0.0;0.3739901082929557;0.052901621291111804;0.4231975441923358;0.2167178303088515;0.06679410581653009;0.0861353586526052;0.07729423139718145;0.19901944718413736;0.20547041031792831;0.0;0.07556788275726889;0.2253815300887265;0.0;0.17227211155731056;0.24329313715791384;0.17069786160975498;0.07743978192917583;0.16440175965328974;0.07556788275726889;0.0;0.09581647089299844;0.0;0.43362494924183836;0.0
GO:0023019;0.02538312307691892;0.06963320725460452;0.0;0.08135081132550402;0.06891564477017115;1.0;0.02270358440312335;0.2032996314403067;0.024268258678868358;0.06455437103449081;0.02273919105887121;0.0;0.16559362234342165;0.21715739586903135;0.019992662136233234;0.018571933505860526;0.08117080732329579;0.0;0.025684839186966776;0.07751153632691903;0.0;0.06952382872775695;0.07342479560913301;0.07103941365552983;0.06252474796870607;0.018571933505860526;0.06086612746677066;0.02385372927394375;0.07528473014089276;0.06985469323827521;0.02217559317426168;0.20085956691394485;0.20674540583217707;0.10125858947022837;0.0;0.16012204763420562;0.021390160356200373;0.0;0.02340393447621552;0.056447493596425494;0.06329673112888025;0.0;0.02062727568362247;0.0;0.021708291142540363;0.021319557844277772;0.018571933505860526;0.09116936088192511;0.08094032350194594;0.08946929339126487;0.020401339940053793;0.0956739294967129;0.06600612427084031;0.022031708705166797;0.09839103037604466;0.052901621291111804;0.07812906171460839;0.09502861295633869;0.06679410581653009;0.22812512668221568;0.20470984976566534;0.19751398407200593;0.076994546501858;0.0;0.07556788275726889;0.06352875013345113;0.023004666679790172;0.06455437103449081;0.06508381250634568;0.06396446292750321;0.2050953329640786;0.06160516693876491;0.20013770299181766;0.0;0.09581647089299844;0.0;0.0800541281140144;0.023324151066833197
GO:0036092;0.422873396638186;0.0;0.0;0.0;0.0;0.02270358440312335;1.0;0.02549875120457347;0.8032161122626329;0.0;0.024518454824779018;0.0;0.020460688760885998;0.027388776033093407;0.021355193019097305;0.01974202850009074;0.0;0.0;0.13122234538465977;0.0;0.0;0.0;0.0;0.0;0.0;0.01974202850009074;0.0;0.0258192230951102;0.0;0.02303568721655709;0.023864475396854084;0.025168125965450382;0.025966750184543346;0.0;0.0;0.01974202850009074;0.022957297597359663;0.0;0.025293067798171198;0.0;0.0;0.0;0.022080823654154244;0.0;0.023324151066833197;0.022875990475104722;0.01974202850009074;0.0;0.0;0.0;0.02182212351854227;0.0;0.0;0.023697922321706092;0.0;0.0;0.0;0.0;0.0;0.4424564803959268;0.025690128417180193;0.024715851684930373;0.0;0.0;0.0;0.0;0.024827383152250762;0.0;0.0;0.0;0.025742479008775566;0.0;0.025070438077349332;0.0;0.0;0.1600575113104066;0.0;0.025199910180683977
GO:0008543;0.028928527418035255;0.07765307256550204;0.0;0.09251321410319176;0.07676176194500026;0.2032996314403067;0.02549875120457347;1.0;0.027489303276041148;0.07138959245943555;0.02554367371480678;0.0;0.18251958823307657;0.24722252215190338;0.02212876516863006;0.020401339940053793;0.09228049390020739;0.0;0.029321066299008394;0.08758000286913077;0.0;0.07875149338477264;0.08239809014315799;0.07940592294015605;0.06891564477017115;0.020401339940053793;0.06782367734741562;0.02695863626169368;0.0847476851100104;0.07792861587242146;0.024834650414957006;0.22631670036015106;0.23381689393176275;0.11915355706793503;0.0;0.17589468132933384;0.02385372927394375;0.0;0.026385532768708257;0.06160516693876491;0.06985469323827521;0.0;0.022908878776287125;0.0;0.024250039016390085;0.02376596059175926;0.020401339940053793;0.10542491871537256;0.09198271646435482;0.10315823756257067;0.022630534039172655;0.11149521943233252;0.07316929192947007;0.024654331298441176;0.1152026705721074;0.05892452539035856;0.08836919311330282;0.11061980454431833;0.07413883766130161;0.26153751239090195;0.37489456203876065;0.22207827925763576;0.08692055098835497;0.0;0.08510666311002396;0.07114643060347092;0.025879154093105303;0.07138959245943555;0.07203765028479697;0.07066884544573485;0.23170860789399628;0.06780014531257046;0.3654644495497271;0.0;0.11168884972013399;0.0;0.0908399332431055;0.02628417010639969
GO:0046854;0.5704058424576514;0.0;0.0;0.0;0.0;0.024268258678868358;0.8032161122626329;0.027489303276041148;1.0;0.0;0.026353388905151504;0.0;0.021722890458909478;0.029698718904621228;0.02273388773451078;0.020914579697882626;0.0;0.0;0.14254823139866143;0.0;0.0;0.0;0.0;0.0;0.0;0.020914579697882626;0.0;0.02786212901933962;0.0;0.024648097165010242;0.025599365595189733;0.02710543142237131;0.028034003112808983;0.0;0.0;0.020914579697882626;0.02455837090427665;0.0;0.027250403628723475;0.0;0.0;0.0;0.02355804442127005;0.0;0.024978646799923364;0.024465350352220243;0.020914579697882626;0.0;0.0;0.0;0.023263802655009012;0.0;0.0;0.02540781346444151;0.0;0.0;0.0;0.0;0.0;0.5991828104461956;0.027711856759497208;0.026581574771059352;0.0;0.0;0.0;0.0;0.02671062406419183;0.0;0.0;0.0;0.027772780975061123;0.0;0.026992159602965752;0.0;0.0;0.1771210066085626;0.0;0.027142300697810807
GO:0045762;0.0;0.17395121957047394;0.0;0.07534225199307079;0.38180301241253933;0.06455437103449081;0.0;0.07138959245943555;0.0;1.0;0.0;0.0;0.05891366192879757;0.0758937605564527;0.0;0.0;0.20064894427390245;0.0;0.0;0.3137659109710989;0.0;0.17658999219112378;0.18278701241136897;0.17723536085440933;0.5792893173889186;0.0;0.1559958542786361;0.0;0.07011034367544802;0.17446905387832537;0.0;0.07059204865979604;0.07251357681677079;0.24582060916292614;0.0;0.05707594597774237;0.0;0.0;0.0;0.05348765461158716;0.15904685821359235;0.0;0.0;0.0;0.0;0.0;0.0;0.30693851344607387;0.2001210875536754;0.21950814068821792;0.0;0.23342554985505598;0.16544104852238725;0.0;0.44033765080873766;0.049553782751963496;0.3585722894911121;0.26218959416956733;0.06268922183041602;0.07942837835552166;0.0718499167063563;0.1854604558298746;0.19105002291948311;0.0;0.07035584776052142;0.05932998383738329;0.0;0.16201887150785224;0.06118030945748723;0.16062567874838413;0.07197566861045841;0.15503851020789744;0.07035584776052142;0.0;0.08758911684772969;0.0;0.36676444383694945;0.0
GO:0002286;0.027673271656437654;0.0;0.0;0.0;0.0;0.02273919105887121;0.024518454824779018;0.02554367371480678;0.026353388905151504;0.0;1.0;0.0;0.020489603251445852;0.027440611636538555;0.02138669289777738;0.01976894614374969;0.0;0.0;0.028032272447159116;0.0;0.5451475721403111;0.0;0.0;0.0;0.0;0.01976894614374969;0.0;0.7194696739248996;0.0;0.023072344024018556;0.664909537929978;0.025211890068347214;0.026013338331420797;0.0;0.0;0.01976894614374969;0.8417326322310636;0.0;0.0253372678763898;0.0;0.0;0.0;0.022114502266200285;0.0;0.023361732439439318;0.022912140393025315;0.01976894614374969;0.0;0.0;0.0;0.02185501700479828;0.0;0.0;0.02373671883565217;0.0;0.0;0.0;0.0;0.0;0.028957368357285684;0.025735728379753724;0.02475805570909344;0.0;0.0;0.0;0.0;0.024869969259335316;0.0;0.0;0.0;0.025788265170851372;0.0;0.02511386281337831;0.4369333280388933;0.0;0.0;0.0;0.0252437849869723
GO:0008306;0.0;0.0;0.0;0.0;0.0;0.0;0.0;0.0;0.0;0.0;0.0;1.0;0.0;0.0;0.0;0.0;0.0;0.0;0.0;0.0;0.0;0.0;0.0;0.0;0.0;0.0;0.0;0.0;0.0;0.0;0.0;0.0;0.0;0.0;0.0;0.0;0.0;0.0;0.0;0.0;0.0;0.0;0.0;0.0;0.0;0.0;0.0;0.0;0.0;0.0;0.0;0.0;0.0;0.0;0.0;0.2624048743625711;0.0;0.0;0.0;0.0;0.0;0.0;0.0;0.0;0.0;0.0;0.0;0.0;0.0;0.0;0.0;0.0;0.0;0.0;0.0;0.0;0.0;0.0
GO:0042699;0.022611871495328794;0.06311482517048113;0.38040138415846203;0.07259204480328207;0.06252474796870607;0.16559362234342165;0.020460688760885998;0.18251958823307657;0.021722890458909478;0.05891366192879757;0.020489603251445852;0.0;1.0;0.1936119384102661;0.018232653144588034;0.017043617088630857;0.07244868086607129;0.7198701920624749;0.02285099274650745;0.06951937510977287;0.0;0.06223184513242844;0.06621397879346244;0.06426790352577431;0.05721857929509224;0.3031027081432162;0.05520322069739838;0.021390160356200373;0.06772278161164935;0.06329673112888025;0.02003087801487823;0.1805504318399316;0.39003999199755457;0.08803685518319378;0.0;0.309319932862823;0.01938782205326139;0.0;0.021027770085949665;0.05208671847454143;0.05786441677593565;0.34040037379094523;0.018758980498249034;0.0;0.019648816607209404;0.01932980117066826;0.017043617088630857;0.08030986120270579;0.07226501256477742;0.07898773838835012;0.018571933505860526;0.08378478027826482;0.06012042206437605;0.01991340556736081;0.0858612175733499;0.047995785998861604;0.07001571277956971;0.08328946695206205;0.06077344669460559;0.2022827555823772;0.1836554469538779;0.17784263649956733;0.06910321562007259;0.0;0.06795182213172159;0.05738455942805719;0.020704901455138494;0.05891366192879757;0.05935430562821362;0.05842194856789883;0.38724772228897697;0.056447493596425494;0.17996695288175393;0.0;0.08389407612451821;0.0;0.07155777434136341;0.02096334253509538
GO:0009755;0.031385690538360655;0.08301193747925745;0.0;0.10022112446310312;0.08199416894264892;0.21715739586903135;0.027388776033093407;0.24722252215190338;0.029698718904621228;0.0758937605564527;0.027440611636538555;0.0;0.1936119384102661;1.0;0.023538411979250773;0.021593567230652602;0.09994806698329162;0.0;0.03184827841072926;0.09445723695950256;0.0;0.08508103831761878;0.08845742649107864;0.08501819053475428;0.07310388819038618;0.021593567230652602;0.07246669912248689;0.02908028008524;0.09117098352105121;0.08332690084228185;0.026624053587460058;0.2436235417371637;0.2523367841998205;0.13225411594405317;0.0;0.18617373358610728;0.025499883233409182;0.0;0.028414534343978993;0.06493053510876767;0.07416141918200261;0.0;0.02442306753526618;0.0;0.02595329917554738;0.025399608128032485;0.021593567230652602;0.11555225713196081;0.09959884277928038;0.11283478753666742;0.024106965613491845;0.12288538669636588;0.07790828543719962;0.02641692173916138;0.12740437508313934;0.06294107075322487;0.09537588612921878;0.12182282610244051;0.07900843255739029;0.2849286924369658;0.24931105151856198;0.23871911927275472;0.09369060491916241;0.0;0.0915865733179273;0.07627272175341379;0.027828147386094473;0.0758937605564527;0.07662659337288799;0.07507971512795371;0.24988304259305832;0.0718499167063563;0.24256239211596153;0.0;0.12312064141116866;0.0;0.09826035795322495;0.02829701778053261
GO:0003334;0.02370939980386463;0.0;0.25876730882929033;0.0;0.0;0.019992662136233234;0.021355193019097305;0.02212876516863006;0.02273388773451078;0.0;0.02138669289777738;0.0;0.018232653144588034;0.023538411979250773;1.0;0.017659794945153594;0.0;0.0;0.023972432206831085;0.0;0.0;0.0;0.0;0.0;0.0;0.22736769833890685;0.0;0.28800747877083305;0.0;0.020249741408514595;0.020887409289556614;0.02187933015567858;0.02248038167603477;0.0;0.16919691832374165;0.017659794945153594;0.02018914122417139;0.0;0.282908583990419;0.0;0.0;0.23044696383841434;0.2511651332988338;0.0;0.2635785309812304;0.020126232879360377;0.017659794945153594;0.0;0.0;0.0;0.019305952003115197;0.0;0.0;0.020759707699946048;0.0;0.0;0.0;0.0;0.0;0.024645755437530035;0.02227275644662113;0.02153672870995017;0.0;0.0;0.0;0.0;0.021621364435832364;0.0;0.0;0.0;0.022312095080265132;0.0;0.0218054670890184;0.0;0.0;0.0;0.0;0.2820029046323583
GO:0071373;0.02173738053617767;0.0;0.0;0.0;0.0;0.018571933505860526;0.01974202850009074;0.020401339940053793;0.020914579697882626;0.0;0.01976894614374969;0.0;0.017043617088630857;0.021593567230652602;0.017659794945153594;1.0;0.0;0.0;0.02195827355615107;0.0;0.17423498625166656;0.0;0.0;0.0;0.0;0.016542012253947143;0.0;0.02060597484708763;0.0;0.018793571078130664;0.019341585342707884;0.2629538971050173;0.020699832784681325;0.0;0.0;0.016542012253947143;0.01874136187375256;0.1533697404200841;0.020269459708345785;0.0;0.0;0.0;0.01815312070227472;0.0;0.01898513217417398;0.018687140325755247;0.016542012253947143;0.0;0.0;0.0;0.01797790430867298;0.0;0.0;0.01923203648967206;0.0;0.0;0.0;0.0;0.0;0.02252187500365567;0.020523665909713697;0.2591498642112749;0.0;0.4170210147759728;0.0;0.0;0.01996929177207435;0.0;0.0;0.0;0.020557063949270548;0.0;0.020126232879360377;0.19079814726528194;0.0;0.0;0.0;0.020209588569859743
GO:0030307;0.0;0.21927677798670184;0.0;0.09899375628360774;0.21661532984225862;0.08117080732329579;0.0;0.09228049390020739;0.0;0.20064894427390245;0.0;0.0;0.07244868086607129;0.09994806698329162;0.0;0.0;1.0;0.0;0.0;0.09336621677892189;0.0;0.23009014043308088;0.2335053804561463;0.22452115480374307;0.19333915012000344;0.0;0.19632038742437874;0.0;0.09015414932177294;0.35195001046955154;0.0;0.09095222171920854;0.09416725031908622;0.3472565233867345;0.0;0.06968933554240778;0.0;0.0;0.0;0.5228047661314565;0.19611059428222447;0.0;0.0;0.0;0.0;0.0;0.0;0.11392370997958726;0.2625579501094314;0.2969695987825009;0.0;0.32302563537703;0.20592412946871913;0.0;0.33472026064870447;0.06230903480960256;0.09426366613702518;0.12001411673325173;0.07824366332671971;0.10617017618024961;0.09305110296828706;0.23788604705506575;0.2471613762149933;0.0;0.09056049997087888;0.07546358531960236;0.0;0.20064894427390245;0.07590702958393167;0.1985165659318973;0.0932621257912916;0.19005196798164037;0.09056049997087888;0.0;0.12127348147901604;0.0;0.09708026268365465;0.0
GO:0001545;0.0;0.0;0.36645547407008694;0.0;0.0;0.0;0.0;0.0;0.0;0.0;0.0;0.0;0.7198701920624749;0.0;0.0;0.0;0.0;1.0;0.0;0.0;0.0;0.0;0.0;0.0;0.0;0.294182196551121;0.0;0.0;0.0;0.0;0.0;0.0;0.0;0.0;0.0;0.0;0.0;0.0;0.0;0.0;0.0;0.329189996818759;0.0;0.0;0.0;0.0;0.0;0.0;0.0;0.0;0.0;0.0;0.0;0.0;0.0;0.0;0.0;0.0;0.0;0.0;0.0;0.0;0.0;0.0;0.0;0.0;0.0;0.0;0.0;0.0;0.0;0.0;0.0;0.0;0.0;0.0;0.0;0.0
GO:0006914;0.15084568352018812;0.0;0.0;0.0;0.0;0.025684839186966776;0.13122234538465977;0.029321066299008394;0.14254823139866143;0.0;0.028032272447159116;0.0;0.02285099274650745;0.03184827841072926;0.023972432206831085;0.02195827355615107;0.0;0.0;1.0;0.0;0.0;0.0;0.0;0.0;0.0;0.02195827355615107;0.0;0.02974561803152282;0.0;0.0261107046258997;0.027180668743999964;0.028884736985877343;0.029941596770322754;0.0;0.0;0.02195827355615107;0.026010035533050615;0.0;0.029049424790332335;0.0;0.0;0.0;0.024890648841227676;0.0;0.026481942959946225;0.02590571627986055;0.02195827355615107;0.0;0.0;0.0;0.024562408806052934;0.0;0.0;0.02696482067567113;0.0;0.0;0.0;0.0;0.0;0.15904231416217424;0.029574404573246137;0.028290600778426107;0.0;0.0;0.0;0.0;0.028436823255833868;0.0;0.0;0.0;0.02964380384159223;0.0;0.028756141138988375;0.0;0.0;0.1655614623389715;0.0;0.028926609358418166
GO:0043154;0.0;0.07842044690977112;0.0;0.27101333835258673;0.32246948315078605;0.07751153632691903;0.0;0.08758000286913077;0.0;0.3137659109710989;0.0;0.0;0.06951937510977287;0.09445723695950256;0.0;0.0;0.09336621677892189;0.0;0.0;1.0;0.0;0.07964968599374463;0.08326263315468684;0.08020851095418209;0.1548641147889196;0.0;0.06848883984237283;0.0;0.24801900129921517;0.40950668365511167;0.0;0.08638272294782304;0.08927767517595814;0.1209699246396825;0.0;0.06697473644713542;0.0;0.0;0.0;0.1797611898024477;0.07047506265307596;0.0;0.0;0.0;0.0;0.0;0.0;0.3918606562116831;0.09306140271562603;0.10451689423984471;0.0;0.11308404752014961;0.07385021798338585;0.0;0.2665960663754395;0.05950007366445977;0.3892337056159134;0.4820422496118059;0.21667879856590364;0.09999553788794827;0.08827381120312643;0.24537030529457204;0.08788315446407861;0.0;0.08602929668161857;0.0718787154285057;0.0;0.07203765028479697;0.2104815936791782;0.07130382558988904;0.08846370009963359;0.0683844064831006;0.08602929668161857;0.0;0.7207923399895613;0.0;0.6041682150437404;0.0
GO:0051607;0.0;0.0;0.0;0.0;0.0;0.0;0.0;0.0;0.0;0.0;0.5451475721403111;0.0;0.0;0.0;0.0;0.17423498625166656;0.0;0.0;0.0;0.0;1.0;0.0;0.0;0.0;0.0;0.0;0.0;0.41201993298242345;0.0;0.0;0.377073560964833;0.3477207526373129;0.0;0.0;0.0;0.0;0.5064376454207955;0.7626224258615121;0.0;0.0;0.0;0.0;0.0;0.0;0.0;0.0;0.0;0.0;0.0;0.0;0.0;0.0;0.0;0.0;0.0;0.0;0.0;0.0;0.0;0.0;0.0;0.3406902572098823;0.0;0.21898654603528353;0.0;0.0;0.0;0.0;0.0;0.0;0.0;0.0;0.0;0.6725217637905795;0.0;0.0;0.0;0.0
GO:0010811;0.0;0.19254107447164587;0.0;0.6831301122854339;0.1902665539093823;0.06952382872775695;0.0;0.07875149338477264;0.0;0.17658999219112378;0.0;0.0;0.06223184513242844;0.08508103831761878;0.0;0.0;0.23009014043308088;0.0;0.0;0.07964968599374463;0.0;1.0;0.20467581447213307;0.19701864614597966;0.17031050984167426;0.0;0.19105444642945618;0.0;0.07699056532477525;0.19324454094820112;0.0;0.07765177538023417;0.08031195219892147;0.3001807043439656;0.0;0.059916192425241516;0.0;0.0;0.0;0.055476606987180876;0.17269265616851087;0.0;0.0;0.0;0.0;0.0;0.0;0.09653656901519314;0.2293215463496572;0.2582872429792088;0.0;0.28005825151451513;0.18111460048598468;0.0;0.2897848088837486;0.060644599529077345;0.08039164194608561;0.1014961929925928;0.06708131188205148;0.09019407333068337;0.07938906571624105;0.20840327672862427;0.21628231393293815;0.0;0.0773272737060003;0.07333719047295882;0.0;0.17658999219112378;0.06512815517935971;0.17475934367918547;0.07956360171341693;0.1674829520318334;0.0773272737060003;0.0;0.10251928803517243;0.0;0.08271739948579213;0.0
GO:0060291;0.0;0.1981192232741979;0.0;0.08770910781572629;0.25876573163678124;0.07342479560913301;0.0;0.08239809014315799;0.0;0.18278701241136897;0.0;0.0;0.06621397879346244;0.08845742649107864;0.0;0.0;0.2335053804561463;0.0;0.0;0.08326263315468684;0.0;0.20467581447213307;1.0;0.7882134256594048;0.17670100039029416;0.0;0.17751373791532377;0.0;0.6762496831468651;0.37551784915845215;0.0;0.08133744158015184;0.08389908923195301;0.561079580287766;0.0;0.06390153993849595;0.0;0.0;0.0;0.05943726275267549;0.3381568794500362;0.0;0.0;0.0;0.0;0.0;0.0;0.34971319050135086;0.4397432679830823;0.2594459469543068;0.0;0.2791152918311647;0.35353615471731165;0.0;0.2878038466360853;0.2565599699629177;0.08397561620224019;0.10382026998997923;0.0710213905887902;0.09329647795110127;0.08301193747925745;0.21318721889201803;0.22060645400956827;0.0;0.08102401931034114;0.06789651532609997;0.0;0.18278701241136897;0.24349206723482866;0.1810157119439991;0.08317984155247699;0.17395121957047396;0.08102401931034114;0.0;0.1047613719640567;0.0;0.08620368398371205;0.0
GO:0051968;0.0;0.19161373722246144;0.0;0.08432670266395809;0.25035910140599144;0.07103941365552983;0.0;0.07940592294015605;0.0;0.17723536085440933;0.0;0.0;0.06426790352577431;0.08501819053475428;0.0;0.0;0.22452115480374307;0.0;0.0;0.08020851095418209;0.0;0.19701864614597966;0.7882134256594048;1.0;0.1715076340815284;0.0;0.17172531018880466;0.0;0.6521811295476406;0.3631468169322846;0.0;0.07842044690977112;0.08079896664211894;0.5339038854852952;0.0;0.06208715716471687;0.0;0.0;0.0;0.05786441677593565;0.3280920359292319;0.0;0.0;0.0;0.0;0.0;0.0;0.3345321454826627;0.42287373637751235;0.24840189874538315;0.0;0.26637432220537355;0.3425498723837647;0.0;0.27427652772084243;0.0545318870697717;0.08086994026965864;0.09911445378714502;0.06878723786738072;0.0894787837687721;0.07997584360893462;0.20567331553059207;0.21257031711483187;0.0;0.07812906171460839;0.06558253947323452;0.0;0.17723536085440933;0.23603425156511967;0.17556953285534016;0.08013167884545026;0.16891592856541815;0.07812906171460839;0.0;0.09997182314379535;0.0;0.08293422834438002;0.0
GO:0032962;0.0;0.16843048779578337;0.0;0.07259204480328207;0.36979892673777437;0.06252474796870607;0.0;0.06891564477017115;0.0;0.5792893173889186;0.0;0.0;0.05721857929509224;0.07310388819038618;0.0;0.0;0.19333915012000344;0.0;0.0;0.1548641147889196;0.0;0.17031050984167426;0.17670100039029416;0.1715076340815284;1.0;0.0;0.1510752034086364;0.0;0.06772278161164935;0.16891592856541815;0.0;0.06817213179273886;0.06996250624821013;0.23493831160047612;0.0;0.05548353548255347;0.0;0.0;0.0;0.05208671847454143;0.15441905950406765;0.0;0.0;0.0;0.0;0.0;0.0;0.08030986120270579;0.19284900629886495;0.21078951372676547;0.0;0.22359107189178795;0.1604395161903614;0.0;0.416032745948965;0.047995785998861604;0.34594791047940027;0.24764280783055148;0.06077344669460559;0.07637781052324413;0.0693445216752181;0.17919816345261938;0.18441132148758033;0.0;0.06795182213172159;0.05738455942805719;0.0;0.15721911277897632;0.05935430562821362;0.15590690885528372;0.06946164943623924;0.15063780745037952;0.06795182213172159;0.0;0.08389407612451821;0.0;0.35356724268291106;0.0
GO:0060672;0.02173738053617767;0.0;0.48256607727662565;0.0;0.0;0.018571933505860526;0.01974202850009074;0.020401339940053793;0.020914579697882626;0.0;0.01976894614374969;0.0;0.3031027081432162;0.021593567230652602;0.22736769833890685;0.016542012253947143;0.0;0.294182196551121;0.02195827355615107;0.0;0.0;0.0;0.0;0.0;0.0;1.0;0.0;0.2652994039603767;0.0;0.15882038373277324;0.019341585342707884;0.02018914122417139;0.020699832784681325;0.0;0.3136078712410609;0.016542012253947143;0.01874136187375256;0.0;0.26096681273892947;0.0;0.0;0.4334931163100901;0.23371920707818078;0.0;0.24443125293968812;0.15792096058094335;0.13979294956567895;0.0;0.0;0.0;0.15192736117815683;0.0;0.0;0.01923203648967206;0.0;0.0;0.0;0.0;0.0;0.02252187500365567;0.020523665909713697;0.01989707421866705;0.0;0.0;0.0;0.0;0.16875614373274403;0.0;0.0;0.0;0.020557063949270548;0.0;0.020126232879360377;0.0;0.0;0.0;0.0;0.2601959791592204
GO:0046827;0.0;0.16831365227155515;0.0;0.0718956728173218;0.16657293671584142;0.06086612746677066;0.0;0.06782367734741562;0.0;0.1559958542786361;0.0;0.0;0.05520322069739838;0.07246669912248689;0.0;0.0;0.19632038742437874;0.0;0.0;0.06848883984237283;0.0;0.19105444642945618;0.17751373791532377;0.17172531018880466;0.1510752034086364;0.0;1.0;0.0;0.06651348119727923;0.6076141939993105;0.0;0.06700640129277873;0.06897794064677816;0.2451630303321309;0.0;0.05337341103410522;0.0;0.0;0.0;0.04982174430043363;0.1529466885477094;0.0;0.0;0.0;0.0;0.0;0.0;0.08061453777373888;0.19576057208521286;0.36996339373149284;0.0;0.23157382022014347;0.1595161500493429;0.0;0.23818437475564552;0.0530926157643328;0.06903671687610362;0.08404400985652216;0.058985833589995165;0.0761432259251601;0.06829605234984407;0.180310759356868;0.1861788886859907;0.0;0.06676463506910185;0.06376905159710328;0.0;0.1559958542786361;0.057470325895743246;0.5240515040149019;0.06842518065174204;0.14884610066562312;0.06676463506910185;0.0;0.08474429982788682;0.0;0.0707448899484429;0.0
GO:0030183;0.029341707686746352;0.0;0.2423415192755744;0.0;0.0;0.02385372927394375;0.0258192230951102;0.02695863626169368;0.02786212901933962;0.0;0.7194696739248996;0.0;0.021390160356200373;0.02908028008524;0.28800747877083305;0.02060597484708763;0.0;0.0;0.02974561803152282;0.0;0.41201993298242345;0.0;0.0;0.0;0.0;0.2652994039603767;0.0;1.0;0.0;0.02422060435538844;0.8492483640245458;0.026589342702109553;0.027482308467644552;0.0;0.20009370235227703;0.02060597484708763;0.6713110766247982;0.0;0.415116897978693;0.0;0.0;0.21071843544530963;0.3598027486195159;0.0;0.3811183874717391;0.02404411894148746;0.02060597484708763;0.0;0.0;0.0;0.022882608116611785;0.0;0.0;0.0249538044240408;0.0;0.0;0.0;0.0;0.0;0.03078935969288509;0.027172646671618898;0.026085059085976706;0.0;0.0;0.0;0.0;0.026209321127846012;0.0;0.0;0.0;0.027231220552637343;0.0;0.02648033454734907;0.46663773115012513;0.0;0.0;0.0;0.41350151697362836
GO:0050805;0.0;0.07614187847853186;0.0;0.2616667269838445;0.26532056527185727;0.07528473014089276;0.0;0.0847476851100104;0.0;0.07011034367544802;0.0;0.0;0.06772278161164935;0.09117098352105121;0.0;0.0;0.09015414932177294;0.0;0.0;0.24801900129921517;0.0;0.07699056532477525;0.6762496831468651;0.6521811295476406;0.06772278161164935;0.0;0.06651348119727923;0.0;1.0;0.2692749363853041;0.0;0.08362609666882373;0.08633633236420934;0.4075138730680078;0.0;0.06530567954776725;0.0;0.0;0.0;0.17560076801480573;0.24186562661887306;0.0;0.0;0.0;0.0;0.0;0.0;0.3617928873523451;0.3167220862268581;0.10050825116815224;0.0;0.10840600814283499;0.2531314450281513;0.0;0.11190763373872394;0.057790713504880235;0.08641737223239494;0.31147173401412065;0.21066264425470435;0.09632011928838013;0.08539717746060484;0.2376836684687781;0.08503151427718736;0.0;0.08329482415577959;0.06970607718877653;0.0;0.07011034367544802;0.3948139231482115;0.06941506995496509;0.08557487949744577;0.06664526249056335;0.08329482415577959;0.0;0.3143982979807467;0.0;0.2570413660163786;0.0
GO:1900740;0.025798961128506784;0.18838447477525486;0.0;0.08266254373530744;0.2611274110822358;0.06985469323827521;0.02303568721655709;0.07792861587242146;0.024648097165010242;0.17446905387832537;0.023072344024018556;0.0;0.06329673112888025;0.08332690084228185;0.020249741408514595;0.018793571078130664;0.35195001046955154;0.0;0.0261107046258997;0.40950668365511167;0.0;0.19324454094820112;0.37551784915845215;0.3631468169322846;0.16891592856541815;0.15882038373277324;0.6076141939993105;0.02422060435538844;0.2692749363853041;1.0;0.022492321186848994;0.0769792481064953;0.0792698702317262;0.5413811657394011;0.0;0.06118030945748723;0.021684700450242282;0.0;0.023757001743890862;0.2435582544729153;0.32307215485155555;0.0;0.020901046312813445;0.0;0.022011719779681096;0.6073097421271747;0.15882038373277324;0.34697538912030623;0.43100648668023006;0.3747762068601461;0.17467013119944172;0.2601743683289882;0.35044475154629096;0.022344310956209142;0.26770780000547983;0.244085364491658;0.07933818183291791;0.09682338479346915;0.06767585792175514;0.08760732017402162;0.07847745434770959;0.201957370769907;0.20860337786966554;0.0;0.07669845538692183;0.22860059365730528;0.19728945579235763;0.17446905387832537;0.24642156608975943;0.5182474312697423;0.07862749949849732;0.16640138517407832;0.07669845538692183;0.0;0.5080567020617773;0.0;0.0813240509435579;0.02367479721038503
GO:0042100;0.026843017721533236;0.0;0.0;0.0;0.0;0.02217559317426168;0.023864475396854084;0.024834650414957006;0.025599365595189733;0.0;0.664909537929978;0.0;0.02003087801487823;0.026624053587460058;0.020887409289556614;0.019341585342707884;0.0;0.0;0.027180668743999964;0.0;0.377073560964833;0.0;0.0;0.0;0.0;0.019341585342707884;0.0;0.8492483640245458;0.0;0.022492321186848994;1.0;0.024520916861165212;0.025278377190752502;0.0;0.0;0.019341585342707884;0.623568243068799;0.0;0.024639500312458353;0.0;0.0;0.0;0.021581082035616674;0.0;0.02276725574989093;0.022340044546693593;0.019341585342707884;0.0;0.0;0.0;0.021333893842622458;0.0;0.0;0.02312325529381081;0.0;0.0;0.0;0.0;0.0;0.028049539619824274;0.02501615333626422;0.024091405870655107;0.0;0.0;0.0;0.0;0.024197360767429735;0.0;0.0;0.0;0.025065790491889235;0.0;0.02442817928886379;0.42231060038035884;0.0;0.0;0.0;0.0245510864256686
GO:0008630;0.02850371808085919;0.07671036595250665;0.0;0.09117828244959916;0.07584044373612775;0.20085956691394485;0.025168125965450382;0.22631670036015106;0.02710543142237131;0.07059204865979604;0.025211890068347214;0.0;0.1805504318399316;0.2436235417371637;0.02187933015567858;0.2629538971050173;0.09095222171920854;0.0;0.028884736985877343;0.08638272294782304;0.3477207526373129;0.07765177538023417;0.08133744158015184;0.07842044690977112;0.06817213179273886;0.02018914122417139;0.06700640129277873;0.026589342702109553;0.08362609666882373;0.0769792481064953;0.024520916861165212;1.0;0.4472378418868847;0.11694827230588943;0.0;0.17406516299287644;0.023564145519068113;0.1937167706723979;0.026031670611140603;0.061010348396489174;0.06909089219842167;0.0;0.02264165310332815;0.0;0.0239508132967792;0.023478491095351293;0.02018914122417139;0.10369484622210692;0.09066294148398396;0.10150117525364989;0.022369725580730186;0.10956200480866365;0.07233172117171338;0.024345108746812876;0.11313994074613334;0.05821729516510389;0.08715038854950233;0.10871656926091;0.07327905342515352;0.49944509738142145;0.22806569139603236;0.5597335926199756;0.08574111211557875;0.20053886837322263;0.08397561620224019;0.07024764515089274;0.025538656275560526;0.07059204865979604;0.07122564328418697;0.06988723614925;0.22854425669688136;0.06708038150796272;0.2224051583927985;0.3923359547902812;0.10974897297189659;0.0;0.08955251853863444;0.02593300342799562
GO:0007189;0.02953238318297246;0.07898477772231587;0.0;0.09440959664423562;0.07806281552641119;0.20674540583217707;0.025966750184543346;0.23381689393176275;0.028034003112808983;0.07251357681677079;0.026013338331420797;0.0;0.39003999199755457;0.2523367841998205;0.02248038167603477;0.020699832784681325;0.09416725031908622;0.0;0.029941596770322754;0.08927767517595814;0.0;0.08031195219892147;0.08389908923195301;0.08079896664211894;0.06996250624821013;0.020699832784681325;0.06897794064677816;0.027482308467644552;0.08633633236420934;0.0792698702317262;0.025278377190752502;0.4472378418868847;1.0;0.12231804601591115;0.0;0.37567558892768127;0.02426280689616606;0.0;0.026886969469092848;0.062440363306209036;0.07093050095117616;0.0;0.0232859348204451;0.0;0.024672943016117554;0.02417200776646314;0.020699832784681325;0.10789464720051443;0.09385719221179074;0.10552171684061391;0.022998409656064506;0.11426127792864248;0.07435047893181734;0.025091581130992077;0.11815818019060062;0.059923251355598846;0.0900979009442469;0.1133420673750079;0.07535179467511154;0.5183648207906938;0.2356842081059848;0.4387067272072776;0.08859250955725505;0.0;0.0867089246183696;0.07241762128800028;0.026361352939992373;0.07251357681677079;0.07318229739012619;0.07177007390441596;0.49719116724084567;0.06881314205750791;0.22964418703846645;0.0;0.11446464360883918;0.0;0.09266765901221873;0.026781725243658835
GO:0009967;0.0;0.2743766703840309;0.0;0.13058832256967665;0.37851992604144374;0.10125858947022837;0.0;0.11915355706793503;0.0;0.24582060916292614;0.0;0.0;0.08803685518319378;0.13225411594405317;0.0;0.0;0.3472565233867345;0.0;0.0;0.1209699246396825;0.0;0.3001807043439656;0.561079580287766;0.5339038854852952;0.23493831160047612;0.0;0.2451630303321309;0.0;0.4075138730680078;0.5413811657394011;0.0;0.11694827230588943;0.12231804601591115;1.0;0.0;0.08399547542834436;0.0;0.0;0.0;0.23867488746466353;0.45155434088845514;0.0;0.0;0.0;0.0;0.0;0.0;0.5901900516477246;0.678875902034003;0.4079091369707112;0.0;0.45873498976334703;0.49840773373136055;0.0;0.4826842622884617;0.07772899129784748;0.12248077410760848;0.16982661723929363;0.0967436752678518;0.14337233555806142;0.12044146770644379;0.30414812309732014;0.31947678340672225;0.0;0.11630142109984418;0.33870861130442964;0.0;0.24582060916292614;0.3483826451146589;0.24262768012708175;0.12079524378745822;0.23010209211139213;0.11630142109984418;0.0;0.17235937717793315;0.0;0.12727892376891067;0.0
GO:0097186;0.0;0.0;0.20009370235227703;0.0;0.0;0.0;0.0;0.0;0.0;0.0;0.0;0.0;0.0;0.0;0.16919691832374165;0.0;0.0;0.0;0.0;0.0;0.0;0.0;0.0;0.0;0.0;0.3136078712410609;0.0;0.20009370235227703;0.0;0.0;0.0;0.0;0.0;0.0;1.0;0.0;0.0;0.0;0.19652243960867288;0.0;0.0;0.17803352177629614;0.17431286120661788;0.0;0.1829931804641434;0.0;0.0;0.0;0.0;0.0;0.0;0.0;0.0;0.0;0.0;0.0;0.0;0.0;0.0;0.0;0.0;0.0;0.0;0.0;0.0;0.0;0.0;0.0;0.0;0.0;0.0;0.0;0.0;0.0;0.0;0.0;0.0;0.19588821178890523
GO:0042700;0.02173738053617767;0.061010348396489174;0.0;0.06982197687360565;0.06045879382841808;0.16012204763420562;0.01974202850009074;0.17589468132933384;0.020914579697882626;0.05707594597774237;0.01976894614374969;0.0;0.309319932862823;0.18617373358610728;0.017659794945153594;0.016542012253947143;0.06968933554240778;0.0;0.02195827355615107;0.06697473644713542;0.0;0.059916192425241516;0.06390153993849595;0.06208715716471687;0.05548353548255347;0.016542012253947143;0.05337341103410522;0.02060597484708763;0.06530567954776725;0.06118030945748723;0.019341585342707884;0.17406516299287644;0.37567558892768127;0.08399547542834436;0.0;1.0;0.01874136187375256;0.0;0.020269459708345785;0.05064502466817386;0.05609059146258336;0.0;0.01815312070227472;0.0;0.01898513217417398;0.018687140325755247;0.016542012253947143;0.07693316698224824;0.06951937510977287;0.07571904593212786;0.01797790430867298;0.0801162266667956;0.05820787123576413;0.01923203648967206;0.08201275140266337;0.04640990047317579;0.06743528356058355;0.07966322150936911;0.058819797245830946;0.19417734513258927;0.17694934183275438;0.1715470424669232;0.06658840035653536;0.0;0.06551863670048165;0.0554098703365404;0.01996929177207435;0.05707594597774237;0.05748943163641322;0.056614310378147896;0.37308451648369734;0.054758207775648764;0.1735227847326248;0.0;0.0802161552097469;0.0;0.06886461412120384;0.020209588569859743
GO:0002323;0.025700676998121553;0.0;0.0;0.0;0.0;0.021390160356200373;0.022957297597359663;0.02385372927394375;0.02455837090427665;0.0;0.8417326322310636;0.0;0.01938782205326139;0.025499883233409182;0.02018914122417139;0.01874136187375256;0.0;0.0;0.026010035533050615;0.0;0.5064376454207955;0.0;0.0;0.0;0.0;0.01874136187375256;0.0;0.6713110766247982;0.0;0.021684700450242282;0.623568243068799;0.023564145519068113;0.02426280689616606;0.0;0.0;0.01874136187375256;1.0;0.0;0.02367363493202617;0.0;0.0;0.0;0.02083649140926217;0.0;0.02194013348914372;0.021543128513277464;0.01874136187375256;0.0;0.0;0.0;0.020605974847087632;0.0;0.0;0.022270548647631585;0.0;0.0;0.0;0.0;0.0;0.026804582091508978;0.024021128998712764;0.023167227161864604;0.0;0.0;0.0;0.0;0.023265192308447775;0.0;0.0;0.0;0.024066892409290032;0.0;0.023478491095351297;0.40236119446420615;0.0;0.0;0.0;0.023592005330650003
GO:0098586;0.0;0.0;0.0;0.0;0.0;0.0;0.0;0.0;0.0;0.0;0.0;0.0;0.0;0.0;0.0;0.1533697404200841;0.0;0.0;0.0;0.0;0.7626224258615121;0.0;0.0;0.0;0.0;0.0;0.0;0.0;0.0;0.0;0.0;0.1937167706723979;0.0;0.0;0.0;0.0;0.0;1.0;0.0;0.0;0.0;0.0;0.0;0.0;0.0;0.0;0.0;0.0;0.0;0.0;0.0;0.0;0.0;0.0;0.0;0.0;0.0;0.0;0.0;0.0;0.0;0.19038228450344705;0.0;0.18701005215689448;0.0;0.0;0.0;0.0;0.0;0.0;0.0;0.0;0.0;0.2356341313727699;0.0;0.0;0.0;0.0
GO:0030216;0.028664077683402157;0.0;0.23712264196075863;0.0;0.0;0.02340393447621552;0.025293067798171198;0.026385532768708257;0.027250403628723475;0.0;0.0253372678763898;0.0;0.021027770085949665;0.028414534343978993;0.282908583990419;0.020269459708345785;0.0;0.0;0.029049424790332335;0.0;0.0;0.0;0.0;0.0;0.0;0.26096681273892947;0.0;0.415116897978693;0.0;0.023757001743890862;0.024639500312458353;0.026031670611140603;0.026886969469092848;0.0;0.19652243960867288;0.020269459708345785;0.02367363493202617;0.0;1.0;0.0;0.0;0.20676159406296593;0.35320985395742027;0.0;0.373729215060975;0.023587184142736667;0.020269459708345785;0.0;0.0;0.0;0.022468373465070406;0.0;0.0;0.024461993820790114;0.0;0.0;0.0;0.0;0.0;0.030044064011892153;0.026590506171265377;0.025548126028273388;0.0;0.0;0.0;0.0;0.02566731343008243;0.0;0.0;0.0;0.0266465945995809;0.0;0.02592717808942014;0.0;0.0;0.0;0.0;0.4048176062758844
GO:0048692;0.0;0.28705091905044866;0.0;0.18682362636545907;0.1762322482842349;0.056447493596425494;0.0;0.06160516693876491;0.0;0.05348765461158716;0.0;0.0;0.05208671847454143;0.06493053510876767;0.0;0.0;0.5228047661314565;0.0;0.0;0.1797611898024477;0.0;0.055476606987180876;0.05943726275267549;0.05786441677593565;0.05208671847454143;0.0;0.04982174430043363;0.0;0.17560076801480573;0.2435582544729153;0.0;0.061010348396489174;0.062440363306209036;0.23867488746466353;0.0;0.05064502466817386;0.0;0.0;0.0;1.0;0.20831772226725892;0.0;0.0;0.0;0.0;0.0;0.0;0.22027135431448347;0.20064800771913696;0.06953085467354357;0.0;0.0732211650945847;0.29762314309553517;0.0;0.07480207426593027;0.04333071161169873;0.06248274024325586;0.21090144983259154;0.15928860516172;0.06750043524013068;0.061947654407109115;0.17426886874198055;0.0617550106791472;0.0;0.30674553295196927;0.3876209710582294;0.0;0.05348765461158716;0.294182196551121;0.21014143229079466;0.0620411103711132;0.25941367270940907;0.06083383638225044;0.0;0.21223916697291065;0.0;0.1844538162377943;0.0
