;GO:0006281;GO:0008380;GO:0014065;GO:0007096;GO:0015031;GO:0045445;GO:0042177;GO:0008543;GO:0006366;GO:0021954;GO:0043388;GO:0008306;GO:0006367;GO:0045843;GO:0006368;GO:0032968;GO:0022011;GO:0035914;GO:0045892;GO:0000183;GO:0006914;GO:0060928;GO:0044242;GO:0070446;GO:0034983;GO:0071456;GO:0071219;GO:0017148;GO:0042789;GO:0061086;GO:0007221;GO:1900425;GO:0042147;GO:0043434;GO:1900226;GO:0001881;GO:0006412;GO:0048012;GO:0043161;GO:0007219;GO:0050684;GO:0010507;GO:0070827;GO:1900195;GO:0061433;GO:0007032;GO:0008284;GO:1900036;GO:0006342;GO:0006468;GO:0045944;GO:0045747;GO:0006348;GO:1900119;GO:0043524;GO:0000122;GO:0051147;GO:0034728;GO:0043491;GO:0006977;GO:0034605;GO:0051781;GO:0071872;GO:0010831;GO:0001649;GO:2000178;GO:2000777;GO:0045191;GO:0051987;GO:0010793;GO:0051028;GO:2000378;GO:0007281;GO:0045836;GO:0006471;GO:0006351;GO:0045599;GO:0061428;GO:0006397;GO:0090042;GO:0006479;GO:0060213;GO:0006357;GO:0010801;GO:0035729;GO:0045087;GO:0031641;GO:0034599;GO:0070933;GO:0070932
GO:0006281;1.0;0.7623987167586369;0.1690592309854146;0.0;0.0;0.19562216980126615;0.0;0.16846402387056517;0.6266611665376534;0.18507682650596693;0.0;0.0;0.622408259887357;0.0;0.6227304863296687;0.0;0.19335503665472487;0.19557572363703302;0.0;0.08772678923131944;0.33358011277295463;0.1683818038657488;0.41792199930791574;0.0;0.49301173084940253;0.3559969454901694;0.2780145563806638;0.0;0.6000780859135346;0.0;0.0;0.0;0.0;0.14844273973923308;0.0;0.5194850221562616;0.4929379865570942;0.16854908298271387;0.45933102552315147;0.1769823022410202;0.0;0.0;0.19030591165743813;0.0;0.39194836801273414;0.18956121497960374;0.0;0.0;0.08876732787014778;0.507990377149925;0.0;0.0;0.08773131165873288;0.0;0.0;0.0;0.0;0.18460243596653164;0.1772124638913417;0.2253324290255608;0.40151410008511246;0.0;0.21685047322734866;0.0;0.19552290623371194;0.0;0.0;0.0;0.0;0.0;0.0;0.0;0.17538244282652107;0.0;0.5417402351890735;0.6364942254720125;0.0;0.19314964631024792;0.7473443416593418;0.5120591333877853;0.5110682146880043;0.0;0.0;0.0;0.27858363641064077;0.22640016042112765;0.0;0.3995160806406714;0.4559901127060609;0.45593720155571343
GO:0008380;0.7623987167586369;1.0;0.19580400046205015;0.0;0.0;0.23234436401186775;0.0;0.19500602114181592;0.6817917564502551;0.21761730025324902;0.0;0.0;0.7260402923612033;0.0;0.7264542039651379;0.0;0.22915311007474398;0.2322788463125595;0.0;0.09441900712832411;0.39109809043917715;0.19489586066507789;0.47884047482342357;0.0;0.4982299992459152;0.17800389021516982;0.19266714148990063;0.0;0.6502505094701468;0.0;0.0;0.0;0.0;0.0;0.0;0.5310660154070433;0.4976670594330249;0.19512000335811333;0.46050703070536464;0.20651156682474595;0.0;0.0;0.2248828960652361;0.0;0.19886845732145858;0.2238437441547142;0.0;0.0;0.09562544715801484;0.5152010211787833;0.0;0.0;0.09442424587866574;0.0;0.0;0.0;0.0;0.2169617241876705;0.20682500817584504;0.09408993303025494;0.20452396628296673;0.0;0.14530363282731293;0.0;0.2322043483380947;0.0;0.0;0.0;0.0;0.0;0.0;0.0;0.20433658129989213;0.0;0.5538880773443142;0.6935233189658039;0.0;0.09061635533647684;0.934481042876899;0.5198319416762958;0.5187032831324844;0.0;0.0;0.0;0.1931230557393089;0.0;0.0;0.2033390092928293;0.456797783586688;0.4567390859664749
GO:0014065;0.1690592309854146;0.19580400046205015;1.0;0.4376046368495179;0.0;0.32924539460345464;0.29358364943659626;0.7056099345396148;0.1381032631091175;0.3004342957181776;0.2970153812076761;0.0;0.14875509847824867;0.3262689885542804;0.14885589342041744;0.21770630601068577;0.3228736871501807;0.3291138470728543;0.23787683038199;0.25509487625659094;0.2924834380086494;0.25878328542194257;0.23386160300479297;0.30234109163517625;0.17763570917776736;0.22982447588937904;0.2548685931886719;0.2460450537412865;0.13065688862767924;0.24751614204619535;0.22842678745469913;0.30699314893064067;0.0;0.0;0.44810132719652485;0.2711838744107584;0.15797106986511497;0.7061577712452767;0.16143588749424082;0.7619900865376481;0.41304030248443546;0.39732943316940905;0.3144603931409534;0.3118355828858161;0.2658343263253064;0.31243224601077985;0.5358947148933801;0.4593148760004273;0.25880358878550624;0.18510519019659552;0.23221337149075819;0.3963992267555434;0.2551109528452334;0.43082153127972833;0.40424973884836674;0.22909627662161933;0.5685495383386864;0.2991862294204222;0.8480437123250029;0.32324919590773693;0.2760376329409846;0.5392003357597516;0.1780806796838499;0.4058459568360812;0.32896430637960766;0.4987942162099961;0.23414560344430413;0.26522588734860425;0.4348162245077199;0.2634244555164392;0.0;0.45204351361184264;0.275696405575512;0.3437095145633452;0.20257162696188305;0.14090373816868235;0.46148665028145375;0.24348894908151744;0.1904102982575048;0.18716348472092073;0.18666103159696001;0.2601815861583569;0.3360113166132502;0.26524592856097734;0.2556670150326838;0.0;0.5210032322074986;0.27388350325087735;0.15987224014662657;0.1598475372722911
GO:0007096;0.0;0.0;0.4376046368495179;1.0;0.0;0.0;0.2686223174159451;0.4354848711115316;0.0;0.0;0.2608814776668863;0.0;0.0;0.295729341494969;0.0;0.20684830752844408;0.0;0.0;0.22497326152856556;0.1921612727223183;0.0;0.0;0.0;0.28179817300628207;0.0;0.0;0.0;0.23226576993078257;0.0;0.309205017458927;0.21650238792447937;0.27980509613938953;0.0;0.0;0.471465393567557;0.0;0.0;0.435787455072519;0.0;0.4663684695758693;0.3756309183820915;0.36259214399339024;0.0;0.290028706966478;0.0;0.0;0.4745736246426298;0.4135183918959043;0.19482378425702257;0.0;0.2199010130559468;0.36181731915361515;0.1921728219623671;0.3902799709031048;0.36834654042660636;0.2171037117760377;0.5000054720968623;0.0;0.46721954856923503;0.3377028995694882;0.0;0.47716419180562225;0.0;0.3696713504890903;0.0;0.44524564524279925;0.22163301233819424;0.24928409053548498;0.515832364953517;0.24315107870396055;0.0;0.407615423270946;0.0;0.5657863515035852;0.0;0.0;0.4152778487784063;0.18380606835059288;0.0;0.0;0.0;0.244822855911474;0.310828648577359;0.24930179485832782;0.0;0.0;0.46285789547656425;0.0;0.0;0.0
GO:0015031;0.0;0.0;0.0;0.0;1.0;0.0;0.0;0.0;0.0;0.0;0.0;0.0;0.0;0.0;0.0;0.0;0.0;0.0;0.0;0.0;0.0;0.0;0.0;0.0;0.0;0.0;0.0;0.0;0.0;0.0;0.0;0.0;0.4040233245716968;0.0;0.0;0.0;0.0;0.0;0.0;0.0;0.0;0.0;0.0;0.0;0.0;0.0;0.0;0.0;0.0;0.0;0.0;0.0;0.0;0.0;0.0;0.0;0.0;0.0;0.0;0.0;0.0;0.0;0.0;0.0;0.0;0.0;0.0;0.0;0.0;0.0;0.5706116938126922;0.0;0.0;0.0;0.0;0.0;0.0;0.0;0.0;0.0;0.0;0.0;0.0;0.0;0.0;0.0;0.0;0.0;0.0;0.0
GO:0045445;0.19562216980126615;0.23234436401186775;0.32924539460345464;0.0;0.0;1.0;0.0;0.32699539006619543;0.15533336527493663;0.6572373188934827;0.0;0.0;0.16893983509455923;0.0;0.1690698517782502;0.0;0.43592077577644517;0.8790988229480917;0.0;0.11735452628980574;0.3822914344117024;0.5422123229994082;0.2879486284219513;0.0;0.207197754597453;0.2818524997025405;0.3204718443490882;0.0;0.14597597472158305;0.0;0.0;0.0;0.0;0.0;0.0;0.34669936953268604;0.18092731530879466;0.3273160141676794;0.185486844359388;0.36069257750147266;0.0;0.0;0.4207232955474125;0.0;0.3380034334502175;0.41710073900891514;0.0;0.0;0.11922407435190666;0.21743185747193944;0.0;0.0;0.11736261938011155;0.0;0.0;0.0;0.0;0.3938235524163648;0.3616498472841496;0.11684659261315475;0.3546724569611017;0.0;0.20780340477739143;0.0;0.8785559430474251;0.0;0.0;0.0;0.0;0.0;0.0;0.0;0.5877282253024033;0.0;0.24193545165327238;0.15888520586737584;0.0;0.11153698741538438;0.22478854933087017;0.22027737236615702;0.21958172867062345;0.0;0.0;0.0;0.32173521231943525;0.0;0.0;0.35112411231701707;0.1834255565971961;0.1833930395446164
GO:0042177;0.0;0.0;0.29358364943659626;0.2686223174159451;0.0;0.0;1.0;0.2923304913318539;0.0;0.0;0.22563338774090086;0.0;0.0;0.32763702032755193;0.0;0.298515734965516;0.0;0.0;0.4669636804380561;0.40268227464173584;0.0;0.0;0.0;0.24503835304823282;0.0;0.0;0.0;0.5514952238121529;0.0;0.5543970211520943;0.31157288810568423;0.3117960971019859;0.0;0.0;0.3397895682466216;0.0;0.0;0.2925094608819244;0.0;0.3104461019334767;0.5167191497488227;0.5263776105470213;0.0;0.20273474684830453;0.0;0.0;0.31520827128403384;0.2792585482310941;0.4079442762885654;0.0;0.3161521395383366;0.24786091563897047;0.4027051174345958;0.2652570062899245;0.3125924491653719;0.4516581408867798;0.3298354827062084;0.0;0.3109410401030684;0.17086034861434418;0.0;0.31670742535734114;0.0;0.2526887056240846;0.0;0.36994545992271277;0.4166596979645501;0.3553693746822663;0.2672413542319677;0.33453407149101305;0.0;0.4744241012036491;0.0;0.220158820433117;0.0;0.0;0.34788260034006074;0.3861163370144524;0.0;0.0;0.0;0.38471198443541516;0.43540262546774333;0.5890472520383191;0.0;0.0;0.3084021442884911;0.0;0.0;0.0
GO:0008543;0.16846402387056517;0.19500602114181592;0.7056099345396148;0.4354848711115316;0.0;0.32699539006619543;0.2923304913318539;1.0;0.13770581697112794;0.2985597209006985;0.29512960351222817;0.0;0.1482940806392655;0.32472199895312004;0.14839425157720132;0.21718038020724942;0.3207096399822975;0.32686563398280083;0.23724907628701292;0.254524407928859;0.29070647641567904;0.25739124435840577;0.2327241787538458;0.30132771907104433;0.17697869714608;0.22872589089877662;0.2535182393394359;0.24537350862837282;0.13030109151398409;0.2468365537628674;0.22784785904094643;0.30562316699296593;0.0;0.0;0.44587890769208;0.26965562092982126;0.15745125852386924;0.9303378161921773;0.1608930629704168;0.8440832934917866;0.41115132403018984;0.3955811202180505;0.3124072975139465;0.310757678053241;0.2643656094913248;0.3104054629692391;0.5327192250704172;0.4569801242812094;0.258216431390356;0.18439187343717056;0.23161511557209982;0.39465907240919323;0.2545404126915383;0.42876681695686675;0.4024401333241999;0.22851395403281125;0.5649765498702312;0.29732714880870403;0.7591112189683897;0.29039713536395406;0.27445434298388055;0.5359856671357953;0.17742037806829722;0.40402206454213235;0.32671812891156904;0.49604206181473864;0.23353736304765085;0.26444572436263103;0.43272332235474037;0.26241509852311123;0.0;0.4497819171590846;0.2741170164078493;0.34240045691902016;0.20171765310077003;0.14049003381903916;0.45912982423992466;0.24296915567560595;0.18965559167152576;0.18643424742591677;0.18593569683396136;0.259430774633239;0.33476013452290215;0.264465647841372;0.2543082100304602;0.0;0.5180012775408153;0.2723247583129632;0.15933986281611567;0.1593153241772228
GO:0006366;0.6266611665376534;0.6817917564502551;0.1381032631091175;0.0;0.0;0.15533336527493663;0.0;0.13770581697112794;1.0;0.1486097528685851;0.0;0.0;0.8939408255470326;0.0;0.8943429835232617;0.0;0.1539004905537818;0.15530407897879409;0.0;0.0785860889658636;0.26872440885749566;0.13765087472224763;0.3457397190603735;0.0;0.42062312307438887;0.1290045375798545;0.13653537556877432;0.0;0.9626678360395536;0.0;0.0;0.0;0.0;0.0;0.0;0.4223115775328778;0.6285107046147721;0.13776264610583477;0.3958585246951345;0.1433454523163215;0.0;0.0;0.15196253420238864;0.0;0.13962073235584538;0.1514873188528343;0.0;0.0;0.07942005563353363;0.4314776596165472;0.0;0.0;0.07858971804262256;0.0;0.0;0.0;0.0;0.14830373558881965;0.14349640255067286;0.0783579916981308;0.14238497173001272;0.0;0.11091453409945537;0.0;0.15527077186271604;0.0;0.0;0.0;0.0;0.0;0.0;0.0;0.14229412786861156;0.0;0.45558522295676873;0.9862906524359573;0.0;0.07593391500644082;0.6703920578723599;0.4344095229412086;0.43369613801599605;0.0;0.0;0.0;0.13676417710366406;0.0;0.0;0.1418096541712559;0.3933746464527639;0.3933352682398287
GO:0021954;0.18507682650596693;0.21761730025324902;0.3004342957181776;0.0;0.0;0.6572373188934827;0.0;0.2985597209006985;0.1486097528685851;1.0;0.0;0.0;0.16101676028087555;0.0;0.1611348634213494;0.0;0.3868080861397061;0.6569215179988191;0.0;0.11347576052742696;0.34398873403419045;0.677381713331656;0.2656671749056399;0.0;0.1954051008365723;0.26046946615035793;0.29311197332900346;0.0;0.14002250915312592;0.0;0.0;0.0;0.0;0.0;0.0;0.3149001456724307;0.1718700924065148;0.298826983574146;0.17597936345474577;0.32640158388262497;0.0;0.0;0.3747949410014673;0.0;0.3077096932991169;0.3719174239975028;0.0;0.0;0.11522284754461463;0.20448189124337482;0.0;0.0;0.11348332746082294;0.0;0.0;0.0;0.0;0.35329762100983425;0.32718529298366467;0.11300078016451548;0.3214638809324293;0.0;0.1959436821837427;0.0;0.6565625837577379;0.0;0.0;0.0;0.0;0.0;0.0;0.0;0.7289278985191551;0.0;0.22600910878628588;0.15185755046584393;0.0;0.10802749880256358;0.21097528348003425;0.20699658928051112;0.20638218227843985;0.0;0.0;0.0;0.2941684771671253;0.0;0.0;0.31854617009127983;0.17412291312730874;0.17409361045451682
GO:0043388;0.0;0.0;0.2970153812076761;0.2608814776668863;0.0;0.0;0.22563338774090086;0.29512960351222817;0.0;0.0;1.0;0.0;0.0;0.2545029660400704;0.0;0.12052159088635411;0.0;0.0;0.13255598203151064;0.11096439089381871;0.0;0.0;0.0;0.17210413739716;0.0;0.0;0.0;0.13747466373646153;0.0;0.13836331240047364;0.12689808667654892;0.2373739056020311;0.0;0.0;0.26812312991079806;0.0;0.0;0.29539843799591986;0.0;0.3231806924338001;0.2441405428423724;0.23358204095241153;0.0;0.1780731785400458;0.0;0.0;0.3308471135362037;0.27591851103534126;0.11268426422571612;0.0;0.1291609883107534;0.2329604804708803;0.11097183920633612;0.25623002690551827;0.23821870902598385;0.12729777390694846;0.35520694337629977;0.0;0.3239716222753741;0.11049686954842254;0.0;0.3332868042967583;0.0;0.23929133911280112;0.0;0.30386061576033097;0.13031786546459517;0.14912900157200973;0.2589666822560119;0.19973946148686514;0.0;0.2708566379006528;0.0;0.19839244118187097;0.0;0.0;0.2774353994799161;0.10560323870898372;0.0;0.0;0.0;0.14604980418080632;0.1934448722031941;0.1491412557774663;0.0;0.0;0.3199285794085318;0.0;0.0;0.0
GO:0008306;0.0;0.0;0.0;0.0;0.0;0.0;0.0;0.0;0.0;0.0;0.0;1.0;0.0;0.0;0.0;0.0;0.0;0.0;0.0;0.0;0.0;0.0;0.0;0.0;0.0;0.0;0.0;0.0;0.0;0.0;0.0;0.0;0.0;0.0;0.0;0.0;0.0;0.0;0.0;0.0;0.0;0.0;0.0;0.0;0.0;0.0;0.0;0.0;0.0;0.0;0.0;0.0;0.0;0.0;0.0;0.0;0.0;0.0;0.0;0.0;0.0;0.0;0.0;0.0;0.0;0.0;0.0;0.0;0.0;0.0;0.0;0.0;0.0;0.0;0.0;0.0;0.0;0.0;0.0;0.0;0.0;0.0;0.0;0.0;0.0;0.0;0.0;0.0;0.0;0.0
GO:0006367;0.622408259887357;0.7260402923612033;0.14875509847824867;0.0;0.0;0.16893983509455923;0.0;0.1482940806392655;0.8939408255470326;0.16101676028087555;0.0;0.0;1.0;0.0;0.9426471828784945;0.0;0.16724630830287956;0.16890519397602521;0.0;0.08192424608866129;0.2908372829134287;0.1482303664489556;0.37078368276570733;0.0;0.40367620792371395;0.13825205657913106;0.14693761436368977;0.0;0.8589256793324982;0.0;0.0;0.0;0.0;0.0;0.0;0.400488405259754;0.589986035148746;0.14835998708391573;0.37855167219785385;0.15485498685515797;0.0;0.0;0.1649601669094355;0.0;0.15051717171670398;0.16440033270031718;0.0;0.0;0.08283097625338165;0.41474540560010587;0.0;0.0;0.08192819003104533;0.0;0.0;0.0;0.0;0.16065757474576403;0.15503116541933082;0.08167638971170464;0.15373467854320408;0.0;0.11768234835616051;0.0;0.1688657982454849;0.0;0.0;0.0;0.0;0.0;0.0;0.0;0.15362878026936752;0.0;0.4394548389868798;0.9068329437578104;0.0;0.07904609612464557;0.7131269012624631;0.41774123152581744;0.4170120484829333;0.0;0.0;0.0;0.1472026412746875;0.0;0.0;0.15306420266886306;0.3760415979197057;0.37600181889208867
GO:0045843;0.0;0.0;0.3262689885542804;0.295729341494969;0.0;0.0;0.32763702032755193;0.32472199895312004;0.0;0.0;0.2545029660400704;0.0;0.0;1.0;0.0;0.15597158583869217;0.0;0.0;0.21034371746927052;0.1799554847159641;0.0;0.0;0.0;0.4872925986728607;0.0;0.0;0.0;0.2170842420277942;0.0;0.21829502903005996;0.1631736809429082;0.34103219530459566;0.0;0.0;0.37480582607211815;0.0;0.0;0.32494284203481805;0.0;0.34722915070691274;0.280909015592689;0.3367370699771229;0.0;0.31331539651475493;0.0;0.0;0.3531975081966618;0.3086722284958379;0.18242497929760312;0.0;0.1657074823803632;0.27076113886293757;0.17996619809897335;0.29165571531011264;0.3419851199132772;0.20306440911264304;0.4525669549691125;0.0;0.34784843908059826;0.17928269333299438;0.0;0.3550808768285826;0.0;0.33672555720002845;0.0;0.41183593622880793;0.16699842676302848;0.3097599161492446;0.29405647413686525;0.23935613680688297;0.0;0.377720111973972;0.0;0.23804156710138535;0.0;0.0;0.5152952295774602;0.1722017824038872;0.0;0.0;0.0;0.18426181947291898;0.23318462054621206;0.23281198145852244;0.0;0.0;0.5691818344484478;0.0;0.0;0.0
GO:0006368;0.6227304863296687;0.7264542039651379;0.14885589342041744;0.0;0.0;0.1690698517782502;0.0;0.14839425157720132;0.8943429835232617;0.1611348634213494;0.0;0.0;0.9426471828784945;0.0;1.0;0.0;0.16737373038062212;0.1690351573248234;0.0;0.08195480850867662;0.29104754172856023;0.1483304512999372;0.37101962347047424;0.0;0.40389221069643527;0.1383391163348367;0.14703596052068937;0.0;0.8592969431832939;0.0;0.0;0.0;0.0;0.0;0.0;0.40076609251648293;0.5902777036562553;0.14846024710981967;0.37874161764732844;0.15496422076505398;0.0;0.0;0.16508412796161592;0.0;0.1506203695560405;0.16452345347962813;0.0;0.0;0.08286221907046681;0.41497342014900435;0.0;0.0;0.08195875539431167;0.0;0.0;0.0;0.0;0.16077515136821705;0.1551406481093809;0.08170676744802688;0.15384233710145623;0.0;0.11774542320344683;0.0;0.1689957009523015;0.0;0.0;0.0;0.0;0.0;0.0;0.0;0.15373629050825072;0.0;0.43971084025603074;0.907246787639652;0.0;0.0790745484648796;0.7135262160483477;0.41797255292015784;0.4172425627988758;0.0;0.0;0.0;0.14730134263873323;0.0;0.0;0.15317092389641196;0.3762290321424928;0.37618921345216505
GO:0032968;0.0;0.0;0.21770630601068577;0.20684830752844408;0.0;0.0;0.298515734965516;0.21718038020724942;0.0;0.0;0.12052159088635411;0.0;0.0;0.15597158583869217;0.0;1.0;0.0;0.0;0.5539060956253105;0.4979421492088124;0.0;0.0;0.0;0.1707412496947743;0.0;0.0;0.0;0.4326864579964907;0.0;0.29846284011436386;0.9482686928956781;0.15142635666802085;0.0;0.0;0.20916428182878652;0.0;0.0;0.21725560997069562;0.0;0.22459778008742107;0.5034913723994339;0.274339441300765;0.0;0.23843600072333643;0.0;0.0;0.3108405843042459;0.2903795661243196;0.5027013066755796;0.0;0.9581427219497084;0.2705961176824346;0.4979628806239633;0.28179470237565746;0.1990837667572997;0.565226577903906;0.2321179478909333;0.0;0.22479498228820932;0.18222128427233764;0.0;0.31164805088069375;0.0;0.2737655896466987;0.0;0.2195810194250668;0.4429817988211392;0.33944231577962275;0.2830339286876395;0.2449332995854095;0.0;0.2918909876619131;0.0;0.2514256943932074;0.0;0.0;0.2120349866364089;0.5043597722256747;0.0;0.0;0.0;0.6067733397090025;0.7073046465533922;0.31121744809717516;0.0;0.0;0.22378039111336318;0.0;0.0;0.0
GO:0022011;0.19335503665472487;0.22915311007474398;0.3228736871501807;0.0;0.0;0.43592077577644517;0.0;0.3207096399822975;0.1539004905537818;0.3868080861397061;0.0;0.0;0.16724630830287956;0.0;0.16737373038062212;0.0;1.0;0.43569020609408643;0.0;0.11653481858989015;0.37372789024277897;0.3204117913059305;0.2830632084370227;0.0;0.20465611923247298;0.27717006552742846;0.3144320772762618;0.0;0.1447098313472277;0.0;0.0;0.0;0.0;0.0;0.0;0.33964144202325536;0.17898630692315226;0.32101805019309937;0.18344732439853692;0.35305969094923517;0.0;0.0;0.41037471883569593;0.0;0.3312916934529945;0.40692744932884123;0.0;0.0;0.1183781355992954;0.21463463857906628;0.0;0.0;0.1165427990126157;0.0;0.0;0.0;0.0;0.3847417006074568;0.3539768228977191;0.1160339407045085;0.3472896290846441;0.0;0.20524698068614505;0.0;0.4354281714116949;0.0;0.0;0.0;0.0;0.0;0.0;0.0;0.34674968058518196;0.0;0.23847725299738837;0.15738637010924672;0.0;0.11079627853912043;0.2218001441940432;0.2174069436676484;0.216729283789934;0.0;0.0;0.0;0.31564818354410945;0.0;0.0;0.3438867622793134;0.18143087079661405;0.1813990570594059
GO:0035914;0.19557572363703302;0.2322788463125595;0.3291138470728543;0.0;0.0;0.8790988229480917;0.0;0.32686563398280083;0.15530407897879409;0.6569215179988191;0.0;0.0;0.16890519397602521;0.0;0.1690351573248234;0.0;0.43569020609408643;1.0;0.0;0.11733780943167282;0.38211409532746954;0.5419973696505975;0.2878480059284189;0.0;0.20714564980169486;0.28175609193158296;0.3203472128939637;0.0;0.14595011030733562;0.0;0.0;0.0;0.0;0.0;0.0;0.34655350819656117;0.18088758428704324;0.32718600355437644;0.18544508582208605;0.3605347069522728;0.0;0.0;0.4205085183389122;0.0;0.3378647958953084;0.4168896435447226;0.0;0.0;0.1192068206654939;0.2173744790544487;0.0;0.0;0.11734590021638253;0.0;0.0;0.0;0.0;0.39363535544929174;0.3614911378377388;0.11683002013940058;0.3545198111788684;0.0;0.2077509949647217;0.0;0.8780793450585719;0.0;0.0;0.0;0.0;0.0;0.0;0.0;0.5874756772105931;0.0;0.24186441404643386;0.15885456507465948;0.0;0.11152188675798684;0.22472722303897036;0.2202184825106291;0.21952321013084314;0.0;0.0;0.0;0.3216095964727422;0.0;0.0;0.3509745049222319;0.1833847209135904;0.1833522183365357
GO:0045892;0.0;0.0;0.23787683038199;0.22497326152856556;0.0;0.0;0.4669636804380561;0.23724907628701292;0.0;0.0;0.13255598203151064;0.0;0.0;0.21034371746927052;0.0;0.5539060956253105;0.0;0.0;1.0;0.8934400185075172;0.0;0.0;0.0;0.24945046690214295;0.0;0.0;0.0;0.7539706977638762;0.0;0.48357470434524963;0.5721709281826758;0.20369961087608995;0.0;0.0;0.3105647499284606;0.0;0.0;0.23733885460816406;0.0;0.24612865482407958;0.5463006123106122;0.4466286340964223;0.0;0.18633691780847653;0.0;0.0;0.24839517372962028;0.23057622260808822;0.9024508646575936;0.0;0.5784876350895732;0.2135604845887434;0.8934792503222772;0.22316687825136183;0.29433917252876235;0.9753063251973928;0.2551888428441748;0.0;0.24636549847736153;0.190948968700396;0.0;0.24910303080640092;0.0;0.2162726108557229;0.0;0.3274778853506435;0.3058323013825399;0.3617365438108714;0.22423399388681572;0.26381788866002925;0.0;0.47774840473225955;0.0;0.19726828784053638;0.0;0.0;0.31521083729089244;0.8647212476479292;0.0;0.0;0.0;0.4168617435345114;0.7283268735815236;0.5055972800521285;0.0;0.0;0.24514737985410714;0.0;0.0;0.0
GO:0000183;0.08772678923131944;0.09441900712832411;0.25509487625659094;0.1921612727223183;0.0;0.11735452628980574;0.40268227464173584;0.254524407928859;0.0785860889658636;0.11347576052742696;0.11096439089381871;0.0;0.08192424608866129;0.1799554847159641;0.08195480850867662;0.4979421492088124;0.11653481858989015;0.11733780943167282;0.8934400185075172;1.0;0.11232248520076336;0.10697272718794473;0.10245929776337556;0.21904239587101276;0.0899811509598445;0.1016767868346123;0.1062978223895441;0.6720219040222472;0.0761175548951064;0.430832706259388;0.5126536404732693;0.17507015313072566;0.0;0.0;0.2647986148365541;0.10903371830802283;0.08464381055741514;0.2546060217476335;0.08562853898609862;0.2625510962815128;0.46865138542952794;0.38426447921635853;0.22908213288838147;0.16324897889066875;0.10815860542602475;0.19531693941057565;0.20899372551172088;0.19623425833317054;0.9908945037271636;0.091858797571344;0.5177187494915022;0.18377273111299833;0.9819922974382799;0.1908418355576722;0.25291129704213916;0.8736766568846897;0.21378228082956297;0.22486846341076167;0.2627639429103202;0.20627143612736165;0.10981005289391157;0.20949460067318781;0.09009518572586006;0.18577748765406968;0.11731879558321472;0.27699636598632993;0.2735464743465644;0.32069192482270725;0.19162166294311436;0.22935789818257313;0.0;0.4070783415342843;0.10975601295150571;0.1715787362543162;0.09596500367346138;0.0794850406077952;0.2681688335262864;0.8166418592295015;0.09314667135019367;0.0923628618682679;0.09224033283443762;0.37007361191155763;0.6345519317547476;0.44822698694115254;0.10643645204522785;0.0;0.20668978998798693;0.10946754926782462;0.16907543439658304;0.1690615129440668
GO:0006914;0.33358011277295463;0.39109809043917715;0.2924834380086494;0.0;0.0;0.3822914344117024;0.0;0.29070647641567904;0.26872440885749566;0.34398873403419045;0.0;0.0;0.2908372829134287;0.0;0.29104754172856023;0.0;0.37372789024277897;0.38211409532746954;0.0;0.11232248520076336;1.0;0.29046172861661057;0.6331880939387113;0.0;0.3518722453268872;0.2544721050685589;0.2855390720078563;0.0;0.25339074835557046;0.0;0.0;0.0;0.0;0.0;0.0;0.5610896117926818;0.31014097004816;0.29095985801007446;0.42277756127353944;0.31703832110820857;0.0;0.0;0.3625016844854716;0.0;0.29937443461483304;0.3598091585453506;0.0;0.0;0.11403397292973698;0.3679201948057454;0.0;0.0;0.11232989910241423;0.0;0.0;0.0;0.0;0.34235355387982275;0.3177776607317252;0.11185709060694726;0.3123778215639088;0.0;0.19253023335244;0.0;0.3819125274054518;0.0;0.0;0.0;0.0;0.0;0.0;0.0;0.3119409065424181;0.0;0.4058774698195344;0.27451765529245287;0.0;0.10698179807897644;0.3793847729699796;0.37236165454692405;0.37127667204896375;0.0;0.0;0.0;0.28654159561078196;0.0;0.0;0.3096220088862505;0.31414314880659083;0.31409110236316634
GO:0060928;0.1683818038657488;0.19489586066507789;0.25878328542194257;0.0;0.0;0.5422123229994082;0.0;0.25739124435840577;0.13765087472224763;0.677381713331656;0.0;0.0;0.1482303664489556;0.0;0.1483304512999372;0.0;0.3204117913059305;0.5419973696505975;0.0;0.10697272718794473;0.29046172861661057;1.0;0.23256729956801098;0.0;0.17688795805337526;0.22857435413807806;0.25333208439465227;0.0;0.13025189806360102;0.0;0.0;0.0;0.0;0.0;0.0;0.2694450226530632;0.15737943457362039;0.25758985833694065;0.1608180653777846;0.2778215324250634;0.0;0.0;0.31212466349935375;0.0;0.26416318995344623;0.3101264378405989;0.0;0.0;0.10852394024592756;0.18429337560508383;0.0;0.0;0.10697945165984869;0.0;0.0;0.0;0.0;0.2970711309940701;0.2783891123254824;0.10655052568434117;0.2742361855395922;0.0;0.17732918561694827;0.0;0.5417530132115378;0.0;0.0;0.0;0.0;0.0;0.0;0.0;0.6219693611573981;0.0;0.201599781512907;0.14043284786243834;0.0;0.10211766835311933;0.18955139165228244;0.1863335561285416;0.18583554319640325;0.0;0.0;0.0;0.2541208935776136;0.0;0.0;0.272109971924989;0.15926630589949262;0.1592417899094348
GO:0044242;0.41792199930791574;0.47884047482342357;0.23386160300479297;0.0;0.0;0.2879486284219513;0.0;0.2327241787538458;0.3457397190603735;0.2656671749056399;0.0;0.0;0.37078368276570733;0.0;0.37101962347047424;0.0;0.2830632084370227;0.2878480059284189;0.0;0.10245929776337556;0.6331880939387113;0.23256729956801098;1.0;0.0;0.4376007558325473;0.20891044460137526;0.22940073365176586;0.0;0.32810165758115495;0.0;0.0;0.0;0.0;0.0;0.0;0.5449463985161128;0.3922762795771013;0.23288653655835984;0.5376125030524995;0.24930014508420903;0.0;0.0;0.27657589019114853;0.0;0.23824641876323283;0.27500576683723993;0.0;0.0;0.10388150351976742;0.4546286504638868;0.0;0.0;0.10246546674739974;0.0;0.0;0.0;0.0;0.2646907850303195;0.2497570745749947;0.10207190748595812;0.246409330754497;0.0;0.16526123753467867;0.0;0.28773360797025876;0.0;0.0;0.0;0.0;0.0;0.0;0.0;0.24613738693727025;0.0;0.49404880177105803;0.3523452461328553;0.0;0.09799674302684103;0.4666603631561008;0.45930286114795466;0.4581625482550125;0.0;0.0;0.0;0.2300473600699111;0.0;0.0;0.24469136905369465;0.3966899322619598;0.39663262724755466
GO:0070446;0.0;0.0;0.30234109163517625;0.28179817300628207;0.0;0.0;0.24503835304823282;0.30132771907104433;0.0;0.0;0.17210413739716;0.0;0.0;0.4872925986728607;0.0;0.1707412496947743;0.0;0.0;0.24945046690214295;0.21904239587101276;0.0;0.0;0.0;1.0;0.0;0.0;0.0;0.25598477897287925;0.0;0.25715068349720555;0.17726594155493175;0.2524544805970485;0.0;0.0;0.39021021901494274;0.0;0.0;0.30147255789088223;0.0;0.3157979001718737;0.27140411223149535;0.36077470017377083;0.0;0.3691059386373626;0.0;0.0;0.37078243536319544;0.29064469905462303;0.22157326554060303;0.0;0.1795378703436707;0.26411841247349116;0.2190533989526854;0.2789697487982419;0.364933956905302;0.2423096587618199;0.43898925714314485;0.0;0.31618790876959507;0.2183510014171894;0.0;0.3207112548428358;0.0;0.3559452235261667;0.0;0.6014180473027222;0.1806907340838248;0.2972279425676995;0.2806392464382125;0.1833274889725623;0.0;0.39239517942443947;0.0;0.23964121639698932;0.0;0.0;0.5827649924385756;0.21102498732889122;0.0;0.0;0.0;0.19581194132297342;0.23587344810760838;0.27094702405138726;0.0;0.0;0.518701526826987;0.0;0.0;0.0
GO:0034983;0.49301173084940253;0.4982299992459152;0.17763570917776736;0.0;0.0;0.207197754597453;0.0;0.17697869714608;0.42062312307438887;0.1954051008365723;0.0;0.0;0.40367620792371395;0.0;0.40389221069643527;0.0;0.20465611923247298;0.20714564980169486;0.0;0.0899811509598445;0.3518722453268872;0.17688795805337526;0.4376007558325473;0.0;1.0;0.16286099787906827;0.17505012618928315;0.0;0.40224056688483295;0.0;0.0;0.0;0.0;0.0;0.0;0.5465746055913138;0.5916021457801351;0.1770725742267988;0.5611719628492832;0.1864039022943611;0.0;0.0;0.20124329738037994;0.0;0.18015420199660517;0.20041072874649726;0.0;0.0;0.09107618904546239;0.8014718961946803;0.0;0.0;0.08998590881042573;0.0;0.0;0.0;0.0;0.19487636151848053;0.1866592390581578;0.08968223501771178;0.1847829974285253;0.0;0.13505316935671963;0.0;0.20708639932476441;0.0;0.0;0.0;0.0;0.0;0.0;0.0;0.18463002653823918;0.0;0.8569811484509174;0.4274353180732745;0.0;0.08652101097931451;0.4879928703948167;0.9228198671590917;0.8065219530081394;0.0;0.0;0.0;0.17542639546342823;0.0;0.0;0.1838152074425082;0.8181862726801136;0.8180879636225532
GO:0071456;0.3559969454901694;0.17800389021516982;0.22982447588937904;0.0;0.0;0.2818524997025405;0.0;0.22872589089877662;0.1290045375798545;0.26046946615035793;0.0;0.0;0.13825205657913106;0.0;0.1383391163348367;0.0;0.27717006552742846;0.28175609193158296;0.0;0.1016767868346123;0.2544721050685589;0.22857435413807806;0.20891044460137526;0.0;0.16286099787906827;1.0;0.4468141197902428;0.0;0.12248386363302723;0.0;0.0;0.0;0.0;0.2790882328583203;0.0;0.23819495714422179;0.1461778909116746;0.22888271601119195;0.149139843551551;0.24471761850782298;0.0;0.0;0.27094708744995627;0.0;0.5354220145248421;0.26944004915099296;0.0;0.0;0.10307720350297793;0.16911773341817515;0.0;0.0;0.10168286194708143;0.0;0.0;0.0;0.0;0.2595308406663998;0.24515788939643554;0.23171931866020112;0.6245046168356184;0.0;0.3725698638171108;0.0;0.2816464839690011;0.0;0.0;0.0;0.0;0.0;0.0;0.0;0.24166935375383344;0.0;0.18357946703674818;0.13144489800840428;0.0;0.2225356527339273;0.17353508166789317;0.17083418568779332;0.17041548410654056;0.0;0.0;0.0;0.5161447106497504;0.32443806036895195;0.0;0.6973700461311549;0.14780433546240287;0.14778322096344665
GO:0071219;0.2780145563806638;0.19266714148990063;0.2548685931886719;0.0;0.0;0.3204718443490882;0.0;0.2535182393394359;0.13653537556877432;0.29311197332900346;0.0;0.0;0.14693761436368977;0.0;0.14703596052068937;0.0;0.3144320772762618;0.3203472128939637;0.0;0.1062978223895441;0.2855390720078563;0.25333208439465227;0.22940073365176586;0.0;0.17505012618928315;0.4468141197902428;1.0;0.0;0.12925266077313155;0.0;0.0;0.0;0.0;0.3928472734397732;0.0;0.2652037623596635;0.1559229592548115;0.2537109189010949;0.15929755626607042;0.2733146738345882;0.0;0.0;0.30644752761629046;0.0;0.5117548119818325;0.30452110674535143;0.0;0.0;0.10782938346468175;0.18229930824056298;0.0;0.0;0.10630446227535374;0.0;0.0;0.0;0.0;0.2919238822548229;0.27386397017734837;0.17656673701505957;0.4499910907411716;0.0;0.4016177529631756;0.0;0.32020553103856103;0.0;0.0;0.0;0.0;0.0;0.0;0.0;0.2695178853338715;0.0;0.1992160384784642;0.13927199393066342;0.0;0.16926522633972865;0.1874425679080731;0.1842953387336235;0.1838081470407141;0.0;0.0;0.0;0.5729525161811063;0.2677017445667602;0.0;0.530564349579098;0.15777486242831515;0.15775080341186848
GO:0017148;0.0;0.0;0.2460450537412865;0.23226576993078257;0.0;0.0;0.5514952238121529;0.24537350862837282;0.0;0.0;0.13747466373646153;0.0;0.0;0.2170842420277942;0.0;0.4326864579964907;0.0;0.0;0.7539706977638762;0.6720219040222472;0.0;0.0;0.0;0.25598477897287925;0.0;0.0;0.0;1.0;0.0;0.6015975837638982;0.4472653420063116;0.21001464393623576;0.0;0.0;0.3207584457227653;0.0;0.0;0.24546954226900786;0.0;0.25488383930425873;0.4835855567348767;0.4603669656297589;0.0;0.19131201979000348;0.0;0.0;0.25731526988205533;0.2382426833330767;0.6789364729503753;0.0;0.4523120271278051;0.22012108155498214;0.6720520029321942;0.2303408817901452;0.30347987058177806;0.7349454555757204;0.2646128011475545;0.0;0.2551378411436637;0.19475441892581802;0.0;0.25807495713026574;0.0;0.2230035253708216;0.0;0.33883239303543117;0.3658517792217899;0.3396358897794848;0.23147788271758002;0.27131333735651153;0.0;0.4935016910997056;0.0;0.20285298332619608;0.0;0.0;0.3257169713140361;0.6500028361213789;0.0;0.0;0.0;0.3662791519078465;0.5727418908452961;0.6296554045183452;0.0;0.0;0.25383166091162074;0.0;0.0;0.0
GO:0042789;0.6000780859135346;0.6502505094701468;0.13065688862767924;0.0;0.0;0.14597597472158305;0.0;0.13030109151398409;0.9626678360395536;0.14002250915312592;0.0;0.0;0.8589256793324982;0.0;0.8592969431832939;0.0;0.1447098313472277;0.14595011030733562;0.0;0.0761175548951064;0.25339074835557046;0.13025189806360102;0.32810165758115495;0.0;0.40224056688483295;0.12248386363302723;0.12925266077313155;0.0;1.0;0.0;0.0;0.0;0.0;0.0;0.0;0.39907682056537874;0.6029404604780655;0.1303519721980325;0.3795348276183611;0.13533942848305802;0.0;0.0;0.14299513680874193;0.0;0.13201432479796563;0.14257427444394516;0.0;0.0;0.0768996908544889;0.4121558978214686;0.0;0.0;0.07612095955575565;0.0;0.0;0.0;0.0;0.13975080347333277;0.1354739801514744;0.07590354296288186;0.13448291937640755;0.0;0.10605998773887478;0.0;0.14592069416144107;0.0;0.0;0.0;0.0;0.0;0.0;0.0;0.13440187611427215;0.0;0.43409781075262577;0.948984598138341;0.0;0.07362674285353879;0.6716229356476091;0.41483024633450805;0.41417967004965844;0.0;0.0;0.0;0.1294576866707273;0.0;0.0;0.13396957243678725;0.3772509861502431;0.3772147697049565
GO:0061086;0.0;0.0;0.24751614204619535;0.309205017458927;0.0;0.0;0.5543970211520943;0.2468365537628674;0.0;0.0;0.13836331240047364;0.0;0.0;0.21829502903005996;0.0;0.29846284011436386;0.0;0.0;0.48357470434524963;0.430832706259388;0.0;0.0;0.0;0.25715068349720555;0.0;0.0;0.0;0.6015975837638982;0.0;1.0;0.3085573219303736;0.21114764790409374;0.0;0.0;0.3980312735591322;0.0;0.0;0.24693373624998383;0.0;0.2564628583025352;0.445241016340332;0.4628311304077735;0.0;0.1922002320046171;0.0;0.0;0.25892465336446985;0.23962168971186742;0.4352811772630969;0.0;0.3120522494650239;0.22129776390868103;0.43085206963087574;0.23162968264083408;0.30511993776707763;0.4713261344762964;0.26631506612225414;0.0;0.2567200185877297;0.19542853776614683;0.0;0.2596938874933259;0.0;0.22421131090428292;0.0;0.3408781083489227;0.3672619460274086;0.3410586275165377;0.232779474390216;0.23561295239842517;0.0;0.49633442693060453;0.0;0.26985628047855;0.0;0.0;0.3276069401507759;0.416668909656284;0.0;0.0;0.0;0.3367893189066544;0.39554103614785086;0.6867973379838168;0.0;0.0;0.255397630167725;0.0;0.0;0.0
GO:0007221;0.0;0.0;0.22842678745469913;0.21650238792447937;0.0;0.0;0.31157288810568423;0.22784785904094643;0.0;0.0;0.12689808667654892;0.0;0.0;0.1631736809429082;0.0;0.9482686928956781;0.0;0.0;0.5721709281826758;0.5126536404732693;0.0;0.0;0.0;0.17726594155493175;0.0;0.0;0.0;0.4472653420063116;0.0;0.3085573219303736;1.0;0.1582056873544181;0.0;0.0;0.2190409172248425;0.0;0.0;0.2279306619913125;0.0;0.23602552894677767;0.5263187972863209;0.286532032230562;0.0;0.2477131855992516;0.0;0.0;0.3267960611528195;0.3042567563346952;0.5176995915925628;0.0;0.9892492561209627;0.28260771698758697;0.5126756150134065;0.2948450450707566;0.20801103260031997;0.5834164041684052;0.2443446047833146;0.0;0.23624331907979482;0.18759042807265983;0.0;0.32768866891770976;0.0;0.28606661444021364;0.0;0.23049155483565403;0.45744078567224067;0.35143016587002845;0.2962019865012386;0.2550376841497903;0.0;0.3057329447546552;0.0;0.26176314422710706;0.0;0.0;0.22219117094244759;0.5187929460575487;0.0;0.0;0.0;0.6279487525147157;0.7360206399173546;0.3222090129846094;0.0;0.0;0.2351230119217642;0.0;0.0;0.0
GO:1900425;0.0;0.0;0.30699314893064067;0.27980509613938953;0.0;0.0;0.3117960971019859;0.30562316699296593;0.0;0.0;0.2373739056020311;0.0;0.0;0.34103219530459566;0.0;0.15142635666802085;0.0;0.0;0.20369961087608995;0.17507015313072566;0.0;0.0;0.0;0.2524544805970485;0.0;0.0;0.0;0.21001464393623576;0.0;0.21114764790409374;0.1582056873544181;1.0;0.0;0.0;0.3542187474563918;0.0;0.0;0.30581878802553614;0.0;0.325479671078724;0.2665019701549685;0.3200264102610617;0.0;0.25026836926087304;0.0;0.0;0.33071812201863515;0.41983966177809356;0.17740651636732224;0.0;0.16058642350313745;0.31715934860736783;0.17508029271098932;0.2761556594483303;0.324762849645746;0.19686543075567214;0.34685706540895556;0.0;0.32602374735968825;0.17443333041100811;0.0;0.33236882407351187;0.0;0.2625598184081014;0.0;0.3871141346863807;0.16179851777209298;0.22311707120738347;0.2783070809342393;0.22881615005596415;0.0;0.35682056677670215;0.0;0.22761451420135345;0.0;0.0;0.36302261993113555;0.16772312909236803;0.0;0.0;0.0;0.1779515773798339;0.22316977836644056;0.22470003069915073;0.0;0.0;0.32323367619814;0.0;0.0;0.0
GO:0042147;0.0;0.0;0.0;0.0;0.4040233245716968;0.0;0.0;0.0;0.0;0.0;0.0;0.0;0.0;0.0;0.0;0.0;0.0;0.0;0.0;0.0;0.0;0.0;0.0;0.0;0.0;0.0;0.0;0.0;0.0;0.0;0.0;0.0;1.0;0.0;0.0;0.0;0.0;0.0;0.0;0.0;0.0;0.0;0.0;0.0;0.0;0.0;0.0;0.0;0.0;0.0;0.0;0.0;0.0;0.0;0.0;0.0;0.0;0.0;0.0;0.0;0.0;0.0;0.0;0.0;0.0;0.0;0.0;0.0;0.0;0.0;0.42779231417907415;0.0;0.0;0.0;0.0;0.0;0.0;0.0;0.0;0.0;0.0;0.0;0.0;0.0;0.0;0.0;0.0;0.0;0.0;0.0
GO:0043434;0.14844273973923308;0.0;0.0;0.0;0.0;0.0;0.0;0.0;0.0;0.0;0.0;0.0;0.0;0.0;0.0;0.0;0.0;0.0;0.0;0.0;0.0;0.0;0.0;0.0;0.0;0.2790882328583203;0.3928472734397732;0.0;0.0;0.0;0.0;0.0;0.0;1.0;0.0;0.0;0.0;0.0;0.0;0.0;0.0;0.0;0.0;0.0;0.23751084807862693;0.0;0.0;0.0;0.0;0.0;0.0;0.0;0.0;0.0;0.0;0.0;0.0;0.0;0.0;0.09276619044360901;0.2470840198161809;0.0;0.4859356257746501;0.0;0.0;0.0;0.0;0.0;0.0;0.0;0.0;0.0;0.0;0.0;0.0;0.0;0.0;0.08882768464657595;0.0;0.0;0.0;0.0;0.0;0.0;0.39413486678063486;0.29111502457535254;0.0;0.3352515583419664;0.0;0.0
GO:1900226;0.0;0.0;0.44810132719652485;0.471465393567557;0.0;0.0;0.3397895682466216;0.44587890769208;0.0;0.0;0.26812312991079806;0.0;0.0;0.37480582607211815;0.0;0.20916428182878652;0.0;0.0;0.3105647499284606;0.2647986148365541;0.0;0.0;0.0;0.39021021901494274;0.0;0.0;0.0;0.3207584457227653;0.0;0.3980312735591322;0.2190409172248425;0.3542187474563918;0.0;0.0;1.0;0.0;0.0;0.44619611327245856;0.0;0.47830923557895566;0.3833388600519032;0.5043013024195492;0.0;0.29460244807399355;0.0;0.0;0.4869438240391522;0.42287902482229084;0.2685062271248019;0.0;0.2225203490014211;0.36896338245219235;0.26481469512924816;0.3986074963058234;0.5124656259715461;0.2995734807646412;0.5137562125318507;0.0;0.4792044958981516;0.2637888629178616;0.0;0.489671590488781;0.0;0.37713422222907844;0.0;0.6220643955148856;0.22429402160837378;0.2526555476631543;0.4020247605018388;0.24737774610281976;0.0;0.568317492483325;0.0;0.3764322005473941;0.0;0.0;0.5792437095886;0.25317071895439514;0.0;0.0;0.0;0.24807393349077736;0.3160878903770906;0.34460336464435615;0.0;0.0;0.4746173041852284;0.0;0.0;0.0
GO:0001881;0.5194850221562616;0.5310660154070433;0.2711838744107584;0.0;0.0;0.34669936953268604;0.0;0.26965562092982126;0.4223115775328778;0.3149001456724307;0.0;0.0;0.400488405259754;0.0;0.40076609251648293;0.0;0.33964144202325536;0.34655350819656117;0.0;0.10903371830802283;0.5610896117926818;0.2694450226530632;0.5449463985161128;0.0;0.5465746055913138;0.23819495714422179;0.2652037623596635;0.0;0.39907682056537874;0.0;0.0;0.0;0.0;0.0;0.0;1.0;0.48456997502491456;0.269873621282138;0.49546715511541456;0.29216438055221805;0.0;0.0;0.3303441857310246;0.0;0.27709762092035506;0.32810670437412015;0.0;0.0;0.11064573046797627;0.570227209911084;0.0;0.0;0.1090407043987117;0.0;0.0;0.0;0.0;0.3135292717877673;0.2927921433065387;0.10859512473613794;0.28820192266443406;0.0;0.1830654455993581;0.0;0.3463877033495581;0.0;0.0;0.0;0.0;0.0;0.0;0.0;0.28782997883852746;0.0;0.6257534568176578;0.43106383020641376;0.0;0.10399418391802412;0.5159983495749586;0.5767547103388321;0.5751608829694457;0.0;0.0;0.0;0.26606836050993204;0.0;0.0;0.285854562770106;0.4905478704664346;0.4904701737799015
