;GO:0014066;GO:0015031;GO:0045445;GO:0006364;GO:0042531;GO:0042730;GO:0043666;GO:0051290;GO:0006687;GO:0032804;GO:0043271;GO:0000381;GO:0000380;GO:0070120;GO:0032729;GO:0051607;GO:0010536;GO:1905581;GO:0031952;GO:0032722;GO:0007186;GO:1905599;GO:1905597;GO:0006695;GO:0002690;GO:0043312;GO:0042104;GO:0007589;GO:0030855;GO:0043161;GO:0006646;GO:1900738;GO:0051135;GO:0016042;GO:0010501;GO:0001837;GO:0050804;GO:0044090;GO:0032755;GO:2001014;GO:0072659;GO:0010586;GO:0036035;GO:0035024;GO:0090630;GO:0031340;GO:0008285;GO:0097191;GO:1905602;GO:0045944;GO:0045669;GO:0043403;GO:0048661;GO:0097066;GO:0006657;GO:0001765;GO:0001921;GO:0048146;GO:0030242;GO:0070102;GO:0030521;GO:0035774;GO:0030520;GO:0051865;GO:0009062;GO:0032780;GO:0050829;GO:0006351;GO:0090122;GO:0006470;GO:0006355;GO:0006672;GO:0044147;GO:0006357;GO:0048671;GO:0006900;GO:0030517;GO:0002548;GO:0052362;GO:0032816;GO:0001934;GO:0042692;GO:0051791;GO:2000146;GO:0031047;GO:0002827;GO:0030199;GO:0052405;GO:0035722
GO:0014066;1.0;0.0;0.0;0.0;0.3470059138500751;0.28402724806712576;0.3093352272389768;0.0;0.0;0.24006089320553198;0.3867763709114;0.3530472889483554;0.0;0.48210377863456694;0.369960115208207;0.0;0.29629961526292403;0.3698546921226713;0.3529174595709292;0.36996278737951377;0.5310671806746815;0.3290165783787161;0.2505594032159855;0.0;0.31594912323391194;0.0;0.2241326335628663;0.28342042572004006;0.0;0.0;0.0;0.6091524986415092;0.2703622013950172;0.0;0.0;0.0;0.7076166005229025;0.4248187355867608;0.36995956973299304;0.4076605594254768;0.0;0.0;0.0;0.5970211658583957;0.26132551703495643;0.3646851344523916;0.5072292700280154;0.48219235009839334;0.21991867017798047;0.21548985100627915;0.3645486133948653;0.0;0.46228072197856407;0.0;0.0;0.0;0.43728421417341223;0.46228143591113563;0.0;0.48210377863456694;0.44160919989255;0.31565480261306816;0.44160919989255;0.0;0.0;0.2727707425138018;0.0;0.0;0.0;0.0;0.33036885322880893;0.0;0.3536696527566471;0.3204034293439446;0.18812253088907974;0.0;0.18812253065529552;0.0;0.0;0.3652916582444668;0.25155776245427486;0.0;0.0;0.4073396137009234;0.32514185164975185;0.36562081026847615;0.0;0.21427435504613446;0.48210377863456694
GO:0015031;0.0;1.0;0.0;0.0;0.0;0.0;0.0;0.0;0.0;0.0;0.0;0.0;0.0;0.0;0.0;0.0;0.0;0.0;0.0;0.0;0.0;0.0;0.0;0.0;0.0;0.2740509020701088;0.0;0.4360450208520675;0.0;0.0;0.0;0.0;0.0;0.0;0.0;0.0;0.0;0.0;0.0;0.0;0.42220249451999853;0.0;0.0;0.0;0.0;0.0;0.0;0.0;0.0;0.0;0.0;0.0;0.0;0.0;0.0;0.0;0.0;0.0;0.0;0.0;0.0;0.0;0.0;0.0;0.0;0.0;0.0;0.0;0.0;0.0;0.0;0.0;0.0;0.0;0.0;0.0;0.0;0.0;0.0;0.0;0.0;0.0;0.0;0.0;0.0;0.0;0.0;0.0;0.0
GO:0045445;0.0;0.0;1.0;0.21592136788418945;0.0;0.0;0.0;0.31718911284998735;0.2507059078024797;0.0;0.0;0.0;0.19571544051980938;0.35095321838712384;0.0;0.0;0.0;0.0;0.0;0.0;0.3958776174692267;0.0;0.0;0.0;0.0;0.1940115752924505;0.0;0.0;0.8613692629559758;0.18382213729149627;0.18986339142525316;0.0;0.0;0.0;0.25037894719482434;0.8056421392586163;0.0;0.0;0.0;0.0;0.0;0.24076186102376057;0.5973335918147479;0.0;0.0;0.0;0.0;0.35103258176445423;0.0;0.0;0.0;0.3515558451078973;0.0;0.0;0.1642567776440722;0.3528665272972881;0.0;0.0;0.35155135104818724;0.35095321838712384;0.315360196825158;0.0;0.315360196825158;0.2238507796648457;0.18948007726208205;0.0;0.0;0.1641879891682977;0.0;0.22335239727331807;0.0;0.26146186778523095;0.0;0.0;0.0;0.37402628273498945;0.0;0.26015137546290457;0.0;0.0;0.0;0.8613692629559758;0.26175065306809225;0.0;0.28538993609303;0.0;0.35241014101823115;0.0;0.35095321838712384
GO:0006364;0.0;0.0;0.21592136788418945;1.0;0.0;0.0;0.0;0.18389911113591237;0.4337278813036581;0.0;0.0;0.0;0.7629487580865836;0.19476269583633327;0.0;0.0;0.0;0.0;0.0;0.0;0.20785249935408484;0.0;0.0;0.2672767797817414;0.0;0.13441939743935477;0.0;0.0;0.21592136788418945;0.39538346621013787;0.31497250722934905;0.0;0.0;0.33977944405163857;0.84767169175972;0.20861114047275536;0.0;0.0;0.0;0.0;0.0;0.8762291195595108;0.19529054160928977;0.0;0.0;0.0;0.0;0.19478713517957658;0.0;0.0;0.0;0.0;0.0;0.0;0.32498424799224346;0.19535051771299008;0.0;0.0;0.3301971049645897;0.19476269583633327;0.18328284251248136;0.0;0.18328284251248136;0.4523446653238487;0.314528747851311;0.0;0.0;0.6354783970777814;0.34012002793519774;0.45167787627287787;0.0;0.49835278404894184;0.0;0.0;0.0;0.2016665823270357;0.0;0.1631591069259692;0.2609468561187264;0.0;0.0;0.21592136788418945;0.3895957807632877;0.0;0.1727399543150671;0.0;0.19521056168900433;0.0;0.19476269583633327
GO:0042531;0.3470059138500751;0.0;0.0;0.0;1.0;0.14187190069053976;0.4338291958170599;0.0;0.0;0.30690496689116675;0.14298817050440368;0.31157505007144487;0.0;0.17850559310033032;0.17571492929518023;0.0;0.867510020319655;0.17569589336395586;0.5207419508996605;0.17571541171376914;0.1848147306945428;0.21189432920886261;0.10044306210051578;0.0;0.24343705453157707;0.0;0.17417294159935315;0.10533914726244847;0.0;0.0;0.0;0.4551426923135956;0.19256022353809465;0.0;0.0;0.0;0.2537196843103762;0.23658684076277947;0.17571483081766087;0.16720047145143352;0.0;0.0;0.0;0.2889664424268166;0.10212976550457487;0.2219406581013037;0.18184072257713974;0.17851773442760294;0.17232892876398478;0.3838001614163075;0.22190431430835492;0.0;0.2445170112176052;0.0;0.0;0.0;0.46931498044644;0.2445171547549386;0.0;0.17850559310033032;0.1726439231345216;0.29841692561522865;0.1726439231345216;0.0;0.0;0.10383243407128248;0.0;0.0;0.0;0.0;0.3023325783538554;0.0;0.13820535762536368;0.29805167493437157;0.11307730491375192;0.0;0.11307730482928544;0.0;0.0;0.2221019381871015;0.7709908045861904;0.0;0.0;0.1671464568813223;0.1998022121756866;0.22219974985087407;0.0;0.09405803634761628;0.17850559310033032
GO:0042730;0.28402724806712576;0.0;0.0;0.0;0.14187190069053976;1.0;0.17443945153373958;0.0;0.0;0.18113567754533944;0.2920326580188939;0.1911126536459261;0.0;0.23336815957431672;0.2842260227101873;0.0;0.12464241677517954;0.2841762197192902;0.19106511097101345;0.2842272849303748;0.24715075336596026;0.1821156382573636;0.15917770555926106;0.0;0.23212679556850382;0.0;0.13758566803616604;0.2902690532105104;0.0;0.0;0.0;0.23330320982748373;0.15835483735110667;0.0;0.0;0.0;0.2405406037718915;0.21576968949262776;0.2842257650500099;0.26259573271573533;0.0;0.0;0.0;0.2983488692578586;0.1634557863527191;0.19532887464258936;0.3006064273836878;0.23339409003644593;0.1355927969374346;0.13347932982809657;0.2440076503814964;0.0;0.2274684199383048;0.0;0.0;0.0;0.19526084793379944;0.22746863592819508;0.0;0.23336815957431672;0.22110495042526268;0.18863620487394447;0.22110495042526268;0.0;0.0;0.1678612904084537;0.0;0.0;0.0;0.0;0.18263267289538052;0.0;0.27639832359566124;0.17879144075489692;0.2086072378253664;0.0;0.20860723761878794;0.0;0.0;0.1955461705863824;0.15014087352698227;0.0;0.0;0.2624625244367517;0.262019579725256;0.24448754774790052;0.0;0.14371674686742525;0.23336815957431672
GO:0043666;0.3093352272389768;0.0;0.0;0.0;0.4338291958170599;0.17443945153373958;1.0;0.0;0.0;0.45123259036956354;0.2551802378227165;0.5081906019895447;0.0;0.31833894858461736;0.24775045762933184;0.0;0.4322696078762914;0.2477031756418017;0.7519198725478312;0.2477516559757409;0.33897562904792045;0.2943836496782667;0.23349212557711227;0.0;0.20558423976876986;0.0;0.18087409918611005;0.18752890555729784;0.0;0.0;0.0;0.2501114551788312;0.20982811643185367;0.0;0.0;0.0;0.3290502783557609;0.29231143791259134;0.24775021300798586;0.28408406012550913;0.0;0.0;0.0;0.22850410300560556;0.360367774104507;0.26252540676666414;0.3291033991451289;0.3183775643995502;0.1781197935728221;0.3472026367828879;0.2624546526442591;0.0;0.3095734271404149;0.0;0.0;0.0;0.41683765241884807;0.30957374730460785;0.0;0.31833894858461736;0.3001642593113343;0.16338823701942498;0.3001642593113343;0.0;0.0;0.3709452542978403;0.0;0.0;0.0;0.0;0.48405480343356144;0.0;0.24033708275378124;0.473173672852081;0.15667232896887806;0.0;0.15667232880672766;0.0;0.0;0.2628395676506595;0.581665665221522;0.0;0.0;0.2839281653382211;0.33914498433191387;0.2104875075459103;0.0;0.20910609825197898;0.31833894858461736
GO:0051290;0.0;0.0;0.31718911284998735;0.18389911113591237;0.0;0.0;0.0;1.0;0.20854249022488197;0.0;0.0;0.0;0.16903577391021699;0.27353560533861954;0.0;0.0;0.0;0.0;0.0;0.0;0.3000766603593082;0.0;0.0;0.0;0.0;0.16776327322285509;0.0;0.0;0.31718911284998735;0.16008991213964016;0.16465259848671138;0.0;0.0;0.0;0.2083162078796567;0.3016604379894181;0.0;0.0;0.0;0.0;0.0;0.2016157344368244;0.2745779216628811;0.0;0.0;0.0;0.0;0.27358381429708156;0.0;0.0;0.0;0.0;0.0;0.0;0.14504362526645256;0.5561187368821676;0.0;0.0;0.2738988201446099;0.27353560533861954;0.2514188950591006;0.0;0.2514188950591006;0.18961982341149622;0.16436424446309708;0.0;0.0;0.14498998540394925;0.0;0.18926208891023663;0.0;0.2159315099735529;0.0;0.0;0.0;0.4873884286361878;0.0;0.21503690969906605;0.0;0.0;0.0;0.31718911284998735;0.2161284376966216;0.0;0.23199561060561544;0.0;0.5555586482537052;0.0;0.27353560533861954
GO:0006687;0.0;0.0;0.2507059078024797;0.4337278813036581;0.0;0.0;0.0;0.20854249022488197;1.0;0.0;0.0;0.0;0.4030131934533054;0.2226241752578868;0.0;0.0;0.0;0.0;0.0;0.0;0.2398929664295879;0.0;0.0;0.291137277392036;0.0;0.1471275371888597;0.0;0.0;0.2507059078024797;0.43021796055252354;0.43808499496736186;0.0;0.0;0.46597290025578786;0.48277391551510646;0.24090409253270734;0.0;0.0;0.0;0.0;0.0;0.4694854341136006;0.2233141108516311;0.0;0.0;0.0;0.0;0.2226561075739733;0.0;0.0;0.0;0.0;0.0;0.0;0.47801132012715075;0.223392538158367;0.0;0.0;0.37748398205021766;0.2226241752578868;0.20775034479064858;0.0;0.20775034479064858;0.49871617314182404;0.4374104722603432;0.0;0.0;0.35188156796372944;0.3801196925258435;0.4979038380807615;0.0;0.7932931599598427;0.0;0.0;0.0;0.23169056966268492;0.0;0.1822686040957371;0.2800253839421946;0.0;0.0;0.2507059078024797;0.55408453934214;0.0;0.19430793071922972;0.0;0.22320953645731867;0.0;0.2226241752578868
GO:0032804;0.24006089320553198;0.0;0.0;0.0;0.30690496689116675;0.18113567754533944;0.45123259036956354;0.0;0.0;1.0;0.24575487009475108;0.41008724973264826;0.0;0.24544835788837085;0.1922349608773316;0.0;0.2724059698271285;0.19220649332594;0.4885017351951051;0.1922356823464139;0.25753711185077527;0.19844045223114695;0.13563836296392326;0.0;0.1725013218835242;0.0;0.1547609459085484;0.1447219228675682;0.0;0.0;0.0;0.20279498354006661;0.1754793423559115;0.0;0.0;0.0;0.2517673959163547;0.22968020764361044;0.1922348136019136;0.22456993639888218;0.0;0.0;0.0;0.2621008888835535;0.1387324100090681;0.21088032555418634;0.3503865538071235;0.24547131376323705;0.15274007791245162;0.29842708382156125;0.21083466888531452;0.0;0.2402043267615372;0.0;0.0;0.0;0.3348603059487546;0.24020451951711766;0.0;0.24544835788837085;0.2345006688188416;0.14177835995576007;0.2345006688188416;0.0;0.0;0.14189311529955528;0.0;0.0;0.0;0.0;0.39422513502578826;0.0;0.23458826917235742;0.3869776208058334;0.1902143280371497;0.0;0.19021432786538828;0.0;0.0;0.2110829908227301;0.39516111875992627;0.0;0.0;0.3123614723537273;0.39869975388396306;0.16901816891267063;0.0;0.12424845203764837;0.24544835788837085
GO:0043271;0.3867763709114;0.0;0.0;0.0;0.14298817050440368;0.2920326580188939;0.2551802378227165;0.0;0.0;0.24575487009475108;1.0;0.2925117136594015;0.0;0.404657556316352;0.38723717884761555;0.0;0.12178712249516851;0.38712168091071314;0.2924003524514489;0.3872401064273066;0.4479756658296965;0.4067149427685044;0.26124096219163645;0.0;0.2702258630423911;0.0;0.1833399198574904;0.2971643420815736;0.0;0.0;0.0;0.28232955426464645;0.22216878229240297;0.0;0.0;0.0;0.4267207617223479;0.35451917985939635;0.38723658123566407;0.3396139114218253;0.0;0.0;0.0;0.31126360502491646;0.27296605701531185;0.45241527918233204;0.5333388367987096;0.4047355281565998;0.2689286406171439;0.17611998660390527;0.3023884583183803;0.0;0.3872418890590388;0.0;0.0;0.0;0.3023427030871394;0.38724251503283225;0.0;0.404657556316352;0.36915493643918645;0.24146550396058664;0.36915493643918645;0.0;0.0;0.28547803868799154;0.0;0.0;0.0;0.0;0.2731030029836233;0.0;0.46160832238309857;0.26460209891653175;0.19160134738819695;0.0;0.1916013471456864;0.0;0.0;0.3030273285620521;0.20633182426823637;0.0;0.0;0.5086827442583802;0.422854349617914;0.30331036395449973;0.0;0.22203826859283082;0.404657556316352
GO:0000381;0.3530472889483554;0.0;0.0;0.0;0.31157505007144487;0.1911126536459261;0.5081906019895447;0.0;0.0;0.41008724973264826;0.2925117136594015;1.0;0.0;0.36482386408890555;0.28279045559901744;0.0;0.2701852175761938;0.28272885505233686;0.5661500910223819;0.28279201688780337;0.3921864684429551;0.26982053864258704;0.19536967661207288;0.0;0.2240178995878088;0.0;0.19499067108926532;0.21478773765807235;0.0;0.0;0.0;0.27793524155141164;0.22906629265129608;0.0;0.0;0.0;0.3789612594717207;0.3310434277146806;0.28279013688963023;0.3205305136611226;0.0;0.0;0.0;0.251507033480245;0.20185394283299665;0.29334992923461;0.3790317190857486;0.36487458182038585;0.19179346086736115;0.4814710588883635;0.2932615872195903;0.0;0.35335759899607516;0.0;0.0;0.0;0.46576032149287755;0.3533580161288774;0.0;0.36482386408890555;0.3411511365760799;0.17482106242564147;0.3411511365760799;0.0;0.0;0.2086152077145128;0.0;0.0;0.0;0.0;0.6918102570848016;0.0;0.27317250709978397;0.6746156897850458;0.16715445261925896;0.0;0.16715445243468544;0.0;0.0;0.2937422510268963;0.42690578412750624;0.0;0.0;0.3203320659722074;0.44479608898510736;0.23525296093362513;0.0;0.1725820273916601;0.36482386408890555
GO:0000380;0.0;0.0;0.19571544051980938;0.7629487580865836;0.0;0.0;0.0;0.16903577391021699;0.4030131934533054;0.0;0.0;0.0;1.0;0.17817064728148294;0.0;0.0;0.0;0.0;0.0;0.0;0.18906281651622642;0.0;0.0;0.2513597832659182;0.0;0.12630176401737717;0.0;0.0;0.19571544051980938;0.37233774261685426;0.2962179601298218;0.0;0.0;0.30989805255854025;0.7876896090928401;0.1896902892397502;0.0;0.0;0.0;0.0;0.0;0.769521302921787;0.17861228641441623;0.0;0.0;0.0;0.0;0.17819109974607014;0.0;0.0;0.0;0.0;0.0;0.0;0.3074286299931346;0.1786624544502832;0.0;0.0;0.3020429313453;0.17817064728148294;0.16851495626065535;0.0;0.16851495626065535;0.42243161707587773;0.29582544043064474;0.0;0.0;0.6011598043795584;0.31475642704771145;0.4218500434783158;0.0;0.4621826297113559;0.0;0.0;0.0;0.18393094440308502;0.0;0.15135164534987408;0.24784686378822773;0.0;0.0;0.19571544051980938;0.3613010228513662;0.0;0.15956109327699453;0.0;0.178545381749931;0.0;0.17817064728148294
GO:0070120;0.48210377863456694;0.0;0.35095321838712384;0.19476269583633327;0.17850559310033032;0.23336815957431672;0.31833894858461736;0.27353560533861954;0.2226241752578868;0.24544835788837085;0.404657556316352;0.36482386408890555;0.17817064728148294;1.0;0.38628740777262816;0.0;0.15205877975919757;0.38617247561711776;0.3646852305328763;0.38629032100901106;0.7861043096265699;0.33922136350768406;0.2606559230868438;0.0;0.2698553159576807;0.17675747065953681;0.2288219072725854;0.29640757537492457;0.35095321838712384;0.16826011609137506;0.1733077425643499;0.35214728585232075;0.27721496147839925;0.0;0.22236632095137765;0.332041155092405;0.5317585871844891;0.4419865744043178;0.38628681308858775;0.42344384476514163;0.0;0.21474805284949294;0.2995229163950664;0.3107720684578964;0.27232738779029525;0.3772647442515593;0.5318973305458852;0.8072558171415298;0.22443149834332524;0.21982095690379427;0.3771186442037251;0.0;0.48268260820296544;0.0;0.151718207635547;0.29966402293205535;0.3770616906750959;0.4826833865422692;0.29871500075668;0.9036595449209444;0.6481137267704563;0.2015359048366585;0.6481137267704563;0.20119107104221715;0.1729883058795496;0.2847795529685976;0.0;0.15165951840986783;0.0;0.20078839039212;0.3406590068750478;0.2310649567841146;0.3685617825731354;0.3300730654323525;0.19141498425588244;0.3147874448115275;0.19141498401384344;0.23004086455220668;0.0;0.37791387036393903;0.2574799761034397;0.35095321838712384;0.2312904693501111;0.4230975765619377;0.42866295038455526;0.30272736165658637;0.29933481858531313;0.22161549876524708;0.9036595449209444
GO:0032729;0.369960115208207;0.0;0.0;0.0;0.17571492929518023;0.2842260227101873;0.24775045762933184;0.0;0.0;0.1922349608773316;0.38723717884761555;0.28279045559901744;0.0;0.38628740777262816;1.0;0.0;0.1500290699654928;0.6438473237169225;0.2826863719765063;0.8226381901493389;0.4255708803643182;0.3292833408176468;0.25082104212223516;0.0;0.263528209835442;0.0;0.22425639549191273;0.2837552390079884;0.0;0.0;0.0;0.3414494055195671;0.27054230329547563;0.0;0.0;0.0;0.40634324400750255;0.42526357061870124;0.8226310273336934;0.4080701695502626;0.0;0.0;0.0;0.2420199053341278;0.2616101361317622;0.36501290008360443;0.40644447418221735;0.38635846034059995;0.22003782087149104;0.21560424975554107;0.5077581615727883;0.0;0.4628075190202702;0.0;0.0;0.0;0.3648228175476697;0.4628082345809094;0.0;0.38628740777262816;0.3538056596234527;0.1979858616468659;0.3538056596234527;0.0;0.0;0.2730808531685632;0.0;0.0;0.0;0.0;0.2646102668924802;0.0;0.3540549105090311;0.25662211836604604;0.18820971151451726;0.0;0.18820971128051636;0.0;0.0;0.36562051551656566;0.25171367521885524;0.0;0.0;0.32632220432472003;0.3254674358980038;0.36595026071927783;0.0;0.21446567296023142;0.38628740777262816
GO:0051607;0.0;0.0;0.0;0.0;0.0;0.0;0.0;0.0;0.0;0.0;0.0;0.0;0.0;0.0;0.0;1.0;0.0;0.0;0.0;0.0;0.0;0.0;0.0;0.0;0.0;0.20633917787620565;0.0;0.0;0.0;0.0;0.0;0.0;0.0;0.0;0.0;0.0;0.0;0.0;0.0;0.0;0.0;0.0;0.0;0.0;0.0;0.0;0.0;0.0;0.0;0.0;0.0;0.0;0.0;0.25892186833168856;0.0;0.0;0.0;0.0;0.0;0.0;0.0;0.0;0.0;0.0;0.0;0.0;0.7619079332128949;0.0;0.0;0.0;0.0;0.0;0.0;0.0;0.0;0.0;0.0;0.19240007195761666;0.12323154109951047;0.0;0.0;0.0;0.0;0.0;0.0;0.0;0.0;0.18647082199601514;0.0
GO:0010536;0.29629961526292403;0.0;0.0;0.0;0.867510020319655;0.12464241677517954;0.4322696078762914;0.0;0.0;0.2724059698271285;0.12178712249516851;0.2701852175761938;0.0;0.15205877975919757;0.1500290699654928;0.0;1.0;0.1500151923607266;0.45157607719368464;0.15002942165334682;0.1566130741725096;0.238967974346751;0.14601853963579375;0.0;0.2148574605423797;0.0;0.15524086460876493;0.08976215506452222;0.0;0.0;0.0;0.3954838246456805;0.1696823908923542;0.0;0.0;0.0;0.21553566986387854;0.20296488221033887;0.15002899817438647;0.14377766431388053;0.0;0.0;0.0;0.2529227516741477;0.20647453702376514;0.19209004531986557;0.154472192119756;0.15206758986521776;0.1537742542536701;0.3428987548107774;0.1920628198242777;0.0;0.20877358710255464;0.0;0.0;0.0;0.40620540876220784;0.20877369174256777;0.0;0.15205877975919754;0.14778454131000274;0.26798842801596695;0.14778454131000274;0.0;0.0;0.15022609965324518;0.0;0.0;0.0;0.0;0.2632077040044873;0.0;0.11830017695088825;0.2599571360037315;0.10185533148415625;0.0;0.10185533141562306;0.0;0.0;0.19221084736315877;0.6823779055608747;0.0;0.0;0.1437377215206825;0.1718459449230081;0.1922853120206659;0.0;0.11019877201505268;0.15205877975919754
GO:1905581;0.3698546921226713;0.0;0.0;0.0;0.17569589336395586;0.2841762197192902;0.2477031756418017;0.0;0.0;0.19220649332594;0.38712168091071314;0.28272885505233686;0.0;0.38617247561711776;0.6438473237169225;0.0;0.1500151923607266;1.0;0.2826248167618388;0.6438519781092816;0.4254313877812236;0.3292164979298353;0.2507554715833143;0.0;0.26348539566688184;0.0;0.22422539036734626;0.2836713212857922;0.0;0.0;0.0;0.34137753262257414;0.2704971798992872;0.0;0.0;0.0;0.40621606956938855;0.4251520882077849;0.6438463736073087;0.4079675182890979;0.0;0.0;0.0;0.24197478514784818;0.2615388040223319;0.3649307661644153;0.40631723638152106;0.386243485906929;0.22000797119656634;0.21557559077377048;0.5076439504169652;0.0;0.46267548654939644;0.0;0.0;0.0;0.36474076914000025;0.46267620170181484;0.0;0.38617247561711776;0.35370924101341045;0.19796169484420886;0.35370924101341045;0.0;0.0;0.2730031295085385;0.0;0.0;0.0;0.0;0.26455633141413576;0.0;0.3539583560186869;0.256571389868846;0.1881878722747994;0.0;0.1881878720408528;0.0;0.0;0.3655381079536725;0.2516746136146107;0.0;0.0;0.326240181681483;0.32538584233851303;0.3658677044629547;0.0;0.21441773132390976;0.38617247561711776
GO:0031952;0.3529174595709292;0.0;0.0;0.0;0.5207419508996605;0.19106511097101345;0.7519198725478312;0.0;0.0;0.4885017351951051;0.2924003524514489;0.5661500910223819;0.0;0.3646852305328763;0.2826863719765063;0.0;0.45157607719368464;0.2826248167618388;1.0;0.2826879321162073;0.3920262639402609;0.26974469924522826;0.1953024529267843;0.0;0.2239656201357328;0.0;0.1949510609484576;0.21470648976321324;0.0;0.0;0.0;0.2778547725840917;0.22901163063147179;0.0;0.0;0.0;0.37881167547929995;0.33092927477315986;0.28268605350168363;0.32042349471213355;0.0;0.0;0.0;0.2514411383352113;0.20178218364489806;0.2932602883374857;0.37888207947535085;0.36473590972339154;0.1917551389035168;0.3733136175056046;0.2931720002966114;0.0;0.35322754133396217;0.0;0.0;0.0;0.46561805555403407;0.3532279581597589;0.0;0.3646852305328763;0.34102990765522456;0.17478922225735946;0.34102990765522456;0.0;0.0;0.20853856166061385;0.0;0.0;0.0;0.0;0.5363563188881519;0.0;0.2730753818122951;0.523029140736038;0.1671253436242123;0.0;0.1671253434397031;0.0;0.0;0.29365237023739166;0.7134533805917468;0.0;0.0;0.32022517947580437;0.38241160664678736;0.23518092487025968;0.0;0.17252956880746173;0.3646852305328763
GO:0032722;0.36996278737951377;0.0;0.0;0.0;0.17571541171376914;0.2842272849303748;0.2477516559757409;0.0;0.0;0.1922356823464139;0.3872401064273066;0.28279201688780337;0.0;0.38629032100901106;0.8226381901493389;0.0;0.15002942165334682;0.6438519781092816;0.2826879321162073;1.0;0.4255744162544606;0.3292850349497433;0.2508227041062548;0.0;0.263529294914869;0.0;0.22425718126421085;0.28375736610385177;0.0;0.0;0.0;0.3414512271511875;0.2705434469048838;0.0;0.0;0.0;0.4063464676055173;0.4252663963103351;0.8226369758472567;0.4080727713746698;0.0;0.0;0.0;0.24202104888521983;0.26161194417230677;0.36501498181370057;0.40644769938659486;0.3863613746487897;0.22003857735886026;0.21560497606485657;0.5077610563181284;0.0;0.462810865663912;0.0;0.0;0.0;0.3648248971101787;0.46281158123489996;0.0;0.38629032100901106;0.3538081035260835;0.19798647410332187;0.3538081035260835;0.0;0.0;0.27308282323859717;0.0;0.0;0.0;0.0;0.26461163388762693;0.0;0.3540573578562737;0.25662340407211714;0.18821026498039717;0.0;0.18821026474639488;0.0;0.0;0.3656226041831166;0.25171466518614954;0.0;0.0;0.32632428329062185;0.32546950398684826;0.3659523531549845;0.0;0.2144668880659641;0.38629032100901106
GO:0007186;0.5310671806746815;0.0;0.3958776174692267;0.20785249935408484;0.1848147306945428;0.24715075336596026;0.33897562904792045;0.3000766603593082;0.2398929664295879;0.25753711185077527;0.4479756658296965;0.3921864684429551;0.18906281651622642;0.7861043096265699;0.4255708803643182;0.0;0.1566130741725096;0.4254313877812236;0.3920262639402609;0.4255744162544606;1.0;0.3627543711919411;0.28464679280759386;0.0;0.28453968929303924;0.1874723451898795;0.23929343310552634;0.32782763131545856;0.3958776174692267;0.17794133706755952;0.18359628752614726;0.37757511568100605;0.29273424936779413;0.0;0.23959358438202205;0.37197877456427325;0.5919571879951376;0.4827953683011433;0.4255701585775431;0.46075582002176696;0.0;0.23077259253682136;0.3316426988961856;0.33040908689672327;0.29862322489570153;0.40660038613830135;0.5921291278727606;0.7862715234709325;0.23449620724515421;0.22946750361879942;0.40643068669790694;0.0;0.5317696405536078;0.0;0.15954517413662891;0.3318157003866062;0.40636453629206865;0.5317705852512026;0.33065250286408016;0.7861043096265699;0.7106568065359875;0.20961487713844476;0.7106568065359875;0.21519027850157846;0.18323783707527105;0.3136626464350769;0.0;0.15948027459181627;0.0;0.21472967400580567;0.36439888600060993;0.24972293656712788;0.40415665591501615;0.3523122805064314;0.19868825430501436;0.3504594275235984;0.1986882540442322;0.24852720864579705;0.0;0.4073544885311951;0.2708151280240176;0.3958776174692267;0.24998635955357465;0.4603458696053532;0.46628963773328136;0.32633442600889045;0.3314121116606383;0.23872214766514627;0.7861043096265699
GO:1905599;0.3290165783787161;0.0;0.0;0.0;0.21189432920886261;0.1821156382573636;0.2943836496782667;0.0;0.0;0.19844045223114695;0.4067149427685044;0.26982053864258704;0.0;0.33922136350768406;0.3292833408176468;0.0;0.238967974346751;0.3292164979298353;0.26974469924522826;0.3292850349497433;0.3627543711919411;1.0;0.3098401698362667;0.0;0.3406790776814581;0.0;0.26081782690969363;0.19977830519595743;0.0;0.0;0.0;0.365731350797399;0.3043348556067306;0.0;0.0;0.0;0.35141097507380364;0.5506570349998958;0.3292829949904997;0.300597597720113;0.0;0.0;0.0;0.23906797558956097;0.3194454843673193;0.7071686417635685;0.3514715615091821;0.33926521208389504;0.6113454081442179;0.25235392711184823;0.38474550741954194;0.0;0.45821769095545656;0.0;0.0;0.0;0.38470290534503865;0.4582181950252166;0.0;0.33922136350768406;0.3186610196066764;0.33401081242700587;0.3186610196066764;0.0;0.0;0.26308889583630035;0.0;0.0;0.0;0.0;0.25637048111923033;0.0;0.2551546841788391;0.250328520696813;0.19318804467460812;0.0;0.19318804446841828;0.0;0.0;0.3853399897672171;0.28698148814321145;0.0;0.0;0.3604167932234927;0.23996498910568825;0.2771035369487439;0.0;0.22023376685187182;0.33922136350768406
GO:1905597;0.2505594032159855;0.0;0.0;0.0;0.10044306210051578;0.15917770555926106;0.23349212557711227;0.0;0.0;0.13563836296392326;0.26124096219163645;0.19536967661207288;0.0;0.2606559230868438;0.25082104212223516;0.0;0.14601853963579375;0.2507554715833143;0.1953024529267843;0.2508227041062548;0.28464679280759386;0.3098401698362667;1.0;0.0;0.14815891216302898;0.0;0.12701512619352126;0.25922264202777134;0.0;0.0;0.0;0.1892027391206119;0.15190253924432728;0.0;0.0;0.0;0.2729570167055886;0.23205112799993452;0.25082070285815516;0.223368236462112;0.0;0.0;0.0;0.16878843487718187;0.40767418074356176;0.20138267976810048;0.27301882507099245;0.2606996986367866;0.12472518838314603;0.12231460572605238;0.20131229007852386;0.0;0.25082371610295934;0.0;0.0;0.0;0.2012848489410149;0.25082407146683955;0.0;0.2606559230868438;0.24049619979815637;0.11269518600203336;0.24049619979815637;0.0;0.0;0.3386723658713663;0.0;0.0;0.0;0.0;0.1835786668157161;0.0;0.24065202716687925;0.17836641566311762;0.10732971903867468;0.0;0.10732971891000861;0.0;0.0;0.20169535865611374;0.14183083662898766;0.0;0.0;0.22320530959724666;0.22266406491728555;0.2018650162668242;0.0;0.2708310083507826;0.2606559230868438
GO:0006695;0.0;0.0;0.0;0.2672767797817414;0.0;0.0;0.0;0.0;0.291137277392036;0.0;0.0;0.0;0.2513597832659182;0.0;0.0;0.0;0.0;0.0;0.0;0.0;0.0;0.0;0.0;1.0;0.0;0.0;0.0;0.0;0.0;0.20155416311922805;0.3665689157348787;0.0;0.0;0.35958632733661283;0.2919178296192437;0.0;0.0;0.0;0.0;0.0;0.0;0.2853334132973236;0.0;0.0;0.0;0.0;0.0;0.0;0.0;0.0;0.0;0.0;0.0;0.0;0.3331541416950711;0.0;0.0;0.0;0.17349017337039807;0.0;0.0;0.0;0.0;0.2280973624482185;0.28713735419737774;0.0;0.0;0.3338877085592573;0.7051242790742477;0.22778996864197767;0.0;0.2982207811652068;0.0;0.0;0.0;0.0;0.0;0.0;0.1740469827071761;0.0;0.0;0.0;0.34921650391426046;0.0;0.0;0.0;0.0;0.0;0.0
GO:0002690;0.31594912323391194;0.0;0.0;0.0;0.24343705453157707;0.23212679556850382;0.20558423976876986;0.0;0.0;0.1725013218835242;0.2702258630423911;0.2240178995878088;0.0;0.2698553159576807;0.263528209835442;0.0;0.2148574605423797;0.26348539566688184;0.2239656201357328;0.263529294914869;0.28453968929303924;0.3406790776814581;0.14815891216302898;0.0;1.0;0.0;0.2926781520348155;0.15906426238311394;0.0;0.0;0.0;0.39082162442639046;0.3345687392534368;0.0;0.0;0.0;0.2775131489974215;0.34916235089578745;0.26352798833536667;0.24482989780118633;0.0;0.0;0.0;0.24282068295532455;0.15185832525507562;0.36383500464118573;0.2775509319719033;0.269883064462154;0.25754231042574144;0.22186555552389678;0.31809992065458;0.0;0.3667148417218848;0.0;0.0;0.0;0.318070798796284;0.3667151645741353;0.0;0.26985531595768064;0.2566805711297413;0.2966233889209875;0.2566805711297413;0.0;0.0;0.15565359376472404;0.0;0.0;0.0;0.0;0.21466750067846938;0.0;0.2055060999265716;0.21041501795184067;0.143944299654548;0.0;0.14394429951767357;0.0;0.0;0.4081758873572344;0.2481949435878055;0.0;0.0;0.43610945982094734;0.19553710170944769;0.4084211994590495;0.0;0.13467371156023047;0.26985531595768064
GO:0043312;0.0;0.2740509020701088;0.1940115752924505;0.13441939743935477;0.0;0.0;0.0;0.16776327322285509;0.1471275371888597;0.0;0.0;0.0;0.12630176401737717;0.17675747065953681;0.0;0.20633917787620565;0.0;0.0;0.0;0.0;0.1874723451898795;0.0;0.0;0.0;0.0;1.0;0.0;0.35515606504721675;0.1940115752924505;0.12123963032947926;0.12383852350506148;0.0;0.0;0.0;0.14701487237817065;0.1880892879955264;0.0;0.0;0.0;0.0;0.17225485530263002;0.14364578583065554;0.1771921232290696;0.0;0.0;0.0;0.0;0.17677759995131426;0.0;0.0;0.0;0.0;0.0;0.0;0.11240860958628543;0.17724149654469296;0.0;0.0;0.17690906653529395;0.17675747065953681;0.1672502555856699;0.0;0.1672502555856699;0.1374504598510733;0.12367533523418328;0.0;0.0;0.11237638957749166;0.0;0.13726239344523192;0.0;0.15076733684100896;0.0;0.0;0.0;0.18242530012364477;0.0;0.20513460368233558;0.0;0.0;0.0;0.1940115752924505;0.1508633144291062;0.0;0.15842676679638595;0.0;0.17712627806940215;0.0;0.17675747065953681
GO:0042104;0.2241326335628663;0.0;0.0;0.0;0.17417294159935315;0.13758566803616604;0.18087409918611005;0.0;0.0;0.1547609459085484;0.1833399198574904;0.19499067108926532;0.0;0.2288219072725854;0.22425639549191273;0.0;0.15524086460876493;0.22422539036734626;0.1949510609484576;0.22425718126421085;0.23929343310552634;0.26081782690969363;0.12701512619352126;0.0;0.2926781520348155;0.0;1.0;0.13494665272741144;0.0;0.0;0.0;0.26621701662193237;0.7462715585258344;0.0;0.0;0.0;0.2343042879471958;0.2992633883482644;0.22425623509005876;0.2105710921905549;0.0;0.0;0.0;0.17840595332543174;0.12972434048573656;0.2762072948326029;0.2801927078814852;0.2288418583354886;0.20335054503863653;0.20061086204721726;0.276151007662978;0.0;0.398581300467279;0.0;0.0;0.0;0.27612905988943215;0.39858159908081525;0.0;0.22882190727258533;0.21927832242624548;0.18934450943190645;0.21927832242624548;0.0;0.0;0.1324838322503593;0.0;0.0;0.0;0.0;0.1878679229768117;0.0;0.17555028711138462;0.18460286722884528;0.13137750555337258;0.0;0.13137750543935403;0.0;0.0;0.5820537172538182;0.2218952085846311;0.0;0.0;0.21048542844948187;0.16822394839331933;0.2766356270879994;0.0;0.11697380492662078;0.22882190727258533
GO:0007589;0.28342042572004006;0.4360450208520675;0.0;0.0;0.10533914726244847;0.2902690532105104;0.18752890555729784;0.0;0.0;0.1447219228675682;0.2971643420815736;0.21478773765807235;0.0;0.29640757537492457;0.2837552390079884;0.0;0.08976215506452222;0.2836713212857922;0.21470648976321324;0.28375736610385177;0.32782763131545856;0.19977830519595743;0.25922264202777134;0.0;0.15906426238311394;0.35515606504721675;0.13494665272741144;1.0;0.0;0.0;0.0;0.2073573101175585;0.1633873170074176;0.0;0.0;0.0;0.3124181693789885;0.25996627477029605;0.28375480480016413;0.2491175040286265;0.28396062329758365;0.0;0.0;0.18308867709526264;0.2707632612421736;0.2220777227045903;0.31249914336467527;0.2964641843140668;0.13236469950355068;0.1296529833272379;0.2219921255733071;0.0;0.28375866131306676;0.0;0.0;0.0;0.22195875754160532;0.2837591161276919;0.0;0.29640757537492457;0.27061200646459205;0.16088290430759172;0.27061200646459205;0.0;0.0;0.2830695659489163;0.0;0.0;0.0;0.0;0.20062137616708012;0.0;0.27080931990202767;0.1944127988332295;0.11293894505984538;0.0;0.11293894491737931;0.0;0.0;0.22245802909159276;0.15179319567347355;0.0;0.0;0.2489148655846313;0.24824194318909912;0.22266443176343903;0.0;0.22057855727398917;0.29640757537492457
GO:0030855;0.0;0.0;0.8613692629559758;0.21592136788418945;0.0;0.0;0.0;0.31718911284998735;0.2507059078024797;0.0;0.0;0.0;0.19571544051980938;0.35095321838712384;0.0;0.0;0.0;0.0;0.0;0.0;0.3958776174692267;0.0;0.0;0.0;0.0;0.1940115752924505;0.0;0.0;1.0;0.18382213729149627;0.18986339142525316;0.0;0.0;0.0;0.25037894719482434;0.8056421392586163;0.0;0.0;0.0;0.0;0.0;0.24076186102376057;0.5973335918147479;0.0;0.0;0.0;0.0;0.35103258176445423;0.0;0.0;0.0;0.3515558451078973;0.0;0.0;0.1642567776440722;0.3528665272972881;0.0;0.0;0.35155135104818724;0.35095321838712384;0.315360196825158;0.0;0.315360196825158;0.2238507796648457;0.18948007726208205;0.0;0.0;0.1641879891682977;0.0;0.22335239727331807;0.0;0.26146186778523095;0.0;0.0;0.0;0.37402628273498945;0.0;0.26015137546290457;0.0;0.0;0.0;0.8613692629559758;0.26175065306809225;0.0;0.28538993609303;0.0;0.35241014101823115;0.0;0.35095321838712384
GO:0043161;0.0;0.0;0.18382213729149627;0.39538346621013787;0.0;0.0;0.0;0.16008991213964016;0.43021796055252354;0.0;0.0;0.0;0.37233774261685426;0.16826011609137506;0.0;0.0;0.0;0.0;0.0;0.0;0.17794133706755952;0.0;0.0;0.20155416311922805;0.0;0.12123963032947926;0.0;0.0;0.18382213729149627;1.0;0.2845055520608651;0.0;0.0;0.4080532763188604;0.43093856647061024;0.17849705130706553;0.0;0.0;0.0;0.0;0.0;0.42145223194445736;0.1686539360537433;0.0;0.0;0.0;0.0;0.16827835643137293;0.0;0.0;0.0;0.0;0.0;0.0;0.3318548456673227;0.16869866519907428;0.0;0.0;0.3974191141332126;0.16826011609137506;0.15962268593167628;0.0;0.15962268593167628;0.532266691786306;0.40268235526635476;0.0;0.0;0.36772462260568056;0.2498966303009998;0.5315659016180985;0.0;0.44042162658325373;0.0;0.0;0.0;0.17338819423677676;0.0;0.14413973283225107;0.47068145733413597;0.0;0.0;0.18382213729149627;0.34402653446215326;0.0;0.15156626495242703;0.0;0.1685942825757093;0.0;0.16826011609137506
GO:0006646;0.0;0.0;0.18986339142525316;0.31497250722934905;0.0;0.0;0.0;0.16465259848671138;0.43808499496736186;0.0;0.0;0.0;0.2962179601298218;0.1733077425643499;0.0;0.0;0.0;0.0;0.0;0.0;0.18359628752614726;0.0;0.0;0.3665689157348787;0.0;0.12383852350506148;0.0;0.0;0.18986339142525316;0.2845055520608651;1.0;0.0;0.0;0.359507944718673;0.3440056483567375;0.1841879427751781;0.0;0.0;0.0;0.0;0.0;0.3362476914446858;0.1737255746465553;0.0;0.0;0.0;0.0;0.1733270937644557;0.0;0.0;0.0;0.0;0.0;0.0;0.8381738814451108;0.17377303474283276;0.0;0.0;0.293792183358403;0.1733077425643499;0.16415840124429548;0.0;0.16415840124429548;0.3219666541510431;0.3692132400851372;0.0;0.0;0.37404166374527675;0.30615845740113895;0.4096828548661834;0.0;0.44874187727469034;0.0;0.0;0.0;0.17875308812912127;0.0;0.14782805314135342;0.1740250608658449;0.0;0.0;0.18986339142525316;0.44902277151276593;0.0;0.15564982788559661;0.0;0.1736622801861315;0.0;0.1733077425643499
GO:1900738;0.6091524986415092;0.0;0.0;0.0;0.4551426923135956;0.23330320982748373;0.2501114551788312;0.0;0.0;0.20279498354006661;0.28232955426464645;0.27793524155141164;0.0;0.35214728585232075;0.3414494055195671;0.0;0.3954838246456805;0.34137753262257414;0.2778547725840917;0.3414512271511875;0.37757511568100605;0.365731350797399;0.1892027391206119;0.0;0.39082162442639046;0.0;0.26621701662193237;0.2073573101175585;0.0;0.0;0.0;1.0;0.311711520452407;0.0;0.0;0.0;0.5097453704852836;0.4460916693237403;0.341449033665729;0.310703753947082;0.0;0.0;0.0;0.4381961657804672;0.19527774371209555;0.3967273405953673;0.36536704175965407;0.3521945400001071;0.26193300051761964;0.2574049871168622;0.3966112265466474;0.0;0.475147651373349;0.0;0.0;0.0;0.508222249886441;0.47514819337939457;0.0;0.35214728585232075;0.33004125303371623;0.44008348963387145;0.33004125303371623;0.0;0.0;0.20159873662524685;0.0;0.0;0.0;0.0;0.2636853755666525;0.0;0.264271728855242;0.2572980067984276;0.1644422273550078;0.0;0.16444222717637544;0.0;0.0;0.3972429726194626;0.2935318396067936;0.0;0.0;0.3105172841359865;0.2480117284455674;0.3975412730920699;0.0;0.16775201460663794;0.35214728585232075
GO:0051135;0.2703622013950172;0.0;0.0;0.0;0.19256022353809465;0.15835483735110667;0.20982811643185367;0.0;0.0;0.1754793423559115;0.22216878229240297;0.22906629265129608;0.0;0.27721496147839925;0.27054230329547563;0.0;0.1696823908923542;0.2704971798992872;0.22901163063147179;0.2705434469048838;0.29273424936779413;0.3043348556067306;0.15190253924432728;0.0;0.3345687392534368;0.0;0.7462715585258344;0.1633873170074176;0.0;0.0;0.0;0.311711520452407;1.0;0.0;0.0;0.0;0.2853024469277592;0.35799967528539706;0.27054206984755436;0.25087253932090603;0.0;0.0;0.0;0.2065137707954309;0.15579372016780138;0.3254964892801357;0.28534238082228425;0.27724424424967625;0.2288655748789348;0.2254011030185642;0.3254183236296384;0.0;0.3764754273836257;0.0;0.0;0.0;0.3253878464303386;0.3764757676508544;0.0;0.2772149614783992;0.263330286587134;0.21127628173483357;0.263330286587134;0.0;0.0;0.1597908344114439;0.0;0.0;0.0;0.0;0.21929889759157578;0.0;0.21083229334473857;0.21486283890599175;0.14601202257246992;0.0;0.14601202243163486;0.0;0.0;0.6860319425637271;0.25262781205928664;0.0;0.0;0.25075095656716917;0.20035303182081213;0.3260824212335309;0.0;0.13775977623938396;0.2772149614783992
GO:0016042;0.0;0.0;0.0;0.33977944405163857;0.0;0.0;0.0;0.0;0.46597290025578786;0.0;0.0;0.0;0.30989805255854025;0.0;0.0;0.0;0.0;0.0;0.0;0.0;0.0;0.0;0.0;0.35958632733661283;0.0;0.0;0.0;0.0;0.0;0.4080532763188604;0.359507944718673;0.0;0.0;1.0;0.38989372107737624;0.0;0.0;0.0;0.0;0.0;0.0;0.376012325720857;0.0;0.0;0.0;0.0;0.0;0.0;0.0;0.0;0.0;0.0;0.0;0.0;0.31349658346574855;0.0;0.0;0.0;0.4232164259516591;0.0;0.0;0.0;0.0;0.3514051339674998;0.535443416399424;0.0;0.0;0.26252432278017857;0.5058378974012259;0.35067608867440603;0.0;0.48438766368150005;0.0;0.0;0.0;0.0;0.0;0.0;0.3320011320021108;0.0;0.0;0.0;0.4848804320420359;0.0;0.0;0.0;0.0;0.0;0.0
GO:0010501;0.0;0.0;0.25037894719482434;0.84767169175972;0.0;0.0;0.0;0.2083162078796567;0.48277391551510646;0.0;0.0;0.0;0.7876896090928401;0.22236632095137765;0.0;0.0;0.0;0.0;0.0;0.0;0.23959358438202205;0.0;0.0;0.2919178296192437;0.0;0.14701487237817065;0.0;0.0;0.25037894719482434;0.43093856647061024;0.3440056483567375;0.0;0.0;0.38989372107737624;1.0;0.24060218302069683;0.0;0.0;0.0;0.0;0.0;0.9174930045283681;0.2230546567649858;0.0;0.0;0.0;0.0;0.22239817933384112;0.0;0.0;0.0;0.0;0.0;0.0;0.35176065705199994;0.22313290190652557;0.0;0.0;0.3770462896299552;0.22236632095137765;0.20752577731493313;0.0;0.20752577731493313;0.4994930673853142;0.34347637869613784;0.0;0.0;0.6878200750114282;0.3810510642497942;0.4986801587777316;0.0;0.5563963778766303;0.0;0.0;0.0;0.23141129857815515;0.0;0.18209572412896863;0.2807258049577837;0.0;0.0;0.25037894719482434;0.435007365702497;0.0;0.19411147042911328;0.0;0.22295032516907254;0.0;0.22236632095137765
GO:0001837;0.0;0.0;0.8056421392586163;0.20861114047275536;0.0;0.0;0.0;0.3016604379894181;0.24090409253270734;0.0;0.0;0.0;0.1896902892397502;0.332041155092405;0.0;0.0;0.0;0.0;0.0;0.0;0.37197877456427325;0.0;0.0;0.0;0.0;0.1880892879955264;0.0;0.0;0.8056421392586163;0.17849705130706553;0.1841879427751781;0.0;0.0;0.0;0.24060218302069683;1.0;0.0;0.0;0.0;0.0;0.0;0.2317081471895679;0.5649956426836997;0.0;0.0;0.0;0.0;0.3321121946457073;0.0;0.0;0.0;0.33258053352107836;0.0;0.0;0.15999178056873745;0.33375330938048325;0.0;0.0;0.33257651150184414;0.332041155092405;0.30000574834691407;0.0;0.30000574834691407;0.21600353423589955;0.1838271805951232;0.0;0.0;0.15992651724992046;0.0;0.2155394454456353;0.0;0.25081881447901727;0.0;0.0;0.0;0.3526215997681377;0.0;0.24961259427102742;0.0;0.0;0.0;0.8056421392586163;0.2510845557663093;0.0;0.2727567768297006;0.0;0.3333449963499898;0.0;0.332041155092405
GO:0050804;0.7076166005229025;0.0;0.0;0.0;0.2537196843103762;0.2405406037718915;0.3290502783557609;0.0;0.0;0.2517673959163547;0.4267207617223479;0.3789612594717207;0.0;0.5317585871844891;0.40634324400750255;0.0;0.21553566986387854;0.40621606956938855;0.37881167547929995;0.4063464676055173;0.5919571879951376;0.35141097507380364;0.2729570167055886;0.0;0.2775131489974215;0.0;0.2343042879471958;0.3124181693789885;0.0;0.0;0.0;0.5097453704852836;0.2853024469277592;0.0;0.0;0.0;1.0;0.46290819373536557;0.4063425859691096;0.4426087727676704;0.0;0.0;0.0;0.4478875649310031;0.28578319871062036;0.392402784387227;0.5624912360627565;0.5318663453013609;0.22970309291324648;0.22487574625336593;0.3922447268078214;0.0;0.5077435517127153;0.0;0.0;0.0;0.4705011030736299;0.5077444129732153;0.0;0.5317585871844891;0.482915419474288;0.28714271019350457;0.482915419474288;0.0;0.0;0.29952734996088165;0.0;0.0;0.0;0.0;0.3529540306217595;0.0;0.3867758451199596;0.3416028975164608;0.1952364339661991;0.0;0.19523643371439942;0.0;0.0;0.3931050975077535;0.2644424895574741;0.0;0.0;0.44223046528900417;0.35291291581824097;0.3149080729690336;0.0;0.23044527716617963;0.5317585871844891
