;GO:0014066;GO:0015031;GO:0045445;GO:0006364;GO:0042531;GO:0042730;GO:0043666;GO:0051290;GO:0006687;GO:0032804;GO:0043271;GO:0000381;GO:0000380;GO:0070120;GO:0032729;GO:0051607;GO:0010536;GO:1905581;GO:0031952;GO:0032722;GO:0007186;GO:1905599;GO:1905597;GO:0006695;GO:0002690;GO:0043312;GO:0042104;GO:0007589;GO:0030855;GO:0043161;GO:0006646;GO:1900738;GO:0051135;GO:0016042;GO:0010501;GO:0001837;GO:0050804;GO:0044090;GO:0032755;GO:2001014;GO:0072659;GO:0010586;GO:0036035;GO:0035024;GO:0090630;GO:0031340;GO:0008285;GO:0097191;GO:1905602;GO:0045944;GO:0045669;GO:0043403;GO:0048661;GO:0097066;GO:0006657;GO:0001765;GO:0001921;GO:0048146;GO:0030242;GO:0070102;GO:0030521;GO:0035774;GO:0030520;GO:0051865;GO:0009062;GO:0032780;GO:0050829;GO:0006351;GO:0090122;GO:0006470;GO:0006355;GO:0006672;GO:0044147;GO:0006357;GO:0048671;GO:0006900;GO:0030517;GO:0002548;GO:0052362;GO:0032816;GO:0001934;GO:0042692;GO:0051791;GO:2000146;GO:0031047;GO:0002827;GO:0030199;GO:0052405;GO:0035722
GO:0014066;1.0;0.0;0.0;0.0;0.42047520129461297;0.24450337384914914;0.09109119242320027;0.0;0.0;0.06542503916533039;0.08182683697365024;0.08612744401790694;0.0;0.06990883605039312;0.07590581549708311;0.0;0.34908237705909967;0.05491116561116577;0.08382191885692893;0.07471409939014252;0.11971150429498856;0.06239761005536215;0.04789819129789215;0.0;0.2781605526843751;0.0;0.07920097733371448;0.06695009922366167;0.0;0.0;0.0;0.25703984321539425;0.07245592287752407;0.0;0.0;0.0;0.36124088062246984;0.07480721976339993;0.07761692092058635;0.07766358400693782;0.0;0.0;0.0;0.37804530982553297;0.0686089190341195;0.07245592287752407;0.11016763504625578;0.08919029835188333;0.06542503916533039;0.11800517695326974;0.08546526323655852;0.0;0.08788204822027583;0.0;0.0;0.0;0.26531594892122506;0.0847537816113911;0.0;0.07574167921815535;0.08382191885692893;0.28450174548931295;0.07831485306477201;0.0;0.0;0.05877749362505042;0.0;0.0;0.0;0.0;0.13846732700656303;0.0;0.05491116561116577;0.13176155660880157;0.07312357560839844;0.0;0.08314360652020959;0.0;0.0;0.0769524014851038;0.11530343080197804;0.0;0.0;0.09890796958400794;0.07418531700025464;0.24024972342527023;0.0;0.0544059362986829;0.08382191885692893
GO:0015031;0.0;1.0;0.0;0.0;0.0;0.0;0.0;0.0;0.0;0.0;0.0;0.0;0.0;0.0;0.0;0.0;0.0;0.0;0.0;0.0;0.0;0.0;0.0;0.0;0.0;0.46491548921239084;0.0;0.35513274734634237;0.0;0.0;0.0;0.0;0.0;0.0;0.0;0.0;0.0;0.0;0.0;0.0;0.6167267943508787;0.0;0.0;0.0;0.0;0.0;0.0;0.0;0.0;0.0;0.0;0.0;0.0;0.0;0.0;0.0;0.0;0.0;0.0;0.0;0.0;0.0;0.0;0.0;0.0;0.0;0.0;0.0;0.0;0.0;0.0;0.0;0.0;0.0;0.0;0.0;0.0;0.0;0.0;0.0;0.0;0.0;0.0;0.0;0.0;0.0;0.0;0.0;0.0
GO:0045445;0.0;0.0;1.0;0.025918417750582685;0.0;0.0;0.0;0.022011719779681096;0.023280422135229694;0.0;0.0;0.0;0.02110621004689814;0.019443700530977902;0.0;0.0;0.0;0.0;0.0;0.0;0.031193482017213843;0.0;0.0;0.0;0.0;0.02814249939683547;0.0;0.0;0.41936481213421484;0.027050809341838497;0.02110621004689814;0.0;0.0;0.0;0.02288260811661179;0.3649887138742314;0.0;0.0;0.0;0.0;0.0;0.021200691870145665;0.25346475357150405;0.0;0.0;0.0;0.0;0.024175780367111;0.0;0.0;0.0;0.18724200729487067;0.0;0.0;0.01989707421866705;0.020401339940053793;0.0;0.0;0.019443700530977902;0.020901046312813445;0.02288260811661179;0.0;0.02153672870995017;0.023213193728767175;0.024242713280608143;0.0;0.0;0.03343942560473035;0.0;0.025964832472956206;0.0;0.023887947447055524;0.0;0.0;0.0;0.022011719779681096;0.0;0.022717898372565656;0.0;0.0;0.0;0.37216460354854636;0.020669107130772676;0.0;0.022998409656064506;0.0;0.022801828253623917;0.0;0.02288260811661179
GO:0006364;0.0;0.0;0.025918417750582685;1.0;0.0;0.0;0.0;0.02628417010639969;0.1445240737179144;0.0;0.0;0.0;0.5282505866371606;0.02270358440312335;0.0;0.0;0.0;0.0;0.0;0.0;0.040529561453954886;0.0;0.0;0.24162765101793468;0.0;0.035525472921433945;0.0;0.0;0.03372774258365378;0.19676967066661682;0.11796837969718352;0.0;0.0;0.15764924260628363;0.31022991323265825;0.028436163244479912;0.0;0.0;0.0;0.0;0.0;0.6152137474494361;0.02303568721655709;0.0;0.0;0.0;0.0;0.029429872140563668;0.0;0.0;0.0;0.0;0.0;0.0;0.11990268023567804;0.024020124454502058;0.0;0.0;0.10648361087726922;0.024715851684930373;0.027535555518351493;0.0;0.025609718481388787;0.16307933228522714;0.13932194332218364;0.0;0.0;0.5002853583962213;0.178276422980651;0.1869962237516889;0.0;0.25337546306146647;0.0;0.0;0.0;0.02628417010639969;0.0;0.027297399948845148;0.11723751001397652;0.0;0.0;0.02911543883877066;0.11508522539688619;0.0;0.027703411996866222;0.0;0.027418668006332005;0.0;0.027535555518351493
GO:0042531;0.42047520129461297;0.0;0.0;0.0;1.0;0.23627137244464627;0.4325526000354975;0.0;0.0;0.26448791181398407;0.0785763739150028;0.18916981481412898;0.0;0.06780014531257046;0.2000553564915308;0.0;0.8118732698729701;0.1462169627218347;0.43771092205846446;0.19702881692912483;0.11365827476426238;0.16201887150785227;0.04660445552005365;0.0;0.37770104432583906;0.0;0.20416471992863838;0.06444935742802652;0.0;0.0;0.0;0.3496749757225355;0.18732025778363076;0.0;0.0;0.0;0.3454860552571045;0.1932032729086889;0.2043948257631584;0.07506980534835488;0.0;0.0;0.0;0.3654194972372902;0.06598514872802828;0.18732025778363076;0.10502035606673348;0.0857863270879755;0.1696574261492381;0.42617106951383715;0.21972133087791176;0.0;0.22570082231719907;0.0;0.0;0.0;0.36871709117150636;0.21795865691305463;0.0;0.07327264563841726;0.0808084643022445;0.39284358512705375;0.07567812879273644;0.0;0.0;0.05684119085364473;0.0;0.0;0.0;0.0;0.29745801684873235;0.0;0.05342800857268472;0.28385023505799656;0.07081968628358437;0.0;0.08017786339587615;0.0;0.0;0.19856020023133006;0.6815009629941616;0.0;0.0;0.0947391696341978;0.1796371724810744;0.3279277219469869;0.0;0.05274287178194906;0.0808084643022445
GO:0042730;0.24450337384914914;0.0;0.0;0.0;0.23627137244464627;1.0;0.0697590976386423;0.0;0.0;0.15830481290983223;0.21617547085921496;0.06642753415705416;0.0;0.05520322069739838;0.2992134500842969;0.0;0.2003696698729185;0.2241250304902128;0.0648639209470663;0.2950890764236291;0.08808536360505792;0.04982174430043363;0.04345876494764459;0.0;0.5140949986275667;0.0;0.06169852802378987;0.6257320560612177;0.0;0.0;0.0;0.192955295704035;0.05700123764407563;0.0;0.0;0.0;0.07724206718755446;0.05864918612382738;0.30510741779298917;0.27277327488880404;0.0;0.0;0.0;0.3607275926728962;0.05985132678858545;0.05700123764407563;0.25002343812508115;0.06848883984237283;0.052005150896063286;0.08703310874083584;0.29681132115836784;0.0;0.06761059649179793;0.0;0.0;0.0;0.05930098439524709;0.0654971607942566;0.0;0.05930098439524709;0.0648639209470663;0.24914890398833575;0.06108667301240953;0.0;0.0;0.05223018264936246;0.0;0.0;0.0;0.0;0.09933581144060337;0.0;0.15165847563993287;0.09537870955089824;0.39189336928711793;0.0;0.4391602276400926;0.0;0.0;0.06014284578592311;0.08535688647266046;0.0;0.0;0.2280309563481121;0.19843583163420195;0.2133693261499288;0.0;0.04874945430867435;0.0648639209470663
GO:0043666;0.09109119242320027;0.0;0.0;0.0;0.4325526000354975;0.0697590976386423;1.0;0.0;0.0;0.2749536426659274;0.08301428547764937;0.19905563230295029;0.0;0.07066884544573485;0.07692656118985372;0.0;0.35828986644936794;0.05544336754731076;0.41957478504390144;0.0757028366618826;0.12195747035690689;0.23106650575442353;0.23106650575442353;0.0;0.09033342402209363;0.0;0.08017786339587615;0.0678605922118107;0.0;0.0;0.0;0.06949635068404353;0.07327264563841726;0.0;0.0;0.0;0.10414433190470516;0.07567812879273644;0.07868452923583853;0.07860268807203054;0.0;0.0;0.0;0.07860268807203054;0.5108167603222021;0.07327264563841726;0.11206692101712544;0.09043107671662681;0.06609022054887986;0.27409285223715957;0.0866039020623507;0.0;0.0890864481120131;0.0;0.0;0.0;0.169585116292139;0.08587341727715017;0.0;0.07663461203870033;0.08491691017435056;0.08174253608293218;0.0792698702317262;0.0;0.0;0.43674595009340866;0.0;0.0;0.0;0.0;0.322655113983528;0.0;0.05544336754731076;0.30670611648201346;0.07395550568218885;0.0;0.08422083366516542;0.0;0.0;0.07787428305479534;0.5800027066770642;0.0;0.0;0.10043617003508228;0.1888229708169876;0.06853095254575689;0.0;0.26280670244039595;0.08491691017435056
GO:0051290;0.0;0.0;0.022011719779681096;0.02628417010639969;0.0;0.0;0.0;1.0;0.023575087122226664;0.0;0.0;0.0;0.021348120299372372;0.019648816607209404;0.0;0.0;0.0;0.0;0.0;0.0;0.03172479080683146;0.0;0.0;0.0;0.0;0.02857423882615891;0.0;0.0;0.027399569017324075;0.027449465552065424;0.021348120299372372;0.0;0.0;0.0;0.023167227161864604;0.023801459636255753;0.0;0.0;0.0;0.0;0.0;0.021444785313718844;0.01989707421866705;0.0;0.0;0.0;0.0;0.02449370142765062;0.0;0.0;0.0;0.0;0.0;0.0;0.020111920149896732;0.2868455271351136;0.0;0.0;0.019648816607209404;0.02113824999963302;0.023167227161864604;0.0;0.021788667351538005;0.023506148618294156;0.024562408806052934;0.0;0.0;0.03405074733604062;0.0;0.02633190525729825;0.0;0.024198294749429496;0.0;0.0;0.0;0.18824086046635816;0.0;0.022998409656064506;0.0;0.0;0.0;0.024275509044536077;0.020901046312813445;0.0;0.0232859348204451;0.0;0.3666934323445176;0.0;0.023167227161864604
GO:0006687;0.0;0.0;0.023280422135229694;0.1445240737179144;0.0;0.0;0.0;0.023575087122226664;1.0;0.0;0.0;0.0;0.11586855033675773;0.020653538310306335;0.0;0.0;0.0;0.0;0.0;0.0;0.03442898520610938;0.0;0.0;0.4529484316761525;0.0;0.03074958753743831;0.0;0.0;0.029393499173044214;0.2481407504899052;0.45382742655050395;0.0;0.0;0.5414989472272561;0.1263426584525642;0.025291846625367116;0.0;0.0;0.0;0.0;0.0;0.11642262448637156;0.020928011150375257;0.0;0.0;0.0;0.0;0.026074921617677892;0.0;0.0;0.0;0.0;0.0;0.0;0.4261706429339638;0.02173738053617767;0.0;0.0;0.09686855157421213;0.02230559084393641;0.02457689224411568;0.0;0.023031061942055113;0.2102907793177808;0.5265824854307626;0.0;0.0;0.1911603283229761;0.3438025922663198;0.23733355658648841;0.0;0.8582526268601639;0.0;0.0;0.0;0.023575087122226664;0.0;0.024386989702570205;0.1559615933475423;0.0;0.0;0.025827790695135973;0.4438046937911032;0.0;0.024710527171004307;0.0;0.024483731597494816;0.0;0.02457689224411568
GO:0032804;0.06542503916533039;0.0;0.0;0.0;0.26448791181398407;0.15830481290983223;0.2749536426659274;0.0;0.0;1.0;0.17969499825912358;0.14467282856949845;0.0;0.054179500665246794;0.05588706559605263;0.0;0.2298854005140495;0.04361053511999991;0.25867745079296384;0.055238360543589084;0.07996009728690158;0.04955628121232409;0.03804081975918655;0.0;0.06503321533136959;0.0;0.05959856069666081;0.04914866194218821;0.0;0.0;0.0;0.05348765461158716;0.05569691407432494;0.0;0.0;0.0;0.0718973575620459;0.05707594597774237;0.056809159127320596;0.05872380459802082;0.0;0.0;0.0;0.17002326191648576;0.050036775344027354;0.05569691407432494;0.2188455228312174;0.06508381250634569;0.05144697224782045;0.1806089079631289;0.06307762537370064;0.0;0.06438441076236054;0.0;0.0;0.0;0.12750385973039524;0.06268922183041602;0.0;0.05761831602629059;0.06217793518997288;0.06045879382841809;0.059095396908183266;0.0;0.0;0.04459656634831675;0.0;0.0;0.0;0.0;0.20049275901888133;0.0;0.1327514195058678;0.1942171109349249;0.16239930959130722;0.0;0.17894111642627963;0.0;0.0;0.058316287791600224;0.3243731516072431;0.0;0.0;0.2029907531942725;0.2570943557502212;0.05131951903144696;0.0;0.042033967468315836;0.06217793518997288
GO:0043271;0.08182683697365024;0.0;0.0;0.0;0.0785763739150028;0.21617547085921496;0.08301428547764937;0.0;0.0;0.17969499825912358;1.0;0.07833877821913128;0.0;0.06318733305378975;0.07845833907615245;0.0;0.06486392094706629;0.05623465448849729;0.07617328183561704;0.07718579831188674;0.11033027307193195;0.3147263470628607;0.049052650918654;0.0;0.3794476262632517;0.0;0.07184468687224287;0.06922743254482071;0.0;0.0;0.0;0.06212243820476939;0.0655542100731342;0.0;0.0;0.0;0.09383164882945687;0.06774330359205051;0.08028784671744385;0.07040800370766909;0.0;0.0;0.0;0.21432349800452283;0.07100251851015328;0.3668847485340037;0.3079118386671422;0.08122163441054404;0.3303827020742231;0.10868440649705319;0.07771641740885586;0.0;0.0799894248006041;0.0;0.0;0.0;0.06861440961092506;0.07704807834582865;0.0;0.06861440961092506;0.07617328183561704;0.4100831436117406;0.07101640042027273;0.0;0.0;0.060525514867853375;0.0;0.0;0.0;0.0;0.12856883621299797;0.0;0.17117951403780093;0.12201681429507875;0.20143935728834558;0.0;0.2299359939960229;0.0;0.0;0.06974398918641166;0.1060829219185157;0.0;0.0;0.4228582190657588;0.23323776836615093;0.06974398918641166;0.0;0.05590030448290897;0.07617328183561704
GO:0000381;0.08612744401790694;0.0;0.0;0.0;0.18916981481412898;0.06642753415705416;0.19905563230295029;0.0;0.0;0.14467282856949845;0.07833877821913128;1.0;0.0;0.06764436064226652;0.07289500078510831;0.0;0.15811688918729333;0.053318054057187626;0.18378356219321682;0.07179526404322749;0.11322116432884773;0.06058729784629831;0.04650854383508522;0.0;0.08544970303432378;0.0;0.07630697601344522;0.06426607883836213;0.0;0.0;0.0;0.0665693157398131;0.07002629921499125;0.0;0.0;0.0;0.09770634317558013;0.07222016321964497;0.07447164610365142;0.07487886967889099;0.0;0.0;0.0;0.07487886967889099;0.0657930442353676;0.07002629921499125;0.10464705177539008;0.0855370771959047;0.06343759630592836;0.3549788032797147;0.08210507521817155;0.0;0.08433308029276254;0.0;0.0;0.0;0.16174284511340656;0.08144822462825842;0.0;0.07309073140563146;0.08058726397595853;0.0777228807921069;0.07548409011423858;0.0;0.0;0.056698581928960615;0.0;0.0;0.0;0.0;0.4127047243074365;0.0;0.053318054057187626;0.39390424717554257;0.07064973399071632;0.0;0.07996009728690158;0.0;0.0;0.0742175561635373;0.24919659162831187;0.0;0.0;0.0944352727052811;0.22998275446783692;0.0653129585273559;0.0;0.05262006383147003;0.08058726397595853
GO:0000380;0.0;0.0;0.02110621004689814;0.5282505866371606;0.0;0.0;0.0;0.021348120299372372;0.11586855033675773;0.0;0.0;0.0;1.0;0.018924080213231;0.0;0.0;0.0;0.0;0.0;0.0;0.029877353201374416;0.0;0.0;0.19484053994872746;0.0;0.027066797439943873;0.0;0.0;0.026010507593517997;0.15166903351893846;0.09669942703712615;0.0;0.0;0.12183724491496628;0.24973724043102205;0.022746241775242926;0.0;0.0;0.0;0.0;0.0;0.23191466352368365;0.019154254597201287;0.0;0.0;0.0;0.0;0.02337765010816656;0.0;0.0;0.0;0.0;0.0;0.0;0.09948957619326552;0.01983002654283323;0.0;0.0;0.08875710362979956;0.02030181390824431;0.02216631393546865;0.0;0.020901046312813445;0.13083517425371569;0.11059383492690465;0.0;0.0;0.35975726371393696;0.15144471558956765;0.145795521441568;0.0;0.2018691929704932;0.0;0.0;0.0;0.021348120299372372;0.0;0.022011719779681096;0.09959253760898477;0.0;0.0;0.023178807812114018;0.09475360840756498;0.0;0.022274961864690142;0.0;0.02209050384407466;0.0;0.02216631393546865
GO:0070120;0.06990883605039312;0.0;0.019443700530977902;0.02270358440312335;0.06780014531257046;0.05520322069739838;0.07066884544573485;0.019648816607209404;0.020653538310306335;0.054179500665246794;0.06318733305378975;0.06764436064226652;0.018924080213231;1.0;0.059597424860129214;0.0;0.05842194856789883;0.04583737136342332;0.06621397879346244;0.05886029312616818;0.2297821586420538;0.05208671847454143;0.03998325582277077;0.0;0.06946164943623924;0.024392175685828594;0.06329673112888025;0.052440166578538464;0.02353100656421573;0.023567798469755406;0.018924080213231;0.056447493596425494;0.05891366192879757;0.0;0.0203398303777047;0.020827074288089328;0.07734913689968899;0.06045879382841808;0.060647168694723724;0.06231094513540419;0.0;0.01900000024168065;0.017774984128329507;0.06231094513540419;0.053452442790798825;0.05891366192879757;0.08163549610284085;0.2985296242279965;0.054179500665246794;0.0858612175733499;0.06723521889285847;0.0;0.06872197826530593;0.0;0.01794624859974998;0.01835546266242781;0.061067703802464346;0.06679410581653009;0.017576593621501723;0.4324382781861103;0.17536436298260313;0.06426790352577431;0.1661358531268976;0.020600608348522568;0.021407402030452726;0.047289889281872693;0.0;0.02827404523039869;0.0;0.02273919105887121;0.09620548586746401;0.021130292664295988;0.04583737136342332;0.09291983859853674;0.05935430562821362;0.019648816607209404;0.06578999156532306;0.020209588569859743;0.0;0.0618523158608756;0.08442191046560067;0.021189144978896953;0.018571933505860526;0.07528473014089275;0.05853161606394701;0.054431295632272475;0.020275980933668714;0.0444183823966275;0.4688805571258606
GO:0032729;0.07590581549708311;0.0;0.0;0.0;0.2000553564915308;0.2992134500842969;0.07692656118985372;0.0;0.0;0.05588706559605263;0.07845833907615245;0.07289500078510831;0.0;0.059597424860129214;1.0;0.0;0.1671765059052353;0.31650554731954067;0.07101640042027273;0.6662039947765614;0.09983041581047314;0.14606754509470526;0.046556830900940795;0.0;0.2060951513399903;0.0;0.1840150713321691;0.06435831498079848;0.0;0.0;0.0;0.16050581128187277;0.168850975603436;0.0;0.0;0.0;0.08612762460785069;0.17414748019013304;0.6910747597433935;0.29681132115836784;0.0;0.0;0.0;0.06597950133406383;0.06588971881664497;0.168850975603436;0.09225680233505665;0.07538475059229333;0.1529466885477094;0.2695139139771843;0.42907174322503155;0.0;0.20339808822073838;0.0;0.0;0.0;0.17624934729211525;0.1964305567394859;0.0;0.06440190975630918;0.07101640042027273;0.18743408952759938;0.06651348119727923;0.0;0.0;0.05677036276797944;0.0;0.0;0.0;0.0;0.11453144870541139;0.0;0.05337341103410523;0.10930295483048447;0.28002720939514136;0.0;0.31698033664784386;0.0;0.0;0.1789700037690531;0.263655265864887;0.0;0.0;0.08323952441766434;0.07140590153161352;0.1789700037690531;0.0;0.052681883593485024;0.07101640042027273
GO:0051607;0.0;0.0;0.0;0.0;0.0;0.0;0.0;0.0;0.0;0.0;0.0;0.0;0.0;0.0;0.0;1.0;0.0;0.0;0.0;0.0;0.0;0.0;0.0;0.0;0.0;0.6946273082526775;0.0;0.0;0.0;0.0;0.0;0.0;0.0;0.0;0.0;0.0;0.0;0.0;0.0;0.0;0.0;0.0;0.0;0.0;0.0;0.0;0.0;0.0;0.0;0.0;0.0;0.0;0.0;0.2088670539363137;0.0;0.0;0.0;0.0;0.0;0.0;0.0;0.0;0.0;0.0;0.0;0.0;0.7138713976460938;0.0;0.0;0.0;0.0;0.0;0.0;0.0;0.0;0.0;0.0;0.38157719798102807;0.3560254475143087;0.0;0.0;0.0;0.0;0.0;0.0;0.0;0.0;0.4068211640830522;0.0
GO:0010536;0.34908237705909967;0.0;0.0;0.0;0.8118732698729701;0.2003696698729185;0.35828986644936794;0.0;0.0;0.2298854005140495;0.06486392094706629;0.15811688918729333;0.0;0.05842194856789883;0.1671765059052353;0.0;1.0;0.12784066649830556;0.3674155052724169;0.16505776608681466;0.08955816927187249;0.26378037327596165;0.26378037327596165;0.0;0.3139916216738603;0.0;0.17285458403489162;0.05376230396361358;0.0;0.0;0.0;0.3019728435406699;0.16062567874838413;0.0;0.0;0.0;0.2804037410522091;0.1649321447338968;0.17019604915243647;0.06374071816514117;0.0;0.0;0.0;0.3102725666779704;0.3860067364589615;0.16062567874838413;0.08410720925687065;0.07130382558988904;0.14746142873981533;0.33677281142459614;0.18387682685768855;0.0;0.18804600054118148;0.0;0.0;0.0;0.31420769550985694;0.18264073628057664;0.0;0.062440363306209036;0.06783080166761646;0.3316519337942792;0.0641787514327549;0.0;0.0;0.274412008926405;0.0;0.0;0.0;0.0;0.22727281016761972;0.0;0.04671326840924201;0.2192422804646356;0.06065020204840553;0.0;0.06738592523050228;0.0;0.0;0.16882025828520014;0.5410135021652724;0.0;0.0;0.07738189250116176;0.15065495312637583;0.27881137636580827;0.0;0.21673734894495472;0.06783080166761646
GO:1905581;0.05491116561116577;0.0;0.0;0.0;0.1462169627218347;0.2241250304902128;0.05544336754731076;0.0;0.0;0.04361053511999991;0.05623465448849729;0.053318054057187626;0.0;0.04583737136342332;0.31650554731954067;0.0;0.12784066649830556;1.0;0.05230599979054912;0.3129951381250186;0.06642753415705416;0.11511873865597294;0.036692364793703955;0.0;0.14941735362440403;0.0;0.13745944830114576;0.046920801422940556;0.0;0.0;0.0;0.1239028508560776;0.12881754945766785;0.0;0.0;0.0;0.06006840134022199;0.13187749938889265;0.32148907045855524;0.22277454270152608;0.0;0.0;0.0;0.049521538396873274;0.04772956258412541;0.12881754945766785;0.06298688701626835;0.05463796075480087;0.11934938543040423;0.18015035378276212;0.31446333380647334;0.0;0.14799462051348597;0.0;0.0;0.0;0.13307932605809494;0.1442711455739045;0.0;0.048627486449745794;0.05230599979054912;0.13935837015105215;0.04982174430043363;0.0;0.0;0.042754545288950875;0.0;0.0;0.0;0.0;0.07263093713749647;0.0;0.042064647228987374;0.07049255725306815;0.2131841130063777;0.0;0.2339471689297489;0.0;0.0;0.134624583738616;0.17751373791532377;0.0;0.0;0.05864918612382738;0.0525169924242748;0.134624583738616;0.0;0.04039366288825493;0.05230599979054912
GO:0031952;0.08382191885692893;0.0;0.0;0.0;0.43771092205846446;0.0648639209470663;0.41957478504390144;0.0;0.0;0.25867745079296384;0.07617328183561704;0.18378356219321682;0.0;0.06621397879346244;0.07101640042027273;0.0;0.3674155052724169;0.05230599979054912;1.0;0.06997221062811187;0.10927022673740028;0.05943726275267549;0.045625743983219724;0.0;0.08317984155247699;0.0;0.07449169931295294;0.06259258453899438;0.0;0.0;0.0;0.06518357189996392;0.06849454919210259;0.0;0.0;0.0;0.09474988222653499;0.07059204865979604;0.07251199476839408;0.07313012539951966;0.0;0.0;0.0;0.07313012539951966;0.06404016508766953;0.06849454919210259;0.1012629133128109;0.08326263315468684;0.06217793518997288;0.24595039538736124;0.08000724645397597;0.0;0.08212138676682448;0.0;0.0;0.0;0.15805360084613912;0.07938340530521341;0.0;0.07142358154413656;0.07856532505753219;0.07584044373612775;0.07370729797609471;0.0;0.0;0.05539199369186;0.0;0.0;0.0;0.0;0.28435374640464917;0.0;0.05230599979054912;0.27189340263206696;0.06909089219842168;0.0;0.0779691184375589;0.0;0.0;0.07249921009613941;0.571920640443929;0.0;0.0;0.09167065378302296;0.17462405272559264;0.06380077904803828;0.0;0.05149282068581204;0.07856532505753219
GO:0032722;0.07471409939014252;0.0;0.0;0.0;0.19702881692912483;0.2950890764236291;0.0757028366618826;0.0;0.0;0.055238360543589084;0.07718579831188674;0.07179526404322749;0.0;0.05886029312616818;0.6662039947765614;0.0;0.16505776608681466;0.3129951381250186;0.06997221062811187;1.0;0.09777923146947655;0.14444748864493934;0.04604046229809457;0.0;0.20288457336403345;0.0;0.18145129643181185;0.06337574278893515;0.0;0.0;0.0;0.1585517942548098;0.16668985420965154;0.0;0.0;0.0;0.08459657091284878;0.171849575141975;0.6804115628244576;0.29275245466013117;0.0;0.0;0.0;0.06507723794838824;0.06486020375588372;0.16668985420965154;0.09050230294682937;0.07420921300216073;0.15117137097538233;0.2640496310538533;0.4226456773691726;0.0;0.2002703532066957;0.0;0.0;0.0;0.17389601331823756;0.19351189917107953;0.0;0.06354199620462417;0.06997221062811187;0.18477484756562984;0.06559665593473807;0.0;0.0;0.056004447150257215;0.0;0.0;0.0;0.0;0.11183981240343804;0.0;0.05278143874665597;0.10684882880203896;0.276411610265308;0.0;0.3123554072165762;0.0;0.0;0.17654395503591672;0.2584236585083105;0.0;0.0;0.08180857717354742;0.07035031139457316;0.17654395503591672;0.0;0.05202167320703615;0.06997221062811187
GO:0007186;0.11971150429498856;0.0;0.031193482017213843;0.040529561453954886;0.11365827476426238;0.08808536360505792;0.12195747035690689;0.03172479080683146;0.03442898520610938;0.07996009728690158;0.11033027307193195;0.11322116432884773;0.029877353201374416;0.2297821586420538;0.09983041581047314;0.0;0.08955816927187249;0.06642753415705416;0.10927022673740028;0.09777923146947655;1.0;0.07548409011423858;0.057943747926102275;0.0;0.11840616968713358;0.04624450004873332;0.10154679357828203;0.08836264090336417;0.04324406645352091;0.043368487417589106;0.029877353201374416;0.08500039628043281;0.09071887686342082;0.0;0.033565991919994605;0.03491392711709243;0.14331852437350634;0.0944352727052811;0.10281132781007359;0.09903326213730454;0.0;0.030067032820251936;0.027110350420939105;0.09903326213730454;0.09127529799613687;0.09071887686342082;0.15876428083438593;0.31403723402034556;0.07996009728690158;0.17556875035788871;0.11207960213948524;0.0;0.11627287577556271;0.0;0.02751077650249142;0.02848423848811043;0.09592933145575824;0.11085917128949106;0.026651538836689755;0.2540639666823193;0.28939665088757294;0.10406976126401875;0.26509571082342576;0.034282153654034905;0.03657610403071549;0.07466131558354717;0.0;0.06251732355434028;0.0;0.04064317268186389;0.22504831644550366;0.0357745129047029;0.06642753415705416;0.2078553933661064;0.0917679554893653;0.03172479080683146;0.10812034670578752;0.033212767944878006;0.0;0.09787976775483632;0.16965431381892654;0.035943533294492576;0.029008941367035804;0.13638883071189783;0.09687554611502178;0.08613618586352227;0.03339246141225612;0.06774677846179404;0.28939665088757294
GO:1905599;0.06239761005536215;0.0;0.0;0.0;0.16201887150785227;0.04982174430043363;0.23106650575442353;0.0;0.0;0.04955628121232409;0.3147263470628607;0.06058729784629831;0.0;0.05208671847454143;0.14606754509470526;0.0;0.26378037327596165;0.11511873865597294;0.05943726275267549;0.14444748864493934;0.07548409011423858;1.0;0.23753055021918945;0.0;0.2553473067305612;0.0;0.15231491803185873;0.046920801422940556;0.0;0.0;0.0;0.13729323669851928;0.14273907489956106;0.0;0.0;0.0;0.06825796979101119;0.31820270432925646;0.14836744472364796;0.056273175188279186;0.0;0.0;0.0;0.056273175188279186;0.3089806101642678;0.4091099637453704;0.07157435415727331;0.06208715716471687;0.6219236094578307;0.19961950021592695;0.1608089673172536;0.0;0.16398864371464061;0.0;0.0;0.0;0.14746142873981533;0.15986276668526728;0.0;0.05525723054122631;0.05943726275267549;0.3672182817713463;0.056614310378147896;0.0;0.0;0.20427312671475611;0.0;0.0;0.0;0.0;0.08253324880321751;0.0;0.042064647228987374;0.08010332780821215;0.22979492411586055;0.0;0.2521757891486208;0.0;0.0;0.1491736849714206;0.19669794091466627;0.0;0.0;0.27429696505303375;0.0525169924242748;0.134624583738616;0.0;0.1929932773668873;0.05943726275267549
GO:1905597;0.04789819129789215;0.0;0.0;0.0;0.04660445552005365;0.04345876494764459;0.23106650575442353;0.0;0.0;0.03804081975918655;0.049052650918654;0.04650854383508522;0.0;0.03998325582277077;0.046556830900940795;0.0;0.26378037327596165;0.036692364793703955;0.045625743983219724;0.04604046229809457;0.057943747926102275;0.23753055021918945;1.0;0.0;0.04762453193724285;0.0;0.04381312964590267;0.046920801422940556;0.0;0.0;0.0;0.03949216830960482;0.04105865449635474;0.0;0.0;0.0;0.052396771154452855;0.042033967468315836;0.047289889281872693;0.043196899812613355;0.0;0.0;0.0;0.043196899812613355;0.3089806101642678;0.04105865449635474;0.05494252270890541;0.04765987877387211;0.03804081975918655;0.05742021304164946;0.04625642861732615;0.0;0.04717105717788248;0.0;0.0;0.0;0.04241703162520308;0.04598425559910885;0.0;0.04241703162520308;0.045625743983219724;0.0444183823966275;0.04345876494764459;0.0;0.0;0.20427312671475611;0.0;0.0;0.0;0.0;0.06335488388266118;0.0;0.036692364793703955;0.06148960698256411;0.04133727606172416;0.0;0.04536331797678814;0.0;0.0;0.04290955924647413;0.05657983142907785;0.0;0.0;0.051158810874951416;0.045809789712720386;0.04290955924647413;0.0;0.1929932773668873;0.045625743983219724
GO:0006695;0.0;0.0;0.0;0.24162765101793468;0.0;0.0;0.0;0.0;0.4529484316761525;0.0;0.0;0.0;0.19484053994872746;0.0;0.0;0.0;0.0;0.0;0.0;0.0;0.0;0.0;0.0;1.0;0.0;0.0;0.0;0.0;0.0;0.13473263613760433;0.5242656363445257;0.0;0.0;0.5252125866313679;0.21200476117560446;0.0;0.0;0.0;0.0;0.0;0.0;0.19575033688286606;0.0;0.0;0.0;0.0;0.0;0.0;0.0;0.0;0.0;0.0;0.0;0.0;0.4930196784125814;0.0;0.0;0.0;0.08152430597738404;0.0;0.0;0.0;0.0;0.1147127431302587;0.4725994858668914;0.0;0.0;0.42349800814466154;0.6396588257459901;0.1290353596370155;0.0;0.46534577596096727;0.0;0.0;0.0;0.0;0.0;0.0;0.08564861185761008;0.0;0.0;0.0;0.4000094973418794;0.0;0.0;0.0;0.0;0.0;0.0
GO:0002690;0.2781605526843751;0.0;0.0;0.0;0.37770104432583906;0.5140949986275667;0.09033342402209363;0.0;0.0;0.06503321533136959;0.3794476262632517;0.08544970303432378;0.0;0.06946164943623924;0.2060951513399903;0.0;0.3139916216738603;0.14941735362440403;0.08317984155247699;0.20288457336403345;0.11840616968713358;0.2553473067305612;0.04762453193724285;0.0;1.0;0.0;0.4767968778658332;0.06641665538905095;0.0;0.0;0.0;0.3011462464688321;0.43646019897184046;0.0;0.0;0.0;0.10154361569277745;0.19826737102235947;0.21070361640951563;0.07711207646199819;0.0;0.0;0.0;0.24074823767949066;0.06804882406089792;0.2962357220861291;0.10906117476174014;0.08846370009963359;0.267662140209305;0.3115274582413665;0.2262946215458274;0.0;0.2326424034068422;0.0;0.0;0.0;0.20072688611191367;0.22442535258719712;0.0;0.07521703754328063;0.08317984155247699;0.3531664945038896;0.07775409049788823;0.0;0.0;0.058365935681293314;0.0;0.0;0.0;0.0;0.13672390154854105;0.0;0.05459743864013668;0.13018194216868045;0.07263445972990022;0.0;0.08251183977541178;0.0;0.0;0.4633555054117346;0.3044699293204015;0.0;0.0;0.6434024691415321;0.0736138431360597;0.4633555054117346;0.0;0.05405313703833543;0.08317984155247699
GO:0043312;0.0;0.46491548921239084;0.02814249939683547;0.035525472921433945;0.0;0.0;0.0;0.02857423882615891;0.03074958753743831;0.0;0.0;0.0;0.027066797439943873;0.024392175685828594;0.0;0.6946273082526775;0.0;0.0;0.0;0.0;0.04624450004873332;0.0;0.0;0.0;0.0;1.0;0.0;0.6172366761065454;0.03759394662359104;0.03768794343479293;0.027066797439943873;0.0;0.0;0.0;0.030059343761766655;0.0311358358725541;0.0;0.0;0.0;0.0;0.314815595393753;0.027222376406745394;0.02477593375833625;0.0;0.0;0.0;0.0;0.0323311483797856;0.0;0.0;0.0;0.0;0.0;0.0;0.025109944287691775;0.025918417750582682;0.0;0.0;0.024392175685828594;0.026730314344782603;0.030059343761766655;0.0;0.02777891911656269;0.03063240914945103;0.032450967681884664;0.0;0.0;0.051358341485113625;0.0;0.03561273125147276;0.0;0.031818427538766576;0.0;0.0;0.0;0.02857423882615891;0.0;0.41995296798867293;0.0;0.0;0.0;0.03195206315545644;0.026352129467078544;0.0;0.030259492167268042;0.0;0.029920101689082698;0.0;0.030059343761766655
GO:0042104;0.07920097733371448;0.0;0.0;0.0;0.20416471992863838;0.06169852802378987;0.08017786339587615;0.0;0.0;0.05959856069666081;0.07184468687224287;0.07630697601344522;0.0;0.06329673112888025;0.1840150713321691;0.0;0.17285458403489162;0.13745944830114576;0.07449169931295294;0.18145129643181185;0.10154679357828203;0.15231491803185873;0.04381312964590267;0.0;0.4767968778658332;0.0;1.0;0.05923086019329768;0.0;0.0;0.0;0.16640138517407832;0.6286604633888264;0.0;0.0;0.0;0.08888765736820158;0.17956157152544763;0.18768019278860976;0.0695879295749403;0.0;0.0;0.0;0.0695879295749403;0.060525514867853375;0.17446905387832537;0.4875571102513991;0.07870147286468851;0.15904685821359235;0.26770780000547983;0.20224720680623753;0.0;0.49668057877333316;0.0;0.0;0.0;0.1815765286187592;0.48098801277918823;0.0;0.06804095273256552;0.07449169931295294;0.19224225915791937;0.07011034367544802;0.0;0.0;0.05274287178194906;0.0;0.0;0.0;0.0;0.11472914530548942;0.0;0.05022799301474899;0.11008696186026715;0.06592070451414411;0.0;0.07395550568218885;0.0;0.0;0.5808999543871342;0.2624794074163825;0.0;0.0;0.08617220876107602;0.06588595890199977;0.4185152918611427;0.0;0.04919579505644232;0.07449169931295294
GO:0007589;0.06695009922366167;0.35513274734634237;0.0;0.0;0.06444935742802652;0.6257320560612177;0.0678605922118107;0.0;0.0;0.04914866194218821;0.06922743254482071;0.06426607883836213;0.0;0.052440166578538464;0.06435831498079848;0.0;0.05376230396361358;0.046920801422940556;0.06259258453899438;0.06337574278893515;0.08836264090336417;0.046920801422940556;0.046920801422940556;0.0;0.06641665538905095;0.6172366761065454;0.05923086019329768;1.0;0.0;0.0;0.0;0.051598631921805346;0.054305669183128624;0.0;0.0;0.0;0.07608017836063026;0.05602502651043723;0.0657676155160761;0.05811016878949734;0.2557820787173972;0.0;0.0;0.05811016878949734;0.06662110519385786;0.054305669183128624;0.08156792202036624;0.06648542084431873;0.04914866194218821;0.08715088613538446;0.06378568300426858;0.0;0.06553800319891534;0.0;0.0;0.0;0.05670760760689865;0.06326929043479489;0.0;0.05670760760689865;0.06259258453899438;0.2746741940765011;0.05858505184792478;0.0;0.0;0.057312473747403704;0.0;0.0;0.0;0.0;0.1015951929337857;0.0;0.046920801422940556;0.09688238773748846;0.054794150011455704;0.0;0.062099745834676714;0.0;0.0;0.05759136893101008;0.08522951216528146;0.0;0.0;0.07349775558646243;0.06293948393973915;0.05759136893101008;0.0;0.05314840211026389;0.06259258453899438
GO:0030855;0.0;0.0;0.41936481213421484;0.03372774258365378;0.0;0.0;0.0;0.027399569017324075;0.029393499173044214;0.0;0.0;0.0;0.026010507593517997;0.02353100656421573;0.0;0.0;0.0;0.0;0.0;0.0;0.04324406645352091;0.0;0.0;0.0;0.0;0.03759394662359104;0.0;0.0;1.0;0.03567090588656288;0.026010507593517997;0.0;0.0;0.0;0.028762168876048218;0.4619792085019325;0.0;0.0;0.0;0.0;0.0;0.026154148250926747;0.30755439946760615;0.0;0.0;0.0;0.0;0.030835368528530516;0.0;0.0;0.0;0.2307500797986487;0.0;0.0;0.024198294749429496;0.0249482518415595;0.0;0.0;0.02353100656421573;0.025699623925739136;0.028762168876048218;0.0;0.0266674577692282;0.02928641026200449;0.030944338880790505;0.0;0.0;0.047683987757334644;0.0;0.03380638334931384;0.0;0.030368649244090055;0.0;0.0;0.0;0.027399569017324075;0.0;0.028502422781402827;0.0;0.0;0.0;0.4735359838017399;0.02534985070862077;0.0;0.028945363041303712;0.0;0.02863465965972907;0.0;0.028762168876048218
GO:0043161;0.0;0.0;0.027050809341838497;0.19676967066661682;0.0;0.0;0.0;0.027449465552065424;0.2481407504899052;0.0;0.0;0.0;0.15166903351893846;0.023567798469755406;0.0;0.0;0.0;0.0;0.0;0.0;0.043368487417589106;0.0;0.0;0.13473263613760433;0.0;0.03768794343479293;0.0;0.0;0.03567090588656288;1.0;0.12293284405652469;0.0;0.0;0.5824313556887573;0.16774483221233635;0.02980505402641619;0.0;0.0;0.0;0.0;0.0;0.1525080677703247;0.02392586490746056;0.0;0.0;0.0;0.0;0.030898577743027424;0.0;0.0;0.0;0.0;0.0;0.0;0.2042121659444443;0.024989612972975146;0.0;0.0;0.38627175684248055;0.025743516130121387;0.028817156571515252;0.0;0.02671472117599066;0.2934487962748281;0.5113305468446898;0.0;0.0;0.34491801443561954;0.09821997806625922;0.338840571831474;0.0;0.25638961422729845;0.0;0.0;0.0;0.027449465552065424;0.0;0.028556420860710956;0.5381293128848197;0.0;0.0;0.030552162285858227;0.11980513701512456;0.0;0.02900105410914934;0.0;0.028689160428132646;0.0;0.028817156571515252
GO:0006646;0.0;0.0;0.02110621004689814;0.11796837969718352;0.0;0.0;0.0;0.021348120299372372;0.45382742655050395;0.0;0.0;0.0;0.09669942703712615;0.018924080213231;0.0;0.0;0.0;0.0;0.0;0.0;0.029877353201374416;0.0;0.0;0.5242656363445257;0.0;0.027066797439943873;0.0;0.0;0.026010507593517997;0.12293284405652469;1.0;0.0;0.0;0.479624767798086;0.10458334132791779;0.022746241775242926;0.0;0.0;0.0;0.0;0.0;0.09711971819815848;0.019154254597201287;0.0;0.0;0.0;0.0;0.02337765010816656;0.0;0.0;0.0;0.0;0.0;0.0;0.5909342103357109;0.01983002654283323;0.0;0.0;0.08875710362979956;0.02030181390824431;0.02216631393546865;0.0;0.020901046312813445;0.10604630161127723;0.4719653279463548;0.0;0.0;0.3142453858537591;0.3177747167450638;0.3834635921418787;0.0;0.4652840160559378;0.0;0.0;0.0;0.021348120299372372;0.0;0.022011719779681096;0.0807230956182636;0.0;0.0;0.023178807812114018;0.40436628222300264;0.0;0.022274961864690142;0.0;0.02209050384407466;0.0;0.02216631393546865
GO:1900738;0.25703984321539425;0.0;0.0;0.0;0.3496749757225355;0.192955295704035;0.06949635068404353;0.0;0.0;0.05348765461158716;0.06212243820476939;0.0665693157398131;0.0;0.056447493596425494;0.16050581128187277;0.0;0.3019728435406699;0.1239028508560776;0.06518357189996392;0.1585517942548098;0.08500039628043281;0.13729323669851928;0.03949216830960482;0.0;0.3011462464688321;0.0;0.16640138517407832;0.051598631921805346;0.0;0.0;0.0;1.0;0.15503851020789744;0.0;0.0;0.0;0.26765347612826945;0.15904685821359235;0.16328718534140169;0.06139759641738171;0.0;0.0;0.0;0.22951350375923152;0.052578376273632293;0.15503851020789744;0.0800748794215754;0.0683844064831006;0.14273907489956106;0.2245298456538492;0.17659174221956825;0.0;0.1804336488785331;0.0;0.0;0.0;0.3028845000716563;0.17545135389833091;0.0;0.06019018150909809;0.06518357189996392;0.319083234125455;0.0618039145768774;0.0;0.0;0.04660445552005365;0.0;0.0;0.0;0.0;0.09404546177345083;0.0;0.04527438167562236;0.09090328877114173;0.0585250000880146;0.0;0.06477263703294664;0.0;0.0;0.16265940386468686;0.22084037147514127;0.0;0.0;0.07395550568218885;0.05761672934141255;0.2686365530476801;0.0;0.04381312964590267;0.06518357189996392
GO:0051135;0.07245592287752407;0.0;0.0;0.0;0.18732025778363076;0.05700123764407563;0.07327264563841726;0.0;0.0;0.05569691407432494;0.0655542100731342;0.07002629921499125;0.0;0.05891366192879757;0.168850975603436;0.0;0.16062567874838413;0.12881754945766785;0.06849454919210259;0.16668985420965154;0.09071887686342082;0.14273907489956106;0.04105865449635474;0.0;0.43646019897184046;0.0;0.6286604633888264;0.054305669183128624;0.0;0.0;0.0;0.15503851020789744;1.0;0.0;0.0;0.0;0.08047937859737836;0.16640138517407832;0.17193186772137672;0.06432648765024365;0.0;0.0;0.0;0.06432648765024365;0.05539199369186;0.16201887150785224;0.08513011685693718;0.07203765028479697;0.1486347839975625;0.23947157117163365;0.18570484654511268;0.0;0.1899582871149638;0.0;0.0;0.0;0.16813038858429202;0.18444414075454574;0.0;0.06300237100903477;0.06849454919210259;0.17723536085440933;0.06477263703294663;0.0;0.0;0.048801672897936146;0.0;0.0;0.0;0.0;0.10109620208580974;0.0;0.04707022364997294;0.0974742926502325;0.06118030945748723;0.0;0.06804095273256552;0.0;0.0;0.5373126060304584;0.23527929767872083;0.0;0.0;0.0782469132280124;0.060556964223340115;0.38711234255605415;0.0;0.04574956090136948;0.06849454919210259
GO:0016042;0.0;0.0;0.0;0.15764924260628363;0.0;0.0;0.0;0.0;0.5414989472272561;0.0;0.0;0.0;0.12183724491496628;0.0;0.0;0.0;0.0;0.0;0.0;0.0;0.0;0.0;0.0;0.5252125866313679;0.0;0.0;0.0;0.0;0.0;0.5824313556887573;0.479624767798086;0.0;0.0;1.0;0.134623924971835;0.0;0.0;0.0;0.0;0.0;0.0;0.12250520970454579;0.0;0.0;0.0;0.0;0.0;0.0;0.0;0.0;0.0;0.0;0.0;0.0;0.4464321067056998;0.0;0.0;0.0;0.3607681457815214;0.0;0.0;0.0;0.0;0.1370578127001223;0.8792167072963967;0.0;0.0;0.2220273236203909;0.3838948461130968;0.15801339108132378;0.0;0.5593127424687634;0.0;0.0;0.0;0.0;0.0;0.0;0.340839369868915;0.0;0.0;0.0;0.4675279714997336;0.0;0.0;0.0;0.0;0.0;0.0
GO:0010501;0.0;0.0;0.02288260811661179;0.31022991323265825;0.0;0.0;0.0;0.023167227161864604;0.1263426584525642;0.0;0.0;0.0;0.24973724043102205;0.0203398303777047;0.0;0.0;0.0;0.0;0.0;0.0;0.033565991919994605;0.0;0.0;0.21200476117560446;0.0;0.030059343761766655;0.0;0.0;0.028762168876048218;0.16774483221233635;0.10458334132791779;0.0;0.0;0.134623924971835;1.0;0.02482301300934268;0.0;0.0;0.0;0.0;0.0;0.25091160299975934;0.020605974847087632;0.0;0.0;0.0;0.0;0.02557689276534749;0.0;0.0;0.0;0.0;0.0;0.0;0.10711434510604141;0.021390160356200373;0.0;0.0;0.09539720886324929;0.02194013348914372;0.024133958030584546;0.0;0.022641653103328153;0.14262616244825982;0.12102838260504442;0.0;0.0;0.407632765840839;0.16161504640974028;0.16058960636440392;0.0;0.22062091318166133;0.0;0.0;0.0;0.023167227161864604;0.0;0.0239508132967792;0.10628071455039027;0.0;0.0;0.025339068996476647;0.10231103084543555;0.0;0.02426280689616606;0.0;0.024044118941487464;0.0;0.024133958030584546
GO:0001837;0.0;0.0;0.3649887138742314;0.028436163244479912;0.0;0.0;0.0;0.023801459636255753;0.025291846625367116;0.0;0.0;0.0;0.022746241775242926;0.020827074288089328;0.0;0.0;0.0;0.0;0.0;0.0;0.03491392711709243;0.0;0.0;0.0;0.0;0.0311358358725541;0.0;0.0;0.4619792085019325;0.02980505402641619;0.022746241775242926;0.0;0.0;0.0;0.02482301300934268;1.0;0.0;0.0;0.0;0.0;0.0;0.022856015435949797;0.27173987092855245;0.0;0.0;0.0;0.0;0.026352129467078548;0.0;0.0;0.0;0.20179141394628816;0.0;0.0;0.021348120299372372;0.02192969260898353;0.0;0.0;0.020827074288089328;0.022508135151639904;0.02482301300934268;0.0;0.02324705947286056;0.02521251911030107;0.026431675479201756;0.0;0.0;0.037751938524005275;0.0;0.028492043237115558;0.0;0.026010507593517997;0.0;0.0;0.0;0.023801459636255753;0.0;0.024629302924172185;0.0;0.0;0.0;0.40534668410538865;0.022239386255313888;0.0;0.0249593452863599;0.0;0.024727980747086084;0.0;0.02482301300934268
