;GO:0045408;GO:0014066;GO:0051928;GO:0032570;GO:0045762;GO:0060644;GO:0051090;GO:0000188;GO:0000187;GO:0002634;GO:0046580;GO:0030308;GO:0000060;GO:0007264;GO:0000902;GO:0045930;GO:0042663;GO:0007266;GO:0006974;GO:0009725;GO:0051412;GO:0001953;GO:0002407;GO:0030890;GO:0050727;GO:0071407;GO:0034614;GO:0060420;GO:0035024;GO:0031065;GO:1905049;GO:0008285;GO:0038095;GO:0045666;GO:0051272;GO:0045669;GO:0045944;GO:0001892;GO:0043524;GO:0000165;GO:0034605;GO:0045672;GO:0071277;GO:0045670;GO:0019221;GO:0006816;GO:0071276;GO:2000773;GO:0022617;GO:0048821;GO:0043410;GO:0001661;GO:0001541;GO:1990440;GO:0002467;GO:0006306;GO:0043380;GO:0002903;GO:0032496;GO:0070059;GO:0040036;GO:0007179;GO:0006366;GO:0045600;GO:0006887;GO:0006367;GO:0043547;GO:0030502;GO:0050873;GO:0035914;GO:0051045;GO:0032487;GO:0019722;GO:0032764;GO:2001020;GO:0030183;GO:0007187;GO:0090026;GO:0030182;GO:0060395;GO:0043312;GO:0007221;GO:0006897;GO:0042742;GO:0010629;GO:0031668;GO:0007219;GO:0032870;GO:0048294;GO:0032753;GO:0045629;GO:1903464;GO:0051591;GO:1902895;GO:0045746;GO:1903507;GO:0045747;GO:1901329;GO:0000122;GO:0045591;GO:0071230;GO:0097421;GO:0010951;GO:0035335;GO:0060850;GO:0006351;GO:0007565;GO:1901216;GO:0007204;GO:0071222;GO:0070098;GO:0042130;GO:0070373;GO:0043066;GO:0070374;GO:0043065;GO:0071347;GO:0030036
GO:0045408;1.0;0.07616751831312348;0.06767217443312186;0.0;0.1881988298985422;0.0;0.26307336128237724;0.2720499316798087;0.31250923436843697;0.05615028101693404;0.07215231241751137;0.07993642132070607;0.0;0.08432670266395809;0.0;0.08241780699390043;0.2393445918476802;0.07535656130497771;0.0;0.0;0.0;0.07001571277956971;0.0;0.07117298650018124;0.07567226457646002;0.0;0.0;0.2886119379737868;0.06723521889285847;0.26488158326468625;0.24555146257536356;0.09030009075155482;0.07751153632691903;0.3358599713285424;0.08758000286913077;0.2890109296928816;0.2919634411540625;0.0;0.07832451110526596;0.0839107758465734;0.0;0.27072054902210446;0.0;0.2923586324143209;0.09006023801542805;0.0;0.0;0.06641421610033017;0.0;0.0;0.3499931451654434;0.0;0.0;0.197778601705286;0.0;0.0;0.2505794329990952;0.06508381250634568;0.0;0.06968933554240778;0.06951937510977287;0.07584044373612775;0.0;0.07310388819038618;0.0;0.0;0.06626531054079468;0.2640584366614648;0.0;0.0;0.2503352644042253;0.05935430562821362;0.07851523253888017;0.414257776060425;0.08058239008367911;0.0;0.08186926287813014;0.06697473644713542;0.0;0.07300458338152635;0.0;0.20475791009141214;0.0;0.0;0.21940619420154547;0.0;0.07745778333864552;0.0;0.23497213813600426;0.48647462955588366;0.2393445918476802;0.17690546728841652;0.0;0.20906761111891142;0.07047506265307596;0.2941072019013974;0.07192094945161555;0.23497213813600426;0.28226941148436996;0.25765414018068306;0.0;0.0;0.32607476333572943;0.0;0.20392270460451534;0.0;0.0;0.07513888862889481;0.06381085852635004;0.0;0.07460373518519356;0.07300458338152635;0.2910041387746289;0.09307169330174879;0.32428265402946493;0.08930664049508556;0.0;0.0
GO:0014066;0.07616751831312348;1.0;0.07995054811055968;0.0;0.07245592287752407;0.0;0.103905399816622;0.388161625166483;0.456705765417153;0.22829591379529987;0.4103473903566134;0.0951218462445881;0.0;0.10140414384269468;0.0;0.09865639542858036;0.06876122013927939;0.08870647183612436;0.0;0.0;0.0;0.0813974419609267;0.0;0.08296576331979322;0.32412518388217665;0.0;0.0;0.07508964347440708;0.37804530982553297;0.07731624082132081;0.07087533591297598;0.11016763504625578;0.28631697224320635;0.10214545410282769;0.1061456003014003;0.08546526323655852;0.11800517695326974;0.0;0.09284805016992369;0.10080329600489767;0.0;0.07920097733371448;0.0;0.08662650125354296;0.10981083686841281;0.0;0.0;0.23905653668651639;0.0;0.0;0.5232451065610185;0.0;0.0;0.07428986825627698;0.0;0.0;0.2262114644364616;0.07480721976339993;0.0;0.08095666247310736;0.301771201860043;0.0893777501865566;0.0;0.08560139207488268;0.0;0.0;0.08006924117856823;0.06771967801933994;0.0;0.0;0.07245592287752407;0.32777407782321016;0.09311618043011739;0.2042606502358579;0.2998359131211938;0.0;0.09787142950917735;0.2413856502866859;0.0;0.08546526323655852;0.0;0.07731624082132081;0.0;0.0;0.10892098274540392;0.0;0.09163258455582825;0.0;0.210227195644156;0.06918834607704163;0.21467639478468856;0.06542503916533039;0.0;0.07920097733371448;0.30659919364735655;0.11907769182949203;0.31394450883712993;0.06733613396782356;0.11320127529812983;0.07480721976339993;0.0;0.0;0.09869865807984965;0.0;0.0769524014851038;0.0;0.0;0.08840499760244294;0.07651312944152533;0.0;0.08766512548503577;0.08546526323655852;0.41986412623958624;0.11432105058762272;0.4772808128532631;0.10869251336992056;0.0;0.0
GO:0051928;0.06767217443312186;0.07995054811055968;1.0;0.0;0.1760921345713928;0.0;0.09264004834812262;0.07087973883069369;0.22863686971793928;0.06494283279061894;0.07497401102816727;0.08471472755503044;0.0;0.09038139579652835;0.0;0.08790180425633227;0.06103498684764953;0.07893729503199635;0.0;0.0;0.0;0.07236646038915277;0.0;0.2019017736083455;0.09256097185596726;0.0;0.0;0.07589778795393727;0.06901438444309059;0.18801940925211458;0.06292829891176246;0.0983011630583628;0.08163902645341624;0.2491792349587729;0.4427358446773594;0.2080500161023356;0.28844655017768484;0.0;0.08266596602716399;0.08983903848453266;0.0;0.19264850563395342;0.0;0.07706616321522132;0.09797837342803938;0.0;0.0;0.068033413967005;0.0;0.0;0.2624008178295024;0.0;0.0;0.1805909415275881;0.0;0.0;0.06434446387291688;0.06645220834796725;0.0;0.0719705857461678;0.07176468933161423;0.07954138356300842;0.0;0.20838497564540198;0.0;0.0;0.0811251899214207;0.06837627697015922;0.0;0.0;0.06434446387291688;0.05975930878539634;0.08290749861759934;0.05804929401101521;0.08554050821854618;0.0;0.08719376046849521;0.3213164241034798;0.0;0.07602194599685022;0.0;0.18801940925211458;0.0;0.0;0.11062967174968162;0.0;0.08157127578745385;0.0;0.05975930878539634;0.1912245370739122;0.06103498684764953;0.05804929401101521;0.0;0.19264850563395342;0.07292471456172996;0.10637141158472979;0.20440569757883983;0.05975930878539634;0.10104682688128953;0.18186041985038326;0.0;0.0;0.0879399293958414;0.0;0.06837627697015922;0.0;0.0;0.21528610535045384;0.07747680100562626;0.0;0.07800038196236057;0.07602194599685022;0.07673171999933363;0.10206083738476457;0.2390647775237632;0.2653700961370365;0.0;0.0
GO:0032570;0.0;0.0;0.0;1.0;0.0;0.0;0.0;0.0;0.0;0.0;0.0;0.0;0.0;0.0;0.0;0.0;0.0;0.0;0.24754360581668597;0.6945036762106968;0.7107870285843421;0.0;0.0;0.0;0.0;0.6321323109509583;0.4625300924368538;0.0;0.0;0.0;0.0;0.0;0.0;0.0;0.0;0.0;0.0;0.0;0.0;0.0;0.19513273175399054;0.0;0.3316490245904421;0.0;0.0;0.0;0.31261573019464406;0.0;0.0;0.0;0.0;0.0;0.0;0.17045573299960617;0.1665403337636045;0.0;0.0;0.0;0.6171324602260962;0.18457391919498622;0.0;0.0;0.0;0.0;0.0;0.0;0.0;0.0;0.0;0.0;0.0;0.0;0.0;0.0;0.0;0.0;0.0;0.0;0.0;0.0;0.0;0.0;0.0;0.2266387989841505;0.0;0.2198763227533355;0.0;0.6482686118483872;0.0;0.0;0.0;0.0;0.5606542852506112;0.0;0.0;0.0;0.0;0.0;0.0;0.0;0.48717082090940195;0.0;0.0;0.0;0.0;0.0;0.0;0.0;0.0;0.5776952644694587;0.0;0.0;0.0;0.0;0.0;0.0;0.3697073162303053;0.0
GO:0045762;0.1881988298985422;0.07245592287752407;0.1760921345713928;0.0;1.0;0.0;0.29832827581278737;0.32484979601860353;0.4437606718052049;0.05383991633304158;0.06881314205750791;0.07585825901243674;0.0;0.0798009569177313;0.0;0.07808938126356603;0.05809653937669278;0.07172169412910703;0.0;0.0;0.0;0.06686706065219274;0.0;0.18125856427976023;0.07153530397643307;0.0;0.0;0.0611582017067211;0.06432648765024365;0.2436023267913594;0.2595864331446775;0.08513011685693718;0.0736711011413855;0.214182956469665;0.22071861528458894;0.18570484654511268;0.44033765080873766;0.0;0.07440512989911237;0.07942837835552166;0.0;0.17446905387832537;0.0;0.07035584776052142;0.08491691017435055;0.0;0.0;0.06357458753706137;0.0;0.0;0.493997616662591;0.0;0.0;0.30421115248569325;0.0;0.0;0.06071224327234147;0.06235447317662384;0.0;0.0665693157398131;0.06641421610033017;0.07215988597727828;0.0;0.18594561497070083;0.0;0.0;0.440939916483531;0.05617858380794982;0.0;0.0;0.13845751532972753;0.05707594597774237;0.07457722042450261;0.04901441689918224;0.07643975784245786;0.0;0.0775967689697932;0.17102757899503054;0.0;0.0695879295749403;0.0;0.31448360233207634;0.0;0.0;0.19064538178613558;0.0;0.07362254108662455;0.0;0.17214621023909063;0.15650038010412864;0.05809653937669278;0.16798692541418936;0.0;0.3208117479153414;0.06728590139753303;0.2725171063690398;0.18307553956713718;0.05707594597774237;0.26218959416956733;0.16640138517407832;0.0;0.0;0.34024004115467327;0.0;0.19254064752891722;0.0;0.0;0.1908728122823684;0.060432314440127324;0.0;0.07103941365552983;0.0695879295749403;0.34641548210577167;0.08758911684772969;0.45960510693825707;0.2248235276592469;0.0;0.0
GO:0060644;0.0;0.0;0.0;0.0;0.0;1.0;0.0;0.0;0.0;0.0;0.0;0.0;0.0;0.026199608115459412;0.32528172582397935;0.0;0.0;0.02338424971167419;0.028413870126491887;0.0;0.0;0.0;0.020759707699946048;0.0;0.0;0.026458535949837988;0.0238858231549749;0.0;0.0;0.0;0.0;0.0;0.02405998399925563;0.0;0.0;0.0;0.0;0.18489082595678208;0.0;0.026068914560883075;0.02276899765406057;0.0;0.023197499151391014;0.0;0.028002715479025376;0.0;0.021945333341465364;0.0;0.02270896340006681;0.2683276573843147;0.0;0.0;0.1942901920983713;0.020045915875616153;0.17396775290999428;0.02227054864763159;0.0;0.0;0.0;0.021609059926712387;0.0;0.02353594614734674;0.02805322836159505;0.0;0.028417632362912986;0.02480839246240189;0.0;0.0;0.33305205864828485;0.34866730287985126;0.0;0.0;0.024374846985172706;0.0;0.0;0.36552920450988907;0.02542763873878475;0.0;0.3967105751678507;0.0226471908366008;0.027222376406745394;0.0;0.0;0.0;0.0;0.025457110006258353;0.024043123913043942;0.026346244998467185;0.0;0.0;0.0;0.0;0.0;0.0;0.0;0.0;0.0;0.0;0.0;0.0;0.022827397973970726;0.19304508392534897;0.0;0.02367828058242477;0.0;0.032148284253497694;0.0;0.0;0.025822754070076257;0.024476228226528937;0.023148279301736893;0.0;0.0;0.0;0.0;0.0;0.023173025003508787;0.026288463719501012
GO:0051090;0.26307336128237724;0.103905399816622;0.09264004834812262;0.0;0.29832827581278737;0.0;1.0;0.33242662828906994;0.4008007754830983;0.07232386265343549;0.09657401265232007;0.11104787647769565;0.0;0.11970567617789077;0.0;0.1158952258061741;0.07671433195896371;0.10240207158442168;0.0;0.0;0.0;0.09278425076790299;0.0;0.09482756062990001;0.10831623167653442;0.0;0.0;0.08617605369463514;0.08796358740312675;0.19959008575254872;0.2910417749839552;0.13211141123112644;0.1064227375342367;0.12074008324745657;0.12636929867915636;0.09810699646207573;0.475417469256047;0.0;0.1079613015556208;0.11886926775244545;0.0;0.0899410017257915;0.0;0.09964025591569038;0.13159865001862817;0.0;0.0;0.08656359722547347;0.0;0.0;0.29255662266975263;0.0;0.0;0.2770829704865465;0.0;0.0;0.08134190047958982;0.08431712799748843;0.0;0.09221195633047002;0.09191462034182356;0.10329767804582882;0.0;0.0982864174161031;0.0;0.0;0.4539453057045055;0.07660785020710875;0.0;0.0;0.18550455106857766;0.07494476427479244;0.10832399580679866;0.06387623136078721;0.11229845425797998;0.0;0.11481347301045638;0.08751826733347808;0.0;0.09810699646207573;0.0;0.289860021209492;0.0;0.0;0.43189375598913476;0.0;0.10632143356698873;0.0;0.22604018078296287;0.07849270717302842;0.07671433195896371;0.22484269191908246;0.0;0.297884104223671;0.09359265513172917;0.48010459316125575;0.0961599721923948;0.07494476427479244;0.45208057277405767;0.08431712799748843;0.0;0.0;0.42526942802681844;0.0;0.28831695119886785;0.0;0.0;0.10200053117925784;0.09004513131564035;0.0;0.1010168614882304;0.09810699646207573;0.2261135869658936;0.13812940339569793;0.2623988369102255;0.12999576176866556;0.0;0.0
GO:0000188;0.2720499316798087;0.388161625166483;0.07087973883069369;0.0;0.32484979601860353;0.0;0.33242662828906994;1.0;0.7006212932514628;0.20697657175780498;0.569316554572424;0.2428649498870866;0.0;0.08872993000731082;0.0;0.2507882552106169;0.06268922183041602;0.07885341473048998;0.0;0.0;0.0;0.2114282988866761;0.0;0.07428433217371856;0.28277244053100026;0.0;0.0;0.0670327178897527;0.5289199433658892;0.3417149286462746;0.42368968192312767;0.27611926916124524;0.2535614325580167;0.08929699422590882;0.09233912166371296;0.07628181389417024;0.23075917647320118;0.0;0.23773096148160933;0.08826955140954015;0.0;0.07125181014331403;0.0;0.0772055552749534;0.09510048322303165;0.0;0.0;0.3618405430092731;0.0;0.0;0.6360478686859311;0.0;0.0;0.15337215313254507;0.0;0.0;0.20526179373794326;0.19594217703737227;0.0;0.07266960101062991;0.2709591940188044;0.0793834053052134;0.0;0.07639024117564523;0.0;0.0;0.3961174323193292;0.18598044853448986;0.0;0.0;0.4015626653213026;0.2993777078623676;0.08231877869728456;0.31361706621703145;0.2641071285261553;0.0;0.08601328701296464;0.2176783965284799;0.0;0.07628181389417024;0.0;0.15900649504951225;0.0;0.0;0.4339598882243273;0.0;0.08115715289806069;0.0;0.32198431693859736;0.062289874395916864;0.32819696813026;0.2574030632706993;0.0;0.16249356082816777;0.422600918892088;0.4381688967484881;0.2807332689612633;0.06150253728872775;0.41951933366387334;0.06767585792175514;0.0;0.0;0.5697145538198799;0.0;0.15833141008820123;0.0;0.0;0.07861510346524063;0.06709299360331948;0.0;0.07802948104606024;0.22085903513871188;0.7748213562847153;0.2850853490723736;0.5869549513578879;0.09426056811265225;0.0;0.0
GO:0000187;0.31250923436843697;0.456705765417153;0.22863686971793928;0.0;0.4437606718052049;0.0;0.4008007754830983;0.7006212932514628;1.0;0.2364838867557612;0.4274076225948168;0.09960819214111344;0.0;0.1065185890898199;0.0;0.10349081660095388;0.07107530748439055;0.09259570120619993;0.0;0.0;0.0;0.08466037663193991;0.0;0.230458769406905;0.34088208312135043;0.0;0.0;0.0782511606755434;0.3924780994721925;0.46621440036537637;0.3194229576545205;0.11623070124852675;0.29931421224452204;0.28644300956456215;0.29825410442264366;0.23769459002231552;0.47509036842661834;0.0;0.09711766240262013;0.10585580184960743;0.0;0.21959364931426853;0.0;0.09033167219743422;0.11583362044816504;0.0;0.0;0.24804977641199835;0.0;0.0;0.8464927576438536;0.0;0.0;0.29267533063546913;0.0;0.0;0.23424796816862842;0.07755427034540745;0.0;0.08418365375759061;0.31376460107501064;0.09332737549500858;0.0;0.2380891829666902;0.0;0.0;0.5930141678480993;0.07028046975117784;0.0;0.0;0.31214572422480413;0.33856882743946143;0.09741105852633085;0.21079064370717987;0.3141201193023965;0.0;0.10262737166554936;0.35370679996977084;0.0;0.08906969687944588;0.0;0.30505121796724255;0.0;0.0;0.29067502558492025;0.0;0.09578864036554277;0.0;0.21715071429021973;0.19666985773212825;0.22190110556583936;0.15397523125692447;0.0;0.3127771803582389;0.3189873008401843;0.2877894600811371;0.4583807063791829;0.06955374895170603;0.2727828519877218;0.2069641094566856;0.0;0.0;0.4509653292857383;0.0;0.18213029977930154;0.0;0.0;0.24622772397191003;0.08030308815973969;0.0;0.09146162362270946;0.08906969687944588;0.6126825054759083;0.12086347492862959;0.768512540215783;0.3057988650994186;0.0;0.0
GO:0002634;0.05615028101693404;0.22829591379529987;0.06494283279061894;0.0;0.05383991633304158;0.0;0.07232386265343549;0.20697657175780498;0.2364838867557612;1.0;0.2167177506663573;0.06740111205678219;0.0;0.07093983928030155;0.0;0.0694031962711813;0.36070957746964666;0.06369219596769943;0.0;0.0;0.0;0.059344420729346724;0.0;0.3604975785073622;0.2564130132974563;0.0;0.0;0.2991794990616072;0.20247215963882503;0.05685794151638186;0.05284482373404034;0.07572862012811633;0.4529367918713792;0.34598721950771594;0.07355166421411163;0.29957723090436394;0.07987232133679761;0.0;0.06609776644875254;0.07060528332826072;0.0;0.346882033464456;0.0;0.3735319188471464;0.07553690784506008;0.0;0.0;0.2734806225483805;0.0;0.0;0.2635403625562933;0.0;0.0;0.05498608190750778;0.0;0.0;0.37265028656548327;0.05530778776722128;0.0;0.059077937100524315;0.2090988922680916;0.06408490162155012;0.0;0.2999690767351793;0.0;0.0;0.06327986028554038;0.2746221807367795;0.0;0.0;0.05383991633304158;0.1794852374191065;0.06625209332682176;0.3416487292644961;0.24097036608168546;0.0;0.06896105577658324;0.3399839315717309;0.0;0.06178055058657659;0.0;0.05685794151638186;0.0;0.0;0.08284047507052784;0.0;0.06539604378062;0.0;0.5965958117884336;0.05765773252029837;0.3564767528545829;0.04936086100569289;0.0;0.05801156037177137;0.21186678002358436;0.08042949528185743;0.21604910748713016;0.24532270784377538;0.077347719796419;0.3307147362381569;0.0;0.0;0.06942696112611209;0.0;0.05663417569481726;0.0;0.0;0.06351547375747503;0.061037845721891144;0.0;0.06308082624997637;0.3694188344303451;0.2208395284492608;0.0779404692710408;0.24501102419534282;0.07493425183890903;0.0;0.0
GO:0046580;0.07215231241751137;0.4103473903566134;0.07497401102816727;0.0;0.06881314205750791;0.0;0.09657401265232007;0.569316554572424;0.4274076225948168;0.2167177506663573;1.0;0.2575103748879207;0.0;0.09440959664423562;0.0;0.2664356459483047;0.06547204325562081;0.08330731195636878;0.0;0.0;0.0;0.22244170720721637;0.0;0.07822413567057386;0.30127337563302053;0.0;0.0;0.07068317043925014;0.925507967944303;0.07318229739012619;0.19510273377853585;0.29520753898137125;0.26833755571622986;0.09505184344724216;0.09850629702697307;0.08044227959096657;0.1086387573420071;0.0;0.25174587819697203;0.09388856641930586;0.0;0.07486867790791592;0.0;0.08147021078595885;0.1016551186361573;0.0;0.0;0.37963042712388617;0.0;0.0;0.48514403372135595;0.0;0.0;0.0704652144839421;0.0;0.0;0.21483849793226253;0.20536535777342707;0.0;0.07643564396721529;0.28496388079792473;0.083899089231953;0.0;0.08056286616433941;0.0;0.0;0.07439938964123731;0.195167383244237;0.0;0.0;0.19923496025893275;0.6025937746954151;0.08718482673679402;0.3268941187607297;0.2801768448274973;0.0;0.09134004975343377;0.22847924649898244;0.0;0.08044227959096657;0.0;0.07318229739012619;0.0;0.0;0.3040619030048364;0.0;0.08588289530121977;0.0;0.33599510447896647;0.0654299332662288;0.3427658769144653;0.1807838289300811;0.0;0.07486867790791592;0.4447729943916501;0.31717219630761;0.2957946168661108;0.0641787514327549;0.30271558273321403;0.07093050095117616;0.0;0.0;0.2665421054034642;0.0;0.07285624337220238;0.0;0.0;0.08304136460115323;0.07131938967838833;0.0;0.08238821516362005;0.2329048477985544;0.6130580671689452;0.3054791853505969;0.44537559423644263;0.10069601802814045;0.0;0.0
GO:0030308;0.07993642132070607;0.0951218462445881;0.08471472755503044;0.0;0.07585825901243674;0.0;0.11104787647769565;0.2428649498870866;0.09960819214111344;0.06740111205678219;0.2575103748879207;1.0;0.0;0.1081956476342252;0.0;0.3042187956512201;0.07181809683211847;0.09386039748712799;0.0;0.0;0.0;0.24817491254910964;0.0;0.08745730525606663;0.09763639886458685;0.0;0.0;0.6355409964173794;0.2362157130943346;0.3465130365764594;0.21462169808555423;0.34231292035828365;0.09722725901331235;0.1090399944628679;0.11361044381369498;0.0902393005492165;0.12730435990399377;0.0;0.28521589077952114;0.10751189286843668;0.0;0.08328410656874215;0.0;0.0915348773451598;0.1178195554858163;0.0;0.0;0.23272476029804617;0.0;0.0;0.11515499499107054;0.0;0.0;0.07787087463705278;0.0;0.0;0.07585825901243674;0.22710617790136428;0.0;0.08522770446005672;0.08497364190120979;0.09461227621218267;0.0;0.09039107579752856;0.0;0.0;0.08559597231824743;0.21645072216593655;0.0;0.0;0.2196327150273714;0.07026491678886405;0.0988117087658596;0.1826581398946358;0.10210817345668158;0.0;0.10418324455171422;0.08120258292629869;0.0;0.0902393005492165;0.0;0.08120258292629869;0.0;0.0;0.359068204038997;0.0;0.09714269815004799;0.0;0.2034382893361741;0.07272784183691189;0.2079352176109236;0.19742071695363048;0.0;0.08328410656874215;0.25017115630386394;0.3722013512304275;0.08858941204819289;0.07026491678886405;0.3524493396258868;0.07843949506529221;0.0;0.0;0.3043575978282751;0.0;0.08080134205865616;0.0;0.0;0.09352294034937264;0.0815444213609254;0.0;0.09269532418267269;0.261270201027762;0.26381938573494795;0.35620124021309446;0.10438560151480208;0.11653311601404295;0.0;0.0
GO:0000060;0.0;0.0;0.0;0.0;0.0;0.0;0.0;0.0;0.0;0.0;0.0;0.0;1.0;0.0;0.0;0.0;0.0;0.0;0.0;0.0;0.0;0.0;0.0;0.0;0.0;0.0;0.0;0.0;0.0;0.0;0.0;0.0;0.0;0.0;0.0;0.0;0.0;0.0;0.0;0.0;0.0;0.0;0.0;0.0;0.0;0.2671649444188855;0.0;0.0;0.0;0.0;0.0;0.0;0.0;0.0;0.0;0.0;0.0;0.0;0.0;0.0;0.0;0.0;0.0;0.0;0.29925328865753914;0.0;0.0;0.0;0.0;0.0;0.0;0.0;0.0;0.0;0.0;0.0;0.0;0.0;0.0;0.0;0.28604153119699616;0.0;0.28662970875998084;0.0;0.0;0.0;0.0;0.0;0.0;0.0;0.0;0.0;0.0;0.0;0.0;0.0;0.0;0.0;0.0;0.0;0.0;0.0;0.0;0.0;0.0;0.0;0.0;0.0;0.0;0.0;0.0;0.0;0.0;0.0;0.0;0.0;0.0;0.0
GO:0007264;0.08432670266395809;0.10140414384269468;0.09038139579652835;0.0;0.0798009569177313;0.026199608115459412;0.11970567617789077;0.08872993000731082;0.1065185890898199;0.07093983928030155;0.09440959664423562;0.1081956476342252;0.0;1.0;0.03403687996536424;0.11279203627389957;0.0753422519930708;0.8588793045504366;0.040010758054994836;0.0;0.0;0.0907846152554;0.026336974281338688;0.09273987358223255;0.10524119070217726;0.036239519530953605;0.031580573047366355;0.08421827078151188;0.08616432404125486;0.08573699112358663;0.07788790182509953;0.12809411526543749;0.2749099491286057;0.1173757864318937;0.12268876588548025;0.09587411500789164;0.13881392297724873;0.0;0.10526349857353356;0.5938329683676452;0.029657250642672606;0.0880607990747962;0.030388399798675032;0.09733785512919314;0.33797392655545444;0.0;0.028274967058945343;0.08482058325299797;0.02955547899976528;0.026468243829228168;0.12449198058903335;0.0;0.0;0.08203129438236803;0.0;0.028817156571515252;0.0798009569177313;0.08266254373530744;0.0;0.46351425308914135;0.0899518963128542;0.2670305508037866;0.03929934010415258;0.09604545465230604;0.04001821845873638;0.033213610956229975;0.09229917784582131;0.07505676824434147;0.027449465552065424;0.029118717909994967;0.0798009569177313;0.07363471323483578;0.5424728834344621;0.06279422307085425;0.1093824657630768;0.030971834964854807;0.2960097086640688;0.08573699112358663;0.03454489740899092;0.25391772872195606;0.03768794343479293;0.08573699112358663;0.0;0.0;0.12924138322512685;0.034386765819953084;0.27465470424441435;0.036029191491563965;0.07363471323483578;0.07686517148703256;0.0753422519930708;0.07135542291434897;0.0;0.0880607990747962;0.09155840521984068;0.1403004193487162;0.09401386913177384;0.07363471323483578;0.13221380700835736;0.08266254373530744;0.029756408309726985;0.0;0.11284728086743732;0.031218786145571734;0.08528981136713991;0.047835313898171576;0.0;0.0995890800089211;0.0876056061933026;0.03262092837541844;0.2612725852300461;0.09587411500789164;0.09686856538142943;0.13374385124949714;0.11200010443530797;0.12610420751960613;0.030346414340500942;0.03592122007154921
GO:0000902;0.0;0.0;0.0;0.0;0.0;0.32528172582397935;0.0;0.0;0.0;0.0;0.0;0.0;0.0;0.03403687996536424;1.0;0.0;0.0;0.029433222423212686;0.037870947287076566;0.0;0.0;0.0;0.025392555300297933;0.0;0.0;0.03447518297951672;0.03023228287441748;0.0;0.0;0.0;0.0;0.0;0.030511829442666557;0.0;0.0;0.0;0.0;0.22635029873912804;0.0;0.03381662967451884;0.028465087130598074;0.0;0.02913796936775613;0.0;0.037144054858210235;0.0;0.027189309870392964;0.0;0.2397598590285252;0.3284968039631506;0.0;0.0;0.2406001137868639;0.024332759481372344;0.2101933009995775;0.027690293602836823;0.0;0.0;0.0;0.026675009025855557;0.0;0.029673954249139652;0.037232982401569865;0.0;0.0378776309844572;0.03172555997326058;0.0;0.0;0.3402202792093732;0.3600925298391294;0.0;0.0;0.031019982061107086;0.0;0.0;0.3820485288303118;0.03274536677225903;0.0;0.4240733813825844;0.028274967058945343;0.03578346003467019;0.0;0.0;0.0;0.0;0.03279425804590141;0.03048471978599397;0.034284782427332454;0.0;0.0;0.0;0.0;0.0;0.0;0.0;0.0;0.0;0.0;0.0;0.0;0.028556420860710956;0.23869362564011615;0.0;0.02990056629632501;0.0;0.04480839727283152;0.0;0.0;0.033403566947749735;0.031184362305689675;0.029060355271797098;0.0;0.0;0.0;0.0;0.0;0.029099365884837;0.28890689614997217
GO:0045930;0.08241780699390043;0.09865639542858036;0.08790180425633227;0.0;0.07808938126356603;0.0;0.1158952258061741;0.2507882552106169;0.10349081660095388;0.0694031962711813;0.2664356459483047;0.3042187956512201;0.0;0.11279203627389957;0.0;1.0;0.07381476383763018;0.09730012714841763;0.0;0.0;0.0;0.2564543790290001;0.0;0.09043628336774923;0.10189431920820202;0.0;0.0;0.08206128178899133;0.24370441486920746;0.08376445917322527;0.22078593593209211;0.35826671927758913;0.10092304577719201;0.11370995065308112;0.1186892074424278;0.09341425417061451;0.13371578341173765;0.0;0.29620599781834983;0.11204915214647708;0.0;0.08598118818068898;0.0;0.09480330281601591;0.12329067398320916;0.0;0.0;0.23999034753800924;0.0;0.0;0.12037596347353467;0.0;0.0;0.08022379244060852;0.0;0.0;0.07808938126356603;0.23401996847913067;0.0;0.08805427448372537;0.08778310735812626;0.0981083615784736;0.0;0.09357690695916251;0.0;0.0;0.08934844630803336;0.22324476648067534;0.0;0.0;0.22609249203719137;0.07217500702980206;0.10263129877839766;0.18747279673370892;0.10619213236462045;0.0;0.10843833946189715;0.08376445917322527;0.0;0.09341425417061451;0.0;0.08376445917322527;0.0;0.0;0.37815971314438485;0.0;0.10083193711641307;0.0;0.20896858110698477;0.07506436628939421;0.21371617542797833;0.6396897436195237;0.0;0.08598118818068898;0.25858661179041637;0.39113979573179375;0.09164736148523632;0.07217500702980206;0.3693853341744806;0.08082742764783388;0.0;0.0;0.3169048127774227;0.0;0.08333756782470385;0.0;0.0;0.09693753079019957;0.0849430153515715;0.0;0.09604866483855291;0.2704626567080236;0.2731953146759994;0.3735085818935282;0.10865758086191465;0.12188269909949447;0.0;0.0
GO:0042663;0.2393445918476802;0.06876122013927939;0.06103498684764953;0.0;0.05809653937669278;0.0;0.07671433195896371;0.06268922183041602;0.07107530748439055;0.36070957746964666;0.06547204325562081;0.07181809683211847;0.0;0.0753422519930708;0.0;0.07381476383763018;1.0;0.06809962056088802;0.0;0.0;0.0;0.06370792878581515;0.0;0.06466465089510713;0.06746816816962259;0.0;0.0;0.31931037339433443;0.06139759641738171;0.06118030945748724;0.05707594597774237;0.0800748794215754;0.06985469323827521;0.38196165502154794;0.07792861587242146;0.33366765560291783;0.08413656066341083;0.0;0.07051430111061184;0.0750100577023631;0.0;0.3144131168436954;0.0;0.3371671651251159;0.07988621433706766;0.0;0.0;0.25907530297111303;0.0;0.0;0.07865223375268801;0.0;0.0;0.05926972323512158;0.0;0.0;0.29294312168299;0.05959856069666081;0.0;0.06343759630592836;0.06329673112888025;0.06849454919210259;0.0;0.33407900411163494;0.0;0.0;0.05905610080256173;0.29448669629582924;0.0;0.0;0.05809653937669278;0.054758207775648764;0.07066884544573486;0.21174720915260087;0.07233909190525115;0.0;0.07337445465055234;0.06118030945748724;0.0;0.06617303721314609;0.0;0.06118030945748724;0.0;0.0;0.07658562116260192;0.0;0.06981103252214887;0.0;0.26456052992462437;0.24542459959577087;0.28084336953790556;0.05348765461158716;0.0;0.06235447317662384;0.06408801570823591;0.08468036079853447;0.06528148223165983;0.27611008324533154;0.08166560105784909;0.30051683982569855;0.0;0.0;0.07383842008629447;0.0;0.060952265659301896;0.0;0.0;0.0679218040919067;0.05709876559018886;0.0;0.06748421709113606;0.06617303721314609;0.06664526249056335;0.08224678208888833;0.07347476893782073;0.07929270481406911;0.0;0.0
GO:0007266;0.07535656130497771;0.08870647183612436;0.07893729503199635;0.0;0.07172169412910703;0.02338424971167419;0.10240207158442168;0.07885341473048998;0.09259570120619993;0.06369219596769943;0.08330731195636878;0.09386039748712799;0.0;0.8588793045504366;0.029433222423212686;0.09730012714841763;0.06809962056088802;1.0;0.033796806062666544;0.0;0.0;0.08047197194295247;0.023493618260426462;0.08200449741682528;0.09004107740985044;0.031066029303977827;0.027578330275334163;0.07419516500040657;0.07682063313575468;0.0764807725723584;0.07017263604069093;0.10847911158400583;0.23977666047418558;0.1006922650847589;0.10457723898363099;0.08444556090447333;0.11606996793965318;0.0;0.09164580693867025;0.5105204250915242;0.026100199071931694;0.07832451110526596;0.0266648103952334;0.08557907056804948;0.2863851598007202;0.0;0.025023591056221185;0.07575071298434458;0.02602134367284754;0.02359801775940709;0.10588452595769753;0.0;0.0;0.07351819864341962;0.0;0.0254473214225498;0.07172169412910703;0.07402482157388071;0.0;0.411143428555316;0.07981701015540076;0.23376049636132282;0.033287799331006354;0.08457845823742086;0.033802128952951635;0.028815574445177267;0.0789063648141569;0.0669913154212903;0.024374846985172702;0.025682190818446245;0.07172169412910703;0.0667015471606305;0.47209440791904794;0.05704802377341861;0.094752261509474;0.02711297075489074;0.25567205307384905;0.0764807725723584;0.029812344361359787;0.2236497830905716;0.03212438432269164;0.0764807725723584;0.0;0.0;0.10704897216433816;0.029694498179487668;0.23958246393714705;0.03091133875241281;0.0667015471606305;0.06842822552793895;0.06809962056088802;0.06482580186057778;0.0;0.07832451110526596;0.08107936186497713;0.11710743951426332;0.08299903268139489;0.0667015471606305;0.11141923126693044;0.07402482157388071;0.026176966686091197;0.0;0.09734123554226029;0.027302031000974312;0.07612473583885188;0.03921511030038382;0.0;0.08731438733761956;0.07545056746556504;0.028368405170515035;0.22933606215070199;0.08444556090447333;0.08521610479750776;0.11250385956863643;0.09671022937102312;0.10704856775666152;0.026632478306354058;0.030831829014691996
GO:0006974;0.0;0.0;0.0;0.24754360581668597;0.0;0.028413870126491887;0.0;0.0;0.0;0.0;0.0;0.0;0.0;0.040010758054994836;0.037870947287076566;0.0;0.0;0.033796806062666544;1.0;0.3584489636841413;0.23337200495833504;0.0;0.028575508121318555;0.0;0.0;0.5290272590552764;0.5932302433867586;0.0;0.0;0.0;0.0;0.0;0.035226703354708344;0.0;0.0;0.0;0.0;0.0;0.0;0.03970675524044153;0.5536058910102055;0.0;0.43512446591017817;0.0;0.04437425301724224;0.0;0.402083939662364;0.0;0.03240415118250665;0.02873010622997902;0.0;0.0;0.0;0.46363452166115565;0.2126306549647932;0.03151877682879167;0.0;0.0;0.31856625452883264;0.5141777868463595;0.0;0.03411459306443993;0.04450122918634819;0.0;0.04542524995179365;0.036854527875843056;0.0;0.0;0.029889869596580233;0.031879885901880525;0.0;0.0;0.035905783108885994;0.0;0.0;0.03411459306443993;0.03823791524396548;0.0;0.03850092075466709;0.03227851977234717;0.0424461657295929;0.0;0.0;0.4897505615913401;0.0;0.49889907779365344;0.03519057302680494;0.5255883378052135;0.0;0.0;0.0;0.0;0.27640945449809146;0.0;0.0;0.0;0.0;0.0;0.0;0.0;0.4251964099738362;0.0;0.0;0.034414446578601335;0.0;0.055770497281736865;0.0;0.0;0.039138476825957356;0.47052654301070357;0.033306107337049536;0.0;0.0;0.0;0.0;0.0;0.43446363727539283;0.040218357376542856
GO:0009725;0.0;0.0;0.0;0.6945036762106968;0.0;0.0;0.0;0.0;0.0;0.0;0.0;0.0;0.0;0.0;0.0;0.0;0.0;0.0;0.3584489636841413;1.0;0.6552177839522173;0.0;0.0;0.0;0.0;0.5972704126667894;0.4603311464935243;0.0;0.0;0.0;0.0;0.0;0.0;0.0;0.0;0.0;0.0;0.0;0.0;0.0;0.25807637179635984;0.0;0.44148827894902676;0.0;0.0;0.0;0.40838906383872986;0.0;0.0;0.0;0.0;0.0;0.0;0.21660348338513252;0.2103201327979733;0.0;0.0;0.0;0.5827633047508906;0.23992387637525744;0.0;0.0;0.0;0.0;0.0;0.0;0.0;0.0;0.0;0.0;0.0;0.0;0.0;0.0;0.0;0.0;0.0;0.0;0.0;0.0;0.0;0.0;0.0;0.31621430164217507;0.0;0.30320336530460046;0.0;0.9068705142298519;0.0;0.0;0.0;0.0;0.506730360503108;0.0;0.0;0.0;0.0;0.0;0.0;0.0;0.6448854157220751;0.0;0.0;0.0;0.0;0.0;0.0;0.0;0.0;0.532199929954993;0.0;0.0;0.0;0.0;0.0;0.0;0.4919677287837848;0.0
GO:0051412;0.0;0.0;0.0;0.7107870285843421;0.0;0.0;0.0;0.0;0.0;0.0;0.0;0.0;0.0;0.0;0.0;0.0;0.0;0.0;0.23337200495833504;0.6552177839522173;1.0;0.0;0.0;0.0;0.0;0.5984832651990594;0.4403460169994497;0.0;0.0;0.0;0.0;0.0;0.0;0.0;0.0;0.0;0.0;0.0;0.0;0.0;0.18621874544285205;0.0;0.3162086748138358;0.0;0.0;0.0;0.2988600121085672;0.0;0.0;0.0;0.0;0.0;0.0;0.16361423596421315;0.16000350123475737;0.0;0.0;0.0;0.5848251804653054;0.17657875783357907;0.0;0.0;0.0;0.0;0.0;0.0;0.0;0.0;0.0;0.0;0.0;0.0;0.0;0.0;0.0;0.0;0.0;0.0;0.0;0.0;0.0;0.0;0.0;0.21470197626509308;0.0;0.20862353304366762;0.0;0.613909963401697;0.0;0.0;0.0;0.0;0.5340244173110757;0.0;0.0;0.0;0.0;0.0;0.0;0.0;0.4648579943563072;0.0;0.0;0.0;0.0;0.0;0.0;0.0;0.0;0.5492901491522466;0.0;0.0;0.0;0.0;0.0;0.0;0.3525135879384179;0.0
GO:0001953;0.07001571277956971;0.0813974419609267;0.07236646038915277;0.0;0.06686706065219274;0.0;0.09278425076790299;0.2114282988866761;0.08466037663193991;0.059344420729346724;0.22244170720721637;0.24817491254910964;0.0;0.0907846152554;0.0;0.2564543790290001;0.06370792878581515;0.08047197194295247;0.0;0.0;0.0;1.0;0.0;0.07571904593212786;0.08159059062143008;0.0;0.0;0.06836092237357154;0.206371098471282;0.0709851905646393;0.18969636596932127;0.2830035299738722;0.08293422834438002;0.09137833399667403;0.09456645782358364;0.07779550913497459;0.10386635487476423;0.0;0.24281644906252592;0.09030272606351691;0.0;0.07257073585711789;0.0;0.07875650562780533;0.09746473172168967;0.0;0.0;0.2037015621352758;0.0;0.0;0.09563416325017064;0.0;0.0;0.06842595255362052;0.0;0.0;0.06686706065219274;0.19938398752695566;0.0;0.07404204325464914;0.07385021798338584;0.08102401931034114;0.0;0.07790828543719962;0.0;0.0;0.07146972631274413;0.18933331904114964;0.0;0.0;0.19360046312865217;0.062482740243255855;0.08408431567961713;0.16296174644604075;0.08645955571423647;0.0;0.0879427138486668;0.0709851905646393;0.0;0.07779550913497459;0.0;0.0709851905646393;0.0;0.0;0.2901336383551622;0.0;0.0828726941570222;0.0;0.18090652304222268;0.06343517045389614;0.5801257639695165;0.1761324452222669;0.0;0.07257073585711789;0.21694399862154645;0.30312776835943633;0.07656617891654538;0.062482740243255855;0.28989638631785575;0.4911232483758688;0.0;0.0;0.25655301000279856;0.0;0.07067837945680996;0.0;0.0;0.08022379244060852;0.06862287522903937;0.0;0.07961405074328606;0.7084075723455836;0.22713370327630078;0.29242990304546196;0.08808685588354685;0.09658272969084195;0.0;0.0
GO:0002407;0.0;0.0;0.0;0.0;0.0;0.020759707699946048;0.0;0.0;0.0;0.0;0.0;0.0;0.0;0.026336974281338688;0.025392555300297933;0.0;0.0;0.023493618260426462;0.028575508121318555;0.0;0.0;0.0;1.0;0.0;0.0;0.026598637941389044;0.023999945204943005;0.0;0.0;0.0;0.0;0.0;0.024175780367111;0.0;0.0;0.0;0.0;0.0;0.0;0.02620491011931083;0.022872674065192482;0.0;0.023305123784276436;0.0;0.028159696525351777;0.0;0.022041628613433593;0.0;0.022812092573563595;0.020928011150375257;0.0;0.0;0.0;0.020126232879360377;0.2776593666212719;0.022369725580730186;0.0;0.0;0.0;0.02170242042218144;0.0;0.023646741634018104;0.02821077785449304;0.0;0.02857931328682852;0.02493152321620401;0.0;0.0;0.02153672870995017;0.02255101776875801;0.0;0.0;0.02449370142765062;0.0;0.0;0.3335102364463512;0.025557009211075298;0.0;0.025674230635354633;0.022749758445447812;0.3860325093599531;0.0;0.0;0.0;0.0;0.025586781304200557;0.02415875765866169;0.02648515719626573;0.0;0.0;0.0;0.0;0.0;0.0;0.0;0.0;0.0;0.0;0.0;0.0;0.022931608124564608;0.0;0.0;0.02379042339270108;0.0;0.03235535707366127;0.0;0.0;0.025956186855668754;0.02459607584797868;0.023255446653902515;0.0;0.0;0.0;0.0;0.0;0.023280422135229694;0.026426765675499963
GO:0030890;0.07117298650018124;0.08296576331979322;0.2019017736083455;0.0;0.18125856427976023;0.0;0.09482756062990001;0.07428433217371856;0.230458769406905;0.3604975785073622;0.07822413567057386;0.08745730525606663;0.0;0.09273987358223255;0.0;0.09043628336774923;0.06466465089510713;0.08200449741682528;0.0;0.0;0.0;0.07571904593212786;0.0;1.0;0.08338601017838021;0.0;0.0;0.06961682157812159;0.07247760169938941;0.19260881429771037;0.06653094768407432;0.5154958018588649;0.44497943783674887;0.2491425906254546;0.2580301800156852;0.211427698257136;0.2840327141238026;0.0;0.08553146415267159;0.09223706113072168;0.0;0.4476124659014305;0.0;0.4221464630745543;0.0997218972624745;0.0;0.0;0.07152448665710828;0.0;0.0;0.2610096499850464;0.0;0.0;0.18555253441468722;0.0;0.0;0.5227849777940555;0.06998384400843188;0.0;0.07533747593173756;0.07513888862889481;0.08257784652411183;0.0;0.21173984213418717;0.0;0.0;0.07304919783105597;0.06323636691185613;0.0;0.0;0.0679218040919067;0.06340275240098667;0.08575894940505084;0.3247016493809339;0.08823113358060171;0.0;0.08977623807953379;0.4376689864391766;0.0;0.07922688099007243;0.0;0.19260881429771037;0.0;0.0;0.09777181822202866;0.0;0.08449894727912953;0.0;0.6089835698866708;0.17655931509537284;0.49771510834010796;0.061705592735142416;0.0;0.19698472816997306;0.07625656638699138;0.10730538157070521;0.2080262200514325;0.06340275240098667;0.10251004840278433;0.5890426524440119;0.0;0.0;0.09047179545193954;0.0;0.07185784748815197;0.0;0.0;0.21815241861523435;0.07007774204924372;0.0;0.08111376904116156;0.7567465306444793;0.07990474725370061;0.10342744172436445;0.23998097446119093;0.2636579262673761;0.0;0.0
GO:0050727;0.07567226457646002;0.32412518388217665;0.09256097185596726;0.0;0.07153530397643307;0.0;0.10831623167653442;0.28277244053100026;0.34088208312135043;0.2564130132974563;0.30127337563302053;0.09763639886458685;0.0;0.10524119070217726;0.0;0.10189431920820202;0.06746816816962259;0.09004107740985044;0.0;0.0;0.0;0.08159059062143008;0.0;0.08338601017838021;1.0;0.0;0.0;0.08610762331940448;0.27443135780913536;0.07696319158791046;0.06978921878117489;0.11613621324557584;0.33197105583554104;0.10614971625923482;0.11109362078898861;0.0862674669759767;0.12617479476880056;0.0;0.09492497149947203;0.10450655732709573;0.0;0.07909217991863657;0.0;0.08761460370461031;0.11568593711730403;0.0;0.0;0.47255895643609847;0.0;0.0;0.4000907399127529;0.0;0.0;0.07357295031236272;0.0;0.0;0.25378645466348;0.07415004824546648;0.0;0.08108771514528759;0.28674871737357516;0.09082791525144518;0.0;0.08642510970890456;0.0;0.0;0.0949158121346578;0.07655376723385192;0.0;0.0;0.07153530397643307;0.23383954326228384;0.09524359031242077;0.22648088145698947;0.612920083625974;0.0;0.10094413462345919;0.5782431481640913;0.0;0.0862674669759767;0.0;0.07696319158791046;0.0;0.0;0.13374481546242548;0.0;0.09348436064247038;0.0;0.23383954326228384;0.07843593113524329;0.23935743962238404;0.06383862653883249;0.0;0.07909217991863657;0.2919797581410075;0.1275708519676374;0.29998273755116983;0.06591282750357473;0.11998808490153126;0.07415004824546648;0.0;0.0;0.1019455517369189;0.0;0.07655376723385192;0.0;0.0;0.08968829912771831;0.08995949272748695;0.0;0.08882407426475028;0.0862674669759767;0.30929850140919096;0.12142057307845398;0.3588864266580621;0.11427835269684904;0.0;0.0
GO:0071407;0.0;0.0;0.0;0.6321323109509583;0.0;0.026458535949837988;0.0;0.0;0.0;0.0;0.0;0.0;0.0;0.036239519530953605;0.03447518297951672;0.0;0.0;0.031066029303977827;0.5290272590552764;0.5972704126667894;0.5984832651990594;0.0;0.026598637941389044;0.0;0.0;1.0;0.5383221607482692;0.0;0.0;0.0;0.0;0.0;0.03227007481170918;0.0;0.0;0.0;0.0;0.0;0.0;0.03598994512759988;0.3905984148885652;0.0;0.5177670699481932;0.0;0.03978279006766154;0.0;0.4813733739678001;0.0;0.02988540403226195;0.026732535461181546;0.0;0.0;0.0;0.3313187669752543;0.19894860123355412;0.029130716405403635;0.0;0.0;0.5370229063979541;0.36480635691444513;0.0;0.03133433288879687;0.03988481868894501;0.0;0.04062547803085873;0.033630837481410825;0.0;0.0;0.02773382112056559;0.029438911125791035;0.0;0.0;0.03283902547787599;0.0;0.0;0.03133433288879687;0.034779027764236574;0.0;0.03499646863923858;0.029778511812515143;0.038226064712065085;0.0;0.0;0.2911903596411688;0.0;0.45369858676473274;0.03223975229592964;0.6675368258058595;0.0;0.0;0.0;0.0;0.6997956218292658;0.0;0.0;0.0;0.0;0.0;0.0;0.0;0.5500105218789181;0.0;0.0;0.031587122179306724;0.0;0.048705566563461304;0.0;0.0;0.035522450160862556;0.6036107457796411;0.030650936797479277;0.0;0.0;0.0;0.0;0.0;0.5610410885813265;0.03640974513788467
