;GO:0043507;GO:0060244;GO:0061052;GO:0046777;GO:1901985;GO:0048754;GO:0006887;GO:0023014;GO:0032091;GO:0060326;GO:0006879;GO:0000187;GO:0006913;GO:0001666;GO:0015707;GO:0032729;GO:0031116;GO:0035556;GO:0033138;GO:0070839;GO:0046827;GO:0007263;GO:0060999;GO:0045773;GO:0043312;GO:0045454;GO:0007188;GO:0007266;GO:0048012;GO:0048010;GO:0002369;GO:0045342;GO:0051496;GO:0048013;GO:0048255;GO:0002606;GO:0010469;GO:0050766;GO:0018105;GO:0071800;GO:0018107;GO:0060143;GO:0090314;GO:2001275;GO:0060586;GO:0038095;GO:0048812;GO:0043123;GO:0038096;GO:1904754;GO:0022900;GO:0007035;GO:0045944;GO:0002223;GO:0042832;GO:0032869;GO:1904707;GO:0019221;GO:0032147;GO:0031532;GO:0050852;GO:0051149;GO:0050776;GO:0031295;GO:0050829;GO:1902023;GO:0007169;GO:0007166;GO:0007200;GO:0006876;GO:0002430;GO:0007204;GO:0070574;GO:0071421;GO:0045087;GO:0033148;GO:0006909;GO:0002309;GO:0002827;GO:0032496;GO:0050900;GO:0051835;GO:0019730;GO:0001818;GO:0071902;GO:0010763
GO:0043507;1.0;0.06748421709113606;0.21413952640421827;0.0;0.46704669265811766;0.0;0.0;0.09913341177264436;0.32244038882488035;0.0;0.06429609101380394;0.8221878059609148;0.0;0.0;0.0;0.20291556436281794;0.20823227378892495;0.11891387605779175;0.5473041142684031;0.0;0.18463119485636148;0.07603842196806042;0.215527720961546;0.215527720961546;0.0;0.08472478789269494;0.09351568195877956;0.0865925829943522;0.07329824071132221;0.08472478789269494;0.0;0.0;0.21905948269805356;0.08610895145798445;0.3018358054051997;0.169369594501782;0.39124623572791406;0.22102184404976882;0.0;0.0;0.0;0.2068500679211187;0.19072365812429165;0.33512617383021653;0.05502446450228101;0.2792688248572392;0.0;0.5662316392431725;0.39815593246038594;0.19684189191192755;0.0;0.05907381425966188;0.4344363781094097;0.4609316537760764;0.0;0.0;0.20952856765747638;0.10658971866002312;0.7438581889425974;0.0;0.3945500006080498;0.2308309938774042;0.3513206057832792;0.2206421992597241;0.0;0.0;0.10357663223835299;0.1251843625868842;0.08696306692607932;0.047089581623179076;0.3250898877177318;0.0744703826464592;0.0;0.0;0.0;0.3815465591929455;0.0;0.0;0.33212099106616305;0.0;0.0;0.1764263022764012;0.0;0.0842385889134955;0.8386144342895623;0.1942806451741443
GO:0060244;0.06748421709113606;1.0;0.1634326497400965;0.0;0.06420864178030242;0.0;0.0;0.0756232139007321;0.052901621291111804;0.0;0.05092064168843242;0.07107530748439055;0.0;0.0;0.0;0.058649186123827385;0.06268922183041602;0.08661395254755712;0.06901641438639028;0.0;0.054388701518186054;0.06139759641738171;0.06444168885358036;0.06444168885358036;0.0;0.06693907433949718;0.0723095596143837;0.06809962056088802;0.05959856069666081;0.06693907433949718;0.0;0.0;0.06528148223165983;0.06780014531257046;0.18690452380228023;0.050705289685758395;0.07879904803538271;0.06574570715869288;0.0;0.0;0.0;0.06235447317662384;0.05582637465823517;0.06139759641738171;0.04492546505287154;0.06985469323827521;0.0;0.07178612091057679;0.07039583946830458;0.05990430059695317;0.0;0.047588838974717544;0.08413656066341083;0.06672018258805129;0.0;0.0;0.3247224359881941;0.07988621433706766;0.07522674686106487;0.0;0.06989804558810361;0.06804095273256552;0.07319676891757461;0.06565602934599338;0.0;0.0;0.07818165859784632;0.08989366341292626;0.06832854951728014;0.03949216830960482;0.05990430059695317;0.05709876559018886;0.0;0.0;0.0;0.05926972323512158;0.0;0.0;0.05363923315370757;0.0;0.0;0.054758207775648764;0.0;0.19722014238727673;0.07578673710350312;0.05926972323512158
GO:0061052;0.21413952640421827;0.1634326497400965;1.0;0.0;0.06520821990459748;0.0;0.0;0.07701362625671947;0.053786558582145406;0.0;0.05174003102782304;0.22573139531625727;0.0;0.0;0.0;0.26810130499181195;0.27157607970364495;0.08844277323034869;0.07017263604069093;0.0;0.05520322069739838;0.06231094513540419;0.42246729753709955;0.5663035543970468;0.0;0.06802619257744044;0.07357976820902962;0.06922507795988793;0.06045879382841808;0.06802619257744044;0.0;0.0;0.28298380630153747;0.06891564477017115;0.18983010158506936;0.051412502663044216;0.2507319014080004;0.28502822937174477;0.0;0.0;0.0;0.27010400061706186;0.05668486366928407;0.19453827361120013;0.04556206372025016;0.22178904301431354;0.0;0.22802826480582916;0.22353655424492366;0.06077344669460559;0.0;0.04830375621439229;0.0858612175733499;0.211675865147514;0.0;0.0;0.06396446292750321;0.08143941439615732;0.07660248589583527;0.0;0.22192902285317373;0.7124859076267059;0.2649418785037498;0.0667015471606305;0.0;0.0;0.07966866673096676;0.09186518227107995;0.06946164943623924;0.03998325582277077;0.18973811704636373;0.05813106276529915;0.0;0.0;0.0;0.18769933744007805;0.0;0.0;0.19310640723362443;0.0;0.0;0.2367630150078733;0.0;0.4497063406359728;0.07718322457298553;0.06012042206437605
GO:0046777;0.0;0.0;0.0;1.0;0.0;0.0;0.037539292903679716;0.7023732256693296;0.0;0.03208830145466643;0.028181072605142667;0.0;0.0;0.0;0.0;0.0;0.0;0.041675558168773;0.0;0.0;0.0;0.02536058982285684;0.0;0.0;0.03548135048181739;0.02853723028483751;0.03181673197432882;0.02922851829687202;0.024371366747052696;0.02853723028483751;0.0;0.11715491599722376;0.0;0.029049239248283443;0.0;0.0;0.0;0.0;0.6523117094272922;0.02356048679189128;0.6010295964512643;0.0;0.0;0.0;0.0;0.030291903331400197;0.03244356734186213;0.0;0.030624230742467257;0.0;0.147777271296534;0.02569329716516224;0.0;0.02840788649847946;0.0;0.02922851829687202;0.0;0.03681863876644079;0.0;0.027938243478851724;0.030318448648408616;0.0;0.0;0.0;0.0;0.0;0.03565238473626688;0.044201599118338375;0.029365988195722306;0.020126232879360377;0.02453808426775922;0.03314015867348403;0.0;0.0;0.0;0.0;0.0;0.022292520168939445;0.0;0.0;0.034240493502816605;0.0;0.0;0.0;0.0;0.0
GO:1901985;0.46704669265811766;0.06420864178030242;0.06520821990459748;0.0;1.0;0.0;0.0;0.0922223003348174;0.06328136891909865;0.0;0.06046743084534367;0.4969603774806822;0.0;0.0;0.0;0.19076531508620514;0.19663359983032058;0.10910603952702484;0.4797350171970439;0.0;0.1745173980702585;0.07190523098775634;0.20312628886579484;0.20312628886579484;0.0;0.07962500315692593;0.0873412668483225;0.08127252531522038;0.06945003809008121;0.07962500315692593;0.0;0.0;0.20626035456742736;0.08084634853796568;0.2844323374448204;0.1608199924846809;0.09698925804186041;0.2079991926185097;0.0;0.0;0.0;0.19540062925856752;0.17995085095127414;0.19188888026898346;0.05219610472786332;0.08378478027826483;0.0;0.2310471087605965;0.20366173556990488;0.1864457411910966;0.0;0.055826133754527635;0.3998862296105036;0.19102024991355981;0.0;0.0;0.1977891060270184;0.09864154963668574;0.5323180004372373;0.0;0.2019341669865801;0.21666382421643907;0.09126401084538104;0.20766293332042995;0.0;0.0;0.0960556173977873;0.11436196275969293;0.0815987984782113;0.04500267097087679;0.1682614484082626;0.06938209419659627;0.0;0.0;0.0;0.1841463130283616;0.0;0.0;0.17170450194418566;0.0;0.0;0.16802880927350244;0.0;0.07855425010816416;0.5371526647848466;0.1841463130283616
GO:0048754;0.0;0.0;0.0;0.0;0.0;1.0;0.0;0.0;0.0;0.0;0.0;0.0;0.0;0.0;0.0;0.0;0.0;0.0;0.0;0.0;0.0;0.0;0.0;0.0;0.0;0.0;0.0;0.0;0.0;0.0;0.26038315336218076;0.0;0.0;0.0;0.0;0.0;0.0;0.0;0.0;0.0;0.0;0.0;0.0;0.0;0.25621526915753096;0.0;0.5436595651236241;0.0;0.0;0.0;0.0;0.0;0.0;0.0;0.0;0.0;0.0;0.0;0.0;0.0;0.0;0.0;0.0;0.0;0.0;0.0;0.0;0.0;0.0;0.0;0.0;0.0;0.0;0.0;0.0;0.0;0.0;0.0;0.0;0.0;0.0;0.0;0.0;0.0;0.0;0.0
GO:0006887;0.0;0.0;0.0;0.037539292903679716;0.0;0.0;1.0;0.04027696260688111;0.0;0.037686387587183075;0.03240904440176508;0.0;0.3884350383818194;0.0;0.2221725999797486;0.0;0.0;0.05163781174581038;0.0;0.23475046496956853;0.0;0.028733952682755182;0.0;0.0;0.9344049064488043;0.03288098134048466;0.03731234954902101;0.033802128952951635;0.02747061692506122;0.03288098134048466;0.0;0.0;0.0;0.03356258378384734;0.0;0.0;0.0;0.0;0.0369156478790159;0.026444728918393882;0.03356258378384734;0.0;0.0;0.0;0.0;0.03523248622023903;0.03817737316058569;0.0;0.03568286447633679;0.0;0.036888311566652884;0.029161804080842048;0.0;0.03270938344594444;0.0;0.033802128952951635;0.0;0.04438342957312979;0.0;0.03208830145466643;0.035268401847012756;0.0;0.0;0.0;0.0;0.25373994653071885;0.04269966200499563;0.05557287458257221;0.03398612219081119;0.022194025132937306;0.02768261712147084;0.039145615455522254;0.24883793551040329;0.24883793551040329;0.0;0.0;0.5321918828136173;0.024857770018668048;0.0;0.0;0.04069016867415647;0.0;0.0;0.0;0.0;0.0
GO:0023014;0.09913341177264436;0.0756232139007321;0.07701362625671947;0.7023732256693296;0.0922223003348174;0.0;0.04027696260688111;1.0;0.07849260350264431;0.034067673611342046;0.07420906338793591;0.10708104921414952;0.0;0.0;0.0;0.0856554657952062;0.08911987055858021;0.3886422120184596;0.10247535899023928;0.0;0.07686209078107331;0.22917559474623575;0.09270382313071286;0.09270382313071286;0.03791734503010707;0.09796147629918756;0.29108422344710827;0.2660820381468554;0.21982361203465575;0.2594459991843677;0.0;0.1215857282078416;0.09445174967600527;0.2643593597392776;0.0929371957417515;0.06970607718877653;0.12563373794196575;0.09542662849931983;0.6918042965063573;0.024610369148595195;0.63439795049247;0.08844486782712574;0.07976502185950622;0.08653199380088293;0.062126726168559215;0.27632434724397853;0.034468394247112795;0.1087026696816653;0.27953382162457546;0.08359506232215948;0.15671807675104818;0.06733838030698189;0.13977068257880557;0.2582063048066381;0.0;0.030861820671044145;0.08975407639351518;0.34011420375672907;0.11679130818517072;0.02942685435493601;0.27658056024786487;0.10033947001500615;0.12068624449664915;0.09523781979303814;0.0;0.0;0.32859740627109474;0.414247950311642;0.267403775830056;0.05219610472786332;0.22139728075159718;0.088101418562719;0.0;0.0;0.0;0.0823644699818479;0.0;0.023230190533568115;0.07537377691954582;0.0;0.036503649838018896;0.07390306147085493;0.0;0.09941560812120882;0.11814664389557883;0.0823644699818479
GO:0032091;0.32244038882488035;0.052901621291111804;0.053786558582145406;0.0;0.06328136891909865;0.0;0.0;0.07849260350264431;1.0;0.0;0.06599750622196728;0.3451596794019931;0.0;0.0;0.0;0.06639814662755432;0.06137158808521099;0.09474953409777101;0.06949705623187538;0.0;0.06027053960254345;0.05976805595784252;0.06357656120002332;0.06357656120002332;0.0;0.06677856563307187;0.07391273311841494;0.06829103885620481;0.0575644937945887;0.06677856563307187;0.0;0.0;0.06464536701045452;0.06789924006527702;0.06371951015337719;0.05517835974545515;0.39663770878665844;0.0652396163316577;0.0;0.0;0.0;0.06095425904611921;0.062309034809602565;0.05976805595784252;0.056265827365420885;0.0706085657030838;0.0;0.0732019771037675;0.07133059384652021;0.057936555134918515;0.0;0.06050698773077374;0.09093383997127037;0.06649505604432762;0.0;0.0;0.061763101641809585;0.08459666989858569;0.3723692329360819;0.0;0.07066627828055158;0.0682142015209459;0.08947926517433108;0.06512462939710414;0.0;0.0;0.08212653818042955;0.09994602375214794;0.06859125576551756;0.047995785998861604;0.057936555134918515;0.0767624676921979;0.0;0.0;0.0;0.05716542334377345;0.0;0.0;0.05921937077926615;0.0;0.0;0.05180281643722896;0.0;0.07571068199907094;0.3761201307633395;0.05716542334377345
GO:0060326;0.0;0.0;0.0;0.03208830145466643;0.0;0.0;0.037686387587183075;0.034067673611342046;0.0;1.0;0.028263888903342953;0.0;0.0;0.0;0.0;0.0;0.0;0.04185693223854884;0.0;0.0;0.0;0.02542763873878475;0.0;0.0;0.03561273125147276;0.028622156260740023;0.031922335057749204;0.02931761503727987;0.024433280630625713;0.028622156260740023;0.0;0.0;0.0;0.029137244709379416;0.0;0.0;0.0;0.0;0.03163152082248761;0.023618344348297036;0.029137244709379416;0.0;0.0;0.0;0.0;0.030387611610433803;0.03255337966068858;0.0;0.030722053930769155;0.0;0.03161144815358625;0.025762119246723437;0.0;0.028492043237115558;0.0;0.02931761503727987;0.0;0.03696012936654935;0.0;0.028019636651062017;0.03041432500802681;0.0;0.0;0.0;0.0;0.0;0.03578503754181464;0.044405680265544666;0.029455926290253807;0.020168437609475898;0.024600849209560755;0.03325474547301477;0.0;0.0;0.0;0.0;0.0;0.022344310956209146;0.0;0.0;0.7112328670040826;0.0;0.0;0.0;0.0;0.0
GO:0006879;0.06429609101380394;0.05092064168843242;0.05174003102782304;0.028181072605142667;0.06046743084534367;0.0;0.03240904440176508;0.07420906338793591;0.06599750622196728;0.028263888903342953;1.0;0.0685978840005173;0.0;0.0;0.0;0.06330696445162537;0.058721375364342895;0.08857764164130763;0.06611794187775001;0.0;0.05771258540536921;0.0572516855958364;0.06073689824016173;0.06073689824016173;0.030863578270066177;0.5441045149598825;0.07010234710485684;0.06502543042457445;0.055226623899512925;0.06365269475441498;0.0;0.0;0.06171162743918084;0.06467010908756464;0.2770635423171085;0.05302666692967224;0.07824010153676099;0.06225293830511257;0.027828147386094473;0.021431277255690676;0.025879154093105303;0.058339198961706966;0.05957904085678465;0.0572516855958364;0.812544692075802;0.0671232088291985;0.028539154027994652;0.06946266752557201;0.06777538602085124;0.05556898796092361;0.027812610402638497;0.5479873298784271;0.08523408743628896;0.06339505463958497;0.0;0.02602134367284754;0.05907970678876186;0.07964202305095397;0.07371244103706877;0.024993713540721673;0.06717536234481353;0.06495576220777381;0.08395486141986863;0.062148230163136864;0.0;0.0;0.07744900869450995;0.09310302491756492;0.06529756448073427;0.6683509508476883;0.05556898796092361;0.7128278395629399;0.0;0.0;0.0;0.054859206705890284;0.0;0.020377004946604303;0.05674803492665527;0.0;0.029920396935657793;0.049901796351431466;0.0;0.07171767114668737;0.07441431819804922;0.054859206705890284
GO:0000187;0.8221878059609148;0.07107530748439055;0.22573139531625727;0.0;0.4969603774806822;0.0;0.0;0.10708104921414952;0.3451596794019931;0.0;0.0685978840005173;1.0;0.0;0.0;0.0;0.21657751206450299;0.22115205230562437;0.13053549207622814;0.5859444453588937;0.0;0.19587375520719727;0.08062857826039145;0.2293988028958559;0.2293988028958559;0.0;0.09046314467395002;0.10055609643334235;0.09259570120619993;0.07755427034540745;0.09046314467395002;0.0;0.0;0.23340401643012434;0.09204290284264816;0.3213068998702968;0.17878297252146583;0.4245112637050872;0.23563309998647122;0.0;0.0;0.0;0.21959364931426853;0.20274457835540202;0.35535649260481894;0.05814494905212062;0.29931421224452204;0.0;0.608432989329043;0.4270395376871057;0.20834784493061978;0.0;0.06268555621859823;0.47509036842661834;0.39694073318490064;0.0;0.0;0.22261475852606408;0.11583362044816504;0.9174738963494579;0.0;0.42289417943409063;0.24681484603391912;0.3836423527411426;0.2352016501290619;0.0;0.0;0.11228395979028763;0.13813065886709192;0.09301945975484276;0.04935643173082417;0.34409229080683507;0.08030308815973969;0.0;0.0;0.0;0.40354208904200195;0.0;0.0;0.35197936343396763;0.0;0.0;0.18561363090712335;0.0;0.09074185309186791;0.9060531400597222;0.20548060393949347
GO:0006913;0.0;0.0;0.0;0.0;0.0;0.0;0.3884350383818194;0.0;0.0;0.0;0.0;0.0;1.0;0.0;0.20505303978661268;0.0;0.0;0.0;0.0;0.21572066973499496;0.0;0.0;0.0;0.0;0.3664643961736379;0.0;0.0;0.0;0.0;0.0;0.0;0.0;0.0;0.0;0.0;0.0;0.0;0.0;0.0;0.0;0.0;0.0;0.0;0.0;0.0;0.0;0.0;0.0;0.0;0.0;0.0;0.0;0.0;0.0;0.0;0.0;0.0;0.0;0.0;0.0;0.0;0.0;0.0;0.0;0.0;0.23165174694855223;0.0;0.0;0.0;0.0;0.0;0.0;0.227559152257244;0.227559152257244;0.0;0.0;0.2915612242208492;0.0;0.0;0.0;0.0;0.0;0.0;0.0;0.0;0.0
GO:0001666;0.0;0.0;0.0;0.0;0.0;0.0;0.0;0.0;0.0;0.0;0.0;0.0;0.0;1.0;0.0;0.0;0.0;0.0;0.0;0.0;0.0;0.0;0.0;0.0;0.0;0.0;0.0;0.0;0.0;0.0;0.19963916496533962;0.0;0.0;0.0;0.0;0.0;0.0;0.0;0.0;0.0;0.0;0.0;0.0;0.0;0.0;0.0;0.0;0.0;0.0;0.0;0.0;0.0;0.0;0.0;0.3192344087791592;0.24251642881277938;0.0;0.0;0.0;0.0;0.0;0.0;0.0;0.0;0.3666521179145522;0.0;0.0;0.0;0.0;0.0;0.0;0.0;0.0;0.0;0.46230147896406315;0.0;0.0;0.0;0.0;0.279092884949412;0.0;0.0;0.24776660463677114;0.0;0.0;0.0
GO:0015707;0.0;0.0;0.0;0.0;0.0;0.0;0.2221725999797486;0.0;0.0;0.0;0.0;0.0;0.20505303978661268;0.0;1.0;0.0;0.0;0.0;0.0;0.2770111063621504;0.0;0.0;0.0;0.0;0.2148066168652466;0.0;0.0;0.0;0.0;0.0;0.0;0.0;0.0;0.0;0.0;0.0;0.0;0.0;0.0;0.0;0.0;0.0;0.0;0.0;0.0;0.0;0.0;0.0;0.0;0.0;0.0;0.0;0.0;0.0;0.0;0.0;0.0;0.0;0.0;0.0;0.0;0.0;0.0;0.0;0.0;0.3903447572773327;0.0;0.0;0.0;0.0;0.0;0.0;0.287579744740964;0.287579744740964;0.0;0.0;0.18669313363308537;0.0;0.0;0.0;0.0;0.0;0.0;0.0;0.0;0.0
GO:0032729;0.20291556436281794;0.058649186123827385;0.26810130499181195;0.0;0.19076531508620514;0.0;0.0;0.0856554657952062;0.06639814662755432;0.0;0.06330696445162537;0.21657751206450299;0.0;0.0;0.0;1.0;0.18522704914664065;0.10237573656563452;0.20870021127929053;0.0;0.18202810586682017;0.06597950133406383;0.41521101078659384;0.41521101078659384;0.0;0.07339950249478215;0.08088473105902703;0.07499190496435187;0.06363388276783323;0.07339950249478215;0.0;0.0;0.19471283348554325;0.07457968611473768;0.19203405669902454;0.1671765059052353;0.09034179507829636;0.1964305567394859;0.0;0.0;0.0;0.1840150713321691;0.1879472328515961;0.1805667578615364;0.05429842729047495;0.07742614926963659;0.0;0.21932526021693424;0.21396452692995915;0.17523257806508816;0.0;0.05823779602710764;0.2695139139771843;0.2000553564915308;0.0;0.0;0.18636348586944618;0.09197243038670115;0.23283477374673656;0.0;0.2120585675039368;0.20500989443695977;0.096991519756894;0.19609827663548537;0.0;0.0;0.08942182671881353;0.10765096002444963;0.07530763399544639;0.046556830900940795;0.17523257806508816;0.073146669306017;0.0;0.0;0.0;0.17298305419194018;0.0;0.0;0.1789700037690531;0.0;0.0;0.15727961276486202;0.0;0.6732728537392314;0.23506697294461257;0.17298305419194018
GO:0031116;0.20823227378892495;0.06268922183041602;0.27157607970364495;0.0;0.19663359983032058;0.0;0.0;0.08911987055858021;0.06137158808521099;0.0;0.058721375364342895;0.22115205230562437;0.0;0.0;0.0;0.18522704914664065;1.0;0.10479024166488411;0.2137183341777067;0.0;0.1698708797982908;0.07000510814587257;0.42996107029443026;0.42996107029443026;0.0;0.07730157490010064;0.08455358644251262;0.07885341473048998;0.06767585792175514;0.07730157490010064;0.0;0.0;0.7313775322984433;0.07845216839979591;0.17855304100583622;0.15686597332052934;0.09356376729040032;0.4399808374554991;0.0;0.0;0.0;0.41404785870365624;0.1750145896325745;0.18681814425306442;0.05088990368409095;0.08121616491854916;0.0;0.2237350984198138;0.19736170983800375;0.18165500802443213;0.0;0.05433452898932113;0.27002753352343406;0.1854673870721011;0.0;0.0;0.19240611835818205;0.09510048322303165;0.23636047508866004;0.0;0.19573894276421303;0.21022116755950626;0.08782589206981804;0.20173713359655784;0.0;0.0;0.0926946156526132;0.1096293611625986;0.0791605169544939;0.04402833034632626;0.16393796160502014;0.06709299360331948;0.0;0.0;0.0;0.17947153761995333;0.0;0.0;0.167204631914924;0.0;0.0;0.35739434293697064;0.0;0.07599362725793957;0.23843476800222527;0.17947153761995333
GO:0035556;0.11891387605779175;0.08661395254755712;0.08844277323034869;0.041675558168773;0.10910603952702484;0.0;0.05163781174581038;0.3886422120184596;0.09474953409777101;0.04185693223854884;0.08857764164130763;0.13053549207622814;0.0;0.0;0.0;0.10237573656563452;0.10479024166488411;1.0;0.1237551064189484;0.0;0.09006107487304346;0.5199855873130826;0.10978065744987592;0.10978065744987592;0.04782236114521608;0.11723156834451996;0.3569050992385567;0.6207031066913852;0.25539292129917324;0.31048186015696794;0.0;0.0;0.11224040523914947;0.31754467850177054;0.11010807932446576;0.08039093957335108;0.15919317023969592;0.11361975409847225;0.040908313499199704;0.028432641087379005;0.03683077216041623;0.10385823264421895;0.09407262700508316;0.10123045189980398;0.07188958941604325;0.33496696802706505;0.04246347454779639;0.13295331318071513;0.3396949020788301;0.09723407764771096;0.04087474690268517;0.0789611259234304;0.18259479521804664;0.30870813990922513;0.0;0.037119441214618375;0.10566818521948632;0.4335343433664882;0.14525779425440632;0.03506295291950151;0.3353435437297054;0.12065347361973254;0.15675922925763114;0.1133521906687228;0.0;0.0;0.41499439306267977;0.561656831449571;0.3219475061640803;0.05891847317209682;0.2575195207658379;0.10911500089714175;0.0;0.0;0.0;0.09557315993061272;0.0;0.026606362210237943;0.08802448915402476;0.0;0.0455952974473127;0.0843649029034733;0.0;0.1226686216627705;0.14736028880041832;0.09557315993061272
GO:0033138;0.5473041142684031;0.06901641438639028;0.07017263604069093;0.0;0.4797350171970439;0.0;0.0;0.10247535899023928;0.06949705623187538;0.0;0.06611794187775001;0.5859444453588937;0.0;0.0;0.0;0.20870021127929053;0.2137183341777067;0.1237551064189484;1.0;0.0;0.18940805054331977;0.07798929117335203;0.22141035493517816;0.22141035493517816;0.0;0.08715395662990029;0.09648392524167922;0.08913164135632826;0.0751093627406264;0.08715395662990029;0.0;0.0;0.22513920795144285;0.08861931592505735;0.3100926965364016;0.1733808013705975;0.10839521683337583;0.22721252215360602;0.0;0.0;0.0;0.2122625926605966;0.19582532419906434;0.20812502165210275;0.05635334037172908;0.09216232171388215;0.0;0.25499948235587105;0.22423428012275098;0.20173713359655784;0.0;0.060608202798149984;0.45140911936831785;0.20900537344409048;0.0;0.0;0.2150840557800722;0.11046312192188319;0.6322350657503842;0.0;0.22214186204001035;0.23759176553873776;0.10283426008614813;0.22681133161764383;0.0;0.0;0.10723039004754197;0.13056116637614468;0.08952421964997553;0.04805944944291943;0.18206145165792054;0.07692544501320679;0.0;0.0;0.0;0.19904778227493342;0.0;0.0;0.18609920694095972;0.0;0.0;0.180348658286329;0.0;0.08697754849832229;0.6386174750998616;0.19904778227493342
GO:0070839;0.0;0.0;0.0;0.0;0.0;0.0;0.23475046496956853;0.0;0.0;0.0;0.0;0.0;0.21572066973499496;0.0;0.2770111063621504;0.0;0.0;0.0;0.0;1.0;0.0;0.0;0.0;0.0;0.2265422588420655;0.0;0.0;0.0;0.0;0.0;0.0;0.0;0.0;0.0;0.0;0.0;0.0;0.0;0.0;0.0;0.0;0.0;0.0;0.0;0.0;0.0;0.0;0.0;0.0;0.0;0.0;0.0;0.0;0.0;0.0;0.0;0.0;0.0;0.0;0.0;0.0;0.0;0.0;0.0;0.0;0.35438570070059994;0.0;0.0;0.0;0.0;0.0;0.0;0.4732745288528547;0.38037248617993263;0.0;0.0;0.1954949830050504;0.0;0.0;0.0;0.0;0.0;0.0;0.0;0.0;0.0
GO:0046827;0.18463119485636148;0.054388701518186054;0.05520322069739838;0.0;0.1745173980702585;0.0;0.0;0.07686209078107331;0.06027053960254345;0.0;0.05771258540536921;0.19587375520719727;0.0;0.0;0.0;0.18202810586682017;0.1698708797982908;0.09006107487304346;0.18940805054331977;0.0;1.0;0.060635977711982265;0.17523257806508816;0.17523257806508816;0.0;0.06684622823664489;0.07299851139424396;0.06816442432664378;0.05864918612382738;0.06684622823664489;0.0;0.0;0.17781530225420059;0.06782367734741562;0.1755786191600674;0.15456556371475855;0.08061453777373888;0.47232668377966225;0.0;0.0;0.0;0.168850975603436;0.7250309568841068;0.43727071407573925;0.05013050866920169;0.07016967824096905;0.0;0.1981185481953417;0.19373400095677507;0.2758714349539059;0.0;0.053469724658358087;0.23818437475564552;0.18226020881667532;0.0;0.0;0.17082620991117264;0.08191041227180029;0.20907661148729906;0.0;0.19217010547120628;0.18636348586944618;0.0858677459980477;0.1789700037690531;0.0;0.0;0.07988120915155274;0.09411837818413486;0.06842518065174204;0.04345876494764459;0.16142711775250584;0.0657792812157772;0.0;0.0;0.0;0.1595161500493429;0.0;0.0;0.16459352454250542;0.0;0.0;0.14606754509470524;0.0;0.07452314163626789;0.21087475159183963;0.27260568004381464
GO:0007263;0.07603842196806042;0.06139759641738171;0.06231094513540419;0.02536058982285684;0.07190523098775634;0.0;0.028733952682755182;0.22917559474623575;0.05976805595784252;0.02542763873878475;0.0572516855958364;0.08062857826039145;0.0;0.0;0.0;0.06597950133406383;0.07000510814587257;0.5199855873130826;0.07798929117335203;0.0;0.060635977711982265;1.0;0.07219762376875083;0.07219762376875083;0.027512511390033093;0.07534702490600065;0.2177571867445891;0.39460084677282375;0.17525593128460665;0.19955277217957673;0.0;0.0;0.07325338602931719;0.20244681991396313;0.07233909190525115;0.056093128057873885;0.09071549498385774;0.07383842008629447;0.025074415250196807;0.019760024566423645;0.023481019219191282;0.0695879295749403;0.06242833327176056;0.06839828790317212;0.04978239138479277;0.20939011362632046;0.025650213127248994;0.08154454628153734;0.2112278693732507;0.06655016501606317;0.025061800352409593;0.053073869398524806;0.0978626222050437;0.19881857024791955;0.0;0.02359801775940709;0.07039583946830458;0.24407936622621257;0.08601328701296465;0.022749758445447812;0.20953720177302648;0.07674598508334764;0.08497987003696031;0.07372532542994607;0.0;0.0;0.23809088535289627;0.2800451885005679;0.2042274216627992;0.043196899812613355;0.1762547351342873;0.06518120131897576;0.0;0.0;0.0;0.0657678948793618;0.0;0.018860318009640803;0.059705920135141484;0.0;0.026760530970523094;0.06025886400317226;0.0;0.07385346033041708;0.08674616350252631;0.0657678948793618
GO:0060999;0.215527720961546;0.06444168885358036;0.42246729753709955;0.0;0.20312628886579484;0.0;0.0;0.09270382313071286;0.06357656120002332;0.0;0.06073689824016173;0.2293988028958559;0.0;0.0;0.0;0.41521101078659384;0.42996107029443026;0.10978065744987592;0.22141035493517816;0.0;0.17523257806508816;0.07219762376875083;1.0;0.6922201503770335;0.0;0.07998370552127355;0.0877730482424699;0.08164625991489138;0.06972276648428098;0.07998370552127355;0.0;0.0;0.45110306769132585;0.08121616491854916;0.18448639386273236;0.16142711775250584;0.09752199086035374;0.4549227730712405;0.0;0.0;0.0;0.4272538795586129;0.18071135428694754;0.19266917013903925;0.052396771154452855;0.0841820338452577;0.0;0.2321792952296722;0.20463639771894415;0.18718230638943398;0.0;0.05605574320785773;0.282424372525202;0.19187741613513698;0.0;0.0;0.1986182222086247;0.09919263971280257;0.24580468767096028;0.0;0.2028923251506084;0.5183776944253614;0.09180021950082769;0.20857708764228258;0.0;0.0;0.09657811554060974;0.11510336325243821;0.08197554681392011;0.04515175978830506;0.16892617545607613;0.06973710651774032;0.0;0.0;0.0;0.18486478719353325;0.0;0.0;0.17239676726794492;0.0;0.0;0.3671909355048288;0.0;0.3551649367985011;0.24804884351741402;0.18486478719353325
GO:0045773;0.215527720961546;0.06444168885358036;0.5663035543970468;0.0;0.20312628886579484;0.0;0.0;0.09270382313071286;0.06357656120002332;0.0;0.06073689824016173;0.2293988028958559;0.0;0.0;0.0;0.41521101078659384;0.42996107029443026;0.10978065744987592;0.22141035493517816;0.0;0.17523257806508816;0.07219762376875083;0.6922201503770335;1.0;0.0;0.07998370552127355;0.0877730482424699;0.08164625991489138;0.06972276648428098;0.07998370552127355;0.0;0.0;0.45110306769132585;0.08121616491854916;0.18448639386273236;0.16142711775250584;0.09752199086035374;0.4549227730712405;0.0;0.0;0.0;0.4531558852568338;0.18071135428694754;0.19266917013903925;0.052396771154452855;0.0841820338452577;0.0;0.2321792952296722;0.20463639771894415;0.18718230638943398;0.0;0.05605574320785773;0.282424372525202;0.19187741613513698;0.0;0.0;0.1986182222086247;0.09919263971280257;0.24580468767096028;0.0;0.2028923251506084;0.5183776944253614;0.09180021950082769;0.20857708764228258;0.0;0.0;0.09657811554060974;0.11510336325243821;0.08197554681392011;0.04515175978830506;0.16892617545607613;0.06973710651774032;0.0;0.0;0.0;0.18486478719353325;0.0;0.0;0.17239676726794492;0.0;0.0;0.3671909355048288;0.0;0.3551649367985011;0.24804884351741402;0.18486478719353325
GO:0043312;0.0;0.0;0.0;0.03548135048181739;0.0;0.0;0.9344049064488043;0.03791734503010707;0.0;0.03561273125147276;0.030863578270066177;0.0;0.3664643961736379;0.0;0.2148066168652466;0.0;0.0;0.04782236114521608;0.0;0.2265422588420655;0.0;0.027512511390033093;0.0;0.0;1.0;0.031291281570083755;0.03527854040242327;0.03212438432269164;0.026352129467078544;0.031291281570083755;0.5171442511785178;0.0;0.0;0.031907952198834036;0.0;0.0;0.0;0.0;0.034923701026438846;0.025406642781729216;0.031907952198834036;0.0;0.0;0.0;0.0;0.033413568154634116;0.03605085728233735;0.0;0.6689647879612743;0.0;0.034899234246507205;0.027904513025113844;0.0;0.43913534238779645;0.0;0.03212438432269164;0.0;0.041535143764230266;0.0;0.03057255868056386;0.4717157228564273;0.0;0.0;0.42858249521600467;0.0;0.24417711788749888;0.040056953034698584;0.051178496915368875;0.03229052120694819;0.021458197157809184;0.3744172673114312;0.03691302166068079;0.23963432600651885;0.23963432600651885;0.5763566826339191;0.0;0.5065897724233881;0.5647513924706705;0.0;0.0;0.539942627968847;0.0;0.4635406041683852;0.0;0.0;0.0
GO:0045454;0.08472478789269494;0.06693907433949718;0.06802619257744044;0.02853723028483751;0.07962500315692593;0.0;0.03288098134048466;0.09796147629918756;0.06677856563307187;0.028622156260740023;0.5441045149598825;0.09046314467395002;0.0;0.0;0.0;0.07339950249478215;0.07730157490010064;0.11723156834451996;0.08715395662990029;0.0;0.06684622823664489;0.07534702490600065;0.07998370552127355;0.07998370552127355;0.031291281570083755;1.0;0.09247210729749258;0.08569706367046433;0.07265556665158078;0.08386729319675622;0.0;0.0;0.0812815086046321;0.0852233562456071;0.28008483953396573;0.06136722319707601;0.10335756790598116;0.08200243269990737;0.028175385295755702;0.02163663483905982;0.02617919421005247;0.07679321703223921;0.06903114048106884;0.07534702490600065;0.3812976000106211;0.08849501111723637;0.028904478877308362;0.09161778805944497;0.08936529256350667;0.07311045701735222;0.02815945826512027;0.500317736513688;0.11273854078703509;0.08352397545185981;0.0;0.026324709233402892;0.07777827821410081;0.10523606290669221;0.09729722038323348;0.02527346251822109;0.08856459857435622;0.08560417861597226;0.09770070398953418;0.0818629702705181;0.0;0.0;0.10229796625589639;0.12332134624224629;0.08605990826290434;0.3995647520976901;0.07311045701735222;0.6292079346400649;0.0;0.0;0.0;0.0721674508407316;0.0;0.02056256764078293;0.06571767729436781;0.0;0.030322188550768986;0.06558777375215778;0.0;0.08327660083077144;0.09823604893503576;0.0721674508407316
GO:0007188;0.09351568195877956;0.0723095596143837;0.07357976820902962;0.03181673197432882;0.0873412668483225;0.0;0.03731234954902101;0.29108422344710827;0.07391273311841494;0.031922335057749204;0.07010234710485684;0.10055609643334235;0.0;0.0;0.0;0.08088473105902703;0.08455358644251262;0.3569050992385567;0.09648392524167922;0.0;0.07299851139424396;0.2177571867445891;0.0877730482424699;0.0877730482424699;0.03527854040242327;0.09247210729749258;1.0;0.25081238310179965;0.20929669031752707;0.2449076839267785;0.0;0.0;0.08933841075533043;0.2492811813085651;0.08798222759330132;0.06651348119727922;0.1167457451761382;0.09021010557008301;0.031367596160601884;0.023470889970637565;0.028913154633778495;0.08394574672267804;0.07561197607153725;0.08222063764837241;0.05922224524707469;0.25989281302712003;0.03227391531939634;0.10198479370908409;0.2627299760741628;0.07956458239104884;0.031347856951369255;0.06393949091957193;0.1288567884024488;0.24380273603554314;0.0;0.029090752774123107;0.0851242588588874;0.31555761028845314;0.10907197063306999;0.027812346440598424;0.2601194482761698;0.09458818307712388;0.11142628539725286;0.09004135695631559;0.0;0.0;0.30561952798663305;0.37838402256167153;0.530431480080151;0.05013050866920169;0.21072275917001282;0.08237252848383321;0.0;0.0;0.0;0.07844900196876553;0.0;0.02221229118145525;0.0716547533893265;0.0;0.03405158299875707;0.0707352824998966;0.0;0.09304595593998866;0.11025315902538424;0.07844900196876553
GO:0007266;0.0865925829943522;0.06809962056088802;0.06922507795988793;0.02922851829687202;0.08127252531522038;0.0;0.033802128952951635;0.2660820381468554;0.06829103885620481;0.02931761503727987;0.06502543042457445;0.09259570120619993;0.0;0.0;0.0;0.07499190496435187;0.07885341473048998;0.6207031066913852;0.08913164135632826;0.0;0.06816442432664378;0.39460084677282375;0.08164625991489138;0.08164625991489138;0.03212438432269164;0.08569706367046433;0.25081238310179965;1.0;0.19605098374614127;0.22696432466212632;0.0;0.0;0.08299903268139489;0.23071553487132973;0.08182722583658378;0.06247639228086218;0.10615077738902211;0.08375088664467746;0.028849046811263025;0.022031708705166797;0.02675979751513024;0.07832451110526596;0.07043782373821927;0.07682063313575468;0.05555775319443151;0.23977666047418558;0.0296138950461624;0.0938057889276124;0.24218957956222462;0.07449707480205332;0.028832349284236287;0.059688921188117236;0.11606996793965318;0.22601504155601895;0.0;0.026911857334483952;0.07934951134790379;0.2863851598007202;0.09976855856141018;0.025814171192790808;0.23996955656198632;0.08751138444923182;0.10054249874094523;0.08360541885768445;0.0;0.0;0.2781757376702164;0.3371970137152988;0.2330309680884824;0.0474796078678862;0.197301722457725;0.07545056746556504;0.0;0.0;0.0;0.07351819864341962;0.0;0.020919068091574542;0.0669913154212903;0.0;0.03110384336312858;0.0667015471606305;0.0;0.08533240778282519;0.10075592706595018;0.07351819864341962
GO:0048012;0.07329824071132221;0.05959856069666081;0.06045879382841808;0.024371366747052696;0.06945003809008121;0.0;0.02747061692506122;0.21982361203465575;0.0575644937945887;0.024433280630625713;0.055226623899512925;0.07755427034540745;0.0;0.0;0.0;0.06363388276783323;0.06767585792175514;0.25539292129917324;0.0751093627406264;0.0;0.05864918612382738;0.17525593128460665;0.06972276648428098;0.06972276648428098;0.026352129467078544;0.07265556665158078;0.20929669031752707;0.19605098374614127;1.0;0.5541535599630248;0.0;0.0;0.0707068951991919;0.5618991750442373;0.06985469323827521;0.054388701518186054;0.0868423335003293;0.07125181014331403;0.024106965613491845;0.019154254597201287;0.022630534039172655;0.06728590139753303;0.06032438723102933;0.06617303721314609;0.04824415889286643;0.3268020614884401;0.02463871734313314;0.0784013527513156;0.32956208325754105;0.06444168885358036;0.024095305154783614;0.05132906949168079;0.09337022746264595;0.3108899842732849;0.0;0.02273919105887121;0.06804095273256552;0.3785959526148247;0.08252352384796391;0.021950519573941625;0.3270230316194525;0.07395550568218885;0.08112821044847811;0.07114649461741367;0.0;0.0;0.6566431850873061;0.4316263400510448;0.19676759691667986;0.042033967468315836;0.2767250587005408;0.06256913616119779;0.0;0.0;0.0;0.06370792878581515;0.0;0.018307684229438067;0.05777864084202347;0.0;0.025661447005614003;0.0585250000880146;0.0;0.07092700170738171;0.08319790453028489;0.06370792878581515
GO:0048010;0.08472478789269494;0.06693907433949718;0.06802619257744044;0.02853723028483751;0.07962500315692593;0.0;0.03288098134048466;0.2594459991843677;0.06677856563307187;0.028622156260740023;0.06365269475441498;0.09046314467395002;0.0;0.0;0.0;0.07339950249478215;0.07730157490010064;0.31048186015696794;0.08715395662990029;0.0;0.06684622823664489;0.19955277217957673;0.07998370552127355;0.07998370552127355;0.031291281570083755;0.08386729319675622;0.2449076839267785;0.22696432466212632;0.5541535599630248;1.0;0.0;0.0;0.0812815086046321;0.6500097436714815;0.08015736866109967;0.06136722319707601;0.10335756790598116;0.08200243269990737;0.028175385295755702;0.02163663483905982;0.02617919421005247;0.07679321703223921;0.06903114048106884;0.07534702490600065;0.054552566456402204;0.3800146703442838;0.028904478877308362;0.09161778805944497;0.38375182696741844;0.07311045701735222;0.02815945826512027;0.058530247933843545;0.11273854078703509;0.358668083053107;0.0;0.026324709233402892;0.07777827821410081;0.45190398022366896;0.09729722038323348;0.02527346251822109;0.38031349232581296;0.08560417861597226;0.09770070398953418;0.0818629702705181;0.0;0.0;0.7802400392737008;0.5295656799972164;0.22792530015362192;0.04674354375054762;0.3139504235483131;0.07360861654245406;0.0;0.0;0.0;0.0721674508407316;0.0;0.02056256764078293;0.06571767729436781;0.0;0.030322188550768986;0.06558777375215778;0.0;0.08327660083077144;0.09823604893503576;0.0721674508407316
GO:0002369;0.0;0.0;0.0;0.0;0.0;0.26038315336218076;0.0;0.0;0.0;0.0;0.0;0.0;0.0;0.19963916496533962;0.0;0.0;0.0;0.0;0.0;0.0;0.0;0.0;0.0;0.0;0.5171442511785178;0.0;0.0;0.0;0.0;0.0;1.0;0.0;0.0;0.0;0.0;0.0;0.0;0.0;0.0;0.0;0.0;0.0;0.0;0.0;0.21472511480443907;0.0;0.0;0.0;0.4630331057043742;0.0;0.0;0.0;0.0;0.3115612829150907;0.1624620199450083;0.1816070755531566;0.0;0.0;0.0;0.0;0.32761535233998484;0.0;0.0;0.30621191586173313;0.18056738995306856;0.0;0.0;0.0;0.0;0.0;0.2775267591112905;0.0;0.0;0.0;0.49353650142721583;0.0;0.0;0.36014802507719096;0.0;0.2013693955290527;0.35913248016687477;0.0;0.4260855349035656;0.0;0.0;0.0
GO:0045342;0.0;0.0;0.0;0.11715491599722376;0.0;0.0;0.0;0.1215857282078416;0.0;0.0;0.0;0.0;0.0;0.0;0.0;0.0;0.0;0.0;0.0;0.0;0.0;0.0;0.0;0.0;0.0;0.0;0.0;0.0;0.0;0.0;0.0;1.0;0.0;0.0;0.0;0.0;0.0;0.0;0.11610332219056299;0.0;0.11015717849411376;0.0;0.0;0.0;0.0;0.0;0.0;0.0;0.0;0.0;0.08042709966827503;0.0;0.0;0.0;0.0;0.0;0.0;0.0;0.0;0.0;0.0;0.0;0.0;0.0;0.0;0.0;0.0;0.0;0.0;0.0;0.0;0.0;0.0;0.0;0.0;0.0;0.0;0.0;0.0;0.0;0.0;0.0;0.0;0.0;0.0;0.0
GO:0051496;0.21905948269805356;0.06528148223165983;0.28298380630153747;0.0;0.20626035456742736;0.0;0.0;0.09445174967600527;0.06464536701045452;0.0;0.06171162743918084;0.23340401643012434;0.0;0.0;0.0;0.19471283348554325;0.7313775322984433;0.11224040523914947;0.22513920795144285;0.0;0.17781530225420059;0.07325338602931719;0.45110306769132585;0.45110306769132585;0.0;0.0812815086046321;0.08933841075533043;0.08299903268139489;0.0707068951991919;0.0812815086046321;0.0;0.0;1.0;0.0825546061703084;0.18735133150120797;0.16361637760667253;0.09945822916068679;0.4621450961414836;0.0;0.0;0.0;0.43361823515438547;0.1834593711177009;0.195486615201483;0.053120593203753556;0.08562088089744381;0.0;0.23628305825926543;0.20816733093387782;0.18984045813694247;0.0;0.05688498683773112;0.28851979755409357;0.1949784355857333;0.0;0.0;0.20161369460019773;0.10119646717712417;0.2504090164339016;0.0;0.20636281769371578;0.22126167559228269;0.09375253296019197;0.211882981281022;0.0;0.0;0.09847669027216775;0.11781035545970546;0.08333934443235604;0.04568822721265829;0.17132507424704566;0.07102517998390256;0.0;0.0;0.0;0.18745706905037113;0.0;0.0;0.17489597864368536;0.0;0.0;0.37188185330587914;0.0;0.0803909395733511;0.2527384315767246;0.18745706905037113
GO:0048013;0.08610895145798445;0.06780014531257046;0.06891564477017115;0.029049239248283443;0.08084634853796568;0.0;0.03356258378384734;0.2643593597392776;0.06789924006527702;0.029137244709379416;0.06467010908756464;0.09204290284264816;0.0;0.0;0.0;0.07457968611473768;0.07845216839979591;0.31754467850177054;0.08861931592505735;0.0;0.06782367734741562;0.20244681991396313;0.08121616491854916;0.08121616491854916;0.031907952198834036;0.0852233562456071;0.2492811813085651;0.23071553487132973;0.5618991750442373;0.6500097436714815;0.0;0.0;0.0825546061703084;1.0;0.08139522719189178;0.062190020937943784;0.10542491871537256;0.08329839386056433;0.028674378765410288;0.02192969260898353;0.026609446405460382;0.07792861587242146;0.0700740294044619;0.07643975784245786;0.05529816207592622;0.3865040238061054;0.029429872140563668;0.09323849191360813;0.39037055530602793;0.07413883766130161;0.028657882760567;0.059389393428794686;0.1152026705721074;0.3644433195451975;0.0;0.02675979751513024;0.07894321335796155;0.46111055916778804;0.09912709543667841;0.02567423063535463;0.38681314279687007;0.08701746446755527;0.09980291761094925;0.08315449235571279;0.0;0.0;0.7956831861834827;0.5422529685538283;0.23170860789399628;0.047289889281872693;0.3183664886627764;0.07497259868205579;0.0;0.0;0.0;0.07316929192947007;0.0;0.020827074288089328;0.06666216770412631;0.0;0.030900900785912917;0.06641421610033017;0.0;0.08479907531079957;0.10010174614550647;0.07316929192947007
