;GO:0043507;GO:0060244;GO:0061052;GO:0046777;GO:1901985;GO:0048754;GO:0006887;GO:0023014;GO:0032091;GO:0060326;GO:0006879;GO:0000187;GO:0006913;GO:0001666;GO:0015707;GO:0032729;GO:0031116;GO:0035556;GO:0033138;GO:0070839;GO:0046827;GO:0007263;GO:0060999;GO:0045773;GO:0043312;GO:0045454;GO:0007188;GO:0007266;GO:0048012;GO:0048010;GO:0002369;GO:0045342;GO:0051496;GO:0048013;GO:0048255;GO:0002606;GO:0010469;GO:0050766;GO:0018105;GO:0071800;GO:0018107;GO:0060143;GO:0090314;GO:2001275;GO:0060586;GO:0038095;GO:0048812;GO:0043123;GO:0038096;GO:1904754;GO:0022900;GO:0007035;GO:0045944;GO:0002223;GO:0042832;GO:0032869;GO:1904707;GO:0019221;GO:0032147;GO:0031532;GO:0050852;GO:0051149;GO:0050776;GO:0031295;GO:0050829;GO:1902023;GO:0007169;GO:0007166;GO:0007200;GO:0006876;GO:0002430;GO:0007204;GO:0070574;GO:0071421;GO:0045087;GO:0033148;GO:0006909;GO:0002309;GO:0002827;GO:0032496;GO:0050900;GO:0051835;GO:0019730;GO:0001818;GO:0071902;GO:0010763
GO:0043507;1.0;0.24339120699145883;0.3039312221770384;0.0;0.5879264008237968;0.0;0.0;0.3261931057968629;0.4071510635561374;0.0;0.18865305016995987;0.7715599576006832;0.0;0.0;0.0;0.32451833055704343;0.3440857147867974;0.37889866320935955;0.6055449249528575;0.0;0.331079516939373;0.2602208719763758;0.3202297233220569;0.3595744535800657;0.0;0.27289121433359137;0.31612780891731335;0.2602208719763758;0.24339120699145883;0.2868952598771689;0.0;0.0;0.3174113268860042;0.24339120699145883;0.3940563493564619;0.32451833055704343;0.514196907013464;0.37563240206589876;0.0;0.0;0.0;0.36655939564910633;0.3146736076411672;0.40163187113775084;0.19741516592327513;0.32076088716195533;0.0;0.6010882938536755;0.3548169269602231;0.2906087723243435;0.0;0.15845718039561757;0.48083859234367743;0.3548169269602231;0.0;0.0;0.3174113268860042;0.3423941187380687;0.6911643764652999;0.0;0.3548169269602231;0.405636667605127;0.5059016839934365;0.30743843730926046;0.0;0.0;0.34854173389275933;0.39900101489354023;0.2992981439323964;0.1579784681236932;0.37164659194514005;0.22073434114881246;0.0;0.0;0.0;0.46825103452039885;0.0;0.0;0.39550258340988054;0.0;0.0;0.3329000656792725;0.0;0.3485826149406543;0.7912494034324358;0.3202297233220569
GO:0060244;0.24339120699145883;1.0;0.38530533618824175;0.0;0.29956560223438455;0.0;0.0;0.46952626835587463;0.3298097051550775;0.0;0.2414025049521108;0.256978719853612;0.0;0.0;0.0;0.26675402025138994;0.2832212090999459;0.5222318257683712;0.24057281055540614;0.0;0.27001153834718855;0.41756530308425166;0.41756530308425166;0.42741002600012795;0.0;0.3256406691157423;0.4734722400251893;0.41756530308425166;0.40073563809933477;0.4442396909850449;0.0;0.0;0.23923188436375753;0.40073563809933477;0.3625159325379578;0.26675402025138994;0.42773091795977247;0.3147678963790473;0.0;0.0;0.0;0.309836207534499;0.25690929733551365;0.27617687756466514;0.3042227565413432;0.41756530308425166;0.0;0.2659062722645507;0.40073563809933477;0.22374314557048924;0.0;0.18058550093835818;0.33719977645849797;0.40073563809933477;0.0;0.0;0.46194292088315686;0.4997385498459446;0.3037663092728688;0.0;0.40073563809933477;0.34891347949051965;0.43752644334439605;0.3424703341006592;0.0;0.0;0.5058861650006352;0.5423341774525519;0.4566425750402724;0.2178139717893584;0.41756530308425166;0.2674207901853377;0.0;0.0;0.0;0.23923188436375753;0.0;0.0;0.23395034462272646;0.0;0.0;0.40073563809933477;0.0;0.46220384038280327;0.3046493183723101;0.2560615493486744
GO:0061052;0.3039312221770384;0.38530533618824175;1.0;0.0;0.29956560223438455;0.0;0.0;0.3676287448106216;0.2773759731609016;0.0;0.1817962747617866;0.31751873503919154;0.0;0.0;0.0;0.33808733187804463;0.39006054674655466;0.4203343022231182;0.24057281055540614;0.0;0.25452279955392026;0.2733764861840696;0.42358436736839644;0.5817303178989;0.0;0.3256406691157423;0.32928342312500725;0.2733764861840696;0.25654682119915273;0.30005087408486286;0.0;0.0;0.32644116564485387;0.25654682119915273;0.34288587617244537;0.24943908341599474;0.43880714159427486;0.42160723402565603;0.0;0.0;0.0;0.4197067258050119;0.23959436050011845;0.3367168927502447;0.20232523299609012;0.3339165013696492;0.0;0.32644628745013027;0.3170868363847323;0.22374314557048924;0.0;0.15006105006441733;0.33719977645849797;0.3170868363847323;0.0;0.0;0.25654682119915273;0.375179789311275;0.2769637547112081;0.0;0.3170868363847323;0.6105133449917288;0.5145336473785316;0.24057281055540614;0.0;0.0;0.36169734810045323;0.4404366539072988;0.33208381450560276;0.15286144144501296;0.3339165013696492;0.21233821081761228;0.0;0.0;0.0;0.2997718995493371;0.0;0.0;0.310957548656862;0.0;0.0;0.38604739583517805;0.0;0.5598508969903611;0.2778467638106494;0.2560615493486744
GO:0046777;0.0;0.0;0.0;1.0;0.0;0.0;0.36256184348602655;0.7486142576714923;0.0;0.38746126085668336;0.25410526025597097;0.0;0.0;0.0;0.0;0.0;0.0;0.41879164314872747;0.0;0.0;0.0;0.3141251204646079;0.0;0.0;0.2799805186442958;0.2799805186442958;0.3700320574055455;0.3141251204646079;0.297295455479691;0.34079950836540107;0.0;0.3727887913901154;0.0;0.297295455479691;0.0;0.0;0.0;0.0;0.7455752872717663;0.2799805186442958;0.7380447025948469;0.0;0.0;0.0;0.0;0.3141251204646079;0.3836195702676986;0.0;0.297295455479691;0.0;0.40190023628463095;0.21222759691935472;0.0;0.297295455479691;0.0;0.22592238280837867;0.0;0.3962983672263008;0.0;0.2644917798510275;0.297295455479691;0.0;0.0;0.0;0.0;0.0;0.40244598238099144;0.4388939948329081;0.35320239242062856;0.22592238280837867;0.3141251204646079;0.2839923753988151;0.0;0.0;0.0;0.0;0.0;0.3136398486141296;0.0;0.0;0.37939150847094344;0.0;0.0;0.0;0.0;0.0
GO:1901985;0.5879264008237968;0.29956560223438455;0.29956560223438455;0.0;1.0;0.0;0.0;0.3856711693263196;0.31090713646986795;0.0;0.22373012798050707;0.6015139136859499;0.0;0.0;0.0;0.3666814572511049;0.40356377831625406;0.4383767267388162;0.6307029660292038;0.0;0.3717651733890304;0.30090652842603316;0.3609153797717143;0.42319383468176647;0.0;0.33651059543529216;0.3568134653669708;0.30090652842603316;0.28407686344111627;0.3275809163268264;0.0;0.0;0.3595744535800657;0.28407686344111627;0.4675456814347828;0.3666814572511049;0.4016558510784147;0.43511046559535543;0.0;0.0;0.0;0.4301787767508071;0.3568367343352286;0.3965194467809733;0.23585639630505645;0.30090652842603316;0.0;0.38624884148085886;0.32451833055704343;0.3440857147867974;0.0;0.19307983109964927;0.5543279244219983;0.32451833055704343;0.0;0.0;0.3768893904154609;0.3985685139809944;0.661092789118003;0.0;0.32451833055704343;0.4692560487068278;0.4382539310246989;0.3609153797717143;0.0;0.0;0.38922739034241677;0.45847907842299684;0.3554725391753222;0.19356510295012747;0.3413479955419603;0.2553569918528442;0.0;0.0;0.0;0.3595744535800657;0.0;0.0;0.33718144990897236;0.0;0.0;0.3965194467809733;0.0;0.3892682713903117;0.6619757982174443;0.37640411856498257
GO:0048754;0.0;0.0;0.0;0.0;0.0;1.0;0.0;0.0;0.0;0.0;0.0;0.0;0.0;0.0;0.0;0.0;0.0;0.0;0.0;0.0;0.0;0.0;0.0;0.0;0.0;0.0;0.0;0.0;0.0;0.0;0.6010338721804835;0.0;0.0;0.0;0.0;0.0;0.0;0.0;0.0;0.0;0.0;0.0;0.0;0.0;0.5250832488557207;0.0;0.6705677652102349;0.0;0.0;0.0;0.0;0.0;0.0;0.0;0.0;0.0;0.0;0.0;0.0;0.0;0.0;0.0;0.0;0.0;0.0;0.0;0.0;0.0;0.0;0.0;0.0;0.0;0.0;0.0;0.0;0.0;0.0;0.0;0.0;0.0;0.0;0.0;0.0;0.0;0.0;0.0
GO:0006887;0.0;0.0;0.0;0.36256184348602655;0.0;0.0;1.0;0.49465799718227704;0.0;0.5160331723027296;0.33024343970784137;0.0;0.5532527838818762;0.0;0.4881749332938083;0.0;0.0;0.5473635545947737;0.0;0.44575547327801196;0.0;0.4426970319106541;0.0;0.0;0.713623628067763;0.3930636912970737;0.4986039688515917;0.4426970319106541;0.4258673669257372;0.4693714198114473;0.0;0.0;0.0;0.4258673669257372;0.0;0.0;0.0;0.0;0.3724065664019028;0.34359989974599653;0.36487598172498353;0.0;0.0;0.0;0.0;0.4426970319106541;0.512191481713745;0.0;0.4258673669257372;0.0;0.43775233366687977;0.2811932781750769;0.0;0.4258673669257372;0.0;0.3066549065450889;0.0;0.5248702786723471;0.0;0.3662611367354131;0.4258673669257372;0.0;0.0;0.0;0.0;0.5316789861795184;0.5310178938270378;0.5674659062789543;0.4817743038666748;0.3066549065450889;0.4426970319106541;0.3562617249410683;0.4190810853772187;0.44575547327801196;0.0;0.0;0.6532797956066071;0.3772592297158304;0.0;0.0;0.4430108895726443;0.0;0.0;0.0;0.0;0.0
GO:0023014;0.3261931057968629;0.46952626835587463;0.3676287448106216;0.7486142576714923;0.3856711693263196;0.0;0.49465799718227704;1.0;0.3986003354116173;0.5445337710724676;0.33194148391591866;0.32576935011015185;0.0;0.0;0.0;0.33554465050792975;0.37164189572199813;0.7088238164655607;0.3248521796052143;0.0;0.3388021686037284;0.604157293781441;0.4863559333407915;0.49620065625666776;0.4543679656954753;0.42723497500094565;0.6600642307223787;0.604157293781441;0.5873276287965241;0.6308316816822342;0.0;0.40530254107123004;0.3253374514556926;0.5873276287965241;0.37164189572199813;0.33554465050792975;0.4965215482163123;0.4031885830010995;0.7584589805873685;0.4543679656954753;0.7509283959104491;0.40128807478045536;0.3256999275920535;0.3676287448106216;0.37301338679788304;0.604157293781441;0.5406920804834829;0.3520118393564857;0.5873276287965241;0.3080225146202974;0.48387777751682276;0.2801938696026824;0.4214791455083061;0.5873276287965241;0.0;0.31017914879529324;0.344967507821205;0.6863305405431339;0.3725569395294086;0.3792729967118828;0.5873276287965241;0.4403653467364761;0.5063170736009359;0.41126096435719905;0.0;0.0;0.6924781556978246;0.7289261681497412;0.6432345657374617;0.31017914879529324;0.604157293781441;0.35648229890474153;0.0;0.0;0.0;0.3253374514556926;0.0;0.48802729566530906;0.30274097487926627;0.0;0.5537789555221229;0.46952626835587463;0.0;0.4501589157704004;0.3734399486288499;0.3421671164406095
GO:0032091;0.4071510635561374;0.3298097051550775;0.2773759731609016;0.0;0.31090713646986795;0.0;0.0;0.3986003354116173;1.0;0.0;0.2669894535658451;0.43352986243108704;0.0;0.0;0.0;0.30405036106169475;0.2900390925128305;0.451305892824114;0.2556362411031697;0.0;0.31061154744402436;0.3466393701399944;0.3466393701399944;0.3791453300452872;0.0;0.3101796487895651;0.40254630708093203;0.3466393701399944;0.3298097051550775;0.3733137580407876;0.0;0.0;0.2505734185992409;0.3298097051550775;0.31953909985496304;0.30405036106169475;0.6042820605372474;0.3355970483407961;0.0;0.0;0.0;0.3265240419240037;0.2942056381458185;0.2773759731609016;0.2928647119541699;0.3466393701399944;0.0;0.2900390925128305;0.3298097051550775;0.2505734185992409;0.0;0.23459940795549433;0.36403004948724965;0.3298097051550775;0.0;0.0;0.26336470461203737;0.4288126169016873;0.4803174518503438;0.0;0.3298097051550775;0.35011257508675614;0.46533516642843537;0.3096943769390868;0.0;0.0;0.43496023205637796;0.4714082445082946;0.3857166420960151;0.2388065761182528;0.3466393701399944;0.2968765687086892;0.0;0.0;0.0;0.26336470461203737;0.0;0.0;0.27724780650003406;0.0;0.0;0.3524709421444941;0.0;0.4145233087519213;0.4812004609497851;0.28019436959695426
GO:0060326;0.0;0.0;0.0;0.38746126085668336;0.0;0.0;0.5160331723027296;0.5445337710724676;0.0;1.0;0.3533166590363712;0.0;0.0;0.0;0.0;0.0;0.0;0.5972393284849642;0.0;0.0;0.0;0.49257280580084467;0.0;0.0;0.4757431408159278;0.4334518474609988;0.5484797427417822;0.49257280580084467;0.4757431408159278;0.5192471937016379;0.0;0.0;0.0;0.4757431408159278;0.0;0.0;0.0;0.0;0.3973059837725596;0.4757431408159278;0.3897753990956403;0.0;0.0;0.0;0.0;0.49257280580084467;0.5620672556039354;0.0;0.4757431408159278;0.0;0.47213936876380197;0.3015690447231349;0.0;0.4757431408159278;0.0;0.33155432391574574;0.0;0.5747460525625376;0.0;0.4006481718323353;0.4757431408159278;0.0;0.0;0.0;0.0;0.0;0.5808936677172283;0.6173416801691449;0.5316500777568653;0.33155432391574574;0.49257280580084467;0.3778574740251941;0.0;0.0;0.0;0.0;0.0;0.5094024707857616;0.0;0.0;0.7621351585305312;0.0;0.0;0.0;0.0;0.0
GO:0006879;0.18865305016995987;0.2414025049521108;0.1817962747617866;0.25410526025597097;0.22373012798050707;0.0;0.33024343970784137;0.33194148391591866;0.2669894535658451;0.3533166590363712;1.0;0.20224056303211302;0.0;0.0;0.0;0.2084706626625798;0.1989830449363143;0.3846470413284153;0.17182338518504298;0.0;0.2195554998675081;0.2799805186442958;0.25823216993702774;0.268076892852904;0.24766211486611056;0.4997043147646903;0.33588745558523336;0.2799805186442958;0.26315085365937885;0.3066549065450889;0.0;0.0;0.16339641010988004;0.26315085365937885;0.3388455813404175;0.2084706626625798;0.3166901992344802;0.24001734994168117;0.26394998317184726;0.24766211486611056;0.25641939849492795;0.22559804337086747;0.19862593974670356;0.1817962747617866;0.7830798325564694;0.2799805186442958;0.3494749684473865;0.1989830449363143;0.26315085365937885;0.16339641010988004;0.30514204324871297;0.5154792892004926;0.27685304099788877;0.26315085365937885;0.0;0.1981983233150334;0.17230865703552112;0.3621537654059887;0.2434195738122596;0.2336508463172463;0.26315085365937885;0.25453287668764113;0.3579886255483323;0.23142961537536705;0.0;0.0;0.36830138056067935;0.404749393012596;0.3190577906003164;0.7460701985068157;0.2799805186442958;0.652073954994871;0.0;0.0;0.0;0.17230865703552112;0.0;0.2813214448359444;0.19007079801067323;0.0;0.34707310469275826;0.2414025049521108;0.0;0.31359731019878506;0.24430258291170087;0.18913832202043807
GO:0000187;0.7715599576006832;0.256978719853612;0.31751873503919154;0.0;0.6015139136859499;0.0;0.0;0.32576935011015185;0.43352986243108704;0.0;0.20224056303211302;1.0;0.0;0.0;0.0;0.3113032888575359;0.3436619591000863;0.37847490752264845;0.6191324378150106;0.0;0.32010890130774156;0.2738083848385289;0.33381723618421;0.35767322764895054;0.0;0.27098998840247623;0.3297153217794665;0.2738083848385289;0.256978719853612;0.3004827727393221;0.0;0.0;0.30419628518649666;0.256978719853612;0.40764386221861504;0.3113032888575359;0.5277844198756172;0.37520864637918766;0.0;0.0;0.0;0.3646581697179912;0.3014585659416596;0.415219383999904;0.21100267878542828;0.3343484000241084;0.0;0.6146758067158287;0.36840443982237625;0.2924294427055085;0.0;0.17204469325777066;0.4944261052058306;0.36840443982237625;0.0;0.0;0.3169875711992931;0.35598163160022184;0.8653261555843543;0.0;0.36840443982237625;0.4037354416740119;0.5194891968555896;0.3092591076904254;0.0;0.0;0.3621292467549125;0.39857725920682907;0.3128856567945496;0.17156598098584636;0.38523410480729314;0.2343218540109656;0.0;0.0;0.0;0.481838547382552;0.0;0.0;0.4090900962720337;0.0;0.0;0.33099883974815736;0.0;0.33761199930902286;0.804836916294589;0.32102595017141355
GO:0006913;0.0;0.0;0.0;0.0;0.0;0.0;0.5532527838818762;0.0;0.0;0.0;0.0;0.0;1.0;0.0;0.47067145904014535;0.0;0.0;0.0;0.0;0.43773961675061435;0.0;0.0;0.0;0.0;0.5725689825853983;0.0;0.0;0.0;0.0;0.0;0.0;0.0;0.0;0.0;0.0;0.0;0.0;0.0;0.0;0.0;0.0;0.0;0.0;0.0;0.0;0.0;0.0;0.0;0.0;0.0;0.0;0.0;0.0;0.0;0.0;0.0;0.0;0.0;0.0;0.0;0.0;0.0;0.0;0.0;0.0;0.6160730354711086;0.0;0.0;0.0;0.0;0.0;0.0;0.41106522884982116;0.43773961675061435;0.0;0.0;0.46483988703564566;0.0;0.0;0.0;0.0;0.0;0.0;0.0;0.0;0.0
GO:0001666;0.0;0.0;0.0;0.0;0.0;0.0;0.0;0.0;0.0;0.0;0.0;0.0;0.0;1.0;0.0;0.0;0.0;0.0;0.0;0.0;0.0;0.0;0.0;0.0;0.0;0.0;0.0;0.0;0.0;0.0;0.501647422225252;0.0;0.0;0.0;0.0;0.0;0.0;0.0;0.0;0.0;0.0;0.0;0.0;0.0;0.0;0.0;0.0;0.0;0.0;0.0;0.0;0.0;0.0;0.0;0.5247338749011929;0.36609056871016515;0.0;0.0;0.0;0.0;0.0;0.0;0.0;0.0;0.4811016553546155;0.0;0.0;0.0;0.0;0.0;0.0;0.0;0.0;0.0;0.6207310492473191;0.0;0.0;0.0;0.0;0.4946624801562114;0.0;0.0;0.45188591495080427;0.0;0.0;0.0
GO:0015707;0.0;0.0;0.0;0.0;0.0;0.0;0.4881749332938083;0.0;0.0;0.0;0.0;0.0;0.47067145904014535;0.0;1.0;0.0;0.0;0.0;0.0;0.4093050633165199;0.0;0.0;0.0;0.0;0.3561298169010004;0.0;0.0;0.0;0.0;0.0;0.0;0.0;0.0;0.0;0.0;0.0;0.0;0.0;0.0;0.0;0.0;0.0;0.0;0.0;0.0;0.0;0.0;0.0;0.0;0.0;0.0;0.0;0.0;0.0;0.0;0.0;0.0;0.0;0.0;0.0;0.0;0.0;0.0;0.0;0.0;0.516939968929091;0.0;0.0;0.0;0.0;0.0;0.0;0.3826306754157267;0.4093050633165199;0.0;0.0;0.39562071887533384;0.0;0.0;0.0;0.0;0.0;0.0;0.0;0.0;0.0
GO:0032729;0.32451833055704343;0.26675402025138994;0.33808733187804463;0.0;0.3666814572511049;0.0;0.0;0.33554465050792975;0.30405036106169475;0.0;0.2084706626625798;0.3113032888575359;0.0;0.0;0.0;1.0;0.35033706411666626;0.3882502079204264;0.30768866557212654;0.0;0.37090951904786007;0.2835836852363069;0.4118883724616954;0.44136315174308405;0.0;0.28638407661690235;0.33949062217724446;0.2835836852363069;0.26675402025138994;0.3102580731371;0.0;0.0;0.3432927325813855;0.26675402025138994;0.33302212728127106;0.36996712048217867;0.36884426909542006;0.40151380776128004;0.0;0.0;0.0;0.3996132995406359;0.36012239756630243;0.3432927325813855;0.2289996208968833;0.2835836852363069;0.0;0.35033706411666626;0.3236626762158731;0.3063477393804779;0.0;0.17673543796521057;0.4198043702684866;0.3236626762158731;0.0;0.0;0.3236626762158731;0.3657569319979998;0.34407960972792845;0.0;0.3236626762158731;0.41602933450724;0.44153959425577266;0.3231774043653948;0.0;0.0;0.37190454715269045;0.4083525596046071;0.3226609571923275;0.17953582934580614;0.34049234120079;0.23901259871840547;0.0;0.0;0.0;0.3236626762158731;0.0;0.0;0.33302212728127106;0.0;0.0;0.3432927325813855;0.0;0.6462796895477656;0.3449626188273697;0.34049234120079
GO:0031116;0.3440857147867974;0.2832212090999459;0.39006054674655466;0.0;0.40356377831625406;0.0;0.0;0.37164189572199813;0.2900390925128305;0.0;0.1989830449363143;0.3436619591000863;0.0;0.0;0.0;0.35033706411666626;1.0;0.4243474531344948;0.3427447885951488;0.0;0.35359458221246487;0.28273593724946766;0.46529605397960333;0.49780201388489614;0.0;0.3255125024548749;0.33864287419040523;0.28273593724946766;0.2659062722645507;0.3094103251502608;0.0;0.0;0.6628330134055278;0.2659062722645507;0.3175333884880028;0.35033706411666626;0.38531145794397603;0.556151255725658;0.0;0.0;0.0;0.5643931861442608;0.34049234120079;0.385521353800556;0.21498835234801905;0.28273593724946766;0.0;0.3699044483464202;0.3063477393804779;0.32591512361023184;0.0;0.1678231910395695;0.4238830157049723;0.3063477393804779;0.0;0.0;0.36286011681113944;0.38222412084655577;0.37643827997047885;0.0;0.3063477393804779;0.45825795572641054;0.42190953789026026;0.3427447885951488;0.0;0.0;0.3710567991658512;0.44444980481867546;0.3391281460408835;0.16939339070655912;0.3231774043653948;0.2301003517927644;0.0;0.0;0.0;0.34323006044562704;0.0;0.0;0.3175333884880028;0.0;0.0;0.530733856174427;0.0;0.3710976802137462;0.37732128906992013;0.360059725430544
GO:0035556;0.37889866320935955;0.5222318257683712;0.4203343022231182;0.41879164314872747;0.4383767267388162;0.0;0.5473635545947737;0.7088238164655607;0.451305892824114;0.5972393284849642;0.3846470413284153;0.37847490752264845;0.0;0.0;0.0;0.3882502079204264;0.4243474531344948;1.0;0.3775577370177109;0.0;0.391507726016225;0.7338297235803032;0.5390614907532881;0.5489062136691645;0.5070735231079719;0.47994053241344226;0.7127697881348753;0.7338297235803032;0.6400331862090207;0.683537239094731;0.0;0.0;0.3780430088681892;0.6400331862090207;0.4243474531344948;0.3882502079204264;0.5492271056288089;0.45589414041359616;0.4286363660646037;0.5070735231079719;0.4211057813876844;0.453993632192952;0.3784054850045501;0.4203343022231182;0.42571894421037965;0.6568628511939376;0.5933976378959795;0.4047173967689824;0.6400331862090207;0.360728072032794;0.5034697510558461;0.332899427015179;0.4741847029208027;0.6400331862090207;0.0;0.36288470620778984;0.3976730652337016;0.7390360979556306;0.42526249694190527;0.4319785541243794;0.6400331862090207;0.4930709041489727;0.5590226310134325;0.46396652176969566;0.0;0.0;0.7451837131103213;0.7816317255622379;0.6959401231499585;0.36288470620778984;0.6568628511939376;0.4091878563172382;0.0;0.0;0.0;0.3780430088681892;0.0;0.5407328530778057;0.35544653229176293;0.0;0.6064845129346196;0.5222318257683712;0.0;0.5028644731828971;0.42614550604134654;0.3948726738531061
GO:0033138;0.6055449249528575;0.24057281055540614;0.24057281055540614;0.0;0.6307029660292038;0.0;0.0;0.3248521796052143;0.2556362411031697;0.0;0.17182338518504298;0.6191324378150106;0.0;0.0;0.0;0.30768866557212654;0.3427447885951488;0.3775577370177109;1.0;0.0;0.31424985195445604;0.24339120699145883;0.30340005833713996;0.360059725430544;0.0;0.2733764861840696;0.2992981439323964;0.24339120699145883;0.22656154200654188;0.270065594892252;0.0;0.0;0.30058166190108726;0.22656154200654188;0.40672669171367754;0.30768866557212654;0.3426630593994363;0.37429147587425016;0.0;0.0;0.0;0.36704466749958464;0.29784394265625025;0.33338533752975075;0.18058550093835818;0.24339120699145883;0.0;0.3272560498018805;0.26700300912246905;0.286570393352223;0.0;0.14162751541070062;0.493508934700893;0.26700300912246905;0.0;0.0;0.31607040069435555;0.33957572230201605;0.6847124343140667;0.0;0.26700300912246905;0.40612193945560526;0.37926113934572053;0.30340005833713996;0.0;0.0;0.33171206890784244;0.39766008870189157;0.29647974749634376;0.14114880313877626;0.283832674107386;0.20390467616389557;0.0;0.0;0.0;0.30058166190108726;0.0;0.0;0.28088611101046584;0.0;0.0;0.33338533752975075;0.0;0.3317529499557374;0.685595443413508;0.3174113268860042
GO:0070839;0.0;0.0;0.0;0.0;0.0;0.0;0.44575547327801196;0.0;0.0;0.0;0.0;0.0;0.43773961675061435;0.0;0.4093050633165199;0.0;0.0;0.0;0.0;1.0;0.0;0.0;0.0;0.0;0.33037047280761767;0.0;0.0;0.0;0.0;0.0;0.0;0.0;0.0;0.0;0.0;0.0;0.0;0.0;0.0;0.0;0.0;0.0;0.0;0.0;0.0;0.0;0.0;0.0;0.0;0.0;0.0;0.0;0.0;0.0;0.0;0.0;0.0;0.0;0.0;0.0;0.0;0.0;0.0;0.0;0.0;0.530947138520117;0.0;0.0;0.0;0.0;0.0;0.0;0.6329109230163705;0.5608164929774468;0.0;0.0;0.3626888765858029;0.0;0.0;0.0;0.0;0.0;0.0;0.0;0.0;0.0
GO:0046827;0.331079516939373;0.27001153834718855;0.25452279955392026;0.0;0.3717651733890304;0.0;0.0;0.3388021686037284;0.31061154744402436;0.0;0.2195554998675081;0.32010890130774156;0.0;0.0;0.0;0.37090951904786007;0.35359458221246487;0.391507726016225;0.31424985195445604;0.0;1.0;0.28684120333210544;0.3437498592965886;0.37090951904786007;0.0;0.28732647518258375;0.34274814027304307;0.28684120333210544;0.27001153834718855;0.3135155912328987;0.0;0.0;0.3442351311470669;0.27001153834718855;0.3381058434191966;0.37090951904786007;0.3721017871912187;0.550998984154585;0.0;0.0;0.0;0.39752451748241313;0.7570995502296176;0.45048661561976155;0.23556080727921286;0.28684120333210544;0.0;0.35359458221246487;0.3269201943116717;0.34514513372941913;0.0;0.18839564597076325;0.4248880864064121;0.3269201943116717;0.0;0.0;0.3269201943116717;0.3690144500937984;0.3528852221781341;0.0;0.3269201943116717;0.4169717330729214;0.44248199282145406;0.3282611205033203;0.0;0.0;0.37516206524848905;0.41161007770040564;0.3259184752881262;0.18996584563775293;0.3437498592965886;0.2506728067239582;0.0;0.0;0.0;0.3269201943116717;0.0;0.0;0.3381058434191966;0.0;0.0;0.3442351311470669;0.0;0.39167013514494;0.3537682312775754;0.3774635375076043
GO:0007263;0.2602208719763758;0.41756530308425166;0.2733764861840696;0.3141251204646079;0.30090652842603316;0.0;0.4426970319106541;0.604157293781441;0.3466393701399944;0.49257280580084467;0.2799805186442958;0.2738083848385289;0.0;0.0;0.0;0.2835836852363069;0.28273593724946766;0.7338297235803032;0.24339120699145883;0.0;0.28684120333210544;1.0;0.4343949680691686;0.4442396909850449;0.4024070004238523;0.3752740097293227;0.6081032654507557;0.6291632008961836;0.5353666635249013;0.5788707164106113;0.0;0.0;0.24057281055540614;0.5353666635249013;0.31968093045037527;0.2835836852363069;0.44456058294468936;0.33159756136396423;0.3239698433804841;0.4024070004238523;0.3164392587035649;0.3266658725194159;0.2737389623204306;0.2733764861840696;0.32105242152626007;0.5521963285098181;0.48873111521186;0.28273593724946766;0.5353666635249013;0.24057281055540614;0.3988032283717265;0.22823290433105947;0.35402944144341486;0.5353666635249013;0.0;0.25821818352367026;0.2560615493486744;0.634369575271511;0.32059597425778574;0.32731203144025983;0.5353666635249013;0.34611308810992414;0.454356108329313;0.35929999908557614;0.0;0.0;0.6405171904262017;0.6769652028781183;0.5912736004658388;0.25821818352367026;0.5521963285098181;0.3045213336331187;0.0;0.0;0.0;0.2560615493486744;0.0;0.4360663303936862;0.2507800096076434;0.0;0.5018179902505;0.41756530308425166;0.0;0.39819795049877754;0.321478983357227;0.27289121433359137
GO:0060999;0.3202297233220569;0.41756530308425166;0.42358436736839644;0.0;0.3609153797717143;0.0;0.0;0.4863559333407915;0.3466393701399944;0.0;0.25823216993702774;0.33381723618421;0.0;0.0;0.0;0.4118883724616954;0.46529605397960333;0.5390614907532881;0.30340005833713996;0.0;0.3437498592965886;0.4343949680691686;1.0;0.7201879535464912;0.0;0.3156677795389986;0.4903019050101062;0.4343949680691686;0.41756530308425166;0.4610693559699618;0.0;0.0;0.4189916097132977;0.41756530308425166;0.36012239756630243;0.34049234120079;0.44456058294468936;0.4968427412587047;0.0;0.0;0.0;0.49494223303806056;0.33064761828491374;0.33338533752975075;0.32105242152626007;0.4343949680691686;0.0;0.3427447885951488;0.4580067702001788;0.30058166190108726;0.0;0.19741516592327513;0.414038292789096;0.4580067702001788;0.0;0.0;0.31607040069435555;0.5165682148308616;0.38060482560346687;0.0;0.4580067702001788;0.5085434370909563;0.454356108329313;0.41930885043125726;0.0;0.0;0.5227158299855522;0.5591638424374687;0.4734722400251893;0.2346436367742753;0.4748364351850958;0.28425045517025466;0.0;0.0;0.0;0.31607040069435555;0.0;0.0;0.30768866557212654;0.0;0.0;0.5631804266134797;0.0;0.4695312621254322;0.38148783470290815;0.3329000656792725
GO:0045773;0.3595744535800657;0.42741002600012795;0.5817303178989;0.0;0.42319383468176647;0.0;0.0;0.49620065625666776;0.3791453300452872;0.0;0.268076892852904;0.35767322764895054;0.0;0.0;0.0;0.44136315174308405;0.49780201388489614;0.5489062136691645;0.360059725430544;0.0;0.37090951904786007;0.4442396909850449;0.7201879535464912;1.0;0.0;0.3523150570165355;0.5001466279259825;0.4442396909850449;0.42741002600012795;0.47091407888583803;0.0;0.0;0.4484663889946864;0.42741002600012795;0.39262835747159525;0.36996712048217867;0.4872089814892291;0.5293487011639975;0.0;0.0;0.0;0.5643931861442608;0.36012239756630243;0.4123239083622166;0.33089714444213636;0.4442396909850449;0.0;0.3895345047119326;0.4678514931160551;0.34323006044562704;0.0;0.21902673132013956;0.43937175449824056;0.4678514931160551;0.0;0.0;0.385521353800556;0.5264129377467378;0.4059382873126114;0.0;0.4678514931160551;0.5874820079234222;0.4910033858068498;0.42915357334713355;0.0;0.0;0.5325605529014285;0.5690085653533451;0.4833169629410655;0.2444883596901516;0.48468115810097206;0.2940951780861309;0.0;0.0;0.0;0.36286011681113944;0.0;0.0;0.33302212728127106;0.0;0.0;0.573025149529356;0.0;0.502037222030725;0.40682129641205267;0.3796897817960564
GO:0043312;0.0;0.0;0.0;0.2799805186442958;0.0;0.0;0.713623628067763;0.4543679656954753;0.0;0.4757431408159278;0.24766211486611056;0.0;0.5725689825853983;0.0;0.3561298169010004;0.0;0.0;0.5070735231079719;0.0;0.33037047280761767;0.0;0.4024070004238523;0.0;0.0;1.0;0.28367981189368235;0.4583139373647899;0.4024070004238523;0.3855773354389354;0.42908138832464554;0.6325367896316534;0.0;0.0;0.3855773354389354;0.0;0.0;0.0;0.0;0.28982524156017203;0.3855773354389354;0.2822946568832527;0.0;0.0;0.0;0.0;0.4024070004238523;0.4719014502269431;0.0;0.5988774596618195;0.0;0.3819735633868096;0.18684511085235794;0.0;0.5300962932170499;0.0;0.24138851853875337;0.0;0.48458024718554527;0.0;0.28367981189368235;0.5300962932170499;0.0;0.0;0.5046346648470378;0.0;0.5241926303213802;0.4907278623402359;0.5271758747921524;0.44148427237987303;0.22407358170335817;0.5469259582019668;0.2736804000993375;0.3036960849068245;0.33037047280761767;0.5678281635645004;0.0;0.48843100358513564;0.6749798609622422;0.0;0.0;0.6295072830436976;0.0;0.49850537711916754;0.0;0.0;0.0
GO:0045454;0.27289121433359137;0.3256406691157423;0.3256406691157423;0.2799805186442958;0.33651059543529216;0.0;0.3930636912970737;0.42723497500094565;0.3101796487895651;0.4334518474609988;0.4997043147646903;0.27098998840247623;0.0;0.0;0.0;0.28638407661690235;0.3255125024548749;0.47994053241344226;0.2733764861840696;0.0;0.28732647518258375;0.3752740097293227;0.3156677795389986;0.3523150570165355;0.28367981189368235;1.0;0.4311809466702603;0.3752740097293227;0.3584443447444058;0.4019483976301159;0.0;0.0;0.27617687756466514;0.3584443447444058;0.3790045959402334;0.28638407661690235;0.42773091795977247;0.35705918973397627;0.28982524156017203;0.28367981189368235;0.2822946568832527;0.35929999908557614;0.27653935370102606;0.3256406691157423;0.4880710180967745;0.3752740097293227;0.4296101568720141;0.3028512654654583;0.3584443447444058;0.25654682119915273;0.355171008825149;0.444653032164923;0.37000345208716146;0.3584443447444058;0.0;0.22407358170335817;0.2988381145540817;0.45744725649101564;0.3037663092728688;0.28367981189368235;0.3584443447444058;0.3983772710415968;0.46432899790605664;0.2733764861840696;0.0;0.0;0.4635948716457063;0.5000428840976229;0.4143512816853434;0.480257099174182;0.3752740097293227;0.5224189317113863;0.0;0.0;0.0;0.27617687756466514;0.0;0.3173391418635162;0.24943908341599474;0.0;0.38309080172033005;0.3256406691157423;0.0;0.40402952250327717;0.3046493183723101;0.293006542549582
GO:0007188;0.31612780891731335;0.4734722400251893;0.32928342312500725;0.3700320574055455;0.3568134653669708;0.0;0.4986039688515917;0.6600642307223787;0.40254630708093203;0.5484797427417822;0.33588745558523336;0.3297153217794665;0.0;0.0;0.0;0.33949062217724446;0.33864287419040523;0.7127697881348753;0.2992981439323964;0.0;0.34274814027304307;0.6081032654507557;0.4903019050101062;0.5001466279259825;0.4583139373647899;0.4311809466702603;1.0;0.6081032654507557;0.5912736004658388;0.634777653351549;0.0;0.0;0.29647974749634376;0.5912736004658388;0.37558786739131284;0.33949062217724446;0.500467519885627;0.3875044983049018;0.37987678032142175;0.4583139373647899;0.37234619564450244;0.3825728094603535;0.32964589926136817;0.32928342312500725;0.3769593584671977;0.6081032654507557;0.5446380521527976;0.33864287419040523;0.5912736004658388;0.29647974749634376;0.4547101653126641;0.28413984127199704;0.4099363783843525;0.5912736004658388;0.0;0.3141251204646079;0.31196848628961205;0.6902765122124487;0.3765029111987233;0.38321896838119746;0.5912736004658388;0.40202002505086176;0.5102630452702506;0.4152069360265137;0.0;0.0;0.6964241273671393;0.7328721398190559;0.742550418846715;0.3141251204646079;0.6081032654507557;0.36042827057405624;0.0;0.0;0.0;0.31196848628961205;0.0;0.49197326733462377;0.306686946548581;0.0;0.5577249271914376;0.4734722400251893;0.0;0.4541048874397151;0.3773859202981646;0.32879815127452894
GO:0007266;0.2602208719763758;0.41756530308425166;0.2733764861840696;0.3141251204646079;0.30090652842603316;0.0;0.4426970319106541;0.604157293781441;0.3466393701399944;0.49257280580084467;0.2799805186442958;0.2738083848385289;0.0;0.0;0.0;0.2835836852363069;0.28273593724946766;0.7338297235803032;0.24339120699145883;0.0;0.28684120333210544;0.6291632008961836;0.4343949680691686;0.4442396909850449;0.4024070004238523;0.3752740097293227;0.6081032654507557;1.0;0.5353666635249013;0.5788707164106113;0.0;0.0;0.24057281055540614;0.5353666635249013;0.31968093045037527;0.2835836852363069;0.44456058294468936;0.33159756136396423;0.3239698433804841;0.4024070004238523;0.3164392587035649;0.3266658725194159;0.2737389623204306;0.2733764861840696;0.32105242152626007;0.5521963285098181;0.48873111521186;0.28273593724946766;0.5353666635249013;0.24057281055540614;0.3988032283717265;0.22823290433105947;0.35402944144341486;0.5353666635249013;0.0;0.25821818352367026;0.2560615493486744;0.634369575271511;0.32059597425778574;0.32731203144025983;0.5353666635249013;0.34611308810992414;0.454356108329313;0.35929999908557614;0.0;0.0;0.6405171904262017;0.6769652028781183;0.5912736004658388;0.25821818352367026;0.5521963285098181;0.3045213336331187;0.0;0.0;0.0;0.2560615493486744;0.0;0.4360663303936862;0.2507800096076434;0.0;0.5018179902505;0.41756530308425166;0.0;0.39819795049877754;0.321478983357227;0.27289121433359137
GO:0048012;0.24339120699145883;0.40073563809933477;0.25654682119915273;0.297295455479691;0.28407686344111627;0.0;0.4258673669257372;0.5873276287965241;0.3298097051550775;0.4757431408159278;0.26315085365937885;0.256978719853612;0.0;0.0;0.0;0.26675402025138994;0.2659062722645507;0.6400331862090207;0.22656154200654188;0.0;0.27001153834718855;0.5353666635249013;0.41756530308425166;0.42741002600012795;0.3855773354389354;0.3584443447444058;0.5912736004658388;0.5353666635249013;1.0;0.6716992453475319;0.0;0.0;0.22374314557048924;0.6281951924618218;0.3028512654654583;0.26675402025138994;0.42773091795977247;0.3147678963790473;0.30714017839556723;0.3855773354389354;0.2996095937186479;0.309836207534499;0.25690929733551365;0.25654682119915273;0.3042227565413432;0.5721288325429055;0.4719014502269431;0.2659062722645507;0.5552991675579886;0.22374314557048924;0.3819735633868096;0.21140323934614252;0.33719977645849797;0.5552991675579886;0.0;0.24138851853875337;0.23923188436375753;0.6543020793045984;0.3037663092728688;0.31048236645534294;0.5552991675579886;0.32928342312500725;0.43752644334439605;0.3424703341006592;0.0;0.0;0.7929519495534465;0.6968977069112057;0.5744439354809219;0.24138851853875337;0.5721288325429055;0.2876916686482017;0.0;0.0;0.0;0.23923188436375753;0.0;0.41923666540876925;0.23395034462272646;0.0;0.4849883252655831;0.40073563809933477;0.0;0.3813682855138606;0.3046493183723101;0.2560615493486744
GO:0048010;0.2868952598771689;0.4442396909850449;0.30005087408486286;0.34079950836540107;0.3275809163268264;0.0;0.4693714198114473;0.6308316816822342;0.3733137580407876;0.5192471937016379;0.3066549065450889;0.3004827727393221;0.0;0.0;0.0;0.3102580731371;0.3094103251502608;0.683537239094731;0.270065594892252;0.0;0.3135155912328987;0.5788707164106113;0.4610693559699618;0.47091407888583803;0.42908138832464554;0.4019483976301159;0.634777653351549;0.5788707164106113;0.6716992453475319;1.0;0.0;0.0;0.2672471984561994;0.6716992453475319;0.3463553183511684;0.3102580731371;0.47123497084548255;0.35827194926475736;0.35064423128127736;0.42908138832464554;0.343113646604358;0.35334026042020905;0.3004133502212238;0.30005087408486286;0.3477268094270533;0.6156328854286155;0.5154055031126532;0.3094103251502608;0.5988032204436986;0.2672471984561994;0.42547761627251973;0.25490729223185266;0.3807038293442081;0.5988032204436986;0.0;0.2848925714244635;0.28273593724946766;0.6978061321903084;0.34727036215857887;0.35398641934105307;0.5988032204436986;0.3727874760107174;0.48103049623010613;0.3859743869863693;0.0;0.0;0.8364560024391565;0.7404017597969157;0.617947988366632;0.2848925714244635;0.6156328854286155;0.3311957215339118;0.0;0.0;0.0;0.28273593724946766;0.0;0.4627407182944793;0.27745439750843653;0.0;0.5284923781512931;0.4442396909850449;0.0;0.42487233839957067;0.34815337125802015;0.29956560223438455
GO:0002369;0.0;0.0;0.0;0.0;0.0;0.6010338721804835;0.0;0.0;0.0;0.0;0.0;0.0;0.0;0.501647422225252;0.0;0.0;0.0;0.0;0.0;0.0;0.0;0.0;0.0;0.0;0.6325367896316534;0.0;0.0;0.0;0.0;0.0;1.0;0.0;0.0;0.0;0.0;0.0;0.0;0.0;0.0;0.0;0.0;0.0;0.0;0.0;0.4618623953799871;0.0;0.0;0.0;0.6325367896316534;0.0;0.0;0.0;0.0;0.5637556231868837;0.41162401418785793;0.3721331122135244;0.0;0.0;0.0;0.0;0.5637556231868837;0.0;0.0;0.5382939948168717;0.3721331122135244;0.0;0.0;0.0;0.0;0.0;0.5805852881718007;0.0;0.0;0.0;0.7243661904523127;0.0;0.0;0.6661961196014872;0.0;0.5233662606489873;0.6631666130135314;0.0;0.6455557862807142;0.0;0.0;0.0
GO:0045342;0.0;0.0;0.0;0.3727887913901154;0.0;0.0;0.0;0.40530254107123004;0.0;0.0;0.0;0.0;0.0;0.0;0.0;0.0;0.0;0.0;0.0;0.0;0.0;0.0;0.0;0.0;0.0;0.0;0.0;0.0;0.0;0.0;0.0;1.0;0.0;0.0;0.0;0.0;0.0;0.0;0.38263351430599163;0.0;0.3751029296290723;0.0;0.0;0.0;0.0;0.0;0.0;0.0;0.0;0.0;0.35995890150953824;0.0;0.0;0.0;0.0;0.0;0.0;0.0;0.0;0.0;0.0;0.0;0.0;0.0;0.0;0.0;0.0;0.0;0.0;0.0;0.0;0.0;0.0;0.0;0.0;0.0;0.0;0.0;0.0;0.0;0.0;0.0;0.0;0.0;0.0;0.0
GO:0051496;0.3174113268860042;0.23923188436375753;0.32644116564485387;0.0;0.3595744535800657;0.0;0.0;0.3253374514556926;0.2505734185992409;0.0;0.16339641010988004;0.30419628518649666;0.0;0.0;0.0;0.3432927325813855;0.6628330134055278;0.3780430088681892;0.30058166190108726;0.0;0.3442351311470669;0.24057281055540614;0.4189916097132977;0.4484663889946864;0.0;0.27617687756466514;0.29647974749634376;0.24057281055540614;0.22374314557048924;0.2672471984561994;0.0;0.0;1.0;0.22374314557048924;0.3063477393804779;0.3432927325813855;0.3413221332077877;0.5026743132632043;0.0;0.0;0.0;0.5049151226148042;0.3334480096655092;0.33618572891034626;0.17552267843442942;0.24057281055540614;0.0;0.34323006044562704;0.2641846126864164;0.29924073570943865;0.0;0.13274611322902224;0.4126973665974474;0.2641846126864164;0.0;0.0;0.31655567254483385;0.3382347961103674;0.3369726060568892;0.0;0.2641846126864164;0.4089223308362008;0.37792021315407187;0.31607040069435555;0.0;0.0;0.32889367247178974;0.3981453605523698;0.29513882130469515;0.13323138507950044;0.2810142776713333;0.1950232739822172;0.0;0.0;0.0;0.31655567254483385;0.0;0.0;0.3063477393804779;0.0;0.0;0.47125579264497036;0.0;0.3289345535196847;0.3378556151563305;0.33338533752975075
GO:0048013;0.24339120699145883;0.40073563809933477;0.25654682119915273;0.297295455479691;0.28407686344111627;0.0;0.4258673669257372;0.5873276287965241;0.3298097051550775;0.4757431408159278;0.26315085365937885;0.256978719853612;0.0;0.0;0.0;0.26675402025138994;0.2659062722645507;0.6400331862090207;0.22656154200654188;0.0;0.27001153834718855;0.5353666635249013;0.41756530308425166;0.42741002600012795;0.3855773354389354;0.3584443447444058;0.5912736004658388;0.5353666635249013;0.6281951924618218;0.6716992453475319;0.0;0.0;0.22374314557048924;1.0;0.3028512654654583;0.26675402025138994;0.42773091795977247;0.3147678963790473;0.30714017839556723;0.3855773354389354;0.2996095937186479;0.309836207534499;0.25690929733551365;0.25654682119915273;0.3042227565413432;0.5721288325429055;0.4719014502269431;0.2659062722645507;0.5552991675579886;0.22374314557048924;0.3819735633868096;0.21140323934614252;0.33719977645849797;0.5552991675579886;0.0;0.24138851853875337;0.23923188436375753;0.6543020793045984;0.3037663092728688;0.31048236645534294;0.5552991675579886;0.32928342312500725;0.43752644334439605;0.3424703341006592;0.0;0.0;0.7929519495534465;0.6968977069112057;0.5744439354809219;0.24138851853875337;0.5721288325429055;0.2876916686482017;0.0;0.0;0.0;0.23923188436375753;0.0;0.41923666540876925;0.23395034462272646;0.0;0.4849883252655831;0.40073563809933477;0.0;0.3813682855138606;0.3046493183723101;0.2560615493486744
GO:0048255;0.3940563493564619;0.3625159325379578;0.34288587617244537;0.0;0.4675456814347828;0.0;0.0;0.37164189572199813;0.31953909985496304;0.0;0.3388455813404175;0.40764386221861504;0.0;0.0;0.0;0.33302212728127106;0.3175333884880028;0.4243474531344948;0.40672669171367754;0.0;0.3381058434191966;0.31968093045037527;0.36012239756630243;0.39262835747159525;0.0;0.3790045959402334;0.37558786739131284;0.31968093045037527;0.3028512654654583;0.3463553183511684;0.0;0.0;0.3063477393804779;0.3028512654654583;1.0;0.33302212728127106;0.40494151430948844;0.36456881456037243;0.0;0.0;0.0;0.3573220061857069;0.3231774043653948;0.3063477393804779;0.3790045959402334;0.31968093045037527;0.0;0.3175333884880028;0.3432927325813855;0.27684773203834534;0.0;0.3048311318883256;0.6388290596825185;0.3432927325813855;0.0;0.0;0.2908590005872096;0.4018541772120682;0.45443145163787185;0.0;0.3432927325813855;0.3790843413063324;0.42190953789026026;0.3231774043653948;0.0;0.0;0.4080017923667588;0.44444980481867546;0.3587582024063959;0.31255959539719325;0.36012239756630243;0.3671082926415205;0.0;0.0;0.0;0.2908590005872096;0.0;0.0;0.3035221199391385;0.0;0.0;0.36595396957080206;0.0;0.42927199809327227;0.45531446073731313;0.30768866557212654
