;GO:0014066;GO:0030150;GO:0014065;GO:0009395;GO:0034351;GO:1902430;GO:0015031;GO:1901224;GO:0042771;GO:0046579;GO:0046854;GO:0090330;GO:1902715;GO:0051092;GO:1900017;GO:0060644;GO:0045766;GO:0022400;GO:0032725;GO:0075733;GO:0045892;GO:0045893;GO:0001701;GO:0051482;GO:2000353;GO:0032689;GO:0070207;GO:0035556;GO:0032720;GO:2000010;GO:1902960;GO:0048008;GO:0007265;GO:0045652;GO:0009967;GO:0046627;GO:1904903;GO:0001558;GO:0071364;GO:2000484;GO:0051259;GO:0051897;GO:0051898;GO:0043406;GO:0035264;GO:0043647;GO:0035025;GO:0033089;GO:0008285;GO:1904355;GO:0008284;GO:1905564;GO:0038095;GO:0097191;GO:0097190;GO:0038096;GO:0006661;GO:0045664;GO:0045785;GO:0045944;GO:0046638;GO:0032825;GO:0050850;GO:0000165;GO:0030887;GO:0001766;GO:0046641;GO:0016197;GO:2000810;GO:0030488;GO:0050852;GO:0050853;GO:0008210;GO:0031295;GO:0060252;GO:0038083;GO:0008333;GO:0051281;GO:0043536;GO:0045954;GO:0050861;GO:0050862;GO:0008209;GO:0042692;GO:0016064;GO:0050900;GO:0032496;GO:0007080;GO:0018008;GO:0018108;GO:0070528;GO:0007173;GO:0006882;GO:0045324;GO:0048711;GO:0006089;GO:0043303;GO:0006886;GO:0045725;GO:0060326;GO:2000318;GO:0050870;GO:0051289;GO:0001865;GO:0002437;GO:0002438;GO:0002317;GO:0043154;GO:0072540;GO:0070885;GO:0032760;GO:0006919;GO:0051209;GO:0030100;GO:0010458;GO:0019722;GO:2001244;GO:0045618;GO:2000570;GO:0007186;GO:1901796;GO:0007224;GO:0043433;GO:0042102;GO:0006897;GO:0006898;GO:0045579;GO:0042985;GO:0045580;GO:0030217;GO:0051973;GO:0033209;GO:0002689;GO:0070233;GO:0071168;GO:0045582;GO:0019674;GO:0002728;GO:0031663;GO:0010744;GO:0050766;GO:0018105;GO:0006090;GO:0033327;GO:0032753;GO:0072659;GO:0031665;GO:0090630;GO:1904674;GO:0060988;GO:1904677;GO:0002300;GO:0000122;GO:0001960;GO:0045471;GO:0002534;GO:0045079;GO:0047496;GO:2000737;GO:0032740;GO:0070301;GO:0006351;GO:1903078;GO:0006470;GO:0007169;GO:0007202;GO:0007166;GO:0006357;GO:0006626;GO:0045086;GO:0006509;GO:0002305;GO:0045087;GO:0046330;GO:0070374;GO:0006508;GO:0043065;GO:0032212;GO:0033147;GO:0072678;GO:0071345;GO:0036258;GO:0032456;GO:2000103
GO:0014066;1.0;0.0;0.176667307943996;0.0;0.07632204726776291;0.017943932056641042;0.0;0.17523944690498838;0.0482638511496623;0.1453825071188985;0.0;0.08188788724975765;0.01056719950766053;0.02849417210833194;0.03512867645653689;0.0;0.033205470168080946;0.6293176547148583;0.06876025766680915;0.0;0.00503549750813152;0.006590760104905454;0.0;0.011528159063147471;0.06133343386644311;0.06843860095121258;0.0;0.176667307943996;0.05197320718134382;0.060589948693957105;0.005893484643491542;0.176667307943996;0.176667307943996;0.11546831538534785;0.2680457476216774;0.1277012819674824;0.0;0.176667307943996;0.0;0.01056719950766053;0.0;0.1755374679142554;0.17526054745515318;0.01606149367682513;0.0;0.0;0.12322794976077305;0.007977618639555543;0.176667307943996;0.012979719808849375;0.176667307943996;0.07352666035984798;0.10146335594481412;0.15594526990907975;0.176667307943996;0.02070091600076522;0.0;0.1278973558857554;0.09908801506273343;0.005439344724655555;0.006194667947238045;0.00992543516235905;0.17443701780454404;0.0344022327979711;0.06309764539839095;0.0;0.008490033138338878;0.0;0.176667307943996;0.0;0.03628655925051139;0.03628655925051139;0.04285732737028203;0.02243583701703053;0.017107261434567655;0.0;0.0;0.008797582361068108;0.022402203208377235;0.018460719431617437;0.10295705027879805;0.10295705027879805;0.04285732737028203;0.0;0.0;0.0;0.0;0.0;0.0;0.0;0.176667307943996;0.176667307943996;0.010224353395975485;0.0;0.016865982557395427;0.0;0.0;0.0;0.007356085324951006;0.0;0.04640714045920245;0.03685184970297746;0.0;0.0;0.0;0.0;0.0;0.010840797126225047;0.0;0.12341499709221766;0.05198383880526412;0.010840808751527521;0.015226424457993607;0.176667307943996;0.0;0.176667307943996;0.07017013997456724;0.022080995046570177;0.024404551376293302;0.176667307943996;0.9285807034660225;0.176667307943996;0.02864098987106914;0.014096404968237644;0.0;0.0;0.00991331476058534;0.008226308904547598;0.0607048883186668;0.0;0.008360149742924409;0.176667307943996;0.018741476526658217;0.05117898056129526;0.0;0.009246151271064916;0.0;0.011471344323711106;0.176667307943996;0.0699329726459334;0.04541468016124073;0.0;0.0;0.0;0.06876025766680915;0.0;0.10904330233922721;0.06825029425055543;0.042307795049066;0.0;0.13312852110563075;0.0;0.004334589126298501;0.15354642387623765;0.0;0.0;0.009464028604617994;0.0;0.06904805026566599;0.06845703713218734;0.0;0.0;0.020438738156580934;0.0;0.176667307943996;0.040211699544984596;0.176667307943996;0.03203300198081839;0.0;0.00953719963097976;0.0;0.0;0.0;0.023751608788583584;0.03550130060104913;0.0;0.09840791439978333;0.004902412669297628;0.16047341425722975;0.0;0.0;0.0;0.0;0.05434387486685196
GO:0030150;0.0;1.0;0.0;0.0;0.0;0.0;0.11377478198801667;0.0;0.0;0.0;0.0;0.0;0.0;0.0;0.0;0.0;0.0;0.0;0.0;0.015589034373257565;0.0;0.0;0.0;0.0;0.0;0.0;0.0;0.0;0.0;0.0;0.0;0.0;0.0;0.0;0.0;0.0;0.0;0.0;0.0;0.0;0.0;0.0;0.0;0.0;0.0;0.0;0.0;0.0;0.0;0.0;0.0;0.0;0.0;0.0;0.0;0.0;0.0;0.0;0.0;0.0;0.0;0.0;0.0;0.0;0.0;0.011845648403654931;0.0;0.061943285518519485;0.0;0.0;0.0;0.0;0.0;0.0;0.0;0.0;0.061943285518519485;0.0;0.0;0.0;0.0;0.0;0.0;0.0;0.0;0.0;0.0;0.015589034373257565;0.0;0.0;0.0;0.0;0.0;0.061943285518519485;0.0;0.0;0.061943285518519485;0.18918461675618584;0.0;0.0;0.0;0.0;0.0;0.0;0.0;0.0;0.0;0.0;0.0;0.0;0.0;0.0;0.021012211949961633;0.0;0.0;0.0;0.0;0.0;0.0;0.0;0.0;0.0;0.0;0.0;0.015589034373257565;0.015589034373257565;0.0;0.0;0.0;0.0;0.0;0.0;0.0;0.0;0.062319802255650696;0.0;0.0;0.0;0.0;0.0;0.0;0.0;0.0;0.0;0.0;0.056061048023225535;0.0;0.0;0.0;0.0;0.0;0.0;0.0;0.0;0.0;0.0;0.0;0.061943285518519485;0.0;0.0;0.0;0.0;0.0;0.0;0.0;0.0;0.0;0.0;0.18918461675618584;0.0;0.0;0.0;0.0;0.0;0.0;0.0;0.0;0.0;0.0;0.0;0.0;0.0;0.061943285518519485;0.0
GO:0014065;0.176667307943996;0.0;1.0;0.012028726194899171;0.07632204726776291;0.017943932056641042;0.0;0.03334021611125579;0.1404456285627643;0.02765977804511252;0.015393928619663268;0.08188788724975765;0.01056719950766053;0.02849417210833194;0.019702744454353997;0.12741218007660887;0.033205470168080946;0.13330888468278687;0.06876025766680915;0.0;0.00503549750813152;0.006590760104905454;0.0;0.011528159063147471;0.06133343386644311;0.06843860095121258;0.03940633811535304;0.8767197170166617;0.05197320718134382;0.060589948693957105;0.005893484643491542;0.6268118944634699;0.8417294969968654;0.11546831538534785;0.0567803547091016;0.02705106927178223;0.08850209017185623;0.3012829260339449;0.034541580701594334;0.01056719950766053;0.08330205454180095;0.03339691615813532;0.033344230600658636;0.003055782700257283;0.0;0.038431949266008826;0.023444758292341956;0.007977618639555543;0.18256445760049927;0.012979719808849375;0.18324392195747494;0.07352666035984798;0.24762546384942122;0.3805907998683022;0.7352932850914597;0.050521430905414395;0.0050880215655096876;0.1278973558857554;0.16898161555990643;0.005439344724655555;0.006194667947238045;0.00992543516235905;0.03318754980184156;0.10010894477299503;0.06309764539839095;0.10897386151546537;0.008490033138338878;0.0;0.2752523834176038;0.004916778814141339;0.08855882975913576;0.08855882975913576;0.04285732737028203;0.02243583701703053;0.017107261434567655;0.00644285964833323;0.0;0.008797582361068108;0.022402203208377235;0.010354128708911312;0.02180947799583816;0.02180947799583816;0.04285732737028203;0.12741218007660887;0.0;0.1249933605260799;0.0;0.05463555046956647;0.0043555091555112675;0.00995265833540629;0.8767197170166617;0.5999831225059694;0.010224353395975485;0.0;0.016865982557395427;0.052524174234152475;0.017150719269996305;0.0;0.007356085324951006;0.11117984168356607;0.02602853627167705;0.03685184970297746;0.03940633811535304;0.03652384076764924;0.0;0.0;0.02247754451120141;0.010840797126225047;0.07279091281548032;0.023480345019894107;0.05198383880526412;0.010840808751527521;0.015226424457993607;0.17731558711640988;0.11292425614158469;0.8330236391498096;0.013350234051911655;0.022080995046570177;0.024404551376293302;0.7352932850914597;0.176667307943996;0.7332372093942711;0.02864098987106914;0.014096404968237644;0.0;0.0;0.00991331476058534;0.008226308904547598;0.0607048883186668;0.05176585175401968;0.008360149742924409;0.6436478635053585;0.018741476526658217;0.05117898056129526;0.0;0.009246151271064916;0.011458938440783521;0.006433973282131043;0.7332372093942711;0.0699329726459334;0.04541468016124073;0.009940745085628543;0.06685837600343042;0.0827646421774372;0.06876025766680915;0.0;0.023098733855729373;0.06825029425055543;0.042307795049066;0.03208805129417203;0.13312852110563075;0.015977524865980298;0.004334589126298501;0.032525867279611216;0.0;0.0;0.009464028604617994;0.019463364054312284;0.06904805026566599;0.06845703713218734;0.009327028918431297;0.005791764842280598;0.020438738156580934;0.01900603934696538;0.6912585729064955;0.040211699544984596;0.7352932850914597;0.03203300198081839;0.0;0.00953719963097976;0.0;0.03695288935057937;0.0;0.0045188670929252805;0.006754307064843514;0.0;0.09840791439978333;0.004902412669297628;0.03399321744050389;0.11136845291850223;0.054665460886362406;0.053684943814105594;0.0;0.05434387486685196
GO:0009395;0.0;0.0;0.012028726194899171;1.0;0.0;0.0;0.0;0.0;0.012028726194899171;0.0;0.3558983322290379;0.0;0.0;0.0;0.0;0.012028726194899171;0.0;0.0;0.0;0.0;0.0;0.0;0.0;0.011528159063147471;0.0;0.0;0.012028726194899171;0.012028726194899171;0.0;0.0;0.0;0.012028726194899171;0.012028726194899171;0.0;0.0;0.0;0.012028726194899171;0.0;0.012028726194899171;0.0;0.012028726194899171;0.0;0.0;0.0;0.0;0.1109843573413118;0.0;0.0;0.0;0.0;0.0;0.0;0.012028726194899171;0.012028726194899171;0.012028726194899171;0.008754391999442696;0.15054115956834738;0.0;0.0;0.0;0.0;0.0;0.0;0.0744816817922945;0.0;0.012028726194899171;0.0;0.0;0.0;0.020156680124348382;0.012028726194899171;0.012028726194899171;0.06580767142653997;0.0;0.0;0.03989408474216189;0.0;0.0037204867955275903;0.0;0.0;0.0;0.0;0.06580767142653997;0.012028726194899171;0.0;0.012028726194899171;0.0;0.012028726194899171;0.01785571573278986;0.061626702538088024;0.012028726194899171;0.012028726194899171;0.010224353395975485;0.0;0.0;0.049312607985660575;0.012028726194899171;0.0;0.0;0.012028726194899171;0.0;0.0;0.012028726194899171;0.012028726194899171;0.0;0.0;0.012028726194899171;0.0;0.012028726194899171;0.0;0.0;0.0;0.006439236237191164;0.0;0.012028726194899171;0.012028726194899171;0.0;0.0;0.0;0.012028726194899171;0.0;0.012028726194899171;0.0;0.0;0.0;0.0;0.0;0.0;0.0;0.012028726194899171;0.0;0.012028726194899171;0.0;0.0;0.0;0.0;0.10572714833290565;0.0;0.012028726194899171;0.0;0.0;0.06155293588443898;0.049312607985660575;0.012028726194899171;0.0;0.0;0.0;0.0;0.0;0.012028726194899171;0.0;0.012028726194899171;0.0;0.0;0.0;0.0;0.0;0.012028726194899171;0.0;0.0;0.009327028918431297;0.023743746809502336;0.0;0.0744816817922945;0.012028726194899171;0.0;0.012028726194899171;0.0;0.0;0.0;0.02290443437338657;0.012028726194899171;0.0;0.0;0.0;0.02290443437338657;0.0;0.0;0.0;0.012028726194899171;0.012028726194899171;0.012028726194899171;0.0;0.0
GO:0034351;0.07632204726776291;0.0;0.07632204726776291;0.0;1.0;0.05393759583262304;0.0;0.03334021611125579;0.0482638511496623;0.02765977804511252;0.0;0.07632204726776291;0.01056719950766053;0.02849417210833194;0.019702744454353997;0.0;0.033205470168080946;0.07632204726776291;0.04280701538557495;0.0;0.015136182446102072;0.006590760104905454;0.0;0.011528159063147471;0.12501452080882203;0.07632204726776291;0.0;0.07632204726776291;0.07632204726776291;0.04280701538557495;0.017715202651403812;0.07632204726776291;0.07632204726776291;0.07632204726776291;0.0567803547091016;0.08131270429558259;0.0;0.07632204726776291;0.0;0.01056719950766053;0.0;0.03339691615813532;0.10022929354675525;0.003055782700257283;0.0;0.0;0.023444758292341956;0.007977618639555543;0.22941614611850833;0.012979719808849375;0.07632204726776291;0.07352666035984798;0.07632204726776291;0.07632204726776291;0.07632204726776291;0.02070091600076522;0.0;0.07632204726776291;0.04280701538557495;0.005439344724655555;0.006194667947238045;0.00992543516235905;0.03318754980184156;0.0344022327979711;0.06309764539839095;0.0;0.008490033138338878;0.0;0.07632204726776291;0.0;0.03628655925051139;0.03628655925051139;0.03227650022623599;0.02243583701703053;0.017107261434567655;0.0;0.0;0.008797582361068108;0.022402203208377235;0.010354128708911312;0.02180947799583816;0.02180947799583816;0.03227650022623599;0.0;0.0;0.0;0.0;0.0;0.0;0.0;0.07632204726776291;0.07632204726776291;0.010224353395975485;0.0;0.016865982557395427;0.0;0.0;0.0;0.007356085324951006;0.0;0.02602853627167705;0.03685184970297746;0.0;0.0;0.0;0.0;0.0;0.11038202422645156;0.0;0.07057947810412435;0.04280701538557495;0.02209656994264248;0.04576905027275063;0.07632204726776291;0.0;0.07632204726776291;0.027211473538553764;0.022080995046570177;0.024404551376293302;0.07632204726776291;0.07632204726776291;0.07632204726776291;0.02864098987106914;0.014096404968237644;0.0;0.0;0.00991331476058534;0.024727430057537497;0.0607048883186668;0.0;0.008360149742924409;0.07632204726776291;0.05633493166439849;0.521109232690636;0.0;0.009246151271064916;0.0;0.011471344323711106;0.07632204726776291;0.0699329726459334;0.04541468016124073;0.0;0.0;0.0;0.04280701538557495;0.0;0.06943239458458347;0.03227650022623599;0.042307795049066;0.0;0.07632204726776291;0.0;0.013029324657314607;0.09776937841134531;0.0;0.0;0.028447886907560213;0.0;0.2075512667181425;0.04280701538557495;0.0;0.0;0.020438738156580934;0.0;0.07632204726776291;0.03227650022623599;0.07632204726776291;0.03203300198081839;0.0;0.00953719963097976;0.0;0.0;0.0;0.0045188670929252805;0.006754307064843514;0.0;0.15556546511164668;0.004902412669297628;0.10218008057368837;0.0;0.0;0.0;0.0;0.05434387486685196
GO:1902430;0.017943932056641042;0.0;0.017943932056641042;0.0;0.05393759583262304;1.0;0.0;0.017943932056641042;0.017943932056641042;0.017943932056641042;0.0;0.017943932056641042;0.01056719950766053;0.051325163978402207;0.010064276354268967;0.0;0.010064276354268967;0.017943932056641042;0.010064276354268967;0.0;0.050816111175404396;0.018851600756111284;0.0;0.007588466869262925;0.017943932056641042;0.017943932056641042;0.0;0.017943932056641042;0.017943932056641042;0.010064276354268967;0.1315686673549083;0.017943932056641042;0.017943932056641042;0.017943932056641042;0.017943932056641042;0.05393759583262304;0.0;0.017943932056641042;0.0;0.01056719950766053;0.0;0.017943932056641042;0.05393759583262304;0.01576813984486768;0.0;0.0;0.017943932056641042;0.007977618639555543;0.05393759583262304;0.037125990305806704;0.017943932056641042;0.017943932056641042;0.017943932056641042;0.017943932056641042;0.017943932056641042;0.017943932056641042;0.0;0.017943932056641042;0.010064276354268967;0.015558198673889911;0.006194667947238045;0.00992543516235905;0.017943932056641042;0.017943932056641042;0.017943932056641042;0.0;0.008490033138338878;0.0;0.017943932056641042;0.0;0.017943932056641042;0.017943932056641042;0.007588466869262925;0.017943932056641042;0.017107261434567655;0.0;0.0;0.008797582361068108;0.017943932056641042;0.010064276354268967;0.017943932056641042;0.017943932056641042;0.007588466869262925;0.0;0.0;0.0;0.0;0.0;0.0;0.0;0.017943932056641042;0.017943932056641042;0.007588466869262925;0.0;0.016865982557395427;0.0;0.0;0.0;0.021040666245863125;0.0;0.010064276354268967;0.017943932056641042;0.0;0.0;0.0;0.0;0.0;0.17635546313858283;0.0;0.05393759583262304;0.010064276354268967;0.05593964139241937;0.04576905027275063;0.017943932056641042;0.0;0.017943932056641042;0.013350234051911655;0.017943932056641042;0.017943932056641042;0.017943932056641042;0.017943932056641042;0.017943932056641042;0.051325163978402207;0.014096404968237644;0.0;0.0;0.00991331476058534;0.1338236017048054;0.017943932056641042;0.0;0.023912599261140633;0.017943932056641042;0.05393759583262304;0.05393759583262304;0.0;0.009246151271064916;0.0;0.011471344323711106;0.017943932056641042;0.017943932056641042;0.017943932056641042;0.0;0.0;0.0;0.010064276354268967;0.0;0.05393759583262304;0.007588466869262925;0.010064276354268967;0.0;0.017943932056641042;0.0;0.04374284022303413;0.05393759583262304;0.0;0.0;0.15395852613887887;0.0;0.05393759583262304;0.010064276354268967;0.0;0.0;0.010064276354268967;0.0;0.017943932056641042;0.007588466869262925;0.017943932056641042;0.051325163978402207;0.0;0.049212889875005716;0.0;0.0;0.0;0.02331779948083914;0.03485289001232425;0.0;0.017943932056641042;0.014022407872881674;0.05393759583262304;0.0;0.0;0.0;0.0;0.017943932056641042
GO:0015031;0.0;0.11377478198801667;0.0;0.0;0.0;0.0;1.0;0.0;0.0;0.0;0.0;0.0;0.0;0.0;0.0;0.0;0.0;0.0;0.0;0.1370166050935565;0.0;0.0;0.0;0.0;0.0;0.0;0.0;0.0;0.0;0.0;0.0;0.0;0.0;0.0;0.0;0.0;0.0;0.0;0.0;0.0;0.0;0.0;0.0;0.0;0.0;0.0;0.0;0.0;0.0;0.0;0.0;0.0;0.0;0.0;0.0;0.0;0.0;0.0;0.0;0.0;0.0;0.0;0.0;0.0;0.0;0.06183297756511355;0.0;0.1370166050935565;0.0;0.0;0.0;0.0;0.0;0.0;0.0;0.0;0.11905129657903742;0.0;0.0;0.0;0.0;0.0;0.0;0.0;0.0;0.0;0.0;0.09199579750769621;0.0;0.0;0.0;0.0;0.0;0.12359181252248512;0.0;0.0;0.03800453126833368;0.6013955253806149;0.0;0.0;0.0;0.0;0.0;0.0;0.0;0.0;0.0;0.0;0.0;0.0;0.0;0.0;0.014268798355800486;0.0;0.0;0.0;0.0;0.0;0.0;0.0;0.0;0.0;0.0;0.0;0.1370166050935565;0.1370166050935565;0.0;0.0;0.0;0.0;0.0;0.0;0.0;0.0;0.1370166050935565;0.0;0.0;0.0;0.0;0.0;0.0;0.0;0.0;0.0;0.0;0.1140458693490029;0.0;0.0;0.0;0.0;0.0;0.0;0.0;0.0;0.0;0.0;0.0;0.04312915488524771;0.0;0.0;0.0;0.0;0.0;0.0;0.0;0.0;0.0;0.0;0.27670616278797705;0.0;0.0;0.0;0.0;0.0;0.0;0.0;0.0;0.0;0.0;0.0;0.0;0.0;0.1370166050935565;0.0
GO:1901224;0.17523944690498838;0.0;0.03334021611125579;0.0;0.03334021611125579;0.017943932056641042;0.0;1.0;0.03334021611125579;0.6582015754381983;0.0;0.03334021611125579;0.03165550628683551;0.02849417210833194;0.09824783606169805;0.0;0.03334021611125579;0.15739075951875556;0.03334021611125579;0.0;0.00503549750813152;0.01974353259675029;0.0;0.011528159063147471;0.09987522426819093;0.018699644403220073;0.0;0.03334021611125579;0.018699644403220073;0.03334021611125579;0.005893484643491542;0.03334021611125579;0.03334021611125579;0.03334021611125579;0.5871787219728573;0.1277012819674824;0.0;0.03334021611125579;0.0;0.03165550628683551;0.0;0.7933752300574287;0.17523944690498838;0.07271645434846631;0.0;0.0;0.5578995181602321;0.02389805897157093;0.03334021611125579;0.03888254420790806;0.09987522426819093;0.09987522426819093;0.03334021611125579;0.03334021611125579;0.03334021611125579;0.06100201014844465;0.0;0.03334021611125579;0.03334021611125579;0.016294308724158792;0.018556983806967593;0.0297330125123373;0.7897423301401232;0.03334021611125579;0.09987522426819093;0.0;0.025433067407433483;0.0;0.03334021611125579;0.0;0.09824783606169805;0.09824783606169805;0.01409953652163406;0.06720964993877188;0.05124716548598469;0.0;0.0;0.02635437360086333;0.06710889521747578;0.05440053928403399;0.3841025317219832;0.3841025317219832;0.01409953652163406;0.0;0.0;0.0;0.0;0.0;0.0;0.0;0.03334021611125579;0.03334021611125579;0.010224353395975485;0.0;0.05052438126981945;0.0;0.0;0.0;0.022036170045022455;0.0;0.09824783606169805;0.09987522426819093;0.0;0.0;0.0;0.0;0.0;0.010840797126225047;0.0;0.12341499709221766;0.03334021611125579;0.03247514058380218;0.015226424457993607;0.03334021611125579;0.0;0.03334021611125579;0.31768675334651214;0.06614667178466418;0.07310720583628735;0.03334021611125579;0.17523944690498838;0.03334021611125579;0.02864098987106914;0.04222772890493259;0.0;0.0;0.029696704174043086;0.008226308904547598;0.03334021611125579;0.0;0.025043983749353807;0.03334021611125579;0.018741476526658217;0.03334021611125579;0.0;0.027698123753416907;0.0;0.011471344323711106;0.03334021611125579;0.09987522426819093;0.09987522426819093;0.0;0.0;0.0;0.03334021611125579;0.0;0.10904330233922721;0.01409953652163406;0.03334021611125579;0.0;0.09987522426819093;0.0;0.004334589126298501;0.15354642387623765;0.0;0.0;0.009464028604617994;0.0;0.03334021611125579;0.03334021611125579;0.0;0.0;0.03334021611125579;0.0;0.03334021611125579;0.01409953652163406;0.03334021611125579;0.03203300198081839;0.0;0.028569999332218883;0.0;0.0;0.0;0.10753251291128181;0.16072781002879047;0.0;0.09987522426819093;0.014685854559773542;0.15739075951875556;0.0;0.0;0.0;0.0;0.09987522426819093
GO:0042771;0.0482638511496623;0.0;0.1404456285627643;0.012028726194899171;0.0482638511496623;0.017943932056641042;0.0;0.03334021611125579;1.0;0.02765977804511252;0.015393928619663268;0.0482638511496623;0.01056719950766053;0.02849417210833194;0.019702744454353997;0.020410723484471798;0.027069916134224936;0.0482638511496623;0.027069916134224936;0.0;0.00503549750813152;0.006590760104905454;0.0;0.011528159063147471;0.0482638511496623;0.027069916134224936;0.020410723484471798;0.1404456285627643;0.027069916134224936;0.027069916134224936;0.005893484643491542;0.11778989978012246;0.1404456285627643;0.0482638511496623;0.0482638511496623;0.02705106927178223;0.020410723484471798;0.0482638511496623;0.08202687976685719;0.01056719950766053;0.020410723484471798;0.03339691615813532;0.033344230600658636;0.003055782700257283;0.0;0.020410723484471798;0.023444758292341956;0.007977618639555543;0.0482638511496623;0.012979719808849375;0.0482638511496623;0.0482638511496623;0.11778989978012246;0.1404456285627643;0.1404456285627643;0.050521430905414395;0.0050880215655096876;0.0482638511496623;0.027069916134224936;0.005439344724655555;0.006194667947238045;0.00992543516235905;0.03318754980184156;0.10010894477299503;0.0482638511496623;0.020410723484471798;0.008490033138338878;0.0;0.0482638511496623;0.004916778814141339;0.08855882975913576;0.08855882975913576;0.020410723484471798;0.02243583701703053;0.017107261434567655;0.00644285964833323;0.0;0.008797582361068108;0.022402203208377235;0.010354128708911312;0.02180947799583816;0.02180947799583816;0.020410723484471798;0.020410723484471798;0.020410723484471798;0.020410723484471798;0.020410723484471798;0.020410723484471798;0.0043555091555112675;0.00995265833540629;0.1404456285627643;0.11778989978012246;0.010224353395975485;0.0;0.016865982557395427;0.020410723484471798;0.017150719269996305;0.0;0.007356085324951006;0.020410723484471798;0.02602853627167705;0.03685184970297746;0.020410723484471798;0.020410723484471798;0.03721665459450113;0.03721665459450113;0.020410723484471798;0.010840797126225047;0.020410723484471798;0.023480345019894107;0.027069916134224936;0.010840808751527521;0.015226424457993607;0.0482638511496623;0.020410723484471798;0.1404456285627643;0.013350234051911655;0.022080995046570177;0.024404551376293302;0.11778989978012246;0.0482638511496623;0.11778989978012246;0.02864098987106914;0.014096404968237644;0.0;0.0;0.00991331476058534;0.008226308904547598;0.0482638511496623;0.020410723484471798;0.008360149742924409;0.11778989978012246;0.018741476526658217;0.0482638511496623;0.0;0.009246151271064916;0.011458938440783521;0.006433973282131043;0.11778989978012246;0.0482638511496623;0.04541468016124073;0.009940745085628543;0.020410723484471798;0.020410723484471798;0.027069916134224936;0.0;0.023098733855729373;0.020410723484471798;0.027069916134224936;0.020410723484471798;0.0482638511496623;0.015977524865980298;0.004334589126298501;0.032525867279611216;0.020410723484471798;0.0;0.009464028604617994;0.019463364054312284;0.0482638511496623;0.027069916134224936;0.07055320222585251;0.005791764842280598;0.020438738156580934;0.01900603934696538;0.11778989978012246;0.020410723484471798;0.11778989978012246;0.03203300198081839;0.0;0.00953719963097976;0.0;0.020410723484471798;0.03721665459450113;0.0045188670929252805;0.006754307064843514;0.0;0.0482638511496623;0.004902412669297628;0.03399321744050389;0.020410723484471798;0.08202687976685719;0.020410723484471798;0.0;0.0482638511496623
GO:0046579;0.1453825071188985;0.0;0.02765977804511252;0.0;0.02765977804511252;0.017943932056641042;0.0;0.6582015754381983;0.02765977804511252;1.0;0.0;0.02765977804511252;0.03165550628683551;0.02765977804511252;0.0815085700047915;0.0;0.02765977804511252;0.13057484270987485;0.02765977804511252;0.0;0.00503549750813152;0.01974353259675029;0.0;0.011528159063147471;0.08285868712564694;0.015513637103899261;0.0;0.02765977804511252;0.015513637103899261;0.02765977804511252;0.005893484643491542;0.02765977804511252;0.02765977804511252;0.02765977804511252;0.4871364081260098;0.1277012819674824;0.0;0.02765977804511252;0.0;0.03165550628683551;0.0;0.6582015754381983;0.1453825071188985;0.07271645434846631;0.0;0.0;0.8476119459130889;0.02389805897157093;0.02765977804511252;0.03888254420790806;0.08285868712564694;0.08285868712564694;0.02765977804511252;0.02765977804511252;0.02765977804511252;0.06100201014844465;0.0;0.02765977804511252;0.02765977804511252;0.016294308724158792;0.018556983806967593;0.0297330125123373;0.6582015754381983;0.02765977804511252;0.08285868712564694;0.0;0.025433067407433483;0.0;0.02765977804511252;0.0;0.0815085700047915;0.0815085700047915;0.011697286227118778;0.06720964993877188;0.05124716548598469;0.0;0.0;0.02635437360086333;0.06710889521747578;0.05440053928403399;0.3841025317219832;0.3841025317219832;0.011697286227118778;0.0;0.0;0.0;0.0;0.0;0.0;0.0;0.02765977804511252;0.02765977804511252;0.010224353395975485;0.0;0.05052438126981945;0.0;0.0;0.0;0.022036170045022455;0.0;0.0815085700047915;0.08285868712564694;0.0;0.0;0.0;0.0;0.0;0.010840797126225047;0.0;0.12341499709221766;0.02765977804511252;0.03247514058380218;0.015226424457993607;0.02765977804511252;0.0;0.02765977804511252;0.31768675334651214;0.06614667178466418;0.07310720583628735;0.02765977804511252;0.1453825071188985;0.02765977804511252;0.02765977804511252;0.04222772890493259;0.0;0.0;0.029696704174043086;0.008226308904547598;0.02765977804511252;0.0;0.025043983749353807;0.02765977804511252;0.018741476526658217;0.02765977804511252;0.0;0.027698123753416907;0.0;0.011471344323711106;0.02765977804511252;0.08285868712564694;0.08285868712564694;0.0;0.0;0.0;0.02765977804511252;0.0;0.10904330233922721;0.011697286227118778;0.02765977804511252;0.0;0.08285868712564694;0.0;0.004334589126298501;0.13057484270987485;0.0;0.0;0.009464028604617994;0.0;0.02765977804511252;0.02765977804511252;0.0;0.0;0.02765977804511252;0.0;0.02765977804511252;0.011697286227118778;0.02765977804511252;0.02765977804511252;0.0;0.028569999332218883;0.0;0.0;0.0;0.10753251291128181;0.16072781002879047;0.0;0.08285868712564694;0.014685854559773542;0.13057484270987485;0.0;0.0;0.0;0.0;0.08285868712564694
GO:0046854;0.0;0.0;0.015393928619663268;0.3558983322290379;0.0;0.0;0.0;0.0;0.015393928619663268;0.0;1.0;0.0;0.0;0.0;0.0;0.015393928619663268;0.0;0.0;0.0;0.0;0.0;0.0;0.0;0.011528159063147471;0.0;0.0;0.015393928619663268;0.015393928619663268;0.0;0.0;0.0;0.015393928619663268;0.015393928619663268;0.0;0.0;0.0;0.015393928619663268;0.0;0.015393928619663268;0.0;0.015393928619663268;0.0;0.0;0.0;0.0;0.14203376543194116;0.0;0.0;0.0;0.0;0.0;0.0;0.015393928619663268;0.015393928619663268;0.015393928619663268;0.008754391999442696;0.22242648582900584;0.0;0.0;0.0;0.0;0.0;0.0;0.10544624108622469;0.0;0.015393928619663268;0.0;0.0;0.0;0.020156680124348382;0.015345541423299216;0.015345541423299216;0.08421827716021944;0.0;0.0;0.0466967565945033;0.0;0.0037204867955275903;0.0;0.0;0.0;0.0;0.08421827716021944;0.015393928619663268;0.0;0.015393928619663268;0.0;0.015393928619663268;0.01785571573278986;0.07213518361787605;0.015393928619663268;0.015393928619663268;0.010224353395975485;0.0;0.0;0.06310849171233121;0.015393928619663268;0.0;0.0;0.015393928619663268;0.0;0.0;0.015393928619663268;0.015393928619663268;0.0;0.0;0.015393928619663268;0.0;0.015393928619663268;0.0;0.0;0.0;0.006439236237191164;0.0;0.015393928619663268;0.015393928619663268;0.0;0.0;0.0;0.015393928619663268;0.0;0.015393928619663268;0.0;0.0;0.0;0.0;0.0;0.0;0.0;0.015393928619663268;0.0;0.015393928619663268;0.0;0.0;0.0;0.0;0.10572714833290565;0.0;0.015393928619663268;0.0;0.0;0.07204883839921762;0.06310849171233121;0.015393928619663268;0.0;0.0;0.0;0.0;0.0;0.015393928619663268;0.0;0.015393928619663268;0.0;0.0;0.0;0.0;0.0;0.015393928619663268;0.0;0.0;0.009327028918431297;0.023743746809502336;0.0;0.09531896182567198;0.015393928619663268;0.0;0.015393928619663268;0.0;0.0;0.0;0.029312266494784082;0.015393928619663268;0.0;0.0;0.0;0.029312266494784082;0.0;0.0;0.0;0.015393928619663268;0.015393928619663268;0.015393928619663268;0.0;0.0
GO:0090330;0.08188788724975765;0.0;0.08188788724975765;0.0;0.07632204726776291;0.017943932056641042;0.0;0.03334021611125579;0.0482638511496623;0.02765977804511252;0.0;1.0;0.01056719950766053;0.02849417210833194;0.05140331697226773;0.0;0.059203133899649846;0.11982543747973538;0.08188788724975765;0.0;0.00503549750813152;0.006590760104905454;0.0;0.015289330594225282;0.06133343386644311;0.08188788724975765;0.0;0.08188788724975765;0.08188788724975765;0.04592874765393266;0.005893484643491542;0.08188788724975765;0.08188788724975765;0.08188788724975765;0.0567803547091016;0.02705106927178223;0.0;0.08188788724975765;0.0;0.01056719950766053;0.0;0.03339691615813532;0.033344230600658636;0.003055782700257283;0.0;0.0;0.023444758292341956;0.012062941489154025;0.08188788724975765;0.012979719808849375;0.08188788724975765;0.07352666035984798;0.08188788724975765;0.08188788724975765;0.08188788724975765;0.02070091600076522;0.0;0.08188788724975765;0.08188788724975765;0.005439344724655555;0.00936694524626131;0.015008231030782852;0.03318754980184156;0.0344022327979711;0.0954098257806147;0.0;0.01283776244717389;0.0;0.08188788724975765;0.0;0.03628655925051139;0.03628655925051139;0.04592874765393266;0.03392518512413042;0.017107261434567655;0.0;0.0;0.008797582361068108;0.022402203208377235;0.027013320973069282;0.02180947799583816;0.02180947799583816;0.04592874765393266;0.0;0.0;0.0;0.0;0.0;0.0;0.0;0.08188788724975765;0.08188788724975765;0.013560145928501698;0.0;0.016865982557395427;0.0;0.0;0.0;0.007356085324951006;0.0;0.04640714045920245;0.055723609615774015;0.0;0.0;0.0;0.0;0.0;0.010840797126225047;0.0;0.023480345019894107;0.08188788724975765;0.010840808751527521;0.015226424457993607;0.08188788724975765;0.0;0.08188788724975765;0.013350234051911655;0.022080995046570177;0.03690207424325824;0.08188788724975765;0.08188788724975765;0.08188788724975765;0.02864098987106914;0.021315146288911156;0.0;0.0;0.014989903795046573;0.008226308904547598;0.091791742496042;0.0;0.008360149742924409;0.08188788724975765;0.027424149031634204;0.05117898056129526;0.0;0.01398108719182109;0.0;0.016785862943037775;0.08188788724975765;0.0699329726459334;0.04541468016124073;0.0;0.0;0.0;0.08188788724975765;0.0;0.03380006472811933;0.034630287131450804;0.07543197077499944;0.0;0.08188788724975765;0.0;0.004334589126298501;0.032525867279611216;0.0;0.0;0.009464028604617994;0.0;0.06904805026566599;0.08188788724975765;0.0;0.0;0.020438738156580934;0.0;0.08188788724975765;0.034630287131450804;0.08188788724975765;0.03203300198081839;0.0;0.00953719963097976;0.0;0.0;0.0;0.006612397077373056;0.006754307064843514;0.0;0.08188788724975765;0.004902412669297628;0.03399321744050389;0.0;0.0;0.0;0.0;0.05434387486685196
GO:1902715;0.01056719950766053;0.0;0.01056719950766053;0.0;0.01056719950766053;0.01056719950766053;0.0;0.03165550628683551;0.01056719950766053;0.03165550628683551;0.0;0.01056719950766053;1.0;0.01056719950766053;0.05873296464376958;0.0;0.03132518766301715;0.01056719950766053;0.05873296464376958;0.0;0.00503549750813152;0.01974353259675029;0.0;0.004468855717445473;0.03165550628683551;0.020840105161294083;0.0;0.01056719950766053;0.015648323014061192;0.013865005774142182;0.005893484643491542;0.01056719950766053;0.01056719950766053;0.01056719950766053;0.03165550628683551;0.01056719950766053;0.0;0.01056719950766053;0.0;0.7292352074194841;0.0;0.03165550628683551;0.01056719950766053;0.00915401932262876;0.0;0.0;0.03165550628683551;0.02389805897157093;0.01056719950766053;0.03165550628683551;0.03165550628683551;0.03165550628683551;0.01056719950766053;0.01056719950766053;0.01056719950766053;0.01056719950766053;0.0;0.01056719950766053;0.01056719950766053;0.016294308724158792;0.018556983806967593;0.0297330125123373;0.03165550628683551;0.01056719950766053;0.03165550628683551;0.0;0.025433067407433483;0.0;0.01056719950766053;0.0;0.01056719950766053;0.01056719950766053;0.004468855717445473;0.03165550628683551;0.03165550628683551;0.0;0.0;0.02861382148407008;0.03165550628683551;0.01056719950766053;0.03165550628683551;0.03165550628683551;0.004468855717445473;0.0;0.0;0.0;0.0;0.0;0.0;0.0;0.01056719950766053;0.01056719950766053;0.004468855717445473;0.0;0.03165550628683551;0.0;0.0;0.0;0.022036170045022455;0.0;0.01056719950766053;0.03165550628683551;0.0;0.0;0.0;0.0;0.0;0.01056719950766053;0.0;0.01056719950766053;0.05873296464376958;0.03165550628683551;0.01056719950766053;0.013865005774142182;0.0;0.01056719950766053;0.03165550628683551;0.03165550628683551;0.03165550628683551;0.01056719950766053;0.01056719950766053;0.01056719950766053;0.01056719950766053;0.03165550628683551;0.0;0.0;0.029696704174043086;0.008226308904547598;0.01056719950766053;0.0;0.025043983749353807;0.01056719950766053;0.01056719950766053;0.01056719950766053;0.0;0.027698123753416907;0.0;0.015648323014061192;0.01056719950766053;0.03165550628683551;0.034369437862476725;0.0;0.0;0.0;0.05873296464376958;0.0;0.01056719950766053;0.004468855717445473;0.03132518766301715;0.0;0.03165550628683551;0.0;0.004334589126298501;0.01056719950766053;0.0;0.0;0.014014704322750522;0.0;0.01056719950766053;0.05873296464376958;0.0;0.0;0.013865005774142182;0.0;0.01056719950766053;0.004468855717445473;0.01056719950766053;0.01056719950766053;0.0;0.0530081795390383;0.0;0.0;0.0;0.013536890787930196;0.020233460113947156;0.0;0.03165550628683551;0.014685854559773542;0.01056719950766053;0.0;0.0;0.0;0.0;0.03165550628683551
GO:0051092;0.02849417210833194;0.0;0.02849417210833194;0.0;0.02849417210833194;0.051325163978402207;0.0;0.02849417210833194;0.02849417210833194;0.02765977804511252;0.0;0.02849417210833194;0.01056719950766053;1.0;0.02849417210833194;0.0;0.02849417210833194;0.02849417210833194;0.02849417210833194;0.0;0.155161534124081;0.20308468969938562;0.0;0.011528159063147471;0.02849417210833194;0.015981626640088665;0.0;0.02849417210833194;0.015981626640088665;0.02849417210833194;0.016857178503384345;0.02849417210833194;0.02849417210833194;0.02849417210833194;0.02849417210833194;0.02705106927178223;0.0;0.02849417210833194;0.0;0.01056719950766053;0.0;0.02849417210833194;0.02849417210833194;0.008740478267416524;0.0;0.0;0.023444758292341956;0.007977618639555543;0.02849417210833194;0.08825227634161131;0.02849417210833194;0.02849417210833194;0.02849417210833194;0.02849417210833194;0.02849417210833194;0.02070091600076522;0.0;0.02849417210833194;0.02849417210833194;0.16760549890937199;0.006194667947238045;0.00992543516235905;0.02849417210833194;0.02849417210833194;0.02849417210833194;0.0;0.008490033138338878;0.0;0.02849417210833194;0.0;0.02849417210833194;0.02849417210833194;0.012050150453569459;0.02243583701703053;0.017107261434567655;0.0;0.0;0.008797582361068108;0.022402203208377235;0.018460719431617437;0.02180947799583816;0.02180947799583816;0.012050150453569459;0.0;0.0;0.0;0.0;0.0;0.0;0.0;0.02849417210833194;0.02849417210833194;0.010224353395975485;0.0;0.016865982557395427;0.0;0.0;0.0;0.06912568908291479;0.0;0.02849417210833194;0.02849417210833194;0.0;0.0;0.0;0.0;0.0;0.031008013650729714;0.0;0.023480345019894107;0.02849417210833194;0.031008046902669915;0.015226424457993607;0.02849417210833194;0.0;0.02849417210833194;0.013350234051911655;0.022080995046570177;0.024404551376293302;0.02849417210833194;0.02849417210833194;0.02849417210833194;0.9137471206034293;0.014096404968237644;0.0;0.0;0.00991331476058534;0.07730324575042338;0.02849417210833194;0.0;0.07856095821181243;0.02849417210833194;0.018741476526658217;0.02849417210833194;0.0;0.009246151271064916;0.0;0.006433973282131043;0.02849417210833194;0.02849417210833194;0.02849417210833194;0.0;0.0;0.0;0.02849417210833194;0.0;0.023098733855729373;0.024221620452226755;0.02849417210833194;0.0;0.02849417210833194;0.0;0.13356406145528946;0.02849417210833194;0.0;0.0;0.04796011431696712;0.0;0.02849417210833194;0.02849417210833194;0.0;0.0;0.02849417210833194;0.0;0.02849417210833194;0.024221620452226755;0.02849417210833194;0.8780064831299897;0.0;0.04833091737934245;0.0;0.0;0.0;0.012925349572707388;0.01931939535712146;0.0;0.02849417210833194;0.046068341918840815;0.02849417210833194;0.0;0.0;0.0;0.0;0.02849417210833194
GO:1900017;0.03512867645653689;0.0;0.019702744454353997;0.0;0.019702744454353997;0.010064276354268967;0.0;0.09824783606169805;0.019702744454353997;0.0815085700047915;0.0;0.05140331697226773;0.05873296464376958;0.02849417210833194;1.0;0.0;0.10413472193429332;0.05140331697226773;0.19524674544173307;0.0;0.002824277217674385;0.006590760104905454;0.0;0.011528159063147471;0.03512867645653689;0.05201992030621129;0.0;0.019702744454353997;0.05201992030621129;0.03512867645653689;0.0033054994833079097;0.019702744454353997;0.019702744454353997;0.03512867645653689;0.10351811860034976;0.02705106927178223;0.0;0.019702744454353997;0.0;0.05873296464376958;0.0;0.09841492126870216;0.033344230600658636;0.009004861779336027;0.0;0.0;0.06908763763035455;0.023648687696953153;0.019702744454353997;0.012979719808849375;0.03512867645653689;0.03512867645653689;0.03512867645653689;0.019702744454353997;0.019702744454353997;0.06100201014844465;0.0;0.03512867645653689;0.03512867645653689;0.005439344724655555;0.01836334554075903;0.029422754711180804;0.09779795491847386;0.019295301441722517;0.03512867645653689;0.0;0.008490033138338878;0.0;0.019702744454353997;0.0;0.10351811860034976;0.10351811860034976;0.014855874209177482;0.02243583701703053;0.050712411973450854;0.0;0.0;0.008797582361068108;0.0664086278544033;0.10270202726009668;0.06426875013575341;0.06426875013575341;0.014855874209177482;0.0;0.0;0.0;0.0;0.0;0.0;0.0;0.019702744454353997;0.019702744454353997;0.010224353395975485;0.0;0.04999716986024357;0.0;0.0;0.0;0.007356085324951006;0.0;0.10351811860034976;0.03512867645653689;0.0;0.0;0.0;0.0;0.0;0.006080316055282548;0.0;0.023480345019894107;0.19524674544173307;0.010840808751527521;0.008540098298908382;0.019702744454353997;0.0;0.019702744454353997;0.03934082497067867;0.06545644502297245;0.024404551376293302;0.019702744454353997;0.03512867645653689;0.019702744454353997;0.016063972835629225;0.014096404968237644;0.0;0.0;0.029386825242844628;0.004613918840620522;0.03512867645653689;0.0;0.008360149742924409;0.019702744454353997;0.027424149031634204;0.019702744454353997;0.0;0.027409099593206775;0.0;0.020365834265454796;0.019702744454353997;0.03512867645653689;0.03512867645653689;0.0;0.0;0.0;0.19524674544173307;0.0;0.03380006472811933;0.014855874209177482;0.10413472193429332;0.0;0.03512867645653689;0.0;0.0024311562656152597;0.032525867279611216;0.0;0.0;0.014014704322750522;0.0;0.019702744454353997;0.19524674544173307;0.0;0.0;0.03512867645653689;0.0;0.019702744454353997;0.014855874209177482;0.019702744454353997;0.01796646261110231;0.0;0.0530081795390383;0.0;0.0;0.0;0.013316317802164437;0.019903771799280025;0.0;0.03512867645653689;0.004902412669297628;0.03399321744050389;0.0;0.0;0.0;0.0;0.10413472193429332
