;GO:0036498;GO:0036499;GO:0014067;GO:0016925;GO:1990090;GO:0006283;GO:0009312;GO:0042776;GO:0007259;GO:0071493;GO:0001666;GO:0046580;GO:0070682;GO:0035437;GO:0034620;GO:0010499;GO:0051402;GO:1903891;GO:0045815;GO:1903895;GO:0007141;GO:1902600;GO:0008630;GO:1903897;GO:0009725;GO:0006334;GO:0042149;GO:0006605;GO:0071480;GO:0001676;GO:0035307;GO:0061051;GO:0010389;GO:0106101;GO:0006383;GO:0008286;GO:0008284;GO:0042795;GO:0045664;GO:0045944;GO:0043401;GO:0043525;GO:0000398;GO:0043524;GO:0048384;GO:0034605;GO:0071277;GO:0000281;GO:0045671;GO:0097501;GO:0033235;GO:0033234;GO:0036500;GO:0038128;GO:0016579;GO:0007088;GO:0008334;GO:1990440;GO:0045046;GO:0001934;GO:2000146;GO:0030512;GO:0018108;GO:0006361;GO:0007175;GO:0008543;GO:0042177;GO:0006363;GO:0051170;GO:0000413;GO:0006369;GO:0032091;GO:0006367;GO:0006488;GO:0043547;GO:0006368;GO:0060964;GO:0006635;GO:0051443;GO:0048167;GO:0031398;GO:0010976;GO:0098779;GO:0016558;GO:0032480;GO:0030182;GO:0060393;GO:0006370;GO:1900740;GO:0042220;GO:0090263;GO:1901796;GO:0043312;GO:0000387;GO:0043161;GO:0007219;GO:0010628;GO:0042351;GO:0071287;GO:0071320;GO:0072657;GO:0019673;GO:0071847;GO:1900180;GO:0030335;GO:0090074;GO:0060741;GO:0043687;GO:0006983;GO:0000079;GO:0032869;GO:0000122;GO:0000086;GO:0032868;GO:0071353;GO:0035338;GO:0032465;GO:0071236;GO:0042407;GO:0006351;GO:0035690;GO:0060338;GO:0051085;GO:0007166;GO:0046323;GO:0060334;GO:0006479;GO:0006357;GO:0030318;GO:0097711;GO:0043066;GO:0070373;GO:0071901;GO:0030433;GO:0070536
GO:0036498;1.0;0.525959488009994;0.047799631016701725;0.01468324974140624;0.1912422969752877;0.24991089615047335;0.0;0.01468324974140624;0.12659489728285286;0.1912422969752877;0.17988792517482602;0.047799631016701725;0.01468324974140624;0.036692364793703955;0.24991089615047335;0.0;0.01468324974140624;0.047799631016701725;0.042064647228987374;0.047799631016701725;0.01468324974140624;0.0;0.24991089615047335;0.047799631016701725;0.11807622278079505;0.01468324974140624;0.24991089615047335;0.0;0.1912422969752877;0.01468324974140624;0.047799631016701725;0.047799631016701725;0.047799631016701725;0.01468324974140624;0.01468324974140624;0.12659489728285286;0.047799631016701725;0.01468324974140624;0.047799631016701725;0.047799631016701725;0.12659489728285286;0.047799631016701725;0.01468324974140624;0.047799631016701725;0.12659489728285286;0.24991089615047335;0.1912422969752877;0.01468324974140624;0.047799631016701725;0.17988792517482602;0.047799631016701725;0.047799631016701725;0.525959488009994;0.12659489728285286;0.01468324974140624;0.047799631016701725;0.01468324974140624;0.43986679854524563;0.01468324974140624;0.047799631016701725;0.047799631016701725;0.047799631016701725;0.01468324974140624;0.01468324974140624;0.047799631016701725;0.12659489728285286;0.042064647228987374;0.01468324974140624;0.0;0.01468324974140624;0.01468324974140624;0.036692364793703955;0.01468324974140624;0.01468324974140624;0.036692364793703955;0.01468324974140624;0.047799631016701725;0.01468324974140624;0.047799631016701725;0.047799631016701725;0.047799631016701725;0.047799631016701725;0.24991089615047335;0.01468324974140624;0.042064647228987374;0.01468324974140624;0.047799631016701725;0.01468324974140624;0.047799631016701725;0.11807622278079505;0.047799631016701725;0.047799631016701725;0.01468324974140624;0.01468324974140624;0.01468324974140624;0.12659489728285286;0.042064647228987374;0.01468324974140624;0.1912422969752877;0.1912422969752877;0.0;0.01468324974140624;0.12659489728285286;0.042064647228987374;0.047799631016701725;0.036692364793703955;0.0;0.01468324974140624;0.43986679854524563;0.047799631016701725;0.1912422969752877;0.047799631016701725;0.01468324974140624;0.11807622278079505;0.1912422969752877;0.01468324974140624;0.047799631016701725;0.1912422969752877;0.01468324974140624;0.01468324974140624;0.1912422969752877;0.047799631016701725;0.01468324974140624;0.12659489728285286;0.0;0.047799631016701725;0.01468324974140624;0.047799631016701725;0.01468324974140624;0.01468324974140624;0.047799631016701725;0.047799631016701725;0.047799631016701725;0.43986679854524563;0.01468324974140624
GO:0036499;0.525959488009994;1.0;0.047799631016701725;0.01468324974140624;0.1912422969752877;0.24991089615047335;0.0;0.01468324974140624;0.12659489728285286;0.1912422969752877;0.17988792517482602;0.047799631016701725;0.01468324974140624;0.036692364793703955;0.24991089615047335;0.0;0.01468324974140624;0.047799631016701725;0.042064647228987374;0.047799631016701725;0.01468324974140624;0.0;0.24991089615047335;0.047799631016701725;0.11807622278079505;0.01468324974140624;0.24991089615047335;0.0;0.1912422969752877;0.01468324974140624;0.047799631016701725;0.047799631016701725;0.047799631016701725;0.01468324974140624;0.01468324974140624;0.12659489728285286;0.047799631016701725;0.01468324974140624;0.047799631016701725;0.047799631016701725;0.12659489728285286;0.047799631016701725;0.01468324974140624;0.047799631016701725;0.12659489728285286;0.24991089615047335;0.1912422969752877;0.01468324974140624;0.047799631016701725;0.17988792517482602;0.047799631016701725;0.047799631016701725;0.6363586695896766;0.12659489728285286;0.01468324974140624;0.047799631016701725;0.01468324974140624;0.43986679854524563;0.01468324974140624;0.047799631016701725;0.047799631016701725;0.047799631016701725;0.01468324974140624;0.01468324974140624;0.047799631016701725;0.12659489728285286;0.042064647228987374;0.01468324974140624;0.0;0.01468324974140624;0.01468324974140624;0.036692364793703955;0.01468324974140624;0.01468324974140624;0.036692364793703955;0.01468324974140624;0.047799631016701725;0.01468324974140624;0.047799631016701725;0.047799631016701725;0.047799631016701725;0.047799631016701725;0.24991089615047335;0.01468324974140624;0.042064647228987374;0.01468324974140624;0.047799631016701725;0.01468324974140624;0.047799631016701725;0.11807622278079505;0.047799631016701725;0.047799631016701725;0.01468324974140624;0.01468324974140624;0.01468324974140624;0.12659489728285286;0.042064647228987374;0.01468324974140624;0.1912422969752877;0.1912422969752877;0.0;0.01468324974140624;0.12659489728285286;0.042064647228987374;0.047799631016701725;0.036692364793703955;0.0;0.01468324974140624;0.6363586695896766;0.047799631016701725;0.1912422969752877;0.047799631016701725;0.01468324974140624;0.11807622278079505;0.1912422969752877;0.01468324974140624;0.047799631016701725;0.1912422969752877;0.01468324974140624;0.01468324974140624;0.1912422969752877;0.047799631016701725;0.01468324974140624;0.12659489728285286;0.0;0.047799631016701725;0.01468324974140624;0.047799631016701725;0.01468324974140624;0.01468324974140624;0.047799631016701725;0.047799631016701725;0.047799631016701725;0.43986679854524563;0.01468324974140624
GO:0014067;0.047799631016701725;0.047799631016701725;1.0;0.0;0.0;0.0;0.0;0.0;0.047799631016701725;0.0;0.0;0.361147619079207;0.0;0.036692364793703955;0.0;0.0;0.0;0.1786822519641151;0.042064647228987374;0.274741083875601;0.0;0.0;0.047799631016701725;0.1786822519641151;0.0;0.0;0.0;0.0;0.0;0.0;0.047799631016701725;0.1492331351584338;0.047799631016701725;0.0;0.0;0.047799631016701725;0.047799631016701725;0.0;0.047799631016701725;0.047799631016701725;0.047799631016701725;0.047799631016701725;0.0;0.13839445927415203;0.047799631016701725;0.0;0.0;0.0;0.13839445927415203;0.0;0.047799631016701725;0.13839445927415203;0.047799631016701725;0.047799631016701725;0.0;0.047799631016701725;0.0;0.047799631016701725;0.0;0.047799631016701725;0.13839445927415203;0.274741083875601;0.0;0.0;0.274741083875601;0.047799631016701725;0.12804570306913615;0.0;0.0;0.0;0.0;0.036692364793703955;0.0;0.0;0.036692364793703955;0.0;0.047799631016701725;0.0;0.047799631016701725;0.16845680521671735;0.047799631016701725;0.047799631016701725;0.047799631016701725;0.0;0.12804570306913615;0.0;0.1786822519641151;0.0;0.1786822519641151;0.0;0.1786822519641151;0.2326756683755529;0.0;0.0;0.0;0.047799631016701725;0.042064647228987374;0.0;0.0;0.0;0.0;0.0;0.047799631016701725;0.042064647228987374;0.047799631016701725;0.036692364793703955;0.0;0.0;0.047799631016701725;0.047799631016701725;0.0;0.13839445927415203;0.0;0.0;0.0;0.0;0.047799631016701725;0.0;0.0;0.0;0.0;0.1786822519641151;0.0;0.047799631016701725;0.0;0.1786822519641151;0.0;0.047799631016701725;0.0;0.0;0.13839445927415203;0.361147619079207;0.13839445927415203;0.0;0.0
GO:0016925;0.01468324974140624;0.01468324974140624;0.0;1.0;0.01468324974140624;0.10587402764930422;0.06927734236639929;0.1237146889194086;0.01468324974140624;0.01468324974140624;0.0;0.0;0.01468324974140624;0.01468324974140624;0.01468324974140624;0.1468397877411918;0.01468324974140624;0.0;0.0;0.0;0.01468324974140624;0.0;0.01468324974140624;0.0;0.0;0.01468324974140624;0.01468324974140624;0.0;0.01468324974140624;0.06927734236639929;0.0;0.0;0.0;0.01468324974140624;0.10587402764930422;0.01468324974140624;0.0;0.10587402764930422;0.0;0.0;0.01468324974140624;0.0;0.08547128021085358;0.0;0.01468324974140624;0.01468324974140624;0.01468324974140624;0.01468324974140624;0.0;0.0;0.0;0.0;0.01468324974140624;0.01468324974140624;0.2991519927136402;0.0;0.08547128021085358;0.01468324974140624;0.01468324974140624;0.0;0.0;0.0;0.30783551572057777;0.08547128021085358;0.0;0.01468324974140624;0.0;0.08547128021085358;0.0;0.30783551572057777;0.08547128021085358;0.0;0.08547128021085358;0.06927734236639929;0.0;0.08547128021085358;0.0;0.06927734236639929;0.0;0.0;0.0;0.0;0.01468324974140624;0.01468324974140624;0.0;0.01468324974140624;0.0;0.08547128021085358;0.01468324974140624;0.0;0.0;0.0;0.01468324974140624;0.01468324974140624;0.1468397877411918;0.01468324974140624;0.0;0.07548231845693805;0.01468324974140624;0.01468324974140624;0.0;0.07548231845693805;0.01468324974140624;0.0;0.0;0.0;0.0;0.18032682375526765;0.01468324974140624;0.0;0.01468324974140624;0.0;0.01468324974140624;0.0;0.01468324974140624;0.06886689890529227;0.0;0.01468324974140624;0.01468324974140624;0.10587402764930422;0.01468324974140624;0.0;0.01468324974140624;0.01468324974140624;0.0;0.0;0.18032682375526765;0.0;0.01468324974140624;0.01468324974140624;0.0;0.0;0.0;0.1468397877411918;0.2991519927136402
GO:1990090;0.1912422969752877;0.1912422969752877;0.0;0.01468324974140624;1.0;0.1912422969752877;0.0;0.01468324974140624;0.01468324974140624;0.1912422969752877;0.11807622278079505;0.0;0.01468324974140624;0.01468324974140624;0.26838521347675653;0.0;0.01468324974140624;0.0;0.0;0.0;0.01468324974140624;0.0;0.1912422969752877;0.0;0.29398683082268945;0.01468324974140624;0.1912422969752877;0.0;0.1912422969752877;0.01468324974140624;0.0;0.0;0.0;0.01468324974140624;0.01468324974140624;0.01468324974140624;0.0;0.01468324974140624;0.0;0.0;0.01468324974140624;0.0;0.01468324974140624;0.0;0.01468324974140624;0.1912422969752877;0.2473380912762773;0.01468324974140624;0.0;0.19673256925640645;0.0;0.0;0.1912422969752877;0.01468324974140624;0.01468324974140624;0.0;0.01468324974140624;0.1912422969752877;0.01468324974140624;0.0;0.0;0.0;0.01468324974140624;0.01468324974140624;0.0;0.01468324974140624;0.0;0.01468324974140624;0.0;0.01468324974140624;0.01468324974140624;0.0;0.01468324974140624;0.01468324974140624;0.0;0.01468324974140624;0.0;0.01468324974140624;0.0;0.0;0.0;0.0;0.1912422969752877;0.01468324974140624;0.0;0.01468324974140624;0.0;0.01468324974140624;0.01468324974140624;0.21955571243929653;0.0;0.0;0.01468324974140624;0.01468324974140624;0.01468324974140624;0.01468324974140624;0.0;0.01468324974140624;0.2473380912762773;0.33202122880245893;0.0;0.01468324974140624;0.01468324974140624;0.0;0.0;0.0;0.0;0.01468324974140624;0.1912422969752877;0.0;0.33202122880245893;0.0;0.01468324974140624;0.29398683082268945;0.26838521347675653;0.01468324974140624;0.0;0.2473380912762773;0.01468324974140624;0.01468324974140624;0.2473380912762773;0.0;0.01468324974140624;0.01468324974140624;0.0;0.0;0.01468324974140624;0.0;0.01468324974140624;0.01468324974140624;0.0;0.0;0.0;0.21955571243929653;0.01468324974140624
GO:0006283;0.24991089615047335;0.24991089615047335;0.0;0.10587402764930422;0.1912422969752877;1.0;0.06927734236639929;0.13943261564481066;0.01468324974140624;0.1912422969752877;0.17988792517482602;0.0;0.01468324974140624;0.01468324974140624;0.24991089615047335;0.08547128021085358;0.01468324974140624;0.0;0.0;0.0;0.01468324974140624;0.0;0.32330823750762483;0.0;0.11807622278079505;0.01468324974140624;0.24991089615047335;0.0;0.1912422969752877;0.06927734236639929;0.0;0.0;0.0;0.01468324974140624;0.15084348231066635;0.01468324974140624;0.0;0.15084348231066635;0.0;0.0;0.01468324974140624;0.0;0.15084348231066635;0.0;0.01468324974140624;0.24991089615047335;0.1912422969752877;0.01468324974140624;0.0;0.17988792517482602;0.0;0.0;0.24991089615047335;0.01468324974140624;0.10587402764930422;0.0;0.15084348231066635;0.24991089615047335;0.01468324974140624;0.0;0.0;0.0;0.10587402764930422;0.15084348231066635;0.0;0.01468324974140624;0.0;0.15084348231066635;0.0;0.10587402764930422;0.15084348231066635;0.0;0.15084348231066635;0.06927734236639929;0.0;0.15084348231066635;0.0;0.06927734236639929;0.0;0.0;0.0;0.0;0.24991089615047335;0.01468324974140624;0.0;0.01468324974140624;0.0;0.15084348231066635;0.01468324974140624;0.11807622278079505;0.0;0.0;0.01468324974140624;0.01468324974140624;0.10587402764930422;0.01468324974140624;0.0;0.13943261564481066;0.1912422969752877;0.1912422969752877;0.0;0.13943261564481066;0.01468324974140624;0.0;0.0;0.0;0.0;0.10587402764930422;0.24991089615047335;0.0;0.1912422969752877;0.0;0.01468324974140624;0.11807622278079505;0.1912422969752877;0.06886689890529227;0.0;0.1912422969752877;0.01468324974140624;0.15084348231066635;0.1912422969752877;0.0;0.01468324974140624;0.01468324974140624;0.0;0.0;0.10587402764930422;0.0;0.01468324974140624;0.01468324974140624;0.0;0.0;0.0;0.24991089615047335;0.10587402764930422
GO:0009312;0.0;0.0;0.0;0.06927734236639929;0.0;0.06927734236639929;1.0;0.1418425576658879;0.0;0.0;0.0;0.0;0.0;0.0;0.0;0.06927734236639929;0.0;0.0;0.0;0.0;0.0;0.0;0.0;0.0;0.0;0.0;0.0;0.0;0.0;0.06927734236639929;0.0;0.0;0.0;0.0;0.1418425576658879;0.0;0.0;0.1418425576658879;0.0;0.0;0.0;0.0;0.06927734236639929;0.0;0.0;0.0;0.0;0.0;0.0;0.0;0.0;0.0;0.0;0.0;0.06927734236639929;0.0;0.06927734236639929;0.0;0.0;0.0;0.0;0.0;0.06927734236639929;0.1418425576658879;0.0;0.0;0.0;0.1418425576658879;0.0;0.06927734236639929;0.1418425576658879;0.0;0.1418425576658879;0.1418425576658879;0.0;0.1418425576658879;0.0;0.06927734236639929;0.0;0.0;0.0;0.0;0.0;0.0;0.0;0.0;0.0;0.06927734236639929;0.0;0.0;0.0;0.0;0.0;0.0;0.06927734236639929;0.0;0.0;0.1418425576658879;0.0;0.0;0.0;0.06927734236639929;0.0;0.0;0.0;0.0;0.0;0.06927734236639929;0.0;0.0;0.0;0.0;0.0;0.0;0.0;0.1418425576658879;0.0;0.0;0.0;0.1418425576658879;0.0;0.0;0.0;0.0;0.0;0.0;0.06927734236639929;0.0;0.0;0.0;0.0;0.0;0.0;0.06927734236639929;0.06927734236639929
GO:0042776;0.01468324974140624;0.01468324974140624;0.0;0.1237146889194086;0.01468324974140624;0.13943261564481066;0.1418425576658879;1.0;0.01468324974140624;0.01468324974140624;0.0;0.0;0.01468324974140624;0.13331334997803274;0.01468324974140624;0.1237146889194086;0.01468324974140624;0.0;0.0;0.0;0.01468324974140624;0.4945683533957729;0.01468324974140624;0.0;0.0;0.01468324974140624;0.01468324974140624;0.2515948343026044;0.01468324974140624;0.2355376372194388;0.0;0.0;0.0;0.2147074070362994;0.18069967620565253;0.01468324974140624;0.0;0.18069967620565253;0.0;0.0;0.01468324974140624;0.0;0.13943261564481066;0.0;0.01468324974140624;0.01468324974140624;0.01468324974140624;0.01468324974140624;0.0;0.0;0.0;0.0;0.01468324974140624;0.01468324974140624;0.1237146889194086;0.0;0.13943261564481066;0.01468324974140624;0.2515948343026044;0.0;0.0;0.0;0.2794464493768247;0.18069967620565253;0.0;0.01468324974140624;0.0;0.18069967620565253;0.2515948343026044;0.1237146889194086;0.18069967620565253;0.0;0.18069967620565253;0.3781438673140069;0.0;0.18069967620565253;0.0;0.2355376372194388;0.0;0.0;0.0;0.0;0.01468324974140624;0.272550487440867;0.0;0.01468324974140624;0.0;0.13943261564481066;0.01468324974140624;0.0;0.0;0.0;0.14698621595948655;0.01468324974140624;0.1237146889194086;0.01468324974140624;0.0;0.3781438673140069;0.01468324974140624;0.01468324974140624;0.2147074070362994;0.36016130388521045;0.01468324974140624;0.0;0.0;0.0;0.0;0.1237146889194086;0.01468324974140624;0.0;0.01468324974140624;0.0;0.01468324974140624;0.0;0.01468324974140624;0.21990385799841924;0.0;0.01468324974140624;0.01468324974140624;0.18069967620565253;0.01468324974140624;0.0;0.01468324974140624;0.01468324974140624;0.272550487440867;0.0;0.1237146889194086;0.0;0.01468324974140624;0.2147074070362994;0.0;0.0;0.0;0.1237146889194086;0.1237146889194086
GO:0007259;0.12659489728285286;0.12659489728285286;0.047799631016701725;0.01468324974140624;0.01468324974140624;0.01468324974140624;0.0;0.01468324974140624;1.0;0.01468324974140624;0.0;0.047799631016701725;0.01468324974140624;0.036692364793703955;0.01468324974140624;0.0;0.01468324974140624;0.047799631016701725;0.042064647228987374;0.047799631016701725;0.01468324974140624;0.0;0.24553006275393716;0.047799631016701725;0.0;0.01468324974140624;0.01468324974140624;0.0;0.01468324974140624;0.01468324974140624;0.047799631016701725;0.047799631016701725;0.047799631016701725;0.01468324974140624;0.01468324974140624;0.12659489728285286;0.047799631016701725;0.01468324974140624;0.047799631016701725;0.047799631016701725;0.12659489728285286;0.047799631016701725;0.01468324974140624;0.047799631016701725;0.12659489728285286;0.01468324974140624;0.01468324974140624;0.01468324974140624;0.047799631016701725;0.0;0.047799631016701725;0.047799631016701725;0.12659489728285286;0.12659489728285286;0.01468324974140624;0.047799631016701725;0.01468324974140624;0.047799631016701725;0.01468324974140624;0.047799631016701725;0.047799631016701725;0.047799631016701725;0.01468324974140624;0.01468324974140624;0.047799631016701725;0.12659489728285286;0.042064647228987374;0.01468324974140624;0.0;0.01468324974140624;0.01468324974140624;0.036692364793703955;0.01468324974140624;0.01468324974140624;0.036692364793703955;0.01468324974140624;0.047799631016701725;0.01468324974140624;0.047799631016701725;0.047799631016701725;0.047799631016701725;0.047799631016701725;0.047799631016701725;0.01468324974140624;0.042064647228987374;0.01468324974140624;0.047799631016701725;0.01468324974140624;0.047799631016701725;0.0;0.047799631016701725;0.047799631016701725;0.01468324974140624;0.01468324974140624;0.01468324974140624;0.12659489728285286;0.042064647228987374;0.01468324974140624;0.01468324974140624;0.01468324974140624;0.0;0.01468324974140624;0.12659489728285286;0.042064647228987374;0.047799631016701725;0.036692364793703955;0.0;0.01468324974140624;0.12659489728285286;0.047799631016701725;0.01468324974140624;0.047799631016701725;0.01468324974140624;0.0;0.01468324974140624;0.01468324974140624;0.047799631016701725;0.01468324974140624;0.01468324974140624;0.01468324974140624;0.01468324974140624;0.047799631016701725;0.01468324974140624;0.12659489728285286;0.0;0.047799631016701725;0.01468324974140624;0.047799631016701725;0.01468324974140624;0.01468324974140624;0.047799631016701725;0.047799631016701725;0.047799631016701725;0.01468324974140624;0.01468324974140624
GO:0071493;0.1912422969752877;0.1912422969752877;0.0;0.01468324974140624;0.1912422969752877;0.1912422969752877;0.0;0.01468324974140624;0.01468324974140624;1.0;0.2900544355709107;0.0;0.01468324974140624;0.01468324974140624;0.1912422969752877;0.0;0.01468324974140624;0.0;0.0;0.0;0.01468324974140624;0.0;0.1912422969752877;0.0;0.11807622278079505;0.01468324974140624;0.1912422969752877;0.0;0.4802734889304517;0.01468324974140624;0.0;0.0;0.0;0.01468324974140624;0.01468324974140624;0.01468324974140624;0.0;0.01468324974140624;0.0;0.0;0.01468324974140624;0.0;0.01468324974140624;0.0;0.01468324974140624;0.2900544355709107;0.1912422969752877;0.01468324974140624;0.0;0.11807622278079505;0.0;0.0;0.1912422969752877;0.01468324974140624;0.01468324974140624;0.0;0.01468324974140624;0.1912422969752877;0.01468324974140624;0.0;0.0;0.0;0.01468324974140624;0.01468324974140624;0.0;0.01468324974140624;0.0;0.01468324974140624;0.0;0.01468324974140624;0.01468324974140624;0.0;0.01468324974140624;0.01468324974140624;0.0;0.01468324974140624;0.0;0.01468324974140624;0.0;0.0;0.0;0.0;0.1912422969752877;0.01468324974140624;0.0;0.01468324974140624;0.0;0.01468324974140624;0.01468324974140624;0.11807622278079505;0.0;0.0;0.01468324974140624;0.01468324974140624;0.01468324974140624;0.01468324974140624;0.0;0.01468324974140624;0.1912422969752877;0.1912422969752877;0.0;0.01468324974140624;0.01468324974140624;0.0;0.0;0.0;0.0;0.01468324974140624;0.1912422969752877;0.0;0.1912422969752877;0.0;0.01468324974140624;0.11807622278079505;0.1912422969752877;0.01468324974140624;0.0;0.1912422969752877;0.01468324974140624;0.01468324974140624;0.1912422969752877;0.0;0.01468324974140624;0.01468324974140624;0.0;0.0;0.01468324974140624;0.0;0.01468324974140624;0.01468324974140624;0.0;0.0;0.0;0.1912422969752877;0.01468324974140624
GO:0001666;0.17988792517482602;0.17988792517482602;0.0;0.0;0.11807622278079505;0.17988792517482602;0.0;0.0;0.0;0.2900544355709107;1.0;0.0;0.0;0.0;0.17988792517482602;0.0;0.0;0.0;0.0;0.0;0.0;0.0;0.17988792517482602;0.0;0.11807622278079505;0.0;0.17988792517482602;0.0;0.2900544355709107;0.0;0.0;0.0;0.0;0.0;0.0;0.0;0.0;0.0;0.0;0.0;0.0;0.0;0.0;0.0;0.0;0.2900544355709107;0.11807622278079505;0.0;0.0;0.17988792517482602;0.0;0.0;0.17988792517482602;0.0;0.0;0.0;0.0;0.17988792517482602;0.0;0.0;0.0;0.0;0.0;0.0;0.0;0.0;0.0;0.0;0.0;0.0;0.0;0.0;0.0;0.0;0.0;0.0;0.0;0.0;0.0;0.0;0.0;0.0;0.17988792517482602;0.0;0.0;0.0;0.0;0.0;0.0;0.11807622278079505;0.0;0.0;0.0;0.0;0.0;0.0;0.0;0.0;0.11807622278079505;0.11807622278079505;0.0;0.0;0.0;0.0;0.0;0.0;0.0;0.0;0.17988792517482602;0.0;0.11807622278079505;0.0;0.0;0.11807622278079505;0.11807622278079505;0.0;0.0;0.11807622278079505;0.0;0.0;0.11807622278079505;0.0;0.0;0.0;0.0;0.0;0.0;0.0;0.0;0.0;0.0;0.0;0.0;0.17988792517482602;0.0
GO:0046580;0.047799631016701725;0.047799631016701725;0.361147619079207;0.0;0.0;0.0;0.0;0.0;0.047799631016701725;0.0;0.0;1.0;0.0;0.036692364793703955;0.0;0.0;0.0;0.1786822519641151;0.042064647228987374;0.274741083875601;0.0;0.0;0.047799631016701725;0.1786822519641151;0.0;0.0;0.0;0.0;0.0;0.0;0.047799631016701725;0.1492331351584338;0.047799631016701725;0.0;0.0;0.047799631016701725;0.047799631016701725;0.0;0.047799631016701725;0.047799631016701725;0.047799631016701725;0.047799631016701725;0.0;0.13839445927415203;0.047799631016701725;0.0;0.0;0.0;0.13839445927415203;0.0;0.047799631016701725;0.13839445927415203;0.047799631016701725;0.047799631016701725;0.0;0.047799631016701725;0.0;0.047799631016701725;0.0;0.047799631016701725;0.13839445927415203;0.274741083875601;0.0;0.0;0.274741083875601;0.047799631016701725;0.12804570306913615;0.0;0.0;0.0;0.0;0.036692364793703955;0.0;0.0;0.036692364793703955;0.0;0.047799631016701725;0.0;0.047799631016701725;0.16845680521671735;0.047799631016701725;0.047799631016701725;0.047799631016701725;0.0;0.12804570306913615;0.0;0.1786822519641151;0.0;0.1786822519641151;0.0;0.1786822519641151;0.2326756683755529;0.0;0.0;0.0;0.047799631016701725;0.042064647228987374;0.0;0.0;0.0;0.0;0.0;0.047799631016701725;0.042064647228987374;0.047799631016701725;0.036692364793703955;0.0;0.0;0.047799631016701725;0.047799631016701725;0.0;0.13839445927415203;0.0;0.0;0.0;0.0;0.047799631016701725;0.0;0.0;0.0;0.0;0.1786822519641151;0.0;0.047799631016701725;0.0;0.1786822519641151;0.0;0.047799631016701725;0.0;0.0;0.13839445927415203;0.361147619079207;0.13839445927415203;0.0;0.0
GO:0070682;0.01468324974140624;0.01468324974140624;0.0;0.01468324974140624;0.01468324974140624;0.01468324974140624;0.0;0.01468324974140624;0.01468324974140624;0.01468324974140624;0.0;0.0;1.0;0.01468324974140624;0.01468324974140624;0.0;0.01468324974140624;0.0;0.0;0.0;0.12408495164008174;0.0;0.01468324974140624;0.0;0.0;0.30997634000901914;0.01468324974140624;0.0;0.01468324974140624;0.01468324974140624;0.0;0.0;0.0;0.12408495164008174;0.01468324974140624;0.01468324974140624;0.0;0.01468324974140624;0.0;0.0;0.01468324974140624;0.0;0.01468324974140624;0.0;0.01468324974140624;0.01468324974140624;0.01468324974140624;0.01468324974140624;0.0;0.0;0.0;0.0;0.01468324974140624;0.01468324974140624;0.01468324974140624;0.0;0.01468324974140624;0.01468324974140624;0.12408495164008174;0.0;0.0;0.0;0.01468324974140624;0.01468324974140624;0.0;0.01468324974140624;0.0;0.01468324974140624;0.0;0.01468324974140624;0.01468324974140624;0.0;0.01468324974140624;0.01468324974140624;0.0;0.01468324974140624;0.0;0.01468324974140624;0.0;0.0;0.0;0.0;0.01468324974140624;0.12408495164008174;0.0;0.01468324974140624;0.0;0.01468324974140624;0.12408495164008174;0.0;0.0;0.0;0.01468324974140624;0.30997634000901914;0.01468324974140624;0.01468324974140624;0.0;0.01468324974140624;0.01468324974140624;0.01468324974140624;0.0;0.01468324974140624;0.01468324974140624;0.0;0.0;0.0;0.0;0.01468324974140624;0.01468324974140624;0.0;0.01468324974140624;0.0;0.01468324974140624;0.0;0.01468324974140624;0.01468324974140624;0.0;0.01468324974140624;0.12408495164008174;0.01468324974140624;0.01468324974140624;0.0;0.01468324974140624;0.01468324974140624;0.0;0.0;0.01468324974140624;0.0;0.01468324974140624;0.01468324974140624;0.0;0.0;0.0;0.01468324974140624;0.01468324974140624
GO:0035437;0.036692364793703955;0.036692364793703955;0.036692364793703955;0.01468324974140624;0.01468324974140624;0.01468324974140624;0.0;0.13331334997803274;0.036692364793703955;0.01468324974140624;0.0;0.036692364793703955;0.01468324974140624;1.0;0.01468324974140624;0.0;0.01468324974140624;0.036692364793703955;0.036692364793703955;0.036692364793703955;0.01468324974140624;0.13331334997803274;0.036692364793703955;0.036692364793703955;0.0;0.01468324974140624;0.01468324974140624;0.13331334997803274;0.01468324974140624;0.01468324974140624;0.036692364793703955;0.036692364793703955;0.036692364793703955;0.13331334997803274;0.01468324974140624;0.036692364793703955;0.036692364793703955;0.01468324974140624;0.036692364793703955;0.036692364793703955;0.036692364793703955;0.036692364793703955;0.01468324974140624;0.036692364793703955;0.036692364793703955;0.01468324974140624;0.01468324974140624;0.01468324974140624;0.036692364793703955;0.0;0.036692364793703955;0.036692364793703955;0.036692364793703955;0.036692364793703955;0.01468324974140624;0.036692364793703955;0.01468324974140624;0.036692364793703955;0.13331334997803274;0.036692364793703955;0.036692364793703955;0.036692364793703955;0.01468324974140624;0.01468324974140624;0.036692364793703955;0.036692364793703955;0.036692364793703955;0.01468324974140624;0.13331334997803274;0.01468324974140624;0.01468324974140624;0.036692364793703955;0.01468324974140624;0.01468324974140624;0.036692364793703955;0.01468324974140624;0.036692364793703955;0.01468324974140624;0.036692364793703955;0.16702085169111647;0.036692364793703955;0.036692364793703955;0.036692364793703955;0.13331334997803274;0.036692364793703955;0.01468324974140624;0.036692364793703955;0.01468324974140624;0.16702085169111647;0.0;0.036692364793703955;0.036692364793703955;0.13331334997803274;0.01468324974140624;0.01468324974140624;0.036692364793703955;0.036692364793703955;0.01468324974140624;0.01468324974140624;0.01468324974140624;0.13331334997803274;0.01468324974140624;0.036692364793703955;0.036692364793703955;0.036692364793703955;0.036692364793703955;0.0;0.01468324974140624;0.036692364793703955;0.036692364793703955;0.01468324974140624;0.036692364793703955;0.01468324974140624;0.0;0.01468324974140624;0.01468324974140624;0.036692364793703955;0.01468324974140624;0.01468324974140624;0.01468324974140624;0.01468324974140624;0.036692364793703955;0.01468324974140624;0.036692364793703955;0.13331334997803274;0.036692364793703955;0.01468324974140624;0.036692364793703955;0.01468324974140624;0.13331334997803274;0.036692364793703955;0.036692364793703955;0.036692364793703955;0.01468324974140624;0.01468324974140624
GO:0034620;0.24991089615047335;0.24991089615047335;0.0;0.01468324974140624;0.26838521347675653;0.24991089615047335;0.0;0.01468324974140624;0.01468324974140624;0.1912422969752877;0.17988792517482602;0.0;0.01468324974140624;0.01468324974140624;1.0;0.0;0.01468324974140624;0.0;0.0;0.0;0.01468324974140624;0.0;0.24991089615047335;0.0;0.21955571243929653;0.01468324974140624;0.24991089615047335;0.0;0.1912422969752877;0.01468324974140624;0.0;0.0;0.0;0.01468324974140624;0.01468324974140624;0.01468324974140624;0.0;0.01468324974140624;0.0;0.0;0.01468324974140624;0.0;0.01468324974140624;0.0;0.01468324974140624;0.24991089615047335;0.2473380912762773;0.01468324974140624;0.0;0.19673256925640645;0.0;0.0;0.24991089615047335;0.01468324974140624;0.01468324974140624;0.0;0.01468324974140624;0.24991089615047335;0.01468324974140624;0.0;0.0;0.0;0.01468324974140624;0.01468324974140624;0.0;0.01468324974140624;0.0;0.01468324974140624;0.0;0.01468324974140624;0.01468324974140624;0.0;0.01468324974140624;0.01468324974140624;0.0;0.01468324974140624;0.0;0.01468324974140624;0.0;0.0;0.0;0.0;0.24991089615047335;0.01468324974140624;0.0;0.01468324974140624;0.0;0.01468324974140624;0.01468324974140624;0.21955571243929653;0.0;0.0;0.01468324974140624;0.01468324974140624;0.01468324974140624;0.01468324974140624;0.0;0.01468324974140624;0.2473380912762773;0.26838521347675653;0.0;0.01468324974140624;0.01468324974140624;0.0;0.0;0.0;0.0;0.01468324974140624;0.24991089615047335;0.0;0.26838521347675653;0.0;0.01468324974140624;0.21955571243929653;0.26838521347675653;0.01468324974140624;0.0;0.2473380912762773;0.01468324974140624;0.01468324974140624;0.2473380912762773;0.0;0.01468324974140624;0.01468324974140624;0.0;0.0;0.01468324974140624;0.0;0.01468324974140624;0.01468324974140624;0.0;0.0;0.0;0.24991089615047335;0.01468324974140624
GO:0010499;0.0;0.0;0.0;0.1468397877411918;0.0;0.08547128021085358;0.06927734236639929;0.1237146889194086;0.0;0.0;0.0;0.0;0.0;0.0;0.0;1.0;0.0;0.0;0.0;0.0;0.0;0.0;0.0;0.0;0.0;0.0;0.0;0.0;0.0;0.06927734236639929;0.0;0.0;0.0;0.0;0.08547128021085358;0.0;0.0;0.08547128021085358;0.0;0.0;0.0;0.0;0.08547128021085358;0.0;0.0;0.0;0.0;0.0;0.0;0.0;0.0;0.0;0.0;0.0;0.26577770024764036;0.0;0.08547128021085358;0.0;0.0;0.0;0.0;0.0;0.1468397877411918;0.08547128021085358;0.0;0.0;0.0;0.08547128021085358;0.0;0.1468397877411918;0.08547128021085358;0.0;0.08547128021085358;0.06927734236639929;0.0;0.08547128021085358;0.0;0.242130903760124;0.0;0.0;0.0;0.0;0.0;0.0;0.0;0.0;0.0;0.08547128021085358;0.0;0.0;0.0;0.0;0.0;0.0;0.4035145178029018;0.0;0.0;0.07548231845693805;0.0;0.0;0.0;0.07548231845693805;0.0;0.0;0.0;0.0;0.0;0.1468397877411918;0.0;0.0;0.0;0.0;0.0;0.0;0.0;0.06501482195767329;0.0;0.0;0.0;0.08547128021085358;0.0;0.0;0.0;0.0;0.0;0.0;0.1468397877411918;0.0;0.0;0.0;0.0;0.0;0.0;0.4035145178029018;0.26577770024764036
GO:0051402;0.01468324974140624;0.01468324974140624;0.0;0.01468324974140624;0.01468324974140624;0.01468324974140624;0.0;0.01468324974140624;0.01468324974140624;0.01468324974140624;0.0;0.0;0.01468324974140624;0.01468324974140624;0.01468324974140624;0.0;1.0;0.0;0.0;0.0;0.01468324974140624;0.0;0.01468324974140624;0.0;0.0;0.01468324974140624;0.01468324974140624;0.0;0.01468324974140624;0.01468324974140624;0.0;0.0;0.0;0.01468324974140624;0.01468324974140624;0.01468324974140624;0.0;0.01468324974140624;0.0;0.0;0.01468324974140624;0.0;0.01468324974140624;0.0;0.01468324974140624;0.01468324974140624;0.01468324974140624;0.01468324974140624;0.0;0.0;0.0;0.0;0.01468324974140624;0.01468324974140624;0.01468324974140624;0.0;0.01468324974140624;0.01468324974140624;0.01468324974140624;0.0;0.0;0.0;0.01468324974140624;0.01468324974140624;0.0;0.01468324974140624;0.0;0.01468324974140624;0.0;0.01468324974140624;0.01468324974140624;0.0;0.01468324974140624;0.01468324974140624;0.0;0.01468324974140624;0.0;0.01468324974140624;0.0;0.0;0.0;0.0;0.01468324974140624;0.01468324974140624;0.0;0.01468324974140624;0.0;0.01468324974140624;0.01468324974140624;0.0;0.0;0.0;0.01468324974140624;0.01468324974140624;0.01468324974140624;0.01468324974140624;0.0;0.01468324974140624;0.01468324974140624;0.01468324974140624;0.0;0.01468324974140624;0.01468324974140624;0.0;0.0;0.0;0.0;0.01468324974140624;0.01468324974140624;0.0;0.01468324974140624;0.0;0.01468324974140624;0.0;0.01468324974140624;0.01468324974140624;0.0;0.01468324974140624;0.01468324974140624;0.01468324974140624;0.01468324974140624;0.0;0.01468324974140624;0.01468324974140624;0.0;0.0;0.01468324974140624;0.0;0.01468324974140624;0.01468324974140624;0.0;0.0;0.0;0.01468324974140624;0.01468324974140624
GO:1903891;0.047799631016701725;0.047799631016701725;0.1786822519641151;0.0;0.0;0.0;0.0;0.0;0.047799631016701725;0.0;0.0;0.1786822519641151;0.0;0.036692364793703955;0.0;0.0;0.0;1.0;0.042064647228987374;0.6707730812464126;0.0;0.0;0.047799631016701725;0.6707730812464126;0.0;0.0;0.0;0.0;0.0;0.0;0.047799631016701725;0.1492331351584338;0.047799631016701725;0.0;0.0;0.047799631016701725;0.047799631016701725;0.0;0.047799631016701725;0.047799631016701725;0.047799631016701725;0.047799631016701725;0.0;0.047799631016701725;0.047799631016701725;0.0;0.0;0.0;0.047799631016701725;0.0;0.047799631016701725;0.047799631016701725;0.047799631016701725;0.047799631016701725;0.0;0.047799631016701725;0.0;0.047799631016701725;0.0;0.047799631016701725;0.047799631016701725;0.1786822519641151;0.0;0.0;0.1786822519641151;0.047799631016701725;0.042064647228987374;0.0;0.0;0.0;0.0;0.036692364793703955;0.0;0.0;0.036692364793703955;0.0;0.047799631016701725;0.0;0.047799631016701725;0.16845680521671735;0.047799631016701725;0.047799631016701725;0.047799631016701725;0.0;0.042064647228987374;0.0;0.1786822519641151;0.0;0.1786822519641151;0.0;0.1786822519641151;0.1786822519641151;0.0;0.0;0.0;0.047799631016701725;0.042064647228987374;0.0;0.0;0.0;0.0;0.0;0.047799631016701725;0.042064647228987374;0.047799631016701725;0.036692364793703955;0.0;0.0;0.047799631016701725;0.047799631016701725;0.0;0.047799631016701725;0.0;0.0;0.0;0.0;0.047799631016701725;0.0;0.0;0.0;0.0;0.2611260707055071;0.0;0.047799631016701725;0.0;0.2611260707055071;0.0;0.047799631016701725;0.0;0.0;0.047799631016701725;0.1786822519641151;0.047799631016701725;0.0;0.0
GO:0045815;0.042064647228987374;0.042064647228987374;0.042064647228987374;0.0;0.0;0.0;0.0;0.0;0.042064647228987374;0.0;0.0;0.042064647228987374;0.0;0.036692364793703955;0.0;0.0;0.0;0.042064647228987374;1.0;0.042064647228987374;0.0;0.0;0.042064647228987374;0.042064647228987374;0.0;0.0;0.0;0.0;0.0;0.0;0.17825033928423412;0.11511873865597294;0.042064647228987374;0.0;0.0;0.042064647228987374;0.11511873865597294;0.0;0.042064647228987374;0.2298366916985153;0.042064647228987374;0.11511873865597294;0.0;0.042064647228987374;0.042064647228987374;0.0;0.0;0.0;0.042064647228987374;0.0;0.17825033928423412;0.10567815125427765;0.042064647228987374;0.042064647228987374;0.0;0.042064647228987374;0.0;0.2298366916985153;0.0;0.17825033928423412;0.042064647228987374;0.042064647228987374;0.0;0.0;0.10567815125427765;0.042064647228987374;0.10567815125427765;0.0;0.0;0.0;0.0;0.036692364793703955;0.0;0.0;0.036692364793703955;0.0;0.1356691921375081;0.0;0.17825033928423412;0.042064647228987374;0.17825033928423412;0.11511873865597294;0.17111199477934044;0.0;0.042064647228987374;0.0;0.10567815125427765;0.0;0.11511873865597294;0.0;0.11511873865597294;0.042064647228987374;0.0;0.0;0.0;0.042064647228987374;0.2298366916985153;0.0;0.0;0.0;0.0;0.0;0.042064647228987374;0.042064647228987374;0.11511873865597294;0.036692364793703955;0.0;0.0;0.042064647228987374;0.10567815125427765;0.0;0.1356691921375081;0.0;0.0;0.0;0.0;0.042064647228987374;0.0;0.0;0.0;0.0;0.042064647228987374;0.0;0.042064647228987374;0.0;0.042064647228987374;0.0;0.1356691921375081;0.0;0.0;0.042064647228987374;0.10567815125427765;0.10567815125427765;0.0;0.0
GO:1903895;0.047799631016701725;0.047799631016701725;0.274741083875601;0.0;0.0;0.0;0.0;0.0;0.047799631016701725;0.0;0.0;0.274741083875601;0.0;0.036692364793703955;0.0;0.0;0.0;0.6707730812464126;0.042064647228987374;1.0;0.0;0.0;0.047799631016701725;0.6707730812464126;0.0;0.0;0.0;0.0;0.0;0.0;0.047799631016701725;0.1492331351584338;0.047799631016701725;0.0;0.0;0.047799631016701725;0.047799631016701725;0.0;0.047799631016701725;0.047799631016701725;0.047799631016701725;0.047799631016701725;0.0;0.13839445927415203;0.047799631016701725;0.0;0.0;0.0;0.13839445927415203;0.0;0.047799631016701725;0.13839445927415203;0.047799631016701725;0.047799631016701725;0.0;0.047799631016701725;0.0;0.047799631016701725;0.0;0.047799631016701725;0.13839445927415203;0.274741083875601;0.0;0.0;0.274741083875601;0.047799631016701725;0.12804570306913615;0.0;0.0;0.0;0.0;0.036692364793703955;0.0;0.0;0.036692364793703955;0.0;0.047799631016701725;0.0;0.047799631016701725;0.16845680521671735;0.047799631016701725;0.047799631016701725;0.047799631016701725;0.0;0.12804570306913615;0.0;0.1786822519641151;0.0;0.1786822519641151;0.0;0.1786822519641151;0.1786822519641151;0.0;0.0;0.0;0.047799631016701725;0.042064647228987374;0.0;0.0;0.0;0.0;0.0;0.047799631016701725;0.042064647228987374;0.047799631016701725;0.036692364793703955;0.0;0.0;0.047799631016701725;0.047799631016701725;0.0;0.13839445927415203;0.0;0.0;0.0;0.0;0.047799631016701725;0.0;0.0;0.0;0.0;0.2611260707055071;0.0;0.047799631016701725;0.0;0.2611260707055071;0.0;0.047799631016701725;0.0;0.0;0.13839445927415203;0.274741083875601;0.13839445927415203;0.0;0.0
GO:0007141;0.01468324974140624;0.01468324974140624;0.0;0.01468324974140624;0.01468324974140624;0.01468324974140624;0.0;0.01468324974140624;0.01468324974140624;0.01468324974140624;0.0;0.0;0.12408495164008174;0.01468324974140624;0.01468324974140624;0.0;0.01468324974140624;0.0;0.0;0.0;1.0;0.0;0.01468324974140624;0.0;0.0;0.12408495164008174;0.01468324974140624;0.0;0.01468324974140624;0.01468324974140624;0.0;0.0;0.0;0.20695866249713105;0.01468324974140624;0.01468324974140624;0.0;0.01468324974140624;0.0;0.0;0.01468324974140624;0.0;0.01468324974140624;0.0;0.01468324974140624;0.01468324974140624;0.01468324974140624;0.29796955072319165;0.0;0.0;0.0;0.0;0.01468324974140624;0.01468324974140624;0.01468324974140624;0.0;0.01468324974140624;0.01468324974140624;0.20695866249713105;0.0;0.0;0.0;0.01468324974140624;0.01468324974140624;0.0;0.01468324974140624;0.0;0.01468324974140624;0.0;0.01468324974140624;0.01468324974140624;0.0;0.01468324974140624;0.01468324974140624;0.0;0.01468324974140624;0.0;0.01468324974140624;0.0;0.0;0.0;0.0;0.01468324974140624;0.20695866249713105;0.0;0.01468324974140624;0.0;0.01468324974140624;0.20695866249713105;0.0;0.0;0.0;0.01468324974140624;0.12408495164008174;0.01468324974140624;0.01468324974140624;0.0;0.01468324974140624;0.01468324974140624;0.01468324974140624;0.0;0.01468324974140624;0.01468324974140624;0.0;0.0;0.0;0.2611260707055071;0.01468324974140624;0.01468324974140624;0.0;0.01468324974140624;0.0;0.29796955072319165;0.0;0.01468324974140624;0.01468324974140624;0.0;0.01468324974140624;0.20695866249713105;0.01468324974140624;0.01468324974140624;0.0;0.01468324974140624;0.01468324974140624;0.0;0.0;0.01468324974140624;0.0;0.01468324974140624;0.01468324974140624;0.0;0.0;0.0;0.01468324974140624;0.01468324974140624
GO:1902600;0.0;0.0;0.0;0.0;0.0;0.0;0.0;0.4945683533957729;0.0;0.0;0.0;0.0;0.0;0.13331334997803274;0.0;0.0;0.0;0.0;0.0;0.0;0.0;1.0;0.0;0.0;0.0;0.0;0.0;0.14698621595948655;0.0;0.0;0.0;0.0;0.0;0.13331334997803274;0.0;0.0;0.0;0.0;0.0;0.0;0.0;0.0;0.0;0.0;0.0;0.0;0.0;0.0;0.0;0.0;0.0;0.0;0.0;0.0;0.0;0.0;0.0;0.0;0.14698621595948655;0.0;0.0;0.0;0.0;0.0;0.0;0.0;0.0;0.0;0.14698621595948655;0.0;0.0;0.0;0.0;0.0;0.0;0.0;0.0;0.0;0.0;0.0;0.0;0.0;0.0;0.272550487440867;0.0;0.0;0.0;0.0;0.0;0.0;0.0;0.0;0.14698621595948655;0.0;0.0;0.0;0.0;0.0;0.0;0.0;0.13331334997803274;0.0;0.0;0.0;0.0;0.0;0.0;0.0;0.0;0.0;0.0;0.0;0.0;0.0;0.0;0.0;0.0;0.0;0.0;0.0;0.0;0.0;0.0;0.0;0.272550487440867;0.0;0.0;0.0;0.0;0.13331334997803274;0.0;0.0;0.0;0.0;0.0
