;GO:0061178;GO:0014068;GO:0008584;GO:0035162;GO:0046854;GO:0042531;GO:0051091;GO:0071380;GO:0007259;GO:0006687;GO:0000187;GO:0010811;GO:0035556;GO:0086003;GO:0098909;GO:1904343;GO:0002371;GO:1904349;GO:0007268;GO:0007266;GO:0008354;GO:0009967;GO:0046627;GO:0071361;GO:0006605;GO:0001558;GO:0010666;GO:0035669;GO:0086091;GO:0120072;GO:0051259;GO:0051897;GO:0007193;GO:0040015;GO:0035023;GO:0090036;GO:0008284;GO:0043123;GO:0045666;GO:0007595;GO:0038096;GO:0038093;GO:0097067;GO:0000165;GO:0050730;GO:0071277;GO:0010634;GO:0032024;GO:2000650;GO:0060374;GO:2000273;GO:0043410;GO:0001541;GO:0051279;GO:0051310;GO:0010881;GO:0010763;GO:0018108;GO:1904251;GO:1905065;GO:0038111;GO:0002281;GO:0046777;GO:0008542;GO:0003254;GO:0043303;GO:0002320;GO:1902514;GO:0043547;GO:0010739;GO:0097324;GO:0002318;GO:0032762;GO:0010613;GO:0031397;GO:0051209;GO:0071456;GO:0050910;GO:0038109;GO:0050996;GO:0060396;GO:0090303;GO:0035234;GO:0007186;GO:0030183;GO:0031274;GO:0043552;GO:0043278;GO:0046426;GO:0060314;GO:0030217;GO:0007218;GO:0030218;GO:0002327;GO:0010628;GO:0032355;GO:0031663;GO:0010863;GO:0032870;GO:0010469;GO:0018105;GO:0018107;GO:0016567;GO:0030335;GO:0048170;GO:0008360;GO:2001031;GO:0032230;GO:1901842;GO:1901844;GO:0006469;GO:0043687;GO:0045747;GO:1901725;GO:0009968;GO:0048863;GO:0035855;GO:0032469;GO:0032467;GO:0031532;GO:0060333;GO:0007286;GO:1903078;GO:0007565;GO:0007169;GO:0007166;GO:0038162;GO:0002551;GO:0006357;GO:0002026;GO:0030318;GO:0043066;GO:0043065;GO:0030838;GO:0070374;GO:0030032;GO:0070257
GO:0061178;1.0;0.40786597131563074;0.0;0.0;0.0;0.2488054680598199;0.2297954350806831;0.0;0.33107893496201996;0.0;0.21984368987461309;0.26774154065409556;0.34762915991339133;0.0;0.3303356705543146;0.2219684055756534;0.0;0.22191284406739015;0.0;0.32273142576120073;0.0;0.44410409739286105;0.410771861954746;0.0;0.0;0.3563667217264832;0.27345221550957816;0.25348978743722345;0.28317614407317376;0.2219684055756534;0.0;0.40764508723057324;0.322953889365581;0.23020990950893327;0.47255905695973344;0.4958069822813317;0.3430135470871742;0.40760605982214515;0.2542478471167147;0.2311908340634272;0.2697002829644551;0.35125694463312657;0.0;0.21675788367265902;0.27040116143617243;0.0;0.30995436354474354;0.7336232470812465;0.24689318894023285;0.0;0.4068249545838824;0.2677352717164967;0.0;0.4544705702492634;0.0;0.337043011096941;0.32449564211082554;0.0;0.31674041076622644;0.2562544226825533;0.33034072545793963;0.0;0.0;0.0;0.38574098200680057;0.0;0.0;0.33939548630585803;0.17436739825721814;0.4081814552782476;0.0;0.0;0.0;0.28368573132943936;0.23017495962299664;0.2212601834340142;0.0;0.0;0.31461137527192246;0.23281317384318342;0.32228136399849244;0.3040095255964582;0.0;0.3477557943758123;0.0;0.2730083364872687;0.20350264888390127;0.0;0.393790099053029;0.466380590159048;0.0;0.33914184978545975;0.0;0.0;0.24699798570030687;0.0;0.33886719189979725;0.15917804129733884;0.0;0.49430799306640744;0.0;0.0;0.0;0.3379087757542315;0.3388186808050815;0.38436495427528355;0.2581467987675758;0.38899190791132393;0.22468094037244887;0.41173068313072264;0.18327709216392235;0.0;0.4260747328420103;0.2410475347089056;0.4454747089935758;0.0;0.0;0.18297035300285028;0.2981850097426484;0.0;0.3302145600496509;0.0;0.3672515936579889;0.0;0.3298414026930247;0.34731740188557414;0.3304390240473861;0.0;0.24842320767892245;0.3201694649745614;0.0;0.30985701540351457;0.3098466543681805;0.23946337572186374;0.26090069990405557;0.0;0.41573837367501837
GO:0014068;0.40786597131563074;1.0;0.0;0.0;0.0;0.5309403633867277;0.3016492876723885;0.0;0.38325104425224904;0.0;0.4652346560615833;0.39047664275918853;0.4056043688051122;0.0;0.31510057148538295;0.3146342581532434;0.0;0.31454478430982913;0.0;0.37210967895643376;0.0;0.8990384789163925;0.5137241256393801;0.0;0.0;0.4175494034031385;0.4228464630409568;0.36163874435397625;0.2637130194575071;0.3146342581532435;0.0;0.911846813896294;0.37240545581713447;0.26287327700441276;0.6599402452420274;0.6974279647579862;0.5480725951458674;0.9117487118857633;0.389683380375572;0.20102194427679768;0.38717075857192546;0.4003858091043583;0.0;0.23796660125424254;0.30422535564191555;0.0;0.40922639506665204;0.444611270858414;0.19020323014356363;0.0;0.8142523193799875;0.5744854731195431;0.0;0.30943372053824786;0.0;0.22217734046244467;0.4309033440608461;0.0;0.3641677119505499;0.3931210493741493;0.38226219370278014;0.0;0.0;0.0;0.38039595849865115;0.0;0.0;0.2719250308562414;0.202437624868735;0.9131953015207022;0.0;0.0;0.0;0.38902672690841616;0.25423625822643264;0.17719937264713795;0.0;0.0;0.3613561870285417;0.33221571739743677;0.3715114893222681;0.482747687278727;0.0;0.4057767743171799;0.0;0.42207328974332253;0.30480446509433207;0.0;0.5368413008994138;0.43545354013899545;0.0;0.39409694312952626;0.0;0.0;0.3555704918334423;0.0;0.39372611006816016;0.18224730109439857;0.0;0.634299022367649;0.0;0.0;0.0;0.4511221064574279;0.4221854092452833;0.3788276330126846;0.39636888620022726;0.6694609284347879;0.17150714047066612;0.47102127385817844;0.19821419748959893;0.0;0.8577922376064029;0.26756659191165993;0.5630624942446529;0.0;0.0;0.1539605424189602;0.4664357176145089;0.0;0.38209326140587724;0.0;0.32096651306694934;0.0;0.3815937318016361;0.4051800174963267;0.38239382709023856;0.0;0.27668511442653015;0.3038130400202238;0.0;0.3550981206459164;0.4873407437711611;0.3059541677536882;0.5587083191841935;0.0;0.31714837436624227
GO:0008584;0.0;0.0;1.0;0.538578968559149;0.0;0.0;0.0;0.0;0.0;0.0;0.0;0.0;0.0;0.0;0.0;0.0;0.0;0.0;0.0;0.0;0.2706290592292748;0.0;0.0;0.0;0.0;0.0;0.0;0.0;0.0;0.0;0.0;0.0;0.0;0.0;0.0;0.0;0.0;0.0;0.0;0.0;0.0;0.0;0.0;0.0;0.0;0.0;0.0;0.0;0.0;0.28425125912711846;0.0;0.0;0.7846874097272566;0.0;0.0;0.0;0.0;0.0;0.0;0.0;0.0;0.0;0.0;0.0;0.0;0.0;0.31352161453919336;0.0;0.0;0.0;0.0;0.31364018678571765;0.0;0.0;0.0;0.0;0.0;0.0;0.0;0.0;0.0;0.0;0.4584617754879876;0.0;0.236836299270241;0.0;0.0;0.0;0.0;0.0;0.23675360576902452;0.0;0.31308218150809264;0.22833150018297113;0.0;0.0;0.0;0.0;0.0;0.0;0.0;0.0;0.0;0.0;0.0;0.0;0.0;0.0;0.0;0.0;0.0;0.0;0.0;0.0;0.0;0.3299752423231062;0.391910101972128;0.0;0.0;0.0;0.0;0.5339361414406176;0.0;0.31178587181236017;0.0;0.0;0.0;0.0;0.0;0.0;0.3137419721377571;0.0;0.0;0.0;0.0;0.0;0.0
GO:0035162;0.0;0.0;0.538578968559149;1.0;0.0;0.0;0.0;0.0;0.0;0.0;0.0;0.0;0.0;0.0;0.0;0.0;0.0;0.0;0.0;0.0;0.0;0.0;0.0;0.0;0.0;0.0;0.0;0.0;0.0;0.0;0.0;0.0;0.0;0.0;0.0;0.0;0.0;0.0;0.0;0.0;0.0;0.0;0.0;0.0;0.0;0.0;0.0;0.0;0.0;0.3004244641980463;0.0;0.0;0.4802026955710938;0.0;0.0;0.0;0.0;0.0;0.0;0.0;0.0;0.0;0.0;0.0;0.0;0.0;0.33331309413785815;0.0;0.0;0.0;0.0;0.3334471121565869;0.0;0.0;0.0;0.0;0.0;0.0;0.0;0.0;0.0;0.0;0.28527379376593515;0.0;0.2479583642987434;0.0;0.0;0.0;0.0;0.0;0.24786772318105102;0.0;0.33281647431438455;0.23865171632367482;0.0;0.0;0.0;0.0;0.0;0.0;0.0;0.0;0.0;0.0;0.0;0.0;0.0;0.0;0.0;0.0;0.0;0.0;0.0;0.0;0.0;0.3519714166801749;0.41413524284217035;0.0;0.0;0.0;0.0;0.3737443814864207;0.0;0.0;0.0;0.0;0.0;0.0;0.0;0.0;0.33356216164642755;0.0;0.0;0.0;0.0;0.0;0.0
GO:0046854;0.0;0.0;0.0;0.0;1.0;0.0;0.0;0.13443310460618546;0.20066218850281006;0.5381282456272459;0.0;0.0;0.21216445700371003;0.22752476800820126;0.0;0.0;0.0;0.0;0.21279860172572854;0.19492105594978407;0.2121819915639185;0.0;0.0;0.15813349500261253;0.0;0.0;0.0;0.1244915101674178;0.0;0.0;0.21510877813530385;0.0;0.19507353967289387;0.0;0.0;0.0;0.0;0.0;0.0;0.0;0.13318574664669014;0.1784292827669081;0.18221697482871732;0.4466598136142414;0.0;0.1931673991055483;0.0;0.0;0.0;0.21141316166858504;0.0;0.0;0.0;0.0;0.0;0.11712881707430273;0.0;0.5013981108880955;0.0;0.0;0.20015285473309222;0.19472017887632628;0.5223008639726552;0.0;0.0;0.13291027034550665;0.22457090717306905;0.0;0.0;0.0;0.21292731574664314;0.2246222320533706;0.0;0.0;0.0;0.09359711769894724;0.17758155227245517;0.0;0.18937463546815977;0.0;0.19461265573236092;0.0;0.20494989239665506;0.212253086270185;0.18781564185030958;0.0;0.0;0.0;0.0;0.0;0.1877717558103967;0.20624584990704273;0.2243805613111508;0.18324834091197229;0.0;0.0;0.20605502337276546;0.0;0.19159641243257952;0.0;0.501416445241231;0.5016979446482097;0.4072892904671722;0.0;0.0;0.0;0.0;0.0;0.0;0.0;0.0;0.426481283366622;0.0;0.0;0.0;0.2315491713293836;0.2109983123576812;0.15647230322181477;0.0;0.20976191751138357;0.2000658373818613;0.19825865432674059;0.0;0.0;0.19980852141438935;0.2119463033188573;0.20022065847853793;0.1802684539221125;0.0;0.0;0.22466627835439942;0.0;0.0;0.11751830551322694;0.0;0.19825300966518802;0.0
GO:0042531;0.2488054680598199;0.5309403633867277;0.0;0.0;0.0;1.0;0.34071168413888053;0.0;0.2002091703012004;0.0;0.7778246052392701;0.19720451395883382;0.20614403596579675;0.0;0.1586024320025903;0.17580258056409223;0.0;0.17577464296588108;0.0;0.19712589891195514;0.0;0.5019752501595209;0.29794544669629286;0.0;0.0;0.20918547574642615;0.2437208864341941;0.23127639315121784;0.14443594115257305;0.17580258056409226;0.0;0.5307522860995794;0.19720887392582623;0.14418367472064672;0.35689796609022373;0.3675832188587255;0.28068557194994287;0.5307190479059732;0.2323249777499922;0.1042940144305813;0.24145957044172547;0.22102835287417222;0.0;0.1517959553440213;0.5735983320342576;0.0;0.23913349193381855;0.2924910174328166;0.11920346488564469;0.0;0.4743942866024957;0.9035884284936071;0.0;0.17802367915750827;0.0;0.14521313318731097;0.24637607682698148;0.0;0.30836722767227615;0.23354253043000833;0.1999389814618086;0.0;0.0;0.0;0.1994272394305896;0.0;0.0;0.1468651383993568;0.10467379077753668;0.5312088679057188;0.0;0.0;0.0;0.213387246905616;0.389838453217055;0.12455035346078716;0.0;0.0;0.19406649164917578;0.2881379761211919;0.19695789756889415;0.25526970174822144;0.0;0.20618856022247584;0.0;0.24346382704651998;0.47179858708866473;0.0;0.3678849086475293;0.2790888130735222;0.0;0.2031295287777856;0.0;0.0;0.33258473445650966;0.0;0.20303096518986055;0.09900258468291326;0.0;0.3348633726813958;0.0;0.0;0.0;0.252855732590401;0.2661214315346999;0.19899533661824576;0.3927673878284299;0.37544699685958893;0.11158043507739109;0.2566212572987414;0.41790850647853345;0.0;0.48885075575092973;0.40231512071708986;0.313897741521846;0.0;0.0;0.09001817806641677;0.2575960087128586;0.0;0.19989275650723895;0.0;0.17776213421717027;0.0;0.19975595609216815;0.20603436659687852;0.19997498680783868;0.0;0.32779785644669573;0.15569093371863366;0.0;0.1922469321159784;0.2638465369586291;0.19973662806818174;0.8863549627678807;0.0;0.1765847399604657
GO:0051091;0.2297954350806831;0.3016492876723885;0.0;0.0;0.0;0.34071168413888053;1.0;0.0;0.3096477734595358;0.0;0.3487997693833814;0.31118408587849467;0.32407801791383245;0.0;0.25076762201567754;0.26103848594405393;0.0;0.26097689537747404;0.0;0.30233404032224126;0.0;0.3269093843508748;0.255484793142237;0.0;0.0;0.33165887157290275;0.30746462294280835;0.2449634980878085;0.21710026780887404;0.261038485944054;0.0;0.3014945883529296;0.30252926361421806;0.2165308275162966;0.2915717616380381;0.3050012909978609;0.38044494896129905;0.3014672540267078;0.28696133589404144;0.16196658776973283;0.2599126749394161;0.2809005485119185;0.0;0.2073617383473027;0.5033456948568098;0.0;0.2991066904024977;0.22828013703289218;0.20164555576021115;0.0;0.3850306723255614;0.3657144852794654;0.0;0.2596101244489833;0.0;0.19526943794549273;0.3123681769811604;0.0;0.47008060018317543;0.28911093974986474;0.30900194802707975;0.0;0.0;0.0;0.30778135002917223;0.0;0.0;0.22263533945768507;0.2675492210373518;0.3018702259511812;0.0;0.0;0.0;0.2701327401725728;0.4319031681856146;0.15965308297058609;0.0;0.0;0.29519661667538344;0.3849118960615512;0.30193903588065374;0.2882585647338085;0.0;0.32418807244888376;0.0;0.30699247966458154;0.4105587824214001;0.0;0.24546474835727133;0.24003363420851506;0.0;0.3166895266680056;0.0;0.0;0.46197098118507585;0.0;0.3164500186864979;0.24565192430331342;0.0;0.35611265525457847;0.0;0.0;0.0;0.32454304699922226;0.25355153944977493;0.30675382845946597;0.43378066473841315;0.3241974499035547;0.18425330929248715;0.2877271544765261;0.377315552210563;0.0;0.314371555708207;0.49054292198650856;0.2758241336509866;0.0;0.0;0.12995954364752346;0.33364195597887714;0.0;0.3088915530762632;0.0;0.26538227891904026;0.0;0.3085650078589788;0.3238070544203563;0.309087955687935;0.0;0.8833784907127212;0.24356598107438399;0.0;0.2910070302531323;0.34589651492991874;0.23279287810403493;0.3567017471144116;0.0;0.26276667671461557
GO:0071380;0.0;0.0;0.0;0.0;0.13443310460618546;0.0;0.0;1.0;0.1660697509787389;0.14153313848842375;0.0;0.0;0.17387097878226063;0.18405386123496936;0.0;0.0;0.0;0.0;0.17429663903019554;0.16211795135427423;0.17388275476978565;0.0;0.0;0.5465223365092164;0.0;0.0;0.0;0.11024455753708964;0.0;0.0;0.1758434363693428;0.0;0.1622234170008305;0.0;0.0;0.0;0.0;0.0;0.0;0.0;0.11700864265117744;0.15054510434077997;0.6187577516087865;0.11093138416697278;0.0;0.3672474633824365;0.0;0.0;0.0;0.17336608817681234;0.0;0.0;0.0;0.0;0.0;0.1044312811713897;0.0;0.12279318062259767;0.0;0.0;0.1657207372348607;0.16197897196380315;0.1272361667241098;0.13070471069778333;0.0;0.1167959689704694;0.1821160961693277;0.0;0.0;0.0;0.17438298037663497;0.18214984811855137;0.0;0.0;0.0;0.08530853899832903;0.34222797311344355;0.13062097960312424;0.1582627935485642;0.0;0.16190456087882701;0.0;0.1689957752800908;0.17393049747022185;0.1571724932313826;0.0;0.0;0.2312347226771984;0.0;0.0;0.15714175828085827;0.16987594328811867;0.18199089663509874;0.15396123126202862;0.0;0.45221417072645326;0.16974646320980558;0.0;0.6453239469962979;0.0;0.1227970983729203;0.12285724559090555;0.13237077808818895;0.0;0.0;0.0;0.0;0.0;0.0;0.0;0.0;0.13771655521108156;0.0;0.0;0.0;0.18667849561099312;0.17308702147175511;0.13460809565073306;0.0;0.1722541351669137;0.16566107926401274;0.1644200775235824;0.0;0.0;0.16548461453903482;0.17372444016255173;0.1657672164207116;0.15185225050549123;0.0;0.0;0.18217881124833077;0.0;0.0;0.10474078907277294;0.0;0.16441619525652515;0.0
GO:0007259;0.33107893496201996;0.38325104425224904;0.0;0.0;0.20066218850281006;0.2002091703012004;0.3096477734595358;0.1660697509787389;1.0;0.21690378556462117;0.17239544105483232;0.44212554822225547;0.9180355423220914;0.3357904065922137;0.4463901147704221;0.32981515315704407;0.0;0.3296924996142921;0.30467357803021583;0.8149489483628495;0.3034111700117901;0.43388206803113555;0.38716794009691674;0.20380324599611188;0.0;0.5938674483535331;0.39452006258837363;0.41184466244177914;0.3498211110768176;0.32981515315704407;0.30943150268808406;0.382954292555506;0.7345528023200947;0.34834498424218624;0.4765493380278051;0.5135036444319581;0.557688391586228;0.38290187467148395;0.35575170671195117;0.27782538248262123;0.4472984124801585;0.6506685961681316;0.2456468208944146;0.4613310204376078;0.38820052763475826;0.2659730625135572;0.3783933262037138;0.2580153169580265;0.23126000106159586;0.30184152921753454;0.3818536750864242;0.21918848286994522;0.0;0.39672132071379124;0.0;0.42497841996799185;0.404197676228824;0.17578922849244502;0.49141527054148537;0.35969269804290716;0.76125172417966;0.26892587120531225;0.18503932861474395;0.0;0.5214332630884778;0.1637520092430812;0.32939608355810923;0.36441990195282215;0.280536774392579;0.38367512808885246;0.30493749744104726;0.3295065179017349;0.0;0.3482993876103633;0.3103372862266893;0.2566740516996855;0.23729646350363784;0.0;0.705222419663575;0.35434036672595726;0.7321564731505528;0.38749625667152027;0.2888367215567774;0.8270698930209146;0.25593170212430305;0.3935967943156708;0.2637325374458585;0.0;0.3646127390654383;0.2819469775104632;0.25585021776714373;0.7939954068324844;0.3289867272148865;0.2475249005341631;0.38827838350454613;0.0;0.7929577928495899;0.24319943962590526;0.2630037839255125;0.5110607624424401;0.1757972578122869;0.17592055561859513;0.19610175527277696;0.42894794921395824;0.29790648542713344;0.5184908847597759;0.36343229219802864;0.4282307711601565;0.2041956456308457;0.4663643878370592;0.23073381061258597;0.2080668736054574;0.4081987341715931;0.330432289605743;0.435876134105011;0.3446303898627705;0.3009966007286507;0.29579230034492954;0.4481487564871526;0.29848680550153606;0.7607898097526152;0.27572224831239484;0.3385504875347051;0.0;0.7594248284913645;0.8253613138874345;0.7616117572183021;0.24211875983794384;0.3444512913548293;0.42407004549258775;0.3296013099159637;0.47504261500592976;0.47501826282351245;0.3353810956410282;0.21226036454451763;0.27571133108414697;0.33327038350184784
GO:0006687;0.0;0.0;0.0;0.0;0.5381282456272459;0.0;0.0;0.14153313848842375;0.21690378556462117;1.0;0.0;0.0;0.23040604100601425;0.24863468094633642;0.0;0.0;0.0;0.0;0.23115411139803912;0.21021116527769887;0.2304267205247107;0.0;0.0;0.1680499953167624;0.0;0.0;0.0;0.13055656169611207;0.0;0.0;0.23388257224026304;0.0;0.21038852058408403;0.0;0.0;0.0;0.0;0.0;0.0;0.0;0.14015122089118004;0.19115705881702222;0.19551098647259452;0.44713788449190955;0.0;0.20817303342140517;0.0;0.0;0.0;0.22952027103951395;0.0;0.0;0.0;0.0;0.0;0.12248225777176884;0.0;0.5049719632262535;0.0;0.0;0.21630878629780054;0.20997755641539526;0.5272419872317354;0.0;0.0;0.1398462098660794;0.24511151357597738;0.0;0.0;0.0;0.23130599616594816;0.2451726580848058;0.0;0.0;0.0;0.09698447290678935;0.1901844032739021;0.0;0.2037748316406672;0.0;0.20985252849737057;0.0;0.22192235255585885;0.2305105696259438;0.2019708586807793;0.0;0.0;0.0;0.0;0.0;0.20192010907748598;0.22344263733076677;0.24488477249719498;0.19669882358854202;0.0;0.0;0.22321867915535473;0.0;0.20634964375265785;0.0;0.5049914517523812;0.5052906818558701;0.5534064856507134;0.0;0.0;0.0;0.0;0.0;0.0;0.0;0.0;0.5811471081544981;0.0;0.0;0.0;0.2534484012205036;0.22903139872448977;0.16617516037059313;0.0;0.22757536367011777;0.2162071578335601;0.21409814112751904;0.0;0.0;0.21590667758024526;0.2301487843478931;0.21638797993758094;0.1932695261652671;0.0;0.0;0.24522513349331104;0.0;0.0;0.12290822818432044;0.0;0.2140915585132869;0.0
GO:0000187;0.21984368987461309;0.4652346560615833;0.0;0.0;0.0;0.7778246052392701;0.3487997693833814;0.0;0.17239544105483232;0.0;1.0;0.1689549678177382;0.17677781767345258;0.0;0.13581595793878498;0.1529974256673919;0.0;0.15297626566192676;0.0;0.1701044387632406;0.0;0.4368068356386078;0.26092358571326474;0.0;0.0;0.17900975183270595;0.21321036978072752;0.20617078758338886;0.12529262129422622;0.1529974256673919;0.0;0.4650902424855323;0.1701662213653013;0.12510274950232209;0.30897073920489776;0.31694680599883895;0.2409722975037869;0.465064719499232;0.20443774193311717;0.08971177534372522;0.21422464886595755;0.19197758461019723;0.0;0.13525152390727466;0.47933102379047965;0.0;0.209691349474452;0.26218800958224586;0.1296020788978104;0.0;0.4667203100004952;0.8537060008095732;0.0;0.1556887542877027;0.0;0.13000062527193326;0.21523961680182974;0.0;0.2665143711839027;0.205379946025166;0.17219507116580232;0.0;0.0;0.0;0.1718153613346586;0.0;0.0;0.12711650108553338;0.20426705399451592;0.46544080307722563;0.0;0.0;0.0;0.18514941283918493;0.34574573152097554;0.11318974657953572;0.0;0.0;0.16782143758697868;0.24977335777210427;0.16997932433023374;0.22021596561896367;0.0;0.1768105590777616;0.0;0.2130136165082758;0.5878897311317306;0.0;0.27901695221667505;0.27183850696257655;0.0;0.17455637065414595;0.0;0.0;0.2868832274575122;0.0;0.17448358070218023;0.19467928318512498;0.0;0.3179744598263875;0.0;0.0;0.0;0.22016860984439673;0.23657925729521226;0.1714946817578387;0.34520046360535256;0.326942656721381;0.12218904528678821;0.22242120156480394;0.4743528881993545;0.0;0.42683503758649;0.4040285340489038;0.2730769526293905;0.0;0.0;0.0789428097563757;0.22375384472632195;0.0;0.17216078357998385;0.0;0.15447942299208792;0.0;0.17205929831294878;0.17669716249683132;0.17222177678294617;0.0;0.28898366516580004;0.13367530938476632;0.0;0.16645901742925556;0.22845492011983784;0.17877119893932036;0.8389471679557817;0.0;0.15358948120574564
GO:0010811;0.26774154065409556;0.39047664275918853;0.0;0.0;0.0;0.19720451395883382;0.31118408587849467;0.0;0.44212554822225547;0.0;0.1689549678177382;1.0;0.4823844646556242;0.0;0.49746074320761213;0.4452685472765206;0.0;0.44508937251282465;0.0;0.4229483967073779;0.0;0.4463061463764095;0.3164010173157056;0.0;0.0;0.5049358618633809;0.40281063912173337;0.2840606003033102;0.3804277793100412;0.44526854727652065;0.0;0.39015255202696497;0.4234502004826164;0.37868269753372497;0.3960992705546084;0.42985155768495026;0.5874480766363925;0.39009530876049725;0.3605965019307906;0.3066975171097821;0.309910980290866;0.3709675232842996;0.0;0.2297288114974683;0.3173064478649144;0.0;0.3851759348647515;0.2568388363063798;0.24425075185169667;0.0;0.3889508526329349;0.21664555875581568;0.0;0.32479139563323434;0.0;0.21074891481362815;0.41344466910754657;0.0;0.40961960453925267;0.3648598285139148;0.44040032137446994;0.0;0.0;0.0;0.4371567685537228;0.0;0.0;0.39775615756361365;0.31000509182360503;0.39093985914817564;0.0;0.0;0.0;0.47239630084978584;0.2500034628790675;0.16013618911088434;0.0;0.0;0.4049672516578295;0.48131658063902505;0.42193472965926754;0.5307600289477967;0.0;0.4827046512452293;0.0;0.40179815013332626;0.2628056897923769;0.0;0.29671066405612634;0.2259441688154257;0.0;0.4613531557919692;0.0;0.0;0.5319363653170261;0.0;0.4606863689410989;0.2650403797417562;0.0;0.42760552929766493;0.0;0.0;0.0;0.44081832469798293;0.29873477919869434;0.4344434789544761;0.3689110994332996;0.44002151931789074;0.21425755595246465;0.38688048878293124;0.1831744824131716;0.0;0.41785249004183467;0.2671864686073847;0.35949732782048516;0.0;0.0;0.2091555344164401;0.4622317574615102;0.0;0.4401060459955814;0.0;0.45805749069384405;0.0;0.43923665820057634;0.48159702186140446;0.44062971547833335;0.0;0.2792502026669376;0.4698989984512892;0.0;0.39473321706792586;0.4924614241572045;0.2640410374594992;0.20953332958851956;0.0;0.45032051541107837
GO:0035556;0.34762915991339133;0.4056043688051122;0.0;0.0;0.21216445700371003;0.20614403596579675;0.32407801791383245;0.17387097878226063;0.9180355423220914;0.23040604100601425;0.17677781767345258;0.4823844646556242;1.0;0.3692935310808799;0.48746549641795806;0.351711966031736;0.0;0.35157248907831157;0.3320024295606086;0.8788981343094201;0.33050394835493024;0.46275415527615243;0.4099941162733139;0.21567908946581527;0.0;0.6493176153892058;0.41824794965887624;0.42938016272863355;0.37455453444784825;0.351711966031736;0.3376601212239658;0.40527200620144854;0.792260502632304;0.37286279991485555;0.5116085211348075;0.5544445863650015;0.6063116026998181;0.40521330116662746;0.37493201907481927;0.30108967416513915;0.4680590530301881;0.6955460797104986;0.2631087304113471;0.48114894972065975;0.41115223116425614;0.2865654554605201;0.40016748673631913;0.2679571624952976;0.241816238299853;0.3286423333226931;0.40403957411705227;0.22632194822516397;0.0;0.42072278432203253;0.0;0.4417393871615327;0.42914073474473935;0.18455443331068677;0.5287816644908172;0.3793120383596011;0.8234081747655465;0.2899961427234835;0.19477680950163082;0.0;0.5637004417903714;0.17133203236919364;0.3615742465870611;0.3913401895695644;0.30427677083194765;0.4060793958159094;0.3323158432899116;0.36170731546525037;0.0;0.37281055936353236;0.32483337204178525;0.26438197613151115;0.2535520930053785;0.0;0.758247303753294;0.3797401684607792;0.7894735784562132;0.418076916995855;0.31328433151978236;0.9009607727337513;0.27494301467753685;0.4172104302171927;0.2741287326208973;0.0;0.38478752692230017;0.2938612039395934;0.2748489771541025;0.8618522332082527;0.3610810649238843;0.2652644800452362;0.4189875087785891;0.0;0.8606298230316236;0.2608420231273827;0.28312157477005606;0.551597720344145;0.18456328332944555;0.18469918880699934;0.20707285009313553;0.45714576364224885;0.3112395790900644;0.5602632861764535;0.38347306821814325;0.45633128543499213;0.212381937266724;0.49988828432292676;0.2386521241734601;0.22045991510336163;0.43365359689931976;0.3469163182718806;0.46502312987956573;0.3800136723835345;0.32764094839577773;0.312782433131185;0.4790183187073008;0.3246693438249474;0.8228677767061204;0.2979149091342047;0.36166320030101223;0.0;0.8212711850621527;0.8989336395057923;0.8238294179596882;0.25906538217763336;0.3624016937564364;0.4609707006422592;0.36182154292703855;0.5098723512689382;0.5098442973176527;0.3486632457946264;0.21894313257072878;0.29790216378145584;0.35564395466628856
GO:0086003;0.0;0.0;0.0;0.0;0.22752476800820126;0.0;0.0;0.18405386123496936;0.3357904065922137;0.24863468094633642;0.0;0.0;0.3692935310808799;1.0;0.0;0.0;0.0;0.0;0.3712190551123846;0.3200173769441029;0.479878109986777;0.0;0.0;0.23157158147184606;0.0;0.0;0.0;0.1659138461939717;0.0;0.0;0.37830654342193987;0.0;0.3204285940695372;0.0;0.0;0.0;0.0;0.0;0.0;0.0;0.1817237124216151;0.27785422798215337;0.2871491167341651;0.16747435592831145;0.0;0.31531763674467106;0.0;0.0;0.0;0.36702329318501814;0.0;0.0;0.0;0.0;0.0;0.15308879135739564;0.0;0.19606856384141172;0.0;0.0;0.33436655001119103;0.3194762827909985;0.20764626176570128;0.0;0.0;0.18121124684178225;0.40858272440927446;0.0;0.0;0.0;0.4828199884548499;0.40875265137244204;0.0;0.0;0.0;0.11522545461551838;0.2758039566932023;0.0;0.30533545136528434;0.0;0.31918694600053177;0.0;0.3479725822320556;0.3695621333496155;0.3013029787622332;0.0;0.0;0.0;0.0;0.0;0.30119004900043955;0.3517249557252575;0.40795308060644037;0.2897187315146537;0.0;0.0;0.35117034105768713;0.0;0.31115303383248427;0.0;0.19607855262172702;0.19623195301889618;0.22167938380166102;0.0;0.0;0.0;0.0;0.0;0.0;0.0;0.0;0.23709193993249322;0.0;0.0;0.0;0.43228562382556956;0.3657747982712805;0.22802647756499272;0.0;0.46436365070438274;0.3341237764772927;0.32911363133560906;0.0;0.0;0.3334067065530612;0.368633096050617;0.33455581680275603;0.36683350051988906;0.0;0.0;0.40889853110084745;0.0;0.0;0.15375482696235243;0.0;0.329098076795366;0.0
GO:0098909;0.3303356705543146;0.31510057148538295;0.0;0.0;0.0;0.1586024320025903;0.25076762201567754;0.0;0.4463901147704221;0.0;0.13581595793878498;0.49746074320761213;0.48746549641795806;0.0;1.0;0.3596592813082589;0.0;0.3595134311795572;0.0;0.42684940414589884;0.0;0.36050391574829055;0.3185790773053386;0.0;0.0;0.5105058160968883;0.3251235850037425;0.22880210525251266;0.47051867912070233;0.35965928130825897;0.0;0.31483726276309976;0.4273605128416264;0.38180686213802184;0.39951871765581576;0.4338815517401201;0.4756831826602784;0.3147907555673279;0.29083684441230195;0.41314572925535653;0.24973615394235446;0.3739651791389646;0.0;0.23087487015406136;0.3194970345561656;0.0;0.3107943652933386;0.25364357408483845;0.24554669130500129;0.0;0.31386096358984916;0.1742968481006011;0.0;0.401220438942195;0.0;0.2596973091862629;0.3337686118540048;0.0;0.4132775503244603;0.29429727010703716;0.4446315119034721;0.0;0.0;0.0;0.62882148316208;0.0;0.0;0.40120439617588605;0.31309509338512737;0.31547691853212817;0.0;0.0;0.0;0.38175208546658523;0.2513613360774645;0.19711275090868147;0.0;0.0;0.40854221472536983;0.38902132227574426;0.42581697484452863;0.42935445206214207;0.0;0.48779246596928383;0.0;0.324300640494292;0.2116036472753567;0.0;0.2986252479218904;0.27851366745463363;0.0;0.4659986602337703;0.0;0.0;0.4303148888905992;0.0;0.46531838751994725;0.2672957492647875;0.0;0.43159332357821645;0.0;0.0;0.0;0.3560370236776433;0.29523347779996617;0.5379591867244257;0.29758605257536713;0.3553885235134186;0.21525411336029843;0.3901419649610088;0.18390237454662975;0.0;0.33735292839598846;0.2687379916973543;0.36231177322861025;0.0;0.0;0.28086820717006666;0.3734716441244806;0.0;0.4443315567260562;0.0;0.37007197159885635;0.0;0.4434454114041221;0.48666139156634075;0.44486533620593305;0.0;0.28094543879208955;0.5823131142338192;0.0;0.3981290179962758;0.3981065644373794;0.26078884935984126;0.16855403922614434;0.0;0.4462201209020836
GO:1904343;0.2219684055756534;0.3146342581532434;0.0;0.0;0.0;0.17580258056409223;0.26103848594405393;0.0;0.32981515315704407;0.0;0.1529974256673919;0.4452685472765206;0.351711966031736;0.0;0.3596592813082589;1.0;0.0;0.8968780302423205;0.0;0.3190245477358;0.0;0.3499029588866028;0.2544046027107343;0.0;0.0;0.3635504405776396;0.32259345756677243;0.24168037198617218;0.41783015288304803;0.8971612319679636;0.0;0.31442380350409965;0.31930996535084116;0.35792619933367587;0.30350671264404505;0.32293640701714876;0.4311090148184899;0.3143866244183602;0.39681649579291883;0.22751586233542426;0.2601420378226608;0.28852916301712656;0.0;0.19519206905510175;0.25498964314186195;0.0;0.4186688191336969;0.2216895279970926;0.20557715998192685;0.0;0.31364286382451395;0.19108931068760324;0.0;0.25980101299416836;0.0;0.32774552714131455;0.3293781456578378;0.0;0.31138196350682795;0.4006456002765367;0.3288541453952952;0.0;0.0;0.0;0.32704220767088;0.0;0.0;0.30447855752827435;0.22933098084401354;0.31493493899394714;0.0;0.0;0.0;0.6074485208678749;0.20963723359193148;0.14255401122787587;0.0;0.0;0.3086861945389809;0.37106364930943003;0.3184474829221447;0.3997742976971034;0.0;0.3518821476778848;0.0;0.3219437513855859;0.22612087493342853;0.0;0.24151747858886702;0.19245304880689731;0.0;0.3403980311012693;0.0;0.0;0.4004413000494617;0.0;0.34003490396287295;0.20375868070152092;0.0;0.3216670697364132;0.0;0.0;0.0;0.3465208740323451;0.33934053383531027;0.32552127899142597;0.30048068200540556;0.3460283133537816;0.18390870988513475;0.4232902852404361;0.1605271430468338;0.0;0.33216964982792335;0.22158676537173827;0.28154245065322;0.0;0.0;0.16903634969096437;0.3596168011346901;0.0;0.3286900339680028;0.0;0.357085101755473;0.0;0.32820486928226167;0.3512931736597771;0.3289820353241123;0.0;0.22982068710387538;0.4899841612814815;0.0;0.3027040251731455;0.3776525315749381;0.22703481163094658;0.18553456647877206;0.0;0.4740754259169113
GO:0002371;0.0;0.0;0.0;0.0;0.0;0.0;0.0;0.0;0.0;0.0;0.0;0.0;0.0;0.0;0.0;0.0;1.0;0.0;0.0;0.0;0.0;0.0;0.0;0.0;0.0;0.0;0.0;0.1302758932326517;0.2231725938106971;0.0;0.0;0.0;0.0;0.0;0.0;0.0;0.0;0.0;0.0;0.0;0.19378726832622428;0.0;0.0;0.0;0.0;0.0;0.0;0.0;0.0;0.0;0.0;0.0;0.0;0.0;0.0;0.0;0.0;0.0;0.0;0.0;0.0;0.3319779350426476;0.0;0.22470027538267617;0.0;0.19325963876429464;0.0;0.0;0.0;0.0;0.0;0.0;0.7419936289094778;0.0;0.0;0.0;0.0;0.22444497281456335;0.0;0.0;0.0;0.0;0.0;0.0;0.23062125347305984;0.0;0.0;0.0;0.0;0.0;0.23053966186227606;0.0;0.0;0.22223373869971305;0.0;0.0;0.0;0.0;0.0;0.0;0.0;0.0;0.0;0.0;0.0;0.0;0.0;0.0;0.0;0.0;0.0;0.0;0.0;0.0;0.0;0.0;0.0;0.0;0.0;0.0;0.0;0.0;0.0;0.32833629252216445;0.0;0.0;0.0;0.21687219276469447;0.0;0.0;0.0;0.0;0.0;0.0;0.0;0.0;0.0
GO:1904349;0.22191284406739015;0.31454478430982913;0.0;0.0;0.0;0.17577464296588108;0.26097689537747404;0.0;0.3296924996142921;0.0;0.15297626566192676;0.44508937251282465;0.35157248907831157;0.0;0.3595134311795572;0.8968780302423205;0.0;1.0;0.0;0.3189097872510371;0.0;0.3497923053080233;0.2543316190328869;0.0;0.0;0.36340141812128657;0.3224994003629193;0.2416275766601572;0.41769153224199007;0.8968780302423205;0.0;0.314334449299373;0.31919499946862945;0.3578078741890482;0.30340284306502074;0.3228188154243048;0.430941052226067;0.31429729134078255;0.3967107124417761;0.22742987024566158;0.2600808695039642;0.28843529048420585;0.0;0.19514910263693644;0.25491632345323006;0.0;0.41855106592634306;0.2216451046866157;0.20552950048504537;0.0;0.3135539528668953;0.19105630374011287;0.0;0.2597249006928143;0.0;0.32767850960901856;0.3292800910853645;0.0;0.3112726346469611;0.4005377658273402;0.3287322054491794;0.0;0.0;0.0;0.32692160751861155;0.0;0.0;0.30437402180681183;0.2292436114569684;0.31484529408147616;0.0;0.0;0.0;0.6072477294240943;0.20958767321726168;0.14253109255420518;0.0;0.0;0.3085787501730857;0.3709392096680736;0.31833313715452827;0.39962986005271556;0.0;0.35174253574213754;0.0;0.32185007260934706;0.22607465810524316;0.0;0.241451700801649;0.1924112796462665;0.0;0.34026738159189734;0.0;0.0;0.40029638011716007;0.0;0.3399045329979573;0.2036897068430084;0.0;0.32155040057336454;0.0;0.0;0.0;0.34641234889015843;0.33926317211251966;0.3254017977419018;0.30039907588239206;0.345920096469382;0.18387056687727077;0.4231480186029313;0.16049808149865077;0.0;0.33206992642457545;0.22153139473416758;0.2814530686056722;0.0;0.0;0.16898887768910165;0.35949991947548265;0.0;0.3285682156748389;0.0;0.3569698597316254;0.0;0.32808341027833177;0.3511540286003968;0.32886000053333625;0.0;0.2297611255398426;0.4897935416831306;0.0;0.30260070418407775;0.3775236341793535;0.226988220487341;0.18550345043147937;0.0;0.47392444911094156
GO:0007268;0.0;0.0;0.0;0.0;0.21279860172572854;0.0;0.0;0.17429663903019554;0.30467357803021583;0.23115411139803912;0.0;0.0;0.3320024295606086;0.3712190551123846;0.0;0.0;0.0;0.0;1.0;0.2916316234758439;0.33204536860894823;0.0;0.0;0.21633445063972612;0.0;0.0;0.0;0.15794350955149022;0.2074100157084919;0.0;0.3392691772260408;0.0;0.2919730865956793;0.0;0.0;0.0;0.0;0.0;0.0;0.0;0.17220559396657828;0.25620249721835664;0.2640846756320735;0.15935705118145513;0.0;0.28772355592959775;0.0;0.0;0.0;0.3301663978641725;0.0;0.0;0.0;0.0;0.0;0.14627774403051313;0.0;0.18503408192466894;0.0;0.0;0.303500923869954;0.2911821955140866;0.19531114158070928;0.0;0.0;0.17174533722119165;0.363419912927335;0.0;0.0;0.0;0.3338742505225763;0.36355434403331716;0.0;0.0;0.0;0.11132397462543066;0.2544583071059643;0.0;0.2793889553987479;0.0;0.2909418196366155;0.0;0.31466898017893286;0.33221950810643747;0.27600890560939384;0.0;0.0;0.0;0.0;0.0;0.27591413767452627;0.31773430063586505;0.3629216869620942;0.26625651351085877;0.0;0.0;0.3172816330769824;0.0;0.2842519520064018;0.0;0.18504297800591035;0.18517959112131985;0.20767687979312044;0.0;0.0;0.0;0.0;0.0;0.0;0.0;0.0;0.2211446983870098;0.0;0.0;0.0;0.38205291888704473;0.3291557179247002;0.21323740572299696;0.0;0.32615669858539925;0.30330088940184047;0.2991667598959368;0.0;0.0;0.3027098994429336;0.3314685446332507;0.30365685259014097;0.2600115080881748;0.0;0.0;0.3636697412459556;0.0;0.0;0.14688571537439107;0.0;0.2991539072074538;0.0
GO:0007266;0.32273142576120073;0.37210967895643376;0.0;0.0;0.19492105594978407;0.19712589891195514;0.30233404032224126;0.16211795135427423;0.8149489483628495;0.21021116527769887;0.1701044387632406;0.4229483967073779;0.8788981343094201;0.3200173769441029;0.42684940414589884;0.3190245477358;0.0;0.3189097872510371;0.2916316234758439;1.0;0.29047477514042624;0.41965712921086035;0.3758010546629728;0.1978836206779404;0.0;0.5675364468313198;0.3827239519786443;0.40290528859030816;0.33770577118694656;0.3190245477358001;0.29598801580122625;0.3718299237188409;0.7065912074414341;0.3363299180354751;0.45944426981866243;0.49369799910194323;0.5344050012569512;0.37178050676130375;0.34613176265183737;0.26663267163096044;0.43677336192124583;0.6286328574703148;0.2370978842099501;0.45123365296746903;0.37677382448297025;0.25597959343441656;0.367528601887799;0.2529172211799773;0.22590237467647917;0.2890358115706217;0.37079223414724055;0.21549831845365788;0.0;0.38479519769605475;0.0;0.4163948829749304;0.3918248230657995;0.17136748091109053;0.4732467167969896;0.3498613804194855;0.7312620322376019;0.25871353716054024;0.18014646552317157;0.0;0.5010233660966894;0.1599084694814526;0.3142044646546409;0.35129123864948547;0.26912901581338483;0.37250945152410314;0.29187342268428024;0.3143049459627746;0.0;0.3362874123911895;0.3029913312585693;0.25267192765777685;0.22930941314156705;0.0;0.6794099989555942;0.3419155335263242;0.7043735685585282;0.37268602918443966;0.2770892251919294;0.7917903378949216;0.24666541772739273;0.38185500875701894;0.25840833775310434;0.0;0.3545144029296997;0.2758704327709001;0.24658972614021982;0.7614255301114089;0.31383197496345294;0.2388470522200684;0.3734094564721464;0.0;0.7604712453567994;0.23457953060369652;0.25322809964743215;0.49143951074554726;0.17137511136835287;0.17149228206038492;0.19061504618715125;0.415039518024052;0.2911308155954907;0.4983062202885562;0.3533983379541834;0.4143680578719762;0.2000072913499637;0.4499700788506127;0.22664828649095772;0.20190072352525398;0.3955835392391239;0.3221169468753163;0.42152230564333454;0.3280364704772272;0.28826096296010756;0.28731342431848134;0.43298930575066175;0.28595824885078847;0.7308357851937566;0.264997505858625;0.3271905662491839;0.0;0.7295760838171493;0.7902242744891199;0.7315942506785056;0.2338094717665965;0.3354250405126525;0.4063959158297915;0.31439119224809203;0.4580436100620031;0.45802096950011495;0.32858073015139555;0.20879794864250864;0.2649874213902225;0.3222562784651208
GO:0008354;0.0;0.0;0.2706290592292748;0.0;0.2121819915639185;0.0;0.0;0.17388275476978565;0.3034111700117901;0.2304267205247107;0.0;0.0;0.33050394835493024;0.479878109986777;0.0;0.0;0.0;0.0;0.33204536860894823;0.29047477514042624;1.0;0.0;0.0;0.21569720980382828;0.0;0.0;0.0;0.1576035703718029;0.0;0.0;0.337704536298221;0.0;0.2908135330187868;0.0;0.0;0.0;0.0;0.0;0.0;0.0;0.1718015694045378;0.2553092261787298;0.2631356971703393;0.1590110067552865;0.0;0.28659744513914026;0.0;0.0;0.0;0.32868440756788425;0.0;0.0;0.29981714812465965;0.0;0.0;0.14598612006822137;0.0;0.18456770095776526;0.0;0.0;0.3022481949035732;0.29002890297498896;0.19479158768908703;0.0;0.0;0.17134346693933136;0.3616251761411977;0.0;0.0;0.0;0.7241827852888421;0.3617582825157708;0.0;0.0;0.0;0.11115498850014789;0.25357713627439893;0.0;0.27832702026300704;0.0;0.28979042667231825;0.0;0.40684473150928874;0.3307190711354389;0.27497246198687064;0.0;0.0;0.0;0.0;0.0;0.2748784043223414;0.3163615829555346;0.3611318556287713;0.2652918905353363;0.0;0.0;0.3159128155336185;0.0;0.28315280013710004;0.0;0.18457655224905872;0.18471247727598006;0.20708955311609223;0.0;0.0;0.0;0.0;0.0;0.0;0.0;0.0;0.22047884770479717;0.0;0.0;0.0;0.3800699293692156;0.3276827666118356;0.2126182536615099;0.0;0.32471040687620223;0.30204980781039414;0.470695185069205;0.0;0.30303891664025395;0.30146367861740575;0.32997486805296566;0.30240283873109924;0.5645392492629696;0.0;0.0;0.36187254217578263;0.0;0.0;0.14659166466891307;0.0;0.2979367347412856;0.0
GO:0009967;0.44410409739286105;0.8990384789163925;0.0;0.0;0.0;0.5019752501595209;0.3269093843508748;0.0;0.43388206803113555;0.0;0.4368068356386078;0.4463061463764095;0.46275415527615243;0.0;0.36050391574829055;0.3499029588866028;0.0;0.3497923053080233;0.0;0.41965712921086035;0.0;1.0;0.5660484863081808;0.0;0.0;0.47836723856227714;0.46661945301478697;0.38967374319460324;0.29478473460496873;0.34990295888660283;0.0;0.8984361352372536;0.4200333610838272;0.2937358443867595;0.6755167755731665;0.7188527330343675;0.6239372868406117;0.8983297248615287;0.4265601466939195;0.22801375893088255;0.4194809264335191;0.4466467125988202;0.0;0.2565557462471022;0.335283007048856;0.0;0.45008865419411265;0.47622418052119425;0.2058528361633027;0.0;0.896201014070786;0.545667577693002;0.0;0.341620148134642;0.0;0.23829796082469512;0.47645015882653796;0.0;0.4095833467069078;0.43068267411731953;0.43261511837355027;0.0;0.0;0.0;0.4302263839486009;0.0;0.0;0.3050836799107449;0.22983686238671044;0.8998990618910048;0.0;0.0;0.0;0.434695265302176;0.2755680859965843;0.1873052442914069;0.0;0.0;0.40603026088583805;0.37178394986264923;0.41889645803339437;0.5447029736835738;0.0;0.46297858096340694;0.0;0.46567809478251576;0.3269105007294363;0.0;0.5373295400326793;0.42803367752841553;0.0;0.44783511258060343;0.0;0.0;0.40128029896766926;0.0;0.44735631397500586;0.20415793426790968;0.0;0.7160212696794808;0.0;0.0;0.0;0.5012923047565606;0.4563434678550474;0.4282213395153446;0.43458388444710966;0.7438070058165024;0.18412930339731073;0.5272455146856906;0.21094530803607162;0.0;0.9492313006876476;0.29129844873419586;0.626540957078391;0.0;0.0;0.16931103269337205;0.5202730869354568;0.0;0.432398762795903;0.0;0.35775210604964564;0.0;0.4317591507795584;0.4622018783027778;0.4327837218195558;0.0;0.3021390099610721;0.34580502185117007;0.0;0.3981460699688659;0.5464177060228838;0.32823337768249594;0.5297902745894556;0.0;0.3530150889222074
