;GO:0016525;GO:0060760;GO:0050717;GO:0050718;GO:0015031;GO:1901740;GO:0009597;GO:0045444;GO:0051091;GO:0032091;GO:0010819;GO:0051882;GO:0002479;GO:0010818;GO:0032725;GO:0001666;GO:0030308;GO:0002636;GO:0051607;GO:0019885;GO:0006919;GO:0010499;GO:0032480;GO:0045859;GO:0007186;GO:0090026;GO:0032481;GO:0043312;GO:0043950;GO:1904469;GO:0042102;GO:0061844;GO:2000406;GO:1901509;GO:0032757;GO:0043161;GO:0033209;GO:0032956;GO:0071360;GO:0045662;GO:0030816;GO:0010506;GO:0050727;GO:0030890;GO:0035549;GO:0010469;GO:0030334;GO:0052548;GO:0030336;GO:0033280;GO:1903265;GO:0060340;GO:0008284;GO:0043123;GO:0045944;GO:0043687;GO:0034605;GO:2000778;GO:0019221;GO:0002737;GO:1990668;GO:0010951;GO:0045071;GO:0035457;GO:0016579;GO:1901253;GO:0031295;GO:0033198;GO:0031296;GO:0060338;GO:0048305;GO:1902741;GO:0051281;GO:0002230;GO:0046967;GO:0001782;GO:0060337;GO:0006511;GO:0007517;GO:0071260;GO:0071222;GO:0045087;GO:0070098;GO:0043065;GO:0030593;GO:0039529;GO:0016540;GO:0071346
GO:0016525;1.0;0.32685650790868875;0.1913471196769054;0.19134711967690546;0.0;0.40914537584285726;0.0;0.0;0.20022114089559054;0.2411698894568099;0.228203503763169;0.25158159952115294;0.0;0.0;0.3787939464781673;0.0;0.3650431601081075;0.3412751291473741;0.0;0.0;0.13999029903284968;0.0;0.5271233966696187;0.2157455356518734;0.33914822171593495;0.1720662027755816;0.3787944041209357;0.0;0.23483797795647784;0.19849791687879353;0.16849067947262106;0.0;0.20605164744221727;0.6237921234018126;0.3787944041209357;0.0;0.3137230773598352;0.3145915676057523;0.0;0.49145269376743994;0.17986015138747546;0.31458936481523714;0.3268844560348103;0.19202461888088104;0.1984948031060423;0.30180803103438064;0.3143528280508833;0.26338532482356103;0.32039119721316844;0.0;0.22228229139289268;0.17919791745560557;0.32688791607974077;0.2348379550374329;0.1563905932116605;0.0;0.0;0.21041939188652894;0.3259262064063246;0.33334924659806925;0.0;0.21417584797143963;0.34149682715192115;0.0;0.0;0.310456492333812;0.19554782943089918;0.0;0.22797375665060254;0.24809664557031347;0.0;0.1984948031060423;0.12906466511937645;0.26389644449057803;0.0;0.23156183556958965;0.3137230773598352;0.0;0.0;0.0;0.0;0.0;0.3137230773598352;0.28261495578221574;0.0;0.17058316039438604;0.0;0.0
GO:0060760;0.32685650790868875;1.0;0.2195183167488651;0.21951831674886513;0.0;0.24929123975122097;0.0;0.0;0.3006237546514237;0.3319523509904347;0.3525729181864212;0.35200367495605084;0.0;0.0;0.5077993012628339;0.0;0.38685759276035464;0.4909573437020921;0.0;0.0;0.19817022458851166;0.0;0.4063956682590633;0.2633614945288227;0.4738134049221008;0.34961179747761084;0.5078001237041527;0.0;0.5084048971536806;0.22898173840011446;0.24514871096837018;0.0;0.3112051894304446;0.42685225159361617;0.5078001237041527;0.0;0.425623072446753;0.42722318812419074;0.0;0.3703295500302331;0.26462683483084026;0.42721912567832115;0.5625570260834117;0.2859567771910252;0.22897759482079386;0.5047909529118444;0.4267830166685037;0.3379873149463842;0.3265862794593348;0.0;0.6068196337779562;0.4684171324136227;0.5625652273741882;0.5084048353784167;0.2248881137192213;0.0;0.0;0.2449936803930599;0.4484000597653342;0.2853999142800064;0.0;0.20015644752328096;0.354491165431197;0.0;0.0;0.31379643057399503;0.2922317322906338;0.0;0.3521341307950087;0.4680737352728255;0.0;0.22897759482079386;0.18082818988709043;0.42337672003177845;0.0;0.3140183910558212;0.425623072446753;0.0;0.0;0.0;0.0;0.0;0.425623072446753;0.4627270777157568;0.0;0.2680527937642325;0.0;0.0
GO:0050717;0.1913471196769054;0.2195183167488651;1.0;0.8965213086554221;0.0;0.1670025380625479;0.0;0.0;0.19654159523035972;0.129720791025747;0.21370071518667225;0.1326741484141802;0.0;0.0;0.3744552851009525;0.0;0.20634094159752178;0.1781860164211306;0.0;0.0;0.17786127606509197;0.0;0.25192841153753015;0.17192706079116124;0.22387950702422715;0.23545846911172783;0.3744555367005067;0.0;0.252328171964676;0.8137897013270521;0.2029450167107641;0.0;0.2656090110810259;0.21493750923757945;0.3744555367005067;0.0;0.21468765547159357;0.21501274040284457;0.0;0.20248339721783087;0.2122387051205943;0.21501191690402816;0.17568912993208705;0.22177303639282764;0.8137807001310771;0.21014408887253477;0.25784313757989896;0.1555353733671915;0.22946970590252833;0.0;0.24381769496056088;0.21170774668428682;0.30548626663624573;0.25232815674704595;0.1926212040632639;0.0;0.0;0.8476520361487445;0.21918205518156997;0.19038144899953827;0.0;0.1475795538645163;0.15894057969701716;0.0;0.0;0.22464291362117159;0.22445918779621685;0.0;0.2477190426288169;0.1875217424460833;0.0;0.8137807001310771;0.23829443997137276;0.15571346882177536;0.0;0.12688888695052278;0.21468765547159357;0.0;0.0;0.0;0.0;0.0;0.21468765547159357;0.28176292996342606;0.0;0.24810562029228453;0.0;0.0
GO:0050718;0.19134711967690546;0.21951831674886513;0.8965213086554221;1.0;0.0;0.1670025380625479;0.0;0.0;0.19654159523035977;0.129720791025747;0.21370071518667227;0.13267414841418024;0.0;0.0;0.37445528510095255;0.0;0.2063409415975218;0.17818601642113063;0.0;0.0;0.177861276065092;0.0;0.2519284115375302;0.17192706079116127;0.22387950702422718;0.23545846911172788;0.3744555367005067;0.0;0.25232817196467605;0.8137897013270521;0.20294501671076412;0.0;0.2656090110810259;0.2149375092375795;0.3744555367005067;0.0;0.21468765547159363;0.21501274040284463;0.0;0.2024833972178309;0.21223870512059437;0.2150119169040282;0.17568912993208707;0.2217730363928277;0.8137807001310772;0.21014408887253483;0.25784313757989896;0.15553537336719153;0.22946970590252833;0.0;0.24381769496056094;0.21170774668428682;0.3054862666362458;0.252328156747046;0.19262120406326394;0.0;0.0;0.8476520361487445;0.21918205518157;0.19038144899953827;0.0;0.1475795538645163;0.1589405796970172;0.0;0.0;0.2246429136211716;0.22445918779621685;0.0;0.24771904262881694;0.18752174244608336;0.0;0.8137807001310772;0.23829443997137276;0.1557134688217754;0.0;0.1268888869505228;0.21468765547159363;0.0;0.0;0.0;0.0;0.0;0.21468765547159363;0.28176292996342606;0.0;0.24810562029228456;0.0;0.0
GO:0015031;0.0;0.0;0.0;0.0;1.0;0.0;0.0;0.0;0.0;0.0;0.0;0.0;0.0;0.0;0.0;0.0;0.0;0.0;0.0;0.0;0.0;0.0;0.0;0.0;0.0;0.0;0.0;0.2740509020701088;0.0;0.0;0.0;0.0;0.0;0.0;0.0;0.0;0.0;0.0;0.0;0.0;0.0;0.0;0.0;0.0;0.0;0.0;0.0;0.0;0.0;0.0;0.0;0.0;0.0;0.0;0.0;0.0;0.0;0.0;0.0;0.0;0.0;0.0;0.0;0.0;0.0;0.0;0.0;0.0;0.0;0.0;0.8138961751406523;0.0;0.0;0.0;0.4586021167060515;0.0;0.0;0.0;0.0;0.0;0.0;0.0;0.0;0.0;0.0;0.0;0.0;0.0
GO:1901740;0.40914537584285726;0.24929123975122097;0.1670025380625479;0.1670025380625479;0.0;1.0;0.0;0.0;0.21013164267354564;0.1840078955037944;0.23425802757370393;0.1900075668706978;0.0;0.0;0.23525947927876364;0.0;0.4533399494373982;0.2803439236803689;0.0;0.0;0.15435263970062296;0.0;0.2939642942932306;0.22364846069855332;0.320351491189217;0.18474180733118267;0.2352596998559129;0.0;0.23982421141290589;0.1724237545184738;0.18143350639055547;0.0;0.21524732602674224;0.3616819924468465;0.2352596998559129;0.0;0.30185831609182284;0.36170460497879015;0.0;0.602239661595239;0.1918866236462561;0.30249975287624714;0.24930749687244322;0.2028588315118531;0.1724214050474296;0.29295251437367165;0.302324691613769;0.210586403944086;0.35836489021699985;0.0;0.22924124956615935;0.19128306578372664;0.3115190962498265;0.23982419228356178;0.17009232395764498;0.0;0.0;0.1813485757292468;0.3108196197867908;0.2025784294642943;0.0;0.2562260970748414;0.2709943696768;0.0;0.0;0.25107384728429866;0.20599671688388427;0.0;0.2340642396910623;0.2507775499004788;0.0;0.1724214050474296;0.14362418543832745;0.21091301523085618;0.0;0.17836135328746336;0.30185831609182284;0.0;0.0;0.0;0.0;0.0;0.30185831609182284;0.27827205554778117;0.0;0.1509645418076194;0.0;0.0
GO:0009597;0.0;0.0;0.0;0.0;0.0;0.0;1.0;0.0;0.0;0.0;0.0;0.0;0.0;0.0;0.0;0.3316155591864425;0.0;0.0;0.7203403753991923;0.0;0.0;0.0;0.0;0.0;0.0;0.0;0.0;0.0;0.0;0.0;0.0;0.7003370818156064;0.0;0.0;0.0;0.0;0.0;0.0;0.22327640918796055;0.0;0.0;0.0;0.0;0.0;0.0;0.0;0.0;0.0;0.0;0.33561450430580314;0.0;0.0;0.0;0.0;0.0;0.0;0.2842122349807158;0.0;0.0;0.0;0.0;0.0;0.0;0.2609378273903104;0.0;0.0;0.0;0.2987080241294253;0.0;0.0;0.0;0.0;0.0;0.0;0.0;0.0;0.0;0.0;0.0;0.3647910482393042;0.391344040548843;0.3307680425777134;0.0;0.0;0.0;0.3381751777540607;0.0;0.2609378273903104
GO:0045444;0.0;0.0;0.0;0.0;0.0;0.0;0.0;1.0;0.0;0.0;0.0;0.0;0.0;0.24978089166429962;0.0;0.0;0.0;0.0;0.0;0.0;0.0;0.0;0.0;0.0;0.3958776174692267;0.0;0.0;0.1940115752924505;0.0;0.0;0.0;0.0;0.0;0.0;0.0;0.18382213729149627;0.35095321838712384;0.0;0.25145004167547785;0.0;0.0;0.0;0.0;0.0;0.0;0.0;0.0;0.0;0.0;0.0;0.0;0.0;0.0;0.0;0.0;0.2506813575393429;0.3314905787108365;0.0;0.37203890385366706;0.0;0.30119290092884715;0.0;0.0;0.3002543026038131;0.2238059298183756;0.0;0.0;0.0;0.0;0.0;0.23096445863233914;0.0;0.11085927271237513;0.0;0.0;0.0;0.35095321838712384;0.20826179347295828;0.4278544764464064;0.3143452344011531;0.21526537934928722;0.0;0.35095321838712384;0.0;0.24011123551111754;0.11837067967287142;0.0;0.3002543026038131
GO:0051091;0.20022114089559054;0.3006237546514237;0.19654159523035972;0.19654159523035977;0.0;0.21013164267354564;0.0;0.0;1.0;0.24030894274123016;0.22805522018608065;0.1831750377030473;0.0;0.0;0.2842611304126533;0.0;0.2764464926309848;0.22814896148138522;0.0;0.0;0.39304486352337087;0.0;0.22749571288214923;0.47751936611312135;0.30886342246615606;0.2169801504641027;0.28426138813695456;0.0;0.27992208517981987;0.2027964859226311;0.21317469859003915;0.0;0.25193544666338363;0.23376709182613573;0.28426138813695456;0.0;0.29163716499651215;0.29223737634048225;0.0;0.26956611170820177;0.4081450073082967;0.4067149458274978;0.24060508245924916;0.2377690409934135;0.20279377682215766;0.3424904955594932;0.2920724688121822;0.45930308084805305;0.2500550858421211;0.0;0.26788993501144664;0.22449597094141066;0.3606830776453692;0.2799220634569799;0.6818482943141718;0.0;0.0;0.2130769673810543;0.2999934702333682;0.15839840863376267;0.0;0.3949122838614079;0.21026179080736898;0.0;0.0;0.19524346013131377;0.24136101789232045;0.0;0.2733769361573259;0.24368232001288612;0.0;0.20279377682215766;0.16947940696476502;0.20465096142114175;0.0;0.17232743411192236;0.29163716499651215;0.0;0.0;0.0;0.0;0.0;0.29163716499651215;0.32339376501978434;0.0;0.17799196715332086;0.0;0.0
GO:0032091;0.2411698894568099;0.3319523509904347;0.129720791025747;0.129720791025747;0.0;0.1840078955037944;0.0;0.0;0.24030894274123016;1.0;0.20823957175591035;0.35119067553631544;0.0;0.0;0.2997399514120311;0.0;0.28535838871561814;0.20837175154459311;0.0;0.0;0.15847397137921865;0.0;0.29974188094795307;0.2630248245461174;0.3493523768160281;0.14844054356376843;0.29974043591952565;0.0;0.21576632139790936;0.13530807030591457;0.14485222859763516;0.0;0.18383615686788832;0.31479863673484904;0.29974043591952565;0.0;0.31389400256441463;0.31507163132416605;0.0;0.27318868597253476;0.15634952955231968;0.3150686415302876;0.3319913585247581;0.16893790230926747;0.13530562399371554;0.403193805120868;0.31474768246439894;0.3374330168911229;0.24097081835648143;0.0;0.20160825578987404;0.155672827347752;0.3319961879245763;0.21576629521777696;0.1328912122287729;0.0;0.0;0.1447607121260447;0.33065534112985423;0.16860928294398672;0.0;0.2503755702437288;0.26152495153509564;0.0;0.0;0.23154823289942317;0.17264081910856602;0.0;0.2079807659493964;0.23112242691868193;0.0;0.13530562399371554;0.10687355745680868;0.24998955340553772;0.0;0.3133712271849209;0.31389400256441463;0.0;0.0;0.0;0.0;0.0;0.31389400256441463;0.27318285695467376;0.0;0.1138375949992702;0.0;0.0
GO:0010819;0.228203503763169;0.3525729181864212;0.21370071518667225;0.21370071518667227;0.0;0.23425802757370393;0.0;0.0;0.22805522018608065;0.20823957175591035;1.0;0.2159565955968797;0.0;0.0;0.2643209638384997;0.0;0.3197736357012517;0.30816969817905254;0.0;0.0;0.1638094860735789;0.0;0.26432207270985614;0.24406410292631545;0.3639602732351778;0.6228415489594596;0.2643212422771536;0.0;0.31606734500702355;0.22111605531717965;0.23351128669332202;0.0;0.6417368514897807;0.27282612331436495;0.2643212422771536;0.0;0.3402756519959597;0.3410930419698363;0.0;0.31060330840053885;0.20672295891789344;0.34109096954238866;0.42169849301522583;0.26335041525967934;0.22111283466152398;0.39470175180061035;0.6723930406589633;0.2335740190641288;0.5621520223489358;0.0;0.30081191863909973;0.2883070426422504;0.3526021647428931;0.31606731731201354;0.18164837516065757;0.0;0.0;0.23339402431025394;0.3517062944792453;0.26295655667433293;0.0;0.19775075951705937;0.241338835805106;0.0;0.0;0.2770947923860785;0.26776406019302934;0.0;0.30774788370205997;0.3872600968569572;0.0;0.22111283466152398;0.18208694550425011;0.4080370185198689;0.0;0.20103704762479996;0.3402756519959597;0.0;0.0;0.0;0.0;0.0;0.3402756519959597;0.3105988518930045;0.0;0.22390128850423535;0.0;0.0
GO:0051882;0.25158159952115294;0.35200367495605084;0.1326741484141802;0.13267414841418024;0.0;0.1900075668706978;0.0;0.0;0.1831750377030473;0.35119067553631544;0.2159565955968797;1.0;0.0;0.0;0.3159932907122433;0.0;0.300051243364914;0.2160987569963818;0.0;0.0;0.11951714642722822;0.0;0.3159954351797882;0.20108766688410787;0.3716314035901572;0.15232053805150417;0.3159938291890417;0.0;0.22406239782128998;0.1385244722211645;0.14854457191534026;0.0;0.18982445197679262;0.33277507905940146;0.3159938291890417;0.0;0.3317643433012501;0.3330801574534572;0.0;0.2866255433577325;0.16065999772537398;0.33307681611913176;0.35204753756697693;0.17398161766873865;0.138521908225409;0.3140242440180425;0.33271813971290853;0.2605173136053792;0.251364976643789;0.0;0.20883308739287992;0.15994555383302486;0.3520529681018379;0.2240623695892357;0.13599242152810262;0.0;0.0;0.1484483319442551;0.3505455871143318;0.17363310347815167;0.0;0.15162042264896292;0.2738131299231386;0.0;0.0;0.24112924674797873;0.17791151117623857;0.0;0.21567826533066503;0.24066750882079482;0.0;0.138521908225409;0.14731727809246872;0.2611943976987797;0.0;0.44813546492824935;0.3317643433012501;0.0;0.0;0.0;0.0;0.0;0.3317643433012501;0.28661912684154933;0.0;0.11610567978330975;0.0;0.0
GO:0002479;0.0;0.0;0.0;0.0;0.0;0.0;0.0;0.0;0.0;0.0;0.0;0.0;1.0;0.22276792092521489;0.0;0.0;0.0;0.0;0.23893149858391022;0.6372271208935817;0.0;0.0;0.0;0.0;0.0;0.0;0.0;0.17731126799900182;0.0;0.0;0.0;0.2601916287561442;0.0;0.0;0.0;0.0;0.0;0.0;0.0;0.0;0.0;0.0;0.0;0.0;0.0;0.0;0.0;0.0;0.0;0.0;0.0;0.0;0.0;0.0;0.0;0.0;0.0;0.0;0.0;0.0;0.0;0.0;0.0;0.0;0.0;0.0;0.1683095201701715;0.0;0.20172683841659386;0.0;0.0;0.0;0.0;0.0;0.0;0.29938639779670273;0.0;0.0;0.0;0.0;0.0;0.33256686015570913;0.0;0.0;0.21504431761796583;0.11193813665187201;0.0;0.0
GO:0010818;0.0;0.0;0.0;0.0;0.0;0.0;0.0;0.24978089166429962;0.0;0.0;0.0;0.0;0.22276792092521489;1.0;0.0;0.0;0.0;0.0;0.18666829259353843;0.23106818497662818;0.0;0.0;0.0;0.0;0.23904588664053109;0.0;0.0;0.20032838260582528;0.0;0.0;0.0;0.19939712723658579;0.0;0.0;0.0;0.1408985471844807;0.22189447526363645;0.0;0.177487575767779;0.0;0.0;0.0;0.0;0.0;0.0;0.0;0.0;0.0;0.0;0.0;0.0;0.0;0.0;0.0;0.0;0.17710424727411234;0.2139522064510835;0.0;0.23014138714312696;0.0;0.20090828887809242;0.0;0.0;0.2004902305551408;0.16325408707181668;0.0;0.1405830956081186;0.0;0.1631588920410154;0.0;0.16703038791801855;0.0;0.09365304587323237;0.0;0.0;0.2216331062419729;0.22189447526363645;0.15482481565445305;0.0;0.20667648640765798;0.15866233953227613;0.2393082828619106;0.22189447526363645;0.0;0.751674857539747;0.13503366256673477;0.0;0.2004902305551408
GO:0032725;0.3787939464781673;0.5077993012628339;0.3744552851009525;0.37445528510095255;0.0;0.23525947927876364;0.0;0.0;0.2842611304126533;0.2997399514120311;0.2643209638384997;0.3159932907122433;0.0;0.0;1.0;0.0;0.3540845947945349;0.330472968070301;0.0;0.0;0.1909256182601155;0.0;0.553455897303204;0.24775069410025724;0.4255701585775431;0.23969718329467535;0.8226310273336934;0.0;0.34144942637589465;0.38991999124803295;0.23415739541361524;0.0;0.2937039501866125;0.48394078715712485;0.8226310273336934;0.0;0.38628681308858775;0.3876043717206361;0.0;0.340188013453276;0.25186497854329226;0.38760102780224004;0.40643625258637817;0.27111240071328485;0.38991323174259895;0.36837976004701345;0.3872420193779885;0.312700884618167;0.30291727506344057;0.0;0.32039089904180157;0.25082616331940666;0.5078599716683277;0.3414493875995569;0.21560410149200468;0.0;0.0;0.4159640844415181;0.4049558996240534;0.32361834120137223;0.0;0.19100937180145824;0.32677622900954;0.0;0.0;0.2918827915185908;0.27674636598696295;0.0;0.3298912467752017;0.29138269278132484;0.0;0.38991323174259895;0.17477670616946647;0.3134215862308177;0.0;0.2850406468035196;0.38628681308858775;0.0;0.0;0.0;0.0;0.0;0.38628681308858775;0.425065942457348;0.0;0.33020416922894724;0.0;0.0
GO:0001666;0.0;0.0;0.0;0.0;0.0;0.0;0.3316155591864425;0.0;0.0;0.0;0.0;0.0;0.0;0.0;0.0;1.0;0.0;0.0;0.3474093413997256;0.0;0.0;0.0;0.0;0.0;0.0;0.0;0.0;0.0;0.0;0.0;0.0;0.2836615284626605;0.0;0.0;0.0;0.0;0.0;0.0;0.24128898221433898;0.0;0.0;0.0;0.0;0.0;0.0;0.0;0.0;0.0;0.0;0.272563170902075;0.0;0.0;0.0;0.0;0.0;0.0;0.5298356495803672;0.0;0.0;0.0;0.0;0.0;0.0;0.285878864871299;0.0;0.0;0.0;0.24018329786716525;0.0;0.0;0.0;0.0;0.0;0.0;0.0;0.0;0.0;0.0;0.0;0.4012131134957673;0.20777477599152205;0.49965710722652;0.0;0.0;0.0;0.11606969994541247;0.0;0.285878864871299
GO:0030308;0.3650431601081075;0.38685759276035464;0.20634094159752178;0.2063409415975218;0.0;0.4533399494373982;0.0;0.0;0.2764464926309848;0.28535838871561814;0.3197736357012517;0.300051243364914;0.0;0.0;0.3540845947945349;0.0;1.0;0.25606316183802175;0.0;0.0;0.1873681561890205;0.0;0.44244093649980676;0.30032574619076785;0.5050540147260838;0.23411665228573234;0.3540850944613727;0.0;0.3302361808842364;0.21468073036828542;0.22882896660462645;0.0;0.2853691144549343;0.36951598905864336;0.3540850944613727;0.0;0.4605689646086033;0.5525000065259649;0.0;0.5675163553232269;0.2457107692050882;0.46206389992433633;0.3868967441776721;0.2639949368624368;0.21467708819520825;0.4401529515447679;0.461655569695367;0.3010051072187618;0.5075951353420944;0.0;0.31049809512774823;0.24472200009170955;0.48344419073010814;0.3302361446129196;0.2110784490073623;0.0;0.0;0.2286938843150626;0.4817616770573618;0.2635202538835884;0.0;0.324419876938211;0.3923832798602804;0.0;0.0;0.35195071242916687;0.2693340574225904;0.0;0.3194126484765215;0.35136876642973464;0.0;0.21467708819520825;0.17179088389002364;0.3016728474862711;0.0;0.2720043727177783;0.4605689646086033;0.0;0.0;0.0;0.0;0.0;0.4605689646086033;0.4078269255925873;0.0;0.18239897188402676;0.0;0.0
GO:0002636;0.3412751291473741;0.4909573437020921;0.1781860164211306;0.17818601642113063;0.0;0.2803439236803689;0.0;0.0;0.22814896148138522;0.20837175154459311;0.30816969817905254;0.2160987569963818;0.0;0.0;0.330472968070301;0.0;0.25606316183802175;1.0;0.0;0.0;0.16385784523080066;0.0;0.264479450568406;0.1954110363078213;0.29146944005658293;0.3540461469017334;0.3304733164014877;0.0;0.36680302961661526;0.18437106274380438;0.27099081351447474;0.0;0.3259405801082202;0.4080486406265948;0.3304733164014877;0.0;0.272490505921358;0.27314546893724667;0.0;0.3107772196561447;0.2067999803593355;0.27314380832802737;0.35282307825316195;0.3056329461582084;0.18436837640361287;0.3291961906188008;0.27296547343664396;0.2336969031823139;0.22818890927579225;0.0;0.3490907739832583;0.4461199944844126;0.35282630422604605;0.3668029974606906;0.18170784237914442;0.0;0.0;0.19461227249459426;0.28164989319064765;0.3051822142625114;0.0;0.1583168309406565;0.2414700282158476;0.0;0.0;0.22187041767889282;0.31075728955322623;0.0;0.3571825259017705;0.38534918815481317;0.0;0.18436837640361287;0.15181889600423307;0.35092759675189095;0.0;0.20116023925153034;0.272490505921358;0.0;0.0;0.0;0.0;0.0;0.272490505921358;0.3107727581567239;0.0;0.34643120653559983;0.0;0.0
GO:0051607;0.0;0.0;0.0;0.0;0.0;0.0;0.7203403753991923;0.0;0.0;0.0;0.0;0.0;0.23893149858391022;0.18666829259353843;0.0;0.3474093413997256;0.0;0.0;1.0;0.24850584458777183;0.0;0.0;0.0;0.0;0.0;0.0;0.0;0.20633917787620565;0.0;0.0;0.0;0.6511020206612518;0.0;0.0;0.0;0.0;0.0;0.0;0.1875989404522634;0.0;0.0;0.0;0.0;0.0;0.0;0.0;0.0;0.0;0.0;0.27673373310031346;0.0;0.0;0.0;0.0;0.0;0.0;0.3074273049093868;0.0;0.0;0.0;0.0;0.0;0.0;0.2134882960733799;0.0;0.0;0.14685249394048144;0.25114751998662493;0.1716644446651928;0.0;0.0;0.0;0.0;0.0;0.0;0.23762651225409778;0.0;0.0;0.0;0.2962727526333678;0.3357792729096583;0.5270796912329079;0.0;0.0;0.18121444856050484;0.34598097389163013;0.0;0.2134882960733799
GO:0019885;0.0;0.0;0.0;0.0;0.0;0.0;0.0;0.0;0.0;0.0;0.0;0.0;0.6372271208935817;0.23106818497662818;0.0;0.0;0.0;0.0;0.24850584458777183;1.0;0.0;0.0;0.0;0.0;0.0;0.0;0.0;0.1825300581194151;0.0;0.0;0.0;0.27158625844266965;0.0;0.0;0.0;0.0;0.0;0.0;0.0;0.0;0.0;0.0;0.0;0.0;0.0;0.0;0.0;0.0;0.0;0.0;0.0;0.0;0.0;0.0;0.0;0.0;0.0;0.0;0.0;0.0;0.0;0.0;0.0;0.0;0.0;0.0;0.17300484954177037;0.0;0.20850931410350146;0.0;0.0;0.0;0.0;0.0;0.0;0.31457270590691994;0.0;0.0;0.0;0.0;0.0;0.3514117843708641;0.0;0.0;0.2227690220909757;0.11399575998181777;0.0;0.0
GO:0006919;0.13999029903284968;0.19817022458851166;0.17786127606509197;0.177861276065092;0.0;0.15435263970062296;0.0;0.0;0.39304486352337087;0.15847397137921865;0.1638094860735789;0.11951714642722822;0.0;0.0;0.1909256182601155;0.0;0.1873681561890205;0.16385784523080066;0.0;0.0;1.0;0.0;0.15279861891989616;0.43946672035187084;0.20171755819334303;0.1919691585480771;0.190925734525035;0.0;0.23170948702896485;0.1822467783778802;0.1893903849430224;0.0;0.21468975594395212;0.1556023873239697;0.190925734525035;0.0;0.1942249951078415;0.1944910248878862;0.0;0.18418191338321158;0.3899464422545084;0.27067908072075375;0.15860270454786174;0.20568638352894092;0.18224489213094883;0.23028712222785594;0.19441796986699983;0.5248012066267538;0.17485976545592813;0.0;0.2245131974543772;0.19699974033194467;0.27577643137459074;0.23170947419670418;0.4063553999077452;0.0;0.0;0.1893238733006089;0.19789614467456057;0.11817440474513116;0.0;0.4869944907761165;0.14482573016167838;0.0;0.0;0.13753862219750146;0.2079949516513019;0.0;0.22781703056993804;0.17171941910204538;0.0;0.18224489213094883;0.1581580450803095;0.14214150131311185;0.0;0.11480202523312477;0.1942249951078415;0.0;0.0;0.0;0.0;0.0;0.1942249951078415;0.46862760897016215;0.0;0.1418094318686344;0.0;0.0
GO:0010499;0.0;0.0;0.0;0.0;0.0;0.0;0.0;0.0;0.0;0.0;0.0;0.0;0.0;0.0;0.0;0.0;0.0;0.0;0.0;0.0;0.0;1.0;0.0;0.0;0.0;0.0;0.0;0.0;0.0;0.0;0.0;0.0;0.0;0.0;0.0;0.7748814871822681;0.0;0.0;0.0;0.0;0.0;0.0;0.0;0.0;0.0;0.0;0.0;0.0;0.0;0.0;0.0;0.0;0.0;0.0;0.0;0.5208428179207395;0.0;0.0;0.0;0.0;0.0;0.0;0.0;0.0;0.5322825593423699;0.0;0.0;0.0;0.0;0.0;0.0;0.0;0.0;0.0;0.0;0.0;0.0;0.7044543576681489;0.0;0.0;0.0;0.0;0.0;0.0;0.0;0.0;0.65232003122992;0.0
GO:0032480;0.5271233966696187;0.4063956682590633;0.25192841153753015;0.2519284115375302;0.0;0.2939642942932306;0.0;0.0;0.22749571288214923;0.29974188094795307;0.26432207270985614;0.3159954351797882;0.0;0.0;0.553455897303204;0.0;0.44244093649980676;0.264479450568406;0.0;0.0;0.15279861891989616;0.0;1.0;0.24775166829906162;0.4255730330714507;0.1918308375243547;0.6431917998411306;0.0;0.27326401249365145;0.26233288402112415;0.1873973047849192;0.0;0.23505288057197862;0.48394376195469097;0.5534567142622845;0.0;0.3862891813986089;0.3876067562140649;0.0;0.4250765841661886;0.20156881520389983;0.3876034122545262;0.4064388744119991;0.2169726774847958;0.30486112179908537;0.3683819138708811;0.3872443994151954;0.31270243656378804;0.3785052950365824;0.0;0.2564106788790845;0.20073744348152364;0.4064442235622635;0.27326398146058245;0.17254897257096077;0.0;0.0;0.2798550489294904;0.4049585023855703;0.48100993330557057;0.0;0.23867219260291667;0.4083180128423859;0.0;0.0;0.36471727387637676;0.22148158531839335;0.0;0.26401389366038264;0.29138404033365134;0.0;0.30486112179908537;0.1398745442727148;0.31342314533843596;0.0;0.2850423917296874;0.3862891813986089;0.0;0.0;0.0;0.0;0.0;0.3862891813986089;0.34018317034945866;0.0;0.22215679372529998;0.0;0.0
GO:0045859;0.2157455356518734;0.2633614945288227;0.17192706079116124;0.17192706079116127;0.0;0.22364846069855332;0.0;0.0;0.47751936611312135;0.2630248245461174;0.24406410292631545;0.20108766688410787;0.0;0.0;0.24775069410025724;0.0;0.30032574619076785;0.1954110363078213;0.0;0.0;0.43946672035187084;0.0;0.24775166829906162;1.0;0.33897634980929986;0.19078700943198149;0.24775093872255322;0.0;0.25011205828379307;0.17767821482666282;0.1872607211128121;0.0;0.22349837117411905;0.2552078603665932;0.24775093872255322;0.0;0.3183395842580428;0.3190548733441691;0.0;0.2922228034117488;0.43009382108330035;0.44403739578129114;0.2633796386427421;0.21017130276647747;0.1776757199786943;0.3728749419253117;0.3188583214476815;0.6037220038170232;0.2694328340938209;0.0;0.23862340540540297;0.19777145615347255;0.32910291674648523;0.2501120374780472;0.3472030183575523;0.0;0.0;0.18717024865857;0.3283223461636503;0.16795975321334142;0.0;0.5270180352207207;0.22744908372658915;0.0;0.0;0.20997714767833872;0.21354136788686517;0.0;0.2438537587801942;0.2620486801275068;0.0;0.1776757199786943;0.14725149077583385;0.22089776940422215;0.0;0.18809003262900767;0.3183395842580428;0.0;0.0;0.0;0.0;0.0;0.3183395842580428;0.29221885873822834;0.0;0.15497727049684368;0.0;0.0
GO:0007186;0.33914822171593495;0.4738134049221008;0.22387950702422715;0.22387950702422718;0.0;0.320351491189217;0.0;0.3958776174692267;0.30886342246615606;0.3493523768160281;0.3639602732351778;0.3716314035901572;0.0;0.23904588664053109;0.4255701585775431;0.0;0.5050540147260838;0.29146944005658293;0.0;0.0;0.20171755819334303;0.0;0.4255730330714507;0.33897634980929986;1.0;0.2569560975029328;0.4255708803643182;0.1874723451898795;0.3775755958865269;0.23373112281431396;0.2506004029213473;0.0;0.3200436363024519;0.4480592284527156;0.4255708803643182;0.17794133706755952;0.7861043096265699;0.5603730586737176;0.2405742083652167;0.4825521659611356;0.2709905083581328;0.5603674651380287;0.4738721362479019;0.2934021001514875;0.2337268055673935;0.5284635855699251;0.5597670223472132;0.3511473030722833;0.42341152073995586;0.0;0.3519921888407047;0.26978831340747356;0.5921253669683854;0.3775755484708623;0.22946750361879942;0.23987048810805878;0.31284555483741744;0.2504384027205151;0.8303733106208108;0.23434128842467386;0.2857208316172665;0.2557777195984864;0.36899530658404117;0.28487605156415396;0.2151488315685165;0.3251085005616138;0.30001184159482097;0.0;0.36349270311769516;0.40545692462443633;0.22175609450149456;0.2337268055673935;0.22340184997651663;0.3520563766431882;0.0;0.3295451364802334;0.7861043096265699;0.20074527546289245;0.0;0.29753012890182745;0.20724455362113553;0.0;0.7861043096265699;0.48254140954539615;0.23017476920544852;0.2759958651896789;0.0;0.28487605156415396
GO:0090026;0.1720662027755816;0.34961179747761084;0.23545846911172783;0.23545846911172788;0.0;0.18474180733118267;0.0;0.0;0.2169801504641027;0.14844054356376843;0.6228415489594596;0.15232053805150417;0.0;0.0;0.23969718329467535;0.0;0.23411665228573234;0.3540461469017334;0.0;0.0;0.1919691585480771;0.0;0.1918308375243547;0.19078700943198149;0.2569560975029328;1.0;0.23969736654561608;0.0;0.3609740757912388;0.2422058953577669;0.2838856971199263;0.0;0.718816883682466;0.1962708132685459;0.23969736654561608;0.0;0.24492055292431772;0.24534373354619304;0.0;0.2291631407852692;0.23264001089702924;0.24534266132522572;0.30047691497858314;0.312879754989653;0.24220298190114362;0.28675743165869194;0.48373288713814905;0.17510187934401109;0.4239247088892235;0.0;0.3474352727631134;0.36260910668258256;0.34961607623508445;0.3609740514873946;0.20927738215085828;0.0;0.0;0.2532063364294854;0.25078720360745227;0.21023336380342383;0.0;0.16126344439507012;0.179429652478319;0.0;0.0;0.21039183831755592;0.31705680248457724;0.0;0.3536585644354593;0.2941300795055065;0.0;0.24220298190114362;0.20577989369009608;0.30575869849428366;0.0;0.14474397809075515;0.24492055292431772;0.0;0.0;0.0;0.0;0.0;0.24492055292431772;0.3188883597185141;0.0;0.26819304951556866;0.0;0.0
GO:0032481;0.3787944041209357;0.5078001237041527;0.3744555367005067;0.3744555367005067;0.0;0.2352596998559129;0.0;0.0;0.28426138813695456;0.29974043591952565;0.2643212422771536;0.3159938291890417;0.0;0.0;0.8226310273336934;0.0;0.3540850944613727;0.3304733164014877;0.0;0.0;0.190925734525035;0.0;0.6431917998411306;0.24775093872255322;0.4255708803643182;0.23969736654561608;1.0;0.0;0.3414497982305882;0.38992026405845287;0.23415757029198708;0.0;0.29370422531791335;0.4839415341305357;0.8226322416182144;0.0;0.38628740777262816;0.38760497046833026;0.0;0.34018847466936913;0.2518651808712677;0.38760162653960323;0.4064369109281771;0.271112635146509;0.4739827651011521;0.36838030087356954;0.38724261700672535;0.3127012743129668;0.30291764075459604;0.0;0.3203912264434077;0.2508263639818229;0.5078607943061844;0.34144975945416595;0.21560424975554107;0.0;0.0;0.4159643949129454;0.40495655317885726;0.32361862052022794;0.0;0.19100951720518328;0.3267766545759371;0.0;0.0;0.2918831310526433;0.2767466102649072;0.0;0.32989159388115397;0.29138303115288894;0.0;0.4739827651011521;0.17477680359826847;0.3134219777239974;0.0;0.28504108495551045;0.38628740777262816;0.0;0.0;0.0;0.0;0.0;0.38628740777262816;0.425066518736923;0.0;0.3302043648767651;0.0;0.0
GO:0043312;0.0;0.0;0.0;0.0;0.2740509020701088;0.0;0.0;0.1940115752924505;0.0;0.0;0.0;0.0;0.17731126799900182;0.20032838260582528;0.0;0.0;0.0;0.0;0.20633917787620565;0.1825300581194151;0.0;0.0;0.0;0.0;0.1874723451898795;0.0;0.0;1.0;0.0;0.0;0.0;0.16218126761494547;0.0;0.0;0.0;0.12123963032947926;0.17675747065953681;0.0;0.14738350044507423;0.0;0.0;0.0;0.0;0.0;0.0;0.0;0.0;0.0;0.0;0.0;0.0;0.0;0.0;0.0;0.0;0.14711908182081265;0.17168077911384216;0.0;0.18195124342188715;0.0;0.16317956661298816;0.0;0.0;0.16290367248677912;0.13743354883437237;0.0;0.12100599174645235;0.0;0.13736607867586278;0.0;0.3792310467680876;0.0;0.08454134362182125;0.0;0.30693310715582184;0.176591580447809;0.17675747065953681;0.13141060809790334;0.0;0.1669643473012309;0.1341648743360362;0.18763369431425225;0.17675747065953681;0.0;0.19569633340862339;0.12122786148476694;0.0;0.16290367248677912
GO:0043950;0.23483797795647784;0.5084048971536806;0.252328171964676;0.25232817196467605;0.0;0.23982421141290589;0.0;0.0;0.27992208517981987;0.21576632139790936;0.31606734500702355;0.22406239782128998;0.0;0.0;0.34144942637589465;0.0;0.3302361808842364;0.36680302961661526;0.0;0.0;0.23170948702896485;0.0;0.27326401249365145;0.25011205828379307;0.3775755958865269;0.3609740757912388;0.3414497982305882;0.0;1.0;0.2612467309016884;0.2761795616096059;0.0;0.3334869877854862;0.2823630782048775;0.34144979823058824;0.0;0.352147703556744;0.35302319857149234;0.0;0.32046512425374485;0.29368009033119924;0.35302097863774223;0.36536260013479943;0.31225564137287964;0.2612428549477506;0.6072313244165851;0.35278258258342593;0.24052919631702174;0.2932621778090947;0.0;0.7558920573744178;0.6182765499050642;0.5084247684767385;0.8976625797761849;0.2574051474988362;0.0;0.0;0.2760381467640701;0.3644042442935907;0.22405123998806734;0.0;0.20170260268657766;0.24877148579723932;0.0;0.0;0.2280195991868062;0.3176072589449023;0.0;0.3662707003729538;0.5080433287405168;0.0;0.2612428549477506;0.214430164516121;0.3010803876841258;0.0;0.20804337689244917;0.352147703556744;0.0;0.0;0.0;0.0;0.0;0.352147703556744;0.44593631622191787;0.0;0.2587087697871875;0.0;0.0
GO:1904469;0.19849791687879353;0.22898173840011446;0.8137897013270521;0.8137897013270521;0.0;0.1724237545184738;0.0;0.0;0.2027964859226311;0.13530807030591457;0.22111605531717965;0.1385244722211645;0.0;0.0;0.38991999124803295;0.0;0.21468073036828542;0.18437106274380438;0.0;0.0;0.1822467783778802;0.0;0.26233288402112415;0.17767821482666282;0.23373112281431396;0.2422058953577669;0.38992026405845287;0.0;0.2612467309016884;1.0;0.20867464103567163;0.0;0.27422671740879967;0.22400194074581847;0.389920264058453;0.0;0.2237305820468781;0.22408365227494156;0.0;0.2105082124347675;0.21851322343965304;0.224082757827412;0.18326344100960906;0.22863306394012117;0.8358042520932142;0.21880058701029576;0.2687162617874943;0.16144240368628401;0.23804172787723218;0.0;0.2521348773781703;0.21795044859155496;0.31865647099264505;0.2612467145893107;0.1977753210530989;0.0;0.0;0.8715740253406622;0.22861588362899857;0.19626385696520288;0.0;0.15179716397522036;0.16511422526223146;0.0;0.0;0.23287155359012604;0.23148903511081628;0.0;0.2563092112245324;0.19438435559169087;0.0;0.8358042520932142;0.2438198318535631;0.1616342920326012;0.0;0.1322298578321497;0.2237305820468781;0.0;0.0;0.0;0.0;0.0;0.2237305820468781;0.2929296403785994;0.0;0.254108811343323;0.0;0.0
GO:0042102;0.16849067947262106;0.24514871096837018;0.2029450167107641;0.20294501671076412;0.0;0.18143350639055547;0.0;0.0;0.21317469859003915;0.14485222859763516;0.23351128669332202;0.14854457191534026;0.0;0.0;0.23415739541361524;0.0;0.22882896660462645;0.27099081351447474;0.0;0.0;0.1893903849430224;0.0;0.1873973047849192;0.1872607211128121;0.2506004029213473;0.2838856971199263;0.23415757029198708;0.0;0.2761795616096059;0.20867464103567163;1.0;0.0;0.3233768609489214;0.19163215622054916;0.23415757029198708;0.0;0.23913960489436992;0.23954302785613737;0.0;0.22409442266367585;0.22886355106221926;0.2395420057371165;0.19620319377412096;0.7690836654146949;0.20867216807320574;0.23351567127988876;0.2394322175325454;0.17140043783596343;0.21044398183740676;0.0;0.26601653397448893;0.2925049239368948;0.435736856298553;0.27617954337910466;0.20621634078427545;0.0;0.0;0.21800561851975866;0.24472941830236655;0.17225920362196734;0.0;0.15873684720776074;0.17554501169325723;0.0;0.0;0.16495173791897713;0.7816624291720712;0.0;0.5698640184900816;0.24703213434551985;0.0;0.20867216807320574;0.17768702255336322;0.21443984678459546;0.0;0.14133009998949042;0.23913960489436992;0.0;0.0;0.0;0.0;0.0;0.23913960489436992;0.3118351378523406;0.0;0.21239566787455186;0.0;0.0
GO:0061844;0.0;0.0;0.0;0.0;0.0;0.0;0.7003370818156064;0.0;0.0;0.0;0.0;0.0;0.2601916287561442;0.19939712723658579;0.0;0.2836615284626605;0.0;0.0;0.6511020206612518;0.27158625844266965;0.0;0.0;0.0;0.0;0.0;0.0;0.0;0.16218126761494547;0.0;0.0;0.0;1.0;0.0;0.0;0.0;0.0;0.0;0.0;0.20045938456483914;0.0;0.0;0.0;0.0;0.0;0.0;0.0;0.0;0.0;0.0;0.2977035771020067;0.0;0.0;0.0;0.0;0.0;0.0;0.24824456547922405;0.0;0.0;0.0;0.0;0.0;0.0;0.23030231646673646;0.0;0.0;0.15461745043190242;0.2682988055634597;0.1823706217940965;0.0;0.0;0.0;0.0;0.0;0.0;0.25864482656949106;0.0;0.0;0.0;0.32043761031734086;0.356077776647123;0.47976310662392924;0.0;0.0;0.19318650630562648;0.3242857481821149;0.0;0.23030231646673646
GO:2000406;0.20605164744221727;0.3112051894304446;0.2656090110810259;0.2656090110810259;0.0;0.21524732602674224;0.0;0.0;0.25193544666338363;0.18383615686788832;0.6417368514897807;0.18982445197679262;0.0;0.0;0.2937039501866125;0.0;0.2853691144549343;0.3259405801082202;0.0;0.0;0.21468975594395212;0.0;0.23505288057197862;0.22349837117411905;0.3200436363024519;0.718816883682466;0.29370422531791335;0.0;0.3334869877854862;0.27422671740879967;0.3233768609489214;0.0;1.0;0.24175397367126503;0.2937042253179134;0.0;0.30158496366397475;0.3022268650633112;0.0;0.27804330671356986;0.2668658743858661;0.30222523801649875;0.24907451583824214;0.361540906928728;0.2742229826894103;0.29269504670031576;0.5958212757922617;0.21042014937534062;0.5076120242338109;0.0;0.31878099803358734;0.3409220834173951;0.4330889725343959;0.33348696120436366;0.23657097555155202;0.0;0.0;0.28841323395177143;0.3105298041458954;0.2024552800322614;0.0;0.18403016081370022;0.21670113759773704;0.0;0.0;0.2508847062450309;0.36712988043727685;0.0;0.4171170324653873;0.3006308243220299;0.0;0.2742229826894103;0.22844296290379656;0.26333323521193125;0.0;0.17819998839661982;0.30158496366397475;0.0;0.0;0.0;0.0;0.0;0.30158496366397475;0.3869059112362543;0.0;0.2401456533273057;0.0;0.0
GO:1901509;0.6237921234018126;0.42685225159361617;0.21493750923757945;0.2149375092375795;0.0;0.3616819924468465;0.0;0.0;0.23376709182613573;0.31479863673484904;0.27282612331436495;0.33277507905940146;0.0;0.0;0.48394078715712485;0.0;0.36951598905864336;0.4080486406265948;0.0;0.0;0.1556023873239697;0.0;0.48394376195469097;0.2552078603665932;0.4480592284527156;0.1962708132685459;0.4839415341305357;0.0;0.2823630782048775;0.22400194074581847;0.19163215622054916;0.0;0.24175397367126503;1.0;0.4839415341305357;0.0;0.4047257384664359;0.40617231877073356;0.0;0.4428420524477732;0.2064767750862828;0.40616864680345816;0.42689991717950426;0.22267003238213304;0.22399797543081096;0.385111743350953;0.40577443618124476;0.32467498340618167;0.3141403714913201;0.0;0.26440558152855176;0.20560451225503693;0.4269058184666465;0.2823630450707409;0.1761329009180157;0.0;0.0;0.23930174688756384;0.4252670423086029;0.27770512381410767;0.0;0.1954115726806289;0.339875126357935;0.0;0.0;0.3022890797212039;0.22742143523980357;0.0;0.27249780745474345;0.3017527187548648;0.0;0.22399797543081096;0.14222043149171984;0.3254520053047998;0.0;0.29862511716318296;0.4047257384664359;0.0;0.0;0.0;0.0;0.0;0.4047257384664359;0.3544003488991716;0.0;0.18908402224009868;0.0;0.0
GO:0032757;0.3787944041209357;0.5078001237041527;0.3744555367005067;0.3744555367005067;0.0;0.2352596998559129;0.0;0.0;0.28426138813695456;0.29974043591952565;0.2643212422771536;0.3159938291890417;0.0;0.0;0.8226310273336934;0.0;0.3540850944613727;0.3304733164014877;0.0;0.0;0.190925734525035;0.0;0.5534567142622845;0.24775093872255322;0.4255708803643182;0.23969736654561608;0.8226322416182144;0.0;0.34144979823058824;0.389920264058453;0.23415757029198708;0.0;0.2937042253179134;0.4839415341305357;1.0;0.0;0.38628740777262816;0.38760497046833026;0.0;0.34018847466936913;0.2518651808712677;0.38760162653960323;0.4064369109281771;0.271112635146509;0.38991350454356033;0.36838030087356954;0.38724261700672535;0.3127012743129668;0.30291764075459604;0.0;0.3203912264434077;0.2508263639818229;0.5078607943061844;0.34144975945416595;0.21560424975554107;0.0;0.0;0.4159643949129454;0.40495655317885726;0.32361862052022794;0.0;0.19100951720518328;0.3267766545759371;0.0;0.0;0.2918831310526433;0.2767466102649072;0.0;0.32989159388115397;0.29138303115288894;0.0;0.38991350454356033;0.17477680359826847;0.3134219777239974;0.0;0.28504108495551045;0.38628740777262816;0.0;0.0;0.0;0.0;0.0;0.38628740777262816;0.425066518736923;0.0;0.3302043648767651;0.0;0.0
GO:0043161;0.0;0.0;0.0;0.0;0.0;0.0;0.0;0.18382213729149627;0.0;0.0;0.0;0.0;0.0;0.1408985471844807;0.0;0.0;0.0;0.0;0.0;0.0;0.0;0.7748814871822681;0.0;0.0;0.17794133706755952;0.0;0.0;0.12123963032947926;0.0;0.0;0.0;0.0;0.0;0.0;0.0;1.0;0.16826011609137506;0.0;0.14142812128045754;0.0;0.0;0.0;0.0;0.0;0.0;0.0;0.0;0.0;0.0;0.0;0.0;0.0;0.0;0.0;0.0;0.5681974236252134;0.16365344031874018;0.0;0.17295988729763354;0.0;0.1559107035950933;0.0;0.0;0.15565882255590394;0.5746584931164198;0.0;0.0;0.0;0.0;0.0;0.13470794824111992;0.0;0.0825474697180067;0.0;0.0;0.0;0.16826011609137506;0.919144224336573;0.0;0.15936224079784003;0.12921189954970774;0.0;0.16826011609137506;0.0;0.1377688882881132;0.08664133974715837;0.5192242434914237;0.15565882255590394
