;GO:0016525;GO:0060760;GO:0050717;GO:0050718;GO:0015031;GO:1901740;GO:0009597;GO:0045444;GO:0051091;GO:0032091;GO:0010819;GO:0051882;GO:0002479;GO:0010818;GO:0032725;GO:0001666;GO:0030308;GO:0002636;GO:0051607;GO:0019885;GO:0006919;GO:0010499;GO:0032480;GO:0045859;GO:0007186;GO:0090026;GO:0032481;GO:0043312;GO:0043950;GO:1904469;GO:0042102;GO:0061844;GO:2000406;GO:1901509;GO:0032757;GO:0043161;GO:0033209;GO:0032956;GO:0071360;GO:0045662;GO:0030816;GO:0010506;GO:0050727;GO:0030890;GO:0035549;GO:0010469;GO:0030334;GO:0052548;GO:0030336;GO:0033280;GO:1903265;GO:0060340;GO:0008284;GO:0043123;GO:0045944;GO:0043687;GO:0034605;GO:2000778;GO:0019221;GO:0002737;GO:1990668;GO:0010951;GO:0045071;GO:0035457;GO:0016579;GO:1901253;GO:0031295;GO:0033198;GO:0031296;GO:0060338;GO:0048305;GO:1902741;GO:0051281;GO:0002230;GO:0046967;GO:0001782;GO:0060337;GO:0006511;GO:0007517;GO:0071260;GO:0071222;GO:0045087;GO:0070098;GO:0043065;GO:0030593;GO:0039529;GO:0016540;GO:0071346
GO:0016525;1.0;0.36237721534739525;0.32585611118057495;0.32585611118057495;0.0;0.47068653938127614;0.0;0.0;0.35420337438008315;0.3246228159928886;0.27135246453883716;0.2495720758280771;0.0;0.0;0.3754894517941553;0.0;0.44229423228316617;0.49231901645371773;0.0;0.0;0.24454990997717646;0.0;0.5091255834176868;0.3503008932338448;0.3996211583248337;0.25452279955392026;0.4059066296412254;0.0;0.29360007150994094;0.32585611118057495;0.29641846794599364;0.0;0.305011794508671;0.5189934043545109;0.3853341747100316;0.0;0.31400086308337694;0.39737832725669947;0.0;0.48751620436619303;0.28401558389076614;0.36349340784987755;0.40551057287671627;0.240511531005056;0.32585611118057495;0.3894167240266139;0.4180624149096624;0.32613182624651277;0.44933856381844695;0.0;0.25452279955392026;0.25452279955392026;0.39763800967018964;0.28119718745471345;0.35396816189306474;0.0;0.0;0.34134484997384323;0.3863293869291936;0.41634529510800705;0.0;0.35690692406447666;0.35486024412750783;0.0;0.0;0.36513084942762225;0.27135246453883716;0.0;0.25452279955392026;0.3036708683170224;0.0;0.32585611118057495;0.29668592624798173;0.27001153834718855;0.0;0.25239047226412975;0.28732647518258375;0.0;0.0;0.0;0.0;0.0;0.35464513512225143;0.36483433404152615;0.0;0.35865978680923843;0.0;0.0
GO:0060760;0.36237721534739525;1.0;0.3720390284798914;0.3720390284798914;0.0;0.31513037251540826;0.0;0.0;0.5211833948571314;0.36791545211898136;0.4089672415344607;0.2928647119541699;0.0;0.0;0.4311599868197373;0.0;0.4119238117364646;0.5121171292493181;0.0;0.0;0.3715537566294131;0.0;0.36561936747015894;0.39211605911553354;0.44705511202317055;0.4853145746876575;0.46157716466680737;0.0;0.5511944012053387;0.3720390284798914;0.42794596542082897;0.0;0.4421580798001545;0.3614348167817138;0.4410047097356135;0.0;0.3614348167817138;0.4448122809550364;0.0;0.33196003750032516;0.4155430813656015;0.4086122420180972;0.5794155221602659;0.3720390284798914;0.3720390284798914;0.5633216733101635;0.4654963686079993;0.36794699212820153;0.4189681432717453;0.0;0.7634455060996113;0.7634455060996113;0.5514444108840868;0.5387915171501112;0.4854956593679001;0.0;0.0;0.3916690848454038;0.43376334062753047;0.3921375765495438;0.0;0.326536503517775;0.3244898235808062;0.0;0.0;0.33476042888092067;0.3888686934648083;0.0;0.3720390284798914;0.7007345253560788;0.0;0.3720390284798914;0.3987134163806845;0.4117676329150562;0.0;0.2942056381458185;0.33476042888092067;0.0;0.0;0.0;0.0;0.0;0.4020790888205883;0.5019806193330096;0.0;0.4626533376982409;0.0;0.0
GO:0050717;0.32585611118057495;0.3720390284798914;1.0;0.7851474704628364;0.0;0.209731877021625;0.0;0.0;0.3638651875125793;0.2505734185992409;0.28792540132068833;0.17552267843442942;0.0;0.0;0.5346988954740076;0.0;0.31639526721930145;0.2969882883150799;0.0;0.0;0.286570393352223;0.0;0.46616823262423107;0.3067299532376173;0.35152656750600747;0.29789829089743214;0.5651160733210777;0.0;0.32282926887219104;0.641878187198406;0.32564766530824374;0.0;0.34838728585218287;0.33808733187804463;0.544543618389884;0.0;0.2504175334712824;0.34928373643787325;0.0;0.24057281055540614;0.31324478125301625;0.31722501507317824;0.3254600544160658;0.2697407283673061;0.641878187198406;0.3258333944145194;0.4286342306245108;0.2543268549207412;0.387724793104905;0.0;0.28375199691617037;0.28375199691617037;0.44649726339795215;0.31042638481696355;0.38319735925531484;0.0;0.0;0.641878187198406;0.3227460573170991;0.37873424446857273;0.0;0.24339482370773496;0.20714779006106576;0.0;0.0;0.31434086218458357;0.286570393352223;0.0;0.2697407283673061;0.24339120699145883;0.0;0.641878187198406;0.42991416068856775;0.19326468817306902;0.0;0.18058550093835818;0.22374314557048924;0.0;0.0;0.0;0.0;0.0;0.2910618055101569;0.40955227019704454;0.0;0.49106667592743014;0.0;0.0
GO:0050718;0.32585611118057495;0.3720390284798914;0.7851474704628364;1.0;0.0;0.209731877021625;0.0;0.0;0.3638651875125793;0.2505734185992409;0.28792540132068833;0.17552267843442942;0.0;0.0;0.5346988954740076;0.0;0.31639526721930145;0.2969882883150799;0.0;0.0;0.286570393352223;0.0;0.46616823262423107;0.3067299532376173;0.35152656750600747;0.29789829089743214;0.5651160733210777;0.0;0.32282926887219104;0.641878187198406;0.32564766530824374;0.0;0.34838728585218287;0.33808733187804463;0.544543618389884;0.0;0.2504175334712824;0.34928373643787325;0.0;0.24057281055540614;0.31324478125301625;0.31722501507317824;0.3254600544160658;0.2697407283673061;0.641878187198406;0.3258333944145194;0.4286342306245108;0.2543268549207412;0.387724793104905;0.0;0.28375199691617037;0.28375199691617037;0.44649726339795215;0.31042638481696355;0.38319735925531484;0.0;0.0;0.641878187198406;0.3227460573170991;0.37873424446857273;0.0;0.24339482370773496;0.20714779006106576;0.0;0.0;0.31434086218458357;0.286570393352223;0.0;0.2697407283673061;0.24339120699145883;0.0;0.641878187198406;0.42991416068856775;0.19326468817306902;0.0;0.18058550093835818;0.22374314557048924;0.0;0.0;0.0;0.0;0.0;0.2910618055101569;0.40955227019704454;0.0;0.49106667592743014;0.0;0.0
GO:0015031;0.0;0.0;0.0;0.0;1.0;0.0;0.0;0.0;0.0;0.0;0.0;0.0;0.0;0.0;0.0;0.0;0.0;0.0;0.0;0.0;0.0;0.0;0.0;0.0;0.0;0.0;0.0;0.5089636255544316;0.0;0.0;0.0;0.0;0.0;0.0;0.0;0.0;0.0;0.0;0.0;0.0;0.0;0.0;0.0;0.0;0.0;0.0;0.0;0.0;0.0;0.0;0.0;0.0;0.0;0.0;0.0;0.0;0.0;0.0;0.0;0.0;0.0;0.0;0.0;0.0;0.0;0.0;0.0;0.0;0.0;0.0;0.7251533395853249;0.0;0.0;0.0;0.5357661801160922;0.0;0.0;0.0;0.0;0.0;0.0;0.0;0.0;0.0;0.0;0.0;0.0;0.0
GO:1901740;0.47068653938127614;0.31513037251540826;0.209731877021625;0.209731877021625;0.0;1.0;0.0;0.0;0.3234237203966521;0.2773759731609016;0.24057281055540614;0.20232523299609012;0.0;0.0;0.23959436050011845;0.0;0.49001333325238255;0.41826961906007015;0.0;0.0;0.22656154200654188;0.0;0.368373001550386;0.333532507799278;0.3884715607069151;0.22374314557048924;0.27001153834718855;0.0;0.2628204175265099;0.22374314557048924;0.2656388139625626;0.0;0.27423214052524;0.44494400696086334;0.24943908341599474;0.0;0.2832212090999459;0.4734380109198772;0.0;0.5013498550482695;0.2532359299073351;0.3500286907018417;0.3582637300447293;0.209731877021625;0.22374314557048924;0.3586370700431829;0.3872827609262314;0.2788849834145258;0.4396793153935017;0.0;0.22374314557048924;0.22374314557048924;0.386488412052271;0.2504175334712824;0.3231885079096337;0.0;0.0;0.22374314557048924;0.3555497329457626;0.28093901339472765;0.0;0.35711762661615154;0.32492833813091604;0.0;0.0;0.34054524358505184;0.24057281055540614;0.0;0.22374314557048924;0.27289121433359137;0.0;0.22374314557048924;0.2832212090999459;0.22276469551520156;0.0;0.20514362943214276;0.25654682119915273;0.0;0.0;0.0;0.0;0.0;0.3238654811388204;0.3495434188513634;0.0;0.25654682119915273;0.0;0.0
GO:0009597;0.0;0.0;0.0;0.0;0.0;0.0;1.0;0.0;0.0;0.0;0.0;0.0;0.0;0.0;0.0;0.36609056871016515;0.0;0.0;0.7440025606004488;0.0;0.0;0.0;0.0;0.0;0.0;0.0;0.0;0.0;0.0;0.0;0.0;0.473188790072742;0.0;0.0;0.0;0.0;0.0;0.0;0.2720287817006504;0.0;0.0;0.0;0.0;0.0;0.0;0.0;0.0;0.0;0.0;0.37782778594382693;0.0;0.0;0.0;0.0;0.0;0.0;0.34060606099880364;0.0;0.0;0.0;0.0;0.0;0.0;0.2720287817006504;0.0;0.0;0.0;0.37782778594382693;0.0;0.0;0.0;0.0;0.0;0.0;0.0;0.0;0.0;0.0;0.0;0.39794311415981765;0.4689429675167578;0.3988668895805577;0.0;0.0;0.0;0.710343230630615;0.0;0.36113501923310715
GO:0045444;0.0;0.0;0.0;0.0;0.0;0.0;0.0;1.0;0.0;0.0;0.0;0.0;0.0;0.38321896838119746;0.0;0.0;0.0;0.0;0.0;0.0;0.0;0.0;0.0;0.0;0.4564363795674267;0.0;0.0;0.3173391418635162;0.0;0.0;0.0;0.0;0.0;0.0;0.0;0.4044754142958038;0.37081608432596996;0.0;0.257732911673192;0.0;0.0;0.0;0.0;0.0;0.0;0.0;0.0;0.0;0.0;0.0;0.0;0.0;0.0;0.0;0.0;0.3460537735895756;0.3337551768301203;0.0;0.44314460817178664;0.0;0.3440135297643094;0.0;0.0;0.257732911673192;0.2955515642707271;0.0;0.0;0.0;0.0;0.0;0.33416880684843314;0.0;0.2689185607807169;0.0;0.0;0.0;0.3441416964251768;0.40989335628199064;0.46084627060978894;0.2750478485085872;0.3173391418635162;0.0;0.4114603563648444;0.0;0.3441416964251768;0.3441416964251768;0.0;0.3173391418635162
GO:0051091;0.35420337438008315;0.5211833948571314;0.3638651875125793;0.3638651875125793;0.0;0.3234237203966521;0.0;0.0;1.0;0.5226360999635438;0.3206233290160566;0.2823757514567406;0.0;0.0;0.43015864404857335;0.0;0.4232483402416126;0.44613265469231994;0.0;0.0;0.47476151138944583;0.0;0.3574455265028469;0.5347134850381045;0.45837964052831864;0.38652642450199587;0.46057582189564344;0.0;0.42560369645801654;0.3638651875125793;0.4197721244535169;0.0;0.4370154194567466;0.3562921564383059;0.44000336696444964;0.0;0.3727593452868619;0.4561368094601844;0.0;0.340253385381569;0.4690529066564518;0.4667084206351984;0.44780186623164525;0.3638651875125793;0.3638651875125793;0.6092818388330865;0.47682089711314735;0.5105444180507724;0.4272614911529892;0.0;0.38652642450199587;0.38652642450199587;0.5564441891799259;0.41320081240278905;0.6262660316702737;0.0;0.0;0.38652642450199587;0.44508786913267856;0.27001153834718855;0.0;0.46351514162369784;0.31400086308337694;0.0;0.0;0.32961776853751273;0.3806948524974962;0.0;0.3638651875125793;0.35708305036648597;0.0;0.3638651875125793;0.3905395754133725;0.30695653154809616;0.0;0.2818904796062623;0.3460849573860687;0.0;0.0;0.0;0.0;0.0;0.4134036173257364;0.49683795898960176;0.0;0.38652642450199587;0.0;0.0
GO:0032091;0.3246228159928886;0.36791545211898136;0.2505734185992409;0.2505734185992409;0.0;0.2773759731609016;0.0;0.0;0.5226360999635438;1.0;0.28019436959695426;0.2928647119541699;0.0;0.0;0.2942056381458185;0.0;0.3700280948097138;0.2928647119541699;0.0;0.0;0.3903213985712205;0.0;0.3278649681156523;0.5428873260054166;0.4421043882973274;0.26336470461203737;0.3246228159928886;0.0;0.302441976568058;0.2505734185992409;0.3064803555401785;0.0;0.31385369956678805;0.31953909985496304;0.30405036106169475;0.0;0.35648409305587064;0.40291656402828563;0.0;0.2942056381458185;0.294077471484951;0.37085784266359056;0.4110488096483024;0.2505734185992409;0.2505734185992409;0.6042820605372474;0.42360065168124855;0.5187182590180845;0.38121374391723867;0.0;0.26336470461203737;0.26336470461203737;0.4031762464417758;0.2900390925128305;0.36403004948724965;0.0;0.0;0.26336470461203737;0.4288126169016873;0.2505734185992409;0.0;0.5630254800310245;0.2900390925128305;0.0;0.0;0.2928647119541699;0.3096943769390868;0.0;0.2928647119541699;0.3110353031307354;0.0;0.2505734185992409;0.31953909985496304;0.2773759731609016;0.0;0.2942056381458185;0.3298097051550775;0.0;0.0;0.0;0.0;0.0;0.39712836509474514;0.37367623909964326;0.0;0.3298097051550775;0.0;0.0
GO:0010819;0.27135246453883716;0.4089672415344607;0.28792540132068833;0.28792540132068833;0.0;0.24057281055540614;0.0;0.0;0.3206233290160566;0.28019436959695426;1.0;0.20514362943214276;0.0;0.0;0.24093528669176711;0.0;0.33322493220421834;0.3525316527972966;0.0;0.0;0.21883307849767425;0.0;0.27459461666160095;0.32355961822253426;0.3683562324909244;0.6035892184329801;0.27135246453883716;0.0;0.3401900976970064;0.28792540132068833;0.39294985094496593;0.0;0.7535548416861805;0.2662687484009117;0.2507800096076434;0.0;0.28273593724946766;0.3661134014227902;0.0;0.2574024755403231;0.25727430887945557;0.33405468005809513;0.5713092973588574;0.3370429140040283;0.28792540132068833;0.43600675021367935;0.6494950025386685;0.2829233623866462;0.5957942790062665;0.0;0.3011128257409857;0.3525316527972966;0.3663730838362803;0.32778721364177893;0.32722688688175416;0.0;0.0;0.3007166873334848;0.35506446109528433;0.3370429140040283;0.0;0.2602244886926519;0.23676874105877915;0.0;0.0;0.3302166946756173;0.35387257898894525;0.0;0.3370429140040283;0.4035059196025257;0.0;0.28792540132068833;0.34140234378314227;0.41083390630979594;0.0;0.20918200840426326;0.2560615493486744;0.0;0.0;0.0;0.0;0.0;0.3233802092883421;0.33687307649414777;0.0;0.3525316527972966;0.0;0.0
GO:0051882;0.2495720758280771;0.2928647119541699;0.17552267843442942;0.17552267843442942;0.0;0.20232523299609012;0.0;0.0;0.2823757514567406;0.2928647119541699;0.20514362943214276;1.0;0.0;0.0;0.219154897981007;0.0;0.2949773546449023;0.2178139717893584;0.0;0.0;0.18058550093835818;0.0;0.25281422795084085;0.3121145952248789;0.36705364813251595;0.18831396444722587;0.2495720758280771;0.0;0.22739123640324654;0.17552267843442942;0.23142961537536705;0.0;0.2388029594019766;0.2444883596901516;0.2289996208968833;0.0;0.2814333528910592;0.3278658238634741;0.0;0.219154897981007;0.21902673132013956;0.2958071024987791;0.3359980694834909;0.17552267843442942;0.17552267843442942;0.3568492138342962;0.34854991151643705;0.2879455282375469;0.3061630037524272;0.0;0.18831396444722587;0.18831396444722587;0.3281255062769643;0.21498835234801905;0.28897930932243815;0.0;0.0;0.18831396444722587;0.35376187673687587;0.17552267843442942;0.0;0.24653503962712042;0.21498835234801905;0.0;0.0;0.2178139717893584;0.2346436367742753;0.0;0.2178139717893584;0.23598456296592396;0.0;0.17552267843442942;0.3790045959402334;0.20232523299609012;0.0;0.3322148798234495;0.254758964990266;0.0;0.0;0.0;0.0;0.0;0.3220776249299337;0.29862549893483176;0.0;0.254758964990266;0.0;0.0
GO:0002479;0.0;0.0;0.0;0.0;0.0;0.0;0.0;0.0;0.0;0.0;0.0;0.0;1.0;0.4249847482728885;0.0;0.0;0.0;0.0;0.4195668062867017;0.7285846732623418;0.0;0.0;0.0;0.0;0.0;0.0;0.0;0.40553753268238024;0.0;0.0;0.0;0.35310380068820435;0.0;0.0;0.0;0.0;0.0;0.0;0.0;0.0;0.0;0.0;0.0;0.0;0.0;0.0;0.0;0.0;0.0;0.0;0.0;0.0;0.0;0.0;0.0;0.0;0.0;0.0;0.0;0.0;0.0;0.0;0.0;0.0;0.0;0.0;0.40273714130178473;0.0;0.38590747631686784;0.0;0.0;0.0;0.0;0.0;0.0;0.38542220446638953;0.0;0.0;0.0;0.0;0.0;0.4659306400192474;0.0;0.0;0.38590747631686784;0.40553753268238024;0.0;0.0
GO:0010818;0.0;0.0;0.0;0.0;0.0;0.0;0.0;0.38321896838119746;0.0;0.0;0.0;0.0;0.4249847482728885;1.0;0.0;0.0;0.0;0.0;0.5277379261593119;0.4836920765944216;0.0;0.0;0.0;0.0;0.536949290537206;0.0;0.0;0.5691735651730705;0.0;0.0;0.0;0.4446148046384009;0.0;0.0;0.0;0.4849883252655831;0.45132899529574927;0.0;0.30009584686028645;0.0;0.0;0.0;0.0;0.0;0.0;0.0;0.0;0.0;0.0;0.0;0.0;0.0;0.0;0.0;0.0;0.38841670877667006;0.3886369103673843;0.0;0.523657519141566;0.0;0.45132899529574927;0.0;0.0;0.30009584686028645;0.34778445043444167;0.0;0.510908261174395;0.0;0.4940785961894781;0.0;0.44148427237987303;0.0;0.32677023476107964;0.0;0.0;0.48410570661273444;0.4246546073949561;0.49040626725176995;0.0;0.32275708384970303;0.4246546073949561;0.5741017598918576;0.4919732673346237;0.0;0.7212644303963607;0.5691735651730705;0.0;0.4246546073949561
GO:0032725;0.3754894517941553;0.4311599868197373;0.5346988954740076;0.5346988954740076;0.0;0.23959436050011845;0.0;0.0;0.43015864404857335;0.2942056381458185;0.24093528669176711;0.219154897981007;0.0;0.0;1.0;0.0;0.33407268019105757;0.35610924665492577;0.0;0.0;0.29784394265625025;0.0;0.5324616891602252;0.31988371538677474;0.36920398047776365;0.3138179532999968;0.6570407072895871;0.0;0.3528952252560175;0.5346988954740076;0.3524099534055392;0.0;0.3643069482547476;0.39720829021789056;0.6364682523583933;0.0;0.2835836852363069;0.36696114940962943;0.0;0.2564240254850354;0.3400070693503117;0.33307623000280745;0.37509339502964617;0.2965030164646016;0.5346988954740076;0.3589995461795438;0.38764523706259235;0.29571464839944267;0.3434321312564556;0.0;0.3138179532999968;0.3138179532999968;0.46642078114253166;0.34049234120079;0.4099596473526103;0.0;0.0;0.5675025711026711;0.35591220908212357;0.43250890265439723;0.0;0.2555241423250841;0.2507800096076434;0.0;0.0;0.25690929733551365;0.31333268144951854;0.0;0.2965030164646016;0.27325369046995235;0.0;0.5346988954740076;0.3231774043653948;0.23959436050011845;0.0;0.2219732944170597;0.25690929733551365;0.0;0.0;0.0;0.0;0.0;0.32422795727518133;0.4241294877876027;0.0;0.5675025711026711;0.0;0.0
GO:0001666;0.0;0.0;0.0;0.0;0.0;0.0;0.36609056871016515;0.0;0.0;0.0;0.0;0.0;0.0;0.0;0.0;1.0;0.0;0.0;0.54156353988611;0.0;0.0;0.0;0.0;0.0;0.0;0.0;0.0;0.0;0.0;0.0;0.0;0.38572062507567756;0.0;0.0;0.0;0.0;0.0;0.0;0.36609056871016515;0.0;0.0;0.0;0.0;0.0;0.0;0.0;0.0;0.0;0.0;0.42521152705001103;0.0;0.0;0.0;0.0;0.0;0.0;0.6117601516266244;0.0;0.0;0.0;0.0;0.0;0.0;0.36609056871016515;0.0;0.0;0.0;0.42521152705001103;0.0;0.0;0.0;0.0;0.0;0.0;0.0;0.0;0.0;0.0;0.0;0.5130766494802798;0.4679880922554182;0.6207310492473191;0.0;0.0;0.0;0.4679880922554182;0.0;0.4679880922554182
GO:0030308;0.44229423228316617;0.4119238117364646;0.31639526721930145;0.31639526721930145;0.0;0.49001333325238255;0.0;0.0;0.4232483402416126;0.3700280948097138;0.33322493220421834;0.2949773546449023;0.0;0.0;0.33407268019105757;0.0;1.0;0.3368730715716531;0.0;0.0;0.33322493220421834;0.0;0.4681976213953465;0.4434995662834854;0.5150987351135361;0.31639526721930145;0.36448985803812767;0.0;0.3727874760107173;0.33371020405469665;0.37230220416023907;0.0;0.3668842621740522;0.36354745947244627;0.34391740310693386;0.0;0.38001464832100224;0.6000651853264982;0.0;0.512102059657366;0.3598993201050116;0.4694833669123146;0.4550571692657856;0.31639526721930145;0.33371020405469665;0.4780917462536558;0.5067374371367043;0.37005963481893395;0.5663064898001228;0.0;0.33371020405469665;0.33371020405469665;0.5131155864588921;0.36038459195548983;0.42985189810731017;0.0;0.0;0.33371020405469665;0.4750044091562355;0.37541733308566677;0.0;0.47122600267260306;0.42172177735197236;0.0;0.0;0.44451118100225634;0.33322493220421834;0.0;0.31639526721930145;0.3869995903900429;0.0;0.33371020405469665;0.4026758853104188;0.3172430152061407;0.0;0.29631828083655093;0.35334026042020905;0.0;0.0;0.0;0.0;0.0;0.42065892035987673;0.46365179490781494;0.0;0.35334026042020905;0.0;0.0
GO:0002636;0.49231901645371773;0.5121171292493181;0.2969882883150799;0.2969882883150799;0.0;0.41826961906007015;0.0;0.0;0.44613265469231994;0.2928647119541699;0.3525316527972966;0.2178139717893584;0.0;0.0;0.35610924665492577;0.0;0.3368730715716531;1.0;0.0;0.0;0.2965030164646016;0.0;0.2905686273053475;0.31706531895072204;0.3720043718583591;0.4180328332453223;0.38652642450199587;0.0;0.4266798694894501;0.2969882883150799;0.45430971382074753;0.0;0.46852182820007304;0.4717465615225239;0.36595396957080206;0.0;0.28638407661690235;0.3697615407902249;0.0;0.3836283700053101;0.34049234120079;0.33356150185328576;0.4549009904443772;0.3984027768798099;0.2969882883150799;0.43880714159427486;0.3904456284431878;0.29289625196339003;0.34391740310693386;0.0;0.3876025975334294;0.4669461810655522;0.47639367071927535;0.4142769854342226;0.4104449192030886;0.0;0.0;0.3166183446805923;0.358712600462719;0.3666814572511049;0.0;0.2514857633529636;0.24943908341599474;0.0;0.0;0.25970968871610917;0.4152324418647268;0.0;0.3984027768798099;0.43728578042184635;0.0;0.2969882883150799;0.3236626762158731;0.3530169246477749;0.0;0.219154897981007;0.25970968871610917;0.0;0.0;0.0;0.0;0.0;0.32702834865577685;0.4269298791681982;0.0;0.4442849440761356;0.0;0.0
GO:0051607;0.0;0.0;0.0;0.0;0.0;0.0;0.7440025606004488;0.0;0.0;0.0;0.0;0.0;0.4195668062867017;0.5277379261593119;0.0;0.54156353988611;0.0;0.0;1.0;0.47827413460823476;0.0;0.0;0.0;0.0;0.0;0.0;0.0;0.6325367896316534;0.0;0.0;0.0;0.5068481200425758;0.0;0.0;0.0;0.0;0.0;0.0;0.3196993802193485;0.0;0.0;0.0;0.0;0.0;0.0;0.0;0.0;0.0;0.0;0.42880205274905603;0.0;0.0;0.0;0.0;0.0;0.0;0.5065914144484831;0.0;0.0;0.0;0.0;0.0;0.0;0.3196993802193485;0.0;0.0;0.5054903191882082;0.42880205274905603;0.48866065420329124;0.0;0.0;0.0;0.0;0.0;0.0;0.4786877646265476;0.0;0.0;0.0;0.4316024441296515;0.5026022974865916;0.6892643776064954;0.0;0.0;0.48866065420329124;0.7440025606004488;0.0;0.42159690376460157
GO:0019885;0.0;0.0;0.0;0.0;0.0;0.0;0.0;0.0;0.0;0.0;0.0;0.0;0.7285846732623418;0.4836920765944216;0.0;0.0;0.0;0.0;0.47827413460823476;1.0;0.0;0.0;0.0;0.0;0.0;0.0;0.0;0.4672760416278175;0.0;0.0;0.0;0.4076698114374933;0.0;0.0;0.0;0.0;0.0;0.0;0.0;0.0;0.0;0.0;0.0;0.0;0.0;0.0;0.0;0.0;0.0;0.0;0.0;0.0;0.0;0.0;0.0;0.0;0.0;0.0;0.0;0.0;0.0;0.0;0.0;0.0;0.0;0.0;0.46144446962331787;0.0;0.4446148046384009;0.0;0.0;0.0;0.0;0.0;0.0;0.44181441325780546;0.0;0.0;0.0;0.0;0.0;0.5246379683407805;0.0;0.0;0.4446148046384009;0.4672760416278175;0.0;0.0
GO:0006919;0.24454990997717646;0.3715537566294131;0.286570393352223;0.286570393352223;0.0;0.22656154200654188;0.0;0.0;0.47476151138944583;0.3903213985712205;0.21883307849767425;0.18058550093835818;0.0;0.0;0.29784394265625025;0.0;0.33322493220421834;0.2965030164646016;0.0;0.0;1.0;0.0;0.24779206209994026;0.46133819237610985;0.3683562324909244;0.286570393352223;0.3282611205033203;0.0;0.339658933857108;0.30058166190108726;0.34247733029316063;0.0;0.3370593883069738;0.23676874105877915;0.30768866557212654;0.0;0.2532359299073351;0.3661134014227902;0.0;0.2574024755403231;0.38867518727911965;0.3838575107939524;0.32827845085211843;0.286570393352223;0.30058166190108726;0.44416346181209987;0.37130875028248483;0.6946106470242904;0.33039931276287904;0.0;0.30058166190108726;0.30058166190108726;0.46332692838286904;0.3272560498018805;0.45121764134596404;0.0;0.0;0.30058166190108726;0.33957572230201605;0.174641830155773;0.0;0.6404088724010677;0.21221061256499457;0.0;0.0;0.2100943531579859;0.30340005833713996;0.0;0.286570393352223;0.2602208719763758;0.0;0.30058166190108726;0.360059725430544;0.19730306714518947;0.0;0.1865207714148468;0.22656154200654188;0.0;0.0;0.0;0.0;0.0;0.29388020194620956;0.7450143767617338;0.0;0.26700300912246905;0.0;0.0
GO:0010499;0.0;0.0;0.0;0.0;0.0;0.0;0.0;0.0;0.0;0.0;0.0;0.0;0.0;0.0;0.0;0.0;0.0;0.0;0.0;0.0;0.0;1.0;0.0;0.0;0.0;0.0;0.0;0.0;0.0;0.0;0.0;0.0;0.0;0.0;0.0;0.7641926442557145;0.0;0.0;0.0;0.0;0.0;0.0;0.0;0.0;0.0;0.0;0.0;0.0;0.0;0.0;0.0;0.0;0.0;0.0;0.0;0.5089060593286395;0.0;0.0;0.0;0.0;0.0;0.0;0.0;0.0;0.6066089999136188;0.0;0.0;0.0;0.0;0.0;0.0;0.0;0.0;0.0;0.0;0.0;0.0;0.7302316945783962;0.0;0.0;0.0;0.0;0.0;0.0;0.0;0.0;0.6143853089575435;0.0
GO:0032480;0.5091255834176868;0.36561936747015894;0.46616823262423107;0.46616823262423107;0.0;0.368373001550386;0.0;0.0;0.3574455265028469;0.3278649681156523;0.27459461666160095;0.25281422795084085;0.0;0.0;0.5324616891602252;0.0;0.4681976213953465;0.2905686273053475;0.0;0.0;0.24779206209994026;0.0;1.0;0.3535430453566086;0.40286331044759743;0.257764951676684;0.7861306037215375;0.0;0.2968422236327047;0.46616823262423107;0.2996606200687573;0.0;0.30825394663143474;0.43086762018772434;0.5423064120761014;0.0;0.3172430152061407;0.40062047937946327;0.0;0.38520266653530294;0.28725773601352983;0.36673555997264123;0.40875272499948;0.24375368312781975;0.6637887919059581;0.3926588761493776;0.4213045670324262;0.3293739783692765;0.4722107723067231;0.0;0.257764951676684;0.257764951676684;0.4008801617929534;0.2844393395774772;0.3572103140158285;0.0;0.0;0.48882946961364765;0.38957153905195735;0.5705730786400782;0.0;0.37416034473610466;0.37541733308566677;0.0;0.0;0.39103423853980257;0.27459461666160095;0.0;0.257764951676684;0.30691302043978613;0.0;0.6637887919059581;0.2999280783707455;0.2732536904699523;0.0;0.25563262438689355;0.2905686273053475;0.0;0.0;0.0;0.0;0.0;0.3578872872450151;0.3680764861642899;0.0;0.48882946961364765;0.0;0.0
GO:0045859;0.3503008932338448;0.39211605911553354;0.3067299532376173;0.3067299532376173;0.0;0.333532507799278;0.0;0.0;0.5347134850381045;0.5428873260054166;0.32355961822253426;0.3121145952248789;0.0;0.0;0.31988371538677474;0.0;0.4434995662834854;0.31706531895072204;0.0;0.0;0.46133819237610985;0.0;0.3535430453566086;1.0;0.4786308665701915;0.3067299532376173;0.3503008932338448;0.0;0.3585985112064345;0.31952123925041376;0.36263689017855494;0.0;0.3572189481923681;0.3437397068515153;0.32972843830265103;0.0;0.39301057132873474;0.47638803550205727;0.0;0.36585091157746324;0.5511511789957626;0.5292509400320002;0.43524941664485456;0.3067299532376173;0.31952123925041376;0.6122181280395642;0.479757186319625;0.5965738231756899;0.43737027855561517;0.0;0.31952123925041376;0.31952123925041376;0.4766477179155474;0.346195627151207;0.5131871300815206;0.0;0.0;0.31952123925041376;0.4653390951745514;0.2784959219080732;0.0;0.5495445467486153;0.3169371522898546;0.0;0.0;0.31706531895072204;0.35036217278419496;0.0;0.333532507799278;0.3671918377691119;0.0;0.31952123925041376;0.37569563449333954;0.3030540504018578;0.0;0.3149329916609316;0.3663361834279415;0.0;0.0;0.0;0.0;0.0;0.4336548433676092;0.4438440422868839;0.0;0.3663361834279415;0.0;0.0
GO:0007186;0.3996211583248337;0.44705511202317055;0.35152656750600747;0.35152656750600747;0.0;0.3884715607069151;0.0;0.4564363795674267;0.45837964052831864;0.4421043882973274;0.3683562324909244;0.36705364813251595;0.0;0.536949290537206;0.36920398047776365;0.0;0.5150987351135361;0.3720043718583591;0.0;0.0;0.3683562324909244;0.0;0.40286331044759743;0.4786308665701915;1.0;0.35152656750600747;0.3996211583248337;0.49787201858118535;0.40791877629742335;0.36884150434140267;0.40743350444694504;0.0;0.4020155624607582;0.3986787597591523;0.3790487033936399;0.5582057364518124;0.6575060695830275;0.547987204332108;0.3733132580465157;0.4279624626812486;0.39503062039171755;0.5046146671990206;0.4901884695524916;0.35152656750600747;0.36884150434140267;0.5400256011020224;0.5418687374234104;0.43799461073430346;0.4923093314632522;0.0;0.36884150434140267;0.36884150434140267;0.5482468867455981;0.39551589224219585;0.4649831983940162;0.4616341199628993;0.46185432155361356;0.36884150434140267;0.7298345934288442;0.3195706398641832;0.5245464064819785;0.409747642685902;0.3617337665582447;0.3733132580465157;0.42100186162067094;0.3720043718583591;0.4547650172429092;0.0;0.43793535225799224;0.4221308906767489;0.5147016835661022;0.36884150434140267;0.43780718559712484;0.3523743154928467;0.0;0.4065445501068495;0.6308316816822342;0.5636236784379992;0.0;0.3959744950359323;0.49787201858118535;0.0;0.6981503416219019;0.49878309519452096;0.49787201858118535;0.6308316816822342;0.0;0.49787201858118535
GO:0090026;0.25452279955392026;0.4853145746876575;0.29789829089743214;0.29789829089743214;0.0;0.22374314557048924;0.0;0.0;0.38652642450199587;0.26336470461203737;0.6035892184329801;0.18831396444722587;0.0;0.0;0.3138179532999968;0.0;0.31639526721930145;0.4180328332453223;0.0;0.0;0.286570393352223;0.0;0.257764951676684;0.3067299532376173;0.35152656750600747;1.0;0.3442351311470669;0.0;0.4070498131239377;0.29789829089743214;0.45430971382074753;0.0;0.6455936223864118;0.24943908341599474;0.3236626762158731;0.0;0.2659062722645507;0.34928373643787325;0.0;0.24057281055540614;0.3272560498018805;0.31722501507317824;0.5544796323739405;0.3984027768798099;0.29789829089743214;0.41917708522876246;0.6326653375537516;0.26609369740172933;0.5789646140213495;0.0;0.367972541167917;0.4180328332453223;0.44649726339795215;0.3946469290687102;0.3972086278041791;0.0;0.0;0.3133870296907004;0.3382347961103674;0.3202132490191114;0.0;0.24339482370773496;0.2199390760738622;0.0;0.0;0.3133870296907004;0.4152324418647268;0.0;0.3984027768798099;0.38667625461760874;0.0;0.29789829089743214;0.3400614175914936;0.39400424132487905;0.0;0.19235234341934632;0.23923188436375753;0.0;0.0;0.0;0.0;0.0;0.3065505443034252;0.40955227019704454;0.0;0.3810878400444147;0.0;0.0
GO:0032481;0.4059066296412254;0.46157716466680737;0.5651160733210777;0.5651160733210777;0.0;0.27001153834718855;0.0;0.0;0.46057582189564344;0.3246228159928886;0.27135246453883716;0.2495720758280771;0.0;0.0;0.6570407072895871;0.0;0.36448985803812767;0.38652642450199587;0.0;0.0;0.3282611205033203;0.0;0.7861306037215375;0.3503008932338448;0.3996211583248337;0.3442351311470669;1.0;0.0;0.38331240310308756;0.5651160733210777;0.3828271312526093;0.0;0.3947241261018176;0.4276254680649606;0.6668854302054634;0.0;0.31400086308337694;0.39737832725669947;0.0;0.28684120333210544;0.3704242471973818;0.36349340784987755;0.40551057287671627;0.3269201943116717;0.7912494034324358;0.3894167240266139;0.4180624149096624;0.32613182624651277;0.37384930910352565;0.0;0.3442351311470669;0.3442351311470669;0.49683795898960176;0.37090951904786007;0.4403768251996804;0.0;0.0;0.5979197489497412;0.3863293869291936;0.46292608050146733;0.0;0.2859413201721541;0.28119718745471345;0.0;0.0;0.28732647518258375;0.3437498592965886;0.0;0.3269201943116717;0.3036708683170224;0.0;0.7912494034324358;0.35359458221246487;0.27001153834718855;0.0;0.25239047226412975;0.28732647518258375;0.0;0.0;0.0;0.0;0.0;0.35464513512225143;0.4545466656346728;0.0;0.5979197489497412;0.0;0.0
GO:0043312;0.0;0.0;0.0;0.0;0.5089636255544316;0.0;0.0;0.3173391418635162;0.0;0.0;0.0;0.0;0.40553753268238024;0.5691735651730705;0.0;0.0;0.0;0.0;0.6325367896316534;0.4672760416278175;0.0;0.0;0.0;0.0;0.49787201858118535;0.0;0.0;1.0;0.0;0.0;0.0;0.4281987696717968;0.0;0.0;0.0;0.44591105330956243;0.4122517233397286;0.0;0.24138851853875337;0.0;0.0;0.0;0.0;0.0;0.0;0.0;0.0;0.0;0.0;0.0;0.0;0.0;0.0;0.0;0.0;0.3297093804551369;0.32275708384970303;0.0;0.48458024718554527;0.0;0.4122517233397286;0.0;0.0;0.24138851853875337;0.30870717847842105;0.0;0.5046346648470378;0.0;0.4878049998621209;0.0;0.5945269314551009;0.0;0.28769296280505896;0.0;0.48068857743567;0.4718309892183743;0.3855773354389354;0.45132899529574927;0.0;0.28367981189368235;0.3855773354389354;0.5678281635645004;0.4528959953786031;0.0;0.5300962932170499;0.5300962932170499;0.0;0.3855773354389354
GO:0043950;0.29360007150994094;0.5511944012053387;0.32282926887219104;0.32282926887219104;0.0;0.2628204175265099;0.0;0.0;0.42560369645801654;0.302441976568058;0.3401900976970064;0.22739123640324654;0.0;0.0;0.3528952252560175;0.0;0.3727874760107173;0.4266798694894501;0.0;0.0;0.339658933857108;0.0;0.2968422236327047;0.3585985112064345;0.40791877629742335;0.4070498131239377;0.38331240310308756;0.0;1.0;0.33831800766545933;0.3787362058131286;0.0;0.38880700262021006;0.2885163553720154;0.36273994817189376;0.0;0.3049835442205714;0.4056759452292892;0.0;0.29513882130469515;0.3663333217579011;0.37179102582246715;0.4939782624003979;0.32282926887219104;0.33831800766545933;0.569078640550728;0.4090450960468569;0.30517096935775;0.366658188282847;0.0;0.5231327680576628;0.5231327680576628;0.5082357723433895;0.6816012048234548;0.43628589976019977;0.0;0.0;0.33831800766545933;0.37731206806638806;0.3233604327120895;0.0;0.2942389381447438;0.2590163480298829;0.0;0.0;0.26184196747122224;0.339658933857108;0.0;0.32282926887219104;0.4738451671148712;0.0;0.33831800766545933;0.4019373887671601;0.33884917150535776;0.0;0.23142961537536705;0.2783091563197782;0.0;0.0;0.0;0.0;0.0;0.34562781625944583;0.4659444789884604;0.0;0.3897348762885425;0.0;0.0
GO:1904469;0.32585611118057495;0.3720390284798914;0.641878187198406;0.641878187198406;0.0;0.22374314557048924;0.0;0.0;0.3638651875125793;0.2505734185992409;0.28792540132068833;0.17552267843442942;0.0;0.0;0.5346988954740076;0.0;0.33371020405469665;0.2969882883150799;0.0;0.0;0.30058166190108726;0.0;0.46616823262423107;0.31952123925041376;0.36884150434140267;0.29789829089743214;0.5651160733210777;0.0;0.33831800766545933;1.0;0.339658933857108;0.0;0.34838728585218287;0.33808733187804463;0.544543618389884;0.0;0.2504175334712824;0.36659867327326845;0.0;0.2560615493486744;0.3272560498018805;0.3327137538664465;0.3254600544160658;0.28375199691617037;0.6841694805533349;0.3413221332077877;0.44412296941777907;0.2543268549207412;0.40173606165376924;0.0;0.29924073570943865;0.29924073570943865;0.4691585003873687;0.32591512361023184;0.38319735925531484;0.0;0.0;0.6841694805533349;0.3382347961103674;0.37873424446857273;0.0;0.2551616661887231;0.20714779006106576;0.0;0.0;0.32982960097785186;0.30058166190108726;0.0;0.28375199691617037;0.2574024755403231;0.0;0.6841694805533349;0.44954421705408015;0.19326468817306902;0.0;0.18058550093835818;0.22374314557048924;0.0;0.0;0.0;0.0;0.0;0.2910618055101569;0.42686720703243974;0.0;0.49106667592743014;0.0;0.0
GO:0042102;0.29641846794599364;0.42794596542082897;0.32564766530824374;0.32564766530824374;0.0;0.2656388139625626;0.0;0.0;0.4197721244535169;0.3064803555401785;0.39294985094496593;0.23142961537536705;0.0;0.0;0.3524099534055392;0.0;0.37230220416023907;0.45430971382074753;0.0;0.0;0.34247733029316063;0.0;0.2996606200687573;0.36263689017855494;0.40743350444694504;0.45430971382074753;0.3828271312526093;0.0;0.3787362058131286;0.339658933857108;1.0;0.0;0.5047987087754982;0.289857281563664;0.36225467632141545;0.0;0.30632447041222;0.4051906733788109;0.0;0.29647974749634376;0.3691517181939538;0.3731319520141158;0.3813669913570034;0.7662501675715525;0.339658933857108;0.381740331355457;0.4103860222385055;0.3102337918616788;0.36947658471889966;0.0;0.339658933857108;0.45430971382074753;0.708996679734162;0.3663333217579011;0.43910429619625246;0.0;0.0;0.339658933857108;0.37865299425803667;0.3621089174111848;0.0;0.29930176064867253;0.26305472700200333;0.0;0.0;0.2631828936628709;0.7242691091848994;0.0;0.6116326727090937;0.4252682547231511;0.0;0.339658933857108;0.3991369973865646;0.37612018596004904;0.0;0.2364924378792958;0.27965008251142687;0.0;0.0;0.0;0.0;0.0;0.3469687424510945;0.46545920713798217;0.0;0.42150603819208404;0.0;0.0
GO:0061844;0.0;0.0;0.0;0.0;0.0;0.0;0.473188790072742;0.0;0.0;0.0;0.0;0.0;0.35310380068820435;0.4446148046384009;0.0;0.38572062507567756;0.0;0.0;0.5068481200425758;0.4076698114374933;0.0;0.0;0.0;0.0;0.0;0.0;0.0;0.4281987696717968;0.0;0.0;0.0;1.0;0.0;0.0;0.0;0.0;0.0;0.0;0.2860400502495147;0.0;0.0;0.0;0.0;0.0;0.0;0.0;0.0;0.0;0.0;0.39514272277922213;0.0;0.0;0.0;0.0;0.0;0.0;0.35792099783419884;0.0;0.0;0.0;0.0;0.0;0.0;0.2860400502495147;0.0;0.0;0.42236719766729713;0.39514272277922213;0.40553753268238024;0.0;0.0;0.0;0.0;0.0;0.0;0.40273714130178473;0.0;0.0;0.0;0.39794311415981765;0.4689429675167578;0.6156118914988864;0.0;0.0;0.40553753268238024;0.5059924657014054;0.0;0.36113501923310715
GO:2000406;0.305011794508671;0.4421580798001545;0.34838728585218287;0.34838728585218287;0.0;0.27423214052524;0.0;0.0;0.4370154194567466;0.31385369956678805;0.7535548416861805;0.2388029594019766;0.0;0.0;0.3643069482547476;0.0;0.3668842621740522;0.46852182820007304;0.0;0.0;0.3370593883069738;0.0;0.30825394663143474;0.3572189481923681;0.4020155624607582;0.6455936223864118;0.3947241261018176;0.0;0.38880700262021006;0.34838728585218287;0.5047987087754982;0.0;1.0;0.2999280783707455;0.3741516711706238;0.0;0.31639526721930145;0.39977273139262404;0.0;0.2910618055101569;0.3777450447566312;0.3677140100279289;0.3914377881640848;0.44889177183456064;0.34838728585218287;0.3918111281625384;0.6831543325085023;0.31658269235648007;0.6294536089761003;0.0;0.3497297306641894;0.46852182820007304;0.4969862583527029;0.37640411856498257;0.4476976227589298;0.0;0.0;0.36387602464545116;0.3887237910651181;0.37070224397386214;0.0;0.2938838186624857;0.27042807102861294;0.0;0.0;0.36387602464545116;0.4657214368194776;0.0;0.44889177183456064;0.43716524957235947;0.0;0.34838728585218287;0.39055041254624434;0.38619098276713043;0.0;0.2428413383740971;0.28972087931850826;0.0;0.0;0.0;0.0;0.0;0.3570395392581759;0.4600412651517953;0.0;0.43157683499916544;0.0;0.0
GO:1901509;0.5189934043545109;0.3614348167817138;0.33808733187804463;0.33808733187804463;0.0;0.44494400696086334;0.0;0.0;0.3562921564383059;0.31953909985496304;0.2662687484009117;0.2444883596901516;0.0;0.0;0.39720829021789056;0.0;0.36354745947244627;0.4717465615225239;0.0;0.0;0.23676874105877915;0.0;0.43086762018772434;0.3437397068515153;0.3986787597591523;0.24943908341599474;0.4276254680649606;0.0;0.2885163553720154;0.33808733187804463;0.289857281563664;0.0;0.2999280783707455;1.0;0.4070530131337668;0.0;0.31305846451769553;0.3964359286910181;0.0;0.4103027579061033;0.27745439750843653;0.3602358897540789;0.40456817431103487;0.23395034462272646;0.33808733187804463;0.38847432546093247;0.41712001634398105;0.3195706398641832;0.37059179100772704;0.0;0.24943908341599474;0.24943908341599474;0.39669561110450824;0.27611347131678793;0.3474069755107352;0.0;0.0;0.35771738824355703;0.3853869883635122;0.33808733187804463;0.0;0.27816015125375676;0.27611347131678793;0.0;0.0;0.28638407661690235;0.2662687484009117;0.0;0.24943908341599474;0.3004133502212238;0.0;0.33808733187804463;0.29342840815218313;0.26675402025138994;0.0;0.24582928588180025;0.28638407661690235;0.0;0.0;0.0;0.0;0.0;0.35370273655657;0.35975061790360063;0.0;0.35771738824355703;0.0;0.0
GO:0032757;0.3853341747100316;0.4410047097356135;0.544543618389884;0.544543618389884;0.0;0.24943908341599474;0.0;0.0;0.44000336696444964;0.30405036106169475;0.2507800096076434;0.2289996208968833;0.0;0.0;0.6364682523583933;0.0;0.34391740310693386;0.36595396957080206;0.0;0.0;0.30768866557212654;0.0;0.5423064120761014;0.32972843830265103;0.3790487033936399;0.3236626762158731;0.6668854302054634;0.0;0.36273994817189376;0.544543618389884;0.36225467632141545;0.0;0.3741516711706238;0.4070530131337668;1.0;0.0;0.29342840815218313;0.3768058723255057;0.0;0.2662687484009117;0.34985179226618796;0.3429209529186837;0.38493811794552246;0.3063477393804779;0.544543618389884;0.36884426909542006;0.39748995997846864;0.30555937131531896;0.35327685417233184;0.0;0.3236626762158731;0.3236626762158731;0.47626550405840795;0.35033706411666626;0.4198043702684866;0.0;0.0;0.5773472940185473;0.3657569319979998;0.4423536255702735;0.0;0.2653688652409603;0.26062473252351964;0.0;0.0;0.26675402025138994;0.3231774043653948;0.0;0.3063477393804779;0.2830984133858286;0.0;0.544543618389884;0.33302212728127106;0.24943908341599474;0.0;0.231818017332936;0.26675402025138994;0.0;0.0;0.0;0.0;0.0;0.33407268019105757;0.43397421070347897;0.0;0.5773472940185473;0.0;0.0
GO:0043161;0.0;0.0;0.0;0.0;0.0;0.0;0.0;0.4044754142958038;0.0;0.0;0.0;0.0;0.0;0.4849883252655831;0.0;0.0;0.0;0.0;0.0;0.0;0.0;0.7641926442557145;0.0;0.0;0.5582057364518124;0.0;0.0;0.44591105330956243;0.0;0.0;0.0;0.0;0.0;0.0;0.0;1.0;0.4725854412103556;0.0;0.3213522927748928;0.0;0.0;0.0;0.0;0.0;0.0;0.0;0.0;0.0;0.0;0.0;0.0;0.0;0.0;0.0;0.0;0.5692397771992666;0.40989335628199064;0.0;0.5449139650561723;0.0;0.4725854412103556;0.0;0.0;0.3213522927748928;0.6669427177842457;0.0;0.0;0.0;0.0;0.0;0.4627407182944793;0.0;0.348026680675686;0.0;0.0;0.0;0.44591105330956243;0.8926845344685601;0.0;0.3440135297643094;0.44591105330956243;0.0;0.5132297132492301;0.0;0.44591105330956243;0.44591105330956243;0.6747190268281706;0.44591105330956243
GO:0033209;0.31400086308337694;0.3614348167817138;0.2504175334712824;0.2504175334712824;0.0;0.2832212090999459;0.0;0.37081608432596996;0.3727593452868619;0.35648409305587064;0.28273593724946766;0.2814333528910592;0.0;0.45132899529574927;0.2835836852363069;0.0;0.38001464832100224;0.28638407661690235;0.0;0.0;0.2532359299073351;0.0;0.3172430152061407;0.39301057132873474;0.6575060695830275;0.2659062722645507;0.31400086308337694;0.4122517233397286;0.3049835442205714;0.2504175334712824;0.30632447041222;0.0;0.31639526721930145;0.31305846451769553;0.29342840815218313;0.4725854412103556;1.0;0.4129031175395741;0.28769296280505896;0.30005087408486286;0.2939215863569925;0.37670307860263486;0.40456817431103487;0.2504175334712824;0.2504175334712824;0.4544053058605656;0.433587205192537;0.3523743154928467;0.387058979856283;0.0;0.2659062722645507;0.2659062722645507;0.4131627999530642;0.2925806601653439;0.36387416435929115;0.37601382472144257;0.3762340263121568;0.2659062722645507;0.8257739526089303;0.23395034462272646;0.4389261112405218;0.32412734744444527;0.27611347131678793;0.28769296280505896;0.3353815663792142;0.28638407661690235;0.36914472200145243;0.0;0.3523150570165355;0.31688053906977975;0.42908138832464554;0.2504175334712824;0.3295256533662515;0.26675402025138994;0.0;0.3209242548653927;0.6671648106719963;0.47800338319654245;0.0;0.31035419979447554;0.4122517233397286;0.0;0.7344834706116639;0.3762178067521566;0.4122517233397286;0.5452113864407775;0.0;0.4122517233397286
