;GO:0016525;GO:0015031;GO:0042532;GO:0009437;GO:0046339;GO:0071372;GO:0000188;GO:0051126;GO:0000184;GO:0045893;GO:0018393;GO:0030308;GO:0071375;GO:0030948;GO:0001829;GO:0051006;GO:0035556;GO:0140199;GO:0046628;GO:0065003;GO:0007143;GO:0090340;GO:0090187;GO:1900027;GO:0007266;GO:1903538;GO:0032956;GO:0090108;GO:0010389;GO:0032270;GO:0007193;GO:0007194;GO:0043405;GO:1903543;GO:0008285;GO:0008284;GO:0045542;GO:0022900;GO:0090031;GO:0045944;GO:0033081;GO:0043401;GO:0043525;GO:0043524;GO:0048384;GO:0031339;GO:0035815;GO:0006816;GO:0010875;GO:0016197;GO:0051306;GO:0016236;GO:0035810;GO:2001241;GO:1902462;GO:0006275;GO:0006672;GO:0045955;GO:0061502;GO:0000289;GO:0000288;GO:0051279;GO:0048550;GO:0031047;GO:0010887;GO:0030595;GO:0030111;GO:0010884;GO:2001234;GO:0010642;GO:0032930;GO:0033864;GO:0016601;GO:0008380;GO:0032770;GO:0042176;GO:0007213;GO:0043666;GO:0042059;GO:0006367;GO:0007214;GO:0043547;GO:0045723;GO:0060326;GO:0043029;GO:0043154;GO:0030220;GO:2000036;GO:0017148;GO:0032369;GO:0007186;GO:0050805;GO:0043312;GO:0042102;GO:0007189;GO:0003420;GO:1903614;GO:0046426;GO:0038180;GO:0006888;GO:0019395;GO:0010867;GO:0051056;GO:0010628;GO:0072657;GO:0010745;GO:0030335;GO:0016567;GO:0008360;GO:0090630;GO:0044255;GO:0043320;GO:0045861;GO:0006468;GO:0006622;GO:0043687;GO:0043602;GO:0046834;GO:0000122;GO:0070262;GO:1904707;GO:0000086;GO:0006977;GO:0001845;GO:0071353;GO:2000179;GO:0060192;GO:0006351;GO:1903078;GO:0006355;GO:0045116;GO:0007205;GO:0060336;GO:0001973;GO:0071222;GO:0048873;GO:0051232;GO:0045087;GO:0097711;GO:0070374;GO:0045880;GO:0046210;GO:2000741;GO:0006909;GO:0032332;GO:0036258;GO:0030036;GO:0051754;GO:0019932
GO:0016525;1.0;0.0;0.16206972880675155;0.0;0.0;0.0;0.1418773976456024;0.2133920242439389;0.18017780708920955;0.1623595975764814;0.0;0.3650431601081075;0.0;0.29337011638333765;0.0;0.20172197251415255;0.33914822171593495;0.319033326791287;0.2347815220912973;0.0;0.0;0.1962449373167637;0.291971862026105;0.29248279758202034;0.3023794910432482;0.3512982799142067;0.3145915676057523;0.31063521717819276;0.2926181823910256;0.22831483289434001;0.30237668375296634;0.1523337877794893;0.17864222591317974;0.22224801991597665;0.4084572407980951;0.32688791607974077;0.1878097622731371;0.0;0.17179978430957665;0.1563905932116605;0.4082440390602443;0.3259191944669905;0.24904973350563633;0.31119614242736265;0.32591761203493896;0.31067319926299664;0.3006751719143122;0.0;0.2419529832157536;0.0;0.0;0.0;0.23123662775738746;0.19181522260546593;0.2826780699802619;0.2487063143855314;0.0;0.27823730846383143;0.0;0.18017780708920955;0.18017780708920955;0.23410095843347903;0.3108910926760206;0.34035178229618457;0.3520872275638652;0.0;0.3141622185930003;0.302060602061604;0.2635262529896511;0.3106828749826575;0.2567293938451776;0.2632929001340322;0.3023794910432482;0.0;0.26329338870270824;0.3028259125191887;0.3023885410575326;0.21574517082874362;0.29343443097316974;0.0;0.3259303431023839;0.2236013109322753;0.19185525868857042;0.0;0.23156183556958965;0.17784845182942982;0.0;0.5319177748931846;0.20270862749116558;0.365187391724286;0.33914822171593495;0.34129750997305935;0.0;0.16849067947262106;0.2642270428928152;0.4926637275725769;0.17810478744760408;0.2780125707385607;0.313702005876393;0.0;0.0;0.20609014023857372;0.3028676223399459;0.303019725937688;0.0;0.4914524412680378;0.2564081709629909;0.0;0.4513415296832928;0.21585607051037328;0.0;0.0;0.2706837867541127;0.0;0.0;0.0;0.0;0.0;0.1918886498623317;0.0;0.2826672947161614;0.0;0.15865597726190325;0.0;0.0;0.3031541128955624;0.2236037549444665;0.0;0.25680359302557243;0.22841890610955298;0.0;0.3259303431023839;0.21483242764394228;0.29196489202964926;0.0;0.2414429567447276;0.0;0.0;0.0;0.1381769840965455;0.24863819997417458;0.16306524825396274;0.3309496106435427;0.0;0.4201157781220392;0.0;0.0;0.0;0.3259255468779214
GO:0015031;0.0;1.0;0.0;0.0;0.0;0.0;0.0;0.0;0.0;0.0;0.0;0.0;0.0;0.0;0.0;0.0;0.0;0.0;0.0;0.0;0.0;0.0;0.0;0.0;0.0;0.0;0.0;0.0;0.0;0.0;0.0;0.0;0.0;0.0;0.0;0.0;0.0;0.0;0.0;0.0;0.0;0.0;0.0;0.0;0.0;0.0;0.0;0.4222014423065429;0.0;0.43884556459913765;0.0;0.0;0.0;0.0;0.0;0.0;0.0;0.0;0.4045250338679509;0.0;0.0;0.0;0.0;0.0;0.0;0.0;0.0;0.0;0.0;0.0;0.0;0.0;0.0;0.0;0.0;0.0;0.0;0.0;0.0;0.0;0.0;0.0;0.0;0.0;0.0;0.0;0.0;0.0;0.0;0.0;0.0;0.0;0.2740509020701088;0.0;0.0;0.0;0.0;0.0;0.0;0.420815930558855;0.0;0.0;0.0;0.0;0.45921437440941376;0.0;0.0;0.0;0.0;0.0;0.0;0.28149877987158145;0.0;0.0;0.6246853315707256;0.0;0.0;0.0;0.0;0.0;0.0;0.0;0.0;0.0;0.0;0.0;0.0;0.0;0.0;0.0;0.0;0.0;0.0;0.0;0.0;0.0;0.0;0.0;0.27135426897472026;0.0;0.0;0.0;0.0;0.4597810697242801;0.0;0.0;0.0;0.0;0.0
GO:0042532;0.16206972880675155;0.0;1.0;0.0;0.0;0.0;0.7635577555773969;0.17984917850832513;0.2068027693252116;0.2483279500368117;0.0;0.24031655241754124;0.0;0.45508440074042705;0.0;0.09885358300664546;0.18481665237486125;0.44763566633470664;0.2764074970472336;0.0;0.0;0.14027006242768858;0.12357950961241615;0.1727932498351794;0.17550917771448907;0.1546535692894046;0.1787320760837342;0.1594836482884047;0.17283105673167432;0.36013584521492753;0.17550842081423518;0.3648132705299581;0.5694237399624049;0.15033144010416363;0.25304041795448773;0.1818422282151036;0.16365092786469004;0.0;0.20603427174696257;0.24260844583985805;0.1547995739486443;0.18160192501922331;0.15963094102611144;0.22213273048176915;0.1816015318301609;0.22194109652200192;0.12550076253775755;0.0;0.12585939178901767;0.0;0.0;0.0;0.10544933215383892;0.24718950674257958;0.17000529030121797;0.31611869280754257;0.0;0.20940840887182158;0.0;0.2068027693252116;0.2068027693252116;0.15456795149651867;0.22202098230109443;0.2969916365474088;0.16974382354720477;0.0;0.31893146095231895;0.14039158505411709;0.4294225186641821;0.4688715793088611;0.22562612110260966;0.16418702157934234;0.17550917771448907;0.0;0.16418717362665142;0.31265144956467433;0.17551161772374646;0.4338328061150466;0.4551370404091341;0.0;0.18160469507599858;0.10383246958453149;0.2199257348619286;0.0;0.10551690983050123;0.44862692774268964;0.0;0.15081708886735826;0.4873736541790619;0.1727310985725356;0.18481665237486125;0.3626655172128202;0.0;0.1281910318951963;0.16447722036552234;0.15938468684824586;0.5802808501512369;0.6129317262649226;0.17850192591717923;0.0;0.0;0.22906373541500097;0.3470093428338332;0.2102309723176236;0.0;0.23654477814920608;0.16201598711541046;0.0;0.17539537516338147;0.10213075771288517;0.0;0.0;0.5768837131467691;0.0;0.0;0.0;0.0;0.0;0.3794280746289705;0.0;0.1700021711867172;0.0;0.14876415137317994;0.0;0.0;0.17571774374120455;0.10383299659410136;0.0;0.12976283777007153;0.30233517334854093;0.0;0.18160469507599858;0.3814915343132141;0.17264845161034675;0.0;0.10752204794561838;0.0;0.0;0.0;0.4849429838320425;0.2847824011807277;0.0885648004074638;0.1646732066337242;0.0;0.15714288145983407;0.0;0.0;0.0;0.1816035033901892
GO:0009437;0.0;0.0;0.0;1.0;0.4898691011254137;0.20763723961386005;0.0;0.1372028122196741;0.30887178187653425;0.0;0.46843553959631723;0.0;0.17271127038352696;0.0;0.3149492111055386;0.0;0.29807116182441235;0.0;0.0;0.2994508781100859;0.23042258247469619;0.0;0.0;0.0;0.26041262516971414;0.0;0.0;0.0;0.0;0.0;0.26040980775521033;0.0;0.0;0.0;0.0;0.0;0.0;0.5063572785297206;0.0;0.0;0.0;0.284345314985571;0.0;0.0;0.2843436851580379;0.0;0.0;0.0;0.0;0.0;0.3159487478467678;0.4610928770274401;0.0;0.0;0.0;0.0;0.6507451858815982;0.0;0.0;0.30887178187653425;0.30887178187653425;0.0;0.0;0.23079507106456096;0.0;0.23865673949751218;0.0;0.0;0.0;0.0;0.0;0.0;0.26041262516971414;0.5423838209196413;0.0;0.0;0.26042170788089264;0.0;0.0;0.4095474348885635;0.2843567976151379;0.0;0.0;0.2713048580668696;0.0;0.0;0.285106475011455;0.0;0.0;0.0;0.29807116182441235;0.0;0.1671345877914418;0.0;0.22290501656254588;0.0;0.0;0.0;0.2718467831220201;0.0;0.39604582628001517;0.0;0.0;0.0;0.0;0.0;0.0;0.5265157570600958;0.0;0.0;0.5792223678175483;0.17180479036778007;0.0;0.5097125385204991;0.0;0.5613503479965393;0.5598415166947682;0.4708639487800849;0.0;0.49485543563272716;0.0;0.2864783062589134;0.09978003679699766;0.2408969948059717;0.24042041792743524;0.0;0.0;0.3905437560839094;0.0;0.0;0.5265157570600958;0.2843567976151379;0.0;0.2500196371096535;0.18267178385161212;0.0;0.28492322410493526;0.0;0.28399322417516315;0.0;0.0;0.42926146010329613;0.0;0.0;0.0;0.2507623641490676;0.28501759356572626;0.222479682128484;0.2843518576865569
GO:0046339;0.0;0.0;0.0;0.4898691011254137;1.0;0.2012563918626204;0.0;0.13438738077966547;0.26721344471244624;0.0;0.40137313084402376;0.0;0.16827354945526055;0.0;0.3004979581314158;0.0;0.28509537832350634;0.0;0.0;0.2863573299875851;0.22259088558849954;0.0;0.0;0.0;0.25045368959387815;0.0;0.0;0.0;0.0;0.0;0.25045108355000806;0.0;0.0;0.0;0.0;0.0;0.0;0.4842520626053841;0.0;0.0;0.0;0.2725133385862205;0.0;0.0;0.2725118415747486;0.0;0.0;0.0;0.0;0.0;0.30140774052078906;0.4426912763386501;0.0;0.0;0.0;0.0;0.6297931332013963;0.0;0.0;0.26721344471244624;0.26721344471244624;0.0;0.0;0.22293846479550772;0.0;0.23026550161116194;0.0;0.0;0.0;0.0;0.0;0.0;0.25045368959387815;0.4632239628488639;0.0;0.0;0.25046209087895444;0.0;0.0;0.35234076104260037;0.2725238854660935;0.0;0.0;0.2605126611953164;0.0;0.0;0.2732123929870484;0.0;0.0;0.0;0.28509537832350634;0.0;0.1629753690522277;0.0;0.2155678678417998;0.0;0.0;0.0;0.26101228975300383;0.0;0.5717544565114452;0.0;0.0;0.0;0.0;0.0;0.0;0.44970182718120005;0.0;0.0;0.8251905560887863;0.16741293792581347;0.0;0.4357514986454343;0.0;0.4785403964977857;0.4089074631372301;0.6760824129836058;0.0;0.4233954211533788;0.0;0.2744718987292802;0.0982826161350979;0.23235030233223522;0.2319069110279446;0.0;0.0;0.3363445616991062;0.0;0.0;0.44970182718120005;0.2725238854660935;0.0;0.2408257229095183;0.1777147887154674;0.0;0.2730441083748853;0.0;0.2721899233748257;0.0;0.0;0.299769599381986;0.0;0.0;0.0;0.24151475476299733;0.27313077170961775;0.2151700482301726;0.2725193481096338
GO:0071372;0.0;0.0;0.0;0.20763723961386005;0.2012563918626204;1.0;0.0;0.12344784958645086;0.10458939011091184;0.0;0.1518427432757161;0.0;0.65773787790861;0.0;0.2508012221165795;0.0;0.23998023480660133;0.0;0.0;0.24087376496232782;0.19410093494049588;0.0;0.0;0.0;0.21495364208512915;0.0;0.0;0.0;0.0;0.0;0.21495172245697436;0.0;0.0;0.0;0.0;0.0;0.0;0.2405501396991965;0.0;0.0;0.0;0.23100252999882356;0.0;0.0;0.23100145431797622;0.0;0.0;0.0;0.0;0.0;0.25143464882713357;0.22294002445357033;0.0;0.0;0.0;0.0;0.18296165404367126;0.0;0.0;0.10458939011091184;0.10458939011091184;0.0;0.0;0.1943651803780643;0.0;0.1999110513287762;0.0;0.0;0.0;0.0;0.0;0.0;0.21495364208512915;0.17257864125666553;0.0;0.0;0.21495983048551992;0.0;0.0;0.1349439847670394;0.23101010843126385;0.0;0.0;0.22232119017927895;0.0;0.0;0.23150464043921445;0.0;0.0;0.0;0.23998023480660133;0.0;0.14716035795474341;0.0;0.1887389988093839;0.0;0.0;0.0;0.22268496213153435;0.0;0.16796830982182925;0.0;0.0;0.0;0.0;0.0;0.0;0.16809926034016323;0.0;0.0;0.2310771268420576;0.15076894211678027;0.0;0.16344663367673626;0.0;0.17761659463595222;0.1773334614143523;0.19468284339157058;0.0;0.1592988162281116;0.0;0.2324083174566415;0.156358519791314;0.20148055512953608;0.6070501795498143;0.0;0.0;0.129340068284732;0.0;0.0;0.16809926034016323;0.23101010843126385;0.0;0.2078227769325532;0.48007433790118664;0.0;0.23138380234829378;0.24024468740457583;0.23077009747136362;0.0;0.0;0.15848645477614187;0.0;0.0;0.0;0.20833569688351924;0.2314460344763702;0.18843396976777793;0.23100684813681704
GO:0000188;0.1418773976456024;0.0;0.7635577555773969;0.0;0.0;0.0;1.0;0.16151739210370533;0.1876446204493421;0.22371051847626977;0.0;0.2086703586061931;0.0;0.4006222471832455;0.0;0.14605056686426393;0.15900973383330572;0.40022377315302565;0.24332869049956135;0.0;0.0;0.12488666060716648;0.10882297942839787;0.15002809045050533;0.1520712931302587;0.1361614961180309;0.1544849622223612;0.13989162779340156;0.15005659079615513;0.31759662880800504;0.15207072488775397;0.4110364256727001;0.6945664009747579;0.13279994146638843;0.21819734887589956;0.1568030241484269;0.14610470660889777;0.0;0.18496532558866982;0.21905816490081506;0.13627465963258975;0.15662431040137448;0.1400049416934712;0.19482231590846125;0.15662401793293645;0.19467489101145902;0.11031003550567274;0.0;0.11058700557465169;0.0;0.0;0.0;0.0911742707419428;0.2203954017287336;0.1479218776422542;0.27727726623174875;0.0;0.18496505282042275;0.0;0.1876446204493421;0.1876446204493421;0.1360951246365567;0.1947363513144112;0.2590139542529309;0.14772388766853503;0.0;0.27568787304457965;0.12165134449791132;0.38059987872212797;0.4112683308231494;0.19750785946090368;0.2024221258276317;0.1520712931302587;0.0;0.20242228966118261;0.2708744942447053;0.15207312496158937;0.43771578928035193;0.4006630409081272;0.0;0.1566263708662114;0.15242400726359162;0.19608432399385747;0.0;0.09122478599239262;0.4917020370286839;0.0;0.12940247248606954;0.43908072765407624;0.14998123478026834;0.15900973383330572;0.31623476896142116;0.0;0.11522047439421038;0.14371895124211811;0.13981548124240722;0.6112786558703585;0.4408991891592919;0.15431299147099528;0.0;0.0;0.2033159009153716;0.30063886632759423;0.18213236758801352;0.0;0.2058206636107922;0.1418362114298698;0.0;0.1519858485697856;0.15025486083797737;0.0;0.0;0.5104323940238918;0.0;0.0;0.0;0.0;0.0;0.342975422852574;0.0;0.1479195162273378;0.0;0.13599671389270812;0.0;0.0;0.15222784904060488;0.21247476302719126;0.0;0.11358930321194398;0.26661569421691317;0.0;0.1566263708662114;0.3424642812014959;0.14991892057744016;0.0;0.09271967677122782;0.0;0.0;0.0;0.46052750626293437;0.24979557246064374;0.0782720862659489;0.14386856684948496;0.0;0.13808739307909568;0.0;0.0;0.0;0.1566254844498052
GO:0051126;0.2133920242439389;0.0;0.17984917850832513;0.1372028122196741;0.13438738077966547;0.12344784958645086;0.16151739210370533;1.0;0.1708010323551019;0.15393497057305142;0.11039782502989644;0.3685741496093528;0.11019884872761651;0.27966539876587565;0.15480810813310905;0.13145994620229742;0.3095685929881394;0.23470358212196074;0.20097416525006978;0.2560620355517456;0.22246360091507483;0.17714377536471576;0.20215516033525888;0.3242657805243243;0.2884881066152116;0.20071890086671734;0.47889255237329337;0.33152417646574245;0.23244871601762968;0.1971488036253378;0.28848642433226035;0.1711272387111037;0.16537207427811076;0.2321398113825414;0.3465592488437703;0.24904740949380536;0.1373133726077719;0.15084034548205774;0.19418267868885072;0.14960242247941352;0.20096490675503859;0.3021974443686562;0.20918415724753378;0.2910882238702378;0.30219654870150037;0.45141991981601315;0.20625120155057963;0.0;0.16417370460326555;0.0;0.15504921238375252;0.1437215275905141;0.19402347261626993;0.1742369788971234;0.22736589848737213;0.2089901757047817;0.1259760827865456;0.26961960666339563;0.0;0.1708010323551019;0.1708010323551019;0.24246756887299128;0.3715384570952085;0.26982495324087064;0.2742894204826223;0.1337861855817183;0.2430446487268186;0.23933587243117155;0.2595305572746182;0.2907653260260463;0.21347669139233919;0.17372793827329552;0.2884881066152116;0.12096508289948746;0.17372815098254732;0.19010314094510566;0.2884935298031222;0.18951839025311365;0.27970739699161334;0.1011851738520637;0.3022037544750492;0.1404137973216927;0.17426341488395405;0.14346409087184872;0.19419258662965522;0.19354255272562698;0.1472329824025025;0.20936781548643962;0.21407443877000407;0.23226793936207024;0.3095685929881394;0.3094331546949488;0.1079016733615013;0.158305879704748;0.2644995192672769;0.20876148949301088;0.19376064033652923;0.26946791545449755;0.29517997096147525;0.0;0.1186817887651601;0.18347557735061645;0.23755964646309552;0.1901795021732711;0.0;0.31634547184623885;0.2132988666453634;0.11874715016520368;0.3330406951383091;0.13731966549921884;0.14705994786779886;0.1098291084168461;0.26448009294407077;0.11640639253019262;0.0;0.12341880240292809;0.12328203024288367;0.13142421207517319;0.2052894350153431;0.11428703176887724;0.22736031951241495;0.14759797779884432;0.20421198619570172;0.22810924454942955;0.13433862738063757;0.23770065688729225;0.14041476108964326;0.09800131487818936;0.17087878446062083;0.19721089796654592;0.11874715016520368;0.3022037544750492;0.22365326861614926;0.2821661505264697;0.11417096836402044;0.1992462083477352;0.14718409722473053;0.0;0.1469355351788162;0.13588954728531416;0.20895168017934118;0.19559179550248926;0.21792852831131193;0.0;0.2049322087252808;0.23323182365219716;0.24968750388525598;0.2180327935539229;0.30220103984175284
GO:0000184;0.18017780708920955;0.0;0.2068027693252116;0.30887178187653425;0.26721344471244624;0.10458939011091184;0.1876446204493421;0.1708010323551019;1.0;0.1890476360645325;0.32107591609013053;0.19341174691743124;0.09492063001766818;0.17124524656319068;0.12625907740293585;0.11028407411642613;0.21206168901094566;0.14721537761893347;0.13704686879780034;0.12369267087739957;0.11007203221505472;0.12295332401910865;0.1366659583949906;0.15488269286063633;0.20007787920327547;0.13689852293846766;0.16086947868845305;0.14164333325315756;0.15492064886591547;0.201587621484664;0.2000769109709127;0.15471848074079156;0.17315699901443965;0.13267926922605133;0.2049536746643503;0.16402457628197042;0.14942870135254213;0.2093636405611147;0.1410584726201739;0.1843357728491497;0.1370414892353285;0.20790495401842374;0.1417885213928542;0.1771691939565173;0.20790444675590464;0.17699957400827143;0.1390195325415724;0.0;0.13945972067539467;0.0;0.12641940857413825;0.2803353064154548;0.11855717919361027;0.12119970175515728;0.15208922029078534;0.21184393997323453;0.3239617902618662;0.1659759578874777;0.0;0.9764385069863792;0.9764385069863792;0.1368147001730585;0.17707027897548902;0.44302059967925783;0.18971300405067104;0.11191658823243916;0.16075713379292933;0.15752772805895102;0.16062701029899104;0.1770027146205184;0.18023816501971796;0.18279848760689454;0.20007787920327547;0.5471669172844899;0.18279867607867412;0.2358555089339982;0.20008100048797814;0.19488306423194224;0.17126715821793584;0.46921608244506324;0.2079085277421568;0.11651725424458131;0.15146233533800893;0.1186099201405932;0.11864260830768127;0.2208594206260057;0.12117438743692219;0.17077368635096923;0.29372045273341124;0.19345222846102914;0.21206168901094566;0.1865355059646898;0.09321133025885614;0.11145114592371784;0.18607321780579536;0.14154580235707845;0.22108156814805077;0.1658959602469544;0.20391421579862712;0.0;0.2405983972047069;0.15837371679083262;0.15774693558288488;0.27433169911754846;0.0;0.1900184522718055;0.14414359278599917;0.34176953134750354;0.1574997419375469;0.11437864480442142;0.28795591532408865;0.09464617828249428;0.2903926203373477;0.3360115323476156;0.0;0.3531615415640321;0.385387428850197;0.26227039973633814;0.28302949442966313;0.3307690403234226;0.1520861010550101;0.12142150768092864;0.139183857757127;0.11240679517531957;0.11230291950223178;0.15782461924281865;0.11651791788508983;0.48398617125465415;0.1442684733119803;0.23445849672454744;0.34176953134750354;0.2079085277421568;0.14112920845118382;0.196425685549994;0.0978530387738901;0.12118363580635469;0.12114127324450902;0.0;0.12097284027756862;0.14552973648071757;0.14165503887384887;0.36231431882998993;0.1467765541138463;0.0;0.13933995681470857;0.11450888545870067;0.12115832925146258;0.10822627984883883;0.20790699031498394
GO:0045893;0.1623595975764814;0.0;0.2483279500368117;0.0;0.0;0.0;0.22371051847626977;0.15393497057305142;0.1890476360645325;1.0;0.0;0.21980722463987293;0.0;0.1916185152160875;0.0;0.12472374042181487;0.23982072189214945;0.16202484757884472;0.26664409194005834;0.0;0.0;0.2363316841348636;0.19102100147541992;0.21996021382880074;0.2243801935875965;0.19138468771152203;0.2296749056125442;0.27669121347138736;0.22002148154445914;0.5898142683274767;0.2243789564799161;0.281996798108572;0.3150597698992953;0.25717124182453815;0.23483684439180433;0.3267861487913735;0.3253725966780535;0.0;0.48339884809139905;0.9728419195819074;0.1916083323985104;0.2344356323855111;0.2770098827755271;0.199066523684119;0.23443497713479758;0.19885240942727161;0.19470832737054417;0.0;0.19539964268452187;0.0;0.0;0.0;0.13541005414171553;0.2326111746062092;0.2998263225314026;0.5844953014678479;0.0;0.18504492054526256;0.0;0.1890476360645325;0.1890476360645325;0.1912535880988007;0.19894165539796194;0.2930413585197767;0.17209902620986428;0.0;0.22949165558377513;0.22423960692862183;0.17842081461551101;0.19885637341721626;0.4392738911723343;0.2869862521064086;0.2243801935875965;0.0;0.2869865858813808;0.3570719627467102;0.22438418165536017;0.3590371180852079;0.1916459511456081;0.0;0.23444024871655947;0.13275545243699197;0.5227531022503478;0.0;0.13552150835674182;0.2666170697791652;0.0;0.19685420306044576;0.43656962415748235;0.17595411480140755;0.23982072189214945;0.21096895505938093;0.0;0.21213053018634714;0.2066592684521355;0.19868304627856717;0.2669076671393398;0.18494549062328536;0.22929500147692425;0.0;0.0;0.5492082022677208;0.22459515997350804;0.4859491274450301;0.0;0.2154350127850492;0.2821902506498209;0.0;0.2241942235556856;0.12998630389160432;0.0;0.0;0.36002419490520526;0.0;0.0;0.0;0.0;0.0;0.5537595493375639;0.0;0.2998193507247779;0.0;0.1715212171801025;0.0;0.0;0.31271055088425664;0.13275631394135812;0.0;0.20298641623991695;0.731724428990507;0.0;0.23444024871655947;0.15468311651591685;0.21972562969878978;0.0;0.13884710643882117;0.0;0.0;0.0;0.41240169345764294;0.2767169028150816;0.10877941105353862;0.2880071752566835;0.0;0.27164636589259294;0.0;0.0;0.0;0.2344382627536141
GO:0018393;0.0;0.0;0.0;0.46843553959631723;0.40137313084402376;0.1518427432757161;0.0;0.11039782502989644;0.32107591609013053;0.0;1.0;0.0;0.13228074503783357;0.0;0.2022332931397386;0.0;0.1951382218649444;0.0;0.0;0.19572861446354048;0.16367893859301696;0.0;0.0;0.0;0.17826173958626204;0.0;0.0;0.0;0.0;0.0;0.17826041937194648;0.0;0.0;0.0;0.0;0.0;0.0;0.33115936135456225;0.0;0.0;0.0;0.18916036385581558;0.0;0.0;0.18915964256465337;0.0;0.0;0.0;0.0;0.0;0.20264494494827276;0.31118093271883485;0.0;0.0;0.0;0.0;0.4743801287028555;0.0;0.0;0.32107591609013053;0.32107591609013053;0.0;0.0;0.16386680329429404;0.0;0.16779121619115098;0.0;0.0;0.0;0.0;0.0;0.0;0.17826173958626204;0.4523654233307717;0.0;0.0;0.17826599559915807;0.0;0.0;0.36500539367440255;0.18916544549249548;0.0;0.0;0.18329925219612855;0.0;0.0;0.18949691812702463;0.0;0.0;0.0;0.1951382218649444;0.0;0.12898447349775932;0.0;0.1598494885054762;0.0;0.0;0.0;0.1835464611350686;0.0;0.3441838094367245;0.0;0.0;0.0;0.0;0.0;0.0;0.769317700719982;0.0;0.0;0.45007043939649516;0.13174833766254995;0.0;0.7509062259633436;0.0;0.8065431581476343;0.36058832215680214;0.3903231980218127;0.0;0.7343723806644762;0.0;0.19010196724526704;0.0848053137633042;0.16889549750649416;0.16866109447459796;0.0;0.0;0.38868396033523384;0.0;0.0;0.769317700719982;0.18916544549249548;0.0;0.1733296023396231;0.13804588251900018;0.0;0.18941594705447068;0.0;0.18900447937798331;0.0;0.0;0.2801925082323018;0.0;0.0;0.0;0.17368624305366592;0.1894576494150478;0.15963063785306597;0.1891632593443861
GO:0030308;0.3650431601081075;0.0;0.24031655241754124;0.0;0.0;0.0;0.2086703586061931;0.3685741496093528;0.19341174691743124;0.21980722463987293;0.0;1.0;0.0;0.45941835655942587;0.0;0.2317374259626395;0.5050540147260838;0.34944787192028814;0.3301468374204613;0.0;0.0;0.270392796872953;0.2628051620448384;0.5074142253350276;0.4411259746189279;0.32945855029914445;0.5525000065259649;0.42110644086015336;0.42458959061307083;0.31994859193148717;0.4411211931491486;0.2249937030550671;0.2438928313412838;0.3104445786840854;0.6727332646738403;0.48344419073010814;0.2061846797218327;0.0;0.23372198405004832;0.2110784490073623;0.33012185345593476;0.4817494163211946;0.35289948144553707;0.4910751136434642;0.48174664937080275;0.5590750875992978;0.27164885129669086;0.0;0.27333469125867194;0.0;0.0;0.0;0.27155575929606424;0.2636782332491553;0.4079321115511371;0.3523477493227524;0.0;0.43292051559801037;0.0;0.19341174691743127;0.19341174691743127;0.32907024436634963;0.5595196910399443;0.39087231902885267;0.40642989136633134;0.0;0.46132660153455624;0.3525996154158978;0.40748557739238705;0.49015682149540296;0.365290999008196;0.3008844006748136;0.4411259746189279;0.0;0.30088503871316263;0.3536428867893823;0.4411413890042304;0.3003251804233343;0.4595317040940219;0.0;0.48176891032821234;0.26108595374869054;0.2637387808931636;0.0;0.2720043727177783;0.2654078424221912;0.0;0.42667717485424994;0.30560142231057735;0.4239868261577926;0.5050540147260838;0.545649140255976;0.0;0.22882896660462645;0.37748844928925;0.42193146570092405;0.26581812900731194;0.43252956143610594;0.4605326199506517;0.0;0.0;0.285428203119825;0.44195760219785357;0.3539072337203668;0.0;0.5675160185845479;0.3647706292827386;0.0;0.5266009527214084;0.25058717835372757;0.0;0.0;0.4198211562091151;0.0;0.0;0.0;0.0;0.0;0.2880072313518864;0.0;0.4079141530088834;0.0;0.23493011477036524;0.0;0.0;0.4424459047061592;0.2610892858829228;0.0;0.29243951430980175;0.3201121640761203;0.0;0.48176891032821234;0.3255027684236939;0.4234892169688724;0.0;0.2857407684826285;0.0;0.0;0.0;0.1847708508983232;0.35223834193646975;0.18213526045439;0.3785223817598975;0.0;0.3409648339242748;0.0;0.0;0.0;0.4817605238339532
GO:0071375;0.0;0.0;0.0;0.17271127038352696;0.16827354945526055;0.65773787790861;0.0;0.11019884872761651;0.09492063001766818;0.0;0.13228074503783357;0.0;1.0;0.0;0.20156658620032375;0.0;0.1945174034536863;0.0;0.0;0.19510403979695093;0.16324193168070614;0.0;0.0;0.0;0.17774351776946032;0.0;0.0;0.0;0.0;0.0;0.1777422052199065;0.0;0.0;0.0;0.0;0.0;0.0;0.19489166311770387;0.0;0.0;0.0;0.1885769422460519;0.0;0.0;0.18857622539733304;0.0;0.0;0.0;0.0;0.0;0.2019755255355089;0.18316931731427305;0.0;0.0;0.0;0.0;0.15529048724695224;0.0;0.0;0.09492063001766818;0.09492063001766818;0.0;0.0;0.16342879398741852;0.0;0.16733200546983085;0.0;0.0;0.0;0.0;0.0;0.0;0.17774351776946032;0.14774588229800642;0.0;0.0;0.17774774907285848;0.0;0.0;0.1192691109300341;0.18858199258437577;0.0;0.0;0.1827513726065032;0.0;0.0;0.1889114218349463;0.0;0.0;0.0;0.1945174034536863;0.0;0.1287129399920811;0.0;0.15943266486986274;0.0;0.0;0.0;0.1829971049534621;0.0;0.14435383833579277;0.0;0.0;0.0;0.0;0.0;0.0;0.14445054615536107;0.0;0.0;0.18862665163207465;0.13146505548356718;0.0;0.14100149738574538;0.0;0.15142285474085546;0.15121702471981918;0.1636533237469249;0.0;0.13790385528877314;0.0;0.18951273190771764;0.14346221781134086;0.168430230884937;0.5076091344017539;0.0;0.0;0.11487024654526462;0.0;0.0;0.14445054615536107;0.18858199258437577;0.0;0.17283962067789285;0.506072207285557;0.0;0.18883095024235674;0.19469111279050766;0.18842201747115572;0.0;0.0;0.1372946346867429;0.0;0.0;0.0;0.17319424581957532;0.18887239538335845;0.1592149533023345;0.1885798199010942
GO:0030948;0.29337011638333765;0.0;0.45508440074042705;0.0;0.0;0.0;0.4006222471832455;0.27966539876587565;0.17124524656319068;0.1916185152160875;0.0;0.45941835655942587;0.0;1.0;0.0;0.18359365374418843;0.3774656604988155;0.6320096081955684;0.48280559953471447;0.0;0.0;0.22895949565946938;0.21545405356654485;0.33049734937608655;0.3405777042945667;0.26993871523415053;0.3529270939233035;0.28500461938610117;0.33063568695733575;0.26352103472226174;0.3405748541318555;0.20302422771823642;0.3743680822948425;0.25703979037285957;0.5082786040063451;0.3652631180653826;0.175861856419525;0.0;0.20210802528057417;0.18495103538190769;0.2703838411870508;0.3642948331009526;0.285475345840163;0.39725101584468847;0.3642932508855434;0.3966385496410268;0.22136218030119656;0.0;0.22248035279430123;0.0;0.0;0.0;0.20772454499953555;0.4001825946675155;0.3204460959634341;0.2851141912073942;0.0;0.3583144775036715;0.0;0.1712452465631907;0.1712452465631907;0.2696779826574872;0.3968937650698491;0.30982374561921255;0.319518388819258;0.0;0.6293860145323873;0.2723060541323809;0.7197758049967763;0.837947034763972;0.2935301660964561;0.24039640093618475;0.3405777042945667;0.0;0.24039680822564857;0.27292786126370344;0.3405868924835069;0.2500634222278377;0.7950685774353196;0.0;0.36430598016412347;0.2015422460674975;0.2241704200633048;0.0;0.20798694343906665;0.23536401429420206;0.0;0.3144700774886624;0.26644017341126613;0.3302700544050967;0.3774656604988155;0.6737411952746528;0.0;0.1984387836225119;0.30135467504891855;0.2846887369807926;0.23568661398645685;0.7563952874755575;0.3520308389099946;0.0;0.0;0.23964899686645494;0.6089929367575379;0.27308528349900146;0.0;0.4458281980962316;0.2931940718223603;0.0;0.3401494319880808;0.1952282395840927;0.0;0.0;0.3492939286501473;0.0;0.0;0.0;0.0;0.0;0.25296687581095517;0.0;0.32043501418751613;0.0;0.21108015997564758;0.0;0.0;0.34136395671518244;0.20154423164295987;0.0;0.2349750466473082;0.2636319880568475;0.0;0.36430598016412347;0.5945646654562254;0.32996803507443506;0.0;0.21592404202878854;0.0;0.0;0.0;0.2936048235245725;0.5089490867371675;0.1510116033600667;0.30201324341196906;0.0;0.27761466789140227;0.0;0.0;0.0;0.36430118462590033
GO:0001829;0.0;0.0;0.0;0.3149492111055386;0.3004979581314158;0.2508012221165795;0.0;0.15480810813310905;0.12625907740293585;0.0;0.2022332931397386;0.0;0.20156658620032375;0.0;1.0;0.0;0.3958776174692267;0.0;0.0;0.3983150460483676;0.28482059641647467;0.0;0.0;0.0;0.33209470538218977;0.0;0.0;0.0;0.0;0.0;0.3320901234433835;0.0;0.0;0.0;0.0;0.0;0.0;0.39743087636740304;0.0;0.0;0.0;0.37202654108072053;0.0;0.0;0.37202375112971076;0.0;0.0;0.0;0.0;0.0;0.4280455550159382;0.35155135104818724;0.0;0.0;0.0;0.0;0.26146186778523095;0.0;0.0;0.12625907740293585;0.12625907740293585;0.0;0.0;0.28538993609303;0.0;0.2975085397304531;0.0;0.0;0.0;0.0;0.0;0.0;0.33209470538218977;0.2407617807361181;0.0;0.0;0.3321094767089671;0.0;0.0;0.17332507753645837;0.3720461974117501;0.0;0.0;0.3500150337314343;0.0;0.0;0.7544947945860996;0.0;0.0;0.0;0.3958776174692267;0.0;0.1940115752924505;0.0;0.2734223569584814;0.0;0.0;0.0;0.35091753793615904;0.0;0.23188258893042718;0.0;0.0;0.0;0.0;0.0;0.0;0.2321322309302584;0.0;0.0;0.37222005867290425;0.20033298921805423;0.0;0.22335247122826765;0.0;0.2506813575393429;0.2501177417684689;0.2860753289364374;0.0;0.21567835402247396;0.0;0.3756862835412584;0.1087763542380391;0.30099797738653117;0.3002543026038131;0.0;0.0;0.1641879891682977;0.0;0.0;0.2321322309302584;0.3720461974117501;0.0;0.3153762844273511;0.21526537934928722;0.0;0.3730164323847148;0.0;0.37142405836776726;0.0;0.0;0.21419189071644804;0.0;0.0;0.0;0.31655898945218125;0.37317819426169485;0.2727826646398438;0.3720377410246612
GO:0051006;0.20172197251415255;0.0;0.09885358300664546;0.0;0.0;0.0;0.14605056686426393;0.13145994620229742;0.11028407411642613;0.12472374042181487;0.0;0.2317374259626395;0.0;0.18359365374418843;0.0;1.0;0.2722345574577018;0.14167397419748987;0.18359091207540312;0.0;0.0;0.15200673651039756;0.18266801824210457;0.2320250971067826;0.2404736958188704;0.1832309950829544;0.2509570880817707;0.1950654404722221;0.23214038896890027;0.17824887847502674;0.2404712933255402;0.15713050298734654;0.2334358289678473;0.17325267611949177;0.2615795921054983;0.26157835114382794;0.1451728104315291;0.0;0.13227928279246626;0.11996426582598853;0.18357784910606276;0.2607391946019246;0.1954383717246865;0.19543946769304843;0.26073782415461616;0.19509076444711934;0.18843790345187716;0.0;0.18953518100962682;0.0;0.0;0.0;0.24949847845017184;0.1484143937707015;0.2236963138520286;0.19515223103669502;0.0;0.17360300481052393;0.0;0.11028407411642613;0.11028407411642613;0.18302790375110858;0.19523604894131433;0.21499608208125615;0.2229323330245258;0.0;0.2505874192386553;0.24020081071593538;0.16394787483191187;0.19509721564652613;0.20184992790978662;0.4897244347027232;0.2404736958188704;0.0;0.48972540308307044;0.2408557888018631;0.24048144089033485;0.34072587853041386;0.18363624192932929;0.0;0.26074884978213186;0.7265290087195357;0.14844682671884601;0.0;0.24987712304142423;0.2207923054237404;0.0;0.2859664654043099;0.12461883588520412;0.23183570649408544;0.2722345574577018;0.21563426294426932;0.0;0.12962685524483022;0.2081332152775818;0.1948152924108594;0.2211215134569856;0.1734550834249275;0.25019126577779416;0.0;0.0;0.1600188609864945;0.2408914927032978;0.24102170081165739;0.0;0.22364661654213533;0.201581255886305;0.0;0.2401127787738429;0.6995174632213934;0.0;0.0;0.1686384953362178;0.0;0.0;0.0;0.0;0.0;0.11771919737522141;0.0;0.22368718313561722;0.0;0.0967076443739929;0.0;0.0;0.24113675090925857;0.5678087356671271;0.0;0.2019119944899826;0.17833471659195502;0.0;0.26074884978213186;0.13238448935380384;0.23158412812279802;0.0;0.26142211185808867;0.0;0.0;0.0;0.10552627192321268;0.19509548314110545;0.17194005136989235;0.20866456143716033;0.0;0.1892360649367639;0.0;0.0;0.0;0.26074469604632844
GO:0035556;0.33914822171593495;0.0;0.18481665237486125;0.29807116182441235;0.28509537832350634;0.23998023480660133;0.15900973383330572;0.3095685929881394;0.21206168901094566;0.23982072189214945;0.1951382218649444;0.5050540147260838;0.1945174034536863;0.3774656604988155;0.3958776174692267;0.2722345574577018;1.0;0.2775897800442685;0.377458806206199;0.3716969221531235;0.27094613549748925;0.3013260911508044;0.30023671429809656;0.505862449370784;0.8479600636848046;0.3765593816239953;0.5603730586737176;0.4065380841528708;0.5061866139576081;0.3641869384638104;0.746233181919239;0.17226184693153948;0.26878093538603637;0.3519234146617937;0.5921291278727606;0.5921253669683854;0.22853873718619908;0.37092686217474313;0.2564807469513754;0.22946750361879942;0.37742614881519143;0.8303474473841715;0.40749654254237777;0.4074993605116794;0.8303416107205249;0.4066031414902043;0.31183462732366535;0.0;0.3140581838293811;0.0;0.39745811534335357;0.33065250286408016;0.3288868744465834;0.2930109619567785;0.48268867323471926;0.40676106561538544;0.24972293656712788;0.35277867531467283;0.0;0.21206168901094566;0.21206168901094566;0.37605219682179303;0.40697645357179435;0.46628963773328136;0.3846148433583408;0.2824031895046491;0.5592834443167863;0.42342686760276815;0.32945971284853026;0.4066197152611862;0.42410908124129515;0.3509830427197736;0.8479600636848046;0.23077251877327531;0.35098391091993136;0.4249322562639871;0.7462742199061061;0.33897562904792045;0.3775721385141089;0.16808717109795196;0.8303885688799914;0.31365361198620384;0.2930857319806318;0.32929306346355525;0.3295451364802334;0.20561963155365012;0.3498485609894054;0.534960403290196;0.23959135602362727;0.40441697481731576;0.8800448626754314;0.4607065363014915;0.1874723451898795;0.2506004029213473;0.7051673825703316;0.405895664379216;0.20596234858382467;0.3524174684994461;0.7860291316080041;0.0;0.22260233988673525;0.32011795867435616;0.5310671806746815;0.4253139800860521;0.0;0.4825518271801432;0.4234078042034209;0.22283238981928957;0.5288309478384625;0.29862322489570153;0.3488731650807759;0.19336833445775983;0.34072342606954426;0.21472974236078132;0.0;0.23987048810805878;0.2393543869771697;0.2720813582967899;0.22462118693014754;0.20762729925905488;0.48266352971884846;0.3519164227215028;0.2886837023990208;0.2855454140508792;0.28487605156415396;0.5317723987288445;0.3136584210127588;0.15948027459181627;0.33954525876722275;0.36439888600060993;0.22283238981928957;0.8303885688799914;0.25671470009503156;0.7106911142860891;0.20724455362113553;0.34992566309608664;0.3495726755554227;0.0;0.3481737949560652;0.1987103878368997;0.40661526425791633;0.28143882724401736;0.4420490951470515;0.0;0.3916662456266165;0.29951263316201154;0.34971473933666786;0.2600299706174902;0.9435551676684039
GO:0140199;0.319033326791287;0.0;0.44763566633470664;0.0;0.0;0.0;0.40022377315302565;0.23470358212196074;0.14721537761893347;0.16202484757884472;0.0;0.34944787192028814;0.0;0.6320096081955684;0.0;0.14167397419748987;0.2775897800442685;1.0;0.38386657032464827;0.0;0.0;0.1879425378093141;0.2562034835824446;0.2513236359746205;0.2571105204228773;0.2575710067827899;0.26408658458824913;0.268875594482314;0.2514036244352474;0.21061703752500763;0.2571088960796126;0.1782368411973001;0.34524044659606384;0.2064563556929775;0.37701465725793354;0.2709334753047653;0.14540549588481025;0.0;0.1694616676127838;0.15723203838582894;0.2579087045784341;0.2704003684077198;0.22441047614192527;0.3122763437569795;0.27039949669249563;0.3118977499384615;0.26176320609667353;0.0;0.17587622965095692;0.0;0.0;0.0;0.15562468879300645;0.32973872512520025;0.24546863991156997;0.22418724243531893;0.0;0.2877005401078796;0.0;0.14721537761893347;0.14721537761893347;0.21453165734779464;0.31205554080741593;0.23918683810314145;0.24492390244658022;0.0;0.47109926280212816;0.20561847401466218;0.5835774395461087;0.6589177966664993;0.2293580422471015;0.18688676102953689;0.2571105204228773;0.0;0.18688700718198728;0.20597281596215433;0.2571157568409504;0.20193143420149454;0.6321111386058228;0.0;0.27040650978208686;0.15212857638927144;0.18470350790495244;0.0;0.15577192174943863;0.20268641785733318;0.0;0.28586827607954424;0.22531760522422856;0.2511921764398047;0.2775897800442685;0.5198348148236526;0.0;0.16687448188576556;0.2341076304848281;0.26864119562478334;0.20292561196703274;0.6856416436274239;0.2635844362956052;0.0;0.0;0.19508541279597577;0.5085252171794109;0.206062461503873;0.0;0.34152908356133893;0.2291527879270462;0.0;0.25686636795363116;0.14850328309750085;0.0;0.0;0.28185606343866604;0.0;0.0;0.0;0.0;0.0;0.21560652451566112;0.0;0.2454621371932636;0.0;0.184415812186033;0.0;0.0;0.25755836118325987;0.15212970768139164;0.0;0.18359374010583362;0.21068790714045155;0.0;0.27040650978208686;0.4984672174209155;0.25101743188038755;0.0;0.16018180468551382;0.0;0.0;0.0;0.2808530074190806;0.4002116443414236;0.1214527335336262;0.2345048809358183;0.0;0.2633626814313016;0.0;0.0;0.0;0.2704038677352336
GO:0046628;0.2347815220912973;0.0;0.2764074970472336;0.0;0.0;0.0;0.24332869049956135;0.20097416525006978;0.13704686879780034;0.26664409194005834;0.0;0.3301468374204613;0.0;0.48280559953471447;0.0;0.18359091207540312;0.377458806206199;0.38386657032464827;1.0;0.0;0.0;0.31860484396558275;0.26921228526539914;0.3304920947152807;0.34057212420792227;0.2699352098118604;0.35292110183427816;0.3965924505759539;0.33063042789671593;0.36669777906432155;0.34056927413860505;0.1458983949459866;0.3743643061883496;0.35767903594003025;0.3652581308388769;0.5082725890718091;0.21974190854340545;0.0;0.28124048252538775;0.25736613523779917;0.2703803241944991;0.3642884487898368;0.39724747151746376;0.28547280826129606;0.36428686662988397;0.2850326833965159;0.27659445844455494;0.0;0.27799160848425675;0.0;0.0;0.0;0.20772103526363583;0.658870679453372;0.44590956479480426;0.2851102805718581;0.0;0.25749255192248427;0.0;0.13704686879780034;0.13704686879780034;0.2696744840036257;0.2852160839773414;0.2479490204939564;0.25570743272280616;0.0;0.6293753417465031;0.3402483424441363;0.43717289934714976;0.5089460130906334;0.40845583624503545;0.300377581030464;0.34057212420792227;0.0;0.30037808993515464;0.272923383614364;0.34058131209577897;0.2500604139998544;0.4829031546967225;0.0;0.36429959546229784;0.20153894213464751;0.3119407559624463;0.0;0.207983424830618;0.1691384023822156;0.0;0.3144641330355429;0.19147029328429493;0.26431174852810385;0.377458806206199;0.4334178806855211;0.0;0.27613465141495147;0.3013503062183631;0.28468483800755684;0.16937022861160514;0.4594143348808796;0.35202487721577586;0.0;0.0;0.33347947316659227;0.6089829443906862;0.3412219790713863;0.0;0.3203808395686974;0.4079881578005461;0.0;0.3401438659262797;0.19522513942113356;0.0;0.0;0.2510102682256798;0.0;0.0;0.0;0.0;0.0;0.18178814344515423;0.0;0.4458941444362313;0.0;0.21108065781103857;0.0;0.0;0.47501686591634235;0.20154092764501005;0.0;0.2936036431530226;0.26362864451831985;0.0;0.36429959546229784;0.36112368524318283;0.3299627972314209;0.0;0.21592024974771548;0.0;0.0;0.0;0.4833997471049804;0.8379441094346274;0.15100974845603146;0.42026011565701743;0.0;0.3863092494206169;0.0;0.0;0.0;0.36429480009216203
