;GO:0051491;GO:0051092;GO:0002479;GO:0002755;GO:2000510;GO:0019886;GO:0050830;GO:0042308;GO:0007263;GO:0002885;GO:2000525;GO:0001954;GO:0002922;GO:2000526;GO:0002408;GO:2000522;GO:0072610;GO:0010942;GO:2000121;GO:0031623;GO:0051897;GO:0071404;GO:0070508;GO:0045429;GO:0034695;GO:0043123;GO:0042953;GO:0002576;GO:0002456;GO:0019221;GO:0050852;GO:0050731;GO:0038124;GO:1904646;GO:0050862;GO:0002503;GO:2000547;GO:2000669;GO:0002506;GO:0010886;GO:0032496;GO:0038116;GO:0038115;GO:0055096;GO:0030194;GO:0002286;GO:0032760;GO:0051209;GO:0071731;GO:0019722;GO:0007186;GO:0031274;GO:0090023;GO:0043552;GO:0043277;GO:0043312;GO:0042102;GO:1900227;GO:0045860;GO:0044130;GO:0045065;GO:0010628;GO:0002606;GO:0071447;GO:0016045;GO:0030299;GO:0001916;GO:0010744;GO:0032755;GO:0071726;GO:0044539;GO:0019934;GO:0060100;GO:0090630;GO:0000122;GO:0060907;GO:0097022;GO:0097029;GO:0070543;GO:0050776;GO:2000334;GO:0140052;GO:0060333;GO:0050706;GO:0034121;GO:0007169;GO:0007204;GO:1990000;GO:0032735;GO:0045089;GO:0071222;GO:0071223;GO:0046330;GO:0045087;GO:0030838;GO:0070374;GO:0071345;GO:0050702
GO:0051491;1.0;0.13888888888888884;0.0;0.13157894736842102;0.15384615384615385;0.0;0.0;0.07317073170731703;0.19047619047619047;0.10810810810810811;0.17647058823529416;0.18181818181818177;0.16666666666666663;0.15384615384615385;0.0;0.23076923076923073;0.0;0.33333333333333337;0.14814814814814814;0.0;0.2142857142857143;0.0;0.0;0.17142857142857137;0.0;0.2142857142857143;0.0;0.0;0.0;0.19999999999999996;0.1515151515151515;0.14634146341463417;0.13157894736842102;0.0;0.1875;0.0;0.5882352941176471;0.1428571428571429;0.0;0.16666666666666663;0.0;0.18181818181818177;0.18181818181818177;0.19999999999999996;0.11764705882352944;0.0;0.16666666666666663;0.06666666666666665;0.0;0.19047619047619047;0.21052631578947367;0.8888888888888888;0.13953488372093026;0.13953488372093026;0.0;0.0;0.1428571428571429;0.5;0.12244897959183676;0.11538461538461542;0.0;0.18181818181818177;0.18181818181818177;0.0;0.0;0.0;0.09999999999999998;0.2727272727272727;0.18181818181818177;0.0;0.0;0.18181818181818177;0.2857142857142857;0.07999999999999996;0.08163265306122447;0.11428571428571432;0.0;0.0;0.0;0.1578947368421053;0.38095238095238093;0.0;0.19047619047619047;0.12121212121212122;0.15384615384615385;0.19047619047619047;0.05714285714285716;0.0;0.18181818181818177;0.14814814814814814;0.0;0.0;0.10169491525423724;0.0;0.2564102564102564;0.1132075471698113;0.0;0.0
GO:0051092;0.13888888888888884;1.0;0.0;0.11111111111111116;0.1063829787234043;0.0;0.0;0.0625;0.1428571428571429;0.09090909090909094;0.11904761904761907;0.13793103448275867;0.12903225806451613;0.368421052631579;0.0;0.1470588235294118;0.0;0.1923076923076923;0.1875;0.0;0.13888888888888884;0.0;0.0;0.26315789473684215;0.0;0.13888888888888884;0.0;0.0;0.0;0.14814814814814814;0.125;0.2272727272727273;0.11111111111111116;0.0;0.125;0.0;0.1333333333333333;0.11428571428571432;0.0;0.12903225806451613;0.0;0.13793103448275867;0.13793103448275867;0.14814814814814814;0.09756097560975607;0.0;0.12903225806451613;0.05970149253731338;0.0;0.1428571428571429;0.15384615384615385;0.13888888888888884;0.0980392156862745;0.21739130434782605;0.0;0.0;0.09999999999999998;0.15625;0.24;0.09090909090909094;0.0;0.2692307692307693;0.13793103448275867;0.0;0.0;0.0;0.08510638297872342;0.16666666666666663;0.13793103448275867;0.0;0.0;0.13793103448275867;0.13157894736842102;0.1333333333333333;0.46341463414634143;0.09523809523809523;0.0;0.0;0.0;0.11538461538461542;0.16129032258064513;0.0;0.1428571428571429;0.09999999999999998;0.12121212121212122;0.1428571428571429;0.04761904761904767;0.0;0.13793103448275867;0.11764705882352944;0.0;0.0;0.16129032258064513;0.0;0.0980392156862745;0.1785714285714286;0.0;0.0
GO:0002479;0.0;0.0;1.0;0.0625;0.0;0.6;0.0;0.0;0.0;0.0;0.0;0.0;0.0;0.0;0.09523809523809523;0.0;0.0;0.0;0.0;0.0;0.0;0.0;0.0;0.0;0.0;0.0;0.0;0.0;0.1333333333333333;0.0;0.07407407407407407;0.0;0.0625;0.0;0.0;0.0;0.0;0.0;0.0;0.0;0.0;0.0;0.0;0.0;0.0;0.11764705882352944;0.0;0.0;0.0;0.0;0.0;0.0;0.0;0.0;0.0;0.0714285714285714;0.0;0.0;0.0;0.0;0.10526315789473684;0.0;0.0;0.0;0.0;0.0;0.0;0.0;0.0;0.0;0.0;0.0;0.0;0.0;0.0;0.0;0.125;0.0;0.0;0.0;0.0;0.0;0.0;0.0;0.0;0.0;0.0;0.0;0.0;0.0;0.0;0.0;0.0;0.16666666666666663;0.0;0.0;0.0;0.0
GO:0002755;0.13157894736842102;0.11111111111111116;0.0625;1.0;0.19999999999999996;0.0625;0.0;0.06000000000000005;0.2142857142857143;0.3513513513513513;0.16666666666666663;0.12903225806451613;0.37037037037037035;0.10204081632653061;0.07894736842105265;0.20588235294117652;0.04761904761904767;0.1785714285714286;0.17647058823529416;0.05128205128205132;0.19444444444444442;0.05714285714285716;0.0;0.11111111111111116;0.0;0.19444444444444442;0.0;0.05882352941176472;0.06060606060606055;0.2222222222222222;0.5666666666666667;0.0980392156862745;1.0;0.046511627906976716;0.3055555555555556;0.06060606060606055;0.125;0.10810810810810811;0.06060606060606055;0.12121212121212122;0.0;0.2068965517241379;0.2068965517241379;0.2222222222222222;0.17500000000000004;0.08823529411764708;0.12121212121212122;0.07352941176470584;0.0;0.2142857142857143;0.23076923076923073;0.13157894736842102;0.18367346938775508;0.09433962264150941;0.0;0.06666666666666665;0.14;0.1470588235294118;0.0847457627118644;0.08571428571428574;0.08333333333333337;0.12903225806451613;0.2068965517241379;0.05405405405405406;0.0;0.0;0.2325581395348837;0.15625;0.12903225806451613;0.04878048780487809;0.0;0.2068965517241379;0.125;0.05882352941176472;0.06896551724137934;0.26315789473684215;0.09090909090909094;0.06060606060606055;0.0;0.1923076923076923;0.1515151515151515;0.05714285714285716;0.2142857142857143;0.09523809523809523;0.3448275862068966;0.2142857142857143;0.06976744186046513;0.05555555555555558;0.12903225806451613;0.5384615384615384;0.046511627906976716;0.050000000000000044;0.12121212121212122;0.06666666666666665;0.11538461538461542;0.11475409836065575;0.06060606060606055;0.046511627906976716
GO:2000510;0.15384615384615385;0.1063829787234043;0.0;0.19999999999999996;1.0;0.0;0.0;0.07843137254901966;0.125;0.23809523809523814;0.18604651162790697;0.12121212121212122;0.25806451612903225;0.12;0.0;0.22857142857142854;0.0;0.2068965517241379;0.1351351351351351;0.0;0.21621621621621623;0.0;0.0;0.13043478260869568;0.0;0.21621621621621623;0.0;0.0;0.0;0.12903225806451613;0.22499999999999998;0.11538461538461542;0.19999999999999996;0.0;0.2564102564102564;0.0;0.11764705882352944;0.10256410256410253;0.0;0.1470588235294118;0.0;0.12121212121212122;0.12121212121212122;0.12903225806451613;0.16666666666666663;0.0;0.11428571428571432;0.0714285714285714;0.0;0.125;0.1333333333333333;0.15384615384615385;0.8181818181818181;0.11111111111111116;0.0;0.0;0.1568627450980392;0.17142857142857137;0.09999999999999998;0.08108108108108103;0.0;0.12121212121212122;0.19354838709677424;0.0;0.0;0.0;0.17021276595744683;0.18181818181818177;0.12121212121212122;0.0;0.0;0.12121212121212122;0.17500000000000004;0.05555555555555558;0.06666666666666665;0.19047619047619047;0.0;0.0;0.0;0.1785714285714286;0.17647058823529416;0.0;0.125;0.11627906976744184;0.17142857142857137;0.125;0.04347826086956519;0.0;0.12121212121212122;0.23529411764705888;0.0;0.0;0.11764705882352944;0.0;0.11111111111111116;0.12903225806451613;0.0;0.0
GO:0019886;0.0;0.0;0.6;0.0625;0.0;1.0;0.0;0.0;0.0;0.0;0.0;0.0;0.0;0.0;0.09523809523809523;0.0;0.0;0.0;0.0;0.0;0.0;0.0;0.0;0.0;0.0;0.0;0.0;0.0;0.1333333333333333;0.0;0.07407407407407407;0.0;0.0625;0.0;0.0;0.0;0.0;0.0;0.0;0.0;0.0;0.0;0.0;0.0;0.0;0.11764705882352944;0.0;0.0;0.0;0.0;0.0;0.0;0.0;0.0;0.0;0.0714285714285714;0.0;0.0;0.0;0.0;0.10526315789473684;0.0;0.0;0.0;0.0;0.0;0.0;0.0;0.0;0.0;0.0;0.0;0.0;0.0;0.0;0.0;0.125;0.0;0.0;0.0;0.0;0.0;0.0;0.0;0.0;0.0;0.0;0.0;0.0;0.0;0.0;0.0;0.0;0.16666666666666663;0.0;0.0;0.0;0.0
GO:0050830;0.0;0.0;0.0;0.0;0.0;0.0;1.0;0.0;0.0;0.0;0.0;0.0;0.0;0.0;0.0;0.0;0.0;0.0;0.0;0.0;0.0;0.09523809523809523;0.0;0.0;0.08695652173913049;0.0;0.0;0.0;0.10526315789473684;0.0;0.0;0.0;0.0;0.06896551724137934;0.0;0.0;0.0;0.0;0.0;0.0;0.2941176470588235;0.0;0.0;0.0;0.0;0.0;0.0;0.0;0.15000000000000002;0.0;0.0;0.0;0.0;0.0;0.0;0.0;0.0;0.0;0.0;0.0;0.0;0.0;0.0;0.13636363636363635;0.5;0.0;0.0;0.0;0.0;0.20833333333333337;0.0;0.0;0.0;0.0;0.0;0.0;0.0;0.0;0.11111111111111116;0.0;0.0;0.09523809523809523;0.0;0.0;0.0;0.0;0.0;0.0;0.0;0.0;0.1923076923076923;0.21739130434782605;0.0;0.2857142857142857;0.0;0.0;0.10526315789473684;0.0
GO:0042308;0.07317073170731703;0.0625;0.0;0.06000000000000005;0.07843137254901966;0.0;0.0;1.0;0.09375;0.0625;0.06382978723404253;0.09090909090909094;0.08571428571428574;0.05769230769230771;0.0;0.07692307692307687;0.0;0.09677419354838712;0.07894736842105265;0.0;0.07317073170731703;0.0;0.0;0.0625;0.0;0.07317073170731703;0.0;0.0;0.0;0.09677419354838712;0.06666666666666665;0.05555555555555558;0.06000000000000005;0.0;0.06666666666666665;0.0;0.08823529411764708;0.10526315789473684;0.0;0.11764705882352944;0.0;0.09090909090909094;0.09090909090909094;0.09677419354838712;0.06666666666666665;0.0;0.08571428571428574;0.07246376811594202;0.0;0.09375;0.09999999999999998;0.07317073170731703;0.07272727272727275;0.0535714285714286;0.0;0.0;0.054545454545454564;0.08108108108108103;0.048387096774193505;0.11428571428571432;0.0;0.09090909090909094;0.09090909090909094;0.0;0.0;0.0;0.05882352941176472;0.08571428571428574;0.09090909090909094;0.0;0.0;0.09090909090909094;0.12195121951219512;0.05714285714285716;0.06779661016949157;0.06521739130434778;0.0;0.0;0.0;0.10344827586206895;0.08333333333333337;0.0;0.09375;0.23684210526315785;0.08108108108108103;0.09375;0.0444444444444444;0.0;0.09090909090909094;0.07894736842105265;0.0;0.0;0.04166666666666663;0.0;0.0535714285714286;0.045454545454545414;0.0;0.0
GO:0007263;0.19047619047619047;0.1428571428571429;0.0;0.2142857142857143;0.125;0.0;0.0;0.09375;1.0;0.10344827586206895;0.14814814814814814;0.2142857142857143;0.1875;0.125;0.09523809523809523;0.21052631578947367;0.08333333333333337;0.36363636363636365;0.2222222222222222;0.09523809523809523;0.19047619047619047;0.11764705882352944;0.0;0.1428571428571429;0.0;0.19047619047619047;0.0;0.125;0.0;0.6666666666666667;0.26086956521739135;0.11764705882352944;0.2142857142857143;0.07999999999999996;0.16000000000000003;0.1333333333333333;0.2857142857142857;0.21052631578947367;0.1333333333333333;0.1875;0.0;0.5454545454545454;0.5454545454545454;0.6666666666666667;0.11538461538461542;0.11764705882352944;0.1875;0.09999999999999998;0.0;1.0;0.75;0.19047619047619047;0.11111111111111116;0.11111111111111116;0.0;0.0714285714285714;0.11428571428571432;0.23529411764705888;0.09523809523809523;0.17647058823529416;0.10526315789473684;0.2142857142857143;0.2142857142857143;0.10526315789473684;0.0;0.0;0.09375;0.2666666666666667;0.2142857142857143;0.08695652173913049;0.0;0.8888888888888888;0.17391304347826086;0.125;0.09999999999999998;0.11111111111111116;0.125;0.1333333333333333;0.0;0.30000000000000004;0.25;0.11764705882352944;0.6;0.16666666666666663;0.23529411764705888;0.6;0.12;0.11111111111111116;0.2142857142857143;0.1578947368421053;0.07999999999999996;0.09090909090909094;0.07692307692307687;0.0;0.1428571428571429;0.08695652173913049;0.1333333333333333;0.07999999999999996
GO:0002885;0.10810810810810811;0.09090909090909094;0.0;0.3513513513513513;0.23809523809523814;0.0;0.0;0.0625;0.10344827586206895;1.0;0.14634146341463417;0.13793103448275867;0.4;0.08333333333333337;0.0;0.18181818181818177;0.0;0.14814814814814814;0.1515151515151515;0.0;0.17142857142857137;0.0;0.0;0.09090909090909094;0.0;0.17142857142857137;0.0;0.0;0.0;0.1071428571428571;0.2857142857142857;0.07999999999999996;0.3513513513513513;0.0;0.2857142857142857;0.0;0.09677419354838712;0.08333333333333337;0.0;0.12903225806451613;0.0;0.09999999999999998;0.09999999999999998;0.1071428571428571;0.21621621621621623;0.0;0.12903225806451613;0.044117647058823484;0.0;0.10344827586206895;0.11111111111111116;0.10810810810810811;0.21739130434782605;0.07692307692307687;0.0;0.0;0.12244897959183676;0.12121212121212122;0.06896551724137934;0.09090909090909094;0.0;0.13793103448275867;0.2222222222222222;0.0;0.0;0.0;0.24390243902439024;0.12903225806451613;0.13793103448275867;0.0;0.0;0.09999999999999998;0.10256410256410253;0.0625;0.052631578947368474;0.2777777777777778;0.0;0.0;0.0;0.20833333333333337;0.125;0.0;0.10344827586206895;0.07317073170731703;0.27586206896551724;0.10344827586206895;0.04761904761904767;0.0;0.13793103448275867;0.52;0.0;0.0;0.10769230769230764;0.0;0.07692307692307687;0.09999999999999998;0.0;0.0
GO:2000525;0.17647058823529416;0.11904761904761907;0.0;0.16666666666666663;0.18604651162790697;0.0;0.0;0.06382978723404253;0.14814814814814814;0.14634146341463417;1.0;0.23076923076923073;0.2142857142857143;0.1333333333333333;0.0;0.5833333333333333;0.0;0.25;0.12121212121212122;0.0;0.17647058823529416;0.0;0.0;0.14634146341463417;0.0;0.17647058823529416;0.0;0.0;0.0;0.15384615384615385;0.18918918918918914;0.12765957446808507;0.16666666666666663;0.0;0.2222222222222222;0.0;0.13793103448275867;0.11764705882352944;0.0;0.1333333333333333;0.0;0.1428571428571429;0.1428571428571429;0.15384615384615385;0.09999999999999998;0.0;0.1333333333333333;0.06060606060606055;0.0;0.14814814814814814;0.16000000000000003;0.17647058823529416;0.17021276595744683;0.12244897959183676;0.0;0.0;0.6875;0.19999999999999996;0.10909090909090913;0.09375;0.0;0.1428571428571429;0.23076923076923073;0.0;0.0;0.0;0.13636363636363635;0.2142857142857143;0.1428571428571429;0.0;0.0;0.1428571428571429;0.16666666666666663;0.06451612903225812;0.07272727272727275;0.15384615384615385;0.0;0.0;0.0;0.16666666666666663;0.2068965517241379;0.0;0.14814814814814814;0.10256410256410253;0.16129032258064513;0.14814814814814814;0.04878048780487809;0.0;0.1428571428571429;0.19354838709677424;0.0;0.0;0.09230769230769231;0.0;0.12244897959183676;0.10169491525423724;0.0;0.0
GO:0001954;0.18181818181818177;0.13793103448275867;0.0;0.12903225806451613;0.12121212121212122;0.0;0.0;0.09090909090909094;0.2142857142857143;0.13793103448275867;0.23076923076923073;1.0;0.25;0.12121212121212122;0.0;0.19999999999999996;0.0;0.33333333333333337;0.15000000000000002;0.0;0.18181818181818177;0.0;0.0;0.13793103448275867;0.0;0.18181818181818177;0.0;0.0;0.0;0.23076923076923073;0.15384615384615385;0.11428571428571432;0.12903225806451613;0.0;0.15384615384615385;0.0;0.1875;0.1428571428571429;0.0;0.25;0.0;0.19999999999999996;0.19999999999999996;0.23076923076923073;0.15384615384615385;0.0;0.25;0.05660377358490565;0.0;0.2142857142857143;0.25;0.18181818181818177;0.10810810810810811;0.10810810810810811;0.0;0.0;0.17647058823529416;0.2222222222222222;0.09302325581395354;0.16666666666666663;0.0;0.2857142857142857;0.2857142857142857;0.0;0.0;0.0;0.125;0.25;0.2857142857142857;0.0;0.0;0.19999999999999996;0.16666666666666663;0.11764705882352944;0.0714285714285714;0.14814814814814814;0.0;0.0;0.0;0.2727272727272727;0.23529411764705888;0.0;0.2142857142857143;0.11538461538461542;0.1578947368421053;0.2142857142857143;0.07407407407407407;0.0;0.2857142857142857;0.21052631578947367;0.0;0.0;0.07547169811320753;0.0;0.10810810810810811;0.08510638297872342;0.0;0.0
GO:0002922;0.16666666666666663;0.12903225806451613;0.0;0.37037037037037035;0.25806451612903225;0.0;0.0;0.08571428571428574;0.1875;0.4;0.2142857142857143;0.25;1.0;0.11428571428571432;0.0;0.30000000000000004;0.0;0.2857142857142857;0.19047619047619047;0.0;0.2727272727272727;0.0;0.0;0.12903225806451613;0.0;0.2727272727272727;0.0;0.0;0.0;0.19999999999999996;0.4545454545454546;0.10810810810810811;0.37037037037037035;0.0;0.4545454545454546;0.0;0.16666666666666663;0.13043478260869568;0.0;0.2222222222222222;0.0;0.17647058823529416;0.17647058823529416;0.19999999999999996;0.23076923076923073;0.0;0.2222222222222222;0.054545454545454564;0.0;0.1875;0.2142857142857143;0.16666666666666663;0.22857142857142854;0.10256410256410253;0.0;0.0;0.16666666666666663;0.19999999999999996;0.0888888888888889;0.15000000000000002;0.0;0.25;0.4285714285714286;0.0;0.0;0.0;0.3571428571428571;0.2222222222222222;0.25;0.0;0.0;0.17647058823529416;0.15384615384615385;0.10526315789473684;0.06818181818181823;0.4347826086956522;0.0;0.0;0.0;0.4545454545454546;0.21052631578947367;0.0;0.1875;0.1071428571428571;0.33333333333333337;0.1875;0.06896551724137934;0.0;0.25;0.6666666666666667;0.0;0.0;0.1132075471698113;0.0;0.10256410256410253;0.12765957446808507;0.0;0.0
GO:2000526;0.15384615384615385;0.368421052631579;0.0;0.10204081632653061;0.12;0.0;0.0;0.05769230769230771;0.125;0.08333333333333337;0.1333333333333333;0.12121212121212122;0.11428571428571432;1.0;0.0;0.16216216216216217;0.0;0.2068965517241379;0.16666666666666663;0.0;0.15384615384615385;0.0;0.0;0.4444444444444444;0.0;0.15384615384615385;0.0;0.0;0.0;0.12903225806451613;0.11363636363636365;0.41463414634146345;0.10204081632653061;0.0;0.13953488372093026;0.0;0.11764705882352944;0.10256410256410253;0.0;0.11428571428571432;0.0;0.12121212121212122;0.12121212121212122;0.12903225806451613;0.0888888888888889;0.0;0.11428571428571432;0.05633802816901412;0.0;0.125;0.1333333333333333;0.15384615384615385;0.11111111111111116;0.22448979591836737;0.0;0.0;0.1132075471698113;0.17142857142857137;0.34693877551020413;0.08108108108108103;0.0;0.27586206896551724;0.12121212121212122;0.0;0.0;0.0;0.07843137254901966;0.18181818181818177;0.12121212121212122;0.0;0.0;0.12121212121212122;0.14634146341463417;0.05555555555555558;0.2549019607843137;0.08695652173913049;0.0;0.0;0.0;0.09999999999999998;0.17647058823529416;0.0;0.125;0.09090909090909094;0.10810810810810811;0.125;0.04347826086956519;0.0;0.12121212121212122;0.10526315789473684;0.0;0.0;0.288135593220339;0.0;0.11111111111111116;0.3207547169811321;0.0;0.0
GO:0002408;0.0;0.0;0.09523809523809523;0.07894736842105265;0.0;0.09523809523809523;0.0;0.0;0.09523809523809523;0.0;0.0;0.0;0.0;0.0;1.0;0.0;0.06451612903225812;0.0;0.0;0.0714285714285714;0.0;0.08333333333333337;0.0;0.0;0.0;0.0;0.0;0.08695652173913049;0.09090909090909094;0.09999999999999998;0.09090909090909094;0.0;0.07894736842105265;0.0625;0.0;0.09090909090909094;0.0;0.0;0.09090909090909094;0.0;0.0;0.09090909090909094;0.09090909090909094;0.09999999999999998;0.0;0.13043478260869568;0.0;0.033333333333333326;0.0;0.09523809523809523;0.10526315789473684;0.0;0.0;0.0;0.0;0.08823529411764708;0.0;0.0;0.0;0.0;0.12;0.0;0.0;0.07692307692307687;0.0;0.0;0.0;0.0;0.0;0.06666666666666665;0.0;0.09090909090909094;0.0;0.0;0.0;0.0;0.47058823529411764;0.09090909090909094;0.0;0.0;0.0;0.08333333333333337;0.09523809523809523;0.0;0.0;0.09523809523809523;0.06060606060606055;0.07999999999999996;0.0;0.0;0.0625;0.06896551724137934;0.0;0.10526315789473684;0.0444444444444444;0.0;0.09090909090909094;0.0625
GO:2000522;0.23076923076923073;0.1470588235294118;0.0;0.20588235294117652;0.22857142857142854;0.0;0.0;0.07692307692307687;0.21052631578947367;0.18181818181818177;0.5833333333333333;0.19999999999999996;0.30000000000000004;0.16216216216216217;0.0;1.0;0.0;0.375;0.16000000000000003;0.0;0.23076923076923073;0.0;0.0;0.18181818181818177;0.0;0.23076923076923073;0.0;0.0;0.0;0.2222222222222222;0.24137931034482762;0.15384615384615385;0.20588235294117652;0.0;0.2857142857142857;0.0;0.19047619047619047;0.15384615384615385;0.0;0.18181818181818177;0.0;0.19999999999999996;0.19999999999999996;0.2222222222222222;0.125;0.0;0.18181818181818177;0.06896551724137934;0.0;0.21052631578947367;0.23529411764705888;0.23076923076923073;0.20512820512820518;0.14634146341463417;0.0;0.0;0.4375;0.2727272727272727;0.12765957446808507;0.125;0.0;0.19999999999999996;0.33333333333333337;0.0;0.0;0.0;0.16666666666666663;0.30000000000000004;0.19999999999999996;0.0;0.0;0.19999999999999996;0.2142857142857143;0.08695652173913049;0.08510638297872342;0.19354838709677424;0.0;0.0;0.0;0.25;0.2857142857142857;0.0;0.21052631578947367;0.12903225806451613;0.21739130434782605;0.21052631578947367;0.06060606060606055;0.0;0.19999999999999996;0.26086956521739135;0.0;0.0;0.10526315789473684;0.0;0.14634146341463417;0.11764705882352944;0.0;0.0
GO:0072610;0.0;0.0;0.0;0.04761904761904767;0.0;0.0;0.0;0.0;0.08333333333333337;0.0;0.0;0.0;0.0;0.0;0.06451612903225812;0.0;1.0;0.0;0.0;0.1785714285714286;0.0;0.07407407407407407;0.21739130434782605;0.0;0.0;0.0;0.631578947368421;0.33333333333333337;0.0;0.08695652173913049;0.05405405405405406;0.0;0.04761904761904767;0.05714285714285716;0.0;0.07999999999999996;0.0;0.0;0.07999999999999996;0.0;0.0;0.07999999999999996;0.07999999999999996;0.08695652173913049;0.0;0.07407407407407407;0.0;0.08333333333333337;0.0;0.08333333333333337;0.09090909090909094;0.0;0.0;0.0;0.18181818181818177;0.21212121212121215;0.0;0.0;0.0;0.0;0.06896551724137934;0.0;0.0;0.06896551724137934;0.0;0.18518518518518523;0.0;0.0;0.0;0.06060606060606055;0.18518518518518523;0.07999999999999996;0.0;0.0;0.0;0.0;0.07692307692307687;0.07999999999999996;0.0;0.0;0.0;0.07407407407407407;0.08333333333333337;0.0;0.0;0.08333333333333337;0.05555555555555558;0.0714285714285714;0.0;0.0;0.05714285714285716;0.0625;0.0;0.0;0.04166666666666663;0.0;0.07999999999999996;0.9473684210526316
GO:0010942;0.33333333333333337;0.1923076923076923;0.0;0.1785714285714286;0.2068965517241379;0.0;0.0;0.09677419354838712;0.36363636363636365;0.14814814814814814;0.25;0.33333333333333337;0.2857142857142857;0.2068965517241379;0.0;0.375;0.0;1.0;0.23529411764705888;0.0;0.33333333333333337;0.0;0.0;0.24;0.0;0.33333333333333337;0.0;0.0;0.0;0.4;0.21739130434782605;0.19354838709677424;0.1785714285714286;0.0;0.2727272727272727;0.0;0.3076923076923077;0.2941176470588235;0.0;0.2857142857142857;0.0;0.33333333333333337;0.33333333333333337;0.4;0.16666666666666663;0.0;0.2857142857142857;0.07999999999999996;0.0;0.36363636363636365;0.4444444444444444;0.33333333333333337;0.18181818181818177;0.18181818181818177;0.0;0.0;0.1875;0.4285714285714286;0.15384615384615385;0.1875;0.0;0.33333333333333337;0.33333333333333337;0.0;0.0;0.0;0.1333333333333333;0.5;0.33333333333333337;0.0;0.0;0.33333333333333337;0.30000000000000004;0.1333333333333333;0.10256410256410253;0.16000000000000003;0.0;0.0;0.0;0.33333333333333337;0.46153846153846156;0.0;0.36363636363636365;0.17391304347826086;0.25;0.36363636363636365;0.07999999999999996;0.0;0.33333333333333337;0.23529411764705888;0.0;0.0;0.12244897959183676;0.0;0.18181818181818177;0.13953488372093026;0.0;0.0
GO:2000121;0.14814814814814814;0.1875;0.0;0.17647058823529416;0.1351351351351351;0.0;0.0;0.07894736842105265;0.2222222222222222;0.1515151515151515;0.12121212121212122;0.15000000000000002;0.19047619047619047;0.16666666666666663;0.0;0.16000000000000003;0.0;0.23529411764705888;1.0;0.0;0.1923076923076923;0.0;0.0;0.22580645161290325;0.0;0.1923076923076923;0.0;0.0;0.0;0.23529411764705888;0.16666666666666663;0.1578947368421053;0.17647058823529416;0.0;0.16666666666666663;0.0;0.19999999999999996;0.16000000000000003;0.0;0.13636363636363635;0.0;0.21052631578947367;0.21052631578947367;0.23529411764705888;0.16666666666666663;0.0;0.13636363636363635;0.07017543859649122;0.0;0.2222222222222222;0.25;0.14814814814814814;0.12195121951219512;0.15000000000000002;0.0;0.0;0.09756097560975607;0.17391304347826086;0.13043478260869568;0.13043478260869568;0.0;0.21052631578947367;0.15000000000000002;0.0;0.0;0.0;0.10810810810810811;0.19047619047619047;0.15000000000000002;0.0;0.0;0.21052631578947367;0.13793103448275867;0.09090909090909094;0.13636363636363635;0.125;0.0;0.0;0.0;0.2666666666666667;0.18181818181818177;0.0;0.2222222222222222;0.1333333333333333;0.2857142857142857;0.2222222222222222;0.0625;0.0;0.15000000000000002;0.21739130434782605;0.0;0.0;0.16981132075471694;0.0;0.09523809523809523;0.1428571428571429;0.0;0.0
GO:0031623;0.0;0.0;0.0;0.05128205128205132;0.0;0.0;0.0;0.0;0.09523809523809523;0.0;0.0;0.0;0.0;0.0;0.0714285714285714;0.0;0.1785714285714286;0.0;0.0;1.0;0.0;0.08333333333333337;0.19047619047619047;0.0;0.0;0.0;0.16666666666666663;0.3157894736842105;0.0;0.09999999999999998;0.05882352941176472;0.0;0.05128205128205132;0.0625;0.0;0.09090909090909094;0.0;0.0;0.09090909090909094;0.0;0.0;0.09090909090909094;0.09090909090909094;0.09999999999999998;0.0;0.08333333333333337;0.0;0.08771929824561409;0.0;0.09523809523809523;0.10526315789473684;0.0;0.0;0.0;0.4375;0.19354838709677424;0.0;0.0;0.0;0.0;0.07692307692307687;0.0;0.0;0.07692307692307687;0.0;0.16000000000000003;0.0;0.0;0.0;0.06666666666666665;0.16000000000000003;0.09090909090909094;0.0;0.0;0.0;0.0;0.08695652173913049;0.09090909090909094;0.0;0.0;0.0;0.08333333333333337;0.09523809523809523;0.0;0.0;0.09523809523809523;0.06060606060606055;0.2272727272727273;0.0;0.0;0.0625;0.06896551724137934;0.0;0.0;0.0444444444444444;0.0;0.09090909090909094;0.1724137931034483
GO:0051897;0.2142857142857143;0.13888888888888884;0.0;0.19444444444444442;0.21621621621621623;0.0;0.0;0.07317073170731703;0.19047619047619047;0.17142857142857137;0.17647058823529416;0.18181818181818177;0.2727272727272727;0.15384615384615385;0.0;0.23076923076923073;0.0;0.33333333333333337;0.1923076923076923;0.0;1.0;0.0;0.0;0.17142857142857137;0.0;0.8888888888888888;0.0;0.0;0.0;0.19999999999999996;0.22580645161290325;0.14634146341463417;0.19444444444444442;0.0;0.5833333333333333;0.0;0.17391304347826086;0.1428571428571429;0.0;0.16666666666666663;0.0;0.18181818181818177;0.18181818181818177;0.19999999999999996;0.1875;0.0;0.16666666666666663;0.06666666666666665;0.0;0.19047619047619047;0.21052631578947367;0.2142857142857143;0.19512195121951215;0.13953488372093026;0.0;0.0;0.1428571428571429;0.25;0.12244897959183676;0.11538461538461542;0.0;0.18181818181818177;0.18181818181818177;0.0;0.0;0.0;0.1578947368421053;0.2727272727272727;0.18181818181818177;0.0;0.0;0.18181818181818177;0.19999999999999996;0.07999999999999996;0.08163265306122447;0.18181818181818177;0.0;0.0;0.0;0.2222222222222222;0.26086956521739135;0.0;0.19047619047619047;0.12121212121212122;0.36363636363636365;0.19047619047619047;0.05714285714285716;0.0;0.18181818181818177;0.24;0.0;0.0;0.326530612244898;0.0;0.13953488372093026;0.37209302325581395;0.0;0.0
GO:0071404;0.0;0.0;0.0;0.05714285714285716;0.0;0.0;0.09523809523809523;0.0;0.11764705882352944;0.0;0.0;0.0;0.0;0.0;0.08333333333333337;0.0;0.07407407407407407;0.0;0.0;0.08333333333333337;0.0;1.0;0.0;0.0;0.26315789473684215;0.0;0.0;0.10526315789473684;0.11111111111111116;0.125;0.06666666666666665;0.0;0.05714285714285716;0.4285714285714286;0.0;0.11111111111111116;0.0;0.0;0.11111111111111116;0.0;0.23529411764705888;0.11111111111111116;0.11111111111111116;0.125;0.0;0.09999999999999998;0.0;0.0357142857142857;0.2222222222222222;0.11764705882352944;0.1333333333333333;0.0;0.0;0.0;0.0;0.06451612903225812;0.0;0.0;0.0;0.0;0.09090909090909094;0.0;0.0;0.26315789473684215;0.09523809523809523;0.0;0.0;0.0;0.0;0.2727272727272727;0.0;0.11111111111111116;0.0;0.0;0.0;0.0;0.10526315789473684;0.11111111111111116;0.2666666666666667;0.0;0.0;1.0;0.11764705882352944;0.0;0.0;0.11764705882352944;0.06896551724137934;0.09523809523809523;0.0;0.0;0.25;0.2857142857142857;0.0;0.1333333333333333;0.04878048780487809;0.0;0.4285714285714286;0.0714285714285714
GO:0070508;0.0;0.0;0.0;0.0;0.0;0.0;0.0;0.0;0.0;0.0;0.0;0.0;0.0;0.0;0.0;0.0;0.21739130434782605;0.0;0.0;0.19047619047619047;0.0;0.0;1.0;0.0;0.0;0.0;0.2777777777777778;0.25;0.0;0.0;0.0;0.0;0.0;0.0;0.0;0.0;0.0;0.0;0.0;0.0;0.0;0.0;0.0;0.0;0.0;0.0;0.0;0.07547169811320753;0.0;0.0;0.0;0.0;0.0;0.0;0.2857142857142857;0.1428571428571429;0.0;0.0;0.0;0.0;0.0;0.0;0.0;0.0;0.0;0.6;0.0;0.0;0.0;0.0;0.33333333333333337;0.0;0.0;0.0;0.0;0.0;0.0;0.0;0.0;0.0;0.0;0.0;0.0;0.0;0.0;0.0;0.0;0.0;0.0;0.0;0.0;0.0;0.0;0.0;0.0;0.0;0.0;0.20833333333333337
GO:0045429;0.17142857142857137;0.26315789473684215;0.0;0.11111111111111116;0.13043478260869568;0.0;0.0;0.0625;0.1428571428571429;0.09090909090909094;0.14634146341463417;0.13793103448275867;0.12903225806451613;0.4444444444444444;0.0;0.18181818181818177;0.0;0.24;0.22580645161290325;0.0;0.17142857142857137;0.0;0.0;1.0;0.0;0.17142857142857137;0.0;0.0;0.0;0.14814814814814814;0.125;0.2857142857142857;0.11111111111111116;0.0;0.15384615384615385;0.0;0.1333333333333333;0.11428571428571432;0.0;0.16666666666666663;0.0;0.13793103448275867;0.13793103448275867;0.14814814814814814;0.125;0.0;0.12903225806451613;0.0757575757575758;0.0;0.1428571428571429;0.15384615384615385;0.17142857142857137;0.12;0.21739130434782605;0.0;0.0;0.12244897959183676;0.19354838709677424;0.24;0.09090909090909094;0.0;0.2222222222222222;0.13793103448275867;0.0;0.0;0.0;0.08510638297872342;0.2068965517241379;0.13793103448275867;0.0;0.0;0.13793103448275867;0.16216216216216217;0.0625;0.17647058823529416;0.09523809523809523;0.0;0.0;0.0;0.11538461538461542;0.19999999999999996;0.0;0.1428571428571429;0.09999999999999998;0.12121212121212122;0.1428571428571429;0.07317073170731703;0.0;0.13793103448275867;0.11764705882352944;0.0;0.0;0.19999999999999996;0.0;0.1428571428571429;0.2222222222222222;0.0;0.0
GO:0034695;0.0;0.0;0.0;0.0;0.0;0.0;0.08695652173913049;0.0;0.0;0.0;0.0;0.0;0.0;0.0;0.0;0.0;0.0;0.0;0.0;0.0;0.0;0.26315789473684215;0.0;0.0;1.0;0.0;0.0;0.0;0.09999999999999998;0.0;0.0;0.0;0.0;0.23076923076923073;0.0;0.0;0.0;0.0;0.0;0.0;0.3529411764705882;0.0;0.0;0.0;0.0;0.0;0.0;0.0;0.19999999999999996;0.0;0.0;0.0;0.0;0.0;0.0;0.0;0.0;0.0;0.0;0.0;0.0;0.0;0.0;0.18181818181818177;0.08695652173913049;0.0;0.0;0.0;0.0;0.15384615384615385;0.0;0.0;0.0;0.0;0.0;0.0;0.0;0.0;0.6153846153846154;0.0;0.0;0.26315789473684215;0.0;0.0;0.0;0.0;0.0;0.0;0.0;0.0;0.23076923076923073;0.20833333333333337;0.0;0.11764705882352944;0.0;0.0;0.2222222222222222;0.0
GO:0043123;0.2142857142857143;0.13888888888888884;0.0;0.19444444444444442;0.21621621621621623;0.0;0.0;0.07317073170731703;0.19047619047619047;0.17142857142857137;0.17647058823529416;0.18181818181818177;0.2727272727272727;0.15384615384615385;0.0;0.23076923076923073;0.0;0.33333333333333337;0.1923076923076923;0.0;0.8888888888888888;0.0;0.0;0.17142857142857137;0.0;1.0;0.0;0.0;0.0;0.19999999999999996;0.22580645161290325;0.14634146341463417;0.19444444444444442;0.0;0.5833333333333333;0.0;0.17391304347826086;0.1428571428571429;0.0;0.16666666666666663;0.0;0.18181818181818177;0.18181818181818177;0.19999999999999996;0.1875;0.0;0.16666666666666663;0.06666666666666665;0.0;0.19047619047619047;0.21052631578947367;0.2142857142857143;0.19512195121951215;0.13953488372093026;0.0;0.0;0.1428571428571429;0.25;0.12244897959183676;0.11538461538461542;0.0;0.18181818181818177;0.18181818181818177;0.0;0.0;0.0;0.1578947368421053;0.2727272727272727;0.18181818181818177;0.0;0.0;0.18181818181818177;0.19999999999999996;0.07999999999999996;0.08163265306122447;0.18181818181818177;0.0;0.0;0.0;0.2222222222222222;0.26086956521739135;0.0;0.19047619047619047;0.12121212121212122;0.36363636363636365;0.19047619047619047;0.05714285714285716;0.0;0.18181818181818177;0.24;0.0;0.0;0.326530612244898;0.0;0.13953488372093026;0.37209302325581395;0.0;0.0
GO:0042953;0.0;0.0;0.0;0.0;0.0;0.0;0.0;0.0;0.0;0.0;0.0;0.0;0.0;0.0;0.0;0.0;0.631578947368421;0.0;0.0;0.16666666666666663;0.0;0.0;0.2777777777777778;0.0;0.0;0.0;1.0;0.21052631578947367;0.0;0.0;0.0;0.0;0.0;0.0;0.0;0.0;0.0;0.0;0.0;0.0;0.0;0.0;0.0;0.0;0.0;0.0;0.0;0.0714285714285714;0.0;0.0;0.0;0.0;0.0;0.0;0.23529411764705888;0.12903225806451613;0.0;0.0;0.0;0.0;0.0;0.0;0.0;0.0;0.0;0.2272727272727273;0.0;0.0;0.0;0.0;0.2272727272727273;0.0;0.0;0.0;0.0;0.0;0.0;0.0;0.0;0.0;0.0;0.0;0.0;0.0;0.0;0.0;0.0;0.0;0.0;0.0;0.0;0.0;0.0;0.0;0.0;0.0;0.0;0.6
GO:0002576;0.0;0.0;0.0;0.05882352941176472;0.0;0.0;0.0;0.0;0.125;0.0;0.0;0.0;0.0;0.0;0.08695652173913049;0.0;0.33333333333333337;0.0;0.0;0.3157894736842105;0.0;0.10526315789473684;0.25;0.0;0.0;0.0;0.21052631578947367;1.0;0.0;0.1333333333333333;0.06896551724137934;0.0;0.05882352941176472;0.07407407407407407;0.0;0.11764705882352944;0.0;0.0;0.11764705882352944;0.0;0.0;0.11764705882352944;0.11764705882352944;0.1333333333333333;0.0;0.10526315789473684;0.0;0.09615384615384615;0.0;0.125;0.1428571428571429;0.0;0.0;0.0;0.3846153846153846;0.4545454545454546;0.0;0.0;0.0;0.0;0.09523809523809523;0.0;0.0;0.09523809523809523;0.0;0.19999999999999996;0.0;0.0;0.0;0.07999999999999996;0.19999999999999996;0.11764705882352944;0.0;0.0;0.0;0.0;0.11111111111111116;0.11764705882352944;0.0;0.0;0.0;0.10526315789473684;0.125;0.0;0.0;0.125;0.0714285714285714;0.09999999999999998;0.0;0.0;0.07407407407407407;0.08333333333333337;0.0;0.0;0.050000000000000044;0.0;0.11764705882352944;0.31818181818181823
GO:0002456;0.0;0.0;0.1333333333333333;0.06060606060606055;0.0;0.1333333333333333;0.10526315789473684;0.0;0.0;0.0;0.0;0.0;0.0;0.0;0.09090909090909094;0.0;0.0;0.0;0.0;0.0;0.0;0.11111111111111116;0.0;0.0;0.09999999999999998;0.0;0.0;0.0;1.0;0.0;0.0714285714285714;0.0;0.06060606060606055;0.07692307692307687;0.0;0.0;0.0;0.0;0.0;0.0;0.11764705882352944;0.0;0.0;0.0;0.0;0.17647058823529416;0.0;0.0;0.11111111111111116;0.0;0.0;0.0;0.0;0.0;0.0;0.1071428571428571;0.0;0.0;0.0;0.0;0.09999999999999998;0.0;0.0;0.09999999999999998;0.10526315789473684;0.0;0.0;0.0;0.0;0.08333333333333337;0.0;0.0;0.0;0.0;0.0;0.0;0.11764705882352944;0.0;0.1333333333333333;0.0;0.0;0.11111111111111116;0.0;0.0;0.0;0.0;0.0;0.0;0.0;0.0;0.07692307692307687;0.08695652173913049;0.0;0.36363636363636365;0.0;0.0;0.125;0.0
GO:0019221;0.19999999999999996;0.14814814814814814;0.0;0.2222222222222222;0.12903225806451613;0.0;0.0;0.09677419354838712;0.6666666666666667;0.1071428571428571;0.15384615384615385;0.23076923076923073;0.19999999999999996;0.12903225806451613;0.09999999999999998;0.2222222222222222;0.08695652173913049;0.4;0.23529411764705888;0.09999999999999998;0.19999999999999996;0.125;0.0;0.14814814814814814;0.0;0.19999999999999996;0.0;0.1333333333333333;0.0;1.0;0.33333333333333337;0.12121212121212122;0.2222222222222222;0.08333333333333337;0.16666666666666663;0.1428571428571429;0.3076923076923077;0.2222222222222222;0.1428571428571429;0.19999999999999996;0.0;0.7777777777777778;0.7777777777777778;0.75;0.12;0.125;0.19999999999999996;0.10204081632653061;0.0;0.6666666666666667;0.8571428571428572;0.19999999999999996;0.11428571428571432;0.11428571428571432;0.0;0.07407407407407407;0.11764705882352944;0.25;0.09756097560975607;0.1875;0.11111111111111116;0.23076923076923073;0.23076923076923073;0.11111111111111116;0.0;0.0;0.09677419354838712;0.2857142857142857;0.23076923076923073;0.09090909090909094;0.0;0.6;0.18181818181818177;0.1333333333333333;0.10256410256410253;0.11538461538461542;0.1333333333333333;0.1428571428571429;0.0;0.33333333333333337;0.2666666666666667;0.125;0.875;0.17391304347826086;0.25;0.875;0.125;0.11764705882352944;0.23076923076923073;0.16666666666666663;0.08333333333333337;0.09523809523809523;0.07843137254901966;0.0;0.1470588235294118;0.0888888888888889;0.1428571428571429;0.08333333333333337
GO:0050852;0.1515151515151515;0.125;0.07407407407407407;0.5666666666666667;0.22499999999999998;0.07407407407407407;0.0;0.06666666666666665;0.26086956521739135;0.2857142857142857;0.18918918918918914;0.15384615384615385;0.4545454545454546;0.11363636363636365;0.09090909090909094;0.24137931034482762;0.05405405405405406;0.21739130434782605;0.16666666666666663;0.05882352941176472;0.22580645161290325;0.06666666666666665;0.0;0.125;0.0;0.22580645161290325;0.0;0.06896551724137934;0.0714285714285714;0.33333333333333337;1.0;0.10869565217391308;0.5666666666666667;0.052631578947368474;0.3548387096774194;0.0714285714285714;0.14814814814814814;0.125;0.0714285714285714;0.1428571428571429;0.0;0.30434782608695654;0.30434782608695654;0.2727272727272727;0.16666666666666663;0.10344827586206895;0.1428571428571429;0.07936507936507942;0.0;0.26086956521739135;0.2857142857142857;0.1515151515151515;0.20454545454545459;0.10416666666666663;0.0;0.07499999999999996;0.15555555555555556;0.1724137931034483;0.09259259259259256;0.09999999999999998;0.09677419354838712;0.15384615384615385;0.25;0.0625;0.0;0.0;0.26315789473684215;0.18518518518518523;0.15384615384615385;0.05555555555555558;0.0;0.25;0.1428571428571429;0.06896551724137934;0.07547169811320753;0.303030303030303;0.1071428571428571;0.0714285714285714;0.0;0.23809523809523814;0.1785714285714286;0.06666666666666665;0.31818181818181823;0.10810810810810811;0.2592592592592593;0.31818181818181823;0.07894736842105265;0.06451612903225812;0.15384615384615385;0.4;0.052631578947368474;0.05714285714285716;0.11290322580645162;0.07999999999999996;0.12765957446808507;0.125;0.0714285714285714;0.052631578947368474
GO:0050731;0.14634146341463417;0.2272727272727273;0.0;0.0980392156862745;0.11538461538461542;0.0;0.0;0.05555555555555558;0.11764705882352944;0.07999999999999996;0.12765957446808507;0.11428571428571432;0.10810810810810811;0.41463414634146345;0.0;0.15384615384615385;0.0;0.19354838709677424;0.1578947368421053;0.0;0.14634146341463417;0.0;0.0;0.2857142857142857;0.0;0.14634146341463417;0.0;0.0;0.0;0.12121212121212122;0.10869565217391308;1.0;0.0980392156862745;0.0;0.1333333333333333;0.0;0.11111111111111116;0.09756097560975607;0.0;0.10810810810810811;0.0;0.11428571428571432;0.11428571428571432;0.12121212121212122;0.08510638297872342;0.0;0.10810810810810811;0.0547945205479452;0.0;0.11764705882352944;0.125;0.14634146341463417;0.1071428571428571;0.37777777777777777;0.0;0.0;0.10909090909090913;0.16216216216216217;0.7435897435897436;0.07692307692307687;0.0;0.25806451612903225;0.11428571428571432;0.0;0.0;0.0;0.07547169811320753;0.17142857142857137;0.11428571428571432;0.0;0.0;0.11428571428571432;0.13953488372093026;0.052631578947368474;0.1578947368421053;0.08333333333333337;0.0;0.0;0.0;0.09375;0.16666666666666663;0.0;0.11764705882352944;0.08695652173913049;0.10256410256410253;0.11764705882352944;0.04166666666666663;0.0;0.11428571428571432;0.09999999999999998;0.0;0.0;0.5918367346938775;0.0;0.1071428571428571;0.6744186046511628;0.0;0.0
GO:0038124;0.13157894736842102;0.11111111111111116;0.0625;1.0;0.19999999999999996;0.0625;0.0;0.06000000000000005;0.2142857142857143;0.3513513513513513;0.16666666666666663;0.12903225806451613;0.37037037037037035;0.10204081632653061;0.07894736842105265;0.20588235294117652;0.04761904761904767;0.1785714285714286;0.17647058823529416;0.05128205128205132;0.19444444444444442;0.05714285714285716;0.0;0.11111111111111116;0.0;0.19444444444444442;0.0;0.05882352941176472;0.06060606060606055;0.2222222222222222;0.5666666666666667;0.0980392156862745;1.0;0.046511627906976716;0.3055555555555556;0.06060606060606055;0.125;0.10810810810810811;0.06060606060606055;0.12121212121212122;0.0;0.2068965517241379;0.2068965517241379;0.2222222222222222;0.17500000000000004;0.08823529411764708;0.12121212121212122;0.07352941176470584;0.0;0.2142857142857143;0.23076923076923073;0.13157894736842102;0.18367346938775508;0.09433962264150941;0.0;0.06666666666666665;0.14;0.1470588235294118;0.0847457627118644;0.08571428571428574;0.08333333333333337;0.12903225806451613;0.2068965517241379;0.05405405405405406;0.0;0.0;0.2325581395348837;0.15625;0.12903225806451613;0.04878048780487809;0.0;0.2068965517241379;0.125;0.05882352941176472;0.06896551724137934;0.26315789473684215;0.09090909090909094;0.06060606060606055;0.0;0.1923076923076923;0.1515151515151515;0.05714285714285716;0.2142857142857143;0.09523809523809523;0.3448275862068966;0.2142857142857143;0.06976744186046513;0.05555555555555558;0.12903225806451613;0.5384615384615384;0.046511627906976716;0.050000000000000044;0.12121212121212122;0.06666666666666665;0.11538461538461542;0.11475409836065575;0.06060606060606055;0.046511627906976716
