;GO:0060124;GO:0060003;GO:0030073;GO:0006882;GO:0006366;GO:0022008;GO:0043267;GO:0043547;GO:0048715;GO:0006878;GO:0001821;GO:0071651;GO:0002878;GO:0070445;GO:0016055;GO:0010976;GO:0010656;GO:0051968;GO:0051205;GO:2000050;GO:0034260;GO:0015680;GO:0090263;GO:0043950;GO:0007189;GO:0008277;GO:0007218;GO:0045860;GO:0046034;GO:0010469;GO:0019433;GO:0032755;GO:0015677;GO:0008285;GO:0008284;GO:0045786;GO:0090274;GO:0008202;GO:0007595;GO:0045944;GO:0000122;GO:0045471;GO:0030326;GO:0032386;GO:0060253;GO:0060134;GO:0007565;GO:0021520;GO:0001541;GO:0001662;GO:0007204;GO:0002865;GO:0071385;GO:0097755;GO:0070374;GO:0050427;GO:0030036
GO:0060124;1.0;0.0;0.18578900565657866;0.16153472495886945;0.0;0.0;0.2925052610116533;0.15152947768994157;0.18772644125142568;0.16794226088657957;0.0;0.2445596347452466;0.1752912635717727;0.22833719660037843;0.262526596170342;0.2476439175945481;0.2336109108693682;0.4954794170880728;0.0;0.3577508224591266;0.19485337166788302;0.0;0.46488486677047147;0.464887655942184;0.23326822637108582;0.3666838620280406;0.26928724493907263;0.20817417511437364;0.0;0.35690416775051287;0.0;0.25654022541003946;0.0;0.26981063372078906;0.3754536263162154;0.2698082851255979;0.9331222629816381;0.0;0.20429626620977137;0.21826857128860983;0.1545733115623722;0.0;0.0;0.331533259470001;0.1875853908837875;0.2105231348951719;0.0;0.0;0.0;0.0;0.16157573895125504;0.15570213661543988;0.0;0.1903439353870739;0.3076833347779453;0.0;0.0
GO:0060003;0.0;1.0;0.2365456226179907;0.0;0.0;0.0;0.0;0.0;0.0;0.0;0.44509655504639134;0.0;0.0;0.0;0.0;0.0;0.0;0.0;0.2716820875904643;0.0;0.0;0.6498019982690348;0.0;0.0;0.0;0.0;0.0;0.0;0.0;0.0;0.0;0.0;0.7203454667430506;0.0;0.0;0.0;0.0;0.0;0.3620478433782837;0.0;0.0;0.0;0.0;0.0;0.0;0.0;0.0;0.0;0.0;0.0;0.0;0.0;0.0;0.0;0.0;0.0;0.0
GO:0030073;0.18578900565657866;0.2365456226179907;1.0;0.21631033850810383;0.10633079445914587;0.18177582919097834;0.15425805541853305;0.1622460370761373;0.11667536412839301;0.22538138370160582;0.3937681946871645;0.15437515255632206;0.1372962879829621;0.14349443222702404;0.2272529974618085;0.11031526850450728;0.14702099591601647;0.14355063680648802;0.3633006043286901;0.16236258395642988;0.15364440281625513;0.2530831705477404;0.13416837118156708;0.13416922323001051;0.20030525661426773;0.16671139279469638;0.23354187044093666;0.09202780489344993;0.09649253688372489;0.16195121029376797;0.12600698538023514;0.162473343471661;0.2737086002627479;0.1715061362037211;0.17150560273287965;0.1715045317041725;0.18578900565657866;0.0;0.44193892862798373;0.09667830196385614;0.09521489770976783;0.0;0.0;0.1764230054727527;0.11658324377932719;0.16689910966527027;0.0;0.17655092281920476;0.0;0.0;0.21636827573643888;0.12114296377453908;0.12334936751232516;0.2027775799501886;0.08707706567734588;0.09952158926493125;0.1713877803673054
GO:0006882;0.16153472495886945;0.0;0.21631033850810383;1.0;0.11508525902524679;0.20894806098148863;0.17339315032183464;0.18355104999891408;0.12730118371557633;0.8609806542677194;0.0;0.17354111407742934;0.15225068406310918;0.15991023571669494;0.25799084074098927;0.1197672895160268;0.16430218091722873;0.15998003863659968;0.0;0.1837002288201641;0.1726181953066353;0.0;0.14841379043344138;0.14841483302162697;0.22380853683508423;0.18928685001634513;0.2661264634347689;0.09851364570884073;0.10364742899303024;0.18317380033102687;0.13849140235213417;0.18384202595931978;0.0;0.19549225939952497;0.19549156627653552;0.1954901747222268;0.16153472495886945;0.0;0.2472787126959151;0.10386179489126378;0.10217473791514327;0.0;0.0;0.20190632308845743;0.12719152809370937;0.18952888595652456;0.0;0.20207388076729504;0.0;0.0;0.823231502472652;0.13263819259929127;0.13528777240048512;0.22712739104615742;0.0928619178517593;0.10715049626048163;0.19533849791213118
GO:0006366;0.0;0.0;0.10633079445914587;0.11508525902524679;1.0;0.16001084115038958;0.0;0.0;0.0;0.11947991039873095;0.0;0.0;0.0;0.0;0.14808534857979577;0.0;0.0;0.0;0.0;0.0;0.0;0.0;0.0;0.0;0.13226328454697858;0.0;0.15171813086675942;0.0;0.3915660661786895;0.0;0.2739034848654664;0.0;0.0;0.0;0.0;0.0;0.0;0.3148536094039215;0.0;0.0;0.0;0.0;0.0;0.0;0.0;0.0;0.0;0.1559482574592442;0.0;0.0;0.11511342860516663;0.0;0.11292609422604098;0.0;0.0;0.4030059917851727;0.15190603858169327
GO:0022008;0.0;0.0;0.18177582919097834;0.20894806098148863;0.16001084115038958;1.0;0.0;0.0;0.0;0.2239001756905698;0.0;0.0;0.0;0.0;0.350934977852296;0.0;0.0;0.0;0.0;0.0;0.0;0.0;0.0;0.0;0.2734223569584814;0.0;0.3720461974117501;0.0;0.13872590378999278;0.0;0.20915989636298554;0.0;0.0;0.0;0.0;0.0;0.0;0.0;0.0;0.0;0.0;0.0;0.3753743032377419;0.0;0.0;0.0;0.0;0.6750528217921197;0.3978631397400754;0.0;0.20904093716708172;0.0;0.20193790040558693;0.0;0.0;0.14507399090070103;0.37317819426169485
GO:0043267;0.2925052610116533;0.0;0.15425805541853305;0.17339315032183464;0.0;0.0;1.0;0.25063886700364607;0.2643055909733916;0.18356578661952638;0.0;0.31438888932556086;0.33088944114263363;0.2821854456953665;0.3532195020959357;0.19635702377832293;0.3653340238297047;0.28234610402833155;0.0;0.3395274985994549;0.39004559247587073;0.0;0.2562948055632035;0.2562971032988083;0.2917075624254533;0.35378997289631525;0.3687850006741294;0.1556663199260167;0.0;0.3381998899768054;0.0;0.33988557523061386;0.0;0.46234174111417015;0.37001141323769027;0.46233484485532395;0.2925052610116533;0.0;0.24913562178768572;0.16562561934435457;0.20300359091477382;0.0;0.0;0.5791093902268165;0.26402607737829886;0.4428514771789751;0.0;0.0;0.0;0.0;0.1734571029957805;0.27804366094590643;0.0;0.22225278948924881;0.1453369635886122;0.0;0.0
GO:0043547;0.15152947768994157;0.0;0.1622460370761373;0.18355104999891408;0.0;0.0;0.25063886700364607;1.0;0.16452915388682465;0.19498980109633596;0.0;0.2509481481464868;0.20873869232831996;0.22341016543225475;0.28476009586900347;0.15215862432622418;0.2320772455771548;0.22354643604526814;0.0;0.2727608693350779;0.5875997213244503;0.0;0.2015933123450078;0.2015952359576384;0.23150598920966006;0.28526187288931104;0.29850429737999035;0.2820626865494032;0.0;0.36751701203979903;0.0;0.2730736030910449;0.0;0.299593536182661;0.2995919083294895;0.29958864017467995;0.15152947768994157;0.0;0.2706570065061138;0.12737647670474317;0.12484832947709237;0.0;0.0;0.31492536132222704;0.16434603111222068;0.285811930386177;0.0;0.0;0.0;0.0;0.18362271679073253;0.17355475792892405;0.0;0.2392220760783537;0.11121935611106368;0.0;0.0
GO:0048715;0.18772644125142568;0.0;0.11667536412839301;0.12730118371557633;0.0;0.0;0.2643055909733916;0.16452915388682465;1.0;0.13270018992505106;0.0;0.26450890960133877;0.23489799014813637;0.625122980112344;0.28565334903623396;0.44353601321452835;0.3503158896831279;0.24573146393218737;0.0;0.2783874311228945;0.26324015841273857;0.0;0.22948436549706852;0.22948583977619896;0.25134979725256645;0.2859517701214584;0.29367579416145767;0.15683443868296199;0.0;0.27767218120952125;0.0;0.278580015939336;0.0;0.4095266696941278;0.29429746007789126;0.4095227813940429;0.18772644125142568;0.0;0.1638800495146124;0.16482592849871003;0.2258608298890827;0.0;0.0;0.24238347175995903;0.8488839690808544;0.2862784142720268;0.0;0.0;0.0;0.0;0.12733565179931278;0.20697218561966138;0.0;0.15180203223926572;0.1483340464315841;0.0;0.0
GO:0006878;0.16794226088657957;0.0;0.22538138370160582;0.8609806542677194;0.11947991039873095;0.2239001756905698;0.18356578661952638;0.19498980109633596;0.13270018992505106;1.0;0.0;0.1837316294471722;0.16003808319213444;0.1685230569358869;0.2745827364853492;0.12453419657889239;0.17340807259936433;0.16860058339174366;0.0;0.1951581612116406;0.18269746175449258;0.0;0.15580410623274443;0.15580525523858432;0.2361895390133512;0.20147540802417363;0.2838171718453993;0.10171619891985223;0.10719848077113554;0.19456412105336965;0.14490522117059987;0.19531820632522884;0.0;0.20852057659708728;0.20851978801137636;0.20851820480164207;0.16794226088657957;0.0;0.2626169196064858;0.10742780327047775;0.10562391616234976;0.0;0.0;0.21583403209845237;0.13258104014595523;0.201749640458671;0.0;0.21602551465005326;0.0;0.0;0.7684087765202627;0.13850982723192218;0.14140174010595896;0.240002485056061;0.09570225342592745;0.11095004038130213;0.20834564691385327
GO:0001821;0.0;0.44509655504639134;0.3937681946871645;0.0;0.0;0.0;0.0;0.0;0.0;0.0;1.0;0.0;0.0;0.0;0.0;0.0;0.0;0.0;0.29000234303406025;0.0;0.0;0.48816779551674616;0.0;0.0;0.0;0.0;0.0;0.0;0.0;0.0;0.0;0.0;0.5450136629854997;0.0;0.0;0.0;0.0;0.0;0.46468226047734396;0.0;0.0;0.0;0.0;0.0;0.0;0.0;0.0;0.0;0.0;0.0;0.0;0.0;0.0;0.0;0.0;0.0;0.0
GO:0071651;0.2445596347452466;0.0;0.15437515255632206;0.17354111407742934;0.0;0.0;0.31438888932556086;0.2509481481464868;0.26450890960133877;0.1837316294471722;0.0;1.0;0.2650667202449746;0.3529604240103438;0.3536734682767403;0.3416754119439897;0.29268870603045205;0.3531615834811182;0.0;0.3399469314328574;0.31250895379544075;0.0;0.3205459587068967;0.32054883514630994;0.29201711351505294;0.3542454075721326;0.3692798867651869;0.19461944501556924;0.0;0.33861604710950755;0.0;0.7558326948219335;0.0;0.37051143852398444;0.462961944485817;0.37050590455899385;0.2445596347452466;0.0;0.2494412018717667;0.20707840608509412;0.16256025289193993;0.0;0.0;0.38776502372981947;0.264228966033633;0.35487218812953075;0.0;0.0;0.0;0.0;0.17360517596518546;0.22269911370980153;0.0;0.22249594849294754;0.18169850049500516;0.0;0.0
GO:0002878;0.1752912635717727;0.0;0.1372962879829621;0.15225068406310918;0.0;0.0;0.33088944114263363;0.20873869232831996;0.23489799014813637;0.16003808319213444;0.0;0.2650667202449746;1.0;0.24180113143579665;0.29214465448884724;0.17591309395127644;0.31144022800564314;0.24191908615156268;0.0;0.35326021866725554;0.329221278934598;0.0;0.2780671542653902;0.2780693188446223;0.24875919965008336;0.3655302779493403;0.3027121711273737;0.14253423669647888;0.0;0.35210929098258936;0.0;0.28296325983498316;0.0;0.3792806338844019;0.30353800211664805;0.3792759929028104;0.1752912635717727;0.0;0.2076949949965381;0.1508392467968303;0.18519584678407033;0.0;0.0;0.31502250551226174;0.23467718970417853;0.6507544400470915;0.0;0.0;0.0;0.0;0.1522999893860102;0.7657957545571082;0.0;0.18867014709446656;0.16721851912361121;0.0;0.0
GO:0070445;0.22833719660037843;0.0;0.14349443222702404;0.15991023571669494;0.0;0.0;0.2821854456953665;0.22341016543225475;0.625122980112344;0.1685230569358869;0.0;0.3529604240103438;0.24180113143579665;1.0;0.3916447339767276;0.5398407979703993;0.33059833953814644;0.32030023384366907;0.0;0.37811414326384146;0.28066998775488;0.0;0.2932393803686525;0.2932417876057821;0.32991246427357046;0.39220591609973177;0.4068839320671849;0.18420485932763958;0.0;0.3767958717221061;0.0;0.3784695095972789;0.0;0.4879462809518588;0.4879441450679258;0.4080746538996066;0.22833719660037846;0.0;0.22221501680202305;0.19532797126103596;0.19180535728312847;0.0;0.0;0.33991912192901247;0.6725348828260816;0.31437536245699343;0.0;0.0;0.0;0.0;0.15996462770123293;0.20604288676198235;0.0;0.20057569325401356;0.17258851032195205;0.0;0.0
GO:0016055;0.262526596170342;0.0;0.2272529974618085;0.25799084074098927;0.14808534857979577;0.350934977852296;0.3532195020959357;0.28476009586900347;0.28565334903623396;0.2745827364853492;0.0;0.3536734682767403;0.29214465448884724;0.3916447339767276;1.0;0.2636436091587351;0.40742017959052657;0.3918924192415423;0.0;0.48207780291146435;0.3508482523729778;0.0;0.3521333703365714;0.352136841614365;0.5723276611095858;0.5052212092172523;0.7462086266669182;0.20582957252396816;0.12967233666918127;0.4799369975493855;0.18923920699342497;0.3862704818770842;0.0;0.5318725502460347;0.5318695158317407;0.5318634238034541;0.2625265961703421;0.0;0.2828212789718252;0.21981672436453342;0.215365527498893;0.0;0.0;0.4485897818750897;0.2853268876789318;0.4051465398464226;0.0;0.3319681186603412;0.0;0.0;0.2580945999232528;0.24150561939834692;0.1833078618305232;0.24867549784199433;0.19143231687487677;0.13520236533757668;0.31417189054879574
GO:0010976;0.2476439175945481;0.0;0.11031526850450728;0.1197672895160268;0.0;0.0;0.19635702377832293;0.15215862432622418;0.44353601321452835;0.12453419657889239;0.0;0.3416754119439897;0.17591309395127644;0.5398407979703993;0.2636436091587351;1.0;0.23449499657846343;0.31903561772138816;0.0;0.25744208645034455;0.19562204038453995;0.0;0.29926763446121574;0.2992694362104245;0.23414971535346463;0.2638977944434551;0.270462658678913;0.20867799194346973;0.0;0.2568302975124874;0.0;0.35848313895701267;0.0;0.2709906309981456;0.3770956408020977;0.2709882618153012;0.2476439175945481;0.0;0.1516032947596089;0.2188224980484064;0.15495987558984456;0.0;0.0;0.22267392916321857;0.44320174550041147;0.21142068935671532;0.0;0.0;0.0;0.0;0.11979779807805611;0.15619255687584604;0.0;0.1412097141654048;0.19783763100969567;0.0;0.0
GO:0010656;0.2336109108693682;0.0;0.14702099591601647;0.16430218091722873;0.0;0.0;0.3653340238297047;0.2320772455771548;0.3503158896831279;0.17340807259936433;0.0;0.29268870603045205;0.31144022800564314;0.33059833953814644;0.40742017959052657;0.23449499657846343;1.0;0.33077481085001753;0.0;0.3927979599578839;0.36330155055703983;0.0;0.30199462561503926;0.30199717874441157;0.3410360768880522;0.40802751609191024;0.42393766067050914;0.18762174992257352;0.0;0.3913755044784272;0.0;0.31466411648333287;0.0;0.5917313992585995;0.42523434039434166;0.5917232813755393;0.23361091086936825;0.0;0.23078783550287144;0.19917428326968797;0.27206311131669275;0.0;0.0;0.35481872739051773;0.34996300124727187;0.4086929118843631;0.0;0.0;0.0;0.0;0.16435960222659957;0.264180624082079;0.0;0.20753402171111565;0.17558453194092621;0.0;0.0
GO:0051968;0.4954794170880728;0.0;0.14355063680648802;0.15998003863659968;0.0;0.0;0.28234610402833155;0.22354643604526814;0.24573146393218737;0.16860058339174366;0.0;0.3531615834811182;0.24191908615156268;0.32030023384366907;0.3918924192415423;0.31903561772138816;0.33077481085001753;1.0;0.0;0.5279463060760605;0.280828924625993;0.0;0.6363803370328639;0.6363855636284798;0.3300882039185887;0.547634570408108;0.4071512741668048;0.2564063049723422;0.0;0.5261045340689;0.0;0.3787008056083158;0.0;0.40834894313985226;0.568235067522327;0.4083435635275996;0.4954794170880728;0.0;0.22234983289616442;0.27189414457719535;0.19186474504118714;0.0;0.0;0.3401522721433233;0.2454898377180271;0.31457477811162654;0.0;0.0;0.0;0.0;0.16003447812521715;0.20612852792849273;0.0;0.20068552449198548;0.3744740686650755;0.0;0.0
GO:0051205;0.0;0.2716820875904643;0.3633006043286901;0.0;0.0;0.0;0.0;0.0;0.0;0.0;0.29000234303406025;0.0;0.0;0.0;0.0;0.0;0.0;0.0;1.0;0.0;0.0;0.37688059240900607;0.0;0.0;0.0;0.0;0.0;0.0;0.0;0.0;0.0;0.0;0.337588408633955;0.0;0.0;0.0;0.0;0.0;0.3348453570251903;0.0;0.0;0.0;0.0;0.0;0.0;0.0;0.0;0.0;0.0;0.0;0.0;0.0;0.0;0.0;0.0;0.0;0.0
GO:2000050;0.3577508224591266;0.0;0.16236258395642988;0.1837002288201641;0.0;0.0;0.3395274985994549;0.2727608693350779;0.2783874311228945;0.1951581612116406;0.0;0.3399469314328574;0.35326021866725554;0.37811414326384146;0.48207780291146435;0.25744208645034455;0.3927979599578839;0.5279463060760605;0.0;1.0;0.3373359511227195;0.0;0.6740160354457252;0.6091481751132031;0.39183009945549785;0.8622780779674749;0.5053764902403507;0.20203008208607093;0.0;0.8209375124430424;0.0;0.36995543569095196;0.0;0.507223050911845;0.50722029123773;0.5072147507859289;0.3577508224591266;0.0;0.2709814951553505;0.21548872853106485;0.2112093801656235;0.0;0.0;0.4267345912581213;0.2780773573642855;0.48386073556397907;0.0;0.0;0.0;0.0;0.18377201217467873;0.2936707135154703;0.0;0.23947553232725366;0.33593038514412005;0.0;0.0
GO:0034260;0.19485337166788302;0.0;0.15364440281625513;0.1726181953066353;0.0;0.0;0.39004559247587073;0.5875997213244503;0.26324015841273857;0.18269746175449258;0.0;0.31250895379544075;0.329221278934598;0.28066998775488;0.3508482523729778;0.19562204038453995;0.36330155055703983;0.280828924625993;0.0;0.3373359511227195;1.0;0.0;0.25504406186840545;0.2550463372322835;0.2900883965316679;0.3514110833581235;0.36620092051087455;0.23483886910862486;0.0;0.4237217997084651;0.0;0.3376894177132536;0.0;0.4590913941161182;0.36741017814073007;0.4590845944796439;0.19485337166788302;0.0;0.2475388707115118;0.16510238749674405;0.20237448040787198;0.0;0.0;0.38437150956685234;0.2629628925676862;0.4398685102289678;0.0;0.0;0.0;0.0;0.1726815774995448;0.2768648388312022;0.0;0.22098116039904137;0.14493391314615198;0.0;0.0
GO:0015680;0.0;0.6498019982690348;0.2530831705477404;0.0;0.0;0.0;0.0;0.0;0.0;0.0;0.48816779551674616;0.0;0.0;0.0;0.0;0.0;0.0;0.0;0.37688059240900607;0.0;0.0;1.0;0.0;0.0;0.0;0.0;0.0;0.0;0.0;0.0;0.0;0.0;0.8010250203723548;0.0;0.0;0.0;0.0;0.0;0.4022814438298162;0.0;0.0;0.0;0.0;0.0;0.0;0.0;0.0;0.0;0.0;0.0;0.0;0.0;0.0;0.0;0.0;0.0;0.0
GO:0090263;0.46488486677047147;0.0;0.13416837118156708;0.14841379043344138;0.0;0.0;0.2562948055632035;0.2015933123450078;0.22948436549706852;0.15580410623274443;0.0;0.3205459587068967;0.2780671542653902;0.2932393803686525;0.3521333703365714;0.29926763446121574;0.30199462561503926;0.6363803370328639;0.0;0.6740160354457252;0.25504406186840545;0.0;1.0;0.7952479055694496;0.3014221985014316;0.6295509768760449;0.36440466529064097;0.24348053592596572;0.0;0.6072255433193366;0.0;0.34144616260740174;0.0;0.3653637543886394;0.5084195682631621;0.3653594477381542;0.46488486677047147;0.0;0.20061967945430867;0.25740381457777606;0.1818143029190154;0.0;0.0;0.3030427740911996;0.2292736206546709;0.35308371752963497;0.0;0.0;0.0;0.0;0.1484606415851908;0.23977057495101153;0.0;0.1828133870249756;0.48346266779175945;0.0;0.0
GO:0043950;0.464887655942184;0.0;0.13416922323001051;0.14841483302162697;0.0;0.0;0.2562971032988083;0.2015952359576384;0.22948583977619896;0.15580525523858432;0.0;0.32054883514630994;0.2780693188446223;0.2932417876057821;0.352136841614365;0.2992694362104245;0.30199717874441157;0.6363855636284798;0.0;0.6091481751132031;0.2550463372322835;0.0;0.7952479055694496;1.0;0.30142474196108526;0.6295571908891828;0.36440838272243603;0.24348172854805528;0.0;0.6072313244165851;0.0;0.3414494263758947;0.0;0.3653674914143574;0.5084247684767385;0.3653631846757735;0.464887655942184;0.0;0.20062158453082207;0.2574051474988362;0.18181522831800892;0.0;0.0;0.30304598648679304;0.2292750922272548;0.3530872075695644;0.0;0.0;0.0;0.0;0.14846168483172945;0.23977218435623457;0.0;0.18281496893210192;0.5457230293561925;0.0;0.0
GO:0007189;0.23326822637108582;0.0;0.20030525661426773;0.22380853683508423;0.13226328454697858;0.2734223569584814;0.2917075624254533;0.23150598920966006;0.25134979725256645;0.2361895390133512;0.0;0.29201711351505294;0.24875919965008336;0.32991246427357046;0.5723276611095858;0.23414971535346463;0.3410360768880522;0.3300882039185887;0.0;0.39183009945549785;0.2900883965316679;0.0;0.3014221985014316;0.30142474196108526;1.0;0.40698324865749974;0.6766349006623982;0.18740064418586927;0.11737695747435675;0.39041463261595005;0.1641461505160044;0.3138880238792199;0.0;0.42410219249819653;0.4241002631915582;0.42409638981424685;0.23326822637108588;0.0;0.23022290152159006;0.1989251288129339;0.19527278832974188;0.0;0.0;0.3538322309928822;0.25109700146761316;0.3262395021431344;0.0;0.2617696788687883;0.0;0.0;0.22388661832994639;0.2110737564452914;0.15966488073805857;0.2070770833673749;0.17539087235833126;0.12188975456698854;0.2505772278674927
GO:0008277;0.3666838620280406;0.0;0.16671139279469638;0.18928685001634513;0.0;0.0;0.35378997289631525;0.28526187288931104;0.2859517701214584;0.20147540802417363;0.0;0.3542454075721326;0.3655302779493403;0.39220591609973177;0.5052212092172523;0.2638977944434551;0.40802751609191024;0.547634570408108;0.0;0.8622780779674749;0.3514110833581235;0.0;0.6295509768760449;0.6295571908891828;0.40698324865749974;1.0;0.530870133155119;0.2059844683242702;0.0;0.8584421578428976;0.0;0.38695280918236724;0.0;0.5329080673288964;0.5329050210875675;0.5328989053149911;0.3666838620280406;0.0;0.28331624051912546;0.21999339638364832;0.21553511413234763;0.0;0.0;0.44951029980068713;0.2856246266923028;0.5071797874959629;0.0;0.0;0.0;0.0;0.18936306676254241;0.3021009808052786;0.0;0.24905807720123557;0.3420453921238942;0.0;0.0
GO:0007218;0.26928724493907263;0.0;0.23354187044093666;0.2661264634347689;0.15171813086675942;0.3720461974117501;0.3687850006741294;0.29850429737999035;0.29367579416145767;0.2838171718453993;0.0;0.3692798867651869;0.3027121711273737;0.4068839320671849;0.7462086266669182;0.270462658678913;0.42393766067050914;0.4071512741668048;0.0;0.5053764902403507;0.36620092051087455;0.0;0.36440466529064097;0.36440838272243603;0.6766349006623982;0.530870133155119;1.0;0.20996241269193247;0.13244940877720968;0.5030242602403051;0.19521242508501113;0.4049622856671709;0.0;0.5603752367152579;0.5603718683633414;0.5603651059128983;0.2692872449390727;0.0;0.29637450624555495;0.22453678430290855;0.2198943951799644;0.0;0.0;0.4739978015688505;0.2933307493460517;0.42575856385037947;0.0;0.3507978029134927;0.0;0.0;0.26623687119458433;0.24868219127873686;0.18890697015664543;0.2590933716971377;0.19500220043418046;0.138224110881296;0.3309857094067451
GO:0045860;0.20817417511437364;0.0;0.09202780489344993;0.09851364570884073;0.0;0.0;0.1556663199260167;0.2820626865494032;0.15683443868296199;0.10171619891985223;0.0;0.19461944501556924;0.14253423669647888;0.18420485932763958;0.20582957252396816;0.20867799194346973;0.18762174992257352;0.2564063049723422;0.0;0.20203008208607093;0.23483886910862486;0.0;0.24348053592596572;0.24348172854805528;0.18740064418586927;0.2059844683242702;0.20996241269193247;1.0;0.0;0.24377122549397337;0.0;0.20213149014726753;0.0;0.21028045876312515;0.29261489849965405;0.21027903220750505;0.20817417511437364;0.0;0.11908284006892146;0.4222473654814687;0.2635720990462317;0.0;0.0;0.17175919583122382;0.15673597866820901;0.16498548799803642;0.0;0.0;0.0;0.0;0.0985342861249098;0.12930610634436868;0.0;0.1125743449052823;0.7142430995047259;0.0;0.0
GO:0046034;0.0;0.0;0.09649253688372489;0.10364742899303024;0.3915660661786895;0.13872590378999278;0.0;0.0;0.0;0.10719848077113554;0.0;0.0;0.0;0.0;0.12967233666918127;0.0;0.0;0.0;0.0;0.0;0.0;0.0;0.0;0.0;0.11737695747435675;0.0;0.13244940877720968;0.0;1.0;0.0;0.24666770994101764;0.0;0.0;0.0;0.0;0.0;0.0;0.27388195311655283;0.0;0.0;0.0;0.0;0.0;0.0;0.0;0.0;0.0;0.13566191003078656;0.0;0.0;0.1036702769553667;0.0;0.10189284562100373;0.0;0.0;0.75521968417789;0.13259259504986534
GO:0010469;0.35690416775051287;0.0;0.16195121029376797;0.18317380033102687;0.0;0.0;0.3381998899768054;0.36751701203979903;0.27767218120952125;0.19456412105336965;0.0;0.33861604710950755;0.35210929098258936;0.3767958717221061;0.4799369975493855;0.2568302975124874;0.3913755044784272;0.5261045340689;0.0;0.8209375124430424;0.4237217997084651;0.0;0.6072255433193366;0.6072313244165851;0.39041463261595005;0.8584421578428976;0.5030242602403051;0.24377122549397337;0.0;1.0;0.0;0.36837976004701345;0.0;0.5048536404982414;0.5048509065465793;0.5048454177359668;0.35690416775051287;0.0;0.2698375417444862;0.21505992350785474;0.21079742086370742;0.0;0.0;0.42463951467974886;0.2773636978420031;0.48170410108741274;0.0;0.0;0.0;0.0;0.1832451727769811;0.2928748866599212;0.0;0.23858168246952705;0.3353465982166532;0.0;0.0
GO:0019433;0.0;0.0;0.12600698538023514;0.13849140235213417;0.2739034848654664;0.20915989636298554;0.0;0.0;0.0;0.14490522117059987;0.0;0.0;0.0;0.0;0.18923920699342497;0.0;0.0;0.0;0.0;0.0;0.0;0.0;0.0;0.0;0.1641461505160044;0.0;0.19521242508501113;0.0;0.24666770994101764;0.0;1.0;0.0;0.0;0.0;0.0;0.0;0.0;0.40702916952905405;0.0;0.0;0.0;0.0;0.0;0.0;0.0;0.0;0.0;0.20227200047915941;0.0;0.0;0.13853219747240922;0.0;0.13537654597577287;0.0;0.0;0.2550088970360609;0.19552362450962005
GO:0032755;0.25654022541003946;0.0;0.162473343471661;0.18384202595931978;0.0;0.0;0.33988557523061386;0.2730736030910449;0.278580015939336;0.19531820632522884;0.0;0.7558326948219335;0.28296325983498316;0.3784695095972789;0.3862704818770842;0.35848313895701267;0.31466411648333287;0.3787008056083158;0.0;0.36995543569095196;0.3376894177132536;0.0;0.34144616260740174;0.3414494263758947;0.3138880238792199;0.38695280918236724;0.4049622856671709;0.20213149014726753;0.0;0.36837976004701345;0.0;1.0;0.0;0.4064438158159163;0.5078599716683277;0.40643715643928296;0.25654022541003946;0.0;0.2712901596315489;0.21560410149200468;0.16912009507643813;0.0;0.0;0.4273003866757051;0.27826951326157173;0.3877007961305906;0.0;0.0;0.0;0.0;0.18391392019659822;0.23519692427827285;0.0;0.23971656291711427;0.1882294589031314;0.0;0.0
GO:0015677;0.0;0.7203454667430506;0.2737086002627479;0.0;0.0;0.0;0.0;0.0;0.0;0.0;0.5450136629854997;0.0;0.0;0.0;0.0;0.0;0.0;0.0;0.337588408633955;0.0;0.0;0.8010250203723548;0.0;0.0;0.0;0.0;0.0;0.0;0.0;0.0;0.0;0.0;1.0;0.0;0.0;0.0;0.0;0.0;0.45702331691139053;0.0;0.0;0.0;0.0;0.0;0.0;0.0;0.0;0.0;0.0;0.0;0.0;0.0;0.0;0.0;0.0;0.0;0.0
GO:0008285;0.26981063372078906;0.0;0.1715061362037211;0.19549225939952497;0.0;0.0;0.46234174111417015;0.299593536182661;0.4095266696941278;0.20852057659708728;0.0;0.37051143852398444;0.3792806338844019;0.4879462809518588;0.5318725502460347;0.2709906309981456;0.5917313992585995;0.40834894313985226;0.0;0.507223050911845;0.4590913941161182;0.0;0.3653637543886394;0.3653674914143574;0.42410219249819653;0.5329080673288964;0.5603752367152579;0.21028045876312515;0.0;0.5048536404982414;0.0;0.4064438158159163;0.0;1.0;0.6727592233248648;0.782928368351968;0.2698106337207891;0.0;0.29744822937555304;0.22490055489776373;0.30647633540310387;0.0;0.0;0.47602877822050305;0.5224450695751268;0.5340436599228314;0.0;0.0;0.0;0.0;0.19557355637354004;0.3114323588815682;0.0;0.25991358225422334;0.19527650881637693;0.0;0.0
GO:0008284;0.3754536263162154;0.0;0.17150560273287965;0.19549156627653552;0.0;0.0;0.37001141323769027;0.2995919083294895;0.29429746007789126;0.20851978801137636;0.0;0.462961944485817;0.30353800211664805;0.4879441450679258;0.5318695158317407;0.3770956408020977;0.42523434039434166;0.568235067522327;0.0;0.50722029123773;0.36741017814073007;0.0;0.5084195682631621;0.5084247684767385;0.4241002631915582;0.5329050210875675;0.5603718683633414;0.29261489849965405;0.0;0.5048509065465793;0.0;0.5078599716683277;0.0;0.6727592233248648;1.0;0.5626328736843239;0.3754536263162155;0.0;0.2974466247520659;0.3129593834375936;0.22024274706642122;0.0;0.0;0.476025741032502;0.35148075226204123;0.42739402435070856;0.0;0.0;0.0;0.0;0.1955728626739506;0.2492392607535168;0.0;0.259912357049636;0.27173625803880663;0.0;0.0
GO:0045786;0.2698082851255979;0.0;0.1715045317041725;0.1954901747222268;0.0;0.0;0.46233484485532395;0.29958864017467995;0.4095227813940429;0.20851820480164207;0.0;0.37050590455899385;0.3792759929028104;0.4080746538996066;0.5318634238034541;0.2709882618153012;0.5917232813755393;0.4083435635275996;0.0;0.5072147507859289;0.4590845944796439;0.0;0.3653594477381542;0.3653631846757735;0.42409638981424685;0.5328989053149911;0.5603651059128983;0.21027903220750505;0.0;0.5048454177359668;0.0;0.40643715643928296;0.0;0.782928368351968;0.5626328736843239;1.0;0.26980828512559796;0.0;0.29744340323388935;0.2248989230797369;0.3064741577418439;0.0;0.0;0.476019643447976;0.40904061165210376;0.5340344588203424;0.0;0.0;0.0;0.0;0.19557146996203215;0.31142922979966675;0.0;0.259909897265792;0.19527527857284097;0.0;0.0
GO:0090274;0.9331222629816381;0.0;0.18578900565657866;0.16153472495886945;0.0;0.0;0.2925052610116533;0.15152947768994157;0.18772644125142568;0.16794226088657957;0.0;0.2445596347452466;0.1752912635717727;0.22833719660037846;0.2625265961703421;0.2476439175945481;0.23361091086936825;0.4954794170880728;0.0;0.3577508224591266;0.19485337166788302;0.0;0.46488486677047147;0.464887655942184;0.23326822637108588;0.3666838620280406;0.2692872449390727;0.20817417511437364;0.0;0.35690416775051287;0.0;0.25654022541003946;0.0;0.2698106337207891;0.3754536263162155;0.26980828512559796;1.0;0.0;0.20429626620977137;0.21826857128860983;0.1545733115623722;0.0;0.0;0.331533259470001;0.1875853908837875;0.2105231348951719;0.0;0.0;0.0;0.0;0.16157573895125504;0.15570213661543988;0.0;0.1903439353870739;0.3076833347779453;0.0;0.0
GO:0008202;0.0;0.0;0.0;0.0;0.3148536094039215;0.0;0.0;0.0;0.0;0.0;0.0;0.0;0.0;0.0;0.0;0.0;0.0;0.0;0.0;0.0;0.0;0.0;0.0;0.0;0.0;0.0;0.0;0.0;0.27388195311655283;0.0;0.40702916952905405;0.0;0.0;0.0;0.0;0.0;0.0;1.0;0.0;0.0;0.0;0.0;0.0;0.0;0.0;0.0;0.0;0.0;0.0;0.0;0.0;0.0;0.0;0.0;0.0;0.2861300515690226;0.0
GO:0007595;0.20429626620977137;0.3620478433782837;0.44193892862798373;0.2472787126959151;0.0;0.0;0.24913562178768572;0.2706570065061138;0.1638800495146124;0.2626169196064858;0.46468226047734396;0.2494412018717667;0.2076949949965381;0.22221501680202305;0.2828212789718252;0.1516032947596089;0.23078783550287144;0.22234983289616442;0.3348453570251903;0.2709814951553505;0.2475388707115118;0.4022814438298162;0.20061967945430867;0.20062158453082207;0.23022290152159006;0.28331624051912546;0.29637450624555495;0.11908284006892146;0.0;0.2698375417444862;0.0;0.2712901596315489;0.45702331691139053;0.29744822937555304;0.2974466247520659;0.29744340323388935;0.20429626620977137;0.0;1.0;0.1269870781402698;0.12447421225081055;0.0;0.0;0.31255573052378643;0.16369836801270582;0.28385881311975325;0.0;0.0;0.0;0.0;0.2473748367880298;0.17283264042435798;0.0;0.32184888691108265;0.11092236388849681;0.0;0.0
GO:0045944;0.21826857128860983;0.0;0.09667830196385614;0.10386179489126378;0.0;0.0;0.16562561934435457;0.12737647670474317;0.16482592849871003;0.10742780327047775;0.0;0.20707840608509412;0.1508392467968303;0.19532797126103596;0.21981672436453342;0.2188224980484064;0.19917428326968797;0.27189414457719535;0.0;0.21548872853106485;0.16510238749674405;0.0;0.25740381457777606;0.2574051474988362;0.1989251288129339;0.21999339638364832;0.22453678430290855;0.4222473654814687;0.0;0.21505992350785474;0.0;0.21560410149200468;0.0;0.22490055489776373;0.3129593834375936;0.2248989230797369;0.21826857128860983;0.0;0.1269870781402698;1.0;0.5654260455994443;0.0;0.0;0.18396486215045457;0.1647171822716892;0.17621594872909668;0.0;0.0;0.0;0.0;0.10388473747111236;0.13610436531869471;0.0;0.11961264569690044;0.4024419462424789;0.0;0.0
GO:0000122;0.1545733115623722;0.0;0.09521489770976783;0.10217473791514327;0.0;0.0;0.20300359091477382;0.12484832947709237;0.2258608298890827;0.10562391616234976;0.0;0.16256025289193993;0.18519584678407033;0.19180535728312847;0.215365527498893;0.15495987558984456;0.27206311131669275;0.19186474504118714;0.0;0.2112093801656235;0.20237448040787198;0.0;0.1818143029190154;0.18181522831800892;0.19527278832974188;0.21553511413234763;0.2198943951799644;0.2635720990462317;0.0;0.21079742086370742;0.0;0.16912009507643813;0.0;0.30647633540310387;0.22024274706642122;0.3064741577418439;0.1545733115623722;0.0;0.12447421225081055;0.5654260455994443;1.0;0.0;0.0;0.18007289700426027;0.22571408768317497;0.21572063946799702;0.0;0.0;0.0;0.0;0.1021969411427633;0.16738953576133628;0.0;0.11738059629777844;0.2513567450176742;0.0;0.0
GO:0045471;0.0;0.0;0.0;0.0;0.0;0.0;0.0;0.0;0.0;0.0;0.0;0.0;0.0;0.0;0.0;0.0;0.0;0.0;0.0;0.0;0.0;0.0;0.0;0.0;0.0;0.0;0.0;0.0;0.0;0.0;0.0;0.0;0.0;0.0;0.0;0.0;0.0;0.0;0.0;0.0;0.0;1.0;0.0;0.0;0.0;0.0;0.0;0.0;0.0;0.27137530731048926;0.0;0.0;0.2992008288825451;0.0;0.0;0.0;0.0
GO:0030326;0.0;0.0;0.0;0.0;0.0;0.3753743032377419;0.0;0.0;0.0;0.0;0.0;0.0;0.0;0.0;0.0;0.0;0.0;0.0;0.0;0.0;0.0;0.0;0.0;0.0;0.0;0.0;0.0;0.0;0.0;0.0;0.0;0.0;0.0;0.0;0.0;0.0;0.0;0.0;0.0;0.0;0.0;0.0;1.0;0.0;0.0;0.0;0.0;0.35375510231526924;0.3532083722132967;0.0;0.0;0.0;0.0;0.0;0.0;0.0;0.0
GO:0032386;0.331533259470001;0.0;0.1764230054727527;0.20190632308845743;0.0;0.0;0.5791093902268165;0.31492536132222704;0.24238347175995903;0.21583403209845237;0.0;0.38776502372981947;0.31502250551226174;0.33991912192901247;0.4485897818750897;0.22267392916321857;0.35481872739051773;0.3401522721433233;0.0;0.4267345912581213;0.38437150956685234;0.0;0.3030427740911996;0.30304598648679304;0.3538322309928822;0.44951029980068713;0.4739978015688505;0.17175919583122382;0.0;0.42463951467974886;0.0;0.4273003866757051;0.0;0.47602877822050305;0.476025741032502;0.476019643447976;0.331533259470001;0.0;0.31255573052378643;0.18396486215045457;0.18007289700426027;0.0;0.0;1.0;0.2420897912873703;0.4505200014072505;0.0;0.0;0.0;0.0;0.2019930434369369;0.2569303788440105;0.0;0.2713753927010929;0.15926941275477685;0.0;0.0
GO:0060253;0.1875853908837875;0.0;0.11658324377932719;0.12719152809370937;0.0;0.0;0.26402607737829886;0.16434603111222068;0.8488839690808544;0.13258104014595523;0.0;0.264228966033633;0.23467718970417853;0.6725348828260816;0.2853268876789318;0.44320174550041147;0.34996300124727187;0.2454898377180271;0.0;0.2780773573642855;0.2629628925676862;0.0;0.2292736206546709;0.2292750922272548;0.25109700146761316;0.2856246266923028;0.2933307493460517;0.15673597866820901;0.0;0.2773636978420031;0.0;0.27826951326157173;0.0;0.5224450695751268;0.35148075226204123;0.40904061165210376;0.1875853908837875;0.0;0.16369836801270582;0.1647171822716892;0.22571408768317497;0.0;0.0;0.2420897912873703;1.0;0.28595052344931915;0.0;0.0;0.0;0.0;0.12722593681425695;0.20680074495281364;0.0;0.15164613113343517;0.14824596720457112;0.0;0.0
GO:0060134;0.2105231348951719;0.0;0.16689910966527027;0.18952888595652456;0.0;0.0;0.4428514771789751;0.285811930386177;0.2862784142720268;0.201749640458671;0.0;0.35487218812953075;0.6507544400470915;0.31437536245699343;0.4051465398464226;0.21142068935671532;0.4086929118843631;0.31457477811162654;0.0;0.48386073556397907;0.4398685102289678;0.0;0.35308371752963497;0.3530872075695644;0.3262395021431344;0.5071797874959629;0.42575856385037947;0.16498548799803642;0.0;0.48170410108741274;0.0;0.3877007961305906;0.0;0.5340436599228314;0.42739402435070856;0.5340344588203424;0.2105231348951719;0.0;0.28385881311975325;0.17621594872909668;0.21572063946799702;0.0;0.0;0.4505200014072505;0.28595052344931915;1.0;0.0;0.0;0.0;0.0;0.18960529777923338;0.5376948219642607;0.0;0.24947727174635176;0.19171283690167032;0.0;0.0
GO:0007565;0.0;0.0;0.0;0.0;0.0;0.0;0.0;0.0;0.0;0.0;0.0;0.0;0.0;0.0;0.0;0.0;0.0;0.0;0.0;0.0;0.0;0.0;0.0;0.0;0.0;0.0;0.0;0.0;0.0;0.0;0.0;0.0;0.0;0.0;0.0;0.0;0.0;0.0;0.0;0.0;0.0;0.0;0.0;0.0;0.0;0.0;1.0;0.0;0.3710296384690101;0.3116029270141644;0.0;0.0;0.0;0.27028529633248155;0.0;0.0;0.0
GO:0021520;0.0;0.0;0.17655092281920476;0.20207388076729504;0.1559482574592442;0.6750528217921197;0.0;0.0;0.0;0.21602551465005326;0.0;0.0;0.0;0.0;0.3319681186603412;0.0;0.0;0.0;0.0;0.0;0.0;0.0;0.0;0.0;0.2617696788687883;0.0;0.3507978029134927;0.0;0.13566191003078656;0.0;0.20227200047915941;0.0;0.0;0.0;0.0;0.0;0.0;0.0;0.0;0.0;0.0;0.0;0.35375510231526924;0.0;0.0;0.0;0.0;1.0;0.37365942463076773;0.0;0.20216074514113352;0.0;0.19551014244694423;0.0;0.0;0.1417265481803489;0.35180401550158225
GO:0001541;0.0;0.0;0.0;0.0;0.0;0.3978631397400754;0.0;0.0;0.0;0.0;0.0;0.0;0.0;0.0;0.0;0.0;0.0;0.0;0.0;0.0;0.0;0.0;0.0;0.0;0.0;0.0;0.0;0.0;0.0;0.0;0.0;0.0;0.0;0.0;0.0;0.0;0.0;0.0;0.0;0.0;0.0;0.0;0.3532083722132967;0.0;0.0;0.0;0.3710296384690101;0.37365942463076773;1.0;0.0;0.0;0.0;0.0;0.0;0.0;0.0;0.0
GO:0001662;0.0;0.0;0.0;0.0;0.0;0.0;0.0;0.0;0.0;0.0;0.0;0.0;0.0;0.0;0.0;0.0;0.0;0.0;0.0;0.0;0.0;0.0;0.0;0.0;0.0;0.0;0.0;0.0;0.0;0.0;0.0;0.0;0.0;0.0;0.0;0.0;0.0;0.0;0.0;0.0;0.0;0.27137530731048926;0.0;0.0;0.0;0.0;0.3116029270141644;0.0;0.0;1.0;0.0;0.0;0.17751868652511782;0.2381399578068334;0.0;0.0;0.0
GO:0007204;0.16157573895125504;0.0;0.21636827573643888;0.823231502472652;0.11511342860516663;0.20904093716708172;0.1734571029957805;0.18362271679073253;0.12733565179931278;0.7684087765202627;0.0;0.17360517596518546;0.1522999893860102;0.15996462770123293;0.2580945999232528;0.11979779807805611;0.16435960222659957;0.16003447812521715;0.0;0.18377201217467873;0.1726815774995448;0.0;0.1484606415851908;0.14846168483172945;0.22388661832994639;0.18936306676254241;0.26623687119458433;0.0985342861249098;0.1036702769553667;0.1832451727769811;0.13853219747240922;0.18391392019659822;0.0;0.19557355637354004;0.1955728626739506;0.19557146996203215;0.16157573895125504;0.0;0.2473748367880298;0.10388473747111236;0.1021969411427633;0.0;0.0;0.2019930434369369;0.12722593681425695;0.18960529777923338;0.0;0.20216074514113352;0.0;0.0;1.0;0.1326756117887444;0.1353267017121347;0.22720848417470713;0.09288025770019154;0.10717491493105462;0.19541966702407332
GO:0002865;0.15570213661543988;0.0;0.12114296377453908;0.13263819259929127;0.0;0.0;0.27804366094590643;0.17355475792892405;0.20697218561966138;0.13850982723192218;0.0;0.22269911370980153;0.7657957545571082;0.20604288676198235;0.24150561939834692;0.15619255687584604;0.264180624082079;0.20612852792849273;0.0;0.2936707135154703;0.2768648388312022;0.0;0.23977057495101153;0.23977218435623457;0.2110737564452914;0.3021009808052786;0.24868219127873686;0.12930610634436868;0.0;0.2928748866599212;0.0;0.23519692427827285;0.0;0.3114323588815682;0.2492392607535168;0.31142922979966675;0.15570213661543988;0.0;0.17283264042435798;0.13610436531869471;0.16738953576133628;0.0;0.0;0.2569303788440105;0.20680074495281364;0.5376948219642607;0.0;0.0;0.0;0.0;0.1326756117887444;1.0;0.0;0.1594528296967224;0.15256463803324422;0.0;0.0
GO:0071385;0.0;0.0;0.12334936751232516;0.13528777240048512;0.11292609422604098;0.20193790040558693;0.0;0.0;0.0;0.14140174010595896;0.0;0.0;0.0;0.0;0.1833078618305232;0.0;0.0;0.0;0.0;0.0;0.0;0.0;0.0;0.0;0.15966488073805857;0.0;0.18890697015664543;0.0;0.10189284562100373;0.0;0.13537654597577287;0.0;0.0;0.0;0.0;0.0;0.0;0.0;0.0;0.0;0.0;0.2992008288825451;0.0;0.0;0.0;0.0;0.0;0.19551014244694423;0.0;0.17751868652511782;0.1353267017121347;0.0;1.0;0.0;0.0;0.10527637836613499;0.18919837547582974
GO:0097755;0.1903439353870739;0.0;0.2027775799501886;0.22712739104615742;0.0;0.0;0.22225278948924881;0.2392220760783537;0.15180203223926572;0.240002485056061;0.0;0.22249594849294754;0.18867014709446656;0.20057569325401356;0.24867549784199433;0.1412097141654048;0.20753402171111565;0.20068552449198548;0.0;0.23947553232725366;0.22098116039904137;0.0;0.1828133870249756;0.18281496893210192;0.2070770833673749;0.24905807720123557;0.2590933716971377;0.1125743449052823;0.0;0.23858168246952705;0.0;0.23971656291711427;0.0;0.25991358225422334;0.259912357049636;0.259909897265792;0.1903439353870739;0.0;0.32184888691108265;0.11961264569690044;0.11738059629777844;0.0;0.0;0.2713753927010929;0.15164613113343517;0.24947727174635176;0.27028529633248155;0.0;0.0;0.2381399578068334;0.22720848417470713;0.1594528296967224;0.0;1.0;0.10525409935780825;0.0;0.0
GO:0070374;0.3076833347779453;0.0;0.08707706567734588;0.0928619178517593;0.0;0.0;0.1453369635886122;0.11121935611106368;0.1483340464315841;0.09570225342592745;0.0;0.18169850049500516;0.16721851912361121;0.17258851032195205;0.19143231687487677;0.19783763100969567;0.17558453194092621;0.3744740686650755;0.0;0.33593038514412005;0.14493391314615198;0.0;0.48346266779175945;0.5457230293561925;0.17539087235833126;0.3420453921238942;0.19500220043418046;0.7142430995047259;0.0;0.3353465982166532;0.0;0.1882294589031314;0.0;0.19527650881637693;0.27173625803880663;0.19527527857284097;0.3076833347779453;0.0;0.11092236388849681;0.4024419462424789;0.2513567450176742;0.0;0.0;0.15926941275477685;0.14824596720457112;0.19171283690167032;0.0;0.0;0.0;0.0;0.09288025770019154;0.15256463803324422;0.0;0.10525409935780825;1.0;0.0;0.0
GO:0050427;0.0;0.0;0.09952158926493125;0.10715049626048163;0.4030059917851727;0.14507399090070103;0.0;0.0;0.0;0.11095004038130213;0.0;0.0;0.0;0.0;0.13520236533757668;0.0;0.0;0.0;0.0;0.0;0.0;0.0;0.0;0.0;0.12188975456698854;0.0;0.138224110881296;0.0;0.75521968417789;0.0;0.2550088970360609;0.0;0.0;0.0;0.0;0.0;0.0;0.2861300515690226;0.0;0.0;0.0;0.0;0.0;0.0;0.0;0.0;0.0;0.1417265481803489;0.0;0.0;0.10717491493105462;0.0;0.10527637836613499;0.0;0.0;1.0;0.13838006233100658
GO:0030036;0.0;0.0;0.1713877803673054;0.19533849791213118;0.15190603858169327;0.37317819426169485;0.0;0.0;0.0;0.20834564691385327;0.0;0.0;0.0;0.0;0.31417189054879574;0.0;0.0;0.0;0.0;0.0;0.0;0.0;0.0;0.0;0.2505772278674927;0.0;0.3309857094067451;0.0;0.13259259504986534;0.0;0.19552362450962005;0.0;0.0;0.0;0.0;0.0;0.0;0.0;0.0;0.0;0.0;0.0;0.0;0.0;0.0;0.0;0.0;0.35180401550158225;0.0;0.0;0.19541966702407332;0.0;0.18919837547582974;0.0;0.0;0.13838006233100658;1.0
