;GO:0033260;GO:0007093;GO:0007131;GO:0008584;GO:0007096;GO:0006283;GO:0008064;GO:0015031;GO:0007019;GO:0007409;GO:0000060;GO:0032201;GO:0071897;GO:0071930;GO:0035556;GO:0051402;GO:0031115;GO:0065003;GO:0006296;GO:0051260;GO:0008631;GO:0006297;GO:0006298;GO:0000226;GO:0042148;GO:0006335;GO:0048012;GO:0051497;GO:0001556;GO:0006606;GO:0070317;GO:0035024;GO:0006260;GO:0008285;GO:0006261;GO:0048812;GO:0042276;GO:0051272;GO:1904117;GO:0006303;GO:0001890;GO:0045944;GO:0070192;GO:0006268;GO:0006269;GO:0048661;GO:0048146;GO:0000281;GO:0060707;GO:1990426;GO:0031297;GO:0070987;GO:0016579;GO:1902065;GO:0006270;GO:0007088;GO:0000209;GO:0006272;GO:0006398;GO:0000724;GO:0007089;GO:0000722;GO:0045835;GO:0010923;GO:0031848;GO:0071548;GO:0072757;GO:0007051;GO:0018108;GO:0030071;GO:1902990;GO:0007052;GO:0036297;GO:0046777;GO:0007057;GO:0006369;GO:0043547;GO:0070365;GO:0033574;GO:0045739;GO:0090305;GO:1904385;GO:0045737;GO:0000707;GO:0046785;GO:1904667;GO:0008156;GO:0006406;GO:0030855;GO:1902916;GO:0006405;GO:0060718;GO:0032355;GO:0031146;GO:0032877;GO:0016567;GO:0032077;GO:0045740;GO:0048699;GO:0006468;GO:0009615;GO:0043687;GO:0061436;GO:0000079;GO:0000122;GO:0051984;GO:0097421;GO:0006977;GO:0000086;GO:0000083;GO:0000082;GO:0034644;GO:0071479;GO:0032466;GO:0010833;GO:0070301;GO:0032467;GO:0033314;GO:0051106;GO:0042769;GO:1905098;GO:0006351;GO:0046604;GO:0034080;GO:0006511;GO:0071460;GO:0043065;GO:0070495;GO:0033148;GO:0010569
GO:0033260;1.0;0.10526315789473684;0.09523809523809523;0.0;0.0;0.6666666666666666;0.19047619047619047;0.0;0.21052631578947367;0.1;0.0;0.1;0.631578947368421;0.08695652173913043;0.11764705882352941;0.23529411764705882;0.0;0.125;0.1;0.1111111111111111;0.10526315789473684;0.10526315789473684;0.7;0.23529411764705882;0.10526315789473684;0.1;0.1;0.0;0.125;0.0;0.0;0.0;0.8421052631578947;0.0;0.9;0.10526315789473684;0.09090909090909091;0.0;0.1;0.6666666666666666;0.0;0.0;0.11764705882352941;0.1;0.1;0.0;0.0;0.11764705882352941;0.11764705882352941;0.09090909090909091;0.1;0.09090909090909091;0.09523809523809523;0.0;0.10526315789473684;0.0;0.18181818181818182;0.09523809523809523;0.09090909090909091;0.6666666666666666;0.0;0.6666666666666666;0.0;0.0;0.09523809523809523;0.0;0.21052631578947367;0.1111111111111111;0.19047619047619047;0.0;0.09523809523809523;0.10526315789473684;0.7;0.2;0.09090909090909091;0.09523809523809523;0.0;0.11764705882352941;0.0;0.0;0.6666666666666666;0.1;0.0;0.1;0.10526315789473684;0.0;0.0;0.0;0.125;0.0;0.0;0.125;0.0;0.09090909090909091;0.0;0.19047619047619047;0.0;0.0;0.11764705882352941;0.21052631578947367;0.0;0.21052631578947367;0.0;0.0;0.0;0.0;0.0;0.08695652173913043;0.11764705882352941;0.09090909090909091;0.11764705882352941;0.10526315789473684;0.1111111111111111;0.0;0.7;0.2222222222222222;0.0;0.08695652173913043;0.0;0.11764705882352941;0.0;0.09523809523809523;0.0;0.09523809523809523;0.1;0.23529411764705882;0.0;0.0;0.0;0.0
GO:0007093;0.10526315789473684;1.0;0.1111111111111111;0.0;0.7058823529411765;0.2222222222222222;0.2222222222222222;0.0;0.25;0.11764705882352941;0.0;0.11764705882352941;0.25;0.1;0.14285714285714285;0.2857142857142857;0.5263157894736842;0.15384615384615385;0.11764705882352941;0.13333333333333333;0.125;0.125;0.23529411764705882;0.2857142857142857;0.125;0.11764705882352941;0.11764705882352941;0.5;0.15384615384615385;0.0;0.75;0.5263157894736842;0.25;0.7142857142857143;0.23529411764705882;0.125;0.10526315789473684;0.14285714285714285;0.11764705882352941;0.2222222222222222;0.0;0.1;0.14285714285714285;0.11764705882352941;0.11764705882352941;0.13333333333333333;0.13333333333333333;0.14285714285714285;0.14285714285714285;0.10526315789473684;0.11764705882352941;0.10526315789473684;0.1111111111111111;0.0;0.125;0.75;0.21052631578947367;0.1111111111111111;0.10526315789473684;0.2222222222222222;0.631578947368421;0.1111111111111111;0.7058823529411765;0.1111111111111111;0.1111111111111111;0.0;0.25;0.13333333333333333;0.2222222222222222;0.631578947368421;0.1111111111111111;0.125;0.23529411764705882;0.23529411764705882;0.10526315789473684;0.1111111111111111;0.13333333333333333;0.14285714285714285;0.0;0.11764705882352941;0.13333333333333333;0.11764705882352941;0.47619047619047616;0.11764705882352941;0.125;0.09523809523809523;0.5882352941176471;0.0;0.15384615384615385;0.1;0.0;0.15384615384615385;0.0;0.10526315789473684;0.5263157894736842;0.2222222222222222;0.11764705882352941;0.11764705882352941;0.14285714285714285;0.25;0.0;0.25;0.11764705882352941;0.5;0.5;0.14285714285714285;0.0;0.1;0.14285714285714285;0.10526315789473684;0.14285714285714285;0.125;0.13333333333333333;0.75;0.11764705882352941;0.26666666666666666;0.625;0.1;0.11764705882352941;0.14285714285714285;0.13333333333333333;0.1111111111111111;0.631578947368421;0.1111111111111111;0.11764705882352941;0.2857142857142857;0.125;0.5882352941176471;0.11764705882352941;0.1111111111111111
GO:0007131;0.09523809523809523;0.1111111111111111;1.0;0.125;0.0;0.7;0.2;0.0;0.2222222222222222;0.10526315789473684;0.0;0.10526315789473684;0.7777777777777778;0.09090909090909091;0.125;0.25;0.0;0.13333333333333333;0.10526315789473684;0.11764705882352941;0.1111111111111111;0.1111111111111111;0.7368421052631579;0.25;0.1111111111111111;0.10526315789473684;0.10526315789473684;0.0;0.13333333333333333;0.0;0.0;0.0;0.7777777777777778;0.0;0.7368421052631579;0.1111111111111111;0.09523809523809523;0.0;0.10526315789473684;0.7;0.13333333333333333;0.0;0.125;0.10526315789473684;0.10526315789473684;0.0;0.0;0.125;0.125;0.09523809523809523;0.10526315789473684;0.09523809523809523;0.1;0.0;0.1111111111111111;0.0;0.19047619047619047;0.1;0.09523809523809523;0.8;0.0;0.8;0.0;0.0;0.1;0.0;0.2222222222222222;0.11764705882352941;0.2;0.0;0.1;0.1111111111111111;0.7368421052631579;0.21052631578947367;0.09523809523809523;0.1;0.0;0.125;0.0;0.0;0.7058823529411765;0.10526315789473684;0.0;0.10526315789473684;0.1111111111111111;0.0;0.0;0.0;0.13333333333333333;0.0;0.0;0.13333333333333333;0.0;0.09523809523809523;0.0;0.2;0.0;0.0;0.125;0.2222222222222222;0.0;0.2222222222222222;0.0;0.0;0.0;0.0;0.0;0.09090909090909091;0.125;0.09523809523809523;0.125;0.1111111111111111;0.11764705882352941;0.0;0.7368421052631579;0.23529411764705882;0.0;0.09090909090909091;0.0;0.125;0.0;0.1;0.0;0.1;0.10526315789473684;0.25;0.0;0.0;0.0;0.0
GO:0008584;0.0;0.0;0.125;1.0;0.0;0.0;0.0;0.0;0.0;0.13333333333333333;0.0;0.0;0.0;0.0;0.0;0.0;0.0;0.0;0.0;0.0;0.0;0.0;0.0;0.0;0.0;0.0;0.0;0.0;0.5454545454545454;0.0;0.0;0.0;0.0;0.0;0.0;0.14285714285714285;0.0;0.0;0.0;0.0;0.18181818181818182;0.0;0.16666666666666666;0.0;0.0;0.0;0.0;0.0;0.5;0.0;0.0;0.0;0.0;0.0;0.0;0.0;0.0;0.0;0.0;0.0;0.0;0.0;0.0;0.0;0.0;0.0;0.0;0.0;0.0;0.0;0.0;0.0;0.0;0.0;0.11764705882352941;0.0;0.0;0.16666666666666666;0.0;0.0;0.0;0.0;0.0;0.13333333333333333;0.0;0.0;0.0;0.0;0.18181818181818182;0.0;0.0;0.18181818181818182;0.0;0.0;0.0;0.0;0.0;0.0;0.16666666666666666;0.0;0.0;0.0;0.0;0.0;0.0;0.0;0.15384615384615385;0.0;0.0;0.0;0.0;0.0;0.0;0.0;0.0;0.0;0.0;0.0;0.0;0.0;0.0;0.0;0.0;0.0;0.0;0.0;0.0;0.0;0.0;0.0
GO:0007096;0.0;0.7058823529411765;0.0;0.0;1.0;0.0;0.631578947368421;0.0;0.0;0.0;0.0;0.1111111111111111;0.0;0.09523809523809523;0.5333333333333333;0.0;0.6;0.0;0.0;0.0;0.11764705882352941;0.0;0.0;0.0;0.0;0.0;0.1111111111111111;0.5714285714285714;0.0;0.0;0.7058823529411765;0.4;0.0;0.5333333333333333;0.0;0.0;0.0;0.5333333333333333;0.0;0.0;0.0;0.38095238095238093;0.0;0.0;0.0;0.5;0.5;0.0;0.0;0.0;0.0;0.0;0.0;0.0;0.0;0.9411764705882353;0.0;0.0;0.0;0.0;0.8;0.21052631578947367;0.7777777777777778;0.42105263157894735;0.21052631578947367;0.0;0.0;0.0;0.0;0.8;0.10526315789473684;0.0;0.0;0.0;0.0;0.0;0.25;0.0;0.0;0.4444444444444444;0.0;0.0;0.45454545454545453;0.0;0.0;0.18181818181818182;0.4444444444444444;0.0;0.0;0.38095238095238093;0.0;0.0;0.0;0.0;0.6;0.0;0.4444444444444444;0.4444444444444444;0.0;0.0;0.0;0.0;0.1111111111111111;0.47619047619047616;0.38095238095238093;0.5333333333333333;0.0;0.7619047619047619;0.0;0.1;0.0;0.0;0.0;0.7058823529411765;0.2222222222222222;0.0;0.7058823529411765;0.7619047619047619;0.4444444444444444;0.0;0.375;0.0;0.8;0.0;0.0;0.0;0.47058823529411764;0.4444444444444444;0.4444444444444444;0.42105263157894735
GO:0006283;0.6666666666666666;0.2222222222222222;0.7;0.0;0.0;1.0;0.2;0.0;0.2222222222222222;0.21052631578947367;0.0;0.7368421052631579;0.7777777777777778;0.18181818181818182;0.25;0.25;0.0;0.13333333333333333;0.631578947368421;0.11764705882352941;0.2222222222222222;0.7777777777777778;0.8421052631578947;0.25;0.7777777777777778;0.21052631578947367;0.21052631578947367;0.0;0.26666666666666666;0.0;0.0;0.0;0.7777777777777778;0.0;0.7368421052631579;0.2222222222222222;0.7619047619047619;0.0;0.3157894736842105;0.8;0.0;0.0;0.25;0.21052631578947367;0.7368421052631579;0.0;0.0;0.25;0.125;0.6666666666666666;0.7368421052631579;0.7619047619047619;0.4;0.23529411764705882;0.7777777777777778;0.0;0.47619047619047616;0.7;0.38095238095238093;0.8;0.0;0.7;0.0;0.0;0.7;0.21052631578947367;0.3333333333333333;0.23529411764705882;0.5;0.0;0.7;0.2222222222222222;0.8421052631578947;0.5263157894736842;0.19047619047619047;0.6;0.0;0.125;0.25;0.0;0.7058823529411765;0.3157894736842105;0.0;0.21052631578947367;0.1111111111111111;0.0;0.0;0.0;0.13333333333333333;0.0;0.0;0.13333333333333333;0.25;0.47619047619047616;0.0;0.5;0.0;0.0;0.125;0.5555555555555556;0.125;0.5555555555555556;0.0;0.0;0.0;0.0;0.0;0.45454545454545453;0.25;0.19047619047619047;0.25;0.3333333333333333;0.35294117647058826;0.0;0.7368421052631579;0.47058823529411764;0.0;0.18181818181818182;0.0;0.625;0.0;0.4;0.0;0.2;0.5263157894736842;0.375;0.0;0.0;0.0;0.0
GO:0008064;0.19047619047619047;0.2222222222222222;0.2;0.0;0.631578947368421;0.2;1.0;0.0;0.3333333333333333;0.3157894736842105;0.0;0.21052631578947367;0.2222222222222222;0.18181818181818182;0.25;0.25;0.5714285714285714;0.4;0.21052631578947367;0.23529411764705882;0.2222222222222222;0.2222222222222222;0.21052631578947367;0.25;0.2222222222222222;0.3157894736842105;0.21052631578947367;0.8181818181818182;0.26666666666666666;0.0;0.4444444444444444;0.38095238095238093;0.2222222222222222;0.5;0.21052631578947367;0.3333333333333333;0.19047619047619047;0.5;0.21052631578947367;0.2;0.0;0.36363636363636365;0.25;0.21052631578947367;0.21052631578947367;0.47058823529411764;0.47058823529411764;0.25;0.125;0.19047619047619047;0.21052631578947367;0.19047619047619047;0.2;0.0;0.2222222222222222;0.6666666666666666;0.19047619047619047;0.2;0.09523809523809523;0.2;0.38095238095238093;0.3;0.631578947368421;0.4;0.3;0.0;0.2222222222222222;0.23529411764705882;0.2;0.5714285714285714;0.2;0.2222222222222222;0.21052631578947367;0.21052631578947367;0.2857142857142857;0.2;0.23529411764705882;0.125;0.0;0.42105263157894735;0.23529411764705882;0.21052631578947367;0.34782608695652173;0.21052631578947367;0.3333333333333333;0.17391304347826086;0.42105263157894735;0.0;0.26666666666666666;0.36363636363636365;0.0;0.26666666666666666;0.0;0.19047619047619047;0.38095238095238093;0.2;0.42105263157894735;0.42105263157894735;0.125;0.2222222222222222;0.0;0.2222222222222222;0.10526315789473684;0.36363636363636365;0.36363636363636365;0.5;0.0;0.18181818181818182;0.25;0.19047619047619047;0.25;0.2222222222222222;0.23529411764705882;0.4444444444444444;0.3157894736842105;0.23529411764705882;0.4444444444444444;0.18181818181818182;0.42105263157894735;0.25;0.35294117647058826;0.1;0.6666666666666666;0.3;0.21052631578947367;0.25;0.4444444444444444;0.42105263157894735;0.42105263157894735;0.4
GO:0015031;0.0;0.0;0.0;0.0;0.0;0.0;0.0;1.0;0.0;0.0;0.8888888888888888;0.0;0.0;0.0;0.0;0.0;0.0;0.0;0.0;0.0;0.0;0.0;0.0;0.0;0.0;0.0;0.0;0.0;0.0;0.8888888888888888;0.0;0.0;0.0;0.0;0.0;0.0;0.0;0.0;0.0;0.0;0.0;0.0;0.0;0.0;0.0;0.0;0.0;0.0;0.0;0.0;0.0;0.0;0.0;0.0;0.0;0.0;0.0;0.0;0.0;0.0;0.0;0.0;0.0;0.0;0.0;0.0;0.0;0.0;0.0;0.0;0.0;0.0;0.0;0.0;0.0;0.0;0.0;0.0;0.0;0.0;0.0;0.0;0.0;0.0;0.0;0.0;0.0;0.3333333333333333;0.0;0.0;0.23529411764705882;0.0;0.0;0.0;0.0;0.0;0.0;0.0;0.0;0.0;0.0;0.0;0.0;0.0;0.0;0.0;0.0;0.0;0.0;0.0;0.0;0.0;0.0;0.0;0.0;0.0;0.0;0.0;0.0;0.0;0.0;0.0;0.0;0.0;0.0;0.0;0.0;0.0;0.0;0.0
GO:0007019;0.21052631578947367;0.25;0.2222222222222222;0.0;0.0;0.2222222222222222;0.3333333333333333;0.0;1.0;0.35294117647058826;0.0;0.23529411764705882;0.25;0.2;0.2857142857142857;0.2857142857142857;0.0;0.46153846153846156;0.23529411764705882;0.26666666666666666;0.25;0.25;0.23529411764705882;0.8571428571428571;0.25;0.35294117647058826;0.23529411764705882;0.0;0.3076923076923077;0.0;0.0;0.0;0.25;0.0;0.23529411764705882;0.375;0.21052631578947367;0.0;0.23529411764705882;0.2222222222222222;0.0;0.0;0.2857142857142857;0.23529411764705882;0.23529411764705882;0.0;0.0;0.2857142857142857;0.14285714285714285;0.21052631578947367;0.23529411764705882;0.21052631578947367;0.1111111111111111;0.0;0.25;0.0;0.21052631578947367;0.2222222222222222;0.10526315789473684;0.2222222222222222;0.0;0.3333333333333333;0.0;0.0;0.3333333333333333;0.0;0.25;0.8;0.2222222222222222;0.0;0.2222222222222222;0.75;0.23529411764705882;0.23529411764705882;0.3157894736842105;0.2222222222222222;0.0;0.14285714285714285;0.0;0.0;0.26666666666666666;0.23529411764705882;0.0;0.23529411764705882;0.875;0.0;0.0;0.0;0.15384615384615385;0.0;0.0;0.15384615384615385;0.0;0.21052631578947367;0.0;0.2222222222222222;0.0;0.0;0.14285714285714285;0.25;0.0;0.25;0.0;0.0;0.0;0.0;0.0;0.2;0.2857142857142857;0.21052631578947367;0.2857142857142857;0.25;0.26666666666666666;0.0;0.35294117647058826;0.26666666666666666;0.0;0.2;0.0;0.14285714285714285;0.0;0.1111111111111111;0.0;0.3333333333333333;0.23529411764705882;0.2857142857142857;0.0;0.0;0.0;0.0
GO:0007409;0.1;0.11764705882352941;0.10526315789473684;0.13333333333333333;0.0;0.21052631578947367;0.3157894736842105;0.0;0.35294117647058826;1.0;0.0;0.1111111111111111;0.23529411764705882;0.09523809523809523;0.13333333333333333;0.26666666666666666;0.0;0.14285714285714285;0.1111111111111111;0.125;0.11764705882352941;0.11764705882352941;0.2222222222222222;0.26666666666666666;0.11764705882352941;0.1111111111111111;0.1111111111111111;0.0;0.14285714285714285;0.0;0.0;0.0;0.23529411764705882;0.0;0.2222222222222222;0.9411764705882353;0.1;0.0;0.1111111111111111;0.21052631578947367;0.14285714285714285;0.0;0.13333333333333333;0.1111111111111111;0.1111111111111111;0.0;0.0;0.13333333333333333;0.13333333333333333;0.1;0.1111111111111111;0.1;0.10526315789473684;0.0;0.11764705882352941;0.0;0.2;0.10526315789473684;0.1;0.21052631578947367;0.0;0.3157894736842105;0.0;0.0;0.10526315789473684;0.0;0.23529411764705882;0.125;0.21052631578947367;0.0;0.10526315789473684;0.11764705882352941;0.2222222222222222;0.2222222222222222;0.1;0.10526315789473684;0.0;0.13333333333333333;0.0;0.0;0.125;0.1111111111111111;0.0;0.1111111111111111;0.11764705882352941;0.0;0.0;0.0;0.14285714285714285;0.0;0.0;0.14285714285714285;0.0;0.1;0.0;0.21052631578947367;0.0;0.0;0.13333333333333333;0.23529411764705882;0.0;0.23529411764705882;0.0;0.0;0.0;0.0;0.125;0.09523809523809523;0.13333333333333333;0.1;0.13333333333333333;0.11764705882352941;0.125;0.0;0.3333333333333333;0.25;0.0;0.09523809523809523;0.0;0.13333333333333333;0.0;0.10526315789473684;0.0;0.10526315789473684;0.1111111111111111;0.26666666666666666;0.0;0.0;0.0;0.0
GO:0000060;0.0;0.0;0.0;0.0;0.0;0.0;0.0;0.8888888888888888;0.0;0.0;1.0;0.0;0.0;0.0;0.0;0.0;0.0;0.0;0.0;0.0;0.0;0.0;0.0;0.0;0.0;0.0;0.0;0.0;0.0;0.1;0.0;0.0;0.0;0.0;0.0;0.0;0.0;0.0;0.0;0.0;0.0;0.0;0.0;0.0;0.0;0.0;0.0;0.0;0.0;0.0;0.0;0.0;0.0;0.0;0.0;0.0;0.0;0.0;0.0;0.0;0.0;0.0;0.0;0.0;0.0;0.0;0.0;0.0;0.0;0.0;0.0;0.0;0.0;0.0;0.0;0.0;0.0;0.0;0.0;0.0;0.0;0.0;0.0;0.0;0.0;0.0;0.0;0.1;0.0;0.0;0.10526315789473684;0.0;0.0;0.0;0.0;0.0;0.0;0.0;0.0;0.0;0.0;0.0;0.0;0.0;0.0;0.0;0.0;0.0;0.0;0.0;0.0;0.0;0.0;0.0;0.0;0.0;0.0;0.0;0.0;0.0;0.0;0.0;0.0;0.0;0.0;0.0;0.0;0.0;0.0;0.0
GO:0032201;0.1;0.11764705882352941;0.10526315789473684;0.0;0.1111111111111111;0.7368421052631579;0.21052631578947367;0.0;0.23529411764705882;0.1111111111111111;0.0;1.0;0.8235294117647058;0.2857142857142857;0.13333333333333333;0.26666666666666666;0.1;0.14285714285714285;0.4444444444444444;0.125;0.11764705882352941;0.47058823529411764;0.7777777777777778;0.26666666666666666;0.47058823529411764;0.1111111111111111;0.1111111111111111;0.09523809523809523;0.14285714285714285;0.0;0.11764705882352941;0.1;0.8235294117647058;0.13333333333333333;0.7777777777777778;0.11764705882352941;0.4;0.13333333333333333;0.1111111111111111;0.7368421052631579;0.0;0.09523809523809523;0.13333333333333333;0.1111111111111111;0.4444444444444444;0.125;0.125;0.13333333333333333;0.13333333333333333;0.4;0.4444444444444444;0.4;0.3157894736842105;0.0;0.47058823529411764;0.11764705882352941;0.5;0.42105263157894735;0.4;0.7368421052631579;0.1;0.8421052631578947;0.1111111111111111;0.10526315789473684;0.42105263157894735;0.0;0.23529411764705882;0.375;0.5263157894736842;0.1;0.9473684210526315;0.11764705882352941;0.7777777777777778;0.5555555555555556;0.3;0.42105263157894735;0.125;0.13333333333333333;0.0;0.1111111111111111;0.75;0.1111111111111111;0.09090909090909091;0.1111111111111111;0.11764705882352941;0.09090909090909091;0.1111111111111111;0.0;0.14285714285714285;0.09523809523809523;0.0;0.14285714285714285;0.0;0.3;0.1;0.5263157894736842;0.1111111111111111;0.1111111111111111;0.13333333333333333;0.5882352941176471;0.0;0.5882352941176471;0.1111111111111111;0.09523809523809523;0.09523809523809523;0.13333333333333333;0.0;0.2857142857142857;0.13333333333333333;0.3;0.13333333333333333;0.11764705882352941;0.125;0.11764705882352941;0.8888888888888888;0.25;0.11764705882352941;0.09523809523809523;0.1111111111111111;0.13333333333333333;0.125;0.42105263157894735;0.1;0.10526315789473684;0.3333333333333333;0.26666666666666666;0.11764705882352941;0.1111111111111111;0.1111111111111111;0.10526315789473684
GO:0071897;0.631578947368421;0.25;0.7777777777777778;0.0;0.0;0.7777777777777778;0.2222222222222222;0.0;0.25;0.23529411764705882;0.0;0.8235294117647058;1.0;0.2;0.2857142857142857;0.2857142857142857;0.0;0.15384615384615385;0.7058823529411765;0.13333333333333333;0.25;0.875;0.8235294117647058;0.2857142857142857;0.875;0.23529411764705882;0.23529411764705882;0.0;0.3076923076923077;0.0;0.0;0.0;0.75;0.0;0.7058823529411765;0.25;0.7368421052631579;0.0;0.23529411764705882;0.7777777777777778;0.0;0.0;0.2857142857142857;0.23529411764705882;0.8235294117647058;0.0;0.0;0.2857142857142857;0.14285714285714285;0.7368421052631579;0.8235294117647058;0.7368421052631579;0.3333333333333333;0.0;0.875;0.0;0.5263157894736842;0.7777777777777778;0.42105263157894735;0.7777777777777778;0.0;0.7777777777777778;0.0;0.0;0.7777777777777778;0.0;0.25;0.26666666666666666;0.5555555555555556;0.0;0.7777777777777778;0.25;0.8235294117647058;0.5882352941176471;0.21052631578947367;0.6666666666666666;0.0;0.14285714285714285;0.0;0.0;0.8;0.23529411764705882;0.0;0.23529411764705882;0.125;0.0;0.0;0.0;0.15384615384615385;0.0;0.0;0.15384615384615385;0.0;0.5263157894736842;0.0;0.5555555555555556;0.0;0.0;0.14285714285714285;0.625;0.0;0.625;0.0;0.0;0.0;0.0;0.0;0.2;0.2857142857142857;0.21052631578947367;0.2857142857142857;0.25;0.26666666666666666;0.0;0.8235294117647058;0.26666666666666666;0.0;0.2;0.0;0.14285714285714285;0.0;0.6666666666666666;0.0;0.2222222222222222;0.5882352941176471;0.2857142857142857;0.0;0.0;0.0;0.0
GO:0071930;0.08695652173913043;0.1;0.09090909090909091;0.0;0.09523809523809523;0.18181818181818182;0.18181818181818182;0.0;0.2;0.09523809523809523;0.0;0.2857142857142857;0.2;1.0;0.1111111111111111;0.2222222222222222;0.08695652173913043;0.11764705882352941;0.09523809523809523;0.10526315789473684;0.1;0.1;0.19047619047619047;0.2222222222222222;0.1;0.09523809523809523;0.09523809523809523;0.08333333333333333;0.11764705882352941;0.0;0.1;0.08695652173913043;0.2;0.1111111111111111;0.19047619047619047;0.1;0.08695652173913043;0.1111111111111111;0.09523809523809523;0.18181818181818182;0.0;0.8333333333333334;0.1111111111111111;0.09523809523809523;0.09523809523809523;0.10526315789473684;0.10526315789473684;0.4444444444444444;0.1111111111111111;0.34782608695652173;0.09523809523809523;0.08695652173913043;0.09090909090909091;0.0;0.1;0.1;0.17391304347826086;0.09090909090909091;0.08695652173913043;0.18181818181818182;0.08695652173913043;0.09090909090909091;0.09523809523809523;0.09090909090909091;0.09090909090909091;0.0;0.2;0.3157894736842105;0.18181818181818182;0.08695652173913043;0.36363636363636365;0.1;0.19047619047619047;0.19047619047619047;0.2608695652173913;0.09090909090909091;0.10526315789473684;0.1111111111111111;0.0;0.47619047619047616;0.10526315789473684;0.09523809523809523;0.08;0.09523809523809523;0.1;0.08;0.7619047619047619;0.0;0.11764705882352941;0.08333333333333333;0.0;0.11764705882352941;0.0;0.08695652173913043;0.6086956521739131;0.18181818181818182;0.47619047619047616;0.6666666666666666;0.1111111111111111;0.2;0.0;0.2;0.09523809523809523;0.08333333333333333;0.9166666666666666;0.1111111111111111;0.0;0.3333333333333333;0.1111111111111111;0.9565217391304348;0.1111111111111111;0.1;0.10526315789473684;0.1;0.09523809523809523;0.21052631578947367;0.1;0.08333333333333333;0.47619047619047616;0.1111111111111111;0.10526315789473684;0.09090909090909091;0.08695652173913043;0.09090909090909091;0.09523809523809523;0.2222222222222222;0.1;0.09523809523809523;0.09523809523809523;0.45454545454545453
GO:0035556;0.11764705882352941;0.14285714285714285;0.125;0.0;0.5333333333333333;0.25;0.25;0.0;0.2857142857142857;0.13333333333333333;0.0;0.13333333333333333;0.2857142857142857;0.1111111111111111;1.0;0.3333333333333333;0.47058823529411764;0.18181818181818182;0.13333333333333333;0.15384615384615385;0.14285714285714285;0.14285714285714285;0.26666666666666666;0.3333333333333333;0.14285714285714285;0.13333333333333333;0.13333333333333333;0.4444444444444444;0.18181818181818182;0.0;0.5714285714285714;0.47058823529411764;0.2857142857142857;0.6666666666666666;0.26666666666666666;0.14285714285714285;0.11764705882352941;0.6666666666666666;0.13333333333333333;0.25;0.0;0.4444444444444444;0.16666666666666666;0.13333333333333333;0.13333333333333333;0.6153846153846154;0.6153846153846154;0.16666666666666666;0.16666666666666666;0.11764705882352941;0.13333333333333333;0.11764705882352941;0.125;0.0;0.14285714285714285;0.5714285714285714;0.23529411764705882;0.125;0.11764705882352941;0.25;0.47058823529411764;0.125;0.5333333333333333;0.125;0.125;0.0;0.2857142857142857;0.15384615384615385;0.25;0.47058823529411764;0.125;0.14285714285714285;0.26666666666666666;0.26666666666666666;0.11764705882352941;0.125;0.15384615384615385;0.16666666666666666;0.0;0.5333333333333333;0.15384615384615385;0.13333333333333333;0.42105263157894735;0.13333333333333333;0.14285714285714285;0.10526315789473684;0.5333333333333333;0.0;0.18181818181818182;0.4444444444444444;0.0;0.18181818181818182;0.0;0.11764705882352941;0.47058823529411764;0.25;0.5333333333333333;0.5333333333333333;0.16666666666666666;0.2857142857142857;0.0;0.2857142857142857;0.13333333333333333;0.4444444444444444;0.4444444444444444;0.6666666666666666;0.0;0.1111111111111111;0.16666666666666666;0.11764705882352941;0.16666666666666666;0.14285714285714285;0.15384615384615385;0.5714285714285714;0.13333333333333333;0.3076923076923077;0.5714285714285714;0.1111111111111111;0.5333333333333333;0.16666666666666666;0.15384615384615385;0.125;0.47058823529411764;0.125;0.13333333333333333;0.3333333333333333;0.5714285714285714;0.5333333333333333;0.5333333333333333;0.5
GO:0051402;0.23529411764705882;0.2857142857142857;0.25;0.0;0.0;0.25;0.25;0.0;0.2857142857142857;0.26666666666666666;0.0;0.26666666666666666;0.2857142857142857;0.2222222222222222;0.3333333333333333;1.0;0.0;0.18181818181818182;0.26666666666666666;0.15384615384615385;0.2857142857142857;0.2857142857142857;0.26666666666666666;0.3333333333333333;0.2857142857142857;0.26666666666666666;0.26666666666666666;0.0;0.36363636363636365;0.0;0.0;0.0;0.2857142857142857;0.0;0.26666666666666666;0.2857142857142857;0.23529411764705882;0.0;0.26666666666666666;0.25;0.0;0.0;0.3333333333333333;0.26666666666666666;0.26666666666666666;0.0;0.0;0.3333333333333333;0.16666666666666666;0.23529411764705882;0.26666666666666666;0.23529411764705882;0.125;0.0;0.2857142857142857;0.0;0.23529411764705882;0.25;0.11764705882352941;0.25;0.0;0.25;0.0;0.0;0.25;0.0;0.2857142857142857;0.3076923076923077;0.25;0.0;0.25;0.2857142857142857;0.26666666666666666;0.26666666666666666;0.23529411764705882;0.25;0.0;0.16666666666666666;0.0;0.0;0.3076923076923077;0.26666666666666666;0.0;0.26666666666666666;0.14285714285714285;0.0;0.0;0.0;0.18181818181818182;0.0;0.0;0.18181818181818182;0.0;0.23529411764705882;0.0;0.25;0.0;0.0;0.16666666666666666;0.2857142857142857;0.0;0.2857142857142857;0.0;0.0;0.0;0.0;0.0;0.2222222222222222;0.3333333333333333;0.23529411764705882;0.3333333333333333;0.2857142857142857;0.3076923076923077;0.0;0.26666666666666666;0.3076923076923077;0.0;0.2222222222222222;0.0;0.16666666666666666;0.0;0.125;0.0;0.25;0.26666666666666666;0.3333333333333333;0.0;0.0;0.0;0.0
GO:0031115;0.0;0.5263157894736842;0.0;0.0;0.6;0.0;0.5714285714285714;0.0;0.0;0.0;0.0;0.1;0.0;0.08695652173913043;0.47058823529411764;0.0;1.0;0.0;0.0;0.0;0.42105263157894735;0.0;0.0;0.0;0.0;0.0;0.1;0.6086956521739131;0.0;0.0;0.5263157894736842;0.45454545454545453;0.0;0.5882352941176471;0.0;0.0;0.0;0.47058823529411764;0.0;0.0;0.0;0.34782608695652173;0.0;0.0;0.0;0.4444444444444444;0.4444444444444444;0.0;0.0;0.0;0.0;0.0;0.0;0.0;0.0;0.631578947368421;0.0;0.0;0.0;0.0;0.36363636363636365;0.19047619047619047;0.7;0.47619047619047616;0.19047619047619047;0.0;0.0;0.0;0.0;0.5454545454545454;0.09523809523809523;0.0;0.0;0.0;0.0;0.0;0.2222222222222222;0.0;0.0;0.4;0.0;0.0;0.3333333333333333;0.0;0.0;0.4166666666666667;0.5;0.0;0.0;0.34782608695652173;0.0;0.0;0.0;0.0;0.36363636363636365;0.0;0.4;0.4;0.0;0.0;0.0;0.0;0.1;0.34782608695652173;0.43478260869565216;0.47058823529411764;0.0;0.43478260869565216;0.0;0.09090909090909091;0.0;0.0;0.0;0.5263157894736842;0.2;0.0;0.42105263157894735;0.08695652173913043;0.4;0.0;0.4444444444444444;0.0;0.7272727272727273;0.0;0.0;0.0;0.42105263157894735;0.5;0.4;0.38095238095238093
GO:0065003;0.125;0.15384615384615385;0.13333333333333333;0.0;0.0;0.13333333333333333;0.4;0.0;0.46153846153846156;0.14285714285714285;0.0;0.14285714285714285;0.15384615384615385;0.11764705882352941;0.18181818181818182;0.18181818181818182;0.0;1.0;0.14285714285714285;0.16666666666666666;0.15384615384615385;0.15384615384615385;0.14285714285714285;0.18181818181818182;0.15384615384615385;0.14285714285714285;0.14285714285714285;0.0;0.2;0.0;0.0;0.0;0.15384615384615385;0.0;0.14285714285714285;0.15384615384615385;0.125;0.0;0.14285714285714285;0.13333333333333333;0.0;0.0;0.18181818181818182;0.14285714285714285;0.14285714285714285;0.0;0.0;0.18181818181818182;0.18181818181818182;0.125;0.14285714285714285;0.125;0.13333333333333333;0.0;0.15384615384615385;0.0;0.125;0.13333333333333333;0.125;0.13333333333333333;0.0;0.13333333333333333;0.0;0.0;0.13333333333333333;0.0;0.15384615384615385;0.16666666666666666;0.13333333333333333;0.0;0.13333333333333333;0.15384615384615385;0.14285714285714285;0.14285714285714285;0.125;0.13333333333333333;0.0;0.18181818181818182;0.0;0.0;0.16666666666666666;0.14285714285714285;0.0;0.14285714285714285;0.15384615384615385;0.0;0.0;0.0;0.2;0.0;0.0;0.2;0.0;0.125;0.0;0.13333333333333333;0.0;0.0;0.18181818181818182;0.15384615384615385;0.0;0.15384615384615385;0.0;0.0;0.0;0.0;0.0;0.11764705882352941;0.18181818181818182;0.125;0.18181818181818182;0.15384615384615385;0.16666666666666666;0.0;0.14285714285714285;0.16666666666666666;0.0;0.11764705882352941;0.0;0.18181818181818182;0.0;0.13333333333333333;0.0;0.6666666666666666;0.14285714285714285;0.18181818181818182;0.0;0.0;0.0;0.0
GO:0006296;0.1;0.11764705882352941;0.10526315789473684;0.0;0.0;0.631578947368421;0.21052631578947367;0.0;0.23529411764705882;0.1111111111111111;0.0;0.4444444444444444;0.7058823529411765;0.09523809523809523;0.13333333333333333;0.26666666666666666;0.0;0.14285714285714285;1.0;0.125;0.11764705882352941;0.7058823529411765;0.6666666666666666;0.26666666666666666;0.7058823529411765;0.1111111111111111;0.1111111111111111;0.0;0.14285714285714285;0.0;0.0;0.0;0.7058823529411765;0.0;0.6666666666666666;0.11764705882352941;0.6;0.0;0.1111111111111111;0.631578947368421;0.0;0.0;0.13333333333333333;0.1111111111111111;0.6666666666666666;0.0;0.0;0.13333333333333333;0.13333333333333333;0.6;0.6666666666666666;0.6;0.3157894736842105;0.0;0.7058823529411765;0.0;0.3;0.631578947368421;0.1;0.631578947368421;0.0;0.631578947368421;0.0;0.0;0.631578947368421;0.0;0.23529411764705882;0.125;0.3157894736842105;0.0;0.631578947368421;0.11764705882352941;0.6666666666666666;0.3333333333333333;0.1;0.631578947368421;0.0;0.13333333333333333;0.0;0.0;0.75;0.1111111111111111;0.0;0.1111111111111111;0.11764705882352941;0.0;0.0;0.0;0.14285714285714285;0.0;0.0;0.14285714285714285;0.0;0.1;0.0;0.3157894736842105;0.0;0.0;0.13333333333333333;0.35294117647058826;0.0;0.35294117647058826;0.0;0.0;0.0;0.0;0.0;0.09523809523809523;0.13333333333333333;0.1;0.13333333333333333;0.11764705882352941;0.125;0.0;0.6666666666666666;0.25;0.0;0.09523809523809523;0.0;0.13333333333333333;0.0;0.10526315789473684;0.0;0.10526315789473684;0.1111111111111111;0.26666666666666666;0.0;0.0;0.0;0.0
GO:0051260;0.1111111111111111;0.13333333333333333;0.11764705882352941;0.0;0.0;0.11764705882352941;0.23529411764705882;0.0;0.26666666666666666;0.125;0.0;0.125;0.13333333333333333;0.10526315789473684;0.15384615384615385;0.15384615384615385;0.0;0.16666666666666666;0.125;1.0;0.13333333333333333;0.13333333333333333;0.125;0.15384615384615385;0.13333333333333333;0.125;0.125;0.0;0.16666666666666666;0.0;0.0;0.0;0.13333333333333333;0.0;0.125;0.13333333333333333;0.1111111111111111;0.0;0.125;0.11764705882352941;0.0;0.0;0.15384615384615385;0.125;0.125;0.0;0.0;0.15384615384615385;0.15384615384615385;0.1111111111111111;0.125;0.1111111111111111;0.11764705882352941;0.0;0.13333333333333333;0.0;0.1111111111111111;0.11764705882352941;0.1111111111111111;0.11764705882352941;0.0;0.11764705882352941;0.0;0.0;0.11764705882352941;0.0;0.13333333333333333;0.14285714285714285;0.11764705882352941;0.0;0.11764705882352941;0.13333333333333333;0.125;0.125;0.1111111111111111;0.11764705882352941;0.0;0.15384615384615385;0.0;0.0;0.14285714285714285;0.125;0.0;0.125;0.13333333333333333;0.0;0.0;0.0;0.16666666666666666;0.0;0.0;0.16666666666666666;0.0;0.1111111111111111;0.0;0.11764705882352941;0.0;0.0;0.15384615384615385;0.13333333333333333;0.0;0.13333333333333333;0.0;0.0;0.0;0.0;0.0;0.10526315789473684;0.15384615384615385;0.1111111111111111;0.15384615384615385;0.13333333333333333;0.14285714285714285;0.0;0.125;0.14285714285714285;0.0;0.10526315789473684;0.0;0.15384615384615385;0.0;0.11764705882352941;0.0;0.11764705882352941;0.125;0.15384615384615385;0.0;0.0;0.0;0.0
GO:0008631;0.10526315789473684;0.125;0.1111111111111111;0.0;0.11764705882352941;0.2222222222222222;0.2222222222222222;0.0;0.25;0.11764705882352941;0.0;0.11764705882352941;0.25;0.1;0.14285714285714285;0.2857142857142857;0.42105263157894735;0.15384615384615385;0.11764705882352941;0.13333333333333333;1.0;0.125;0.23529411764705882;0.2857142857142857;0.125;0.11764705882352941;0.11764705882352941;0.1;0.15384615384615385;0.0;0.125;0.10526315789473684;0.25;0.14285714285714285;0.23529411764705882;0.125;0.10526315789473684;0.14285714285714285;0.11764705882352941;0.2222222222222222;0.0;0.1;0.14285714285714285;0.11764705882352941;0.11764705882352941;0.13333333333333333;0.13333333333333333;0.14285714285714285;0.14285714285714285;0.10526315789473684;0.11764705882352941;0.10526315789473684;0.1111111111111111;0.0;0.125;0.125;0.21052631578947367;0.1111111111111111;0.10526315789473684;0.2222222222222222;0.10526315789473684;0.1111111111111111;0.11764705882352941;0.1111111111111111;0.1111111111111111;0.0;0.25;0.13333333333333333;0.2222222222222222;0.10526315789473684;0.1111111111111111;0.125;0.23529411764705882;0.23529411764705882;0.10526315789473684;0.1111111111111111;0.13333333333333333;0.14285714285714285;0.0;0.11764705882352941;0.13333333333333333;0.11764705882352941;0.09523809523809523;0.11764705882352941;0.125;0.09523809523809523;0.11764705882352941;0.0;0.15384615384615385;0.1;0.0;0.15384615384615385;0.0;0.10526315789473684;0.10526315789473684;0.2222222222222222;0.11764705882352941;0.11764705882352941;0.14285714285714285;0.25;0.0;0.25;0.11764705882352941;0.1;0.1;0.14285714285714285;0.0;0.1;0.14285714285714285;0.10526315789473684;0.14285714285714285;0.125;0.13333333333333333;0.125;0.11764705882352941;0.26666666666666666;0.125;0.1;0.11764705882352941;0.14285714285714285;0.13333333333333333;0.1111111111111111;0.10526315789473684;0.1111111111111111;0.11764705882352941;0.2857142857142857;0.125;0.11764705882352941;0.11764705882352941;0.1111111111111111
GO:0006297;0.10526315789473684;0.125;0.1111111111111111;0.0;0.0;0.7777777777777778;0.2222222222222222;0.0;0.25;0.11764705882352941;0.0;0.47058823529411764;0.875;0.1;0.14285714285714285;0.2857142857142857;0.0;0.15384615384615385;0.7058823529411765;0.13333333333333333;0.125;1.0;0.8235294117647058;0.2857142857142857;0.75;0.11764705882352941;0.11764705882352941;0.0;0.15384615384615385;0.0;0.0;0.0;0.875;0.0;0.8235294117647058;0.125;0.631578947368421;0.0;0.11764705882352941;0.7777777777777778;0.0;0.0;0.14285714285714285;0.11764705882352941;0.7058823529411765;0.0;0.0;0.14285714285714285;0.14285714285714285;0.631578947368421;0.7058823529411765;0.631578947368421;0.3333333333333333;0.0;0.75;0.0;0.5263157894736842;0.6666666666666666;0.10526315789473684;0.7777777777777778;0.0;0.7777777777777778;0.0;0.0;0.6666666666666666;0.0;0.25;0.13333333333333333;0.5555555555555556;0.0;0.6666666666666666;0.125;0.8235294117647058;0.5882352941176471;0.10526315789473684;0.6666666666666666;0.0;0.14285714285714285;0.0;0.0;0.8;0.11764705882352941;0.0;0.11764705882352941;0.125;0.0;0.0;0.0;0.15384615384615385;0.0;0.0;0.15384615384615385;0.0;0.10526315789473684;0.0;0.5555555555555556;0.0;0.0;0.14285714285714285;0.625;0.0;0.625;0.0;0.0;0.0;0.0;0.0;0.1;0.14285714285714285;0.10526315789473684;0.14285714285714285;0.125;0.13333333333333333;0.0;0.8235294117647058;0.26666666666666666;0.0;0.1;0.0;0.14285714285714285;0.0;0.1111111111111111;0.0;0.1111111111111111;0.11764705882352941;0.2857142857142857;0.0;0.0;0.0;0.0
GO:0006298;0.7;0.23529411764705882;0.7368421052631579;0.0;0.0;0.8421052631578947;0.21052631578947367;0.0;0.23529411764705882;0.2222222222222222;0.0;0.7777777777777778;0.8235294117647058;0.19047619047619047;0.26666666666666666;0.26666666666666666;0.0;0.14285714285714285;0.6666666666666666;0.125;0.23529411764705882;0.8235294117647058;1.0;0.26666666666666666;0.8235294117647058;0.2222222222222222;0.2222222222222222;0.0;0.2857142857142857;0.0;0.0;0.0;0.8235294117647058;0.0;0.7777777777777778;0.23529411764705882;0.8;0.0;0.3333333333333333;0.8421052631578947;0.0;0.0;0.26666666666666666;0.2222222222222222;0.7777777777777778;0.0;0.0;0.26666666666666666;0.13333333333333333;0.7;0.7777777777777778;0.8;0.42105263157894735;0.25;0.8235294117647058;0.0;0.5;0.7368421052631579;0.4;0.8421052631578947;0.0;0.7368421052631579;0.0;0.0;0.7368421052631579;0.2222222222222222;0.35294117647058826;0.25;0.5263157894736842;0.0;0.7368421052631579;0.23529411764705882;0.8888888888888888;0.5555555555555556;0.2;0.631578947368421;0.0;0.13333333333333333;0.26666666666666666;0.0;0.75;0.3333333333333333;0.0;0.2222222222222222;0.11764705882352941;0.0;0.0;0.0;0.14285714285714285;0.0;0.0;0.14285714285714285;0.26666666666666666;0.5;0.0;0.5263157894736842;0.0;0.0;0.13333333333333333;0.5882352941176471;0.13333333333333333;0.5882352941176471;0.0;0.0;0.0;0.0;0.0;0.47619047619047616;0.26666666666666666;0.2;0.26666666666666666;0.35294117647058826;0.375;0.0;0.7777777777777778;0.5;0.0;0.19047619047619047;0.0;0.6666666666666666;0.0;0.42105263157894735;0.0;0.21052631578947367;0.5555555555555556;0.4;0.0;0.0;0.0;0.0
GO:0000226;0.23529411764705882;0.2857142857142857;0.25;0.0;0.0;0.25;0.25;0.0;0.8571428571428571;0.26666666666666666;0.0;0.26666666666666666;0.2857142857142857;0.2222222222222222;0.3333333333333333;0.3333333333333333;0.0;0.18181818181818182;0.26666666666666666;0.15384615384615385;0.2857142857142857;0.2857142857142857;0.26666666666666666;1.0;0.2857142857142857;0.26666666666666666;0.26666666666666666;0.0;0.36363636363636365;0.0;0.0;0.0;0.2857142857142857;0.0;0.26666666666666666;0.2857142857142857;0.23529411764705882;0.0;0.26666666666666666;0.25;0.0;0.0;0.3333333333333333;0.26666666666666666;0.26666666666666666;0.0;0.0;0.3333333333333333;0.16666666666666666;0.23529411764705882;0.26666666666666666;0.23529411764705882;0.125;0.0;0.2857142857142857;0.0;0.23529411764705882;0.25;0.11764705882352941;0.25;0.0;0.5;0.0;0.0;0.5;0.0;0.2857142857142857;0.9230769230769231;0.25;0.0;0.25;0.8571428571428571;0.26666666666666666;0.26666666666666666;0.47058823529411764;0.25;0.0;0.16666666666666666;0.0;0.0;0.3076923076923077;0.26666666666666666;0.0;0.26666666666666666;0.8571428571428571;0.0;0.0;0.0;0.18181818181818182;0.0;0.0;0.18181818181818182;0.0;0.23529411764705882;0.0;0.25;0.0;0.0;0.16666666666666666;0.2857142857142857;0.0;0.2857142857142857;0.0;0.0;0.0;0.0;0.0;0.2222222222222222;0.3333333333333333;0.23529411764705882;0.3333333333333333;0.2857142857142857;0.3076923076923077;0.0;0.5333333333333333;0.3076923076923077;0.0;0.2222222222222222;0.0;0.16666666666666666;0.0;0.125;0.0;0.25;0.26666666666666666;0.3333333333333333;0.0;0.0;0.0;0.0
GO:0042148;0.10526315789473684;0.125;0.1111111111111111;0.0;0.0;0.7777777777777778;0.2222222222222222;0.0;0.25;0.11764705882352941;0.0;0.47058823529411764;0.875;0.1;0.14285714285714285;0.2857142857142857;0.0;0.15384615384615385;0.7058823529411765;0.13333333333333333;0.125;0.75;0.8235294117647058;0.2857142857142857;1.0;0.11764705882352941;0.11764705882352941;0.0;0.15384615384615385;0.0;0.0;0.0;0.875;0.0;0.8235294117647058;0.125;0.631578947368421;0.0;0.11764705882352941;0.7777777777777778;0.0;0.0;0.14285714285714285;0.11764705882352941;0.7058823529411765;0.0;0.0;0.14285714285714285;0.14285714285714285;0.631578947368421;0.7058823529411765;0.631578947368421;0.3333333333333333;0.0;0.75;0.0;0.5263157894736842;0.6666666666666666;0.10526315789473684;0.7777777777777778;0.0;0.7777777777777778;0.0;0.0;0.6666666666666666;0.0;0.25;0.13333333333333333;0.5555555555555556;0.0;0.6666666666666666;0.125;0.8235294117647058;0.5882352941176471;0.10526315789473684;0.6666666666666666;0.0;0.14285714285714285;0.0;0.0;0.8;0.11764705882352941;0.0;0.11764705882352941;0.125;0.0;0.0;0.0;0.15384615384615385;0.0;0.0;0.15384615384615385;0.0;0.10526315789473684;0.0;0.5555555555555556;0.0;0.0;0.14285714285714285;0.625;0.0;0.625;0.0;0.0;0.0;0.0;0.0;0.1;0.14285714285714285;0.10526315789473684;0.14285714285714285;0.125;0.13333333333333333;0.0;0.8235294117647058;0.26666666666666666;0.0;0.1;0.0;0.14285714285714285;0.0;0.1111111111111111;0.0;0.1111111111111111;0.11764705882352941;0.2857142857142857;0.0;0.0;0.0;0.0
