;GO:0007094;GO:0016525;GO:0008582;GO:0015031;GO:0048639;GO:0046339;GO:0050796;GO:0045892;GO:0001701;GO:0071377;GO:0045893;GO:0032685;GO:0035556;GO:0006171;GO:0000902;GO:0046622;GO:0048009;GO:0006452;GO:0060633;GO:0045657;GO:0090181;GO:0071880;GO:0002528;GO:0000070;GO:0034613;GO:0007193;GO:0040015;GO:0043647;GO:0040014;GO:0060024;GO:0008284;GO:0060548;GO:0045663;GO:0045944;GO:0045669;GO:0040019;GO:0090150;GO:0048662;GO:0070588;GO:0032701;GO:0051028;GO:0050731;GO:1903432;GO:0033198;GO:0046488;GO:0043534;GO:1990830;GO:0010801;GO:0001658;GO:0050900;GO:0070213;GO:0007171;GO:0070528;GO:0003091;GO:2000560;GO:0007213;GO:0045444;GO:0003376;GO:0032091;GO:0043305;GO:0043547;GO:0007215;GO:0032922;GO:0043392;GO:2000438;GO:0016055;GO:0001507;GO:0034260;GO:0007223;GO:0043433;GO:0008277;GO:1904428;GO:0006654;GO:0010629;GO:0042074;GO:0051056;GO:0010628;GO:0016042;GO:0030178;GO:0030334;GO:0018105;GO:0035589;GO:2000182;GO:0045905;GO:0006182;GO:2000064;GO:0051591;GO:0001570;GO:0060466;GO:0045901;GO:0043687;GO:0046834;GO:0000086;GO:0072201;GO:0030968;GO:0034765;GO:1900087;GO:0006111;GO:0007205;GO:0006513;GO:0048747;GO:0006357;GO:0071340;GO:0070493;GO:0032735;GO:0045087;GO:0046330;GO:0035723;GO:2000344;GO:0035329;GO:0034356;GO:0070498;GO:0030036;GO:0071902;GO:0019933;GO:0035722
GO:0007094;1.0;0.08695652173913043;0.09090909090909091;0.0;0.1;0.18181818181818182;0.08333333333333333;0.08;0.0;0.08695652173913043;0.08;0.09523809523809523;0.1;0.07692307692307693;0.10526315789473684;0.09523809523809523;0.08695652173913043;0.09090909090909091;0.07407407407407407;0.08333333333333333;0.09090909090909091;0.08;0.09523809523809523;0.09523809523809523;0.0;0.08695652173913043;0.09523809523809523;0.09523809523809523;0.1;0.09090909090909091;0.1;0.1;0.09523809523809523;0.07692307692307693;0.09523809523809523;0.09523809523809523;0.0;0.09523809523809523;0.0;0.09523809523809523;0.0;0.08;0.08695652173913043;0.0;0.18181818181818182;0.08695652173913043;0.19047619047619047;0.08;0.0;0.1;0.17391304347826086;0.07407407407407407;0.09523809523809523;0.09090909090909091;0.08333333333333333;0.09090909090909091;0.21052631578947367;0.09523809523809523;0.1;0.07692307692307693;0.09523809523809523;0.09523809523809523;0.09523809523809523;0.1;0.08;0.09090909090909091;0.09090909090909091;0.09523809523809523;0.08333333333333333;0.07692307692307693;0.09523809523809523;0.08;0.17391304347826086;0.09523809523809523;0.09523809523809523;0.09090909090909091;0.09523809523809523;0.0;0.09090909090909091;0.09523809523809523;0.16666666666666666;0.08695652173913043;0.08695652173913043;0.08333333333333333;0.07692307692307693;0.08;0.0;0.10526315789473684;0.08;0.08333333333333333;0.18181818181818182;0.19047619047619047;0.1;0.09523809523809523;0.1;0.09523809523809523;0.6666666666666666;0.08695652173913043;0.09523809523809523;0.16;0.09523809523809523;0.08;0.0;0.09523809523809523;0.09523809523809523;0.0;0.07407407407407407;0.09090909090909091;0.09523809523809523;0.09523809523809523;0.14814814814814814;0.09090909090909091;0.2;0.07692307692307693;0.08695652173913043;0.09090909090909091
GO:0016525;0.08695652173913043;1.0;0.47058823529411764;0.0;0.5333333333333333;0.0;0.21052631578947367;0.4;0.0;0.0;0.3;0.625;0.13333333333333333;0.0;0.0;0.5;0.1111111111111111;0.0;0.36363636363636365;0.42105263157894735;0.35294117647058826;0.1;0.125;0.0;0.0;0.1111111111111111;0.625;0.0;0.5333333333333333;0.35294117647058826;0.4;0.5333333333333333;0.5;0.2857142857142857;0.5;0.5;0.0;0.5;0.0;0.625;0.0;0.3;0.3333333333333333;0.0;0.0;0.0;0.0;0.4;0.0;0.0;0.0;0.2727272727272727;0.125;0.23529411764705882;0.3157894736842105;0.11764705882352941;0.0;0.125;0.26666666666666666;0.38095238095238093;0.25;0.125;0.125;0.26666666666666666;0.4;0.11764705882352941;0.11764705882352941;0.5;0.10526315789473684;0.38095238095238093;0.375;0.4;0.0;0.5;0.0;0.35294117647058826;0.375;0.0;0.47058823529411764;0.375;0.0;0.1111111111111111;0.3333333333333333;0.3157894736842105;0.0;0.3;0.0;0.0;0.1;0.3157894736842105;0.0;0.0;0.0;0.5;0.13333333333333333;0.375;0.3157894736842105;0.3333333333333333;0.125;0.0;0.0;0.3;0.0;0.125;0.5;0.0;0.2727272727272727;0.11764705882352941;0.375;0.125;0.0;0.11764705882352941;0.0;0.19047619047619047;0.1111111111111111;0.11764705882352941
GO:0008582;0.09090909090909091;0.47058823529411764;1.0;0.0;0.7142857142857143;0.0;0.2222222222222222;0.21052631578947367;0.0;0.0;0.21052631578947367;0.26666666666666666;0.14285714285714285;0.0;0.0;0.6666666666666666;0.11764705882352941;0.0;0.38095238095238093;0.4444444444444444;0.25;0.10526315789473684;0.13333333333333333;0.0;0.0;0.11764705882352941;0.6666666666666666;0.0;0.7142857142857143;0.25;0.2857142857142857;0.2857142857142857;0.5333333333333333;0.2;0.5333333333333333;0.5333333333333333;0.0;0.26666666666666666;0.0;0.26666666666666666;0.0;0.21052631578947367;0.23529411764705882;0.0;0.0;0.0;0.0;0.21052631578947367;0.0;0.0;0.0;0.19047619047619047;0.13333333333333333;0.25;0.2222222222222222;0.125;0.0;0.13333333333333333;0.2857142857142857;0.2;0.26666666666666666;0.13333333333333333;0.13333333333333333;0.2857142857142857;0.21052631578947367;0.125;0.125;0.26666666666666666;0.1111111111111111;0.2;0.26666666666666666;0.21052631578947367;0.0;0.26666666666666666;0.0;0.25;0.26666666666666666;0.0;0.25;0.26666666666666666;0.0;0.11764705882352941;0.23529411764705882;0.5555555555555556;0.0;0.21052631578947367;0.0;0.0;0.10526315789473684;0.2222222222222222;0.0;0.0;0.0;0.26666666666666666;0.14285714285714285;0.26666666666666666;0.2222222222222222;0.23529411764705882;0.13333333333333333;0.0;0.0;0.21052631578947367;0.0;0.13333333333333333;0.26666666666666666;0.0;0.19047619047619047;0.125;0.26666666666666666;0.13333333333333333;0.0;0.125;0.0;0.2;0.11764705882352941;0.125
GO:0015031;0.0;0.0;0.0;1.0;0.0;0.0;0.0;0.0;0.0;0.0;0.0;0.0;0.0;0.0;0.0;0.0;0.0;0.0;0.0;0.0;0.0;0.0;0.0;0.0;0.6153846153846154;0.0;0.0;0.0;0.0;0.0;0.0;0.0;0.0;0.0;0.0;0.0;0.6666666666666666;0.0;0.3333333333333333;0.0;0.23529411764705882;0.0;0.0;0.0;0.0;0.0;0.0;0.0;0.0;0.0;0.0;0.0;0.0;0.0;0.0;0.0;0.0;0.0;0.0;0.0;0.0;0.0;0.0;0.0;0.0;0.0;0.0;0.0;0.0;0.0;0.0;0.0;0.0;0.0;0.0;0.0;0.0;0.0;0.0;0.0;0.0;0.0;0.0;0.0;0.0;0.0;0.0;0.0;0.0;0.0;0.0;0.0;0.0;0.0;0.0;0.0;0.0;0.0;0.0;0.0;0.0;0.0;0.125;0.0;0.0;0.0;0.0;0.0;0.0;0.0;0.0;0.0;0.0;0.0;0.0;0.0
GO:0048639;0.1;0.5333333333333333;0.7142857142857143;0.0;1.0;0.0;0.25;0.35294117647058826;0.0;0.0;0.47058823529411764;0.46153846153846156;0.16666666666666666;0.0;0.0;0.9230769230769231;0.13333333333333333;0.0;0.3157894736842105;0.625;0.42857142857142855;0.11764705882352941;0.15384615384615385;0.0;0.0;0.13333333333333333;0.7692307692307693;0.0;0.8333333333333334;0.42857142857142855;0.6666666666666666;0.5;0.7692307692307693;0.4444444444444444;0.7692307692307693;0.7692307692307693;0.0;0.46153846153846156;0.0;0.46153846153846156;0.0;0.47058823529411764;0.4;0.0;0.0;0.0;0.0;0.35294117647058826;0.0;0.0;0.0;0.3157894736842105;0.15384615384615385;0.2857142857142857;0.5;0.14285714285714285;0.0;0.15384615384615385;0.3333333333333333;0.3333333333333333;0.3076923076923077;0.15384615384615385;0.15384615384615385;0.3333333333333333;0.35294117647058826;0.14285714285714285;0.14285714285714285;0.46153846153846156;0.125;0.3333333333333333;0.46153846153846156;0.35294117647058826;0.0;0.46153846153846156;0.0;0.42857142857142855;0.6153846153846154;0.0;0.42857142857142855;0.46153846153846156;0.0;0.13333333333333333;0.4;0.5;0.0;0.35294117647058826;0.0;0.0;0.11764705882352941;0.5;0.0;0.0;0.0;0.46153846153846156;0.16666666666666666;0.46153846153846156;0.5;0.4;0.15384615384615385;0.0;0.0;0.35294117647058826;0.0;0.15384615384615385;0.6153846153846154;0.0;0.42105263157894735;0.14285714285714285;0.6153846153846154;0.15384615384615385;0.0;0.14285714285714285;0.0;0.4444444444444444;0.13333333333333333;0.14285714285714285
GO:0046339;0.18181818181818182;0.0;0.0;0.0;0.0;1.0;0.0;0.0;0.0;0.23529411764705882;0.0;0.0;0.2857142857142857;0.3;0.15384615384615385;0.0;0.23529411764705882;0.375;0.0;0.0;0.0;0.21052631578947367;0.0;0.26666666666666666;0.0;0.23529411764705882;0.0;0.4;0.0;0.0;0.0;0.0;0.0;0.0;0.0;0.0;0.0;0.0;0.0;0.0;0.0;0.0;0.0;0.0;0.75;0.11764705882352941;0.26666666666666666;0.0;0.0;0.14285714285714285;0.35294117647058826;0.19047619047619047;0.26666666666666666;0.0;0.0;0.25;0.3076923076923077;0.26666666666666666;0.0;0.0;0.0;0.26666666666666666;0.0;0.0;0.0;0.25;0.25;0.0;0.2222222222222222;0.0;0.0;0.0;0.7058823529411765;0.0;0.13333333333333333;0.0;0.0;0.6153846153846154;0.0;0.0;0.3333333333333333;0.23529411764705882;0.0;0.0;0.3;0.0;0.0;0.15384615384615385;0.0;0.0;0.375;0.6666666666666666;0.2857142857142857;0.0;0.2857142857142857;0.0;0.0;0.0;0.26666666666666666;0.3157894736842105;0.26666666666666666;0.0;0.0;0.26666666666666666;0.0;0.0;0.0;0.25;0.0;0.26666666666666666;0.2857142857142857;0.25;0.2857142857142857;0.0;0.23529411764705882;0.25
GO:0050796;0.08333333333333333;0.21052631578947367;0.2222222222222222;0.0;0.25;0.0;1.0;0.38095238095238093;0.0;0.0;0.38095238095238093;0.23529411764705882;0.5;0.0;0.0;0.23529411764705882;0.10526315789473684;0.0;0.34782608695652173;0.4;0.2222222222222222;0.09523809523809523;0.35294117647058826;0.0;0.0;0.10526315789473684;0.23529411764705882;0.0;0.25;0.4444444444444444;0.5;0.5;0.47058823529411764;0.36363636363636365;0.47058823529411764;0.23529411764705882;0.0;0.47058823529411764;0.0;0.23529411764705882;0.0;0.38095238095238093;0.42105263157894735;0.0;0.0;0.0;0.0;0.38095238095238093;0.0;0.0;0.0;0.34782608695652173;0.47058823529411764;0.3333333333333333;0.4;0.4444444444444444;0.0;0.47058823529411764;0.25;0.6363636363636364;0.23529411764705882;0.47058823529411764;0.11764705882352941;0.25;0.38095238095238093;0.1111111111111111;0.1111111111111111;0.23529411764705882;0.1;0.18181818181818182;0.47058823529411764;0.38095238095238093;0.0;0.23529411764705882;0.0;0.4444444444444444;0.23529411764705882;0.0;0.4444444444444444;0.47058823529411764;0.0;0.10526315789473684;0.42105263157894735;0.4;0.0;0.38095238095238093;0.0;0.0;0.09523809523809523;0.4;0.0;0.0;0.0;0.47058823529411764;0.5;0.5882352941176471;0.4;0.42105263157894735;0.47058823529411764;0.0;0.0;0.38095238095238093;0.0;0.47058823529411764;0.23529411764705882;0.0;0.34782608695652173;0.1111111111111111;0.23529411764705882;0.47058823529411764;0.0;0.1111111111111111;0.0;0.36363636363636365;0.10526315789473684;0.1111111111111111
GO:0045892;0.08;0.4;0.21052631578947367;0.0;0.35294117647058826;0.0;0.38095238095238093;1.0;0.0;0.0;0.9090909090909091;0.4444444444444444;0.47058823529411764;0.0;0.0;0.3333333333333333;0.1;0.0;0.9166666666666666;0.38095238095238093;0.42105263157894735;0.09090909090909091;0.1111111111111111;0.0;0.0;0.1;0.4444444444444444;0.0;0.35294117647058826;0.42105263157894735;0.47058823529411764;0.5882352941176471;0.4444444444444444;0.8695652173913043;0.4444444444444444;0.3333333333333333;0.0;0.5555555555555556;0.0;0.4444444444444444;0.0;0.45454545454545453;0.4;0.0;0.0;0.0;0.0;0.5454545454545454;0.0;0.0;0.0;0.3333333333333333;0.4444444444444444;0.21052631578947367;0.6666666666666666;0.42105263157894735;0.0;0.4444444444444444;0.23529411764705882;0.34782608695652173;0.2222222222222222;0.4444444444444444;0.6666666666666666;0.23529411764705882;0.36363636363636365;0.10526315789473684;0.10526315789473684;0.4444444444444444;0.09523809523809523;0.8695652173913043;0.4444444444444444;0.5454545454545454;0.0;0.7777777777777778;0.0;0.42105263157894735;0.6666666666666666;0.0;0.42105263157894735;0.4444444444444444;0.0;0.1;0.6;0.6666666666666666;0.0;0.5454545454545454;0.0;0.0;0.09090909090909091;0.6666666666666666;0.0;0.0;0.0;0.5555555555555556;0.47058823529411764;0.3333333333333333;0.38095238095238093;0.5;0.4444444444444444;0.0;0.0;0.9090909090909091;0.0;0.4444444444444444;0.3333333333333333;0.0;0.3333333333333333;0.10526315789473684;0.3333333333333333;0.4444444444444444;0.0;0.10526315789473684;0.0;0.43478260869565216;0.1;0.10526315789473684
GO:0001701;0.0;0.0;0.0;0.0;0.0;0.0;0.0;0.0;1.0;0.0;0.0;0.0;0.0;0.0;0.15384615384615385;0.0;0.0;0.0;0.0;0.0;0.0;0.0;0.26666666666666666;0.0;0.0;0.0;0.0;0.0;0.0;0.0;0.0;0.0;0.0;0.0;0.0;0.0;0.0;0.0;0.0;0.0;0.0;0.0;0.0;0.0;0.0;0.0;0.0;0.0;0.25;0.0;0.0;0.0;0.0;0.25;0.0;0.0;0.3076923076923077;0.0;0.0;0.0;0.0;0.0;0.26666666666666666;0.0;0.0;0.0;0.0;0.0;0.0;0.0;0.0;0.0;0.0;0.0;0.0;0.0;0.0;0.0;0.0;0.0;0.0;0.0;0.0;0.0;0.0;0.0;0.0;0.15384615384615385;0.0;0.0;0.0;0.0;0.0;0.0;0.0;0.0;0.0;0.0;0.0;0.0;0.4;0.0;0.0;0.0;0.0;0.0;0.0;0.0;0.0;0.0;0.0;0.0;0.0;0.0;0.0;0.0
GO:0071377;0.08695652173913043;0.0;0.0;0.0;0.0;0.23529411764705882;0.0;0.0;0.0;1.0;0.0;0.0;0.13333333333333333;0.09523809523809523;0.14285714285714285;0.0;0.1111111111111111;0.11764705882352941;0.0;0.0;0.0;0.1;0.0;0.125;0.0;0.1111111111111111;0.0;0.125;0.0;0.0;0.0;0.0;0.0;0.0;0.0;0.0;0.0;0.0;0.0;0.0;0.0;0.0;0.0;0.5;0.23529411764705882;0.1111111111111111;0.625;0.0;0.0;0.13333333333333333;0.2222222222222222;0.09090909090909091;0.125;0.0;0.0;0.11764705882352941;0.2857142857142857;0.125;0.0;0.0;0.0;0.125;0.0;0.0;0.0;0.11764705882352941;0.11764705882352941;0.0;0.10526315789473684;0.0;0.0;0.0;0.2222222222222222;0.0;0.125;0.0;0.0;0.0;0.0;0.0;0.21052631578947367;0.1111111111111111;0.0;0.0;0.09523809523809523;0.0;0.5;0.14285714285714285;0.0;0.0;0.23529411764705882;0.25;0.13333333333333333;0.0;0.4;0.0;0.0;0.0;0.125;0.2;0.125;0.0;0.0;0.125;0.0;0.2857142857142857;0.0;0.11764705882352941;0.0;0.125;0.18181818181818182;0.11764705882352941;0.26666666666666666;0.0;0.1111111111111111;0.11764705882352941
GO:0045893;0.08;0.3;0.21052631578947367;0.0;0.47058823529411764;0.0;0.38095238095238093;0.9090909090909091;0.0;0.0;1.0;0.3333333333333333;0.47058823529411764;0.0;0.0;0.4444444444444444;0.1;0.0;0.8333333333333334;0.38095238095238093;0.42105263157894735;0.09090909090909091;0.1111111111111111;0.0;0.0;0.1;0.3333333333333333;0.0;0.35294117647058826;0.42105263157894735;0.47058823529411764;0.47058823529411764;0.4444444444444444;0.9565217391304348;0.4444444444444444;0.4444444444444444;0.0;0.4444444444444444;0.0;0.3333333333333333;0.0;0.5454545454545454;0.4;0.0;0.0;0.0;0.0;0.45454545454545453;0.0;0.0;0.0;0.3333333333333333;0.4444444444444444;0.21052631578947367;0.6666666666666666;0.42105263157894735;0.0;0.4444444444444444;0.23529411764705882;0.34782608695652173;0.2222222222222222;0.4444444444444444;0.6666666666666666;0.23529411764705882;0.2727272727272727;0.10526315789473684;0.10526315789473684;0.3333333333333333;0.09523809523809523;0.8695652173913043;0.4444444444444444;0.45454545454545453;0.0;0.6666666666666666;0.0;0.42105263157894735;0.7777777777777778;0.0;0.42105263157894735;0.4444444444444444;0.0;0.1;0.6;0.6666666666666666;0.0;0.5454545454545454;0.0;0.0;0.09090909090909091;0.6666666666666666;0.0;0.0;0.0;0.4444444444444444;0.47058823529411764;0.3333333333333333;0.38095238095238093;0.5;0.4444444444444444;0.0;0.0;0.9090909090909091;0.0;0.4444444444444444;0.4444444444444444;0.0;0.5;0.10526315789473684;0.4444444444444444;0.4444444444444444;0.0;0.10526315789473684;0.0;0.5217391304347826;0.1;0.10526315789473684
GO:0032685;0.09523809523809523;0.625;0.26666666666666666;0.0;0.46153846153846156;0.0;0.23529411764705882;0.4444444444444444;0.0;0.0;0.3333333333333333;1.0;0.15384615384615385;0.0;0.0;0.5714285714285714;0.125;0.0;0.4;0.47058823529411764;0.4;0.1111111111111111;0.14285714285714285;0.0;0.0;0.125;0.7142857142857143;0.0;0.6153846153846154;0.4;0.46153846153846156;0.6153846153846154;0.42857142857142855;0.3157894736842105;0.5714285714285714;0.5714285714285714;0.0;0.5714285714285714;0.0;0.8571428571428571;0.0;0.3333333333333333;0.375;0.0;0.0;0.0;0.0;0.4444444444444444;0.0;0.0;0.0;0.3;0.14285714285714285;0.26666666666666666;0.35294117647058826;0.13333333333333333;0.0;0.14285714285714285;0.3076923076923077;0.42105263157894735;0.2857142857142857;0.14285714285714285;0.14285714285714285;0.3076923076923077;0.4444444444444444;0.13333333333333333;0.13333333333333333;0.5714285714285714;0.11764705882352941;0.42105263157894735;0.42857142857142855;0.4444444444444444;0.0;0.5714285714285714;0.0;0.4;0.42857142857142855;0.0;0.5333333333333333;0.42857142857142855;0.0;0.125;0.375;0.35294117647058826;0.0;0.3333333333333333;0.0;0.0;0.1111111111111111;0.35294117647058826;0.0;0.0;0.0;0.5714285714285714;0.15384615384615385;0.42857142857142855;0.35294117647058826;0.375;0.14285714285714285;0.0;0.0;0.3333333333333333;0.0;0.14285714285714285;0.7142857142857143;0.0;0.3;0.13333333333333333;0.42857142857142855;0.14285714285714285;0.0;0.13333333333333333;0.0;0.21052631578947367;0.125;0.13333333333333333
GO:0035556;0.1;0.13333333333333333;0.14285714285714285;0.0;0.16666666666666666;0.2857142857142857;0.5;0.47058823529411764;0.0;0.13333333333333333;0.47058823529411764;0.15384615384615385;1.0;0.1111111111111111;0.18181818181818182;0.15384615384615385;0.13333333333333333;0.14285714285714285;0.42105263157894735;0.5;0.14285714285714285;0.11764705882352941;0.15384615384615385;0.15384615384615385;0.0;0.13333333333333333;0.15384615384615385;0.15384615384615385;0.16666666666666666;0.5714285714285714;0.6666666666666666;0.6666666666666666;0.6153846153846154;0.4444444444444444;0.6153846153846154;0.15384615384615385;0.0;0.6153846153846154;0.0;0.15384615384615385;0.0;0.47058823529411764;0.5333333333333333;0.0;0.2857142857142857;0.13333333333333333;0.3076923076923077;0.47058823529411764;0.0;0.16666666666666666;0.26666666666666666;0.10526315789473684;0.9230769230769231;0.14285714285714285;0.5;0.14285714285714285;0.36363636363636365;0.15384615384615385;0.16666666666666666;0.1111111111111111;0.15384615384615385;0.15384615384615385;0.15384615384615385;0.16666666666666666;0.11764705882352941;0.14285714285714285;0.14285714285714285;0.15384615384615385;0.125;0.1111111111111111;0.6153846153846154;0.47058823529411764;0.26666666666666666;0.15384615384615385;0.15384615384615385;0.5714285714285714;0.15384615384615385;0.0;0.5714285714285714;0.6153846153846154;0.25;0.13333333333333333;0.5333333333333333;0.5;0.1111111111111111;0.47058823529411764;0.0;0.18181818181818182;0.11764705882352941;0.5;0.2857142857142857;0.3076923076923077;0.16666666666666666;0.6153846153846154;0.16666666666666666;0.15384615384615385;0.5;0.5333333333333333;0.15384615384615385;0.23529411764705882;0.15384615384615385;0.47058823529411764;0.0;0.15384615384615385;0.15384615384615385;0.0;0.42105263157894735;0.14285714285714285;0.15384615384615385;0.9230769230769231;0.21052631578947367;0.14285714285714285;0.3333333333333333;0.1111111111111111;0.13333333333333333;0.14285714285714285
GO:0006171;0.07692307692307693;0.0;0.0;0.0;0.0;0.3;0.0;0.0;0.0;0.09523809523809523;0.0;0.0;0.1111111111111111;1.0;0.11764705882352941;0.0;0.09523809523809523;0.4;0.0;0.0;0.0;0.08695652173913043;0.0;0.10526315789473684;0.0;0.09523809523809523;0.0;0.5263157894736842;0.0;0.0;0.0;0.0;0.0;0.0;0.0;0.0;0.0;0.0;0.0;0.0;0.0;0.0;0.0;0.0;0.5;0.09523809523809523;0.21052631578947367;0.0;0.0;0.1111111111111111;0.38095238095238093;0.08;0.10526315789473684;0.0;0.0;0.1;0.23529411764705882;0.10526315789473684;0.0;0.0;0.0;0.10526315789473684;0.0;0.0;0.0;0.1;0.1;0.0;0.09090909090909091;0.0;0.0;0.0;0.38095238095238093;0.0;0.10526315789473684;0.0;0.0;0.35294117647058826;0.0;0.0;0.45454545454545453;0.09523809523809523;0.0;0.0;0.9166666666666666;0.0;0.0;0.11764705882352941;0.0;0.0;0.4;0.5263157894736842;0.1111111111111111;0.0;0.1111111111111111;0.0;0.0;0.0;0.10526315789473684;0.34782608695652173;0.10526315789473684;0.0;0.0;0.10526315789473684;0.0;0.0;0.0;0.1;0.0;0.10526315789473684;0.72;0.1;0.2222222222222222;0.0;0.09523809523809523;0.1
GO:0000902;0.10526315789473684;0.0;0.0;0.0;0.0;0.15384615384615385;0.0;0.0;0.15384615384615385;0.14285714285714285;0.0;0.0;0.18181818181818182;0.11764705882352941;1.0;0.0;0.14285714285714285;0.15384615384615385;0.0;0.0;0.0;0.125;0.0;0.16666666666666666;0.0;0.14285714285714285;0.0;0.16666666666666666;0.0;0.0;0.0;0.0;0.0;0.0;0.0;0.0;0.0;0.0;0.0;0.0;0.0;0.0;0.0;0.0;0.15384615384615385;0.14285714285714285;0.16666666666666666;0.0;0.15384615384615385;0.18181818181818182;0.14285714285714285;0.1111111111111111;0.16666666666666666;0.0;0.0;0.15384615384615385;0.4;0.16666666666666666;0.0;0.0;0.0;0.16666666666666666;0.0;0.0;0.0;0.15384615384615385;0.15384615384615385;0.0;0.13333333333333333;0.0;0.0;0.0;0.14285714285714285;0.0;0.16666666666666666;0.0;0.0;0.0;0.0;0.0;0.13333333333333333;0.14285714285714285;0.0;0.0;0.11764705882352941;0.0;0.0;0.2;0.0;0.0;0.15384615384615385;0.16666666666666666;0.18181818181818182;0.0;0.18181818181818182;0.0;0.0;0.0;0.16666666666666666;0.125;0.16666666666666666;0.0;0.0;0.16666666666666666;0.0;0.0;0.0;0.15384615384615385;0.0;0.16666666666666666;0.1111111111111111;0.15384615384615385;0.18181818181818182;0.0;0.14285714285714285;0.15384615384615385
GO:0046622;0.09523809523809523;0.5;0.6666666666666666;0.0;0.9230769230769231;0.0;0.23529411764705882;0.3333333333333333;0.0;0.0;0.4444444444444444;0.5714285714285714;0.15384615384615385;0.0;0.0;1.0;0.125;0.0;0.3;0.5882352941176471;0.4;0.1111111111111111;0.14285714285714285;0.0;0.0;0.125;0.7142857142857143;0.0;0.7692307692307693;0.4;0.6153846153846154;0.46153846153846156;0.7142857142857143;0.42105263157894735;0.7142857142857143;0.7142857142857143;0.0;0.42857142857142855;0.0;0.5714285714285714;0.0;0.4444444444444444;0.375;0.0;0.0;0.0;0.0;0.3333333333333333;0.0;0.0;0.0;0.3;0.14285714285714285;0.26666666666666666;0.47058823529411764;0.13333333333333333;0.0;0.14285714285714285;0.3076923076923077;0.42105263157894735;0.2857142857142857;0.14285714285714285;0.14285714285714285;0.3076923076923077;0.3333333333333333;0.13333333333333333;0.13333333333333333;0.42857142857142855;0.11764705882352941;0.3157894736842105;0.42857142857142855;0.3333333333333333;0.0;0.42857142857142855;0.0;0.4;0.5714285714285714;0.0;0.4;0.42857142857142855;0.0;0.125;0.375;0.47058823529411764;0.0;0.3333333333333333;0.0;0.0;0.1111111111111111;0.47058823529411764;0.0;0.0;0.0;0.42857142857142855;0.15384615384615385;0.42857142857142855;0.47058823529411764;0.375;0.14285714285714285;0.0;0.0;0.3333333333333333;0.0;0.14285714285714285;0.7142857142857143;0.0;0.4;0.13333333333333333;0.5714285714285714;0.14285714285714285;0.0;0.13333333333333333;0.0;0.42105263157894735;0.125;0.13333333333333333
GO:0048009;0.08695652173913043;0.1111111111111111;0.11764705882352941;0.0;0.13333333333333333;0.23529411764705882;0.10526315789473684;0.1;0.0;0.1111111111111111;0.1;0.125;0.13333333333333333;0.09523809523809523;0.14285714285714285;0.125;1.0;0.11764705882352941;0.09090909090909091;0.10526315789473684;0.11764705882352941;0.1;0.125;0.125;0.0;0.1111111111111111;0.125;0.125;0.13333333333333333;0.11764705882352941;0.13333333333333333;0.13333333333333333;0.125;0.09523809523809523;0.125;0.125;0.0;0.125;0.0;0.125;0.0;0.1;0.1111111111111111;0.0;0.23529411764705882;0.1111111111111111;0.25;0.1;0.0;0.13333333333333333;0.2222222222222222;0.09090909090909091;0.125;0.11764705882352941;0.10526315789473684;0.11764705882352941;0.2857142857142857;0.125;0.13333333333333333;0.09523809523809523;0.125;0.125;0.125;0.13333333333333333;0.1;0.11764705882352941;0.11764705882352941;0.125;0.10526315789473684;0.09523809523809523;0.125;0.1;0.2222222222222222;0.125;0.125;0.11764705882352941;0.125;0.0;0.11764705882352941;0.125;0.21052631578947367;0.1111111111111111;0.1111111111111111;0.10526315789473684;0.09523809523809523;0.1;0.0;0.14285714285714285;0.1;0.10526315789473684;0.23529411764705882;0.25;0.13333333333333333;0.125;0.13333333333333333;0.125;0.10526315789473684;0.1111111111111111;0.125;0.2;0.125;0.1;0.0;0.125;0.125;0.0;0.09090909090909091;0.11764705882352941;0.125;0.125;0.18181818181818182;0.11764705882352941;0.26666666666666666;0.09523809523809523;0.1111111111111111;0.11764705882352941
GO:0006452;0.09090909090909091;0.0;0.0;0.0;0.0;0.375;0.0;0.0;0.0;0.11764705882352941;0.0;0.0;0.14285714285714285;0.4;0.15384615384615385;0.0;0.11764705882352941;1.0;0.0;0.0;0.0;0.10526315789473684;0.0;0.13333333333333333;0.0;0.11764705882352941;0.0;0.4;0.0;0.0;0.0;0.0;0.0;0.0;0.0;0.0;0.0;0.0;0.0;0.0;0.0;0.0;0.0;0.0;0.375;0.11764705882352941;0.26666666666666666;0.0;0.0;0.14285714285714285;0.5882352941176471;0.09523809523809523;0.13333333333333333;0.0;0.0;0.125;0.3076923076923077;0.13333333333333333;0.0;0.0;0.0;0.13333333333333333;0.0;0.0;0.0;0.125;0.125;0.0;0.1111111111111111;0.0;0.0;0.0;0.47058823529411764;0.0;0.13333333333333333;0.0;0.0;0.46153846153846156;0.0;0.0;0.5555555555555556;0.11764705882352941;0.0;0.0;0.4;0.0;0.0;0.15384615384615385;0.0;0.0;0.625;0.4;0.14285714285714285;0.0;0.14285714285714285;0.0;0.0;0.0;0.13333333333333333;0.5263157894736842;0.13333333333333333;0.0;0.0;0.13333333333333333;0.0;0.0;0.0;0.125;0.0;0.13333333333333333;0.38095238095238093;0.125;0.2857142857142857;0.0;0.11764705882352941;0.125
GO:0060633;0.07407407407407407;0.36363636363636365;0.38095238095238093;0.0;0.3157894736842105;0.0;0.34782608695652173;0.9166666666666666;0.0;0.0;0.8333333333333334;0.4;0.42105263157894735;0.0;0.0;0.3;0.09090909090909091;0.0;1.0;0.34782608695652173;0.38095238095238093;0.08333333333333333;0.1;0.0;0.0;0.09090909090909091;0.4;0.0;0.3157894736842105;0.38095238095238093;0.42105263157894735;0.5263157894736842;0.4;0.88;0.4;0.3;0.0;0.5;0.0;0.4;0.0;0.3333333333333333;0.36363636363636365;0.0;0.0;0.0;0.0;0.5;0.0;0.0;0.0;0.3076923076923077;0.4;0.19047619047619047;0.6086956521739131;0.38095238095238093;0.0;0.4;0.21052631578947367;0.32;0.2;0.4;0.6;0.21052631578947367;0.3333333333333333;0.09523809523809523;0.09523809523809523;0.4;0.08695652173913043;0.8;0.4;0.4166666666666667;0.0;0.7;0.0;0.38095238095238093;0.6;0.0;0.47619047619047616;0.4;0.0;0.09090909090909091;0.5454545454545454;0.6086956521739131;0.0;0.5;0.0;0.0;0.08333333333333333;0.6086956521739131;0.0;0.0;0.0;0.5;0.42105263157894735;0.3;0.34782608695652173;0.45454545454545453;0.4;0.0;0.0;0.9166666666666666;0.0;0.4;0.3;0.0;0.3076923076923077;0.09523809523809523;0.3;0.4;0.0;0.09523809523809523;0.0;0.4;0.09090909090909091;0.09523809523809523
GO:0045657;0.08333333333333333;0.42105263157894735;0.4444444444444444;0.0;0.625;0.0;0.4;0.38095238095238093;0.0;0.0;0.38095238095238093;0.47058823529411764;0.5;0.0;0.0;0.5882352941176471;0.10526315789473684;0.0;0.34782608695652173;1.0;0.3333333333333333;0.38095238095238093;0.11764705882352941;0.0;0.0;0.10526315789473684;0.47058823529411764;0.0;0.5;0.4444444444444444;0.625;0.5;0.7058823529411765;0.36363636363636365;0.7058823529411765;0.5882352941176471;0.0;0.47058823529411764;0.0;0.47058823529411764;0.0;0.47619047619047616;0.42105263157894735;0.0;0.0;0.0;0.0;0.38095238095238093;0.0;0.0;0.0;0.34782608695652173;0.47058823529411764;0.2222222222222222;0.5;0.4444444444444444;0.0;0.47058823529411764;0.25;0.45454545454545453;0.23529411764705882;0.47058823529411764;0.11764705882352941;0.25;0.38095238095238093;0.4444444444444444;0.1111111111111111;0.35294117647058826;0.1;0.2727272727272727;0.47058823529411764;0.38095238095238093;0.0;0.35294117647058826;0.0;0.4444444444444444;0.47058823529411764;0.0;0.4444444444444444;0.47058823529411764;0.0;0.42105263157894735;0.42105263157894735;0.5;0.0;0.38095238095238093;0.0;0.0;0.47619047619047616;0.5;0.0;0.0;0.0;0.47058823529411764;0.5;0.35294117647058826;0.5;0.42105263157894735;0.47058823529411764;0.0;0.0;0.38095238095238093;0.0;0.47058823529411764;0.5882352941176471;0.0;0.34782608695652173;0.4444444444444444;0.47058823529411764;0.47058823529411764;0.0;0.4444444444444444;0.0;0.45454545454545453;0.10526315789473684;0.4444444444444444
GO:0090181;0.09090909090909091;0.35294117647058826;0.25;0.0;0.42857142857142855;0.0;0.2222222222222222;0.42105263157894735;0.0;0.0;0.42105263157894735;0.4;0.14285714285714285;0.0;0.0;0.4;0.11764705882352941;0.0;0.38095238095238093;0.3333333333333333;1.0;0.10526315789473684;0.13333333333333333;0.0;0.0;0.11764705882352941;0.4;0.0;0.42857142857142855;0.375;0.42857142857142855;0.42857142857142855;0.4;0.4;0.4;0.4;0.0;0.4;0.0;0.4;0.0;0.42105263157894735;0.35294117647058826;0.0;0.0;0.0;0.0;0.42105263157894735;0.0;0.0;0.0;0.2857142857142857;0.13333333333333333;0.25;0.4444444444444444;0.125;0.0;0.13333333333333333;0.2857142857142857;0.3;0.26666666666666666;0.13333333333333333;0.5333333333333333;0.2857142857142857;0.3157894736842105;0.125;0.125;0.4;0.1111111111111111;0.3;0.4;0.42105263157894735;0.0;0.5333333333333333;0.0;0.375;0.5333333333333333;0.0;0.375;0.4;0.0;0.11764705882352941;0.8235294117647058;0.4444444444444444;0.0;0.5263157894736842;0.0;0.0;0.10526315789473684;0.4444444444444444;0.0;0.0;0.0;0.4;0.14285714285714285;0.4;0.3333333333333333;0.5882352941176471;0.13333333333333333;0.0;0.0;0.42105263157894735;0.0;0.13333333333333333;0.4;0.0;0.2857142857142857;0.125;0.4;0.13333333333333333;0.0;0.125;0.0;0.4;0.11764705882352941;0.125
GO:0071880;0.08;0.1;0.10526315789473684;0.0;0.11764705882352941;0.21052631578947367;0.09523809523809523;0.09090909090909091;0.0;0.1;0.09090909090909091;0.1111111111111111;0.11764705882352941;0.08695652173913043;0.125;0.1111111111111111;0.1;0.10526315789473684;0.08333333333333333;0.38095238095238093;0.10526315789473684;1.0;0.1111111111111111;0.1111111111111111;0.0;0.1;0.1111111111111111;0.1111111111111111;0.11764705882352941;0.10526315789473684;0.11764705882352941;0.11764705882352941;0.1111111111111111;0.08695652173913043;0.1111111111111111;0.1111111111111111;0.0;0.1111111111111111;0.0;0.1111111111111111;0.0;0.09090909090909091;0.1;0.0;0.21052631578947367;0.1;0.2222222222222222;0.09090909090909091;0.0;0.11764705882352941;0.2;0.08333333333333333;0.1111111111111111;0.10526315789473684;0.09523809523809523;0.10526315789473684;0.25;0.1111111111111111;0.11764705882352941;0.08695652173913043;0.1111111111111111;0.1111111111111111;0.1111111111111111;0.11764705882352941;0.09090909090909091;0.10526315789473684;0.10526315789473684;0.1111111111111111;0.09523809523809523;0.08695652173913043;0.1111111111111111;0.09090909090909091;0.2;0.1111111111111111;0.1111111111111111;0.10526315789473684;0.1111111111111111;0.0;0.10526315789473684;0.1111111111111111;0.19047619047619047;0.1;0.1;0.09523809523809523;0.08695652173913043;0.09090909090909091;0.0;0.125;0.09090909090909091;0.09523809523809523;0.21052631578947367;0.2222222222222222;0.11764705882352941;0.1111111111111111;0.11764705882352941;0.1111111111111111;0.09523809523809523;0.1;0.1111111111111111;0.18181818181818182;0.1111111111111111;0.09090909090909091;0.0;0.1111111111111111;0.1111111111111111;0.0;0.08333333333333333;0.10526315789473684;0.1111111111111111;0.1111111111111111;0.16666666666666666;0.10526315789473684;0.23529411764705882;0.08695652173913043;0.1;0.10526315789473684
GO:0002528;0.09523809523809523;0.125;0.13333333333333333;0.0;0.15384615384615385;0.0;0.35294117647058826;0.1111111111111111;0.26666666666666666;0.0;0.1111111111111111;0.14285714285714285;0.15384615384615385;0.0;0.0;0.14285714285714285;0.125;0.0;0.1;0.11764705882352941;0.13333333333333333;0.1111111111111111;1.0;0.0;0.0;0.125;0.14285714285714285;0.0;0.15384615384615385;0.13333333333333333;0.15384615384615385;0.15384615384615385;0.14285714285714285;0.10526315789473684;0.14285714285714285;0.14285714285714285;0.0;0.14285714285714285;0.0;0.14285714285714285;0.0;0.1111111111111111;0.125;0.0;0.0;0.0;0.0;0.1111111111111111;0.13333333333333333;0.0;0.0;0.1;0.14285714285714285;0.4;0.11764705882352941;0.13333333333333333;0.0;0.14285714285714285;0.15384615384615385;0.10526315789473684;0.14285714285714285;0.14285714285714285;0.2857142857142857;0.15384615384615385;0.1111111111111111;0.13333333333333333;0.13333333333333333;0.14285714285714285;0.11764705882352941;0.10526315789473684;0.14285714285714285;0.1111111111111111;0.0;0.14285714285714285;0.0;0.13333333333333333;0.14285714285714285;0.0;0.13333333333333333;0.14285714285714285;0.0;0.125;0.375;0.11764705882352941;0.0;0.3333333333333333;0.0;0.0;0.1111111111111111;0.11764705882352941;0.0;0.0;0.0;0.14285714285714285;0.15384615384615385;0.14285714285714285;0.11764705882352941;0.125;0.14285714285714285;0.0;0.0;0.1111111111111111;0.0;0.14285714285714285;0.14285714285714285;0.0;0.1;0.13333333333333333;0.14285714285714285;0.14285714285714285;0.0;0.13333333333333333;0.0;0.10526315789473684;0.125;0.13333333333333333
GO:0000070;0.09523809523809523;0.0;0.0;0.0;0.0;0.26666666666666666;0.0;0.0;0.0;0.125;0.0;0.0;0.15384615384615385;0.10526315789473684;0.16666666666666666;0.0;0.125;0.13333333333333333;0.0;0.0;0.0;0.1111111111111111;0.0;1.0;0.0;0.125;0.0;0.14285714285714285;0.0;0.0;0.0;0.0;0.0;0.0;0.0;0.0;0.0;0.0;0.0;0.0;0.0;0.0;0.0;0.0;0.26666666666666666;0.125;0.2857142857142857;0.0;0.0;0.15384615384615385;0.25;0.1;0.14285714285714285;0.0;0.0;0.13333333333333333;0.3333333333333333;0.14285714285714285;0.0;0.0;0.0;0.14285714285714285;0.0;0.0;0.0;0.13333333333333333;0.13333333333333333;0.0;0.11764705882352941;0.0;0.0;0.0;0.25;0.0;0.14285714285714285;0.0;0.0;0.0;0.0;0.0;0.23529411764705882;0.125;0.0;0.0;0.10526315789473684;0.0;0.0;0.16666666666666666;0.0;0.0;0.26666666666666666;0.2857142857142857;0.15384615384615385;0.0;0.15384615384615385;0.0;0.0;0.0;0.14285714285714285;0.2222222222222222;0.14285714285714285;0.0;0.0;0.14285714285714285;0.0;0.0;0.0;0.13333333333333333;0.0;0.14285714285714285;0.2;0.13333333333333333;0.6153846153846154;0.0;0.125;0.13333333333333333
GO:0034613;0.0;0.0;0.0;0.6153846153846154;0.0;0.0;0.0;0.0;0.0;0.0;0.0;0.0;0.0;0.0;0.0;0.0;0.0;0.0;0.0;0.0;0.0;0.0;0.0;0.0;1.0;0.0;0.0;0.0;0.0;0.0;0.0;0.0;0.0;0.0;0.0;0.0;0.8333333333333334;0.0;0.26666666666666666;0.0;0.2857142857142857;0.0;0.0;0.0;0.0;0.0;0.0;0.0;0.0;0.0;0.0;0.0;0.0;0.0;0.0;0.0;0.0;0.0;0.0;0.0;0.0;0.0;0.0;0.0;0.0;0.0;0.0;0.0;0.0;0.0;0.0;0.0;0.0;0.0;0.0;0.0;0.0;0.0;0.0;0.0;0.0;0.0;0.0;0.0;0.0;0.0;0.0;0.0;0.0;0.0;0.0;0.0;0.0;0.0;0.0;0.0;0.0;0.0;0.0;0.0;0.0;0.0;0.7692307692307693;0.0;0.0;0.0;0.0;0.0;0.0;0.0;0.0;0.0;0.0;0.0;0.0;0.0
GO:0007193;0.08695652173913043;0.1111111111111111;0.11764705882352941;0.0;0.13333333333333333;0.23529411764705882;0.10526315789473684;0.1;0.0;0.1111111111111111;0.1;0.125;0.13333333333333333;0.09523809523809523;0.14285714285714285;0.125;0.1111111111111111;0.11764705882352941;0.09090909090909091;0.10526315789473684;0.11764705882352941;0.1;0.125;0.125;0.0;1.0;0.125;0.125;0.13333333333333333;0.11764705882352941;0.13333333333333333;0.13333333333333333;0.125;0.09523809523809523;0.125;0.125;0.0;0.125;0.0;0.125;0.0;0.1;0.1111111111111111;0.0;0.23529411764705882;0.1111111111111111;0.25;0.1;0.0;0.13333333333333333;0.2222222222222222;0.09090909090909091;0.125;0.11764705882352941;0.10526315789473684;0.11764705882352941;0.2857142857142857;0.125;0.13333333333333333;0.09523809523809523;0.125;0.125;0.125;0.13333333333333333;0.1;0.11764705882352941;0.11764705882352941;0.125;0.10526315789473684;0.09523809523809523;0.125;0.1;0.2222222222222222;0.125;0.125;0.11764705882352941;0.125;0.0;0.11764705882352941;0.125;0.21052631578947367;0.1111111111111111;0.1111111111111111;0.10526315789473684;0.09523809523809523;0.1;0.0;0.14285714285714285;0.1;0.10526315789473684;0.23529411764705882;0.25;0.13333333333333333;0.125;0.13333333333333333;0.125;0.10526315789473684;0.1111111111111111;0.125;0.2;0.125;0.1;0.0;0.125;0.125;0.0;0.09090909090909091;0.11764705882352941;0.125;0.125;0.18181818181818182;0.11764705882352941;0.26666666666666666;0.09523809523809523;0.1111111111111111;0.11764705882352941
GO:0040015;0.09523809523809523;0.625;0.6666666666666666;0.0;0.7692307692307693;0.0;0.23529411764705882;0.4444444444444444;0.0;0.0;0.3333333333333333;0.7142857142857143;0.15384615384615385;0.0;0.0;0.7142857142857143;0.125;0.0;0.4;0.47058823529411764;0.4;0.1111111111111111;0.14285714285714285;0.0;0.0;0.125;1.0;0.0;0.9230769230769231;0.4;0.46153846153846156;0.6153846153846154;0.5714285714285714;0.3157894736842105;0.5714285714285714;0.5714285714285714;0.0;0.5714285714285714;0.0;0.7142857142857143;0.0;0.3333333333333333;0.375;0.0;0.0;0.0;0.0;0.4444444444444444;0.0;0.0;0.0;0.3;0.14285714285714285;0.26666666666666666;0.35294117647058826;0.13333333333333333;0.0;0.14285714285714285;0.3076923076923077;0.42105263157894735;0.2857142857142857;0.14285714285714285;0.14285714285714285;0.3076923076923077;0.4444444444444444;0.13333333333333333;0.13333333333333333;0.5714285714285714;0.11764705882352941;0.42105263157894735;0.42857142857142855;0.4444444444444444;0.0;0.5714285714285714;0.0;0.4;0.42857142857142855;0.0;0.5333333333333333;0.42857142857142855;0.0;0.125;0.375;0.35294117647058826;0.0;0.3333333333333333;0.0;0.0;0.1111111111111111;0.35294117647058826;0.0;0.0;0.0;0.5714285714285714;0.15384615384615385;0.42857142857142855;0.35294117647058826;0.375;0.14285714285714285;0.0;0.0;0.3333333333333333;0.0;0.14285714285714285;0.5714285714285714;0.0;0.3;0.13333333333333333;0.42857142857142855;0.14285714285714285;0.0;0.13333333333333333;0.0;0.21052631578947367;0.125;0.13333333333333333
GO:0043647;0.09523809523809523;0.0;0.0;0.0;0.0;0.4;0.0;0.0;0.0;0.125;0.0;0.0;0.15384615384615385;0.5263157894736842;0.16666666666666666;0.0;0.125;0.4;0.0;0.0;0.0;0.1111111111111111;0.0;0.14285714285714285;0.0;0.125;0.0;1.0;0.0;0.0;0.0;0.0;0.0;0.0;0.0;0.0;0.0;0.0;0.0;0.0;0.0;0.0;0.0;0.0;0.6666666666666666;0.125;0.2857142857142857;0.0;0.0;0.15384615384615385;0.375;0.1;0.14285714285714285;0.0;0.0;0.13333333333333333;0.3333333333333333;0.14285714285714285;0.0;0.0;0.0;0.14285714285714285;0.0;0.0;0.0;0.13333333333333333;0.13333333333333333;0.0;0.11764705882352941;0.0;0.0;0.0;0.625;0.0;0.14285714285714285;0.0;0.0;0.5;0.0;0.0;0.5882352941176471;0.125;0.0;0.0;0.5263157894736842;0.0;0.0;0.16666666666666666;0.0;0.0;0.4;0.7142857142857143;0.15384615384615385;0.0;0.15384615384615385;0.0;0.0;0.0;0.14285714285714285;0.3333333333333333;0.14285714285714285;0.0;0.0;0.14285714285714285;0.0;0.0;0.0;0.13333333333333333;0.0;0.14285714285714285;0.5;0.13333333333333333;0.3076923076923077;0.0;0.125;0.13333333333333333
GO:0040014;0.1;0.5333333333333333;0.7142857142857143;0.0;0.8333333333333334;0.0;0.25;0.35294117647058826;0.0;0.0;0.35294117647058826;0.6153846153846154;0.16666666666666666;0.0;0.0;0.7692307692307693;0.13333333333333333;0.0;0.3157894736842105;0.5;0.42857142857142855;0.11764705882352941;0.15384615384615385;0.0;0.0;0.13333333333333333;0.9230769230769231;0.0;1.0;0.42857142857142855;0.5;0.5;0.6153846153846154;0.3333333333333333;0.6153846153846154;0.6153846153846154;0.0;0.46153846153846156;0.0;0.6153846153846154;0.0;0.35294117647058826;0.4;0.0;0.0;0.0;0.0;0.35294117647058826;0.0;0.0;0.0;0.3157894736842105;0.15384615384615385;0.2857142857142857;0.375;0.14285714285714285;0.0;0.15384615384615385;0.3333333333333333;0.3333333333333333;0.3076923076923077;0.15384615384615385;0.15384615384615385;0.3333333333333333;0.35294117647058826;0.14285714285714285;0.14285714285714285;0.46153846153846156;0.125;0.3333333333333333;0.46153846153846156;0.35294117647058826;0.0;0.46153846153846156;0.0;0.42857142857142855;0.46153846153846156;0.0;0.42857142857142855;0.46153846153846156;0.0;0.13333333333333333;0.4;0.375;0.0;0.35294117647058826;0.0;0.0;0.11764705882352941;0.375;0.0;0.0;0.0;0.46153846153846156;0.16666666666666666;0.46153846153846156;0.375;0.4;0.15384615384615385;0.0;0.0;0.35294117647058826;0.0;0.15384615384615385;0.6153846153846154;0.0;0.3157894736842105;0.14285714285714285;0.46153846153846156;0.15384615384615385;0.0;0.14285714285714285;0.0;0.2222222222222222;0.13333333333333333;0.14285714285714285
