;GO:1903003;GO:0050718;GO:1901224;GO:0046854;GO:0045765;GO:0007257;GO:0042531;GO:0051091;GO:0045766;GO:0006957;GO:0032966;GO:0030307;GO:0048247;GO:0045893;GO:0006958;GO:0032722;GO:0035556;GO:0050830;GO:0030148;GO:0033138;GO:1901990;GO:0051260;GO:0006974;GO:0045779;GO:0010828;GO:0098586;GO:0001798;GO:0006607;GO:0002408;GO:0072610;GO:0051897;GO:0035666;GO:0034695;GO:0008285;GO:0043123;GO:0008203;GO:0043124;GO:0042157;GO:0045669;GO:0045944;GO:0045425;GO:0045668;GO:0048661;GO:0000165;GO:0051024;GO:0019221;GO:0043011;GO:0051384;GO:0070102;GO:0051549;GO:0048260;GO:0038128;GO:0050731;GO:0051545;GO:0016579;GO:0031295;GO:0006670;GO:0000209;GO:0043410;GO:0007249;GO:0001781;GO:0030514;GO:0007517;GO:0030513;GO:2000427;GO:2000669;GO:2000549;GO:0001934;GO:0030593;GO:0010888;GO:0001818;GO:2000660;GO:0010884;GO:0018108;GO:0045727;GO:0032494;GO:1902476;GO:0007173;GO:0007179;GO:0043547;GO:0070091;GO:0060326;GO:0002675;GO:0050871;GO:0030509;GO:0072540;GO:0051607;GO:2000676;GO:0032760;GO:0051209;GO:0071731;GO:2000158;GO:0010575;GO:2000553;GO:0090303;GO:0007186;GO:0090023;GO:2000051;GO:0043552;GO:0002690;GO:0043312;GO:0042102;GO:0006898;GO:0002606;GO:0010866;GO:0010469;GO:0032755;GO:2000562;GO:0010862;GO:0016567;GO:0046718;GO:0045627;GO:0010560;GO:0043687;GO:0001970;GO:0045745;GO:0000122;GO:0045079;GO:0097029;GO:0071479;GO:0010951;GO:0071356;GO:0070301;GO:0016311;GO:0051865;GO:0050829;GO:0006351;GO:0045599;GO:0048469;GO:0006631;GO:0006511;GO:0045086;GO:0032735;GO:0071222;GO:0002548;GO:0042130;GO:0043066;GO:0070098;GO:0045087;GO:0006508;GO:0043065;GO:0070374;GO:0071347;GO:0071346
GO:1903003;1.0;0.2185568118757752;0.30591709051075816;0.0;0.21717301085585392;0.45782170499377134;0.5838675523847873;0.42456578813391216;0.2400565141955538;0.1763619848681173;0.25166387281479957;0.35861856290104904;0.0;0.5164737133278818;0.18608119145585914;0.26449258124345637;0.28566302583480035;0.0;0.0;0.7383747159479603;0.2713905732270445;0.0;0.0;0.196330730215195;0.25784518365293646;0.0;0.14055268706018975;0.0;0.0;0.0;0.3059170680128348;0.21724369111390412;0.0;0.2786196606181671;0.305917106427018;0.0;0.21984058100928935;0.0;0.3191080489928203;0.5009475165664172;0.5868896232888989;0.22931995646556308;0.3680553085664997;0.18700571439200633;0.2322399481199019;0.27805916353047583;0.0;0.0;0.2708654933886378;0.287757109041663;0.3193485307243774;0.257541929577943;0.7383747228010583;0.37548896539120347;0.0;0.2658924535788171;0.0;0.0;0.632919757332056;0.2780587793601527;0.0;0.31573850805552034;0.0;0.38390209650843443;0.3060677501779952;0.2296778132350338;0.3060331767627911;0.763246536040484;0.0;0.2111419173773918;0.2229747425224059;0.21091515044059594;0.263827038343483;0.0;0.6507245436118961;0.0;0.0;0.257541929577943;0.2640255868381872;0.15621955665649834;0.12392956143766314;0.0;0.23479912134835743;0.31951688854281;0.37219904639071755;0.0;0.0;0.3196098476666852;0.2517636096484746;0.1339008468007968;0.0;0.7348714956994886;0.26449094724494226;0.15959354121007355;0.2578496380491934;0.28566302583480035;0.23267791659734188;0.2198392292538275;0.3937915101836455;0.2569923078086853;0.0;0.23622740099612224;0.0;0.2643998401373628;0.39020608977783644;0.2636727981877238;0.2644912650945637;0.15049362287195567;0.6329194273327333;0.0;0.0;0.16083452197691867;0.638664597609368;0.0;0.5754262814809247;0.3191899700228409;0.31197057508637116;0.36275809947708515;0.0;0.0;0.43910944268438606;0.0;0.0;0.0;0.0;0.0;0.0;0.2517232878601529;0.0;0.0;0.0;0.5868899993655116;0.2644914882169026;0.0;0.0;0.16980407657894434;0.2517212706610309;0.2708654933886378;0.0;0.0;0.35028121206328283;0.6157337819673357;0.0;0.0
GO:0050718;0.2185568118757752;1.0;0.25232814591863;0.0;0.2150004885230284;0.13523236275512188;0.1681186110124495;0.19654159523035977;0.27117290486670176;0.15068827117839148;0.16201719943952558;0.2871325650526821;0.0;0.19777155590582066;0.15772724797296864;0.3744567692293362;0.22387950702422718;0.0;0.0;0.2062375791833354;0.21501738477952292;0.0;0.0;0.1983199124953201;0.3278325056372166;0.0;0.1237496632088401;0.0;0.0;0.0;0.2523281306124664;0.1848982877273602;0.0;0.21953017087306712;0.252328156747046;0.0;0.18132987425249789;0.0;0.3347483528802875;0.19262120406326394;0.3119434053278063;0.2252200282797554;0.2931505282876786;0.1583909872619246;0.6697446047470709;0.21918205518157;0.0;0.0;0.21468765547159363;0.34175613364342927;0.3718753345617651;0.2062313523561965;0.20623758082343036;0.14814192509141935;0.0;0.22445918779621685;0.0;0.0;0.18047307263716886;0.21918181647767498;0.0;0.13807395194874575;0.0;0.19467656852639337;0.3591203322158194;0.1879704376780895;0.2524071184091598;0.21216137542440539;0.0;0.21024243052291008;0.2625261249289691;0.1752140931680353;0.25222686201532946;0.0;0.20033529877186523;0.0;0.0;0.2062313523561965;0.21036811586877863;0.12446084220919587;0.1030661331573499;0.0;0.19138682405498283;0.26150909096439906;0.15897252553325883;0.0;0.0;0.2615713575467101;0.35996124508740907;0.142240771893052;0.0;0.20536267282361828;0.37445492668387625;0.24578380939818295;0.20642861714605049;0.22387950702422718;0.22906704798888836;0.18132895460457293;0.19988066809966082;0.24938001762242656;0.0;0.20294501671076412;0.0;0.2106056403334786;0.1985420994853357;0.21014408887253483;0.37445528510095255;0.13139119282446812;0.18047299032942937;0.0;0.0;0.1853938724619163;0.21514441349891184;0.0;0.16593811968982394;0.26129005968049723;0.136643727989311;0.2007073528571099;0.0;0.0;0.1475795538645163;0.0;0.0;0.0;0.0;0.0;0.0;0.2024833972178309;0.0;0.0;0.0;0.31194357744801215;0.3744555367005067;0.0;0.0;0.1458746541131861;0.20248209200451028;0.21468765547159363;0.0;0.0;0.28176292996342606;0.1761719502220711;0.0;0.0
GO:1901224;0.30591709051075816;0.25232814591863;1.0;0.0;0.2824988579729675;0.39168823777040074;0.5137538625217112;0.2799220479996492;0.30179253970272274;0.2888361905961678;0.2563919297731648;0.4595372702491158;0.0;0.2666859387908508;0.30775348828992405;0.3414515534971146;0.37757551473128;0.0;0.0;0.28231305741771306;0.3530356478309673;0.0;0.0;0.24822150989702146;0.33045343240709246;0.0;0.22220964033683344;0.0;0.0;0.0;0.8976623028373726;0.3407368606668052;0.0;0.36536741542223394;0.8976624415417034;0.0;0.5344581148548503;0.0;0.39661154295816287;0.25740512039412555;0.2709856085592377;0.28501654470171695;0.4751481055026424;0.22245560522251417;0.2707447758142277;0.364404168701627;0.0;0.0;0.3521476329642545;0.34931116963461906;0.3969830925337682;0.32995550581173116;0.28231306049094484;0.20275454373376933;0.0;0.3176072176790187;0.0;0.0;0.5631576884922458;0.36440350889621165;0.0;0.3291714943394483;0.0;0.5515704376547647;0.3766656458287947;0.285569551298133;0.37661328483902223;0.29353201292038306;0.0;0.2723782889702574;0.29239539703360845;0.4591096735433554;0.3403431716809629;0.0;0.2713688208718295;0.0;0.0;0.32995550581173116;0.3406736605819337;0.20159519684115343;0.1508685142947801;0.0;0.4084803128787844;0.39724329003977965;0.22360441863173094;0.0;0.0;0.39738698722568344;0.32053041997360193;0.15114732663825253;0.0;0.28067620762270673;0.34144883028122475;0.2570510194701731;0.4598738707595326;0.37757551473128;0.347701631211523;0.4830131564479989;0.27053530407312587;0.390821864191936;0.0;0.2761795304068187;0.0;0.3412970070018548;0.31070340045093153;0.6072312068585096;0.3414493600074632;0.17263260165931854;0.4989102434967464;0.0;0.0;0.22861351161568796;0.29927298438334077;0.0;0.2715033291196106;0.8381402982340227;0.18181520950018804;0.19473941814911314;0.0;0.0;0.20170257952693688;0.0;0.0;0.0;0.0;0.0;0.0;0.32046506579219425;0.0;0.0;0.0;0.2709858110215841;0.3414497318620121;0.0;0.0;0.19853130912874864;0.32046179643466965;0.3521476329642545;0.0;0.0;0.4459362348722151;0.5457229782663301;0.0;0.0
GO:0046854;0.0;0.0;0.0;1.0;0.0;0.0;0.0;0.0;0.0;0.2029135220015;0.0;0.0;0.17265788456375503;0.0;0.21593545987195198;0.0;0.21573595145001387;0.0;0.45954120537567206;0.0;0.0;0.2023711854393742;0.21622840091082524;0.0;0.0;0.0;0.0;0.0;0.16358865605709808;0.1515524923787997;0.0;0.12416770386049186;0.0;0.0;0.0;0.35927610612519434;0.0;0.3406036239430437;0.0;0.0;0.0;0.0;0.0;0.43246936233067657;0.0;0.2084569401211171;0.168276013963207;0.0;0.2016679771637043;0.0;0.0;0.18933742032994813;0.0;0.0;0.36164292525983754;0.0;0.4476683303360967;0.3616921534979571;0.0;0.208456575054217;0.20242378351891974;0.0;0.0;0.0;0.0;0.0;0.0;0.0;0.15938796970923869;0.0;0.0;0.0;0.0;0.474924885673452;0.0;0.0;0.0;0.18933742032994813;0.1952988828027685;0.0;0.147371826797634;0.2013578370959316;0.0;0.0;0.12955369771336023;0.19001754133190468;0.0;0.0;0.0;0.08815495821142243;0.0;0.0;0.0;0.0;0.0;0.21573595145001387;0.0;0.0;0.0;0.0;0.13767288396006178;0.0;0.0;0.0;0.0;0.0;0.0;0.0;0.0;0.3706748997458559;0.0;0.0;0.0;0.3900499979615674;0.0;0.0;0.0;0.0;0.19603448621150132;0.18927756296889836;0.0;0.1838312007283318;0.1380334006245442;0.5080523260474727;0.3616921534979571;0.0;0.29008817529046194;0.0;0.22409457582244258;0.5245977617170742;0.34419153486820425;0.0;0.0;0.14804524729841476;0.1679774870288169;0.0;0.0;0.2016679771637043;0.0;0.3406036239430437;0.0;0.0;0.1838312007283318;0.1838312007283318
GO:0045765;0.21717301085585392;0.2150004885230284;0.2824988579729675;0.0;1.0;0.10519000451975737;0.14303151251999774;0.23386018794348581;0.8038270735244476;0.20238695052272423;0.3544743063038145;0.3697458796553615;0.0;0.1837982116152279;0.21877182357574382;0.484264586084023;0.4484013608882741;0.0;0.0;0.1968564014257026;0.4064741911486426;0.0;0.0;0.4236462187127491;0.370089149518136;0.0;0.14823347809171933;0.0;0.0;0.0;0.2824988246139957;0.21024513922526464;0.0;0.42721884360490836;0.28249888157292796;0.0;0.28250159574394024;0.0;0.45358762240089545;0.17618574582740604;0.23411234700043781;0.4535920826344823;0.38755994131093524;0.22037231957897652;0.18716054931984247;0.42557524042506284;0.0;0.0;0.405004872616616;0.3205119802698403;0.3029585028542004;0.3693092439206349;0.19685640402392784;0.19671254473893937;0.0;0.22750954477653929;0.0;0.0;0.1591481019298805;0.4255741159563459;0.0;0.17548192876379556;0.0;0.179194670066996;0.28272231643620993;0.30336464156636966;0.2826710253480236;0.20642208516459024;0.0;0.38577794991187536;0.5337975509051697;0.2645273431328292;0.3857763450512614;0.0;0.1876793146731942;0.0;0.0;0.3693092439206349;0.3863071261189282;0.2857044387407632;0.19349945425619552;0.0;0.31469289946279944;0.3032220527242547;0.22178276546698386;0.0;0.0;0.30336764972544245;0.44323443901159937;0.13912557431083195;0.0;0.19547424980236788;0.4842591085149975;0.21977634606750074;0.37010061613468;0.4484013608882741;0.1876555100247424;0.2824988066160406;0.18698652483393066;0.21636159245307182;0.0;0.19169471242932015;0.0;0.3873094199145012;0.3398575814535078;0.385364469588978;0.48426017402150034;0.1623673393035015;0.15914799063812352;0.0;0.0;0.200639607753037;0.2113803240744446;0.0;0.1403041739429355;0.302710454531525;0.172612775443795;0.23411632563628632;0.0;0.0;0.1954766211383213;0.0;0.0;0.0;0.0;0.0;0.0;0.4431094798876093;0.0;0.0;0.0;0.23411255728094363;0.48426092198119886;0.0;0.0;0.19176718614773455;0.35461661927370247;0.405004872616616;0.0;0.0;0.3546143629872811;0.15340536440486158;0.0;0.0
GO:0007257;0.45782170499377134;0.13523236275512188;0.39168823777040074;0.0;0.10519000451975737;1.0;0.6864363078642548;0.28606440943945854;0.12362842107146971;0.14506218165108156;0.12663640794912379;0.1783266007639401;0.0;0.31371865573680424;0.1496831349629277;0.1298044933006999;0.13470376953499183;0.0;0.0;0.5961041598597612;0.13144412129895983;0.0;0.0;0.10004572999923626;0.12818268976266675;0.0;0.14383126107322186;0.0;0.0;0.0;0.39168822230376443;0.18922211745991563;0.0;0.13311695004860546;0.3916882487123435;0.0;0.23320580714010158;0.0;0.16798407980095645;0.3079216306645103;0.35456622169792346;0.12071771045399131;0.1806295336964849;0.10786905450642767;0.14034887417523784;0.13298887248659486;0.0;0.0;0.13132082453708888;0.1588723032240844;0.16805069722763363;0.12810769960099305;0.5961041631557745;0.2237402457615071;0.0;0.15197269666302868;0.0;0.0;0.7581927663465908;0.1329887846085654;0.0;0.27131043693912654;0.0;0.3880715842567388;0.1642990965901911;0.12081680429803739;0.1642891333588558;0.6079056150684777;0.0;0.10375452413301374;0.1065326248420791;0.2060774869303085;0.12964398948159667;0.0;0.39294312412418086;0.0;0.0;0.12810769960099305;0.12969191497247481;0.18120091505150301;0.06801703701476569;0.0;0.19403332670866327;0.1680973068541534;0.21429931401773042;0.0;0.0;0.16812303248431484;0.12666165702532006;0.08778643296943708;0.0;0.4825612728968742;0.12980409974565313;0.1365802324519158;0.20350282808426048;0.13470376953499183;0.180051118856004;0.2107591788215142;0.5114316785907495;0.19096142640652794;0.0;0.14179530998633177;0.0;0.12978215231726628;0.19870517083701633;0.25848557463685073;0.12980417630119376;0.09462645676526316;0.6874094764334724;0.0;0.0;0.14180085128354183;0.3728259411479553;0.0;0.3948655998853527;0.3549274759238696;0.19286155451909692;0.21915731052289184;0.0;0.0;0.2847818588059422;0.0;0.0;0.0;0.0;0.0;0.0;0.12665145048004575;0.0;0.0;0.0;0.3545663589623732;0.12980423004117747;0.0;0.0;0.10191384728675316;0.1266509398292132;0.13132082453708888;0.0;0.0;0.17624066599115265;0.7450451165552449;0.0;0.0
GO:0042531;0.5838675523847873;0.1681186110124495;0.5137538625217112;0.0;0.14303151251999774;0.6864363078642548;1.0;0.3094999783710984;0.1645851633642119;0.18358173276574147;0.1699596315347978;0.24031586383371348;0.0;0.392848202389333;0.19104572706143202;0.17571541171376914;0.1848147306945428;0.0;0.0;0.7521062964438784;0.1787334880293778;0.0;0.0;0.1336846796733772;0.17275655773404416;0.0;0.15419606421917662;0.0;0.0;0.0;0.5137538359129282;0.21410024395360736;0.0;0.18184072257713974;0.5137538813462167;0.0;0.3058823156460687;0.0;0.22190431430835492;0.3838001614163075;0.44493633678946837;0.15946634818372726;0.2445170112176052;0.1377860980525785;0.17609963522106772;0.1816018118142473;0.0;0.0;0.17850559310033032;0.20627636608478167;0.22202057646670026;0.17262037367608024;0.8010939232890554;0.28227107335909724;0.0;0.19479389454834575;0.0;0.0;0.8910257218133216;0.1816016479478328;0.0;0.3380183978314421;0.0;0.4846021489457656;0.21551898225150823;0.15963931278908017;0.2155018390192794;0.7709908045861904;0.0;0.1403904120272759;0.14552534036633263;0.26844110843378594;0.1754214195645962;0.0;0.49318660230281863;0.0;0.0;0.17262037367608024;0.17550917696114499;0.1038314440363969;0.08850461003417502;0.0;0.22557611617913617;0.2221019381871015;0.27392409676651025;0.0;0.0;0.2221468510315857;0.17000511457774595;0.10662789704328386;0.0;0.50404945509773;0.17571469053110816;0.17020484743839048;0.24041326166236537;0.1848147306945428;0.22598070003236062;0.2764401115194947;0.4427424408480101;0.24343705453157707;0.0;0.17838281354076924;0.0;0.1756744747049904;0.2655799863902141;0.3130966207861076;0.17571483081766087;0.11689076331779463;0.8472841936424903;0.0;0.0;0.16882417659471904;0.47407256400376835;0.0;0.45904959616710417;0.4688739222529567;0.23984597683961872;0.2750155739617694;0.0;0.0;0.30584317655844573;0.0;0.0;0.0;0.0;0.0;0.0;0.16998672801979636;0.0;0.0;0.0;0.444936552941413;0.17571492929518023;0.0;0.0;0.12821604004202483;0.16998580813564126;0.17850559310033032;0.0;0.0;0.23654300105038875;0.8720575991764201;0.0;0.0
GO:0051091;0.42456578813391216;0.19654159523035977;0.2799220479996492;0.0;0.23386018794348581;0.28606440943945854;0.3094999783710984;1.0;0.25623058586365394;0.1849384243860982;0.32249718359014573;0.3316506786602928;0.0;0.7039381842255182;0.19565461961710226;0.2842626506712711;0.30886342246615606;0.0;0.0;0.3953047474625194;0.29224595607671283;0.0;0.0;0.20986880469039598;0.27659876229584784;0.0;0.14594665288144462;0.0;0.0;0.0;0.27992202615043066;0.2281050776009595;0.0;0.30064598689027877;0.2799220634569799;0.0;0.233328684638528;0.0;0.29276663932577174;0.6818482943141718;0.48209306374920186;0.24403526378052434;0.3410301154916568;0.1966769799046896;0.209411209250018;0.2999934702333682;0.0;0.0;0.29163716499651215;0.2623496914802767;0.2930014390010869;0.276249821365255;0.3953047513063009;0.497917093228572;0.0;0.24136101789232045;0.0;0.0;0.3365567367366191;0.2999930230630742;0.0;0.6465742837538131;0.0;0.6906346644233304;0.2800683679692184;0.24444056153930305;0.2800347896470715;0.4092773385361258;0.0;0.22688154136577848;0.24060160075227158;0.22329941618804489;0.28349403897266795;0.0;0.5498578667773276;0.0;0.0;0.276249821365255;0.28372330527256934;0.28443769236585137;0.13115607346394098;0.0;0.2502497068929666;0.2931658324085233;0.7682018395568138;0.0;0.0;0.29325660734477477;0.2696123528462307;0.13878746566231634;0.0;0.4672836393081158;0.2842607632707549;0.16658429933152255;0.27660388821570897;0.30886342246615606;0.20982428831627292;0.23332716192394;0.38352840819674294;0.23286964834631044;0.0;0.21317469859003915;0.0;0.28415552994667664;0.5187627034620651;0.3424904955594932;0.2842611304126533;0.15669440518929564;0.3365565541396263;0.0;0.0;0.1430066480876809;0.5628656238718032;0.0;0.3320081816001261;0.29284662219104896;0.6385250534290378;0.4472130524212114;0.0;0.0;0.3949122838614079;0.0;0.0;0.0;0.0;0.0;0.0;0.26956611170820177;0.0;0.0;0.0;0.4820933868631754;0.28426138813695456;0.0;0.0;0.17774020500536458;0.26956379840626654;0.29163716499651215;0.0;0.0;0.32339376501978434;0.327057764595556;0.0;0.0
GO:0045766;0.2400565141955538;0.27117290486670176;0.30179253970272274;0.0;0.8038270735244476;0.12362842107146971;0.1645851633642119;0.25623058586365394;1.0;0.22548358951621486;0.2922614224986726;0.3780632309364352;0.0;0.20683211298978035;0.24161857646460275;0.5466691667052659;0.3532744784699892;0.0;0.0;0.2199732892841289;0.32672306150208363;0.0;0.0;0.35198204571417024;0.3783504007530316;0.0;0.1700817360649709;0.0;0.0;0.0;0.30179250923426726;0.233257114369922;0.0;0.33999311583734143;0.3017925612577734;0.0;0.2415273232299906;0.0;0.5705536501585041;0.19908527315003385;0.2928401993996351;0.3838447556067358;0.39283913576140683;0.19461726440320298;0.21023352984270108;0.33895133182623394;0.0;0.0;0.3257730744003175;0.3864882797881354;0.32028512759529193;0.3022725022171378;0.21997329188053;0.17593011498989658;0.0;0.25010883063891537;0.0;0.0;0.181512616380157;0.33895061853055286;0.0;0.1587526415409364;0.0;0.20215495302999498;0.30199661233288516;0.2566156563496151;0.3019497750729555;0.22948340313353657;0.0;0.31321647843704503;0.4248154595444733;0.22826657710918963;0.3913712915660075;0.0;0.21075722537371736;0.0;0.0;0.3022725022171378;0.3135652191696821;0.23187300583554277;0.16720847350910428;0.0;0.3307188819251005;0.32052083112159985;0.19571647355926;0.0;0.0;0.3206510174659629;0.5084854237764039;0.1283982786739309;0.0;0.2185910820865533;0.5466641506643708;0.27662108024775894;0.37835999172683177;0.3532744784699892;0.210733200912946;0.2415252844996899;0.21005778577526976;0.2392627316339224;0.0;0.21480088638772368;0.0;0.39263311844348414;0.2822527156113211;0.3129438590032132;0.5466651263952763;0.14794235710636588;0.1815125005216568;0.0;0.0;0.26632051058416567;0.23437468720549492;0.0;0.16169070936162885;0.3200632300719073;0.15640079842586146;0.21043882702546068;0.0;0.0;0.17494088731727017;0.0;0.0;0.0;0.0;0.0;0.0;0.36531381667126733;0.0;0.0;0.0;0.2928404358283753;0.5466658113342007;0.0;0.0;0.17196396555097646;0.2923581583251952;0.3257730744003175;0.0;0.0;0.36530765194795556;0.17551535388473466;0.0;0.0
GO:0006957;0.1763619848681173;0.15068827117839148;0.2888361905961678;0.2029135220015;0.20238695052272423;0.14506218165108156;0.18358173276574147;0.1849384243860982;0.22548358951621486;1.0;0.18862687541130077;0.2409911119977204;0.1327924331563076;0.15774588442196014;0.9141235237277663;0.24691046007824755;0.21229000232323617;0.22815309264708272;0.2826532122709116;0.16527622731444228;0.20240565856997414;0.0;0.2111323973894476;0.18416706748749834;0.24110776404687959;0.14934117021855656;0.2931460482286734;0.0;0.12736188641709528;0.0;0.28883617054139155;0.44360633435838204;0.1333711174427371;0.20742097227456605;0.2888362047840117;0.22965057670700312;0.2075559708395962;0.44989288157304014;0.21598401451894064;0.15319933017613904;0.15983331771751547;0.17285351633517082;0.24691104008512035;0.3922960445797088;0.22228823666674172;0.20703276651837355;0.13018516474860536;0.14276160940839616;0.2020406658742699;0.1958836035046069;0.21613730996681538;0.1927469188983052;0.16527622878016787;0.13220601410954122;0.36167842728999955;0.292105569676295;0.2768442695730132;0.36171736557489004;0.1984128742709142;0.20703250040087548;0.0;0.1527729332384151;0.0;0.2157149797080053;0.20765129129121837;0.17310754831687117;0.20762914619086986;0.17058779641228886;0.1248011227019036;0.19713922280621063;0.20741641500323574;0.1995820795487646;0.24633036298003227;0.34167274876547443;0.1600187861767655;0.13916798534232364;0.0;0.1927469188983052;0.19727731857911637;0.14584798367075003;0.11731159370829296;0.0;0.30732263250437475;0.3009618438912918;0.14307565676144574;0.0;0.31602271612458055;0.21630387162143724;0.23578195278647257;0.1034324723743741;0.18690675203404974;0.16449471987927552;0.24690903609846593;0.3312228803712317;0.3355344085284245;0.21229000232323617;0.285349584875672;0.2075547659340076;0.15961525756332345;0.31375568349896116;0.14916545167706838;0.22593801535363775;0.0;0.34352901854798257;0.18440652793353618;0.24619589725962368;0.2469093130947914;0.1446335187283702;0.1984127747910525;0.3687855810219208;0.0;0.24263213137042763;0.17327590641903048;0.38378527202525237;0.2815133652459535;0.30063909490225077;0.12086481449244288;0.1279164868416137;0.0;0.14240965959250843;0.1316466100195112;0.1393044382301926;0.1495583744466776;0.15732660888317615;0.36171736557489004;0.22815309264708272;0.23751863472494744;0.18866858166177072;0.0;0.2243915608919426;0.34773373522539985;0.15983341573078583;0.24690950753913057;0.11773791268381414;0.13000641867241142;0.16238071121008207;0.18866716571411332;0.2020406658742699;0.42337161196746037;0.44989288157304014;0.2357440200292391;0.1932266749470658;0.1393044382301926;0.1393044382301926
GO:0032966;0.25166387281479957;0.16201719943952558;0.2563919297731648;0.0;0.3544743063038145;0.12663640794912379;0.1699596315347978;0.32249718359014573;0.2922614224986726;0.18862687541130077;1.0;0.3262640956975771;0.0;0.25775025199097845;0.20278159579091204;0.34005516212053516;0.38601299946060275;0.0;0.0;0.22968046845237694;0.35453169986011496;0.0;0.0;0.37751201680085916;0.3265313471935022;0.0;0.14071513997549792;0.0;0.0;0.0;0.25639190229498443;0.19543487659529998;0.0;0.4625888611841053;0.25639194921273156;0.0;0.32037159323203435;0.0;0.2728269725079625;0.2477123308441701;0.26243007622340014;0.34090783632357435;0.34005653679375325;0.20415594383627672;0.17533254243340884;0.3689761586584331;0.0;0.0;0.35341339346209233;0.23479813718605744;0.27313273541263;0.32592407020880204;0.22968047128298685;0.40826327003040774;0.0;0.21026684938970772;0.0;0.0;0.1880714829714928;0.3689753133962592;0.0;0.2879643755374893;0.0;0.25168613133417767;0.2565759817011611;0.3416992971269901;0.2565337380918732;0.24006826173755702;0.0;0.42319478172045105;0.46257072121352405;0.30176219350038824;0.33868260209223083;0.0;0.26284807958562406;0.0;0.0;0.32592407020880204;0.3390916338916435;0.25076165327142264;0.1768126740176374;0.0;0.2826341679736671;0.27334692918048065;0.30707505275821617;0.0;0.0;0.2734652438830728;0.3145095722399258;0.16553996525498207;0.0;0.22817399675711306;0.3400517871684315;0.16540156712410448;0.3265402734787549;0.38601299946060275;0.1757668471866273;0.3203687225229238;0.21889199528637168;0.2007091515937926;0.0;0.1793056394842853;0.0;0.3398636494525585;0.4527175605812983;0.338365106928895;0.3400524436708712;0.19166544769995195;0.18807135858874224;0.0;0.0;0.11077343676525676;0.2936917601580498;0.0;0.16687482796381953;0.2729311066342704;0.36117551636251255;0.39008819217135987;0.0;0.0;0.3175674554721182;0.0;0.0;0.0;0.0;0.0;0.0;0.3928901329623515;0.0;0.0;0.0;0.26243029702750653;0.340052904519435;0.0;0.0;0.2241265621394223;0.39288521888179395;0.35341339346209233;0.0;0.0;0.3144252464779555;0.18164065152061107;0.0;0.0
GO:0030307;0.35861856290104904;0.2871325650526821;0.4595372702491158;0.0;0.3697458796553615;0.1783266007639401;0.24031586383371348;0.3316506786602928;0.3780632309364352;0.2409911119977204;0.3262640956975771;1.0;0.0;0.3058714278134024;0.25951291950963656;0.4424389532933418;0.5050498714583534;0.0;0.0;0.3266068063014033;0.4620856844496987;0.0;0.0;0.3131475663344186;0.4241474518667493;0.0;0.17875835414616534;0.0;0.0;0.0;0.45953721948271004;0.29979450832388344;0.0;0.4834429014099094;0.45953730616404653;0.0;0.33023734146999173;0.0;0.48996134749140047;0.29372499397226703;0.31154090143545116;0.3521010329164103;0.6156780670142414;0.261314621792759;0.3112226316098468;0.4817579071384722;0.0;0.0;0.4605655190709892;0.4197455729985939;0.5595181241477316;0.4233274912154534;0.3266068104146414;0.23454370909084446;0.0;0.3747898940270109;0.0;0.0;0.26638241749522296;0.481756753933112;0.0;0.21026913463918848;0.0;0.298531192284536;0.5245560447602405;0.3529453841601885;0.524467018860471;0.3417165548657226;0.0;0.3525984327417902;0.3868847035884896;0.3104994588159086;0.4405797744443019;0.0;0.31204750596424047;0.0;0.0;0.4233274912154534;0.44113375705040814;0.2610840816647455;0.1818831198565392;0.0;0.36518552615358785;0.4909258403960955;0.26290127555582793;0.0;0.0;0.49114532494783;0.4079377590855336;0.1681354106532406;0.0;0.3244180244986826;0.4424343810474898;0.21073518003553476;0.4241595052610859;0.5050498714583534;0.3120096592248952;0.3302342912341178;0.3109458753958398;0.3573458337476284;0.0;0.31842553218325775;0.0;0.44217950575514875;0.39215236934446845;0.4401498047020511;0.44243527044961306;0.1951533939576799;0.26638223817599227;0.0;0.0;0.19512906543669709;0.34952209672339335;0.0;0.23588513252273496;0.49015450127740795;0.2069701085769654;0.22388429610680777;0.0;0.0;0.23313716221645187;0.0;0.0;0.0;0.0;0.0;0.0;0.40783190721442225;0.0;0.0;0.0;0.311541169032922;0.44243589478811024;0.0;0.0;0.22891076284088197;0.40782661226005584;0.4605655190709892;0.0;0.0;0.5675073841187567;0.257116917965279;0.0;0.0
GO:0048247;0.0;0.0;0.0;0.17265788456375503;0.0;0.0;0.0;0.0;0.0;0.1327924331563076;0.0;0.0;1.0;0.0;0.14225140104077166;0.0;0.25891134218911427;0.0;0.1720027024314095;0.0;0.0;0.23989761874834964;0.25962094808121816;0.0;0.0;0.0;0.0;0.0;0.8195345075107778;0.171661920813228;0.0;0.18742216852836138;0.0;0.0;0.0;0.0;0.0;0.0;0.0;0.0;0.0;0.0;0.0;0.14316624713861562;0.0;0.24849760079809055;0.2639553167687315;0.0;0.23891006953565683;0.0;0.0;0.22179804259555527;0.0;0.0;0.17228162232167518;0.14722641314352142;0.1669851799750576;0.17230819746724985;0.0;0.2484970820171706;0.23997153592023152;0.0;0.0;0.0;0.0;0.0;0.0;0.0;0.7955332039782619;0.0;0.0;0.0;0.0;0.15894765679683576;0.0;0.0;0.0;0.22179804259555527;0.23002323402018435;0.0;0.16631774860569798;0.8031347995261306;0.0;0.0;0.14397112934471215;0.22273193368673125;0.1985653686808344;0.0;0.0;0.09460119162541966;0.0;0.0;0.0;0.0;0.0;0.25891134218911427;0.0;0.0;0.0;0.0;0.2102349268432172;0.0;0.0;0.0;0.0;0.0;0.0;0.0;0.0;0.17717358348082574;0.0;0.0;0.0;0.18777859221209411;0.0;0.0;0.0;0.0;0.2310443582196804;0.2217159060308914;0.0;0.21427945789442512;0.15452002033066278;0.26011288958673684;0.17230819746724985;0.0;0.13464618257054048;0.0;0.2710444639896384;0.2001195047844165;0.16292106724614427;0.0;0.0;0.16717595114822323;0.8448021418320151;0.0;0.0;0.23891006953565683;0.25921919051581227;0.0;0.0;0.0;0.21427945789442512;0.21427945789442512
GO:0045893;0.5164737133278818;0.19777155590582066;0.2666859387908508;0.0;0.1837982116152279;0.31371865573680424;0.392848202389333;0.7039381842255182;0.20683211298978035;0.15774588442196014;0.25775025199097845;0.3058714278134024;0.0;1.0;0.16547656803777902;0.22472022238894326;0.23982072189214945;0.0;0.0;0.4860220272223756;0.2296802050134978;0.0;0.0;0.168646243159463;0.21990348026982717;0.0;0.1284699224970517;0.0;0.0;0.0;0.2666859216932492;0.19376487628861253;0.0;0.23483684439180433;0.2666859508866279;0.0;0.19164782933093688;0.0;0.27665545801094227;0.9728419195819074;0.6431107956616324;0.1988121811711043;0.3127098654620938;0.166207281122882;0.20890953697206024;0.23443853584467453;0.0;0.0;0.22930401079163146;0.25277914674454466;0.2768361927014235;0.21968286885959765;0.4860220312653496;0.42599958848127156;0.0;0.23574961155429566;0.0;0.0;0.42287344038715124;0.2344382627536141;0.0;0.5598034143604633;0.0;0.6246755722683814;0.26680042741368176;0.19908110009438548;0.2667741558165658;0.5006440223617707;0.0;0.1794598638578776;0.18793677066767536;0.18482933715659514;0.22423960692862183;0.0;0.730053067786899;0.0;0.0;0.21968286885959765;0.22438302490883422;0.13275545243699197;0.10868974630751807;0.0;0.2029174194743921;0.27696270090895414;0.6487314513539579;0.0;0.0;0.2770325450738516;0.21546461387063898;0.12288988724203737;0.0;0.4838657294241925;0.2247190428578799;0.14419462738020541;0.21990672018696433;0.23982072189214945;0.20926386317171117;0.19164680204685536;0.35425553779098246;0.2287263605618426;0.0;0.21213053018634714;0.0;0.22465327209431707;0.4167457001657397;0.22412817193381035;0.22471927230348793;0.13672496477591006;0.42287323980498387;0.0;0.0;0.14928848896248065;0.7243477032980249;0.0;0.43507017237366047;0.2767170300505375;0.5537595493375639;0.38458895487758604;0.0;0.0;0.30586230998191605;0.0;0.0;0.0;0.0;0.0;0.0;0.21543508030988115;0.0;0.0;0.0;0.643111166336998;0.22471943336841135;0.0;0.0;0.15247868895960087;0.21543360278321796;0.22930401079163146;0.0;0.0;0.29978548346182954;0.41240169345764294;0.0;0.0
GO:0006958;0.18608119145585914;0.15772724797296864;0.30775348828992405;0.21593545987195198;0.21877182357574382;0.1496831349629277;0.19104572706143202;0.19565461961710226;0.24161857646460275;0.9141235237277663;0.20278159579091204;0.25951291950963656;0.14225140104077166;0.16547656803777902;1.0;0.2663901001052432;0.23038926885860517;0.1459106067233226;0.3007412873868301;0.17378251005029874;0.21879368354106116;0.0;0.17056851397786615;0.19763646724213263;0.2596481966596654;0.16141176307273725;0.3053948493472149;0.0;0.13603775167545284;0.0;0.3077534655221502;0.46751303466579525;0.14291566848592782;0.22466579825036606;0.3077535043970908;0.24647254266280919;0.22114991112718754;0.48631767876008947;0.23074361706484664;0.1604805233940925;0.16777510385780067;0.18466580029470026;0.2663907752399042;0.4141326394496559;0.23332482018521564;0.22421042974135677;0.13926364436677618;0.15375289812145435;0.21836725621247344;0.2079471326685326;0.23091858823545014;0.2075510002333164;0.17378251167078002;0.13900675624984557;0.3848515072730507;0.308720989460506;0.29417371973566764;0.384895595332794;0.207160313069027;0.22421011763196558;0.0;0.1600126939385174;0.0;0.22609443801296306;0.22125812980664927;0.18495576725922652;0.22123298757521556;0.1796646196675959;0.1331202237820393;0.21265285324448935;0.22466045171199625;0.2121200309647196;0.2657149856813762;0.3622801307134446;0.16797947308797803;0.14959268541052737;0.0;0.2075510002333164;0.2128135476193243;0.1573387785926507;0.12463288081754063;0.0;0.32882911122840996;0.32155505207229934;0.15107447890818837;0.0;0.24228321445177892;0.23110872067419802;0.2534822899684968;0.10754901414869561;0.14953179329418084;0.17291869893887885;0.2663884425774853;0.34694567108536134;0.36133640348520446;0.23038926885860517;0.29954399524779074;0.2211485432222122;0.16753485170972263;0.331002224608468;0.15795125254049014;0.23734929888738662;0.0;0.37062166737529345;0.19791226155552208;0.2655585307954303;0.2663887650040647;0.1511060500790081;0.20716020462426407;0.3929087048618124;0.0;0.25096330864242994;0.1826489063268923;0.4099803251281369;0.2927906366740193;0.3211890406137685;0.12652383713459392;0.13427246924421685;0.0;0.15334474598905004;0.1383884544461284;0.1497503581692196;0.11788795609662261;0.1707807160187919;0.384895595332794;0.1459106067233226;0.25012060645345974;0.20282979703906023;0.0;0.2404250048059887;0.36910157859001974;0.16777521185321065;0.26638899133931476;0.125114181602147;0.13905911887086653;0.17058416052531025;0.20282816055681585;0.21836725621247344;0.288824546251007;0.48631767876008947;0.2534384486820078;0.20151325249147434;0.1497503581692196;0.1497503581692196
GO:0032722;0.26449258124345637;0.3744567692293362;0.3414515534971146;0.0;0.484264586084023;0.1298044933006999;0.17571541171376914;0.2842626506712711;0.5466691667052659;0.24691046007824755;0.34005516212053516;0.4424389532933418;0.0;0.22472022238894326;0.2663901001052432;1.0;0.4255744162544606;0.0;0.0;0.24031846309154303;0.3876267636199259;0.0;0.0;0.4071341901679503;0.4428322975338118;0.0;0.18199472675290654;0.0;0.0;0.0;0.34145151449468863;0.25626219489559593;0.0;0.40644769938659486;0.34145158108956286;0.0;0.27326709137909666;0.0;0.5077610563181284;0.21560497606485657;0.40701337728703346;0.36488167633484025;0.462810865663912;0.21471228241425666;0.22874115103544815;0.4049597548125644;0.0;0.0;0.38629032100901106;0.4327433796549236;0.3653159317793613;0.3536845465514187;0.24031846619043304;0.1921901493239262;0.0;0.2767478069283273;0.0;0.0;0.195144890792122;0.4049587366468778;0.0;0.17187408152288572;0.0;0.21920983589699222;0.34171280845539354;0.2927414613677089;0.34165284301946636;0.25171466518614954;0.0;0.3687607746845657;0.6073208580554057;0.2564136774562932;0.46077490859731335;0.0;0.22936124678728712;0.0;0.0;0.3536845465514187;0.3692442659884409;0.27307597519610705;0.18762299351348571;0.0;0.3789522766465781;0.3656226041831166;0.21605098694952948;0.0;0.0;0.365792016042613;0.7557813239198533;0.1368481123460807;0.0;0.23866971157718178;0.8226352460121034;0.3826032672355136;0.442845436305339;0.4255744162544606;0.2293327940263208;0.2732644816139434;0.22853311749787467;0.263529294914869;0.0;0.23415842698162215;0.0;0.46252494814777156;0.3265807954197531;0.3683829502719556;0.8226369758472567;0.15927385080560613;0.19514475687730934;0.0;0.0;0.19789541793334156;0.25761171820026696;0.0;0.17242015846086428;0.3650272802693332;0.16912076746168944;0.3182356007711168;0.0;0.0;0.19101022950524293;0.0;0.0;0.0;0.0;0.0;0.0;0.3401907340709265;0.0;0.0;0.0;0.40701373485397535;0.8226381901493389;0.0;0.0;0.18746683330822006;0.34018613054733393;0.38629032100901106;0.0;0.0;0.4250693418105066;0.18823012549025372;0.0;0.0
GO:0035556;0.28566302583480035;0.22387950702422718;0.37757551473128;0.21573595145001387;0.4484013608882741;0.13470376953499183;0.1848147306945428;0.30886342246615606;0.3532744784699892;0.21229000232323617;0.38601299946060275;0.5050498714583534;0.25891134218911427;0.23982072189214945;0.23038926885860517;0.4255744162544606;1.0;0.0;0.2147140164357651;0.257668950433713;0.5604046064396283;0.3320118664429943;0.3710210352674434;0.3677866975955181;0.40460291658385844;0.0;0.15347729397223758;0.0;0.23903893549407657;0.21418323857515373;0.37757546703976974;0.3888285852304116;0.0;0.5921291278727606;0.3775755484708623;0.0;0.37757942877642914;0.0;0.40643068669790694;0.22946750361879942;0.24467886630172014;0.4064349828561763;0.5317696405536078;0.46424917082090106;0.2444057072953276;0.8303733106208108;0.2491812414208946;0.0;0.7861043096265699;0.3406523199378645;0.40697385060517155;0.710373555949086;0.25766895399622275;0.2574717107795644;0.2151488315685165;0.30001184159482097;0.20695145577261137;0.21519027850157846;0.20643238297698344;0.9435551676684039;0.3321534627949213;0.22851220010299184;0.0;0.23355521597283285;0.3778949987643485;0.40756044645430767;0.3778216635275667;0.2708151280240176;0.23017476920544852;0.42342880100907243;0.47385863111455107;0.3519959538992731;0.42342686760276815;0.19474670848504544;0.2451137728556332;0.0;0.0;0.710373555949086;0.7462651347143983;0.31365361198620384;0.28099930146729307;0.32929306346355525;0.3393041155486283;0.4073544885311951;0.4113158725294566;0.30001221424330615;0.0;0.4075647916508925;0.3863063057001738;0.2183246646425065;0.0;0.2557744703510684;0.4255691303560739;0.18331947252709174;0.4046166216727803;0.8800448626754314;0.24508127789139614;0.3775754413090711;0.2441682199961946;0.28453968929303924;0.1874723451898795;0.2506004029213473;0.0;0.42527450809535594;0.460754448404716;0.5284635855699251;0.4255701585775431;0.21077043291445252;0.20643223312245126;0.22283238981928957;0.0;0.14810968922274145;0.2776532457693872;0.23987048810805878;0.18117289201822062;0.4066156465566299;0.22462118693014754;0.24468321219248484;0.3152914262586411;0.2981717321529808;0.2557777195984864;0.28487605156415396;0.18814148137835107;0.3720265404589634;0.21519027850157846;0.0;0.15948027459181627;0.4825521659611356;0.3948001312111218;0.26038209646293614;0.20074527546289245;0.24467909599236767;0.4255708803643182;0.20724455362113553;0.24852720864579705;0.25069952846147386;0.48254475307504696;0.7861043096265699;0.0;0.0;0.48254140954539615;0.1987103878368997;0.28487605156415396;0.28487605156415396
GO:0050830;0.0;0.0;0.0;0.0;0.0;0.0;0.0;0.0;0.0;0.22815309264708272;0.0;0.0;0.0;0.0;0.1459106067233226;0.0;0.0;1.0;0.0;0.0;0.0;0.0;0.3655416936022259;0.0;0.0;0.6744089645572812;0.0;0.0;0.0;0.0;0.0;0.0;0.20790627653426957;0.0;0.0;0.0;0.0;0.0;0.0;0.0;0.0;0.0;0.0;0.0;0.0;0.0;0.0;0.23166012655625978;0.0;0.0;0.0;0.0;0.0;0.0;0.0;0.0;0.0;0.0;0.0;0.0;0.0;0.0;0.0;0.0;0.0;0.0;0.0;0.0;0.0;0.0;0.0;0.0;0.0;0.0;0.0;0.44787663052878357;0.0;0.0;0.0;0.0;0.0;0.0;0.0;0.0;0.0;0.0;0.7619079332128949;0.0;0.0;0.0;0.2985464064200133;0.0;0.0;0.0;0.0;0.0;0.0;0.0;0.0;0.0;0.0;0.0;0.0;0.0;0.0;0.0;0.0;0.0;0.0;0.0;0.2504432018782023;0.0;0.0;0.0;0.0;0.0;0.0;0.0;0.0;0.23073480164988852;0.0;0.22269202636445548;0.21341738287888634;0.0;0.0;0.9314339340105456;0.0;0.0;0.0;0.0;0.0;0.0;0.0;0.34697635839614327;0.0;0.0;0.0;0.0;0.4557712150311998;0.0;0.0;0.0;0.22269202636445548;0.22269202636445548
GO:0030148;0.0;0.0;0.0;0.45954120537567206;0.0;0.0;0.0;0.0;0.0;0.2826532122709116;0.0;0.0;0.1720027024314095;0.0;0.3007412873868301;0.0;0.2147140164357651;0.0;1.0;0.0;0.0;0.2014716815488639;0.21520180623426205;0.0;0.0;0.0;0.0;0.0;0.1630003786669519;0.1510474627280801;0.0;0.12382849311817386;0.0;0.0;0.0;0.35786576229069217;0.0;0.47360032372029864;0.0;0.0;0.0;0.0;0.0;0.39165362001639636;0.0;0.2075026501373448;0.16765360552339686;0.0;0.20077469988655697;0.0;0.0;0.18854982533192716;0.0;0.0;0.46170797332634156;0.0;0.6393440851113604;0.46177061267554764;0.0;0.20750228840525298;0.20152381302913674;0.0;0.0;0.0;0.0;0.0;0.0;0.0;0.1588294648315614;0.0;0.0;0.0;0.0;0.42998256112875965;0.0;0.0;0.0;0.18854982533192716;0.19446102044690536;0.0;0.14689423202004828;0.20046729913678962;0.0;0.0;0.12918446475287912;0.1892242897672335;0.0;0.0;0.0;0.08798384244464046;0.0;0.0;0.0;0.0;0.0;0.2147140164357651;0.0;0.0;0.0;0.0;0.1372559952896986;0.0;0.0;0.0;0.0;0.0;0.0;0.0;0.0;0.47319954913544676;0.0;0.0;0.0;0.4978444327130637;0.0;0.0;0.0;0.0;0.19519031390565297;0.18849046483954526;0.0;0.18308865872363372;0.1376143290500848;0.36507703091602983;0.46177061267554764;0.0;0.45160368536935785;0.0;0.2229921199374514;0.522599580878529;0.4394987566761473;0.0;0.0;0.1475632849149036;0.1673572809048258;0.0;0.0;0.20077469988655697;0.0;0.47360032372029864;0.0;0.0;0.18308865872363372;0.18308865872363372
