;GO:0007094;GO:0006281;GO:0007095;GO:0035563;GO:0007093;GO:0008584;GO:0006284;GO:0006283;GO:0051096;GO:0042771;GO:0000731;GO:0045128;GO:0045892;GO:0001701;GO:0045132;GO:0032201;GO:0019886;GO:0035556;GO:0090502;GO:0010032;GO:0006290;GO:0006296;GO:0007140;GO:0006293;GO:0030261;GO:1900264;GO:0006294;GO:0043111;GO:0051382;GO:0006297;GO:0008630;GO:0006298;GO:0006975;GO:0000077;GO:0051256;GO:0000070;GO:0030890;GO:0048096;GO:0070317;GO:0035264;GO:0007076;GO:0090399;GO:0006260;GO:1900034;GO:0006261;GO:0045786;GO:0042276;GO:0045787;GO:1902975;GO:0006264;GO:0000710;GO:0006303;GO:0006301;GO:0006268;GO:0006269;GO:0006302;GO:0043524;GO:0002455;GO:0070584;GO:0051383;GO:0000281;GO:0001649;GO:0031297;GO:0031573;GO:0019985;GO:0070987;GO:1902065;GO:0045839;GO:0006270;GO:0006273;GO:1902981;GO:0006271;GO:0006272;GO:0045830;GO:0000724;GO:0006311;GO:0048304;GO:0006312;GO:0071260;GO:0010767;GO:0035407;GO:0071548;GO:0090656;GO:0007050;GO:1902990;GO:0036297;GO:0043547;GO:0009749;GO:0006119;GO:0072425;GO:0072423;GO:2001243;GO:0019724;GO:0045739;GO:0008272;GO:0000706;GO:0030183;GO:0007063;GO:1901673;GO:0007064;GO:1901796;GO:0030855;GO:0071163;GO:0048298;GO:0051056;GO:0046034;GO:0032355;GO:0032876;GO:0016567;GO:0000915;GO:0032077;GO:0045740;GO:0006468;GO:0097421;GO:0006977;GO:0043570;GO:0000083;GO:2000615;GO:0000082;GO:0034644;GO:0071479;GO:0070301;GO:0051988;GO:0032467;GO:0045190;GO:0033314;GO:0007281;GO:0042769;GO:0045995;GO:0006355;GO:0046602;GO:0034080;GO:0045910;GO:0010569;GO:0031122;GO:2000104;GO:0051754
GO:0007094;1.0;0.027703411996866222;0.7610456606305025;0.050981453053261495;0.8625427811870853;0.0;0.023004666679790172;0.02340393447621552;0.04858838236676683;0.0708568403404582;0.022808676565513043;0.7133379158888669;0.2859147041793787;0.0;0.4262892922567087;0.43115190190008795;0.0;0.10179596007278027;0.02357993351109733;0.389761817508726;0.019992662136233234;0.02217559317426168;0.45529754195840866;0.29514314374415807;0.021876643500360515;0.06329673112888025;0.021766040039982015;0.18326327404790962;0.0205180357274168;0.021390160356200373;0.07584044373612775;0.02182212351854227;0.01983002654283323;0.7942315788634684;0.47562216086462145;0.5178763319347918;0.07276702641131791;0.06508381250634568;0.6456662523469292;0.0;0.49183766638072607;0.0205180357274168;0.024849124238011815;0.07329824071132221;0.022031708705166797;0.6843127523731004;0.021246167726588917;0.5167377019560384;0.42737309584542366;0.01983002654283323;0.3840294061800822;0.022808676565513043;0.022808676565513043;0.019992662136233234;0.01920656017453798;0.02503033449286009;0.2323751832124592;0.0;0.02116973712405622;0.021006549578978136;0.5454296171547948;0.024020124454502058;0.02182212351854227;0.7425572858001188;0.022352817354668576;0.02116973712405622;0.0;0.9524861341304774;0.021876643500360515;0.019443700530977902;0.40948295015467323;0.02073002640556365;0.018571933505860526;0.06940336889605397;0.02376596059175926;0.3840294061800822;0.06508381250634568;0.021319557844277772;0.02353100656421573;0.06045879382841808;0.01809729474646061;0.0;0.020275980933668718;0.6108703977396752;0.4385818338836128;0.022630534039172655;0.06807400733746743;0.0;0.02158733483293802;0.6554566984926479;0.019443700530977902;0.22523167400997918;0.0;0.07390890820072006;0.0;0.3945741449369984;0.02385372927394375;0.804962480920586;0.6718194507933174;0.4845396271842289;0.07968226396088318;0.02654715632649773;0.37688323635856535;0.06252474796870607;0.08654844025434436;0.024374846985172702;0.0;0.5649582002954153;0.0284798950392215;0.3945741449369984;0.06252474796870607;0.07219009347209272;0.02944325556657959;0.0;0.7523266236135525;0.01920656017453798;0.5126478692576815;0.5648692825749155;0.5686487064728056;0.02353100656421573;0.02318457567359441;0.02303568721655709;0.7363580906552167;0.4983718977498174;0.020919068091574542;0.7262932074702597;0.024877832554909957;0.02222136300885264;0.06992812791236602;0.11221777923148246;0.6536003393823456;0.021876643500360515;0.20460778556164572;0.07188158219750812;0.022941277152828832;0.20286949977317326;0.389761817508726
GO:0006281;0.027703411996866222;1.0;0.6128824432792763;0.0;0.032907507611776916;0.0;0.7719434035994859;0.7900665277436764;0.0;0.6326796125206485;0.6573827788560628;0.0;0.0;0.0;0.02742461339257408;0.5983840425776094;0.0;0.04798716550392183;0.3285485883863805;0.024434978772287282;0.6419104480624414;0.3025611786872468;0.02991271332165549;0.0;0.02892660935841817;0.0;0.028733547986749715;0.5335816125702842;0.02659786442860969;0.603708254419458;0.6927755313391719;0.7195164399451565;0.560447568265749;0.6970801646872593;0.025966750184543346;0.02901943143648865;0.0;0.025721655810301506;0.0;0.0;0.02711951208972612;0.02659786442860969;0.7387043708105786;0.0;0.6277050067855621;0.0;0.6946373292574747;0.0;0.4873024561580576;0.5471895715551318;0.5984355359034794;0.7631263291002732;0.7631263291002732;0.025721655810301506;0.5253023858643778;0.866200485473943;0.0;0.19283333785091322;0.027703411996866222;0.02742461339257408;0.031098303299170377;0.03279639920516313;0.6198157483066181;0.5935223328857888;0.7428167473239006;0.6913672175274458;0.20881316014378096;0.0;0.6218633153951182;0.5335816125702842;0.46201960810621034;0.579481916649481;0.5034171331826679;0.0;0.8066887777573969;0.5155125705363448;0.0;0.601094885879424;0.4153689118882731;0.5156145562381468;0.1634437967638915;0.2405448565099177;0.5630860319951706;0.03438911998762466;0.5034171331826679;0.7551568343222178;0.0;0.27163517750429683;0.26990513034919844;0.5813436949080634;0.32326985889220167;0.0;0.22053665350982618;0.0;0.0;0.5335816125702842;0.03248698180451989;0.0;0.0;0.02659786442860969;0.0;0.0376957172652586;0.02341696381729374;0.0;0.0;0.31774934865854326;0.2708852812329705;0.0;0.3007911752328178;0.024820095486495403;0.0;0.0;0.31593224019882143;0.0;0.6772822613553247;0.5253023858643778;0.028632995070703476;0.0;0.032907507611776916;0.4153689118882731;0.40712418863003585;0.5274241680896622;0.0;0.0;0.586372106310173;0.02619252379014657;0.034416509980658316;0.6502690429191196;0.0;0.0;0.0;0.02892660935841817;0.0;0.0;0.030817641163373218;0.0;0.024434978772287282
GO:0007095;0.7610456606305025;0.6128824432792763;1.0;0.051158810874951416;0.8660866947086723;0.0;0.5085241677478329;0.5173853279095056;0.04874945430867435;0.48104235490038916;0.022897424434528968;0.5053139132426839;0.28739617180346433;0.0;0.42781644829541665;0.43271416050623474;0.0;0.10233976584813632;0.02367479721038503;0.39103807955726355;0.4417160489470924;0.022259473739925817;0.45704003503794205;0.06941506995496509;0.02195827355615107;0.06350656168718878;0.0218468452509813;0.18387079728686842;0.020589825016054882;0.02146819379751103;0.5150101791123101;0.4822864463318365;0.43811064379400505;0.8980341975056436;0.4772555541513983;0.519813428411121;0.07304448034448263;0.06530567954776725;0.6481135851500597;0.0;0.49358453814555064;0.020589825016054882;0.024954497671643493;0.07357976820902962;0.022114502266200285;0.6875670283877167;0.4695112377701534;0.5191259935643642;0.42869144269776044;0.01989707421866705;0.41803073094727866;0.5041748977759056;0.5041748977759056;0.020060815992430193;0.019269451414091393;0.5534933567040169;0.23335281990587253;0.1526700652512307;0.021246167726588917;0.021081804293616;0.5475787486811804;0.02411857044398818;0.0219033464565488;0.8588767862573472;0.49405992677189015;0.46781612806764006;0.16251660390640682;0.6623519897323116;0.02195827355615107;0.019508156980232633;0.41069307700996593;0.020803309448960187;0.01863073091991696;0.06965572057303622;0.5254210074954437;0.38526834345168964;0.06530567954776725;0.021397076072284558;0.30771051485039985;0.4102272237603639;0.018153120702274723;0.18111099226717783;0.020346083498723314;0.6134623182672092;0.4399703526221894;0.500221940787347;0.06839059603144027;0.19819030261648907;0.021666816202049213;0.8127844161375672;0.2540844034092467;0.22615000822929485;0.16953057832793653;0.07419515536255698;0.0;0.3958821700379734;0.0239508132967792;0.48189319770805034;0.4918660351244494;0.48623495297538327;0.0800150785493576;0.0266674577692282;0.3780764217472655;0.06272948316682497;0.08694122431095426;0.024476228226528934;0.19779080125358692;0.5668310536398888;0.02861839667283826;0.3958821700379734;0.06272948316682497;0.07246315700767446;0.02959130993700366;0.0;0.7552668139716152;0.019269451414091393;0.5145459777735059;0.06623433510985402;0.5709851028624763;0.30771051485039985;0.303162385161591;0.39361128895290165;0.4637127326984597;0.5002530247447469;0.020993696203519773;0.8989807242323571;0.02498345012352273;0.4911434041731847;0.07021939076974218;0.11287899569816036;0.4784804202256346;0.02195827355615107;0.20536535777342707;0.07215231241751137;0.023031061942055113;0.20361423102980059;0.39103807955726355
GO:0035563;0.050981453053261495;0.0;0.051158810874951416;1.0;0.057701333707612344;0.0;0.0;0.0;0.3040231118717111;0.05236394658383805;0.0;0.042033967468315836;0.07192258431105292;0.0;0.0;0.051158810874951416;0.0;0.07402328557604727;0.0;0.0;0.0;0.0;0.0;0.051158810874951416;0.0;0.3040231118717111;0.0;0.046963756519824214;0.0;0.0;0.05590030448290897;0.0;0.0;0.05614681831479805;0.0;0.0;0.05372160159825945;0.04824415889286643;0.05341768634804152;0.0;0.0;0.0;0.0;0.05409867508856425;0.0;0.06631576916085309;0.0;0.06454552720851446;0.0;0.0;0.0;0.0;0.0;0.0;0.0;0.0;0.059020511256933375;0.0;0.0;0.0;0.0;0.0;0.0;0.04996019717837248;0.0;0.0;0.0;0.05331183689780984;0.0;0.0;0.0;0.0;0.0;0.05132906949168079;0.0;0.0;0.04824415889286643;0.0;0.0;0.04492546505287154;0.0;0.0;0.0;0.05950007366445977;0.04492546505287154;0.0;0.4203108824541352;0.0;0.0;0.04919579505644232;0.0;0.05728013791890376;0.0;0.0545318870697717;0.0;0.0;0.0;0.05132906949168079;0.05079631723692003;0.0;0.05861385433020507;0.0;0.0;0.04640990047317579;0.06343646419441017;0.0;0.0;0.046963756519824214;0.0;0.0;0.30043768661383297;0.05331183689780984;0.0;0.0;0.05500567422859189;0.0;0.05223018264936246;0.048904029456705654;0.0;0.0;0.0;0.0;0.04946728468493297;0.053203523106442954;0.0;0.048904029456705654;0.0;0.0;0.05845853454549355;0.08116382507376396;0.04946728468493297;0.0;0.05223018264936246;0.0530926157643328;0.0;0.05180281643722896;0.0
GO:0007093;0.8625427811870853;0.032907507611776916;0.8660866947086723;0.057701333707612344;1.0;0.0;0.02648234492816321;0.027012845974040803;0.054654673416565776;0.08090989588606846;0.0262229531707652;0.4728198274582156;0.3457936262344981;0.0;0.4843725949502134;0.4906603439859868;0.0;0.12391517414427815;0.027247580582115957;0.4377572556220037;0.0225683113016119;0.025389611233179364;0.5221748126249242;0.0787106714096632;0.024998489483297467;0.0711993690605206;0.024854171100844123;0.2061438126655953;0.02324004615090918;0.02436526460821913;0.08747344433409793;0.024927324322536068;0.022361288791246044;0.9167029299864694;0.5374081215985717;0.5919832941893656;0.08341012422755613;0.07346854217462857;0.6252704971750019;0.0;0.5582023351506742;0.02324004615090918;0.02895660728552552;0.08410884234103705;0.0252011737427843;0.8136851180178636;0.024178606006770725;0.6111961976020067;0.4766103904090425;0.022361288791246044;0.43053920978783633;0.0262229531707652;0.0262229531707652;0.0225683113016119;0.021571664268412803;0.0292029727164967;0.27043565764772737;0.0;0.024079670312129507;0.02386876028871172;0.6282626264020178;0.02783706823530992;0.024927324322536068;0.8422225276717955;0.025622199563988073;0.024079670312129507;0.0;0.7554922328941927;0.024998489483297467;0.021871259152207445;0.45446735893003276;0.023512388299017466;0.020774362079759415;0.07902023391615262;0.027496283086141576;0.43053920978783633;0.07346854217462857;0.024273698447793368;0.027182270727944144;0.06762854678005077;0.020182268837947173;0.0;0.022929992442664027;0.7119135407485144;0.49059285161816546;0.025987760828016432;0.08060914579049026;0.0;0.02462143094071168;0.5673079078556635;0.021871259152207445;0.2608089273340983;0.0;0.08491391482092393;0.0;0.44383698282786316;0.02761383470932464;0.463300465953014;0.5571829406670348;0.548820727642018;0.09262425345903558;0.03128873586785455;0.421577473957341;0.07022407236857017;0.10203365982047197;0.028314603670725406;0.0;0.5373537566324218;0.03400891529390139;0.44383698282786316;0.07022407236857017;0.08265295966335919;0.035391714153319015;0.0;0.7842327861303072;0.021571664268412803;0.5851612612708735;0.07464595353740333;0.6592701473777287;0.027182270727944144;0.026721042284993304;0.02652346168326678;0.4435716392227231;0.48342807809928173;0.023755879488898044;0.8213608906485557;0.028995598238826522;0.02544962776411516;0.08124936325056284;0.13970952692018065;0.5400680695284898;0.024998489483297467;0.2335492977635136;0.0822487899791806;0.026398376190253838;0.23128719453193097;0.4377572556220037
GO:0008584;0.0;0.0;0.0;0.0;0.0;1.0;0.0;0.0;0.0;0.0;0.0;0.0;0.0;0.3358017883342646;0.420532296094291;0.0;0.0;0.0;0.0;0.38040138415846203;0.0;0.0;0.4530233170282994;0.0;0.0;0.0;0.0;0.0;0.0;0.0;0.0;0.0;0.0;0.0;0.0;0.0;0.0;0.0;0.0;0.23944060824471405;0.0;0.2043044758731589;0.0;0.0;0.0;0.0;0.0;0.0;0.0;0.0;0.3741809740964181;0.0;0.0;0.0;0.0;0.0;0.0;0.0;0.21161639824474554;0.0;0.0;0.2442794170900051;0.0;0.0;0.0;0.0;0.0;0.0;0.0;0.0;0.0;0.0;0.0;0.0;0.0;0.3741809740964181;0.0;0.0;0.0;0.0;0.0;0.0;0.0;0.0;0.0;0.0;0.0;0.0;0.0;0.0;0.0;0.0;0.0;0.0;0.0;0.38563946828676676;0.2423415192755744;0.0;0.0;0.0;0.0;0.27420067295268363;0.0;0.0;0.0;0.0;0.0;0.0;0.0;0.0;0.0;0.0;0.0;0.4620628898266527;0.0;0.0;0.0;0.0;0.0;0.0;0.0;0.0;0.0;0.0;0.0;0.0;0.6713829659690134;0.0;0.0;0.0;0.0;0.0;0.0;0.0;0.0;0.0;0.38040138415846203
GO:0006284;0.023004666679790172;0.7719434035994859;0.5085241677478329;0.0;0.02648234492816321;0.0;1.0;0.6405542779195676;0.0;0.5220788638208639;0.5364411756473959;0.0;0.0;0.0;0.022812092573563595;0.4964944755428464;0.0;0.035446274477988295;0.26586088171272054;0.020704901455138494;0.5395834480907705;0.24858353737549593;0.024507758165262482;0.0;0.02384185214477439;0.0;0.023710544467678694;0.45104349307186237;0.022237142051074455;0.5001543541786018;0.56233177901214;0.5933823390969998;0.4718920265678874;0.5651646612830126;0.02179428335430022;0.023904874017850568;0.0;0.021621364435832364;0.0;0.0;0.022600594379872017;0.022237142051074455;0.5893880479666347;0.0;0.516513300464921;0.0;0.5763582781996441;0.0;0.41752482856244166;0.46072890749974127;0.5085291737014355;0.6227306195370631;0.6227306195370631;0.021621364435832364;0.4451133039577828;0.6897032610026719;0.0;0.16386289261944964;0.023004666679790172;0.022812092573563595;0.0252979469837501;0.026410340996430907;0.5111595762389698;0.49512373188666353;0.6091399712076094;0.5741051822191431;0.1752600209089455;0.0;0.5125513687484727;0.45104349307186237;0.39882524504527994;0.48341104156486475;0.429299190707282;0.0;0.6514372790929801;0.4380641953886786;0.0;0.4983593017633257;0.33629616321507755;0.43970079109248655;0.1400400149046324;0.1970805893751855;0.4719471995722378;0.02743351105570539;0.429299190707282;0.6174135350418389;0.0;0.21747423060647333;0.2231438340740578;0.4866195606861451;0.27326422598638656;0.0;0.18344479405103736;0.0;0.0;0.45104349307186237;0.026209321127846012;0.0;0.0;0.022237142051074455;0.0;0.029497640364179557;0.01996929177207435;0.0;0.0;0.25487164155970776;0.2169932983583324;0.0;0.23003996983263297;0.020980750278630406;0.0;0.0;0.23879224380114533;0.0;0.5520805503157907;0.4451133039577828;0.023642032730942848;0.0;0.02648234492816321;0.33629616321507755;0.3308712089818948;0.42933408746337376;0.0;0.0;0.48819656303901454;0.021953107607178064;0.02745093885811479;0.5339981632836852;0.0;0.0;0.0;0.02384185214477439;0.0;0.0;0.025111904271561642;0.0;0.020704901455138494
GO:0006283;0.02340393447621552;0.7900665277436764;0.5173853279095056;0.0;0.027012845974040803;0.0;0.6405542779195676;1.0;0.0;0.5314230477171509;0.546555062340713;0.0;0.0;0.0;0.02320464670294497;0.5051460153244375;0.0;0.03640318073032801;0.27106299460605454;0.021027770085949665;0.5483761246830356;0.25312571092794167;0.024961420099381303;0.0;0.024270980061372346;0.0;0.02413491653699713;0.45817217420264694;0.022609996151078903;0.5089350405321243;0.573187386504322;0.6040330665717615;0.47951295465909377;0.5761309862659816;0.022152314799624193;0.02433629411160358;0.0;0.021973691153118542;0.0;0.0;0.022985841799558752;0.022609996151078903;0.6016197089907352;0.0;0.5258831545061282;0.0;0.586401464615448;0.0;0.42362619587825645;0.4681695542492376;0.5163315789360111;0.6344713792184132;0.6344713792184132;0.021973691153118542;0.45205432337369605;0.7041344398242081;0.0;0.16637705455399646;0.02340393447621552;0.02320464670294497;0.02578162350289755;0.02693793242602419;0.5203344723960089;0.5035201779393492;0.6203692352344958;0.5840693218527063;0.1781391519899479;0.0;0.5217767468644372;0.45817217420264694;0.4043886887398482;0.4916088605550907;0.43575219132384907;0.0;0.6642966164672437;0.4447854506242484;0.0;0.5070765242511469;0.34286121214555726;0.4463101431188674;0.14208644546730623;0.20072873869795596;0.4797576737426041;0.02800321436639256;0.43575219132384907;0.6289527999341743;0.0;0.22192498051507947;0.22710134268237264;0.4947276898907594;0.27758312995336437;0.0;0.18660154134136284;0.0;0.0;0.45817217420264694;0.02672883270375138;0.0;0.0;0.022609996151078903;0.0;0.030157329950248755;0.020269459708345785;0.0;0.0;0.26004761046975516;0.22142418432226696;0.0;0.23561435881720333;0.021312348186411655;0.0;0.0;0.2448044198064361;0.0;0.5625402920534047;0.45205432337369605;0.024063934073774686;0.0;0.027012845974040803;0.34286121214555726;0.3372241577873655;0.43751851418611504;0.0;0.0;0.49655889767868083;0.022316419816850137;0.028021373759862737;0.5437778778285349;0.0;0.0;0.0;0.024270980061372346;0.0;0.0;0.025588425972444442;0.0;0.021027770085949665
GO:0051096;0.04858838236676683;0.0;0.04874945430867435;0.3040231118717111;0.054654673416565776;0.0;0.0;0.0;1.0;0.049842537061192994;0.0;0.04039366288825493;0.06724988628679648;0.0;0.0;0.04874945430867435;0.0;0.06908301731053032;0.0;0.0;0.0;0.0;0.0;0.04874945430867435;0.0;0.3162967159701268;0.0;0.04492546505287154;0.0;0.0;0.05303614623261772;0.0;0.0;0.053257995882276525;0.0;0.0;0.05107105955780106;0.04609575207782078;0.05079631723692003;0.0;0.0;0.0;0.0;0.05141172451355971;0.0;0.06232298413466224;0.0;0.06075697585453837;0.0;0.0;0.0;0.0;0.0;0.0;0.0;0.0;0.05583679519917108;0.0;0.0;0.0;0.0;0.0;0.0;0.04765987877387211;0.0;0.0;0.0;0.05070059228742374;0.0;0.0;0.0;0.0;0.0;0.048904029456705654;0.0;0.0;0.04609575207782078;0.0;0.0;0.04305674331922361;0.0;0.0;0.0;0.056265827365420885;0.04305674331922361;0.0;0.5383282930002964;0.0;0.0;0.046963756519824214;0.0;0.05427663638600957;0.0;0.05180281643722896;0.0;0.0;0.0;0.048904029456705654;0.04842019051828496;0.0;0.055472691869146926;0.0;0.0;0.0444183823966275;0.059773294490529726;0.0;0.0;0.04492546505287154;0.0;0.0;0.39138466562006713;0.05070059228742374;0.0;0.0;0.05223018264936246;0.0;0.04972132997915034;0.04669779387121418;0.0;0.0;0.0;0.0;0.04721110782524392;0.05060261943540509;0.0;0.04669779387121418;0.0;0.0;0.055333553669770795;0.0752624686865371;0.04721110782524392;0.0;0.04972132997915034;0.05050228043488589;0.0;0.04933388209357355;0.0
GO:0042771;0.0708568403404582;0.6326796125206485;0.48104235490038916;0.05236394658383805;0.08090989588606846;0.0;0.5220788638208639;0.5314230477171509;0.049842537061192994;1.0;0.023502396673371468;0.05774322622046807;0.10278622003961259;0.0;0.021593567230652602;0.05459366486698693;0.0;0.5449425566909692;0.0243221252937934;0.019696116006850124;0.45190747071154624;0.022830784477355627;0.023106911700234357;0.07111989241258229;0.022514034702917574;0.06493053510876767;0.0223969095881914;0.06493053510876767;0.02107770458187479;0.02199912415414616;0.9274801997067613;0.4944617509187437;0.4481344865723582;0.5314230477171509;0.02067940939458141;0.02257022405945305;0.07493466607903784;0.06681243422754862;0.07448093604420547;0.0;0.0214039663591502;0.02107770458187479;0.02567476201974234;0.07549812272771197;0.0226783013298087;0.09406185670711482;0.48104235490038916;0.0913344555833242;0.01853129652496056;0.02035231342945171;0.4271472254489572;0.5174956892713773;0.5174956892713773;0.020523665909713697;0.019696116006850124;0.5695892952951653;0.08290444648239924;0.15599952336853184;0.021766040039982015;0.021593567230652602;0.023808056745488634;0.024790738209430313;0.022456295677098836;0.46903406170207407;0.5068448082741672;0.47926311727862897;0.1662946959053773;0.07432299341487086;0.022514034702917574;0.019945577875110712;0.017737756410157193;0.021301480959127362;0.01902928665361634;0.0713725303759227;0.5399042654776115;0.01939916358446598;0.06681243422754862;0.021924451421384397;0.31610608285685105;0.4190029616985081;0.01853129652496056;0.18581559952624838;0.02082234684436629;0.08363125879756991;0.047552792464563926;0.5133319534361863;0.07056153467423987;0.20383790003100252;0.02220774004398209;0.4613955893589355;0.2597816011110314;0.08027452884905574;0.17364595030816551;0.07614615794821768;0.0;0.019945577875110712;0.024613534565903792;0.0713725303759227;0.07058238273798444;0.02107770458187479;0.08228885172728101;0.027491631542286815;0.01902928665361634;0.06411844068378712;0.08963229157117264;0.025168765361126794;0.20341533029377531;0.06493053510876767;0.029569722319200922;0.019945577875110712;0.06411844068378712;0.07432299341487086;0.030609568468135596;0.0;0.8151613156652248;0.019696116006850124;0.07271152835379259;0.0677847556631677;0.024854171100844123;0.31610608285685105;0.3113083201003883;0.4041175679574223;0.06861604341248287;0.07416141918200261;0.021501138931747515;0.0677847556631677;0.025705410933108637;0.5037758586871993;0.07220910456379546;0.11745755006974339;0.06861604341248287;0.022514034702917574;0.07271152835379259;0.0739960238086043;0.023643210848823974;0.07207609363608103;0.019696116006850124
GO:0000731;0.022808676565513043;0.6573827788560628;0.022897424434528968;0.0;0.0262229531707652;0.0;0.5364411756473959;0.546555062340713;0.0;0.023502396673371468;1.0;0.0;0.0;0.0;0.02261935628093327;0.4922480922819095;0.0;0.03498309747259977;0.26331554808863156;0.020546003372359907;0.46109157779306187;0.24635689304024125;0.024285443679054212;0.0;0.02363140277619041;0.0;0.023502396673371468;0.44753623796909026;0.022053959678017678;0.49584540793016496;0.025297337566567525;0.5066597716783887;0.153303679657156;0.02542356879686717;0.02161829570905092;0.023693315540895175;0.0;0.02144814723602409;0.0;0.0;0.02241140053959446;0.022053959678017678;0.5834135888693033;0.0;0.5119191668009313;0.0;0.9261707554213607;0.0;0.41451774043808354;0.4570700210967216;0.43475514624796474;0.5314874059675546;0.5314874059675546;0.02144814723602409;0.4416973180970734;0.5880631086424652;0.0;0.0;0.022808676565513043;0.02261935628093327;0.02506113474477105;0.02615235099245672;0.5066597716783887;0.02229906592194213;0.9783728963413846;0.9225810206403359;0.0;0.0;0.5080271350075294;0.44753623796909026;0.3960805952788942;0.47938460026936036;0.4261207546107065;0.0;0.5557513531656917;0.43475514624796474;0.0;0.49408109731877925;0.025573588733704078;0.01982144355999913;0.13903142179364408;0.0;0.4681087056398944;0.02715524942591297;0.4261207546107065;0.5269909387011708;0.0;0.0;0.2212022758129101;0.021919196294401498;0.02081760671353082;0.0;0.0;0.0;0.0;0.44753623796909026;0.025955224619088894;0.0;0.0;0.022053959678017678;0.0;0.029176175308559302;0.01982144355999913;0.0;0.0;0.25234183843697144;0.0;0.0;0.22733094649014193;0.02081760671353082;0.0;0.0;0.23587446722340688;0.0;0.024840449620312885;0.4416973180970734;0.023435080837380846;0.0;0.0262229531707652;0.025573588733704078;0.025164926692551142;0.024989612972975146;0.0;0.0;0.48409034632230724;0.021774556128490167;0.027172325366435164;0.024034150181491937;0.0;0.0;0.0;0.02363140277619041;0.0;0.0;0.024878546225230565;0.0;0.020546003372359907
GO:0045128;0.7133379158888669;0.0;0.5053139132426839;0.042033967468315836;0.4728198274582156;0.0;0.0;0.0;0.04039366288825493;0.05774322622046807;0.0;1.0;0.39707161121977075;0.0;0.0;0.04345876494764459;0.0;0.07675387763987655;0.0;0.0;0.0;0.0;0.0;0.24158833248715209;0.0;0.4317295961241417;0.0;0.5502328356183943;0.0;0.0;0.061010348396489174;0.0;0.0;0.46215546706042865;0.0;0.0;0.05900549774996963;0.16241833151716836;0.524142311435418;0.0;0.0;0.0;0.0;0.05935430562821363;0.0;0.5302244111016651;0.0;0.40292116301899367;0.0;0.0;0.0;0.0;0.0;0.0;0.0;0.0;0.18482990446978276;0.0;0.0;0.0;0.0;0.0;0.0;0.41874368574046994;0.0;0.0;0.0;0.7408627812872223;0.0;0.0;0.0;0.0;0.0;0.6554106358298002;0.0;0.0;0.6216593912510952;0.0;0.0;0.15274997049529832;0.0;0.0;0.0;0.48504080648678133;0.03887657039573098;0.0;0.053007649495348814;0.0;0.0;0.4887471748476723;0.0;0.18028194206984843;0.0;0.49024981406476714;0.0;0.0;0.0;0.39277667499539765;0.5345711645450172;0.0;0.06347219819552369;0.0;0.0;0.6012966707798053;0.06775385221720462;0.0;0.0;0.5502328356183943;0.0;0.0;0.42734314379576194;0.48099091722661136;0.0;0.0;0.537230533305046;0.0;0.17378204731205263;0.30866602815606436;0.0;0.0;0.0;0.0;0.38061382315352693;0.4048884887883079;0.0;0.4862683954075877;0.0;0.0;0.05573373257852173;0.24892773578793417;0.5226303883985093;0.0;0.7945865940647511;0.6744314904675104;0.0;0.5983034344120858;0.0
GO:0045892;0.2859147041793787;0.0;0.28739617180346433;0.07192258431105292;0.3457936262344981;0.0;0.0;0.0;0.06724988628679648;0.10278622003961259;0.0;0.39707161121977075;1.0;0.0;0.0;0.07619701851818475;0.0;0.1838390859175512;0.0;0.0;0.0;0.0;0.0;0.09926286818033006;0.0;0.27137672297259724;0.0;0.47641925166386784;0.0;0.0;0.11361642954208616;0.0;0.0;0.3312229911239342;0.0;0.0;0.10685524158278281;0.301617672045585;0.30671400255068326;0.0;0.0;0.0;0.0;0.10800466468554622;0.0;0.4357248415929818;0.0;0.1436313676347693;0.0;0.0;0.0;0.0;0.0;0.0;0.0;0.0;0.3585259906671613;0.0;0.0;0.0;0.0;0.0;0.0;0.27748087575233576;0.0;0.0;0.0;0.305789744154016;0.0;0.0;0.0;0.0;0.0;0.30087221241272327;0.0;0.0;0.27467018690000755;0.0;0.0;0.27245404946345614;0.0;0.0;0.0;0.3632411607166473;0.06314730449320573;0.0;0.11137399307339116;0.0;0.0;0.27127407081256677;0.0;0.34180024778089124;0.0;0.32976662536712087;0.0;0.0;0.0;0.09975570253926454;0.09821891545258864;0.0;0.12246180565258145;0.0;0.0;0.2597920245669376;0.13946631138956625;0.0;0.0;0.47641925166386784;0.0;0.0;0.2597920245669376;0.32716056872519933;0.0;0.0;0.3208133038077764;0.0;0.33911874841584644;0.21182772127435062;0.0;0.0;0.0;0.0;0.09445235949848266;0.10528979061283708;0.0;0.26892841956632363;0.0;0.0;0.1073116044506836;0.7315750276242474;0.09445235949848266;0.0;0.5420152808933609;0.31655895761949615;0.0;0.5499872569775961;0.0
GO:0001701;0.0;0.0;0.0;0.0;0.0;0.3358017883342646;0.0;0.0;0.0;0.0;0.0;0.0;0.0;1.0;0.0;0.0;0.0;0.0;0.0;0.0;0.0;0.0;0.0;0.0;0.0;0.0;0.0;0.0;0.0;0.0;0.0;0.0;0.0;0.0;0.0;0.0;0.0;0.0;0.0;0.32062964674185207;0.0;0.21499389268638136;0.0;0.0;0.0;0.0;0.0;0.0;0.0;0.0;0.0;0.0;0.0;0.0;0.0;0.0;0.0;0.0;0.22310615620017152;0.0;0.0;0.25971919052550263;0.0;0.0;0.0;0.0;0.0;0.0;0.0;0.0;0.0;0.0;0.0;0.0;0.0;0.0;0.0;0.0;0.0;0.0;0.0;0.0;0.0;0.0;0.0;0.0;0.0;0.0;0.0;0.0;0.0;0.0;0.0;0.0;0.0;0.0;0.2575296776842249;0.0;0.0;0.0;0.0;0.29380624635423813;0.0;0.0;0.0;0.0;0.0;0.0;0.0;0.0;0.0;0.0;0.0;0.305096043523663;0.0;0.0;0.0;0.0;0.0;0.0;0.0;0.0;0.0;0.0;0.0;0.0;0.3535115531862637;0.0;0.0;0.0;0.0;0.0;0.0;0.0;0.0;0.0;0.0
GO:0045132;0.4262892922567087;0.02742461339257408;0.42781644829541665;0.0;0.4843725949502134;0.420532296094291;0.022812092573563595;0.02320464670294497;0.0;0.021593567230652602;0.02261935628093327;0.0;0.0;0.0;1.0;0.42781644829541665;0.0;0.03091527530724027;0.02337765010816656;0.6158238507667111;0.019847054713726234;0.021996595440112225;0.7185247803669844;0.0;0.02170242042218144;0.0;0.021593567230652602;0.019305952003115197;0.02036470446401519;0.02122357021232091;0.023099442776429075;0.021648764299347714;0.01968676996160056;0.02320464670294497;0.4057143111647062;0.8887760307406735;0.0;0.019847054713726234;0.0;0.0;0.4194415183335305;0.02036470446401519;0.024624582651650795;0.0;0.02185501700479828;0.0;0.021081804293616;0.0;0.3648285062327615;0.01968676996160056;0.6068291009242673;0.02261935628093327;0.02261935628093327;0.019847054713726234;0.019072139574988347;0.024802521074261702;0.0;0.0;0.021006549578978136;0.020845858660619696;0.4647608893169038;0.02381025170111798;0.021648764299347714;0.4175018029319957;0.022170958870708468;0.021006549578978136;0.0;0.0;0.02170242042218144;0.019305952003115197;0.3496530827207484;0.020573522445697098;0.018446220176376486;0.0;0.02356048679189128;0.6068291009242673;0.0;0.021154061359467343;0.023329558156412696;0.018446220176376486;0.01797790430867298;0.0;0.020126232879360377;0.4999974574038661;0.3743321155259173;0.022444147417896007;0.0;0.0;0.021417671458441475;0.020249741408514595;0.019305952003115197;0.0;0.0;0.0;0.0;0.6233734636080003;0.023646741634018104;0.0;0.0;0.4132642260140455;0.0;0.026291036887276773;0.3743321155259173;0.0;0.0;0.02415875765866169;0.0;0.0;0.028185331927755387;0.39177879188621656;0.0;0.0;0.02912853774769322;0.0;0.4610179688192251;0.019072139574988347;0.43704830271016837;0.0;0.4843725949502134;0.023329558156412696;0.022988990525325444;0.02284259558844974;0.0;0.0;0.020759707699946048;0.4084248837573063;0.43842352133795137;0.022041628613433593;0.0;0.0;0.0;0.02170242042218144;0.0;0.0;0.022749758445447812;0.0;0.6158238507667111
GO:0032201;0.43115190190008795;0.5983840425776094;0.43271416050623474;0.051158810874951416;0.4906603439859868;0.0;0.4964944755428464;0.5051460153244375;0.04874945430867435;0.05459366486698693;0.4922480922819095;0.04345876494764459;0.07619701851818475;0.0;0.42781644829541665;1.0;0.0;0.07855893322879405;0.24321515448604694;0.5249069150107799;0.43126677544575653;0.22867529957381696;0.45704003503794205;0.053284994356506785;0.598151415088717;0.04874945430867435;0.1846229400302184;0.4193857298192269;0.5608743755873429;0.4615225381256081;0.05844868510043463;0.4708774359603064;0.14346847074506425;0.05871824156697525;0.41011643420327304;0.5996073097952788;0.05607103364521395;0.16952959502293938;0.05574003647685923;0.0;0.5693521577128748;0.020589825016054882;0.5364709864134795;0.05648193592997716;0.4754168567485434;0.06993298348565395;0.45840443885011084;0.0679672201554274;0.3902552036019763;0.4277466600724215;0.40814175940086644;0.4922480922819095;0.4922480922819095;0.546463976005306;0.4142540452541757;0.5403998694305548;0.061868566404558026;0.0;0.2994622126112144;0.5742760713224372;0.47054673727982627;0.02411857044398818;0.4708774359603064;0.42216490758050207;0.48237240191696285;0.4567494288110318;0.0;0.055624793214408004;0.4720582569767096;0.4193857298192269;0.3738705614878458;0.4472288758362938;0.4005228526627243;0.053469724658358087;0.5129916021710179;0.40814175940086644;0.05013050866920169;0.4599936515615206;0.023625476210364458;0.04655683090094079;0.1534080768309943;0.0;0.4373994470990388;0.5067002157473636;0.8737324919178789;0.48838864678973176;0.06839059603144027;0.0;0.20574878919533734;0.051158810874951416;0.019508156980232633;0.059958893178017954;0.0;0.0569543247214031;0.0;0.4193857298192269;0.0239508132967792;0.053469724658358087;0.05289185956367083;0.5608743755873429;0.061421864325773866;0.0266674577692282;0.3780764217472655;0.04815294659645838;0.06673857203864456;0.2324270568742248;0.0;0.04874945430867435;0.20635383678549699;0.3958821700379734;0.04815294659645838;0.055624793214408004;0.21336905805086498;0.0;0.4667104294521894;0.5249069150107799;0.4421609341211866;0.05084337125677864;0.4906603439859868;0.023625476210364458;0.023276278751782824;0.023126213965686353;0.051452463441874464;0.05550688745936112;0.45132180414775813;0.4128863477677601;0.02498345012352273;0.02230559084393641;0.06125132793077397;0.08664914769439641;0.051452463441874464;0.18556459641431824;0.05444828256082857;0.05538618001062766;0.3246200847469758;0.05398400832893991;0.5249069150107799
GO:0019886;0.0;0.0;0.0;0.0;0.0;0.0;0.0;0.0;0.0;0.0;0.0;0.0;0.0;0.0;0.0;0.0;1.0;0.0;0.0;0.0;0.0;0.0;0.0;0.0;0.0;0.0;0.0;0.0;0.0;0.0;0.0;0.0;0.0;0.0;0.0;0.0;0.0;0.0;0.0;0.0;0.0;0.0;0.0;0.0;0.0;0.0;0.0;0.0;0.0;0.0;0.0;0.0;0.0;0.0;0.0;0.0;0.0;0.29813083191545703;0.0;0.0;0.0;0.0;0.0;0.0;0.0;0.0;0.0;0.0;0.0;0.0;0.0;0.0;0.0;0.0;0.0;0.0;0.0;0.0;0.0;0.0;0.0;0.0;0.0;0.0;0.0;0.0;0.0;0.0;0.0;0.0;0.0;0.0;0.33525468096318034;0.0;0.0;0.0;0.3876065183521967;0.0;0.0;0.0;0.0;0.0;0.0;0.0;0.0;0.0;0.0;0.0;0.0;0.0;0.0;0.0;0.0;0.0;0.0;0.0;0.0;0.0;0.0;0.0;0.0;0.0;0.0;0.0;0.3336756863357114;0.0;0.0;0.0;0.0;0.0;0.0;0.0;0.0;0.0;0.0;0.0;0.0
GO:0035556;0.10179596007278027;0.04798716550392183;0.10233976584813632;0.07402328557604727;0.12391517414427815;0.0;0.035446274477988295;0.03640318073032801;0.06908301731053032;0.5449425566909692;0.03498309747259977;0.07675387763987655;0.1838390859175512;0.0;0.03091527530724027;0.07855893322879405;0.0;1.0;0.03683077216041623;0.02716814543421921;0.02876818654610246;0.03351555634626716;0.03411400322340336;0.10233976584813632;0.03283735790357287;0.08999536430888157;0.032588790003417294;0.08999536430888157;0.029868687584173347;0.031753353920987513;0.6044075387741613;0.0327146736565139;0.028432641087379005;0.11850636864379431;0.02907512471150142;0.03295702674543843;0.11042930269448478;0.09365152307159791;0.10944674781428251;0.0;0.03052811151583636;0.029868687584173347;0.04002379732605474;0.11165734464821525;0.033187976108416506;0.15768117786465594;0.03143706987822081;0.15016413712658275;0.02500053366913018;0.028432641087379005;0.026606362210237943;0.03498309747259977;0.03498309747259977;0.02876818654610246;0.02716814543421921;0.040496007708398986;0.12865561608267323;0.0;0.03127002181026434;0.03091527530724027;0.035664649206629664;0.037916091804423006;0.0327146736565139;0.09870344222603673;0.033922040730103305;0.03127002181026434;0.0;0.10910603952702484;0.03283735790357287;0.02764507552902291;0.023577511584009055;0.0303200518856508;0.025915491655330004;0.10286370761393195;0.037286643550076534;0.026606362210237943;0.09365152307159791;0.03159801605360953;0.03671154409144968;0.0843649029034733;0.02500053366913018;0.0;0.029358481352004768;0.1304144723763119;0.0647609139919519;0.03456576977370484;0.11649335210018028;0.0;0.032189815195229884;0.49533307692008277;0.02764507552902291;0.12243108002439045;0.0;0.11308062335281427;0.0;0.02764507552902291;0.03750313902825974;0.10286370761393195;0.10123045189980398;0.029868687584173347;0.12717915915166414;0.044620772682910634;0.025915491655330004;0.08844277323034869;0.1456175836360542;0.03880757191842729;0.0;0.08999536430888157;0.05036576235885758;0.02764507552902291;0.08844277323034869;0.10910603952702484;0.05345905738591564;0.0;0.5889305350241593;0.02716814543421921;0.10566818521948632;0.09557315993061272;0.03806467560543585;0.03671154409144968;0.03587522080825576;0.035519975828854855;0.09723407764771096;0.10875819780565288;0.030726171327964433;0.09557315993061272;0.040098326901370884;0.03362021625188491;0.11142714414461011;0.23672431247592268;0.09723407764771096;0.03283735790357287;0.10566818521948632;0.1084028614124018;0.03529600178027174;0.10433147878991339;0.02716814543421921
GO:0090502;0.02357993351109733;0.3285485883863805;0.02367479721038503;0.0;0.027247580582115957;0.0;0.26586088171272054;0.27106299460605454;0.0;0.0243221252937934;0.26331554808863156;0.0;0.0;0.0;0.02337765010816656;0.24321515448604694;0.0;0.03683077216041623;1.0;0.02116973712405622;0.22733250854258466;0.7093240952448139;0.025161723587948322;0.0;0.024460313871913754;0.0;0.0243221252937934;0.22044365112615624;0.022774214900071033;0.24505335352505928;0.026249593809569812;0.250584903640791;0.12765286533502807;0.026385532768708257;0.022309929290988698;0.024526652297013753;0.0;0.02212876516863006;0.0;0.0;0.023155586031973697;0.022774214900071033;0.2900831136753737;0.0;0.2532780721293888;0.0;0.24321515448604694;0.0;0.2037171818714454;0.22528740281609827;0.21396002024667993;0.26331554808863156;0.26331554808863156;0.02212876516863006;0.23850928690278808;0.29248932147137124;0.0;0.0;0.02357993351109733;0.02337765010816656;0.02599536310006183;0.02717136125555012;0.250584903640791;0.02303568721655709;0.25741616852415206;0.24224060382475318;0.0;0.0;0.25128489863157516;0.24175922791751103;0.2132085462610632;0.2366494705437045;0.22985212392808724;0.0;0.27579946626894924;0.21396002024667993;0.0;0.24415169116204757;0.02654715632649773;0.020401339940053793;0.11543069722853057;0.0;0.23090368185039986;0.02825555697840355;0.209586380028885;0.26100669392088893;0.0;0.0;0.2288467674398693;0.022630534039172655;0.021458197157809184;0.0;0.0;0.0;0.0;0.22044365112615624;0.02695863626169368;0.0;0.0;0.022774214900071033;0.0;0.03045019108888914;0.020401339940053793;0.0;0.0;0.2623387522435315;0.0;0.0;0.19221270871931295;0.021458197157809184;0.0;0.0;0.1997919674692036;0.0;0.025757995831347764;0.21748025291628678;0.024250039016390085;0.0;0.027247580582115957;0.02654715632649773;0.026107054833261287;0.025918417750582685;0.0;0.0;0.2390499903666996;0.02247638661534593;0.028274045230398698;0.024892068995282617;0.0;0.0;0.0;0.024460313871913754;0.0;0.0;0.025798961128506784;0.0;0.02116973712405622
GO:0010032;0.389761817508726;0.024434978772287282;0.39103807955726355;0.0;0.4377572556220037;0.38040138415846203;0.020704901455138494;0.021027770085949665;0.0;0.019696116006850124;0.020546003372359907;0.0;0.0;0.0;0.6158238507667111;0.5249069150107799;0.0;0.02716814543421921;0.02116973712405622;1.0;0.018232653144588034;0.02003087801487823;0.6536337371681636;0.0;0.8742619922948242;0.0;0.166447594725265;0.017774984128329507;0.5085392196553008;0.01938782205326139;0.020941342333104795;0.01974202850009074;0.018097294746460605;0.021027770085949665;0.3724903586851424;0.5401771868590209;0.0;0.15408018821179004;0.0;0.0;0.8361502761250894;0.018668589620516856;0.022187132768770063;0.0;0.01991340556736081;0.0;0.019269451414091393;0.0;0.33773987640175746;0.018097294746460605;0.5598857229113807;0.020546003372359907;0.020546003372359907;0.6424612986371921;0.017576593621501723;0.02233148510547192;0.0;0.0;0.2707141862256683;0.5195320682373558;0.42167605315804607;0.021523864074520845;0.01974202850009074;0.3824027576006591;0.020175367720640092;0.01920656017453798;0.0;0.0;0.01978663948571285;0.017774984128329507;0.32469405667758244;0.018843922736484796;0.017043617088630857;0.0;0.021319557844277772;0.5598857229113807;0.0;0.01932980117066826;0.021130292664295988;0.017043617088630857;0.14064670745223706;0.0;0.15606898015243642;0.4504799068304259;0.4642743726516242;0.020401339940053793;0.0;0.0;0.019549669583091338;0.018571933505860526;0.017774984128329507;0.0;0.0;0.0;0.0;0.5739397580531673;0.021390160356200373;0.0;0.0;0.5085392196553008;0.0;0.02353100656421573;0.34586886527417154;0.0;0.0;0.021808253039854338;0.0;0.0;0.025037060767133825;0.36071061434680474;0.0;0.0;0.025778552837786822;0.0;0.41859262604245284;0.47879284863884414;0.3987365984917079;0.0;0.4377572556220037;0.021130292664295988;0.020850523764655553;0.02073002640556365;0.0;0.0;0.01900000024168065;0.37477392127883624;0.39498166564166404;0.02006821524873952;0.0;0.0;0.0;0.1672125889666486;0.0;0.0;0.2911091713219669;0.0;0.695761816954021
