;GO:0045926;GO:0061178;GO:0036498;GO:0015031;GO:0044313;GO:0051091;GO:0071380;GO:0000460;GO:0045892;GO:0045893;GO:0007409;GO:0010811;GO:1904294;GO:0070207;GO:0035556;GO:0086003;GO:0034063;GO:0090503;GO:0098909;GO:0045815;GO:0000902;GO:0046627;GO:0071361;GO:0050684;GO:0001558;GO:0045780;GO:0010666;GO:0035669;GO:0086091;GO:0033365;GO:0034614;GO:0051259;GO:0070507;GO:0033089;GO:0000958;GO:1900276;GO:1900275;GO:0008284;GO:0043123;GO:0007597;GO:0051151;GO:0038096;GO:0045944;GO:0000165;GO:0050730;GO:0051145;GO:0097222;GO:0071277;GO:0045672;GO:0070584;GO:0051384;GO:0010634;GO:0032024;GO:2000650;GO:0048260;GO:0030520;GO:2000772;GO:0006390;GO:0042327;GO:0008298;GO:2000273;GO:0000209;GO:0009303;GO:0000448;GO:0060416;GO:0006275;GO:0006396;GO:0000964;GO:0006397;GO:0043410;GO:0000962;GO:0048704;GO:0007517;GO:0051279;GO:0035928;GO:0055113;GO:0010881;GO:0035523;GO:0010763;GO:0061014;GO:0006361;GO:1904894;GO:0002281;GO:0038111;GO:0046777;GO:0006366;GO:0006363;GO:0000018;GO:0000413;GO:0003254;GO:0042059;GO:1902514;GO:0045844;GO:0072385;GO:0006637;GO:0071850;GO:0006914;GO:0030509;GO:0016055;GO:0010613;GO:0031397;GO:0051209;GO:0071456;GO:0010694;GO:0050996;GO:1904781;GO:0090305;GO:0090303;GO:0042100;GO:0043278;GO:0003143;GO:0048842;GO:0006897;GO:0042742;GO:0060314;GO:0006406;GO:1900737;GO:0071042;GO:0030217;GO:0010508;GO:0006888;GO:0070233;GO:0042074;GO:0010628;GO:0010506;GO:0031663;GO:0001915;GO:0030177;GO:0018105;GO:0018107;GO:0008360;GO:2001031;GO:0032230;GO:0008361;GO:0051591;GO:1901844;GO:0043687;GO:1901725;GO:0000122;GO:0030326;GO:0097421;GO:0044782;GO:0016310;GO:0032469;GO:0035335;GO:0017126;GO:0032467;GO:0035458;GO:0060333;GO:1900087;GO:0006351;GO:1903078;GO:0030041;GO:1900245;GO:0006355;GO:1900246;GO:0043457;GO:0045879;GO:0006511;GO:0006357;GO:0048747;GO:0002026;GO:0097155;GO:0030318;GO:0072393;GO:0045087;GO:2000627;GO:0030838;GO:0034599;GO:0070257;GO:0070536
GO:0045926;1.0;0.2546021121822044;0.3833012983727307;0.0;0.0;0.25540785077198785;0.0;0.0;0.24040977035050148;0.19685052501259453;0.0;0.5046926711359894;0.16902512669538175;0.0;0.5349332415663253;0.0;0.0;0.0;0.5038905964300558;0.4065039387185908;0.0;0.3929243001146174;0.0;0.370054572085164;0.6714263562848657;0.3862910383132501;0.31509964933323786;0.2159540153391325;0.36519323570545875;0.0;0.0;0.0;0.47628703124448313;0.17572417737337284;0.20917221646327017;0.40469337529103877;0.27319557525428;0.5050552524617519;0.3145559884116397;0.0;0.46340194941559415;0.24020661237114996;0.18814408810704145;0.23940499706252977;0.3271077579373591;0.0;0.0;0.0;0.24936108940781496;0.0;0.0;0.30287526923731517;0.1912769955394246;0.2774090326451372;0.3401326585797319;0.4262542391953926;0.449572734318895;0.0;0.34087992491339864;0.0;0.3125914195210147;0.0;0.0;0.0;0.0;0.3399469463881085;0.0;0.0;0.0;0.16884183747480003;0.24912139939375502;0.0;0.0;0.3132351113451284;0.0;0.0;0.1948383814250511;0.0;0.32707310678450424;0.2287566627366129;0.0;0.31455595915168016;0.0;0.4743037951515058;0.0;0.0;0.0;0.40607686437826884;0.0;0.44702581393496865;0.3930426729371351;0.3880421138064906;0.35470060952613275;0.0;0.0;0.46001550263836477;0.0;0.24107051339357569;0.4742791740400632;0.3698740359422041;0.3117703795399032;0.18302736661055918;0.0;0.240833171502882;0.3873114558222379;0.4271196495672721;0.0;0.42712861160094295;0.0;0.0;0.0;0.15696508424717867;0.0;0.0;0.20969462869146785;0.0;0.39305012285397745;0.20513684839792576;0.0;0.34051749512932794;0.0;0.3937562987898747;0.0;0.45025898223519856;0.47628667570849526;0.5027631807911361;0.28541839013537446;0.33981985586293284;0.0;0.0;0.4479181430990631;0.29255015328969786;0.35472115352586125;0.34779208138769496;0.0;0.386050076620079;0.0;0.26324469719149357;0.23000707831966227;0.0;0.0;0.0;0.0;0.21606929721041923;0.0;0.0;0.37064134671506305;0.0;0.4743037951515058;0.29327811855628927;0.0;0.35525804091674834;0.0;0.16804737129861547;0.3031451151760953;0.16804737129861547;0.5055333525016223;0.42461892555695996;0.0;0.292706838635439;0.0;0.474089414113867;0.0;0.0;0.0;0.0;0.2353024270667684;0.1994313677158018;0.0;0.3523438899942945;0.0
GO:0061178;0.2546021121822044;1.0;0.2604550373232507;0.0;0.0;0.20471065163051658;0.0;0.0;0.16917385456659192;0.1719084971702284;0.0;0.23980993522134883;0.1849578872752364;0.0;0.30792032424822546;0.0;0.0;0.0;0.30216734680070645;0.21512010669498952;0.0;0.3712544529314718;0.0;0.2554816852867264;0.3085580951969995;0.2639534776674226;0.23302671131895894;0.21982920652781418;0.25594115071713464;0.0;0.0;0.0;0.2913915340906641;0.15858353643965112;0.12251533568121212;0.42774969990956996;0.1510156611339587;0.299751367720708;0.37132276261994196;0.0;0.25578928080752605;0.23601041621545088;0.1665228409419925;0.1962941437343801;0.23820207969720444;0.0;0.0;0.0;0.2015752603911171;0.0;0.0;0.27303927445425946;0.7261286007187919;0.22345641804934605;0.3402660106379715;0.2755551197496999;0.33969844889772444;0.0;0.24394593260889993;0.0;0.3699457240063923;0.0;0.0;0.0;0.0;0.24356309172767443;0.0;0.0;0.0;0.24572366081025737;0.20144986874385334;0.0;0.0;0.4185237088267761;0.0;0.0;0.3076207883421628;0.0;0.28575279806807297;0.19047610342185295;0.0;0.3713227421627863;0.0;0.29079618886949105;0.0;0.0;0.0;0.2686489770278228;0.0;0.341313815856589;0.3713206950704782;0.31382350238415496;0.19968672236012433;0.0;0.0;0.25475409705190033;0.0;0.1971880949015563;0.29078878195163826;0.25541280401661687;0.20165343875004416;0.1952220231241263;0.0;0.1970609644863901;0.2096231007449159;0.38447146840065033;0.0;0.2758472660605631;0.0;0.0;0.0;0.17228926087921623;0.0;0.0;0.43057753754351996;0.0;0.37132486354431693;0.12077651714453541;0.0;0.24379731861664727;0.0;0.2330374337664777;0.0;0.2267826086077859;0.2913914275895257;0.29910368405885857;0.19028979194454776;0.38842595668064106;0.0;0.0;0.3416578612867663;0.22285999774641624;0.348185699371602;0.23183292652326948;0.0;0.364854236147921;0.0;0.20869590558386275;0.16395575529100423;0.0;0.0;0.0;0.0;0.17828967122179792;0.0;0.0;0.2557053541098406;0.0;0.29079618886949105;0.22319775663256572;0.0;0.34807991643899144;0.0;0.2448783328443424;0.22771199668823117;0.2448783328443424;0.29988607830590214;0.38842840111535415;0.0;0.2229327514906743;0.0;0.2933967116535927;0.0;0.0;0.0;0.0;0.19407377679523474;0.20971073879255697;0.0;0.39781048400255953;0.0
GO:0036498;0.3833012983727307;0.2604550373232507;1.0;0.0;0.17218003061500553;0.26112947332241326;0.23837551376626875;0.1674798622477541;0.2059455170938568;0.21001245347331812;0.20636453672315427;0.35073130012661985;0.1841314696920325;0.2307783325305627;0.642450547182496;0.2716098907157961;0.21458545742972546;0.18205504269666076;0.3503437566094191;0.30031992252037737;0.2474578856225725;0.3085364713356589;0.2912835020640198;0.3498033373958782;0.45757061029729873;0.2891424095042081;0.3090303809345356;0.31993757450176;0.27715740638301667;0.0;0.48742310646916964;0.2596141263880842;0.4208075953341925;0.19046171220133026;0.1854929524204962;0.3740217685778879;0.20672590873989596;0.43846716759845694;0.30861173197256997;0.22933804283121806;0.35038023860147477;0.34965847940750455;0.20203014163135774;0.34869270550328446;0.3181986972284227;0.2710596676389184;0.13486977196305672;0.3754655851434803;0.2560491276441081;0.2208216783063737;0.23056661603053488;0.29954123606821964;0.20491441953977196;0.18607904936040434;0.3279762508275607;0.5472305638654952;0.4038399323827251;0.13175969861902942;0.32853202701814643;0.0;0.30709631044289193;0.17706226567596212;0.12645314594082913;0.1631549432743905;0.22200312625504057;0.32783804166007047;0.19325855703869355;0.16283236419291666;0.18204437068031148;0.18395736721125472;0.2558468407489457;0.0;0.0;0.3075932872540533;0.0;0.0;0.29318779710026055;0.17218003061500553;0.3181724552149412;0.23840308072734415;0.1438854165116509;0.30861170943241756;0.22169195873318084;0.5909012514308081;0.17190998329823828;0.134588675161899;0.1438854165116509;0.37496666696490283;0.18220437098153064;0.40219260350246544;0.3086094539043401;0.29012236053386203;0.2710717107733018;0.181200039005543;0.23010572853665567;0.4235689121900325;0.2587892134386461;0.3506980477755691;0.5908795358442326;0.27984514981340364;0.2561752825698772;0.19734760799919002;0.4706143497473218;0.24880907528248358;0.28971373526631944;0.3114250007479004;0.19940720610887025;0.3114297651888446;0.220336552383144;0.20688279682543717;0.0;0.14150412054776554;0.0;0.296800644559928;0.2216016162036565;0.0;0.308614046822423;0.1823615502406596;0.21325316526069682;0.32826254100153346;0.0;0.30904923875034196;0.259177702581465;0.32354860927713786;0.4208073732245262;0.6155694911036339;0.19056105697413125;0.32774343955452023;0.16298443126715634;0.16298441759385354;0.4027703529990884;0.29140107986818964;0.33872655825398257;0.33674258156250314;0.23043516344752363;0.36112268550059107;0.19343867575332124;0.267649108983376;0.198263972210836;0.0;0.0;0.25942678015109694;0.27110109046357056;0.2350621228896903;0.1719098305154012;0.24803401721055315;0.35022278160257714;0.37553084103727086;0.5909012514308081;0.291978813077504;0.13753174483479577;0.2713971538640321;0.21445003879069746;0.18320216097696534;0.29975242686763137;0.18320216097696534;0.43875546708204977;0.32774621556309214;0.16716487524434148;0.2915254789071959;0.24893795899624424;0.33567315332009934;0.2214754406693717;0.27107255249152784;0.23908855272806706;0.36293066001963414;0.24406590859159283;0.25814604309162853;0.5628907328967142;0.269693126574384;0.17218003061500553
GO:0015031;0.0;0.0;0.0;1.0;0.0;0.0;0.0;0.0;0.0;0.0;0.0;0.0;0.0;0.0;0.0;0.0;0.0;0.0;0.0;0.0;0.0;0.0;0.0;0.0;0.0;0.0;0.0;0.0;0.0;0.45921437440941376;0.0;0.0;0.0;0.0;0.0;0.0;0.0;0.0;0.0;0.0;0.0;0.0;0.0;0.0;0.0;0.0;0.0;0.0;0.0;0.0;0.0;0.0;0.0;0.0;0.0;0.0;0.0;0.0;0.0;0.38369430605020916;0.0;0.0;0.0;0.0;0.0;0.0;0.0;0.0;0.0;0.0;0.0;0.0;0.0;0.0;0.47281804173040465;0.0;0.0;0.0;0.0;0.0;0.0;0.0;0.0;0.0;0.0;0.0;0.0;0.0;0.0;0.0;0.0;0.0;0.0;0.3159996454320279;0.0;0.0;0.0;0.0;0.0;0.0;0.0;0.16472111930688513;0.0;0.0;0.0;0.0;0.0;0.0;0.0;0.0;0.0;0.0;0.4810025306380993;0.0;0.0;0.4300972077447262;0.0;0.0;0.0;0.0;0.420815930558855;0.0;0.0;0.0;0.0;0.0;0.0;0.0;0.0;0.0;0.0;0.0;0.0;0.0;0.0;0.0;0.0;0.0;0.0;0.0;0.0;0.0;0.0;0.0;0.0;0.0;0.0;0.0;0.0;0.0;0.0;0.0;0.0;0.0;0.0;0.0;0.0;0.0;0.0;0.0;0.0;0.0;0.0;0.0;0.0;0.0;0.0;0.0;0.0;0.0;0.0
GO:0044313;0.0;0.0;0.17218003061500553;0.0;1.0;0.0;0.12184459470585231;0.4319248064861289;0.0;0.0;0.16816656290752616;0.0;0.0;0.184031446809649;0.20802157026154358;0.20909817320250124;0.17358581027237566;0.4632387967791258;0.0;0.0;0.19448505849289027;0.0;0.14458446964230925;0.0;0.0;0.0;0.0;0.11704760614906237;0.0;0.0;0.16819229388639184;0.20191569461424633;0.0;0.0;0.3259681707954154;0.0;0.0;0.0;0.0;0.5507676153315904;0.0;0.12640799219918772;0.0;0.6700381618185061;0.0;0.2087719231056873;0.3586954096286908;0.1781751559337451;0.0;0.1776441139287109;0.0;0.0;0.0;0.0;0.0;0.183414292409001;0.0;0.3886326750908422;0.0;0.0;0.0;0.8345670852560596;0.3748930590266504;0.4224690794320951;0.0;0.0;0.48674576632294847;0.42176075367121085;0.4632161747340272;0.0;0.0;0.0;0.0;0.0;0.0;0.0;0.1084292948085681;0.9538982503866794;0.0;0.0;0.3793948869766353;0.0;0.17820689943646267;0.19491113472332688;0.7680654357996083;0.395900274603766;0.3793948869766353;0.0;0.806375872351612;0.0;0.0;0.0;0.0;0.151069859210328;0.37385874824937015;0.16797838662509687;0.3411551679547482;0.12673139096204944;0.19490550842903168;0.0;0.0;0.08683903086570036;0.16343558540611658;0.0;0.0;0.0;0.49944467509855556;0.0;0.17733002016633143;0.0;0.0;0.0;0.0;0.0;0.0;0.0;0.0;0.32104109271185055;0.1727129538019892;0.0;0.0;0.0;0.2016516032295558;0.0;0.0;0.2012456485246162;0.0;0.0;0.7342532914447119;0.7342532392154698;0.0;0.0;0.0;0.19406494121949347;0.0;0.0;0.8473673997024113;0.0;0.0;0.0;0.0;0.20180235071555508;0.35365551275659424;0.14480627742428787;0.7680648618026341;0.19484075137931298;0.0;0.17820004882840407;0.19491113472332688;0.0;0.4034192582232075;0.0;0.17349718477560114;0.0;0.0;0.0;0.0;0.0;0.6135334753665606;0.0;0.195398114533514;0.0;0.17806696439236588;0.20877956654975047;0.18927771194558154;0.0;0.0;0.11034294725046548;0.18882123376288637;0.0;0.9538982503866794
GO:0051091;0.25540785077198785;0.20471065163051658;0.26112947332241326;0.0;0.0;1.0;0.0;0.0;0.6588810698412509;0.7039381842255182;0.0;0.30054215577389126;0.3368238427119538;0.0;0.30886342246615606;0.0;0.0;0.0;0.24034231369879228;0.4288308310338125;0.0;0.23328417995334688;0.0;0.6545052557337437;0.3095051101974878;0.2622360485536129;0.2802090648237793;0.22022937324847652;0.2034815381779085;0.0;0.0;0.0;0.29223596219253595;0.19055192962786444;0.21332990673065025;0.3250376987153363;0.20486496849620228;0.3606830776453692;0.2799220634569799;0.0;0.25643973955313987;0.23647172393416976;0.6818482943141718;0.1966769799046896;0.47316565904258906;0.0;0.0;0.0;0.24231369616267015;0.0;0.0;0.27365688091003554;0.20246024585295155;0.18875688678900077;0.2930014390010869;0.27631013790252384;0.28395070845324427;0.0;0.38916496344755364;0.0;0.3743373924747995;0.0;0.0;0.0;0.0;0.7175123445987214;0.0;0.0;0.0;0.3365567367366191;0.5168049947400333;0.0;0.0;0.23274457248571548;0.0;0.0;0.17096596120765828;0.0;0.28642933001877713;0.525765268095495;0.0;0.2799220479996492;0.0;0.29163716499651215;0.0;0.0;0.0;0.5848920078667239;0.0;0.283135302362456;0.2333259006594038;0.21038395071979354;0.2501329539692889;0.0;0.0;0.2553992949748388;0.0;0.7682018395568138;0.2916297151759759;0.2560613470224221;0.40041981038820995;0.13878746566231634;0.0;0.39530155700883346;0.3666998976047891;0.27660088030898616;0.0;0.27660388821570897;0.0;0.0;0.0;0.14788365776096934;0.0;0.0;0.21749546782636098;0.0;0.2333285260539131;0.21029765002907116;0.0;0.38892730619805377;0.0;0.23357720313161334;0.0;0.45214493958049107;0.4067149458274978;0.2999934702333682;0.15257730548989387;0.2928465339117157;0.0;0.0;0.2834215057856418;0.3993767388132603;0.3000936900202337;0.1718223990272266;0.0;0.262147152713719;0.0;0.45811240212704873;0.6385250534290378;0.0;0.0;0.0;0.0;0.1320510874668858;0.0;0.0;0.3075489168147729;0.0;0.29163716499651215;0.2683637638401883;0.0;0.2503546542902461;0.0;0.18445646284633138;0.8873854333425214;0.18445646284633138;0.4186068747866724;0.24410185044035076;0.0;0.8687196231415284;0.0;0.23334602648114264;0.0;0.0;0.0;0.0;0.4978456797303908;0.20847917418110842;0.0;0.249192280515569;0.0
GO:0071380;0.0;0.0;0.23837551376626875;0.0;0.12184459470585231;0.0;1.0;0.11947190955393758;0.0;0.0;0.13802441294196988;0.0;0.0;0.14853403497981593;0.1637786065191584;0.16444522198297667;0.1416541084149656;0.1267082560016421;0.0;0.0;0.1552700290214836;0.0;0.5254795677928855;0.0;0.0;0.0;0.0;0.10160389831942554;0.0;0.0;0.41659347048832324;0.1599700075590036;0.0;0.0;0.08576695430797057;0.0;0.0;0.0;0.0;0.14793606584769894;0.0;0.10858350447239958;0.0;0.10836156648458388;0.0;0.1642433679549043;0.10189669325082641;0.3417091783708608;0.0;0.14434508975366106;0.39732296861028504;0.0;0.0;0.0;0.0;0.14813174175057636;0.0;0.10011136980131564;0.0;0.0;0.0;0.12426941984503614;0.0970179715018871;0.11725467761467412;0.3884460823897784;0.0;0.13203557500651017;0.11708797680295792;0.12670308638162117;0.0;0.0;0.0;0.0;0.0;0.0;0.0;0.09504610527897427;0.12184459470585231;0.0;0.0;0.10696015450958696;0.0;0.14471644320459248;0.15554148429831874;0.12170929837651485;0.10173615882137167;0.10696015450958696;0.0;0.1267805726342644;0.0;0.0;0.0;0.0;0.1262934997874257;0.14825511947436884;0.13789762308267545;0.1596564201743046;0.1088220439987157;0.1555379013202024;0.0;0.0;0.07803861508161948;0.3183903859562457;0.0;0.0;0.0;0.1348769517992975;0.0;0.14413764347021416;0.23204499432188458;0.0;0.0;0.0;0.14438267480773367;0.0;0.0;0.0;0.08461301453077694;0.14107230716903896;0.0;0.0;0.0;0.15980419812886337;0.0;0.0;0.15954914417250127;0.0;0.0;0.11716658438031276;0.11716657731406699;0.0;0.0;0.0;0.1550021353054344;0.2987429476050986;0.0;0.13211962449754316;0.0;0.0;0.0;0.0;0.15989885577886578;0.1642585755114066;0.12188599939188419;0.12170922179569622;0.15549665925134706;0.0;0.4367321908112225;0.15554148429831874;0.0;0.10340887486210473;0.0;0.14159508431400258;0.0;0.0;0.0;0.0;0.0;0.11931153581566385;0.0;0.1558514481282877;0.0;0.14462414838729368;0.16424809856550812;0.15193292086232907;0.16390173521918755;0.0;0.09651331916260279;0.358105946011165;0.0;0.12184459470585231
GO:0000460;0.0;0.0;0.1674798622477541;0.0;0.4319248064861289;0.0;0.11947190955393758;1.0;0.0;0.0;0.16368010515133274;0.0;0.0;0.17867204057108688;0.20119969569983537;0.20220667317589167;0.16880964317497082;0.7877632587853599;0.0;0.0;0.1885093796902294;0.0;0.1412556106978264;0.0;0.0;0.0;0.0;0.11485638743722025;0.0;0.0;0.16370448140890484;0.19548222304368848;0.0;0.0;0.5057585459766646;0.0;0.0;0.0;0.0;0.41973250754747904;0.0;0.12385611353374269;0.0;0.37742209842608265;0.0;0.20190155823578596;0.6500908794311461;0.1731467589888002;0.0;0.17264522560718748;0.0;0.0;0.0;0.0;0.0;0.17809025176595197;0.0;0.6011961570685679;0.0;0.0;0.0;0.44193289344807085;0.6498997227200132;0.7199606661771865;0.0;0.0;0.8762908201274697;0.7618731382031811;0.8349522226145238;0.0;0.0;0.0;0.0;0.0;0.0;0.0;0.10654628328658354;0.4319248064861289;0.0;0.0;0.6480114370979758;0.0;0.17317673591520807;0.18890964828722612;0.43136827588976795;0.6122280056691719;0.6480114370979758;0.0;0.45236515183294757;0.0;0.0;0.0;0.0;0.14743941748141767;0.36299573107560884;0.1635018301925858;0.3303112522144378;0.12416657074673253;0.18890436313123113;0.0;0.0;0.08562705488074727;0.15919482621759495;0.0;0.0;0.0;0.7969051973051113;0.0;0.1723485455038898;0.0;0.0;0.0;0.0;0.0;0.0;0.0;0.0;0.4982305352650597;0.16798404449818533;0.0;0.0;0.0;0.19523468228573398;0.0;0.0;0.19485412855534223;0.0;0.0;0.41279669031879224;0.41279666160237094;0.0;0.0;0.0;0.1881146563482481;0.0;0.0;0.4747781888645541;0.0;0.0;0.0;0.0;0.19537598494284694;0.34201592570399564;0.14146731494036857;0.43136796093690816;0.18884353181011237;0.0;0.17317026657986895;0.18890964828722612;0.0;0.6236334533877523;0.0;0.1687258264195232;0.0;0.0;0.0;0.0;0.0;0.421538090368971;0.0;0.18936706552422267;0.0;0.1730445862138038;0.20190870688071633;0.18361308714274768;0.0;0.0;0.10839348072664723;0.1831834916833863;0.0;0.4319248064861289
GO:0045892;0.24040977035050148;0.16917385456659192;0.2059455170938568;0.0;0.0;0.6588810698412509;0.0;0.0;1.0;0.5690051754656396;0.0;0.1838315559621527;0.26413861561748536;0.0;0.23453190389329298;0.0;0.0;0.0;0.18372503380124816;0.29376508004998564;0.0;0.2619236528035837;0.0;0.5182867446106941;0.23490171295203838;0.16536906122382136;0.18841005353278265;0.15447293071968674;0.16137790971943117;0.0;0.0;0.0;0.2248187506642741;0.1365738914346513;0.28654605149691964;0.21073546408064603;0.11990341825372988;0.22976267179755847;0.18825435464382465;0.0;0.28250589039448964;0.1639489793886446;0.5537590352754593;0.1636496662064977;0.38005082314958866;0.0;0.0;0.0;0.16730395202193282;0.0;0.0;0.1848400436577621;0.1438490715758124;0.15692383281218958;0.1952878656539733;0.21527334834941242;0.2198829981179353;0.0;0.2720630566267614;0.0;0.18768937715174938;0.0;0.0;0.0;0.0;0.573764867978589;0.0;0.0;0.0;0.2639577793608641;0.394734614941358;0.0;0.0;0.18787489817212558;0.0;0.0;0.14544919816976606;0.0;0.19176947538060368;0.4077988355338933;0.0;0.18825434625652693;0.0;0.22446419629691636;0.0;0.0;0.0;0.4582333242941869;0.0;0.21939372334845372;0.2619614466596266;0.16568914206932334;0.15929559015223366;0.0;0.0;0.28159770139221796;0.0;0.6387108308505953;0.22445978306463865;0.16228545272373426;0.5246632473621017;0.16905217570213096;0.0;0.22849829484186904;0.2475486777421075;0.17242500195567653;0.0;0.17242646245887866;0.0;0.0;0.0;0.10942623142469557;0.0;0.0;0.15187765426573296;0.0;0.2619638248585727;0.2830199656109158;0.0;0.2719302231272674;0.0;0.2621890407422036;0.0;0.3061304220577927;0.31288809578206495;0.2293819403927906;0.15945500796698053;0.19520530094252858;0.0;0.0;0.21956552856922104;0.2886236416479346;0.19904940298085635;0.1323636283128393;0.0;0.20657799643690067;0.0;0.34121097823343377;0.9735606020461115;0.0;0.0;0.0;0.0;0.10743666685127543;0.0;0.0;0.20296449985432216;0.0;0.22446419629691636;0.18193228178493615;0.0;0.15940792104777488;0.0;0.1328004405843368;0.7190010501133614;0.1328004405843368;0.3198789545062113;0.27163648543670893;0.0;0.7066978465141127;0.0;0.17960849519415853;0.0;0.0;0.0;0.0;0.3826623137628167;0.14747838029967095;0.0;0.15881851794813784;0.0
GO:0045893;0.19685052501259453;0.1719084971702284;0.21001245347331812;0.0;0.0;0.7039381842255182;0.0;0.0;0.5690051754656396;1.0;0.0;0.2347734892298209;0.42316682608558476;0.0;0.23982072189214945;0.0;0.0;0.0;0.18777853303232425;0.4659229067416093;0.0;0.19161780370465165;0.0;0.5283635111917382;0.24020741153649108;0.2107276067676568;0.2669104960481108;0.1880522884964328;0.16449692635037216;0.0;0.0;0.0;0.22967403213675905;0.19252165126119794;0.1866551411918613;0.2149957374223998;0.12223356100590152;0.3267861487913735;0.2666859508866279;0.0;0.20696837386979938;0.1997688683008077;0.9728419195819074;0.166207281122882;0.3870301879046922;0.0;0.0;0.0;0.23653271046674224;0.0;0.0;0.26176359658116793;0.20291774309488736;0.12746740142577165;0.2768361927014235;0.21972101102592947;0.22452522953178972;0.0;0.43104047436838017;0.0;0.265871210257283;0.0;0.0;0.0;0.0;0.5844953014678479;0.0;0.0;0.0;0.42287344038715124;0.6609661014956693;0.0;0.0;0.1912535880988007;0.0;0.0;0.1474660470451519;0.0;0.2717570035421555;0.6618935228940368;0.0;0.2666859387908508;0.0;0.22930401079163146;0.0;0.0;0.0;0.4675105056741712;0.0;0.2240151012317533;0.1916459511456081;0.16897873315520964;0.20284064840394242;0.0;0.0;0.20629011367090475;0.0;0.6487314513539579;0.22929940519659242;0.20672182471422712;0.33695765007182266;0.12288988724203737;0.0;0.3609367912519138;0.335112740477834;0.21990481899585984;0.0;0.21990672018696433;0.0;0.0;0.0;0.1538550421414238;0.0;0.0;0.15407806977400726;0.0;0.1916477223435332;0.18432964863836604;0.0;0.4308260819491484;0.0;0.1918154577434385;0.0;0.4859491274450301;0.31964535838709385;0.23443853584467453;0.1295547424358458;0.2767169620951859;0.0;0.0;0.2241942235556856;0.4364900927392845;0.28227017985154085;0.13520897161100714;0.0;0.2106701992931927;0.0;0.3468261652812061;0.5537595493375639;0.0;0.0;0.0;0.0;0.10930368189460618;0.0;0.0;0.28793016402324784;0.0;0.22930401079163146;0.2575740609826756;0.0;0.20298641623991695;0.0;0.1871351357594171;0.731724428990507;0.1871351357594171;0.3269449549874611;0.19885637341721626;0.0;0.7189857972083163;0.0;0.18348047011384389;0.0;0.0;0.0;0.0;0.6404386594607745;0.20810934762910374;0.0;0.2022216123406803;0.0
GO:0007409;0.0;0.0;0.20636453672315427;0.0;0.16816656290752616;0.0;0.13802441294196988;0.16368010515133274;0.0;0.0;1.0;0.0;0.0;0.37929913469328563;0.260070368353209;0.2617553039919135;0.3534538353177602;0.17757399644884678;0.0;0.0;0.730579860773812;0.0;0.1679460927296005;0.0;0.0;0.0;0.0;0.13190086083974858;0.0;0.0;0.20066238663770292;0.4250463982624897;0.0;0.0;0.10639642659496852;0.0;0.0;0.0;0.0;0.0;0.0;0.14390949971342806;0.0;0.14351992194247915;0.0;0.44248042622033174;0.13239472944459982;0.21503646165272922;0.0;0.7231391969006965;0.0;0.0;0.0;0.0;0.0;0.22271431160184899;0.0;0.12939648801692336;0.0;0.0;0.0;0.1728207674385912;0.12427488278884342;0.15954678452652757;0.0;0.0;0.1882166581154515;0.15923830181530874;0.17756384330776914;0.0;0.0;0.3370681251371628;0.2734987928033794;0.0;0.0;0.32356442421844434;0.12105776511421887;0.16816656290752616;0.0;0.0;0.14107186716132786;0.0;0.21508269983684597;0.2398965984892478;0.16790894889717753;0.13212384462917118;0.14107186716132786;0.0;0.1777160612936674;0.0;0.0;0.0;0.0;0.17676047031781666;0.2229933210475682;0.20035799082826508;0.24982764533291257;0.14432879702186852;0.23988807545109983;0.0;0.0;0.09475548677186343;0.19392856548319365;0.0;0.0;0.0;0.1940438326681067;0.0;0.21380667313944868;0.0;0.32355680987808266;0.0;0.0;0.0;0.0;0.0;0.0;0.10462634180269843;0.35082577121861186;0.0;0.0;0.0;0.2501896756647376;0.0;0.0;0.24956507478188045;0.0;0.0;0.15938372707770077;0.15938371400187437;0.0;0.0;0.0;0.40472609931228226;0.0;0.0;0.18838749707988445;0.0;0.0;0.33699254196836226;0.2413093283686269;0.5069749295205178;0.2612827225576376;0.16824544389989957;0.1679088031433162;0.4067173266010651;0.0;0.21507272082365073;0.2398965984892478;0.0;0.1349589684119439;0.0;0.35323721980565853;0.0;0.0;0.0;0.0;0.0;0.16337923592633782;0.0;0.4075732256290502;0.0;0.4350189364723274;0.44250069789843194;0.3925193966211925;0.0;0.0;0.2093851357779069;0.2307372506443482;0.0;0.16816656290752616
GO:0010811;0.5046926711359894;0.23980993522134883;0.35073130012661985;0.0;0.0;0.30054215577389126;0.0;0.0;0.1838315559621527;0.2347734892298209;0.0;1.0;0.20289307274601426;0.0;0.47356019317181497;0.0;0.0;0.0;0.4490689357502502;0.4623987732253418;0.0;0.29219741607865424;0.0;0.3396074722453098;0.4754486805999191;0.44137420725550247;0.36580055741673106;0.25642446883983067;0.33550875211265097;0.0;0.0;0.0;0.42701354131358826;0.2931396112975475;0.16087645129965628;0.36855782663507597;0.2507390176501313;0.5622795468306491;0.3652141110205093;0.0;0.340287155417241;0.2836383576146101;0.22484244694896421;0.2262804831327071;0.3030883136508911;0.0;0.0;0.0;0.2938322121339516;0.0;0.0;0.3525793676299122;0.22842062572234517;0.21067932229137143;0.3926490488790254;0.38635553682321255;0.40541537455418697;0.0;0.3934458856838936;0.0;0.36309373576185416;0.0;0.0;0.0;0.0;0.314079494643097;0.0;0.0;0.0;0.20268170363541843;0.2935658519350307;0.0;0.0;0.2911409911082984;0.0;0.0;0.1860558297212734;0.0;0.37868002005325213;0.2708281040220203;0.0;0.36521407945396234;0.0;0.42541873728807683;0.0;0.0;0.0;0.36970492926386733;0.0;0.4033430508451756;0.29227921047223787;0.35469650222048593;0.4081354772940898;0.0;0.0;0.3380040434404745;0.0;0.22776782589788044;0.4253989297724829;0.42415888826220366;0.23528761851555766;0.14145731772015566;0.0;0.2843374167993757;0.44244011235713104;0.48365010412407305;0.0;0.4836593006405839;0.0;0.0;0.0;0.15232908889704905;0.0;0.0;0.19955653766805062;0.0;0.2922843581708751;0.1578915318121535;0.0;0.39305944713564567;0.0;0.29277224463634455;0.0;0.507274880473388;0.4270132555351996;0.4481732754888126;0.21644309172845752;0.39231541701159117;0.0;0.0;0.4040693647096207;0.34135534418693414;0.4081572454683667;0.31219655656747425;0.0;0.35303138367690085;0.0;0.2474623468924571;0.17621663796802617;0.0;0.0;0.0;0.0;0.20177668396085538;0.0;0.0;0.4249663107278121;0.0;0.42541873728807683;0.34214840421680326;0.0;0.4087260541322278;0.0;0.20176531678505905;0.28240434547355037;0.20176531678505905;0.4503732210139196;0.3139741897735093;0.0;0.2733241593454534;0.0;0.4252462620989206;0.0;0.0;0.0;0.0;0.27815976572473344;0.23770966161165066;0.0;0.40563700060422125;0.0
GO:1904294;0.16902512669538175;0.1849578872752364;0.1841314696920325;0.0;0.0;0.3368238427119538;0.0;0.0;0.26413861561748536;0.42316682608558476;0.0;0.20289307274601426;1.0;0.0;0.20665165158568932;0.0;0.0;0.0;0.16229271844882753;0.33487390827534236;0.0;0.20375291986473712;0.0;0.359942043913117;0.20693870984709828;0.1846809888918802;0.23654448823092927;0.2535558872852006;0.1446042834055842;0.0;0.0;0.0;0.1990732507929434;0.17620582564558795;0.1473041037411359;0.22548438305052182;0.10738055569863887;0.2824008759567342;0.3028875882994197;0.0;0.181787249473732;0.23840920307040409;0.41268693028725995;0.1495693140833862;0.40782770509359295;0.0;0.0;0.0;0.21237260045233725;0.0;0.0;0.23249319331204357;0.18487481607724168;0.11518844162811293;0.24430734983433441;0.1915523171009896;0.30980551778919774;0.0;0.3803463930373847;0.0;0.3020671605823558;0.0;0.0;0.0;0.0;0.34784090138138085;0.0;0.0;0.0;0.5298783473926392;0.5950495320878093;0.0;0.0;0.16955072835241972;0.0;0.0;0.13421914793746648;0.0;0.2403431184221304;0.5701751756066166;0.0;0.3028875761234414;0.0;0.19879520134518597;0.0;0.0;0.0;0.37293712773946236;0.0;0.19480780466614356;0.20377944733737544;0.14805628754125755;0.17859508869300833;0.0;0.0;0.18126378358096712;0.0;0.29743078707139103;0.1987917397569937;0.21786148813067968;0.3604554283192071;0.11355060877101175;0.0;0.3246982277025363;0.36520094927224617;0.1916920019832365;0.0;0.3043298870412709;0.0;0.0;0.0;0.18356960989428422;0.0;0.0;0.16756731074095227;0.0;0.20378111656800615;0.14561834279708077;0.0;0.514689661653042;0.0;0.16999216760411065;0.0;0.34738605407525636;0.3540875185713821;0.20264286263956133;0.14605767258252889;0.31294211656028015;0.0;0.0;0.194943249534045;0.38843059154110515;0.24852961415677857;0.11726666375191014;0.0;0.18463689437605044;0.0;0.3699052413457759;0.25767731567495616;0.0;0.0;0.0;0.0;0.09727213508809747;0.0;0.0;0.25290686890512626;0.0;0.19879520134518597;0.22918229518905445;0.0;0.17870808218908377;0.0;0.24417657553365502;0.3312249591415151;0.24417657553365502;0.2825246031937207;0.21054583401495747;0.0;0.3260936949881245;0.0;0.15907216719330403;0.0;0.0;0.0;0.0;0.5784032009064369;0.18917443729809283;0.0;0.1781150199312677;0.0
GO:0070207;0.0;0.0;0.2307783325305627;0.0;0.184031446809649;0.0;0.14853403497981593;0.17867204057108688;0.0;0.0;0.37929913469328563;0.0;0.0;1.0;0.3000766603593082;0.3023220879201223;0.6240846211612281;0.19535738025585747;0.0;0.0;0.46253254444919034;0.0;0.18376744863351827;0.0;0.0;0.0;0.0;0.14146632175641083;0.0;0.0;0.2236704340624755;0.8616122290655508;0.0;0.0;0.1125342886262484;0.0;0.0;0.0;0.0;0.0;0.0;0.15537166005260342;0.0;0.15491765025770873;0.0;0.30164055329345013;0.14203457277592593;0.24167766459353207;0.0;0.4082636736510399;0.0;0.0;0.0;0.0;0.0;0.2514188950591006;0.0;0.13858950455435223;0.0;0.0;0.0;0.18961982341149622;0.13273079088908532;0.1737582441400219;0.0;0.0;0.2083162078796567;0.1733924213425542;0.19534509175677106;0.0;0.0;0.0;0.0;0.0;0.0;0.0;0.12906743350558808;0.184031446809649;0.0;0.0;0.15206918679829004;0.0;0.24173607109060213;0.27353560533861954;0.18372297782497266;0.14172285130802068;0.15206918679829004;0.0;0.19552933823239155;0.0;0.0;0.0;0.0;0.194373203271417;0.25177451705096393;0.22329229777906218;0.2865224287321382;0.15586052348857982;0.2735245245206925;0.0;0.0;0.09959318996904647;0.21533594593282177;0.0;0.0;0.0;0.21547807525271945;0.0;0.24012537891803934;0.0;0.0;0.0;0.0;0.0;0.0;0.0;0.0;0.11055598424293567;0.23173673259518665;0.0;0.0;0.0;0.28699872114663355;0.0;0.0;0.2861771138974384;0.0;0.0;0.17356486223413092;0.1735648467279516;0.0;0.0;0.0;0.461132815631442;0.0;0.0;0.20852550296707276;0.0;0.0;0.0;0.0;0.4873080296129294;0.3016918508705186;0.1841259173434841;0.18372280332341842;0.4637195293437481;0.0;0.24172346567816863;0.27353560533861954;0.0;0.14498998540394925;0.0;0.6236564352742449;0.0;0.0;0.0;0.0;0.0;0.17831359265575014;0.0;0.27449567624829196;0.0;0.4095815422737268;0.30165650956573126;0.44535284140421294;0.0;0.0;0.2235309200781713;0.2616908745926284;0.0;0.184031446809649
GO:0035556;0.5349332415663253;0.30792032424822546;0.642450547182496;0.0;0.20802157026154358;0.30886342246615606;0.1637786065191584;0.20119969569983537;0.23453190389329298;0.23982072189214945;0.260070368353209;0.47356019317181497;0.20665165158568932;0.3000766603593082;1.0;0.3729853584628061;0.27326380992503674;0.2226098790044217;0.47285395078387205;0.3860614977961654;0.32890290065439454;0.3774628995377901;0.20768431993459768;0.4411294561181891;0.6275044796502891;0.367784728550299;0.37820239980103226;0.3696344677459326;0.34860982525340417;0.0;0.2601319136790224;0.350730764745546;0.5603678590023838;0.21465869167278304;0.20796631675985192;0.48035348335226097;0.2606445695543509;0.5921253669683854;0.3775755484708623;0.0;0.4420473082112876;0.40988660070025457;0.22946750361879942;0.46424917082090106;0.3920262639402609;0.3719485394310794;0.15591188514230284;0.28481244010893075;0.3017811495497821;0.2834579417318562;0.0;0.3640868263093933;0.2331956246564916;0.2157712098374197;0.40697385060517155;0.7106568065359875;0.5306763578379833;0.1517705521540773;0.4078299524864977;0.0;0.3753096522342828;0.21519027850157846;0.14477255130513306;0.1949902150004678;0.0;0.40676106561538544;0.23959358438202205;0.19452964690256433;0.22259392299616704;0.20643238297698344;0.30150018981264926;0.0;0.0;0.37605219682179303;0.0;0.0;0.37996560964674453;0.20802157026154358;0.3919864328332023;0.27756684689836947;0.16808717109795196;0.37757551473128;0.28489355951670703;0.7861043096265699;0.20762752212419153;0.15553635577636976;0.16808717109795196;0.48191312658851804;0.22283318731130303;0.5278353971560366;0.3775721385141089;0.3693716984296178;0.3390360110739611;0.22133286011988879;0.29894046267394053;0.5336109719262367;0.34922687792239915;0.4113158725294566;0.7860658772866084;0.3528726865623277;0.3019564084360626;0.2183246646425065;0.24892672977031383;0.291774434479184;0.36870959933954345;0.40460857943030976;0.24911667937665646;0.4046166216727803;0.2826590686659188;0.0;0.0;0.15443798180612922;0.0;0.0;0.2550524916187721;0.0;0.3775790134962014;0.204038215478014;0.2711069276702833;0.40741475657468956;0.0;0.37823064492775377;0.3499347092210776;0.4253139800860521;0.5603674651380287;0.8303733106208108;0.22182095420799056;0.4066154423741627;0.19474671914304348;0.19474669962117053;0.5288309478384625;0.35213061146964414;0.4236582833236616;0.44716930327733573;0.0;0.4592842058014127;0.23987048810805878;0.3180262840508614;0.22462118693014754;0.0;0.0;0.35038892222803325;0.3720265404589634;0.28402179234462527;0.20762729925905488;0.3299214625251959;0.4417967150555546;0.28487605156415396;0.7861043096265699;0.35297459128797287;0.15948027459181627;0.33954525876722275;0.2730442428722897;0.2054818458747654;0.36439888600060993;0.2054818458747654;0.5926512596451967;0.4066197152611862;0.20074527546289245;0.3523122805064314;0.3315227229139232;0.44651490912666003;0.2845360903310373;0.3719728012329176;0.31428058940186754;0.0;0.28527309126427197;0.29525440080644433;0.31302408207160953;0.33688222212448937;0.20802157026154358
GO:0086003;0.0;0.0;0.2716098907157961;0.0;0.20909817320250124;0.0;0.16444522198297667;0.20220667317589167;0.0;0.0;0.2617553039919135;0.0;0.0;0.3023220879201223;0.3729853584628061;1.0;0.27512464794936803;0.22384322617837915;0.0;0.0;0.3316023943292981;0.0;0.2087574258643429;0.0;0.0;0.0;0.0;0.1558261317370453;0.0;0.0;0.26181764947244746;0.3538021285115064;0.0;0.0;0.12143631311902602;0.0;0.0;0.0;0.0;0.0;0.0;0.17286775556618597;0.0;0.17230592324988458;0.0;0.3754045843814713;0.1565158818733187;0.286834468486038;0.0;0.28546071567505227;0.0;0.0;0.0;0.0;0.0;0.30066015165217436;0.0;0.15234282940778388;0.0;0.0;0.0;0.21634256793902337;0.14529318037191902;0.19593585030308133;0.0;0.0;0.24102290763464454;0.19547080950710197;0.22382709288149538;0.0;0.0;0.0;0.0;0.0;0.0;0.0;0.14091500256066047;0.20909817320250124;0.0;0.0;0.1687893967369641;0.0;0.2869167439647151;0.33284296484373915;0.20870003966949713;0.15613744082971712;0.1687893967369641;0.0;0.22406901702831244;0.0;0.0;0.0;0.0;0.2980369041670841;0.3011688553043407;0.26129968040363666;0.3522718446244919;0.17347313244994922;0.3328265582268206;0.0;0.0;0.10650267194336686;0.2504699364418083;0.0;0.0;0.0;0.2506622494211636;0.0;0.2846505299755814;0.0;0.0;0.0;0.0;0.0;0.0;0.0;0.0;0.11913584088506812;0.27293840784576034;0.0;0.0;0.0;0.4727193675807375;0.0;0.0;0.35175000895275504;0.0;0.0;0.19568998846590882;0.1956899687544668;0.0;0.0;0.0;0.3303829205771554;0.0;0.0;0.24130312694972855;0.0;0.0;0.0;0.0;0.35345427569046495;0.3754840418272893;0.20922014042481743;0.2086998144959575;0.33263777096778496;0.0;0.2868989864699241;0.33284296484373915;0.0;0.16011229135940103;0.0;0.2749020815717073;0.0;0.0;0.0;0.0;0.0;0.2017476981198572;0.0;0.3342655719298108;0.0;0.2865541828147778;0.3754292991611262;0.31674449227356705;0.0;0.0;0.14416427966290715;0.31546824613790814;0.0;0.20909817320250124
GO:0034063;0.0;0.0;0.21458545742972546;0.0;0.17358581027237566;0.0;0.1416541084149656;0.16880964317497082;0.0;0.0;0.3534538353177602;0.0;0.0;0.6240846211612281;0.27326380992503674;0.27512464794936803;1.0;0.1836274336272919;0.0;0.0;0.4246659096250062;0.0;0.1733509115519815;0.0;0.0;0.0;0.0;0.13521176975575355;0.0;0.0;0.20842672557254366;0.7030280786709227;0.0;0.0;0.10854032029018601;0.0;0.0;0.0;0.0;0.0;0.0;0.14785974928901566;0.0;0.14744852107667103;0.0;0.2745601072531113;0.13573079200221008;0.22397779263952242;0.0;0.4517419501722339;0.0;0.0;0.0;0.0;0.0;0.23231980012054387;0.0;0.13258134560796078;0.0;0.0;0.0;0.17854924278395234;0.12720975284490346;0.16441667303044202;0.0;0.0;0.1950313722186002;0.16408909045004763;0.18361657647410495;0.0;0.0;0.0;0.0;0.0;0.0;0.0;0.12384094984136632;0.17358581027237566;0.0;0.0;0.14486581570952886;0.0;0.22402795643203957;0.2510785824332092;0.17331133881661853;0.13544609844104707;0.14486581570952886;0.0;0.18377935359419226;0.0;0.0;0.0;0.0;0.18275763227724479;0.23262341186819924;0.20809833699441;0.2619780430710656;0.14830241696840094;0.2510692463466661;0.0;0.0;0.09645217282069897;0.20117113300928885;0.0;0.0;0.0;0.20129517338738168;0.0;0.2226439245588481;0.0;0.0;0.0;0.0;0.0;0.0;0.0;0.0;0.10669879952659032;0.21541383973263795;0.0;0.0;0.0;0.26237617257773566;0.0;0.0;0.2616893258992461;0.0;0.0;0.16424351497672582;0.1642435010913496;0.0;0.0;0.0;0.4234856930188568;0.0;0.0;0.1952148122177988;0.0;0.0;0.0;0.0;0.5316932126572461;0.27460260693077404;0.17366985840652877;0.17331118353275596;0.5080682164138972;0.0;0.22401713012761673;0.2510785824332092;0.0;0.13842720164795935;0.0;0.6491598384761572;0.0;0.0;0.0;0.0;0.0;0.16848963913345594;0.0;0.25188724956147446;0.0;0.3796077006972749;0.2745733270502329;0.4895360920611737;0.0;0.0;0.2142962946547462;0.24106329306047106;0.0;0.17358581027237566
GO:0090503;0.0;0.0;0.18205504269666076;0.0;0.4632387967791258;0.0;0.1267082560016421;0.7877632587853599;0.0;0.0;0.17757399644884678;0.0;0.0;0.19535738025585747;0.2226098790044217;0.22384322617837915;0.1836274336272919;1.0;0.0;0.0;0.20717861464850348;0.0;0.15148434993139576;0.0;0.0;0.0;0.0;0.12152880167441764;0.0;0.0;0.17760268703807383;0.21563194214160042;0.0;0.0;0.5298245862782364;0.0;0.0;0.0;0.0;0.4587220682316357;0.0;0.13165062701425154;0.0;0.40111519238210774;0.0;0.2234693822738662;0.6490733264299762;0.1887709743511171;0.0;0.188174999346324;0.0;0.0;0.0;0.0;0.0;0.19466206818186432;0.0;0.6355098770287249;0.0;0.0;0.0;0.47477000443428635;0.6122280815966964;0.8619327293766886;0.0;0.0;0.8930329836388865;0.768382544697342;0.8476972422721156;0.0;0.0;0.0;0.0;0.0;0.0;0.0;0.11226406679337202;0.4632387967791258;0.0;0.0;0.6880552365375404;0.0;0.18880660597276244;0.2076621929168377;0.46259870531843317;0.6478498895076947;0.6880552365375404;0.0;0.48683131911727046;0.0;0.0;0.0;0.0;0.15861877458699888;0.39681052067561606;0.17736419081707544;0.36426883683611644;0.1320014445026492;0.2076558064127127;0.0;0.0;0.08928149713236294;0.1723071897393257;0.0;0.0;0.0;0.9175970524064901;0.0;0.18782259926834835;0.0;0.0;0.0;0.0;0.0;0.0;0.0;0.0;0.5215689510553625;0.1826509539428331;0.0;0.0;0.0;0.21533077909395962;0.0;0.0;0.21486794308548662;0.0;0.0;0.4413070300760567;0.4413069972559799;0.0;0.0;0.0;0.20670193492573463;0.0;0.0;0.5128881745465261;0.0;0.0;0.0;0.0;0.2155026811089974;0.3785558548462109;0.15172785096991284;0.46259834311050346;0.2075823013001613;0.0;0.1887989162006339;0.2076621929168377;0.0;0.6606350367490502;0.0;0.18352826083459778;0.0;0.0;0.0;0.0;0.0;0.4513122333706903;0.0;0.20821506354623068;0.0;0.1886495365861221;0.22347813981295628;0.2012796531495064;0.0;0.0;0.11431675270136261;0.20076352872366415;0.0;0.4632387967791258
